Postcode,Total,Males,Females,Occupied_Households
GL1 1AE,9,5,4,3
GL1 1DG,1,1,0,1
GL1 1DX,5,1,4,5
GL1 1EN,17,8,9,6
GL1 1EQ,1,0,1,1
GL1 1EW,1,0,1,1
GL1 1HG,2,1,1,1
GL1 1HH,34,12,22,15
GL1 1HP,10,7,3,7
GL1 1HX,124,75,49,42
GL1 1HY,67,38,29,30
GL1 1JB,6,0,6,1
GL1 1JE,23,11,12,10
GL1 1JJ,5,2,3,2
GL1 1JS,24,16,8,9
GL1 1LB,24,17,7,14
GL1 1LD,6,3,3,3
GL1 1LF,16,11,5,11
GL1 1LG,36,24,12,25
GL1 1LH,43,28,15,23
GL1 1LN,21,14,7,15
GL1 1LQ,10,6,4,7
GL1 1LR,57,35,22,8
GL1 1LS,12,10,2,9
GL1 1LT,34,17,17,21
GL1 1NA,20,12,8,17
GL1 1NE,38,17,21,23
GL1 1NL,13,9,4,5
GL1 1NY,9,4,5,3
GL1 1PN,7,4,3,4
GL1 1PY,14,7,7,8
GL1 1QB,4,3,1,2
GL1 1QD,42,24,18,17
GL1 1QE,16,8,8,7
GL1 1QF,64,39,25,40
GL1 1QN,36,20,16,14
GL1 1QT,14,13,1,9
GL1 1QU,2,1,1,1
GL1 1QW,20,9,11,16
GL1 1QX,66,35,31,32
GL1 1QY,80,54,26,40
GL1 1QZ,91,62,29,78
GL1 1RA,31,13,18,15
GL1 1RB,9,7,2,7
GL1 1RD,105,60,45,53
GL1 1RE,111,62,49,60
GL1 1RL,13,8,5,2
GL1 1RP,31,15,16,17
GL1 1RX,2,2,0,1
GL1 1RY,1,1,0,1
GL1 1SF,41,22,19,24
GL1 1SJ,1,1,0,1
GL1 1SQ,3,3,0,1
GL1 1SZ,1,1,0,1
GL1 1TH,2,1,1,1
GL1 1TJ,18,6,12,9
GL1 1TP,2,2,0,2
GL1 1TS,5,2,3,5
GL1 1TT,11,8,3,5
GL1 1TX,10,5,5,7
GL1 1UE,22,11,11,14
GL1 1UF,15,9,6,3
GL1 1UG,76,39,37,46
GL1 1UN,29,17,12,25
GL1 1UR,10,5,5,5
GL1 1US,50,31,19,29
GL1 1UT,22,12,10,15
GL1 1UY,65,33,32,30
GL1 1XA,17,8,9,11
GL1 1XE,10,8,2,6
GL1 1XG,28,14,14,12
GL1 1XQ,43,26,17,29
GL1 1YF,38,22,16,21
GL1 1YG,11,6,5,6
GL1 1YH,15,8,7,9
GL1 1YQ,14,7,7,9
GL1 2AA,14,6,8,4
GL1 2AE,14,5,9,8
GL1 2AF,95,52,43,53
GL1 2AL,7,4,3,5
GL1 2AT,5,4,1,4
GL1 2BB,5,2,3,1
GL1 2BH,31,19,12,13
GL1 2BL,75,42,33,29
GL1 2BN,22,13,9,9
GL1 2BQ,2,1,1,1
GL1 2BS,60,36,24,35
GL1 2BT,89,50,39,26
GL1 2BX,34,16,18,14
GL1 2BY,40,29,11,28
GL1 2DA,18,10,8,9
GL1 2DN,94,56,38,59
GL1 2DP,1,0,1,1
GL1 2DQ,22,14,8,13
GL1 2DR,2,1,1,1
GL1 2DX,16,11,5,5
GL1 2DY,8,5,3,4
GL1 2EA,28,19,9,21
GL1 2ED,59,35,24,40
GL1 2EE,45,24,21,25
GL1 2EG,36,22,14,24
GL1 2EN,58,34,24,38
GL1 2EX,33,16,17,16
GL1 2EZ,83,47,36,53
GL1 2HG,11,3,8,7
GL1 2HH,5,4,1,3
GL1 2HQ,4,1,3,1
GL1 2HX,5,4,1,2
GL1 2JB,19,12,7,19
GL1 2JD,93,53,40,1
GL1 2JF,3,2,1,2
GL1 2JN,160,159,1,0
GL1 2JS,26,17,9,21
GL1 2JX,4,2,2,2
GL1 2LE,56,36,20,39
GL1 2LG,5,3,2,1
GL1 2LR,20,11,9,9
GL1 2LX,20,10,10,9
GL1 2NF,7,6,1,1
GL1 2NG,3,2,1,2
GL1 2NJ,4,2,2,2
GL1 2NW,4,2,2,2
GL1 2NZ,12,8,4,4
GL1 2PA,69,23,46,55
GL1 2PB,56,17,39,45
GL1 2PE,2,1,1,1
GL1 2PG,18,11,7,13
GL1 2PL,6,3,3,3
GL1 2PN,10,7,3,6
GL1 2PS,17,9,8,6
GL1 2PU,76,48,28,55
GL1 2PW,12,6,6,8
GL1 2PX,75,29,46,29
GL1 2PY,50,18,32,18
GL1 2PZ,25,11,14,18
GL1 2QA,56,27,29,19
GL1 2QB,41,23,18,15
GL1 2QD,58,27,31,25
GL1 2QE,13,5,8,8
GL1 2QF,10,5,5,4
GL1 2QG,87,38,49,32
GL1 2QH,60,25,35,26
GL1 2QJ,64,28,36,26
GL1 2QL,23,12,11,12
GL1 2QN,50,18,32,17
GL1 2QP,51,31,20,16
GL1 2QQ,75,39,36,28
GL1 2QR,12,7,5,7
GL1 2QS,7,2,5,3
GL1 2QT,54,29,25,38
GL1 2QW,41,13,28,19
GL1 2QX,15,9,6,10
GL1 2QY,59,27,32,48
GL1 2QZ,23,10,13,17
GL1 2RB,30,17,13,14
GL1 2RE,37,19,18,16
GL1 2RF,32,18,14,15
GL1 2RG,6,2,4,4
GL1 2RL,34,18,16,25
GL1 2RX,19,11,8,5
GL1 2RY,51,27,24,23
GL1 2RZ,34,22,12,20
GL1 2SA,41,14,27,17
GL1 2SB,3,2,1,1
GL1 2SE,79,36,43,26
GL1 2SG,14,6,8,7
GL1 2SZ,23,11,12,15
GL1 2TA,33,17,16,29
GL1 2TB,25,16,9,19
GL1 2TU,25,18,7,21
GL1 2UF,89,34,55,68
GL1 2UG,79,28,51,60
GL1 2UJ,12,5,7,9
GL1 2UN,30,13,17,29
GL1 3AA,9,6,3,7
GL1 3AG,31,15,16,17
GL1 3AH,2,1,1,1
GL1 3AJ,41,16,25,19
GL1 3AP,26,14,12,15
GL1 3AR,36,19,17,15
GL1 3AS,61,34,27,33
GL1 3AT,6,3,3,2
GL1 3AU,68,39,29,32
GL1 3AW,10,4,6,6
GL1 3AY,10,7,3,7
GL1 3AZ,55,31,24,29
GL1 3BA,27,15,12,16
GL1 3BB,34,23,11,12
GL1 3BD,16,9,7,10
GL1 3BE,9,2,7,3
GL1 3BG,21,9,12,10
GL1 3BH,8,4,4,4
GL1 3BJ,136,70,66,61
GL1 3BL,24,10,14,11
GL1 3BP,24,9,15,11
GL1 3BQ,17,8,9,5
GL1 3BS,96,48,48,38
GL1 3BW,2,1,1,1
GL1 3BY,27,14,13,24
GL1 3BZ,1,1,0,1
GL1 3DA,46,25,21,22
GL1 3DB,56,20,36,33
GL1 3DD,40,17,23,38
GL1 3DE,39,20,19,38
GL1 3DF,40,23,17,35
GL1 3DG,33,20,13,28
GL1 3DH,22,9,13,10
GL1 3DJ,35,15,20,21
GL1 3DL,31,17,14,22
GL1 3DN,19,7,12,10
GL1 3DP,12,6,6,6
GL1 3DQ,34,17,17,22
GL1 3DR,165,81,84,75
GL1 3DS,128,80,48,39
GL1 3DU,40,25,15,19
GL1 3DX,64,31,33,28
GL1 3DY,80,39,41,31
GL1 3DZ,59,27,32,22
GL1 3EB,32,16,16,14
GL1 3ED,97,54,43,40
GL1 3EE,139,67,72,50
GL1 3EF,45,19,26,17
GL1 3EG,22,15,7,14
GL1 3EH,57,25,32,25
GL1 3EL,30,11,19,24
GL1 3EN,16,9,7,5
GL1 3EQ,27,16,11,13
GL1 3ES,25,10,15,23
GL1 3ET,14,4,10,12
GL1 3EW,33,17,16,21
GL1 3HB,7,3,4,2
GL1 3HD,21,15,6,9
GL1 3HF,8,5,3,5
GL1 3HG,14,7,7,4
GL1 3HH,57,37,20,30
GL1 3HN,1,0,1,1
GL1 3HP,21,8,13,17
GL1 3HR,4,2,2,1
GL1 3HS,2,1,1,1
GL1 3HT,75,39,36,36
GL1 3HW,55,14,41,11
GL1 3HX,53,25,28,37
GL1 3HZ,120,59,61,23
GL1 3JB,36,16,20,19
GL1 3JD,70,33,37,30
GL1 3JE,23,12,11,11
GL1 3JF,75,40,35,30
GL1 3JG,27,13,14,12
GL1 3JH,11,5,6,4
GL1 3JJ,21,9,12,11
GL1 3JL,29,12,17,12
GL1 3JP,9,5,4,4
GL1 3JQ,76,38,38,30
GL1 3JR,39,25,14,16
GL1 3JS,123,58,65,49
GL1 3JT,105,53,52,41
GL1 3JU,23,12,11,9
GL1 3JW,44,23,21,19
GL1 3JX,52,27,25,21
GL1 3JY,52,27,25,20
GL1 3LA,14,4,10,11
GL1 3LB,53,26,27,28
GL1 3LE,140,67,73,52
GL1 3LF,147,90,57,70
GL1 3LG,96,41,55,30
GL1 3LH,41,21,20,16
GL1 3LJ,30,17,13,10
GL1 3LL,11,7,4,10
GL1 3LN,11,4,7,5
GL1 3LP,30,17,13,11
GL1 3LQ,28,13,15,11
GL1 3LS,7,2,5,4
GL1 3LT,24,14,10,9
GL1 3LU,62,29,33,22
GL1 3LW,54,25,29,24
GL1 3LX,74,35,39,28
GL1 3LY,12,3,9,11
GL1 3LZ,98,53,45,50
GL1 3NA,63,43,20,16
GL1 3NE,45,45,0,0
GL1 3NF,2,2,0,2
GL1 3NP,30,18,12,18
GL1 3NR,7,6,1,7
GL1 3NT,96,60,36,52
GL1 3NU,7,5,2,4
GL1 3NW,115,58,57,62
GL1 3NY,24,15,9,18
GL1 3NZ,21,20,1,8
GL1 3PA,32,17,15,15
GL1 3PB,12,5,7,7
GL1 3PD,16,12,4,8
GL1 3PE,15,7,8,6
GL1 3PG,22,16,6,14
GL1 3PH,69,14,55,35
GL1 3PJ,26,12,14,12
GL1 3PL,75,37,38,33
GL1 3PN,12,6,6,6
GL1 3PP,149,79,70,77
GL1 3PR,3,1,2,1
GL1 3PS,92,46,46,54
GL1 3PT,54,31,23,0
GL1 3PX,65,29,36,9
GL1 3PZ,81,47,34,30
GL1 3QA,5,2,3,2
GL1 3QD,19,10,9,12
GL1 3QE,37,10,27,29
GL1 3QF,13,8,5,6
GL1 3QH,27,17,10,17
GL1 3QJ,49,22,27,18
GL1 3QL,57,25,32,20
GL1 3QN,158,80,78,67
GL1 3QP,39,18,21,14
GL1 3QS,35,21,14,18
GL1 3QT,50,27,23,21
GL1 3QU,34,17,17,10
GL1 3QW,10,5,5,4
GL1 4AA,19,8,11,9
GL1 4AB,10,5,5,4
GL1 4AE,72,41,31,26
GL1 4AF,35,17,18,10
GL1 4AG,18,8,10,8
GL1 4AN,126,63,63,41
GL1 4AP,2,1,1,1
GL1 4AQ,66,35,31,21
GL1 4AR,21,10,11,9
GL1 4AS,60,35,25,20
GL1 4AT,40,22,18,14
GL1 4AU,47,25,22,23
GL1 4AW,25,14,11,11
GL1 4AX,81,40,41,33
GL1 4AY,20,10,10,8
GL1 4AZ,63,30,33,18
GL1 4BA,7,3,4,4
GL1 4BB,14,7,7,5
GL1 4BD,90,41,49,36
GL1 4BE,30,14,16,14
GL1 4BG,70,34,36,23
GL1 4BH,15,6,9,6
GL1 4BJ,20,11,9,8
GL1 4BL,2,0,2,1
GL1 4BN,10,5,5,6
GL1 4BP,42,21,21,17
GL1 4BQ,43,27,16,34
GL1 4BS,8,5,3,3
GL1 4BT,15,10,5,9
GL1 4BU,68,32,36,26
GL1 4BW,43,23,20,22
GL1 4BX,14,5,9,8
GL1 4BY,93,52,41,34
GL1 4BZ,135,59,76,46
GL1 4DA,76,36,40,29
GL1 4DB,121,61,60,47
GL1 4DD,47,26,21,20
GL1 4DE,115,47,68,46
GL1 4DF,63,36,27,22
GL1 4DH,67,37,30,26
GL1 4DJ,65,33,32,18
GL1 4DL,89,44,45,39
GL1 4DN,39,16,23,26
GL1 4DP,193,102,91,67
GL1 4DQ,73,35,38,26
GL1 4DR,45,22,23,23
GL1 4DS,27,15,12,11
GL1 4DT,108,56,52,31
GL1 4DW,73,31,42,27
GL1 4DZ,18,8,10,12
GL1 4EA,114,56,58,53
GL1 4EB,19,12,7,12
GL1 4ED,42,16,26,17
GL1 4EE,41,20,21,14
GL1 4EF,19,11,8,13
GL1 4EG,108,60,48,31
GL1 4EH,112,59,53,35
GL1 4EJ,50,28,22,18
GL1 4EL,75,36,39,20
GL1 4EN,33,20,13,16
GL1 4EP,96,46,50,57
GL1 4EQ,56,17,39,17
GL1 4ER,144,82,62,40
GL1 4ES,7,3,4,2
GL1 4ET,125,57,68,40
GL1 4EU,4,2,2,1
GL1 4EW,83,43,40,39
GL1 4EX,93,48,45,34
GL1 4EY,160,83,77,50
GL1 4EZ,19,7,12,8
GL1 4HA,27,13,14,8
GL1 4HB,115,51,64,32
GL1 4HD,84,33,51,24
GL1 4HE,11,6,5,4
GL1 4HG,84,43,41,38
GL1 4HH,28,18,10,18
GL1 4HQ,88,47,41,33
GL1 4HR,12,6,6,7
GL1 4HT,33,19,14,17
GL1 4HY,46,25,21,14
GL1 4JE,56,26,30,29
GL1 4JH,53,31,22,24
GL1 4JJ,44,19,25,21
GL1 4JP,3,0,3,2
GL1 4JQ,67,38,29,28
GL1 4JR,11,7,4,6
GL1 4JS,84,38,46,34
GL1 4JT,26,14,12,14
GL1 4JW,120,58,62,40
GL1 4JX,72,33,39,28
GL1 4JZ,10,2,8,4
GL1 4LA,24,9,15,8
GL1 4LD,84,42,42,33
GL1 4LE,16,10,6,12
GL1 4LF,11,6,5,5
GL1 4LG,82,40,42,27
GL1 4LH,25,8,17,7
GL1 4LN,91,43,48,29
GL1 4LP,43,18,25,21
GL1 4LQ,77,43,34,28
GL1 4LW,74,32,42,25
GL1 4LX,13,7,6,4
GL1 4LY,101,63,38,27
GL1 4LZ,95,46,49,34
GL1 4NA,18,10,8,6
GL1 4NB,29,19,10,14
GL1 4ND,22,9,13,7
GL1 4NE,34,16,18,17
GL1 4NG,42,22,20,16
GL1 4NH,17,5,12,10
GL1 4NJ,52,26,26,23
GL1 4NL,47,26,21,19
GL1 4NN,49,30,19,19
GL1 4NP,99,46,53,40
GL1 4NQ,33,19,14,14
GL1 4NR,73,40,33,33
GL1 4NS,42,17,25,19
GL1 4NT,59,29,30,31
GL1 4NU,33,17,16,19
GL1 4NW,64,32,32,23
GL1 4NX,79,38,41,31
GL1 4NZ,15,9,6,5
GL1 4PA,82,41,41,34
GL1 4PB,13,4,9,6
GL1 4PD,38,19,19,15
GL1 4PE,15,7,8,8
GL1 4PF,72,36,36,29
GL1 4PG,48,24,24,18
GL1 4PH,109,53,56,47
GL1 4PL,48,22,26,17
GL1 4PN,121,59,62,40
GL1 4PP,34,16,18,21
GL1 4PQ,93,45,48,35
GL1 4PS,70,30,40,26
GL1 4PX,52,18,34,42
GL1 4PY,20,8,12,8
GL1 4QA,52,23,29,18
GL1 4QB,38,22,16,12
GL1 4QD,40,15,25,24
GL1 4QE,13,6,7,5
GL1 4QH,72,37,35,24
GL1 4QJ,37,14,23,19
GL1 4QL,106,54,52,39
GL1 4QN,25,13,12,9
GL1 4QP,136,64,72,50
GL1 4QQ,51,30,21,18
GL1 4QR,9,2,7,6
GL1 4QS,11,5,6,3
GL1 4QT,20,14,6,11
GL1 4QU,39,22,17,22
GL1 4QW,29,15,14,8
GL1 4QX,102,46,56,49
GL1 4QY,47,31,16,22
GL1 4QZ,69,33,36,31
GL1 4RA,47,23,24,20
GL1 4RB,34,17,17,15
GL1 4RD,26,10,16,14
GL1 4RE,23,11,12,9
GL1 4RF,7,3,4,3
GL1 4RG,20,10,10,9
GL1 4RH,32,12,20,7
GL1 4RJ,127,65,62,37
GL1 4RL,31,14,17,11
GL1 4RN,100,45,55,39
GL1 4RP,32,20,12,17
GL1 4RQ,5,4,1,4
GL1 4RR,35,19,16,11
GL1 4RS,14,8,6,6
GL1 4RT,48,24,24,12
GL1 4RU,169,82,87,55
GL1 4RW,70,33,37,31
GL1 4RX,6,2,4,2
GL1 4RY,28,14,14,10
GL1 4RZ,95,46,49,40
GL1 4SG,111,62,49,44
GL1 4SH,33,16,17,14
GL1 4SJ,94,50,44,25
GL1 4SL,10,6,4,4
GL1 4SN,25,12,13,11
GL1 4SP,120,66,54,46
GL1 4SQ,84,49,35,25
GL1 4SR,13,9,4,7
GL1 4SS,12,5,7,4
GL1 4ST,85,38,47,30
GL1 4SU,29,11,18,13
GL1 4SW,82,43,39,30
GL1 4SX,74,37,37,30
GL1 4SY,24,10,14,12
GL1 4SZ,29,17,12,18
GL1 4TA,21,7,14,10
GL1 4TB,22,10,12,14
GL1 4TD,38,20,18,14
GL1 4TE,30,16,14,11
GL1 4TF,12,6,6,4
GL1 4TG,79,33,46,36
GL1 4TH,61,33,28,22
GL1 4TJ,57,27,30,21
GL1 4TL,39,17,22,15
GL1 4TN,106,56,50,36
GL1 4TP,75,40,35,26
GL1 4TQ,34,16,18,13
GL1 4TR,26,10,16,9
GL1 4TS,27,11,16,9
GL1 4TT,13,8,5,3
GL1 4TU,63,34,29,23
GL1 4TW,77,36,41,32
GL1 4UB,22,13,9,14
GL1 4UD,13,11,2,10
GL1 4UE,20,13,7,8
GL1 4UF,14,9,5,10
GL1 4UG,118,55,63,37
GL1 4UH,29,19,10,20
GL1 4UJ,116,65,51,44
GL1 4UL,34,22,12,20
GL1 4UN,1,0,1,1
GL1 4UP,119,62,57,40
GL1 4UQ,24,13,11,12
GL1 4UR,31,16,15,12
GL1 4US,59,33,26,21
GL1 4UT,146,72,74,47
GL1 4UU,97,50,47,37
GL1 4UW,5,3,2,2
GL1 4UX,100,47,53,37
GL1 4UY,50,29,21,18
GL1 4UZ,22,8,14,10
GL1 4XA,25,11,14,12
GL1 4XB,61,31,30,19
GL1 4XD,37,16,21,13
GL1 4XE,21,9,12,7
GL1 4XF,36,19,17,12
GL1 4XG,128,60,68,40
GL1 4XH,23,8,15,8
GL1 4XQ,46,21,25,13
GL1 4XR,14,6,8,10
GL1 5AA,39,18,21,19
GL1 5AD,26,12,14,10
GL1 5AE,23,10,13,13
GL1 5AF,16,6,10,8
GL1 5AH,77,39,38,33
GL1 5AJ,116,47,69,30
GL1 5AL,93,59,34,33
GL1 5AN,48,28,20,27
GL1 5AP,90,37,53,39
GL1 5AQ,98,54,44,42
GL1 5AR,60,30,30,22
GL1 5AT,104,57,47,60
GL1 5AU,133,83,50,47
GL1 5AW,32,16,16,13
GL1 5AX,187,109,78,69
GL1 5AY,27,16,11,12
GL1 5AZ,97,46,51,46
GL1 5BA,134,67,67,57
GL1 5BG,61,36,25,47
GL1 5BL,97,50,47,30
GL1 5BN,10,5,5,6
GL1 5BP,122,57,65,38
GL1 5BS,46,21,25,17
GL1 5BU,58,31,27,21
GL1 5BW,78,42,36,24
GL1 5BX,7,2,5,2
GL1 5BY,76,41,35,29
GL1 5BZ,19,8,11,11
GL1 5DA,55,31,24,16
GL1 5DB,28,11,17,10
GL1 5DD,27,14,13,10
GL1 5DE,129,62,67,52
GL1 5DF,20,8,12,11
GL1 5DG,94,43,51,28
GL1 5DH,154,80,74,66
GL1 5DJ,19,10,9,6
GL1 5DL,89,45,44,32
GL1 5DQ,124,51,73,56
GL1 5DT,40,21,19,17
GL1 5DU,145,76,69,48
GL1 5DX,9,4,5,5
GL1 5DY,124,62,62,49
GL1 5DZ,62,33,29,27
GL1 5EA,21,11,10,11
GL1 5EB,44,26,18,14
GL1 5ED,38,14,24,15
GL1 5EE,105,52,53,36
GL1 5EF,35,17,18,12
GL1 5EG,27,16,11,15
GL1 5EH,142,67,75,50
GL1 5EJ,118,58,60,46
GL1 5EL,50,24,26,23
GL1 5EN,166,86,80,64
GL1 5EP,44,23,21,18
GL1 5EQ,44,22,22,15
GL1 5ER,120,57,63,45
GL1 5ES,38,20,18,16
GL1 5EU,17,8,9,5
GL1 5EW,31,19,12,11
GL1 5HB,87,42,45,35
GL1 5HD,107,53,54,50
GL1 5HE,59,23,36,18
GL1 5HF,21,11,10,10
GL1 5HG,136,64,72,56
GL1 5HH,42,16,26,15
GL1 5HJ,67,32,35,28
GL1 5HL,121,63,58,42
GL1 5HN,40,22,18,17
GL1 5HP,124,60,64,48
GL1 5HQ,138,72,66,57
GL1 5HR,166,74,92,57
GL1 5HS,28,16,12,14
GL1 5HT,52,26,26,19
GL1 5HW,25,15,10,14
GL1 5JA,43,22,21,16
GL1 5JB,73,35,38,27
GL1 5JD,33,20,13,12
GL1 5JE,54,25,29,18
GL1 5JL,53,15,38,14
GL1 5JN,28,15,13,9
GL1 5JR,13,7,6,5
GL1 5JT,45,22,23,21
GL1 5JU,70,37,33,28
GL1 5JW,12,6,6,3
GL1 5JX,77,34,43,28
GL1 5JY,132,66,66,42
GL1 5JZ,65,33,32,24
GL1 5LA,43,28,15,9
GL1 5LB,41,19,22,16
GL1 5LD,11,4,7,2
GL1 5LF,65,30,35,11
GL1 5LG,18,12,6,4
GL1 5LH,73,35,38,38
GL1 5LJ,18,8,10,5
GL1 5LL,30,17,13,23
GL1 5LN,46,23,23,16
GL1 5LP,19,10,9,7
GL1 5LQ,23,14,9,9
GL1 5LR,16,9,7,6
GL1 5LS,43,22,21,15
GL1 5LT,33,15,18,13
GL1 5LU,31,16,15,11
GL1 5LW,120,56,64,42
GL1 5LX,64,33,31,21
GL1 5LY,22,11,11,11
GL1 5LZ,40,18,22,15
GL1 5NA,57,30,27,17
GL1 5NB,19,11,8,6
GL1 5ND,93,48,45,34
GL1 5NE,99,53,46,38
GL1 5NG,9,5,4,2
GL1 5NH,61,28,33,22
GL1 5NJ,80,42,38,24
GL1 5NL,38,17,21,16
GL1 5NN,80,39,41,26
GL1 5NP,103,55,48,33
GL1 5NQ,30,13,17,12
GL1 5NR,47,21,26,19
GL1 5NS,67,34,33,26
GL1 5NT,26,15,11,11
GL1 5NU,10,6,4,5
GL1 5NW,86,47,39,30
GL1 5NX,18,9,9,5
GL1 5NZ,14,4,10,10
GL1 5PA,103,53,50,32
GL1 5PB,94,44,50,36
GL1 5PD,45,21,24,18
GL1 5PE,25,12,13,11
GL1 5PF,35,16,19,32
GL1 5PG,77,37,40,32
GL1 5PL,47,19,28,31
GL1 5PN,71,30,41,29
GL1 5PP,78,36,42,36
GL1 5PQ,78,34,44,27
GL1 5PR,105,49,56,51
GL1 5PS,41,19,22,19
GL1 5PT,93,44,49,35
GL1 5PU,30,13,17,15
GL1 5PW,75,37,38,31
GL1 5PX,90,47,43,45
GL1 5PZ,102,56,46,40
GL1 5QA,109,49,60,40
GL1 5QB,135,69,66,70
GL1 5QD,56,29,27,22
GL1 5QE,107,50,57,50
GL1 5QF,103,49,54,45
GL1 5QG,43,20,23,17
GL1 5QH,19,9,10,6
GL1 5QJ,8,3,5,4
GL1 5QL,64,32,32,21
GL1 5QQ,22,11,11,8
GL1 5SA,12,5,7,5
GL1 5SB,34,12,22,11
GL1 5SD,13,9,4,7
GL1 5SN,26,14,12,15
GL1 5SR,37,26,11,15
GL1 5SW,22,10,12,10
GL1 5TA,43,29,14,16
GL1 5TG,19,8,11,9
GL1 5TH,31,14,17,13
GL1 5TJ,117,64,53,43
GL1 5TL,22,11,11,5
GL1 5TQ,25,10,15,10
GL1 5TW,109,53,56,38
GL1 5TX,58,28,30,19
GL1 5TY,95,53,42,44
GL1 5TZ,125,65,60,50
GL1 5UB,59,20,39,47
GL102AA,86,37,49,39
GL102AD,49,23,26,24
GL102AE,21,13,8,7
GL102AF,5,4,1,1
GL102AJ,57,32,25,20
GL102AL,44,21,23,22
GL102AN,26,13,13,12
GL102AP,51,24,27,21
GL102AQ,105,48,57,45
GL102AR,55,26,29,23
GL102AS,53,25,28,25
GL102AT,4,2,2,1
GL102AU,27,13,14,11
GL102AW,41,21,20,14
GL102AX,52,25,27,22
GL102AY,12,5,7,7
GL102AZ,4,2,2,2
GL102BB,11,5,6,4
GL102BE,4,2,2,3
GL102BG,10,5,5,3
GL102BN,8,3,5,5
GL102BP,16,9,7,13
GL102BQ,67,36,31,25
GL102DA,30,13,17,13
GL102DD,12,5,7,7
GL102DE,155,67,88,54
GL102DF,14,6,8,6
GL102DG,48,28,20,16
GL102DH,73,40,33,22
GL102DJ,54,29,25,24
GL102DL,91,45,46,33
GL102DN,66,39,27,28
GL102DP,106,53,53,36
GL102DQ,125,58,67,42
GL102DR,43,19,24,19
GL102DS,63,32,31,38
GL102DT,96,45,51,35
GL102DW,79,42,37,33
GL102EA,28,12,16,12
GL102EB,22,9,13,10
GL102ED,113,54,59,42
GL102EE,62,30,32,26
GL102EF,14,6,8,9
GL102EG,13,4,9,6
GL102EJ,50,19,31,23
GL102EQ,109,51,58,49
GL102ER,3,2,1,1
GL102ES,62,33,29,24
GL102ET,42,24,18,16
GL102EU,35,21,14,12
GL102EX,69,33,36,23
GL102EY,85,35,50,30
GL102EZ,114,61,53,35
GL102GZ,7,5,2,4
GL102HB,57,31,26,21
GL102HD,50,21,29,22
GL102HE,9,4,5,4
GL102HF,63,33,30,22
GL102HG,18,11,7,8
GL102HH,62,32,30,19
GL102HJ,50,21,29,28
GL102HL,78,40,38,38
GL102HN,34,13,21,22
GL102HP,39,9,30,37
GL102HQ,35,20,15,15
GL102HR,37,17,20,27
GL102HS,33,15,18,13
GL102HT,31,15,16,14
GL102HU,25,11,14,11
GL102HW,119,61,58,62
GL102HX,20,11,9,8
GL102HY,34,17,17,16
GL102HZ,28,13,15,14
GL102JA,24,14,10,17
GL102JB,22,12,10,8
GL102JD,43,25,18,23
GL102JF,38,19,19,15
GL102JG,5,2,3,2
GL102JH,3,2,1,1
GL102JN,37,21,16,22
GL102JP,26,14,12,12
GL102JQ,303,181,122,1
GL102JR,18,9,9,9
GL102JS,16,8,8,7
GL102JT,7,4,3,3
GL102JU,5,3,2,2
GL102JW,67,32,35,26
GL102JX,5,4,1,3
GL102JY,62,34,28,23
GL102JZ,20,7,13,9
GL102LA,14,7,7,5
GL102LE,10,5,5,5
GL102LF,11,4,7,4
GL102LG,24,17,7,11
GL102LL,3,2,1,1
GL102LQ,56,30,26,18
GL102LS,59,31,28,36
GL102LT,7,4,3,2
GL102LW,82,42,40,30
GL102NA,55,28,27,23
GL102NE,4,4,0,4
GL102NG,34,17,17,19
GL102NP,9,3,6,3
GL102NR,48,22,26,29
GL102NT,13,7,6,5
GL102NU,35,14,21,17
GL102NW,58,29,29,28
GL102NX,4,2,2,2
GL102NY,8,5,3,6
GL102NZ,53,31,22,19
GL102PA,5,2,3,4
GL102PB,21,12,9,8
GL102PE,13,4,9,6
GL102PF,1,1,0,1
GL102PG,114,55,59,61
GL102PH,18,9,9,9
GL102PJ,74,36,38,43
GL102PL,7,4,3,5
GL102PN,6,4,2,5
GL102PP,11,6,5,7
GL102PQ,87,40,47,46
GL102PR,122,59,63,47
GL102PS,77,33,44,32
GL102PT,96,51,45,38
GL102PU,125,60,65,52
GL102PW,10,4,6,7
GL102PX,109,56,53,47
GL102PY,74,38,36,31
GL102PZ,88,42,46,47
GL102QA,43,21,22,16
GL102QB,42,20,22,18
GL102QD,22,10,12,8
GL102QF,32,18,14,13
GL102QG,51,26,25,22
GL102QH,168,82,86,71
GL102QJ,41,17,24,17
GL102QL,30,14,16,16
GL102QP,26,4,22,22
GL102QQ,41,20,21,20
GL102QR,237,113,124,80
GL102QS,175,89,86,58
GL102QT,4,4,0,3
GL102RA,88,46,42,43
GL102RB,21,10,11,10
GL102RD,25,15,10,10
GL102RE,16,6,10,9
GL102RF,30,10,20,23
GL102RJ,21,10,11,7
GL102RW,25,12,13,9
GL103AA,63,31,32,26
GL103AB,12,8,4,4
GL103AD,8,3,5,4
GL103AF,17,8,9,6
GL103AG,4,2,2,2
GL103AH,3,1,2,2
GL103AJ,55,28,27,18
GL103AL,12,8,4,5
GL103AN,9,3,6,7
GL103AP,48,18,30,32
GL103AQ,16,9,7,5
GL103AR,27,14,13,12
GL103AS,8,3,5,3
GL103AT,36,14,22,13
GL103AU,25,12,13,8
GL103AW,83,42,41,30
GL103AX,104,57,47,41
GL103AY,56,26,30,16
GL103AZ,12,5,7,7
GL103BA,28,11,17,10
GL103BB,22,8,14,10
GL103BD,21,11,10,9
GL103BE,9,4,5,3
GL103BG,11,6,5,4
GL103BH,93,44,49,43
GL103BJ,34,19,15,15
GL103BL,35,15,20,17
GL103BN,43,19,24,24
GL103BP,21,11,10,8
GL103BQ,20,9,11,9
GL103BS,9,4,5,5
GL103BT,5,3,2,3
GL103BU,3,1,2,2
GL103BW,14,7,7,8
GL103BX,8,2,6,2
GL103BZ,32,14,18,4
GL103DA,3,2,1,2
GL103DD,3,2,1,1
GL103DE,11,5,6,7
GL103DF,8,6,2,4
GL103DG,15,8,7,6
GL103DH,8,4,4,3
GL103DJ,5,3,2,3
GL103DL,8,4,4,3
GL103DN,19,8,11,6
GL103DP,6,2,4,2
GL103DQ,9,4,5,5
GL103DR,24,11,13,11
GL103DS,19,10,9,7
GL103DT,3,2,1,1
GL103DU,37,19,18,21
GL103DW,29,12,17,9
GL103DX,10,5,5,4
GL103DY,2,1,1,1
GL103DZ,20,10,10,7
GL103EA,15,8,7,5
GL103EB,18,8,10,7
GL103ED,5,2,3,3
GL103EE,23,13,10,10
GL103EF,31,18,13,12
GL103EG,26,14,12,9
GL103EH,4,2,2,3
GL103EJ,21,7,14,4
GL103EL,13,7,6,4
GL103EN,5,3,2,2
GL103EP,8,5,3,4
GL103EQ,27,15,12,10
GL103ER,4,2,2,2
GL103ES,55,26,29,19
GL103EW,5,3,2,2
GL103EY,74,43,31,26
GL103FD,90,41,49,36
GL103FE,8,5,3,3
GL103HA,1,0,1,0
GL103HB,14,7,7,5
GL103HD,13,4,9,10
GL103HE,4,2,2,1
GL103HF,15,6,9,8
GL103HG,19,10,9,10
GL103HH,23,11,12,10
GL103HJ,17,9,8,6
GL103HL,66,27,39,24
GL103HN,19,10,9,9
GL103HP,34,18,16,17
GL103HR,62,29,33,21
GL103HS,33,18,15,17
GL103HT,5,3,2,2
GL103HU,4,2,2,2
GL103HW,52,20,32,30
GL103HX,12,7,5,5
GL103HY,34,18,16,13
GL103JA,17,9,8,8
GL103JB,22,10,12,10
GL103JD,27,17,10,14
GL103JF,20,11,9,9
GL103JG,6,3,3,3
GL103JH,30,18,12,12
GL103JJ,17,8,9,5
GL103JL,6,3,3,2
GL103JN,52,24,28,18
GL103JP,32,14,18,14
GL103JQ,7,5,2,5
GL103JR,24,11,13,9
GL103JS,17,7,10,7
GL103JT,50,23,27,16
GL103JU,35,14,21,15
GL103JW,46,26,20,14
GL103JX,28,13,15,12
GL103JY,8,3,5,6
GL103JZ,25,13,12,12
GL103LA,28,15,13,11
GL103LB,25,12,13,14
GL103LD,28,12,16,16
GL103LE,38,21,17,17
GL103LF,90,47,43,36
GL103LG,15,7,8,10
GL103LH,76,37,39,28
GL103LJ,196,107,89,81
GL103LL,13,4,9,4
GL103LN,9,6,3,3
GL103LP,19,9,10,9
GL103LQ,20,4,16,12
GL103LR,21,15,6,8
GL103LS,11,6,5,4
GL103LT,21,9,12,10
GL103LU,60,26,34,19
GL103LW,9,5,4,5
GL103LX,116,62,54,51
GL103LY,61,29,32,24
GL103LZ,63,28,35,31
GL103NA,105,55,50,40
GL103NB,103,49,54,57
GL103ND,14,7,7,6
GL103NE,20,10,10,6
GL103NF,40,19,21,13
GL103NG,33,16,17,13
GL103NH,40,22,18,13
GL103NJ,37,19,18,15
GL103NL,149,73,76,63
GL103NN,8,5,3,3
GL103NP,33,15,18,13
GL103NQ,14,8,6,4
GL103NR,39,17,22,20
GL103NS,9,4,5,5
GL103NT,25,11,14,10
GL103NU,19,11,8,8
GL103NW,62,28,34,30
GL103NX,17,10,7,8
GL103NY,17,7,10,7
GL103NZ,21,10,11,8
GL103PA,12,6,6,5
GL103PB,21,11,10,8
GL103PD,17,9,8,5
GL103PE,5,2,3,2
GL103PF,62,31,31,28
GL103PH,22,12,10,7
GL103PJ,175,91,84,67
GL103PL,98,52,46,34
GL103PN,67,36,31,21
GL103PP,16,8,8,7
GL103PR,53,23,30,25
GL103PS,90,39,51,49
GL103PT,6,3,3,3
GL103PU,23,9,14,9
GL103PW,17,9,8,9
GL103PX,24,9,15,10
GL103PY,15,6,9,6
GL103PZ,12,6,6,5
GL103QA,35,16,19,17
GL103QB,16,7,9,8
GL103QD,26,13,13,12
GL103QE,15,8,7,6
GL103QF,15,9,6,7
GL103QG,13,6,7,7
GL103QH,24,10,14,8
GL103QJ,28,12,16,18
GL103QL,13,7,6,5
GL103QN,36,16,20,16
GL103QP,55,27,28,19
GL103QQ,40,23,17,14
GL103QS,17,8,9,8
GL103QT,8,4,4,3
GL103QU,19,10,9,9
GL103QW,198,101,97,93
GL103QX,7,4,3,3
GL103QY,18,11,7,8
GL103QZ,6,1,5,1
GL103RA,33,18,15,17
GL103RE,117,63,54,44
GL103RF,2,1,1,1
GL103RJ,22,13,9,10
GL103RL,16,8,8,6
GL103RN,5,2,3,2
GL103RP,5,2,3,3
GL103RR,5,3,2,3
GL103RS,9,5,4,5
GL103RT,4,1,3,2
GL103RW,21,10,11,8
GL103RX,21,12,9,7
GL103RZ,26,12,14,18
GL103SB,23,9,14,12
GL103SF,59,31,28,21
GL103SG,65,31,34,24
GL103SH,18,10,8,2
GL103SJ,22,13,9,11
GL103SL,17,8,9,6
GL103SN,6,4,2,2
GL103SP,47,21,26,20
GL103SQ,27,16,11,10
GL103SR,12,4,8,3
GL103SS,18,9,9,9
GL103SU,40,20,20,15
GL103TB,10,6,4,3
GL103TE,17,10,7,9
GL103TF,19,8,11,0
GL103TG,26,10,16,12
GL103TH,22,13,9,6
GL103TJ,2,1,1,1
GL103TL,4,2,2,2
GL103TN,23,14,9,7
GL103TP,3,2,1,2
GL103TQ,29,14,15,11
GL103TR,8,4,4,4
GL103TS,1,1,0,1
GL103TT,38,21,17,12
GL103TU,19,11,8,6
GL103TW,6,2,4,3
GL103TY,31,17,14,16
GL103UA,16,8,8,9
GL103UB,42,23,19,14
GL103UD,17,7,10,6
GL103UE,14,7,7,7
GL103UF,17,6,11,8
GL103UG,15,9,6,8
GL103UH,37,18,19,13
GL103UJ,5,2,3,2
GL103UL,8,4,4,3
GL103UN,10,5,5,4
GL103UP,45,15,30,24
GL103UQ,29,18,11,11
GL103UR,2,1,1,1
GL103UW,7,3,4,4
GL114AA,18,12,6,10
GL114AF,87,46,41,42
GL114AG,34,19,15,18
GL114AH,34,16,18,15
GL114AJ,40,19,21,16
GL114AL,6,3,3,2
GL114AP,30,13,17,14
GL114AQ,45,21,24,22
GL114AR,28,14,14,16
GL114AS,73,31,42,35
GL114AT,57,23,34,25
GL114AU,33,12,21,15
GL114AW,13,7,6,6
GL114AX,2,2,0,2
GL114AY,9,5,4,2
GL114AZ,16,8,8,15
GL114BB,21,10,11,18
GL114BD,56,30,26,30
GL114BE,109,38,71,60
GL114BG,49,28,21,20
GL114BH,46,25,21,26
GL114BP,8,6,2,6
GL114BQ,33,12,21,26
GL114BT,62,32,30,21
GL114BU,39,21,18,14
GL114BW,29,17,12,19
GL114BX,20,10,10,8
GL114BZ,2,1,1,1
GL114DB,40,23,17,20
GL114DD,25,14,11,9
GL114DE,64,32,32,27
GL114DF,77,39,38,30
GL114DG,75,34,41,28
GL114DH,15,8,7,10
GL114DJ,46,20,26,18
GL114DL,60,27,33,20
GL114DN,78,40,38,24
GL114DP,25,12,13,8
GL114DQ,23,11,12,11
GL114DS,44,21,23,22
GL114DT,56,24,32,26
GL114DU,78,38,40,38
GL114DW,85,39,46,30
GL114DX,183,79,104,70
GL114DY,36,20,16,12
GL114DZ,19,9,10,10
GL114EA,14,7,7,7
GL114EB,48,21,27,21
GL114ED,13,7,6,8
GL114EE,4,2,2,1
GL114EF,44,22,22,14
GL114EG,26,14,12,8
GL114EH,24,10,14,9
GL114EJ,18,10,8,6
GL114EL,35,17,18,16
GL114EN,84,37,47,38
GL114EP,54,23,31,24
GL114EQ,25,14,11,9
GL114ER,12,5,7,4
GL114ES,51,30,21,23
GL114ET,48,26,22,16
GL114EU,60,31,29,23
GL114EW,56,29,27,20
GL114EX,30,17,13,11
GL114EY,67,34,33,22
GL114EZ,42,20,22,17
GL114FD,124,57,67,48
GL114GA,106,58,48,46
GL114GB,82,35,47,34
GL114GD,57,26,31,20
GL114GE,28,16,12,13
GL114GF,17,9,8,8
GL114GG,11,5,6,6
GL114GH,26,15,11,17
GL114GJ,32,14,18,15
GL114GQ,13,6,7,6
GL114HA,35,17,18,16
GL114HD,43,23,20,22
GL114HL,10,7,3,4
GL114HQ,12,5,7,5
GL114HR,26,14,12,13
GL114HU,36,14,22,21
GL114HX,14,10,4,12
GL114JB,38,18,20,21
GL114JD,17,9,8,7
GL114JE,10,5,5,6
GL114JF,15,7,8,6
GL114JG,36,17,19,13
GL114JH,2,1,1,1
GL114JL,19,10,9,7
GL114JN,40,19,21,19
GL114JP,54,30,24,27
GL114JQ,13,5,8,5
GL114JR,29,13,16,11
GL114JT,63,30,33,31
GL114JU,11,7,4,5
GL114JX,53,30,23,26
GL114JY,10,6,4,6
GL114JZ,17,8,9,10
GL114LA,8,3,5,3
GL114LB,30,14,16,15
GL114LD,4,2,2,3
GL114LE,57,33,24,23
GL114LF,37,20,17,16
GL114LG,13,5,8,5
GL114LH,18,8,10,8
GL114LJ,7,4,3,4
GL114LN,14,7,7,3
GL114LP,67,30,37,26
GL114LQ,16,9,7,7
GL114LR,64,34,30,31
GL114LU,10,6,4,4
GL114LW,49,24,25,19
GL114NA,15,8,7,9
GL114ND,32,22,10,23
GL114NE,45,21,24,18
GL114NG,38,16,22,17
GL114NH,37,17,20,16
GL114NJ,5,2,3,4
GL114NL,9,4,5,4
GL114NN,63,33,30,25
GL114NP,16,7,9,9
GL114NQ,7,6,1,6
GL114NR,20,10,10,10
GL114NS,152,77,75,64
GL114NT,42,20,22,14
GL114NU,52,28,24,20
GL114NW,127,58,69,45
GL114NX,60,33,27,22
GL114NY,21,11,10,8
GL114PA,74,37,37,32
GL114PB,66,37,29,29
GL114PD,47,23,24,19
GL114PE,33,16,17,14
GL114PF,6,3,3,2
GL114PH,18,13,5,17
GL114PJ,24,10,14,14
GL114PN,8,3,5,4
GL114PP,38,17,21,14
GL114PQ,13,8,5,10
GL114PR,20,9,11,15
GL114PS,7,4,3,4
GL114PT,121,63,58,46
GL114PU,91,46,45,35
GL114PX,31,18,13,14
GL114PY,37,16,21,23
GL114PZ,85,47,38,39
GL114QA,45,18,27,21
GL114QB,39,22,17,15
GL114QD,32,16,16,15
GL114QE,21,11,10,8
GL114QF,42,24,18,22
GL114QG,44,22,22,19
GL114QH,15,5,10,7
GL114QJ,16,9,7,10
GL114QL,13,7,6,6
GL114QQ,19,8,11,9
GL115AA,10,4,6,6
GL115AB,46,26,20,21
GL115AD,36,16,20,13
GL115AF,30,15,15,12
GL115AG,8,6,2,2
GL115AH,33,13,20,16
GL115AJ,12,7,5,4
GL115AL,29,12,17,13
GL115AN,12,5,7,4
GL115AP,9,4,5,6
GL115AQ,3,1,2,2
GL115AR,31,14,17,11
GL115AS,28,13,15,10
GL115AT,9,4,5,5
GL115AU,11,5,6,5
GL115AW,7,4,3,2
GL115AX,30,13,17,12
GL115AY,11,5,6,5
GL115AZ,18,7,11,7
GL115BA,80,42,38,33
GL115BD,78,41,37,33
GL115BH,40,22,18,14
GL115BJ,28,14,14,9
GL115BL,7,4,3,2
GL115BN,6,3,3,2
GL115BP,19,9,10,9
GL115BQ,11,6,5,5
GL115BS,6,4,2,3
GL115BT,39,20,19,18
GL115BW,55,26,29,25
GL115BX,4,2,2,2
GL115BY,15,9,6,6
GL115BZ,13,8,5,5
GL115DA,25,11,14,11
GL115DH,47,25,22,18
GL115DJ,62,30,32,25
GL115DL,6,2,4,2
GL115DN,62,25,37,25
GL115DR,7,3,4,2
GL115DS,2,1,1,1
GL115DT,24,12,12,6
GL115DU,10,5,5,5
GL115DW,3,2,1,2
GL115DX,11,5,6,5
GL115DY,10,5,5,4
GL115DZ,33,19,14,13
GL115EA,14,8,6,6
GL115EB,31,13,18,12
GL115ED,11,5,6,6
GL115EE,5,3,2,2
GL115EF,75,36,39,29
GL115EG,59,26,33,23
GL115EH,38,19,19,14
GL115EJ,49,25,24,18
GL115EL,64,32,32,26
GL115EN,29,16,13,11
GL115EP,112,56,56,47
GL115EQ,8,5,3,2
GL115ER,15,7,8,10
GL115ET,20,9,11,8
GL115EW,70,37,33,28
GL115EX,32,8,24,26
GL115EY,18,10,8,8
GL115EZ,110,53,57,49
GL115FZ,38,13,25,13
GL115GA,19,10,9,8
GL115GB,49,21,28,22
GL115GD,15,6,9,6
GL115GE,35,17,18,17
GL115GF,8,4,4,5
GL115GG,44,19,25,14
GL115GH,7,4,3,2
GL115GJ,2,2,0,2
GL115GL,18,9,9,6
GL115GN,49,26,23,20
GL115HA,46,13,33,3
GL115HB,2,1,1,1
GL115HD,31,19,12,6
GL115HE,38,20,18,11
GL115HF,10,4,6,3
GL115HG,1,1,0,1
GL115HH,14,7,7,6
GL115HJ,8,4,4,3
GL115HL,99,53,46,44
GL115HN,84,42,42,37
GL115HP,24,15,9,8
GL115HQ,4,2,2,2
GL115HR,97,50,47,40
GL115HS,25,12,13,9
GL115HT,17,9,8,9
GL115HU,4,2,2,2
GL115HW,35,19,16,12
GL115HY,2,1,1,1
GL115HZ,10,6,4,3
GL115JA,13,6,7,4
GL115JB,3,2,1,1
GL115JD,1,0,1,1
GL115JE,15,6,9,3
GL115JF,87,44,43,34
GL115JG,15,8,7,6
GL115JH,25,12,13,17
GL115JJ,30,18,12,16
GL115JL,36,17,19,14
GL115JN,25,13,12,13
GL115JP,34,18,16,15
GL115JQ,71,36,35,35
GL115JR,99,51,48,37
GL115JS,33,18,15,16
GL115JT,16,9,7,6
GL115JU,18,8,10,10
GL115JW,79,39,40,29
GL115JX,14,9,5,5
GL115JY,7,5,2,2
GL115JZ,8,3,5,5
GL115LA,32,20,12,16
GL115LB,9,7,2,3
GL115LD,33,17,16,13
GL115LE,9,4,5,6
GL115LF,24,13,11,9
GL115LH,22,9,13,12
GL115LJ,96,46,50,30
GL115LL,84,44,40,30
GL115LN,29,13,16,11
GL115LP,63,34,29,24
GL115LR,80,39,41,30
GL115LS,66,36,30,27
GL115LT,23,12,11,8
GL115LU,19,10,9,8
GL115LW,57,29,28,20
GL115LX,38,20,18,17
GL115LY,38,21,17,19
GL115LZ,10,3,7,5
GL115ND,12,2,10,5
GL115NE,47,18,29,37
GL115NF,53,26,27,28
GL115NG,61,27,34,37
GL115NH,9,5,4,3
GL115NJ,19,11,8,9
GL115NL,101,51,50,44
GL115NP,16,7,9,7
GL115NQ,26,12,14,18
GL115NR,23,12,11,10
GL115NS,8,5,3,4
GL115NT,102,52,50,47
GL115NU,59,26,33,26
GL115NW,105,48,57,60
GL115NX,43,23,20,17
GL115NY,12,5,7,6
GL115NZ,31,15,16,17
GL115PA,23,13,10,8
GL115PB,36,17,19,17
GL115PD,21,10,11,10
GL115PE,40,21,19,14
GL115PF,43,25,18,17
GL115PG,24,12,12,11
GL115PH,65,34,31,28
GL115PJ,19,8,11,8
GL115PL,35,12,23,26
GL115PN,48,27,21,22
GL115PP,30,16,14,10
GL115PQ,20,11,9,5
GL115PR,15,7,8,5
GL115PT,119,61,58,50
GL115PU,14,6,8,7
GL115PX,117,62,55,34
GL115PZ,18,10,8,10
GL115QA,2,1,1,1
GL115QB,8,4,4,2
GL115QE,13,8,5,4
GL115QG,10,6,4,3
GL115QH,6,4,2,3
GL115QJ,1,1,0,1
GL115QL,15,8,7,4
GL115QN,13,5,8,5
GL115QP,80,42,38,30
GL115QQ,10,5,5,4
GL115QR,37,19,18,14
GL115QS,102,50,52,37
GL115QT,3,2,1,2
GL115QU,11,3,8,5
GL115QW,11,6,5,4
GL115QX,6,3,3,3
GL115QY,15,7,8,6
GL115QZ,8,2,6,5
GL115RA,12,5,7,6
GL115RB,52,23,29,18
GL115RD,30,14,16,15
GL115RE,59,28,31,24
GL115RF,26,13,13,10
GL115RG,12,5,7,5
GL115RH,31,15,16,12
GL115RJ,26,14,12,10
GL115RL,6,2,4,4
GL115RN,8,3,5,3
GL115RP,25,12,13,11
GL115RQ,48,25,23,20
GL115RR,13,7,6,5
GL115RS,50,26,24,21
GL115RT,11,7,4,5
GL115RU,38,18,20,19
GL115RW,27,11,16,8
GL115RX,46,24,22,17
GL115RY,50,24,26,21
GL115RZ,57,29,28,25
GL115SA,81,40,41,31
GL115SB,32,17,15,14
GL115SD,77,42,35,35
GL115SE,74,41,33,32
GL115SF,33,17,16,13
GL115SG,108,47,61,56
GL115SH,77,36,41,41
GL115SJ,31,20,11,15
GL115SL,41,21,20,14
GL115SN,52,29,23,20
GL115SP,22,9,13,12
GL115SQ,25,13,12,10
GL115SR,23,12,11,11
GL115SS,50,20,30,21
GL115ST,22,11,11,12
GL115SU,15,10,5,7
GL115SW,35,14,21,15
GL115SY,46,17,29,19
GL115SZ,25,9,16,10
GL115TA,104,51,53,38
GL115TB,35,18,17,16
GL115TD,61,36,25,25
GL115TE,46,23,23,20
GL115TF,41,22,19,21
GL115TG,57,25,32,23
GL115TH,72,41,31,27
GL115TJ,7,3,4,4
GL115TL,22,11,11,8
GL115TN,1,0,1,1
GL115TP,6,3,3,2
GL115TT,36,13,23,28
GL115TU,28,17,11,11
GL115UL,23,12,11,9
GL115UN,27,13,14,12
GL115UP,32,14,18,15
GL115UR,51,25,26,20
GL115US,57,29,28,21
GL115UT,71,35,36,31
GL115UU,65,34,31,30
GL115UW,25,13,12,13
GL115UX,48,24,24,24
GL115UY,47,22,25,28
GL115UZ,62,35,27,22
GL116AA,7,3,4,3
GL116AB,5,3,2,1
GL116AD,2,1,1,1
GL116AE,2,1,1,1
GL116AF,6,2,4,1
GL116AG,18,10,8,8
GL116AJ,13,8,5,5
GL116AL,13,6,7,4
GL116AN,9,4,5,3
GL116AP,22,9,13,10
GL116AQ,52,26,26,22
GL116AR,23,12,11,8
GL116AS,25,12,13,10
GL116AT,25,10,15,7
GL116AW,20,11,9,9
GL116AX,11,6,5,4
GL116AY,16,10,6,7
GL116AZ,15,9,6,7
GL116BA,28,15,13,9
GL116BB,15,7,8,7
GL116BD,16,8,8,8
GL116BE,16,10,6,8
GL116BG,18,8,10,8
GL116BH,18,9,9,5
GL116BJ,21,13,8,7
GL116BL,11,4,7,3
GL116BN,11,6,5,3
GL116BP,14,6,8,6
GL116BQ,59,20,39,12
GL116DA,14,8,6,4
GL116DB,4,2,2,1
GL116DD,63,32,31,28
GL116DE,18,8,10,8
GL116DF,6,5,1,1
GL116DG,2,1,1,1
GL116DH,31,16,15,13
GL116DJ,25,8,17,9
GL116DL,13,6,7,5
GL116DN,11,6,5,4
GL116DP,41,19,22,13
GL116DQ,23,11,12,8
GL116DR,35,14,21,14
GL116DS,22,9,13,10
GL116DT,81,40,41,25
GL116DU,13,4,9,10
GL116DW,86,44,42,27
GL116DX,44,18,26,19
GL116DY,13,7,6,7
GL116DZ,4,2,2,1
GL116EA,26,14,12,9
GL116EB,56,26,30,19
GL116ED,20,12,8,9
GL116EE,23,12,11,8
GL116EF,44,22,22,20
GL116EG,13,6,7,4
GL116EH,19,8,11,6
GL116EJ,6,3,3,3
GL116EL,2,1,1,1
GL116EN,39,18,21,16
GL116EQ,28,13,15,8
GL116HA,13,5,8,6
GL116HB,18,8,10,9
GL116HD,21,12,9,8
GL116HE,72,39,33,30
GL116HF,19,8,11,12
GL116HG,113,51,62,42
GL116HH,18,7,11,8
GL116HJ,73,38,35,26
GL116HL,51,24,27,37
GL116HN,68,34,34,25
GL116HP,1,1,0,1
GL116HQ,37,20,17,13
GL116HR,3,1,2,1
GL116HS,24,12,12,11
GL116HT,16,7,9,8
GL116HU,21,10,11,9
GL116HW,54,26,28,19
GL116HX,22,9,13,9
GL116HY,85,44,41,34
GL116HZ,24,11,13,9
GL116JA,50,25,25,23
GL116JB,24,11,13,12
GL116JD,45,29,16,18
GL116JE,12,6,6,7
GL116JF,22,11,11,10
GL116JG,8,3,5,6
GL116JH,5,2,3,2
GL116JL,6,3,3,2
GL116JN,3,1,2,2
GL116JQ,10,3,7,5
GL116JR,11,5,6,5
GL116JW,26,13,13,10
GL116LA,56,28,28,21
GL116LB,21,8,13,12
GL116LD,11,6,5,6
GL116LE,9,5,4,5
GL116LF,19,7,12,9
GL116LG,74,36,38,40
GL116LH,58,30,28,23
GL116LJ,15,7,8,7
GL116LL,30,12,18,19
GL116LN,27,11,16,16
GL116LP,24,13,11,13
GL116LQ,49,25,24,17
GL116LR,7,3,4,2
GL116LS,22,12,10,9
GL116LT,45,23,22,18
GL116LU,48,23,25,21
GL116LW,14,8,6,9
GL116LX,34,16,18,11
GL116LY,56,26,30,26
GL116LZ,20,10,10,9
GL116NA,34,18,16,9
GL116NB,60,31,29,23
GL116ND,18,8,10,8
GL116NE,31,12,19,12
GL116NF,26,14,12,12
GL116NG,65,35,30,24
GL116NQ,48,21,27,22
GL116PA,23,11,12,9
GL116PB,2,1,1,1
GL116PD,8,5,3,3
GL116PE,17,9,8,6
GL116PF,7,3,4,5
GL116PG,36,15,21,32
GL116PH,15,8,7,7
GL116PJ,22,10,12,12
GL116PL,51,22,29,17
GL116PN,53,30,23,21
GL116PP,42,21,21,20
GL116PR,68,38,30,24
GL116PS,42,22,20,18
GL116PT,2,1,1,1
GL116PU,58,24,34,26
GL116PW,34,17,17,15
GL116PX,134,62,72,68
GL127AA,5,3,2,3
GL127AD,25,14,11,13
GL127AE,47,27,20,21
GL127AF,14,6,8,6
GL127AG,23,14,9,9
GL127AH,5,2,3,2
GL127AJ,37,22,15,16
GL127AL,32,21,11,11
GL127AN,45,20,25,23
GL127AP,41,18,23,26
GL127AQ,36,17,19,13
GL127AR,82,39,43,33
GL127AS,24,9,15,9
GL127AT,6,3,3,2
GL127AU,10,5,5,4
GL127AW,69,29,40,31
GL127AX,29,13,16,15
GL127AY,9,5,4,3
GL127AZ,24,11,13,8
GL127BA,121,55,66,67
GL127BB,9,3,6,4
GL127BD,3,2,1,1
GL127BE,26,14,12,13
GL127BG,19,11,8,7
GL127BH,13,5,8,8
GL127BJ,36,22,14,12
GL127BL,69,29,40,60
GL127BN,19,6,13,9
GL127BP,11,8,3,10
GL127BQ,3,2,1,2
GL127BS,39,11,28,31
GL127BT,33,21,12,20
GL127BW,4,1,3,3
GL127BX,51,30,21,32
GL127BY,48,29,19,15
GL127DB,9,5,4,3
GL127DE,14,7,7,9
GL127DF,35,16,19,18
GL127DH,89,45,44,34
GL127DJ,4,3,1,3
GL127DL,15,7,8,5
GL127DN,158,76,82,71
GL127DP,8,5,3,2
GL127DQ,12,6,6,4
GL127DR,27,17,10,8
GL127DS,12,5,7,4
GL127DT,87,44,43,33
GL127DU,8,5,3,4
GL127DX,35,16,19,13
GL127DZ,20,10,10,10
GL127EA,5,2,3,3
GL127EB,10,3,7,3
GL127ED,8,2,6,7
GL127EE,1,0,1,1
GL127EF,56,28,28,25
GL127EG,4,2,2,2
GL127EH,2,1,1,1
GL127EP,24,13,11,12
GL127ES,15,9,6,10
GL127EW,3,1,2,1
GL127EX,48,19,29,29
GL127EY,10,3,7,4
GL127EZ,70,35,35,23
GL127GQ,16,7,9,5
GL127HA,8,4,4,4
GL127HB,56,28,28,23
GL127HD,19,10,9,7
GL127HE,13,2,11,10
GL127HF,26,12,14,13
GL127HG,19,5,14,12
GL127HH,50,26,24,16
GL127HJ,37,17,20,16
GL127HL,36,19,17,15
GL127HN,50,25,25,19
GL127HP,56,32,24,16
GL127HQ,11,6,5,5
GL127HS,15,11,4,6
GL127HT,98,49,49,42
GL127HU,13,3,10,6
GL127HW,56,26,30,23
GL127HX,37,16,21,19
GL127HY,10,4,6,5
GL127HZ,45,22,23,13
GL127JA,73,31,42,27
GL127JB,68,38,30,29
GL127JD,30,14,16,20
GL127JE,146,75,71,60
GL127JF,51,20,31,26
GL127JJ,39,20,19,18
GL127JL,32,16,16,15
GL127JN,4,2,2,2
GL127JP,46,21,25,19
GL127JR,60,29,31,23
GL127JS,78,39,39,22
GL127JU,34,16,18,15
GL127JW,12,6,6,4
GL127JX,17,7,10,6
GL127JY,55,25,30,22
GL127JZ,42,22,20,16
GL127LA,92,50,42,45
GL127LB,88,37,51,33
GL127LD,81,43,38,31
GL127LE,65,31,34,29
GL127LF,15,7,8,6
GL127LG,114,53,61,52
GL127LH,51,29,22,16
GL127LJ,83,40,43,30
GL127LL,10,2,8,9
GL127LN,4,1,3,3
GL127LP,29,14,15,9
GL127LQ,85,41,44,33
GL127LR,36,18,18,11
GL127LS,31,13,18,14
GL127LT,105,50,55,49
GL127LU,41,22,19,15
GL127LW,87,43,44,39
GL127LY,13,7,6,4
GL127LZ,26,13,13,10
GL127NA,12,5,7,5
GL127NB,20,11,9,7
GL127ND,58,28,30,29
GL127NE,3,1,2,2
GL127NF,16,7,9,7
GL127NG,11,4,7,6
GL127NH,19,9,10,9
GL127NJ,47,24,23,21
GL127NL,9,4,5,4
GL127NN,3,1,2,2
GL127NP,57,25,32,19
GL127NQ,31,17,14,9
GL127NR,217,100,117,97
GL127NS,6,2,4,4
GL127NT,5,3,2,4
GL127NU,17,8,9,7
GL127PA,29,15,14,12
GL127PB,8,4,4,3
GL127PD,8,5,3,3
GL127PE,2,1,1,1
GL127PG,2,1,1,1
GL127PH,29,14,15,9
GL127PJ,5,3,2,3
GL127PL,9,4,5,4
GL127PN,14,7,7,6
GL127PP,25,14,11,10
GL127PQ,6,2,4,2
GL127PR,12,6,6,6
GL127PS,7,3,4,2
GL127PT,35,18,17,18
GL127PU,9,5,4,2
GL127PW,21,10,11,6
GL127PX,5,3,2,2
GL127PY,6,1,5,5
GL127PZ,16,6,10,6
GL127QA,25,11,14,8
GL127QB,5,3,2,3
GL127QD,2,0,2,1
GL127QE,2,1,1,1
GL127QP,44,24,20,16
GL127QR,2,1,1,1
GL127QS,22,11,11,9
GL127QT,66,34,32,26
GL127QU,41,23,18,15
GL127QX,16,7,9,6
GL127QY,18,9,9,6
GL127QZ,2,1,1,1
GL127RA,30,12,18,13
GL127RB,36,18,18,14
GL127RD,64,33,31,19
GL127RE,69,31,38,26
GL127RF,12,5,7,5
GL127RH,31,15,16,10
GL127RJ,33,17,16,12
GL127RL,41,20,21,13
GL127RN,4,2,2,1
GL127RP,27,12,15,10
GL127RQ,26,11,15,12
GL127RR,17,11,6,5
GL127RS,54,30,24,20
GL127RU,6,3,3,1
GL127RW,119,58,61,44
GL127SA,4,2,2,3
GL127SB,209,103,106,79
GL127SD,53,28,25,24
GL127SE,52,31,21,24
GL127SF,61,33,28,28
GL127SG,53,28,25,18
GL128AA,9,6,3,4
GL128AB,3,2,1,1
GL128AD,42,25,17,11
GL128AE,26,15,11,8
GL128AF,26,12,14,7
GL128AG,12,6,6,6
GL128AH,11,7,4,6
GL128AJ,40,22,18,17
GL128AL,37,16,21,16
GL128AN,54,23,31,18
GL128AP,24,9,15,13
GL128AQ,45,24,21,20
GL128AR,41,17,24,17
GL128AS,27,15,12,11
GL128AT,14,7,7,7
GL128AU,44,23,21,15
GL128AW,18,12,6,8
GL128AX,34,15,19,12
GL128AY,65,34,31,26
GL128AZ,18,8,10,6
GL128BB,6,4,2,2
GL128BD,104,50,54,39
GL128BE,2,1,1,1
GL128BG,21,9,12,10
GL128BH,23,10,13,12
GL128BJ,27,12,15,7
GL128BS,9,6,3,5
GL128BT,502,502,0,0
GL128BU,20,10,10,9
GL128BW,49,23,26,17
GL128BX,2,1,1,1
GL128BY,42,25,17,14
GL128BZ,42,24,18,16
GL128DA,35,18,17,14
GL128DB,221,0,221,0
GL128DE,1,1,0,1
GL128DF,7,4,3,3
GL128DG,46,25,21,18
GL128DH,10,5,5,2
GL128DJ,31,15,16,10
GL128DL,24,13,11,8
GL128DN,10,4,6,5
GL128DP,16,8,8,6
GL128DQ,38,24,14,13
GL128DR,7,4,3,3
GL128DS,16,8,8,7
GL128DT,6,2,4,2
GL128DU,19,9,10,9
GL128DW,23,9,14,8
GL128DX,20,10,10,7
GL128DY,13,8,5,4
GL128DZ,13,7,6,4
GL128EA,24,13,11,8
GL128EB,5,2,3,2
GL128ED,4,1,3,1
GL128EP,5,3,2,2
GL128ER,5,2,3,4
GL128ES,116,51,65,44
GL128EX,33,15,18,11
GL128EY,10,5,5,3
GL128EZ,7,5,2,2
GL128HA,10,5,5,4
GL128HB,9,5,4,4
GL128HD,17,9,8,5
GL128HE,4,3,1,1
GL128HF,32,19,13,12
GL128HG,22,10,12,7
GL128HH,7,4,3,2
GL128HJ,30,18,12,13
GL128HQ,4,3,1,1
GL128HT,40,22,18,13
GL128HU,8,4,4,3
GL128HW,25,14,11,8
GL128HX,26,16,10,10
GL128HY,11,6,5,2
GL128HZ,174,91,83,60
GL128JA,141,72,69,51
GL128JN,3,2,1,2
GL128JP,8,5,3,3
GL128JS,3,2,1,1
GL128JU,38,22,16,11
GL128JW,7,4,3,3
GL128JX,2,1,1,1
GL128JY,21,9,12,9
GL128JZ,14,7,7,5
GL128LA,52,26,26,19
GL128LB,43,18,25,17
GL128LD,36,17,19,15
GL128LE,5,3,2,2
GL128LF,2,1,1,1
GL128LG,16,10,6,4
GL128LH,21,11,10,10
GL128LJ,46,20,26,17
GL128LL,11,4,7,4
GL128LN,105,54,51,33
GL128LP,125,62,63,45
GL128LQ,6,3,3,1
GL128LR,75,36,39,26
GL128LS,159,87,72,56
GL128LT,180,92,88,72
GL128LU,39,18,21,17
GL128LW,76,39,37,26
GL128LX,61,33,28,21
GL128LY,27,13,14,10
GL128NA,6,3,3,3
GL128NB,142,72,70,53
GL128ND,164,80,84,56
GL128NE,46,22,24,18
GL128NG,1,0,1,1
GL128NH,197,93,104,68
GL128NJ,67,32,35,30
GL128NL,87,30,57,38
GL128NN,30,15,15,13
GL128NP,163,78,85,59
GL128NQ,13,6,7,5
GL128NR,71,23,48,11
GL128NS,5,3,2,3
GL128NT,17,7,10,7
GL128NU,8,4,4,3
GL128NW,63,28,35,26
GL128NX,2,1,1,1
GL128NY,18,10,8,9
GL128NZ,2,2,0,2
GL128PA,15,10,5,4
GL128PB,14,6,8,6
GL128PD,30,16,14,11
GL128PE,14,7,7,6
GL128PF,26,11,15,8
GL128PG,22,7,15,12
GL128PH,86,43,43,28
GL128PJ,136,65,71,39
GL128PL,22,11,11,6
GL128PS,2,1,1,1
GL128PT,17,9,8,6
GL128PU,15,7,8,5
GL128PX,4,2,2,3
GL128PY,35,18,17,12
GL128QA,5,3,2,1
GL128QB,62,34,28,26
GL128QD,16,8,8,7
GL128QE,59,26,33,25
GL128QF,70,37,33,26
GL128QG,10,7,3,4
GL128QJ,4,2,2,1
GL128QL,44,22,22,23
GL128QN,9,2,7,6
GL128QP,16,6,10,6
GL128QQ,4,2,2,2
GL128QR,3,1,2,1
GL128RA,136,64,72,17
GL128RD,4,1,3,2
GL128RE,15,8,7,5
GL128RF,108,52,56,45
GL128RG,26,14,12,11
GL128RJ,63,30,33,24
GL128RL,4,2,2,1
GL128RN,36,18,18,14
GL128RP,19,5,14,13
GL128RQ,107,53,54,34
GL128RR,24,12,12,9
GL128RS,69,36,33,29
GL128RT,18,10,8,7
GL128RU,123,58,65,46
GL128RW,6,4,2,2
GL128RX,39,20,19,16
GL128RY,112,64,48,38
GL128RZ,116,61,55,45
GL128SA,38,20,18,17
GL128SB,25,13,12,12
GL128SD,57,33,24,22
GL128SE,24,12,12,8
GL128SF,56,31,25,26
GL128SG,18,10,8,8
GL128SH,13,5,8,4
GL128SJ,11,6,5,4
GL128SL,58,29,29,19
GL128SP,5,3,2,2
GL128SQ,28,15,13,13
GL128SR,61,29,32,25
GL128ST,42,20,22,19
GL128SU,47,26,21,17
GL128SX,14,8,6,6
GL128SY,68,30,38,25
GL128SZ,117,57,60,53
GL128TA,50,25,25,19
GL128TB,36,17,19,14
GL128TD,40,23,17,18
GL128TE,53,26,27,20
GL128TF,27,14,13,10
GL128TG,28,15,13,13
GL128TH,126,61,65,44
GL128TJ,40,20,20,15
GL128TL,8,4,4,4
GL128TN,69,33,36,28
GL128TP,76,39,37,28
GL128TQ,97,50,47,41
GL128TR,10,3,7,7
GL128TS,44,19,25,16
GL128TT,40,21,19,16
GL128TU,24,13,11,10
GL128TW,24,13,11,10
GL128TX,58,26,32,22
GL128TY,44,26,18,17
GL128TZ,40,21,19,16
GL128UA,38,18,20,16
GL128UD,30,14,16,13
GL128UF,27,15,12,11
GL128UG,17,8,9,9
GL128UH,52,27,25,23
GL128UJ,44,27,17,20
GL128UL,14,9,5,3
GL128UN,8,4,4,3
GL128UP,30,17,13,9
GL128UQ,40,18,22,15
GL128UR,24,15,9,8
GL128US,34,18,16,13
GL128UU,20,10,10,5
GL128UX,46,18,28,18
GL139AA,26,12,14,12
GL139AB,5,1,4,5
GL139AE,66,37,29,31
GL139AF,90,51,39,34
GL139AG,5,2,3,2
GL139AH,3,2,1,1
GL139AJ,12,4,8,6
GL139AL,49,25,24,18
GL139AN,5,3,2,2
GL139AP,54,24,30,21
GL139AQ,33,14,19,15
GL139AR,40,20,20,18
GL139AS,48,25,23,18
GL139AT,5,3,2,4
GL139AU,32,16,16,14
GL139AW,13,8,5,6
GL139AX,40,18,22,16
GL139AY,2,1,1,1
GL139AZ,11,4,7,5
GL139BA,8,3,5,4
GL139BB,12,7,5,7
GL139BE,49,18,31,18
GL139BG,36,15,21,18
GL139BH,37,24,13,19
GL139BJ,56,24,32,23
GL139BN,6,3,3,5
GL139BP,11,4,7,3
GL139BQ,3,2,1,2
GL139BS,42,21,21,17
GL139BT,22,3,19,20
GL139BU,13,5,8,6
GL139BW,10,6,4,3
GL139BX,5,3,2,1
GL139BY,43,17,26,19
GL139BZ,34,17,17,14
GL139DA,53,21,32,24
GL139DB,53,27,26,21
GL139DD,28,11,17,17
GL139DE,164,75,89,75
GL139DF,81,40,41,32
GL139DG,41,22,19,23
GL139DH,31,13,18,17
GL139DJ,32,17,15,14
GL139DL,9,5,4,3
GL139DN,2,1,1,1
GL139DP,8,2,6,5
GL139DQ,8,4,4,3
GL139DR,7,4,3,3
GL139DS,18,10,8,5
GL139DT,39,21,18,14
GL139DU,14,6,8,7
GL139DX,28,15,13,13
GL139DY,22,10,12,8
GL139DZ,8,3,5,3
GL139EA,38,20,18,11
GL139EB,39,18,21,17
GL139ED,6,3,3,2
GL139EE,24,9,15,9
GL139EF,81,41,40,46
GL139EG,32,17,15,13
GL139EH,44,23,21,24
GL139EJ,26,14,12,10
GL139EL,35,16,19,16
GL139EN,47,21,26,15
GL139EP,10,7,3,4
GL139EQ,17,7,10,5
GL139ER,36,21,15,13
GL139ES,27,11,16,9
GL139EU,25,18,7,7
GL139EW,26,12,14,9
GL139EX,2,0,2,1
GL139EY,4,2,2,2
GL139EZ,4,2,2,3
GL139HA,11,5,6,2
GL139HB,18,12,6,8
GL139HD,5,2,3,0
GL139HE,35,18,17,12
GL139HF,38,15,23,15
GL139HG,59,25,34,12
GL139HH,16,7,9,7
GL139HJ,75,35,40,27
GL139HL,19,7,12,9
GL139HN,40,19,21,14
GL139HP,36,20,16,18
GL139HQ,14,6,8,5
GL139HR,1,0,1,1
GL139HS,6,3,3,4
GL139HT,13,6,7,6
GL139HU,10,3,7,4
GL139HW,1,0,1,1
GL139HX,5,3,2,3
GL139HY,18,11,7,8
GL139HZ,28,14,14,10
GL139JH,17,8,9,7
GL139JL,11,4,7,7
GL139JN,15,8,7,6
GL139JP,1,1,0,1
GL139JR,85,44,41,31
GL139JS,19,12,7,4
GL139JU,47,23,24,17
GL139JW,22,13,9,7
GL139JX,21,11,10,7
GL139JY,36,22,14,14
GL139JZ,28,14,14,9
GL139LA,19,11,8,9
GL139LB,43,22,21,17
GL139LD,5,2,3,1
GL139LE,30,14,16,13
GL139LF,68,34,34,27
GL139LG,6,4,2,2
GL139LH,5,3,2,3
GL139LJ,13,7,6,5
GL139LL,1,0,1,1
GL139LN,4,2,2,2
GL139LP,3,1,2,2
GL139LQ,7,3,4,4
GL139LR,214,106,108,84
GL139LS,3,2,1,3
GL139LW,3,1,2,1
GL139NA,31,18,13,13
GL139NB,68,26,42,25
GL139ND,19,10,9,9
GL139NE,8,5,3,5
GL139NF,23,12,11,8
GL139NG,6,3,3,2
GL139NH,24,16,8,7
GL139NJ,21,12,9,8
GL139NL,11,6,5,5
GL139NN,72,37,35,32
GL139NP,24,13,11,8
GL139NR,6,3,3,3
GL139NS,7,4,3,2
GL139NT,36,20,16,16
GL139NW,17,10,7,12
GL139NX,143,72,71,65
GL139NY,50,23,27,21
GL139NZ,8,5,3,3
GL139PD,30,16,14,23
GL139PE,62,31,31,23
GL139PJ,2,1,1,1
GL139PL,20,9,11,10
GL139PN,10,4,6,3
GL139PP,7,4,3,2
GL139PR,9,5,4,3
GL139PS,10,3,7,4
GL139PT,4,2,2,2
GL139PU,76,38,38,33
GL139PW,3,1,2,2
GL139PX,13,7,6,5
GL139PY,109,61,48,47
GL139PZ,8,2,6,4
GL139QH,28,14,14,13
GL139QJ,6,2,4,2
GL139QN,17,10,7,8
GL139QP,9,6,3,4
GL139QR,11,3,8,4
GL139QS,4,2,2,2
GL139QU,19,10,9,8
GL139QW,8,4,4,5
GL139QX,7,4,3,4
GL139QY,6,4,2,2
GL139QZ,3,0,3,1
GL139RA,8,4,4,2
GL139RB,25,13,12,8
GL139RL,12,7,5,5
GL139RN,22,14,8,7
GL139RP,16,6,10,6
GL139RR,29,15,14,9
GL139RT,4,2,2,1
GL139RU,27,15,12,7
GL139RW,2,1,1,1
GL139RX,11,4,7,3
GL139RY,34,18,16,13
GL139RZ,8,3,5,5
GL139SA,6,3,3,2
GL139SB,18,7,11,7
GL139SD,13,8,5,3
GL139SE,6,3,3,3
GL139SF,94,50,44,33
GL139SG,28,14,14,9
GL139SH,2,1,1,1
GL139SJ,3,2,1,1
GL139SL,15,8,7,7
GL139SN,10,3,7,3
GL139SP,14,9,5,6
GL139SQ,42,21,21,20
GL139SW,16,7,9,8
GL139TA,74,33,41,36
GL139TB,81,41,40,37
GL139TD,49,25,24,16
GL139TE,26,13,13,12
GL139TF,15,9,6,6
GL139TG,63,31,32,41
GL139TH,12,6,6,5
GL139TJ,15,8,7,6
GL139TL,4,3,1,1
GL139TN,3,2,1,1
GL139TP,86,42,44,46
GL139TQ,97,51,46,62
GL139UA,56,29,27,24
GL139UD,4,2,2,2
GL139UE,15,8,7,7
GL139UF,12,8,4,7
GL139UG,8,2,6,3
GL139UN,5,3,2,2
GL139UP,7,4,3,3
GL139UR,44,22,22,20
GL139US,55,30,25,16
GL139UT,97,52,45,35
GL139UU,78,40,38,31
GL139UW,4,2,2,2
GL141AA,42,19,23,17
GL141AB,25,15,10,14
GL141AD,16,8,8,10
GL141AE,3,2,1,1
GL141AF,37,18,19,19
GL141AG,36,19,17,12
GL141AH,4,2,2,2
GL141AJ,36,19,17,23
GL141AL,40,18,22,18
GL141AN,27,11,16,10
GL141AP,11,5,6,7
GL141AQ,11,7,4,0
GL141AR,12,6,6,5
GL141AU,8,4,4,4
GL141AW,22,13,9,6
GL141AX,31,15,16,20
GL141AY,8,4,4,4
GL141AZ,13,6,7,5
GL141BA,14,8,6,8
GL141BB,39,19,20,19
GL141BE,8,4,4,2
GL141BG,23,10,13,9
GL141BH,18,8,10,9
GL141BJ,25,11,14,12
GL141BL,4,2,2,1
GL141BN,1,0,1,1
GL141BP,56,27,29,20
GL141BQ,2,0,2,2
GL141BS,27,16,11,12
GL141BT,6,3,3,3
GL141BU,19,10,9,9
GL141BW,11,6,5,5
GL141BX,2,1,1,1
GL141BY,32,13,19,16
GL141BZ,8,4,4,4
GL141DA,24,15,9,10
GL141DB,14,7,7,5
GL141DD,26,14,12,10
GL141DF,53,28,25,24
GL141DG,30,11,19,11
GL141DH,19,8,11,6
GL141DJ,40,19,21,22
GL141DL,23,10,13,16
GL141DN,6,4,2,4
GL141DP,31,16,15,13
GL141DQ,16,9,7,11
GL141DS,4,2,2,1
GL141DT,15,6,9,5
GL141DU,5,3,2,2
GL141DW,62,34,28,26
GL141DX,14,5,9,4
GL141DY,9,3,6,1
GL141DZ,16,7,9,5
GL141EB,6,3,3,3
GL141ED,28,15,13,9
GL141EE,4,2,2,1
GL141EF,79,44,35,15
GL141EG,9,4,5,3
GL141EH,9,4,5,3
GL141EJ,10,5,5,7
GL141EL,18,10,8,9
GL141EN,7,3,4,3
GL141EP,14,9,5,6
GL141EQ,6,3,3,2
GL141ER,17,8,9,6
GL141ES,23,11,12,7
GL141ET,4,2,2,2
GL141EU,2,1,1,1
GL141EW,39,22,17,15
GL141EX,10,6,4,3
GL141HG,2,1,1,1
GL141HH,34,17,17,10
GL141HJ,24,7,17,5
GL141HL,6,3,3,3
GL141HN,5,3,2,2
GL141HP,3,2,1,1
GL141HQ,30,17,13,11
GL141HW,22,11,11,14
GL141JA,6,5,1,1
GL141JB,37,20,17,15
GL141JD,6,1,5,4
GL141JE,17,10,7,10
GL141JF,44,30,14,0
GL141JG,17,12,5,6
GL141JH,3,2,1,2
GL141JJ,29,14,15,14
GL141JL,9,5,4,5
GL141JN,20,7,13,7
GL141JP,1,0,1,1
GL141JQ,13,7,6,6
GL141JR,46,23,23,16
GL141JS,16,8,8,6
GL141JT,19,10,9,9
GL141JU,15,6,9,6
GL141JW,20,10,10,7
GL141JX,35,18,17,16
GL141JY,14,10,4,5
GL141JZ,19,9,10,7
GL141LA,2,1,1,1
GL141LB,11,5,6,3
GL141LD,54,31,23,21
GL141LE,54,31,23,20
GL141LH,14,8,6,4
GL141LN,42,23,19,17
GL141LP,8,4,4,3
GL141LR,18,12,6,10
GL141LS,27,14,13,7
GL141LT,4,2,2,2
GL141LU,4,3,1,1
GL141LW,6,3,3,3
GL141LX,12,6,6,6
GL141LY,19,11,8,8
GL141LZ,3,2,1,2
GL141NA,57,28,29,24
GL141NB,72,34,38,29
GL141ND,23,11,12,10
GL141NE,14,9,5,5
GL141NF,11,7,4,3
GL141NG,4,2,2,2
GL141NH,7,4,3,3
GL141PA,41,20,21,16
GL141PD,46,12,34,9
GL141PE,3,2,1,2
GL141PF,7,4,3,3
GL141PG,22,10,12,8
GL141PH,29,17,12,13
GL141PJ,27,17,10,12
GL141PL,52,28,24,23
GL141PN,6,3,3,3
GL141PP,3,1,2,1
GL141PQ,26,14,12,7
GL141PR,16,8,8,5
GL141PS,18,9,9,7
GL141PT,5,2,3,2
GL141PU,116,53,63,44
GL141PW,7,4,3,3
GL141QA,8,3,5,4
GL141QB,36,19,17,14
GL141QD,5,4,1,2
GL141QE,1,1,0,1
GL141QF,2,1,1,1
GL141QG,71,38,33,27
GL141QH,70,38,32,20
GL141QJ,5,4,1,1
GL141QN,9,5,4,3
GL141QP,30,14,16,11
GL141QQ,11,6,5,5
GL141QR,20,9,11,6
GL141QS,17,9,8,6
GL141QT,13,6,7,6
GL141QU,32,16,16,9
GL141QX,54,26,28,19
GL141QY,11,5,6,4
GL141QZ,91,47,44,30
GL141RA,21,12,9,10
GL141RB,4,3,1,2
GL141RD,13,4,9,8
GL141RE,20,10,10,7
GL141RF,16,8,8,6
GL141SA,9,4,5,4
GL142AA,122,57,65,49
GL142AB,27,14,13,18
GL142AF,2,2,0,1
GL142AG,42,22,20,18
GL142AH,63,31,32,25
GL142AJ,17,10,7,7
GL142AN,3,1,2,1
GL142AP,7,5,2,2
GL142AQ,25,13,12,9
GL142AR,24,16,8,10
GL142AS,15,9,6,8
GL142AT,26,16,10,12
GL142AU,1,1,0,1
GL142AW,3,2,1,2
GL142AX,39,18,21,17
GL142AY,32,17,15,11
GL142AZ,1,1,0,1
GL142BA,11,7,4,5
GL142BB,17,9,8,7
GL142BD,15,7,8,7
GL142BE,55,25,30,22
GL142BG,10,5,5,4
GL142BH,33,16,17,16
GL142BJ,26,13,13,15
GL142BL,7,3,4,2
GL142BN,3,2,1,2
GL142BP,2,1,1,1
GL142BQ,17,8,9,7
GL142BS,2,2,0,1
GL142BT,14,10,4,11
GL142BU,10,5,5,5
GL142BW,19,10,9,9
GL142BX,31,12,19,16
GL142BY,15,6,9,7
GL142DA,25,10,15,10
GL142DD,86,46,40,36
GL142DE,138,66,72,54
GL142DF,9,3,6,8
GL142DG,74,31,43,29
GL142DH,39,15,24,18
GL142DJ,25,12,13,12
GL142DL,17,8,9,9
GL142DN,10,4,6,4
GL142DP,35,14,21,19
GL142DQ,24,14,10,11
GL142DR,55,24,31,27
GL142DS,60,31,29,19
GL142DT,15,7,8,7
GL142DU,31,15,16,8
GL142DW,94,39,55,37
GL142DX,14,6,8,6
GL142DY,25,12,13,7
GL142DZ,17,9,8,7
GL142EA,103,57,46,44
GL142EB,27,14,13,11
GL142ED,46,20,26,16
GL142EE,10,4,6,5
GL142EF,40,23,17,19
GL142EG,42,23,19,19
GL142EH,91,48,43,40
GL142EJ,5,2,3,2
GL142EN,89,34,55,38
GL142EP,81,42,39,35
GL142EQ,9,6,3,2
GL142ER,41,19,22,15
GL142ES,32,17,15,13
GL142ET,60,27,33,27
GL142EU,4,1,3,2
GL142EW,30,11,19,23
GL142EX,8,4,4,3
GL142EY,33,12,21,14
GL142EZ,41,20,21,18
GL142FB,80,36,44,26
GL142FD,19,11,8,10
GL142HA,27,16,11,10
GL142HB,14,5,9,8
GL142HD,31,13,18,15
GL142HE,11,5,6,4
GL142HF,3,1,2,2
GL142HG,11,8,3,4
GL142HH,22,10,12,10
GL142HJ,29,17,12,11
GL142HL,35,20,15,16
GL142HN,12,8,4,4
GL142HP,33,21,12,28
GL142HQ,31,15,16,12
GL142HR,28,15,13,13
GL142HS,115,54,61,47
GL142HT,24,11,13,21
GL142HU,60,30,30,24
GL142HW,37,20,17,18
GL142HX,8,6,2,4
GL142HY,11,6,5,4
GL142HZ,40,25,15,18
GL142JA,35,15,20,23
GL142JB,20,8,12,16
GL142JD,12,3,9,9
GL142JE,11,7,4,7
GL142JG,13,5,8,10
GL142JH,46,25,21,17
GL142JN,19,6,13,9
GL142JP,33,17,16,15
GL142JQ,26,10,16,14
GL142JS,10,5,5,6
GL142JT,66,30,36,28
GL142JW,31,12,19,12
GL142JX,17,8,9,8
GL142JY,20,10,10,10
GL142JZ,21,8,13,11
GL142LA,43,22,21,18
GL142LB,20,6,14,12
GL142LD,63,29,34,22
GL142LE,12,8,4,5
GL142LF,39,20,19,15
GL142LJ,67,35,32,26
GL142LL,80,42,38,34
GL142LN,3,2,1,2
GL142LP,60,25,35,30
GL142LQ,27,8,19,26
GL142LR,12,4,8,7
GL142LS,21,9,12,10
GL142LT,15,6,9,7
GL142LU,10,4,6,6
GL142LW,36,18,18,16
GL142LX,8,3,5,3
GL142LY,43,20,23,20
GL142LZ,19,8,11,6
GL142NA,13,4,9,5
GL142ND,30,15,15,14
GL142NE,38,16,22,17
GL142NF,31,8,23,25
GL142NG,147,73,74,57
GL142NH,8,2,6,4
GL142NL,41,24,17,18
GL142NP,35,18,17,18
GL142NR,8,4,4,4
GL142NS,72,37,35,34
GL142NT,36,18,18,15
GL142NU,67,30,37,31
GL142NW,82,44,38,30
GL142NY,9,5,4,5
GL142PA,62,29,33,27
GL142PD,39,19,20,15
GL142PE,25,7,18,10
GL142PF,50,24,26,24
GL142PG,88,46,42,38
GL142PL,27,11,16,13
GL142PP,11,8,3,4
GL142PR,20,10,10,10
GL142PS,28,14,14,11
GL142PT,30,14,16,11
GL142PU,19,8,11,8
GL142PW,12,8,4,4
GL142PX,91,39,52,47
GL142PY,47,22,25,21
GL142PZ,34,14,20,12
GL142QA,3,2,1,3
GL142QH,76,36,40,23
GL142QJ,31,20,11,11
GL142QL,23,12,11,7
GL142QN,29,13,16,13
GL142QP,54,29,25,20
GL142QR,29,17,12,9
GL142QS,30,15,15,11
GL142QT,57,26,31,25
GL142QU,27,11,16,12
GL142QW,38,17,21,15
GL142QX,10,3,7,5
GL142QY,47,22,25,16
GL142QZ,7,4,3,5
GL142RA,33,17,16,13
GL142RB,12,5,7,7
GL142RD,34,16,18,15
GL142RE,23,12,11,11
GL142RF,27,15,12,12
GL142RG,12,5,7,6
GL142RH,26,14,12,10
GL142RJ,91,51,40,37
GL142RL,35,15,20,20
GL142RN,25,11,14,11
GL142RP,11,4,7,6
GL142RQ,43,24,19,14
GL142RR,32,17,15,15
GL142RT,43,23,20,21
GL142RU,35,18,17,20
GL142RW,39,26,13,23
GL142RX,26,15,11,12
GL142RZ,8,3,5,5
GL142SA,90,43,47,30
GL142SE,2,2,0,1
GL142SH,11,7,4,7
GL142SL,13,7,6,8
GL142SP,7,3,4,4
GL142SQ,1,0,1,1
GL142ST,9,5,4,4
GL142SU,27,15,12,13
GL142SW,151,70,81,64
GL142SX,7,3,4,4
GL142SZ,55,36,19,38
GL142TA,32,16,16,12
GL142TB,77,42,35,34
GL142TD,41,23,18,23
GL142TE,85,37,48,41
GL142TF,86,43,43,40
GL142TG,24,13,11,13
GL142TH,18,7,11,8
GL142TJ,43,17,26,18
GL142TL,39,18,21,21
GL142TN,12,4,8,4
GL142TP,7,3,4,3
GL142TQ,16,8,8,7
GL142TS,15,7,8,8
GL142TT,12,6,6,6
GL142TU,5,4,1,3
GL142TX,114,56,58,44
GL142TY,40,18,22,19
GL142TZ,97,47,50,43
GL142UA,51,22,29,19
GL142UB,33,19,14,14
GL142UD,8,3,5,5
GL142UE,6,2,4,3
GL142UF,17,7,10,6
GL142UG,25,12,13,12
GL142UH,2,1,1,1
GL142UQ,17,8,9,9
GL142XA,13,4,9,7
GL142XB,10,5,5,7
GL142XD,6,2,4,4
GL142XE,23,12,11,9
GL142XP,23,7,16,20
GL142XQ,13,9,4,8
GL142XW,99,48,51,38
GL142YA,1,1,0,1
GL142YD,7,4,3,5
GL143AA,4,2,2,3
GL143AB,65,28,37,22
GL143AD,132,76,56,63
GL143AE,134,69,65,54
GL143AF,37,19,18,16
GL143AG,5,2,3,3
GL143AH,16,7,9,7
GL143AJ,67,34,33,29
GL143AL,57,29,28,22
GL143AN,30,16,14,12
GL143AP,22,9,13,5
GL143AQ,3,2,1,1
GL143AR,14,10,4,4
GL143AS,11,6,5,4
GL143AT,13,6,7,7
GL143AU,30,14,16,10
GL143AW,57,25,32,21
GL143AX,8,4,4,4
GL143AY,32,12,20,14
GL143AZ,19,11,8,5
GL143BA,39,23,16,15
GL143BB,17,8,9,8
GL143BD,12,8,4,4
GL143BE,26,15,11,11
GL143BH,7,4,3,3
GL143BJ,2,1,1,1
GL143BL,76,41,35,25
GL143BN,25,13,12,10
GL143BP,10,4,6,4
GL143BS,5,3,2,2
GL143BT,16,9,7,8
GL143BU,18,7,11,9
GL143BW,1,1,0,1
GL143BX,157,77,80,59
GL143BY,20,11,9,8
GL143BZ,22,13,9,8
GL143DA,13,7,6,5
GL143DB,17,9,8,9
GL143DD,18,8,10,7
GL143DE,16,8,8,5
GL143DF,3,2,1,1
GL143DG,37,19,18,18
GL143DH,1,0,1,1
GL143DJ,7,3,4,2
GL143DL,9,3,6,4
GL143DN,32,12,20,16
GL143DP,61,28,33,32
GL143DQ,22,11,11,10
GL143DR,18,8,10,6
GL143DS,71,39,32,26
GL143DT,23,11,12,9
GL143DU,55,30,25,21
GL143DW,46,23,23,21
GL143DX,29,15,14,12
GL143DY,69,34,35,27
GL143DZ,6,3,3,3
GL143EA,3,1,2,1
GL143EB,120,56,64,56
GL143ED,56,24,32,29
GL143EE,19,9,10,10
GL143EF,112,58,54,46
GL143EG,75,35,40,32
GL143EH,110,47,63,47
GL143EJ,18,10,8,7
GL143EL,33,18,15,14
GL143EN,19,10,9,8
GL143EP,11,6,5,6
GL143EQ,16,10,6,5
GL143ER,103,54,49,34
GL143ES,20,12,8,9
GL143ET,20,12,8,9
GL143EU,4,1,3,3
GL143EW,6,4,2,2
GL143EX,12,7,5,6
GL143EY,40,19,21,17
GL143EZ,7,4,3,2
GL143FB,8,3,5,3
GL143FD,26,14,12,11
GL143HA,13,9,4,6
GL143HB,18,10,8,9
GL143HD,14,7,7,6
GL143HF,2,2,0,1
GL143HG,43,19,24,17
GL143HH,18,7,11,7
GL143HJ,16,7,9,6
GL143HL,76,34,42,39
GL143HN,27,13,14,11
GL143HP,73,32,41,28
GL143HQ,41,19,22,19
GL143HS,13,5,8,6
GL143HU,5,3,2,2
GL143HW,2,1,1,1
GL143HY,15,8,7,6
GL143JB,51,26,25,21
GL143JD,104,59,45,49
GL143JE,42,23,19,20
GL143JH,34,17,17,16
GL143JJ,10,5,5,4
GL143JL,8,6,2,2
GL143JN,1,1,0,1
GL143JQ,11,5,6,4
GL143JS,36,17,19,13
GL143JT,6,2,4,5
GL143JU,10,6,4,3
GL143JX,14,7,7,4
GL143JY,7,4,3,3
GL143JZ,8,4,4,4
GL143LA,5,2,3,3
GL143LB,27,17,10,10
GL143LD,14,8,6,6
GL143LE,2,1,1,1
GL143LF,25,12,13,13
GL143LG,43,22,21,13
GL143LH,27,14,13,10
GL143LJ,10,3,7,5
GL143LL,36,20,16,16
GL143LN,44,21,23,12
GL143LQ,12,6,6,5
GL143NA,4,2,2,2
GL143NB,12,7,5,4
GL143ND,18,7,11,10
GL143NE,35,12,23,18
GL143NF,38,15,23,11
GL143NG,59,31,28,24
GL143NH,39,25,14,13
GL143NJ,34,18,16,9
GL143NL,66,35,31,25
GL143NN,51,27,24,24
GL143NP,2,1,1,1
GL143NQ,26,14,12,11
GL143NR,16,9,7,8
GL143NT,18,7,11,8
GL143NU,7,4,3,1
GL143NW,4,2,2,2
GL143NX,12,5,7,4
GL143NY,4,2,2,2
GL143NZ,2,1,1,1
GL143PA,16,7,9,7
GL143PB,50,27,23,25
GL143PD,27,11,16,16
GL143PE,9,6,3,4
GL143PF,25,17,8,7
GL143PG,94,43,51,50
GL143YA,2,1,1,1
GL143YB,2,1,1,1
GL154AA,104,50,54,37
GL154AB,29,13,16,12
GL154AD,8,4,4,2
GL154AE,26,12,14,13
GL154AF,15,7,8,7
GL154AG,5,3,2,3
GL154AH,4,2,2,2
GL154AJ,74,36,38,33
GL154AL,6,3,3,2
GL154AN,8,4,4,2
GL154AP,3,1,2,2
GL154AQ,16,8,8,8
GL154AR,7,4,3,2
GL154AS,12,6,6,5
GL154AT,13,6,7,4
GL154AU,20,10,10,7
GL154AW,45,21,24,19
GL154AX,31,17,14,14
GL154AY,17,6,11,6
GL154AZ,4,1,3,3
GL154BA,4,1,3,1
GL154BG,23,11,12,10
GL154BH,44,22,22,17
GL154BJ,28,13,15,11
GL154BL,42,23,19,17
GL154BN,38,19,19,16
GL154BS,50,29,21,20
GL154BT,38,17,21,18
GL154BW,8,2,6,3
GL154DA,13,6,7,8
GL154DB,21,12,9,9
GL154DD,31,15,16,13
GL154DE,33,15,18,13
GL154DF,26,17,9,13
GL154DG,27,15,12,11
GL154DH,39,19,20,18
GL154DJ,8,4,4,4
GL154DP,11,6,5,4
GL154DQ,36,17,19,13
GL154DR,14,6,8,6
GL154DS,15,9,6,1
GL154DT,48,23,25,18
GL154DU,127,58,69,61
GL154DW,37,19,18,15
GL154DX,32,17,15,9
GL154DY,41,19,22,17
GL154DZ,16,9,7,6
GL154EA,2,1,1,1
GL154EB,31,10,21,7
GL154ED,64,35,29,23
GL154EE,2,1,1,1
GL154EF,3,2,1,1
GL154EG,14,6,8,7
GL154EH,67,35,32,29
GL154ES,18,11,7,6
GL154ET,25,11,14,9
GL154EU,29,14,15,10
GL154EX,22,12,10,6
GL154EY,2,1,1,1
GL154EZ,11,7,4,4
GL154HA,12,7,5,8
GL154HB,44,16,28,16
GL154HG,14,7,7,5
GL154HH,20,10,10,8
GL154HJ,10,6,4,4
GL154HL,6,4,2,2
GL154HN,20,7,13,8
GL154HP,1,0,1,1
GL154HQ,17,8,9,9
GL154HR,39,21,18,20
GL154HS,7,3,4,2
GL154HT,1,1,0,1
GL154HU,7,5,2,2
GL154JA,30,15,15,11
GL154JD,29,15,14,7
GL154JE,14,6,8,5
GL154JF,13,7,6,6
GL154JH,6,4,2,1
GL154JJ,11,7,4,6
GL154JL,14,6,8,8
GL154JN,32,16,16,12
GL154JP,41,17,24,18
GL154JQ,19,10,9,10
GL154JR,5,3,2,2
GL154JU,46,24,22,24
GL154JW,10,6,4,6
GL154JX,75,40,35,34
GL154JY,43,18,25,15
GL154LG,12,7,5,5
GL154LH,9,4,5,6
GL154LJ,21,8,13,10
GL154LL,25,12,13,13
GL154LN,28,17,11,12
GL154LP,20,14,6,8
GL154LQ,9,5,4,4
GL154LR,14,8,6,7
GL154LS,6,2,4,2
GL154LT,16,7,9,7
GL154LU,15,8,7,6
GL154LW,4,1,3,2
GL154LX,18,10,8,10
GL154LY,15,6,9,7
GL154LZ,34,18,16,16
GL154NA,12,5,7,6
GL154NB,14,8,6,8
GL154ND,12,4,8,5
GL154NE,14,7,7,6
GL154NF,21,10,11,6
GL154NG,6,3,3,3
GL154NH,13,6,7,6
GL154NJ,9,4,5,4
GL154NL,12,6,6,6
GL154NN,26,12,14,11
GL154NQ,11,5,6,4
GL154NR,42,20,22,20
GL154NS,19,9,10,9
GL154NT,62,26,36,26
GL154NU,16,8,8,7
GL154NW,15,7,8,6
GL154NX,25,14,11,9
GL154NY,56,29,27,25
GL154PA,6,2,4,3
GL154PB,11,4,7,5
GL154PD,4,3,1,2
GL154PE,11,4,7,3
GL154PF,33,15,18,15
GL154PG,5,2,3,4
GL154PH,8,5,3,3
GL154PJ,9,4,5,6
GL154PL,87,41,46,29
GL154PN,47,22,25,19
GL154PP,52,24,28,23
GL154PQ,115,59,56,49
GL154PR,8,5,3,4
GL154PS,6,3,3,3
GL154PT,5,3,2,1
GL154PU,4,2,2,2
GL154PW,10,4,6,3
GL154PX,22,11,11,9
GL154PZ,3,2,1,1
GL154QA,6,3,3,3
GL154QB,9,4,5,3
GL154QD,1,1,0,1
GL154QE,18,10,8,7
GL154QF,13,9,4,5
GL154QG,2,1,1,1
GL154QH,22,11,11,9
GL154QJ,24,11,13,10
GL154QL,27,15,12,12
GL154QN,2,1,1,1
GL154QP,7,4,3,5
GL154QQ,10,4,6,3
GL154QS,2,1,1,1
GL154QT,22,11,11,11
GL154QU,29,13,16,15
GL154QW,21,9,12,9
GL154QX,44,23,21,15
GL154QY,50,28,22,18
GL154QZ,25,15,10,10
GL154RA,32,19,13,13
GL154RB,28,10,18,10
GL154RD,28,13,15,14
GL154RE,53,24,29,22
GL154RF,7,3,4,4
GL154RG,16,9,7,5
GL154RH,9,5,4,5
GL154RJ,11,5,6,6
GL154RL,32,14,18,17
GL154RN,29,15,14,14
GL154RP,7,3,4,2
GL154RQ,41,19,22,20
GL154RR,14,8,6,8
GL154RS,52,27,25,21
GL154RT,50,29,21,20
GL154RU,17,9,8,8
GL154RW,16,7,9,8
GL154RX,14,6,8,7
GL154RY,13,7,6,5
GL154RZ,28,13,15,14
GL154SA,44,20,24,20
GL154SB,29,15,14,16
GL154SD,116,60,56,35
GL154SE,40,21,19,22
GL154SF,82,45,37,26
GL154SG,86,44,42,35
GL154SH,52,24,28,30
GL154SJ,15,7,8,8
GL154SL,2,1,1,1
GL154SN,20,10,10,7
GL154SP,57,25,32,27
GL154SQ,11,3,8,8
GL154SR,57,21,36,18
GL154SS,63,32,31,24
GL154ST,18,11,7,9
GL154SW,7,4,3,3
GL154SY,52,20,32,20
GL154SZ,3,0,3,2
GL154TA,12,7,5,5
GL154TB,6,3,3,4
GL154TD,63,32,31,20
GL154TE,24,12,12,10
GL154TF,21,12,9,8
GL154TG,16,8,8,6
GL154TH,11,5,6,4
GL154TJ,58,25,33,24
GL154TL,49,25,24,22
GL154TN,33,16,17,14
GL154TP,42,21,21,16
GL154TQ,49,25,24,18
GL154TR,56,27,29,16
GL154TS,5,1,4,3
GL154TT,14,6,8,7
GL154TU,56,29,27,20
GL154TW,13,7,6,7
GL154TX,10,6,4,5
GL154TY,13,6,7,6
GL154TZ,16,6,10,5
GL154UA,15,7,8,4
GL154UB,27,14,13,10
GL155AB,3,1,2,1
GL155AD,44,23,21,22
GL155AE,28,11,17,21
GL155AF,67,37,30,24
GL155AG,21,9,12,10
GL155AH,78,37,41,34
GL155AJ,66,31,35,27
GL155AL,27,14,13,19
GL155AN,16,8,8,5
GL155AP,7,4,3,2
GL155AQ,36,16,20,18
GL155AR,82,47,35,26
GL155AS,98,47,51,35
GL155AT,34,20,14,12
GL155AW,20,10,10,9
GL155AX,29,12,17,9
GL155AY,10,7,3,4
GL155AZ,31,15,16,12
GL155BA,60,28,32,24
GL155BB,108,41,67,25
GL155BD,30,11,19,10
GL155BE,23,9,14,6
GL155BG,19,9,10,8
GL155BH,72,31,41,32
GL155BJ,31,15,16,10
GL155BL,106,52,54,35
GL155BN,90,46,44,32
GL155BP,10,7,3,8
GL155BQ,13,5,8,6
GL155BS,30,13,17,8
GL155BT,21,7,14,16
GL155BU,90,43,47,34
GL155BW,34,17,17,12
GL155BX,29,16,13,13
GL155BY,5,4,1,4
GL155BZ,10,4,6,4
GL155DD,25,12,13,11
GL155DF,117,62,55,48
GL155DG,79,43,36,29
GL155DH,26,13,13,10
GL155DJ,61,28,33,27
GL155DL,20,9,11,10
GL155DP,29,17,12,19
GL155DQ,36,17,19,18
GL155DU,2,2,0,2
GL155EA,16,9,7,6
GL155ED,49,22,27,23
GL155EE,40,19,21,17
GL155EF,7,2,5,5
GL155EG,14,5,9,4
GL155EH,33,15,18,12
GL155EP,77,38,39,39
GL155ER,18,9,9,7
GL155ES,23,8,15,13
GL155ET,2,2,0,2
GL155EW,33,17,16,11
GL155EX,36,16,20,20
GL155EY,42,18,24,19
GL155FB,36,20,16,14
GL155FD,74,34,40,29
GL155FF,11,4,7,4
GL155GE,2,1,1,1
GL155GZ,29,14,15,9
GL155HG,56,22,34,29
GL155HJ,4,1,3,3
GL155HP,3,2,1,1
GL155HR,38,22,16,16
GL155HS,33,21,12,10
GL155HU,106,51,55,43
GL155HW,8,3,5,4
GL155HX,19,13,6,6
GL155HY,86,39,47,36
GL155HZ,37,19,18,16
GL155JA,33,15,18,18
GL155JB,8,3,5,5
GL155JD,128,63,65,55
GL155JE,61,29,32,21
GL155JG,14,6,8,8
GL155JH,41,20,21,15
GL155JL,7,2,5,4
GL155JN,3,2,1,1
GL155JP,37,17,20,31
GL155JQ,5,2,3,3
GL155JR,41,16,25,21
GL155JT,9,5,4,3
GL155JU,28,8,20,23
GL155JW,9,4,5,3
GL155JX,7,2,5,6
GL155JZ,8,5,3,4
GL155LA,4,2,2,2
GL155LB,62,27,35,24
GL155LD,27,14,13,15
GL155LE,24,14,10,11
GL155LF,103,52,51,37
GL155LG,43,23,20,16
GL155LH,38,19,19,19
GL155LJ,85,43,42,31
GL155LL,45,22,23,19
GL155LN,35,19,16,15
GL155LP,62,32,30,19
GL155LQ,52,29,23,18
GL155LR,60,28,32,18
GL155LS,11,5,6,4
GL155LT,19,9,10,7
GL155LU,45,24,21,12
GL155LW,27,16,11,10
GL155LX,10,5,5,4
GL155LY,76,40,36,29
GL155LZ,78,42,36,34
GL155NA,27,15,12,9
GL155NB,51,25,26,18
GL155ND,32,16,16,13
GL155NE,88,46,42,27
GL155NF,43,19,24,38
GL155NG,18,9,9,7
GL155NH,30,13,17,22
GL155NJ,69,35,34,29
GL155NN,83,44,39,33
GL155NP,54,27,27,23
GL155NR,24,10,14,13
GL155NS,152,77,75,49
GL155NT,46,21,25,15
GL155NU,100,48,52,38
GL155NW,24,12,12,8
GL155NX,36,14,22,21
GL155NY,49,25,24,17
GL155NZ,82,35,47,28
GL155PA,8,4,4,3
GL155PB,7,2,5,3
GL155PD,66,33,33,25
GL155PE,15,6,9,11
GL155PF,40,21,19,16
GL155PG,73,30,43,31
GL155PH,31,14,17,20
GL155PJ,41,19,22,31
GL155PL,65,27,38,32
GL155PN,34,13,21,19
GL155PP,13,4,9,5
GL155PQ,67,30,37,28
GL155PR,5,2,3,2
GL155PS,55,30,25,22
GL155PT,14,8,6,6
GL155PW,18,9,9,11
GL155PY,120,63,57,45
GL155PZ,44,22,22,17
GL155QA,84,38,46,46
GL155QB,65,30,35,35
GL155QD,92,46,46,26
GL155QE,61,34,27,24
GL155QF,75,35,40,31
GL155QH,5,3,2,4
GL155QJ,61,33,28,22
GL155QL,18,10,8,7
GL155QN,60,30,30,23
GL155QP,36,19,17,22
GL155QQ,18,7,11,7
GL155QR,74,36,38,33
GL155QS,29,15,14,8
GL155QT,33,20,13,12
GL155QU,8,5,3,3
GL155QW,69,31,38,23
GL155QX,35,17,18,18
GL155QZ,11,7,4,7
GL155RA,18,9,9,10
GL155RF,5,4,1,4
GL155RH,11,6,5,4
GL155RJ,10,6,4,9
GL155RL,17,8,9,11
GL155RN,12,8,4,6
GL155RR,22,12,10,10
GL155RS,29,12,17,14
GL155RT,39,18,21,14
GL155RU,8,6,2,7
GL155SD,86,41,45,34
GL155SE,16,9,7,6
GL155SF,67,33,34,27
GL155SG,41,19,22,19
GL155SH,53,30,23,26
GL155SJ,65,33,32,31
GL155SL,51,22,29,28
GL155SN,33,16,17,15
GL155SP,61,31,30,25
GL155SQ,162,70,92,69
GL155SR,13,7,6,3
GL155SS,87,45,42,38
GL155ST,100,48,52,41
GL155SU,18,9,9,9
GL155SW,79,37,42,35
GL155SX,37,17,20,16
GL155SY,55,26,29,25
GL155SZ,57,23,34,25
GL155TA,65,32,33,27
GL155TB,33,14,19,17
GL155TD,29,13,16,16
GL155TE,15,6,9,8
GL155TG,30,14,16,13
GL155TH,53,22,31,18
GL155TJ,194,95,99,90
GL155TL,30,16,14,12
GL155TN,21,11,10,7
GL155TP,16,6,10,8
GL155TQ,9,4,5,4
GL155UA,13,3,10,9
GL155UB,11,4,7,7
GL156AA,13,8,5,7
GL156AB,5,3,2,3
GL156AD,17,8,9,7
GL156AE,24,10,14,10
GL156AF,8,4,4,4
GL156AG,6,3,3,2
GL156AH,2,2,0,1
GL156AJ,20,12,8,5
GL156AL,5,3,2,2
GL156AN,37,20,17,21
GL156AP,96,51,45,35
GL156AQ,1,0,1,1
GL156AR,49,21,28,17
GL156AT,39,20,19,14
GL156AU,13,8,5,5
GL156AW,78,42,36,33
GL156AX,11,5,6,6
GL156AY,2,1,1,1
GL156AZ,8,2,6,7
GL156BA,29,13,16,17
GL156BB,107,52,55,46
GL156BD,36,16,20,14
GL156BE,11,4,7,3
GL156BG,21,10,11,8
GL156BH,34,18,16,15
GL156BJ,27,11,16,11
GL156BL,48,18,30,18
GL156BN,6,4,2,3
GL156BP,7,3,4,2
GL156BQ,14,6,8,7
GL156BS,9,3,6,4
GL156BT,9,5,4,8
GL156BU,26,14,12,11
GL156BW,3,1,2,2
GL156BX,25,11,14,10
GL156BY,18,6,12,11
GL156BZ,41,21,20,18
GL156DA,16,8,8,8
GL156DB,53,27,26,23
GL156DD,65,31,34,30
GL156DE,36,16,20,14
GL156DF,54,28,26,24
GL156DG,7,4,3,3
GL156DH,17,8,9,6
GL156DJ,22,10,12,11
GL156DL,43,25,18,19
GL156DN,38,21,17,16
GL156DP,60,32,28,24
GL156DQ,23,11,12,12
GL156DR,31,16,15,13
GL156DS,4,2,2,2
GL156DT,13,5,8,7
GL156DU,19,9,10,9
GL156DW,38,18,20,15
GL156DX,29,14,15,15
GL156DY,4,1,3,1
GL156DZ,4,2,2,2
GL156EA,26,15,11,11
GL156EB,17,7,10,9
GL156ED,5,2,3,2
GL156EE,98,50,48,38
GL156EF,54,28,26,18
GL156EG,72,36,36,29
GL156EH,32,17,15,11
GL156EJ,13,7,6,6
GL156EN,11,6,5,5
GL156EP,17,8,9,8
GL156EQ,15,8,7,7
GL156ER,20,10,10,7
GL156ES,35,17,18,14
GL156ET,3,2,1,2
GL156EU,17,9,8,11
GL156EW,17,7,10,7
GL156EX,12,5,7,5
GL156EY,6,2,4,4
GL156EZ,3,2,1,2
GL156FB,29,15,14,9
GL156FD,14,6,8,5
GL156FE,4,2,2,3
GL156FG,15,10,5,8
GL156GA,17,8,9,6
GL156HA,4,2,2,1
GL156HB,10,5,5,5
GL156HD,65,30,35,31
GL156HE,62,29,33,25
GL156HF,85,43,42,33
GL156HG,64,32,32,27
GL156HH,48,25,23,23
GL156HJ,50,24,26,23
GL156HL,17,9,8,8
GL156HN,30,16,14,12
GL156HQ,54,29,25,21
GL156HS,68,35,33,27
GL156HT,1,1,0,1
GL156HU,10,7,3,4
GL156HW,42,19,23,17
GL156HX,20,9,11,8
GL156HY,5,1,4,3
GL156HZ,8,4,4,5
GL156JA,10,4,6,4
GL156JB,27,13,14,10
GL156JE,1,0,1,1
GL156JF,35,19,16,18
GL156JG,25,12,13,10
GL156JH,47,27,20,28
GL156JJ,19,8,11,6
GL156JL,30,17,13,12
GL156JN,3,1,2,2
GL156JQ,15,4,11,12
GL156JR,9,4,5,4
GL156JS,48,26,22,21
GL156JT,50,26,24,18
GL156JU,15,7,8,4
GL156JW,8,3,5,2
GL156JX,16,6,10,7
GL156JY,87,47,40,31
GL156JZ,93,43,50,39
GL156LA,59,29,30,26
GL156LB,41,18,23,18
GL156LD,47,19,28,29
GL156LE,11,5,6,7
GL156LF,12,5,7,5
GL156LG,8,5,3,5
GL156LJ,17,7,10,6
GL156LL,37,19,18,16
GL156LN,18,8,10,8
GL156LP,2,0,2,1
GL156LQ,64,29,35,31
GL156LR,27,12,15,12
GL156LS,16,8,8,6
GL156LU,28,11,17,13
GL156LW,50,24,26,21
GL156LX,144,71,73,54
GL156LY,10,5,5,4
GL156LZ,26,11,15,13
GL156NA,34,18,16,17
GL156NB,63,30,33,25
GL156ND,68,35,33,28
GL156NE,48,23,25,21
GL156NF,12,6,6,5
GL156NG,88,45,43,37
GL156NH,18,12,6,7
GL156NJ,27,14,13,11
GL156NL,9,3,6,6
GL156NN,26,11,15,14
GL156NP,138,71,67,51
GL156NQ,11,6,5,4
GL156NR,48,24,24,28
GL156NS,17,8,9,8
GL156NT,34,18,16,13
GL156NU,26,14,12,10
GL156NW,40,22,18,16
GL156NX,24,14,10,10
GL156NY,32,15,17,12
GL156NZ,16,9,7,6
GL156PA,25,13,12,12
GL156PB,33,14,19,13
GL156PD,2,1,1,1
GL156PE,158,77,81,64
GL156PF,26,9,17,13
GL156PG,16,6,10,9
GL156PH,25,12,13,10
GL156PJ,25,8,17,11
GL156PL,8,5,3,3
GL156PN,49,23,26,22
GL156PP,31,15,16,10
GL156PQ,39,15,24,17
GL156PR,12,6,6,5
GL156PS,22,10,12,7
GL156PT,49,24,25,18
GL156PU,17,11,6,6
GL156PW,23,12,11,11
GL156PX,41,22,19,15
GL156PY,9,4,5,6
GL156PZ,7,4,3,2
GL156QA,55,26,29,24
GL156QB,10,7,3,6
GL156QD,8,5,3,3
GL156QE,10,5,5,5
GL156QF,13,7,6,5
GL156QG,38,19,19,19
GL156QH,19,8,11,9
GL156QJ,25,11,14,7
GL156QN,1,1,0,1
GL156QP,15,6,9,6
GL156QQ,3,1,2,1
GL156QR,4,2,2,3
GL156QS,10,6,4,3
GL156QT,8,5,3,3
GL156QU,16,9,7,6
GL156QW,37,18,19,12
GL156QX,19,8,11,9
GL156QY,23,11,12,9
GL156QZ,8,6,2,3
GL156RA,14,9,5,5
GL156RD,11,6,5,4
GL156RE,4,2,2,2
GL156RF,21,10,11,10
GL156RH,10,3,7,4
GL156RJ,15,8,7,6
GL156RL,6,3,3,3
GL156RN,4,3,1,1
GL156RP,2,1,1,1
GL156RR,15,8,7,7
GL156RT,16,7,9,8
GL156RU,5,1,4,4
GL156RW,28,13,15,13
GL156RZ,3,2,1,2
GL156SA,34,16,18,15
GL156SB,7,3,4,4
GL156SD,17,7,10,6
GL156SE,31,16,15,12
GL156SF,14,6,8,6
GL156SG,24,13,11,12
GL156SH,5,3,2,2
GL156SJ,4,1,3,2
GL156SL,13,6,7,5
GL156SN,3,2,1,2
GL156SP,21,9,12,7
GL156SQ,17,9,8,7
GL156SR,5,1,4,2
GL156SU,35,16,19,11
GL156SW,13,6,7,5
GL156TA,7,3,4,4
GL156TB,43,23,20,23
GL156TD,16,8,8,7
GL156TE,21,9,12,12
GL156TF,7,4,3,5
GL156TG,21,10,11,13
GL156TH,21,11,10,9
GL156TJ,19,9,10,11
GL156TL,19,10,9,10
GL156TN,92,44,48,40
GL156TP,63,36,27,26
GL156TQ,23,9,14,8
GL156TR,21,10,11,12
GL156TS,3,2,1,2
GL156TT,1,0,1,1
GL156TU,4,2,2,2
GL156TW,30,15,15,9
GL156TX,5,1,4,1
GL156TY,4,2,2,2
GL156TZ,2,1,1,1
GL156UA,80,41,39,34
GL156UB,16,9,7,6
GL156UD,12,6,6,7
GL156UE,14,8,6,7
GL156UG,2,1,1,1
GL156UH,7,3,4,4
GL156UJ,4,2,2,2
GL156UL,25,12,13,9
GL156UN,6,4,2,4
GL156UP,7,5,2,4
GL156UQ,25,13,12,9
GL156UR,13,7,6,7
GL156US,10,5,5,4
GL156UT,28,13,15,11
GL156UU,23,10,13,9
GL156UW,10,5,5,5
GL156UX,25,10,15,12
GL156UY,2,1,1,1
GL156UZ,17,8,9,6
GL156XA,7,5,2,2
GL156XB,7,3,4,4
GL156XD,1,1,0,1
GL156XE,27,13,14,11
GL156XF,11,4,7,4
GL156XG,2,1,1,1
GL156XN,44,26,18,16
GL156XW,43,26,17,12
GL167AA,20,10,10,9
GL167AB,42,19,23,20
GL167AD,55,27,28,20
GL167AE,82,41,41,32
GL167AF,20,10,10,9
GL167AG,65,32,33,24
GL167AH,88,42,46,38
GL167AJ,22,11,11,8
GL167AL,26,14,12,10
GL167AP,15,8,7,8
GL167AQ,53,25,28,23
GL167AR,20,10,10,9
GL167AS,29,17,12,12
GL167AT,70,36,34,27
GL167AU,147,74,73,58
GL167AW,15,8,7,6
GL167AX,13,7,6,5
GL167AY,6,2,4,4
GL167AZ,45,24,21,19
GL167BA,4,2,2,2
GL167BB,2,1,1,1
GL167BD,37,16,21,22
GL167BE,55,31,24,20
GL167BG,6,3,3,3
GL167BH,8,3,5,4
GL167BJ,22,10,12,9
GL167BL,36,18,18,14
GL167BN,6,3,3,4
GL167BP,29,14,15,12
GL167BQ,6,3,3,3
GL167BS,51,25,26,22
GL167BT,33,18,15,14
GL167BU,52,21,31,25
GL167BW,56,33,23,24
GL167BX,60,30,30,27
GL167BY,29,12,17,13
GL167BZ,19,9,10,7
GL167DA,14,8,6,4
GL167DB,6,4,2,2
GL167DE,25,15,10,10
GL167DF,84,45,39,33
GL167DG,56,29,27,25
GL167DH,40,17,23,24
GL167DJ,7,4,3,3
GL167DL,108,57,51,42
GL167DN,20,9,11,8
GL167DP,17,7,10,14
GL167DQ,8,4,4,3
GL167DR,77,34,43,27
GL167DS,35,13,22,12
GL167DT,99,45,54,45
GL167DU,11,5,6,5
GL167DW,59,25,34,27
GL167DX,13,9,4,7
GL167DY,12,7,5,11
GL167DZ,12,7,5,5
GL167EA,48,28,20,24
GL167EB,43,20,23,17
GL167ED,47,23,24,17
GL167EE,9,4,5,4
GL167EF,10,6,4,4
GL167EG,8,4,4,4
GL167EH,13,5,8,6
GL167EN,1,1,0,1
GL167EP,28,16,12,8
GL167EQ,12,5,7,7
GL167ER,2,1,1,1
GL167ES,10,5,5,4
GL167ET,17,7,10,8
GL167EU,10,5,5,6
GL167EW,27,14,13,14
GL167EX,5,1,4,2
GL167EY,13,7,6,6
GL167EZ,13,8,5,4
GL167FA,5,1,4,2
GL167FB,18,9,9,5
GL167FD,15,6,9,6
GL167FE,14,7,7,4
GL167GA,11,4,7,5
GL167GB,5,2,3,3
GL167GD,6,3,3,2
GL167GZ,24,11,13,10
GL167HA,25,12,13,10
GL167HB,29,15,14,15
GL167HD,2,1,1,1
GL167HE,18,6,12,8
GL167HF,63,31,32,28
GL167HG,35,14,21,19
GL167HH,45,25,20,17
GL167HJ,36,13,23,13
GL167HL,36,19,17,18
GL167HN,19,12,7,9
GL167HP,43,20,23,18
GL167HQ,23,14,9,10
GL167HR,5,2,3,3
GL167HS,24,15,9,10
GL167HT,45,26,19,16
GL167HU,49,23,26,21
GL167HW,5,2,3,1
GL167HX,33,15,18,17
GL167HY,39,18,21,23
GL167HZ,35,16,19,14
GL167JA,12,6,6,5
GL167JB,9,5,4,4
GL167JD,21,9,12,12
GL167JE,53,28,25,18
GL167JF,70,34,36,30
GL167JG,62,32,30,25
GL167JH,11,6,5,5
GL167JJ,32,12,20,13
GL167JL,39,16,23,19
GL167JN,43,22,21,19
GL167JP,53,24,29,21
GL167JQ,12,6,6,5
GL167JR,26,14,12,10
GL167JS,26,10,16,13
GL167JW,69,33,36,27
GL167JX,29,16,13,12
GL167JZ,51,24,27,26
GL167LA,92,50,42,38
GL167LB,87,42,45,32
GL167LD,19,9,10,7
GL167LE,42,19,23,17
GL167LF,18,10,8,7
GL167LG,20,7,13,13
GL167LH,22,10,12,7
GL167LJ,31,19,12,13
GL167LL,7,4,3,2
GL167LP,35,17,18,21
GL167LQ,19,9,10,11
GL167LR,79,38,41,30
GL167LS,1,1,0,1
GL167LT,17,10,7,7
GL167LU,21,12,9,9
GL167LX,10,4,6,3
GL167LY,97,51,46,39
GL167LZ,110,54,56,45
GL167NA,53,28,25,19
GL167NE,6,3,3,4
GL167NG,32,16,16,13
GL167NH,21,13,8,9
GL167NJ,45,16,29,25
GL167NN,15,9,6,7
GL167NP,19,12,7,4
GL167NQ,45,20,25,16
GL167NR,58,28,30,21
GL167NS,22,13,9,9
GL167NT,19,8,11,10
GL167NU,23,11,12,11
GL167NX,11,5,6,5
GL167NY,53,30,23,21
GL167NZ,24,15,9,15
GL167PA,43,20,23,17
GL167PB,43,21,22,15
GL167PD,63,30,33,24
GL167PF,6,3,3,4
GL167PG,3,2,1,1
GL167PH,22,10,12,11
GL167PJ,18,6,12,12
GL167PL,18,12,6,8
GL167PN,9,5,4,3
GL167PP,17,7,10,5
GL167PQ,21,11,10,12
GL167PR,46,22,24,21
GL167PS,57,31,26,20
GL167PT,42,23,19,11
GL167PU,87,40,47,34
GL167PW,14,7,7,4
GL167PX,74,36,38,27
GL167PY,32,17,15,13
GL167QA,2,1,1,1
GL167QB,40,20,20,18
GL167QD,35,18,17,15
GL167QE,27,14,13,11
GL167QF,3,2,1,2
GL167QG,42,22,20,13
GL167QH,25,11,14,9
GL167QJ,51,27,24,21
GL167QL,16,8,8,6
GL167QN,72,38,34,26
GL167QP,54,20,34,27
GL167QQ,13,6,7,5
GL167QR,17,8,9,7
GL167QS,61,31,30,27
GL167QT,16,7,9,7
GL167QU,46,25,21,16
GL167QW,1,0,1,1
GL167QX,54,26,28,22
GL167QY,51,24,27,26
GL167QZ,113,57,56,42
GL167RA,18,11,7,5
GL167RB,84,41,43,33
GL167RD,42,17,25,15
GL167RE,10,4,6,3
GL167RF,65,31,34,22
GL167RG,142,67,75,55
GL167RH,67,33,34,22
GL167RJ,10,4,6,9
GL167RP,26,14,12,9
GL167RQ,39,17,22,15
GL167RR,59,26,33,38
GL167RS,43,24,19,18
GL167RT,52,28,24,20
GL167RU,104,50,54,48
GL167RW,14,8,6,6
GL167RX,46,21,25,15
GL167RY,34,14,20,18
GL167RZ,27,13,14,9
GL168AA,12,3,9,6
GL168AB,14,8,6,8
GL168AE,9,5,4,6
GL168AH,7,5,2,7
GL168AJ,40,22,18,18
GL168AL,22,10,12,10
GL168AN,23,10,13,12
GL168AP,21,11,10,17
GL168AQ,7,4,3,4
GL168AR,4,4,0,4
GL168AS,21,10,11,13
GL168AT,6,3,3,3
GL168AU,59,26,33,30
GL168AW,23,18,5,13
GL168AX,30,16,14,13
GL168AY,88,46,42,37
GL168AZ,26,12,14,10
GL168BA,31,20,11,21
GL168BB,31,17,14,19
GL168BD,20,12,8,10
GL168BG,60,28,32,22
GL168BH,32,18,14,19
GL168BJ,5,1,4,4
GL168BL,23,11,12,12
GL168BN,45,18,27,23
GL168BP,10,6,4,4
GL168BS,56,20,36,34
GL168BT,24,14,10,12
GL168BU,19,13,6,12
GL168BW,39,17,22,13
GL168BX,97,41,56,51
GL168BY,54,26,28,24
GL168BZ,32,14,18,14
GL168DA,58,25,33,44
GL168DB,88,44,44,30
GL168DD,28,16,12,20
GL168DE,76,37,39,38
GL168DF,92,54,38,39
GL168DG,14,8,6,6
GL168DH,13,8,5,7
GL168DJ,10,5,5,6
GL168DL,17,7,10,8
GL168DN,78,35,43,31
GL168DP,8,4,4,5
GL168DQ,17,6,11,8
GL168DR,84,38,46,30
GL168DS,62,34,28,23
GL168DT,12,6,6,5
GL168DU,6,1,5,5
GL168DW,31,15,16,14
GL168DX,8,4,4,3
GL168DY,62,29,33,22
GL168DZ,51,26,25,17
GL168EA,24,14,10,7
GL168EB,17,7,10,6
GL168ED,45,21,24,15
GL168EE,15,8,7,8
GL168EF,13,4,9,4
GL168EG,47,21,26,17
GL168EH,118,61,57,37
GL168EJ,110,44,66,32
GL168EL,36,16,20,12
GL168EN,93,45,48,47
GL168EP,30,14,16,19
GL168EQ,36,16,20,16
GL168ER,13,8,5,7
GL168EW,28,14,14,21
GL168HA,9,6,3,6
GL168HF,2,1,1,2
GL168HH,30,16,14,13
GL168HJ,21,10,11,8
GL168HL,2,1,1,1
GL168HN,122,65,57,45
GL168HP,8,5,3,3
GL168HQ,4,2,2,1
GL168HR,18,7,11,7
GL168HS,51,23,28,28
GL168HU,46,21,25,22
GL168HW,3,1,2,2
GL168HX,119,61,58,48
GL168HZ,12,9,3,5
GL168JA,7,3,4,3
GL168JD,1,1,0,1
GL168JE,23,10,13,7
GL168JF,13,5,8,7
GL168JG,90,44,46,36
GL168JH,25,10,15,10
GL168JJ,70,35,35,31
GL168JL,8,4,4,3
GL168JN,51,25,26,19
GL168JP,23,9,14,11
GL168JQ,32,15,17,11
GL168JR,43,23,20,17
GL168JS,68,33,35,27
GL168JT,17,6,11,6
GL168JU,27,11,16,11
GL168JW,54,30,24,24
GL168JX,28,16,12,14
GL168JY,6,3,3,4
GL168JZ,11,6,5,5
GL168LA,20,14,6,8
GL168LB,13,6,7,5
GL168LD,15,4,11,8
GL168LE,34,18,16,13
GL168LF,7,3,4,3
GL168LG,23,9,14,10
GL168LH,12,4,8,3
GL168LJ,81,39,42,38
GL168LL,38,18,20,19
GL168LN,25,13,12,11
GL168LP,24,11,13,11
GL168LQ,5,2,3,3
GL168LR,110,51,59,36
GL168LS,57,28,29,26
GL168LT,6,3,3,3
GL168LU,56,29,27,27
GL168LW,18,8,10,9
GL168LX,10,3,7,4
GL168LY,12,5,7,6
GL168LZ,54,25,29,24
GL168NA,14,8,6,7
GL168NB,44,20,24,17
GL168NE,9,3,6,4
GL168NF,15,8,7,6
GL168NG,2,2,0,1
GL168NH,12,4,8,5
GL168NJ,36,26,10,9
GL168NL,3,1,2,1
GL168NN,5,3,2,1
GL168NP,82,42,40,27
GL168NQ,31,11,20,15
GL168NR,15,6,9,6
GL168NS,8,4,4,5
GL168NT,29,14,15,11
GL168NU,28,14,14,10
GL168NW,8,4,4,2
GL168NX,82,34,48,29
GL168NY,10,5,5,5
GL168NZ,11,6,5,6
GL168PA,25,11,14,10
GL168PB,11,3,8,6
GL168PD,25,10,15,8
GL168PE,7,3,4,3
GL168PF,57,32,25,26
GL168PG,8,4,4,4
GL168PH,11,5,6,6
GL168PP,71,32,39,25
GL168PQ,30,16,14,14
GL168PR,1,1,0,1
GL168PT,115,61,54,43
GL168PU,76,32,44,38
GL168PW,6,3,3,3
GL168PX,35,16,19,13
GL168PY,39,19,20,15
GL168PZ,11,6,5,4
GL168QA,39,17,22,20
GL168QB,15,8,7,6
GL168QD,12,8,4,4
GL168QE,57,22,35,12
GL168QF,5,3,2,2
GL168QG,7,3,4,4
GL168QH,15,8,7,5
GL168QJ,12,6,6,7
GL168QL,30,18,12,13
GL168QN,3,1,2,2
GL168QP,15,7,8,7
GL168QQ,4,2,2,2
GL168QR,15,7,8,6
GL168QS,20,9,11,7
GL168QT,79,37,42,30
GL168QU,12,5,7,6
GL168QW,43,21,22,20
GL168QX,17,9,8,7
GL168QY,10,6,4,4
GL168QZ,12,5,7,5
GL168RA,17,12,5,12
GL168RB,88,46,42,36
GL168RJ,74,36,38,41
GL168RL,37,18,19,13
GL168RN,43,20,23,16
GL168RP,120,52,68,61
GL168RQ,90,47,43,39
GL168RR,19,8,11,15
GL168RS,63,17,46,53
GL168RT,26,15,11,9
GL168RU,72,38,34,42
GL168RW,23,12,11,14
GL168TA,12,6,6,9
GL168TR,12,8,4,9
GL170AA,23,11,12,10
GL170AB,2,1,1,1
GL170AD,47,23,24,19
GL170AE,15,11,4,3
GL170AG,15,7,8,5
GL170AH,66,34,32,24
GL170AJ,1,0,1,1
GL170AL,55,25,30,19
GL170AN,37,18,19,16
GL170AQ,3,2,1,1
GL170AR,4,3,1,1
GL170AT,33,13,20,15
GL170AU,7,4,3,3
GL170AX,14,8,6,7
GL170AY,20,10,10,10
GL170AZ,59,31,28,30
GL170BA,19,9,10,7
GL170BB,4,2,2,2
GL170BD,54,15,39,6
GL170BE,19,9,10,7
GL170BG,8,3,5,1
GL170BH,22,11,11,11
GL170BJ,48,23,25,19
GL170BL,21,12,9,6
GL170BN,52,26,26,20
GL170BP,24,12,12,10
GL170BQ,68,33,35,27
GL170BS,26,14,12,9
GL170BT,15,6,9,3
GL170BU,88,45,43,35
GL170BW,28,12,16,17
GL170BX,13,7,6,6
GL170BY,15,7,8,5
GL170BZ,37,15,22,18
GL170DA,2,1,1,1
GL170DB,51,27,24,18
GL170DD,3,2,1,3
GL170DE,30,12,18,12
GL170DF,61,28,33,21
GL170DG,49,25,24,25
GL170DH,70,31,39,28
GL170DJ,2,1,1,1
GL170DL,53,22,31,25
GL170DN,22,10,12,9
GL170DP,16,6,10,6
GL170DQ,94,44,50,42
GL170DR,64,30,34,11
GL170DS,18,10,8,7
GL170DT,22,12,10,10
GL170DW,14,8,6,5
GL170DX,13,7,6,6
GL170DY,10,5,5,3
GL170DZ,7,4,3,2
GL170EA,7,4,3,4
GL170EB,14,8,6,6
GL170ED,19,11,8,9
GL170EE,49,27,22,23
GL170EF,10,5,5,3
GL170EG,7,4,3,4
GL170EJ,71,37,34,33
GL170EN,90,40,50,40
GL170EP,10,4,6,5
GL170EQ,61,28,33,22
GL170ES,12,6,6,4
GL170ET,18,10,8,9
GL170EU,40,20,20,15
GL170EX,13,7,6,5
GL170EY,11,5,6,3
GL170EZ,22,14,8,7
GL170HA,10,5,5,4
GL170HB,18,8,10,8
GL170HD,3,1,2,1
GL170HE,9,5,4,3
GL170HF,22,10,12,10
GL170HG,8,3,5,4
GL170HN,5,3,2,3
GL170HP,20,11,9,8
GL170HQ,7,6,1,2
GL170HR,7,3,4,4
GL170HS,14,7,7,7
GL170HT,3,1,2,1
GL170HU,8,4,4,4
GL170HX,24,14,10,13
GL170HY,5,3,2,2
GL170HZ,38,17,21,14
GL170JB,53,27,26,21
GL170JD,21,8,13,7
GL170JE,50,27,23,24
GL170JG,21,9,12,7
GL170JH,6,3,3,2
GL170JJ,6,2,4,3
GL170JL,3,2,1,1
GL170JN,38,22,16,17
GL170JP,37,18,19,12
GL170JQ,2,1,1,1
GL170JR,130,65,65,48
GL170JS,122,68,54,42
GL170JT,35,17,18,14
GL170JU,28,13,15,12
GL170JW,29,15,14,10
GL170JY,8,4,4,4
GL170LA,33,17,16,13
GL170LD,2,1,1,1
GL170LE,15,10,5,5
GL170LF,45,20,25,29
GL170LG,83,39,44,29
GL170LH,30,18,12,10
GL170LJ,39,11,28,5
GL170LL,78,34,44,23
GL170LN,12,6,6,4
GL170LP,49,23,26,17
GL170LQ,31,15,16,14
GL170LR,55,24,31,16
GL170LS,40,19,21,15
GL170LT,11,5,6,4
GL170LU,33,16,17,9
GL170LW,9,5,4,4
GL170LY,8,4,4,3
GL170NA,9,4,5,5
GL170NB,7,4,3,3
GL170ND,2,1,1,1
GL170NE,7,3,4,3
GL170NF,22,11,11,10
GL170NG,14,8,6,6
GL170NH,3,2,1,1
GL170NJ,24,13,11,13
GL170NL,25,12,13,10
GL170NN,21,10,11,8
GL170NP,121,62,59,55
GL170NQ,2,1,1,1
GL170NR,22,9,13,13
GL170NW,3,2,1,2
GL170NZ,25,10,15,13
GL170PB,3,2,1,2
GL170PD,16,8,8,8
GL170PF,42,19,23,22
GL170PG,24,10,14,9
GL170PH,6,5,1,3
GL170PJ,38,16,22,12
GL170PL,11,7,4,4
GL170PN,24,10,14,8
GL170PP,12,6,6,6
GL170PQ,3,1,2,2
GL170PR,4,2,2,1
GL170PS,8,3,5,2
GL170PT,39,19,20,15
GL170PU,3,2,1,2
GL170PW,3,2,1,1
GL170PX,2,1,1,1
GL170PZ,19,8,11,6
GL170QA,30,21,9,7
GL170QB,9,3,6,4
GL170QD,12,5,7,6
GL170QE,42,17,25,18
GL170QF,24,10,14,9
GL170QH,16,10,6,9
GL170QJ,22,13,9,5
GL170QL,2,1,1,1
GL170QN,9,4,5,6
GL170QP,35,18,17,14
GL170QQ,24,11,13,9
GL170QR,107,53,54,42
GL170QS,77,38,39,31
GL170QT,36,20,16,14
GL170QU,8,4,4,4
GL170QW,42,19,23,17
GL170QX,17,6,11,6
GL170RA,13,5,8,8
GL170RB,9,4,5,4
GL170RD,15,7,8,6
GL170RF,17,9,8,8
GL170RG,7,3,4,5
GL170SA,66,35,31,21
GL170SB,154,79,75,60
GL170SE,17,10,7,8
GL170SF,18,10,8,8
GL170SG,13,3,10,12
GL170SJ,17,7,10,8
GL170SQ,2,1,1,1
GL179AD,27,12,15,15
GL179AE,7,6,1,4
GL179AF,26,11,15,11
GL179AG,12,5,7,6
GL179AH,51,24,27,22
GL179AJ,6,3,3,3
GL179AL,24,13,11,10
GL179AN,23,13,10,9
GL179AP,82,44,38,34
GL179AQ,5,2,3,1
GL179AR,144,75,69,58
GL179AS,50,22,28,24
GL179AT,63,38,25,26
GL179AU,48,27,21,15
GL179AW,22,12,10,10
GL179AX,36,15,21,11
GL179AY,8,3,5,2
GL179BA,10,5,5,4
GL179BB,9,6,3,3
GL179BD,10,5,5,5
GL179BE,13,6,7,6
GL179BJ,35,15,20,15
GL179BL,3,3,0,2
GL179BN,3,1,2,2
GL179BP,16,8,8,5
GL179BQ,16,6,10,7
GL179BS,62,35,27,23
GL179BU,24,12,12,12
GL179BW,51,22,29,10
GL179BX,34,19,15,17
GL179BZ,2,2,0,2
GL179DA,8,4,4,3
GL179DB,59,34,25,20
GL179DD,4,3,1,2
GL179DE,25,16,9,12
GL179DF,7,5,2,2
GL179DG,5,1,4,1
GL179DH,39,18,21,14
GL179DJ,23,13,10,11
GL179DL,79,39,40,31
GL179DQ,10,7,3,4
GL179EA,6,3,3,3
GL179EB,3,1,2,2
GL179ED,7,3,4,4
GL179EE,27,14,13,9
GL179EF,3,2,1,1
GL179EH,24,13,11,12
GL179EJ,15,7,8,4
GL179EL,10,3,7,4
GL179EN,4,1,3,3
GL179EP,38,15,23,18
GL179EQ,28,14,14,10
GL179ER,20,11,9,10
GL179ES,39,18,21,16
GL179ET,26,12,14,12
GL179EU,23,11,12,10
GL179EW,30,16,14,10
GL179EX,2,2,0,1
GL179EY,4,3,1,1
GL179EZ,6,3,3,3
GL179FB,70,38,32,26
GL179HB,16,7,9,6
GL179HD,6,2,4,3
GL179HE,50,23,27,18
GL179HF,11,4,7,3
GL179HG,42,23,19,16
GL179HH,3,1,2,1
GL179HJ,9,4,5,3
GL179HL,39,16,23,22
GL179HN,12,6,6,4
GL179HP,15,9,6,6
GL179HQ,15,7,8,6
GL179HR,17,7,10,5
GL179HS,85,44,41,41
GL179HT,36,20,16,17
GL179HU,70,33,37,30
GL179HW,8,4,4,3
GL179HX,46,19,27,21
GL179HY,61,30,31,21
GL179JA,5,2,3,4
GL179JB,5,4,1,4
GL179JD,31,14,17,16
GL179JG,12,5,7,6
GL179JH,12,3,9,5
GL179JJ,20,9,11,9
GL179JL,30,15,15,12
GL179JN,14,8,6,6
GL179JP,75,40,35,27
GL179JQ,35,15,20,14
GL179JR,54,32,22,24
GL179JS,3,1,2,1
GL179JT,43,17,26,17
GL179JU,81,42,39,30
GL179JX,29,19,10,11
GL179JY,20,9,11,10
GL179JZ,21,11,10,8
GL179LA,30,14,16,13
GL179LB,18,8,10,6
GL179LD,61,36,25,24
GL179LE,8,5,3,1
GL179LG,34,17,17,16
GL179LH,15,6,9,6
GL179LJ,2,1,1,1
GL179LL,5,3,2,2
GL179LN,102,47,55,36
GL179LP,4,2,2,2
GL179LQ,28,17,11,16
GL179LR,1,1,0,1
GL179LT,4,2,2,2
GL179LW,5,3,2,3
GL179NA,38,21,17,15
GL179NE,6,3,3,4
GL179NF,17,10,7,5
GL179NG,2,1,1,1
GL179NJ,29,14,15,14
GL179NN,2,1,1,2
GL179NP,4,3,1,3
GL179NR,25,11,14,15
GL179NS,10,4,6,4
GL179NT,16,10,6,7
GL179NU,31,17,14,13
GL179NW,4,3,1,2
GL179NX,9,7,2,7
GL179NY,12,6,6,6
GL179NZ,8,4,4,3
GL179PA,2,1,1,2
GL179PB,47,25,22,21
GL179PD,26,18,8,3
GL179PG,10,5,5,8
GL179PH,11,6,5,4
GL179PP,70,36,34,34
GL179PS,17,9,8,7
GL179PT,16,7,9,9
GL179PU,4,3,1,1
GL179PX,12,5,7,5
GL179PY,20,11,9,8
GL179PZ,25,11,14,10
GL179QA,21,10,11,9
GL179QB,41,19,22,15
GL179QD,56,25,31,23
GL179QE,95,39,56,39
GL179QF,21,10,11,8
GL179QG,79,38,41,32
GL179QH,62,29,33,28
GL179QJ,41,18,23,18
GL179QL,24,13,11,10
GL179QN,20,12,8,5
GL179QQ,60,23,37,31
GL179QR,4,2,2,3
GL179QS,73,38,35,30
GL179QT,12,6,6,7
GL179QU,14,8,6,6
GL179QW,24,13,11,9
GL179QX,5,2,3,2
GL179QY,100,51,49,37
GL179QZ,37,14,23,20
GL179RA,26,14,12,10
GL179RB,57,31,26,26
GL179RD,12,6,6,9
GL179RE,86,39,47,35
GL179RF,9,4,5,3
GL179RG,60,35,25,22
GL179RJ,17,10,7,8
GL179RL,11,5,6,3
GL179RN,19,10,9,8
GL179RQ,4,1,3,2
GL179RW,25,13,12,12
GL179RY,5,3,2,2
GL179SA,31,15,16,11
GL179SB,34,16,18,16
GL179SD,19,8,11,10
GL179SE,7,2,5,3
GL179SF,10,6,4,3
GL179SH,6,2,4,3
GL179SJ,5,2,3,2
GL179SN,33,17,16,13
GL179SP,13,8,5,6
GL179SQ,29,16,13,12
GL179SR,22,10,12,11
GL179SS,28,13,15,11
GL179ST,16,5,11,7
GL179SU,28,17,11,16
GL179SW,36,21,15,15
GL179SX,54,28,26,22
GL179SY,40,22,18,15
GL179SZ,11,6,5,4
GL179TA,13,6,7,5
GL179TG,1,1,0,1
GL179TJ,22,11,11,10
GL179TL,26,16,10,10
GL179TN,3,2,1,2
GL179TP,67,39,28,20
GL179TQ,58,27,31,29
GL179TR,24,9,15,13
GL179TS,2,1,1,1
GL179TT,10,5,5,4
GL179TU,43,20,23,16
GL179TW,2,1,1,1
GL179TX,44,17,27,17
GL179TY,26,15,11,12
GL179TZ,19,10,9,8
GL179UA,9,5,4,5
GL179UB,33,18,15,15
GL179UD,32,15,17,14
GL179UE,5,3,2,3
GL179UF,3,2,1,1
GL179UG,16,9,7,6
GL179UH,8,3,5,4
GL179UJ,26,17,9,9
GL179UL,30,16,14,13
GL179UN,8,3,5,6
GL179UP,15,7,8,5
GL179UQ,18,10,8,10
GL179US,98,50,48,44
GL179UT,17,7,10,6
GL179UU,68,36,32,33
GL179UW,4,2,2,2
GL179UX,3,2,1,1
GL179UY,29,11,18,14
GL179UZ,49,24,25,31
GL179WW,2,1,1,1
GL179XA,103,52,51,43
GL179XB,37,16,21,19
GL179XD,51,26,25,22
GL179XE,38,20,18,20
GL179XF,43,27,16,12
GL179XG,41,21,20,18
GL179XH,40,20,20,15
GL179XJ,18,9,9,7
GL179XL,53,20,33,25
GL179XN,17,8,9,9
GL179XP,90,41,49,40
GL179XQ,7,3,4,4
GL179XR,33,18,15,14
GL179XS,19,10,9,8
GL179XT,13,6,7,6
GL179XU,31,13,18,11
GL179XW,59,32,27,20
GL179XX,12,5,7,5
GL179XY,12,8,4,5
GL179XZ,20,9,11,7
GL179YB,42,17,25,16
GL179YD,16,8,8,9
GL179YF,5,3,2,2
GL179YL,26,13,13,12
GL179YN,84,42,42,34
GL179YP,23,11,12,10
GL179YT,21,11,10,8
GL179YW,27,14,13,13
GL181AA,33,16,17,15
GL181AB,30,20,10,14
GL181AD,7,3,4,1
GL181AE,24,9,15,12
GL181AF,28,13,15,9
GL181AH,8,7,1,5
GL181AJ,15,7,8,6
GL181AL,33,12,21,11
GL181AN,27,13,14,12
GL181AP,9,3,6,6
GL181AQ,20,13,7,12
GL181AR,22,13,9,10
GL181AS,9,4,5,5
GL181AT,13,4,9,11
GL181AU,4,2,2,2
GL181AW,5,3,2,2
GL181AY,22,11,11,11
GL181BB,7,4,3,2
GL181BD,4,2,2,3
GL181BE,23,9,14,11
GL181BG,17,7,10,8
GL181BH,8,4,4,3
GL181BJ,87,38,49,32
GL181BL,13,6,7,5
GL181BN,46,19,27,24
GL181BP,36,20,16,10
GL181BQ,56,32,24,17
GL181BS,39,13,26,18
GL181BT,23,13,10,9
GL181BU,15,8,7,7
GL181BW,18,5,13,11
GL181BX,19,12,7,19
GL181BY,11,6,5,5
GL181BZ,26,12,14,14
GL181DA,77,43,34,33
GL181DB,35,17,18,22
GL181DD,17,10,7,5
GL181DE,22,10,12,8
GL181DF,19,9,10,7
GL181DG,3,1,2,1
GL181DH,2,1,1,1
GL181DJ,16,8,8,5
GL181DL,18,9,9,8
GL181DN,31,14,17,16
GL181DP,2,1,1,1
GL181DQ,79,39,40,33
GL181DR,52,31,21,9
GL181DU,55,27,28,22
GL181DW,35,17,18,9
GL181EA,38,24,14,15
GL181EB,7,3,4,3
GL181ED,30,17,13,13
GL181EE,24,11,13,11
GL181EF,45,22,23,20
GL181EG,19,7,12,8
GL181EH,27,13,14,8
GL181EJ,67,32,35,29
GL181EL,19,7,12,8
GL181EN,8,4,4,3
GL181EQ,16,9,7,6
GL181ER,45,23,22,20
GL181ES,4,2,2,1
GL181EU,9,2,7,7
GL181GG,5,2,3,3
GL181GH,17,8,9,8
GL181GL,5,3,2,3
GL181HA,4,2,2,1
GL181HB,3,2,1,1
GL181HD,18,9,9,7
GL181HE,17,9,8,7
GL181HF,33,17,16,8
GL181HG,30,15,15,12
GL181HH,31,14,17,10
GL181HJ,25,13,12,10
GL181HL,18,8,10,8
GL181HN,34,13,21,13
GL181HQ,15,6,9,8
GL181HS,18,9,9,8
GL181HT,2,1,1,1
GL181HW,5,3,2,2
GL181JA,85,39,46,27
GL181JD,42,21,21,19
GL181JE,36,19,17,14
GL181JF,14,8,6,6
GL181JG,2,1,1,1
GL181JH,10,6,4,5
GL181JJ,41,21,20,14
GL181JL,30,14,16,12
GL181JN,52,28,24,23
GL181JP,4,2,2,3
GL181JQ,9,6,3,4
GL181JR,13,6,7,7
GL181JS,19,12,7,5
GL181JT,65,33,32,31
GL181JU,19,6,13,8
GL181JW,41,18,23,17
GL181JX,24,10,14,9
GL181JY,19,11,8,10
GL181JZ,19,9,10,7
GL181LA,15,9,6,7
GL181LF,6,3,3,1
GL181LG,54,27,27,22
GL181LH,33,18,15,10
GL181LJ,23,12,11,10
GL181LL,52,26,26,21
GL181LN,8,5,3,3
GL181LQ,25,11,14,11
GL181LR,36,19,17,13
GL181LS,31,16,15,17
GL181LT,42,22,20,14
GL181LU,61,32,29,19
GL181LW,5,3,2,2
GL181LX,21,12,9,6
GL181NA,3,1,2,2
GL181NE,10,6,4,5
GL181NF,14,6,8,8
GL181NG,16,6,10,4
GL181NH,11,6,5,5
GL181NJ,9,3,6,4
GL181NL,13,7,6,4
GL181NN,12,4,8,4
GL181NP,34,15,19,11
GL181NQ,27,13,14,11
GL181NR,32,17,15,13
GL181NS,26,15,11,11
GL181NT,9,4,5,4
GL181NU,12,7,5,6
GL181NW,9,5,4,6
GL181NX,5,2,3,2
GL181NY,4,2,2,2
GL181NZ,6,2,4,4
GL181PA,28,13,15,10
GL181PB,25,14,11,10
GL181PD,4,2,2,2
GL181PF,16,8,8,7
GL181PG,35,17,18,16
GL181PP,22,14,8,11
GL181PQ,6,2,4,3
GL181PS,13,7,6,6
GL181PT,55,24,31,26
GL181PU,44,24,20,24
GL181PW,20,11,9,10
GL181PY,64,36,28,29
GL181PZ,104,46,58,55
GL181QA,54,25,29,18
GL181QB,86,44,42,39
GL181QD,40,18,22,22
GL181QE,29,13,16,10
GL181QG,30,16,14,12
GL181QH,38,21,17,14
GL181QJ,74,33,41,32
GL181QL,42,21,21,16
GL181QN,73,37,36,26
GL181QP,75,39,36,28
GL181QQ,126,68,58,41
GL181QR,16,7,9,7
GL181QS,24,13,11,10
GL181QT,16,7,9,8
GL181QU,6,2,4,2
GL181QW,24,12,12,12
GL181QX,9,2,7,3
GL181QY,25,15,10,6
GL181QZ,2,1,1,1
GL181RA,28,12,16,16
GL181RB,56,27,29,29
GL181RD,4,1,3,3
GL181RE,15,3,12,10
GL181RF,48,23,25,14
GL181RG,27,13,14,10
GL181RH,7,4,3,2
GL181RJ,9,4,5,4
GL181RL,8,4,4,3
GL181RN,26,12,14,8
GL181RQ,22,11,11,15
GL181RW,33,20,13,12
GL181RY,22,11,11,11
GL181RZ,55,28,27,20
GL181SA,39,17,22,16
GL181SB,41,25,16,17
GL181SE,39,20,19,16
GL181SF,53,19,34,35
GL181SG,60,31,29,17
GL181SH,30,11,19,18
GL181SJ,8,4,4,7
GL181SL,20,11,9,8
GL181SN,9,3,6,6
GL181SP,49,21,28,19
GL181SQ,54,22,32,29
GL181SR,75,39,36,32
GL181SS,94,47,47,33
GL181ST,131,69,62,53
GL181SU,50,27,23,20
GL181SW,25,11,14,15
GL181SX,32,18,14,13
GL181SY,16,9,7,8
GL181SZ,127,59,68,63
GL181TA,29,13,16,14
GL181TB,64,30,34,31
GL181TD,23,5,18,20
GL181TE,124,65,59,43
GL181TF,25,12,13,12
GL181TG,13,4,9,7
GL181TJ,52,23,29,22
GL181TL,54,23,31,24
GL181TN,72,33,39,31
GL181TP,58,21,37,27
GL181TQ,18,5,13,10
GL181TR,8,4,4,5
GL181TS,68,31,37,39
GL181TU,40,20,20,17
GL181TW,48,23,25,20
GL181TX,25,9,16,14
GL181TY,67,28,39,35
GL181UA,5,2,3,2
GL181UB,13,6,7,6
GL181UD,10,3,7,5
GL181UE,9,3,6,4
GL182AA,5,4,1,2
GL182AB,16,6,10,6
GL182AD,35,18,17,13
GL182AE,14,6,8,4
GL182AF,14,5,9,6
GL182AG,13,7,6,7
GL182AH,12,7,5,5
GL182AJ,77,37,40,31
GL182AL,58,30,28,21
GL182AN,40,21,19,15
GL182AP,23,10,13,9
GL182AQ,31,13,18,13
GL182AR,18,7,11,11
GL182AS,3,1,2,2
GL182AT,26,12,14,9
GL182AU,62,31,31,40
GL182AW,1,0,1,1
GL182AX,11,6,5,5
GL182AY,32,17,15,11
GL182AZ,10,6,4,4
GL182BA,17,8,9,8
GL182BB,21,13,8,9
GL182BD,25,12,13,8
GL182BE,31,15,16,14
GL182BG,24,11,13,10
GL182BH,69,31,38,27
GL182BL,29,16,13,12
GL182BN,67,34,33,28
GL182BP,30,13,17,11
GL182BS,41,24,17,17
GL182BT,35,18,17,16
GL182BU,17,5,12,9
GL182BW,46,24,22,22
GL182DA,14,6,8,6
GL182DB,28,10,18,4
GL182DD,23,14,9,11
GL182DE,6,3,3,2
GL182DF,7,4,3,4
GL182DG,17,8,9,7
GL182DH,2,1,1,1
GL182DJ,4,2,2,3
GL182DL,43,26,17,14
GL182DN,3,2,1,2
GL182DP,48,29,19,20
GL182DQ,2,1,1,1
GL182DS,3,2,1,1
GL182DT,16,8,8,6
GL182DU,3,3,0,1
GL182DW,5,3,2,2
GL182DX,13,8,5,5
GL182DY,8,5,3,4
GL182DZ,6,2,4,3
GL182EA,18,9,9,7
GL182EB,2,1,1,1
GL182ED,9,4,5,6
GL182EE,22,13,9,11
GL182EF,13,7,6,4
GL182EG,8,5,3,4
GL182EH,2,1,1,1
GL182EJ,8,4,4,2
GL182EL,12,7,5,5
GL182EN,7,3,4,4
GL182EP,13,6,7,4
GL193AA,9,3,6,3
GL193AB,25,12,13,10
GL193AD,15,9,6,8
GL193AE,9,3,6,5
GL193AF,73,43,30,37
GL193AG,32,15,17,12
GL193AH,22,11,11,7
GL193AJ,56,30,26,19
GL193AL,31,17,14,13
GL193AN,34,16,18,16
GL193AP,10,5,5,3
GL193AQ,51,26,25,22
GL193AR,53,27,26,20
GL193AS,11,6,5,6
GL193AT,109,58,51,47
GL193AU,48,24,24,19
GL193AW,10,6,4,7
GL193AX,39,20,19,13
GL193AY,72,35,37,28
GL193AZ,10,6,4,4
GL193BB,11,6,5,6
GL193BE,857,413,444,3
GL193BG,31,14,17,12
GL193BH,46,23,23,19
GL193BJ,46,20,26,19
GL193BL,3,2,1,1
GL193BN,97,53,44,38
GL193BP,127,58,69,51
GL193BQ,18,9,9,7
GL193BS,9,4,5,3
GL193BT,73,29,44,30
GL193BU,10,6,4,4
GL193BW,10,3,7,5
GL193BX,24,13,11,7
GL193BY,14,7,7,3
GL193BZ,15,6,9,6
GL193DA,45,22,23,17
GL193DB,50,25,25,25
GL193DD,43,20,23,15
GL193DE,24,10,14,12
GL193DF,43,20,23,15
GL193DG,21,11,10,11
GL193DH,22,8,14,10
GL193DJ,23,11,12,9
GL193DL,8,2,6,3
GL193DP,39,21,18,14
GL193DQ,23,12,11,10
GL193DR,29,13,16,18
GL193DS,6,3,3,2
GL193DT,22,10,12,11
GL193DU,70,34,36,25
GL193DW,54,29,25,17
GL193DX,16,8,8,8
GL193DY,14,7,7,8
GL193DZ,49,28,21,15
GL193EA,47,18,29,19
GL193EB,26,10,16,13
GL193ED,31,16,15,14
GL193EE,5,3,2,2
GL193EF,34,18,16,15
GL193EG,7,3,4,2
GL193EH,30,18,12,12
GL193EJ,4,1,3,1
GL193EL,96,41,55,45
GL193EN,24,14,10,10
GL193EP,22,10,12,12
GL193EQ,3,2,1,0
GL193ER,9,3,6,8
GL193ES,6,1,5,1
GL193ET,17,8,9,5
GL193EU,16,9,7,3
GL193EW,39,22,17,16
GL193EX,31,18,13,12
GL193EZ,35,16,19,12
GL193HA,18,5,13,7
GL193HG,16,7,9,5
GL193HH,33,20,13,15
GL193HJ,6,2,4,4
GL193HL,2,1,1,1
GL193HN,17,8,9,11
GL193HP,35,18,17,15
GL193HQ,5,3,2,3
GL193HR,8,5,3,4
GL193HS,37,20,17,14
GL193HT,9,5,4,5
GL193HU,5,3,2,3
GL193HW,45,24,21,23
GL193HX,2,1,1,1
GL193HY,14,7,7,7
GL193HZ,12,5,7,7
GL193JA,19,10,9,8
GL193JB,29,13,16,13
GL193JD,67,32,35,27
GL193JE,40,21,19,16
GL193JF,34,17,17,14
GL193JG,5,3,2,2
GL193JH,18,7,11,3
GL193JP,6,3,3,2
GL193JQ,38,20,18,15
GL193JR,56,27,29,20
GL193JS,34,15,19,14
GL193JT,33,18,15,14
GL193JU,50,24,26,11
GL193JW,13,6,7,4
GL193JX,30,15,15,15
GL193JY,14,7,7,6
GL193JZ,2,1,1,1
GL193LA,6,3,3,2
GL193LB,10,5,5,3
GL193LD,11,5,6,6
GL193LE,1,0,1,1
GL193LF,19,9,10,7
GL193LG,28,13,15,14
GL193LP,21,10,11,8
GL193LQ,18,8,10,7
GL193LR,11,5,6,6
GL193LS,9,4,5,5
GL193NA,6,3,3,2
GL193NB,43,18,25,18
GL193ND,20,11,9,9
GL193NE,1,1,0,1
GL193NF,23,12,11,10
GL193NG,6,2,4,2
GL193NH,17,7,10,5
GL193NJ,2,1,1,1
GL193NL,18,7,11,8
GL193NQ,1,0,1,1
GL193NT,8,4,4,4
GL193NU,7,5,2,5
GL193NW,45,20,25,18
GL193NX,25,13,12,11
GL193NY,1,1,0,1
GL193NZ,27,13,14,9
GL193PA,13,7,6,4
GL193PB,8,4,4,5
GL193PD,5,2,3,1
GL193PE,3,2,1,1
GL193PF,4,1,3,1
GL193PG,56,28,28,21
GL193PH,13,7,6,7
GL193PJ,2,1,1,1
GL193PL,11,4,7,5
GL193PN,13,8,5,4
GL193PP,27,15,12,12
GL193PQ,2,1,1,1
GL193PR,35,16,19,14
GL193PS,3,2,1,1
GL193PT,28,11,17,10
GL193PW,34,19,15,10
GL193PZ,22,11,11,8
GL193QA,29,15,14,12
GL193QB,39,21,18,14
GL193QD,4,2,2,2
GL193QF,12,5,7,4
GL193QG,69,31,38,28
GL193QH,12,6,6,5
GL193QJ,16,8,8,7
GL193QL,5,1,4,2
GL193QN,24,15,9,6
GL193QP,29,13,16,8
GL193QR,10,5,5,5
GL193QS,4,2,2,2
GL193QT,1,1,0,1
GL193QW,9,4,5,3
GL193QX,8,4,4,4
GL193QY,27,15,12,8
GL193QZ,21,11,10,8
GL193RA,30,12,18,16
GL193RB,6,2,4,3
GL193RD,23,9,14,11
GL193RE,36,20,16,16
GL193RF,106,51,55,51
GL193RG,76,33,43,32
GL193RL,4,1,3,2
GL193RN,4,1,3,1
GL193RP,93,46,47,38
GL193RQ,53,25,28,22
GL193RR,34,16,18,27
GL193RS,83,42,41,38
GL193RT,33,14,19,12
GL193RU,14,6,8,6
GL193RW,31,12,19,9
GL193RX,55,24,31,19
GL193RY,57,32,25,20
GL193RZ,41,20,21,13
GL193SA,40,15,25,21
GL193SB,25,14,11,10
GL193SD,154,74,80,66
GL193SE,15,7,8,8
GL193SF,28,14,14,10
GL193SG,4,1,3,3
GL193SH,15,4,11,7
GL193SJ,13,7,6,6
GL193SL,13,6,7,6
GL194AA,34,16,18,15
GL194AB,5,3,2,2
GL194AD,6,4,2,2
GL194AE,12,4,8,5
GL194AF,42,19,23,14
GL194AG,69,35,34,27
GL194AH,4,2,2,3
GL194AJ,6,2,4,3
GL194AL,22,13,9,9
GL194AN,7,4,3,2
GL194AP,13,5,8,5
GL194AQ,14,8,6,4
GL194AR,1,1,0,1
GL194AS,9,4,5,4
GL194AT,2,1,1,1
GL194AU,3,2,1,1
GL194AW,2,1,1,1
GL194AX,4,2,2,1
GL194AY,4,2,2,2
GL194AZ,10,5,5,3
GL194BA,8,5,3,3
GL194BB,14,8,6,6
GL194BE,7,3,4,3
GL194BG,3,1,2,1
GL194BH,2,1,1,1
GL194BJ,3,1,2,2
GL194BL,3,2,1,1
GL194BN,7,4,3,3
GL194BP,12,6,6,4
GL194BQ,5,1,4,2
GL194BS,25,11,14,9
GL194BT,43,22,21,20
GL194BU,9,5,4,4
GL194BW,1,0,1,1
GL194BX,65,33,32,21
GL194BY,6,3,3,3
GL194BZ,26,12,14,10
GL194DA,68,36,32,23
GL194DB,2,0,2,1
GL194DD,9,5,4,4
GL194DE,4,2,2,2
GL194DF,55,29,26,27
GL194DG,23,11,12,10
GL194DH,28,15,13,12
GL194DJ,24,12,12,11
GL194DL,20,9,11,9
GL194DN,11,7,4,4
GL194DP,37,18,19,15
GL194DQ,44,22,22,18
GL194DR,42,23,19,23
GL194DS,27,12,15,9
GL194DT,24,7,17,5
GL194DU,7,3,4,3
GL194DW,51,24,27,24
GL194DX,4,2,2,2
GL194DY,31,16,15,13
GL194DZ,2,1,1,1
GL194EA,14,6,8,10
GL194EB,114,57,57,44
GL194ED,25,13,12,10
GL194EE,25,13,12,9
GL194EF,9,2,7,4
GL194EG,15,7,8,7
GL194EH,38,20,18,15
GL194EQ,8,4,4,3
GL194ES,56,33,23,23
GL194ET,35,16,19,14
GL194EU,62,31,31,29
GL194EW,2,1,1,2
GL194EX,64,34,30,27
GL194EY,4,2,2,2
GL194EZ,19,8,11,6
GL194HA,13,6,7,6
GL194HB,2,1,1,1
GL194HE,17,9,8,8
GL194HF,11,5,6,5
GL194HG,18,11,7,7
GL194HH,15,8,7,7
GL194HJ,35,19,16,15
GL194HL,4,3,1,1
GL194HN,16,8,8,9
GL194HQ,2,1,1,1
GL194HT,55,26,29,25
GL194HU,43,19,24,17
GL194HW,59,32,27,22
GL194HX,32,16,16,11
GL194HY,8,4,4,3
GL194HZ,9,5,4,4
GL194JB,28,15,13,17
GL194JD,24,10,14,8
GL194JE,30,15,15,13
GL194JG,42,20,22,16
GL194JH,17,6,11,6
GL194JJ,35,16,19,13
GL194JL,36,17,19,14
GL194JN,9,5,4,2
GL194JP,38,20,18,19
GL194JQ,8,3,5,6
GL194JR,32,19,13,10
GL194JS,17,10,7,6
GL194JW,63,36,27,21
GL194LA,16,7,9,7
GL194LB,13,7,6,5
GL194LD,1,1,0,1
GL194LE,16,8,8,9
GL194LG,6,2,4,2
GL194LH,6,2,4,3
GL194LJ,27,11,16,13
GL194LL,35,19,16,14
GL194LQ,30,12,18,10
GL194LT,14,7,7,5
GL194LU,29,17,12,13
GL194LX,18,9,9,6
GL194LY,20,8,12,6
GL194LZ,47,26,21,17
GL194NA,6,4,2,2
GL194NB,24,11,13,13
GL194ND,14,6,8,4
GL194NE,14,7,7,5
GL194NF,4,2,2,2
GL194NG,4,1,3,1
GL194NN,65,29,36,21
GL194NP,28,14,14,11
GL194NR,15,10,5,8
GL194NS,26,14,12,12
GL194NT,11,4,7,3
GL194NU,7,4,3,2
GL194NW,3,1,2,2
GL194NX,41,19,22,17
GL194NY,28,14,14,12
GL194PE,14,5,9,6
GL194PF,24,14,10,9
GL194PG,8,4,4,2
GL194PH,10,5,5,3
GL194PJ,14,8,6,5
GL194PL,6,2,4,3
GL194PN,11,9,2,1
GL194PP,10,5,5,3
GL194PQ,10,4,6,2
GL194PR,10,4,6,5
GL194PW,33,14,19,14
GL194QA,13,8,5,4
GL194QB,21,9,12,9
GL194QD,1,0,1,1
GL194QE,5,3,2,2
GL194QF,43,21,22,20
GL194QG,1,1,0,1
GL194QH,35,20,15,13
GL194QJ,11,6,5,4
GL194QL,11,3,8,5
GL194QN,5,1,4,3
GL194QQ,44,22,22,21
GL194QW,29,14,15,11
GL194RA,9,5,4,5
GL194RB,15,9,6,6
GL194RE,1,0,1,0
GL194RF,8,5,3,4
GL194RG,4,3,1,2
GL2 0AA,38,21,17,14
GL2 0AB,73,41,32,20
GL2 0AD,96,44,52,45
GL2 0AE,27,12,15,7
GL2 0AF,20,9,11,11
GL2 0AG,63,34,29,23
GL2 0AH,39,22,17,14
GL2 0AJ,13,6,7,5
GL2 0AN,28,18,10,12
GL2 0AP,67,37,30,29
GL2 0AQ,20,12,8,8
GL2 0AR,42,21,21,14
GL2 0AS,45,21,24,20
GL2 0AT,15,10,5,5
GL2 0AU,14,5,9,5
GL2 0AW,48,20,28,21
GL2 0AZ,49,26,23,18
GL2 0BA,24,12,12,11
GL2 0BB,24,12,12,14
GL2 0BD,38,18,20,22
GL2 0BE,16,7,9,7
GL2 0BG,77,38,39,30
GL2 0BH,9,4,5,5
GL2 0BJ,7,4,3,4
GL2 0BL,50,25,25,20
GL2 0BP,60,30,30,31
GL2 0BQ,86,45,41,33
GL2 0BS,25,11,14,11
GL2 0BT,13,6,7,6
GL2 0DA,28,14,14,11
GL2 0DB,28,13,15,9
GL2 0DD,5,2,3,3
GL2 0DE,74,39,35,28
GL2 0DF,42,23,19,15
GL2 0DG,20,11,9,9
GL2 0DH,37,20,17,15
GL2 0DJ,21,11,10,7
GL2 0DL,7,2,5,4
GL2 0DN,63,32,31,23
GL2 0DP,57,28,29,22
GL2 0DQ,40,21,19,14
GL2 0DR,33,18,15,18
GL2 0DS,18,10,8,8
GL2 0DT,94,42,52,38
GL2 0DU,85,45,40,38
GL2 0DW,11,6,5,3
GL2 0DX,7,4,3,3
GL2 0DY,34,13,21,22
GL2 0DZ,91,42,49,34
GL2 0EA,49,21,28,24
GL2 0EB,24,10,14,10
GL2 0ED,62,27,35,26
GL2 0EE,61,33,28,22
GL2 0EF,46,25,21,17
GL2 0EG,59,29,30,23
GL2 0EH,113,53,60,46
GL2 0EJ,94,50,44,44
GL2 0EL,71,38,33,25
GL2 0EN,26,13,13,12
GL2 0EP,23,13,10,10
GL2 0EQ,131,65,66,57
GL2 0ER,8,4,4,6
GL2 0ES,24,12,12,12
GL2 0ET,44,15,29,19
GL2 0EU,42,19,23,16
GL2 0EW,20,11,9,11
GL2 0EX,17,10,7,7
GL2 0EY,110,56,54,35
GL2 0EZ,39,19,20,18
GL2 0HA,21,9,12,8
GL2 0HB,104,54,50,41
GL2 0HD,33,16,17,15
GL2 0HE,10,5,5,6
GL2 0HF,51,23,28,19
GL2 0HG,142,64,78,66
GL2 0HH,61,27,34,30
GL2 0HJ,55,25,30,23
GL2 0HL,82,40,42,33
GL2 0HN,23,11,12,10
GL2 0HP,51,28,23,16
GL2 0HQ,24,10,14,13
GL2 0HR,46,19,27,26
GL2 0HS,101,47,54,42
GL2 0HT,87,44,43,39
GL2 0HU,33,11,22,15
GL2 0HW,40,20,20,13
GL2 0HX,77,41,36,29
GL2 0HY,27,13,14,17
GL2 0JE,32,15,17,9
GL2 0JF,48,23,25,17
GL2 0JG,105,55,50,44
GL2 0JH,35,18,17,13
GL2 0JJ,41,25,16,18
GL2 0JL,24,11,13,12
GL2 0JN,50,30,20,16
GL2 0JP,14,6,8,4
GL2 0JQ,14,8,6,6
GL2 0JR,91,45,46,35
GL2 0JS,73,33,40,30
GL2 0JT,69,37,32,24
GL2 0JU,51,27,24,18
GL2 0JW,67,38,29,27
GL2 0JX,19,7,12,10
GL2 0JY,52,24,28,22
GL2 0JZ,43,19,24,17
GL2 0LA,72,34,38,26
GL2 0LB,54,30,24,17
GL2 0LD,15,5,10,9
GL2 0LE,33,18,15,12
GL2 0LG,45,26,19,18
GL2 0LH,52,28,24,21
GL2 0LJ,3,1,2,1
GL2 0LQ,54,30,24,22
GL2 0LR,23,11,12,11
GL2 0LS,14,8,6,6
GL2 0LU,35,17,18,13
GL2 0LX,113,55,58,43
GL2 0LY,4,2,2,2
GL2 0LZ,164,77,87,62
GL2 0NA,89,50,39,34
GL2 0NB,47,22,25,18
GL2 0ND,86,38,48,34
GL2 0NE,51,24,27,16
GL2 0NF,50,26,24,20
GL2 0NG,25,11,14,10
GL2 0NH,41,19,22,16
GL2 0NJ,86,43,43,30
GL2 0NL,105,46,59,44
GL2 0NN,47,23,24,19
GL2 0NP,84,45,39,31
GL2 0NQ,106,57,49,45
GL2 0NR,77,35,42,26
GL2 0NS,40,18,22,13
GL2 0NT,37,17,20,13
GL2 0NU,40,21,19,16
GL2 0NX,35,18,17,12
GL2 0NY,63,24,39,18
GL2 0NZ,67,37,30,26
GL2 0PA,64,30,34,24
GL2 0PB,26,13,13,8
GL2 0PD,45,20,25,16
GL2 0PF,9,5,4,3
GL2 0PG,45,23,22,18
GL2 0PH,112,56,56,42
GL2 0PJ,42,21,21,19
GL2 0PL,26,12,14,12
GL2 0PN,54,18,36,17
GL2 0PP,9,3,6,7
GL2 0PQ,67,33,34,23
GL2 0PR,39,20,19,12
GL2 0PS,89,41,48,34
GL2 0PT,19,10,9,12
GL2 0PU,70,28,42,29
GL2 0PW,20,8,12,8
GL2 0PX,157,84,73,59
GL2 0PY,96,55,41,34
GL2 0PZ,25,14,11,10
GL2 0QA,68,31,37,35
GL2 0QB,17,8,9,12
GL2 0QD,16,6,10,15
GL2 0QJ,63,23,40,13
GL2 0QL,7,3,4,4
GL2 0QN,56,32,24,21
GL2 0QP,50,27,23,18
GL2 0QR,60,33,27,23
GL2 0QS,47,25,22,18
GL2 0QT,100,47,53,41
GL2 0QU,82,42,40,37
GL2 0QW,7,4,3,3
GL2 0QX,74,35,39,29
GL2 0QY,78,43,35,30
GL2 0QZ,43,25,18,16
GL2 0RA,66,36,30,27
GL2 0RB,83,40,43,37
GL2 0RD,48,20,28,16
GL2 0RF,41,19,22,18
GL2 0RG,18,8,10,7
GL2 0RH,75,37,38,30
GL2 0RJ,97,51,46,39
GL2 0RL,33,15,18,17
GL2 0RP,185,94,91,64
GL2 0RQ,56,29,27,23
GL2 0RR,26,15,11,10
GL2 0RS,21,9,12,10
GL2 0RT,48,25,23,29
GL2 0RU,12,7,5,3
GL2 0RW,24,8,16,11
GL2 0RX,44,23,21,14
GL2 0RY,11,3,8,4
GL2 0RZ,24,9,15,5
GL2 0SA,46,21,25,21
GL2 0SB,18,11,7,7
GL2 0SD,87,35,52,30
GL2 0SF,55,27,28,19
GL2 0SG,61,34,27,31
GL2 0SH,51,18,33,17
GL2 0SJ,74,31,43,32
GL2 0SL,46,26,20,19
GL2 0SP,33,18,15,12
GL2 0SQ,62,31,31,23
GL2 0SR,21,8,13,9
GL2 0SS,66,21,45,13
GL2 0ST,55,28,27,18
GL2 0SU,80,39,41,30
GL2 0SW,31,12,19,15
GL2 0SX,34,15,19,10
GL2 0SY,45,21,24,17
GL2 0SZ,49,26,23,20
GL2 0TA,96,40,56,33
GL2 0TD,25,10,15,23
GL2 0TE,36,12,24,20
GL2 0TN,75,37,38,33
GL2 0TP,122,60,62,43
GL2 0TR,38,21,17,16
GL2 0TT,36,20,16,11
GL2 0TU,30,14,16,16
GL2 0TW,68,32,36,33
GL2 0TX,26,11,15,16
GL2 0TY,19,5,14,13
GL2 0TZ,42,21,21,17
GL2 0UA,38,21,17,15
GL2 0UB,28,12,16,11
GL2 0UD,14,4,10,11
GL2 0UE,22,12,10,8
GL2 0UF,35,18,17,15
GL2 0UG,56,29,27,23
GL2 0UQ,57,28,29,28
GL2 0XA,70,35,35,28
GL2 0XB,17,8,9,6
GL2 0XD,64,32,32,30
GL2 0XE,55,29,26,18
GL2 0XF,24,15,9,10
GL2 0XG,44,17,27,28
GL2 0XJ,48,24,24,15
GL2 0XL,16,8,8,8
GL2 0XN,110,53,57,39
GL2 0XP,64,31,33,23
GL2 0XQ,19,10,9,7
GL2 0XR,34,16,18,11
GL2 0XS,53,27,26,19
GL2 0XT,46,19,27,19
GL2 0XU,26,14,12,23
GL2 0XW,53,27,26,19
GL2 0XX,49,21,28,29
GL2 2AR,89,44,45,32
GL2 2AU,117,50,67,38
GL2 2AW,144,74,70,46
GL2 2AY,111,62,49,39
GL2 2AZ,30,13,17,7
GL2 2BB,172,78,94,66
GL2 2BD,86,51,35,33
GL2 2BE,61,24,37,21
GL2 2BF,174,88,86,61
GL2 2BG,99,49,50,34
GL2 2BH,141,71,70,54
GL2 2BJ,276,136,140,97
GL2 2BL,108,62,46,39
GL2 2BN,62,29,33,20
GL2 2BQ,42,22,20,19
GL2 2BS,199,102,97,66
GL2 2BT,142,75,67,45
GL2 2BU,129,59,70,47
GL2 2BW,37,19,18,12
GL2 2BX,138,71,67,44
GL2 2DD,63,35,28,21
GL2 2DH,147,71,76,55
GL2 2DJ,69,35,34,23
GL2 2DL,278,141,137,96
GL2 2DN,92,50,42,33
GL2 2DP,69,31,38,22
GL2 2DR,84,42,42,21
GL2 2DS,75,36,39,29
GL2 2DT,70,34,36,23
GL2 2DU,31,15,16,13
GL2 2DW,66,31,35,25
GL2 2DX,115,59,56,30
GL2 2DY,55,28,27,20
GL2 2DZ,57,25,32,20
GL2 2EA,77,37,40,24
GL2 2EB,32,21,11,11
GL2 2ED,7,4,3,3
GL2 2EE,5,3,2,1
GL2 2EH,48,25,23,16
GL2 2EJ,30,13,17,10
GL2 2EL,61,29,32,18
GL2 2EN,9,4,5,3
GL2 2ER,74,32,42,30
GL2 2ES,41,17,24,9
GL2 2ET,68,29,39,24
GL2 2EU,45,26,19,14
GL2 2EX,18,10,8,5
GL2 2EY,60,29,31,20
GL2 2EZ,51,23,28,18
GL2 2FE,29,16,13,6
GL2 2FF,79,33,46,27
GL2 2FG,56,25,31,24
GL2 2FH,40,16,24,16
GL2 2FJ,11,6,5,4
GL2 2FL,22,14,8,8
GL2 2GP,11,6,5,6
GL2 2RG,32,17,15,15
GL2 2SA,81,37,44,35
GL2 2SD,68,32,36,27
GL2 2SF,106,52,54,39
GL2 3NJ,104,51,53,41
GL2 3NP,4,3,1,1
GL2 3NQ,62,32,30,24
GL2 3NR,6,2,4,2
GL2 3NS,22,10,12,8
GL2 3NT,58,28,30,25
GL2 3NU,1,1,0,1
GL2 3NW,34,19,15,13
GL2 3NX,3,1,2,1
GL2 3NY,3,2,1,1
GL2 3QE,17,8,9,8
GL2 3SG,6,3,3,2
GL2 3SH,10,5,5,4
GL2 3SJ,61,30,31,25
GL2 3SL,29,17,12,12
GL2 3SN,33,18,15,14
GL2 3SP,16,7,9,6
GL2 3SQ,32,19,13,16
GL2 3SR,12,6,6,4
GL2 3ST,51,26,25,20
GL2 3SU,16,8,8,8
GL2 3SW,54,30,24,23
GL2 3WG,6,3,3,3
GL2 4BH,1,0,1,1
GL2 4BU,78,34,44,38
GL2 4DE,118,50,68,56
GL2 4EF,20,8,12,8
GL2 4EN,95,47,48,40
GL2 4FA,31,17,14,17
GL2 4FB,41,23,18,21
GL2 4FT,112,55,57,68
GL2 4FU,116,58,58,36
GL2 4FX,96,48,48,37
GL2 4FY,46,20,26,30
GL2 4FZ,48,22,26,18
GL2 4GA,83,29,54,33
GL2 4GB,32,16,16,12
GL2 4GD,59,30,29,27
GL2 4GE,8,2,6,3
GL2 4GF,82,38,44,35
GL2 4GG,45,23,22,14
GL2 4GH,12,7,5,3
GL2 4GJ,80,41,39,33
GL2 4GL,72,40,32,25
GL2 4GR,113,54,59,45
GL2 4GS,101,51,50,44
GL2 4GT,47,28,19,21
GL2 4GY,39,16,23,22
GL2 4GZ,37,17,20,14
GL2 4HD,190,97,93,70
GL2 4JA,44,25,19,17
GL2 4JB,67,35,32,22
GL2 4JD,67,34,33,23
GL2 4JE,162,84,78,66
GL2 4JF,57,28,29,28
GL2 4JG,18,8,10,10
GL2 4JH,42,23,19,20
GL2 4JJ,112,58,54,50
GL2 4JL,122,58,64,44
GL2 4JN,95,44,51,27
GL2 4JR,4,3,1,1
GL2 4JW,42,19,23,20
GL2 4JY,33,10,23,25
GL2 4LA,45,19,26,12
GL2 4LB,111,49,62,41
GL2 4LD,212,101,111,74
GL2 4LE,51,26,25,20
GL2 4LF,97,53,44,44
GL2 4LG,82,39,43,28
GL2 4LH,72,36,36,24
GL2 4LJ,67,35,32,24
GL2 4LL,65,34,31,23
GL2 4LN,46,23,23,14
GL2 4LP,36,19,17,12
GL2 4LQ,97,52,45,40
GL2 4LR,39,19,20,12
GL2 4LZ,65,37,28,24
GL2 4NA,55,35,20,16
GL2 4ND,34,21,13,11
GL2 4NE,52,28,24,27
GL2 4NH,39,28,11,31
GL2 4NJ,57,23,34,19
GL2 4NL,39,20,19,16
GL2 4NN,28,13,15,12
GL2 4NP,144,63,81,48
GL2 4NQ,114,51,63,48
GL2 4NR,171,81,90,74
GL2 4NS,25,13,12,10
GL2 4NT,36,18,18,17
GL2 4NU,171,89,82,59
GL2 4NW,83,30,53,30
GL2 4NX,27,13,14,9
GL2 4NY,15,8,7,8
GL2 4PB,77,38,39,35
GL2 4PD,67,29,38,30
GL2 4PG,8,4,4,3
GL2 4PJ,16,8,8,6
GL2 4PL,24,4,20,19
GL2 4PN,35,17,18,15
GL2 4PP,85,39,46,41
GL2 4PQ,28,14,14,13
GL2 4PS,25,14,11,9
GL2 4PT,145,65,80,88
GL2 4PU,78,41,37,34
GL2 4PW,41,21,20,14
GL2 4PX,163,78,85,60
GL2 4PY,80,40,40,34
GL2 4PZ,136,64,72,56
GL2 4QA,51,23,28,26
GL2 4QB,11,4,7,6
GL2 4QD,76,35,41,30
GL2 4QE,37,18,19,16
GL2 4QF,83,40,43,38
GL2 4QG,28,15,13,12
GL2 4QH,111,58,53,39
GL2 4QJ,33,19,14,14
GL2 4QN,38,22,16,11
GL2 4QP,75,44,31,26
GL2 4QQ,125,63,62,47
GL2 4QR,10,3,7,4
GL2 4QS,3,1,2,1
GL2 4QT,26,15,11,9
GL2 4QU,25,13,12,8
GL2 4QW,126,60,66,35
GL2 4QX,44,26,18,20
GL2 4QY,24,12,12,10
GL2 4QZ,11,4,7,6
GL2 4RA,15,9,6,5
GL2 4RB,6,3,3,2
GL2 4RD,14,6,8,6
GL2 4RE,79,43,36,22
GL2 4RF,18,8,10,5
GL2 4RH,5,4,1,2
GL2 4RJ,50,22,28,14
GL2 4RL,16,7,9,6
GL2 4RN,122,61,61,42
GL2 4RP,44,22,22,16
GL2 4RQ,82,40,42,28
GL2 4RR,5,3,2,3
GL2 4RS,6,1,5,3
GL2 4RT,79,37,42,29
GL2 4RU,105,54,51,57
GL2 4RW,104,43,61,38
GL2 4RX,136,66,70,67
GL2 4RY,175,87,88,63
GL2 4RZ,114,65,49,67
GL2 4SG,197,97,100,76
GL2 4SH,42,20,22,15
GL2 4SJ,23,12,11,8
GL2 4SL,38,19,19,15
GL2 4SP,108,54,54,39
GL2 4SQ,29,16,13,13
GL2 4SS,27,13,14,10
GL2 4SX,36,15,21,16
GL2 4SY,220,109,111,77
GL2 4SZ,84,41,43,28
GL2 4TA,46,20,26,24
GL2 4TB,48,20,28,27
GL2 4TD,47,21,26,20
GL2 4TE,90,45,45,32
GL2 4TF,60,30,30,20
GL2 4TG,65,30,35,26
GL2 4TH,57,24,33,24
GL2 4TJ,43,21,22,15
GL2 4TL,67,36,31,24
GL2 4TN,36,11,25,27
GL2 4TP,79,43,36,32
GL2 4TQ,13,8,5,4
GL2 4TR,48,27,21,26
GL2 4TS,90,45,45,32
GL2 4TT,76,37,39,30
GL2 4TU,146,71,75,59
GL2 4TW,50,24,26,25
GL2 4TX,21,9,12,7
GL2 4TY,102,52,50,34
GL2 4TZ,22,12,10,10
GL2 4UA,102,56,46,37
GL2 4UB,40,18,22,27
GL2 4UD,154,77,77,70
GL2 4UE,95,49,46,36
GL2 4UF,77,39,38,45
GL2 4UG,89,38,51,35
GL2 4UH,49,22,27,18
GL2 4UJ,189,93,96,65
GL2 4UN,41,21,20,15
GL2 4UP,184,97,87,64
GL2 4UQ,96,47,49,32
GL2 4UR,95,47,48,41
GL2 4US,155,77,78,51
GL2 4UU,57,27,30,34
GL2 4UW,158,73,85,53
GL2 4UX,118,57,61,47
GL2 4UY,49,25,24,23
GL2 4UZ,84,47,37,38
GL2 4WA,140,61,79,65
GL2 4WB,144,66,78,54
GL2 4WE,44,21,23,19
GL2 4WF,15,4,11,12
GL2 4WG,45,25,20,17
GL2 4WH,160,56,104,28
GL2 4WJ,86,43,43,29
GL2 4WL,83,45,38,26
GL2 4WN,115,62,53,61
GL2 4WP,141,64,77,66
GL2 4WQ,38,13,25,27
GL2 4WR,38,14,24,18
GL2 4WS,63,29,34,23
GL2 4WT,9,3,6,4
GL2 4WU,89,49,40,32
GL2 4WW,40,22,18,13
GL2 4WX,52,25,27,16
GL2 4XA,86,43,43,35
GL2 4XB,49,26,23,30
GL2 4XG,198,98,100,82
GL2 4XH,64,34,30,21
GL2 4XJ,38,15,23,11
GL2 4XL,71,39,32,38
GL2 4XN,87,46,41,36
GL2 4XP,61,29,32,28
GL2 4XQ,95,40,55,42
GL2 4XR,83,38,45,49
GL2 4XS,19,13,6,12
GL2 4XT,71,39,32,43
GL2 4XU,28,14,14,17
GL2 4XW,42,12,30,32
GL2 4XZ,30,13,17,10
GL2 4YE,55,30,25,34
GL2 4YF,52,29,23,30
GL2 4YG,36,17,19,18
GL2 4YH,153,79,74,81
GL2 4YJ,146,70,76,53
GL2 4YL,97,50,47,33
GL2 4YN,51,24,27,23
GL2 4YP,97,53,44,43
GL2 4YQ,67,39,28,34
GL2 4YR,142,62,80,64
GL2 4YS,8,3,5,2
GL2 4YT,54,25,29,23
GL2 4YU,55,25,30,26
GL2 4YW,51,28,23,21
GL2 4YX,120,60,60,48
GL2 4YY,113,53,60,45
GL2 4YZ,69,38,31,26
GL2 5AA,8,4,4,4
GL2 5AB,30,12,18,13
GL2 5AD,54,28,26,20
GL2 5AF,39,20,19,26
GL2 5AG,67,26,41,40
GL2 5AH,50,28,22,28
GL2 5AJ,35,24,11,28
GL2 5AL,75,35,40,31
GL2 5AN,33,27,6,29
GL2 5AP,19,9,10,6
GL2 5AQ,32,14,18,13
GL2 5AR,70,35,35,28
GL2 5AS,91,40,51,41
GL2 5AT,47,21,26,21
GL2 5AU,32,13,19,13
GL2 5AW,37,18,19,18
GL2 5AX,39,20,19,15
GL2 5AY,50,22,28,16
GL2 5BA,29,11,18,22
GL2 5BB,7,4,3,5
GL2 5BD,41,22,19,20
GL2 5BE,17,8,9,6
GL2 5BG,25,10,15,10
GL2 5BH,2,2,0,1
GL2 5BJ,53,26,27,18
GL2 5BL,11,2,9,9
GL2 5BN,5,3,2,3
GL2 5BP,65,34,31,30
GL2 5BQ,86,35,51,41
GL2 5BS,30,14,16,15
GL2 5BW,6,2,4,2
GL2 5DL,152,75,77,51
GL2 5DR,74,36,38,25
GL2 5DS,86,42,44,31
GL2 5EF,83,44,39,28
GL2 5EJ,17,6,11,9
GL2 5EX,43,22,21,15
GL2 5EY,15,7,8,10
GL2 5FB,98,51,47,39
GL2 5FF,82,42,40,26
GL2 5FG,74,38,36,22
GL2 5FL,48,23,25,18
GL2 5FN,71,30,41,21
GL2 5FQ,39,16,23,28
GL2 5FS,18,8,10,8
GL2 5FT,75,32,43,27
GL2 5FX,11,5,6,8
GL2 5FY,35,17,18,10
GL2 5GA,65,28,37,16
GL2 5GB,79,37,42,27
GL2 5GD,115,60,55,34
GL2 5GE,12,6,6,5
GL2 5GF,43,19,24,17
GL2 5GH,115,59,56,45
GL2 5GN,12,6,6,5
GL2 5HD,35,14,21,12
GL2 5HH,6,2,4,3
GL2 5HN,53,20,33,22
GL2 5HP,19,11,8,9
GL2 5JJ,93,44,49,39
GL2 5JN,80,40,40,36
GL2 5JP,16,9,7,8
GL2 5JR,18,11,7,7
GL2 5JS,75,42,33,30
GL2 5JT,4,2,2,2
GL2 5JU,39,18,21,18
GL2 5JW,76,38,38,22
GL2 5JX,94,47,47,49
GL2 5JY,57,23,34,20
GL2 5JZ,5,2,3,3
GL2 5LA,49,24,25,18
GL2 5LD,14,5,9,10
GL2 5LE,26,13,13,7
GL2 5LG,32,15,17,9
GL2 5LH,50,26,24,24
GL2 5LJ,5,2,3,3
GL2 5LN,83,39,44,39
GL2 5LP,20,10,10,10
GL2 5LQ,15,8,7,8
GL2 5LR,18,8,10,9
GL2 5LU,57,26,31,26
GL2 5LW,8,5,3,3
GL2 5LX,9,7,2,5
GL2 5NL,74,37,37,32
GL2 5NZ,43,29,14,32
GL2 5PA,11,5,6,8
GL2 5QT,1,0,1,0
GL2 5QX,2,1,1,1
GL2 5XA,19,10,9,10
GL2 5XD,59,32,27,26
GL2 5XE,30,14,16,14
GL2 7AA,3,1,2,1
GL2 7AB,26,14,12,12
GL2 7AD,34,19,15,14
GL2 7AE,20,13,7,9
GL2 7AF,16,9,7,7
GL2 7AG,18,11,7,6
GL2 7AH,7,3,4,4
GL2 7AL,21,11,10,8
GL2 7AN,10,7,3,5
GL2 7AP,4,2,2,1
GL2 7AR,4,1,3,1
GL2 7AS,23,11,12,8
GL2 7AT,43,23,20,18
GL2 7AU,34,17,17,12
GL2 7AX,23,11,12,7
GL2 7BA,22,11,11,10
GL2 7BB,12,7,5,6
GL2 7BD,24,12,12,9
GL2 7BE,41,22,19,25
GL2 7BG,34,18,16,11
GL2 7BH,12,6,6,4
GL2 7BJ,23,11,12,9
GL2 7BL,97,49,48,36
GL2 7BN,13,6,7,7
GL2 7BP,47,29,18,21
GL2 7BQ,22,14,8,9
GL2 7BS,2,1,1,2
GL2 7BU,46,21,25,15
GL2 7BW,23,13,10,10
GL2 7BY,17,6,11,7
GL2 7BZ,8,3,5,7
GL2 7DA,2,1,1,1
GL2 7DB,33,14,19,11
GL2 7DE,100,51,49,32
GL2 7DF,48,22,26,18
GL2 7DG,64,30,34,26
GL2 7DJ,24,15,9,9
GL2 7DL,19,10,9,7
GL2 7DN,36,16,20,11
GL2 7DP,2,1,1,1
GL2 7DQ,5,2,3,2
GL2 7DR,27,13,14,16
GL2 7DS,40,21,19,13
GL2 7DT,20,9,11,6
GL2 7DU,32,20,12,13
GL2 7DW,1,0,1,1
GL2 7DX,9,4,5,3
GL2 7DY,65,28,37,27
GL2 7DZ,6,2,4,4
GL2 7EA,64,33,31,25
GL2 7EB,16,7,9,7
GL2 7ED,94,43,51,42
GL2 7EE,77,31,46,20
GL2 7EF,6,3,3,3
GL2 7EG,6,3,3,3
GL2 7EH,21,11,10,8
GL2 7EJ,6,4,2,3
GL2 7EL,47,21,26,18
GL2 7EN,1,0,1,1
GL2 7EP,36,19,17,11
GL2 7EQ,26,14,12,10
GL2 7ET,13,7,6,7
GL2 7EX,13,7,6,6
GL2 7EY,14,8,6,6
GL2 7EZ,10,5,5,4
GL2 7HA,44,20,24,22
GL2 7HB,1,0,1,1
GL2 7HD,10,6,4,4
GL2 7HE,48,18,30,13
GL2 7HG,123,66,57,39
GL2 7HH,80,39,41,29
GL2 7HJ,33,18,15,13
GL2 7HL,19,10,9,8
GL2 7HN,97,37,60,30
GL2 7HP,44,18,26,19
GL2 7HQ,71,37,34,26
GL2 7HR,87,48,39,27
GL2 7HS,15,10,5,6
GL2 7HT,2,1,1,1
GL2 7HW,56,29,27,16
GL2 7HY,9,4,5,4
GL2 7HZ,40,26,14,14
GL2 7JB,49,21,28,20
GL2 7JD,14,9,5,5
GL2 7JE,24,14,10,10
GL2 7JF,14,7,7,6
GL2 7JG,56,27,29,22
GL2 7JH,79,41,38,30
GL2 7JJ,40,20,20,14
GL2 7JL,58,30,28,24
GL2 7JN,148,70,78,54
GL2 7JP,31,15,16,13
GL2 7JQ,12,5,7,4
GL2 7JR,19,9,10,9
GL2 7JS,14,7,7,4
GL2 7JT,11,6,5,4
GL2 7JU,8,5,3,5
GL2 7JW,8,4,4,3
GL2 7JX,20,11,9,8
GL2 7JY,79,40,39,32
GL2 7JZ,36,16,20,15
GL2 7LA,10,6,4,5
GL2 7LB,83,43,40,35
GL2 7LD,20,9,11,9
GL2 7LE,35,15,20,12
GL2 7LF,19,8,11,7
GL2 7LG,33,15,18,13
GL2 7LH,90,43,47,35
GL2 7LJ,15,8,7,8
GL2 7LL,11,5,6,4
GL2 7LN,88,37,51,34
GL2 7LP,108,55,53,40
GL2 7LQ,57,27,30,22
GL2 7LR,26,11,15,8
GL2 7LS,15,5,10,7
GL2 7LT,2,1,1,1
GL2 7LU,60,32,28,25
GL2 7LW,78,35,43,28
GL2 7LX,2,1,1,1
GL2 7LY,19,9,10,6
GL2 7LZ,34,16,18,14
GL2 7NA,12,7,5,6
GL2 7NB,38,22,16,13
GL2 7ND,32,17,15,13
GL2 7NE,10,3,7,6
GL2 7NF,14,7,7,4
GL2 7NG,18,10,8,7
GL2 7NH,5,3,2,2
GL2 7NL,86,43,43,32
GL2 7NN,19,10,9,6
GL2 7NP,19,11,8,6
GL2 7NQ,13,7,6,5
GL2 7NR,1,0,1,1
GL2 7NT,53,22,31,19
GL2 7NU,63,31,32,21
GL2 7NW,95,49,46,33
GL2 7NY,4,3,1,2
GL2 7NZ,8,4,4,3
GL2 7PA,10,5,5,4
GL2 7PB,21,11,10,10
GL2 7PD,44,26,18,18
GL2 7PF,6,3,3,4
GL2 7PG,2,1,1,1
GL2 7PH,48,25,23,16
GL2 7PJ,40,24,16,14
GL2 7PN,9,5,4,4
GL2 7PQ,13,9,4,3
GL2 7PR,39,16,23,14
GL2 7PS,82,42,40,46
GL2 7PT,63,30,33,26
GL2 7PX,25,10,15,9
GL2 8AA,39,19,20,15
GL2 8AB,8,5,3,5
GL2 8AD,4,3,1,2
GL2 8AF,29,14,15,11
GL2 8AG,91,40,51,31
GL2 8AJ,7,3,4,2
GL2 8AL,26,16,10,8
GL2 8AP,9,4,5,3
GL2 8AR,31,17,14,17
GL2 8AS,59,26,33,26
GL2 8AT,9,3,6,3
GL2 8AW,17,8,9,5
GL2 8BA,12,5,7,4
GL2 8BB,2,1,1,2
GL2 8BD,5,2,3,3
GL2 8BE,19,7,12,11
GL2 8BG,73,39,34,26
GL2 8BH,8,4,4,2
GL2 8BJ,20,9,11,9
GL2 8BL,8,5,3,4
GL2 8BN,12,5,7,4
GL2 8BP,3,2,1,1
GL2 8BQ,13,8,5,3
GL2 8BS,10,5,5,6
GL2 8BW,12,7,5,5
GL2 8BX,4,2,2,2
GL2 8BY,35,17,18,10
GL2 8BZ,57,24,33,20
GL2 8DA,36,15,21,12
GL2 8DB,23,12,11,10
GL2 8DD,16,9,7,5
GL2 8DE,3,2,1,1
GL2 8DF,14,6,8,6
GL2 8DG,29,12,17,14
GL2 8DH,45,24,21,20
GL2 8DJ,147,78,69,61
GL2 8DL,93,45,48,42
GL2 8DN,4,2,2,1
GL2 8DP,17,10,7,3
GL2 8DQ,15,7,8,6
GL2 8DS,13,8,5,4
GL2 8DT,21,10,11,7
GL2 8DU,4,2,2,2
GL2 8DW,66,30,36,21
GL2 8DX,38,17,21,11
GL2 8DY,44,23,21,17
GL2 8DZ,27,13,14,10
GL2 8EA,19,10,9,8
GL2 8EB,59,28,31,28
GL2 8ED,49,20,29,18
GL2 8EE,41,19,22,24
GL2 8EF,25,13,12,9
GL2 8EG,20,12,8,10
GL2 8EH,33,16,17,15
GL2 8EJ,36,18,18,16
GL2 8EL,103,50,53,37
GL2 8EN,15,7,8,7
GL2 8EP,4,3,1,1
GL2 8EQ,91,42,49,34
GL2 8ER,9,5,4,2
GL2 8ES,1,1,0,1
GL2 8ET,5,2,3,3
GL2 8EU,18,10,8,7
GL2 8EW,122,64,58,45
GL2 8EX,18,8,10,9
GL2 8EY,21,9,12,6
GL2 8EZ,3,1,2,2
GL2 8HA,13,8,5,6
GL2 8HB,13,8,5,5
GL2 8HD,26,14,12,10
GL2 8HE,8,5,3,2
GL2 8HF,15,7,8,6
GL2 8HG,13,5,8,5
GL2 8HH,12,6,6,4
GL2 8HJ,11,7,4,4
GL2 8HL,6,3,3,3
GL2 8HN,3,1,2,2
GL2 8HP,4,1,3,2
GL2 8HQ,50,19,31,23
GL2 8HS,17,7,10,9
GL2 8HT,33,17,16,14
GL2 8HU,11,6,5,4
GL2 8HW,7,2,5,2
GL2 8HX,12,5,7,6
GL2 8HY,53,22,31,25
GL2 8JA,2,1,1,1
GL2 8JB,10,5,5,6
GL2 8JD,19,11,8,8
GL2 8JE,18,10,8,8
GL2 8JF,13,8,5,4
GL2 8JG,152,60,92,42
GL2 8JH,87,41,46,34
GL2 8JJ,59,30,29,26
GL2 8JL,7,3,4,3
GL2 8JN,19,12,7,10
GL2 8JP,14,9,5,7
GL2 8JQ,22,10,12,9
GL2 8JR,7,2,5,4
GL2 8JS,27,12,15,14
GL2 8JT,21,11,10,11
GL2 8JU,41,22,19,13
GL2 8JW,32,16,16,12
GL2 8JX,19,11,8,9
GL2 8JY,21,11,10,9
GL2 8JZ,4,2,2,2
GL2 8LA,79,27,52,18
GL2 8LB,11,5,6,3
GL2 8LD,13,6,7,5
GL2 8LH,71,35,36,27
GL2 8LJ,28,13,15,11
GL2 8LL,41,18,23,14
GL2 8LN,13,5,8,6
GL2 8LP,26,15,11,13
GL2 8LR,31,10,21,11
GL2 8LS,17,9,8,7
GL2 8LT,43,21,22,16
GL2 8LU,30,15,15,13
GL2 8LW,67,32,35,23
GL2 8LX,43,20,23,16
GL2 8LY,45,20,25,17
GL2 8LZ,41,20,21,14
GL2 8NA,74,35,39,29
GL2 8NB,38,19,19,14
GL2 8ND,33,17,16,14
GL2 8NE,55,28,27,18
GL2 8NF,24,13,11,10
GL2 8NG,29,14,15,11
GL2 8NH,24,9,15,11
GL2 8NJ,38,18,20,18
GL2 8NL,52,19,33,29
GL2 8NQ,18,7,11,11
GL2 9AA,16,8,8,5
GL2 9AB,32,14,18,16
GL2 9AD,7,3,4,1
GL2 9AE,43,20,23,21
GL2 9AF,4,3,1,1
GL2 9AG,45,22,23,24
GL2 9AH,2,1,1,1
GL2 9AJ,25,14,11,13
GL2 9AL,29,19,10,18
GL2 9AN,79,42,37,28
GL2 9AQ,10,5,5,4
GL2 9AR,24,17,7,15
GL2 9AU,46,20,26,27
GL2 9AW,57,31,26,36
GL2 9AX,32,15,17,14
GL2 9AY,28,15,13,15
GL2 9AZ,23,13,10,14
GL2 9BA,11,5,6,6
GL2 9BB,69,36,33,35
GL2 9BD,51,19,32,12
GL2 9BE,27,11,16,8
GL2 9BG,34,17,17,16
GL2 9BH,16,10,6,5
GL2 9BJ,12,5,7,6
GL2 9BL,8,4,4,4
GL2 9BN,57,29,28,23
GL2 9BP,9,6,3,5
GL2 9BQ,86,47,39,29
GL2 9BS,10,5,5,7
GL2 9BT,26,14,12,9
GL2 9BU,57,26,31,34
GL2 9BW,10,4,6,4
GL2 9BX,83,43,40,33
GL2 9BY,32,15,17,10
GL2 9BZ,2,1,1,1
GL2 9DB,42,18,24,21
GL2 9DD,70,30,40,40
GL2 9DE,99,54,45,49
GL2 9DF,24,13,11,12
GL2 9DG,49,20,29,24
GL2 9DL,17,8,9,9
GL2 9DN,41,21,20,20
GL2 9DQ,12,6,6,6
GL2 9DR,8,4,4,6
GL2 9DS,17,8,9,5
GL2 9DT,20,11,9,7
GL2 9DU,28,14,14,15
GL2 9DW,90,50,40,34
GL2 9DX,19,7,12,10
GL2 9DY,26,15,11,14
GL2 9DZ,25,13,12,13
GL2 9EA,29,15,14,11
GL2 9ED,11,6,5,4
GL2 9EE,20,8,12,8
GL2 9EG,23,11,12,12
GL2 9EH,21,13,8,7
GL2 9EJ,7,3,4,4
GL2 9EL,45,21,24,21
GL2 9EP,52,21,31,24
GL2 9EQ,30,14,16,12
GL2 9ER,30,15,15,16
GL2 9ES,53,26,27,20
GL2 9ET,8,5,3,6
GL2 9EU,33,14,19,11
GL2 9EW,2,0,2,2
GL2 9HA,24,13,11,11
GL2 9HB,66,35,31,27
GL2 9HD,121,61,60,45
GL2 9HE,106,52,54,46
GL2 9HF,110,52,58,51
GL2 9HG,32,16,16,27
GL2 9HH,46,22,24,31
GL2 9HJ,138,71,67,65
GL2 9HN,40,21,19,16
GL2 9HP,29,17,12,10
GL2 9HQ,55,28,27,22
GL2 9HR,55,33,22,22
GL2 9HS,44,25,19,16
GL2 9HT,50,22,28,19
GL2 9HU,35,15,20,12
GL2 9HW,194,112,82,0
GL2 9HX,62,27,35,21
GL2 9HY,25,12,13,10
GL2 9HZ,43,22,21,22
GL2 9JA,83,44,39,35
GL2 9JB,45,23,22,25
GL2 9JD,63,32,31,34
GL2 9JE,30,17,13,12
GL2 9JF,34,17,17,14
GL2 9JG,39,19,20,18
GL2 9JH,53,23,30,30
GL2 9JJ,22,11,11,13
GL2 9JL,18,8,10,11
GL2 9JN,26,14,12,13
GL2 9JP,48,25,23,20
GL2 9JQ,7,4,3,5
GL2 9JU,38,22,16,19
GL2 9JW,16,7,9,9
GL2 9JX,46,21,25,16
GL2 9JY,27,10,17,12
GL2 9JZ,26,12,14,15
GL2 9LA,79,37,42,33
GL2 9LB,25,14,11,8
GL2 9LD,36,19,17,12
GL2 9LG,8,5,3,6
GL2 9LH,14,7,7,6
GL2 9LJ,11,6,5,4
GL2 9LL,17,10,7,6
GL2 9LN,93,42,51,35
GL2 9LP,45,24,21,22
GL2 9LQ,34,13,21,11
GL2 9LR,72,33,39,27
GL2 9LS,40,21,19,14
GL2 9LT,26,12,14,10
GL2 9LU,5,2,3,2
GL2 9LW,17,7,10,6
GL2 9LX,3,2,1,2
GL2 9LY,10,6,4,4
GL2 9LZ,14,6,8,7
GL2 9NA,7,4,3,3
GL2 9NB,53,26,27,26
GL2 9ND,19,7,12,6
GL2 9NE,22,10,12,8
GL2 9NG,26,12,14,8
GL2 9NH,7,4,3,2
GL2 9NJ,4,3,1,2
GL2 9NL,12,8,4,6
GL2 9NN,15,7,8,10
GL2 9NP,85,40,45,35
GL2 9NR,41,23,18,15
GL2 9NS,5,3,2,2
GL2 9NT,26,12,14,9
GL2 9NU,50,26,24,22
GL2 9NW,24,12,12,12
GL2 9NX,44,24,20,22
GL2 9NY,29,13,16,12
GL2 9NZ,43,18,25,16
GL2 9PA,28,12,16,15
GL2 9PB,24,13,11,10
GL2 9PD,10,5,5,6
GL2 9PE,30,15,15,10
GL2 9PG,29,15,14,11
GL2 9PH,10,5,5,3
GL2 9PJ,2,1,1,1
GL2 9PL,26,14,12,10
GL2 9PN,18,8,10,6
GL2 9PP,11,5,6,4
GL2 9PQ,41,21,20,17
GL2 9PR,13,6,7,7
GL2 9PS,94,44,50,35
GL2 9PT,14,6,8,6
GL2 9PU,5,4,1,3
GL2 9PW,6,3,3,3
GL2 9PX,13,5,8,3
GL2 9PY,24,13,11,10
GL2 9PZ,112,55,57,41
GL2 9QA,31,16,15,10
GL2 9QB,91,45,46,37
GL2 9QE,2,1,1,1
GL2 9QF,7,2,5,3
GL2 9QP,98,57,41,78
GL2 9QQ,11,5,6,4
GL2 9QS,47,27,20,30
GL2 9QT,7,3,4,3
GL2 9QW,7,2,5,2
GL2 9RA,35,20,15,14
GL2 9RB,58,29,29,24
GL2 9RD,121,60,61,54
GL2 9RE,113,53,60,52
GL2 9RG,27,17,10,9
GL2 9RR,32,17,15,11
GL2 9RS,58,30,28,20
GL2 9RT,181,83,98,59
GL2 9RU,34,14,20,14
GL2 9RW,19,6,13,7
GL2 9RX,28,16,12,12
GL2 9WH,17,9,8,0
GL205AB,5,2,3,3
GL205AD,10,4,6,7
GL205AE,17,11,6,12
GL205AF,5,3,2,4
GL205AG,12,4,8,8
GL205AH,1,0,1,1
GL205AJ,3,2,1,2
GL205AL,16,11,5,11
GL205AN,10,3,7,6
GL205AQ,16,7,9,10
GL205AT,6,3,3,4
GL205AU,3,2,1,2
GL205AX,1,1,0,1
GL205AY,91,33,58,71
GL205AZ,13,7,6,7
GL205BA,11,7,4,5
GL205BB,27,15,12,20
GL205BE,6,5,1,4
GL205BH,11,7,4,9
GL205BJ,16,9,7,7
GL205BL,41,14,27,35
GL205BP,2,1,1,1
GL205BQ,17,10,7,11
GL205BS,9,5,4,5
GL205BT,81,39,42,38
GL205BU,4,1,3,2
GL205BW,3,2,1,2
GL205BY,19,12,7,15
GL205BZ,31,17,14,15
GL205DB,29,15,14,16
GL205DD,23,10,13,18
GL205DE,16,6,10,12
GL205DF,26,15,11,13
GL205DG,22,12,10,11
GL205DH,9,5,4,4
GL205DL,54,24,30,27
GL205DN,21,6,15,19
GL205DP,42,18,24,16
GL205DQ,18,10,8,9
GL205DR,12,8,4,7
GL205DS,33,19,14,11
GL205DT,35,11,24,24
GL205DU,37,10,27,28
GL205DW,68,36,32,26
GL205DX,21,13,8,10
GL205DY,15,8,7,4
GL205EA,29,12,17,11
GL205EB,31,14,17,11
GL205ED,58,28,30,24
GL205EE,25,16,9,12
GL205EF,41,22,19,20
GL205EG,55,25,30,28
GL205EH,29,14,15,18
GL205EJ,32,13,19,13
GL205EL,82,42,40,43
GL205EN,22,10,12,12
GL205EP,60,34,26,29
GL205EQ,47,21,26,18
GL205ER,27,12,15,10
GL205ES,59,28,31,23
GL205ET,20,10,10,7
GL205EU,11,6,5,5
GL205EW,41,18,23,22
GL205EX,29,9,20,19
GL205EY,20,9,11,8
GL205EZ,10,4,6,5
GL205FA,157,84,73,65
GL205FB,124,59,65,43
GL205FD,24,11,13,7
GL205FE,19,9,10,10
GL205FF,107,58,49,33
GL205FG,73,39,34,35
GL205FH,64,30,34,25
GL205FJ,104,52,52,43
GL205FL,45,27,18,17
GL205FN,33,13,20,13
GL205FP,5,1,4,2
GL205FQ,43,24,19,15
GL205FR,48,26,22,19
GL205FS,22,12,10,9
GL205FT,36,9,27,26
GL205FW,47,25,22,19
GL205FX,11,5,6,4
GL205FY,19,12,7,8
GL205FZ,31,16,15,13
GL205GA,9,5,4,6
GL205GB,8,5,3,6
GL205GD,10,4,6,5
GL205GE,8,3,5,5
GL205GF,35,18,17,12
GL205GH,4,2,2,3
GL205HA,55,29,26,16
GL205HB,32,14,18,12
GL205HD,17,8,9,6
GL205HE,4,2,2,3
GL205HF,7,2,5,4
GL205HG,2,1,1,1
GL205HH,28,10,18,11
GL205HJ,29,13,16,14
GL205HL,13,6,7,6
GL205HN,4,2,2,2
GL205HP,40,19,21,11
GL205HQ,27,13,14,11
GL205HR,52,30,22,38
GL205HS,5,4,1,4
GL205HT,8,2,6,3
GL205HW,36,17,19,14
GL205HX,48,28,20,17
GL205HY,24,10,14,9
GL205HZ,61,35,26,18
GL205JA,78,42,36,25
GL205JB,22,10,12,12
GL205JD,15,10,5,4
GL205JE,71,37,34,26
GL205JF,31,12,19,10
GL205JG,150,70,80,76
GL205JH,32,21,11,27
GL205JJ,33,19,14,18
GL205JL,5,3,2,5
GL205JP,13,7,6,8
GL205JQ,37,18,19,30
GL205JR,15,9,6,6
GL205JU,38,21,17,20
GL205JW,10,6,4,4
GL205JX,1,0,1,1
GL205JY,1,1,0,1
GL205JZ,6,2,4,3
GL205LA,7,3,4,7
GL205LD,8,4,4,6
GL205LE,2,1,1,1
GL205LF,4,2,2,2
GL205LG,10,4,6,5
GL205LH,24,14,10,12
GL205LJ,21,14,7,14
GL205LL,8,5,3,7
GL205LN,14,6,8,6
GL205LR,2,2,0,1
GL205LS,5,2,3,4
GL205LU,4,2,2,2
GL205LW,4,2,2,3
GL205LX,5,2,3,2
GL205LZ,6,3,3,3
GL205NA,8,6,2,5
GL205NB,13,5,8,10
GL205NE,5,2,3,4
GL205NF,17,10,7,9
GL205NG,36,15,21,16
GL205NH,75,34,41,40
GL205NJ,26,12,14,14
GL205NL,2,1,1,1
GL205NN,55,19,36,47
GL205NP,10,5,5,4
GL205NQ,8,5,3,4
GL205NR,71,38,33,37
GL205NS,5,2,3,2
GL205NT,37,21,16,17
GL205NU,18,9,9,10
GL205NW,31,14,17,24
GL205NY,13,6,7,9
GL205NZ,14,8,6,9
GL205PA,24,11,13,14
GL205PD,31,15,16,16
GL205PE,28,13,15,13
GL205PG,10,4,6,7
GL205PH,8,4,4,5
GL205PJ,2,1,1,1
GL205PL,2,1,1,2
GL205PN,9,5,4,4
GL205PP,13,6,7,8
GL205PQ,50,24,26,26
GL205PR,76,38,38,34
GL205PS,16,6,10,12
GL205PT,11,6,5,4
GL205PU,10,6,4,3
GL205PW,38,20,18,15
GL205PX,33,20,13,20
GL205PY,15,9,6,10
GL205PZ,8,5,3,3
GL205QA,4,3,1,3
GL205QB,7,3,4,3
GL205QD,18,10,8,8
GL205QE,8,3,5,4
GL205QF,11,4,7,7
GL205QG,46,31,15,24
GL205QH,8,5,3,2
GL205QJ,25,13,12,8
GL205QL,27,15,12,10
GL205QP,3,1,2,2
GL205QR,10,5,5,4
GL205QS,20,11,9,7
GL205QT,69,33,36,43
GL205QU,38,17,21,16
GL205QX,33,17,16,16
GL205QY,18,11,7,9
GL205QZ,161,77,84,66
GL205RA,15,6,9,6
GL205RB,4,3,1,2
GL205RD,6,2,4,5
GL205RE,25,10,15,13
GL205RF,30,17,13,15
GL205RJ,20,7,13,11
GL205RL,44,12,32,41
GL205RP,27,19,8,17
GL205RQ,37,21,16,17
GL205RR,35,8,27,31
GL205RS,11,6,5,6
GL205RU,1,0,1,1
GL205RW,9,4,5,3
GL205RX,38,19,19,19
GL205RY,1,1,0,1
GL205RZ,33,14,19,19
GL205SA,8,3,5,3
GL205SB,25,13,12,17
GL205SD,9,5,4,6
GL205SE,11,6,5,4
GL205SF,16,10,6,10
GL205SG,7,3,4,2
GL205SJ,4,2,2,3
GL205SL,9,5,4,5
GL205SN,20,11,9,10
GL205SP,23,12,11,10
GL205SQ,2,1,1,1
GL205SR,21,10,11,9
GL205SS,101,46,55,42
GL205ST,43,21,22,18
GL205SU,21,9,12,5
GL205SW,15,7,8,8
GL205SX,1,1,0,1
GL205SY,9,4,5,4
GL205SZ,13,7,6,4
GL205TA,8,3,5,4
GL205TB,22,11,11,6
GL205TD,71,36,35,27
GL205TE,13,6,7,6
GL205TF,59,31,28,23
GL205TG,34,17,17,12
GL205TH,106,58,48,48
GL205TL,37,16,21,21
GL205TN,45,17,28,18
GL205TP,117,59,58,43
GL205TQ,64,30,34,27
GL205TS,11,7,4,7
GL205TU,30,17,13,14
GL205TW,44,26,18,23
GL205TX,46,21,25,20
GL205TY,54,24,30,29
GL205TZ,131,63,68,54
GL205UA,14,6,8,4
GL205UB,13,7,6,8
GL205UD,65,32,33,19
GL205UE,39,18,21,10
GL205UF,8,5,3,4
GL205UG,8,5,3,6
GL205UH,15,8,7,5
GL205UL,59,24,35,19
GL205UP,8,5,3,5
GL205UR,12,9,3,10
GL205US,39,21,18,23
GL205UW,7,4,3,5
GL205XA,15,6,9,10
GL206AA,4,2,2,2
GL206AD,29,14,15,11
GL206AE,4,2,2,2
GL206AF,7,4,3,3
GL206AG,2,1,1,1
GL206AH,93,65,28,3
GL206AJ,12,5,7,6
GL206AL,14,7,7,7
GL206AN,6,2,4,3
GL206AP,20,11,9,7
GL206AQ,2,2,0,2
GL206AR,48,23,25,19
GL206AS,16,8,8,6
GL206AT,35,20,15,12
GL206AU,25,11,14,11
GL206AW,23,12,11,9
GL206AX,29,13,16,12
GL206AY,23,9,14,10
GL206AZ,30,16,14,16
GL206BA,34,17,17,14
GL206BB,6,3,3,3
GL206BD,35,19,16,12
GL206BE,8,4,4,3
GL206BZ,6,2,4,4
GL206DA,96,48,48,40
GL206DB,58,30,28,25
GL206DD,40,21,19,19
GL206DE,53,28,25,19
GL206DF,76,35,41,29
GL206DG,45,24,21,22
GL206DH,4,3,1,1
GL206DJ,44,24,20,19
GL206DL,11,5,6,6
GL206DN,25,13,12,8
GL206DP,6,3,3,3
GL206DQ,49,24,25,19
GL206DR,66,32,34,28
GL206DS,23,10,13,12
GL206DT,47,21,26,22
GL206DU,68,34,34,31
GL206DW,121,55,66,46
GL206DX,9,4,5,4
GL206DY,8,3,5,5
GL206DZ,45,24,21,21
GL206EA,4,1,3,1
GL206EB,51,25,26,20
GL206ED,13,9,4,2
GL206EE,9,6,3,4
GL206EF,60,31,29,30
GL206EG,49,25,24,24
GL206EH,28,14,14,10
GL206EJ,2,1,1,1
GL206EL,46,27,19,10
GL206EN,28,15,13,12
GL206EP,28,14,14,10
GL206EQ,6,4,2,4
GL206ER,46,22,24,16
GL206ES,59,29,30,25
GL206ET,12,5,7,5
GL206EU,66,35,31,29
GL206EW,16,9,7,6
GL206EY,49,23,26,20
GL206EZ,17,8,9,11
GL206FL,12,6,6,6
GL206HA,14,8,6,7
GL206HB,21,11,10,7
GL206HD,24,12,12,11
GL206HE,42,20,22,23
GL206HG,22,11,11,7
GL206HP,80,17,63,6
GL206HQ,11,5,6,6
GL206HR,15,8,7,6
GL206HS,31,16,15,15
GL206HT,21,9,12,10
GL206HU,16,7,9,6
GL206HX,14,6,8,4
GL206HY,13,7,6,6
GL206HZ,8,3,5,2
GL206JA,21,14,7,9
GL206JB,48,22,26,21
GL206JD,21,12,9,7
GL206JH,8,3,5,3
GL206JJ,37,18,19,16
GL206JL,69,31,38,27
GL206JN,98,48,50,42
GL206JP,48,27,21,22
GL206JS,18,9,9,10
GL206JW,70,32,38,25
GL207AA,56,31,25,23
GL207AB,15,5,10,6
GL207AD,73,37,36,38
GL207AE,9,4,5,4
GL207AF,68,35,33,32
GL207AG,12,6,6,6
GL207AH,56,29,27,24
GL207AJ,57,29,28,26
GL207AL,59,27,32,23
GL207AN,38,15,23,14
GL207AP,6,2,4,3
GL207AQ,30,12,18,11
GL207AR,58,28,30,26
GL207AS,8,5,3,4
GL207AT,46,19,27,22
GL207AU,13,7,6,5
GL207AW,60,27,33,23
GL207AY,6,3,3,3
GL207AZ,59,27,32,23
GL207BA,16,9,7,5
GL207BB,44,23,21,13
GL207BE,6,2,4,3
GL207BG,18,9,9,10
GL207BH,15,8,7,7
GL207BJ,53,29,24,22
GL207BL,43,19,24,18
GL207BN,8,4,4,3
GL207BP,35,16,19,17
GL207BQ,20,9,11,9
GL207BS,22,11,11,6
GL207BT,24,10,14,10
GL207BU,29,16,13,10
GL207BW,31,15,16,11
GL207BX,14,6,8,4
GL207BY,4,2,2,2
GL207DA,63,32,31,32
GL207DB,3,1,2,2
GL207DE,19,8,11,7
GL207DF,3,1,2,1
GL207DH,5,2,3,1
GL207DJ,25,11,14,8
GL207DL,10,5,5,6
GL207DN,34,20,14,12
GL207DP,9,6,3,4
GL207DQ,2,1,1,1
GL207DS,12,8,4,4
GL207DT,17,9,8,5
GL207DU,4,2,2,2
GL207DY,8,5,3,4
GL207EA,17,8,9,8
GL207EB,17,9,8,9
GL207ED,36,14,22,13
GL207EE,80,45,35,33
GL207EF,4,2,2,2
GL207EG,28,14,14,12
GL207EH,40,20,20,17
GL207EJ,22,13,9,7
GL207EL,38,19,19,21
GL207EN,28,14,14,15
GL207EP,31,17,14,13
GL207EQ,52,26,26,24
GL207ER,41,20,21,20
GL207ES,81,46,35,41
GL207ET,10,5,5,6
GL207EU,25,14,11,11
GL207EW,88,42,46,43
GL207EX,12,5,7,5
GL207EY,17,9,8,5
GL207EZ,108,55,53,40
GL207FB,22,13,9,10
GL207FG,5,2,3,3
GL207GA,17,6,11,5
GL207HB,90,42,48,38
GL207HD,9,3,6,2
GL207HE,11,5,6,5
GL207HF,7,3,4,4
GL207HG,6,4,2,4
GL207HH,5,3,2,3
GL207HJ,44,17,27,17
GL207HL,46,21,25,19
GL207HP,34,19,15,15
GL207HR,16,8,8,8
GL207HU,6,3,3,2
GL207HX,4,3,1,1
GL207HY,61,28,33,34
GL207HZ,11,4,7,6
GL207JA,3,1,2,2
GL207JB,24,11,13,10
GL207JD,14,6,8,5
GL207JE,29,17,12,13
GL207JF,7,2,5,5
GL207JG,12,5,7,6
GL207JH,52,19,33,24
GL207JJ,13,6,7,7
GL207JL,11,6,5,5
GL207JN,57,26,31,28
GL207JP,11,7,4,4
GL207JS,9,3,6,5
GL207JW,6,3,3,4
GL207JZ,5,2,3,2
GL207LA,22,8,14,13
GL207LD,2,1,1,1
GL207LE,5,2,3,3
GL207LF,8,5,3,5
GL207LG,65,32,33,24
GL207LH,43,19,24,23
GL207LJ,29,13,16,14
GL207LL,6,2,4,4
GL207LN,4,3,1,1
GL207LP,52,22,30,39
GL207LQ,27,15,12,8
GL207LR,36,20,16,12
GL207LS,34,19,15,15
GL207LT,12,5,7,4
GL207LU,8,5,3,6
GL207LW,35,14,21,13
GL207LX,59,31,28,21
GL207LY,42,21,21,17
GL207LZ,14,8,6,5
GL207NA,10,5,5,4
GL207ND,32,18,14,12
GL207NE,27,13,14,11
GL207NF,87,43,44,37
GL207NG,105,52,53,44
GL207NH,20,9,11,13
GL207NJ,62,35,27,25
GL207NL,34,17,17,15
GL207NN,28,15,13,10
GL207NP,5,2,3,1
GL207NQ,69,33,36,32
GL207NT,41,18,23,18
GL207NU,22,12,10,7
GL207NW,17,11,6,7
GL207NX,31,16,15,10
GL207NY,9,3,6,5
GL207NZ,17,8,9,6
GL207PA,10,7,3,6
GL207PB,9,1,8,6
GL207PE,18,8,10,9
GL207PF,21,9,12,9
GL207PG,16,8,8,5
GL207PH,9,7,2,2
GL207PJ,20,12,8,11
GL207PL,20,12,8,5
GL207PP,22,10,12,9
GL207PQ,9,5,4,4
GL207PR,15,7,8,7
GL207PS,4,2,2,2
GL207PT,11,5,6,5
GL207PU,13,8,5,6
GL207QA,105,55,50,48
GL207QB,27,13,14,13
GL207QD,23,10,13,8
GL207QE,21,10,11,9
GL207QF,30,14,16,13
GL207QG,93,46,47,35
GL207QH,41,21,20,15
GL207QJ,70,33,37,25
GL207QL,55,26,29,17
GL207QN,16,8,8,6
GL207QP,64,32,32,28
GL207QQ,52,22,30,29
GL207QR,21,12,9,7
GL207QT,17,7,10,5
GL207QU,16,8,8,5
GL207QW,18,8,10,6
GL207RA,34,16,18,12
GL207RB,181,87,94,69
GL207RD,48,24,24,17
GL207RE,44,18,26,19
GL207RF,12,6,6,4
GL207RG,41,17,24,15
GL207RH,8,4,4,5
GL207RJ,63,32,31,20
GL207RL,47,22,25,15
GL207RN,64,33,31,22
GL207RP,192,93,99,74
GL207RQ,26,14,12,9
GL207RR,162,82,80,70
GL207RS,165,79,86,57
GL207RT,153,77,76,60
GL207RU,36,19,17,12
GL207RW,207,104,103,71
GL207RX,51,22,29,21
GL207RY,20,9,11,6
GL207RZ,36,19,17,14
GL207SA,5,3,2,2
GL207SB,43,21,22,16
GL207SD,11,5,6,4
GL207SE,46,23,23,18
GL207SF,48,20,28,20
GL207SG,110,54,56,45
GL207SJ,50,20,30,17
GL207SL,96,54,42,32
GL207SN,18,10,8,6
GL207SP,36,19,17,12
GL207SQ,23,11,12,11
GL207SR,55,23,32,15
GL207SS,48,20,28,18
GL207ST,28,12,16,8
GL207SU,29,12,17,11
GL207SW,15,7,8,5
GL207TA,188,88,100,72
GL207TB,18,10,8,6
GL207TD,80,36,44,33
GL207TE,20,10,10,8
GL207TF,6,3,3,3
GL207TG,12,6,6,7
GL207TH,12,5,7,5
GL207TJ,51,27,24,20
GL207TL,50,26,24,17
GL207TN,38,18,20,16
GL207TP,15,6,9,6
GL207TQ,39,15,24,13
GL207TR,16,6,10,8
GL207TS,61,30,31,23
GL207TT,18,11,7,9
GL207TU,138,67,71,56
GL207TW,73,38,35,27
GL207TX,47,26,21,15
GL207TY,58,26,32,23
GL207UA,30,18,12,14
GL207WL,17,7,10,6
GL208AA,112,58,54,43
GL208AD,139,66,73,52
GL208AE,56,26,30,24
GL208AF,62,32,30,28
GL208AG,44,20,24,25
GL208AH,20,7,13,13
GL208AJ,43,16,27,24
GL208AL,46,23,23,23
GL208AN,20,11,9,11
GL208AP,7,2,5,4
GL208AQ,95,42,53,48
GL208AS,27,14,13,13
GL208AT,26,12,14,13
GL208AU,53,23,30,20
GL208AW,24,11,13,8
GL208AX,7,3,4,2
GL208AY,96,44,52,33
GL208AZ,36,21,15,16
GL208BA,62,30,32,24
GL208BB,62,30,32,25
GL208BD,30,17,13,14
GL208BE,107,55,52,41
GL208BH,31,20,11,28
GL208BJ,20,13,7,18
GL208BP,181,99,82,88
GL208BQ,67,28,39,27
GL208BS,32,15,17,17
GL208BT,74,43,31,24
GL208BU,48,25,23,22
GL208BW,1,1,0,1
GL208BX,62,34,28,23
GL208BY,60,31,29,22
GL208BZ,7,3,4,3
GL208DA,13,7,6,6
GL208DB,33,18,15,13
GL208DD,61,35,26,27
GL208DG,31,19,12,12
GL208DH,19,11,8,8
GL208DJ,15,6,9,6
GL208DL,4,2,2,2
GL208DP,53,26,27,17
GL208DQ,26,12,14,12
GL208DR,39,22,17,19
GL208DS,1,0,1,1
GL208DU,21,13,8,9
GL208DW,114,59,55,49
GL208DX,24,12,12,9
GL208DY,125,64,61,53
GL208DZ,13,6,7,8
GL208EA,43,21,22,18
GL208EB,21,9,12,10
GL208ED,9,4,5,4
GL208EE,30,16,14,11
GL208EF,41,25,16,16
GL208EG,25,16,9,8
GL208EH,54,26,28,18
GL208EJ,21,12,9,9
GL208EL,108,48,60,57
GL208EN,24,12,12,9
GL208EP,110,53,57,42
GL208EQ,13,6,7,7
GL208ER,5,2,3,2
GL208ES,124,64,60,47
GL208ET,17,9,8,6
GL208EU,60,29,31,20
GL208EX,31,13,18,13
GL208FB,5,2,3,3
GL208GE,5,2,3,4
GL208HA,5,3,2,2
GL208HF,2,1,1,1
GL208HH,19,11,8,5
GL208HJ,7,4,3,3
GL208HL,144,72,72,56
GL208HP,54,29,25,19
GL208HQ,86,28,58,10
GL208HR,5,2,3,3
GL208HS,39,19,20,15
GL208HT,60,28,32,25
GL208HU,20,10,10,9
GL208HW,5,2,3,2
GL208HX,26,13,13,10
GL208HY,3,1,2,1
GL208HZ,26,14,12,11
GL208JA,161,84,77,73
GL208JB,18,10,8,6
GL208JD,93,49,44,37
GL208JL,52,26,26,30
GL208JN,2,2,0,1
GL208JQ,12,4,8,6
GL208JT,4,2,2,2
GL208JX,11,7,4,4
GL208JY,15,8,7,7
GL208JZ,2,1,1,1
GL208LA,4,2,2,2
GL208LB,26,14,12,12
GL208LD,42,23,19,15
GL208LE,58,33,25,18
GL208LF,22,14,8,7
GL208LG,50,31,19,21
GL208LH,86,45,41,45
GL208LL,6,4,2,2
GL208LN,42,20,22,18
GL208LP,2,2,0,2
GL208LR,27,14,13,10
GL208LS,19,8,11,7
GL208LT,4,2,2,3
GL208LU,33,19,14,18
GL208LX,66,33,33,28
GL208LY,4,2,2,1
GL208LZ,39,33,6,0
GL208ND,3,2,1,0
GL208NE,7,3,4,3
GL208NF,7,5,2,2
GL208NG,8,4,4,3
GL208NH,10,6,4,5
GL208NJ,106,57,49,44
GL208NL,109,51,58,41
GL208NN,46,20,26,22
GL208NP,25,10,15,9
GL208NQ,9,5,4,5
GL208NR,40,21,19,16
GL208NS,71,35,36,28
GL208NT,33,14,19,17
GL208NU,39,18,21,18
GL208NW,15,8,7,6
GL208NX,41,21,20,16
GL208NY,45,21,24,23
GL208NZ,30,14,16,14
GL208PB,6,2,4,4
GL208PD,9,6,3,3
GL208PH,19,12,7,6
GL208PJ,96,54,42,44
GL208PL,18,7,11,17
GL208PN,25,14,11,9
GL208PP,11,5,6,5
GL208PQ,11,4,7,6
GL208PR,6,3,3,4
GL208PS,19,10,9,8
GL208PT,25,16,9,8
GL208PW,21,12,9,12
GL208PX,27,16,11,10
GL208PY,73,33,40,24
GL208PZ,88,51,37,42
GL208QA,189,107,82,61
GL208QB,64,32,32,28
GL208QD,168,81,87,67
GL208QE,52,24,28,21
GL208QF,8,4,4,5
GL208QG,13,7,6,5
GL208QH,20,12,8,7
GL208QJ,50,29,21,20
GL208QL,80,43,37,29
GL208QN,59,32,27,18
GL208QP,181,95,86,64
GL208QQ,75,40,35,31
GL208QR,141,71,70,53
GL208QS,10,4,6,7
GL208QT,104,53,51,37
GL208QU,233,121,112,87
GL208QW,69,35,34,23
GL208QX,89,44,45,31
GL208QY,132,64,68,49
GL208QZ,103,53,50,36
GL208RA,23,10,13,13
GL208RB,19,8,11,11
GL208RD,18,10,8,9
GL208RE,95,46,49,43
GL208RF,6,4,2,4
GL208RG,59,32,27,24
GL208RH,31,13,18,12
GL208RJ,43,19,24,17
GL208RL,134,65,69,61
GL208RN,65,26,39,27
GL208RP,97,48,49,33
GL208RQ,38,18,20,18
GL208RR,142,73,69,59
GL208RS,39,23,16,15
GL208RT,73,36,37,34
GL208RU,200,102,98,83
GL208RW,55,28,27,20
GL208RX,33,18,15,20
GL208RY,16,8,8,11
GL208RZ,53,30,23,23
GL208SA,28,20,8,13
GL208SB,78,38,40,49
GL208SE,48,26,22,19
GL208SG,64,35,29,23
GL208SH,30,15,15,11
GL208SN,50,25,25,32
GL208SP,5,2,3,2
GL208SQ,2,1,1,1
GL208SS,18,10,8,6
GL208ST,8,5,3,3
GL208SU,33,13,20,14
GL208SW,22,9,13,7
GL208SX,13,7,6,4
GL208SY,48,24,24,20
GL208SZ,35,16,19,11
GL208TA,98,37,61,28
GL208TE,142,78,64,66
GL208TF,7,3,4,3
GL208TG,13,6,7,7
GL208TH,24,15,9,7
GL208TJ,42,22,20,13
GL208TL,17,6,11,5
GL208TN,60,28,32,18
GL208TP,14,7,7,6
GL208TQ,123,66,57,66
GL208TR,22,9,13,8
GL208TS,7,4,3,3
GL208TT,19,8,11,9
GL208TZ,27,13,14,7
GL208UA,79,38,41,41
GL208UB,31,20,11,19
GL208UD,37,20,17,32
GL208UE,18,6,12,5
GL208UF,26,14,12,8
GL208UG,11,5,6,3
GL208UH,49,22,27,18
GL208UJ,20,9,11,7
GL208UL,158,77,81,55
GL208UN,34,17,17,12
GL208UP,56,27,29,19
GL208UR,87,45,42,33
GL208WB,54,32,22,21
GL3 1AA,13,6,7,4
GL3 1AD,40,20,20,20
GL3 1AE,77,35,42,29
GL3 1AL,61,27,34,26
GL3 1AN,12,7,5,6
GL3 1AQ,52,26,26,18
GL3 1AR,24,10,14,10
GL3 1AS,42,18,24,17
GL3 1AT,37,20,17,14
GL3 1AU,87,40,47,36
GL3 1AW,109,49,60,43
GL3 1AY,38,21,17,16
GL3 1AZ,30,15,15,12
GL3 1BA,31,14,17,24
GL3 1BB,12,5,7,8
GL3 1BD,17,8,9,7
GL3 1BE,21,10,11,11
GL3 1BG,28,17,11,13
GL3 1BH,63,30,33,26
GL3 1BJ,11,6,5,4
GL3 1BL,53,18,35,23
GL3 1BN,52,25,27,22
GL3 1BP,8,4,4,5
GL3 1BQ,5,1,4,2
GL3 1BS,72,33,39,25
GL3 1BT,10,6,4,3
GL3 1BU,53,26,27,17
GL3 1BW,42,18,24,14
GL3 1BX,66,36,30,21
GL3 1BY,54,26,28,20
GL3 1BZ,50,24,26,16
GL3 1DA,27,13,14,13
GL3 1DB,90,42,48,44
GL3 1DD,60,28,32,42
GL3 1DE,14,6,8,4
GL3 1DF,15,7,8,5
GL3 1DJ,14,6,8,6
GL3 1DL,8,3,5,6
GL3 1DN,131,71,60,43
GL3 1DP,17,7,10,9
GL3 1DQ,26,9,17,19
GL3 1DR,2,1,1,1
GL3 1DS,2,1,1,1
GL3 1DT,2,1,1,1
GL3 1DX,19,4,15,12
GL3 1DY,7,3,4,2
GL3 1DZ,4,2,2,2
GL3 1EA,24,12,12,11
GL3 1EB,64,30,34,27
GL3 1ED,26,14,12,10
GL3 1EE,88,44,44,35
GL3 1EF,10,5,5,4
GL3 1EG,12,7,5,4
GL3 1EH,51,26,25,17
GL3 1EJ,30,15,15,10
GL3 1EL,50,24,26,17
GL3 1EN,40,17,23,12
GL3 1EP,26,13,13,7
GL3 1EQ,49,27,22,18
GL3 1ER,32,17,15,10
GL3 1ES,80,34,46,24
GL3 1ET,38,18,20,11
GL3 1EU,11,8,3,4
GL3 1EW,26,14,12,11
GL3 1EY,59,31,28,25
GL3 1FA,23,12,11,8
GL3 1HA,30,13,17,10
GL3 1HB,31,19,12,12
GL3 1HD,35,18,17,11
GL3 1HE,20,10,10,7
GL3 1HF,12,6,6,4
GL3 1HG,16,9,7,5
GL3 1HH,33,16,17,15
GL3 1HJ,51,22,29,20
GL3 1HL,44,22,22,12
GL3 1HP,58,26,32,22
GL3 1HQ,33,20,13,10
GL3 1HR,20,11,9,7
GL3 1HS,48,25,23,19
GL3 1HT,41,21,20,17
GL3 1HU,22,13,9,21
GL3 1HW,229,197,32,0
GL3 1JA,35,18,17,11
GL3 1JD,21,9,12,15
GL3 1JF,8,4,4,4
GL3 1JG,9,3,6,5
GL3 1JH,107,56,51,39
GL3 1JJ,36,18,18,12
GL3 1JL,86,38,48,56
GL3 1JN,20,11,9,7
GL3 1JP,66,34,32,22
GL3 1JQ,73,34,39,32
GL3 1JR,89,39,50,35
GL3 1JS,21,9,12,20
GL3 1JT,36,17,19,16
GL3 1JU,6,3,3,3
GL3 1JW,103,46,57,49
GL3 1JY,6,3,3,4
GL3 1JZ,1,1,0,1
GL3 1LA,31,14,17,21
GL3 1LD,145,63,82,50
GL3 1LE,53,29,24,18
GL3 1LF,65,31,34,24
GL3 1LG,16,6,10,7
GL3 1LH,37,22,15,23
GL3 1LJ,30,13,17,10
GL3 1LL,20,11,9,6
GL3 1LN,35,17,18,10
GL3 1LP,32,15,17,15
GL3 1LQ,61,35,26,40
GL3 1LR,40,20,20,20
GL3 1LS,22,11,11,14
GL3 1LT,105,57,48,56
GL3 1LU,56,30,26,19
GL3 1LW,15,5,10,13
GL3 1LX,74,37,37,31
GL3 1LY,114,49,65,50
GL3 1LZ,2,1,1,1
GL3 1NA,43,14,29,30
GL3 1NB,84,37,47,29
GL3 1ND,48,22,26,17
GL3 1NE,24,14,10,8
GL3 1NF,59,30,29,22
GL3 1NG,28,12,16,9
GL3 1NH,25,14,11,9
GL3 1NJ,59,27,32,22
GL3 1NL,21,9,12,6
GL3 1NN,25,12,13,8
GL3 1NP,47,20,27,19
GL3 1NQ,12,5,7,5
GL3 1NR,45,23,22,25
GL3 1NS,69,41,28,31
GL3 1NT,115,56,59,66
GL3 1NU,62,31,31,23
GL3 1NW,55,27,28,22
GL3 1NX,11,5,6,7
GL3 1NY,24,12,12,9
GL3 1NZ,54,27,27,19
GL3 1PA,12,7,5,4
GL3 1PB,125,56,69,62
GL3 1PD,54,26,28,34
GL3 1PE,6,2,4,5
GL3 1PF,24,12,12,11
GL3 2AA,52,24,28,23
GL3 2AB,51,29,22,22
GL3 2AD,44,21,23,20
GL3 2AE,22,12,10,7
GL3 2AF,45,23,22,16
GL3 2AH,19,12,7,15
GL3 2AJ,77,43,34,30
GL3 2AL,104,52,52,42
GL3 2AN,43,24,19,16
GL3 2AP,116,60,56,46
GL3 2AQ,44,23,21,18
GL3 2AR,61,31,30,23
GL3 2AS,70,37,33,26
GL3 2AT,67,33,34,28
GL3 2AU,35,18,17,16
GL3 2AW,70,36,34,27
GL3 2AX,8,4,4,4
GL3 2AY,45,23,22,18
GL3 2BA,51,29,22,15
GL3 2BB,121,59,62,47
GL3 2BH,19,9,10,9
GL3 2BJ,48,20,28,20
GL3 2BL,9,5,4,5
GL3 2BN,67,34,33,32
GL3 2BP,37,18,19,16
GL3 2BS,31,13,18,15
GL3 2BT,37,17,20,15
GL3 2BU,33,16,17,16
GL3 2BW,58,30,28,22
GL3 2BX,2,1,1,1
GL3 2DB,26,13,13,14
GL3 2DE,27,15,12,13
GL3 2DF,46,25,21,16
GL3 2DG,18,9,9,10
GL3 2DH,18,7,11,11
GL3 2DJ,11,4,7,6
GL3 2DL,117,56,61,46
GL3 2DN,46,23,23,20
GL3 2DP,34,18,16,12
GL3 2DQ,4,2,2,2
GL3 2DS,64,31,33,29
GL3 2DT,33,16,17,19
GL3 2DU,65,31,34,32
GL3 2DW,47,25,22,16
GL3 2DX,18,10,8,12
GL3 2DY,13,5,8,8
GL3 2DZ,55,28,27,24
GL3 2EA,12,6,6,4
GL3 2EB,54,29,25,19
GL3 2ED,32,12,20,13
GL3 2EN,94,50,44,29
GL3 2EP,17,9,8,6
GL3 2EQ,14,9,5,5
GL3 2ER,28,14,14,12
GL3 2ES,13,8,5,7
GL3 2ET,66,29,37,25
GL3 2EU,73,34,39,29
GL3 2EW,16,8,8,6
GL3 2EX,54,23,31,27
GL3 2EZ,41,24,17,15
GL3 2HA,19,10,9,7
GL3 2HB,50,22,28,19
GL3 2HD,22,14,8,9
GL3 2HE,43,23,20,19
GL3 2HF,30,11,19,26
GL3 2HG,54,24,30,22
GL3 2HH,28,13,15,13
GL3 2HJ,15,8,7,7
GL3 2HL,36,19,17,15
GL3 2HN,45,22,23,21
GL3 2HP,6,3,3,3
GL3 2HQ,22,11,11,15
GL3 2HS,29,9,20,25
GL3 2HT,52,13,39,41
GL3 2HW,60,32,28,29
GL3 2HY,16,7,9,6
GL3 2JA,18,7,11,5
GL3 2JB,12,7,5,3
GL3 2JD,5,2,3,1
GL3 2JE,48,17,31,8
GL3 2JF,79,34,45,43
GL3 2JG,12,6,6,4
GL3 2JH,40,18,22,15
GL3 2JJ,45,22,23,24
GL3 2JL,16,7,9,7
GL3 2JN,17,9,8,5
GL3 2JP,5,2,3,2
GL3 2JR,35,20,15,13
GL3 2JS,55,27,28,24
GL3 2JT,29,17,12,13
GL3 2JU,11,7,4,3
GL3 2JW,13,7,6,4
GL3 2JZ,7,4,3,4
GL3 2LA,5,3,2,3
GL3 2LB,31,17,14,13
GL3 2LD,68,29,39,29
GL3 2LE,8,4,4,4
GL3 2LF,37,16,21,14
GL3 2LH,41,22,19,14
GL3 2LJ,6,3,3,3
GL3 2LL,6,4,2,3
GL3 2LN,10,5,5,4
GL3 2LP,11,7,4,5
GL3 2LQ,4,2,2,2
GL3 2LR,17,8,9,7
GL3 2LS,5,4,1,2
GL3 2LT,17,11,6,6
GL3 2LU,127,65,62,69
GL3 2LW,33,15,18,15
GL3 2LX,122,61,61,67
GL3 2LY,15,9,6,10
GL3 2LZ,46,23,23,17
GL3 2NA,19,10,9,8
GL3 2ND,10,6,4,4
GL3 2NE,21,12,9,7
GL3 2NF,66,32,34,40
GL3 2NG,14,6,8,6
GL3 2NH,18,9,9,7
GL3 2NJ,15,7,8,6
GL3 2NL,12,2,10,6
GL3 2NN,40,21,19,16
GL3 2NP,17,10,7,7
GL3 2NQ,68,31,37,37
GL3 2NR,7,4,3,2
GL3 2NS,3,2,1,1
GL3 2NT,5,3,2,3
GL3 2NU,13,4,9,6
GL3 2NW,13,7,6,6
GL3 2NX,64,30,34,34
GL3 2NY,12,7,5,5
GL3 2NZ,34,17,17,13
GL3 2PA,6,4,2,2
GL3 2PB,19,10,9,9
GL3 2PD,56,28,28,16
GL3 2PE,5,3,2,1
GL3 2PF,29,16,13,11
GL3 2PG,43,25,18,18
GL3 2PH,9,4,5,4
GL3 2PJ,4,2,2,2
GL3 2PN,31,14,17,14
GL3 2PP,28,13,15,11
GL3 2PQ,21,13,8,7
GL3 2PR,87,45,42,44
GL3 2PS,2,1,1,1
GL3 2PT,5,1,4,1
GL3 2PU,128,60,68,58
GL3 2PW,7,4,3,4
GL3 2PX,63,32,31,28
GL3 2PY,24,15,9,9
GL3 2PZ,17,8,9,11
GL3 2QD,37,16,21,11
GL3 2QE,61,34,27,23
GL3 2QF,5,3,2,3
GL3 2QG,1,1,0,1
GL3 2QH,17,6,11,12
GL3 2QJ,43,22,21,16
GL3 2QL,20,10,10,7
GL3 2QN,5,2,3,2
GL3 2QP,2,1,1,1
GL3 2QQ,2,1,1,1
GL3 2QR,25,14,11,10
GL3 2QS,105,53,52,48
GL3 2QT,101,45,56,42
GL3 2QU,19,9,10,7
GL3 2QW,47,24,23,18
GL3 2QX,58,28,30,25
GL3 2QY,53,22,31,20
GL3 2QZ,48,24,24,20
GL3 2RA,28,12,16,11
GL3 2RD,73,34,39,25
GL3 2RE,108,50,58,38
GL3 2RF,76,33,43,30
GL3 2RG,81,42,39,37
GL3 2RQ,24,16,8,10
GL3 2RT,31,17,14,12
GL3 2RU,74,43,31,31
GL3 2RW,74,35,39,34
GL3 2RX,66,30,36,27
GL3 2RY,34,17,17,14
GL3 2RZ,50,25,25,19
GL3 2SA,14,4,10,5
GL3 2SB,41,17,24,23
GL3 2SD,21,9,12,12
GL3 2SE,7,3,4,3
GL3 2SF,15,9,6,4
GL3 2SG,20,9,11,13
GL3 2SH,3,2,1,2
GL3 2SJ,41,17,24,17
GL3 2SL,9,2,7,3
GL3 2SN,40,19,21,12
GL3 2SP,49,21,28,17
GL3 2SQ,6,3,3,3
GL3 2SR,28,14,14,10
GL3 2SS,19,10,9,9
GL3 2ST,8,4,4,4
GL3 2SU,88,39,49,38
GL3 2SW,56,22,34,21
GL3 2SX,38,18,20,14
GL3 2SY,62,29,33,20
GL3 2SZ,24,11,13,14
GL3 2TA,62,31,31,31
GL3 2TB,6,3,3,4
GL3 2TD,7,3,4,4
GL3 2TR,50,20,30,29
GL3 2TS,27,12,15,15
GL3 2TT,20,7,13,12
GL3 2TU,30,13,17,13
GL3 2TW,48,25,23,16
GL3 3AE,34,17,17,15
GL3 3AG,62,32,30,20
GL3 3AH,76,39,37,33
GL3 3AN,58,30,28,28
GL3 3AP,26,14,12,14
GL3 3AQ,126,57,69,54
GL3 3AR,81,42,39,37
GL3 3AS,25,13,12,13
GL3 3AT,13,5,8,7
GL3 3AU,37,20,17,16
GL3 3AW,33,16,17,21
GL3 3AX,54,31,23,21
GL3 3AY,56,30,26,24
GL3 3AZ,58,30,28,24
GL3 3BA,30,15,15,15
GL3 3BB,7,3,4,2
GL3 3BD,12,7,5,8
GL3 3BE,30,14,16,14
GL3 3BH,53,29,24,21
GL3 3BJ,29,13,16,14
GL3 3BL,19,9,10,8
GL3 3BN,8,4,4,5
GL3 3BP,41,21,20,16
GL3 3BS,20,8,12,10
GL3 3BT,73,35,38,28
GL3 3BU,33,17,16,17
GL3 3BW,24,11,13,11
GL3 3BX,68,34,34,28
GL3 3BY,18,10,8,11
GL3 3BZ,35,14,21,16
GL3 3DA,27,13,14,8
GL3 3DB,28,12,16,16
GL3 3DD,34,15,19,12
GL3 3DE,86,41,45,35
GL3 3DF,21,11,10,13
GL3 3DG,50,21,29,28
GL3 3DH,52,28,24,26
GL3 3DP,47,22,25,21
GL3 3DQ,64,30,34,29
GL3 3DR,12,5,7,6
GL3 3DS,50,27,23,22
GL3 3DT,53,28,25,30
GL3 3DU,36,20,16,16
GL3 3DW,40,21,19,19
GL3 3DX,60,29,31,31
GL3 3DY,58,26,32,26
GL3 3DZ,30,14,16,14
GL3 3EA,117,58,59,46
GL3 3EB,18,7,11,8
GL3 3ED,45,20,25,19
GL3 3EE,54,28,26,29
GL3 3EF,3,1,2,3
GL3 3EG,26,12,14,12
GL3 3EH,30,14,16,15
GL3 3EJ,74,33,41,33
GL3 3EL,28,12,16,13
GL3 3EN,11,6,5,5
GL3 3EP,69,33,36,30
GL3 3EQ,11,6,5,6
GL3 3ER,27,15,12,11
GL3 3ES,19,10,9,8
GL3 3EW,56,25,31,23
GL3 3HA,5,1,4,4
GL3 3HE,55,29,26,19
GL3 3HF,22,12,10,8
GL3 3HG,64,32,32,25
GL3 3HH,38,19,19,14
GL3 3HJ,33,16,17,12
GL3 3HL,43,23,20,24
GL3 3HN,20,7,13,11
GL3 3HP,64,30,34,20
GL3 3HQ,11,5,6,6
GL3 3HR,49,26,23,15
GL3 3HT,46,26,20,16
GL3 3HU,26,14,12,8
GL3 3HW,51,28,23,23
GL3 3HX,136,66,70,52
GL3 3HY,51,25,26,20
GL3 3HZ,2,1,1,2
GL3 3JA,11,5,6,6
GL3 3JB,8,3,5,3
GL3 3JD,136,64,72,54
GL3 3JE,105,54,51,49
GL3 3JF,80,31,49,42
GL3 3JG,23,7,16,18
GL3 3JH,49,19,30,32
GL3 3JJ,29,16,13,9
GL3 3JL,50,22,28,25
GL3 3JN,22,10,12,11
GL3 3JQ,9,3,6,6
GL3 3LA,1,0,1,1
GL3 3LF,74,36,38,31
GL3 3LG,88,43,45,36
GL3 3LJ,38,15,23,24
GL3 3LL,49,22,27,22
GL3 3LN,79,39,40,30
GL3 3LP,20,7,13,10
GL3 3LQ,20,6,14,9
GL3 3LR,11,6,5,4
GL3 3LS,37,18,19,14
GL3 3LT,78,30,48,30
GL3 3LU,51,24,27,19
GL3 3LW,13,5,8,12
GL3 3LX,44,25,19,18
GL3 3LY,43,24,19,12
GL3 3LZ,38,18,20,12
GL3 3NA,19,10,9,6
GL3 3NB,10,6,4,4
GL3 3ND,62,24,38,38
GL3 3NE,7,3,4,3
GL3 3NG,18,9,9,15
GL3 3NH,94,48,46,37
GL3 3NP,43,24,19,16
GL3 3NQ,10,7,3,4
GL3 3NR,36,21,15,16
GL3 3NS,7,2,5,3
GL3 3NU,17,7,10,7
GL3 3NX,30,15,15,13
GL3 3NY,43,19,24,24
GL3 3NZ,8,3,5,2
GL3 3PA,9,4,5,4
GL3 3PB,9,4,5,5
GL3 3PD,40,16,24,20
GL3 3PE,25,10,15,10
GL3 3PF,32,19,13,17
GL3 3PG,35,14,21,21
GL3 3PH,18,9,9,12
GL3 3PJ,16,8,8,8
GL3 3PL,16,8,8,8
GL3 3PN,16,6,10,9
GL3 3PP,14,7,7,9
GL3 3PQ,21,6,15,15
GL3 3PR,10,3,7,8
GL3 3PS,3,0,3,3
GL3 3PT,77,33,44,45
GL3 3PU,42,17,25,23
GL3 3PW,9,3,6,6
GL3 3PX,25,14,11,12
GL3 3PY,50,17,33,35
GL3 3PZ,35,17,18,16
GL3 3QF,12,6,6,5
GL3 3QG,82,47,35,56
GL3 3QH,57,24,33,27
GL3 3QJ,13,6,7,6
GL3 3QP,13,7,6,6
GL3 3QQ,26,15,11,11
GL3 3QR,80,36,44,29
GL3 3QS,57,27,30,22
GL3 3QT,46,22,24,22
GL3 3QU,55,23,32,22
GL3 3QX,69,33,36,25
GL3 3QY,3,2,1,1
GL3 3QZ,2,1,1,1
GL3 3RB,24,12,12,9
GL3 3RD,5,2,3,3
GL3 3RE,14,6,8,4
GL3 3RF,61,30,31,23
GL3 3RG,60,31,29,23
GL3 3RH,60,28,32,18
GL3 3RJ,20,9,11,9
GL3 3RL,21,12,9,7
GL3 3RN,38,18,20,16
GL3 3RP,120,62,58,46
GL3 3RQ,97,42,55,34
GL3 3RS,64,26,38,31
GL3 3RT,9,3,6,5
GL3 3RU,23,11,12,9
GL3 3RW,23,8,15,16
GL3 3RX,16,7,9,5
GL3 3RY,14,8,6,9
GL3 3RZ,15,6,9,6
GL3 3SA,11,7,4,4
GL3 3SB,26,15,11,8
GL3 3SD,15,8,7,5
GL3 3SE,11,6,5,2
GL3 3SF,38,18,20,16
GL3 3SG,13,8,5,3
GL3 3SH,42,14,28,27
GL3 3SJ,4,1,3,0
GL3 3SL,13,7,6,6
GL3 3SN,8,3,5,3
GL3 3SP,146,61,85,66
GL3 3SQ,45,26,19,16
GL3 3SR,31,10,21,26
GL3 3SS,10,3,7,4
GL3 3ST,48,19,29,31
GL3 3SU,8,4,4,7
GL3 3SW,19,10,9,8
GL3 3SX,72,35,37,36
GL3 3SY,11,4,7,5
GL3 3SZ,6,3,3,3
GL3 3TA,13,6,7,4
GL3 3TB,14,7,7,8
GL3 3TD,28,14,14,15
GL3 3TE,76,40,36,29
GL3 3TF,34,18,16,15
GL3 3TG,55,29,26,24
GL3 3TH,36,24,12,11
GL3 3TL,3,0,3,2
GL3 3TN,11,4,7,6
GL3 3TP,4,2,2,1
GL3 3TR,35,18,17,12
GL3 3TS,46,23,23,20
GL3 3TT,8,4,4,3
GL3 3TU,21,5,16,19
GL3 3TW,28,13,15,13
GL3 3TX,42,18,24,13
GL3 3TY,6,3,3,1
GL3 3TZ,27,12,15,13
GL3 3UA,20,8,12,13
GL3 3UB,21,9,12,19
GL3 3UD,49,26,23,18
GL3 3UE,35,17,18,13
GL3 3UF,33,18,15,17
GL3 3UG,42,16,26,27
GL3 3UH,66,28,38,26
GL3 3UJ,56,26,30,18
GL3 3UL,199,98,101,66
GL3 3UN,13,7,6,4
GL3 3UP,37,20,17,16
GL3 4AL,4,3,1,1
GL3 4AN,56,27,29,28
GL3 4AP,39,18,21,20
GL3 4AR,35,18,17,15
GL3 4AS,114,49,65,54
GL3 4AT,17,9,8,6
GL3 4AU,34,16,18,13
GL3 4AX,30,14,16,11
GL3 4AY,38,21,17,13
GL3 4AZ,40,19,21,15
GL3 4BA,20,8,12,13
GL3 4BB,12,5,7,4
GL3 4BD,42,21,21,17
GL3 4BE,46,20,26,32
GL3 4BJ,2,1,1,1
GL3 4BL,149,76,73,65
GL3 4BN,98,47,51,38
GL3 4BP,40,18,22,17
GL3 4BQ,81,48,33,28
GL3 4BS,58,26,32,28
GL3 4BT,22,11,11,12
GL3 4BU,40,18,22,18
GL3 4BW,25,14,11,13
GL3 4BX,20,9,11,11
GL3 4BY,27,12,15,13
GL3 4BZ,15,6,9,9
GL3 4DA,68,30,38,25
GL3 4DB,76,38,38,38
GL3 4DD,97,48,49,35
GL3 4DE,12,4,8,6
GL3 4DF,40,20,20,17
GL3 4DG,17,8,9,9
GL3 4DH,45,23,22,18
GL3 4DJ,14,6,8,8
GL3 4DL,57,29,28,20
GL3 4DN,24,13,11,11
GL3 4DP,60,29,31,28
GL3 4DQ,74,31,43,38
GL3 4DR,28,14,14,13
GL3 4DS,40,17,23,19
GL3 4DT,18,10,8,7
GL3 4DU,37,16,21,16
GL3 4DW,39,21,18,20
GL3 4DX,15,8,7,10
GL3 4DY,75,38,37,27
GL3 4DZ,57,27,30,24
GL3 4EA,29,16,13,15
GL3 4EB,58,25,33,25
GL3 4ED,15,6,9,6
GL3 4EG,43,23,20,17
GL3 4EH,12,7,5,5
GL3 4EJ,68,34,34,27
GL3 4EL,7,4,3,3
GL3 4EN,18,7,11,7
GL3 4EP,22,16,6,9
GL3 4EQ,25,12,13,13
GL3 4ER,156,74,82,61
GL3 4ES,37,18,19,20
GL3 4ET,7,4,3,3
GL3 4EU,14,7,7,7
GL3 4EX,78,20,58,0
GL3 4EY,9,4,5,5
GL3 4EZ,9,5,4,4
GL3 4FB,73,39,34,30
GL3 4FD,100,43,57,43
GL3 4FF,3,1,2,2
GL3 4FG,10,5,5,5
GL3 4FH,14,9,5,5
GL3 4FJ,39,18,21,20
GL3 4FL,73,37,36,26
GL3 4GB,13,7,6,7
GL3 4GG,5,3,2,3
GL3 4GH,16,8,8,10
GL3 4HA,28,15,13,11
GL3 4HB,6,3,3,3
GL3 4HD,36,14,22,11
GL3 4HE,26,12,14,10
GL3 4HF,5,2,3,2
GL3 4HG,22,11,11,8
GL3 4HH,4,2,2,1
GL3 4HJ,19,8,11,8
GL3 4HL,2,2,0,2
GL3 4HN,12,6,6,6
GL3 4HQ,32,16,16,12
GL3 4HR,12,3,9,10
GL3 4HS,112,53,59,63
GL3 4HT,39,19,20,28
GL3 4HW,30,17,13,12
GL3 4HY,23,12,11,16
GL3 4JA,31,19,12,11
GL3 4JB,77,36,41,31
GL3 4JD,78,40,38,35
GL3 4JE,48,21,27,20
GL3 4JF,56,27,29,20
GL3 4JG,38,17,21,18
GL3 4JH,15,9,6,7
GL3 4JN,32,11,21,13
GL3 4JP,100,47,53,37
GL3 4JQ,54,25,29,22
GL3 4JR,99,41,58,39
GL3 4JS,49,30,19,18
GL3 4JT,44,20,24,14
GL3 4JU,21,11,10,4
GL3 4JW,56,26,30,20
GL3 4JX,26,17,9,24
GL3 4JY,15,9,6,6
GL3 4JZ,48,30,18,17
GL3 4LA,44,19,25,16
GL3 4LB,20,14,6,8
GL3 4LD,7,4,3,2
GL3 4LE,27,13,14,8
GL3 4LF,53,24,29,22
GL3 4LG,37,19,18,14
GL3 4LH,55,27,28,17
GL3 4LJ,65,27,38,34
GL3 4LL,16,5,11,5
GL3 4LN,23,13,10,6
GL3 4LQ,162,76,86,52
GL3 4LS,8,4,4,3
GL3 4LT,27,14,13,13
GL3 4LU,36,18,18,17
GL3 4LX,31,16,15,9
GL3 4LY,9,4,5,4
GL3 4LZ,9,3,6,4
GL3 4NA,37,18,19,16
GL3 4NB,144,63,81,53
GL3 4ND,40,16,24,13
GL3 4NE,60,28,32,25
GL3 4NF,25,12,13,13
GL3 4NG,75,39,36,27
GL3 4NH,56,32,24,22
GL3 4NJ,25,13,12,12
GL3 4NL,27,12,15,11
GL3 4NN,34,16,18,13
GL3 4NP,67,34,33,20
GL3 4NQ,105,49,56,37
GL3 4NR,20,7,13,13
GL3 4NS,21,10,11,8
GL3 4NT,34,17,17,16
GL3 4NW,13,7,6,8
GL3 4NX,97,44,53,35
GL3 4NY,37,18,19,21
GL3 4NZ,95,52,43,38
GL3 4PD,88,44,44,36
GL3 4PF,150,73,77,58
GL3 4PG,8,4,4,4
GL3 4PJ,7,2,5,2
GL3 4PN,8,3,5,6
GL3 4PP,97,47,50,32
GL3 4PQ,123,67,56,42
GL3 4PR,25,10,15,13
GL3 4PS,46,25,21,20
GL3 4PT,13,6,7,9
GL3 4PU,15,7,8,7
GL3 4PW,16,9,7,7
GL3 4PX,30,15,15,8
GL3 4PZ,4,2,2,2
GL3 4QA,57,28,29,27
GL3 4QB,1,1,0,1
GL3 4QD,38,21,17,13
GL3 4QE,4,3,1,1
GL3 4QG,57,25,32,1
GL3 4QH,19,9,10,7
GL3 4QJ,9,4,5,6
GL3 4QL,8,5,3,5
GL3 4QN,42,20,22,18
GL3 4QP,62,31,31,30
GL3 4QQ,27,17,10,12
GL3 4QR,35,17,18,13
GL3 4QS,38,17,21,23
GL3 4QT,11,7,4,3
GL3 4QU,5,3,2,2
GL3 4QW,22,11,11,13
GL3 4QX,111,44,67,46
GL3 4QY,1,0,1,1
GL3 4QZ,3,1,2,1
GL3 4RA,3,2,1,1
GL3 4RB,3,2,1,2
GL3 4RD,6,2,4,2
GL3 4RE,1,1,0,1
GL3 4RF,18,6,12,11
GL3 4RG,95,42,53,36
GL3 4RH,75,38,37,30
GL3 4RJ,45,20,25,18
GL3 4RL,11,6,5,3
GL3 4RN,58,27,31,25
GL3 4RP,14,5,9,6
GL3 4RQ,58,32,26,22
GL3 4RR,13,7,6,5
GL3 4RS,4,2,2,2
GL3 4RT,38,19,19,15
GL3 4RU,24,14,10,9
GL3 4RW,51,22,29,15
GL3 4RX,11,7,4,5
GL3 4RZ,3,1,2,2
GL3 4SA,3,1,2,1
GL3 4SB,48,20,28,20
GL3 4SD,10,6,4,4
GL3 4SE,38,19,19,16
GL3 4SF,11,6,5,6
GL3 4SJ,5,3,2,2
GL3 4SL,16,9,7,5
GL3 4SN,25,14,11,7
GL3 4SP,10,6,4,4
GL3 4SR,6,3,3,2
GL3 4SS,11,5,6,3
GL3 4ST,4,2,2,1
GL3 4SU,4,2,2,2
GL3 4SW,3,2,1,2
GL3 4SX,8,2,6,3
GL3 4SY,27,13,14,15
GL3 4SZ,15,8,7,7
GL3 4TA,105,53,52,36
GL3 4TB,28,15,13,11
GL3 4TD,43,20,23,22
GL3 4TE,6,3,3,3
GL3 4TH,15,6,9,6
GL3 4TL,16,5,11,7
GL3 4TN,22,13,9,8
GL3 4TP,4,2,2,2
GL3 4TR,8,1,7,3
GL3 4TS,22,10,12,8
GL3 4TT,15,9,6,7
GL3 4TU,37,18,19,13
GL3 4TW,2,1,1,1
GL3 4TX,34,19,15,16
GL3 4TY,9,3,6,6
GL3 4TZ,34,15,19,22
GL3 4UA,18,8,10,7
GL3 4UB,2,1,1,1
GL3 4UD,2,2,0,1
GL3 4UF,14,6,8,6
GL3 4UG,64,26,38,27
GL3 4UH,7,3,4,3
GL3 4UQ,39,17,22,17
GL3 4UR,22,12,10,18
GL3 4US,32,15,17,11
GL3 4UT,11,6,5,5
GL3 4UU,49,25,24,16
GL3 4UX,67,34,33,21
GL3 4UY,28,12,16,18
GL4 0AA,25,14,11,7
GL4 0AB,69,37,32,27
GL4 0AD,47,24,23,20
GL4 0AE,43,23,20,15
GL4 0AG,70,35,35,28
GL4 0AH,67,31,36,17
GL4 0AJ,26,15,11,8
GL4 0AL,44,21,23,23
GL4 0AN,2,2,0,2
GL4 0AP,75,40,35,31
GL4 0AQ,31,17,14,12
GL4 0AR,19,8,11,5
GL4 0AS,9,7,2,5
GL4 0AT,5,4,1,4
GL4 0AU,48,25,23,19
GL4 0AW,14,6,8,7
GL4 0AY,24,15,9,8
GL4 0AZ,38,17,21,22
GL4 0BA,14,7,7,5
GL4 0BB,35,18,17,14
GL4 0BD,29,11,18,0
GL4 0BE,10,6,4,5
GL4 0BG,58,31,27,21
GL4 0BH,11,7,4,8
GL4 0BJ,21,9,12,8
GL4 0BL,11,6,5,7
GL4 0BN,23,10,13,6
GL4 0BP,5,4,1,3
GL4 0BQ,35,21,14,12
GL4 0BS,34,18,16,13
GL4 0BT,15,7,8,7
GL4 0BU,43,22,21,15
GL4 0BX,122,58,64,53
GL4 0BY,67,37,30,25
GL4 0BZ,24,14,10,16
GL4 0DA,31,14,17,11
GL4 0DB,44,25,19,15
GL4 0DE,3,2,1,1
GL4 0DF,14,6,8,6
GL4 0DG,32,13,19,9
GL4 0DH,32,13,19,13
GL4 0DJ,4,3,1,1
GL4 0DL,26,14,12,17
GL4 0DP,91,39,52,48
GL4 0DQ,19,6,13,9
GL4 0DR,109,55,54,54
GL4 0DT,86,38,48,31
GL4 0DU,44,26,18,19
GL4 0EH,16,9,7,4
GL4 0EJ,23,15,8,18
GL4 0EL,59,24,35,26
GL4 0HD,40,17,23,25
GL4 0HE,14,5,9,11
GL4 0HF,63,26,37,31
GL4 0HG,9,6,3,4
GL4 0HH,18,9,9,10
GL4 0HJ,9,3,6,7
GL4 0HL,49,23,26,24
GL4 0HN,43,18,25,18
GL4 0HP,39,19,20,19
GL4 0HQ,68,33,35,36
GL4 0HR,18,8,10,14
GL4 0HS,9,3,6,3
GL4 0HT,19,9,10,10
GL4 0HU,32,17,15,15
GL4 0HW,46,22,24,22
GL4 0HX,61,31,30,28
GL4 0HY,22,10,12,10
GL4 0HZ,16,8,8,7
GL4 0JA,53,22,31,28
GL4 0JB,40,20,20,23
GL4 0JD,54,26,28,27
GL4 0JE,54,30,24,22
GL4 0JF,10,5,5,5
GL4 0JG,38,15,23,14
GL4 0JH,9,6,3,4
GL4 0JJ,5,1,4,3
GL4 0JL,16,10,6,4
GL4 0JN,37,14,23,18
GL4 0JP,8,4,4,4
GL4 0JQ,10,4,6,6
GL4 0JR,34,20,14,26
GL4 0JS,15,8,7,7
GL4 0JT,44,23,21,28
GL4 0JU,31,12,19,9
GL4 0JW,39,17,22,13
GL4 0JX,105,49,56,32
GL4 0JZ,105,52,53,36
GL4 0LA,22,7,15,11
GL4 0LB,79,32,47,35
GL4 0LD,44,24,20,17
GL4 0LE,23,7,16,9
GL4 0LG,17,11,6,7
GL4 0LH,29,14,15,8
GL4 0LJ,69,37,32,38
GL4 0LL,26,11,15,13
GL4 0LN,41,14,27,17
GL4 0LQ,48,22,26,12
GL4 0LS,84,42,42,28
GL4 0LT,107,52,55,36
GL4 0LU,66,28,38,22
GL4 0LX,64,32,32,24
GL4 0LY,44,23,21,14
GL4 0LZ,143,65,78,39
GL4 0NA,63,29,34,28
GL4 0NB,51,25,26,19
GL4 0ND,85,39,46,34
GL4 0NE,73,40,33,32
GL4 0NF,28,14,14,12
GL4 0NG,28,13,15,8
GL4 0NH,104,57,47,33
GL4 0NJ,104,51,53,36
GL4 0NL,76,43,33,26
GL4 0NN,31,11,20,28
GL4 0NP,49,22,27,19
GL4 0NQ,2,1,1,1
GL4 0NR,22,15,7,10
GL4 0NS,18,10,8,9
GL4 0NT,7,4,3,2
GL4 0NX,9,4,5,5
GL4 0NY,48,27,21,16
GL4 0NZ,66,39,27,24
GL4 0PA,18,9,9,7
GL4 0PB,64,29,35,25
GL4 0PD,41,14,27,12
GL4 0PE,36,15,21,14
GL4 0PF,36,17,19,17
GL4 0PG,54,30,24,17
GL4 0PJ,8,4,4,6
GL4 0PL,31,13,18,18
GL4 0PN,74,36,38,30
GL4 0PP,39,18,21,12
GL4 0PQ,19,10,9,10
GL4 0PR,60,25,35,21
GL4 0PS,79,42,37,26
GL4 0PT,63,37,26,24
GL4 0PU,60,24,36,21
GL4 0PW,31,16,15,10
GL4 0PX,29,15,14,13
GL4 0PY,23,12,11,9
GL4 0QA,15,6,9,8
GL4 0QB,41,19,22,25
GL4 0QD,54,24,30,19
GL4 0QE,14,6,8,7
GL4 0QF,37,17,20,14
GL4 0QG,36,17,19,17
GL4 0QH,40,21,19,17
GL4 0QJ,5,1,4,3
GL4 0QL,28,12,16,13
GL4 0QN,48,23,25,29
GL4 0QP,89,48,41,47
GL4 0QQ,51,26,25,18
GL4 0QR,54,23,31,27
GL4 0QS,32,14,18,20
GL4 0QT,58,26,32,30
GL4 0QU,17,7,10,7
GL4 0QW,41,20,21,20
GL4 0QX,71,33,38,24
GL4 0QY,159,78,81,56
GL4 0QZ,135,65,70,51
GL4 0RA,41,15,26,19
GL4 0RB,105,49,56,40
GL4 0RD,43,16,27,14
GL4 0RE,45,18,27,17
GL4 0RF,50,20,30,27
GL4 0RG,116,61,55,48
GL4 0RH,149,74,75,47
GL4 0RJ,58,29,29,27
GL4 0RL,47,19,28,23
GL4 0RN,32,15,17,13
GL4 0RP,81,40,41,32
GL4 0RQ,119,57,62,48
GL4 0RR,131,55,76,48
GL4 0SA,47,26,21,18
GL4 0SB,3,1,2,2
GL4 0SD,44,22,22,22
GL4 0SE,61,32,29,32
GL4 0SF,85,43,42,38
GL4 0SG,98,48,50,47
GL4 0SH,49,22,27,24
GL4 0SJ,38,18,20,20
GL4 0SL,85,46,39,41
GL4 0SN,77,37,40,38
GL4 0SP,27,11,16,14
GL4 0SQ,88,44,44,40
GL4 0SR,70,33,37,35
GL4 0ST,3,1,2,1
GL4 0SU,11,7,4,6
GL4 0SW,53,20,33,31
GL4 0SY,151,68,83,64
GL4 0SZ,136,68,68,63
GL4 0TA,111,51,60,43
GL4 0TB,30,13,17,18
GL4 0TD,100,51,49,48
GL4 0TE,40,15,25,18
GL4 0TF,29,15,14,14
GL4 0TG,79,35,44,37
GL4 0TH,120,64,56,49
GL4 0TJ,146,72,74,64
GL4 0TL,112,55,57,49
GL4 0TN,151,67,84,56
GL4 0TP,140,72,68,65
GL4 0TQ,7,3,4,4
GL4 0TR,109,54,55,43
GL4 0TS,57,27,30,28
GL4 0TT,101,46,55,37
GL4 0TU,66,31,35,22
GL4 0TW,94,46,48,43
GL4 0TX,63,27,36,24
GL4 0TY,41,17,24,16
GL4 0TZ,72,35,37,38
GL4 0UA,3,2,1,2
GL4 0UB,26,14,12,9
GL4 0UD,95,48,47,33
GL4 0UE,39,21,18,12
GL4 0UG,28,15,13,10
GL4 0UH,25,13,12,6
GL4 0UJ,34,17,17,13
GL4 0UL,19,9,10,10
GL4 0UN,48,18,30,11
GL4 0UP,23,10,13,8
GL4 0UQ,18,8,10,5
GL4 0UR,10,4,6,6
GL4 0US,9,4,5,5
GL4 0UT,43,23,20,15
GL4 0UU,30,13,17,12
GL4 0UX,1,1,0,1
GL4 0UY,12,7,5,4
GL4 0UZ,1,1,0,1
GL4 0XA,8,3,5,3
GL4 0XB,4,2,2,2
GL4 0XD,61,23,38,24
GL4 0XE,16,8,8,5
GL4 0XF,18,11,7,5
GL4 0XL,62,25,37,26
GL4 0XN,55,26,29,30
GL4 0XP,94,47,47,48
GL4 0XR,81,39,42,40
GL4 0XS,81,42,39,35
GL4 0XW,60,26,34,26
GL4 0YA,83,44,39,36
GL4 0YB,39,21,18,16
GL4 0YD,47,21,26,16
GL4 0YE,19,8,11,11
GL4 0YF,72,38,34,25
GL4 0YG,82,38,44,44
GL4 0YH,26,12,14,13
GL4 0YJ,43,17,26,16
GL4 0YL,43,24,19,18
GL4 0YQ,72,36,36,38
GL4 3AB,15,7,8,6
GL4 3AD,3,1,2,2
GL4 3AE,23,13,10,10
GL4 3AF,19,10,9,10
GL4 3AG,57,27,30,29
GL4 3AH,61,31,30,25
GL4 3AJ,54,23,31,22
GL4 3AL,111,56,55,38
GL4 3AN,107,60,47,49
GL4 3AP,13,9,4,6
GL4 3AQ,34,18,16,14
GL4 3AR,6,2,4,2
GL4 3AS,6,3,3,4
GL4 3AT,26,13,13,8
GL4 3AU,21,12,9,8
GL4 3AW,4,2,2,1
GL4 3AX,39,18,21,12
GL4 3AY,50,26,24,22
GL4 3AZ,82,45,37,27
GL4 3BA,29,17,12,11
GL4 3BB,1,1,0,1
GL4 3BE,19,8,11,5
GL4 3BG,5,2,3,2
GL4 3BQ,42,19,23,26
GL4 3DA,52,28,24,20
GL4 3EJ,12,6,6,5
GL4 3EL,20,10,10,9
GL4 3EN,16,9,7,8
GL4 3EP,25,11,14,11
GL4 3EQ,19,8,11,10
GL4 3ER,31,14,17,11
GL4 3ES,40,19,21,19
GL4 3EX,73,37,36,22
GL4 3EY,68,32,36,26
GL4 3EZ,48,27,21,20
GL4 3FH,19,5,14,11
GL4 3FJ,25,10,15,14
GL4 3FL,69,36,33,24
GL4 3FR,40,20,20,12
GL4 3FT,27,9,18,11
GL4 3GA,31,15,16,17
GL4 3GB,58,28,30,19
GL4 3GD,18,10,8,7
GL4 3GE,55,25,30,20
GL4 3HA,14,5,9,10
GL4 3HE,48,22,26,22
GL4 3HF,28,14,14,16
GL4 3HH,23,11,12,10
GL4 3HL,3,2,1,2
GL4 3HN,23,7,16,17
GL4 3HP,16,16,0,0
GL4 3HR,1,1,0,1
GL4 3HS,13,8,5,4
GL4 3HW,3,2,1,2
GL4 3HZ,18,9,9,7
GL4 3JA,22,13,9,12
GL4 3JB,6,2,4,4
GL4 3JF,55,29,26,21
GL4 3JG,56,21,35,33
GL4 3JH,62,39,23,25
GL4 3JJ,86,46,40,32
GL4 3JL,135,67,68,55
GL4 3JN,74,38,36,28
GL4 3JR,8,4,4,6
GL4 3JS,2,1,1,1
GL4 3JT,8,4,4,3
GL4 3JW,28,13,15,18
GL4 3JY,26,8,18,19
GL4 3JZ,30,13,17,14
GL4 3LD,6,3,3,3
GL4 3LE,106,52,54,42
GL4 3LJ,10,5,5,5
GL4 3QR,39,19,20,15
GL4 3QS,39,18,21,16
GL4 3QT,34,18,16,10
GL4 3QW,26,14,12,9
GL4 3RR,35,17,18,14
GL4 3SA,159,75,84,65
GL4 3SB,13,7,6,9
GL4 3SD,41,21,20,16
GL4 3TA,13,6,7,6
GL4 3TB,23,11,12,14
GL4 3TD,52,20,32,10
GL4 3TN,25,9,16,11
GL4 3TP,12,5,7,6
GL4 3TQ,133,63,70,55
GL4 3TR,15,5,10,9
GL4 3TS,32,14,18,13
GL4 3TT,44,22,22,19
GL4 3TU,32,15,17,13
GL4 3TW,10,5,5,4
GL4 3TX,54,31,23,19
GL4 3TY,11,5,6,4
GL4 3XW,6,2,4,2
GL4 3YL,21,12,9,11
GL4 3YW,138,65,73,49
GL4 3YX,99,56,43,49
GL4 4AB,49,27,22,21
GL4 4AD,36,16,20,31
GL4 4AE,57,26,31,22
GL4 4AF,49,24,25,20
GL4 4AG,13,8,5,4
GL4 4AH,31,19,12,11
GL4 4AJ,31,15,16,16
GL4 4AL,27,17,10,26
GL4 4AN,89,45,44,37
GL4 4AP,36,20,16,14
GL4 4AQ,15,11,4,12
GL4 4AR,54,31,23,17
GL4 4AS,16,9,7,5
GL4 4AT,30,14,16,10
GL4 4AU,13,6,7,5
GL4 4AW,15,10,5,10
GL4 4AX,36,17,19,19
GL4 4AY,65,33,32,23
GL4 4AZ,15,4,11,10
GL4 4BA,13,6,7,8
GL4 4BB,6,3,3,4
GL4 4BD,14,7,7,6
GL4 4BE,16,7,9,6
GL4 4BG,18,5,13,14
GL4 4BH,21,6,15,16
GL4 4BJ,39,17,22,16
GL4 4BL,7,4,3,3
GL4 4BT,23,13,10,16
GL4 4BY,17,6,11,8
GL4 4DA,14,8,6,4
GL4 4DB,7,2,5,3
GL4 4DD,72,36,36,27
GL4 4DE,10,5,5,3
GL4 4DF,10,4,6,4
GL4 4DG,12,5,7,4
GL4 4DH,41,19,22,16
GL4 4DJ,24,13,11,10
GL4 4DQ,100,47,53,38
GL4 4DR,28,10,18,14
GL4 4DS,4,2,2,2
GL4 4DU,97,55,42,44
GL4 4DX,137,68,69,58
GL4 4DZ,49,27,22,19
GL4 4FB,61,31,30,24
GL4 4FD,81,39,42,34
GL4 4FG,8,0,8,8
GL4 4FP,8,5,3,3
GL4 4FQ,58,31,27,21
GL4 4FR,25,17,8,10
GL4 4FS,31,15,16,13
GL4 4FT,20,10,10,7
GL4 4FU,79,38,41,35
GL4 4FW,28,15,13,12
GL4 4GD,45,20,25,22
GL4 4GP,37,18,19,13
GL4 4GQ,62,25,37,23
GL4 4GS,33,15,18,10
GL4 4GT,24,11,13,8
GL4 4GU,96,44,52,48
GL4 4LH,5,3,2,3
GL4 4LJ,16,7,9,8
GL4 4LL,41,21,20,15
GL4 4LN,63,29,34,24
GL4 4LQ,34,10,24,19
GL4 4LS,71,33,38,26
GL4 4LT,46,23,23,15
GL4 4LU,15,7,8,7
GL4 4LW,49,25,24,20
GL4 4LX,5,2,3,1
GL4 4NB,20,7,13,10
GL4 4ND,13,7,6,4
GL4 4NE,67,33,34,24
GL4 4NF,62,31,31,20
GL4 4NG,42,20,22,11
GL4 4NH,12,6,6,3
GL4 4NJ,55,25,30,20
GL4 4NL,114,58,56,46
GL4 4NN,60,31,29,23
GL4 4NP,13,8,5,7
GL4 4NQ,11,5,6,2
GL4 4NR,62,26,36,28
GL4 4NS,3,2,1,1
GL4 4NT,9,3,6,5
GL4 4NU,12,6,6,3
GL4 4NW,34,15,19,12
GL4 4NX,16,10,6,6
GL4 4NY,131,59,72,49
GL4 4NZ,18,9,9,6
GL4 4PA,4,2,2,1
GL4 4PB,28,15,13,10
GL4 4PD,103,45,58,37
GL4 4PE,48,23,25,14
GL4 4PF,67,42,25,24
GL4 4PG,147,73,74,67
GL4 4PH,74,31,43,29
GL4 4PJ,84,43,41,34
GL4 4PP,16,7,9,8
GL4 4PR,36,17,19,12
GL4 4PS,23,10,13,6
GL4 4PT,23,15,8,8
GL4 4PU,15,8,7,7
GL4 4PW,31,14,17,15
GL4 4PX,43,21,22,14
GL4 4PY,31,17,14,12
GL4 4PZ,51,25,26,22
GL4 4QA,39,24,15,15
GL4 4QB,54,27,27,22
GL4 4QD,6,4,2,2
GL4 4QE,1,1,0,1
GL4 4QF,15,5,10,7
GL4 4QG,78,36,42,24
GL4 4QH,95,39,56,36
GL4 4QJ,13,7,6,6
GL4 4QL,93,46,47,29
GL4 4QN,17,9,8,8
GL4 4QP,12,5,7,5
GL4 4QQ,12,2,10,6
GL4 4QR,76,32,44,25
GL4 4QS,27,11,16,7
GL4 4QT,96,50,46,32
GL4 4QU,41,22,19,14
GL4 4QW,34,14,20,13
GL4 4QY,95,51,44,34
GL4 4QZ,34,16,18,12
GL4 4RA,7,4,3,2
GL4 4RB,204,97,107,59
GL4 4RD,210,111,99,57
GL4 4RE,168,83,85,57
GL4 4RF,11,3,8,8
GL4 4RG,62,33,29,33
GL4 4RH,26,9,17,10
GL4 4RJ,89,50,39,35
GL4 4RL,104,52,52,36
GL4 4RN,101,42,59,44
GL4 4RP,62,32,30,19
GL4 4RQ,73,35,38,24
GL4 4RR,153,74,79,47
GL4 4RX,8,4,4,2
GL4 4RY,10,5,5,2
GL4 4RZ,7,4,3,2
GL4 4SA,36,17,19,16
GL4 4SB,22,9,13,14
GL4 4SD,38,16,22,19
GL4 4SE,52,21,31,34
GL4 4SF,43,22,21,28
GL4 4SJ,25,9,16,14
GL4 4SP,18,9,9,8
GL4 4SR,31,17,14,11
GL4 4SS,65,36,29,27
GL4 4ST,58,31,27,22
GL4 4SU,27,12,15,9
GL4 4SX,47,26,21,18
GL4 4SY,42,25,17,16
GL4 4TA,33,16,17,15
GL4 4TB,61,33,28,22
GL4 4TD,38,14,24,25
GL4 4TE,89,43,46,34
GL4 4TF,171,79,92,68
GL4 4TH,54,22,32,22
GL4 4TJ,82,37,45,31
GL4 4UA,94,48,46,36
GL4 4UY,46,23,23,22
GL4 4WA,45,16,29,15
GL4 4WB,79,39,40,38
GL4 4WE,186,96,90,73
GL4 4WF,75,36,39,30
GL4 4WG,61,30,31,34
GL4 4WH,73,36,37,28
GL4 4WJ,67,33,34,29
GL4 4WL,40,20,20,15
GL4 4WN,32,15,17,8
GL4 4WP,71,37,34,25
GL4 4WQ,62,32,30,23
GL4 4WS,200,93,107,68
GL4 4WT,156,75,81,57
GL4 4WU,39,20,19,15
GL4 4WX,151,74,77,59
GL4 4WY,74,35,39,34
GL4 4WZ,132,69,63,42
GL4 4XA,48,22,26,24
GL4 4XB,73,30,43,44
GL4 4XD,100,44,56,38
GL4 4XE,68,34,34,25
GL4 4XF,85,49,36,32
GL4 4XG,67,34,33,26
GL4 4XH,85,39,46,33
GL4 4XJ,69,32,37,27
GL4 4XL,142,64,78,54
GL4 4XN,27,16,11,11
GL4 4XP,37,19,18,14
GL4 4XQ,67,32,35,32
GL4 4XR,27,15,12,10
GL4 4XS,48,25,23,27
GL4 4XT,45,24,21,25
GL4 4XU,28,9,19,16
GL4 4XW,95,47,48,36
GL4 4XX,12,6,6,3
GL4 4XZ,84,40,44,40
GL4 4YJ,28,15,13,14
GL4 5BA,43,23,20,19
GL4 5BH,119,52,67,52
GL4 5BJ,29,17,12,13
GL4 5BL,25,13,12,14
GL4 5BN,29,13,16,16
GL4 5BP,84,43,41,27
GL4 5BQ,45,22,23,25
GL4 5BS,19,9,10,6
GL4 5BT,63,29,34,26
GL4 5BW,56,23,33,23
GL4 5BX,23,13,10,8
GL4 5BZ,42,20,22,16
GL4 5DD,93,47,46,35
GL4 5DE,10,4,6,2
GL4 5DF,16,8,8,6
GL4 5DG,38,17,21,14
GL4 5DN,8,3,5,5
GL4 5DP,52,28,24,22
GL4 5DW,24,12,12,11
GL4 5DY,174,92,82,61
GL4 5EA,72,32,40,23
GL4 5EB,34,14,20,12
GL4 5ED,36,19,17,11
GL4 5EE,50,28,22,18
GL4 5EF,119,53,66,50
GL4 5EG,22,10,12,8
GL4 5EJ,24,10,14,10
GL4 5EP,108,56,52,52
GL4 5ER,84,39,45,32
GL4 5ES,49,21,28,28
GL4 5ET,68,34,34,31
GL4 5EU,10,4,6,9
GL4 5EW,32,15,17,17
GL4 5EX,39,20,19,15
GL4 5EY,61,35,26,27
GL4 5EZ,21,9,12,8
GL4 5FA,33,19,14,11
GL4 5FB,30,14,16,13
GL4 5FD,68,34,34,22
GL4 5FE,47,25,22,22
GL4 5FF,46,26,20,16
GL4 5FG,17,6,11,7
GL4 5FJ,101,49,52,38
GL4 5FP,98,42,56,43
GL4 5FQ,78,40,38,36
GL4 5FS,20,11,9,8
GL4 5FW,43,26,17,10
GL4 5FY,58,27,31,25
GL4 5GA,32,16,16,12
GL4 5GB,112,57,55,41
GL4 5GD,126,69,57,50
GL4 5GE,117,60,57,43
GL4 5GF,101,53,48,35
GL4 5GH,115,55,60,43
GL4 5GJ,100,46,54,30
GL4 5GL,36,20,16,18
GL4 5GN,25,15,10,13
GL4 5GR,14,9,5,0
GL4 5GW,43,26,17,14
GL4 5GX,34,14,20,19
GL4 5GY,73,38,35,36
GL4 5GZ,128,62,66,44
GL4 5HA,33,14,19,18
GL4 5HR,74,41,33,25
GL4 5JD,37,17,20,13
GL4 5JE,60,28,32,23
GL4 5JQ,107,61,46,34
GL4 5JT,22,11,11,8
GL4 5JU,25,15,10,5
GL4 5JY,163,82,81,56
GL4 5JZ,22,12,10,8
GL4 5LB,32,17,15,19
GL4 5LF,61,31,30,28
GL4 5LG,30,13,17,15
GL4 5SG,36,17,19,17
GL4 5SL,32,18,14,12
GL4 5SQ,15,4,11,6
GL4 5SX,28,10,18,21
GL4 5SZ,34,17,17,17
GL4 5TA,25,14,11,16
GL4 5TB,10,6,4,4
GL4 5TD,22,9,13,6
GL4 5TE,42,20,22,24
GL4 5TF,64,33,31,23
GL4 5TH,83,42,41,23
GL4 5TJ,35,18,17,13
GL4 5TL,58,32,26,22
GL4 5TN,52,25,27,15
GL4 5TP,198,102,96,67
GL4 5TQ,61,29,32,28
GL4 5TR,64,33,31,26
GL4 5TS,88,37,51,37
GL4 5TT,55,32,23,18
GL4 5TU,72,40,32,25
GL4 5TW,53,29,24,21
GL4 5TX,104,54,50,34
GL4 5TY,62,28,34,21
GL4 5TZ,145,71,74,51
GL4 5UB,67,32,35,28
GL4 5UD,46,21,25,20
GL4 5UE,20,12,8,7
GL4 5UF,33,18,15,11
GL4 5UG,32,18,14,12
GL4 5UH,36,16,20,13
GL4 5UJ,29,13,16,10
GL4 5UL,111,58,53,62
GL4 5UN,20,8,12,8
GL4 5UP,80,37,43,30
GL4 5UQ,43,20,23,14
GL4 5UR,59,26,33,21
GL4 5US,41,23,18,11
GL4 5UT,32,19,13,11
GL4 5UU,31,17,14,11
GL4 5UW,28,15,13,11
GL4 5UX,39,21,18,13
GL4 5UY,3,1,2,1
GL4 5UZ,76,37,39,28
GL4 5WD,176,88,88,68
GL4 5WE,25,10,15,9
GL4 5WF,35,16,19,14
GL4 5WH,35,16,19,12
GL4 5WJ,66,27,39,23
GL4 5WL,49,21,28,21
GL4 5WN,55,26,29,17
GL4 5WP,263,136,127,81
GL4 5WQ,57,29,28,24
GL4 5WR,105,52,53,37
GL4 5XG,27,13,14,13
GL4 5XH,17,7,10,7
GL4 5XJ,20,10,10,6
GL4 5XN,79,39,40,30
GL4 5XP,88,40,48,41
GL4 5XR,52,25,27,19
GL4 5XS,55,27,28,29
GL4 5XT,193,92,101,76
GL4 5XW,138,69,69,63
GL4 5XY,46,29,17,16
GL4 5XZ,40,21,19,16
GL4 5YA,127,62,65,42
GL4 5YB,16,8,8,8
GL4 5YD,26,15,11,9
GL4 5YE,54,24,30,19
GL4 5YF,82,40,42,28
GL4 5YG,15,7,8,6
GL4 5YH,51,24,27,21
GL4 5YJ,54,27,27,17
GL4 5YN,14,6,8,7
GL4 5YP,41,16,25,26
GL4 5YQ,48,26,22,30
GL4 5YT,25,12,13,14
GL4 5YU,50,22,28,32
GL4 5YW,40,20,20,16
GL4 5YX,31,14,17,21
GL4 5YY,11,5,6,7
GL4 5YZ,16,7,9,6
GL4 6AA,35,20,15,16
GL4 6AB,57,33,24,26
GL4 6AD,107,50,57,49
GL4 6AE,9,3,6,4
GL4 6AF,51,19,32,24
GL4 6AG,34,17,17,15
GL4 6AJ,52,26,26,35
GL4 6AL,58,29,29,29
GL4 6AN,25,12,13,11
GL4 6AQ,64,32,32,35
GL4 6AS,24,13,11,15
GL4 6AT,48,23,25,21
GL4 6AU,27,13,14,23
GL4 6AW,54,22,32,28
GL4 6AX,38,22,16,15
GL4 6AY,121,61,60,50
GL4 6AZ,38,16,22,16
GL4 6BA,46,15,31,27
GL4 6BB,17,8,9,9
GL4 6BD,13,7,6,5
GL4 6BE,4,2,2,1
GL4 6BG,69,31,38,26
GL4 6BH,71,30,41,25
GL4 6BJ,80,38,42,28
GL4 6BL,42,19,23,13
GL4 6BN,23,12,11,7
GL4 6BP,39,18,21,18
GL4 6BQ,57,31,26,19
GL4 6BS,23,8,15,9
GL4 6BT,36,18,18,12
GL4 6BU,8,4,4,5
GL4 6DG,11,2,9,4
GL4 6DT,21,12,9,12
GL4 6DW,67,34,33,27
GL4 6DX,62,36,26,25
GL4 6DZ,16,8,8,5
GL4 6EA,6,4,2,1
GL4 6EB,27,14,13,11
GL4 6ED,75,59,16,18
GL4 6EE,80,39,41,30
GL4 6EF,15,8,7,4
GL4 6EG,8,5,3,3
GL4 6EH,32,12,20,16
GL4 6EJ,104,47,57,55
GL4 6EL,28,13,15,14
GL4 6EN,84,48,36,36
GL4 6EQ,11,5,6,5
GL4 6EZ,15,8,7,7
GL4 6FN,19,11,8,11
GL4 6FY,19,10,9,10
GL4 6GA,39,21,18,19
GL4 6GD,87,42,45,34
GL4 6GE,126,62,64,50
GL4 6GF,41,19,22,17
GL4 6HA,74,28,46,29
GL4 6HB,21,12,9,10
GL4 6HD,77,37,40,33
GL4 6HG,72,34,38,27
GL4 6HH,29,16,13,8
GL4 6HJ,22,10,12,10
GL4 6HL,20,9,11,12
GL4 6HN,57,29,28,23
GL4 6HP,12,3,9,6
GL4 6HQ,40,23,17,16
GL4 6HR,26,8,18,9
GL4 6HS,75,36,39,32
GL4 6HT,41,19,22,16
GL4 6HU,33,17,16,17
GL4 6HW,86,45,41,38
GL4 6HX,56,24,32,28
GL4 6HY,12,8,4,5
GL4 6HZ,16,8,8,5
GL4 6JA,4,2,2,4
GL4 6JB,109,55,54,55
GL4 6JD,13,5,8,7
GL4 6JE,42,22,20,22
GL4 6JF,72,39,33,34
GL4 6JG,39,21,18,12
GL4 6JH,6,2,4,4
GL4 6JJ,68,31,37,26
GL4 6JL,14,5,9,6
GL4 6JN,35,15,20,16
GL4 6JP,39,20,19,22
GL4 6JQ,9,6,3,4
GL4 6JR,86,45,41,32
GL4 6JU,100,46,54,37
GL4 6JW,50,26,24,24
GL4 6JX,50,24,26,20
GL4 6LA,41,18,23,24
GL4 6LB,53,27,26,18
GL4 6LD,10,6,4,5
GL4 6LE,7,4,3,4
GL4 6LF,54,25,29,24
GL4 6LG,38,15,23,18
GL4 6LH,19,14,5,13
GL4 6LJ,4,2,2,4
GL4 6LL,58,39,19,44
GL4 6LN,61,35,26,30
GL4 6LP,78,41,37,37
GL4 6LQ,63,25,38,26
GL4 6LR,13,7,6,5
GL4 6LS,32,16,16,20
GL4 6LT,23,10,13,13
GL4 6LU,45,27,18,28
GL4 6LW,22,11,11,9
GL4 6LX,31,13,18,11
GL4 6LY,9,4,5,6
GL4 6LZ,33,19,14,19
GL4 6NA,25,13,12,16
GL4 6NB,27,13,14,15
GL4 6ND,54,25,29,26
GL4 6NE,47,20,27,24
GL4 6NF,63,33,30,29
GL4 6NG,34,19,15,18
GL4 6NH,19,9,10,10
GL4 6NJ,17,6,11,8
GL4 6NL,14,7,7,6
GL4 6NN,18,11,7,6
GL4 6NP,18,5,13,11
GL4 6NQ,83,33,50,40
GL4 6NU,32,12,20,12
GL4 6NW,11,6,5,11
GL4 6NX,36,14,22,33
GL4 6NY,27,11,16,19
GL4 6NZ,45,24,21,14
GL4 6PA,3,2,1,1
GL4 6PB,27,12,15,14
GL4 6PD,50,27,23,17
GL4 6PE,39,21,18,11
GL4 6PH,4,3,1,2
GL4 6PN,29,16,13,12
GL4 6PQ,8,4,4,3
GL4 6PR,2,1,1,1
GL4 6PS,80,34,46,32
GL4 6PT,75,45,30,31
GL4 6PW,27,10,17,12
GL4 6QA,48,22,26,19
GL4 6QB,52,32,20,38
GL4 6QD,51,20,31,42
GL4 6QL,50,26,24,15
GL4 6QU,110,52,58,36
GL4 6RA,69,34,35,32
GL4 6RE,12,5,7,4
GL4 6RF,44,17,27,13
GL4 6RG,82,42,40,33
GL4 6RH,33,20,13,15
GL4 6RJ,63,28,35,28
GL4 6RL,54,25,29,25
GL4 6RQ,42,23,19,14
GL4 6RR,5,1,4,2
GL4 6RS,32,15,17,15
GL4 6RT,57,29,28,19
GL4 6RU,49,26,23,16
GL4 6RW,96,48,48,35
GL4 6RX,69,33,36,24
GL4 6RY,55,23,32,22
GL4 6RZ,27,13,14,11
GL4 6SA,56,25,31,18
GL4 6SB,74,25,49,15
GL4 6SE,67,34,33,26
GL4 6SF,60,29,31,16
GL4 6SG,96,41,55,32
GL4 6SH,96,36,60,33
GL4 6SJ,74,32,42,35
GL4 6SL,51,22,29,24
GL4 6SN,39,22,17,16
GL4 6SP,21,8,13,8
GL4 6SQ,52,23,29,14
GL4 6SR,20,10,10,11
GL4 6SS,19,10,9,6
GL4 6ST,16,10,6,6
GL4 6SU,16,9,7,8
GL4 6SX,70,11,59,14
GL4 6SY,61,29,32,29
GL4 6SZ,31,16,15,12
GL4 6TA,75,40,35,29
GL4 6TB,106,56,50,40
GL4 6TD,12,6,6,6
GL4 6TE,28,13,15,8
GL4 6TF,57,29,28,25
GL4 6TH,6,3,3,3
GL4 6TN,9,6,3,3
GL4 6TP,130,70,60,49
GL4 6TQ,5,1,4,4
GL4 6TU,176,81,95,63
GL4 6TW,106,53,53,46
GL4 6TX,3,2,1,2
GL4 6TY,126,66,60,41
GL4 6UA,49,25,24,22
GL4 6UB,34,16,18,24
GL4 6UD,89,51,38,27
GL4 6UE,41,21,20,13
GL4 6UF,12,6,6,3
GL4 6UG,85,44,41,35
GL4 6UH,131,68,63,43
GL4 6UJ,32,12,20,8
GL4 6UL,9,3,6,3
GL4 6UN,131,67,64,45
GL4 6UP,6,3,3,4
GL4 6UQ,48,29,19,18
GL4 6UR,7,3,4,5
GL4 6US,9,4,5,6
GL4 6UT,17,8,9,12
GL4 6UU,19,11,8,10
GL4 6UW,54,22,32,33
GL4 6UX,10,3,7,6
GL4 6UY,32,18,14,29
GL4 6UZ,45,23,22,19
GL4 6WB,155,68,87,51
GL4 6WD,130,50,80,47
GL4 6WE,82,37,45,33
GL4 6WF,65,26,39,21
GL4 6XU,53,28,25,21
GL4 6XX,128,67,61,48
GL4 6YG,45,22,23,23
GL4 6YH,27,14,13,11
GL4 6YJ,50,25,25,16
GL4 6YL,76,37,39,36
GL4 6YN,96,43,53,39
GL4 6YP,139,77,62,63
GL4 6YQ,138,61,77,57
GL4 6YR,29,11,18,18
GL4 6YS,8,4,4,4
GL4 6YT,9,4,5,4
GL4 6YW,5,0,5,5
GL4 8AA,2,1,1,1
GL4 8AB,17,8,9,6
GL4 8AD,17,8,9,8
GL4 8AE,19,7,12,13
GL4 8AF,10,3,7,4
GL4 8AG,19,8,11,9
GL4 8AH,14,7,7,5
GL4 8AJ,6,3,3,3
GL4 8AL,39,17,22,17
GL4 8AN,2,0,2,2
GL4 8AP,2,1,1,1
GL4 8AQ,12,7,5,7
GL4 8AR,20,11,9,8
GL4 8AS,12,6,6,4
GL4 8AT,37,13,24,16
GL4 8AU,33,17,16,12
GL4 8AW,24,14,10,8
GL4 8AX,68,38,30,27
GL4 8AY,26,13,13,11
GL4 8AZ,3,2,1,2
GL4 8BA,18,9,9,7
GL4 8BB,15,7,8,5
GL4 8BD,87,38,49,41
GL4 8BE,108,50,58,48
GL4 8BG,74,30,44,29
GL4 8BH,71,37,34,31
GL4 8BJ,14,6,8,5
GL4 8BL,9,3,6,5
GL4 8BQ,2,1,1,1
GL4 8DA,28,12,16,10
GL4 8DB,24,14,10,8
GL4 8DD,9,5,4,4
GL4 8DE,26,16,10,9
GL4 8DF,7,4,3,5
GL4 8DG,21,9,12,9
GL4 8DH,15,7,8,9
GL4 8DJ,24,13,11,10
GL4 8DL,23,12,11,11
GL4 8DN,12,6,6,4
GL4 8DP,24,9,15,11
GL4 8DQ,35,13,22,21
GL4 8DR,19,11,8,8
GL4 8DS,29,14,15,10
GL4 8DT,7,3,4,3
GL4 8DU,19,9,10,8
GL4 8DW,29,14,15,11
GL4 8DX,15,6,9,9
GL4 8DY,10,6,4,4
GL4 8DZ,28,16,12,10
GL4 8EA,18,8,10,9
GL4 8EB,33,16,17,15
GL4 8ED,56,27,29,19
GL4 8EE,27,12,15,13
GL4 8EF,53,26,27,20
GL4 8EG,7,3,4,3
GL4 8EH,54,28,26,28
GL4 8EJ,12,6,6,5
GL4 8EL,15,6,9,8
GL4 8EN,8,4,4,4
GL4 8EQ,3,1,2,1
GL4 8ET,3,1,2,2
GL4 8EU,19,10,9,8
GL4 8EX,13,13,0,0
GL4 8EZ,9,5,4,4
GL4 8HA,2,1,1,1
GL4 8HB,41,21,20,15
GL4 8HD,15,8,7,5
GL4 8HE,5,3,2,2
GL4 8HF,5,2,3,2
GL4 8HG,2,1,1,1
GL4 8HP,106,56,50,46
GL4 8HQ,19,10,9,7
GL4 8HR,67,35,32,29
GL4 8HS,58,28,30,24
GL4 8HT,33,15,18,12
GL4 8HU,14,8,6,7
GL4 8HX,7,3,4,3
GL4 8HY,3,2,1,2
GL4 8HZ,14,8,6,6
GL4 8JA,14,8,6,5
GL4 8JH,138,73,65,57
GL4 8JL,15,8,7,6
GL4 8JN,20,7,13,8
GL4 8JW,3,2,1,2
GL4 8JX,19,8,11,7
GL4 8JY,12,6,6,4
GL4 8JZ,17,7,10,8
GL4 8LA,10,6,4,3
GL4 8LB,8,4,4,5
GL4 8LD,122,62,60,52
GL4 8LE,12,6,6,6
GL4 8LF,38,19,19,16
GL4 8LG,1,1,0,1
GL4 8LH,16,6,10,8
GL4 8LJ,8,2,6,3
GL4 8LL,6,4,2,2
GL4 8LQ,9,5,4,4
GL5 1AA,3,2,1,2
GL5 1AG,1,1,0,1
GL5 1AJ,5,4,1,4
GL5 1AL,9,3,6,7
GL5 1AN,5,5,0,5
GL5 1AP,9,5,4,6
GL5 1AQ,2,2,0,2
GL5 1AS,10,4,6,5
GL5 1AY,1,0,1,1
GL5 1AZ,3,1,2,2
GL5 1BA,21,10,11,10
GL5 1BB,5,3,2,4
GL5 1BG,55,31,24,33
GL5 1BH,8,5,3,8
GL5 1BN,49,26,23,34
GL5 1BS,26,12,14,8
GL5 1BT,7,4,3,1
GL5 1BU,14,8,6,6
GL5 1BW,11,5,6,5
GL5 1BX,26,15,11,20
GL5 1BZ,1,1,0,1
GL5 1DA,5,2,3,2
GL5 1DB,4,2,2,2
GL5 1DD,5,3,2,2
GL5 1DF,69,28,41,24
GL5 1DG,15,8,7,5
GL5 1DH,11,2,9,6
GL5 1DJ,80,39,41,47
GL5 1DL,116,59,57,38
GL5 1DN,8,4,4,6
GL5 1DP,85,44,41,30
GL5 1DQ,36,23,13,14
GL5 1DR,47,24,23,29
GL5 1DS,37,10,27,32
GL5 1DT,8,6,2,4
GL5 1DU,75,40,35,50
GL5 1DW,38,21,17,27
GL5 1DX,6,2,4,3
GL5 1DZ,68,35,33,28
GL5 1EA,34,16,18,19
GL5 1EB,110,50,60,52
GL5 1ED,47,24,23,19
GL5 1EE,80,42,38,36
GL5 1EF,8,4,4,3
GL5 1EG,94,40,54,41
GL5 1EH,11,6,5,4
GL5 1EJ,7,3,4,6
GL5 1EL,7,2,5,4
GL5 1EN,15,9,6,7
GL5 1EP,37,17,20,11
GL5 1EQ,31,11,20,16
GL5 1ER,60,25,35,30
GL5 1ES,122,63,59,42
GL5 1EU,29,14,15,14
GL5 1EW,6,4,2,2
GL5 1EX,9,5,4,9
GL5 1FU,5,2,3,4
GL5 1GR,47,16,31,40
GL5 1HA,45,27,18,23
GL5 1HB,8,5,3,3
GL5 1HD,14,7,7,7
GL5 1HE,69,37,32,28
GL5 1HF,161,73,88,62
GL5 1HG,43,21,22,20
GL5 1HH,111,60,51,47
GL5 1HJ,20,9,11,7
GL5 1HL,8,3,5,3
GL5 1HN,64,36,28,31
GL5 1HP,36,16,20,12
GL5 1HQ,21,11,10,9
GL5 1HR,19,10,9,8
GL5 1HS,129,60,69,55
GL5 1HT,42,22,20,15
GL5 1HU,84,42,42,28
GL5 1HW,46,24,22,16
GL5 1HX,67,36,31,22
GL5 1HY,24,12,12,15
GL5 1HZ,76,34,42,20
GL5 1JA,52,27,25,20
GL5 1JD,98,58,40,55
GL5 1JE,22,11,11,13
GL5 1JG,27,9,18,13
GL5 1JL,32,11,21,8
GL5 1JN,23,11,12,12
GL5 1JP,32,13,19,16
GL5 1JR,10,7,3,4
GL5 1JS,3,1,2,2
GL5 1JT,59,29,30,24
GL5 1JU,1,1,0,1
GL5 1JW,52,28,24,21
GL5 1JX,5,1,4,3
GL5 1JY,3,0,3,2
GL5 1JZ,5,4,1,1
GL5 1LA,18,6,12,12
GL5 1LB,10,7,3,5
GL5 1LD,13,6,7,4
GL5 1LE,22,9,13,7
GL5 1LF,19,9,10,8
GL5 1LG,12,8,4,5
GL5 1LH,3,2,1,2
GL5 1LJ,8,3,5,4
GL5 1LL,9,6,3,3
GL5 1LN,15,8,7,8
GL5 1LP,29,14,15,13
GL5 1LQ,9,4,5,6
GL5 1LR,17,6,11,7
GL5 1LS,122,59,63,52
GL5 1LT,16,8,8,6
GL5 1LU,21,10,11,12
GL5 1LW,11,6,5,7
GL5 1LX,14,7,7,5
GL5 1LY,22,11,11,8
GL5 1LZ,16,12,4,6
GL5 1NA,37,17,20,15
GL5 1NB,27,11,16,11
GL5 1ND,66,35,31,24
GL5 1NE,13,6,7,5
GL5 1NF,33,18,15,10
GL5 1NG,7,5,2,2
GL5 1NH,68,37,31,36
GL5 1NJ,157,82,75,70
GL5 1NL,35,20,15,13
GL5 1NN,32,17,15,12
GL5 1NP,42,16,26,14
GL5 1NQ,24,14,10,8
GL5 1NS,30,14,16,12
GL5 1NT,37,20,17,13
GL5 1NU,17,8,9,10
GL5 1NW,22,11,11,9
GL5 1NX,56,27,29,20
GL5 1NY,61,31,30,25
GL5 1NZ,1,1,0,1
GL5 1PA,33,14,19,11
GL5 1PB,22,10,12,9
GL5 1PD,10,5,5,6
GL5 1PE,11,5,6,4
GL5 1PF,15,6,9,8
GL5 1PG,11,6,5,7
GL5 1PH,12,7,5,5
GL5 1PJ,57,26,31,24
GL5 1PL,41,21,20,14
GL5 1PN,5,2,3,3
GL5 1PP,101,45,56,41
GL5 1PQ,64,33,31,24
GL5 1PR,154,69,85,65
GL5 1PS,6,2,4,5
GL5 1PT,25,17,8,20
GL5 1PU,31,21,10,22
GL5 1PW,30,12,18,11
GL5 1PX,6,2,4,6
GL5 1PY,25,11,14,13
GL5 1PZ,104,58,46,47
GL5 1QE,19,9,10,8
GL5 1QG,41,27,14,12
GL5 1QJ,23,10,13,8
GL5 1QL,14,9,5,9
GL5 1QN,1,1,0,1
GL5 1QP,9,6,3,4
GL5 1QR,11,5,6,5
GL5 1QS,13,8,5,6
GL5 1QT,11,7,4,7
GL5 1QU,32,18,14,16
GL5 1QW,19,9,10,10
GL5 1QX,11,5,6,5
GL5 1QY,21,6,15,6
GL5 1QZ,98,50,48,45
GL5 1RB,18,6,12,7
GL5 1RD,55,29,26,21
GL5 1RE,34,21,13,15
GL5 1RF,37,17,20,19
GL5 1RG,24,16,8,8
GL5 1RH,31,17,14,12
GL5 1RJ,46,21,25,18
GL5 1RL,32,16,16,14
GL5 1RN,21,11,10,8
GL5 1RP,27,15,12,17
GL5 1RS,1,0,1,1
GL5 1RT,17,6,11,8
GL5 1RU,24,13,11,13
GL5 1RW,34,18,16,17
GL5 1RX,16,9,7,7
GL5 1RZ,38,17,21,17
GL5 1SA,5,2,3,3
GL5 1SB,20,10,10,2
GL5 1SD,78,40,38,29
GL5 1SE,3,1,2,1
GL5 1SF,5,2,3,4
GL5 1SG,10,4,6,7
GL5 1SH,64,26,38,24
GL5 1SJ,2,1,1,1
GL5 1SL,3,1,2,2
GL5 1SN,6,3,3,4
GL5 1SP,39,13,26,8
GL5 1SQ,14,8,6,6
GL5 1SR,54,26,28,18
GL5 1SS,14,9,5,6
GL5 1ST,62,30,32,29
GL5 1SU,44,21,23,12
GL5 1SW,45,13,32,37
GL5 1SX,42,16,26,19
GL5 1SY,25,9,16,8
GL5 1SZ,50,21,29,18
GL5 1TA,53,24,29,18
GL5 1TB,40,21,19,11
GL5 1TD,24,10,14,16
GL5 1TE,87,48,39,29
GL5 1TF,26,16,10,9
GL5 1TG,37,19,18,12
GL5 1TH,12,6,6,5
GL5 1TJ,12,8,4,5
GL5 1TL,2,0,2,1
GL5 1TN,75,31,44,34
GL5 1TP,34,16,18,12
GL5 1TQ,28,14,14,10
GL5 1TR,5,3,2,2
GL5 1TS,5,3,2,2
GL5 1TT,13,6,7,7
GL5 1TU,3,1,2,2
GL5 1TW,7,4,3,4
GL5 1TX,6,4,2,4
GL5 1TY,6,2,4,3
GL5 1TZ,4,1,3,2
GL5 1UA,8,5,3,3
GL5 1UB,7,3,4,3
GL5 1UD,6,5,1,2
GL5 1UE,3,2,1,2
GL5 1UF,9,6,3,2
GL5 1UG,6,3,3,2
GL5 1UH,20,12,8,8
GL5 1UJ,10,4,6,4
GL5 1UL,40,17,23,25
GL5 1UN,135,70,65,49
GL5 1UP,106,47,59,56
GL5 1UQ,6,4,2,2
GL5 1UR,58,29,29,19
GL5 1US,134,72,62,63
GL5 1UT,20,13,7,19
GL5 1UU,72,40,32,26
GL5 1UW,41,22,19,12
GL5 1UX,44,24,20,15
GL5 1UZ,44,23,21,25
GL5 1XA,26,13,13,11
GL5 1XB,63,24,39,41
GL5 1XR,25,10,15,12
GL5 1XS,35,15,20,16
GL5 1XT,1,1,0,1
GL5 1XU,43,21,22,20
GL5 2AB,8,7,1,7
GL5 2AD,8,6,2,5
GL5 2AE,68,37,31,21
GL5 2AH,26,15,11,8
GL5 2AJ,77,51,26,31
GL5 2AP,2,1,1,1
GL5 2AQ,1,1,0,1
GL5 2AR,36,21,15,14
GL5 2AS,3,2,1,2
GL5 2AT,72,29,43,40
GL5 2AW,68,34,34,39
GL5 2AY,8,5,3,5
GL5 2AZ,13,6,7,7
GL5 2BA,24,12,12,9
GL5 2BB,7,3,4,3
GL5 2BD,19,12,7,7
GL5 2BE,14,7,7,8
GL5 2BG,9,6,3,4
GL5 2BH,6,5,1,2
GL5 2BJ,20,11,9,9
GL5 2BL,25,15,10,10
GL5 2BN,17,9,8,8
GL5 2BP,7,7,0,2
GL5 2BQ,14,6,8,5
GL5 2BS,21,11,10,11
GL5 2BZ,22,10,12,19
GL5 2DB,42,23,19,19
GL5 2DD,14,8,6,11
GL5 2DE,3,3,0,2
GL5 2DF,20,7,13,10
GL5 2DG,67,32,35,25
GL5 2DH,13,7,6,7
GL5 2DJ,30,16,14,12
GL5 2DL,12,8,4,6
GL5 2DN,18,5,13,8
GL5 2DP,14,6,8,6
GL5 2DQ,67,32,35,31
GL5 2DR,2,2,0,2
GL5 2DS,8,3,5,4
GL5 2DT,13,7,6,7
GL5 2DU,2,1,1,1
GL5 2DW,15,10,5,6
GL5 2DX,6,2,4,2
GL5 2DY,12,6,6,4
GL5 2DZ,9,7,2,2
GL5 2EA,17,9,8,7
GL5 2EB,80,44,36,33
GL5 2ED,15,7,8,7
GL5 2EF,13,7,6,6
GL5 2EG,2,1,1,1
GL5 2EH,17,8,9,8
GL5 2EJ,3,2,1,1
GL5 2EL,44,17,27,14
GL5 2EN,23,11,12,10
GL5 2EP,4,3,1,1
GL5 2EQ,42,22,20,14
GL5 2ER,30,17,13,15
GL5 2ES,11,7,4,4
GL5 2HA,2,1,1,2
GL5 2HF,9,6,3,7
GL5 2HG,3,3,0,3
GL5 2HH,4,3,1,3
GL5 2HJ,5,2,3,3
GL5 2HN,22,11,11,9
GL5 2HP,53,25,28,25
GL5 2HQ,19,7,12,16
GL5 2HR,10,2,8,7
GL5 2HS,62,29,33,32
GL5 2HT,29,9,20,18
GL5 2HU,6,3,3,2
GL5 2HX,12,6,6,6
GL5 2HZ,4,3,1,2
GL5 2JA,11,5,6,4
GL5 2JD,24,12,12,18
GL5 2JE,30,14,16,15
GL5 2JF,41,22,19,19
GL5 2JG,51,26,25,16
GL5 2JH,31,17,14,16
GL5 2JJ,32,12,20,18
GL5 2JL,28,14,14,15
GL5 2JN,35,15,20,17
GL5 2JP,32,14,18,16
GL5 2JQ,29,5,24,0
GL5 2JR,58,27,31,28
GL5 2JS,2,1,1,1
GL5 2JU,7,2,5,5
GL5 2JW,14,8,6,7
GL5 2JX,38,20,18,17
GL5 2JY,90,43,47,34
GL5 2JZ,70,33,37,35
GL5 2LA,13,7,6,7
GL5 2LB,58,27,31,22
GL5 2LE,8,5,3,6
GL5 2LF,21,12,9,11
GL5 2LG,34,18,16,16
GL5 2LH,32,17,15,10
GL5 2LJ,3,1,2,2
GL5 2LL,2,0,2,2
GL5 2LN,39,23,16,14
GL5 2LQ,9,5,4,4
GL5 2LR,12,5,7,7
GL5 2LS,16,8,8,5
GL5 2LT,26,12,14,8
GL5 2LU,10,4,6,5
GL5 2LW,8,4,4,3
GL5 2LX,29,16,13,10
GL5 2LY,22,13,9,6
GL5 2LZ,5,4,1,2
GL5 2NA,8,2,6,2
GL5 2NB,2,0,2,2
GL5 2ND,1,0,1,1
GL5 2NE,4,2,2,2
GL5 2NF,24,13,11,10
GL5 2NG,7,3,4,3
GL5 2NH,24,9,15,8
GL5 2NJ,18,11,7,11
GL5 2NL,2,0,2,1
GL5 2NQ,12,7,5,5
GL5 2PA,42,20,22,18
GL5 2PB,15,7,8,8
GL5 2PD,7,0,7,3
GL5 2PE,26,11,15,11
GL5 2PF,23,11,12,7
GL5 2PG,10,3,7,3
GL5 2PH,29,16,13,15
GL5 2PJ,50,24,26,19
GL5 2PL,8,5,3,3
GL5 2PN,6,3,3,2
GL5 2PP,22,9,13,9
GL5 2PQ,28,12,16,17
GL5 2PR,23,9,14,10
GL5 2PS,48,26,22,18
GL5 2PT,8,2,6,2
GL5 2PU,16,7,9,7
GL5 2PW,25,12,13,8
GL5 2PX,21,10,11,6
GL5 2PY,21,12,9,7
GL5 2PZ,11,5,6,6
GL5 2QB,7,3,4,3
GL5 2QE,5,3,2,3
GL5 2QF,39,23,16,13
GL5 2QJ,15,11,4,4
GL5 2QL,7,4,3,5
GL5 2QN,19,11,8,6
GL5 2QP,33,20,13,4
GL5 2QR,30,15,15,12
GL5 2QS,18,9,9,6
GL5 2QT,12,7,5,4
GL5 2QU,3,2,1,2
GL5 2QW,18,7,11,7
GL5 2QX,12,5,7,6
GL5 2QY,90,40,50,33
GL5 2QZ,98,49,49,37
GL5 2RA,6,2,4,2
GL5 2RB,13,9,4,7
GL5 2RD,18,9,9,5
GL5 2RE,3,1,2,2
GL5 2RF,14,7,7,5
GL5 2RG,8,3,5,5
GL5 2RH,12,7,5,4
GL5 2RJ,29,13,16,13
GL5 2RL,42,20,22,19
GL5 2RN,9,5,4,4
GL5 2RP,57,29,28,21
GL5 2RQ,56,26,30,19
GL5 2RR,70,39,31,23
GL5 2RS,17,8,9,8
GL5 2RT,17,9,8,6
GL5 2RU,30,13,17,9
GL5 2RW,67,37,30,23
GL5 2RX,16,9,7,5
GL5 2SA,4,2,2,1
GL5 2SF,21,12,9,9
GL5 2SG,4,2,2,3
GL5 2SJ,37,19,18,15
GL5 2SL,2,1,1,2
GL5 2SN,14,8,6,5
GL5 2SP,17,9,8,7
GL5 2SQ,31,15,16,21
GL5 2SR,36,20,16,10
GL5 2SS,10,5,5,5
GL5 2ST,9,6,3,4
GL5 2SW,24,13,11,8
GL5 2SX,40,23,17,14
GL5 2TB,45,22,23,15
GL5 2TD,1,1,0,1
GL5 2TG,3,3,0,1
GL5 2TJ,13,7,6,6
GL5 2TL,35,19,16,12
GL5 2TN,45,29,16,21
GL5 2TR,11,5,6,4
GL5 2TS,17,7,10,8
GL5 2TT,19,10,9,8
GL5 2TU,25,9,16,11
GL5 2TW,15,7,8,5
GL5 2TX,18,11,7,8
GL5 2TY,14,6,8,8
GL5 2TZ,17,12,5,6
GL5 2UA,16,6,10,9
GL5 2UB,9,5,4,5
GL5 2UD,3,1,2,2
GL5 2UE,12,5,7,5
GL5 2UF,17,8,9,6
GL5 2UG,14,9,5,6
GL5 2UH,5,3,2,1
GL5 2UL,38,20,18,15
GL5 2UN,29,14,15,11
GL5 3AB,12,7,5,7
GL5 3AE,34,17,17,13
GL5 3AJ,23,16,7,19
GL5 3AP,5,3,2,2
GL5 3AQ,11,8,3,9
GL5 3AT,23,13,10,9
GL5 3BH,41,18,23,15
GL5 3BL,63,38,25,38
GL5 3BN,3,3,0,3
GL5 3BP,6,3,3,2
GL5 3BT,3,2,1,1
GL5 3BX,1,1,0,1
GL5 3DA,3,1,2,3
GL5 3DE,2,2,0,2
GL5 3DX,12,10,2,7
GL5 3DY,3,2,1,2
GL5 3EB,59,29,30,27
GL5 3EG,7,3,4,2
GL5 3EH,4,3,1,1
GL5 3EP,30,16,14,14
GL5 3EQ,3,2,1,2
GL5 3ER,96,39,57,37
GL5 3ES,22,14,8,12
GL5 3ET,7,5,2,2
GL5 3EW,33,16,17,15
GL5 3HA,16,8,8,6
GL5 3HB,18,9,9,10
GL5 3HE,9,6,3,6
GL5 3HF,9,5,4,3
GL5 3HH,11,6,5,4
GL5 3HJ,5,3,2,2
GL5 3HL,9,7,2,7
GL5 3HN,53,25,28,20
GL5 3HQ,47,21,26,19
GL5 3HR,102,56,46,40
GL5 3HS,40,21,19,19
GL5 3HU,32,20,12,12
GL5 3HW,25,11,14,10
GL5 3JG,20,10,10,9
GL5 3JH,23,11,12,7
GL5 3JJ,25,14,11,8
GL5 3JL,44,23,21,22
GL5 3JN,6,4,2,5
GL5 3JR,50,26,24,23
GL5 3JS,18,8,10,12
GL5 3JY,22,12,10,7
GL5 3JZ,24,13,11,10
GL5 3LA,85,42,43,29
GL5 3LB,42,24,18,27
GL5 3LE,61,36,25,19
GL5 3LF,82,39,43,27
GL5 3LH,33,18,15,21
GL5 3LL,43,18,25,20
GL5 3LN,7,2,5,4
GL5 3LP,12,7,5,5
GL5 3LS,28,14,14,12
GL5 3LT,30,16,14,10
GL5 3LU,12,7,5,6
GL5 3LW,2,1,1,1
GL5 3LX,23,11,12,12
GL5 3LY,5,2,3,3
GL5 3LZ,13,8,5,6
GL5 3NA,9,5,4,5
GL5 3NB,9,6,3,5
GL5 3ND,24,12,12,10
GL5 3NE,46,22,24,21
GL5 3NF,22,11,11,8
GL5 3NG,40,18,22,16
GL5 3NH,148,72,76,84
GL5 3NJ,111,57,54,55
GL5 3NP,20,10,10,7
GL5 3NR,9,4,5,6
GL5 3NS,51,28,23,21
GL5 3NX,8,5,3,3
GL5 3NZ,31,13,18,14
GL5 3PA,5,2,3,2
GL5 3PB,6,2,4,2
GL5 3PD,5,2,3,2
GL5 3PE,6,4,2,3
GL5 3PF,19,10,9,6
GL5 3PG,110,54,56,48
GL5 3PH,13,7,6,7
GL5 3PJ,51,25,26,26
GL5 3PL,30,17,13,15
GL5 3PN,19,10,9,7
GL5 3PP,50,22,28,25
GL5 3PQ,32,14,18,15
GL5 3PR,34,15,19,17
GL5 3PS,44,24,20,15
GL5 3PT,29,13,16,12
GL5 3PW,43,25,18,21
GL5 3PX,122,64,58,48
GL5 3PY,3,2,1,1
GL5 3QP,19,9,10,8
GL5 3QR,63,32,31,27
GL5 3QS,21,10,11,8
GL5 3QT,78,34,44,35
GL5 3QU,35,14,21,19
GL5 3QY,45,20,25,22
GL5 3QZ,84,39,45,38
GL5 3RA,61,30,31,32
GL5 3RB,43,20,23,22
GL5 3RH,17,8,9,4
GL5 3RJ,15,6,9,5
GL5 3RL,9,4,5,3
GL5 3RN,3,1,2,2
GL5 3RP,16,9,7,7
GL5 3RR,57,25,32,26
GL5 3RS,46,26,20,15
GL5 3RT,17,8,9,5
GL5 3RU,41,19,22,18
GL5 3RW,8,3,5,2
GL5 3RY,32,16,16,10
GL5 3RZ,20,9,11,10
GL5 3SA,14,7,7,5
GL5 3SB,9,4,5,4
GL5 3SD,25,12,13,8
GL5 3SE,24,12,12,10
GL5 3SF,81,37,44,31
GL5 3SG,22,11,11,8
GL5 3SH,119,60,59,43
GL5 3SJ,19,10,9,8
GL5 3SL,54,29,25,20
GL5 3SN,8,4,4,5
GL5 3SP,13,7,6,4
GL5 3SQ,16,9,7,6
GL5 3SR,28,14,14,15
GL5 3SS,17,9,8,7
GL5 3ST,71,33,38,31
GL5 3SW,18,8,10,8
GL5 3TA,87,49,38,35
GL5 3TJ,2,1,1,1
GL5 3TN,28,12,16,8
GL5 3TP,53,24,29,29
GL5 3TR,59,24,35,25
GL5 3TS,41,19,22,22
GL5 3TT,26,14,12,13
GL5 3TU,5,3,2,2
GL5 3TW,52,24,28,18
GL5 3TX,42,19,23,15
GL5 3TY,21,15,6,10
GL5 3TZ,34,18,16,13
GL5 3UA,13,6,7,5
GL5 3UB,6,2,4,2
GL5 3UD,5,2,3,3
GL5 3UE,11,2,9,6
GL5 3UF,16,8,8,7
GL5 3UG,16,7,9,6
GL5 3UJ,39,18,21,16
GL5 3UL,13,7,6,5
GL5 3UN,8,5,3,5
GL5 3UP,10,5,5,4
GL5 3UQ,12,6,6,5
GL5 3UR,10,6,4,4
GL5 3UW,2,0,2,2
GL5 4AA,17,10,7,8
GL5 4AE,4,1,3,2
GL5 4AF,3,1,2,2
GL5 4AJ,94,46,48,44
GL5 4AL,121,64,57,43
GL5 4AN,45,23,22,18
GL5 4AP,11,7,4,0
GL5 4AQ,13,7,6,4
GL5 4AR,10,5,5,5
GL5 4AS,9,5,4,6
GL5 4AT,2,1,1,2
GL5 4AU,157,72,85,56
GL5 4AW,22,8,14,8
GL5 4AY,7,2,5,5
GL5 4AZ,40,22,18,18
GL5 4BA,11,4,7,7
GL5 4BB,77,36,41,30
GL5 4BD,8,4,4,3
GL5 4BE,15,7,8,5
GL5 4BG,2,1,1,1
GL5 4BL,26,12,14,11
GL5 4BN,22,13,9,6
GL5 4BP,140,72,68,51
GL5 4BS,36,21,15,15
GL5 4BT,25,11,14,10
GL5 4BU,15,9,6,7
GL5 4BW,153,74,79,62
GL5 4BY,6,3,3,3
GL5 4BZ,70,34,36,28
GL5 4DA,28,13,15,12
GL5 4DB,29,13,16,12
GL5 4DD,27,17,10,14
GL5 4DE,90,44,46,40
GL5 4DF,164,78,86,64
GL5 4DG,59,31,28,23
GL5 4DH,14,8,6,6
GL5 4DJ,101,46,55,37
GL5 4DL,37,15,22,16
GL5 4DN,4,3,1,3
GL5 4DP,72,41,31,49
GL5 4DQ,54,24,30,23
GL5 4DR,64,27,37,26
GL5 4DS,22,11,11,13
GL5 4DT,57,33,24,39
GL5 4DU,25,7,18,8
GL5 4DW,9,4,5,2
GL5 4DX,13,5,8,7
GL5 4DY,44,18,26,29
GL5 4DZ,42,15,27,33
GL5 4EA,21,13,8,16
GL5 4EB,92,47,45,48
GL5 4ED,53,34,19,30
GL5 4EE,29,4,25,0
GL5 4EG,12,7,5,5
GL5 4EH,138,72,66,58
GL5 4EJ,82,35,47,39
GL5 4EP,70,37,33,24
GL5 4EQ,14,8,6,12
GL5 4ES,17,10,7,6
GL5 4EX,17,8,9,1
GL5 4EY,38,18,20,19
GL5 4EZ,81,34,47,41
GL5 4HA,57,30,27,33
GL5 4HB,56,23,33,16
GL5 4HD,44,20,24,19
GL5 4HH,14,7,7,7
GL5 4HJ,58,33,25,18
GL5 4HL,3,3,0,1
GL5 4HN,51,25,26,18
GL5 4HP,18,8,10,7
GL5 4HQ,64,30,34,29
GL5 4HR,14,6,8,5
GL5 4HS,21,10,11,11
GL5 4JA,157,76,81,66
GL5 4JD,11,9,2,7
GL5 4JE,67,26,41,19
GL5 4JF,118,56,62,42
GL5 4JG,80,39,41,29
GL5 4JH,9,3,6,5
GL5 4JJ,11,6,5,4
GL5 4JL,2,1,1,1
GL5 4JN,14,8,6,6
GL5 4JP,7,4,3,6
GL5 4JQ,22,14,8,13
GL5 4JR,8,4,4,3
GL5 4JS,1,1,0,1
GL5 4JT,1,1,0,1
GL5 4JU,16,5,11,6
GL5 4JW,49,27,22,23
GL5 4JX,4,2,2,2
GL5 4JY,9,4,5,6
GL5 4JZ,62,25,37,35
GL5 4LA,86,40,46,39
GL5 4LB,160,86,74,69
GL5 4LD,23,11,12,16
GL5 4LE,91,42,49,34
GL5 4LH,38,7,31,38
GL5 4LJ,41,13,28,35
GL5 4LL,88,39,49,31
GL5 4LN,43,21,22,15
GL5 4LP,51,28,23,18
GL5 4LQ,62,32,30,35
GL5 4LR,16,6,10,15
GL5 4LS,81,43,38,25
GL5 4LT,98,47,51,27
GL5 4LU,121,58,63,43
GL5 4LW,86,43,43,35
GL5 4LX,120,63,57,33
GL5 4LY,51,30,21,16
GL5 4LZ,14,5,9,5
GL5 4NA,32,15,17,14
GL5 4NB,74,37,37,34
GL5 4ND,12,5,7,8
GL5 4NE,29,12,17,13
GL5 4NF,15,10,5,14
GL5 4NG,47,23,24,20
GL5 4NH,19,9,10,10
GL5 4NJ,33,17,16,13
GL5 4NL,11,1,10,8
GL5 4NN,39,20,19,16
GL5 4NP,42,12,30,28
GL5 4NQ,62,34,28,26
GL5 4NR,4,3,1,2
GL5 4NS,9,6,3,4
GL5 4NT,12,6,6,7
GL5 4NU,36,18,18,15
GL5 4NW,33,14,19,14
GL5 4NX,75,37,38,39
GL5 4NY,66,28,38,35
GL5 4NZ,11,6,5,6
GL5 4PA,11,4,7,6
GL5 4PB,23,8,15,13
GL5 4PD,44,25,19,24
GL5 4PE,20,9,11,10
GL5 4PF,22,12,10,8
GL5 4PG,32,18,14,13
GL5 4PH,4,2,2,2
GL5 4PJ,21,12,9,8
GL5 4PL,33,15,18,11
GL5 4PN,34,22,12,14
GL5 4PP,11,5,6,4
GL5 4PQ,14,9,5,4
GL5 4PR,25,9,16,7
GL5 4PS,7,2,5,2
GL5 4PT,77,38,39,29
GL5 4PU,52,24,28,18
GL5 4PW,20,11,9,8
GL5 4PX,117,60,57,38
GL5 4PY,23,14,9,9
GL5 4PZ,51,31,20,21
GL5 4QA,33,21,12,10
GL5 4QB,21,9,12,9
GL5 4QD,17,9,8,9
GL5 4QE,14,7,7,6
GL5 4QF,32,16,16,19
GL5 4QG,32,14,18,15
GL5 4QH,22,12,10,7
GL5 4QJ,28,17,11,14
GL5 4QL,16,6,10,5
GL5 4QN,10,5,5,5
GL5 4QP,59,26,33,36
GL5 4QQ,15,8,7,6
GL5 4QR,81,43,38,58
GL5 4QS,45,23,22,22
GL5 4QT,72,36,36,32
GL5 4QU,21,10,11,8
GL5 4QW,77,42,35,28
GL5 4RA,57,28,29,22
GL5 4RB,17,10,7,6
GL5 4RD,14,8,6,7
GL5 4RE,85,43,42,38
GL5 4RF,15,5,10,7
GL5 4RG,17,10,7,6
GL5 4RH,10,5,5,3
GL5 4RJ,5,2,3,2
GL5 4RL,5,2,3,2
GL5 4RN,4,2,2,2
GL5 4RP,4,3,1,2
GL5 4RQ,17,6,11,6
GL5 4RR,7,3,4,3
GL5 4RS,103,50,53,36
GL5 4RT,10,3,7,5
GL5 4RU,14,6,8,5
GL5 4RW,4,1,3,2
GL5 4RX,90,47,43,30
GL5 4RY,11,3,8,5
GL5 4RZ,5,5,0,5
GL5 4SA,68,33,35,26
GL5 4SB,104,47,57,48
GL5 4SD,111,55,56,40
GL5 4SE,83,44,39,32
GL5 4SF,93,46,47,35
GL5 4SG,134,65,69,47
GL5 4SH,61,30,31,25
GL5 4SJ,87,40,47,34
GL5 4SL,182,88,94,73
GL5 4SN,43,19,24,18
GL5 4SP,7,5,2,3
GL5 4SQ,203,99,104,79
GL5 4SS,36,17,19,14
GL5 4ST,156,85,71,61
GL5 4SU,21,7,14,8
GL5 4SW,97,50,47,32
GL5 4SX,35,23,12,13
GL5 4SZ,6,3,3,3
GL5 4TA,8,5,3,3
GL5 4TB,57,29,28,20
GL5 4TD,59,28,31,36
GL5 4TE,18,9,9,6
GL5 4TF,9,6,3,4
GL5 4TG,3,1,2,1
GL5 4TH,8,5,3,3
GL5 4TJ,18,12,6,7
GL5 4TL,20,12,8,8
GL5 4TN,25,18,7,7
GL5 4TP,11,6,5,4
GL5 4TQ,6,3,3,3
GL5 4TR,51,27,24,22
GL5 4TS,17,10,7,7
GL5 4TT,192,101,91,75
GL5 4TU,83,48,35,21
GL5 4TX,30,16,14,13
GL5 4TY,10,4,6,3
GL5 4TZ,101,45,56,35
GL5 4UA,177,90,87,64
GL5 4UD,60,27,33,22
GL5 4UE,20,9,11,10
GL5 4UF,16,6,10,10
GL5 4UG,33,15,18,14
GL5 4UH,34,12,22,27
GL5 4UL,7,4,3,2
GL5 4UP,53,28,25,26
GL5 4UW,28,14,14,11
GL5 4UZ,7,3,4,3
GL5 5AA,47,29,18,17
GL5 5AB,35,17,18,13
GL5 5AD,3,1,2,2
GL5 5AE,4,2,2,2
GL5 5AG,39,16,23,17
GL5 5AH,34,19,15,14
GL5 5AJ,17,6,11,7
GL5 5AL,41,18,23,16
GL5 5AN,21,10,11,9
GL5 5AP,50,29,21,22
GL5 5AQ,9,3,6,6
GL5 5AR,31,16,15,15
GL5 5AS,57,27,30,20
GL5 5AT,48,25,23,23
GL5 5AU,26,14,12,12
GL5 5AW,68,34,34,27
GL5 5AX,7,3,4,2
GL5 5AY,46,21,25,17
GL5 5AZ,34,17,17,15
GL5 5BA,32,16,16,10
GL5 5BB,62,28,34,23
GL5 5BJ,30,14,16,10
GL5 5BN,67,32,35,25
GL5 5BP,32,15,17,10
GL5 5BS,1,1,0,1
GL5 5BT,71,36,35,33
GL5 5BU,40,21,19,15
GL5 5BW,25,12,13,12
GL5 5BX,12,8,4,4
GL5 5BY,73,34,39,35
GL5 5BZ,87,47,40,35
GL5 5DA,11,4,7,5
GL5 5DD,19,10,9,7
GL5 5DE,10,3,7,0
GL5 5DF,18,9,9,9
GL5 5DG,28,14,14,14
GL5 5DH,19,9,10,8
GL5 5DJ,13,4,9,4
GL5 5DL,4,3,1,3
GL5 5DN,12,5,7,4
GL5 5DP,6,5,1,2
GL5 5DQ,12,5,7,7
GL5 5DR,27,14,13,10
GL5 5DS,66,31,35,22
GL5 5DT,62,31,31,27
GL5 5DU,32,17,15,12
GL5 5DW,23,9,14,5
GL5 5DX,6,3,3,3
GL5 5DY,9,3,6,4
GL5 5DZ,92,43,49,38
GL5 5EG,2,1,1,1
GL5 5EH,36,17,19,17
GL5 5EJ,9,5,4,4
GL5 5EL,70,36,34,26
GL5 5EN,11,4,7,5
GL5 5EP,22,13,9,9
GL5 5EQ,41,20,21,15
GL5 5ER,6,2,4,3
GL5 5ES,29,14,15,14
GL5 5EW,24,10,14,12
GL5 5EZ,17,6,11,4
GL5 5GA,34,18,16,16
GL5 5HA,11,7,4,4
GL5 5HB,31,19,12,20
GL5 5HD,19,11,8,5
GL5 5HE,33,11,22,22
GL5 5HF,1,0,1,1
GL5 5HG,13,3,10,5
GL5 5HH,67,35,32,41
GL5 5HL,32,15,17,13
GL5 5HN,13,5,8,5
GL5 5HP,5,3,2,1
GL5 5HQ,28,8,20,23
GL5 5HR,78,34,44,31
GL5 5HS,5,0,5,0
GL5 5HW,7,2,5,3
GL5 5JA,43,16,27,14
GL5 5JG,26,12,14,12
GL5 5JH,30,14,16,11
GL5 5JJ,43,19,24,21
GL5 5JP,25,13,12,12
GL5 5JQ,27,14,13,10
GL5 5JR,8,3,5,3
GL5 5JS,29,15,14,16
GL5 5JT,10,6,4,6
GL5 5JU,24,14,10,9
GL5 5JY,27,15,12,10
GL5 5JZ,11,6,5,4
GL5 5LA,6,4,2,4
GL5 5LB,4,2,2,2
GL5 5LD,15,5,10,4
GL5 5LE,20,12,8,10
GL5 5LF,5,2,3,2
GL5 5LG,41,18,23,16
GL5 5LH,8,3,5,4
GL5 5LJ,61,28,33,26
GL5 5LL,23,10,13,11
GL5 5LN,14,9,5,6
GL5 5LP,27,12,15,13
GL5 5LQ,15,7,8,6
GL5 5LR,18,7,11,12
GL5 5LW,12,6,6,7
GL5 5NA,11,6,5,2
GL5 5NB,64,32,32,23
GL5 5NE,21,16,5,6
GL5 5NF,11,6,5,5
GL5 5NG,11,6,5,6
GL5 5NH,17,10,7,6
GL5 5NJ,12,8,4,4
GL5 5NL,32,15,17,14
GL5 5NN,13,6,7,4
GL5 5NP,2,1,1,1
GL5 5NQ,37,17,20,14
GL5 5NS,15,7,8,7
GL5 5NT,10,5,5,5
GL5 5NU,14,6,8,6
GL5 5NX,3,1,2,1
GL5 5NY,3,2,1,2
GL5 5NZ,22,10,12,8
GL5 5PA,27,12,15,13
GL5 5PB,21,11,10,12
GL5 5PD,21,11,10,7
GL5 5PE,48,24,24,18
GL5 5PF,7,4,3,3
GL5 5PG,34,14,20,17
GL5 5PH,49,21,28,17
GL5 5PJ,11,5,6,5
GL5 5PL,3,2,1,1
GL5 5PN,75,39,36,32
GL5 5PP,44,23,21,19
GL5 5PQ,20,10,10,7
GL5 5PR,14,8,6,10
GL5 5PS,23,11,12,11
GL5 5PT,17,9,8,8
GL5 5PU,41,19,22,22
GL5 5PW,35,18,17,11
GL5 5PY,20,10,10,10
GL501AD,8,6,2,5
GL501DD,7,4,3,1
GL501DP,1,0,1,1
GL501DU,26,16,10,17
GL501DX,15,8,7,9
GL501DZ,39,25,14,21
GL501EE,29,17,12,13
GL501EF,8,5,3,4
GL501EG,26,12,14,18
GL501EQ,4,1,3,2
GL501HE,3,2,1,2
GL501HR,4,2,2,1
GL501HX,6,4,2,4
GL501JJ,23,15,8,7
GL501JN,29,17,12,17
GL501JP,4,3,1,3
GL501JS,86,54,32,57
GL501JU,31,15,16,20
GL501JX,47,18,29,32
GL501LR,2,2,0,1
GL501NB,3,3,0,3
GL501ND,2,1,1,1
GL501NW,1,1,0,1
GL501PJ,5,4,1,2
GL501PQ,11,7,4,8
GL501PR,11,10,1,9
GL501PT,3,2,1,2
GL501QB,7,4,3,3
GL501QG,55,27,28,33
GL501QZ,19,12,7,10
GL501RX,12,7,5,10
GL501SD,11,4,7,7
GL501SJ,2,1,1,1
GL501SR,17,8,9,14
GL501SW,19,9,10,14
GL501SX,2,1,1,2
GL501SY,4,2,2,3
GL501SZ,19,8,11,14
GL501TL,38,22,16,22
GL501TP,49,34,15,0
GL501TW,19,10,9,13
GL501TX,48,21,27,34
GL501UA,25,13,12,17
GL501UD,15,6,9,7
GL501UF,16,8,8,7
GL501UG,8,5,3,3
GL501UH,14,8,6,10
GL501UL,108,62,46,76
GL501UX,87,38,49,61
GL501UZ,5,2,3,4
GL501XA,75,39,36,42
GL501XL,19,12,7,11
GL501XN,2,2,0,2
GL501XP,10,5,5,4
GL501XY,85,55,30,59
GL501XZ,36,19,17,23
GL501YA,13,6,7,8
GL501YE,34,15,19,22
GL502AA,8,4,4,5
GL502AB,18,16,2,13
GL502AD,4,2,2,2
GL502AE,20,10,10,10
GL502AF,11,7,4,3
GL502AG,5,3,2,4
GL502AJ,23,3,20,21
GL502AL,3,1,2,2
GL502AN,15,9,6,7
GL502AP,19,10,9,10
GL502AQ,36,16,20,16
GL502AR,9,4,5,4
GL502AS,16,6,10,6
GL502AT,38,16,22,10
GL502AU,69,36,33,37
GL502AW,57,31,26,25
GL502AX,12,6,6,6
GL502AY,11,5,6,5
GL502AZ,1,1,0,1
GL502BA,28,16,12,14
GL502BB,8,5,3,3
GL502BD,32,18,14,13
GL502BE,10,3,7,5
GL502BG,19,11,8,9
GL502BH,10,5,5,5
GL502BJ,4,2,2,3
GL502BP,86,41,45,33
GL502BQ,19,11,8,12
GL502BS,17,8,9,10
GL502BT,26,12,14,15
GL502BU,20,11,9,9
GL502BW,15,7,8,7
GL502BY,43,22,21,19
GL502BZ,30,16,14,16
GL502DA,41,26,15,28
GL502DD,6,1,5,6
GL502DE,2,1,1,2
GL502DF,3,1,2,2
GL502DG,23,12,11,16
GL502DH,27,13,14,13
GL502DL,16,5,11,11
GL502DP,30,17,13,22
GL502DQ,10,7,3,7
GL502DR,123,63,60,80
GL502DS,61,29,32,23
GL502DT,83,25,58,7
GL502DW,2,1,1,2
GL502DY,43,23,20,29
GL502DZ,25,7,18,17
GL502EA,18,12,6,5
GL502EB,9,5,4,4
GL502ED,4,2,2,1
GL502EE,15,9,6,6
GL502EF,6,4,2,2
GL502EG,21,11,10,9
GL502EJ,2,2,0,2
GL502EL,22,9,13,11
GL502EN,25,13,12,15
GL502EP,45,19,26,16
GL502EQ,9,4,5,6
GL502ER,19,10,9,10
GL502ES,32,19,13,13
GL502ET,14,6,8,7
GL502EU,20,11,9,6
GL502EW,17,11,6,11
GL502EX,48,20,28,21
GL502EY,20,9,11,9
GL502EZ,41,21,20,18
GL502HA,25,11,14,13
GL502HB,9,4,5,5
GL502HD,17,9,8,7
GL502HE,7,3,4,4
GL502HF,13,6,7,7
GL502HG,26,14,12,14
GL502HH,12,6,6,10
GL502HN,8,4,4,4
GL502HP,13,8,5,9
GL502HR,10,3,7,9
GL502HT,30,15,15,20
GL502HU,55,32,23,40
GL502HW,12,6,6,6
GL502HX,141,89,52,95
GL502HY,25,17,8,14
GL502HZ,28,18,10,14
GL502JA,115,52,63,11
GL502JD,13,8,5,9
GL502JE,19,11,8,12
GL502JF,22,11,11,11
GL502JH,37,19,18,20
GL502JJ,15,9,6,10
GL502JL,23,11,12,14
GL502JN,34,18,16,20
GL502JP,42,25,17,25
GL502JR,30,18,12,16
GL502JS,21,12,9,16
GL502JT,62,36,26,43
GL502JU,30,17,13,21
GL502JW,8,2,6,5
GL502JX,35,13,22,24
GL502JY,92,43,49,69
GL502JZ,13,8,5,9
GL502LA,45,21,24,14
GL502LB,12,6,6,9
GL502LD,29,18,11,16
GL502LE,9,3,6,6
GL502LF,144,90,54,111
GL502LG,2,1,1,1
GL502LH,68,28,40,32
GL502LJ,3,2,1,2
GL502LL,24,13,11,15
GL502LN,60,29,31,25
GL502LP,35,15,20,15
GL502LQ,11,7,4,6
GL502LR,82,40,42,42
GL502LS,27,13,14,16
GL502LT,35,17,18,15
GL502LU,61,27,34,45
GL502LW,42,24,18,11
GL502LX,69,39,30,31
GL502LY,24,12,12,7
GL502LZ,11,7,4,8
GL502NA,39,21,18,13
GL502NB,35,17,18,23
GL502ND,56,28,28,29
GL502NE,23,12,11,7
GL502NF,55,9,46,3
GL502NG,104,61,43,82
GL502NH,14,8,6,6
GL502NJ,15,8,7,9
GL502NL,54,28,26,20
GL502NN,21,7,14,14
GL502NQ,55,25,30,20
GL502NR,60,18,42,0
GL502NS,47,28,19,20
GL502NT,30,17,13,17
GL502NU,11,7,4,4
GL502NY,123,43,80,54
GL502PA,14,7,7,5
GL502PB,24,15,9,15
GL502PD,29,17,12,16
GL502PE,13,9,4,9
GL502PF,21,10,11,12
GL502PH,2,1,1,1
GL502PJ,19,9,10,9
GL502PL,40,24,16,14
GL502PN,14,9,5,7
GL502PP,10,5,5,6
GL502PQ,38,19,19,27
GL502PR,17,8,9,11
GL502PS,8,3,5,2
GL502PT,94,47,47,50
GL502PU,71,30,41,16
GL502PW,10,4,6,4
GL502PX,23,12,11,7
GL502PY,74,36,38,26
GL502PZ,21,13,8,14
GL502QA,14,7,7,5
GL502QB,41,22,19,16
GL502QD,20,8,12,13
GL502QE,35,11,24,30
GL502QG,24,15,9,13
GL502QH,26,10,16,18
GL502QJ,24,14,10,15
GL502QL,97,48,49,36
GL502QP,19,10,9,15
GL502QQ,19,7,12,7
GL502QR,30,19,11,11
GL502QS,18,12,6,9
GL502QT,27,14,13,14
GL502QU,22,11,11,12
GL502QW,21,10,11,13
GL502QX,12,8,4,6
GL502QY,14,6,8,8
GL502QZ,46,21,25,27
GL502RA,48,17,31,43
GL502RB,16,9,7,7
GL502RD,47,24,23,17
GL502RE,20,9,11,5
GL502RF,39,16,23,28
GL502RG,20,11,9,10
GL502RH,177,70,107,0
GL502RL,19,9,10,6
GL502RP,47,24,23,23
GL502RQ,7,4,3,2
GL502RS,6,3,3,3
GL502RT,12,10,2,5
GL502RU,9,6,3,6
GL502RW,96,46,50,51
GL502RX,8,5,3,6
GL502RY,11,5,6,6
GL502RZ,11,6,5,6
GL502SA,10,6,4,4
GL502SB,11,6,5,6
GL502SD,28,11,17,12
GL502SE,4,1,3,1
GL502SF,14,5,9,7
GL502SG,55,35,20,36
GL502SJ,14,6,8,10
GL502SL,80,43,37,40
GL502SN,13,5,8,9
GL502SP,10,6,4,7
GL502SR,13,5,8,8
GL502SS,65,33,32,29
GL502ST,42,21,21,16
GL502SU,70,37,33,35
GL502SW,15,5,10,10
GL502SX,57,30,27,28
GL502SY,27,8,19,0
GL502SZ,24,12,12,15
GL502TB,9,6,3,6
GL502TD,76,37,39,28
GL502TE,6,3,3,6
GL502TF,41,23,18,22
GL502TG,42,22,20,20
GL502TH,7,4,3,2
GL502TJ,11,7,4,6
GL502TL,5,3,2,2
GL502TN,27,14,13,7
GL502TP,2,1,1,2
GL502TQ,3,1,2,3
GL502TR,11,6,5,4
GL502TS,20,9,11,13
GL502TT,47,26,21,23
GL502TU,29,15,14,16
GL502TW,16,5,11,5
GL502TX,59,26,33,24
GL502TY,13,6,7,5
GL502TZ,8,3,5,4
GL502UA,41,19,22,17
GL502UD,35,15,20,19
GL502UF,14,7,7,6
GL502UG,69,33,36,34
GL502UH,15,8,7,8
GL502UJ,36,17,19,16
GL502UL,49,25,24,22
GL502UN,35,17,18,17
GL502UQ,52,25,27,31
GL502UR,17,8,9,10
GL502UT,6,3,3,5
GL502UW,99,45,54,47
GL502UX,13,6,7,8
GL502XB,92,47,45,52
GL502XE,46,24,22,20
GL502XF,64,47,17,29
GL502XG,42,27,15,16
GL502XH,4,3,1,2
GL502XJ,10,5,5,5
GL502XN,20,13,7,12
GL502XP,41,23,18,18
GL502XQ,39,16,23,26
GL502XR,117,60,57,75
GL502XS,6,1,5,5
GL502XW,5,3,2,1
GL503AF,26,15,11,18
GL503AH,17,8,9,11
GL503AL,1,1,0,1
GL503AN,2,0,2,2
GL503AP,20,10,10,9
GL503AU,7,2,5,4
GL503AX,47,27,20,25
GL503AY,109,60,49,63
GL503BB,71,33,38,48
GL503BD,29,15,14,15
GL503BG,2,1,1,0
GL503BL,36,20,16,18
GL503BN,34,17,17,0
GL503BP,15,6,9,6
GL503BQ,31,12,19,27
GL503BS,7,3,4,5
GL503BT,34,5,29,0
GL503BW,83,38,45,56
GL503BZ,86,49,37,65
GL503DA,32,18,14,8
GL503DN,9,5,4,3
GL503DT,11,6,5,6
GL503DU,123,66,57,57
GL503DZ,1,1,0,0
GL503EA,19,11,8,11
GL503ED,75,43,32,39
GL503EE,11,6,5,8
GL503EF,51,27,24,27
GL503EG,21,11,10,12
GL503EJ,38,15,23,21
GL503EL,12,8,4,7
GL503EP,667,8,659,1
GL503EQ,40,22,18,20
GL503ET,10,6,4,6
GL503HD,2,2,0,2
GL503HF,21,10,11,12
GL503HH,5,3,2,4
GL503HL,22,16,6,14
GL503HQ,10,7,3,5
GL503HS,33,17,16,13
GL503HT,16,13,3,14
GL503HU,26,15,11,11
GL503HW,6,5,1,4
GL503HX,20,12,8,16
GL503JA,49,30,19,20
GL503JB,14,11,3,5
GL503JD,8,4,4,4
GL503JE,19,15,4,13
GL503JF,39,22,17,16
GL503JL,9,5,4,6
GL503JS,21,9,12,11
GL503JZ,58,20,38,9
GL503LA,101,63,38,70
GL503LB,48,21,27,12
GL503LD,22,9,13,13
GL503LE,16,6,10,9
GL503LG,53,19,34,18
GL503LJ,36,17,19,19
GL503LL,9,9,0,7
GL503LN,45,23,22,16
GL503LP,55,26,29,28
GL503LS,68,35,33,35
GL503LT,9,3,6,5
GL503LU,3,1,2,2
GL503LW,20,9,11,9
GL503LX,32,16,16,15
GL503LY,33,24,9,7
GL503NA,72,37,35,35
GL503NB,37,23,14,19
GL503ND,7,4,3,6
GL503NE,125,64,61,54
GL503NF,12,6,6,8
GL503NG,97,49,48,46
GL503NH,76,48,28,31
GL503NJ,56,18,38,20
GL503NL,97,48,49,46
GL503NN,91,55,36,45
GL503NP,9,8,1,9
GL503NQ,16,9,7,10
GL503NS,120,63,57,70
GL503NU,3,2,1,2
GL503NX,8,6,2,4
GL503NY,4,2,2,2
GL503NZ,3,1,2,3
GL503PA,7,5,2,5
GL503PE,1,0,1,1
GL503PG,3,1,2,1
GL503PP,23,14,9,13
GL503PR,31,20,11,16
GL503PS,16,7,9,8
GL503PT,20,11,9,12
GL503PW,29,15,14,20
GL503PX,41,23,18,29
GL503PY,34,20,14,23
GL503QB,16,11,5,5
GL503QD,18,14,4,6
GL503QE,20,10,10,11
GL503QG,11,6,5,4
GL503QJ,7,6,1,3
GL503QL,2,1,1,1
GL503QN,24,12,12,12
GL503QP,26,18,8,10
GL503QQ,46,15,31,38
GL503QS,1,1,0,1
GL503QU,48,21,27,21
GL503QX,40,17,23,21
GL503RE,12,7,5,8
GL503RF,6,4,2,4
GL503RG,21,12,9,11
GL503RH,40,20,20,30
GL503RJ,43,25,18,29
GL503RN,45,22,23,17
GL503RP,90,41,49,44
GL503RQ,148,81,67,60
GL503RR,81,40,41,49
GL503RS,15,8,7,5
GL503RT,6,1,5,4
GL503RU,10,4,6,8
GL503RW,9,6,3,6
GL503RX,12,6,6,7
GL503RY,8,3,5,4
GL503SP,34,17,17,22
GL503SY,4,3,1,2
GL503UB,121,63,58,83
GL503UE,75,42,33,50
GL504AA,37,24,13,15
GL504AD,53,32,21,18
GL504AE,10,4,6,4
GL504AF,229,124,105,78
GL504AG,63,33,30,31
GL504AH,5,4,1,3
GL504AJ,15,2,13,6
GL504AL,34,20,14,21
GL504AP,99,43,56,38
GL504AQ,229,92,137,63
GL504AR,48,26,22,22
GL504AS,4,2,2,1
GL504AT,44,19,25,16
GL504AU,60,23,37,27
GL504AW,72,39,33,34
GL504AX,182,71,111,29
GL504BA,9,4,5,5
GL504BD,36,20,16,27
GL504BE,41,13,28,13
GL504BG,2,0,2,2
GL504BH,6,5,1,4
GL504BJ,3,3,0,2
GL504BL,138,62,76,44
GL504BN,4,4,0,4
GL504BP,11,8,3,4
GL504BQ,52,26,26,45
GL504BS,120,31,89,1
GL504BT,19,11,8,7
GL504BU,39,20,19,12
GL504BX,5,3,2,2
GL504BY,54,22,32,17
GL504BZ,28,13,15,11
GL504DA,41,21,20,17
GL504DB,69,38,31,26
GL504DD,26,7,19,12
GL504DG,2,0,2,2
GL504DH,32,20,12,28
GL504DJ,4,3,1,1
GL504DL,8,5,3,5
GL504DQ,13,6,7,6
GL504DS,29,18,11,9
GL504DT,38,17,21,27
GL504DW,24,17,7,18
GL504DZ,3,1,2,1
GL504EA,10,6,4,8
GL504EB,13,4,9,4
GL504ED,23,13,10,14
GL504EF,34,22,12,13
GL504EG,18,7,11,11
GL504EH,34,16,18,8
GL504EJ,27,12,15,6
GL504EN,35,22,13,8
GL504EP,22,9,13,7
GL504EQ,32,11,21,0
GL504ER,37,18,19,10
GL504ES,71,37,34,22
GL504ET,53,26,27,13
GL504EU,22,12,10,6
GL504EW,54,27,27,21
GL504EX,24,12,12,17
GL504EY,31,10,21,14
GL504EZ,12,5,7,4
GL504FA,16,9,7,9
GL504FE,7,4,3,5
GL504FF,18,11,7,11
GL504FT,21,13,8,13
GL504GQ,18,10,8,6
GL504GY,14,9,5,8
GL504HA,142,68,74,50
GL504HB,79,31,48,29
GL504HD,10,5,5,4
GL504HE,35,15,20,13
GL504HF,124,60,64,42
GL504HG,120,54,66,43
GL504HH,64,22,42,16
GL504HJ,35,14,21,14
GL504HL,5,2,3,3
GL504HN,45,15,30,20
GL504HP,68,32,36,30
GL504HQ,16,9,7,7
GL504HR,3,0,3,2
GL504HS,116,52,64,41
GL504HU,91,45,46,38
GL504HW,34,18,16,16
GL504HX,4,3,1,2
GL504HY,18,11,7,6
GL504HZ,24,9,15,10
GL504JA,4,3,1,2
GL504JB,2,1,1,1
GL504JF,8,3,5,5
GL504JG,3,1,2,2
GL504JH,6,3,3,5
GL504JJ,36,19,17,17
GL504JL,12,5,7,6
GL504JN,96,54,42,58
GL504JP,92,48,44,53
GL504JQ,12,4,8,4
GL504JR,58,29,29,34
GL504JS,29,14,15,16
GL504JT,11,3,8,6
GL504JU,65,32,33,34
GL504JW,7,5,2,5
GL504JX,33,16,17,24
GL504JZ,31,14,17,13
GL504LB,26,15,11,12
GL504LD,22,13,9,10
GL504LE,14,2,12,4
GL504LF,20,15,5,7
GL504LG,192,76,116,51
GL504LH,90,39,51,30
GL504LJ,5,5,0,1
GL504LL,30,17,13,19
GL504LN,140,68,72,41
GL504LP,18,8,10,6
GL504LQ,16,9,7,6
GL504LR,142,62,80,47
GL504LS,33,15,18,12
GL504LT,18,9,9,16
GL504LU,15,7,8,4
GL504LW,7,3,4,2
GL504LX,37,17,20,14
GL504LZ,8,4,4,4
GL504NA,17,9,8,6
GL504NE,15,7,8,6
GL504NF,11,5,6,5
GL504NG,19,8,11,9
GL504NH,15,8,7,7
GL504NJ,19,9,10,11
GL504NL,2,1,1,1
GL504NN,16,7,9,9
GL504NP,19,7,12,8
GL504NQ,46,24,22,20
GL504NR,46,19,27,16
GL504NS,17,9,8,10
GL504NT,21,10,11,8
GL504NU,67,34,33,30
GL504NW,19,9,10,9
GL504NX,63,31,32,27
GL504NY,24,13,11,12
GL504NZ,6,4,2,3
GL504PA,29,14,15,15
GL504PB,74,33,41,43
GL504PD,9,3,6,4
GL504PE,3,2,1,1
GL504PF,42,21,21,17
GL504PG,2,1,1,1
GL504PH,36,19,17,16
GL504PJ,72,33,39,33
GL504PP,4,1,3,2
GL504PQ,62,30,32,20
GL504PR,11,4,7,6
GL504PS,108,48,60,46
GL504PX,25,13,12,14
GL504PY,80,42,38,34
GL504PZ,10,4,6,5
GL504QA,21,12,9,11
GL504QB,45,18,27,24
GL504QD,41,19,22,22
GL504QE,8,4,4,4
GL504QF,36,18,18,17
GL504RB,50,22,28,21
GL504RD,138,72,66,53
GL504RE,33,19,14,12
GL504RF,160,79,81,58
GL504RG,83,47,36,35
GL504RH,100,45,55,43
GL504RJ,100,39,61,36
GL504RL,22,12,10,10
GL504RP,55,30,25,20
GL504RQ,79,39,40,29
GL504RR,44,25,19,16
GL504RS,63,31,32,32
GL504RT,89,43,46,36
GL504RU,70,32,38,30
GL504RX,79,41,38,29
GL504RY,75,36,39,34
GL504RZ,53,30,23,27
GL504SA,76,39,37,27
GL504SB,40,20,20,16
GL504SD,179,86,93,63
GL504SE,73,37,36,31
GL504SF,31,14,17,12
GL504SG,62,35,27,21
GL504SH,5,2,3,1
GL504SJ,3,1,2,2
GL504SL,11,5,6,6
GL504SN,48,23,25,19
GL504SP,149,79,70,60
GL504SQ,72,36,36,26
GL504SR,62,34,28,29
GL504SS,54,25,29,20
GL504ST,52,29,23,23
GL504SU,27,14,13,14
GL504SW,33,17,16,16
GL504SX,39,19,20,15
GL504SY,109,53,56,42
GL504SZ,78,41,37,38
GL504TA,65,32,33,27
GL504TE,24,12,12,10
GL510AA,20,7,13,9
GL510AB,5,2,3,3
GL510AE,64,33,31,24
GL510AF,77,37,40,40
GL510AG,19,7,12,9
GL510AH,14,7,7,5
GL510AJ,39,15,24,15
GL510AL,27,14,13,15
GL510AN,32,12,20,20
GL510AP,44,21,23,24
GL510AQ,50,24,26,29
GL510AR,2,1,1,1
GL510AS,63,28,35,22
GL510AT,50,19,31,18
GL510AU,44,19,25,19
GL510AW,34,15,19,16
GL510AX,29,13,16,10
GL510AY,24,11,13,8
GL510AZ,40,20,20,19
GL510BA,15,7,8,6
GL510BB,43,18,25,11
GL510BD,12,6,6,6
GL510BE,140,66,74,52
GL510BG,44,11,33,0
GL510BH,36,19,17,33
GL510BJ,22,12,10,18
GL510BL,7,3,4,5
GL510BN,21,11,10,8
GL510BP,37,17,20,12
GL510BQ,41,18,23,39
GL510BS,12,6,6,6
GL510BT,12,7,5,4
GL510BU,15,9,6,4
GL510BW,12,6,6,6
GL510BX,60,33,27,24
GL510BZ,129,66,63,62
GL510DA,25,13,12,9
GL510DB,28,15,13,10
GL510DD,10,5,5,5
GL510DE,77,36,41,32
GL510DF,13,9,4,6
GL510DG,7,3,4,5
GL510DH,43,21,22,14
GL510DJ,56,27,29,22
GL510DL,13,5,8,5
GL510DN,22,12,10,6
GL510DP,22,10,12,10
GL510DQ,9,3,6,5
GL510DR,24,12,12,11
GL510DS,18,7,11,8
GL510DT,10,3,7,4
GL510DU,19,11,8,9
GL510DW,30,17,13,8
GL510DX,14,7,7,6
GL510DY,9,5,4,6
GL510DZ,76,36,40,28
GL510EA,115,57,58,38
GL510EB,34,14,20,11
GL510ED,25,12,13,12
GL510EE,52,23,29,15
GL510EF,16,9,7,4
GL510EG,61,32,29,22
GL510EH,11,5,6,3
GL510EJ,56,29,27,23
GL510EL,38,16,22,16
GL510EN,14,7,7,8
GL510EP,14,7,7,5
GL510EQ,21,10,11,11
GL510ER,22,13,9,8
GL510ES,10,4,6,3
GL510ET,41,20,21,16
GL510EW,116,55,61,36
GL510EY,30,11,19,10
GL510EZ,16,4,12,5
GL510FB,18,9,9,7
GL510FD,45,25,20,24
GL510FE,28,12,16,17
GL510FF,35,16,19,15
GL510FG,1,0,1,1
GL510FH,38,17,21,24
GL510FL,20,12,8,9
GL510FN,20,12,8,11
GL510FP,32,14,18,8
GL510FQ,9,7,2,9
GL510FS,13,9,4,10
GL510FT,16,11,5,11
GL510FW,25,15,10,16
GL510FX,25,17,8,15
GL510FY,56,33,23,17
GL510FZ,52,31,21,20
GL510GA,113,52,61,40
GL510GB,19,8,11,6
GL510GD,48,25,23,16
GL510GE,120,55,65,40
GL510GF,17,8,9,6
GL510GG,64,30,34,20
GL510GH,194,123,71,59
GL510GJ,25,12,13,8
GL510GL,23,11,12,10
GL510GN,13,8,5,9
GL510GP,15,7,8,9
GL510GY,64,31,33,22
GL510GZ,8,3,5,2
GL510HA,56,37,19,46
GL510HB,72,50,22,54
GL510HD,6,3,3,2
GL510HE,40,27,13,31
GL510HF,76,43,33,53
GL510HG,3,2,1,1
GL510HH,62,29,33,21
GL510HJ,11,4,7,6
GL510HL,39,17,22,10
GL510HN,41,19,22,14
GL510HP,30,19,11,13
GL510HQ,3,2,1,2
GL510HR,51,23,28,18
GL510HS,11,5,6,6
GL510HW,111,57,54,37
GL510HX,57,26,31,22
GL510HY,30,12,18,15
GL510HZ,33,13,20,18
GL510JA,63,31,32,27
GL510JB,38,19,19,15
GL510JD,26,14,12,11
GL510JE,26,11,15,12
GL510JF,17,9,8,7
GL510JG,19,7,12,11
GL510JH,3,2,1,2
GL510JJ,8,3,5,4
GL510JL,8,3,5,5
GL510JN,20,9,11,8
GL510JP,35,16,19,12
GL510JQ,30,15,15,10
GL510JR,61,25,36,45
GL510JS,41,22,19,18
GL510JT,28,16,12,17
GL510JU,83,44,39,40
GL510JW,35,17,18,15
GL510JX,98,50,48,49
GL510JY,51,21,30,23
GL510JZ,38,18,20,19
GL510LA,56,25,31,27
GL510LB,17,7,10,10
GL510LD,49,26,23,24
GL510LE,26,14,12,10
GL510LF,82,42,40,35
GL510LG,11,6,5,5
GL510LH,41,21,20,17
GL510LJ,19,9,10,10
GL510LL,37,18,19,11
GL510LN,30,15,15,10
GL510LP,82,39,43,37
GL510LQ,31,15,16,13
GL510LR,3,2,1,1
GL510LS,1,1,0,1
GL510LT,18,8,10,9
GL510LU,29,15,14,14
GL510LW,44,22,22,21
GL510LX,56,30,26,29
GL510LY,13,6,7,7
GL510LZ,35,16,19,17
GL510NA,1,1,0,1
GL510NB,26,13,13,8
GL510ND,19,10,9,9
GL510NE,6,4,2,2
GL510NF,11,4,7,6
GL510NG,12,6,6,5
GL510NH,44,21,23,21
GL510NJ,17,9,8,7
GL510NL,63,30,33,23
GL510NN,44,17,27,25
GL510NP,18,8,10,9
GL510NQ,35,18,17,18
GL510NR,16,7,9,9
GL510NS,10,5,5,4
GL510NT,29,15,14,14
GL510NU,41,18,23,18
GL510NW,42,19,23,21
GL510NX,69,30,39,27
GL510NY,16,6,10,7
GL510NZ,117,55,62,44
GL510PA,20,8,12,12
GL510PB,37,16,21,19
GL510PD,53,29,24,25
GL510PE,20,10,10,10
GL510PF,43,18,25,25
GL510PG,21,10,11,9
GL510PL,23,8,15,8
GL510PN,39,18,21,15
GL510PP,63,28,35,26
GL510PQ,72,32,40,38
GL510PR,60,26,34,22
GL510PS,39,22,17,20
GL510PT,39,21,18,20
GL510PU,107,56,51,48
GL510PW,66,32,34,26
GL510PX,10,5,5,6
GL510PY,17,6,11,9
GL510PZ,78,36,42,29
GL510QA,88,44,44,30
GL510QB,67,32,35,29
GL510QD,36,16,20,17
GL510QE,80,38,42,52
GL510QF,36,12,24,23
GL510QG,30,18,12,15
GL510QH,40,19,21,22
GL510QJ,48,27,21,30
GL510QL,76,36,40,28
GL510QN,9,4,5,3
GL510QP,64,29,35,25
GL510QQ,23,10,13,10
GL510QR,27,11,16,7
GL510QS,12,6,6,5
GL510QT,54,30,24,27
GL510QU,7,5,2,5
GL510QW,43,14,29,15
GL510QY,41,14,27,15
GL510QZ,19,5,14,16
GL510RA,36,19,17,16
GL510RB,12,5,7,6
GL510RD,21,8,13,8
GL510RE,47,23,24,14
GL510RF,11,7,4,4
GL510RG,42,21,21,14
GL510RH,8,7,1,2
GL510RJ,23,11,12,9
GL510RL,20,11,9,7
GL510RN,6,2,4,2
GL510RP,48,22,26,18
GL510RQ,21,10,11,10
GL510RR,5,2,3,2
GL510RS,16,6,10,5
GL510RT,50,21,29,15
GL510RU,29,10,19,9
GL510RW,15,6,9,7
GL510RX,22,6,16,4
GL510RY,32,16,16,11
GL510RZ,20,9,11,5
GL510SA,38,18,20,13
GL510SB,6,3,3,5
GL510SD,31,18,13,15
GL510SE,1,1,0,1
GL510SF,54,23,31,1
GL510SG,12,5,7,7
GL510SN,66,39,27,30
GL510SP,48,23,25,20
GL510SR,24,10,14,7
GL510SS,62,34,28,24
GL510ST,39,16,23,26
GL510SU,21,13,8,9
GL510SW,41,24,17,16
GL510SY,21,9,12,8
GL510SZ,71,29,42,47
GL510TA,33,15,18,21
GL510TB,89,40,49,57
GL510TD,17,8,9,8
GL510TF,60,28,32,31
GL510TG,22,9,13,7
GL510TH,9,5,4,6
GL510TJ,42,22,20,16
GL510TL,49,23,26,22
GL510TN,20,8,12,9
GL510TQ,1,1,0,1
GL510TR,30,15,15,12
GL510TS,4,3,1,0
GL510TU,41,26,15,17
GL510TW,79,40,39,34
GL510TX,18,7,11,8
GL510TY,31,15,16,13
GL510TZ,66,35,31,35
GL510UA,41,21,20,20
GL510UB,30,16,14,13
GL510UD,48,25,23,14
GL510UE,95,46,49,37
GL510UF,186,90,96,76
GL510UH,18,9,9,9
GL510UL,27,14,13,12
GL510UN,18,11,7,9
GL510UP,24,10,14,14
GL510UR,53,26,27,23
GL510US,136,63,73,51
GL510UT,29,13,16,14
GL510UW,123,61,62,48
GL510WA,109,49,60,55
GL510WB,83,35,48,31
GL510WD,32,14,18,11
GL510WE,86,36,50,33
GL510WF,57,23,34,19
GL510WG,24,13,11,11
GL510WH,6,1,5,1
GL510WL,4,4,0,2
GL510WN,91,42,49,31
GL510WP,143,68,75,59
GL510WQ,8,4,4,6
GL510WR,17,13,4,6
GL510WS,43,24,19,14
GL510WT,44,21,23,20
GL510WW,52,27,25,26
GL510WX,10,4,6,3
GL510XA,38,21,17,15
GL510XB,32,15,17,18
GL510XD,29,10,19,14
GL510XE,41,16,25,18
GL510XF,14,7,7,10
GL510XG,28,14,14,9
GL510XH,41,19,22,20
GL510XJ,35,19,16,21
GL510XL,40,23,17,21
GL510XN,72,33,39,36
GL510XP,20,9,11,10
GL510XQ,26,13,13,11
GL510XR,62,32,30,28
GL510XS,19,9,10,7
GL510XT,46,19,27,22
GL510XX,44,27,17,17
GL513AA,113,51,62,62
GL513AB,44,25,19,23
GL513AD,43,22,21,15
GL513AE,24,11,13,9
GL513AF,23,11,12,9
GL513AG,37,20,17,15
GL513AH,123,61,62,45
GL513AJ,2,1,1,1
GL513AL,92,43,49,39
GL513AN,2,1,1,1
GL513AP,13,6,7,5
GL513AQ,38,22,16,15
GL513AR,22,10,12,9
GL513AS,32,16,16,14
GL513AT,8,4,4,3
GL513AU,39,19,20,18
GL513AW,43,19,24,17
GL513AX,8,2,6,6
GL513AY,32,14,18,18
GL513AZ,109,52,57,43
GL513BA,51,22,29,22
GL513BB,63,31,32,21
GL513BD,79,39,40,31
GL513BE,74,22,52,39
GL513BG,45,15,30,40
GL513BH,6,3,3,4
GL513BJ,26,12,14,16
GL513BL,36,17,19,15
GL513BN,72,33,39,29
GL513BP,48,27,21,22
GL513BQ,22,6,16,12
GL513BR,20,9,11,6
GL513BS,36,19,17,18
GL513BT,57,25,32,29
GL513BU,51,26,25,23
GL513BX,78,39,39,43
GL513BY,31,15,16,17
GL513BZ,28,12,16,14
GL513DA,16,11,5,13
GL513DB,6,2,4,4
GL513DD,23,13,10,12
GL513DE,15,10,5,6
GL513DF,54,22,32,29
GL513DG,30,14,16,12
GL513DH,42,19,23,20
GL513DJ,26,8,18,18
GL513DL,52,29,23,22
GL513DN,46,22,24,21
GL513DP,13,7,6,10
GL513DQ,31,14,17,19
GL513DR,17,11,6,7
GL513DS,25,11,14,11
GL513DT,38,23,15,19
GL513DU,25,15,10,9
GL513DW,20,8,12,13
GL513DX,23,10,13,10
GL513DZ,11,7,4,4
GL513EA,58,26,32,27
GL513EB,75,27,48,62
GL513EE,64,31,33,26
GL513EG,11,5,6,4
GL513EH,78,38,40,25
GL513EJ,17,6,11,10
GL513EL,60,31,29,18
GL513EN,12,6,6,6
GL513EP,38,17,21,16
GL513EQ,10,6,4,4
GL513ER,35,19,16,12
GL513ES,63,32,31,19
GL513ET,9,6,3,4
GL513EU,4,2,2,2
GL513EW,53,23,30,17
GL513EX,11,3,8,6
GL513EY,32,11,21,6
GL513EZ,48,19,29,22
GL513FA,45,23,22,24
GL513FB,47,26,21,14
GL513FD,27,12,15,12
GL513FL,7,4,3,4
GL513GA,9,5,4,7
GL513GB,52,14,38,40
GL513GF,23,12,11,12
GL513GS,22,11,11,13
GL513HA,45,23,22,28
GL513HB,10,4,6,8
GL513HD,47,23,24,23
GL513HE,39,15,24,20
GL513HF,67,34,33,35
GL513HG,82,43,39,55
GL513HH,26,14,12,10
GL513HJ,42,20,22,15
GL513HL,53,24,29,32
GL513HN,66,35,31,26
GL513HP,18,11,7,6
GL513HQ,30,13,17,17
GL513HR,59,31,28,19
GL513HS,32,15,17,15
GL513HT,6,3,3,4
GL513HU,46,21,25,18
GL513HW,29,14,15,17
GL513HX,19,12,7,9
GL513HY,64,35,29,21
GL513HZ,60,33,27,25
GL513JA,8,5,3,4
GL513JB,26,16,10,8
GL513JD,25,11,14,9
GL513JE,39,21,18,14
GL513JF,37,13,24,15
GL513JG,15,9,6,6
GL513JH,13,6,7,4
GL513JJ,59,29,30,22
GL513JL,26,16,10,10
GL513JN,48,22,26,23
GL513JP,70,33,37,28
GL513JQ,52,24,28,19
GL513JR,49,24,25,18
GL513JS,30,13,17,11
GL513JT,54,28,26,25
GL513JU,2,1,1,1
GL513JW,14,5,9,8
GL513JX,81,46,35,31
GL513JY,13,5,8,6
GL513JZ,58,25,33,22
GL513LA,32,12,20,13
GL513LB,59,28,31,30
GL513LD,4,3,1,1
GL513LE,30,16,14,12
GL513LF,50,25,25,15
GL513LG,168,75,93,74
GL513LH,19,9,10,8
GL513LJ,20,9,11,11
GL513LL,164,78,86,63
GL513LN,71,37,34,30
GL513LP,42,22,20,17
GL513LQ,43,22,21,18
GL513LR,128,64,64,43
GL513LS,37,14,23,9
GL513LT,3,1,2,3
GL513LU,64,33,31,26
GL513LW,13,8,5,6
GL513LX,89,43,46,35
GL513LY,103,48,55,45
GL513LZ,7,5,2,3
GL513NA,53,26,27,28
GL513NB,30,17,13,12
GL513ND,21,10,11,10
GL513NE,66,34,32,44
GL513NF,45,23,22,18
GL513NG,36,19,17,19
GL513NH,41,19,22,21
GL513NJ,19,7,12,11
GL513NL,63,32,31,29
GL513NN,44,18,26,24
GL513NP,39,22,17,12
GL513NQ,96,45,51,33
GL513NR,56,27,29,19
GL513NS,32,18,14,11
GL513NT,27,17,10,9
GL513NU,26,12,14,10
GL513NW,54,27,27,17
GL513NX,32,11,21,15
GL513NY,10,5,5,4
GL513NZ,49,24,25,18
GL513PA,39,18,21,13
GL513PB,33,16,17,19
GL513PD,66,31,35,35
GL513PE,5,3,2,2
GL513PF,34,14,20,30
GL513PG,12,4,8,4
GL513PH,37,19,18,17
GL513PJ,5,3,2,2
GL513PL,36,16,20,14
GL513PN,5,3,2,3
GL513PP,11,6,5,4
GL513PQ,58,21,37,33
GL513PR,53,26,27,26
GL513PS,76,35,41,42
GL513PT,29,14,15,15
GL513PU,26,11,15,17
GL513PW,11,5,6,6
GL513PX,27,14,13,14
GL513PY,27,12,15,8
GL513PZ,7,4,3,3
GL513QA,51,25,26,20
GL513QB,67,30,37,37
GL513QD,90,43,47,30
GL513QE,31,17,14,10
GL513QF,41,22,19,15
GL513QG,7,3,4,3
GL513QH,9,3,6,3
GL513QJ,59,26,33,27
GL513QL,55,26,29,25
GL513QN,75,35,40,34
GL513QP,52,25,27,26
GL513QQ,53,23,30,19
GL513QR,76,35,41,31
GL513QS,37,17,20,19
GL513QT,17,6,11,9
GL513QU,73,34,39,25
GL513QW,25,11,14,10
GL513QX,2,0,2,1
GL513QY,19,9,10,12
GL513QZ,13,8,5,4
GL513RA,64,28,36,33
GL513RB,79,38,41,29
GL513RD,22,9,13,14
GL513RE,49,21,28,20
GL513RG,29,15,14,20
GL513RH,75,40,35,33
GL513RJ,58,27,31,22
GL513RL,41,19,22,23
GL513RN,33,18,15,14
GL513RP,74,30,44,35
GL513RQ,77,39,38,30
GL513RR,41,20,21,22
GL513RS,55,29,26,21
GL513RT,6,3,3,2
GL513RU,52,26,26,19
GL513RW,33,10,23,20
GL513RX,23,9,14,15
GL513RY,61,29,32,17
GL513RZ,7,3,4,3
GL513TP,42,21,21,16
GL513TR,31,18,13,11
GL513TS,45,20,25,20
GL513TW,39,20,19,10
GL513UU,67,33,34,27
GL513UX,83,40,43,41
GL513UY,14,6,8,6
GL513WA,88,46,42,37
GL513WB,40,21,19,13
GL513WD,35,19,16,10
GL513WE,41,23,18,18
GL513WF,47,23,24,17
GL513WG,51,22,29,27
GL513WH,62,31,31,27
GL513WL,69,39,30,23
GL513WN,36,16,20,24
GL513XE,3,2,1,1
GL513XG,73,35,38,26
GL513XH,30,15,15,12
GL513XS,2,2,0,1
GL513XY,27,13,14,9
GL513XZ,17,9,8,7
GL513YA,33,17,16,18
GL513YB,52,20,32,28
GL513YD,20,12,8,10
GL513YE,22,11,11,9
GL513YF,20,13,7,6
GL513YG,16,8,8,9
GL513YH,102,53,49,42
GL513YR,38,20,18,12
GL513YU,65,31,34,20
GL514GA,2,1,1,1
GL514GQ,24,11,13,8
GL514GW,36,13,23,16
GL514SA,35,11,24,17
GL514SB,53,24,29,47
GL514SD,43,17,26,17
GL514SE,29,11,18,14
GL514SF,52,27,25,12
GL514SG,26,13,13,11
GL514SJ,108,57,51,48
GL514SL,26,13,13,12
GL514SN,21,11,10,11
GL514SP,34,10,24,20
GL514SQ,5,2,3,4
GL514SR,39,20,19,24
GL514SS,19,9,10,9
GL514ST,41,18,23,23
GL514SU,19,11,8,11
GL514SW,67,30,37,39
GL514SX,14,4,10,11
GL514SY,84,39,45,37
GL514SZ,31,13,18,13
GL514TA,77,38,39,30
GL514TB,41,17,24,17
GL514TD,57,30,27,21
GL514TE,25,9,16,16
GL514TF,28,11,17,10
GL514TG,75,38,37,38
GL514TH,7,3,4,4
GL514TJ,21,10,11,10
GL514TL,21,7,14,10
GL514TN,17,9,8,8
GL514TT,8,6,2,3
GL514TU,2,1,1,1
GL514TW,12,6,6,6
GL514TX,46,23,23,22
GL514TY,28,16,12,9
GL514TZ,51,33,18,19
GL514UA,25,12,13,8
GL514UB,32,15,17,12
GL514UD,15,8,7,7
GL514UF,9,4,5,2
GL514UG,1,1,0,0
GL514UH,44,27,17,17
GL514UJ,40,21,19,16
GL514UL,90,30,60,15
GL514UN,5,2,3,3
GL514UP,49,27,22,19
GL514UQ,51,27,24,19
GL514UR,48,22,26,27
GL514US,21,13,8,5
GL514UT,2,1,1,1
GL514UW,44,22,22,15
GL514WJ,13,7,6,5
GL514XA,43,16,27,8
GL514XB,34,17,17,12
GL514XD,15,7,8,7
GL514XF,91,47,44,39
GL514XJ,111,54,57,40
GL514XL,34,20,14,13
GL514XN,43,22,21,19
GL514XQ,31,16,15,10
GL514XT,30,13,17,13
GL514XU,13,5,8,5
GL514XW,42,19,23,20
GL516AA,102,49,53,39
GL516AB,33,16,17,13
GL516AD,32,16,16,12
GL516AE,61,34,27,24
GL516AF,55,27,28,21
GL516AG,56,29,27,28
GL516AH,2,1,1,2
GL516AJ,4,2,2,2
GL516AL,66,34,32,31
GL516AN,2,0,2,2
GL516AP,37,20,17,15
GL516AQ,10,5,5,5
GL516AR,19,9,10,8
GL516AS,28,11,17,9
GL516AT,30,15,15,15
GL516AU,13,7,6,4
GL516AW,2,1,1,2
GL516AX,10,4,6,4
GL516AY,11,4,7,5
GL516AZ,13,6,7,6
GL516BA,24,11,13,10
GL516BB,24,10,14,12
GL516BD,25,12,13,13
GL516BE,47,25,22,18
GL516BN,32,10,22,5
GL516BP,105,53,52,36
GL516BS,56,26,30,28
GL516BT,18,8,10,8
GL516BU,70,35,35,33
GL516BW,25,16,9,16
GL516BX,22,13,9,12
GL516BY,5,2,3,3
GL516BZ,62,28,34,33
GL516DA,5,2,3,2
GL516DB,14,7,7,8
GL516DD,3,1,2,2
GL516DE,22,13,9,8
GL516DF,29,14,15,14
GL516DG,40,20,20,19
GL516DH,27,14,13,11
GL516DJ,58,22,36,24
GL516DL,53,25,28,22
GL516DN,76,39,37,27
GL516DQ,22,13,9,10
GL516DT,24,13,11,10
GL516DW,5,3,2,3
GL516DX,17,9,8,9
GL516DY,12,6,6,5
GL516DZ,16,10,6,5
GL516EA,20,12,8,14
GL516EB,63,29,34,26
GL516EE,28,14,14,11
GL516EF,9,3,6,2
GL516EG,55,27,28,14
GL516EH,39,14,25,32
GL516EJ,18,9,9,7
GL516EL,38,18,20,15
GL516EP,67,31,36,27
GL516EQ,44,17,27,29
GL516ER,84,39,45,37
GL516ET,30,14,16,14
GL516EW,45,21,24,21
GL516EY,12,7,5,6
GL516EZ,26,13,13,14
GL516FY,26,11,15,19
GL516HA,13,6,7,5
GL516HB,39,19,20,15
GL516HD,38,15,23,18
GL516HE,247,126,121,1
GL516HF,58,33,25,23
GL516HG,29,14,15,15
GL516HJ,22,13,9,13
GL516HP,22,12,10,9
GL516HQ,52,27,25,30
GL516HR,32,13,19,13
GL516HS,11,7,4,4
GL516HT,76,40,36,30
GL516HU,19,9,10,8
GL516HX,34,15,19,12
GL516HY,15,9,6,6
GL516HZ,21,8,13,11
GL516JA,10,5,5,4
GL516JB,26,11,15,17
GL516JD,71,35,36,42
GL516JE,35,20,15,13
GL516JF,4,2,2,1
GL516JG,5,2,3,3
GL516JH,29,16,13,13
GL516JJ,33,18,15,14
GL516JL,52,24,28,19
GL516JN,76,35,41,28
GL516JP,49,26,23,23
GL516JQ,73,37,36,32
GL516JR,34,16,18,15
GL516JS,56,25,31,22
GL516JT,60,24,36,28
GL516JU,21,9,12,12
GL516JW,54,25,29,27
GL516JX,24,10,14,10
GL516JY,44,22,22,24
GL516JZ,42,16,26,31
GL516LD,32,15,17,12
GL516LG,23,14,9,9
GL516LH,95,47,48,41
GL516LJ,51,27,24,27
GL516LL,7,4,3,5
GL516LN,55,25,30,23
GL516LP,10,5,5,4
GL516LQ,46,23,23,18
GL516LR,18,9,9,6
GL516LS,20,12,8,8
GL516LW,41,20,21,14
GL516LX,31,17,14,12
GL516LY,29,12,17,12
GL516LZ,45,18,27,19
GL516NA,16,10,6,7
GL516NB,17,9,8,6
GL516ND,12,6,6,10
GL516NL,56,28,28,28
GL516NN,68,35,33,24
GL516NP,72,36,36,27
GL516NR,112,51,61,43
GL516NS,128,64,64,57
GL516NT,71,34,37,28
GL516NU,21,9,12,8
GL516NW,31,15,16,13
GL516NX,17,10,7,6
GL516NY,17,10,7,10
GL516NZ,38,18,20,15
GL516PA,56,24,32,21
GL516PB,5,2,3,3
GL516PD,9,4,5,4
GL516PE,10,4,6,4
GL516PF,14,7,7,7
GL516PG,5,2,3,2
GL516PH,8,3,5,4
GL516PJ,7,3,4,4
GL516PL,20,12,8,7
GL516PN,64,33,31,24
GL516PP,6,2,4,2
GL516PQ,44,23,21,16
GL516PR,17,7,10,6
GL516PT,7,3,4,4
GL516PU,33,16,17,22
GL516PW,7,2,5,6
GL516PX,52,14,38,41
GL516PY,21,11,10,8
GL516PZ,31,13,18,22
GL516QA,72,25,47,54
GL516QB,52,25,27,33
GL516QD,8,4,4,4
GL516QE,139,69,70,50
GL516QF,5,1,4,1
GL516QG,4,2,2,1
GL516QJ,16,8,8,5
GL516QL,14,6,8,5
GL516QN,31,14,17,16
GL516QP,14,6,8,6
GL516QR,2,1,1,1
GL516QS,82,48,34,0
GL516QW,8,5,3,4
GL516QY,158,82,76,53
GL516QZ,72,36,36,25
GL516RA,24,13,11,11
GL516RB,46,26,20,16
GL516RD,22,12,10,9
GL516RE,79,34,45,31
GL516RF,28,11,17,10
GL516RG,3,1,2,2
GL516RH,25,14,11,18
GL516RJ,17,10,7,5
GL516RL,123,67,56,49
GL516RP,24,13,11,10
GL516RQ,4,2,2,2
GL516RR,22,9,13,18
GL516RS,20,6,14,13
GL516RT,80,42,38,34
GL516RU,58,24,34,23
GL516RW,30,15,15,16
GL516RX,56,28,28,26
GL516RY,79,37,42,31
GL516RZ,55,30,25,23
GL516SA,15,9,6,5
GL516SB,48,28,20,15
GL516SD,29,16,13,14
GL516SE,57,29,28,22
GL516SF,35,21,14,16
GL516SG,37,16,21,14
GL516SH,26,11,15,12
GL516SJ,10,4,6,5
GL516SL,57,30,27,34
GL516SN,44,23,21,29
GL516SQ,33,15,18,13
GL516ST,12,6,6,2
GL516SW,47,21,26,16
GL516SZ,24,11,13,12
GL516TB,72,40,32,47
GL516TD,71,36,35,46
GL516TE,2,0,2,1
GL516TF,9,5,4,4
GL516TN,78,38,40,34
GL516TS,73,37,36,24
GL516TT,15,8,7,6
GL516TW,18,9,9,9
GL516TX,32,15,17,11
GL516TY,105,57,48,35
GL516TZ,13,6,7,4
GL516UA,35,15,20,13
GL516UD,119,53,66,79
GL516UE,51,27,24,27
GL516UF,38,16,22,12
GL516UG,33,16,17,11
GL516UH,22,10,12,8
GL516UJ,23,11,12,8
GL516UL,31,18,13,15
GL517AA,47,19,28,17
GL517AD,48,20,28,5
GL517AE,9,4,5,7
GL517AF,23,12,11,15
GL517AG,64,33,31,31
GL517AH,18,10,8,5
GL517AJ,5,3,2,3
GL517AL,78,41,37,32
GL517AN,54,28,26,23
GL517AQ,31,17,14,17
GL517AR,25,12,13,6
GL517AS,27,12,15,11
GL517AT,6,4,2,2
GL517AU,10,5,5,4
GL517AW,4,1,3,2
GL517AX,17,11,6,9
GL517AZ,24,13,11,9
GL517BA,29,14,15,14
GL517BB,42,18,24,16
GL517BD,24,10,14,20
GL517BE,26,17,9,3
GL517BG,37,19,18,32
GL517BH,37,16,21,19
GL517BJ,8,3,5,4
GL517BL,19,11,8,8
GL517BP,9,6,3,7
GL517BQ,101,49,52,39
GL517BS,9,4,5,5
GL517BU,6,3,3,2
GL517BX,47,18,29,20
GL517BY,96,46,50,33
GL517DA,28,11,17,16
GL517DB,64,33,31,29
GL517DD,26,12,14,9
GL517DE,6,3,3,2
GL517DF,71,37,34,33
GL517DG,25,15,10,10
GL517DH,30,12,18,12
GL517DJ,53,26,27,22
GL517DL,35,14,21,16
GL517DN,23,10,13,9
GL517DP,35,15,20,12
GL517DQ,26,11,15,11
GL517DR,60,32,28,25
GL517DS,8,5,3,2
GL517DT,6,3,3,2
GL517DU,48,28,20,17
GL517DW,57,30,27,22
GL517DX,25,14,11,12
GL517DY,73,35,38,30
GL517DZ,4,3,1,3
GL517EA,56,33,23,20
GL517EE,7,1,6,2
GL517EG,20,8,12,9
GL517EH,19,9,10,10
GL517EJ,31,17,14,15
GL517EL,23,6,17,0
GL517EN,19,8,11,7
GL517EP,34,21,13,10
GL517ER,6,3,3,2
GL517ES,113,56,57,40
GL517ET,53,29,24,21
GL517EU,20,9,11,8
GL517EW,24,12,12,15
GL517EX,11,5,6,5
GL517EY,51,30,21,23
GL517EZ,38,17,21,16
GL517HA,32,18,14,12
GL517HB,23,11,12,10
GL517HD,36,16,20,18
GL517HE,59,27,32,24
GL517HF,7,3,4,3
GL517HG,7,3,4,3
GL517HH,35,21,14,13
GL517HJ,20,11,9,7
GL517HL,20,9,11,15
GL517HN,34,15,19,14
GL517HQ,12,4,8,5
GL517HR,40,19,21,15
GL517HS,28,10,18,10
GL517HT,25,9,16,11
GL517HU,3,2,1,2
GL517HX,35,16,19,25
GL517JB,10,4,6,4
GL517JD,23,13,10,9
GL517JE,12,7,5,5
GL517JF,12,6,6,3
GL517JG,37,20,17,15
GL517JH,58,30,28,23
GL517JJ,35,16,19,12
GL517JL,31,12,19,15
GL517JN,18,8,10,11
GL517JP,45,23,22,15
GL517JQ,45,19,26,21
GL517JR,41,17,24,23
GL517JW,26,10,16,12
GL517JX,26,11,15,12
GL517JY,45,20,25,20
GL517JZ,4,1,3,1
GL517LA,11,5,6,5
GL517LB,17,8,9,9
GL517LD,25,15,10,10
GL517LE,104,50,54,53
GL517LF,65,29,36,30
GL517LG,23,6,17,14
GL517LH,61,30,31,24
GL517LJ,40,19,21,17
GL517LL,12,6,6,4
GL517LN,44,24,20,16
GL517LP,2,1,1,1
GL517LQ,25,12,13,11
GL517LR,14,6,8,6
GL517LT,21,12,9,5
GL517LU,10,4,6,5
GL517LW,45,26,19,15
GL517LX,80,41,39,36
GL517LY,55,26,29,25
GL517LZ,16,6,10,6
GL517NA,25,15,10,11
GL517NB,36,16,20,12
GL517ND,58,24,34,22
GL517NE,19,9,10,11
GL517NF,106,48,58,38
GL517NG,46,26,20,12
GL517NH,16,6,10,6
GL517NJ,8,4,4,3
GL517NL,7,3,4,7
GL517NN,15,5,10,6
GL517NQ,2,2,0,2
GL517NR,9,4,5,2
GL517NS,54,20,34,16
GL517NT,25,12,13,6
GL517NU,69,31,38,23
GL517NW,21,7,14,8
GL517NX,62,34,28,23
GL517NY,123,60,63,56
GL517NZ,22,11,11,14
GL517PD,53,29,24,17
GL517PE,17,9,8,6
GL517PF,58,29,29,25
GL517PG,10,5,5,6
GL517PH,70,34,36,28
GL517PJ,60,31,29,25
GL517PL,12,9,3,5
GL517PN,66,31,35,29
GL517PQ,73,34,39,29
GL517PS,22,12,10,9
GL517PT,12,5,7,6
GL517PU,15,8,7,6
GL517PX,15,8,7,6
GL517PY,15,6,9,6
GL517PZ,18,8,10,9
GL517QA,21,8,13,9
GL517QB,3,2,1,1
GL517QD,24,11,13,11
GL517QE,4,2,2,2
GL517QF,28,13,15,12
GL517QG,11,5,6,5
GL517QH,30,19,11,10
GL517QJ,19,8,11,12
GL517QL,21,16,5,5
GL517QN,12,5,7,6
GL517QP,8,3,5,5
GL517QQ,57,27,30,20
GL517QR,6,2,4,1
GL517QS,14,7,7,6
GL517QT,15,11,4,6
GL517QU,15,8,7,8
GL517QW,4,2,2,2
GL517QY,84,43,41,26
GL517QZ,40,19,21,16
GL517RA,3,2,1,1
GL517RB,9,4,5,5
GL517RF,15,7,8,6
GL517RG,8,1,7,4
GL517RH,48,25,23,13
GL517RP,42,21,21,18
GL517RQ,37,16,21,10
GL517RR,43,17,26,11
GL517RS,26,15,11,7
GL517RT,30,14,16,15
GL517RU,15,4,11,4
GL517RW,63,22,41,18
GL517RX,11,10,1,11
GL517RY,1,1,0,1
GL517RZ,27,8,19,9
GL517SB,7,6,1,6
GL517SF,1,1,0,1
GL517SG,12,6,6,6
GL517SH,7,3,4,4
GL517SN,81,37,44,29
GL517SP,13,7,6,3
GL517SQ,2,2,0,1
GL517SR,28,12,16,6
GL517SS,17,11,6,12
GL517ST,13,9,4,12
GL517SW,85,38,47,36
GL517SX,58,30,28,30
GL517SY,50,27,23,25
GL517SZ,131,73,58,72
GL517TA,12,4,8,5
GL517TB,40,22,18,21
GL517TD,10,4,6,8
GL517TE,14,8,6,6
GL517TF,22,12,10,7
GL517TG,15,4,11,6
GL517TH,8,4,4,6
GL517TJ,13,9,4,6
GL517TL,14,10,4,7
GL517TN,12,10,2,12
GL517TP,18,12,6,16
GL517TQ,30,14,16,14
GL517TR,4,2,2,4
GL517TS,24,12,12,20
GL517TT,19,13,6,14
GL517TU,24,13,11,19
GL517TW,21,12,9,12
GL517TX,16,9,7,13
GL517TY,26,13,13,20
GL517TZ,21,12,9,18
GL517UA,12,8,4,12
GL517UB,75,35,40,36
GL517UD,59,27,32,29
GL517UE,5,4,1,4
GL517UF,17,7,10,13
GL517UG,15,10,5,11
GL517UH,23,5,18,11
GL517UQ,5,2,3,1
GL518AA,111,48,63,45
GL518AB,69,42,27,29
GL518AD,34,20,14,22
GL518AE,13,6,7,7
GL518AF,89,45,44,31
GL518AG,105,50,55,42
GL518AH,19,9,10,8
GL518AJ,17,9,8,6
GL518AL,58,31,27,26
GL518AN,14,4,10,6
GL518AP,53,26,27,17
GL518AQ,44,21,23,15
GL518AR,6,4,2,2
GL518AS,18,10,8,14
GL518AT,6,4,2,2
GL518AU,29,15,14,16
GL518AW,16,10,6,6
GL518AX,61,36,25,18
GL518AY,50,22,28,17
GL518AZ,32,17,15,8
GL518BA,36,20,16,10
GL518BB,20,12,8,8
GL518BD,10,5,5,5
GL518BE,58,32,26,23
GL518BG,25,14,11,12
GL518BH,9,2,7,2
GL518BJ,25,11,14,12
GL518BL,39,16,23,17
GL518BN,23,10,13,12
GL518BP,9,4,5,4
GL518BQ,14,7,7,6
GL518BS,43,26,17,12
GL518BT,76,39,37,33
GL518BU,11,5,6,6
GL518BW,17,9,8,6
GL518BX,5,1,4,4
GL518BY,81,35,46,29
GL518BZ,27,14,13,10
GL518DA,56,30,26,20
GL518DB,10,9,1,3
GL518DD,53,28,25,20
GL518DE,60,33,27,23
GL518DF,84,45,39,30
GL518DG,72,34,38,26
GL518DH,16,10,6,6
GL518DJ,5,3,2,4
GL518DL,52,27,25,23
GL518DN,19,8,11,7
GL518DP,34,17,17,10
GL518DQ,54,28,26,20
GL518DR,56,26,30,18
GL518DS,10,8,2,4
GL518DT,111,54,57,42
GL518DU,55,27,28,19
GL518DX,89,46,43,41
GL518DY,111,60,51,39
GL518DZ,74,37,37,30
GL518EA,75,41,34,28
GL518EB,8,3,5,5
GL518ED,7,4,3,4
GL518EF,18,8,10,12
GL518EG,12,8,4,5
GL518EH,112,47,65,37
GL518EJ,97,56,41,35
GL518EL,14,6,8,7
GL518EP,15,12,3,15
GL518EQ,148,68,80,67
GL518EU,81,42,39,34
GL518EW,14,5,9,5
GL518FN,8,4,4,3
GL518GA,18,11,7,13
GL518HA,54,23,31,30
GL518HB,57,26,31,23
GL518HD,30,17,13,17
GL518HE,14,9,5,6
GL518HH,6,2,4,3
GL518HJ,33,15,18,13
GL518HL,44,27,17,21
GL518HN,15,8,7,6
GL518HP,113,68,45,31
GL518HQ,4,1,3,1
GL518HR,101,50,51,32
GL518HS,2,0,2,2
GL518HT,66,40,26,23
GL518HU,44,19,25,22
GL518HW,38,24,14,5
GL518HX,45,19,26,18
GL518HY,23,12,11,7
GL518HZ,11,5,6,4
GL518JA,14,6,8,6
GL518JB,13,8,5,7
GL518JD,5,3,2,3
GL518JE,4,1,3,2
GL518JF,23,8,15,14
GL518JG,68,34,34,30
GL518JH,5,2,3,5
GL518JJ,13,5,8,8
GL518JL,11,5,6,10
GL518JP,42,22,20,20
GL518JQ,1,1,0,1
GL518JR,25,12,13,11
GL518JT,45,21,24,19
GL518JU,15,8,7,5
GL518JX,67,31,36,26
GL518JY,20,12,8,7
GL518JZ,18,9,9,8
GL518LA,8,5,3,5
GL518LB,10,5,5,3
GL518LD,7,4,3,3
GL518LE,3,2,1,1
GL518LF,20,12,8,10
GL518LG,128,68,60,53
GL518LH,34,17,17,13
GL518LJ,63,29,34,21
GL518LL,67,37,30,28
GL518LP,114,61,53,53
GL518LQ,43,25,18,18
GL518LR,16,7,9,5
GL518LS,76,35,41,29
GL518LT,50,25,25,19
GL518LU,14,7,7,6
GL518LW,141,62,79,59
GL518LY,57,33,24,30
GL518NA,3,1,2,3
GL518NB,24,16,8,10
GL518ND,55,27,28,43
GL518NE,133,65,68,41
GL518NG,60,31,29,23
GL518NJ,58,33,25,24
GL518NL,12,7,5,4
GL518NQ,57,32,25,21
GL518NR,117,64,53,36
GL518NS,52,27,25,18
GL518NT,24,7,17,12
GL518NU,20,11,9,12
GL518NW,12,7,5,8
GL518NX,135,76,59,66
GL518NZ,25,16,9,11
GL518PA,39,24,15,15
GL518PD,82,41,41,29
GL518PF,32,21,11,22
GL518PG,87,53,34,44
GL518PH,52,25,27,18
GL518PP,22,8,14,16
GL518PQ,22,13,9,6
GL518PY,6,2,4,3
GL518PZ,6,2,4,2
GL518QA,9,2,7,6
GL519AR,48,17,31,17
GL519AS,56,25,31,19
GL519AT,12,6,6,8
GL519AU,67,29,38,21
GL519AX,13,5,8,6
GL519AY,17,10,7,6
GL519AZ,7,4,3,2
GL519BA,30,19,11,17
GL519BB,35,15,20,14
GL519BD,9,4,5,6
GL519BE,39,17,22,13
GL519BH,29,13,16,13
GL519BJ,13,7,6,5
GL519BL,8,2,6,4
GL519BN,35,21,14,18
GL519BQ,51,24,27,21
GL519BS,11,5,6,5
GL519BT,9,5,4,4
GL519BU,19,12,7,6
GL519BW,11,6,5,4
GL519BX,18,8,10,6
GL519BY,67,38,29,35
GL519BZ,18,8,10,6
GL519DA,1,0,1,1
GL519DD,28,10,18,12
GL519DE,29,13,16,11
GL519DF,38,14,24,16
GL519DG,26,11,15,10
GL519DH,57,29,28,26
GL519DJ,3,2,1,2
GL519DL,8,5,3,5
GL519DN,11,7,4,8
GL519DP,6,3,3,6
GL519DQ,27,13,14,10
GL519DX,127,72,55,72
GL519DY,79,36,43,33
GL519DZ,46,20,26,16
GL519EA,58,27,31,35
GL519EB,73,36,37,29
GL519ED,20,15,5,16
GL519EE,91,44,47,29
GL519EF,123,48,75,43
GL519EG,4,2,2,2
GL519EH,30,12,18,12
GL519EQ,6,2,4,3
GL519ER,42,19,23,13
GL519ES,82,41,41,29
GL519ET,66,23,43,20
GL519EU,12,6,6,5
GL519EW,27,13,14,10
GL519EX,14,8,6,6
GL519EY,18,11,7,6
GL519EZ,6,6,0,0
GL519FE,7,3,4,3
GL519FF,118,62,56,65
GL519HA,82,47,35,27
GL519HB,25,14,11,14
GL519HD,55,30,25,16
GL519HE,17,6,11,9
GL519HF,16,7,9,7
GL519HG,19,6,13,7
GL519HH,75,39,36,35
GL519HJ,21,8,13,11
GL519HL,34,25,9,15
GL519HN,30,20,10,14
GL519HP,23,12,11,12
GL519HQ,9,4,5,4
GL519HR,15,6,9,6
GL519HT,32,14,18,11
GL519HU,27,11,16,10
GL519HW,18,7,11,6
GL519HX,57,35,22,15
GL519HY,34,25,9,17
GL519HZ,85,44,41,27
GL519JA,8,5,3,4
GL519JB,123,54,69,52
GL519JD,3,1,2,2
GL519JE,54,23,31,24
GL519JF,83,39,44,30
GL519JG,31,14,17,17
GL519JH,22,9,13,8
GL519JJ,14,4,10,3
GL519JL,45,18,27,19
GL519JP,12,5,7,4
GL519JQ,34,18,16,20
GL519JR,12,5,7,7
GL519JS,25,11,14,11
GL519JT,1,1,0,1
GL519JU,11,7,4,6
GL519JW,4,2,2,2
GL519JX,9,8,1,8
GL519JY,11,9,2,6
GL519JZ,68,33,35,28
GL519LB,60,27,33,29
GL519LD,5,2,3,3
GL519LF,165,75,90,68
GL519LG,117,61,56,55
GL519LH,89,46,43,32
GL519LJ,39,16,23,21
GL519LL,121,63,58,39
GL519LN,75,36,39,24
GL519LQ,56,25,31,30
GL519QA,11,5,6,6
GL519QB,78,35,43,30
GL519QD,12,6,6,5
GL519QE,16,8,8,6
GL519QF,2,1,1,1
GL519QG,8,5,3,4
GL519QH,50,29,21,19
GL519QJ,43,21,22,28
GL519QL,76,44,32,41
GL519QN,65,33,32,25
GL519QP,36,19,17,15
GL519QQ,16,11,5,5
GL519QR,29,15,14,10
GL519QS,21,9,12,9
GL519QT,1,0,1,1
GL519QU,20,10,10,10
GL519QW,12,6,6,10
GL519QX,6,3,3,2
GL519QY,2,1,1,1
GL519QZ,2,1,1,1
GL519RA,5,4,1,2
GL519RB,1,0,1,1
GL519RD,15,6,9,4
GL519RE,23,10,13,13
GL519RF,101,47,54,47
GL519RG,9,6,3,5
GL519RJ,38,19,19,14
GL519RL,45,24,21,20
GL519RN,69,33,36,28
GL519RP,71,28,43,26
GL519RQ,18,9,9,8
GL519RS,61,26,35,29
GL519RU,25,14,11,11
GL519RW,27,13,14,12
GL519RX,31,17,14,15
GL519RY,81,45,36,57
GL519RZ,5,1,4,1
GL519SA,92,48,44,60
GL519SB,9,4,5,4
GL519SD,39,18,21,23
GL519SE,96,51,45,50
GL519SL,62,37,25,29
GL519SN,83,37,46,35
GL519SP,15,9,6,5
GL519SQ,8,3,5,2
GL519SR,43,20,23,16
GL519SS,27,12,15,11
GL519ST,2,1,1,1
GL519SU,12,6,6,6
GL519SW,18,9,9,9
GL519SX,19,9,10,7
GL519SY,10,6,4,7
GL519SZ,6,3,3,2
GL519TA,59,24,35,16
GL519TB,17,6,11,5
GL519TD,15,6,9,6
GL519TE,10,3,7,6
GL519TF,83,40,43,37
GL519TG,33,15,18,15
GL519TH,40,20,20,18
GL519TJ,19,9,10,8
GL519TL,39,18,21,13
GL519TN,12,7,5,6
GL519TP,12,5,7,6
GL519TQ,13,6,7,5
GL519TT,20,10,10,10
GL519TW,11,5,6,6
GL522AA,66,35,31,43
GL522AB,119,65,54,72
GL522AE,25,10,15,13
GL522AF,5,1,4,2
GL522AH,25,13,12,11
GL522AJ,28,13,15,18
GL522AL,29,21,8,16
GL522AN,15,9,6,6
GL522AU,23,12,11,8
GL522AX,27,14,13,18
GL522AY,11,4,7,7
GL522AZ,2,1,1,1
GL522BA,6,3,3,5
GL522BB,9,5,4,5
GL522BD,25,12,13,18
GL522BE,91,48,43,61
GL522BH,67,36,31,41
GL522BJ,21,12,9,11
GL522BL,5,0,5,2
GL522BP,35,18,17,20
GL522BQ,9,3,6,6
GL522BS,7,4,3,2
GL522BT,12,6,6,5
GL522BU,23,10,13,16
GL522BW,12,5,7,6
GL522BY,32,19,13,15
GL522DA,61,29,32,27
GL522DD,7,4,3,5
GL522DE,80,37,43,35
GL522DG,38,21,17,15
GL522DJ,16,8,8,10
GL522DP,36,22,14,25
GL522DR,33,16,17,13
GL522DS,9,5,4,5
GL522DT,29,18,11,13
GL522DU,49,24,25,19
GL522DX,1,1,0,1
GL522DY,4,0,4,3
GL522EH,37,20,17,15
GL522EN,12,6,6,5
GL522EQ,38,24,14,18
GL522ER,25,15,10,10
GL522ES,36,17,19,17
GL522ET,34,14,20,17
GL522EU,37,25,12,11
GL522EX,70,37,33,28
GL522EY,46,25,21,22
GL522EZ,54,24,30,17
GL522GA,18,12,6,12
GL522GB,12,5,7,6
GL522GD,23,9,14,16
GL522HA,71,33,38,34
GL522HB,50,21,29,16
GL522HD,3,1,2,2
GL522HE,20,10,10,12
GL522HF,17,10,7,7
GL522HG,5,1,4,5
GL522HH,50,24,26,27
GL522HJ,63,32,31,29
GL522HN,4,1,3,2
GL522HP,14,6,8,6
GL522HQ,9,4,5,6
GL522HR,27,16,11,9
GL522HS,32,15,17,10
GL522HT,31,22,9,13
GL522HU,19,10,9,8
GL522HW,50,28,22,21
GL522HX,12,8,4,7
GL522HY,10,5,5,4
GL522JA,49,22,27,25
GL522JB,25,11,14,12
GL522JD,72,38,34,28
GL522JE,64,29,35,31
GL522JF,49,20,29,16
GL522JG,11,5,6,8
GL522JH,24,11,13,11
GL522JJ,62,26,36,28
GL522JL,14,7,7,6
GL522JN,67,39,28,34
GL522JP,30,17,13,11
GL522JQ,5,3,2,2
GL522JR,36,15,21,21
GL522JS,8,4,4,3
GL522JT,48,25,23,23
GL522JU,41,19,22,17
GL522JW,21,9,12,12
GL522JX,19,10,9,6
GL522JY,24,10,14,9
GL522JZ,43,26,17,22
GL522LB,55,29,26,31
GL522LE,45,23,22,31
GL522LF,89,50,39,64
GL522LJ,1,1,0,1
GL522LP,13,2,11,9
GL522LT,2,2,0,2
GL522NB,6,3,3,4
GL522ND,25,16,9,12
GL522NE,4,0,4,3
GL522NH,45,26,19,27
GL522NJ,60,29,31,44
GL522NL,59,26,33,49
GL522NN,52,27,25,28
GL522NP,2,2,0,2
GL522NR,83,45,38,35
GL522NT,8,4,4,6
GL522NU,1,1,0,1
GL522NW,66,38,28,44
GL522NX,45,27,18,22
GL522NZ,19,15,4,12
GL522PB,14,8,6,13
GL522PE,7,3,4,7
GL522PN,28,17,11,12
GL522PP,2,1,1,2
GL522PS,11,8,3,7
GL522PT,10,5,5,6
GL522PU,29,12,17,17
GL522PW,36,17,19,19
GL522PX,98,53,45,55
GL522PZ,86,56,30,57
GL522QB,44,19,25,35
GL522QD,16,6,10,8
GL522QE,33,16,17,20
GL522QF,104,53,51,59
GL522QG,9,3,6,6
GL522QH,31,13,18,16
GL522QJ,16,8,8,9
GL522QL,29,17,12,11
GL522QN,33,18,15,18
GL522QP,12,7,5,10
GL522QQ,50,17,33,33
GL522QR,33,22,11,22
GL522QS,31,21,10,27
GL522QT,19,7,12,15
GL522QU,5,3,2,4
GL522QW,5,2,3,2
GL522QX,72,36,36,36
GL522QY,8,5,3,3
GL522QZ,87,50,37,52
GL522RA,39,16,23,23
GL522RB,7,3,4,4
GL522RD,7,3,4,3
GL522RJ,73,37,36,31
GL522RN,7,6,1,6
GL522RQ,1,0,1,1
GL522RS,26,14,12,11
GL522RT,15,12,3,12
GL522RW,29,21,8,22
GL522RX,68,46,22,33
GL522RZ,3,3,0,3
GL522SA,16,11,5,8
GL522SD,1,0,1,1
GL522SE,4,1,3,1
GL522SG,94,61,33,68
GL522SH,35,20,15,22
GL522SP,36,18,18,18
GL522SQ,58,40,18,35
GL522SR,17,9,8,12
GL522SS,41,22,19,18
GL522ST,21,9,12,6
GL522SU,10,7,3,3
GL522SW,5,4,1,3
GL522SX,43,25,18,28
GL522SY,28,11,17,17
GL522SZ,66,30,36,28
GL522TA,13,4,9,10
GL522TB,12,3,9,8
GL522TD,2,0,2,1
GL522TN,9,4,5,4
GL522TW,9,5,4,4
GL522UG,5,2,3,3
GL523AA,13,4,9,9
GL523AB,7,2,5,4
GL523AD,31,17,14,13
GL523AE,12,6,6,4
GL523AF,22,12,10,9
GL523AG,30,17,13,14
GL523AH,6,0,6,6
GL523AL,23,12,11,8
GL523AN,10,5,5,5
GL523AP,9,4,5,5
GL523AQ,2,1,1,1
GL523AR,16,7,9,7
GL523AS,20,10,10,11
GL523AT,8,1,7,6
GL523AU,79,27,52,11
GL523AW,27,15,12,10
GL523AX,10,6,4,7
GL523AY,1,0,1,1
GL523AZ,6,2,4,2
GL523BA,8,5,3,3
GL523BB,5,2,3,2
GL523BD,2,1,1,1
GL523BE,10,5,5,7
GL523BG,52,23,29,26
GL523BH,24,12,12,12
GL523BJ,33,17,16,13
GL523BL,35,19,16,15
GL523BN,43,21,22,18
GL523BP,46,25,21,21
GL523BQ,5,3,2,3
GL523BS,94,43,51,41
GL523BU,44,16,28,27
GL523BW,8,3,5,6
GL523BX,11,4,7,5
GL523BY,23,11,12,9
GL523DA,68,34,34,27
GL523DB,42,20,22,16
GL523DD,45,19,26,18
GL523DE,30,14,16,14
GL523DF,34,15,19,11
GL523DG,73,32,41,34
GL523DH,9,4,5,3
GL523DJ,5,4,1,2
GL523DL,51,20,31,25
GL523DN,8,3,5,4
GL523DP,55,22,33,25
GL523DQ,2,1,1,1
GL523DR,41,18,23,19
GL523DS,74,34,40,40
GL523DT,46,21,25,19
GL523DU,76,40,36,33
GL523DW,35,16,19,16
GL523DX,45,23,22,20
GL523DY,75,42,33,29
GL523DZ,53,26,27,22
GL523EA,8,4,4,4
GL523EB,19,9,10,8
GL523ED,18,9,9,7
GL523EE,19,10,9,8
GL523EF,67,28,39,27
GL523EG,2,1,1,1
GL523EH,122,51,71,53
GL523EJ,24,12,12,8
GL523EL,40,15,25,32
GL523EN,7,3,4,3
GL523EP,126,65,61,44
GL523EQ,32,15,17,12
GL523ER,45,19,26,22
GL523ES,60,33,27,22
GL523ET,46,25,21,14
GL523EU,30,14,16,13
GL523EW,29,13,16,11
GL523EX,27,14,13,8
GL523EY,11,5,6,5
GL523EZ,28,14,14,15
GL523HA,53,21,32,35
GL523HB,27,13,14,13
GL523HD,28,11,17,10
GL523HE,23,9,14,9
GL523HF,89,46,43,32
GL523HG,49,25,24,19
GL523HH,48,29,19,20
GL523HJ,60,31,29,28
GL523HL,38,19,19,12
GL523HN,17,7,10,9
GL523HP,16,6,10,10
GL523HQ,31,15,16,17
GL523HR,100,45,55,42
GL523HS,28,9,19,22
GL523HT,18,12,6,12
GL523HW,16,9,7,9
GL523HZ,25,13,12,14
GL523JA,58,21,37,40
GL523JB,27,4,23,0
GL523JE,84,43,41,52
GL523JF,7,4,3,3
GL523JG,173,82,91,0
GL523JH,33,13,20,20
GL523JJ,23,8,15,11
GL523JL,31,16,15,16
GL523JN,8,4,4,4
GL523JP,2,1,1,1
GL523JQ,13,5,8,9
GL523JS,9,3,6,2
GL523JT,69,35,34,40
GL523JU,37,15,22,25
GL523JW,19,8,11,13
GL523JX,24,12,12,8
GL523JY,24,10,14,23
GL523JZ,15,8,7,5
GL523LB,57,27,30,23
GL523LD,20,11,9,8
GL523LE,30,15,15,13
GL523LF,32,19,13,14
GL523LG,22,9,13,10
GL523LH,56,23,33,27
GL523LJ,30,17,13,12
GL523LL,29,12,17,14
GL523LN,64,32,32,35
GL523LP,19,9,10,16
GL523LQ,46,24,22,17
GL523LR,39,16,23,16
GL523LS,7,3,4,3
GL523LT,35,19,16,15
GL523LU,5,3,2,4
GL523LW,68,28,40,26
GL523LX,26,12,14,25
GL523LY,35,13,22,27
GL523NE,33,17,16,17
GL523NF,27,12,15,9
GL523NG,19,11,8,8
GL523NH,2,2,0,1
GL523NL,19,8,11,8
GL523NN,13,6,7,5
GL523NP,4,1,3,3
GL523NQ,46,21,25,30
GL523NR,29,11,18,16
GL523NS,19,13,6,9
GL523NT,41,22,19,16
GL523NU,4,2,2,1
GL523NX,54,25,29,23
GL523NY,129,63,66,54
GL523NZ,4,1,3,1
GL523PA,84,33,51,38
GL523PB,27,15,12,9
GL523PD,12,5,7,6
GL523PE,11,5,6,6
GL523PN,11,7,4,5
GL523PP,2,1,1,1
GL523PR,39,22,17,15
GL523PS,53,27,26,17
GL523PT,12,4,8,5
GL523PU,43,23,20,20
GL523PW,81,28,53,13
GL523PX,32,15,17,9
GL523PY,43,25,18,18
GL523PZ,17,9,8,6
GL523QA,8,5,3,3
GL523QB,24,12,12,7
GL523QD,32,16,16,11
GL523QE,24,11,13,12
GL523QF,11,7,4,3
GL523QG,5,3,2,2
GL523QH,22,10,12,8
GL523QQ,21,10,11,12
GL525AA,103,51,52,39
GL525AB,20,10,10,10
GL525AD,23,11,12,9
GL525AE,24,13,11,9
GL525AF,96,48,48,46
GL525AG,5,2,3,1
GL525AH,9,4,5,4
GL525AN,61,32,29,16
GL525AP,51,23,28,19
GL525AR,24,9,15,10
GL525AS,36,15,21,16
GL525AT,17,6,11,6
GL525AU,69,35,34,33
GL525AW,19,7,12,11
GL525BA,25,11,14,10
GL525BB,56,27,29,24
GL525BD,54,29,25,20
GL525BE,50,19,31,34
GL525BG,69,32,37,34
GL525BH,26,11,15,13
GL525BJ,22,9,13,11
GL525BL,26,12,14,10
GL525BN,11,8,3,6
GL525BP,18,10,8,8
GL525BQ,57,23,34,24
GL525BS,36,16,20,18
GL525BT,58,28,30,18
GL525BU,33,15,18,16
GL525BX,14,8,6,7
GL525BY,9,5,4,5
GL525BZ,23,13,10,14
GL525DA,11,3,8,7
GL525DB,49,21,28,28
GL525DD,55,27,28,25
GL525DE,36,20,16,17
GL525DF,25,13,12,12
GL525DG,61,30,31,26
GL525DH,31,15,16,13
GL525DJ,69,33,36,28
GL525DL,10,3,7,6
GL525DN,84,42,42,35
GL525DP,48,24,24,28
GL525DQ,67,35,32,31
GL525DR,28,10,18,16
GL525DS,29,13,16,16
GL525DT,32,12,20,19
GL525DU,40,21,19,16
GL525DW,75,34,41,27
GL525DX,4,3,1,2
GL525DY,19,8,11,10
GL525DZ,44,19,25,36
GL525EA,24,14,10,13
GL525EB,31,14,17,11
GL525ED,17,6,11,13
GL525EE,15,7,8,14
GL525EF,36,15,21,14
GL525EG,33,17,16,15
GL525EH,16,5,11,8
GL525EJ,6,3,3,2
GL525EL,40,16,24,18
GL525EN,24,12,12,8
GL525EQ,14,9,5,8
GL525ER,20,11,9,7
GL525ES,13,9,4,4
GL525ET,10,3,7,4
GL525EU,31,19,12,11
GL525EW,29,13,16,13
GL525EX,15,7,8,4
GL525EY,6,4,2,4
GL525EZ,52,24,28,17
GL525FD,97,48,49,37
GL525FE,30,14,16,10
GL525FF,16,12,4,4
GL525FG,3,1,2,1
GL525FH,12,5,7,4
GL525FJ,88,37,51,31
GL525FL,23,13,10,6
GL525FP,152,68,84,66
GL525FR,28,17,11,8
GL525FS,35,16,19,13
GL525FT,35,20,15,18
GL525FW,47,25,22,24
GL525GA,158,80,78,55
GL525GB,72,40,32,38
GL525GD,91,39,52,33
GL525GE,32,13,19,14
GL525GF,38,17,21,16
GL525GG,38,18,20,14
GL525GH,137,74,63,58
GL525GJ,87,41,46,37
GL525HA,12,7,5,6
GL525HB,67,30,37,36
GL525HE,62,26,36,21
GL525HF,9,6,3,4
GL525HG,19,8,11,7
GL525HH,56,26,30,20
GL525HJ,12,5,7,5
GL525HL,12,2,10,6
GL525HN,81,45,36,27
GL525HQ,26,14,12,9
GL525HW,23,15,8,10
GL525JA,36,20,16,20
GL525JB,116,57,59,49
GL525JE,18,7,11,10
GL525JF,32,15,17,14
GL525JH,20,9,11,11
GL525JJ,65,28,37,28
GL525JL,48,23,25,24
GL525JN,59,27,32,20
GL525JQ,26,15,11,10
GL525JU,126,57,69,46
GL525JW,15,8,7,6
GL525JX,44,23,21,16
GL525JY,35,16,19,21
GL525JZ,46,25,21,22
GL525LA,62,33,29,30
GL525LB,24,14,10,9
GL525LD,61,29,32,30
GL525LE,17,8,9,9
GL525LF,37,17,20,22
GL525LG,75,35,40,36
GL525LH,48,21,27,24
GL525LJ,75,32,43,30
GL525LL,114,57,57,44
GL525LN,28,14,14,13
GL525LP,64,35,29,23
GL525LQ,99,43,56,40
GL525LR,43,21,22,19
GL525LS,23,14,9,7
GL525LT,34,17,17,14
GL525LU,19,17,2,18
GL525LW,18,7,11,9
GL525LX,66,31,35,40
GL525LY,11,4,7,4
GL525LZ,64,27,37,30
GL525NA,37,18,19,16
GL525NB,30,18,12,13
GL525ND,7,4,3,3
GL525NE,34,12,22,14
GL525NF,45,26,19,18
GL525NG,11,8,3,5
GL525NH,79,38,41,37
GL525NJ,78,41,37,35
GL525NL,25,11,14,9
GL525NN,117,53,64,40
GL525NP,8,3,5,5
GL525NR,39,24,15,29
GL525NS,61,27,34,22
GL525NT,5,3,2,2
GL525NU,9,5,4,4
GL525NW,107,52,55,44
GL525NX,74,30,44,20
GL525NY,75,38,37,25
GL525NZ,114,47,67,32
GL525PA,79,41,38,20
GL525PB,46,21,25,16
GL525PD,27,19,8,24
GL525PE,81,40,41,24
GL525PF,136,70,66,38
GL525PG,18,5,13,4
GL525PH,11,7,4,8
GL525PJ,20,7,13,15
GL525PP,63,32,31,26
GL525PR,86,45,41,39
GL525PS,60,31,29,20
GL525PT,65,30,35,21
GL525PU,66,31,35,23
GL525PX,14,7,7,6
GL525PY,66,40,26,27
GL525PZ,70,34,36,27
GL525QA,27,15,12,6
GL525QB,26,11,15,10
GL525QD,24,10,14,10
GL525QE,47,23,24,14
GL525QF,35,18,17,12
GL525QG,29,12,17,16
GL525QH,5,2,3,3
GL525QJ,62,32,30,22
GL525QL,24,10,14,10
GL525QN,43,22,21,14
GL525QP,38,19,19,12
GL525QQ,72,40,32,20
GL525QR,20,9,11,7
GL525QS,12,6,6,5
GL525QT,32,18,14,15
GL525QU,5,2,3,4
GL525QW,23,10,13,8
GL525QY,98,47,51,32
GL525QZ,33,17,16,11
GL525RA,7,3,4,3
GL525SA,27,15,12,9
GL525SB,49,22,27,22
GL525SD,68,29,39,27
GL525SE,22,10,12,12
GL525SF,23,11,12,11
GL525SG,7,3,4,3
GL526AA,50,26,24,26
GL526AB,25,10,15,13
GL526AD,81,42,39,43
GL526AE,41,19,22,21
GL526AF,28,19,9,17
GL526AG,40,17,23,23
GL526AH,7,5,2,4
GL526AJ,17,13,4,7
GL526AL,39,15,24,23
GL526AN,18,8,10,8
GL526AP,13,6,7,6
GL526AQ,69,41,28,31
GL526AR,64,33,31,23
GL526AS,12,6,6,6
GL526AT,15,4,11,5
GL526AU,16,10,6,8
GL526AW,2,2,0,2
GL526AX,38,21,17,16
GL526AY,34,16,18,14
GL526AZ,2,1,1,1
GL526BA,90,51,39,41
GL526BB,15,8,7,7
GL526BD,158,72,86,60
GL526BE,52,26,26,23
GL526BG,72,35,37,24
GL526BH,36,19,17,16
GL526BJ,9,4,5,4
GL526BL,2,1,1,1
GL526BN,78,38,40,29
GL526BP,80,35,45,37
GL526BQ,54,31,23,27
GL526BS,87,47,40,36
GL526BW,11,6,5,6
GL526BX,43,23,20,25
GL526DA,93,45,48,57
GL526DB,52,29,23,39
GL526DE,5,2,3,3
GL526DF,37,17,20,26
GL526DG,100,52,48,57
GL526DJ,53,28,25,26
GL526DL,17,11,6,8
GL526DN,5,4,1,2
GL526DP,38,18,20,22
GL526DQ,20,11,9,11
GL526DR,29,18,11,11
GL526DS,36,18,18,15
GL526DT,54,28,26,20
GL526DU,9,4,5,3
GL526DX,55,27,28,31
GL526DY,44,27,17,29
GL526DZ,84,45,39,36
GL526EA,69,35,34,41
GL526EB,14,6,8,4
GL526ED,27,14,13,15
GL526EE,21,12,9,8
GL526EF,48,23,25,17
GL526EG,27,14,13,14
GL526EH,4,2,2,3
GL526EJ,45,21,24,19
GL526EL,7,3,4,3
GL526EN,56,32,24,27
GL526EP,5,2,3,3
GL526EQ,47,30,17,31
GL526ER,34,16,18,18
GL526EW,28,18,10,16
GL526EX,47,26,21,27
GL526EY,33,17,16,12
GL526EZ,34,14,20,16
GL526HB,57,30,27,29
GL526HD,7,2,5,6
GL526HE,26,9,17,14
GL526HF,45,21,24,26
GL526HG,21,9,12,12
GL526HJ,159,82,77,67
GL526HL,86,48,38,60
GL526HN,38,19,19,20
GL526HP,61,30,31,31
GL526HS,26,13,13,10
GL526HT,10,4,6,4
GL526HU,1,1,0,0
GL526HW,34,17,17,19
GL526HY,7,4,3,4
GL526HZ,9,2,7,3
GL526JA,48,23,25,15
GL526JB,89,42,47,38
GL526JD,74,33,41,24
GL526JE,5,3,2,2
GL526JF,19,8,11,12
GL526JG,50,19,31,21
GL526JH,33,13,20,12
GL526JJ,74,36,38,31
GL526JL,60,31,29,22
GL526JN,41,20,21,12
GL526JP,21,10,11,8
GL526JR,17,9,8,9
GL526JS,63,29,34,23
GL526JT,42,19,23,18
GL526JU,45,20,25,22
GL526JW,19,9,10,10
GL526JY,17,10,7,5
GL526LA,51,15,36,37
GL526LB,51,24,27,21
GL526LD,5,2,3,3
GL526LE,8,4,4,3
GL526LF,39,19,20,17
GL526LG,69,38,31,24
GL526LH,73,37,36,31
GL526LJ,35,14,21,15
GL526LL,7,3,4,4
GL526LN,5,3,2,2
GL526LP,20,10,10,9
GL526LQ,10,3,7,5
GL526LR,8,3,5,2
GL526LS,87,42,45,34
GL526LT,43,18,25,26
GL526LU,12,3,9,5
GL526LW,37,20,17,14
GL526LX,21,10,11,7
GL526LY,37,18,19,15
GL526ND,19,10,9,10
GL526NE,4,2,2,2
GL526NF,16,7,9,8
GL526NG,9,4,5,4
GL526NH,4,2,2,2
GL526NJ,30,14,16,12
GL526NL,21,8,13,9
GL526NN,65,32,33,22
GL526NP,66,32,34,28
GL526NQ,10,5,5,3
GL526NS,20,11,9,6
GL526NU,29,14,15,11
GL526NW,11,5,6,4
GL526NX,24,14,10,7
GL526NY,23,11,12,9
GL526NZ,55,28,27,21
GL526PA,42,25,17,16
GL526PB,30,16,14,7
GL526PD,10,5,5,4
GL526PE,6,4,2,2
GL526PF,10,5,5,4
GL526PG,16,7,9,6
GL526PH,15,9,6,5
GL526PJ,12,6,6,4
GL526PN,15,6,9,5
GL526PP,2,1,1,1
GL526PQ,5,3,2,1
GL526PR,32,16,16,13
GL526PS,18,9,9,9
GL526PT,3,1,2,2
GL526PU,22,11,11,10
GL526PW,7,4,3,2
GL526PX,43,24,19,14
GL526PY,24,11,13,11
GL526QA,14,9,5,6
GL526QB,11,4,7,4
GL526QD,26,13,13,10
GL526QE,25,11,14,10
GL526QF,11,5,6,4
GL526QG,24,10,14,13
GL526QJ,8,5,3,3
GL526QQ,22,9,13,10
GL526QZ,45,23,22,16
GL526RA,36,17,19,11
GL526RB,22,12,10,16
GL526RD,54,26,28,29
GL526RE,26,16,10,15
GL526RF,24,14,10,8
GL526RG,5,1,4,2
GL526RH,103,55,48,33
GL526RJ,17,6,11,7
GL526RL,13,6,7,10
GL526RN,40,20,20,20
GL526RP,6,1,5,4
GL526RQ,109,53,56,43
GL526RR,31,13,18,23
GL526RS,32,17,15,23
GL526RW,11,4,7,7
GL526RX,28,15,13,11
GL526SA,30,16,14,16
GL526SB,95,53,42,51
GL526SD,7,4,3,2
GL526SE,81,48,33,30
GL526SF,13,6,7,10
GL526SG,17,11,6,15
GL526SH,2,1,1,1
GL526SJ,123,54,69,50
GL526SL,57,28,29,20
GL526SN,4,2,2,3
GL526SP,9,5,4,5
GL526SQ,98,49,49,48
GL526SR,24,14,10,11
GL526SS,40,24,16,10
GL526ST,82,34,48,36
GL526SU,58,34,24,22
GL526SW,20,13,7,8
GL526SX,145,69,76,51
GL526SY,31,12,19,16
GL526SZ,38,18,20,23
GL526TA,22,10,12,15
GL526TB,46,13,33,12
GL526TD,17,9,8,6
GL526TE,28,16,12,12
GL526TF,34,17,17,20
GL526TG,11,7,4,4
GL526TH,7,4,3,4
GL526TN,35,16,19,12
GL526TQ,35,15,20,19
GL526TS,10,5,5,4
GL526TT,55,33,22,21
GL526TU,100,51,49,35
GL526TX,89,44,45,31
GL526TY,51,21,30,24
GL526TZ,53,29,24,17
GL526UA,59,31,28,25
GL526UB,18,11,7,7
GL526UD,31,12,19,13
GL526UE,18,6,12,5
GL526UF,106,49,57,68
GL526UG,3,2,1,1
GL526UJ,12,9,3,4
GL526UL,11,5,6,3
GL526UN,19,7,12,12
GL526UQ,34,23,11,15
GL526UR,21,9,12,8
GL526UT,18,7,11,8
GL526UU,2,1,1,0
GL526UW,49,26,23,14
GL526UX,2,1,1,1
GL526UY,20,7,13,7
GL526UZ,9,5,4,3
GL526XR,43,24,19,17
GL526XW,14,7,7,6
GL526XX,8,3,5,4
GL526XY,29,15,14,13
GL526YA,52,24,28,21
GL526YB,128,65,63,40
GL526YD,10,6,4,4
GL526YE,6,4,2,2
GL526YF,42,22,20,14
GL526YG,54,30,24,19
GL526YH,30,14,16,11
GL526YJ,108,26,82,15
GL526YL,47,17,30,0
GL526YN,14,7,7,6
GL526YP,32,16,16,13
GL526YQ,11,7,4,6
GL526YR,85,43,42,32
GL526YS,12,5,7,5
GL526YT,38,23,15,10
GL526YU,148,65,83,52
GL526YW,68,31,37,28
GL526YX,55,23,32,22
GL526YY,64,26,38,26
GL526YZ,32,19,13,13
GL527DG,1,1,0,1
GL527RA,136,70,66,48
GL527RR,9,5,4,3
GL527RT,54,26,28,18
GL527RU,14,6,8,7
GL527RW,20,10,10,9
GL527RX,79,33,46,28
GL527RY,79,38,41,28
GL527SG,13,5,8,5
GL527SH,21,10,11,8
GL527SJ,28,13,15,9
GL527SU,12,6,6,5
GL527SX,4,2,2,1
GL527UZ,94,43,51,41
GL527WD,83,39,44,42
GL527WF,12,5,7,5
GL527WG,175,86,89,82
GL527WH,63,29,34,20
GL527WJ,26,13,13,13
GL527XU,70,33,37,28
GL527YA,13,6,7,7
GL527YG,48,28,20,20
GL527YH,60,34,26,20
GL527YP,59,28,31,35
GL527YQ,171,76,95,73
GL527YR,48,20,28,17
GL527YS,46,25,21,16
GL527YX,20,10,10,10
GL527YY,32,16,16,12
GL527YZ,54,27,27,23
GL528AA,13,7,6,5
GL528AB,79,39,40,32
GL528AD,37,23,14,17
GL528AF,22,13,9,8
GL528AG,88,45,43,38
GL528AH,7,4,3,5
GL528AJ,39,17,22,21
GL528AL,13,6,7,6
GL528AN,69,35,34,31
GL528AP,13,8,5,3
GL528AQ,32,17,15,16
GL528AR,33,14,19,15
GL528AS,12,4,8,7
GL528AT,36,19,17,23
GL528AU,34,16,18,20
GL528AW,45,23,22,24
GL528AX,62,34,28,29
GL528AY,9,3,6,7
GL528AZ,33,18,15,14
GL528BA,25,12,13,13
GL528BB,66,31,35,23
GL528BD,14,8,6,8
GL528BE,79,41,38,31
GL528BG,36,21,15,14
GL528BH,20,11,9,9
GL528BJ,46,21,25,22
GL528BL,47,25,22,16
GL528BN,62,28,34,34
GL528BP,43,19,24,25
GL528BQ,60,25,35,28
GL528BS,88,42,46,42
GL528BT,77,36,41,41
GL528BU,24,9,15,16
GL528BW,80,34,46,50
GL528BX,3,2,1,2
GL528BY,4,3,1,2
GL528BZ,15,8,7,7
GL528DA,41,20,21,24
GL528DB,18,9,9,10
GL528DD,78,33,45,36
GL528DE,77,36,41,32
GL528DF,11,4,7,8
GL528DG,21,8,13,13
GL528DH,6,1,5,5
GL528DJ,23,8,15,8
GL528DL,43,21,22,17
GL528DN,41,22,19,15
GL528DP,131,49,82,29
GL528DQ,12,7,5,4
GL528DR,64,33,31,26
GL528DS,25,11,14,9
GL528DT,34,17,17,14
GL528DU,20,11,9,14
GL528DW,41,21,20,11
GL528DX,30,16,14,15
GL528DY,44,24,20,17
GL528DZ,32,16,16,15
GL528EA,32,13,19,20
GL528EB,40,18,22,20
GL528ED,37,15,22,16
GL528EE,19,10,9,12
GL528EF,13,3,10,6
GL528EG,55,34,21,18
GL528EH,3,2,1,2
GL528EJ,5,2,3,3
GL528EL,158,75,83,63
GL528EN,65,34,31,25
GL528EQ,12,6,6,8
GL528HG,15,7,8,6
GL528HH,86,42,44,35
GL528HJ,126,59,67,52
GL528HL,29,12,17,12
GL528HQ,30,17,13,14
GL528HY,39,13,26,31
GL528JA,24,12,12,9
GL528JB,135,64,71,60
GL528JD,40,16,24,23
GL528JE,11,5,6,6
GL528JF,28,11,17,10
GL528JG,22,10,12,9
GL528JH,22,9,13,10
GL528JJ,88,45,43,34
GL528JL,107,51,56,45
GL528JN,42,18,24,21
GL528JP,140,73,67,61
GL528JQ,60,25,35,21
GL528JR,11,4,7,4
GL528JS,46,21,25,19
GL528JT,80,33,47,30
GL528JU,45,23,22,14
GL528JW,108,53,55,41
GL528JX,43,18,25,19
GL528JY,14,7,7,6
GL528JZ,26,11,15,14
GL528LA,76,38,38,33
GL528LB,43,20,23,22
GL528LD,7,2,5,3
GL528LE,11,6,5,4
GL528LF,76,36,40,23
GL528LG,54,24,30,24
GL528LH,10,7,3,3
GL528LJ,37,8,29,34
GL528LL,49,20,29,28
GL528LN,28,11,17,11
GL528LP,3,0,3,3
GL528LQ,47,18,29,23
GL528LR,21,12,9,11
GL528LS,11,6,5,7
GL528LT,2,1,1,1
GL528LU,27,13,14,11
GL528LW,85,42,43,41
GL528LX,54,26,28,25
GL528LY,18,10,8,6
GL528LZ,25,12,13,10
GL528NA,10,5,5,5
GL528NB,155,75,80,60
GL528ND,26,10,16,11
GL528NF,3,2,1,2
GL528NG,4,1,3,3
GL528NH,40,12,28,32
GL528NJ,63,33,30,32
GL528NL,68,34,34,32
GL528NN,7,3,4,4
GL528NP,39,19,20,17
GL528NQ,115,55,60,46
GL528NR,27,12,15,14
GL528NS,88,40,48,32
GL528NT,13,4,9,4
GL528NU,115,54,61,43
GL528NW,20,10,10,6
GL528NX,106,49,57,48
GL528NY,23,11,12,8
GL528NZ,24,12,12,12
GL528PA,27,14,13,11
GL528PB,56,25,31,22
GL528PD,50,27,23,16
GL528PE,37,14,23,17
GL528PF,16,9,7,6
GL528PG,67,34,33,26
GL528PH,76,32,44,32
GL528PJ,15,7,8,8
GL528PL,5,2,3,4
GL528PN,2,1,1,1
GL528PP,5,2,3,3
GL528PQ,25,12,13,10
GL528PW,3,1,2,3
GL528RH,28,14,14,14
GL528RN,1,1,0,1
GL528RP,113,52,61,45
GL528RR,82,44,38,29
GL528RS,37,18,19,24
GL528RT,27,11,16,10
GL528RU,21,8,13,12
GL528RW,21,12,9,8
GL528RX,31,16,15,17
GL528RY,47,13,34,40
GL528RZ,36,18,18,16
GL528SA,83,36,47,37
GL528SB,8,6,2,6
GL528SD,3,1,2,1
GL528SE,22,11,11,11
GL528SG,62,30,32,21
GL528SJ,78,38,40,38
GL528SL,56,27,29,26
GL528SN,17,6,11,13
GL528SP,23,5,18,20
GL528SQ,119,52,67,40
GL528SR,64,30,34,31
GL528SS,26,15,11,12
GL528ST,51,26,25,26
GL528SU,43,18,25,17
GL528SW,37,19,18,17
GL528SY,86,42,44,44
GL528SZ,26,13,13,11
GL528TA,27,12,15,16
GL528TD,72,35,37,30
GL528TE,53,24,29,31
GL528TF,20,8,12,8
GL528TG,85,37,48,29
GL528TH,27,12,15,8
GL528TJ,28,11,17,11
GL528TL,23,13,10,10
GL528TN,24,12,12,8
GL528TQ,25,11,14,14
GL528UJ,18,8,10,14
GL528UL,44,23,21,16
GL528UN,78,33,45,32
GL528UP,54,26,28,38
GL528UQ,68,31,37,41
GL528UR,27,13,14,14
GL528US,19,11,8,7
GL528UT,87,45,42,33
GL528UX,80,38,42,37
GL528WA,18,8,10,10
GL528WE,111,54,57,42
GL528WL,123,54,69,61
GL528WN,99,50,49,38
GL528WP,46,21,25,17
GL528XB,92,48,44,37
GL528XD,52,22,30,17
GL528XE,64,31,33,21
GL528XF,26,12,14,8
GL528XG,25,12,13,9
GL528XH,14,6,8,8
GL528XN,23,11,12,9
GL528XP,92,46,46,45
GL528XQ,37,21,16,17
GL528XS,37,16,21,24
GL528XT,43,19,24,16
GL528XW,54,28,26,31
GL528XY,31,14,17,10
GL528YF,6,3,3,3
GL528YN,20,11,9,9
GL528YS,4,1,3,1
GL528YT,26,13,13,12
GL528YU,77,42,35,29
GL528YW,72,39,33,39
GL529EP,66,32,34,24
GL529ER,57,29,28,22
GL529ES,26,10,16,15
GL529ET,45,22,23,16
GL529EU,19,9,10,9
GL529EW,86,47,39,31
GL529EX,67,34,33,28
GL529EY,50,26,24,18
GL529EZ,57,31,26,25
GL529FA,36,14,22,23
GL529FB,4,0,4,4
GL529FR,1,0,1,1
GL529FT,9,4,5,5
GL529FX,9,4,5,3
GL529HA,6,4,2,3
GL529HB,11,6,5,6
GL529HD,25,11,14,9
GL529HE,23,14,9,9
GL529HF,14,7,7,6
GL529HG,113,46,67,43
GL529HH,83,41,42,31
GL529HJ,20,13,7,6
GL529HL,85,39,46,26
GL529HN,72,33,39,32
GL529HP,24,9,15,13
GL529HQ,31,14,17,10
GL529HR,102,52,50,38
GL529HS,12,7,5,5
GL529HT,63,36,27,27
GL529HU,91,42,49,36
GL529HX,40,17,23,20
GL529HY,41,20,21,13
GL529HZ,69,36,33,26
GL529JA,7,3,4,5
GL529JD,18,6,12,13
GL529JE,9,6,3,6
GL529JF,52,21,31,30
GL529JG,9,5,4,5
GL529PR,73,41,32,26
GL529PS,18,9,9,7
GL529PT,73,30,43,32
GL529PU,53,23,30,26
GL529PW,21,10,11,7
GL529PX,23,11,12,10
GL529PY,91,47,44,35
GL529PZ,32,17,15,16
GL529QA,29,15,14,15
GL529QB,37,17,20,16
GL529QD,53,23,30,32
GL529QE,13,7,6,4
GL529QF,58,28,30,28
GL529QG,52,26,26,16
GL529QH,45,23,22,16
GL529QJ,17,8,9,8
GL529QL,44,22,22,20
GL529QN,11,3,8,7
GL529QP,23,10,13,10
GL529QQ,29,17,12,10
GL529QR,3,1,2,3
GL529QS,106,44,62,48
GL529QT,110,47,63,53
GL529QU,74,34,40,29
GL529QW,43,22,21,20
GL529QX,72,35,37,26
GL529QY,27,13,14,11
GL529QZ,7,5,2,2
GL529RA,5,4,1,2
GL529RB,18,10,8,7
GL529RD,19,9,10,7
GL529RE,15,6,9,7
GL529RF,23,10,13,8
GL529RG,55,27,28,27
GL529RJ,158,77,81,53
GL529RL,28,12,16,11
GL529RN,23,11,12,9
GL529SB,36,18,18,16
GL529SE,100,54,46,39
GL529SQ,16,6,10,7
GL529TP,6,3,3,3
GL529TR,21,11,10,8
GL529TS,18,7,11,11
GL529TT,33,17,16,18
GL529TU,38,19,19,17
GL529TX,64,30,34,26
GL529TY,27,16,11,10
GL529TZ,24,11,13,12
GL529UA,90,43,47,36
GL529UB,24,12,12,10
GL529UD,45,25,20,17
GL529UE,50,22,28,18
GL529UF,32,16,16,13
GL529UG,10,5,5,4
GL529UH,40,20,20,17
GL529UU,15,8,7,6
GL529WB,20,9,11,13
GL529XA,11,5,6,6
GL530AA,5,4,1,3
GL530AB,38,16,22,16
GL530AD,66,33,33,27
GL530AE,40,21,19,15
GL530AG,61,31,30,21
GL530AH,37,17,20,17
GL530AJ,16,7,9,4
GL530AL,3,1,2,2
GL530AN,2,0,2,1
GL530AQ,10,4,6,5
GL530AU,12,3,9,6
GL530AW,29,15,14,10
GL530AX,16,6,10,7
GL530AY,34,18,16,11
GL530AZ,20,12,8,10
GL530BB,33,16,17,12
GL530BD,23,11,12,9
GL530BE,4,2,2,2
GL530BG,28,14,14,9
GL530BH,39,19,20,20
GL530BJ,33,14,19,11
GL530BL,13,7,6,4
GL530BN,45,12,33,8
GL530BS,56,29,27,19
GL530BT,33,17,16,14
GL530BU,30,14,16,16
GL530BW,7,3,4,2
GL530BX,32,17,15,17
GL530BY,2,1,1,1
GL530BZ,11,5,6,4
GL530DA,7,4,3,2
GL530DB,10,4,6,5
GL530DD,55,27,28,37
GL530DE,23,12,11,14
GL530DF,49,23,26,28
GL530DG,16,7,9,8
GL530DH,47,24,23,18
GL530DJ,55,24,31,22
GL530DQ,54,26,28,23
GL530DS,33,15,18,17
GL530DT,22,13,9,13
GL530DU,46,22,24,21
GL530DW,74,38,36,34
GL530DX,14,8,6,10
GL530DY,19,10,9,6
GL530DZ,21,12,9,8
GL530EA,18,6,12,11
GL530EB,1,1,0,1
GL530ED,28,14,14,13
GL530EE,10,3,7,5
GL530EF,10,8,2,6
GL530EG,12,5,7,5
GL530EH,47,26,21,26
GL530EJ,66,28,38,30
GL530EL,54,28,26,26
GL530EN,16,8,8,7
GL530EP,16,6,10,6
GL530EQ,25,11,14,9
GL530ER,33,14,19,15
GL530ES,43,17,26,20
GL530ET,26,12,14,12
GL530EU,38,17,21,14
GL530EW,26,11,15,10
GL530EX,27,16,11,8
GL530EY,7,2,5,3
GL530EZ,25,15,10,14
GL530HA,17,9,8,10
GL530HB,24,12,12,12
GL530HD,69,38,31,26
GL530HE,101,46,55,34
GL530HF,8,6,2,2
GL530HG,29,14,15,16
GL530HH,16,8,8,6
GL530HJ,14,6,8,9
GL530HL,12,3,9,8
GL530HN,7,2,5,4
GL530HP,1,0,1,1
GL530HQ,6,2,4,4
GL530HS,2,1,1,2
GL530HT,7,2,5,5
GL530HU,6,2,4,4
GL530HW,7,2,5,3
GL530HY,17,10,7,6
GL530JA,11,6,5,7
GL530JB,7,4,3,7
GL530JD,48,19,29,20
GL530JE,33,14,19,13
GL530JF,11,6,5,4
GL530JG,14,8,6,8
GL530JH,45,19,26,24
GL530JJ,89,43,46,36
GL530JL,3,1,2,1
GL530JN,3,2,1,1
GL530JP,12,7,5,5
GL530JQ,45,22,23,22
GL530JR,6,4,2,3
GL530JW,15,7,8,8
GL530JX,14,8,6,7
GL530JY,76,41,35,32
GL530LA,98,35,63,57
GL530LB,37,23,14,16
GL530LE,9,4,5,5
GL530LF,67,27,40,27
GL530LG,39,20,19,11
GL530LH,3,2,1,2
GL530LJ,7,4,3,3
GL530LL,20,9,11,8
GL530LN,17,7,10,6
GL530LP,26,11,15,13
GL530LQ,22,9,13,8
GL530LR,10,5,5,5
GL530LS,26,14,12,11
GL530LT,26,12,14,12
GL530LU,28,13,15,13
GL530LW,9,4,5,5
GL530LX,13,6,7,6
GL530LY,15,6,9,6
GL530LZ,11,4,7,3
GL530NA,10,5,5,5
GL530NB,60,33,27,23
GL530ND,66,28,38,26
GL530NE,8,6,2,5
GL530NF,21,11,10,9
GL530NG,78,44,34,29
GL530NH,4,1,3,2
GL530NJ,29,14,15,12
GL530NL,45,20,25,20
GL530NN,17,7,10,9
GL530NP,15,4,11,8
GL530NQ,41,20,21,19
GL530NR,20,9,11,8
GL530NS,2,1,1,1
GL530NT,3,1,2,2
GL530NU,49,22,27,23
GL530NX,14,5,9,4
GL530NY,24,10,14,8
GL530NZ,3,2,1,2
GL530PA,83,40,43,31
GL530PB,69,31,38,31
GL530PD,23,12,11,10
GL530PE,7,4,3,3
GL530PF,78,41,37,28
GL530PG,36,18,18,14
GL530PH,13,6,7,5
GL530PJ,36,19,17,16
GL530PL,22,11,11,8
GL530PN,13,3,10,4
GL530PP,21,10,11,12
GL530PQ,33,18,15,12
GL530PR,66,33,33,27
GL530PS,30,17,13,12
GL530PU,60,33,27,28
GL530PW,27,14,13,12
GL530PX,18,7,11,8
GL530PY,20,10,10,8
GL530PZ,22,12,10,8
GL530QA,43,21,22,28
GL530QB,53,27,26,20
GL530QD,28,17,11,9
GL530QE,37,22,15,14
GL530QH,9,5,4,5
GL530QJ,57,28,29,16
GL537AA,6,3,3,1
GL537AD,15,10,5,10
GL537AE,3,2,1,1
GL537AF,34,14,20,21
GL537AJ,22,7,15,19
GL537AQ,4,3,1,1
GL537AR,26,12,14,20
GL537AS,18,8,10,10
GL537AT,5,4,1,2
GL537AU,7,3,4,7
GL537AX,6,1,5,4
GL537AY,24,11,13,13
GL537AZ,20,12,8,6
GL537BA,19,8,11,8
GL537BB,14,2,12,12
GL537BD,149,64,85,56
GL537BE,145,64,81,56
GL537BG,34,16,18,12
GL537BH,68,32,36,33
GL537BJ,66,29,37,23
GL537BN,20,10,10,6
GL537BP,28,12,16,11
GL537BQ,133,68,65,54
GL537BS,3,2,1,1
GL537BX,12,7,5,5
GL537BY,34,17,17,13
GL537DA,11,6,5,4
GL537DB,38,17,21,17
GL537DD,11,3,8,6
GL537DE,16,8,8,5
GL537DG,143,76,67,42
GL537DH,23,11,12,7
GL537DJ,46,20,26,17
GL537DL,22,6,16,14
GL537DN,57,33,24,14
GL537DP,31,15,16,9
GL537DQ,52,24,28,20
GL537DR,22,10,12,9
GL537DS,12,6,6,7
GL537DT,75,39,36,31
GL537DU,22,13,9,7
GL537DW,40,20,20,16
GL537DX,29,15,14,11
GL537DY,50,25,25,19
GL537DZ,2,1,1,1
GL537EA,22,11,11,9
GL537EE,3,2,1,2
GL537EG,33,19,14,14
GL537EJ,46,27,19,18
GL537EL,30,15,15,12
GL537EN,7,5,2,2
GL537EQ,19,14,5,12
GL537EX,82,34,48,48
GL537EY,14,8,6,7
GL537EZ,98,45,53,47
GL537HA,2,1,1,2
GL537HB,34,17,17,20
GL537HF,3,1,2,1
GL537HG,28,14,14,16
GL537HJ,25,15,10,16
GL537HL,27,13,14,12
GL537HN,25,11,14,10
GL537HP,9,7,2,8
GL537HR,4,2,2,2
GL537HS,15,6,9,8
GL537HT,5,2,3,4
GL537HU,25,12,13,9
GL537HX,61,32,29,26
GL537HY,28,16,12,10
GL537HZ,25,13,12,11
GL537JD,4,2,2,1
GL537JF,43,25,18,29
GL537JG,16,7,9,7
GL537JH,36,21,15,19
GL537JJ,17,9,8,10
GL537JL,21,13,8,10
GL537JN,7,4,3,4
GL537JP,6,2,4,4
GL537JQ,8,2,6,6
GL537JR,15,6,9,9
GL537JS,49,27,22,23
GL537JT,26,9,17,18
GL537JU,24,8,16,11
GL537JW,38,20,18,21
GL537JX,127,82,45,85
GL537LA,17,6,11,5
GL537LD,487,307,180,0
GL537LH,77,40,37,42
GL537LS,11,8,3,8
GL537LT,1,1,0,1
GL537LU,4,2,2,2
GL537LX,2,1,1,1
GL537LY,24,14,10,16
GL537LZ,25,14,11,12
GL537NA,19,6,13,7
GL537NB,12,11,1,8
GL537ND,13,7,6,6
GL537NE,7,3,4,5
GL537NF,10,5,5,6
GL537NG,9,6,3,3
GL537NH,22,10,12,10
GL537NJ,5,4,1,2
GL537NL,23,13,10,8
GL537NN,50,24,26,20
GL537NP,37,17,20,16
GL537NQ,22,12,10,13
GL537NR,43,19,24,25
GL537NS,30,14,16,13
GL537NT,20,6,14,7
GL537NU,35,14,21,17
GL537NW,2,1,1,2
GL537NX,79,43,36,32
GL537NY,86,35,51,41
GL537NZ,81,37,44,40
GL537PB,86,43,43,34
GL537PD,47,19,28,23
GL537PE,34,15,19,19
GL537PF,27,14,13,10
GL537PG,14,6,8,6
GL537PH,89,43,46,40
GL537PJ,98,49,49,38
GL537PL,43,23,20,22
GL537PN,76,37,39,37
GL537PQ,51,22,29,22
GL537PU,38,20,18,15
GL537PX,87,44,43,36
GL537PZ,16,6,10,8
GL537QD,33,17,16,15
GL537QE,43,19,24,18
GL537QF,39,23,16,20
GL537QG,12,9,3,10
GL537QH,50,24,26,19
GL537QJ,11,5,6,6
GL537QL,9,4,5,4
GL537QN,24,9,15,12
GL537QP,42,23,19,14
GL537QQ,18,10,8,12
GL537QR,75,34,41,40
GL537QS,17,8,9,7
GL537QU,22,13,9,10
GL537QW,7,2,5,5
GL537QX,56,25,31,21
GL537QY,33,15,18,18
GL537QZ,3,2,1,2
GL537RB,44,23,21,29
GL537RE,29,16,13,22
GL537RF,20,12,8,12
GL537RP,152,73,79,64
GL537RR,37,18,19,16
GL537RS,23,13,10,10
GL537RT,13,7,6,5
GL537RU,53,29,24,19
GL537RW,102,47,55,47
GL537RX,38,15,23,32
GL537RY,13,8,5,6
GL537SF,18,7,11,9
GL538AA,19,9,10,12
GL538AB,29,12,17,11
GL538AD,54,22,32,25
GL538AE,30,10,20,15
GL538AF,8,5,3,4
GL538AG,84,40,44,30
GL538AH,15,6,9,6
GL538AJ,93,42,51,32
GL538AL,33,15,18,15
GL538AN,28,8,20,15
GL538AP,63,27,36,49
GL538AR,20,10,10,10
GL538AS,41,18,23,19
GL538AT,25,11,14,11
GL538AU,64,29,35,31
GL538AW,25,14,11,9
GL538AY,51,28,23,17
GL538AZ,2,1,1,1
GL538BA,43,21,22,19
GL538BB,8,4,4,8
GL538BD,9,4,5,5
GL538BE,24,15,9,9
GL538BG,12,7,5,9
GL538BH,6,2,4,3
GL538BJ,13,6,7,5
GL538BL,8,4,4,3
GL538BN,19,8,11,6
GL538BP,5,3,2,2
GL538BQ,14,6,8,6
GL538BS,32,16,16,11
GL538BW,32,16,16,12
GL538DA,74,34,40,27
GL538DB,136,62,74,51
GL538DD,53,24,29,31
GL538DE,15,7,8,5
GL538DF,53,28,25,22
GL538DG,64,31,33,23
GL538DH,44,17,27,20
GL538DJ,25,13,12,10
GL538DL,47,27,20,17
GL538DN,77,33,44,30
GL538DP,11,5,6,5
GL538DQ,19,6,13,0
GL538DS,54,15,39,7
GL538DU,70,34,36,26
GL538DW,10,2,8,6
GL538DX,49,26,23,20
GL538DY,41,17,24,21
GL538EB,49,23,26,19
GL538ED,37,18,19,14
GL538EE,7,3,4,3
GL538EF,20,11,9,6
GL538EG,2,1,1,1
GL538EJ,32,18,14,17
GL538EL,6,2,4,3
GL538EN,25,14,11,12
GL538EP,33,14,19,12
GL538EQ,11,4,7,5
GL538ES,59,26,33,25
GL538ET,2,1,1,1
GL538EU,2,1,1,1
GL538EX,65,32,33,22
GL538EZ,68,36,32,26
GL538HA,27,10,17,5
GL538HB,33,18,15,11
GL538HD,24,13,11,9
GL538HE,3,1,2,2
GL538HF,41,22,19,16
GL538HG,12,6,6,6
GL538HH,6,4,2,3
GL538HJ,10,6,4,4
GL538HL,4,2,2,2
GL538HN,26,13,13,13
GL538HP,5,2,3,2
GL538HQ,8,4,4,3
GL538HR,20,8,12,9
GL538HS,39,23,16,17
GL538HT,33,18,15,13
GL538HU,25,10,15,13
GL538HW,13,8,5,3
GL538HX,6,3,3,4
GL538JE,52,25,27,20
GL538JF,10,4,6,3
GL538JG,58,28,30,21
GL538JH,20,10,10,11
GL538JJ,13,5,8,7
GL538JN,4,2,2,2
GL538JP,15,8,7,7
GL538JQ,16,7,9,10
GL538JR,7,6,1,3
GL538JS,10,3,7,4
GL538JT,22,11,11,12
GL538JU,36,14,22,14
GL538JX,4,1,3,3
GL538JY,11,5,6,5
GL538JZ,41,21,20,13
GL538LA,52,23,29,20
GL538LB,4,3,1,2
GL538LD,30,10,20,14
GL538LE,40,20,20,17
GL538LF,44,24,20,21
GL538LG,54,28,26,24
GL538LH,17,7,10,9
GL538LJ,89,45,44,31
GL538LL,34,20,14,13
GL538LN,34,16,18,12
GL538LP,19,9,10,9
GL538LQ,64,31,33,26
GL538LR,23,12,11,12
GL538LS,15,9,6,5
GL538LT,35,16,19,12
GL538LU,10,2,8,4
GL538LW,2,1,1,1
GL538LX,51,23,28,17
GL538LY,4,2,2,3
GL538LZ,55,30,25,20
GL538NA,28,12,16,21
GL538NB,26,17,9,14
GL538ND,26,12,14,22
GL538NF,6,3,3,4
GL538NG,43,24,19,15
GL538NH,29,15,14,14
GL538NJ,14,6,8,7
GL538NL,29,16,13,12
GL538NN,39,17,22,15
GL538NP,12,4,8,6
GL538NQ,89,45,44,35
GL538NR,34,17,17,13
GL538NS,73,37,36,32
GL538NT,12,5,7,6
GL538NU,10,3,7,4
GL538NW,19,9,10,9
GL538NX,49,24,25,16
GL538NY,40,17,23,18
GL538PA,26,12,14,12
GL538PB,18,8,10,5
GL538PD,39,19,20,18
GL538PE,13,6,7,8
GL538PF,47,23,24,19
GL538PG,12,6,6,6
GL538PH,22,10,12,11
GL538PJ,35,18,17,12
GL538PL,16,8,8,6
GL538PN,10,4,6,6
GL538PQ,54,26,28,27
GL538PR,30,12,18,9
GL538PW,35,18,17,18
GL538QA,23,8,15,12
GL538QB,20,7,13,8
GL538QD,10,5,5,4
GL538QE,9,5,4,4
GL538QG,47,19,28,17
GL538QH,43,19,24,15
GL538QJ,19,9,10,6
GL538QL,66,28,38,27
GL538QN,15,5,10,11
GL538QP,58,22,36,23
GL538QQ,2,1,1,1
GL538QR,18,9,9,8
GL538QS,45,23,22,19
GL538QT,130,59,71,47
GL538QU,12,7,5,5
GL538QW,29,14,15,10
GL538QX,4,2,2,2
GL538QY,15,8,7,4
GL538RA,115,51,64,35
GL538RB,10,4,6,3
GL538RD,15,8,7,6
GL538RE,16,3,13,12
GL538RF,25,15,10,11
GL539AA,16,9,7,7
GL539AB,14,8,6,7
GL539AD,10,6,4,5
GL539AE,3,1,2,3
GL539AF,45,18,27,16
GL539AG,21,9,12,9
GL539AH,46,22,24,21
GL539AJ,73,42,31,29
GL539AL,22,11,11,7
GL539AN,18,9,9,9
GL539AP,72,30,42,29
GL539AQ,31,14,17,12
GL539AR,6,2,4,3
GL539AS,20,13,7,8
GL539AT,37,19,18,16
GL539AU,4,3,1,2
GL539AW,33,20,13,11
GL539AX,40,8,32,3
GL539AY,47,23,24,16
GL539AZ,36,16,20,17
GL539BB,10,4,6,5
GL539BE,10,3,7,7
GL539BG,29,10,19,23
GL539BH,2,1,1,1
GL539BJ,35,18,17,13
GL539BL,47,21,26,24
GL539BN,6,4,2,2
GL539BP,49,27,22,22
GL539BQ,32,14,18,19
GL539BS,13,6,7,7
GL539BT,27,14,13,12
GL539BU,16,9,7,7
GL539BW,5,2,3,3
GL539BX,19,10,9,16
GL539BY,17,8,9,5
GL539BZ,42,19,23,15
GL539DA,25,12,13,11
GL539DB,17,6,11,8
GL539DE,13,7,6,6
GL539DF,16,8,8,7
GL539DG,41,18,23,15
GL539DH,19,9,10,8
GL539DJ,29,11,18,20
GL539DN,46,22,24,24
GL539DP,29,7,22,26
GL539DQ,31,15,16,15
GL539DT,37,21,16,12
GL539DW,54,28,26,24
GL539DX,41,21,20,17
GL539DY,55,30,25,23
GL539EA,25,13,12,7
GL539EB,36,19,17,11
GL539ED,23,13,10,8
GL539EE,32,14,18,11
GL539EF,91,46,45,38
GL539EG,41,24,17,13
GL539EH,47,25,22,16
GL539EJ,46,20,26,15
GL539EL,1,0,1,1
GL539EN,30,13,17,17
GL539EP,23,9,14,12
GL539EQ,38,18,20,14
GL539ER,36,19,17,14
GL539ES,112,52,60,51
GL539ET,104,50,54,42
GL539EU,46,26,20,23
GL539EW,52,23,29,31
GL539EX,13,6,7,5
GL539EY,12,5,7,7
GL539FB,10,6,4,3
GL539FD,19,10,9,5
GL539HA,14,9,5,7
GL539HD,40,17,23,0
GL539HH,10,5,5,3
GL539HJ,9,4,5,4
GL539HL,8,4,4,4
GL539HN,39,21,18,15
GL539HP,16,10,6,6
GL539HR,12,5,7,5
GL539HS,14,6,8,6
GL539HT,5,3,2,2
GL539HU,35,16,19,13
GL539HW,42,23,19,16
GL539HX,16,9,7,9
GL539HY,8,4,4,2
GL539HZ,11,5,6,6
GL539JA,9,5,4,4
GL539JB,27,13,14,11
GL539JD,6,3,3,3
GL539JE,26,13,13,15
GL539JF,20,11,9,8
GL539JG,36,16,20,15
GL539JH,57,23,34,26
GL539JJ,17,10,7,8
GL539JL,38,20,18,16
GL539JN,32,16,16,12
GL539JP,30,14,16,13
GL539JQ,17,9,8,5
GL539JR,34,11,23,27
GL539JW,24,11,13,12
GL539LA,13,4,9,9
GL539LB,54,25,29,20
GL539LD,29,11,18,17
GL539LE,7,2,5,6
GL539LF,26,15,11,10
GL539LG,56,26,30,26
GL539LH,16,7,9,10
GL539LJ,28,12,16,11
GL539LL,6,2,4,5
GL539LN,23,11,12,14
GL539LP,32,16,16,11
GL539LQ,12,6,6,6
GL539LR,10,5,5,4
GL539LS,9,4,5,5
GL539LT,36,15,21,19
GL539LU,21,8,13,11
GL539LW,27,11,16,15
GL539LX,41,14,27,26
GL539NE,12,6,6,5
GL539NF,4,2,2,2
GL539NG,20,9,11,4
GL539NJ,82,37,45,30
GL539NL,2,1,1,1
GL539NN,46,21,25,17
GL539NP,87,46,41,30
GL539NR,4,3,1,2
GL539NS,50,27,23,21
GL539NW,41,19,22,13
GL539PA,10,3,7,5
GL539PB,88,43,45,38
GL539PD,46,18,28,18
GL539PE,11,7,4,4
GL539PF,4,4,0,2
GL539PG,2,1,1,1
GL539PH,3,2,1,2
GL539PL,15,8,7,6
GL539PN,33,16,17,14
GL539PP,15,5,10,7
GL539PQ,7,2,5,3
GL539PR,35,15,20,17
GL539PS,11,6,5,5
GL539PT,16,8,8,7
GL539PU,7,2,5,3
GL539PW,2,1,1,1
GL539PX,5,2,3,2
GL539QB,5,3,2,1
GL539QG,48,25,23,20
GL539QH,65,32,33,20
GL539QJ,49,23,26,19
GL539QL,1,1,0,1
GL539QN,11,6,5,4
GL539QQ,55,29,26,19
GL539QR,7,3,4,3
GL539QS,7,4,3,2
GL539QT,22,10,12,9
GL539QU,72,40,32,0
GL539QW,53,25,28,25
GL539QX,20,9,11,8
GL539QY,29,15,14,12
GL539QZ,51,23,28,25
GL539RA,5,2,3,3
GL539RB,8,5,3,2
GL539RD,30,15,15,14
GL539RE,10,4,6,3
GL541AA,36,19,17,20
GL541AB,9,7,2,6
GL541AD,23,8,15,14
GL541AE,3,2,1,2
GL541AF,42,18,24,23
GL541AG,8,3,5,4
GL541AH,18,10,8,7
GL541AJ,4,2,2,3
GL541AL,35,18,17,14
GL541AN,46,19,27,19
GL541AP,49,28,21,22
GL541AQ,51,23,28,26
GL541AR,81,37,44,30
GL541AS,69,31,38,23
GL541AT,120,61,59,43
GL541AU,7,4,3,3
GL541AW,48,25,23,19
GL541AY,105,52,53,50
GL541AZ,7,3,4,5
GL541BA,12,5,7,10
GL541BB,4,1,3,2
GL541BD,6,2,4,6
GL541BE,5,3,2,2
GL541BG,22,10,12,11
GL541BN,24,13,11,15
GL541BP,9,3,6,6
GL541BQ,2,1,1,2
GL541BT,12,6,6,6
GL541BU,35,16,19,18
GL541BX,42,6,36,0
GL541BY,20,9,11,12
GL541DA,18,10,8,8
GL541DB,17,8,9,11
GL541DD,14,6,8,9
GL541DE,3,1,2,1
GL541DG,6,1,5,3
GL541DH,7,3,4,4
GL541DJ,35,14,21,21
GL541DL,16,8,8,7
GL541DN,36,15,21,23
GL541DP,11,6,5,6
GL541DQ,14,7,7,8
GL541DR,79,35,44,43
GL541DT,10,6,4,3
GL541DU,88,37,51,37
GL541DW,20,11,9,9
GL541DX,143,71,72,57
GL541DY,14,5,9,11
GL541DZ,15,6,9,11
GL541EA,44,20,24,22
GL541EB,66,41,25,26
GL541ED,17,7,10,7
GL541EE,5,2,3,2
GL541EF,13,5,8,12
GL541EG,42,22,20,19
GL541EH,36,16,20,15
GL541EJ,87,41,46,42
GL541EL,9,2,7,8
GL541EN,12,3,9,6
GL541EP,2,2,0,2
GL541ER,9,5,4,3
GL541ES,115,60,55,51
GL541ET,9,5,4,2
GL541EU,7,3,4,2
GL541EW,31,15,16,14
GL541EX,13,6,7,5
GL541EY,4,2,2,2
GL541EZ,5,3,2,2
GL541FB,11,6,5,5
GL541FE,8,3,5,4
GL541HA,6,3,3,2
GL541HB,14,5,9,5
GL541HD,10,5,5,5
GL541HE,6,2,4,4
GL541HF,2,0,2,1
GL541HG,16,7,9,6
GL541HH,2,0,2,1
GL541HN,22,9,13,17
GL541HP,49,24,25,22
GL541HQ,2,0,2,0
GL541HR,49,26,23,25
GL541HT,16,8,8,6
GL541HX,5,2,3,2
GL541HY,6,4,2,3
GL541HZ,5,2,3,2
GL541JA,13,6,7,5
GL541JB,38,20,18,15
GL541JD,20,9,11,10
GL541JE,36,18,18,16
GL541JF,2,1,1,1
GL541JG,7,3,4,2
GL541JH,10,6,4,4
GL541JJ,11,8,3,5
GL541JQ,15,10,5,6
GL541JS,6,4,2,3
GL541JT,41,23,18,15
GL541JU,26,16,10,9
GL541JW,1,0,1,1
GL541JX,5,4,1,1
GL541JY,3,2,1,2
GL541JZ,33,12,21,18
GL541LA,8,5,3,3
GL541LD,32,13,19,13
GL541LE,15,8,7,7
GL541LF,48,21,27,23
GL541LG,38,18,20,17
GL541LH,47,23,24,27
GL541LJ,16,6,10,7
GL541LL,16,7,9,8
GL541LN,5,2,3,3
GL541LP,11,6,5,6
GL541LQ,3,1,2,1
GL541LR,44,22,22,14
GL541LS,38,19,19,31
GL541LT,6,3,3,3
GL541LU,9,7,2,6
GL541LW,6,4,2,3
GL541LX,17,6,11,13
GL541LY,7,3,4,4
GL541LZ,6,3,3,3
GL542AA,15,5,10,10
GL542AE,5,1,4,2
GL542AF,3,1,2,1
GL542AG,5,2,3,1
GL542AH,1,1,0,1
GL542AN,12,7,5,7
GL542AP,57,28,29,19
GL542AQ,3,1,2,3
GL542AR,125,65,60,62
GL542AT,39,23,16,13
GL542AU,29,15,14,15
GL542AW,2,2,0,1
GL542AX,29,12,17,18
GL542AY,102,46,56,44
GL542AZ,69,34,35,33
GL542BA,13,5,8,12
GL542BB,19,7,12,10
GL542BE,18,11,7,11
GL542BH,21,8,13,16
GL542BJ,8,3,5,5
GL542BL,38,14,24,31
GL542BN,2,1,1,1
GL542BQ,41,12,29,1
GL542BS,2,1,1,1
GL542BT,2,1,1,1
GL542BU,7,3,4,4
GL542BW,23,8,15,19
GL542BX,9,6,3,4
GL542BY,33,19,14,14
GL542BZ,8,4,4,4
GL542DA,8,4,4,4
GL542DD,12,7,5,6
GL542DF,48,24,24,29
GL542DG,20,9,11,12
GL542DH,5,2,3,4
GL542DJ,13,5,8,5
GL542DL,12,5,7,5
GL542DN,25,12,13,13
GL542DP,3,2,1,2
GL542DQ,54,22,32,33
GL542DS,1,0,1,1
GL542DT,30,15,15,15
GL542DU,50,21,29,22
GL542DW,14,6,8,8
GL542DX,21,9,12,8
GL542DY,20,11,9,6
GL542DZ,64,33,31,30
GL542EA,34,18,16,25
GL542EB,137,66,71,65
GL542ED,29,16,13,11
GL542EE,31,14,17,15
GL542EF,13,7,6,5
GL542EG,25,9,16,14
GL542EH,153,68,85,61
GL542EJ,39,16,23,21
GL542EL,28,14,14,11
GL542EN,41,20,21,21
GL542EP,44,27,17,16
GL542EQ,7,3,4,5
GL542ER,71,33,38,36
GL542ES,89,42,47,38
GL542ET,110,54,56,35
GL542EU,108,52,56,40
GL542EW,146,69,77,67
GL542EX,12,4,8,7
GL542EY,13,9,4,6
GL542EZ,13,6,7,6
GL542FB,14,8,6,5
GL542FD,11,6,5,6
GL542FE,15,7,8,6
GL542FN,21,9,12,9
GL542GA,56,27,29,25
GL542GB,37,18,19,14
GL542GD,69,36,33,24
GL542GE,8,3,5,3
GL542GF,1,1,0,1
GL542GG,14,7,7,6
GL542GH,7,3,4,4
GL542GZ,65,34,31,26
GL542HA,16,9,7,6
GL542HB,23,12,11,8
GL542HD,116,55,61,48
GL542HE,35,14,21,32
GL542HF,79,34,45,46
GL542HG,27,13,14,14
GL542HH,64,25,39,38
GL542HJ,10,3,7,3
GL542HL,16,8,8,5
GL542HN,2,0,2,1
GL542HP,27,12,15,12
GL542HQ,1,1,0,1
GL542HR,8,5,3,3
GL542HS,13,6,7,8
GL542HT,13,7,6,5
GL542HU,10,5,5,6
GL542HW,1,0,1,1
GL542HX,32,15,17,18
GL542HY,60,29,31,26
GL542HZ,1,0,1,1
GL542JA,11,6,5,4
GL542JB,23,13,10,11
GL542JD,4,2,2,2
GL542JE,10,4,6,5
GL542JF,19,11,8,11
GL542JG,18,9,9,9
GL542JH,4,2,2,2
GL542JJ,15,5,10,7
GL542JL,12,6,6,5
GL542JN,11,5,6,6
GL542JP,3,1,2,2
GL542JQ,7,3,4,3
GL542JR,2,1,1,1
GL542JS,8,5,3,4
GL542JT,2,1,1,2
GL542JW,10,4,6,4
GL542JX,9,5,4,6
GL542JY,20,8,12,8
GL542JZ,93,46,47,37
GL542LA,3,1,2,2
GL542LB,4,2,2,1
GL542LD,9,4,5,4
GL542LE,38,19,19,13
GL542LF,20,9,11,9
GL542LG,124,61,63,48
GL542LH,53,24,29,22
GL542LJ,76,37,39,27
GL542LL,43,22,21,19
GL542LN,41,22,19,17
GL542LP,70,36,34,29
GL542LQ,20,9,11,6
GL542LR,3,2,1,2
GL542LS,10,5,5,6
GL542LT,19,9,10,8
GL542LU,4,1,3,4
GL542LW,27,15,12,15
GL542LX,86,45,41,42
GL542LY,53,25,28,20
GL542NA,21,11,10,10
GL542NB,114,52,62,50
GL542ND,118,62,56,46
GL542NE,16,7,9,5
GL542NF,50,26,24,23
GL542NG,58,23,35,16
GL542NH,82,41,41,38
GL542NJ,12,7,5,4
GL542NL,24,13,11,8
GL542NN,47,21,26,20
GL542NP,69,35,34,28
GL542NQ,25,10,15,7
GL542NR,22,11,11,11
GL542NS,53,25,28,22
GL542NT,174,89,85,61
GL542NU,38,17,21,13
GL542NX,13,9,4,4
GL542NY,107,53,54,40
GL542NZ,33,14,19,12
GL542PA,29,12,17,8
GL542PB,25,13,12,8
GL542PD,2,1,1,1
GL542PF,25,11,14,8
GL542PJ,20,11,9,9
GL542PN,70,32,38,39
GL542PP,4,1,3,3
GL542PQ,9,4,5,5
GL542PR,55,23,32,27
GL542PS,14,6,8,8
GL542PT,49,28,21,22
GL542PU,11,6,5,6
GL542PW,2,1,1,2
GL542QA,7,3,4,4
GL542QB,2,1,1,1
GL542QT,20,9,11,6
GL542QW,15,8,7,5
GL542QX,20,11,9,5
GL542QY,28,14,14,7
GL542QZ,21,12,9,8
GL543AA,40,18,22,21
GL543AD,23,10,13,12
GL543AF,54,27,27,22
GL543AG,10,6,4,5
GL543AH,23,13,10,6
GL543AJ,15,6,9,7
GL543AL,4,2,2,2
GL543AN,1,0,1,1
GL543AQ,8,5,3,3
GL543AR,3,2,1,1
GL543AS,37,18,19,18
GL543AT,22,11,11,14
GL543AU,49,24,25,17
GL543AX,28,16,12,16
GL543AY,15,7,8,4
GL543AZ,30,11,19,8
GL543BA,4,2,2,2
GL543BH,40,22,18,23
GL543BJ,68,35,33,31
GL543BL,13,6,7,5
GL543BN,38,19,19,15
GL543BP,24,13,11,10
GL543BQ,4,2,2,2
GL543BS,59,30,29,20
GL543BT,25,15,10,11
GL543BU,12,8,4,5
GL543BW,12,6,6,5
GL543BX,14,8,6,6
GL543BY,31,17,14,12
GL543BZ,14,6,8,4
GL543DH,51,25,26,22
GL543DJ,26,13,13,14
GL543DL,4,2,2,2
GL543DN,6,5,1,2
GL543DR,32,18,14,15
GL543DS,17,9,8,6
GL543DT,3,1,2,1
GL543DU,21,11,10,8
GL543DW,20,9,11,13
GL543DX,7,2,5,4
GL543DY,37,20,17,12
GL543DZ,28,16,12,19
GL543ED,23,10,13,12
GL543EE,9,4,5,5
GL543EG,7,5,2,4
GL543EH,4,2,2,2
GL543EJ,48,25,23,22
GL543EL,5,4,1,1
GL543EN,33,14,19,16
GL543EP,18,8,10,8
GL543ER,6,3,3,3
GL543ES,19,9,10,9
GL543ET,35,19,16,16
GL543EU,61,28,33,27
GL543EW,2,1,1,1
GL543EX,45,22,23,17
GL543EY,24,8,16,16
GL543EZ,32,13,19,13
GL543FB,11,5,6,3
GL543HA,1,1,0,1
GL543HB,9,4,5,4
GL543HD,2,1,1,1
GL543HE,11,4,7,6
GL543HF,12,7,5,4
GL543HG,34,15,19,19
GL543HJ,77,32,45,41
GL543HL,6,2,4,3
GL543HN,82,42,40,34
GL543HP,33,12,21,19
GL543HQ,12,7,5,5
GL543HR,94,52,42,36
GL543HS,85,33,52,29
GL543HT,9,4,5,4
GL543HU,46,20,26,15
GL543HX,13,6,7,9
GL543HY,2,1,1,1
GL543HZ,10,5,5,4
GL543JA,15,6,9,8
GL543JD,10,5,5,5
GL543JE,38,20,18,16
GL543JF,28,14,14,12
GL543JG,18,9,9,9
GL543JJ,17,9,8,7
GL543JL,7,3,4,3
GL543JN,13,4,9,6
GL543JP,7,5,2,5
GL543JQ,15,6,9,5
GL543JR,6,3,3,3
GL543JS,6,3,3,3
GL543JT,12,4,8,5
GL543JU,14,6,8,7
GL543JW,31,13,18,11
GL543JX,5,4,1,2
GL543JY,13,7,6,6
GL543JZ,43,18,25,20
GL543LA,11,7,4,6
GL543LB,16,9,7,10
GL543LD,3,2,1,2
GL543LE,29,14,15,13
GL543LF,5,2,3,2
GL543LG,15,6,9,6
GL543LJ,11,6,5,4
GL543LL,5,3,2,3
GL543LQ,55,26,29,27
GL543LR,8,1,7,7
GL543LU,4,1,3,2
GL543LX,6,4,2,1
GL543LY,5,3,2,3
GL543LZ,3,2,1,2
GL543NA,2,2,0,2
GL543NB,10,6,4,5
GL543ND,28,14,14,14
GL543NE,2,1,1,1
GL543NF,18,6,12,8
GL543NG,4,1,3,1
GL543NH,12,7,5,3
GL543NJ,6,3,3,3
GL543NL,7,4,3,5
GL543NN,41,20,21,19
GL543NQ,39,16,23,21
GL543NR,2,1,1,1
GL543NS,13,7,6,5
GL543NT,16,5,11,8
GL543NU,30,15,15,14
GL543NW,12,5,7,6
GL543NX,3,2,1,1
GL543NY,11,5,6,5
GL543NZ,4,1,3,1
GL543PA,11,5,6,5
GL543PB,13,6,7,6
GL543PD,42,16,26,23
GL543PE,35,17,18,16
GL543PF,82,39,43,32
GL543PG,3,1,2,1
GL543PH,22,15,7,8
GL543PJ,4,2,2,3
GL543PL,16,9,7,5
GL543PN,22,10,12,12
GL543PP,7,3,4,3
GL543PQ,43,12,31,1
GL543PR,10,4,6,5
GL543PS,13,5,8,7
GL543PT,11,5,6,4
GL543PU,14,10,4,4
GL543PW,8,4,4,3
GL543PX,15,6,9,7
GL543PY,5,2,3,1
GL543PZ,8,5,3,5
GL543QA,3,1,2,1
GL543QB,11,7,4,6
GL543QD,20,8,12,9
GL543QE,9,6,3,5
GL543QF,4,2,2,2
GL543QG,3,1,2,2
GL543QH,84,37,47,38
GL543QJ,40,22,18,17
GL543QP,17,9,8,7
GL543QQ,113,56,57,41
GL543QR,9,3,6,4
GL543QS,13,8,5,7
GL543QT,14,8,6,8
GL543QU,23,9,14,13
GL543QX,8,2,6,7
GL543QY,25,13,12,9
GL543QZ,52,26,26,22
GL543RA,8,4,4,4
GL543RB,6,3,3,3
GL543RD,9,4,5,3
GL543RE,13,5,8,7
GL543RL,100,42,58,31
GL543RN,25,15,10,10
GL544AA,68,35,33,29
GL544AB,28,15,13,11
GL544AD,12,7,5,7
GL544AE,3,0,3,3
GL544AF,18,9,9,8
GL544AG,39,19,20,16
GL544AH,30,12,18,13
GL544AJ,69,33,36,25
GL544AL,36,18,18,15
GL544AN,23,11,12,12
GL544AP,26,11,15,9
GL544AQ,25,12,13,14
GL544AR,10,6,4,3
GL544AS,3,1,2,2
GL544AT,3,2,1,1
GL544AU,3,1,2,1
GL544AW,29,13,16,12
GL544BA,5,2,3,3
GL544BB,17,8,9,7
GL544BD,12,5,7,6
GL544BE,25,12,13,12
GL544BG,15,10,5,9
GL544BH,16,7,9,6
GL544BJ,3,2,1,2
GL544BL,6,3,3,2
GL544BN,22,10,12,8
GL544BP,23,9,14,7
GL544BQ,27,12,15,14
GL544BS,2,1,1,1
GL544BW,2,1,1,1
GL544DA,29,15,14,12
GL544DB,73,36,37,24
GL544DD,72,39,33,30
GL544DE,7,5,2,3
GL544DF,19,9,10,6
GL544DG,66,29,37,28
GL544DL,10,6,4,4
GL544DN,7,4,3,3
GL544DP,15,10,5,7
GL544DR,45,23,22,23
GL544DS,24,11,13,11
GL544DT,4,2,2,1
GL544DU,11,6,5,4
GL544DW,14,6,8,6
GL544DX,31,16,15,14
GL544DZ,15,7,8,7
GL544EA,3,1,2,2
GL544EB,62,34,28,25
GL544ED,10,3,7,4
GL544EE,28,12,16,17
GL544EF,14,9,5,6
GL544EG,2,1,1,1
GL544EP,12,4,8,4
GL544ER,2,1,1,1
GL544ES,7,3,4,3
GL544ET,9,5,4,2
GL544EU,10,4,6,4
GL544EX,10,5,5,4
GL544EY,3,2,1,1
GL544EZ,14,8,6,6
GL544HA,12,6,6,6
GL544HB,38,20,18,14
GL544HD,28,12,16,17
GL544HE,8,5,3,4
GL544HF,22,9,13,12
GL544HG,27,16,11,11
GL544HL,28,17,11,8
GL544HN,21,11,10,8
GL544HP,65,34,31,25
GL544HQ,8,3,5,4
GL544HR,96,44,52,37
GL544HS,8,5,3,4
GL544HT,3,2,1,2
GL544HU,37,21,16,15
GL544HW,5,2,3,2
GL544HX,14,6,8,7
GL544HY,10,4,6,3
GL544HZ,28,17,11,11
GL544JA,14,7,7,6
GL544JB,7,2,5,5
GL544JD,12,5,7,7
GL544JE,75,44,31,26
GL544JF,53,27,26,25
GL544JG,33,16,17,15
GL544JH,1,1,0,1
GL544JJ,26,13,13,11
GL544JL,1,1,0,1
GL544JN,2,1,1,1
GL544JQ,36,15,21,12
GL544JR,58,30,28,22
GL544JT,8,3,5,4
GL544JW,49,24,25,23
GL544JX,49,22,27,15
GL544JY,8,4,4,4
GL544LA,40,23,17,17
GL544LD,10,6,4,5
GL544LE,37,21,16,17
GL544LF,99,57,42,47
GL544LG,35,17,18,12
GL544LH,8,4,4,4
GL544LJ,7,4,3,3
GL544LL,12,7,5,4
GL544LN,11,5,6,4
GL544LP,37,15,22,19
GL544LQ,26,16,10,12
GL544LR,1,1,0,1
GL544LS,19,11,8,4
GL544LT,40,21,19,21
GL544LU,18,10,8,7
GL544LW,15,6,9,6
GL544LX,35,17,18,13
GL544LY,21,9,12,8
GL544NE,56,31,25,22
GL544NF,4,2,2,2
GL544NG,8,4,4,4
GL544NH,77,41,36,28
GL544NJ,11,7,4,4
GL544NN,5,3,2,1
GL544NP,9,3,6,5
GL544NQ,106,46,60,39
GL544NR,3,1,2,2
GL544NS,31,16,15,15
GL544NT,8,3,5,2
GL544NU,5,4,1,2
GL544NW,4,2,2,2
GL544NX,9,3,6,4
GL544NY,5,4,1,2
GL545AA,7,4,3,3
GL545AB,26,11,15,10
GL545AD,17,7,10,9
GL545AE,6,3,3,3
GL545AF,9,4,5,4
GL545AG,22,13,9,7
GL545AH,11,6,5,4
GL545AJ,8,3,5,3
GL545AL,12,7,5,4
GL545AN,12,6,6,5
GL545AP,11,5,6,5
GL545AQ,53,28,25,21
GL545AR,4,1,3,1
GL545AS,2,1,1,1
GL545AT,11,7,4,6
GL545AU,13,6,7,6
GL545AX,17,8,9,5
GL545AY,6,3,3,3
GL545AZ,1,0,1,1
GL545BA,9,4,5,4
GL545BD,6,3,3,3
GL545BE,57,31,26,22
GL545BG,8,5,3,4
GL545BH,39,18,21,19
GL545BJ,73,39,34,30
GL545BL,51,25,26,22
GL545BN,11,6,5,6
GL545BP,10,6,4,4
GL545BS,2,1,1,1
GL545BT,42,19,23,16
GL545BW,5,2,3,3
GL545BX,12,7,5,4
GL545BY,18,9,9,5
GL545BZ,25,14,11,8
GL545DA,13,7,6,5
GL545DB,19,10,9,8
GL545DD,52,26,26,20
GL545DG,14,7,7,5
GL545DJ,24,10,14,12
GL545DL,2,1,1,1
GL545DN,8,4,4,3
GL545DP,15,9,6,7
GL545DQ,105,50,55,46
GL545DR,6,4,2,3
GL545DS,29,13,16,11
GL545DT,28,15,13,11
GL545DU,86,45,41,34
GL545DW,28,13,15,10
GL545DX,8,4,4,3
GL545EA,12,7,5,5
GL545EE,34,19,15,14
GL545EF,10,6,4,5
GL545EG,36,20,16,15
GL545EJ,46,24,22,17
GL545EL,76,38,38,29
GL545EN,11,6,5,6
GL545EP,81,43,38,29
GL545EQ,30,14,16,11
GL545ER,15,7,8,7
GL545ES,7,4,3,5
GL545ET,21,9,12,9
GL545EU,17,8,9,9
GL545EW,3,2,1,1
GL545EX,33,19,14,14
GL545EY,54,30,24,19
GL545EZ,15,8,7,5
GL545HA,11,7,4,5
GL545HB,4,2,2,3
GL545HD,26,14,12,8
GL545HE,5,3,2,2
GL545HF,16,9,7,5
GL545HG,24,13,11,8
GL545HH,45,19,26,18
GL545HJ,62,34,28,24
GL545HL,48,27,21,17
GL545HN,95,48,47,38
GL545HP,16,8,8,6
GL545HQ,27,14,13,9
GL545HR,4,2,2,3
GL545HS,23,9,14,11
GL545HT,5,2,3,3
GL545HU,89,42,47,50
GL545HW,48,22,26,16
GL545HX,35,17,18,22
GL545HY,33,15,18,21
GL545HZ,41,19,22,18
GL545JA,42,20,22,21
GL545JB,30,17,13,14
GL545JD,5,2,3,2
GL545JE,19,7,12,8
GL545JF,16,6,10,9
GL545JG,9,4,5,3
GL545JH,33,17,16,14
GL545JJ,17,7,10,7
GL545JL,7,2,5,5
GL545JN,15,8,7,6
GL545JP,58,29,29,23
GL545JQ,8,4,4,5
GL545JR,4,1,3,2
GL545JS,14,8,6,5
GL545JT,96,48,48,41
GL545JU,51,23,28,33
GL545JX,98,47,51,51
GL545JY,23,10,13,14
GL545JZ,23,10,13,12
GL545LA,55,31,24,28
GL545LB,30,16,14,12
GL545LD,10,4,6,4
GL545LE,33,15,18,17
GL545LF,20,7,13,11
GL545LG,28,15,13,12
GL545LH,17,8,9,9
GL545LJ,55,30,25,31
GL545LL,13,6,7,4
GL545LN,12,4,8,9
GL545LP,26,13,13,13
GL545LQ,56,29,27,24
GL545LR,20,10,10,8
GL545LS,12,8,4,10
GL545LT,25,12,13,15
GL545LU,27,12,15,14
GL545LX,110,45,65,62
GL545LY,4,2,2,3
GL545LZ,26,11,15,14
GL545NA,29,14,15,15
GL545NB,5,2,3,4
GL545ND,26,15,11,13
GL545NE,11,5,6,6
GL545NF,39,16,23,19
GL545NG,13,6,7,8
GL545NH,5,3,2,3
GL545NJ,8,5,3,4
GL545NL,23,12,11,10
GL545NN,13,6,7,7
GL545NP,90,44,46,34
GL545NQ,31,16,15,12
GL545NR,69,32,37,22
GL545NT,19,12,7,9
GL545NU,17,11,6,10
GL545NW,25,13,12,10
GL545NX,33,12,21,14
GL545NY,19,10,9,7
GL545NZ,7,3,4,2
GL545PA,4,2,2,2
GL545PB,37,17,20,16
GL545PD,6,4,2,1
GL545PE,13,5,8,7
GL545PF,82,39,43,36
GL545PG,29,15,14,12
GL545PH,24,10,14,10
GL545PJ,14,6,8,5
GL545PL,33,15,18,13
GL545PN,101,49,52,45
GL545PP,11,6,5,4
GL545PQ,32,15,17,12
GL545PR,15,5,10,6
GL545PS,98,43,55,45
GL545PT,6,5,1,2
GL545PU,2,1,1,2
GL545PW,33,11,22,31
GL545PX,2,2,0,2
GL545PY,6,1,5,6
GL545QA,117,57,60,40
GL545QB,89,38,51,42
GL545QD,29,13,16,16
GL545QE,31,19,12,12
GL545QF,32,13,19,12
GL545QG,78,36,42,35
GL545QH,19,12,7,6
GL545QJ,24,12,12,12
GL545QL,46,21,25,13
GL545QN,20,10,10,15
GL545QP,126,62,64,52
GL545QQ,44,24,20,18
GL545QR,78,37,41,38
GL545QS,8,4,4,5
GL545QT,24,14,10,13
GL545QU,13,5,8,8
GL545QW,26,11,15,14
GL545QX,74,39,35,30
GL545QY,92,42,50,39
GL545QZ,48,30,18,23
GL545RA,44,23,21,24
GL545RB,23,10,13,8
GL545RD,55,30,25,26
GL545RE,16,8,8,4
GL545RF,20,9,11,8
GL545RG,3,2,1,3
GL545RH,3,1,2,1
GL545RJ,16,9,7,6
GL545RL,5,3,2,4
GL545RP,74,38,36,30
GL545RR,10,2,8,3
GL545RS,31,16,15,14
GL545RT,42,23,19,15
GL545RU,54,25,29,27
GL545RW,12,5,7,4
GL545RX,50,25,25,23
GL545RY,16,9,7,7
GL545SA,9,6,3,3
GL545SB,12,8,4,5
GL545SD,13,6,7,4
GL545SH,2,1,1,1
GL545SJ,16,9,7,6
GL545SL,49,23,26,24
GL545SP,45,21,24,22
GL545SR,3,2,1,1
GL545SS,2,1,1,1
GL545ST,7,3,4,4
GL545SU,1,1,0,1
GL545SW,21,7,14,13
GL545SX,14,6,8,8
GL545SY,8,3,5,4
GL545SZ,30,13,17,14
GL545TA,41,18,23,18
GL545TB,8,3,5,3
GL545TD,4,2,2,1
GL545TE,7,2,5,2
GL545TF,15,9,6,8
GL545TH,25,11,14,11
GL545TJ,8,2,6,3
GL545TL,5,2,3,3
GL545TN,4,2,2,2
GL545TQ,1,0,1,1
GL545TT,11,4,7,3
GL545TU,5,4,1,2
GL545TX,16,8,8,6
GL545TY,40,21,19,20
GL545TZ,25,12,13,10
GL545UA,4,2,2,2
GL545UB,6,3,3,4
GL545UD,13,6,7,4
GL545UE,2,1,1,1
GL545UF,18,8,10,9
GL545UG,60,27,33,25
GL545UP,16,8,8,6
GL545UR,17,8,9,10
GL545US,25,10,15,15
GL545UT,18,8,10,9
GL545UU,23,9,14,13
GL545UX,26,11,15,12
GL545UY,10,5,5,6
GL545UZ,13,8,5,7
GL545XA,12,7,5,11
GL545XG,15,9,6,7
GL545XH,28,12,16,12
GL545XJ,25,10,15,11
GL545XL,39,17,22,21
GL545XQ,37,18,19,18
GL545XS,7,3,4,2
GL545XU,32,17,15,8
GL545XX,9,5,4,4
GL545YE,43,20,23,23
GL545YF,21,9,12,12
GL545YG,6,4,2,6
GL545YJ,17,8,9,6
GL545YL,63,31,32,34
GL545YN,22,10,12,15
GL545YP,16,6,10,8
GL545YS,11,5,6,5
GL545YT,16,8,8,6
GL545YU,38,18,20,17
GL545YW,32,14,18,26
GL545YX,25,12,13,11
GL545YY,16,8,8,7
GL545YZ,56,29,27,27
GL556AB,3,1,2,1
GL556AD,15,8,7,8
GL556AE,3,2,1,2
GL556AF,5,2,3,3
GL556AG,49,22,27,21
GL556AL,14,9,5,9
GL556AR,1,0,1,1
GL556AS,6,4,2,2
GL556AT,10,5,5,5
GL556AU,68,31,37,33
GL556AW,1,1,0,0
GL556AX,16,7,9,8
GL556AZ,71,31,40,30
GL556BB,16,7,9,9
GL556BD,61,34,27,26
GL556BE,51,24,27,19
GL556BG,2,0,2,2
GL556BJ,7,4,3,5
GL556BN,6,3,3,5
GL556BP,25,11,14,13
GL556BQ,28,8,20,14
GL556BS,8,3,5,5
GL556BU,4,2,2,2
GL556BW,18,8,10,10
GL556BX,2,1,1,1
GL556DA,10,5,5,5
GL556DB,33,10,23,14
GL556DD,2,1,1,1
GL556DE,20,9,11,10
GL556DF,45,24,21,20
GL556DG,17,9,8,7
GL556DH,41,17,24,17
GL556DJ,5,3,2,3
GL556DL,13,6,7,7
GL556DN,1,1,0,1
GL556DP,12,6,6,5
GL556DQ,1,0,1,1
GL556DR,94,40,54,24
GL556DS,6,3,3,4
GL556DU,4,1,3,3
GL556DW,6,3,3,4
GL556DX,5,4,1,4
GL556DY,30,12,18,15
GL556DZ,14,6,8,6
GL556EA,39,18,21,21
GL556EB,23,9,14,12
GL556ED,41,21,20,19
GL556EG,34,17,17,19
GL556EH,20,9,11,10
GL556EJ,15,6,9,7
GL556EL,38,15,23,30
GL556EN,32,14,18,16
GL556EP,19,9,10,7
GL556EQ,7,3,4,4
GL556ES,15,5,10,13
GL556HA,2,0,2,1
GL556HB,35,16,19,21
GL556HG,2,1,1,1
GL556HL,15,6,9,9
GL556HP,23,10,13,10
GL556HQ,2,0,2,1
GL556HR,81,43,38,32
GL556HS,43,22,21,20
GL556HU,4,1,3,3
GL556HW,13,6,7,6
GL556HX,3,2,1,2
GL556HY,87,43,44,36
GL556HZ,35,18,17,13
GL556JA,118,50,68,45
GL556JD,17,11,6,6
GL556JE,4,2,2,3
GL556JF,9,2,7,9
GL556JG,13,3,10,4
GL556JH,11,5,6,8
GL556JL,5,3,2,4
GL556JN,11,6,5,5
GL556JP,15,8,7,6
GL556JQ,50,21,29,24
GL556JR,111,62,49,40
GL556JS,41,22,19,20
GL556JT,93,43,50,42
GL556JU,9,4,5,7
GL556JW,44,23,21,29
GL556JY,6,2,4,5
GL556LA,14,5,9,7
GL556LB,15,9,6,5
GL556LE,7,4,3,4
GL556LF,21,10,11,10
GL556LG,17,7,10,8
GL556LH,13,8,5,5
GL556LJ,4,2,2,2
GL556LL,4,2,2,3
GL556LN,15,7,8,6
GL556LP,14,8,6,7
GL556LQ,3,2,1,1
GL556LS,10,4,6,3
GL556LT,21,10,11,11
GL556LU,4,3,1,2
GL556LX,37,18,19,16
GL556LZ,3,1,2,1
GL556NA,37,15,22,16
GL556NB,19,12,7,7
GL556ND,8,2,6,4
GL556NE,9,4,5,6
GL556NF,2,1,1,1
GL556NG,4,3,1,2
GL556NH,7,5,2,4
GL556NJ,8,3,5,3
GL556NL,73,38,35,31
GL556NN,6,3,3,3
GL556NP,30,11,19,11
GL556NQ,15,6,9,9
GL556NR,5,3,2,3
GL556NS,4,2,2,0
GL556NU,20,11,9,8
GL556NW,14,8,6,4
GL556NX,13,8,5,4
GL556NY,4,1,3,3
GL556NZ,36,15,21,14
GL556PA,7,3,4,4
GL556PD,14,7,7,8
GL556PE,60,30,30,24
GL556PN,9,5,4,2
GL556PP,2,1,1,1
GL556PR,9,4,5,3
GL556PS,20,10,10,6
GL556PT,19,10,9,6
GL556PU,22,9,13,8
GL556PW,6,2,4,4
GL556PX,5,2,3,1
GL556PY,11,6,5,5
GL556PZ,8,4,4,2
GL556QA,15,8,7,6
GL556QB,4,1,3,2
GL556QD,4,2,2,3
GL556QE,1,0,1,1
GL556QF,24,13,11,11
GL556QG,33,15,18,13
GL556QH,38,21,17,18
GL556QJ,3,1,2,2
GL556QL,4,1,3,1
GL556QN,13,4,9,7
GL556QP,29,15,14,11
GL556QQ,9,5,4,3
GL556QR,10,3,7,5
GL556QS,83,36,47,40
GL556QT,38,18,20,18
GL556QU,28,16,12,15
GL556QW,18,10,8,8
GL556QX,12,6,6,4
GL556QZ,18,6,12,9
GL556RG,48,20,28,22
GL556RJ,15,7,8,6
GL556RL,15,4,11,9
GL556RN,8,3,5,3
GL556RP,20,10,10,8
GL556RR,86,43,43,37
GL556RS,28,9,19,18
GL556RT,62,31,31,29
GL556RU,8,6,2,5
GL556RW,49,23,26,29
GL556RX,39,17,22,20
GL556RZ,26,10,16,16
GL556SA,31,15,16,12
GL556SB,4,2,2,2
GL556SE,11,6,5,7
GL556SF,23,11,12,9
GL556SG,2,1,1,1
GL556SH,7,3,4,3
GL556SJ,103,51,52,35
GL556SL,58,32,26,22
GL556SP,10,5,5,4
GL556SQ,7,3,4,2
GL556SR,31,16,15,12
GL556ST,12,7,5,5
GL556SU,11,6,5,5
GL556SW,17,7,10,6
GL556SX,69,35,34,26
GL556SY,29,15,14,14
GL556SZ,157,70,87,69
GL556TA,14,8,6,5
GL556TB,62,25,37,30
GL556TD,50,23,27,25
GL556TE,103,55,48,40
GL556TF,20,11,9,9
GL556TG,8,2,6,3
GL556TH,9,3,6,3
GL556TJ,26,9,17,22
GL556TL,34,16,18,15
GL556TN,46,20,26,22
GL556TP,38,16,22,16
GL556TQ,8,4,4,3
GL556TR,40,21,19,16
GL556TS,7,1,6,6
GL556TT,35,21,14,20
GL556TX,89,43,46,33
GL556TY,17,6,11,9
GL556TZ,10,4,6,5
GL556UA,17,8,9,8
GL556UJ,4,2,2,2
GL556UL,4,2,2,2
GL556UN,5,2,3,1
GL556UP,12,6,6,6
GL556UR,66,30,36,30
GL556US,12,6,6,8
GL556UT,12,7,5,7
GL556UU,19,8,11,10
GL556UW,12,7,5,4
GL556UX,11,4,7,5
GL556UY,3,1,2,1
GL556UZ,11,4,7,6
GL556WZ,3,1,2,2
GL556XA,6,3,3,4
GL556XB,13,5,8,6
GL556XD,26,10,16,10
GL556XE,36,20,16,15
GL556XF,13,6,7,5
GL556XG,13,7,6,7
GL556XH,42,21,21,15
GL556XJ,7,2,5,3
GL556XL,16,8,8,8
GL556XP,19,10,9,11
GL556XQ,1,0,1,1
GL556XR,8,4,4,4
GL556XS,6,3,3,3
GL556XT,12,5,7,4
GL556XU,9,4,5,4
GL556XW,9,5,4,3
GL556XY,14,7,7,5
GL556XZ,3,0,3,2
GL556YA,3,1,2,2
GL560AB,2,1,1,1
GL560AD,31,16,15,22
GL560AF,6,2,4,5
GL560AH,5,2,3,2
GL560AJ,6,3,3,4
GL560AR,1,0,1,1
GL560AS,4,3,1,3
GL560AT,19,10,9,12
GL560AU,35,9,26,28
GL560AW,4,2,2,0
GL560AX,10,6,4,6
GL560BA,2,2,0,0
GL560BB,1,0,1,1
GL560BD,11,7,4,5
GL560BE,32,12,20,23
GL560BG,13,6,7,4
GL560BH,9,4,5,6
GL560BJ,6,3,3,3
GL560BL,35,13,22,10
GL560BN,32,14,18,19
GL560BP,8,4,4,4
GL560BQ,21,13,8,14
GL560BU,15,5,10,10
GL560BW,3,2,1,2
GL560BX,30,9,21,25
GL560BY,2,1,1,1
GL560DA,8,3,5,7
GL560DE,55,23,32,36
GL560DF,5,1,4,4
GL560DN,42,11,31,34
GL560DP,26,12,14,11
GL560DR,32,14,18,26
GL560DS,9,4,5,2
GL560DT,33,15,18,14
GL560DU,36,16,20,19
GL560DW,23,8,15,12
GL560DX,19,8,11,7
GL560DY,33,15,18,15
GL560DZ,25,17,8,11
GL560EA,127,65,62,60
GL560EB,88,46,42,35
GL560ED,59,27,32,25
GL560EE,11,8,3,7
GL560EF,145,68,77,57
GL560EG,15,7,8,10
GL560EH,58,28,30,28
GL560EJ,8,5,3,5
GL560EN,14,6,8,10
GL560EP,8,6,2,4
GL560EQ,56,26,30,28
GL560ER,20,9,11,13
GL560ES,22,12,10,10
GL560ET,16,10,6,11
GL560EW,50,21,29,44
GL560HA,30,13,17,15
GL560HB,34,17,17,10
GL560HD,22,7,15,10
GL560HE,47,25,22,13
GL560HF,59,29,30,25
GL560HG,12,5,7,7
GL560HH,12,5,7,4
GL560HN,12,5,7,7
GL560HP,50,29,21,17
GL560HQ,145,69,76,49
GL560HR,26,12,14,10
GL560HS,22,10,12,7
GL560HT,18,8,10,8
GL560HU,9,4,5,5
GL560HW,24,11,13,8
GL560HX,21,12,9,8
GL560HY,12,4,8,4
GL560HZ,39,17,22,16
GL560JA,16,9,7,5
GL560JB,6,2,4,3
GL560JD,47,21,26,14
GL560JE,104,50,54,45
GL560JF,90,35,55,46
GL560JG,124,59,65,55
GL560JH,172,78,94,68
GL560JJ,8,5,3,3
GL560JL,7,4,3,3
GL560JN,12,7,5,5
GL560JP,17,7,10,8
GL560JR,14,6,8,5
GL560JT,20,10,10,9
GL560JU,1,1,0,1
GL560JX,6,3,3,2
GL560JZ,42,16,26,21
GL560LA,33,18,15,20
GL560LE,2,1,1,1
GL560LH,8,5,3,4
GL560LJ,9,7,2,0
GL560LL,17,8,9,7
GL560LN,31,15,16,18
GL560LP,20,9,11,10
GL560LQ,23,11,12,16
GL560LR,71,37,34,25
GL560LT,10,6,4,4
GL560LU,4,1,3,3
GL560LW,21,11,10,10
GL560LX,46,22,24,19
GL560LY,17,5,12,11
GL560LZ,14,4,10,9
GL560ND,23,6,17,15
GL560NE,96,42,54,39
GL560NJ,19,10,9,9
GL560NL,3,1,2,2
GL560NN,39,17,22,17
GL560NP,4,2,2,2
GL560NR,13,6,7,7
GL560NT,21,12,9,9
GL560NU,3,0,3,3
GL560NW,4,1,3,3
GL560NX,3,1,2,2
GL560NY,20,7,13,8
GL560PA,21,9,12,12
GL560PE,7,3,4,4
GL560PF,2,1,1,1
GL560PG,14,9,5,5
GL560PH,8,5,3,4
GL560PJ,28,13,15,13
GL560PL,10,5,5,4
GL560PN,10,7,3,7
GL560PP,18,10,8,6
GL560PQ,12,7,5,6
GL560PR,13,6,7,3
GL560PW,6,3,3,3
GL560QD,12,5,7,6
GL560QE,79,38,41,40
GL560QF,40,17,23,23
GL560QG,37,21,16,20
GL560QH,16,9,7,9
GL560QJ,4,1,3,2
GL560QN,3,2,1,2
GL560QP,28,17,11,13
GL560QQ,9,4,5,6
GL560QR,20,9,11,11
GL560QS,37,20,17,17
GL560QT,23,12,11,9
GL560QU,10,5,5,4
GL560QW,30,15,15,11
GL560QX,1,1,0,1
GL560QY,11,5,6,4
GL560QZ,12,8,4,4
GL560RA,11,5,6,6
GL560RD,16,8,8,3
GL560RE,27,15,12,10
GL560RF,8,4,4,4
GL560RG,20,9,11,10
GL560RH,4,3,1,1
GL560RJ,2,1,1,1
GL560RN,21,9,12,10
GL560RP,5,2,3,1
GL560RR,2,1,1,1
GL560RS,14,7,7,5
GL560RT,6,4,2,4
GL560RU,14,6,8,5
GL560RW,6,3,3,3
GL560RX,23,8,15,11
GL560RY,10,4,6,6
GL560RZ,7,4,3,3
GL560SB,7,5,2,4
GL560SD,13,7,6,6
GL560SE,7,3,4,5
GL560SF,9,6,3,3
GL560SG,10,6,4,3
GL560SH,13,6,7,8
GL560SJ,11,5,6,5
GL560SL,11,6,5,5
GL560SN,8,4,4,4
GL560SP,4,2,2,2
GL560SQ,14,7,7,8
GL560SR,10,5,5,7
GL560ST,5,1,4,3
GL560SU,31,16,15,15
GL560SW,6,2,4,2
GL560SX,3,1,2,2
GL560SY,10,5,5,4
GL560SZ,28,14,14,13
GL560TA,6,4,2,4
GL560TB,27,15,12,11
GL560TD,10,4,6,6
GL560TE,19,9,10,8
GL560TF,5,2,3,3
GL560TG,6,2,4,4
GL560TH,47,21,26,20
GL560TJ,75,32,43,32
GL560TL,15,8,7,8
GL560TN,6,3,3,3
GL560TP,4,2,2,2
GL560TR,19,9,10,11
GL560TS,13,4,9,8
GL560TT,3,2,1,1
GL560TU,5,3,2,2
GL560TW,38,16,22,17
GL560TX,5,1,4,2
GL560TY,8,4,4,3
GL560TZ,1,0,1,1
GL560UA,9,3,6,5
GL560UB,4,2,2,3
GL560UD,4,1,3,2
GL560UE,6,3,3,4
GL560UF,35,20,15,15
GL560UN,35,15,20,18
GL560UP,42,20,22,19
GL560UQ,7,4,3,3
GL560UR,16,8,8,7
GL560US,5,4,1,1
GL560UU,30,10,20,10
GL560UX,8,5,3,3
GL560UZ,53,26,27,24
GL560XA,18,11,7,9
GL560XB,9,4,5,5
GL560XD,7,2,5,2
GL560XE,9,3,6,6
GL560XF,8,4,4,5
GL560XG,40,17,23,20
GL560XH,26,11,15,10
GL560XJ,12,6,6,4
GL560XL,22,12,10,9
GL560XN,3,0,3,3
GL560XP,10,4,6,5
GL560XQ,2,1,1,2
GL560XR,21,10,11,8
GL560XS,13,6,7,5
GL560XU,18,9,9,7
GL560XW,19,8,11,8
GL560XX,14,6,8,7
GL560XY,7,4,3,3
GL560XZ,18,9,9,13
GL560YA,5,2,3,3
GL560YB,6,2,4,5
GL560YD,13,7,6,6
GL560YE,1,1,0,1
GL560YF,6,3,3,3
GL560YG,8,5,3,5
GL560YH,9,5,4,5
GL560YL,12,8,4,8
GL560YN,29,15,14,12
GL560YQ,20,11,9,13
GL560YR,3,2,1,2
GL560YS,9,4,5,3
GL560YT,3,1,2,2
GL560YW,2,1,1,1
GL569AA,22,11,11,9
GL569AB,14,6,8,7
GL569AD,81,32,49,33
GL569AE,51,22,29,30
GL569AF,29,15,14,15
GL569AG,17,7,10,8
GL569AH,24,9,15,12
GL569AJ,11,5,6,8
GL569AL,10,4,6,6
GL569AN,18,7,11,5
GL569AP,6,2,4,4
GL569AQ,17,9,8,7
GL569AW,37,17,20,14
GL569AZ,27,11,16,15
GL569BA,6,3,3,3
GL569BB,16,10,6,8
GL569BD,1,0,1,1
GL569BE,4,1,3,2
GL569BG,20,9,11,11
GL569BH,10,2,8,9
GL569BJ,49,21,28,18
GL569BL,17,7,10,8
GL569BN,13,6,7,5
GL569BP,8,5,3,5
GL569BQ,23,11,12,8
GL569BS,10,6,4,7
GL569BT,4,2,2,1
GL569BU,10,4,6,7
GL569BW,9,5,4,4
GL569BX,11,4,7,6
GL569BZ,83,36,47,47
GL569DB,24,11,13,14
GL569DN,9,2,7,6
GL569DP,14,8,6,4
GL569DR,7,3,4,4
GL569DS,26,14,12,13
GL569DT,32,17,15,13
GL569DU,9,6,3,4
GL569DW,4,2,2,2
GL569DX,11,7,4,4
GL569DY,29,17,12,11
GL569DZ,51,22,29,19
GL569EA,14,8,6,9
GL569EB,10,4,6,3
GL569ED,30,13,17,13
GL569EE,100,51,49,41
GL569EF,123,62,61,40
GL569EG,52,23,29,23
GL569EH,7,3,4,4
GL569EQ,7,3,4,5
GL569ER,13,7,6,4
GL569ES,19,11,8,12
GL569ET,19,10,9,9
GL569EU,2,1,1,1
GL569EX,41,23,18,18
GL569EY,2,0,2,2
GL569EZ,7,0,7,7
GL569HA,20,12,8,10
GL569HB,8,3,5,2
GL569HD,1,0,1,1
GL569HE,2,1,1,1
GL569HF,13,7,6,8
GL569HG,8,4,4,5
GL569HH,11,5,6,6
GL569HJ,6,4,2,4
GL569HL,4,2,2,2
GL569HN,12,6,6,6
GL569HP,5,2,3,3
GL569HQ,6,3,3,4
GL569HR,9,3,6,6
GL569HT,4,1,3,1
GL569HU,13,7,6,7
GL569HW,4,2,2,2
GL569HX,9,6,3,4
GL569JS,9,3,6,4
GL569JT,7,3,4,4
GL569JZ,15,7,8,5
GL569LA,67,38,29,26
GL569LB,20,11,9,8
GL569LE,2,1,1,1
GL569LF,36,19,17,14
GL569LG,9,5,4,3
GL569LJ,7,4,3,2
GL569LL,3,1,2,2
GL569LN,5,3,2,1
GL569LQ,39,19,20,11
GL569LR,23,10,13,13
GL569LW,22,8,14,10
GL569NA,99,50,49,44
GL569NB,104,55,49,49
GL569ND,28,13,15,14
GL569NE,22,8,14,9
GL569NF,18,9,9,7
GL569NG,10,6,4,4
GL569NH,32,16,16,12
GL569NJ,46,25,21,19
GL569NL,7,5,2,3
GL569NN,4,2,2,3
GL569NP,25,15,10,12
GL569NQ,10,4,6,5
GL569NR,5,3,2,2
GL569NS,21,9,12,8
GL569NT,11,3,8,5
GL569NU,4,2,2,3
GL569NW,9,5,4,4
GL569NX,5,3,2,3
GL569NY,29,13,16,13
GL569NZ,41,18,23,14
GL569PA,48,21,27,23
GL569PB,26,10,16,11
GL569PD,8,4,4,5
GL569PE,10,4,6,6
GL569PF,29,16,13,17
GL569PH,4,2,2,1
GL569PL,15,7,8,8
GL569PN,6,4,2,3
GL569PP,4,2,2,1
GL569PQ,2,1,1,1
GL569QA,5,3,2,2
GL569QB,30,15,15,11
GL569QD,6,3,3,2
GL569QE,2,1,1,1
GL569QF,6,3,3,4
GL569QJ,104,55,49,35
GL569QL,5,3,2,2
GL569QN,32,11,21,11
GL569QP,10,6,4,3
GL569QQ,56,28,28,27
GL569QR,13,6,7,5
GL569QS,15,6,9,5
GL569QT,23,15,8,10
GL569QU,3,1,2,1
GL569QW,8,5,3,3
GL569QX,36,17,19,14
GL569QY,7,4,3,3
GL569QZ,7,4,3,3
GL569RA,2,1,1,1
GL569RB,4,2,2,1
GL569RD,10,5,5,4
GL569RE,15,6,9,8
GL569RG,21,10,11,8
GL569RH,10,4,6,3
GL569RJ,28,11,17,18
GL569RL,24,11,13,12
GL569RN,36,16,20,15
GL569RP,13,8,5,7
GL569RQ,2,2,0,2
GL569RR,16,7,9,9
GL569RS,12,5,7,6
GL569SA,31,10,21,19
GL569SB,36,16,20,21
GL569SD,20,11,9,8
GL569SE,13,7,6,6
GL569SF,18,8,10,6
GL569SG,55,27,28,22
GL569SH,9,4,5,3
GL569SJ,30,15,15,13
GL569SL,16,8,8,8
GL569SQ,54,24,30,24
GL569SR,23,12,11,10
GL569TA,6,4,2,2
GL569TB,34,11,23,20
GL569TD,12,6,6,5
GL569TE,10,6,4,5
GL569TF,9,5,4,4
GL569TG,11,5,6,5
GL569TH,24,10,14,9
GL569TJ,5,4,1,2
GL569TL,2,2,0,2
GL569TN,4,2,2,2
GL569TP,12,8,4,5
GL569TQ,4,2,2,2
GL569TR,17,11,6,6
GL569TS,20,10,10,7
GL569TW,3,3,0,2
GL6 0AA,15,9,6,11
GL6 0AB,11,4,7,7
GL6 0AE,8,5,3,4
GL6 0AF,32,8,24,29
GL6 0AG,23,11,12,13
GL6 0AH,22,8,14,6
GL6 0AJ,3,2,1,2
GL6 0AL,14,6,8,5
GL6 0AP,24,12,12,13
GL6 0AR,14,7,7,6
GL6 0AS,13,7,6,4
GL6 0AT,11,4,7,6
GL6 0AU,21,12,9,8
GL6 0AW,31,15,16,15
GL6 0AX,24,12,12,8
GL6 0AY,59,29,30,24
GL6 0AZ,15,6,9,7
GL6 0BA,31,12,19,23
GL6 0BB,21,10,11,8
GL6 0BD,4,2,2,1
GL6 0BE,16,7,9,8
GL6 0BG,123,56,67,52
GL6 0BJ,145,71,74,57
GL6 0BL,33,16,17,21
GL6 0BP,28,14,14,15
GL6 0BS,12,5,7,4
GL6 0BT,6,3,3,2
GL6 0BX,50,24,26,31
GL6 0BZ,14,12,2,3
GL6 0DA,2,1,1,2
GL6 0DB,30,8,22,7
GL6 0DE,79,40,39,32
GL6 0DF,9,4,5,5
GL6 0DG,15,4,11,10
GL6 0DH,35,16,19,16
GL6 0DJ,45,21,24,22
GL6 0DL,52,27,25,18
GL6 0DN,7,4,3,4
GL6 0DP,46,20,26,18
GL6 0DQ,104,51,53,61
GL6 0DR,61,31,30,25
GL6 0DS,40,18,22,16
GL6 0DT,47,21,26,17
GL6 0DU,7,4,3,6
GL6 0DW,7,2,5,3
GL6 0DX,36,20,16,12
GL6 0DY,16,9,7,6
GL6 0EA,11,5,6,5
GL6 0EB,68,32,36,28
GL6 0ED,11,7,4,8
GL6 0EE,26,17,9,14
GL6 0EF,48,24,24,18
GL6 0EG,48,24,24,19
GL6 0EH,54,24,30,16
GL6 0EJ,38,16,22,16
GL6 0EL,32,15,17,12
GL6 0EN,18,6,12,6
GL6 0EP,66,35,31,22
GL6 0EQ,16,9,7,6
GL6 0ER,176,86,90,61
GL6 0ES,16,7,9,6
GL6 0ET,27,9,18,11
GL6 0EU,26,12,14,9
GL6 0EW,38,18,20,12
GL6 0EX,2,1,1,1
GL6 0EY,22,10,12,10
GL6 0EZ,6,4,2,3
GL6 0FB,29,15,14,15
GL6 0HA,20,9,11,9
GL6 0HB,6,3,3,3
GL6 0HD,38,21,17,22
GL6 0HE,85,44,41,37
GL6 0HF,9,5,4,4
GL6 0HG,46,17,29,16
GL6 0HH,28,21,7,9
GL6 0HJ,9,4,5,3
GL6 0HL,9,5,4,6
GL6 0HP,4,1,3,3
GL6 0HQ,63,32,31,25
GL6 0HR,33,15,18,12
GL6 0HS,41,21,20,16
GL6 0HT,27,11,16,13
GL6 0HU,10,6,4,6
GL6 0HW,27,12,15,12
GL6 0HX,10,6,4,2
GL6 0HY,43,24,19,29
GL6 0HZ,22,9,13,9
GL6 0JB,46,22,24,15
GL6 0JD,16,5,11,5
GL6 0JE,16,10,6,6
GL6 0JG,18,8,10,5
GL6 0JJ,10,7,3,2
GL6 0JL,21,11,10,6
GL6 0JN,8,4,4,4
GL6 0JQ,39,15,24,20
GL6 0JR,11,4,7,4
GL6 0JS,49,22,27,20
GL6 0JT,12,5,7,5
GL6 0JU,27,16,11,11
GL6 0JW,21,8,13,8
GL6 0JX,14,7,7,5
GL6 0JY,14,7,7,8
GL6 0JZ,10,5,5,7
GL6 0LA,28,18,10,5
GL6 0LB,17,10,7,6
GL6 0LD,18,9,9,10
GL6 0LE,7,3,4,5
GL6 0LF,2,1,1,1
GL6 0LG,8,4,4,2
GL6 0LH,11,4,7,3
GL6 0LJ,21,14,7,7
GL6 0LL,10,4,6,3
GL6 0LN,8,1,7,7
GL6 0LP,10,1,9,9
GL6 0LQ,4,3,1,2
GL6 0LR,9,6,3,8
GL6 0LS,57,15,42,11
GL6 0LT,2,2,0,1
GL6 0LU,15,6,9,5
GL6 0LW,2,1,1,1
GL6 0LX,19,9,10,9
GL6 0LY,2,1,1,1
GL6 0LZ,44,22,22,16
GL6 0NA,12,8,4,6
GL6 0NB,48,21,27,16
GL6 0ND,23,8,15,10
GL6 0NE,2,1,1,1
GL6 0NF,29,15,14,12
GL6 0NG,31,14,17,12
GL6 0NH,14,8,6,6
GL6 0NJ,27,12,15,14
GL6 0NL,5,2,3,2
GL6 0NN,61,27,34,28
GL6 0NP,84,43,41,33
GL6 0NQ,5,2,3,3
GL6 0NR,54,30,24,23
GL6 0NS,80,43,37,28
GL6 0NT,8,4,4,3
GL6 0NU,24,11,13,11
GL6 0NW,13,5,8,6
GL6 0NY,22,10,12,7
GL6 0NZ,4,2,2,2
GL6 0PA,22,12,10,7
GL6 0PB,21,11,10,9
GL6 0PD,27,13,14,11
GL6 0PE,17,6,11,8
GL6 0PF,16,8,8,7
GL6 0PG,41,16,25,19
GL6 0PH,28,14,14,11
GL6 0PJ,16,8,8,7
GL6 0PL,8,5,3,3
GL6 0PN,23,11,12,7
GL6 0PP,67,35,32,20
GL6 0PQ,42,20,22,17
GL6 0PR,21,11,10,5
GL6 0PS,13,4,9,4
GL6 0PT,53,27,26,20
GL6 0PU,34,16,18,18
GL6 0PW,34,17,17,13
GL6 0PX,9,4,5,4
GL6 0PY,49,22,27,22
GL6 0PZ,29,13,16,8
GL6 0QA,30,16,14,8
GL6 0QB,26,11,15,8
GL6 0QD,43,19,24,12
GL6 0QE,27,12,15,10
GL6 0QF,27,14,13,12
GL6 0QG,7,4,3,3
GL6 0QH,5,2,3,2
GL6 0QJ,28,14,14,9
GL6 0QL,14,8,6,6
GL6 0QN,1,1,0,1
GL6 0QP,16,8,8,4
GL6 0QQ,21,8,13,7
GL6 0QR,8,3,5,4
GL6 0QW,8,5,3,4
GL6 0RA,48,21,27,29
GL6 0RB,16,9,7,6
GL6 0RD,26,9,17,10
GL6 0RE,24,11,13,12
GL6 0RF,44,23,21,16
GL6 0RH,18,10,8,11
GL6 0RJ,29,13,16,11
GL6 0RL,12,4,8,8
GL6 0RN,34,6,28,32
GL6 0RP,25,14,11,10
GL6 0RR,9,4,5,4
GL6 0RS,12,7,5,5
GL6 0RT,23,13,10,9
GL6 0RU,19,8,11,7
GL6 0RW,39,16,23,17
GL6 0RX,14,7,7,6
GL6 0RY,8,5,3,3
GL6 0RZ,48,22,26,19
GL6 0SA,18,9,9,8
GL6 0SB,13,8,5,5
GL6 0SD,7,5,2,2
GL6 0SE,10,4,6,3
GL6 0SF,3,1,2,2
GL6 0SG,14,5,9,6
GL6 0SH,20,10,10,8
GL6 0SJ,61,29,32,23
GL6 0SL,7,5,2,3
GL6 0SN,7,3,4,2
GL6 0SP,89,43,46,44
GL6 0SQ,9,6,3,5
GL6 0SR,12,4,8,3
GL6 0SU,18,7,11,6
GL6 0TA,66,30,36,34
GL6 0TB,62,28,34,22
GL6 0TD,59,29,30,22
GL6 0TE,48,20,28,17
GL6 0TF,40,22,18,15
GL6 0TG,76,43,33,30
GL6 0TH,36,13,23,31
GL6 0TL,141,78,63,64
GL6 0TN,32,16,16,14
GL6 0TP,96,50,46,43
GL6 0TQ,112,50,62,51
GL6 0TR,87,37,50,36
GL6 6AA,49,26,23,16
GL6 6AB,62,30,32,21
GL6 6AD,4,2,2,2
GL6 6AE,25,14,11,11
GL6 6AG,20,9,11,10
GL6 6AH,46,23,23,21
GL6 6AJ,25,10,15,7
GL6 6AL,42,23,19,14
GL6 6AN,6,2,4,3
GL6 6AP,16,7,9,6
GL6 6AQ,43,22,21,17
GL6 6AR,23,11,12,9
GL6 6AS,6,4,2,2
GL6 6AT,13,7,6,6
GL6 6AU,14,7,7,7
GL6 6AW,14,5,9,6
GL6 6AX,6,4,2,3
GL6 6AY,21,9,12,7
GL6 6BA,6,2,4,3
GL6 6BB,3,2,1,2
GL6 6BD,112,55,57,48
GL6 6BE,13,6,7,6
GL6 6BG,14,6,8,6
GL6 6BH,62,32,30,27
GL6 6BJ,4,2,2,1
GL6 6BL,43,21,22,19
GL6 6BN,6,3,3,3
GL6 6BP,14,7,7,6
GL6 6BQ,38,15,23,15
GL6 6BS,8,5,3,4
GL6 6BT,10,6,4,4
GL6 6BU,44,21,23,19
GL6 6BW,10,5,5,4
GL6 6BX,3,2,1,1
GL6 6BY,14,8,6,5
GL6 6BZ,7,3,4,2
GL6 6DA,12,6,6,5
GL6 6DB,11,8,3,8
GL6 6DD,10,7,3,5
GL6 6DE,33,17,16,16
GL6 6DF,33,17,16,14
GL6 6DG,21,10,11,9
GL6 6DH,26,11,15,11
GL6 6DJ,5,3,2,3
GL6 6DL,5,2,3,3
GL6 6DQ,19,7,12,7
GL6 6DR,2,1,1,1
GL6 6EA,11,6,5,7
GL6 6EB,4,2,2,2
GL6 6ED,2,1,1,1
GL6 6EE,7,4,3,2
GL6 6EF,4,3,1,1
GL6 6EG,8,4,4,3
GL6 6EH,9,3,6,4
GL6 6EJ,39,19,20,14
GL6 6EL,21,13,8,9
GL6 6EN,5,3,2,3
GL6 6EQ,8,2,6,4
GL6 6ER,20,10,10,9
GL6 6ES,30,15,15,10
GL6 6ET,9,4,5,4
GL6 6EU,17,10,7,7
GL6 6EW,24,12,12,9
GL6 6EX,15,7,8,5
GL6 6EY,50,23,27,20
GL6 6EZ,21,12,9,8
GL6 6HA,38,18,20,12
GL6 6HB,7,3,4,3
GL6 6HD,15,8,7,7
GL6 6HE,37,19,18,15
GL6 6HF,5,2,3,3
GL6 6HG,17,8,9,8
GL6 6HH,21,11,10,9
GL6 6HJ,25,11,14,10
GL6 6HL,34,15,19,14
GL6 6HN,5,3,2,2
GL6 6HP,5,3,2,2
GL6 6HQ,17,10,7,5
GL6 6HR,4,1,3,2
GL6 6HS,14,6,8,7
GL6 6HT,21,10,11,9
GL6 6HU,17,10,7,5
GL6 6HW,9,4,5,6
GL6 6HX,10,6,4,3
GL6 6HY,15,9,6,4
GL6 6HZ,4,3,1,2
GL6 6JA,9,4,5,6
GL6 6JB,4,1,3,1
GL6 6JD,11,6,5,6
GL6 6JE,6,2,4,2
GL6 6JF,5,2,3,2
GL6 6JH,48,22,26,16
GL6 6JJ,13,7,6,8
GL6 6JL,21,10,11,7
GL6 6JN,16,9,7,7
GL6 6JP,14,8,6,5
GL6 6JQ,15,7,8,6
GL6 6JR,1,0,1,1
GL6 6JS,37,12,25,17
GL6 6JT,8,4,4,4
GL6 6JU,2,1,1,1
GL6 6JX,11,7,4,4
GL6 6JY,10,5,5,3
GL6 6LB,15,7,8,5
GL6 6LD,16,10,6,5
GL6 6LE,15,8,7,5
GL6 6LF,8,5,3,4
GL6 6LG,4,2,2,2
GL6 6LH,11,5,6,6
GL6 6LJ,29,12,17,15
GL6 6LL,42,21,21,16
GL6 6LN,33,16,17,17
GL6 6LP,11,6,5,5
GL6 6LQ,17,9,8,9
GL6 6LS,4,2,2,2
GL6 6LT,4,2,2,2
GL6 6LU,20,9,11,8
GL6 6LW,27,9,18,10
GL6 6LX,5,3,2,3
GL6 6LY,19,9,10,7
GL6 6LZ,24,13,11,9
GL6 6NA,1,0,1,1
GL6 6NB,2,1,1,1
GL6 6ND,22,13,9,8
GL6 6NE,13,7,6,4
GL6 6NF,8,3,5,2
GL6 6NG,10,4,6,4
GL6 6NH,7,5,2,4
GL6 6NJ,23,11,12,13
GL6 6NL,7,5,2,3
GL6 6NN,4,3,1,2
GL6 6NQ,4,2,2,1
GL6 6NR,2,1,1,1
GL6 6NS,11,6,5,5
GL6 6PA,18,9,9,8
GL6 6PB,14,7,7,8
GL6 6PD,3,1,2,2
GL6 6PE,17,9,8,9
GL6 6PF,11,6,5,4
GL6 6PG,11,5,6,6
GL6 6PH,16,8,8,6
GL6 6PJ,12,7,5,4
GL6 6PL,16,7,9,6
GL6 6PN,5,3,2,3
GL6 6PP,1,0,1,1
GL6 6PQ,20,9,11,7
GL6 6PR,2,1,1,1
GL6 6PW,12,8,4,5
GL6 6QA,24,10,14,12
GL6 6QB,17,8,9,8
GL6 6QE,6,2,4,2
GL6 6QF,17,7,10,8
GL6 6QG,21,13,8,10
GL6 6QJ,15,7,8,9
GL6 6QL,2,0,2,2
GL6 6QN,40,18,22,18
GL6 6QP,26,12,14,14
GL6 6QQ,26,15,11,15
GL6 6QR,13,6,7,10
GL6 6QS,38,19,19,18
GL6 6QT,10,4,6,3
GL6 6QW,1,1,0,1
GL6 6QX,55,29,26,17
GL6 6QY,74,35,39,30
GL6 6QZ,38,19,19,16
GL6 6RA,36,17,19,15
GL6 6RD,24,9,15,17
GL6 6RE,6,3,3,2
GL6 6RF,2,1,1,1
GL6 6RG,15,6,9,8
GL6 6RH,23,8,15,13
GL6 6RJ,19,10,9,15
GL6 6RL,65,28,37,41
GL6 6RN,25,11,14,11
GL6 6RP,7,3,4,5
GL6 6RQ,55,25,30,25
GL6 6RR,22,10,12,15
GL6 6RS,11,5,6,5
GL6 6RT,15,5,10,9
GL6 6RU,19,9,10,9
GL6 6RX,4,2,2,2
GL6 6RY,4,1,3,3
GL6 6RZ,31,14,17,13
GL6 6SA,71,36,35,32
GL6 6SB,3,2,1,1
GL6 6SE,56,30,26,23
GL6 6SG,1,1,0,1
GL6 6SH,7,3,4,3
GL6 6SJ,35,21,14,14
GL6 6SL,47,21,26,22
GL6 6SN,39,20,19,17
GL6 6SP,6,3,3,1
GL6 6SQ,2,1,1,1
GL6 6SR,7,5,2,3
GL6 6SS,2,1,1,1
GL6 6ST,8,6,2,4
GL6 6SW,10,6,4,4
GL6 6SX,6,3,3,3
GL6 6SY,7,3,4,2
GL6 6SZ,10,5,5,5
GL6 6TA,5,2,3,1
GL6 6TH,5,2,3,2
GL6 6TJ,7,4,3,4
GL6 6TL,1,0,1,1
GL6 6TN,31,14,17,14
GL6 6TP,26,11,15,11
GL6 6TR,7,4,3,2
GL6 6TS,17,8,9,8
GL6 6TT,2,2,0,1
GL6 6TU,12,6,6,7
GL6 6TW,14,7,7,6
GL6 6TX,13,7,6,4
GL6 6TY,8,4,4,4
GL6 6TZ,7,3,4,4
GL6 6UA,6,3,3,3
GL6 6UB,16,7,9,4
GL6 6UD,9,5,4,3
GL6 6UE,3,2,1,1
GL6 6UF,19,9,10,10
GL6 6UH,31,11,20,19
GL6 6UL,8,2,6,5
GL6 6UN,57,28,29,30
GL6 6UP,28,10,18,14
GL6 6UQ,12,6,6,6
GL6 6UR,18,10,8,9
GL6 6US,14,7,7,8
GL6 6UT,39,18,21,16
GL6 6UU,12,5,7,7
GL6 6UW,20,9,11,8
GL6 6UX,8,4,4,5
GL6 6UY,2,1,1,1
GL6 6UZ,20,8,12,11
GL6 6XA,60,25,35,25
GL6 6XB,38,17,21,16
GL6 6XH,43,16,27,17
GL6 6XN,23,10,13,11
GL6 6XP,17,7,10,6
GL6 6XR,29,12,17,16
GL6 6XS,39,17,22,17
GL6 6XT,24,15,9,15
GL6 6XU,27,12,15,13
GL6 6XW,54,26,28,21
GL6 6XX,25,11,14,11
GL6 6XY,11,7,4,4
GL6 6XZ,5,2,3,4
GL6 6YA,28,12,16,15
GL6 6YB,17,10,7,10
GL6 6YD,18,7,11,9
GL6 6YE,27,17,10,11
GL6 7AA,12,6,6,6
GL6 7AB,13,5,8,6
GL6 7AD,22,10,12,13
GL6 7AE,18,9,9,10
GL6 7AF,11,6,5,6
GL6 7AG,15,10,5,8
GL6 7AH,6,3,3,2
GL6 7AJ,27,14,13,10
GL6 7AN,30,16,14,14
GL6 7AP,8,3,5,4
GL6 7AQ,27,11,16,10
GL6 7AR,11,5,6,5
GL6 7AS,8,5,3,3
GL6 7AT,10,5,5,5
GL6 7AW,3,1,2,2
GL6 7AX,1,1,0,1
GL6 7BA,19,11,8,9
GL6 7BB,28,14,14,10
GL6 7BD,3,1,2,2
GL6 7BE,20,9,11,7
GL6 7BG,42,20,22,14
GL6 7BH,32,15,17,13
GL6 7BJ,68,33,35,31
GL6 7BL,25,16,9,9
GL6 7BN,28,14,14,14
GL6 7BP,17,6,11,8
GL6 7BQ,12,5,7,5
GL6 7BS,7,2,5,3
GL6 7BT,8,3,5,4
GL6 7BU,24,14,10,11
GL6 7BW,5,2,3,2
GL6 7BX,4,2,2,2
GL6 7BY,4,2,2,2
GL6 7BZ,5,2,3,3
GL6 7DA,133,65,68,54
GL6 7DB,36,16,20,17
GL6 7DG,27,14,13,11
GL6 7DN,78,39,39,33
GL6 7DP,11,6,5,5
GL6 7DQ,6,3,3,3
GL6 7DR,26,12,14,17
GL6 7DS,99,48,51,48
GL6 7DT,6,3,3,4
GL6 7DU,48,22,26,26
GL6 7DW,57,27,30,23
GL6 7DX,29,12,17,9
GL6 7DY,53,26,27,21
GL6 7EA,72,38,34,28
GL6 7EB,4,3,1,1
GL6 7ED,28,14,14,13
GL6 7EE,47,22,25,20
GL6 7EF,16,8,8,10
GL6 7EG,59,32,27,27
GL6 7EN,9,4,5,3
GL6 7EP,68,32,36,29
GL6 7EQ,15,5,10,6
GL6 7ER,103,46,57,49
GL6 7ES,19,12,7,7
GL6 7ET,21,12,9,9
GL6 7EU,14,8,6,4
GL6 7EW,8,2,6,4
GL6 7EX,8,4,4,3
GL6 7EY,5,2,3,2
GL6 7EZ,16,7,9,7
GL6 7HG,18,9,9,9
GL6 7HJ,10,7,3,5
GL6 7HL,17,10,7,6
GL6 7HN,49,21,28,15
GL6 7HP,19,11,8,5
GL6 7HQ,5,3,2,2
GL6 7HU,26,12,14,10
GL6 7HX,15,6,9,8
GL6 7HY,3,1,2,1
GL6 7HZ,8,2,6,4
GL6 7JA,91,34,57,41
GL6 7JB,10,4,6,4
GL6 7JD,14,6,8,10
GL6 7JE,13,5,8,6
GL6 7JF,9,6,3,4
GL6 7JG,27,13,14,10
GL6 7JH,4,2,2,2
GL6 7JJ,6,4,2,2
GL6 7JQ,23,12,11,11
GL6 7JS,13,7,6,4
GL6 7JT,11,5,6,7
GL6 7JU,12,7,5,4
GL6 7JX,8,5,3,4
GL6 7JY,16,8,8,7
GL6 7JZ,11,5,6,6
GL6 7LA,25,16,9,13
GL6 7LB,5,3,2,3
GL6 7LD,5,3,2,3
GL6 7LE,27,10,17,12
GL6 7LF,2,1,1,1
GL6 7LG,2,1,1,1
GL6 7LJ,7,4,3,3
GL6 7LL,10,6,4,5
GL6 7LN,2,1,1,1
GL6 7LP,9,5,4,5
GL6 7LQ,17,6,11,5
GL6 7LR,8,3,5,4
GL6 7LS,22,11,11,6
GL6 7LT,14,7,7,5
GL6 7LU,17,9,8,7
GL6 7LW,3,2,1,2
GL6 7LX,4,3,1,2
GL6 7LY,3,1,2,1
GL6 7NE,6,4,2,2
GL6 7NF,31,17,14,9
GL6 7NG,13,7,6,5
GL6 7NH,7,4,3,5
GL6 7NL,44,20,24,21
GL6 7NN,12,7,5,4
GL6 7NP,24,11,13,10
GL6 7NQ,9,5,4,3
GL6 7NR,48,24,24,23
GL6 7NS,18,10,8,9
GL6 7NT,9,6,3,4
GL6 7NU,13,6,7,5
GL6 7NW,10,4,6,3
GL6 7NX,9,4,5,5
GL6 7NY,56,28,28,22
GL6 7NZ,105,50,55,46
GL6 7PA,1,1,0,1
GL6 7PB,44,22,22,19
GL6 7PD,10,6,4,5
GL6 7PE,5,4,1,2
GL6 7PF,29,14,15,13
GL6 7PG,9,4,5,5
GL6 7PH,9,4,5,4
GL6 7PJ,18,11,7,9
GL6 7PL,23,10,13,9
GL6 7PN,14,7,7,9
GL6 7PQ,20,10,10,7
GL6 7QA,35,17,18,18
GL6 7QB,2,2,0,1
GL6 7QD,77,39,38,31
GL6 7QE,56,27,29,23
GL6 7QF,6,2,4,2
GL6 7QN,41,20,21,17
GL6 7QP,6,3,3,2
GL6 7QR,26,16,10,9
GL6 7QS,16,6,10,8
GL6 7QT,34,16,18,15
GL6 7QU,37,18,19,17
GL6 7QW,2,0,2,1
GL6 7QX,11,4,7,5
GL6 7QY,12,5,7,6
GL6 7QZ,12,4,8,2
GL6 7RA,46,20,26,19
GL6 7RB,3,1,2,2
GL6 7RD,12,6,6,6
GL6 7RE,23,11,12,15
GL6 7RF,5,2,3,2
GL6 7RG,8,4,4,4
GL6 7RH,28,13,15,16
GL6 7RJ,7,4,3,4
GL6 7RL,81,40,41,36
GL6 7RQ,33,14,19,13
GL6 8AA,46,24,22,20
GL6 8AB,118,53,65,53
GL6 8AD,45,23,22,16
GL6 8AE,31,16,15,13
GL6 8AF,24,13,11,10
GL6 8AG,42,21,21,16
GL6 8AH,5,2,3,1
GL6 8AJ,61,27,34,22
GL6 8AL,11,2,9,1
GL6 8AP,11,6,5,6
GL6 8AQ,13,5,8,5
GL6 8AR,16,7,9,7
GL6 8AS,50,26,24,20
GL6 8AT,81,40,41,32
GL6 8AU,15,7,8,7
GL6 8AW,6,2,4,3
GL6 8AX,25,11,14,12
GL6 8AY,34,17,17,12
GL6 8AZ,19,10,9,7
GL6 8BA,16,9,7,8
GL6 8BB,122,64,58,55
GL6 8BD,18,9,9,8
GL6 8BE,30,14,16,15
GL6 8BG,83,41,42,26
GL6 8BH,3,1,2,2
GL6 8BJ,10,4,6,6
GL6 8BL,9,4,5,4
GL6 8BN,10,4,6,2
GL6 8BP,53,24,29,18
GL6 8BQ,40,18,22,17
GL6 8BS,17,9,8,5
GL6 8BT,8,5,3,3
GL6 8BU,12,8,4,5
GL6 8BW,11,6,5,4
GL6 8BX,4,2,2,2
GL6 8BY,34,19,15,15
GL6 8BZ,3,2,1,1
GL6 8DA,100,49,51,50
GL6 8DB,93,49,44,33
GL6 8DD,69,29,40,31
GL6 8DE,62,35,27,25
GL6 8DF,37,17,20,12
GL6 8DG,68,30,38,30
GL6 8DH,49,21,28,19
GL6 8DJ,43,22,21,17
GL6 8DL,20,12,8,6
GL6 8DN,11,6,5,3
GL6 8DP,7,2,5,3
GL6 8DQ,37,20,17,13
GL6 8DR,22,8,14,8
GL6 8DS,23,10,13,10
GL6 8DU,8,3,5,3
GL6 8DW,8,5,3,3
GL6 8DX,22,8,14,10
GL6 8DY,3,1,2,2
GL6 8DZ,39,20,19,15
GL6 8EA,17,9,8,5
GL6 8EB,10,6,4,3
GL6 8ED,39,20,19,17
GL6 8EE,22,10,12,6
GL6 8EF,35,20,15,14
GL6 8EG,25,15,10,9
GL6 8EH,20,11,9,7
GL6 8EJ,30,15,15,13
GL6 8EL,48,25,23,18
GL6 8EN,54,24,30,21
GL6 8EP,6,4,2,2
GL6 8EQ,19,10,9,7
GL6 8ER,3,2,1,1
GL6 8ES,47,22,25,21
GL6 8ET,4,3,1,1
GL6 8EU,5,2,3,3
GL6 8EW,15,7,8,4
GL6 8EX,14,9,5,6
GL6 8EY,4,3,1,1
GL6 8EZ,83,38,45,37
GL6 8FB,102,47,55,35
GL6 8FE,55,26,29,23
GL6 8FF,114,66,48,39
GL6 8FG,76,36,40,31
GL6 8FH,64,27,37,34
GL6 8FJ,156,73,83,49
GL6 8FL,50,27,23,24
GL6 8FN,41,22,19,12
GL6 8FP,29,15,14,10
GL6 8FQ,21,10,11,9
GL6 8FS,4,2,2,2
GL6 8FT,6,3,3,3
GL6 8GY,49,25,24,19
GL6 8GZ,27,12,15,10
GL6 8HB,36,15,21,17
GL6 8HD,66,31,35,30
GL6 8HE,46,22,24,26
GL6 8HG,147,80,67,69
GL6 8HH,84,46,38,37
GL6 8HJ,21,11,10,7
GL6 8HL,72,36,36,43
GL6 8HN,2,1,1,1
GL6 8HP,51,25,26,20
GL6 8HQ,63,31,32,23
GL6 8HS,12,7,5,6
GL6 8HU,7,4,3,2
GL6 8HW,7,4,3,2
GL6 8HX,18,11,7,5
GL6 8HY,5,3,2,3
GL6 8HZ,16,9,7,7
GL6 8JA,46,20,26,14
GL6 8JB,37,15,22,15
GL6 8JE,41,17,24,19
GL6 8JF,30,14,16,11
GL6 8JG,13,9,4,6
GL6 8JH,6,3,3,3
GL6 8JJ,3,1,2,1
GL6 8JL,3,2,1,2
GL6 8JN,69,38,31,36
GL6 8JP,56,27,29,21
GL6 8JQ,7,4,3,4
GL6 8JS,82,42,40,27
GL6 8JT,59,33,26,31
GL6 8JU,32,16,16,10
GL6 8JW,98,43,55,47
GL6 8JX,19,9,10,9
GL6 8JY,282,135,147,92
GL6 8JZ,56,30,26,32
GL6 8LA,20,10,10,9
GL6 8LB,4,2,2,2
GL6 8LD,18,8,10,7
GL6 8LE,28,12,16,14
GL6 8LF,10,5,5,4
GL6 8LG,16,11,5,8
GL6 8LH,46,24,22,20
GL6 8LJ,14,7,7,7
GL6 8LL,39,15,24,15
GL6 8LN,35,17,18,12
GL6 8LP,15,8,7,5
GL6 8LQ,19,7,12,10
GL6 8LR,12,6,6,6
GL6 8LS,7,3,4,4
GL6 8LT,59,24,35,24
GL6 8LU,29,14,15,10
GL6 8LW,9,5,4,4
GL6 8LX,35,20,15,13
GL6 8LY,11,5,6,5
GL6 8LZ,50,22,28,21
GL6 8NA,16,7,9,6
GL6 8NB,134,62,72,59
GL6 8ND,63,33,30,33
GL6 8NE,11,4,7,5
GL6 8NF,14,5,9,8
GL6 8NG,18,9,9,6
GL6 8NH,52,27,25,23
GL6 8NJ,41,19,22,23
GL6 8NN,4,3,1,2
GL6 8NP,148,69,79,51
GL6 8NQ,41,22,19,16
GL6 8NS,11,7,4,4
GL6 8NU,1,0,1,1
GL6 8NW,19,6,13,6
GL6 8NX,13,6,7,6
GL6 8NY,6,3,3,4
GL6 8NZ,36,16,20,14
GL6 8PA,20,12,8,8
GL6 8PB,12,6,6,5
GL6 8PD,14,7,7,8
GL6 8PE,37,16,21,12
GL6 8PF,88,40,48,44
GL6 8PG,70,35,35,25
GL6 8PN,24,13,11,9
GL6 8PP,41,22,19,13
GL6 8PT,16,7,9,7
GL6 8PU,29,16,13,14
GL6 8PW,4,2,2,2
GL6 8PX,8,4,4,3
GL6 8PZ,22,14,8,7
GL6 8QA,13,8,5,7
GL6 8QB,6,3,3,3
GL6 8QD,37,15,22,13
GL6 8QE,6,1,5,5
GL6 8QF,30,18,12,11
GL6 8QG,14,5,9,6
GL6 8QH,5,1,4,2
GL6 8QJ,45,24,21,17
GL6 8QL,40,18,22,16
GL6 8QN,21,13,8,7
GL6 8QP,6,3,3,3
GL6 8QQ,14,6,8,5
GL6 8QR,38,14,24,20
GL6 8QW,28,13,15,10
GL6 8QY,6,2,4,3
GL6 8RA,45,16,29,18
GL6 8SH,19,9,10,9
GL6 8SW,30,13,17,10
GL6 9AA,3,2,1,2
GL6 9AB,39,18,21,13
GL6 9AD,54,26,28,27
GL6 9AE,1,1,0,1
GL6 9AF,2,1,1,1
GL6 9AG,39,19,20,0
GL6 9AH,20,11,9,8
GL6 9AJ,14,7,7,6
GL6 9AL,29,14,15,15
GL6 9AN,62,37,25,7
GL6 9AQ,7,3,4,1
GL6 9AR,27,12,15,10
GL6 9AS,3,1,2,2
GL6 9AT,33,15,18,14
GL6 9AU,27,13,14,11
GL6 9AW,6,2,4,3
GL6 9AX,4,2,2,2
GL6 9AY,10,7,3,7
GL6 9AZ,4,2,2,2
GL6 9BA,52,24,28,32
GL6 9BB,16,8,8,6
GL6 9BD,17,8,9,7
GL6 9BE,2,1,1,1
GL6 9BJ,16,8,8,7
GL6 9BN,37,17,20,19
GL6 9BP,20,12,8,7
GL6 9BQ,15,6,9,6
GL6 9BS,13,8,5,6
GL6 9BT,14,5,9,5
GL6 9BU,5,2,3,4
GL6 9BW,14,7,7,7
GL6 9BX,34,15,19,19
GL6 9BY,50,22,28,24
GL6 9BZ,59,23,36,30
GL6 9DA,30,15,15,10
GL6 9DB,14,8,6,7
GL6 9DD,12,6,6,7
GL6 9DE,22,9,13,13
GL6 9DF,31,13,18,15
GL6 9DG,28,13,15,13
GL6 9DH,49,29,20,17
GL6 9DJ,67,36,31,28
GL6 9DL,42,19,23,19
GL6 9DN,50,10,40,38
GL6 9DP,17,9,8,6
GL6 9DQ,15,7,8,10
GL6 9DR,10,4,6,3
GL6 9DS,64,28,36,28
GL6 9DU,21,6,15,11
GL6 9DW,47,23,24,22
GL6 9DX,25,13,12,12
GL6 9DY,24,10,14,13
GL6 9DZ,56,27,29,18
GL6 9EB,30,15,15,10
GL6 9ED,18,9,9,8
GL6 9EE,11,5,6,5
GL6 9EF,7,2,5,3
GL6 9EG,8,4,4,4
GL6 9EH,67,37,30,32
GL6 9EJ,10,3,7,6
GL6 9EL,58,31,27,20
GL6 9EN,111,51,60,50
GL6 9EP,7,4,3,2
GL6 9EQ,62,32,30,23
GL6 9ER,8,5,3,4
GL6 9ES,27,11,16,12
GL6 9ET,6,3,3,3
GL6 9EW,79,39,40,26
GL6 9EY,42,9,33,0
GL6 9EZ,41,22,19,18
GL6 9HA,14,7,7,6
GL6 9HB,29,15,14,10
GL6 9HD,40,20,20,17
GL6 9HE,12,6,6,5
GL6 9HF,15,7,8,9
GL6 9HG,12,5,7,3
GL6 9HH,32,12,20,13
GL6 9HJ,3,1,2,2
GL6 9HL,12,7,5,5
GL6 9HN,3,1,2,2
GL6 9HP,31,9,22,14
GL6 9HQ,3,1,2,2
GL6 9HR,49,26,23,20
GL6 9HS,15,7,8,6
GL6 9HW,21,10,11,8
GL6 9JA,115,59,56,54
GL6 9JB,23,6,17,18
GL6 9JD,15,5,10,8
GL6 9JE,62,31,31,30
GL6 9JG,33,18,15,19
GL6 9JH,69,37,32,34
GL6 9JJ,30,15,15,16
GL6 9JL,40,22,18,17
GL6 9JN,2,1,1,1
GL6 9JP,21,10,11,9
GL6 9JR,3,2,1,1
GL6 9JS,66,28,38,30
GL6 9JT,25,12,13,13
GL6 9JU,6,2,4,4
GL6 9JW,22,12,10,7
GL6 9JX,50,25,25,22
GL6 9JY,149,73,76,52
GL6 9JZ,47,22,25,26
GL6 9LA,26,17,9,22
GL6 9LB,19,7,12,11
GL6 9LD,20,10,10,7
GL6 9LE,12,5,7,8
GL6 9LF,8,3,5,7
GL6 9LG,18,9,9,8
GL6 9LH,26,11,15,16
GL6 9LJ,19,8,11,10
GL6 9LN,74,35,39,22
GL6 9LP,32,17,15,13
GL6 9LQ,53,26,27,23
GL6 9LR,16,6,10,6
GL6 9LS,18,10,8,14
GL6 9LT,6,2,4,3
GL6 9LU,19,7,12,12
GL6 9LW,9,4,5,5
GL6 9LX,12,5,7,5
GL6 9LY,5,3,2,3
GL7 1AB,35,16,19,22
GL7 1AE,24,13,11,11
GL7 1AF,30,18,12,10
GL7 1AG,52,29,23,18
GL7 1AH,19,8,11,10
GL7 1AJ,90,49,41,29
GL7 1AL,52,24,28,23
GL7 1AN,25,8,17,13
GL7 1AP,66,38,28,26
GL7 1AQ,32,13,19,10
GL7 1AR,19,12,7,9
GL7 1AS,118,59,59,42
GL7 1AT,38,22,16,15
GL7 1AU,93,50,43,29
GL7 1AW,55,25,30,21
GL7 1AX,44,24,20,16
GL7 1AY,25,11,14,10
GL7 1AZ,32,17,15,10
GL7 1BA,21,12,9,14
GL7 1BB,49,16,33,22
GL7 1BD,23,12,11,22
GL7 1BG,33,17,16,17
GL7 1BH,149,86,63,50
GL7 1BJ,194,103,91,78
GL7 1BL,104,51,53,41
GL7 1BN,55,28,27,32
GL7 1BP,39,16,23,15
GL7 1BQ,177,91,86,69
GL7 1BS,20,11,9,8
GL7 1BT,97,53,44,43
GL7 1BU,93,44,49,48
GL7 1BW,7,2,5,5
GL7 1BX,16,8,8,8
GL7 1BY,24,11,13,7
GL7 1BZ,64,31,33,23
GL7 1DA,33,17,16,10
GL7 1DB,44,18,26,21
GL7 1DD,8,5,3,3
GL7 1DE,59,29,30,31
GL7 1DF,14,8,6,6
GL7 1DG,13,9,4,6
GL7 1DH,121,58,63,50
GL7 1DJ,114,56,58,47
GL7 1DL,34,20,14,14
GL7 1DN,9,5,4,1
GL7 1DP,34,14,20,18
GL7 1DQ,70,39,31,30
GL7 1DR,65,31,34,21
GL7 1DS,74,33,41,23
GL7 1DT,26,13,13,10
GL7 1DU,56,22,34,24
GL7 1DW,162,81,81,60
GL7 1DX,120,69,51,41
GL7 1DY,70,32,38,29
GL7 1DZ,52,21,31,15
GL7 1EA,46,24,22,22
GL7 1EB,10,4,6,8
GL7 1ED,11,7,4,7
GL7 1EE,27,10,17,13
GL7 1EF,81,33,48,43
GL7 1EG,51,33,18,40
GL7 1EH,13,9,4,7
GL7 1EJ,58,33,25,28
GL7 1EL,33,18,15,21
GL7 1EN,83,41,42,44
GL7 1EP,125,49,76,60
GL7 1EQ,11,6,5,6
GL7 1ER,49,23,26,22
GL7 1ES,183,84,99,79
GL7 1ET,26,13,13,11
GL7 1EU,46,24,22,13
GL7 1EW,35,19,16,12
GL7 1EY,79,41,38,26
GL7 1EZ,91,42,49,30
GL7 1FA,144,78,66,52
GL7 1FJ,127,54,73,51
GL7 1FL,62,32,30,25
GL7 1FR,9,5,4,5
GL7 1FT,20,9,11,6
GL7 1FW,10,5,5,5
GL7 1FY,6,3,3,3
GL7 1FZ,15,8,7,10
GL7 1GA,4,3,1,4
GL7 1GD,12,5,7,6
GL7 1GE,11,7,4,4
GL7 1GH,27,12,15,11
GL7 1GJ,34,18,16,11
GL7 1GN,2,1,1,2
GL7 1GR,7,3,4,3
GL7 1GS,46,19,27,28
GL7 1GW,65,26,39,29
GL7 1HA,60,32,28,27
GL7 1HB,34,12,22,19
GL7 1HD,55,32,23,34
GL7 1HE,18,10,8,12
GL7 1HF,29,16,13,17
GL7 1HG,96,44,52,47
GL7 1HH,18,9,9,13
GL7 1HJ,24,10,14,12
GL7 1HN,1,0,1,1
GL7 1HQ,42,15,27,31
GL7 1HR,55,30,25,18
GL7 1HT,3,1,2,1
GL7 1HU,105,55,50,41
GL7 1HY,26,16,10,20
GL7 1JA,28,12,16,20
GL7 1JD,8,4,4,6
GL7 1JF,32,17,15,20
GL7 1JH,13,7,6,8
GL7 1JJ,28,13,15,14
GL7 1JL,11,6,5,7
GL7 1JN,22,10,12,13
GL7 1JR,143,46,97,37
GL7 1JT,37,17,20,14
GL7 1JU,18,8,10,11
GL7 1JW,56,21,35,26
GL7 1JX,24,13,11,11
GL7 1JY,69,38,31,26
GL7 1JZ,32,20,12,14
GL7 1LA,92,53,39,53
GL7 1LB,45,24,21,18
GL7 1LD,94,58,36,49
GL7 1LE,84,35,49,38
GL7 1LF,122,68,54,45
GL7 1LG,41,23,18,22
GL7 1LH,10,5,5,6
GL7 1LN,7,3,4,4
GL7 1LP,5,3,2,5
GL7 1LQ,40,20,20,18
GL7 1LR,8,4,4,4
GL7 1LS,24,9,15,14
GL7 1LX,102,44,58,40
GL7 1LY,15,6,9,9
GL7 1LZ,17,8,9,10
GL7 1NA,42,22,20,25
GL7 1NB,49,25,24,21
GL7 1ND,78,38,40,43
GL7 1NE,38,16,22,15
GL7 1NF,40,18,22,24
GL7 1NG,23,11,12,12
GL7 1NH,17,8,9,8
GL7 1NJ,35,16,19,15
GL7 1NL,60,30,30,19
GL7 1NN,8,3,5,3
GL7 1NR,54,29,25,32
GL7 1NS,83,42,41,43
GL7 1NT,30,11,19,12
GL7 1NU,10,3,7,4
GL7 1NW,10,5,5,3
GL7 1NX,31,14,17,11
GL7 1NY,40,20,20,13
GL7 1NZ,92,42,50,25
GL7 1PA,26,15,11,11
GL7 1PB,25,11,14,21
GL7 1PD,23,13,10,10
GL7 1PE,26,9,17,10
GL7 1PF,15,6,9,8
GL7 1PG,96,41,55,46
GL7 1PH,1,0,1,1
GL7 1PJ,92,47,45,41
GL7 1PL,67,33,34,43
GL7 1PN,54,24,30,28
GL7 1PP,117,55,62,59
GL7 1PQ,14,6,8,4
GL7 1PR,42,19,23,18
GL7 1PS,214,109,105,92
GL7 1PU,26,13,13,16
GL7 1PW,32,20,12,18
GL7 1QA,1,1,0,1
GL7 1QB,36,16,20,18
GL7 1QD,18,12,6,11
GL7 1QH,15,1,14,7
GL7 1QR,44,20,24,23
GL7 1QW,38,13,25,12
GL7 1QX,62,36,26,25
GL7 1QZ,40,17,23,18
GL7 1RA,19,10,9,9
GL7 1RB,21,10,11,11
GL7 1RD,43,20,23,21
GL7 1RE,16,7,9,7
GL7 1RG,51,26,25,17
GL7 1RH,20,9,11,18
GL7 1RL,32,15,17,18
GL7 1RP,43,24,19,25
GL7 1RS,2,1,1,1
GL7 1RU,54,13,41,49
GL7 1RW,34,16,18,11
GL7 1RZ,45,12,33,39
GL7 1SA,97,45,52,36
GL7 1SB,14,8,6,8
GL7 1SD,111,57,54,36
GL7 1SE,84,47,37,23
GL7 1SF,99,45,54,44
GL7 1SG,7,4,3,3
GL7 1SH,67,29,38,23
GL7 1SJ,24,10,14,9
GL7 1SL,95,50,45,31
GL7 1SN,60,28,32,26
GL7 1SP,68,35,33,27
GL7 1SQ,20,10,10,10
GL7 1SR,67,30,37,26
GL7 1SS,22,11,11,6
GL7 1ST,64,35,29,27
GL7 1SU,67,37,30,24
GL7 1SW,66,32,34,23
GL7 1SX,62,22,40,23
GL7 1TA,140,73,67,74
GL7 1TB,99,51,48,53
GL7 1TD,83,40,43,34
GL7 1TF,71,33,38,30
GL7 1TG,33,18,15,13
GL7 1TH,10,4,6,8
GL7 1TJ,68,33,35,29
GL7 1TL,5,1,4,4
GL7 1TN,28,13,15,14
GL7 1TP,70,32,38,29
GL7 1TQ,58,31,27,25
GL7 1TR,80,42,38,33
GL7 1TS,5,3,2,3
GL7 1TW,29,13,16,13
GL7 1TX,102,42,60,32
GL7 1TY,42,24,18,16
GL7 1TZ,68,31,37,20
GL7 1UA,77,33,44,41
GL7 1UB,58,26,32,36
GL7 1UD,27,11,16,16
GL7 1UE,2,1,1,1
GL7 1UF,41,19,22,20
GL7 1UG,138,69,69,52
GL7 1UH,112,55,57,44
GL7 1UJ,46,22,24,22
GL7 1UL,7,4,3,6
GL7 1UN,15,7,8,7
GL7 1UQ,134,65,69,56
GL7 1UR,7,3,4,5
GL7 1US,2,1,1,1
GL7 1UT,4,2,2,2
GL7 1UU,8,3,5,5
GL7 1UW,16,8,8,8
GL7 1UY,3,1,2,3
GL7 1UZ,30,16,14,10
GL7 1WA,159,77,82,69
GL7 1WB,51,23,28,16
GL7 1WD,40,19,21,14
GL7 1WE,110,53,57,41
GL7 1WF,79,36,43,30
GL7 1WG,35,14,21,18
GL7 1WJ,18,7,11,9
GL7 1WN,116,57,59,57
GL7 1WX,103,47,56,54
GL7 1WY,147,73,74,62
GL7 1WZ,170,80,90,84
GL7 1XB,2,1,1,1
GL7 1XD,1,1,0,1
GL7 1XE,1,0,1,1
GL7 1XF,2,1,1,1
GL7 1XG,26,11,15,11
GL7 1XH,8,4,4,4
GL7 1XJ,4,2,2,2
GL7 1XL,19,9,10,8
GL7 1XN,61,27,34,26
GL7 1XP,17,10,7,9
GL7 1XQ,113,63,50,63
GL7 1XR,26,13,13,14
GL7 1XS,88,43,45,38
GL7 1XT,42,15,27,24
GL7 1XU,54,22,32,24
GL7 1XW,91,45,46,36
GL7 1XX,90,44,46,42
GL7 1XY,68,32,36,31
GL7 1XZ,84,32,52,51
GL7 1YA,10,6,4,6
GL7 1YB,19,8,11,10
GL7 1YD,10,4,6,4
GL7 1YF,27,13,14,11
GL7 1YH,102,50,52,56
GL7 1YN,114,54,60,43
GL7 1YU,19,10,9,6
GL7 1YW,56,32,24,35
GL7 1YY,14,8,6,6
GL7 2AA,51,29,22,29
GL7 2AE,8,4,4,4
GL7 2AF,42,25,17,14
GL7 2AG,7,4,3,3
GL7 2AJ,8,6,2,4
GL7 2AN,14,5,9,8
GL7 2AS,48,21,27,23
GL7 2AW,24,10,14,17
GL7 2AX,9,1,8,6
GL7 2BA,48,26,22,25
GL7 2BB,30,16,14,13
GL7 2BE,59,32,27,32
GL7 2BG,25,10,15,16
GL7 2BH,27,12,15,17
GL7 2BJ,5,4,1,5
GL7 2BL,11,6,5,4
GL7 2BN,5,3,2,2
GL7 2BP,6,5,1,5
GL7 2BQ,26,12,14,15
GL7 2BS,10,5,5,7
GL7 2BT,2,1,1,1
GL7 2BW,2,1,1,1
GL7 2BX,25,10,15,10
GL7 2BY,20,3,17,18
GL7 2BZ,23,11,12,13
GL7 2DA,3,1,2,2
GL7 2DB,34,17,17,20
GL7 2DD,61,25,36,25
GL7 2DE,10,3,7,5
GL7 2DF,4,1,3,3
GL7 2DG,31,18,13,15
GL7 2DH,42,22,20,18
GL7 2DJ,18,8,10,7
GL7 2DN,11,8,3,6
GL7 2DP,51,22,29,26
GL7 2DR,43,20,23,23
GL7 2DS,25,7,18,15
GL7 2DT,27,12,15,11
GL7 2DU,1,1,0,1
GL7 2DW,21,8,13,15
GL7 2DX,4,1,3,2
GL7 2DY,64,29,35,27
GL7 2DZ,8,3,5,3
GL7 2EA,2,1,1,2
GL7 2EB,22,10,12,16
GL7 2ED,30,10,20,0
GL7 2EE,13,7,6,5
GL7 2EF,54,29,25,27
GL7 2EG,26,12,14,16
GL7 2EH,30,17,13,16
GL7 2EJ,29,13,16,20
GL7 2EL,45,9,36,38
GL7 2EN,51,14,37,44
GL7 2EP,24,12,12,9
GL7 2EQ,42,18,24,17
GL7 2ER,43,19,24,15
GL7 2ES,7,3,4,5
GL7 2ET,90,49,41,27
GL7 2EU,86,37,49,42
GL7 2EW,8,2,6,4
GL7 2EX,15,5,10,12
GL7 2EY,41,22,19,17
GL7 2EZ,61,30,31,23
GL7 2HA,105,48,57,39
GL7 2HB,104,54,50,38
GL7 2HD,63,29,34,29
GL7 2HE,108,56,52,37
GL7 2HF,56,26,30,32
GL7 2HG,88,41,47,32
GL7 2HH,25,12,13,12
GL7 2HJ,12,2,10,9
GL7 2HL,8,4,4,4
GL7 2HN,23,11,12,10
GL7 2HQ,4,2,2,2
GL7 2HR,15,8,7,5
GL7 2HS,6,3,3,2
GL7 2HT,87,39,48,41
GL7 2HU,50,24,26,18
GL7 2HW,12,6,6,5
GL7 2HX,55,25,30,24
GL7 2HY,36,15,21,14
GL7 2JA,17,8,9,10
GL7 2JB,68,33,35,32
GL7 2JD,8,5,3,3
GL7 2JE,23,13,10,8
GL7 2JF,28,13,15,13
GL7 2JG,80,44,36,37
GL7 2JH,29,16,13,14
GL7 2JJ,32,15,17,12
GL7 2JL,107,48,59,51
GL7 2JN,14,7,7,9
GL7 2JP,11,4,7,4
GL7 2JQ,80,35,45,36
GL7 2JR,7,3,4,4
GL7 2JS,65,30,35,31
GL7 2JT,51,23,28,20
GL7 2JU,17,8,9,7
GL7 2JW,70,32,38,29
GL7 2JY,36,21,15,15
GL7 2JZ,8,3,5,4
GL7 2LA,6,3,3,3
GL7 2LB,17,4,13,8
GL7 2LD,9,6,3,5
GL7 2LE,1,1,0,0
GL7 2LF,11,5,6,6
GL7 2LG,123,58,65,49
GL7 2LH,14,8,6,4
GL7 2LJ,69,34,35,24
GL7 2LL,37,20,17,15
GL7 2LN,60,30,30,22
GL7 2LP,9,3,6,3
GL7 2LQ,20,11,9,12
GL7 2LR,19,8,11,6
GL7 2LS,23,13,10,11
GL7 2LT,4,1,3,1
GL7 2LU,23,10,13,10
GL7 2LW,3,2,1,2
GL7 2LX,6,3,3,2
GL7 2LY,35,18,17,12
GL7 2NA,30,13,17,15
GL7 2ND,31,16,15,13
GL7 2NE,61,25,36,33
GL7 2NF,85,41,44,38
GL7 2NG,55,24,31,21
GL7 2NH,27,6,21,8
GL7 2NJ,13,5,8,4
GL7 2NQ,15,7,8,9
GL7 2NW,8,2,6,4
GL7 2NX,3,1,2,1
GL7 2NZ,7,5,2,0
GL7 2PF,40,20,20,25
GL7 2PH,4,2,2,1
GL7 2PP,11,5,6,7
GL7 2PR,1,1,0,1
GL7 2PU,34,19,15,25
GL7 2PX,96,45,51,50
GL7 2PZ,37,19,18,28
GL7 2QE,11,5,6,6
GL7 2QF,16,9,7,11
GL7 2QG,8,5,3,7
GL7 2QQ,12,6,6,6
GL7 2QR,25,14,11,18
GL7 2QS,24,13,11,18
GL7 2QT,28,16,12,18
GL7 2QU,33,13,20,25
GL7 2QX,7,4,3,6
GL7 2RH,145,71,74,58
GL7 2RJ,27,15,12,9
GL7 2RL,104,46,58,37
GL7 2RN,94,52,42,38
GL7 2RP,196,86,110,80
GL7 2RQ,13,8,5,3
GL7 2RW,130,67,63,45
GL7 2SA,10,2,8,8
GL7 2TG,10,5,5,3
GL7 3AA,5,4,1,2
GL7 3AB,22,9,13,10
GL7 3AD,28,16,12,15
GL7 3AE,41,19,22,21
GL7 3AG,41,18,23,21
GL7 3AH,50,23,27,24
GL7 3AL,16,6,10,10
GL7 3AN,13,4,9,7
GL7 3AP,23,12,11,13
GL7 3AQ,26,14,12,11
GL7 3AR,11,5,6,6
GL7 3AS,23,7,16,11
GL7 3AT,23,11,12,11
GL7 3AU,12,6,6,6
GL7 3AW,7,2,5,3
GL7 3AX,16,9,7,8
GL7 3AY,33,16,17,14
GL7 3AZ,11,5,6,8
GL7 3BA,5,4,1,1
GL7 3BB,3,2,1,2
GL7 3BD,19,11,8,9
GL7 3BE,19,12,7,8
GL7 3BG,111,48,63,53
GL7 3BH,10,3,7,4
GL7 3BJ,42,25,17,17
GL7 3BL,12,4,8,8
GL7 3BN,29,14,15,18
GL7 3BP,57,25,32,28
GL7 3BQ,109,55,54,42
GL7 3BS,41,18,23,20
GL7 3BT,29,15,14,13
GL7 3BU,58,23,35,44
GL7 3BW,67,35,32,32
GL7 3BX,22,12,10,10
GL7 3BY,25,12,13,18
GL7 3BZ,49,23,26,22
GL7 3DA,34,18,16,13
GL7 3DB,36,18,18,15
GL7 3DD,35,18,17,17
GL7 3DE,48,24,24,25
GL7 3DF,56,29,27,26
GL7 3DG,26,12,14,11
GL7 3DH,5,2,3,3
GL7 3DJ,101,45,56,40
GL7 3DL,106,48,58,42
GL7 3DN,20,10,10,5
GL7 3DP,8,2,6,2
GL7 3DQ,3,1,2,2
GL7 3DR,11,6,5,5
GL7 3DS,42,20,22,15
GL7 3DT,6,3,3,2
GL7 3DU,3,2,1,1
GL7 3DW,7,3,4,3
GL7 3DX,10,4,6,6
GL7 3DY,9,3,6,5
GL7 3DZ,7,3,4,3
GL7 3EA,12,4,8,5
GL7 3EB,6,3,3,3
GL7 3ED,4,3,1,1
GL7 3EE,2,1,1,2
GL7 3EF,12,6,6,6
GL7 3EG,88,40,48,35
GL7 3EH,26,10,16,9
GL7 3EJ,10,5,5,4
GL7 3EL,11,5,6,5
GL7 3EN,9,4,5,4
GL7 3EP,18,8,10,6
GL7 3EQ,13,5,8,7
GL7 3ER,18,9,9,6
GL7 3ES,10,5,5,4
GL7 3ET,33,19,14,17
GL7 3EU,6,2,4,1
GL7 3EW,10,5,5,4
GL7 3EX,10,6,4,4
GL7 3EY,5,2,3,2
GL7 3EZ,17,9,8,12
GL7 3FA,16,5,11,11
GL7 3FB,13,8,5,8
GL7 3FD,7,4,3,3
GL7 3FE,33,14,19,20
GL7 3FF,79,39,40,29
GL7 3FG,1,0,1,1
GL7 3FQ,9,6,3,4
GL7 3HA,8,3,5,3
GL7 3HB,32,15,17,11
GL7 3HD,8,4,4,3
GL7 3HE,15,8,7,5
GL7 3HF,7,5,2,3
GL7 3HG,25,13,12,10
GL7 3HH,1,0,1,1
GL7 3HJ,12,5,7,4
GL7 3HN,30,14,16,22
GL7 3HP,21,9,12,15
GL7 3HQ,17,6,11,6
GL7 3HR,53,28,25,30
GL7 3HS,45,24,21,29
GL7 3HT,10,5,5,5
GL7 3HU,4,2,2,1
GL7 3HW,17,11,6,10
GL7 3HX,24,12,12,9
GL7 3HY,29,13,16,12
GL7 3HZ,49,29,20,21
GL7 3JB,4,2,2,1
GL7 3JD,8,4,4,4
GL7 3JF,3,1,2,2
GL7 3JG,61,28,33,24
GL7 3JH,68,34,34,26
GL7 3JJ,59,31,28,34
GL7 3JL,19,9,10,9
GL7 3JN,6,3,3,3
GL7 3JQ,56,30,26,25
GL7 3JW,17,8,9,8
GL7 3LB,70,38,32,32
GL7 3LD,7,4,3,3
GL7 3LE,9,3,6,5
GL7 3LF,63,31,32,28
GL7 3LG,14,5,9,6
GL7 3LH,33,19,14,12
GL7 3LJ,2,1,1,1
GL7 3LL,2,1,1,1
GL7 3LN,24,13,11,10
GL7 3LP,17,9,8,8
GL7 3LQ,9,4,5,3
GL7 3LR,10,3,7,5
GL7 3LT,30,14,16,8
GL7 3LW,39,22,17,18
GL7 3NA,116,55,61,43
GL7 3NB,30,13,17,0
GL7 3ND,10,5,5,6
GL7 3NE,7,3,4,2
GL7 3NF,2,1,1,1
GL7 3NG,14,7,7,6
GL7 3NH,2,1,1,1
GL7 3NJ,35,20,15,17
GL7 3NL,12,8,4,4
GL7 3NN,10,4,6,5
GL7 3NP,13,6,7,5
GL7 3NQ,106,50,56,50
GL7 3NR,11,6,5,4
GL7 3NS,24,11,13,11
GL7 3NT,16,5,11,8
GL7 3NU,18,10,8,10
GL7 3NW,23,9,14,8
GL7 3NX,5,4,1,2
GL7 3NY,5,2,3,3
GL7 3NZ,8,3,5,5
GL7 3PB,6,4,2,2
GL7 3PD,11,5,6,7
GL7 3PE,1,1,0,1
GL7 3PF,6,3,3,2
GL7 3PG,26,13,13,13
GL7 3PH,13,8,5,5
GL7 3PJ,10,5,5,4
GL7 3PL,6,2,4,2
GL7 3PN,16,6,10,8
GL7 3PQ,11,7,4,4
GL7 3PR,42,20,22,14
GL7 3PS,6,3,3,3
GL7 3PT,1,0,1,1
GL7 3PU,5,4,1,2
GL7 3PX,14,6,8,4
GL7 3PY,2,1,1,1
GL7 3QA,8,5,3,3
GL7 3QB,16,7,9,9
GL7 3QD,24,11,13,11
GL7 3QH,3,2,1,2
GL7 3QJ,9,5,4,4
GL7 3QL,13,6,7,5
GL7 3QN,15,7,8,7
GL7 3QP,6,3,3,2
GL7 3QQ,9,5,4,6
GL7 3QR,3,2,1,1
GL7 3QS,79,38,41,33
GL7 3QT,45,19,26,25
GL7 3QU,25,12,13,11
GL7 3QW,17,8,9,7
GL7 3QX,30,14,16,14
GL7 3QY,1,1,0,1
GL7 3RA,2,1,1,1
GL7 3RB,10,5,5,6
GL7 3RD,4,2,2,2
GL7 3RE,7,5,2,4
GL7 3RF,2,1,1,1
GL7 3RG,4,3,1,1
GL7 3RL,29,16,13,13
GL7 3RZ,33,15,18,16
GL7 3SB,50,21,29,21
GL7 3SD,145,75,70,58
GL7 3SE,140,61,79,58
GL7 3SF,133,70,63,50
GL7 4AB,17,7,10,7
GL7 4AD,22,10,12,10
GL7 4AG,26,13,13,14
GL7 4AH,61,16,45,11
GL7 4AJ,58,27,31,23
GL7 4AL,60,31,29,28
GL7 4AN,36,18,18,13
GL7 4AP,61,28,33,31
GL7 4AQ,40,26,14,14
GL7 4AR,67,33,34,26
GL7 4AT,45,25,20,10
GL7 4AU,5,3,2,3
GL7 4AW,11,6,5,3
GL7 4AX,19,9,10,8
GL7 4AY,8,5,3,3
GL7 4AZ,15,6,9,7
GL7 4BA,33,17,16,13
GL7 4BB,22,11,11,10
GL7 4BD,20,5,15,12
GL7 4BE,105,50,55,56
GL7 4BG,28,13,15,11
GL7 4BH,31,12,19,26
GL7 4BJ,9,3,6,6
GL7 4BL,35,12,23,25
GL7 4BN,34,15,19,18
GL7 4BP,11,5,6,7
GL7 4BQ,42,20,22,16
GL7 4BS,36,15,21,14
GL7 4BT,18,11,7,5
GL7 4BU,5,2,3,2
GL7 4BW,41,21,20,14
GL7 4BX,33,16,17,12
GL7 4BY,9,4,5,3
GL7 4BZ,6,4,2,3
GL7 4DA,9,3,6,5
GL7 4DB,33,28,5,0
GL7 4DD,62,32,30,25
GL7 4DE,71,36,35,32
GL7 4DF,5,3,2,3
GL7 4DG,12,7,5,5
GL7 4DJ,5,3,2,3
GL7 4DN,79,37,42,39
GL7 4DP,20,10,10,7
GL7 4DQ,2,1,1,1
GL7 4DR,24,9,15,9
GL7 4DS,32,16,16,11
GL7 4DT,27,13,14,10
GL7 4DU,39,24,15,16
GL7 4DW,22,9,13,10
GL7 4DX,16,7,9,7
GL7 4DY,24,13,11,10
GL7 4DZ,42,22,20,17
GL7 4EA,46,23,23,19
GL7 4EB,14,6,8,5
GL7 4ED,6,3,3,3
GL7 4EE,27,15,12,9
GL7 4EF,4,3,1,3
GL7 4EG,13,5,8,6
GL7 4EJ,10,5,5,5
GL7 4EL,21,12,9,8
GL7 4EN,12,6,6,4
GL7 4EP,58,27,31,24
GL7 4EQ,82,41,41,34
GL7 4ER,2,2,0,1
GL7 4ES,16,6,10,7
GL7 4ET,18,8,10,8
GL7 4EU,26,14,12,14
GL7 4EW,37,18,19,12
GL7 4EX,40,21,19,14
GL7 4EY,33,16,17,9
GL7 4EZ,8,4,4,4
GL7 4FB,14,9,5,3
GL7 4FD,7,4,3,4
GL7 4FN,5,3,2,1
GL7 4GT,10,5,5,5
GL7 4GZ,9,5,4,5
GL7 4HA,22,11,11,8
GL7 4HB,11,6,5,5
GL7 4HD,36,16,20,14
GL7 4HE,57,28,29,23
GL7 4HF,18,11,7,6
GL7 4HG,6,3,3,3
GL7 4HH,49,25,24,19
GL7 4HJ,16,8,8,7
GL7 4HL,57,22,35,18
GL7 4HN,34,20,14,12
GL7 4HP,22,10,12,10
GL7 4HQ,28,16,12,12
GL7 4HR,13,6,7,6
GL7 4HS,29,15,14,12
GL7 4HT,18,10,8,6
GL7 4HU,22,10,12,6
GL7 4HW,11,5,6,5
GL7 4HX,5,3,2,3
GL7 4HY,76,31,45,51
GL7 4HZ,10,4,6,3
GL7 4JA,19,9,10,11
GL7 4JB,83,44,39,30
GL7 4JD,14,9,5,8
GL7 4JE,7,4,3,2
GL7 4JF,16,10,6,6
GL7 4JG,12,7,5,4
GL7 4JJ,31,16,15,13
GL7 4JL,25,9,16,9
GL7 4JN,3,2,1,1
GL7 4JP,98,44,54,37
GL7 4JQ,12,6,6,5
GL7 4JR,57,32,25,22
GL7 4JS,57,27,30,23
GL7 4JT,78,40,38,32
GL7 4JU,30,17,13,10
GL7 4JW,7,3,4,3
GL7 4JX,77,33,44,36
GL7 4JY,63,27,36,26
GL7 4JZ,11,6,5,5
GL7 4LA,24,10,14,10
GL7 4LB,163,81,82,60
GL7 4LD,17,5,12,7
GL7 4LE,41,22,19,22
GL7 4LF,123,56,67,48
GL7 4LG,16,7,9,6
GL7 4LH,8,4,4,6
GL7 4LJ,25,12,13,8
GL7 4LL,31,15,16,11
GL7 4LN,28,11,17,11
GL7 4LP,55,27,28,23
GL7 4LQ,71,39,32,26
GL7 4LR,9,4,5,3
GL7 4LS,6,3,3,3
GL7 4LT,54,22,32,20
GL7 4LU,11,4,7,6
GL7 4LX,38,11,27,29
GL7 4LY,7,4,3,3
GL7 4ND,6,2,4,4
GL7 4NE,50,25,25,26
GL7 4NF,10,6,4,4
GL7 4NH,16,8,8,8
GL7 4NN,11,7,4,4
GL7 4NP,91,44,47,39
GL7 4NR,3,1,2,2
GL7 4NS,31,16,15,15
GL7 4NT,6,2,4,2
GL7 4NU,11,5,6,4
GL7 4PR,4,3,1,4
GL7 4PZ,7,4,3,3
GL7 5AA,3,2,1,3
GL7 5AB,7,4,3,4
GL7 5AD,39,18,21,18
GL7 5AF,3,1,2,2
GL7 5AG,16,7,9,5
GL7 5AH,2,1,1,2
GL7 5AJ,23,12,11,12
GL7 5AL,9,7,2,4
GL7 5AN,23,14,9,13
GL7 5AP,3,1,2,1
GL7 5AQ,6,4,2,3
GL7 5AR,14,8,6,6
GL7 5AU,26,13,13,9
GL7 5AW,40,18,22,18
GL7 5AX,19,10,9,6
GL7 5AY,9,4,5,3
GL7 5BB,11,6,5,5
GL7 5BD,17,7,10,8
GL7 5BE,7,4,3,3
GL7 5BG,22,12,10,8
GL7 5BH,36,16,20,17
GL7 5BJ,13,4,9,8
GL7 5BL,24,14,10,10
GL7 5BN,65,30,35,22
GL7 5BP,11,5,6,5
GL7 5BS,95,49,46,38
GL7 5BT,49,24,25,17
GL7 5BU,71,35,36,26
GL7 5BW,21,9,12,13
GL7 5BY,42,20,22,19
GL7 5BZ,14,6,8,7
GL7 5DA,21,12,9,8
GL7 5DB,5,1,4,2
GL7 5DD,14,9,5,6
GL7 5DE,14,6,8,6
GL7 5DF,7,4,3,3
GL7 5DG,4,1,3,1
GL7 5DH,12,7,5,4
GL7 5DJ,14,9,5,8
GL7 5DL,34,17,17,12
GL7 5DQ,5,2,3,1
GL7 5DT,82,19,63,3
GL7 5DX,17,7,10,6
GL7 5DY,5,2,3,3
GL7 5DZ,25,11,14,10
GL7 5EA,12,8,4,4
GL7 5EB,15,9,6,6
GL7 5ED,21,7,14,6
GL7 5EE,24,11,13,9
GL7 5EF,66,37,29,22
GL7 5EG,18,9,9,8
GL7 5EH,5,2,3,3
GL7 5EJ,11,7,4,6
GL7 5EL,14,7,7,9
GL7 5EN,11,6,5,4
GL7 5EP,4,1,3,3
GL7 5EQ,9,6,3,6
GL7 5ER,30,13,17,14
GL7 5ES,15,7,8,8
GL7 5ET,32,16,16,14
GL7 5EU,12,7,5,4
GL7 5EW,7,2,5,4
GL7 5EX,15,10,5,4
GL7 5EY,10,6,4,2
GL7 5EZ,18,10,8,5
GL7 5HA,18,11,7,5
GL7 5HB,4,3,1,2
GL7 5HE,20,10,10,5
GL7 5HG,21,11,10,11
GL7 5HL,6,2,4,3
GL7 5HN,44,23,21,17
GL7 5HP,21,10,11,6
GL7 5HQ,19,8,11,9
GL7 5HR,8,2,6,6
GL7 5HS,17,6,11,9
GL7 5HT,11,6,5,3
GL7 5HU,6,3,3,4
GL7 5HW,11,7,4,4
GL7 5HX,44,23,21,18
GL7 5HY,32,18,14,13
GL7 5HZ,5,2,3,3
GL7 5JA,4,1,3,1
GL7 5JB,9,6,3,4
GL7 5JD,2,1,1,1
GL7 5JE,40,23,17,19
GL7 5JF,52,24,28,22
GL7 5JG,45,15,30,17
GL7 5JH,96,45,51,63
GL7 5JJ,3,2,1,2
GL7 5JL,10,4,6,3
GL7 5JN,25,14,11,12
GL7 5JP,50,28,22,17
GL7 5JQ,17,9,8,10
GL7 5JR,8,4,4,5
GL7 5JS,36,17,19,13
GL7 5JT,40,20,20,17
GL7 5JU,16,8,8,6
GL7 5JW,14,5,9,6
GL7 5JX,55,21,34,20
GL7 5JZ,12,6,6,5
GL7 5LA,2,1,1,1
GL7 5LB,8,5,3,3
GL7 5LE,12,6,6,4
GL7 5LF,20,10,10,8
GL7 5LG,44,19,25,18
GL7 5LH,15,6,9,4
GL7 5LJ,1,0,1,1
GL7 5LL,44,16,28,22
GL7 5LN,4,2,2,1
GL7 5LP,73,33,40,33
GL7 5LR,13,7,6,7
GL7 5LS,24,10,14,10
GL7 5LT,48,27,21,31
GL7 5LU,11,9,2,5
GL7 5LW,13,7,6,7
GL7 5LX,11,5,6,4
GL7 5LY,4,3,1,1
GL7 5LZ,7,3,4,2
GL7 5NA,23,13,10,4
GL7 5NB,18,9,9,8
GL7 5ND,99,47,52,42
GL7 5NE,28,16,12,13
GL7 5NF,4,2,2,3
GL7 5NG,4,2,2,2
GL7 5NH,14,5,9,10
GL7 5NJ,18,8,10,11
GL7 5NL,17,9,8,9
GL7 5NN,2,1,1,1
GL7 5NP,18,9,9,9
GL7 5NR,13,4,9,7
GL7 5NS,45,22,23,17
GL7 5NT,30,15,15,12
GL7 5NU,21,12,9,9
GL7 5NX,19,9,10,8
GL7 5NY,42,21,21,21
GL7 5NZ,11,5,6,6
GL7 5PA,98,45,53,41
GL7 5PB,21,10,11,7
GL7 5PD,16,9,7,7
GL7 5PE,17,10,7,11
GL7 5PF,107,60,47,37
GL7 5PN,5,3,2,2
GL7 5PP,3,2,1,1
GL7 5PQ,43,21,22,14
GL7 5PR,142,74,68,58
GL7 5PS,3,1,2,2
GL7 5PT,6,2,4,4
GL7 5PU,9,6,3,4
GL7 5PX,14,8,6,5
GL7 5PY,80,40,40,29
GL7 5PZ,10,4,6,4
GL7 5QA,19,12,7,8
GL7 5QB,2,1,1,1
GL7 5QD,1,0,1,1
GL7 5QE,26,14,12,11
GL7 5QF,11,6,5,4
GL7 5QH,44,21,23,16
GL7 5QJ,75,34,41,30
GL7 5QL,13,6,7,6
GL7 5QN,18,10,8,8
GL7 5QP,9,3,6,6
GL7 5QQ,6,2,4,3
GL7 5QR,32,16,16,13
GL7 5QS,58,30,28,19
GL7 5QT,7,6,1,2
GL7 5QU,6,4,2,3
GL7 5QW,106,52,54,44
GL7 5QX,132,69,63,52
GL7 5QY,1,1,0,1
GL7 5QZ,27,16,11,11
GL7 5RA,10,5,5,4
GL7 5RB,14,7,7,5
GL7 5RD,226,161,65,12
GL7 5RE,20,10,10,10
GL7 5RF,64,29,35,29
GL7 5RH,17,9,8,7
GL7 5RJ,13,8,5,4
GL7 5RP,2,1,1,1
GL7 5RQ,21,12,9,9
GL7 5RR,19,9,10,8
GL7 5RS,28,11,17,9
GL7 5RT,6,3,3,2
GL7 5RU,8,3,5,3
GL7 5RW,2,1,1,2
GL7 5RX,11,5,6,6
GL7 5RY,95,55,40,40
GL7 5RZ,33,18,15,10
GL7 5SA,54,25,29,27
GL7 5SB,6,3,3,1
GL7 5SD,49,23,26,19
GL7 5SE,36,20,16,11
GL7 5SF,62,35,27,26
GL7 5SG,47,22,25,20
GL7 5SH,45,18,27,19
GL7 5SJ,36,17,19,16
GL7 5SL,6,5,1,3
GL7 5SN,30,12,18,17
GL7 5SP,25,10,15,12
GL7 5SQ,4,1,3,2
GL7 5SR,11,7,4,6
GL7 5SS,15,9,6,9
GL7 5ST,13,7,6,5
GL7 5SU,12,6,6,7
GL7 5SW,14,7,7,6
GL7 5SX,19,10,9,8
GL7 5SY,6,4,2,2
GL7 5SZ,2,1,1,1
GL7 5TA,31,15,16,10
GL7 5TB,4,2,2,3
GL7 5TD,11,5,6,6
GL7 5TE,71,31,40,33
GL7 5TF,10,7,3,5
GL7 5TG,52,23,29,20
GL7 5TH,38,19,19,23
GL7 5TJ,1,0,1,1
GL7 5TN,14,6,8,7
GL7 5TP,34,17,17,14
GL7 5TR,38,18,20,19
GL7 5TS,33,14,19,19
GL7 5TT,22,11,11,10
GL7 5TU,7,3,4,3
GL7 5TW,3,2,1,2
GL7 5TX,17,7,10,9
GL7 5TY,11,4,7,5
GL7 5TZ,41,21,20,17
GL7 5UA,42,20,22,20
GL7 5UB,73,34,39,31
GL7 5UD,142,71,71,53
GL7 5UE,53,27,26,24
GL7 5UF,23,12,11,10
GL7 5UG,44,18,26,20
GL7 5UH,164,85,79,56
GL7 5UL,62,28,34,25
GL7 5UN,96,42,54,42
GL7 5UP,23,10,13,14
GL7 5UQ,10,4,6,5
GL7 5UR,34,16,18,15
GL7 5US,48,26,22,21
GL7 5UT,37,16,21,12
GL7 5UU,32,14,18,17
GL7 5UW,59,28,31,22
GL7 5UX,149,74,75,59
GL7 5UY,10,4,6,6
GL7 5UZ,7,3,4,3
GL7 5WJ,75,37,38,28
GL7 5XA,37,17,20,22
GL7 5XB,13,8,5,5
GL7 5XD,13,7,6,7
GL7 5XE,65,31,34,19
GL7 5XF,7,4,3,4
GL7 5XH,13,6,7,6
GL7 5XJ,89,46,43,35
GL7 5XN,101,54,47,37
GL7 5XP,21,10,11,15
GL7 5XQ,44,26,18,23
GL7 5XR,66,27,39,40
GL7 5XS,19,8,11,7
GL7 5XT,24,10,14,12
GL7 5XU,58,26,32,28
GL7 5XW,96,51,45,42
GL7 5XX,147,69,78,62
GL7 5XY,11,3,8,6
GL7 6AA,39,21,18,19
GL7 6AD,58,24,34,27
GL7 6AE,2,1,1,1
GL7 6AF,1,0,1,1
GL7 6AG,44,23,21,19
GL7 6AJ,11,7,4,6
GL7 6AL,84,41,43,29
GL7 6AN,12,4,8,5
GL7 6AP,92,45,47,39
GL7 6AQ,9,3,6,4
GL7 6AR,18,10,8,6
GL7 6AS,57,33,24,19
GL7 6AT,44,24,20,19
GL7 6AU,23,11,12,10
GL7 6AW,4,1,3,2
GL7 6AX,11,6,5,4
GL7 6AY,14,11,3,4
GL7 6AZ,34,18,16,11
GL7 6BB,10,5,5,3
GL7 6BD,3,1,2,2
GL7 6BE,105,53,52,41
GL7 6BG,37,20,17,18
GL7 6BH,40,20,20,18
GL7 6BL,9,5,4,6
GL7 6BN,8,4,4,2
GL7 6BP,2,0,2,2
GL7 6BS,11,5,6,6
GL7 6BT,49,24,25,21
GL7 6BU,95,44,51,33
GL7 6BW,18,9,9,7
GL7 6BX,2,1,1,1
GL7 6BY,17,11,6,5
GL7 6BZ,11,6,5,4
GL7 6DA,10,5,5,4
GL7 6DB,13,7,6,4
GL7 6DD,8,3,5,3
GL7 6DE,29,11,18,11
GL7 6DG,1,1,0,1
GL7 6DH,35,17,18,20
GL7 6DJ,11,6,5,5
GL7 6DL,14,7,7,5
GL7 6DN,46,28,18,20
GL7 6DP,14,7,7,6
GL7 6DQ,5,2,3,3
GL7 6DR,12,6,6,6
GL7 6DS,78,39,39,30
GL7 6DT,36,16,20,16
GL7 6DU,47,19,28,18
GL7 6DW,25,10,15,10
GL7 6DX,3,1,2,2
GL7 6DY,2,1,1,1
GL7 6DZ,6,2,4,3
GL7 6EA,12,5,7,3
GL7 6EB,1,1,0,1
GL7 6ED,11,6,5,5
GL7 6EE,8,3,5,2
GL7 6EF,4,2,2,2
GL7 6EG,146,70,76,56
GL7 6EH,8,3,5,3
GL7 6EJ,2,1,1,1
GL7 6EL,5,2,3,3
GL7 6EN,16,7,9,6
GL7 6EP,3,1,2,1
GL7 6EQ,21,12,9,8
GL7 6ER,9,4,5,4
GL7 6ES,56,26,30,29
GL7 6ET,25,14,11,10
GL7 6EU,10,6,4,3
GL7 6EW,17,8,9,5
GL7 6EX,6,2,4,2
GL7 6EY,34,18,16,14
GL7 6EZ,9,4,5,5
GL7 6FE,6,3,3,1
GL7 6FF,47,21,26,18
GL7 6FH,3,2,1,1
GL7 6FJ,6,5,1,5
GL7 6FL,1,1,0,1
GL7 6FP,9,5,4,5
GL7 6FR,9,4,5,4
GL7 6FS,33,17,16,11
GL7 6FT,3,2,1,2
GL7 6FY,14,7,7,4
GL7 6HA,14,8,6,6
GL7 6HB,10,7,3,4
GL7 6HD,47,24,23,17
GL7 6HE,10,4,6,3
GL7 6HF,16,5,11,10
GL7 6HG,1,0,1,1
GL7 6HH,61,31,30,23
GL7 6HJ,43,20,23,18
GL7 6HL,31,11,20,10
GL7 6HN,46,24,22,18
GL7 6HP,4,2,2,2
GL7 6HQ,11,6,5,5
GL7 6HR,73,33,40,38
GL7 6HS,89,44,45,32
GL7 6HT,16,9,7,7
GL7 6HU,23,11,12,12
GL7 6HW,1,1,0,1
GL7 6HX,16,8,8,10
GL7 6HY,138,64,74,64
GL7 6HZ,89,36,53,47
GL7 6JA,96,46,50,28
GL7 6JB,88,48,40,34
GL7 6JD,14,8,6,5
GL7 6JE,18,10,8,7
GL7 6JF,26,9,17,8
GL7 6JG,65,31,34,17
GL7 6JH,70,35,35,34
GL7 6JL,145,70,75,58
GL7 6JP,13,10,3,4
GL7 6JQ,58,33,25,16
GL7 6JR,3,2,1,2
GL7 6JS,309,160,149,0
GL7 6JT,2,1,1,1
GL7 6JU,60,30,30,20
GL7 6JW,7,5,2,2
GL7 6JX,49,25,24,17
GL7 6JY,24,11,13,9
GL7 6JZ,12,7,5,3
GL7 6LA,2,1,1,1
GL7 6LB,4,2,2,1
GL7 6LD,12,8,4,3
GL7 6LE,16,9,7,6
GL7 6LF,7,3,4,3
GL7 6LG,4,3,1,1
GL7 6LH,2,1,1,1
GL7 6LJ,2,1,1,1
GL7 6LL,42,16,26,20
GL7 6LN,10,5,5,4
GL7 6LP,15,7,8,7
GL7 6LQ,71,32,39,36
GL7 6LR,3,1,2,1
GL7 6LS,9,4,5,4
GL7 6LT,1,1,0,1
GL7 6LU,5,2,3,2
GL7 6LW,14,7,7,7
GL7 6LX,7,3,4,3
GL7 6LY,4,2,2,2
GL7 6LZ,10,6,4,3
GL7 6NG,18,9,9,11
GL7 6NH,59,26,33,24
GL7 6NL,12,7,5,6
GL7 6NN,6,3,3,3
GL7 6NP,12,6,6,4
GL7 6NQ,94,48,46,31
GL7 6NR,26,14,12,13
GL7 6NS,22,9,13,9
GL7 6NT,11,4,7,6
GL7 6NU,6,2,4,2
GL7 6NW,11,5,6,6
GL7 6NX,11,6,5,4
GL7 6NY,24,11,13,10
GL7 6NZ,19,12,7,6
GL7 6PA,107,56,51,47
GL7 6PB,25,11,14,12
GL7 6PD,2,1,1,1
GL7 6PE,84,40,44,36
GL7 6PF,11,5,6,4
GL7 6PG,22,9,13,12
GL7 6PH,15,9,6,5
GL7 6PJ,11,5,6,3
GL7 6PL,7,3,4,2
GL7 6PN,5,3,2,2
GL7 6PQ,5,3,2,1
GL7 6PR,17,4,13,12
GL7 6PS,17,9,8,8
GL7 6PT,16,9,7,7
GL7 6PU,2,0,2,1
GL7 6PW,1,1,0,1
GL7 6PX,11,6,5,3
GL7 6PY,20,7,13,9
GL7 6PZ,22,12,10,9
GL7 6QA,13,7,6,6
GL7 6QB,10,5,5,4
GL7 6QD,12,6,6,5
GL7 6RH,1,1,0,1
GL7 7AA,8,4,4,2
GL7 7AB,14,7,7,8
GL7 7AD,1,1,0,1
GL7 7AE,33,16,17,12
GL7 7AF,2,1,1,1
GL7 7AG,18,11,7,8
GL7 7AH,31,15,16,17
GL7 7AL,18,10,8,8
GL7 7AN,24,14,10,9
GL7 7AP,10,4,6,5
GL7 7AQ,9,5,4,5
GL7 7AR,29,15,14,10
GL7 7AS,58,31,27,28
GL7 7AW,14,8,6,4
GL7 7BA,15,7,8,7
GL7 7BB,109,54,55,47
GL7 7BE,9,4,5,5
GL7 7BG,1,1,0,1
GL7 7BH,73,33,40,41
GL7 7BL,16,10,6,7
GL7 7BN,49,25,24,22
GL7 7BP,5,1,4,1
GL7 7BQ,4,3,1,2
GL7 7BS,22,13,9,7
GL7 7BT,4,2,2,1
GL7 7BU,43,20,23,15
GL7 7BW,11,7,4,5
GL7 7BX,10,4,6,5
GL7 7BY,9,4,5,3
GL7 7BZ,64,33,31,28
GL7 7DA,37,18,19,16
GL7 7DB,8,4,4,4
GL7 7DD,7,3,4,4
GL7 7DE,18,7,11,7
GL7 7DF,38,17,21,14
GL7 7DG,3,2,1,1
GL7 7DH,16,9,7,7
GL7 7DJ,18,11,7,6
GL7 7DL,19,9,10,8
GL7 7DN,24,12,12,8
GL7 7DQ,6,3,3,4
GL7 7DR,16,10,6,8
GL7 7DS,16,8,8,8
GL7 7DT,9,5,4,4
GL7 7DU,25,12,13,13
GL7 7DW,14,7,7,8
GL7 7DX,6,3,3,2
GL7 7DY,10,4,6,4
GL7 7DZ,9,4,5,5
GL7 7EA,33,16,17,15
GL7 7EB,9,4,5,3
GL7 7ED,9,3,6,5
GL7 7EE,8,4,4,3
GL7 7EF,41,19,22,16
GL7 7EG,4,2,2,1
GL7 7EH,102,50,52,34
GL7 7EJ,20,12,8,6
GL7 7EL,14,9,5,5
GL7 7EN,17,8,9,7
GL7 7EP,22,10,12,9
GL7 7ER,14,5,9,6
GL7 7ES,24,14,10,10
GL7 7ET,4,2,2,2
GL7 7EU,5,0,5,3
GL7 7EW,2,2,0,2
GL7 7EX,16,5,11,7
GL7 7EY,8,4,4,4
GL7 7EZ,14,9,5,4
GL7 7HA,113,68,45,0
GL7 7HB,66,36,30,26
GL7 7HD,24,10,14,9
GL7 7HE,4,1,3,2
GL7 7HF,2,2,0,2
GL7 7HG,10,5,5,6
GL7 7HS,9,5,4,4
GL7 7HU,9,4,5,3
GL7 7HX,8,4,4,5
GL7 7HY,11,5,6,4
GL7 7HZ,41,20,21,13
GL7 7JA,10,8,2,4
GL7 7JD,15,6,9,8
GL7 7JE,4,2,2,1
GL7 7JF,9,6,3,3
GL7 7JG,2,1,1,1
GL7 7JH,11,4,7,5
GL7 7JJ,4,2,2,1
GL7 7JL,2,1,1,1
GL7 7JN,66,33,33,29
GL7 7JP,20,10,10,6
GL7 7JQ,3,1,2,1
GL7 7JR,16,11,5,6
GL7 7JS,4,2,2,4
GL7 7JT,4,2,2,2
GL7 7JU,45,23,22,19
GL7 7JW,44,21,23,18
GL7 7JX,15,6,9,6
GL7 7JY,81,43,38,32
GL7 7JZ,31,12,19,16
GL7 7LA,2,1,1,1
GL7 7LB,6,3,3,2
GL7 7LD,7,3,4,3
GL7 7LE,4,2,2,1
GL7 7LF,5,3,2,3
GL7 7LG,15,8,7,5
GL7 7LN,12,7,5,4
GL7 7LP,17,7,10,8
GL8 8AA,37,23,14,23
GL8 8AB,49,20,29,19
GL8 8AP,12,6,6,6
GL8 8AQ,47,20,27,29
GL8 8AR,55,30,25,20
GL8 8AS,32,12,20,15
GL8 8AT,31,15,16,8
GL8 8AU,30,19,11,12
GL8 8AX,8,3,5,4
GL8 8AY,56,25,31,24
GL8 8AZ,20,8,12,8
GL8 8BA,11,9,2,8
GL8 8BB,23,9,14,7
GL8 8BD,79,39,40,27
GL8 8BE,31,17,14,10
GL8 8BG,56,29,27,23
GL8 8BH,16,5,11,14
GL8 8BJ,36,15,21,16
GL8 8BL,33,15,18,12
GL8 8BN,57,30,27,18
GL8 8BP,5,2,3,4
GL8 8BQ,24,8,16,19
GL8 8BS,23,10,13,8
GL8 8BT,13,7,6,8
GL8 8BU,110,51,59,53
GL8 8BW,88,38,50,38
GL8 8BX,38,17,21,16
GL8 8BY,39,17,22,18
GL8 8DA,10,6,4,6
GL8 8DD,57,21,36,32
GL8 8DE,29,15,14,14
GL8 8DF,30,12,18,14
GL8 8DG,101,44,57,33
GL8 8DH,46,23,23,23
GL8 8DJ,9,4,5,5
GL8 8DL,40,19,21,19
GL8 8DN,46,20,26,23
GL8 8DP,11,5,6,6
GL8 8DQ,11,4,7,4
GL8 8DR,41,16,25,22
GL8 8DS,58,30,28,37
GL8 8DT,30,15,15,14
GL8 8DU,86,35,51,47
GL8 8DW,40,19,21,19
GL8 8DX,67,30,37,27
GL8 8DY,35,16,19,20
GL8 8DZ,19,10,9,10
GL8 8EA,12,4,8,8
GL8 8EB,37,16,21,18
GL8 8ED,97,45,52,39
GL8 8EE,9,6,3,5
GL8 8EF,18,8,10,9
GL8 8EG,27,10,17,12
GL8 8EH,9,1,8,9
GL8 8EL,96,43,53,30
GL8 8EN,58,28,30,28
GL8 8EP,18,9,9,8
GL8 8EQ,41,19,22,17
GL8 8ER,62,23,39,25
GL8 8ES,25,13,12,15
GL8 8ET,70,28,42,19
GL8 8EU,35,19,16,16
GL8 8EW,45,19,26,21
GL8 8EX,21,10,11,9
GL8 8EY,24,11,13,10
GL8 8FA,58,25,33,27
GL8 8FB,5,3,2,2
GL8 8FD,12,8,4,7
GL8 8GY,3,2,1,3
GL8 8GZ,25,11,14,12
GL8 8HA,47,23,24,21
GL8 8HB,72,35,37,27
GL8 8HD,27,13,14,15
GL8 8HE,52,29,23,18
GL8 8HF,64,33,31,34
GL8 8HG,40,16,24,12
GL8 8HH,14,8,6,6
GL8 8HL,22,10,12,8
GL8 8HP,2,1,1,1
GL8 8HQ,50,23,27,22
GL8 8HR,55,25,30,26
GL8 8HS,39,20,19,15
GL8 8HT,37,19,18,19
GL8 8HU,7,2,5,2
GL8 8HW,25,14,11,10
GL8 8HX,43,20,23,15
GL8 8JA,38,20,18,19
GL8 8JB,15,9,6,9
GL8 8JD,68,30,38,32
GL8 8JE,66,31,35,30
GL8 8JF,120,70,50,45
GL8 8JG,60,27,33,31
GL8 8JH,9,5,4,2
GL8 8JL,29,15,14,14
GL8 8JN,35,19,16,16
GL8 8JP,44,25,19,17
GL8 8JQ,11,6,5,3
GL8 8JR,36,17,19,15
GL8 8JS,23,13,10,9
GL8 8JT,44,23,21,20
GL8 8JU,105,53,52,37
GL8 8JW,25,9,16,15
GL8 8JX,46,26,20,14
GL8 8JY,49,27,22,16
GL8 8JZ,16,9,7,4
GL8 8LB,94,43,51,38
GL8 8LE,44,20,24,19
GL8 8LF,67,33,34,27
GL8 8LG,82,37,45,37
GL8 8LH,30,12,18,14
GL8 8LJ,13,6,7,6
GL8 8LL,26,10,16,21
GL8 8LN,40,21,19,14
GL8 8LP,51,22,29,28
GL8 8LQ,13,4,9,8
GL8 8LS,10,4,6,5
GL8 8LT,45,26,19,17
GL8 8LU,49,25,24,22
GL8 8LW,125,65,60,59
GL8 8LX,11,6,5,4
GL8 8LY,50,21,29,24
GL8 8LZ,29,14,15,12
GL8 8NA,8,5,3,3
GL8 8NB,9,5,4,4
GL8 8ND,15,9,6,6
GL8 8NE,24,11,13,15
GL8 8NF,76,34,42,33
GL8 8NG,25,14,11,10
GL8 8NH,23,14,9,9
GL8 8NJ,33,23,10,7
GL8 8NL,9,4,5,6
GL8 8NN,76,42,34,30
GL8 8NP,68,33,35,22
GL8 8NQ,7,2,5,6
GL8 8NR,41,21,20,14
GL8 8NS,16,6,10,6
GL8 8NT,35,17,18,15
GL8 8NU,10,5,5,4
GL8 8NW,175,95,80,68
GL8 8NX,7,4,3,3
GL8 8NY,13,6,7,5
GL8 8NZ,43,23,20,22
GL8 8PA,10,5,5,3
GL8 8PB,141,68,73,59
GL8 8PD,5,3,2,2
GL8 8PE,17,7,10,6
GL8 8PF,3,1,2,2
GL8 8PG,14,5,9,12
GL8 8PH,5,3,2,2
GL8 8PJ,9,2,7,4
GL8 8PL,1,0,1,1
GL8 8PN,72,35,37,38
GL8 8PP,46,19,27,27
GL8 8PQ,89,42,47,38
GL8 8PR,11,4,7,6
GL8 8PS,5,4,1,3
GL8 8PT,6,4,2,2
GL8 8PU,13,5,8,5
GL8 8PW,27,15,12,9
GL8 8PX,11,5,6,5
GL8 8PY,3,1,2,1
GL8 8PZ,13,6,7,9
GL8 8QA,14,7,7,7
GL8 8QB,13,7,6,4
GL8 8QE,14,7,7,6
GL8 8QF,2,1,1,1
GL8 8QG,1,0,1,1
GL8 8QH,40,17,23,18
GL8 8QJ,9,5,4,3
GL8 8QL,6,6,0,1
GL8 8QN,6,2,4,3
GL8 8QP,13,8,5,4
GL8 8QQ,8,5,3,3
GL8 8QR,5,3,2,2
GL8 8QS,14,6,8,6
GL8 8QT,45,22,23,22
GL8 8QU,35,20,15,18
GL8 8QW,2,0,2,1
GL8 8QX,13,7,6,5
GL8 8QY,23,13,10,13
GL8 8RB,40,21,19,15
GL8 8RD,32,15,17,12
GL8 8RE,40,17,23,14
GL8 8RF,31,17,14,13
GL8 8RG,59,28,31,27
GL8 8RH,27,13,14,10
GL8 8RJ,29,16,13,10
GL8 8RL,4,3,1,3
GL8 8RN,8,4,4,5
GL8 8RP,6,3,3,3
GL8 8RQ,38,15,23,15
GL8 8RR,15,8,7,6
GL8 8RS,13,7,6,7
GL8 8RT,5,3,2,3
GL8 8RU,13,7,6,5
GL8 8RW,33,18,15,13
GL8 8RX,32,10,22,7
GL8 8RY,4,2,2,1
GL8 8SB,5,4,1,3
GL8 8SD,14,8,6,7
GL8 8SE,21,10,11,8
GL8 8SF,6,3,3,3
GL8 8SG,3,2,1,1
GL8 8SH,13,5,8,7
GL8 8SJ,10,6,4,3
GL8 8SL,12,6,6,4
GL8 8SN,20,9,11,12
GL8 8SP,18,11,7,7
GL8 8SQ,18,11,7,7
GL8 8SR,27,13,14,8
GL8 8SS,77,39,38,30
GL8 8ST,7,3,4,4
GL8 8SU,19,8,11,9
GL8 8SW,44,21,23,23
GL8 8SX,23,11,12,10
GL8 8SY,22,10,12,9
GL8 8SZ,20,9,11,11
GL8 8TA,26,16,10,12
GL8 8TF,25,12,13,10
GL8 8TG,58,28,30,23
GL8 8TH,12,7,5,4
GL8 8TJ,91,43,48,39
GL8 8TN,2,2,0,1
GL8 8TP,28,12,16,20
GL8 8TQ,2,1,1,1
GL8 8TR,19,7,12,13
GL8 8TS,29,16,13,12
GL8 8TT,65,32,33,33
GL8 8TU,4,3,1,2
GL8 8TY,8,4,4,4
GL8 8TZ,15,7,8,7
GL8 8UA,10,4,6,5
GL8 8UB,3,2,1,1
GL8 8UD,29,11,18,9
GL8 8UE,9,4,5,5
GL8 8UF,24,11,13,10
GL8 8UG,19,9,10,8
GL8 8UH,9,5,4,4
GL8 8UJ,21,9,12,9
GL8 8UL,12,6,6,4
GL8 8UN,73,36,37,27
GL8 8UP,52,27,25,19
GL8 8UQ,8,4,4,3
GL8 8UR,3,2,1,1
GL8 8US,15,7,8,8
GL8 8UW,40,20,20,15
GL8 8UY,11,5,6,5
GL8 8XA,12,5,7,5
GL8 8XD,5,3,2,1
GL8 8XE,8,3,5,4
GL8 8XF,12,6,6,6
GL8 8XN,7,5,2,2
GL8 8XP,2,1,1,1
GL8 8XQ,10,5,5,5
GL8 8XR,3,2,1,2
GL8 8XS,2,1,1,1
GL8 8XT,5,2,3,2
GL8 8XU,12,5,7,2
GL8 8XW,24,11,13,11
GL8 8XX,25,12,13,7
GL8 8XY,70,30,40,27
GL8 8XZ,25,13,12,9
GL8 8YA,2,1,1,1
GL8 8YB,2,1,1,1
GL8 8YD,8,4,4,3
GL8 8YE,5,3,2,2
GL8 8YF,11,5,6,6
GL8 8YG,53,29,24,18
GL8 8YH,2,1,1,1
GL8 8YJ,18,6,12,6
GL8 8YL,2,1,1,1
GL8 8YN,6,3,3,3
GL8 8YP,13,6,7,5
GL8 8YQ,13,7,6,8
GL8 8YR,14,6,8,7
GL8 8YS,99,51,48,35
GL8 8YT,49,26,23,22
GL8 8YU,63,32,31,23
GL8 8YX,51,25,26,17
GL8 8YY,32,13,19,13
GL8 8YZ,20,9,11,9
GL9 1AA,3,1,2,3
GL9 1AB,16,10,6,10
GL9 1AD,2,1,1,1
GL9 1AE,1,1,0,1
GL9 1AF,21,12,9,7
GL9 1AG,9,5,4,5
GL9 1AH,11,4,7,4
GL9 1AJ,10,7,3,5
GL9 1AL,5,3,2,2
GL9 1AN,10,6,4,5
GL9 1AP,17,10,7,4
GL9 1AQ,2,1,1,1
GL9 1AR,10,4,6,4
GL9 1AS,77,35,42,29
GL9 1AT,22,13,9,9
GL9 1AU,174,72,102,61
GL9 1AW,12,5,7,5
GL9 1AX,23,14,9,8
GL9 1AY,24,10,14,10
GL9 1AZ,7,2,5,4
GL9 1BA,70,32,38,25
GL9 1BB,102,48,54,40
GL9 1BD,130,68,62,44
GL9 1BG,1,0,1,1
GL9 1BH,94,45,49,39
GL9 1BJ,116,53,63,48
GL9 1BL,42,22,20,16
GL9 1BN,10,5,5,5
GL9 1BP,28,15,13,12
GL9 1BQ,2,1,1,1
GL9 1BS,30,16,14,9
GL9 1BT,1,0,1,1
GL9 1BU,1,1,0,1
GL9 1BW,27,15,12,9
GL9 1BX,54,26,28,22
GL9 1BY,3,2,1,1
GL9 1BZ,2,1,1,1
GL9 1DA,10,6,4,3
GL9 1DB,7,4,3,1
GL9 1DD,16,8,8,8
GL9 1DF,5,3,2,1
GL9 1DG,46,22,24,24
GL9 1DH,13,4,9,5
GL9 1DJ,20,11,9,11
GL9 1DL,3,2,1,1
GL9 1DN,5,2,3,2
GL9 1DP,64,33,31,30
GL9 1DQ,3,1,2,2
GL9 1DR,24,14,10,10
GL9 1DS,97,50,47,38
GL9 1DT,65,31,34,28
GL9 1DU,11,8,3,5
GL9 1DW,2,1,1,1
GL9 1DX,6,4,2,3
GL9 1DY,5,3,2,2
GL9 1DZ,10,5,5,3
GL9 1EA,14,7,7,6
GL9 1EB,97,49,48,37
GL9 1ED,8,2,6,2
GL9 1EF,26,12,14,9
GL9 1EG,9,4,5,7
GL9 1EH,20,9,11,8
GL9 1EJ,11,6,5,3
GL9 1EL,39,18,21,16
GL9 1EN,8,4,4,4
GL9 1EP,11,6,5,4
GL9 1EQ,7,3,4,2
GL9 1ER,23,11,12,8
GL9 1ES,5,4,1,2
GL9 1ET,2,1,1,1
GL9 1EU,22,12,10,9
GL9 1EW,4,2,2,3
GL9 1EX,6,3,3,3
GL9 1EY,1,1,0,1
GL9 1EZ,7,4,3,3
GL9 1GA,11,7,4,3
GL9 1GJ,17,7,10,6
GL9 1HA,11,7,4,3
GL9 1HB,9,3,6,4
GL9 1HD,20,9,11,9
GL9 1HE,50,24,26,22
GL9 1HF,8,2,6,3
GL9 1HG,41,21,20,14
GL9 1HH,36,17,19,15
GL9 1HJ,12,8,4,6
GL9 1HL,30,12,18,12
GL9 1HN,21,10,11,9
GL9 1HP,42,23,19,17
GL9 1HQ,44,23,21,22
GL9 1HR,16,11,5,4
GL9 1HS,6,3,3,3
GL9 1HT,11,6,5,5
GL9 1HU,40,22,18,14
GL9 1HW,2,2,0,1
GL9 1HX,1,1,0,1
GL9 1HY,4,3,1,3
GL9 1HZ,41,18,23,18
GL9 1JA,16,8,8,7
GL9 1JB,15,6,9,7
GL9 1JD,6,4,2,3
GL9 1JE,14,10,4,7
GL9 1JF,40,19,21,20
GL9 1JG,13,6,7,4
GL9 1JH,2,1,1,1
GL9 1JJ,52,29,23,22
GL9 1JN,13,7,6,4
GL9 1JP,15,7,8,8
GL9 1JQ,7,3,4,5
GL9 1JW,14,5,9,7
GL9 1LA,6,2,4,2
GU1 1AD,41,21,20,14
GU1 1AR,7,3,4,6
GU1 1AU,6,3,3,6
GU1 1BT,73,41,32,41
GU1 1BW,30,17,13,14
GU1 1DJ,32,16,16,13
GU1 1DL,12,8,4,4
GU1 1DN,96,48,48,40
GU1 1DW,85,42,43,34
GU1 1DY,14,7,7,5
GU1 1DZ,14,8,6,6
GU1 1EA,58,33,25,29
GU1 1EB,62,39,23,33
GU1 1ED,15,6,9,9
GU1 1EJ,61,39,22,30
GU1 1EN,67,36,31,23
GU1 1EP,87,46,41,33
GU1 1ER,92,48,44,34
GU1 1ES,26,17,9,9
GU1 1ET,41,17,24,12
GU1 1EW,77,33,44,28
GU1 1EX,48,24,24,14
GU1 1EY,70,32,38,24
GU1 1FD,7,4,3,4
GU1 1FR,16,7,9,8
GU1 1FY,116,66,50,70
GU1 1HB,4,1,3,3
GU1 1HD,95,46,49,35
GU1 1HE,79,44,35,36
GU1 1HF,22,14,8,9
GU1 1HG,48,25,23,17
GU1 1HH,62,32,30,23
GU1 1HJ,86,47,39,31
GU1 1HL,77,40,37,38
GU1 1HN,17,5,12,5
GU1 1HP,44,30,14,15
GU1 1HQ,59,33,26,20
GU1 1HR,33,21,12,12
GU1 1HS,9,6,3,6
GU1 1HT,22,11,11,11
GU1 1HU,13,4,9,12
GU1 1HX,71,41,30,27
GU1 1HY,9,6,3,3
GU1 1HZ,64,32,32,29
GU1 1JA,29,13,16,13
GU1 1JD,28,13,15,11
GU1 1JE,80,47,33,32
GU1 1JF,104,50,54,40
GU1 1JG,38,24,14,11
GU1 1JH,125,72,53,41
GU1 1JJ,98,47,51,29
GU1 1JL,50,23,27,20
GU1 1JN,72,36,36,25
GU1 1JP,91,43,48,29
GU1 1JQ,38,21,17,16
GU1 1JR,4,2,2,1
GU1 1JS,41,17,24,22
GU1 1JT,34,16,18,23
GU1 1JU,51,28,23,19
GU1 1JW,99,61,38,30
GU1 1JX,51,25,26,20
GU1 1JY,33,15,18,12
GU1 1JZ,83,37,46,32
GU1 1LA,12,5,7,5
GU1 1LD,23,14,9,8
GU1 1LE,10,7,3,8
GU1 1LF,21,7,14,10
GU1 1LG,28,14,14,9
GU1 1LH,80,48,32,34
GU1 1LL,70,37,33,24
GU1 1LN,8,3,5,5
GU1 1LP,101,55,46,38
GU1 1LQ,43,23,20,21
GU1 1LR,76,38,38,30
GU1 1LS,40,22,18,17
GU1 1LT,74,38,36,25
GU1 1LU,67,38,29,21
GU1 1LW,40,21,19,18
GU1 1LX,21,11,10,8
GU1 1LY,74,42,32,24
GU1 1LZ,67,34,33,29
GU1 1NA,40,19,21,27
GU1 1NB,64,32,32,26
GU1 1NE,19,10,9,14
GU1 1NF,7,2,5,6
GU1 1NG,8,7,1,8
GU1 1NJ,45,24,21,15
GU1 1NL,29,13,16,24
GU1 1NN,76,35,41,24
GU1 1NP,15,6,9,5
GU1 1NQ,10,3,7,7
GU1 1NR,27,14,13,11
GU1 1NS,78,42,36,33
GU1 1NT,62,34,28,18
GU1 1NU,75,41,34,26
GU1 1NW,91,49,42,29
GU1 1NX,67,36,31,22
GU1 1NY,118,65,53,36
GU1 1NZ,122,58,64,36
GU1 1PA,30,14,16,12
GU1 1PB,63,30,33,20
GU1 1PD,70,36,34,28
GU1 1PE,113,57,56,35
GU1 1PF,100,48,52,27
GU1 1PG,90,47,43,34
GU1 1PH,104,53,51,31
GU1 1PJ,82,46,36,29
GU1 1PL,23,12,11,11
GU1 1PN,60,29,31,24
GU1 1PP,100,58,42,32
GU1 1PQ,101,51,50,33
GU1 1PR,27,13,14,12
GU1 1PS,64,27,37,24
GU1 1PT,24,15,9,19
GU1 1PU,18,7,11,16
GU1 1PW,63,31,32,30
GU1 1PX,32,22,10,24
GU1 1PY,55,32,23,34
GU1 1PZ,55,22,33,18
GU1 1QA,4,2,2,1
GU1 1QD,70,38,32,20
GU1 1QF,20,9,11,7
GU1 1QG,34,16,18,12
GU1 1QH,22,10,12,9
GU1 1QJ,19,7,12,10
GU1 1QL,102,59,43,40
GU1 1QN,101,42,59,42
GU1 1QP,81,41,40,30
GU1 1QQ,19,8,11,8
GU1 1QR,80,45,35,29
GU1 1QS,86,37,49,29
GU1 1QT,108,59,49,37
GU1 1QU,74,38,36,34
GU1 1QW,24,11,13,18
GU1 1QX,24,13,11,9
GU1 1QY,71,34,37,37
GU1 1QZ,36,20,16,12
GU1 1RE,104,57,47,41
GU1 1RF,122,52,70,38
GU1 1RG,61,27,34,24
GU1 1RH,42,22,20,13
GU1 1RJ,39,20,19,26
GU1 1RL,50,24,26,18
GU1 1RN,91,41,50,33
GU1 1RQ,40,21,19,21
GU1 1RS,24,12,12,8
GU1 1RW,88,46,42,31
GU1 1RX,70,30,40,30
GU1 1SH,7,3,4,4
GU1 1SL,16,6,10,8
GU1 1SN,16,6,10,7
GU1 1SP,68,30,38,23
GU1 1SR,57,28,29,17
GU1 1SS,28,14,14,14
GU1 1ST,4,2,2,1
GU1 1SU,31,13,18,19
GU1 1SW,13,7,6,6
GU1 1SX,14,8,6,7
GU1 1SY,6,3,3,3
GU1 1TA,13,8,5,5
GU1 1TD,42,21,21,30
GU1 1TH,24,9,15,10
GU1 1TJ,47,21,26,25
GU1 1TL,36,15,21,22
GU1 1TN,8,3,5,2
GU1 1TP,41,22,19,20
GU1 1TR,32,12,20,23
GU1 1TS,56,25,31,29
GU1 1TT,6,3,3,2
GU1 1TU,2,1,1,1
GU1 1TW,48,26,22,16
GU1 1TX,66,30,36,18
GU1 1TY,33,15,18,20
GU1 1TZ,18,9,9,11
GU1 1UA,4,1,3,1
GU1 1UB,117,62,55,60
GU1 1UD,26,14,12,9
GU1 1UF,44,25,19,24
GU1 1UG,1,1,0,1
GU1 1UH,14,7,7,12
GU1 1UP,7,4,3,2
GU1 1UT,43,22,21,14
GU1 1UU,88,37,51,30
GU1 1UX,65,30,35,23
GU1 1UY,29,17,12,12
GU1 1UZ,72,32,40,23
GU1 1XA,38,21,17,11
GU1 1XB,5,2,3,2
GU1 1XD,62,31,31,28
GU1 1XE,61,31,30,22
GU1 1XF,59,28,31,23
GU1 1XG,71,32,39,25
GU1 1XH,50,24,26,28
GU1 1XJ,7,4,3,3
GU1 1XP,80,37,43,37
GU1 1XQ,64,33,31,17
GU1 1XR,21,8,13,12
GU1 1XS,70,32,38,20
GU1 1XT,54,28,26,22
GU1 1XY,79,35,44,34
GU1 1XZ,41,19,22,19
GU1 1YB,107,53,54,41
GU1 1YD,98,51,47,35
GU1 1YE,35,15,20,11
GU1 1YF,105,53,52,34
GU1 1YG,74,37,37,21
GU1 1YH,77,36,41,27
GU1 1YP,26,13,13,9
GU1 1YQ,19,10,9,5
GU1 1YT,14,6,8,9
GU1 1YU,28,14,14,12
GU1 1YZ,25,17,8,15
GU1 2AA,42,21,21,23
GU1 2AF,50,25,25,22
GU1 2AH,12,6,6,7
GU1 2AJ,25,10,15,10
GU1 2AL,10,4,6,5
GU1 2AN,53,28,25,26
GU1 2AQ,18,10,8,12
GU1 2AR,5,4,1,3
GU1 2AS,43,22,21,22
GU1 2AT,12,8,4,2
GU1 2AU,3,2,1,1
GU1 2AW,28,14,14,17
GU1 2AX,33,15,18,10
GU1 2AY,20,11,9,6
GU1 2AZ,19,10,9,11
GU1 2BA,6,1,5,3
GU1 2BD,14,7,7,11
GU1 2BG,43,25,18,21
GU1 2BH,2,1,1,1
GU1 2BJ,21,14,7,6
GU1 2BL,31,16,15,15
GU1 2BN,6,4,2,2
GU1 2BP,7,5,2,4
GU1 2BQ,22,11,11,15
GU1 2BS,7,4,3,4
GU1 2BT,40,12,28,6
GU1 2BU,35,17,18,20
GU1 2BW,6,4,2,3
GU1 2BX,47,22,25,16
GU1 2BY,8,6,2,3
GU1 2BZ,38,22,16,23
GU1 2DA,42,25,17,13
GU1 2DB,39,18,21,16
GU1 2DD,16,8,8,5
GU1 2DE,53,24,29,19
GU1 2DF,52,26,26,20
GU1 2DG,34,16,18,12
GU1 2DH,13,6,7,4
GU1 2DJ,21,11,10,12
GU1 2DL,2,0,2,2
GU1 2DN,28,14,14,10
GU1 2DP,8,4,4,5
GU1 2DQ,10,3,7,4
GU1 2DR,87,44,43,43
GU1 2DS,21,13,8,10
GU1 2DT,14,9,5,6
GU1 2DU,18,8,10,12
GU1 2DW,24,13,11,10
GU1 2DX,47,23,24,28
GU1 2DY,9,5,4,5
GU1 2DZ,16,6,10,13
GU1 2EA,32,15,17,22
GU1 2EB,4,2,2,2
GU1 2ED,58,34,24,26
GU1 2EE,19,8,11,10
GU1 2EF,6,1,5,3
GU1 2EG,26,14,12,10
GU1 2EH,28,15,13,16
GU1 2EJ,21,9,12,11
GU1 2EL,26,14,12,8
GU1 2EN,15,8,7,5
GU1 2EP,29,11,18,12
GU1 2EQ,14,8,6,7
GU1 2ER,26,10,16,8
GU1 2ES,39,18,21,15
GU1 2ET,33,15,18,13
GU1 2EU,26,15,11,17
GU1 2EW,16,8,8,11
GU1 2EX,8,3,5,4
GU1 2EY,16,7,9,9
GU1 2EZ,11,7,4,8
GU1 2FB,14,8,6,5
GU1 2HA,10,5,5,6
GU1 2HB,40,19,21,13
GU1 2HD,32,12,20,17
GU1 2HE,25,11,14,7
GU1 2HF,4,2,2,3
GU1 2HG,26,13,13,13
GU1 2HH,16,8,8,7
GU1 2HJ,2,1,1,1
GU1 2HL,11,4,7,5
GU1 2HN,44,24,20,17
GU1 2HP,40,19,21,17
GU1 2HQ,29,14,15,16
GU1 2HR,45,21,24,17
GU1 2HS,43,21,22,23
GU1 2HT,39,20,19,20
GU1 2HU,19,13,6,17
GU1 2HW,49,20,29,19
GU1 2HX,23,14,9,17
GU1 2HY,15,8,7,8
GU1 2HZ,20,11,9,8
GU1 2JA,96,41,55,30
GU1 2JB,95,39,56,38
GU1 2JE,35,16,19,14
GU1 2JF,9,6,3,6
GU1 2JG,41,18,23,12
GU1 2JH,63,25,38,20
GU1 2JJ,5,2,3,3
GU1 2JL,43,20,23,20
GU1 2JN,57,25,32,19
GU1 2JP,44,16,28,16
GU1 2JQ,22,11,11,8
GU1 2JR,11,5,6,6
GU1 2JS,60,30,30,24
GU1 2JT,7,4,3,5
GU1 2JU,18,8,10,7
GU1 2JW,43,19,24,18
GU1 2JY,16,6,10,6
GU1 2JZ,7,2,5,6
GU1 2LA,65,30,35,25
GU1 2LB,4,3,1,2
GU1 2LE,12,7,5,4
GU1 2LF,95,44,51,32
GU1 2LG,28,12,16,11
GU1 2LH,65,25,40,30
GU1 2LJ,84,44,40,31
GU1 2LL,9,4,5,9
GU1 2LN,36,17,19,14
GU1 2LP,10,5,5,3
GU1 2LQ,79,36,43,33
GU1 2LR,8,3,5,4
GU1 2LT,34,14,20,18
GU1 2LU,11,4,7,5
GU1 2LW,28,16,12,10
GU1 2LX,51,29,22,17
GU1 2LY,36,18,18,11
GU1 2LZ,44,26,18,16
GU1 2NA,25,9,16,10
GU1 2NB,56,24,32,22
GU1 2ND,70,30,40,30
GU1 2NE,50,21,29,22
GU1 2NF,27,13,14,10
GU1 2NG,53,26,27,28
GU1 2NH,33,18,15,12
GU1 2NQ,57,29,28,25
GU1 2NR,51,26,25,21
GU1 2NS,19,9,10,10
GU1 2NT,66,34,32,24
GU1 2NU,112,51,61,40
GU1 2NX,45,23,22,16
GU1 2NY,60,30,30,22
GU1 2NZ,47,23,24,19
GU1 2PA,33,14,19,17
GU1 2PB,57,28,29,23
GU1 2PD,23,8,15,11
GU1 2PE,91,51,40,31
GU1 2PF,26,12,14,11
GU1 2PG,45,24,21,17
GU1 2PH,43,22,21,12
GU1 2PP,53,28,25,23
GU1 2PQ,26,11,15,9
GU1 2PR,5,2,3,2
GU1 2PS,21,12,9,7
GU1 2PT,33,15,18,13
GU1 2PX,56,27,29,24
GU1 2PY,62,29,33,27
GU1 2PZ,72,33,39,30
GU1 2QB,62,33,29,17
GU1 2QD,74,41,33,27
GU1 2QE,71,31,40,29
GU1 2QF,60,31,29,19
GU1 2QG,51,24,27,28
GU1 2QH,66,35,31,21
GU1 2QJ,58,28,30,19
GU1 2QL,88,39,49,36
GU1 2QN,31,13,18,16
GU1 2QQ,73,30,43,37
GU1 2QU,32,12,20,19
GU1 2QW,12,5,7,8
GU1 2QY,56,27,29,12
GU1 2QZ,7,3,4,2
GU1 2RA,12,8,4,3
GU1 2RB,14,7,7,4
GU1 2RE,47,19,28,20
GU1 2RF,7,2,5,6
GU1 2RG,9,4,5,4
GU1 2RP,102,53,49,37
GU1 2RQ,45,24,21,17
GU1 2RR,45,19,26,17
GU1 2RS,33,14,19,16
GU1 2RT,42,21,21,16
GU1 2RU,3,1,2,2
GU1 2RW,3,3,0,2
GU1 2RX,14,6,8,8
GU1 2RY,41,19,22,20
GU1 2RZ,38,22,16,17
GU1 2SA,37,18,19,23
GU1 2SB,34,15,19,15
GU1 2SD,39,21,18,12
GU1 2SE,81,39,42,29
GU1 2SF,8,1,7,7
GU1 2SG,60,33,27,20
GU1 2SH,5,3,2,2
GU1 2SJ,66,33,33,24
GU1 2SL,67,36,31,30
GU1 2SN,43,22,21,19
GU1 2SP,42,22,20,22
GU1 2SQ,77,37,40,28
GU1 2SU,41,22,19,16
GU1 2SW,98,46,52,31
GU1 2SX,33,14,19,16
GU1 2SY,27,14,13,10
GU1 2SZ,28,13,15,11
GU1 2TA,40,22,18,13
GU1 2TB,10,5,5,6
GU1 2TD,38,20,18,13
GU1 2TE,22,9,13,10
GU1 2TF,45,21,24,17
GU1 2TG,59,27,32,23
GU1 2TH,55,26,29,23
GU1 2TJ,65,31,34,22
GU1 2TL,44,23,21,14
GU1 2TP,12,6,6,4
GU1 2TQ,12,5,7,4
GU1 2TR,13,5,8,3
GU1 2TS,30,14,16,12
GU1 2TW,40,19,21,14
GU1 2TX,113,58,55,40
GU1 2TY,70,44,26,40
GU1 2TZ,95,48,47,34
GU1 2UA,28,20,8,20
GU1 2UB,61,33,28,34
GU1 2UD,102,48,54,36
GU1 2UE,77,33,44,29
GU1 2UF,36,17,19,12
GU1 2UG,105,41,64,42
GU1 2UH,98,41,57,32
GU1 2UJ,62,30,32,19
GU1 2UL,89,47,42,30
GU1 2UN,55,26,29,20
GU1 2UP,79,44,35,39
GU1 2UQ,100,49,51,35
GU1 2UR,39,20,19,14
GU1 2UT,71,37,34,24
GU1 2UU,89,39,50,30
GU1 2UW,114,58,56,34
GU1 2UX,22,8,14,10
GU1 2XG,15,7,8,7
GU1 2XH,77,35,42,27
GU1 2XJ,20,9,11,8
GU1 2XL,10,4,6,4
GU1 2XN,17,8,9,7
GU1 2XP,18,9,9,7
GU1 2XQ,18,8,10,9
GU1 2XR,31,13,18,14
GU1 2XS,14,7,7,4
GU1 2XT,21,8,13,8
GU1 2XU,28,13,15,8
GU1 2XW,19,9,10,6
GU1 2XX,30,16,14,9
GU1 2XY,37,21,16,12
GU1 2XZ,2,1,1,1
GU1 2YA,33,16,17,14
GU1 2YW,10,7,3,6
GU1 3AA,1,1,0,1
GU1 3AJ,30,13,17,23
GU1 3AU,3,2,1,2
GU1 3BB,2,1,1,1
GU1 3BY,25,15,10,19
GU1 3DD,16,10,6,12
GU1 3DP,5,2,3,0
GU1 3DY,6,5,1,4
GU1 3EG,5,4,1,2
GU1 3EZ,1,1,0,1
GU1 3HE,4,4,0,1
GU1 3HQ,3,1,2,1
GU1 3HW,3,1,2,1
GU1 3HX,19,7,12,14
GU1 3JD,2,2,0,2
GU1 3JP,23,12,11,17
GU1 3JR,154,72,82,52
GU1 3JS,37,19,18,12
GU1 3JT,10,8,2,6
GU1 3JU,28,16,12,18
GU1 3JX,20,12,8,15
GU1 3JY,76,39,37,33
GU1 3JZ,27,16,11,19
GU1 3LA,47,22,25,23
GU1 3LB,15,4,11,8
GU1 3LD,52,23,29,33
GU1 3LE,28,7,21,9
GU1 3LF,43,23,20,20
GU1 3LH,14,9,5,6
GU1 3LJ,46,25,21,22
GU1 3LL,59,27,32,23
GU1 3LN,87,38,49,46
GU1 3LP,1,0,1,1
GU1 3LQ,4,3,1,3
GU1 3LR,17,9,8,8
GU1 3LS,11,5,6,5
GU1 3LT,18,7,11,9
GU1 3LU,67,38,29,31
GU1 3LW,9,5,4,5
GU1 3LY,74,41,33,34
GU1 3LZ,12,5,7,3
GU1 3NA,42,20,22,20
GU1 3NB,53,27,26,24
GU1 3ND,106,50,56,41
GU1 3NE,16,8,8,8
GU1 3NF,27,15,12,12
GU1 3NG,21,10,11,11
GU1 3NH,81,41,40,31
GU1 3NJ,43,25,18,24
GU1 3NL,34,18,16,20
GU1 3NN,8,4,4,3
GU1 3NP,33,18,15,11
GU1 3NQ,19,9,10,13
GU1 3NR,43,27,16,17
GU1 3NU,11,6,5,8
GU1 3NW,23,12,11,9
GU1 3NX,13,10,3,10
GU1 3PA,43,23,20,19
GU1 3PB,25,14,11,17
GU1 3PE,29,13,16,13
GU1 3PF,13,7,6,5
GU1 3PG,15,9,6,10
GU1 3PH,2,1,1,1
GU1 3PJ,19,11,8,12
GU1 3PL,20,9,11,15
GU1 3PN,17,10,7,11
GU1 3PP,34,25,9,19
GU1 3PQ,15,11,4,7
GU1 3PS,45,23,22,14
GU1 3PT,42,24,18,19
GU1 3PU,68,35,33,21
GU1 3PW,16,10,6,10
GU1 3PX,51,26,25,17
GU1 3PY,39,20,19,15
GU1 3PZ,59,30,29,23
GU1 3QA,68,33,35,24
GU1 3QB,10,4,6,3
GU1 3QD,28,16,12,27
GU1 3QE,55,28,27,29
GU1 3QF,107,57,50,43
GU1 3QG,57,24,33,27
GU1 3QJ,16,8,8,6
GU1 3QL,34,19,15,25
GU1 3QP,6,2,4,1
GU1 3QQ,86,49,37,36
GU1 3QS,1,1,0,1
GU1 3QY,14,6,8,7
GU1 3QZ,4,2,2,2
GU1 3RJ,16,8,8,9
GU1 3RP,34,14,20,18
GU1 3RR,14,8,6,8
GU1 3RT,19,13,6,8
GU1 3RU,11,6,5,6
GU1 3RY,10,7,3,7
GU1 3RZ,55,31,24,21
GU1 3SA,45,28,17,24
GU1 3SB,55,31,24,24
GU1 3SD,13,9,4,7
GU1 3SE,35,20,15,13
GU1 3SF,17,10,7,10
GU1 3SG,58,27,31,23
GU1 3SH,11,6,5,5
GU1 3SJ,26,13,13,11
GU1 3SL,20,9,11,7
GU1 3SN,71,38,33,28
GU1 3SP,36,17,19,11
GU1 3SQ,39,21,18,14
GU1 3ST,22,13,9,13
GU1 3SW,26,12,14,9
GU1 3SX,40,15,25,21
GU1 3SY,45,23,22,17
GU1 3SZ,36,20,16,20
GU1 3TA,66,35,31,26
GU1 3TB,40,18,22,14
GU1 3TD,40,16,24,14
GU1 3TE,29,14,15,11
GU1 3TF,36,16,20,11
GU1 3TG,23,12,11,8
GU1 3TH,12,5,7,6
GU1 3TJ,5,3,2,4
GU1 3TL,17,8,9,6
GU1 3TN,10,4,6,5
GU1 3TP,15,8,7,6
GU1 3TQ,25,13,12,12
GU1 3TR,6,1,5,5
GU1 3TS,29,13,16,9
GU1 3TU,1,1,0,1
GU1 3TW,16,6,10,8
GU1 3TX,31,17,14,10
GU1 3TY,1,1,0,1
GU1 3TZ,1,1,0,1
GU1 3UA,5,2,3,2
GU1 3UH,3,3,0,1
GU1 3UL,8,3,5,4
GU1 3UW,6,3,3,4
GU1 3UY,3,2,1,2
GU1 3XD,11,5,6,7
GU1 3XJ,10,6,4,6
GU1 3XL,10,6,4,6
GU1 3XN,41,23,18,15
GU1 3XP,11,5,6,10
GU1 3XQ,16,10,6,10
GU1 3XR,18,9,9,7
GU1 3XS,13,6,7,6
GU1 3XT,23,10,13,9
GU1 3XU,15,8,7,7
GU1 3XW,39,20,19,15
GU1 3XY,17,12,5,10
GU1 3XZ,24,11,13,22
GU1 4AA,1,1,0,1
GU1 4AB,6,4,2,4
GU1 4AE,4,4,0,1
GU1 4AF,2,1,1,1
GU1 4AJ,89,56,33,52
GU1 4AY,36,19,17,20
GU1 4AZ,36,20,16,17
GU1 4BP,30,16,14,13
GU1 4BT,15,7,8,8
GU1 4BU,87,53,34,49
GU1 4BY,15,11,4,10
GU1 4DA,9,3,6,1
GU1 4DB,48,20,28,27
GU1 4DD,37,19,18,19
GU1 4DE,47,32,15,32
GU1 4DF,100,63,37,56
GU1 4DG,46,22,24,25
GU1 4DH,16,8,8,10
GU1 4DJ,101,58,43,46
GU1 4DL,90,46,44,31
GU1 4DN,79,44,35,49
GU1 4DP,95,51,44,39
GU1 4DQ,4,2,2,4
GU1 4DR,28,19,9,11
GU1 4DS,11,5,6,3
GU1 4DW,85,44,41,39
GU1 4DY,9,2,7,5
GU1 4DZ,21,13,8,17
GU1 4EA,37,9,28,32
GU1 4EB,15,8,7,13
GU1 4EZ,3,3,0,1
GU1 4HD,58,39,19,7
GU1 4HL,5,2,3,2
GU1 4HP,36,23,13,12
GU1 4HQ,13,5,8,6
GU1 4HR,75,46,29,43
GU1 4HT,38,20,18,22
GU1 4HU,84,47,37,31
GU1 4HW,77,36,41,32
GU1 4HX,30,18,12,24
GU1 4HY,50,24,26,23
GU1 4HZ,11,5,6,3
GU1 4JB,23,16,7,8
GU1 4JD,45,23,22,20
GU1 4JG,22,11,11,11
GU1 4JH,14,1,13,13
GU1 4JJ,88,41,47,40
GU1 4JL,21,14,7,7
GU1 4JN,17,9,8,8
GU1 4JQ,33,13,20,24
GU1 4JS,13,6,7,6
GU1 4JT,18,9,9,13
GU1 4JW,58,27,31,23
GU1 4JX,3,2,1,1
GU1 4LE,52,30,22,31
GU1 4LF,21,9,12,10
GU1 4LH,4,2,2,2
GU1 4LJ,10,5,5,5
GU1 4LL,13,8,5,8
GU1 4LN,82,43,39,25
GU1 4LP,1,0,1,1
GU1 4LR,26,14,12,12
GU1 4LS,58,31,27,25
GU1 4LT,57,27,30,29
GU1 4LU,12,7,5,4
GU1 4LX,27,16,11,14
GU1 4NE,41,29,12,10
GU1 4NF,7,3,4,3
GU1 4NG,102,49,53,40
GU1 4NL,83,42,41,36
GU1 4NN,62,34,28,23
GU1 4NP,97,55,42,46
GU1 4NQ,83,43,40,36
GU1 4NR,68,36,32,28
GU1 4NS,6,2,4,2
GU1 4NT,81,53,28,40
GU1 4NU,10,7,3,3
GU1 4NW,114,64,50,45
GU1 4NX,73,39,34,36
GU1 4NY,92,47,45,34
GU1 4NZ,78,44,34,28
GU1 4PA,30,22,8,10
GU1 4PB,73,31,42,29
GU1 4PD,73,33,40,33
GU1 4PE,3,3,0,1
GU1 4PF,40,22,18,17
GU1 4PG,93,53,40,39
GU1 4PH,65,35,30,25
GU1 4PL,10,6,4,5
GU1 4PN,12,5,7,9
GU1 4PR,19,10,9,11
GU1 4QG,57,29,28,24
GU1 4QH,4,2,2,2
GU1 4QJ,38,19,19,20
GU1 4QL,20,12,8,12
GU1 4QN,17,9,8,11
GU1 4QP,7,7,0,6
GU1 4QR,32,16,16,18
GU1 4QS,64,35,29,24
GU1 4QT,19,11,8,8
GU1 4QU,31,21,10,13
GU1 4QW,57,31,26,23
GU1 4QZ,63,27,36,24
GU1 4RD,3,3,0,1
GU1 4RF,15,7,8,8
GU1 4RH,7,3,4,5
GU1 4RJ,46,29,17,23
GU1 4RN,37,21,16,17
GU1 4RP,23,10,13,15
GU1 4RU,110,52,58,56
GU1 4RW,43,21,22,24
GU1 4RX,16,11,5,12
GU1 4RY,2,2,0,1
GU1 4SF,9,5,4,6
GU1 4SJ,12,7,5,8
GU1 4TL,106,60,46,61
GU1 4UB,85,45,40,28
GU1 4UF,50,33,17,27
GU1 4UL,38,18,20,16
GU1 4UQ,79,32,47,27
GU1 4UR,8,4,4,5
GU1 4UU,60,28,32,43
GU1 4UW,37,34,3,3
GU1 4XB,53,42,11,3
GU1 4XE,10,4,6,4
GU1 4XP,8,5,3,6
GU1 4YR,77,54,23,59
GU101AA,20,10,10,8
GU101AB,116,60,56,41
GU101AD,11,5,6,6
GU101AE,3,2,1,2
GU101AF,24,9,15,7
GU101AG,15,8,7,7
GU101AH,18,10,8,10
GU101AJ,89,38,51,38
GU101AL,64,27,37,38
GU101AP,24,11,13,9
GU101AQ,12,5,7,5
GU101AR,100,49,51,46
GU101AS,10,4,6,4
GU101AT,12,3,9,7
GU101AU,74,35,39,33
GU101AW,37,14,23,16
GU101AX,77,42,35,30
GU101AY,88,45,43,45
GU101AZ,22,12,10,12
GU101BA,27,15,12,11
GU101BB,65,31,34,39
GU101BD,74,42,32,29
GU101BE,46,22,24,16
GU101BG,40,18,22,26
GU101BH,83,41,42,32
GU101BJ,36,16,20,18
GU101BL,28,13,15,10
GU101BN,34,15,19,13
GU101BP,26,15,11,11
GU101BQ,30,15,15,16
GU101BS,21,10,11,10
GU101BT,4,1,3,2
GU101BU,3,2,1,2
GU101BW,58,25,33,21
GU101BX,30,14,16,14
GU101BY,139,64,75,56
GU101BZ,27,14,13,11
GU101DA,31,13,18,23
GU101DB,36,18,18,20
GU101DD,38,21,17,19
GU101DF,28,13,15,12
GU101DG,49,22,27,19
GU101DH,52,29,23,19
GU101DJ,57,26,31,21
GU101DN,5,3,2,2
GU101DP,20,12,8,16
GU101DQ,16,8,8,8
GU101DR,68,28,40,24
GU101DS,39,16,23,16
GU101DT,9,5,4,6
GU101DU,69,35,34,25
GU101DX,94,44,50,35
GU101DY,35,18,17,16
GU101DZ,93,46,47,42
GU101EA,40,17,23,18
GU101EB,46,21,25,16
GU101ED,86,42,44,34
GU101EE,84,39,45,30
GU101EF,106,51,55,42
GU101EG,28,12,16,13
GU101EH,68,35,33,33
GU101EJ,51,26,25,21
GU101EN,97,47,50,38
GU101EQ,23,11,12,18
GU101ER,24,9,15,9
GU101ES,2,1,1,1
GU101ET,4,3,1,1
GU101EU,4,3,1,2
GU101EW,13,5,8,8
GU101EX,9,7,2,0
GU101EY,38,19,19,23
GU101FD,5,4,1,1
GU101FE,9,4,5,3
GU101HA,8,5,3,2
GU101HB,2,1,1,1
GU101HD,17,11,6,7
GU101HE,17,9,8,7
GU101HG,4,1,3,1
GU101HH,6,4,2,3
GU101HJ,7,3,4,3
GU101HL,20,7,13,5
GU101HN,2,1,1,1
GU101HP,18,12,6,8
GU101HQ,2,1,1,1
GU101HS,19,8,11,7
GU101HT,14,6,8,6
GU101HU,18,8,10,9
GU101HX,3,2,1,2
GU101HY,39,20,19,16
GU101HZ,2,1,1,1
GU101JA,23,13,10,11
GU101JB,3,2,1,2
GU101JD,5,2,3,3
GU101JE,7,3,4,3
GU101JH,8,2,6,3
GU101JJ,6,3,3,3
GU101JL,13,6,7,5
GU101JN,27,15,12,10
GU101JP,3,2,1,1
GU101JU,21,10,11,9
GU101JW,42,20,22,17
GU101JX,48,22,26,22
GU101LA,37,19,18,19
GU101LB,11,6,5,4
GU101LD,29,16,13,14
GU101LE,43,22,21,19
GU101LF,63,32,31,27
GU101LG,55,25,30,17
GU101LH,5,3,2,3
GU101LJ,11,6,5,5
GU101LL,20,7,13,8
GU101LN,4,2,2,2
GU101LP,4,2,2,2
GU101LQ,14,7,7,3
GU101LR,7,4,3,3
GU101LS,3,2,1,2
GU101LT,26,14,12,12
GU101LU,39,18,21,11
GU101LW,9,4,5,5
GU101LX,21,10,11,8
GU101LY,7,3,4,3
GU101LZ,27,15,12,12
GU101NA,17,9,8,5
GU101NB,28,12,16,13
GU101ND,16,7,9,7
GU101NE,25,12,13,7
GU101NG,43,21,22,13
GU101NP,13,9,4,5
GU101NQ,29,13,16,9
GU101NR,3,2,1,1
GU101NS,13,3,10,4
GU101NT,2,1,1,1
GU101NX,14,6,8,5
GU101NZ,2,2,0,2
GU101PA,4,3,1,2
GU101PB,10,7,3,2
GU101PE,6,2,4,2
GU101PF,3,1,2,2
GU101PG,51,26,25,23
GU101PH,36,18,18,13
GU101PJ,12,5,7,4
GU101PL,46,25,21,16
GU101PN,10,5,5,3
GU101PP,8,4,4,3
GU101PR,5,4,1,2
GU101PS,32,17,15,11
GU101PT,7,3,4,4
GU101PU,23,13,10,10
GU101PW,5,2,3,2
GU101PX,32,16,16,13
GU101QA,7,4,3,3
GU101QB,34,15,19,12
GU101QD,57,29,28,21
GU101QE,60,29,31,24
GU101QF,4,1,3,2
GU101QG,25,11,14,7
GU101QH,22,12,10,10
GU101QP,9,5,4,6
GU101QS,10,4,6,2
GU101QT,21,12,9,8
GU101QU,37,19,18,13
GU101QX,10,5,5,5
GU101QY,39,22,17,12
GU101QZ,41,21,20,15
GU101RB,37,20,17,12
GU101RD,8,4,4,2
GU101RE,6,2,4,2
GU101RF,13,8,5,5
GU101RG,3,1,2,2
GU101RH,45,21,24,18
GU101RJ,4,2,2,2
GU101RQ,12,5,7,4
GU101YZ,40,22,18,20
GU102AA,18,11,7,5
GU102AB,67,34,33,28
GU102AD,31,17,14,12
GU102AF,9,5,4,5
GU102AJ,24,10,14,9
GU102AL,20,9,11,8
GU102AP,9,4,5,5
GU102AQ,160,80,80,36
GU102AR,1,0,1,1
GU102AS,12,7,5,4
GU102AT,30,14,16,10
GU102AU,42,21,21,15
GU102AX,9,5,4,4
GU102AY,22,14,8,10
GU102AZ,13,7,6,6
GU102BA,25,12,13,6
GU102BH,10,6,4,2
GU102BL,17,9,8,8
GU102BN,29,16,13,10
GU102BP,24,12,12,8
GU102BS,22,10,12,7
GU102BT,5,4,1,2
GU102BU,8,4,4,4
GU102BW,35,17,18,12
GU102BX,18,8,10,7
GU102DA,12,7,5,5
GU102DB,3,2,1,2
GU102DD,45,28,17,16
GU102DE,22,10,12,11
GU102DF,20,9,11,6
GU102DG,64,22,42,5
GU102DH,41,21,20,15
GU102DJ,7,4,3,3
GU102DL,9,6,3,3
GU102DN,2,1,1,1
GU102DQ,12,6,6,5
GU102DZ,7,4,3,2
GU102EA,11,5,6,5
GU102EB,17,10,7,8
GU102ED,49,29,20,7
GU102EE,7,4,3,2
GU102EF,6,3,3,3
GU102EG,6,3,3,2
GU102EH,29,17,12,14
GU102EJ,26,13,13,8
GU102EN,21,9,12,7
GU102EP,51,23,28,20
GU102EQ,3,2,1,1
GU102ER,14,8,6,3
GU102ES,33,19,14,12
GU102ET,75,35,40,31
GU102EU,28,11,17,12
GU102EW,9,4,5,6
GU102EX,15,7,8,7
GU102EY,13,6,7,6
GU102EZ,15,6,9,7
GU102HA,1,0,1,1
GU102HJ,20,7,13,7
GU102HL,21,9,12,7
GU102HN,14,7,7,6
GU102HP,40,21,19,15
GU102HR,7,3,4,3
GU102HS,21,12,9,8
GU102HT,14,5,9,5
GU102HW,14,8,6,5
GU102HX,12,6,6,7
GU102HY,30,15,15,19
GU102HZ,5,1,4,1
GU102JA,35,20,15,13
GU102JD,5,4,1,2
GU102JE,4,2,2,1
GU102JF,7,3,4,4
GU102JG,46,21,25,20
GU102JH,30,17,13,9
GU102JJ,13,8,5,6
GU102JL,5,4,1,1
GU102JN,35,17,18,16
GU102JP,11,5,6,4
GU102JQ,17,8,9,7
GU102JR,28,14,14,16
GU102JS,2,1,1,1
GU102JT,16,6,10,6
GU102JU,3,2,1,2
GU102JY,14,7,7,6
GU102JZ,37,17,20,13
GU102LA,16,8,8,6
GU102LB,25,12,13,10
GU102LD,17,10,7,9
GU102LG,6,3,3,2
GU102LH,10,5,5,3
GU102LJ,22,15,7,9
GU102LL,13,9,4,6
GU102LN,21,12,9,9
GU102LP,20,8,12,9
GU102LQ,16,7,9,8
GU102LR,29,15,14,8
GU102LS,19,8,11,6
GU102LT,40,20,20,12
GU102LU,37,16,21,16
GU102LW,3,1,2,2
GU102LX,7,2,5,2
GU102NA,22,10,12,8
GU102NB,9,6,3,4
GU102ND,24,12,12,8
GU102NE,3,2,1,2
GU102NG,5,4,1,2
GU102NH,6,2,4,2
GU102NQ,19,8,11,9
GU102NS,9,4,5,3
GU102NT,2,1,1,1
GU102NU,17,5,12,14
GU102NW,4,2,2,2
GU102NX,14,8,6,5
GU102NY,49,25,24,15
GU102NZ,13,7,6,7
GU102PA,40,19,21,16
GU102PB,37,16,21,16
GU102PD,19,8,11,5
GU102PE,48,22,26,21
GU102PF,4,2,2,2
GU102PG,61,24,37,36
GU102PH,11,5,6,3
GU102PJ,6,4,2,2
GU102PP,17,10,7,5
GU102PQ,88,45,43,39
GU102PT,7,3,4,3
GU102PU,15,10,5,5
GU102PX,18,7,11,8
GU102PY,5,2,3,2
GU102PZ,9,5,4,4
GU102QA,20,7,13,7
GU102QB,20,12,8,2
GU102QE,8,3,5,3
GU102QG,17,10,7,6
GU102QH,9,5,4,4
GU102QJ,44,24,20,15
GU102QL,7,5,2,2
GU102QP,5,2,3,2
GU102QQ,12,5,7,4
GU102QR,4,2,2,2
GU102QS,11,6,5,4
GU102QT,28,14,14,10
GU102QU,17,9,8,8
GU102QX,5,2,3,3
GU103AA,30,17,13,9
GU103AB,8,3,5,3
GU103AD,7,2,5,3
GU103AE,23,15,8,7
GU103AF,10,5,5,4
GU103AG,12,5,7,6
GU103AH,29,14,15,2
GU103AJ,21,12,9,9
GU103AL,16,9,7,6
GU103AN,35,18,17,12
GU103AP,115,107,8,1
GU103AQ,41,18,23,2
GU103AR,11,4,7,7
GU103AS,21,9,12,7
GU103AT,31,13,18,13
GU103AU,29,12,17,12
GU103AW,33,20,13,12
GU103AX,2,1,1,1
GU103AY,13,5,8,5
GU103AZ,12,7,5,6
GU103BA,6,2,4,4
GU103BB,5,2,3,3
GU103BD,10,5,5,5
GU103BE,24,15,9,7
GU103BG,4,2,2,3
GU103BH,18,8,10,9
GU103BJ,40,21,19,16
GU103BN,35,16,19,12
GU103BP,19,10,9,6
GU103BS,4,2,2,1
GU103BT,1,1,0,1
GU103BW,11,7,4,4
GU103BX,4,2,2,2
GU103DE,15,7,8,6
GU103DF,12,6,6,6
GU103DG,24,11,13,12
GU103DH,7,4,3,2
GU103DJ,10,6,4,4
GU103DL,36,21,15,13
GU103DP,12,6,6,5
GU103DQ,28,14,14,14
GU103DR,4,2,2,1
GU103DS,21,10,11,13
GU103DT,6,2,4,3
GU103DU,20,7,13,6
GU103DW,9,5,4,4
GU103DX,111,52,59,54
GU103DY,4,1,3,3
GU103DZ,11,5,6,6
GU103EA,20,12,8,10
GU103EB,8,5,3,2
GU103EE,7,2,5,4
GU103EF,15,6,9,7
GU103EG,9,7,2,4
GU103EH,27,11,16,12
GU103EJ,22,11,11,8
GU103EL,6,3,3,3
GU103EN,6,3,3,3
GU103EP,21,10,11,7
GU103EQ,29,15,14,9
GU103EW,4,2,2,1
GU103HA,34,15,19,14
GU103HB,36,18,18,20
GU103HD,24,16,8,9
GU103HE,5,3,2,2
GU103HF,39,20,19,14
GU103HG,23,11,12,10
GU103HJ,9,5,4,2
GU103HL,28,12,16,11
GU103HN,47,19,28,21
GU103HP,52,22,30,22
GU103HQ,42,25,17,13
GU103HR,63,30,33,28
GU103HS,30,16,14,11
GU103HT,23,12,11,9
GU103HU,10,4,6,3
GU103HW,36,18,18,11
GU103HX,4,2,2,1
GU103HY,9,4,5,3
GU103HZ,18,9,9,5
GU103JB,26,15,11,8
GU103JD,36,20,16,11
GU103JE,20,9,11,7
GU103JH,38,20,18,13
GU103JJ,4,1,3,2
GU103JL,46,25,21,19
GU103JN,18,12,6,6
GU103JP,20,10,10,5
GU103JR,12,6,6,5
GU103JS,43,24,19,19
GU103JT,12,5,7,5
GU103JU,23,11,12,10
GU103JW,21,12,9,7
GU103JY,19,9,10,6
GU103JZ,19,8,11,6
GU103LH,60,29,31,21
GU103LJ,72,33,39,24
GU103LL,24,11,13,8
GU103LN,50,28,22,14
GU103LP,41,20,21,15
GU103LR,33,15,18,12
GU103LS,17,9,8,7
GU103LT,43,19,24,19
GU103LU,36,18,18,11
GU103LW,7,3,4,4
GU103LX,8,4,4,4
GU103LY,15,8,7,7
GU103LZ,26,15,11,10
GU103NA,27,15,12,11
GU103NB,6,3,3,2
GU103ND,36,20,16,16
GU103NE,8,3,5,3
GU103NF,26,14,12,12
GU103NG,24,10,14,7
GU103NH,70,37,33,27
GU103NJ,113,57,56,45
GU103NL,10,5,5,3
GU103NN,10,4,6,6
GU103NQ,35,18,17,11
GU103NW,47,24,23,16
GU103NY,20,10,10,7
GU103NZ,74,37,37,35
GU103PA,2,1,1,1
GU103PB,15,10,5,5
GU103PD,79,44,35,23
GU103PE,24,12,12,10
GU103PF,53,27,26,23
GU103PG,6,3,3,5
GU103PH,3,1,2,2
GU103PJ,19,10,9,8
GU103PL,28,11,17,10
GU103PN,12,5,7,4
GU103PP,14,6,8,4
GU103PR,4,1,3,3
GU103PS,9,5,4,3
GU103PT,32,20,12,12
GU103PU,23,12,11,10
GU103PW,46,24,22,16
GU103PX,8,2,6,5
GU103PY,7,2,5,4
GU103PZ,47,25,22,21
GU103QA,27,12,15,9
GU103QB,27,14,13,10
GU103QD,83,48,35,28
GU103QE,5,2,3,2
GU103QF,3,0,3,3
GU103QJ,14,7,7,4
GU103QN,62,29,33,21
GU103QP,22,12,10,11
GU103QS,22,12,10,11
GU103QT,54,26,28,17
GU103QU,15,9,6,4
GU103QW,51,25,26,17
GU103QX,12,7,5,4
GU103RA,12,6,6,5
GU103RB,70,24,46,9
GU103RD,66,31,35,20
GU103RE,30,13,17,12
GU103RF,80,39,41,29
GU103RG,19,11,8,6
GU103RH,14,6,8,7
GU103RJ,28,14,14,11
GU103RN,4,2,2,2
GU103RQ,31,18,13,12
GU103RW,27,14,13,7
GU104AA,14,6,8,7
GU104AB,42,20,22,19
GU104AD,10,5,5,6
GU104AE,33,13,20,15
GU104AF,70,35,35,26
GU104AG,19,6,13,10
GU104AH,46,24,22,15
GU104AJ,3,1,2,1
GU104AL,24,10,14,9
GU104AN,16,9,7,5
GU104AP,32,15,17,12
GU104AQ,8,4,4,3
GU104AR,6,3,3,2
GU104AS,12,6,6,4
GU104AT,43,19,24,21
GU104AU,58,31,27,23
GU104AW,12,6,6,5
GU104AX,40,20,20,15
GU104AY,7,2,5,3
GU104AZ,17,10,7,9
GU104BA,1,0,1,1
GU104BB,5,1,4,1
GU104BD,31,15,16,12
GU104BE,2,0,2,2
GU104BH,32,15,17,18
GU104BJ,85,34,51,36
GU104BN,26,11,15,12
GU104BP,43,18,25,19
GU104BS,51,27,24,17
GU104BT,36,16,20,18
GU104BU,7,3,4,4
GU104BW,45,19,26,19
GU104BX,2,1,1,1
GU104DA,9,6,3,2
GU104DB,77,37,40,27
GU104DD,25,13,12,9
GU104DE,34,17,17,14
GU104DF,36,21,15,15
GU104DG,18,8,10,8
GU104DH,20,9,11,7
GU104DJ,14,8,6,5
GU104DL,23,9,14,10
GU104DP,17,10,7,6
GU104DQ,12,7,5,4
GU104DR,9,4,5,3
GU104DS,11,6,5,3
GU104DU,20,9,11,7
GU104DW,22,10,12,9
GU104DX,5,3,2,3
GU104DY,76,36,40,27
GU104DZ,53,24,29,28
GU104EA,87,47,40,2
GU104EB,48,18,30,14
GU104ED,10,5,5,4
GU104EE,26,14,12,10
GU104EJ,16,8,8,8
GU104EL,15,7,8,7
GU104EN,14,6,8,6
GU104EP,18,9,9,8
GU104EQ,7,3,4,4
GU104ER,6,2,4,2
GU104ES,7,4,3,2
GU104ET,4,2,2,2
GU104EU,28,14,14,9
GU104EX,36,20,16,14
GU104EY,14,7,7,5
GU104EZ,1,0,1,1
GU104HA,22,10,12,6
GU104HB,16,6,10,6
GU104HE,5,2,3,2
GU104HG,11,5,6,6
GU104HH,5,2,3,2
GU104HJ,4,2,2,1
GU104HL,17,9,8,7
GU104HP,4,1,3,1
GU104HQ,41,21,20,17
GU104HR,1,0,1,1
GU104HS,33,19,14,11
GU104HT,68,34,34,23
GU104HU,12,6,6,4
GU104HX,45,17,28,17
GU104JA,25,12,13,9
GU104JB,27,13,14,10
GU104JD,22,9,13,10
GU104JE,5,2,3,3
GU104JF,11,6,5,5
GU104JH,9,5,4,5
GU104JN,30,14,16,13
GU104JP,21,10,11,7
GU104JS,24,12,12,8
GU104JT,46,22,24,16
GU104JU,8,4,4,4
GU104JW,74,35,39,30
GU104JX,10,3,7,3
GU104JY,36,17,19,9
GU104JZ,54,24,30,20
GU104LA,43,20,23,15
GU104LB,70,31,39,29
GU104LD,7,5,2,3
GU104LE,23,14,9,7
GU104LG,19,8,11,6
GU104LJ,26,12,14,10
GU104LL,20,9,11,7
GU104LN,11,7,4,5
GU104LP,6,4,2,4
GU104LQ,8,5,3,3
GU104LR,4,3,1,3
GU104LT,34,17,17,16
GU104LU,42,20,22,13
GU104LW,86,43,43,40
GU104NB,35,19,16,13
GU104ND,22,14,8,7
GU104NE,19,10,9,8
GU104NF,25,13,12,9
GU104NG,28,14,14,13
GU104NH,30,15,15,10
GU104NJ,2,1,1,1
GU104NL,37,21,16,29
GU104NN,42,20,22,15
GU104NP,43,19,24,14
GU104NQ,37,20,17,13
GU104NR,46,29,17,14
GU104NS,31,16,15,13
GU104NT,2,1,1,1
GU104NU,31,14,17,11
GU104NW,10,7,3,3
GU104NX,10,5,5,4
GU104NZ,24,15,9,12
GU104PA,102,51,51,42
GU104PB,15,8,7,6
GU104PD,41,25,16,15
GU104PE,19,11,8,8
GU104PF,11,8,3,4
GU104PG,3,1,2,3
GU104PH,130,65,65,53
GU104PJ,77,40,37,35
GU104PN,50,26,24,26
GU104PP,35,17,18,15
GU104PQ,27,13,14,12
GU104PR,42,23,19,19
GU104PS,20,11,9,10
GU104PT,7,3,4,3
GU104PU,18,7,11,9
GU104PW,30,16,14,12
GU104PX,21,10,11,8
GU104PY,52,16,36,5
GU104PZ,23,13,10,8
GU104QA,11,7,4,4
GU104QB,41,18,23,18
GU104QD,46,24,22,17
GU104QE,21,12,9,12
GU104QF,56,30,26,23
GU104QG,25,13,12,8
GU104QH,54,27,27,23
GU104QJ,34,13,21,17
GU104QL,71,38,33,28
GU104QN,7,3,4,4
GU104QP,9,2,7,4
GU104QQ,67,34,33,27
GU104QR,56,24,32,28
GU104QS,40,19,21,14
GU104QT,29,13,16,10
GU104QW,44,21,23,20
GU104QX,77,36,41,48
GU104QY,68,37,31,40
GU104QZ,73,35,38,31
GU104RA,42,19,23,15
GU104RB,26,14,12,10
GU104RD,20,10,10,7
GU104RE,9,4,5,3
GU104RF,27,13,14,7
GU104RG,36,19,17,14
GU104RH,10,6,4,4
GU104RJ,39,20,19,17
GU104RL,50,28,22,16
GU104RN,60,29,31,29
GU104RP,46,25,21,15
GU104RQ,54,33,21,17
GU104RR,8,5,3,2
GU104RS,2,1,1,1
GU104RT,5,3,2,2
GU104RU,71,35,36,27
GU104RW,30,16,14,11
GU104RX,12,6,6,5
GU104RY,2,1,1,1
GU104RZ,16,7,9,7
GU104SA,3,2,1,1
GU104SD,61,30,31,19
GU104SE,15,9,6,4
GU104SF,33,14,19,13
GU104SG,18,12,6,5
GU104SH,72,38,34,25
GU104SL,11,7,4,4
GU104SN,109,54,55,38
GU104ST,50,27,23,15
GU104SU,30,17,13,10
GU104SX,7,3,4,4
GU104SY,20,13,7,7
GU104SZ,58,27,31,20
GU104TA,31,13,18,14
GU104TB,18,9,9,7
GU104TD,45,19,26,19
GU104TE,10,6,4,4
GU104TF,75,40,35,37
GU104TH,25,12,13,10
GU104TJ,43,21,22,14
GU104TL,31,15,16,13
GU104TN,32,17,15,12
GU104TP,52,24,28,21
GU104TQ,34,18,16,12
GU104TR,45,21,24,19
GU104TS,20,11,9,7
GU104TT,12,4,8,6
GU104TU,99,48,51,35
GU104TW,47,28,19,19
GU104TX,8,3,5,3
GU104TY,6,3,3,3
GU104TZ,25,12,13,16
GU104UA,12,6,6,4
GU105AA,17,10,7,8
GU105AB,5,1,4,2
GU105AD,4,1,3,3
GU105AE,2,1,1,1
GU105AF,4,1,3,2
GU105AG,14,6,8,5
GU105AH,3,1,2,2
GU105AJ,11,7,4,4
GU105AL,4,2,2,2
GU105AN,4,2,2,2
GU105AP,12,7,5,3
GU105AQ,4,3,1,1
GU105AR,9,4,5,4
GU105AS,33,18,15,13
GU105AT,24,9,15,12
GU105AU,15,7,8,5
GU105AW,56,24,32,20
GU105AX,2,1,1,1
GU105AY,8,4,4,5
GU105BA,1,0,1,1
GU105BB,9,5,4,2
GU105BD,100,48,52,38
GU105BE,48,20,28,18
GU105BG,5,4,1,2
GU105BH,5,2,3,3
GU105BJ,42,19,23,18
GU105BL,19,12,7,8
GU105BN,17,9,8,11
GU105BP,21,8,13,8
GU105BQ,8,5,3,3
GU105BS,11,6,5,6
GU105BT,6,2,4,3
GU105BU,3,0,3,2
GU105BW,36,19,17,15
GU105BX,22,8,14,9
GU105BY,13,6,7,4
GU105BZ,26,14,12,8
GU105DB,33,6,27,0
GU105DD,5,3,2,1
GU105DL,7,3,4,3
GU105DN,16,7,9,8
GU105DP,9,3,6,6
GU105DR,14,6,8,5
GU105DT,60,17,43,19
GU105DU,20,11,9,5
GU105DX,24,11,13,8
GU105DZ,15,8,7,6
GU105EA,7,2,5,3
GU105EB,29,15,14,12
GU105ED,17,10,7,9
GU105EE,17,8,9,7
GU105EF,4,2,2,1
GU105EG,19,11,8,8
GU105EJ,2,1,1,1
GU105EL,10,6,4,4
GU105EP,6,3,3,3
GU105ER,9,5,4,3
GU105ES,16,7,9,5
GU105ET,7,2,5,3
GU105EU,28,13,15,13
GU105EY,2,1,1,1
GU105HA,1,0,1,1
GU105HB,11,6,5,4
GU105HD,6,3,3,3
GU105HE,25,13,12,10
GU105HF,4,2,2,1
GU105HG,4,2,2,2
GU105HH,18,9,9,9
GU105HJ,11,5,6,6
GU105HL,37,24,13,14
GU105HQ,5,4,1,2
GU105HU,20,10,10,8
GU105HY,41,21,20,19
GU105HZ,21,14,7,9
GU105JA,15,7,8,6
GU105JB,10,4,6,6
GU105JD,3,2,1,2
GU105JE,2,1,1,1
GU105JF,5,3,2,1
GU105JG,8,4,4,2
GU105JH,12,5,7,5
GU105JJ,7,4,3,4
GU105JL,13,4,9,7
GU105JN,9,4,5,2
GU105JP,37,19,18,12
GU105JQ,17,10,7,8
GU105JR,5,2,3,2
GU105JS,30,13,17,8
GU105JT,2,0,2,1
GU105JU,5,2,3,2
GU105JW,4,0,4,2
GU105JX,12,6,6,4
GU105JY,44,21,23,17
GU105JZ,47,23,24,20
GU105LA,23,12,11,9
GU105LB,28,14,14,11
GU105LD,123,56,67,47
GU105LE,55,27,28,23
GU105LH,91,35,56,36
GU105LL,50,21,29,19
GU105LN,12,5,7,6
GU105LP,15,7,8,5
GU105LR,9,4,5,4
GU105LS,113,55,58,41
GU105LT,17,9,8,6
GU105LU,11,5,6,6
GU105LW,83,24,59,11
GU105LX,5,3,2,3
GU105LY,3,1,2,2
GU105LZ,21,10,11,7
GU105NA,19,9,10,6
GU105NB,5,2,3,3
GU105ND,5,1,4,2
GU105NE,39,19,20,18
GU105NF,47,25,22,21
GU105NG,62,19,43,0
GU105NH,6,4,2,3
GU105NQ,4,2,2,2
GU105NT,8,6,2,5
GU105NU,24,11,13,12
GU105NX,44,25,19,19
GU105NY,36,17,19,10
GU105NZ,10,3,7,4
GU105PA,16,7,9,7
GU105PB,3,2,1,1
GU105PD,12,7,5,5
GU105PE,34,18,16,14
GU105PF,28,17,11,10
GU105PG,64,31,33,24
GU105PH,88,46,42,32
GU105PJ,36,15,21,16
GU105PL,10,4,6,6
GU105PN,16,7,9,6
GU105PP,6,2,4,3
GU105PQ,24,13,11,9
GU105PR,28,14,14,11
GU105PS,14,8,6,8
GU105PT,26,11,15,11
GU105PU,3,1,2,1
GU105PW,25,13,12,12
GU105PX,9,4,5,3
GU105PY,9,5,4,4
GU105QA,4,0,4,4
GU105QB,20,9,11,7
GU105QD,4,1,3,1
GU105QE,26,12,14,10
GU105QF,36,17,19,12
GU105QG,20,8,12,9
GU105QH,13,6,7,6
GU105QJ,4,2,2,1
GU105QL,9,7,2,3
GU105QP,7,2,5,6
GU105QQ,43,23,20,15
GU105QR,6,3,3,2
GU105QS,16,7,9,6
GU105QT,24,11,13,14
GU105QU,59,28,31,23
GU105QW,6,3,3,1
GU105QX,9,3,6,3
GU105QY,3,1,2,2
GU105QZ,19,8,11,11
GU105RA,20,10,10,6
GU105RB,33,18,15,18
GU105RD,112,53,59,45
GU105RE,64,31,33,27
GU105RF,34,15,19,13
GU105RG,27,13,14,11
GU105RH,14,9,5,4
GU105RJ,17,8,9,7
GU105RL,16,7,9,9
GU105RN,4,2,2,1
GU105RP,61,31,30,23
GU105RQ,38,18,20,14
GU105RR,7,3,4,4
GU105RS,5,2,3,1
GU105RT,2,1,1,1
GU105RU,3,1,2,1
GU105RW,1,0,1,1
GU105RY,25,10,15,10
GU105RZ,19,9,10,6
GU105SA,39,17,22,13
GU105TE,39,20,19,10
GU105TF,8,2,6,3
GU105TG,12,6,6,4
GU105TH,14,9,5,4
GU105TJ,13,8,5,6
GU105TL,25,10,15,8
GU105TN,23,12,11,8
GU105TP,6,2,4,3
GU105TQ,4,2,2,2
GU105TW,44,21,23,14
GU111AD,35,17,18,7
GU111AE,60,26,34,14
GU111AF,41,21,20,7
GU111AG,115,55,60,30
GU111AH,38,20,18,10
GU111AJ,25,12,13,7
GU111AL,65,37,28,15
GU111AN,210,110,100,56
GU111AP,54,24,30,15
GU111AQ,110,52,58,27
GU111AR,24,13,11,7
GU111AS,26,12,14,7
GU111AT,32,16,16,8
GU111AU,61,29,32,13
GU111AW,118,60,58,29
GU111AX,32,17,15,14
GU111AZ,32,16,16,16
GU111BA,89,46,43,49
GU111BB,54,17,37,50
GU111BG,99,56,43,58
GU111BH,39,19,20,20
GU111BL,10,5,5,4
GU111BQ,1,0,1,1
GU111BY,62,31,31,27
GU111DH,140,73,67,70
GU111DL,67,30,37,33
GU111DP,16,6,10,6
GU111DX,36,17,19,8
GU111EG,41,23,18,18
GU111EU,27,16,11,11
GU111EX,22,10,12,11
GU111FD,14,5,9,6
GU111HA,18,10,8,6
GU111HD,12,7,5,4
GU111HE,14,8,6,8
GU111HF,22,13,9,11
GU111HG,149,78,71,68
GU111HH,4,2,2,2
GU111HJ,28,16,12,12
GU111HL,30,14,16,13
GU111HQ,89,37,52,40
GU111HR,134,68,66,63
GU111HS,116,55,61,49
GU111HT,37,18,19,13
GU111HX,21,14,7,18
GU111HY,24,13,11,16
GU111HZ,73,27,46,57
GU111JE,3,1,2,1
GU111JP,57,31,26,22
GU111JU,24,14,10,13
GU111JW,16,10,6,8
GU111JX,54,26,28,25
GU111JZ,1,0,1,1
GU111LB,92,51,41,60
GU111LE,30,14,16,9
GU111LF,1,1,0,1
GU111LG,81,46,35,27
GU111LH,71,36,35,19
GU111LJ,48,28,20,17
GU111LP,21,14,7,18
GU111LQ,44,23,21,28
GU111LT,14,7,7,4
GU111LW,74,39,35,44
GU111LY,49,23,26,24
GU111NA,103,52,51,35
GU111NB,57,30,27,18
GU111ND,95,54,41,29
GU111NE,92,44,48,31
GU111NF,37,18,19,13
GU111NG,67,36,31,20
GU111NH,81,47,34,24
GU111NJ,48,21,27,14
GU111NL,18,9,9,5
GU111NR,115,63,52,31
GU111NW,29,18,11,11
GU111PH,29,17,12,15
GU111PR,51,27,24,15
GU111PS,35,17,18,12
GU111PT,5,1,4,2
GU111QA,1,1,0,1
GU111QB,2,1,1,1
GU111QE,35,12,23,20
GU111QF,39,19,20,20
GU111QG,42,15,27,20
GU111QL,19,11,8,10
GU111QN,98,47,51,36
GU111QP,1,1,0,1
GU111QQ,51,35,16,44
GU111QT,85,43,42,30
GU111QU,50,22,28,21
GU111QW,47,28,19,24
GU111QX,44,23,21,16
GU111QY,67,28,39,20
GU111QZ,36,20,16,14
GU111RB,82,39,43,24
GU111RD,56,31,25,19
GU111RE,46,24,22,15
GU111RF,25,11,14,8
GU111RH,48,24,24,12
GU111RJ,46,21,25,15
GU111RL,75,37,38,23
GU111RN,83,38,45,23
GU111RP,59,29,30,18
GU111RR,99,48,51,29
GU111RY,209,102,107,57
GU111SH,24,14,10,11
GU111SJ,44,30,14,16
GU111SL,28,20,8,17
GU111SQ,3,3,0,0
GU111SU,121,56,65,74
GU111SZ,21,11,10,7
GU111TE,47,22,25,15
GU111TF,4,2,2,2
GU111TJ,11,6,5,4
GU111TL,16,6,10,6
GU111TP,51,26,25,18
GU111TQ,50,25,25,12
GU111TR,94,45,49,48
GU111TS,6,2,4,4
GU111TT,86,41,45,43
GU111TW,1,1,0,1
GU111TY,25,13,12,11
GU111TZ,43,25,18,26
GU111UE,4,2,2,2
GU111YA,42,18,24,24
GU111YB,36,13,23,17
GU111YD,38,20,18,14
GU111YE,49,20,29,19
GU111YF,40,19,21,17
GU111YG,53,25,28,19
GU111YH,117,58,59,57
GU111YQ,31,18,13,19
GU111YR,18,8,10,9
GU111YS,34,15,19,18
GU111YT,49,25,24,17
GU111YU,35,19,16,15
GU111YX,25,12,13,18
GU111YY,51,26,25,21
GU111YZ,30,16,14,12
GU112AD,87,39,48,28
GU112BG,1262,1093,169,0
GU112BN,13,9,4,9
GU112BY,2,1,1,1
GU112DD,7,2,5,1
GU112EB,142,76,66,39
GU112ED,50,20,30,16
GU112EE,57,29,28,17
GU112EF,47,26,21,13
GU112EG,19,8,11,6
GU112EL,102,51,51,32
GU112EN,97,57,40,26
GU112EQ,77,38,39,21
GU112ET,1,1,0,1
GU112EU,82,42,40,40
GU112EX,7,4,3,3
GU112HE,2,1,1,1
GU112HF,3,2,1,1
GU112HG,77,41,36,24
GU112HJ,4,1,3,1
GU112HS,144,77,67,45
GU112HT,125,64,61,36
GU112JH,46,24,22,14
GU112LN,14,9,5,4
GU112LP,70,36,34,23
GU112LT,20,11,9,8
GU112LU,14,7,7,5
GU112LW,166,68,98,37
GU112LY,16,9,7,7
GU112NB,19,12,7,6
GU112ND,41,22,19,13
GU112NE,22,12,10,7
GU112NF,26,11,15,9
GU112NH,67,34,33,22
GU112NJ,43,19,24,17
GU112NN,66,33,33,21
GU112NS,9,5,4,3
GU112NT,3,2,1,1
GU112NZ,1,0,1,1
GU112PB,49,26,23,13
GU112PE,60,30,30,17
GU112PF,123,57,66,38
GU112PG,23,13,10,7
GU112PH,67,33,34,18
GU112PN,10,5,5,5
GU112PQ,40,20,20,12
GU112PT,7,1,6,3
GU112PU,7,5,2,2
GU112PX,6,3,3,3
GU112PY,32,15,17,11
GU112PZ,58,30,28,15
GU112QH,101,50,51,34
GU112QJ,32,18,14,10
GU112QL,43,21,22,14
GU112QN,112,59,53,35
GU112QP,115,53,62,39
GU112QQ,154,75,79,47
GU112QR,79,37,42,24
GU112QS,75,39,36,22
GU112QT,1,1,0,1
GU112QW,117,60,57,39
GU113AA,66,35,31,25
GU113AB,42,20,22,21
GU113AD,57,28,29,28
GU113AE,73,38,35,31
GU113AF,52,21,31,22
GU113AG,20,8,12,12
GU113AH,31,17,14,15
GU113AJ,52,21,31,17
GU113AN,61,33,28,23
GU113AP,59,30,29,27
GU113AQ,17,10,7,7
GU113AS,40,22,18,14
GU113AT,35,18,17,13
GU113AU,47,26,21,18
GU113AW,2,1,1,1
GU113AX,50,25,25,18
GU113AY,47,22,25,18
GU113AZ,10,3,7,6
GU113BA,42,27,15,15
GU113BB,70,38,32,25
GU113BD,27,14,13,8
GU113BE,56,26,30,23
GU113BF,30,16,14,12
GU113BG,74,39,35,27
GU113BH,50,25,25,23
GU113BJ,4,2,2,3
GU113BL,19,9,10,8
GU113BN,23,13,10,9
GU113BP,10,6,4,4
GU113BQ,71,35,36,31
GU113BS,38,17,21,15
GU113BT,64,31,33,25
GU113BW,46,25,21,16
GU113BX,43,19,24,16
GU113BY,58,30,28,25
GU113BZ,57,24,33,22
GU113DA,128,66,62,40
GU113DB,103,50,53,38
GU113DD,22,8,14,7
GU113DE,51,23,28,19
GU113DF,31,14,17,11
GU113DG,157,66,91,37
GU113DH,14,6,8,6
GU113DJ,2,1,1,1
GU113DL,95,38,57,76
GU113DN,31,16,15,18
GU113DP,71,33,38,28
GU113DQ,5,2,3,3
GU113DR,11,6,5,7
GU113DS,53,27,26,15
GU113DU,34,13,21,12
GU113DW,41,22,19,25
GU113DX,24,12,12,20
GU113DY,30,13,17,8
GU113DZ,22,15,7,18
GU113EA,64,32,32,27
GU113ED,52,27,25,23
GU113EE,75,39,36,21
GU113EF,34,21,13,10
GU113EH,31,13,18,7
GU113EJ,115,65,50,37
GU113EL,30,16,14,10
GU113EN,41,18,23,23
GU113EP,86,42,44,48
GU113EQ,11,5,6,5
GU113ER,117,55,62,41
GU113ES,52,27,25,21
GU113ET,21,9,12,11
GU113EU,45,28,17,18
GU113EW,80,33,47,34
GU113EX,12,6,6,7
GU113EY,4,2,2,4
GU113EZ,17,8,9,9
GU113FH,16,10,6,10
GU113FJ,17,7,10,10
GU113FL,44,23,21,16
GU113FN,18,11,7,7
GU113FP,87,40,47,34
GU113FQ,62,28,34,22
GU113GY,53,27,26,36
GU113GZ,173,86,87,83
GU113HA,101,51,50,33
GU113HB,66,35,31,27
GU113HD,10,5,5,6
GU113HE,119,58,61,37
GU113HF,46,26,20,16
GU113HG,35,18,17,11
GU113HH,93,42,51,35
GU113HJ,10,4,6,5
GU113HN,68,25,43,12
GU113HP,7,4,3,6
GU113HQ,72,32,40,29
GU113HR,25,9,16,11
GU113HT,35,18,17,21
GU113HW,15,9,6,7
GU113HX,21,9,12,21
GU113HY,34,16,18,15
GU113HZ,2,0,2,2
GU113JB,1,1,0,1
GU113JD,124,58,66,61
GU113JE,43,23,20,19
GU113JF,24,11,13,11
GU113JG,89,45,44,25
GU113JH,14,8,6,6
GU113JJ,44,20,24,20
GU113JL,50,25,25,17
GU113JN,37,17,20,17
GU113JP,76,38,38,31
GU113JQ,90,49,41,32
GU113JR,75,38,37,29
GU113JS,68,29,39,27
GU113JT,6,3,3,3
GU113JU,53,29,24,17
GU113JX,57,33,24,19
GU113JY,83,42,41,40
GU113JZ,62,30,32,18
GU113LA,102,52,50,43
GU113LB,14,7,7,8
GU113LD,75,30,45,33
GU113LE,21,10,11,10
GU113LF,8,6,2,5
GU113LG,15,7,8,8
GU113LH,44,21,23,17
GU113LJ,10,3,7,5
GU113LL,27,16,11,10
GU113LN,61,32,29,25
GU113LP,65,32,33,24
GU113LQ,31,11,20,27
GU113LR,51,31,20,23
GU113LS,63,32,31,28
GU113LT,35,17,18,14
GU113LU,73,35,38,23
GU113LW,52,27,25,24
GU113LX,53,24,29,18
GU113LY,38,15,23,13
GU113LZ,84,39,45,32
GU113NA,19,10,9,5
GU113NB,35,16,19,14
GU113ND,34,19,15,13
GU113NE,47,23,24,25
GU113NF,73,32,41,26
GU113NG,57,28,29,24
GU113NH,9,6,3,3
GU113NJ,25,11,14,19
GU113NL,88,44,44,50
GU113NN,49,21,28,14
GU113NP,14,6,8,6
GU113NQ,25,8,17,8
GU113NR,60,30,30,24
GU113NT,51,20,31,27
GU113NU,68,30,38,25
GU113NW,5,2,3,3
GU113NX,65,32,33,25
GU113NY,36,18,18,16
GU113NZ,65,33,32,28
GU113PA,20,9,11,7
GU113PB,26,13,13,10
GU113PD,52,26,26,17
GU113PE,115,56,59,37
GU113PF,82,40,42,33
GU113PG,34,12,22,13
GU113PH,49,18,31,24
GU113PJ,27,16,11,11
GU113PL,56,28,28,28
GU113PN,24,13,11,8
GU113PP,55,27,28,29
GU113PQ,83,42,41,34
GU113PR,65,34,31,29
GU113PS,79,39,40,28
GU113PT,41,20,21,17
GU113PU,91,40,51,32
GU113PW,16,8,8,5
GU113PX,83,43,40,29
GU113PY,82,38,44,28
GU113PZ,81,38,43,27
GU113QA,97,42,55,33
GU113QB,29,14,15,11
GU113QD,88,47,41,34
GU113QE,79,42,37,32
GU113QF,71,39,32,26
GU113QG,79,41,38,28
GU113QH,39,21,18,14
GU113QJ,90,46,44,29
GU113QL,44,24,20,20
GU113QN,7,3,4,4
GU113QP,17,7,10,6
GU113QQ,29,14,15,12
GU113QR,33,17,16,15
GU113QS,56,27,29,22
GU113QT,40,21,19,13
GU113QU,11,3,8,4
GU113QW,43,24,19,15
GU113QX,11,6,5,5
GU113QY,48,22,26,16
GU113QZ,32,13,19,13
GU113RA,35,12,23,15
GU113RB,30,16,14,12
GU113RD,55,27,28,23
GU113RE,24,11,13,10
GU113RF,39,18,21,16
GU113RG,32,13,19,18
GU113RH,56,27,29,20
GU113RJ,150,76,74,52
GU113RL,74,36,38,44
GU113RN,76,33,43,45
GU113RP,39,18,21,20
GU113RQ,24,11,13,13
GU113RR,68,30,38,40
GU113RS,63,36,27,36
GU113RT,89,43,46,46
GU113RU,79,37,42,27
GU113RW,64,32,32,28
GU113RX,38,10,28,0
GU113RY,53,23,30,26
GU113SB,89,43,46,38
GU113SD,17,6,11,12
GU113SE,97,40,57,39
GU113SF,96,43,53,41
GU113SG,120,50,70,36
GU113SH,58,24,34,21
GU113SJ,150,80,70,52
GU113SL,75,41,34,23
GU113SN,89,44,45,28
GU113SP,17,9,8,5
GU113SQ,97,52,45,39
GU113SR,47,25,22,15
GU113SS,36,17,19,14
GU113ST,28,18,10,11
GU113SU,32,18,14,7
GU113SW,55,25,30,51
GU113SX,20,11,9,8
GU113SY,19,9,10,9
GU113SZ,70,36,34,24
GU113TA,13,7,6,4
GU113TB,56,27,29,20
GU113TD,37,18,19,14
GU113TG,22,14,8,8
GU113TN,23,12,11,10
GU113TQ,84,44,40,30
GU113TW,30,15,15,10
GU113TY,151,75,76,57
GU113TZ,162,89,73,60
GU113UA,42,22,20,15
GU113UE,32,17,15,8
GU113UF,35,17,18,15
GU113UG,64,33,31,24
GU113UH,29,16,13,11
GU113UQ,19,8,11,8
GU113XA,15,7,8,7
GU113XE,16,7,9,8
GU113XF,24,13,11,7
GU113XG,22,7,15,8
GU113XQ,22,11,11,11
GU113YA,25,12,13,15
GU124AA,37,19,18,18
GU124AB,17,9,8,8
GU124AD,70,34,36,27
GU124AE,49,20,29,24
GU124AF,62,26,36,27
GU124AG,49,23,26,24
GU124AH,27,15,12,12
GU124AJ,38,16,22,28
GU124AL,98,47,51,40
GU124AN,24,12,12,16
GU124AP,81,39,42,34
GU124AQ,15,8,7,8
GU124AR,93,47,46,54
GU124AT,57,29,28,25
GU124AU,68,32,36,24
GU124AW,24,14,10,20
GU124AX,59,30,29,20
GU124AY,89,44,45,31
GU124AZ,93,42,51,32
GU124BA,67,35,32,22
GU124BB,58,29,29,26
GU124BD,44,22,22,17
GU124BE,49,24,25,19
GU124BH,62,32,30,32
GU124BJ,104,44,60,38
GU124BL,52,23,29,16
GU124BN,48,28,20,19
GU124BP,5,2,3,3
GU124BQ,48,25,23,23
GU124BS,107,50,57,43
GU124BW,75,34,41,27
GU124BX,103,51,52,34
GU124BY,95,42,53,35
GU124BZ,77,35,42,29
GU124DA,73,35,38,30
GU124DB,36,22,14,17
GU124DD,36,20,16,19
GU124DH,12,8,4,4
GU124DN,1,1,0,1
GU124DT,86,46,40,32
GU124DY,7,4,3,3
GU124EA,71,36,35,30
GU124EB,53,27,26,22
GU124ED,36,18,18,14
GU124EE,88,42,46,34
GU124EF,37,19,18,14
GU124EG,19,7,12,7
GU124EH,19,8,11,11
GU124EJ,77,36,41,25
GU124EL,60,29,31,20
GU124EN,52,25,27,18
GU124EP,52,28,24,15
GU124EQ,148,71,77,53
GU124ER,36,18,18,17
GU124ES,20,8,12,9
GU124EU,98,51,47,30
GU124EW,52,23,29,17
GU124EX,87,54,33,41
GU124EY,60,27,33,24
GU124EZ,82,44,38,38
GU124FA,57,34,23,22
GU124FE,186,95,91,73
GU124FF,185,90,95,72
GU124FG,155,77,78,62
GU124FL,40,22,18,14
GU124FN,101,52,49,33
GU124FQ,174,89,85,68
GU124FR,36,17,19,10
GU124FW,85,45,40,32
GU124FY,106,52,54,35
GU124GA,47,24,23,20
GU124GB,51,26,25,20
GU124HE,65,31,34,22
GU124HF,32,17,15,10
GU124HG,58,30,28,22
GU124HH,14,7,7,6
GU124HJ,72,39,33,29
GU124HL,59,24,35,23
GU124HN,83,49,34,29
GU124HP,38,18,20,14
GU124HQ,60,30,30,26
GU124HR,21,12,9,8
GU124HS,54,27,27,24
GU124HT,77,41,36,33
GU124HU,74,34,40,37
GU124HW,61,26,35,20
GU124HX,118,56,62,35
GU124HY,43,23,20,16
GU124HZ,141,66,75,48
GU124JB,21,12,9,12
GU124JD,12,7,5,7
GU124JE,68,35,33,19
GU124JF,53,32,21,15
GU124JG,26,11,15,9
GU124JH,57,25,32,22
GU124JJ,119,60,59,33
GU124JL,16,10,6,7
GU124JP,44,24,20,12
GU124JQ,20,13,7,7
GU124JR,58,28,30,21
GU124JS,55,32,23,20
GU124JT,3,2,1,1
GU124JU,2,0,2,1
GU124JW,125,67,58,51
GU124JX,15,6,9,7
GU124JY,22,9,13,11
GU124JZ,23,20,3,21
GU124LA,18,11,7,8
GU124LB,10,3,7,3
GU124LD,166,90,76,46
GU124LE,128,62,66,43
GU124LG,26,14,12,11
GU124LH,22,12,10,8
GU124LJ,92,43,49,37
GU124LL,56,32,24,36
GU124LN,36,10,26,28
GU124LP,20,14,6,6
GU124LQ,47,20,27,24
GU124LT,23,12,11,9
GU124LU,32,18,14,16
GU124LW,18,9,9,8
GU124LX,89,51,38,31
GU124LY,12,6,6,6
GU124NA,34,16,18,9
GU124NB,21,9,12,10
GU124ND,29,17,12,12
GU124NE,18,10,8,8
GU124NF,56,32,24,19
GU124NG,55,29,26,22
GU124NH,93,47,46,29
GU124NJ,14,8,6,6
GU124NL,65,26,39,20
GU124NN,9,3,6,4
GU124NP,10,3,7,8
GU124NR,84,41,43,24
GU124NS,136,73,63,45
GU124NT,77,38,39,24
GU124NU,107,59,48,36
GU124NW,56,23,33,21
GU124NX,14,9,5,6
GU124PA,5,2,3,4
GU124PB,111,56,55,37
GU124PD,71,32,39,27
GU124PE,15,6,9,5
GU124PF,32,17,15,13
GU124PG,49,26,23,34
GU124PH,36,22,14,18
GU124PJ,102,45,57,34
GU124PL,68,35,33,19
GU124PN,43,19,24,18
GU124PP,88,43,45,31
GU124PR,111,54,57,43
GU124PS,113,59,54,36
GU124PT,27,15,12,9
GU124PU,40,17,23,18
GU124PW,132,68,64,48
GU124PX,25,13,12,15
GU124PY,67,35,32,25
GU124PZ,60,30,30,26
GU124QA,43,20,23,21
GU124QB,47,26,21,19
GU124QD,47,24,23,18
GU124QF,85,44,41,29
GU124QG,37,18,19,15
GU124QJ,39,16,23,16
GU124QL,20,7,13,12
GU124QN,18,9,9,7
GU124QR,22,13,9,8
GU124QS,6,5,1,3
GU124QT,34,19,15,13
GU124QU,116,60,56,41
GU124QW,1,0,1,1
GU124QX,90,44,46,33
GU124QY,60,29,31,22
GU124QZ,12,6,6,7
GU124RA,42,24,18,21
GU124RB,144,68,76,51
GU124RD,120,64,56,43
GU124RE,39,23,16,16
GU124RF,74,37,37,26
GU124RH,2,1,1,1
GU124RJ,80,37,43,31
GU124RL,77,36,41,29
GU124RN,92,41,51,40
GU124RP,34,15,19,20
GU124RR,66,31,35,27
GU124RS,33,14,19,15
GU124RT,116,53,63,47
GU124RU,14,8,6,6
GU124RW,40,20,20,16
GU124RX,86,46,40,37
GU124RY,65,31,34,22
GU124RZ,36,21,15,13
GU124SA,60,34,26,25
GU124SB,106,53,53,38
GU124SD,96,50,46,49
GU124SE,108,54,54,43
GU124SF,60,29,31,25
GU124SG,146,83,63,50
GU124SH,40,22,18,23
GU124SP,13,7,6,6
GU124SQ,68,27,41,26
GU124SS,51,26,25,15
GU124ST,98,46,52,52
GU124SU,54,25,29,18
GU124SW,6,3,3,2
GU124SY,44,19,25,20
GU124SZ,23,11,12,9
GU124TA,13,9,4,7
GU124TB,15,6,9,5
GU124TG,31,13,18,9
GU124TH,25,11,14,10
GU124TJ,29,17,12,13
GU124TL,41,19,22,19
GU124TN,64,29,35,27
GU124TQ,6,2,4,2
GU124TR,86,35,51,31
GU124TS,52,26,26,20
GU124TT,14,9,5,5
GU124TW,115,53,62,42
GU124TX,1,1,0,1
GU124TY,4,2,2,2
GU124TZ,42,23,19,37
GU124UA,1,1,0,1
GU124UD,64,31,33,23
GU124UE,92,41,51,30
GU124UF,113,44,69,42
GU124UG,75,33,42,37
GU124UJ,106,52,54,46
GU124UL,27,11,16,10
GU124UN,60,30,30,31
GU124UP,37,18,19,13
GU124UQ,82,42,40,33
GU124UR,104,56,48,40
GU124UT,89,43,46,32
GU124UU,65,36,29,25
GU124UW,15,9,6,5
GU124UX,18,9,9,5
GU124UY,10,3,7,5
GU124UZ,68,37,31,27
GU124WD,11,6,5,7
GU124XA,105,53,52,39
GU124XE,39,19,20,16
GU124XF,75,32,43,27
GU124XH,17,9,8,10
GU124XY,38,19,19,18
GU124YZ,10,5,5,6
GU125AA,39,15,24,15
GU125AB,5,2,3,2
GU125AD,1,0,1,1
GU125AF,104,52,52,39
GU125AG,26,13,13,7
GU125AH,21,10,11,10
GU125AJ,20,10,10,6
GU125AL,112,49,63,44
GU125AN,95,47,48,39
GU125AP,15,8,7,10
GU125AQ,7,5,2,2
GU125AS,24,11,13,10
GU125AT,11,4,7,4
GU125AU,9,4,5,4
GU125AW,91,51,40,44
GU125AX,46,7,39,0
GU125AY,59,31,28,25
GU125AZ,38,21,17,12
GU125BB,28,13,15,12
GU125BD,58,29,29,28
GU125BE,27,16,11,11
GU125BG,19,11,8,9
GU125BH,40,23,17,18
GU125BJ,21,10,11,8
GU125BL,8,3,5,4
GU125BN,3,1,2,2
GU125BP,7,4,3,2
GU125BQ,12,8,4,5
GU125BS,21,12,9,7
GU125BT,4,2,2,3
GU125BU,6,2,4,3
GU125BW,9,5,4,4
GU125BX,5,2,3,2
GU125BY,11,6,5,4
GU125BZ,15,8,7,8
GU125DA,76,36,40,26
GU125DB,10,4,6,5
GU125DD,5,4,1,4
GU125DF,6,4,2,3
GU125DG,9,4,5,4
GU125DH,26,11,15,14
GU125DJ,26,16,10,10
GU125DL,26,13,13,9
GU125DN,64,31,33,27
GU125DP,1,0,1,1
GU125DQ,6,2,4,3
GU125DR,38,19,19,16
GU125DS,49,23,26,18
GU125DT,46,20,26,21
GU125DU,15,7,8,6
GU125DW,37,20,17,18
GU125DX,5,4,1,3
GU125DY,87,41,46,37
GU125DZ,16,9,7,8
GU125EA,18,11,7,7
GU125EB,9,4,5,4
GU125ED,47,23,24,21
GU125EE,6,3,3,3
GU125EF,27,15,12,13
GU125EG,62,30,32,35
GU125EH,64,40,24,32
GU125EJ,30,17,13,14
GU125EL,75,36,39,31
GU125EN,95,49,46,37
GU125EP,36,18,18,14
GU125EQ,24,10,14,13
GU125ER,31,17,14,13
GU125ES,26,12,14,10
GU125ET,10,5,5,5
GU125EU,4,2,2,2
GU125EW,33,16,17,13
GU125EX,29,14,15,13
GU125EY,33,16,17,16
GU125FD,11,5,6,7
GU125HA,70,36,34,28
GU125HB,5,3,2,2
GU125HD,4,2,2,1
GU125HE,6,4,2,2
GU125HF,27,14,13,14
GU125HG,70,30,40,21
GU125HH,33,16,17,15
GU125HJ,37,18,19,13
GU125HL,19,9,10,8
GU125HN,59,27,32,27
GU125HP,129,59,70,49
GU125HR,73,34,39,29
GU125HS,71,39,32,27
GU125HT,21,10,11,5
GU125HU,90,45,45,35
GU125HW,11,6,5,5
GU125HX,50,23,27,17
GU125JA,57,34,23,16
GU125JB,96,45,51,35
GU125JD,91,47,44,38
GU125JE,41,21,20,13
GU125JF,60,33,27,23
GU125JG,65,34,31,25
GU125JH,17,8,9,8
GU125JJ,74,37,37,31
GU125JL,19,10,9,11
GU125JN,16,8,8,10
GU125JP,11,5,6,6
GU125JQ,31,16,15,16
GU125JR,46,22,24,21
GU125JS,18,9,9,8
GU125JT,84,37,47,32
GU125JU,13,7,6,4
GU125JW,80,36,44,42
GU125JX,6,3,3,3
GU125JY,101,48,53,44
GU125JZ,123,57,66,51
GU125LA,46,22,24,20
GU125LB,2,2,0,0
GU125LD,4,2,2,3
GU125LE,117,57,60,44
GU125LF,35,17,18,14
GU125LG,61,27,34,29
GU125LH,39,23,16,22
GU125LJ,80,39,41,35
GU125LL,46,23,23,20
GU125LN,30,18,12,12
GU125LP,24,11,13,7
GU125LQ,67,30,37,30
GU125LR,29,14,15,12
GU125LS,93,53,40,36
GU125LT,36,22,14,11
GU125LU,17,7,10,4
GU125LW,40,21,19,13
GU125LX,62,33,29,37
GU125LY,43,23,20,19
GU125NA,10,5,5,8
GU125NB,50,23,27,17
GU125ND,73,36,37,41
GU125NE,50,19,31,23
GU125NF,66,39,27,34
GU125NG,65,30,35,37
GU125NH,2,1,1,2
GU125NJ,12,5,7,6
GU125NL,29,12,17,14
GU125NN,12,6,6,5
GU125NP,41,20,21,13
GU125NQ,46,22,24,27
GU125NR,8,3,5,4
GU125NS,14,8,6,5
GU125NT,32,19,13,11
GU125NU,14,9,5,6
GU125NW,6,3,3,2
GU125NX,9,6,3,4
GU125NY,11,5,6,6
GU125NZ,27,12,15,10
GU125PA,10,6,4,5
GU125PB,50,24,26,24
GU125PD,37,15,22,16
GU125PE,9,4,5,4
GU125PF,25,11,14,8
GU125PG,9,5,4,3
GU125PH,32,13,19,19
GU125PJ,29,16,13,13
GU125PL,82,40,42,40
GU125PN,14,7,7,7
GU125PP,32,19,13,10
GU125PR,62,27,35,22
GU125PS,20,9,11,8
GU125PT,44,24,20,18
GU125PU,20,10,10,10
GU125PW,12,7,5,6
GU125PX,18,11,7,10
GU125PY,37,18,19,15
GU125QA,2,1,1,1
GU125QB,12,7,5,8
GU125QF,21,7,14,7
GU125QH,13,6,7,10
GU125QN,106,58,48,48
GU125QP,10,6,4,6
GU125QR,35,15,20,15
GU125QS,66,29,37,36
GU125QW,114,62,52,48
GU125RH,58,27,31,19
GU125RJ,66,38,28,25
GU125RP,16,7,9,8
GU125RQ,1,0,1,0
GU125RS,21,9,12,9
GU125SA,39,16,23,18
GU125SB,66,27,39,30
GU125SD,28,15,13,12
GU125SE,157,84,73,60
GU125SF,56,26,30,17
GU125SG,50,25,25,23
GU125SH,36,20,16,16
GU125SJ,69,35,34,34
GU125SL,66,36,30,27
GU125SN,59,30,29,37
GU125SP,65,36,29,43
GU125SQ,47,22,25,17
GU125SR,91,50,41,36
GU125SS,56,29,27,29
GU125ST,162,76,86,54
GU125SU,42,24,18,19
GU125SW,81,37,44,44
GU125SX,57,29,28,33
GU126AA,37,19,18,14
GU126AB,28,16,12,13
GU126AD,37,17,20,14
GU126AE,16,10,6,7
GU126AF,38,21,17,13
GU126AG,71,29,42,32
GU126AH,63,31,32,28
GU126AJ,39,19,20,18
GU126AL,6,2,4,4
GU126AN,36,22,14,17
GU126AP,34,17,17,12
GU126AQ,61,34,27,31
GU126AR,94,41,53,35
GU126AS,60,26,34,20
GU126AT,122,64,58,45
GU126AU,80,41,39,27
GU126AW,108,56,52,41
GU126AX,47,22,25,23
GU126AY,96,46,50,34
GU126AZ,13,7,6,7
GU126BA,18,10,8,12
GU126BB,25,12,13,19
GU126BE,22,11,11,14
GU126BG,2,1,1,1
GU126BH,34,17,17,9
GU126BJ,14,5,9,4
GU126BL,1,1,0,1
GU126BN,21,11,10,13
GU126BQ,24,9,15,12
GU126BS,17,7,10,9
GU126BT,43,19,24,20
GU126BU,22,11,11,9
GU126BW,17,6,11,9
GU126BX,14,9,5,10
GU126BY,6,3,3,4
GU126BZ,8,4,4,3
GU126DA,13,7,6,5
GU126DB,13,7,6,4
GU126DD,29,15,14,15
GU126DE,11,6,5,5
GU126DF,30,16,14,12
GU126DG,28,16,12,12
GU126DJ,19,10,9,8
GU126DL,26,13,13,11
GU126DN,8,3,5,4
GU126DP,16,10,6,4
GU126DQ,15,7,8,7
GU126DR,15,10,5,11
GU126DS,13,6,7,5
GU126DT,48,24,24,17
GU126DW,14,8,6,5
GU126DX,10,4,6,4
GU126DY,13,5,8,5
GU126DZ,96,43,53,33
GU126EA,106,48,58,36
GU126EB,12,4,8,8
GU126ED,1,0,1,1
GU126EE,12,7,5,3
GU126EF,4,2,2,2
GU126EG,9,2,7,3
GU126EH,15,8,7,7
GU126EJ,2,1,1,1
GU126EL,18,8,10,5
GU126EN,17,8,9,5
GU126EP,35,16,19,13
GU126EQ,2,1,1,1
GU126ER,8,4,4,4
GU126ES,22,10,12,8
GU126EU,25,16,9,11
GU126EX,10,4,6,5
GU126EY,8,4,4,3
GU126EZ,8,2,6,4
GU126HA,12,5,7,6
GU126HB,36,19,17,14
GU126HD,17,9,8,4
GU126HE,5,4,1,4
GU126HF,8,5,3,3
GU126HG,1,0,1,1
GU126HH,15,6,9,5
GU126HJ,11,7,4,7
GU126HL,23,9,14,11
GU126HN,82,42,40,32
GU126HP,53,25,28,24
GU126HQ,4,2,2,2
GU126HR,73,36,37,31
GU126HS,12,5,7,5
GU126HT,71,37,34,33
GU126HU,29,17,12,13
GU126HW,58,30,28,21
GU126HX,36,18,18,20
GU126HY,22,13,9,6
GU126HZ,14,7,7,5
GU126JA,29,13,16,13
GU126JB,8,5,3,3
GU126JD,7,3,4,3
GU126JE,6,3,3,2
GU126JF,6,3,3,3
GU126JG,3,1,2,2
GU126JH,5,2,3,2
GU126JJ,6,3,3,2
GU126JL,6,3,3,2
GU126JN,82,42,40,26
GU126JP,25,10,15,10
GU126JQ,14,6,8,7
GU126JR,52,25,27,21
GU126JS,16,8,8,6
GU126JT,21,11,10,7
GU126JU,22,11,11,12
GU126JW,94,42,52,36
GU126JX,16,9,7,11
GU126JZ,23,12,11,9
GU126LA,33,17,16,16
GU126LB,25,10,15,12
GU126LE,48,24,24,20
GU126LF,25,11,14,12
GU126LG,42,22,20,19
GU126LH,30,12,18,22
GU126LJ,62,37,25,26
GU126LL,18,6,12,7
GU126LN,11,4,7,5
GU126LP,107,62,45,41
GU126LQ,20,10,10,8
GU126LR,38,19,19,17
GU126LS,66,26,40,39
GU126LT,23,9,14,6
GU126LU,70,38,32,27
GU126LW,34,19,15,15
GU126LX,74,36,38,28
GU126LY,59,27,32,20
GU126LZ,51,23,28,19
GU126NA,105,52,53,34
GU126NB,85,44,41,34
GU126ND,12,3,9,8
GU126NE,141,75,66,46
GU126NF,16,7,9,8
GU126NG,64,32,32,28
GU126NH,56,27,29,27
GU126NJ,109,50,59,38
GU126NL,56,30,26,21
GU126NN,56,27,29,20
GU126NP,33,13,20,12
GU126NQ,54,28,26,23
GU126NR,32,19,13,11
GU126NS,28,15,13,10
GU126NT,81,39,42,39
GU126NU,136,57,79,60
GU126NW,127,67,60,47
GU126NX,58,28,30,30
GU126NY,34,17,17,14
GU126NZ,29,15,14,12
GU126PA,21,13,8,12
GU126PB,8,4,4,2
GU126PD,47,25,22,16
GU126PE,16,6,10,6
GU126PF,16,8,8,5
GU126PG,23,10,13,9
GU126PH,15,8,7,6
GU126PJ,12,7,5,5
GU126PL,70,33,37,22
GU126PN,20,9,11,8
GU126PP,63,30,33,29
GU126PQ,50,23,27,19
GU126PR,41,23,18,18
GU126PS,82,39,43,35
GU126PT,73,39,34,29
GU126PU,115,62,53,67
GU126PW,11,6,5,3
GU126PX,108,50,58,41
GU126PY,39,19,20,18
GU126PZ,10,4,6,3
GU126QA,6,2,4,3
GU126QB,45,18,27,22
GU126QD,50,26,24,19
GU126QE,6,3,3,4
GU126QF,10,5,5,8
GU126QG,54,30,24,20
GU126QH,5,2,3,1
GU126QJ,22,12,10,8
GU126QL,40,21,19,18
GU126QN,67,32,35,24
GU126QP,17,7,10,9
GU126QR,7,5,2,3
GU126QS,111,50,61,47
GU126QT,15,9,6,4
GU126QU,76,29,47,61
GU126QW,66,34,32,23
GU126QX,59,29,30,24
GU126QY,6,3,3,4
GU126QZ,20,11,9,8
GU126RA,16,11,5,6
GU126RB,55,26,29,22
GU126RD,35,15,20,22
GU126RE,45,19,26,24
GU126RF,101,51,50,46
GU126RG,34,17,17,17
GU126RH,62,25,37,26
GU126RJ,70,34,36,26
GU126RL,12,6,6,7
GU126RN,78,41,37,34
GU126RP,115,62,53,47
GU126RQ,37,19,18,13
GU126RR,101,51,50,38
GU126RS,60,29,31,33
GU126RT,80,34,46,32
GU126RU,13,6,7,8
GU126RW,31,16,15,12
GU126RX,54,21,33,24
GU126RY,30,13,17,12
GU126RZ,59,25,34,27
GU126SA,79,42,37,30
GU126SB,38,19,19,17
GU126SD,77,38,39,34
GU126SG,27,11,16,16
GU126SH,27,13,14,11
GU126SJ,106,53,53,44
GU126SL,20,12,8,8
GU126SN,28,12,16,11
GU126SP,44,22,22,22
GU126SQ,18,10,8,7
GU126SR,36,17,19,14
GU126SS,39,19,20,17
GU126ST,69,37,32,37
GU126SU,86,42,44,26
GU126SW,75,40,35,29
GU126SX,108,57,51,32
GU126SY,64,30,34,29
GU126SZ,27,11,16,14
GU126TA,80,40,40,32
GU126TB,51,28,23,18
GU126TD,75,37,38,43
GU126TH,50,21,29,22
GU140AA,30,13,17,14
GU140AB,84,45,39,32
GU140AD,81,42,39,28
GU140AE,62,30,32,24
GU140AF,64,29,35,24
GU140AG,38,17,21,12
GU140AH,31,19,12,10
GU140AJ,77,42,35,26
GU140AL,29,15,14,10
GU140AN,19,9,10,6
GU140AP,29,11,18,9
GU140AQ,86,45,41,35
GU140AR,7,4,3,2
GU140AS,34,16,18,10
GU140AT,3,1,2,1
GU140AU,43,26,17,14
GU140AW,54,18,36,18
GU140AX,77,38,39,28
GU140AY,56,31,25,23
GU140AZ,86,40,46,36
GU140BA,42,24,18,14
GU140BB,76,32,44,31
GU140BD,29,16,13,11
GU140BE,52,24,28,20
GU140BG,24,15,9,21
GU140BH,30,13,17,10
GU140BJ,39,19,20,13
GU140BL,97,51,46,30
GU140BN,83,35,48,32
GU140BP,57,28,29,21
GU140BQ,15,6,9,7
GU140BS,71,31,40,24
GU140BT,82,36,46,33
GU140BU,49,22,27,16
GU140BW,81,38,43,26
GU140BX,67,35,32,25
GU140BY,62,26,36,21
GU140BZ,32,17,15,12
GU140DA,25,6,19,22
GU140DB,15,8,7,12
GU140DD,111,57,54,40
GU140DE,70,40,30,30
GU140DF,17,11,6,6
GU140DG,27,13,14,10
GU140DH,18,8,10,6
GU140DJ,69,35,34,24
GU140DL,78,37,41,30
GU140DN,43,20,23,14
GU140DP,133,60,73,40
GU140DQ,103,54,49,38
GU140DR,14,6,8,4
GU140DT,80,35,45,27
GU140DU,32,18,14,17
GU140DW,98,54,44,40
GU140DX,28,17,11,9
GU140DY,22,12,10,11
GU140DZ,31,12,19,14
GU140EA,51,24,27,18
GU140EB,110,52,58,46
GU140ED,29,8,21,15
GU140EE,78,36,42,28
GU140EF,10,5,5,7
GU140EH,39,22,17,18
GU140EL,17,10,7,6
GU140EN,23,13,10,10
GU140EQ,12,6,6,5
GU140ER,15,10,5,9
GU140ES,6,1,5,6
GU140ET,99,49,50,46
GU140EU,4,3,1,2
GU140EX,13,4,9,6
GU140EY,33,19,14,18
GU140EZ,25,11,14,9
GU140HA,29,16,13,12
GU140HB,20,13,7,9
GU140HD,27,15,12,10
GU140HE,39,16,23,19
GU140HF,33,13,20,14
GU140HG,19,11,8,7
GU140HJ,44,21,23,21
GU140HL,77,39,38,33
GU140HN,54,28,26,28
GU140HP,49,23,26,16
GU140HQ,58,26,32,20
GU140HR,15,7,8,8
GU140HS,15,7,8,7
GU140HT,6,3,3,3
GU140HU,45,20,25,19
GU140HW,50,29,21,22
GU140HX,44,24,20,22
GU140HY,12,4,8,4
GU140HZ,15,7,8,6
GU140JA,13,4,9,9
GU140JD,11,7,4,6
GU140JE,62,29,33,33
GU140JF,36,17,19,27
GU140JG,41,20,21,17
GU140JH,65,31,34,23
GU140JJ,37,16,21,15
GU140JL,6,2,4,4
GU140JN,39,18,21,13
GU140JP,51,24,27,24
GU140JQ,59,34,25,20
GU140JR,24,13,11,11
GU140JS,20,12,8,7
GU140JT,66,33,33,26
GU140JU,11,4,7,5
GU140JX,22,10,12,10
GU140JY,56,27,29,20
GU140JZ,48,21,27,21
GU140LA,38,19,19,14
GU140LB,34,16,18,10
GU140LD,35,17,18,12
GU140LE,76,47,29,30
GU140LF,51,24,27,23
GU140LG,48,23,25,16
GU140LJ,11,6,5,5
GU140LL,6,1,5,3
GU140LQ,54,25,29,23
GU140NA,11,6,5,2
GU140NH,19,8,11,7
GU140NL,2,1,1,1
GU140PA,34,17,17,10
GU140PB,44,21,23,20
GU140PD,53,28,25,23
GU140PE,34,18,16,13
GU140PF,56,27,29,22
GU140PG,60,30,30,29
GU140PH,54,20,34,19
GU140PJ,20,11,9,7
GU140PL,29,12,17,13
GU140PN,29,15,14,14
GU140PP,29,16,13,13
GU140PR,72,32,40,29
GU140PS,60,31,29,23
GU140PT,28,15,13,10
GU140PU,58,32,26,24
GU140PW,23,11,12,11
GU140PX,71,37,34,26
GU140PY,15,6,9,7
GU140PZ,30,15,15,9
GU140QA,16,8,8,6
GU140QB,15,7,8,5
GU140QD,145,68,77,51
GU140QG,37,19,18,14
GU140QN,96,50,46,38
GU140QP,72,36,36,27
GU140QQ,131,72,59,45
GU140QR,43,21,22,17
GU140QS,117,58,59,40
GU140QW,59,28,31,23
GU140RA,70,32,38,27
GU140RB,17,10,7,5
GU140RD,13,7,6,5
GU140RE,110,56,54,41
GU140RF,63,31,32,31
GU140RG,54,31,23,16
GU140RH,101,47,54,41
GU140RJ,90,47,43,36
GU140RL,47,24,23,16
GU140RN,20,10,10,10
GU140RP,132,67,65,51
GU140RQ,66,31,35,31
GU140RR,35,16,19,11
GU140RS,141,71,70,48
GU140RT,44,24,20,13
GU140RU,38,22,16,12
GU140RW,48,22,26,21
GU146AA,29,19,10,8
GU146AB,109,51,58,44
GU146AD,27,11,16,12
GU146AE,21,10,11,10
GU146AF,67,34,33,23
GU146AG,10,4,6,4
GU146AH,38,22,16,18
GU146AJ,49,23,26,21
GU146AL,19,11,8,13
GU146AN,6,1,5,5
GU146AP,78,43,35,38
GU146AQ,80,37,43,27
GU146AR,28,14,14,10
GU146AS,72,40,32,26
GU146AT,34,17,17,16
GU146AU,82,36,46,43
GU146AW,53,28,25,26
GU146AX,64,34,30,24
GU146AY,2,1,1,1
GU146BA,23,10,13,11
GU146BB,19,14,5,6
GU146BD,53,31,22,19
GU146BE,47,20,27,19
GU146BG,66,37,29,31
GU146BL,20,15,5,18
GU146BN,21,11,10,14
GU146BP,29,17,12,19
GU146BQ,62,39,23,25
GU146BS,22,13,9,14
GU146BT,55,24,31,32
GU146BU,7,3,4,3
GU146BW,46,21,25,25
GU146BY,19,9,10,9
GU146DA,39,25,14,19
GU146DB,9,6,3,6
GU146DD,82,52,30,35
GU146DE,25,15,10,14
GU146DF,70,48,22,41
GU146DH,31,15,16,18
GU146DL,19,8,11,10
GU146DN,21,8,13,8
GU146DP,77,39,38,27
GU146DR,69,34,35,28
GU146DS,48,22,26,22
GU146DT,31,19,12,14
GU146DU,13,10,3,3
GU146DW,49,25,24,23
GU146DX,25,13,12,11
GU146DY,70,35,35,24
GU146DZ,61,31,30,22
GU146EA,42,25,17,16
GU146EB,90,44,46,30
GU146ED,20,9,11,11
GU146EE,10,7,3,9
GU146EH,2,1,1,1
GU146EJ,33,16,17,12
GU146EN,48,20,28,19
GU146EP,33,19,14,23
GU146ER,8,5,3,6
GU146ES,70,38,32,26
GU146ET,73,46,27,42
GU146EU,17,8,9,6
GU146EW,48,31,17,30
GU146EX,4,2,2,3
GU146EY,35,15,20,18
GU146FH,18,10,8,8
GU146FJ,57,28,29,16
GU146FL,64,30,34,17
GU146FN,12,7,5,7
GU146FP,52,22,30,10
GU146GY,12,5,7,3
GU146HA,31,19,12,15
GU146HB,36,16,20,31
GU146HD,14,5,9,5
GU146HF,97,49,48,41
GU146HH,23,12,11,9
GU146HJ,74,41,33,36
GU146HL,65,39,26,33
GU146HN,34,16,18,12
GU146HP,44,21,23,17
GU146HQ,12,6,6,8
GU146HR,62,29,33,21
GU146HS,52,22,30,20
GU146HT,32,13,19,16
GU146HU,12,5,7,4
GU146HW,20,12,8,8
GU146HX,16,7,9,6
GU146HY,8,4,4,4
GU146HZ,16,9,7,9
GU146JA,2,1,1,1
GU146JB,4,2,2,2
GU146JG,24,12,12,8
GU146JH,58,30,28,24
GU146JJ,69,36,33,26
GU146JL,9,2,7,8
GU146JN,37,18,19,17
GU146JP,38,23,15,14
GU146JQ,15,7,8,10
GU146JR,35,15,20,15
GU146JS,49,26,23,19
GU146JT,48,24,24,21
GU146JW,44,22,22,19
GU146JX,14,8,6,6
GU146JY,18,9,9,6
GU146JZ,35,21,14,10
GU146LA,22,11,11,9
GU146LB,97,51,46,41
GU146LD,47,21,26,23
GU146LE,16,8,8,6
GU146LF,25,10,15,9
GU146LG,61,33,28,26
GU146LH,27,12,15,10
GU146LJ,46,24,22,19
GU146LL,26,12,14,20
GU146LN,56,31,25,22
GU146LP,26,11,15,9
GU146LQ,59,27,32,20
GU146LR,2,1,1,1
GU146LS,15,8,7,9
GU146LT,51,25,26,16
GU146LU,36,15,21,10
GU146LW,33,16,17,20
GU146LX,107,59,48,43
GU146LY,68,33,35,28
GU146LZ,69,31,38,58
GU146NA,52,22,30,13
GU146NB,45,20,25,21
GU146ND,5,3,2,3
GU146NE,66,27,39,20
GU146NF,67,33,34,24
GU146NG,64,33,31,25
GU146NH,9,3,6,4
GU146NJ,37,18,19,16
GU146NL,18,9,9,7
GU146NN,22,12,10,11
GU146NP,11,4,7,6
GU146NQ,45,19,26,19
GU146NR,34,22,12,9
GU146NS,27,11,16,8
GU146NT,3,1,2,2
GU146NU,84,39,45,33
GU146NW,16,7,9,5
GU146NX,101,47,54,36
GU146NY,71,31,40,22
GU146NZ,47,25,22,11
GU146PB,87,40,47,33
GU146PD,56,29,27,18
GU146PE,22,11,11,9
GU146PF,4,1,3,2
GU146PG,30,12,18,9
GU146PH,5,3,2,3
GU146PJ,34,21,13,12
GU146PL,25,12,13,11
GU146PN,27,10,17,11
GU146PP,7,4,3,4
GU146PQ,18,10,8,7
GU146PR,139,59,80,29
GU146PS,63,35,28,25
GU146PT,23,10,13,9
GU146PU,22,11,11,10
GU146PW,12,6,6,3
GU146PX,27,10,17,12
GU146PY,8,5,3,6
GU146PZ,37,13,24,33
GU146QA,45,22,23,20
GU146QB,4,1,3,3
GU146QD,8,6,2,4
GU146QE,5,2,3,1
GU146QF,23,13,10,9
GU146QG,55,34,21,24
GU146QH,54,19,35,11
GU146QJ,58,25,33,25
GU146QL,11,5,6,4
GU146QN,116,42,74,22
GU146QP,35,14,21,13
GU146QQ,27,13,14,11
GU146QR,49,24,25,18
GU146QS,111,59,52,42
GU146QT,57,25,32,24
GU146QU,9,5,4,3
GU146QW,27,14,13,10
GU146QX,44,23,21,17
GU146QY,57,33,24,20
GU146QZ,37,18,19,18
GU146RA,56,27,29,30
GU146RB,18,10,8,8
GU146RD,33,9,24,28
GU146RE,78,39,39,28
GU146RF,78,39,39,23
GU146RG,22,11,11,8
GU146RH,36,15,21,25
GU146RJ,15,7,8,6
GU146RL,18,8,10,6
GU146RN,33,16,17,11
GU146RP,29,13,16,13
GU146RQ,55,26,29,20
GU146RR,16,8,8,7
GU146RS,16,6,10,9
GU146RT,44,20,24,15
GU146RU,16,9,7,9
GU146RW,86,51,35,33
GU146RX,13,7,6,5
GU146RY,23,11,12,8
GU146RZ,16,9,7,7
GU146SA,4,1,3,1
GU146SD,18,9,9,9
GU146SE,50,27,23,30
GU146SF,15,7,8,8
GU146SG,22,9,13,7
GU146SH,69,32,37,24
GU146SJ,40,21,19,17
GU146SL,73,32,41,14
GU146SN,10,3,7,4
GU146SP,16,12,4,4
GU146SQ,11,6,5,4
GU146SR,45,23,22,16
GU146SS,12,5,7,7
GU146ST,25,15,10,10
GU146SU,31,14,17,27
GU146SW,8,4,4,3
GU146TB,81,40,41,32
GU146TE,58,21,37,43
GU146TG,25,12,13,7
GU146TH,16,14,2,6
GU146TJ,17,10,7,10
GU146TL,28,19,9,5
GU146TN,21,13,8,6
GU146TR,100,45,55,35
GU146TS,139,74,65,56
GU146TT,54,29,25,22
GU146TU,1,0,1,1
GU146TX,12,7,5,7
GU146TY,60,27,33,25
GU146TZ,34,14,20,20
GU146UA,29,15,14,8
GU146UB,6,4,2,3
GU146UG,24,15,9,8
GU146UQ,37,18,19,16
GU146UT,32,11,21,30
GU146UZ,18,13,5,11
GU146XN,3,2,1,1
GU146XR,2,1,1,1
GU147AA,11,7,4,3
GU147AB,45,19,26,13
GU147AD,39,23,16,15
GU147AE,36,20,16,16
GU147AF,17,10,7,7
GU147AG,81,40,41,25
GU147AH,13,6,7,5
GU147AJ,71,38,33,28
GU147AL,32,14,18,10
GU147AN,19,10,9,9
GU147AP,30,14,16,12
GU147AQ,11,5,6,6
GU147AR,57,30,27,17
GU147AS,36,16,20,14
GU147AT,45,23,22,20
GU147AU,34,17,17,13
GU147AX,59,30,29,22
GU147AY,31,11,20,10
GU147AZ,26,5,21,22
GU147BA,12,6,6,5
GU147BE,22,12,10,10
GU147BG,32,12,20,13
GU147BH,28,12,16,7
GU147BJ,14,9,5,4
GU147BL,18,9,9,9
GU147BN,10,5,5,5
GU147BP,12,5,7,6
GU147BQ,40,21,19,16
GU147BS,40,15,25,15
GU147BT,28,16,12,11
GU147BU,25,11,14,8
GU147BW,42,18,24,14
GU147BX,47,27,20,18
GU147BY,18,6,12,8
GU147BZ,8,5,3,4
GU147DA,56,30,26,24
GU147DB,77,36,41,34
GU147DD,65,30,35,26
GU147DE,29,14,15,11
GU147DF,51,28,23,22
GU147DG,6,4,2,1
GU147DH,22,10,12,10
GU147DJ,29,12,17,20
GU147DN,50,25,25,18
GU147DP,2,1,1,1
GU147DQ,43,23,20,14
GU147DR,56,31,25,21
GU147DS,19,6,13,8
GU147DT,35,13,22,16
GU147DU,37,17,20,12
GU147DW,88,45,43,26
GU147DX,166,80,86,57
GU147DY,37,15,22,15
GU147DZ,57,25,32,26
GU147EA,20,8,12,8
GU147EB,39,22,17,17
GU147ED,54,25,29,20
GU147EE,69,30,39,24
GU147EF,30,13,17,11
GU147EG,101,47,54,38
GU147EH,34,18,16,13
GU147EJ,40,21,19,15
GU147EL,48,24,24,19
GU147EN,40,23,17,13
GU147EP,46,29,17,26
GU147EQ,91,47,44,35
GU147ER,14,7,7,5
GU147ES,61,22,39,27
GU147ET,9,4,5,4
GU147EU,59,26,33,23
GU147EW,31,15,16,12
GU147EX,43,22,21,17
GU147EY,45,20,25,22
GU147EZ,47,22,25,20
GU147FT,95,53,42,58
GU147FX,51,19,32,22
GU147FY,59,30,29,18
GU147FZ,57,28,29,27
GU147GA,14,5,9,9
GU147GB,115,61,54,62
GU147GD,89,49,40,51
GU147GE,94,50,44,56
GU147GF,48,24,24,16
GU147GG,71,38,33,23
GU147GH,7,4,3,3
GU147GJ,52,26,26,18
GU147GP,90,52,38,56
GU147GR,21,10,11,12
GU147GX,2,2,0,1
GU147HA,47,23,24,19
GU147HB,77,38,39,31
GU147HD,26,13,13,8
GU147HE,2,1,1,2
GU147HF,65,32,33,25
GU147HG,42,19,23,14
GU147HH,39,21,18,13
GU147HJ,88,43,45,30
GU147HL,66,35,31,27
GU147HQ,15,4,11,6
GU147HR,62,31,31,41
GU147HS,63,27,36,30
GU147HT,92,52,40,27
GU147HU,21,7,14,9
GU147HX,50,26,24,17
GU147HY,56,24,32,19
GU147HZ,26,15,11,11
GU147JA,67,35,32,22
GU147JH,38,18,20,15
GU147JJ,54,26,28,18
GU147JL,31,16,15,11
GU147JQ,5,3,2,4
GU147LH,27,15,12,14
GU147LJ,65,31,34,34
GU147LL,69,40,29,36
GU147LQ,9,5,4,6
GU147LZ,3,2,1,1
GU147NE,22,11,11,11
GU147NF,29,17,12,15
GU147NH,73,44,29,35
GU147NP,54,31,23,29
GU147NQ,8,8,0,0
GU147NS,53,16,37,41
GU147NT,11,6,5,3
GU147NW,27,9,18,23
GU147NY,9,5,4,4
GU147PB,40,10,30,32
GU147PH,3,2,1,2
GU147PL,3,2,1,1
GU147PN,27,15,12,10
GU147PP,88,42,46,32
GU147PR,59,29,30,27
GU147PS,50,28,22,17
GU147PT,8,3,5,5
GU147PU,90,47,43,40
GU147PX,26,10,16,10
GU147PY,103,48,55,41
GU147PZ,10,6,4,4
GU147QA,12,6,6,5
GU147QB,80,38,42,32
GU147QD,16,8,8,6
GU147QG,58,24,34,27
GU147QU,1,1,0,1
GU147QY,35,21,14,16
GU147QZ,24,11,13,14
GU147RA,24,14,10,12
GU147RB,63,32,31,27
GU147RD,55,27,28,25
GU147RE,27,15,12,4
GU147RH,7,4,3,3
GU147RT,5,3,2,3
GU147RW,5,2,3,3
GU147SA,25,10,15,9
GU147SG,26,9,17,11
GU147SS,2,1,1,1
GU147SU,37,21,16,23
GU147TB,46,24,22,24
GU147TJ,51,28,23,24
GU147UA,37,19,18,19
GU147UH,7,4,3,4
GU148AA,107,51,56,41
GU148AB,76,35,41,31
GU148AD,50,29,21,20
GU148AE,44,22,22,20
GU148AF,40,19,21,15
GU148AG,41,18,23,16
GU148AH,38,17,21,13
GU148AJ,38,23,15,13
GU148AL,62,34,28,23
GU148AQ,2,1,1,1
GU148AR,85,39,46,25
GU148AS,5,2,3,2
GU148AT,1,1,0,1
GU148AU,12,5,7,4
GU148AW,12,6,6,10
GU148AX,15,7,8,6
GU148AY,58,30,28,25
GU148AZ,3,2,1,1
GU148BA,50,25,25,22
GU148BB,15,7,8,8
GU148BE,13,5,8,6
GU148BF,35,15,20,14
GU148BG,69,38,31,27
GU148BH,109,48,61,37
GU148BJ,65,33,32,24
GU148BN,153,78,75,61
GU148BP,85,47,38,32
GU148BQ,26,15,11,12
GU148BS,18,9,9,6
GU148BT,93,45,48,33
GU148BU,15,11,4,6
GU148BW,63,32,31,27
GU148BX,32,13,19,14
GU148BY,45,23,22,17
GU148BZ,8,4,4,4
GU148DA,7,3,4,3
GU148DB,24,14,10,11
GU148DD,12,6,6,5
GU148DE,19,12,7,10
GU148DF,14,6,8,6
GU148DG,45,22,23,15
GU148DH,56,27,29,21
GU148DJ,58,29,29,25
GU148DL,45,24,21,18
GU148DN,61,31,30,28
GU148DP,51,24,27,12
GU148DQ,44,18,26,15
GU148DR,30,16,14,8
GU148DS,100,53,47,31
GU148DT,52,25,27,16
GU148DU,120,67,53,32
GU148DW,57,23,34,24
GU148DX,120,66,54,45
GU148DY,88,50,38,28
GU148DZ,40,18,22,12
GU148EA,58,35,23,16
GU148EB,61,30,31,18
GU148ED,20,11,9,5
GU148EE,30,18,12,11
GU148EF,41,20,21,12
GU148EG,17,7,10,6
GU148EH,2,1,1,2
GU148EL,137,66,71,44
GU148EN,49,21,28,17
GU148EP,47,21,26,20
GU148ER,32,18,14,13
GU148ES,38,16,22,16
GU148ET,57,23,34,21
GU148EU,22,11,11,8
GU148EW,76,35,41,29
GU148EX,103,47,56,34
GU148EY,122,57,65,37
GU148EZ,74,40,34,25
GU148HA,30,12,18,12
GU148HB,42,26,16,11
GU148HD,36,15,21,10
GU148HE,51,23,28,12
GU148HF,27,10,17,10
GU148HG,47,24,23,20
GU148HH,60,31,29,15
GU148HJ,51,28,23,17
GU148HL,77,42,35,22
GU148HN,28,12,16,9
GU148HP,67,26,41,59
GU148HQ,71,35,36,22
GU148HR,5,2,3,2
GU148HS,19,9,10,4
GU148HT,89,46,43,26
GU148HU,48,26,22,32
GU148HW,38,18,20,9
GU148HZ,7,3,4,4
GU148JA,81,44,37,17
GU148JB,38,16,22,12
GU148JD,28,14,14,11
GU148JF,34,17,17,12
GU148JH,35,19,16,12
GU148JJ,63,29,34,20
GU148JL,41,18,23,14
GU148JN,87,47,40,25
GU148JP,146,75,71,50
GU148JQ,11,5,6,8
GU148JR,155,73,82,42
GU148JS,31,15,16,12
GU148JT,95,50,45,33
GU148JU,59,32,27,20
GU148JW,94,40,54,48
GU148JY,50,25,25,18
GU148JZ,54,30,24,24
GU148LA,51,21,30,27
GU148LB,18,5,13,10
GU148LD,82,45,37,31
GU148LE,116,47,69,40
GU148LF,106,49,57,37
GU148LG,66,35,31,24
GU148LH,41,17,24,12
GU148LJ,164,92,72,38
GU148LL,168,78,90,53
GU148LN,86,37,49,38
GU148LP,144,71,73,53
GU148LQ,120,54,66,43
GU148LR,96,48,48,43
GU148LS,24,11,13,7
GU148LT,63,24,39,44
GU148LU,48,27,21,13
GU148LW,52,23,29,28
GU148LX,42,21,21,18
GU148LY,35,19,16,14
GU148LZ,46,19,27,19
GU148NA,2,1,1,1
GU148NB,9,4,5,5
GU148ND,61,29,32,20
GU148NE,51,25,26,24
GU148NF,73,38,35,23
GU148NG,32,14,18,10
GU148NH,7,4,3,3
GU148NJ,38,19,19,16
GU148NL,49,25,24,16
GU148NN,61,31,30,26
GU148NP,64,38,26,21
GU148NQ,26,14,12,11
GU148NR,113,59,54,43
GU148NS,30,18,12,13
GU148NT,4,3,1,3
GU148NU,19,9,10,7
GU148NX,18,11,7,6
GU148NY,62,31,31,22
GU148NZ,97,46,51,47
GU148PA,81,37,44,40
GU148PB,81,36,45,31
GU148PD,23,10,13,10
GU148PE,45,23,22,14
GU148PF,11,7,4,6
GU148PG,57,28,29,26
GU148PH,82,44,38,43
GU148PJ,28,14,14,16
GU148PL,136,69,67,46
GU148PN,56,29,27,28
GU148PP,53,23,30,32
GU148PQ,102,46,56,47
GU148PR,8,5,3,4
GU148PS,6,3,3,2
GU148PT,39,18,21,19
GU148PU,84,47,37,38
GU148PW,28,13,15,16
GU148PX,25,15,10,11
GU148PY,74,42,32,31
GU148PZ,46,20,26,22
GU148QA,25,13,12,12
GU148QB,46,22,24,19
GU148QD,103,51,52,44
GU148QE,91,46,45,26
GU148QF,125,56,69,41
GU148QG,46,22,24,22
GU148QH,69,37,32,26
GU148QJ,34,18,16,12
GU148QL,105,56,49,39
GU148QN,28,14,14,12
GU148QP,50,24,26,20
GU148QR,96,49,47,35
GU148QS,36,18,18,17
GU148QT,122,59,63,45
GU148QU,50,22,28,25
GU148QW,41,19,22,17
GU148QX,49,28,21,17
GU148QY,52,25,27,22
GU148QZ,38,19,19,12
GU148RA,5,3,2,4
GU148RB,45,23,22,22
GU148RE,14,6,8,5
GU148RF,80,32,48,35
GU148RG,61,28,33,30
GU148RH,60,32,28,24
GU148RJ,31,15,16,13
GU148RL,69,33,36,30
GU148RN,22,10,12,10
GU148RQ,54,25,29,27
GU148RS,78,41,37,30
GU148RT,51,24,27,25
GU148RU,69,32,37,29
GU148RW,81,38,43,34
GU148RX,115,53,62,38
GU148RY,70,34,36,26
GU148RZ,136,67,69,46
GU148SA,73,35,38,27
GU148SB,124,55,69,44
GU148SD,87,44,43,33
GU148SE,47,19,28,22
GU148SF,59,30,29,21
GU148SG,37,20,17,14
GU148SH,53,26,27,21
GU148SJ,101,41,60,37
GU148SL,22,13,9,6
GU148SN,148,73,75,45
GU148SP,133,63,70,47
GU148SQ,48,18,30,16
GU148SR,97,46,51,41
GU148ST,7,5,2,2
GU148SU,131,70,61,39
GU148SW,89,44,45,29
GU148SX,112,52,60,37
GU148SY,47,24,23,18
GU148SZ,110,53,57,36
GU148TA,91,51,40,30
GU148TB,137,63,74,36
GU148TD,132,62,70,32
GU148TE,122,65,57,36
GU148TF,100,45,55,31
GU148TG,74,31,43,27
GU148TH,150,67,83,56
GU148TJ,138,65,73,53
GU148TL,76,31,45,34
GU148TN,93,54,39,41
GU148TP,99,47,52,27
GU148TQ,140,60,80,44
GU148TR,108,52,56,30
GU148TS,82,41,41,48
GU148TT,193,90,103,56
GU148TU,33,13,20,23
GU148TW,112,58,54,31
GU148TX,62,30,32,38
GU148TY,140,68,72,46
GU148TZ,147,53,94,49
GU148UA,104,57,47,29
GU148UB,30,13,17,16
GU148UE,31,17,14,9
GU148UF,32,16,16,9
GU148UG,30,13,17,11
GU148UH,35,13,22,10
GU148UJ,36,17,19,10
GU148UL,84,42,42,34
GU148UN,33,18,15,12
GU148UQ,23,12,11,9
GU148US,12,5,7,6
GU148UT,96,51,45,63
GU148UU,74,33,41,29
GU148UW,40,21,19,16
GU148XA,59,26,33,16
GU148XD,35,15,20,16
GU148XE,22,9,13,8
GU148XF,9,1,8,6
GU148XG,11,6,5,3
GU148XH,26,15,11,7
GU148XJ,66,28,38,20
GU148XQ,163,82,81,52
GU148YB,13,6,7,6
GU148YD,9,3,6,4
GU149AA,6,3,3,4
GU149AB,11,4,7,4
GU149AD,67,32,35,25
GU149AE,69,34,35,23
GU149AF,128,67,61,37
GU149AG,94,42,52,34
GU149AH,32,13,19,13
GU149AJ,50,27,23,19
GU149AL,20,9,11,8
GU149AN,18,7,11,8
GU149AP,64,30,34,32
GU149AQ,73,37,36,27
GU149AR,31,13,18,16
GU149AS,82,42,40,32
GU149AT,35,14,21,11
GU149AU,129,62,67,41
GU149AW,71,30,41,32
GU149AZ,51,24,27,38
GU149BA,40,26,14,29
GU149BB,36,17,19,11
GU149BD,15,9,6,6
GU149BE,40,19,21,20
GU149BG,76,41,35,31
GU149BH,50,25,25,21
GU149BJ,38,22,16,18
GU149BL,19,12,7,6
GU149BN,22,8,14,9
GU149BP,18,9,9,7
GU149BQ,26,10,16,12
GU149BS,23,10,13,17
GU149BT,19,7,12,8
GU149BU,32,21,11,10
GU149BW,28,9,19,12
GU149BX,69,31,38,22
GU149BZ,22,12,10,9
GU149DA,128,52,76,54
GU149DB,141,62,79,48
GU149DD,105,48,57,42
GU149DE,38,13,25,12
GU149DF,66,33,33,22
GU149DG,62,27,35,22
GU149DH,16,8,8,7
GU149DJ,106,46,60,46
GU149DL,13,6,7,4
GU149DN,32,13,19,10
GU149DP,44,23,21,14
GU149DQ,21,12,9,8
GU149DR,43,20,23,18
GU149DS,37,19,18,14
GU149DT,82,42,40,32
GU149DU,84,41,43,31
GU149DW,13,8,5,4
GU149DX,11,5,6,5
GU149DY,72,39,33,23
GU149DZ,29,16,13,10
GU149EA,107,53,54,36
GU149EB,101,47,54,30
GU149ED,32,18,14,15
GU149EE,98,50,48,46
GU149EF,46,24,22,16
GU149EG,59,29,30,25
GU149EH,31,15,16,20
GU149EJ,48,24,24,22
GU149EL,16,9,7,6
GU149EN,54,22,32,20
GU149EP,35,19,16,16
GU149EQ,15,7,8,5
GU149ET,138,70,68,44
GU149EU,59,26,33,26
GU149EW,39,22,17,16
GU149EX,20,10,10,12
GU149EY,24,11,13,10
GU149EZ,64,33,31,25
GU149FB,18,9,9,10
GU149FD,23,8,15,10
GU149FE,103,52,51,28
GU149FF,69,35,34,25
GU149FG,18,7,11,5
GU149FH,11,8,3,2
GU149FJ,12,7,5,6
GU149FL,32,16,16,20
GU149FN,35,14,21,14
GU149FP,102,48,54,37
GU149FQ,72,36,36,29
GU149FR,17,6,11,5
GU149GQ,12,7,5,4
GU149GU,47,25,22,15
GU149GW,8,3,5,3
GU149GX,36,16,20,12
GU149GY,28,17,11,13
GU149GZ,74,34,40,20
GU149HA,87,41,46,31
GU149HB,32,18,14,14
GU149HD,50,22,28,15
GU149HE,87,45,42,30
GU149HF,62,37,25,20
GU149HG,31,16,15,15
GU149HH,78,38,40,32
GU149HJ,82,41,41,29
GU149HL,39,21,18,13
GU149HN,33,15,18,12
GU149HP,64,32,32,24
GU149HQ,35,18,17,12
GU149HR,5,3,2,2
GU149HS,77,37,40,26
GU149HT,32,17,15,12
GU149HU,26,13,13,10
GU149HW,29,17,12,12
GU149HX,38,22,16,14
GU149HY,36,17,19,12
GU149HZ,30,14,16,12
GU149JA,137,72,65,50
GU149JB,91,48,43,35
GU149JD,28,16,12,10
GU149JE,6,3,3,2
GU149JF,60,34,26,21
GU149JG,107,47,60,43
GU149JH,53,24,29,21
GU149JJ,65,32,33,30
GU149JL,78,44,34,26
GU149JN,101,48,53,34
GU149JP,25,13,12,13
GU149JQ,79,49,30,48
GU149JR,140,70,70,53
GU149JS,88,46,42,33
GU149JT,92,46,46,40
GU149JU,118,60,58,49
GU149JW,84,40,44,33
GU149JX,8,4,4,2
GU149JY,40,19,21,30
GU149LA,80,38,42,29
GU149LB,109,53,56,36
GU149LD,84,45,39,33
GU149LE,140,61,79,47
GU149LF,118,64,54,40
GU149LG,138,70,68,49
GU149LH,87,43,44,29
GU149LJ,122,61,61,44
GU149LL,78,42,36,53
GU149LN,91,45,46,35
GU149LP,148,72,76,45
GU149LQ,83,45,38,31
GU149LR,108,56,52,33
GU149LS,25,9,16,13
GU149LT,9,4,5,4
GU149LU,83,44,39,26
GU149LW,33,14,19,12
GU149LX,41,18,23,11
GU149LZ,20,11,9,7
GU149NA,41,22,19,16
GU149NB,75,40,35,25
GU149ND,76,31,45,28
GU149NE,58,25,33,20
GU149NF,41,17,24,15
GU149NG,10,5,5,4
GU149NH,59,33,26,18
GU149NJ,46,23,23,20
GU149NL,25,12,13,10
GU149NN,48,24,24,17
GU149NP,57,29,28,16
GU149NQ,35,16,19,14
GU149NR,31,16,15,11
GU149NS,6,4,2,2
GU149NT,36,17,19,14
GU149NU,31,16,15,9
GU149NW,42,22,20,14
GU149NX,49,23,26,16
GU149NY,33,19,14,14
GU149NZ,38,20,18,13
GU149PA,57,29,28,16
GU149PB,58,32,26,24
GU149PD,29,14,15,10
GU149PE,47,21,26,23
GU149PF,55,31,24,34
GU149PG,36,16,20,15
GU149PH,89,47,42,34
GU149PJ,52,31,21,17
GU149PL,52,29,23,19
GU149PN,14,5,9,9
GU149PP,75,38,37,26
GU149PQ,31,16,15,19
GU149PR,31,17,14,16
GU149PS,28,17,11,8
GU149PT,20,11,9,6
GU149PU,83,49,34,24
GU149PW,66,33,33,24
GU149PX,33,16,17,14
GU149PY,55,28,27,20
GU149PZ,101,53,48,34
GU149QA,76,33,43,23
GU149QB,41,19,22,16
GU149QD,50,24,26,16
GU149QE,26,11,15,9
GU149QF,85,39,46,29
GU149QH,114,55,59,51
GU149QJ,36,18,18,18
GU149QL,64,34,30,25
GU149QN,23,16,7,9
GU149QP,16,9,7,7
GU149QQ,38,16,22,13
GU149QR,27,15,12,10
GU149QS,27,13,14,9
GU149QT,107,51,56,41
GU149QU,10,3,7,4
GU149QW,40,19,21,15
GU149QX,132,62,70,65
GU149QY,14,7,7,7
GU149RA,98,49,49,39
GU149RB,64,32,32,27
GU149RD,16,9,7,8
GU149RE,78,37,41,29
GU149RF,59,28,31,18
GU149RG,46,22,24,20
GU149RH,29,16,13,9
GU149RJ,46,20,26,23
GU149RL,23,13,10,8
GU149RN,24,11,13,9
GU149RP,113,55,58,38
GU149RQ,24,14,10,8
GU149RR,18,9,9,6
GU149RS,55,30,25,20
GU149RT,24,13,11,9
GU149RU,4,3,1,1
GU149RW,46,12,34,42
GU149RX,32,18,14,12
GU149RY,46,23,23,18
GU149RZ,39,19,20,15
GU149SA,59,30,29,22
GU149SB,1,1,0,1
GU149SD,18,10,8,7
GU149SE,45,19,26,21
GU149SF,48,25,23,19
GU149SG,103,43,60,50
GU149SH,29,15,14,12
GU149SJ,74,33,41,49
GU149SL,75,39,36,26
GU149SN,31,13,18,12
GU149SP,19,8,11,9
GU149SQ,21,12,9,11
GU149SR,75,36,39,24
GU149SS,25,13,12,8
GU149ST,6,3,3,2
GU149SU,56,27,29,20
GU149SW,98,46,52,28
GU149SX,79,43,36,27
GU149SZ,67,36,31,18
GU149TA,22,7,15,10
GU149TB,26,11,15,10
GU149TD,20,8,12,16
GU149TE,9,4,5,4
GU149TF,40,22,18,28
GU149TG,97,42,55,43
GU149TH,40,20,20,24
GU149TN,50,29,21,18
GU149TP,36,19,17,13
GU149TQ,101,46,55,34
GU149TR,21,9,12,10
GU149TS,36,21,15,14
GU149TT,15,5,10,8
GU149TU,16,8,8,6
GU149TW,102,51,51,37
GU149TX,10,5,5,4
GU149TY,22,12,10,12
GU149TZ,37,17,20,12
GU149UB,17,10,7,4
GU149UD,51,19,32,18
GU149UE,22,11,11,8
GU149UF,23,9,14,8
GU149UH,36,17,19,16
GU149UL,88,41,47,23
GU149UP,93,47,46,37
GU149UQ,77,30,47,26
GU149UR,157,73,84,61
GU149US,65,32,33,24
GU149UT,40,17,23,14
GU149UW,39,20,19,22
GU149UX,56,24,32,27
GU149UY,31,14,17,20
GU149UZ,24,13,11,22
GU149XA,118,64,54,58
GU149XB,52,27,25,17
GU149XD,73,36,37,22
GU149XE,41,19,22,18
GU149XF,19,10,9,10
GU149XG,30,15,15,14
GU149XP,7,4,3,3
GU149XQ,30,13,17,14
GU149XT,58,28,30,23
GU149XU,156,74,82,58
GU149XX,78,36,42,28
GU149XY,50,24,26,21
GU149XZ,130,71,59,50
GU149YA,147,72,75,58
GU149YB,89,45,44,28
GU149YD,65,30,35,26
GU149YE,21,9,12,10
GU149YF,25,10,15,14
GU151AA,16,7,9,8
GU151AB,100,56,44,37
GU151AD,31,17,14,11
GU151AE,67,24,43,15
GU151AF,41,21,20,16
GU151AG,24,15,9,10
GU151AH,41,19,22,12
GU151AJ,24,14,10,9
GU151AL,102,43,59,35
GU151AN,13,7,6,5
GU151AP,28,14,14,9
GU151AQ,29,14,15,11
GU151AS,100,53,47,38
GU151AT,49,24,25,18
GU151AU,31,16,15,12
GU151AX,23,12,11,12
GU151AZ,42,18,24,15
GU151BA,15,9,6,6
GU151BB,51,29,22,17
GU151BD,53,23,30,18
GU151BE,55,26,29,25
GU151BF,31,14,17,11
GU151BG,38,19,19,14
GU151BH,27,15,12,13
GU151BJ,37,19,18,15
GU151BL,40,18,22,18
GU151BN,100,44,56,40
GU151BP,25,14,11,8
GU151BQ,31,12,19,11
GU151BS,33,19,14,13
GU151BT,54,28,26,18
GU151BW,13,7,6,6
GU151BY,19,8,11,12
GU151DA,18,9,9,6
GU151DB,30,19,11,11
GU151DD,24,14,10,10
GU151DE,48,26,22,15
GU151DF,12,6,6,5
GU151DG,29,13,16,11
GU151DH,27,14,13,11
GU151DJ,49,25,24,19
GU151DL,97,47,50,37
GU151DN,32,13,19,16
GU151DP,99,52,47,37
GU151DR,22,9,13,7
GU151DS,39,22,17,13
GU151DT,12,7,5,5
GU151DU,14,7,7,5
GU151DW,82,43,39,32
GU151DY,22,10,12,7
GU151DZ,8,5,3,2
GU151EA,22,10,12,9
GU151EB,36,23,13,12
GU151ED,35,18,17,14
GU151EE,41,21,20,15
GU151EF,59,30,29,25
GU151EG,76,44,32,34
GU151EH,73,37,36,24
GU151EJ,35,17,18,11
GU151EL,26,15,11,17
GU151EN,19,9,10,7
GU151EP,14,7,7,4
GU151EQ,91,44,47,30
GU151ER,40,20,20,14
GU151ES,30,14,16,12
GU151ET,23,9,14,9
GU151EU,9,3,6,3
GU151EW,26,14,12,10
GU151EX,104,51,53,44
GU151EZ,17,9,8,5
GU151FB,24,14,10,14
GU151HA,12,5,7,5
GU151HB,47,27,20,16
GU151HD,55,25,30,21
GU151HE,11,6,5,4
GU151HF,51,29,22,18
GU151HG,152,76,76,59
GU151HH,49,22,27,21
GU151HJ,16,7,9,6
GU151HL,59,31,28,20
GU151HN,20,11,9,10
GU151HP,94,46,48,36
GU151HQ,22,9,13,12
GU151HR,5,3,2,2
GU151HS,14,9,5,3
GU151HT,13,5,8,4
GU151HU,111,54,57,37
GU151HW,112,58,54,35
GU151HX,66,28,38,21
GU151HY,59,35,24,18
GU151HZ,45,20,25,20
GU151JA,41,19,22,22
GU151JB,12,8,4,4
GU151JD,25,11,14,11
GU151JF,36,18,18,10
GU151JG,64,31,33,27
GU151JH,6,3,3,3
GU151JJ,102,49,53,34
GU151JL,9,6,3,3
GU151JN,56,27,29,29
GU151JP,17,8,9,6
GU151JR,76,38,38,30
GU151JS,34,20,14,13
GU151JT,51,22,29,17
GU151JU,28,13,15,8
GU151JW,7,3,4,3
GU151JX,42,20,22,20
GU151JY,37,19,18,15
GU151JZ,92,46,46,34
GU151LA,40,22,18,18
GU151LB,36,18,18,10
GU151LD,73,27,46,6
GU151LE,30,14,16,9
GU151LF,82,36,46,33
GU151LG,82,39,43,32
GU151LH,34,19,15,9
GU151LJ,43,20,23,19
GU151LL,5,3,2,2
GU151LN,29,16,13,9
GU151LQ,21,11,10,13
GU151LR,24,12,12,9
GU151LS,22,9,13,9
GU151LT,19,10,9,6
GU151LU,35,14,21,16
GU151LW,77,36,41,23
GU151LX,16,7,9,7
GU151LY,86,43,43,29
GU151LZ,84,45,39,30
GU151NA,40,23,17,12
GU151NB,51,26,25,15
GU151NE,13,5,8,5
GU151NF,55,26,29,18
GU151NH,113,57,56,42
GU151NJ,112,56,56,50
GU151NN,36,17,19,11
GU151NP,61,28,33,18
GU151NQ,24,13,11,8
GU151NR,32,15,17,14
GU151NS,58,25,33,23
GU151NT,30,15,15,12
GU151NU,20,12,8,7
GU151NW,21,11,10,7
GU151NX,113,52,61,37
GU151NY,81,41,40,29
GU151NZ,21,10,11,8
GU151PA,32,16,16,11
GU151PB,46,25,21,15
GU151PD,22,10,12,10
GU151PE,32,17,15,13
GU151PF,31,15,16,10
GU151PG,59,29,30,24
GU151PJ,31,15,16,14
GU151PL,90,48,42,28
GU151PN,65,36,29,22
GU151PP,15,8,7,6
GU151PR,99,46,53,36
GU151PS,72,37,35,28
GU151PT,112,51,61,39
GU151PU,62,33,29,22
GU151PW,17,7,10,6
GU151PX,29,12,17,8
GU151PY,80,37,43,25
GU151PZ,49,21,28,19
GU151QB,3,1,2,2
GU151QE,17,8,9,6
GU151QF,26,12,14,10
GU151QG,44,20,24,20
GU151QH,14,6,8,7
GU151QJ,24,12,12,8
GU151QL,3,1,2,2
GU151QN,52,25,27,20
GU151QP,45,22,23,17
GU151QQ,68,31,37,24
GU151QR,28,12,16,10
GU151QS,71,35,36,34
GU151QT,58,28,30,25
GU151QU,42,22,20,17
GU151QW,138,61,77,44
GU151QX,14,7,7,7
GU151QY,27,16,11,12
GU151QZ,37,18,19,15
GU151RB,124,64,60,45
GU151RD,177,86,91,68
GU151RE,54,23,31,22
GU151RF,36,21,15,11
GU151RG,53,25,28,20
GU151RH,85,35,50,37
GU151RJ,44,23,21,16
GU151RL,73,35,38,24
GU151RN,50,26,24,21
GU151RP,66,35,31,24
GU151RQ,36,20,16,16
GU151RR,49,24,25,19
GU151RS,85,38,47,32
GU151RT,30,15,15,14
GU151RU,53,22,31,19
GU151RW,51,25,26,18
GU151RY,37,19,18,16
GU151RZ,20,11,9,8
GU151SA,33,16,17,15
GU151SB,77,36,41,28
GU151SD,52,24,28,21
GU151SE,36,14,22,16
GU151SF,37,17,20,14
GU151SG,16,8,8,6
GU151SH,85,43,42,38
GU151SJ,63,28,35,22
GU151SL,13,6,7,5
GU151SN,101,51,50,39
GU151SP,97,47,50,37
GU151SQ,55,27,28,23
GU151SR,52,24,28,20
GU151SS,37,14,23,28
GU151ST,72,34,38,35
GU151SW,14,7,7,6
GU151SX,16,6,10,5
GU152AA,30,13,17,11
GU152AB,32,17,15,12
GU152AD,38,21,17,13
GU152AE,113,58,55,52
GU152AG,20,11,9,9
GU152AH,5,2,3,3
GU152AJ,64,36,28,19
GU152AL,47,23,24,14
GU152AN,75,40,35,32
GU152AP,17,8,9,6
GU152AQ,31,14,17,12
GU152AR,78,37,41,28
GU152AT,9,4,5,3
GU152AY,20,11,9,7
GU152AZ,38,18,20,13
GU152BA,76,34,42,27
GU152BE,31,18,13,11
GU152BG,3,3,0,0
GU152BH,42,23,19,15
GU152BJ,6,4,2,1
GU152BL,22,13,9,7
GU152BN,32,15,17,14
GU152BP,64,33,31,23
GU152BQ,64,30,34,21
GU152BS,58,24,34,26
GU152BT,13,5,8,4
GU152BU,24,11,13,9
GU152BW,17,10,7,7
GU152BX,59,31,28,20
GU152BY,24,12,12,9
GU152BZ,10,6,4,4
GU152DA,21,8,13,9
GU152DB,12,8,4,7
GU152DE,57,27,30,24
GU152DF,75,35,40,26
GU152DH,66,32,34,26
GU152DJ,16,6,10,6
GU152DL,59,31,28,20
GU152DN,27,14,13,11
GU152DP,46,24,22,18
GU152DQ,47,22,25,14
GU152DR,88,43,45,29
GU152DS,155,75,80,47
GU152DT,21,11,10,7
GU152DU,96,45,51,32
GU152DW,39,18,21,15
GU152DX,15,7,8,10
GU152DY,43,24,19,13
GU152EA,56,28,28,20
GU152EB,57,25,32,21
GU152ED,61,31,30,22
GU152EE,32,17,15,10
GU152EF,35,17,18,13
GU152EG,38,25,13,15
GU152EH,31,6,25,28
GU152EJ,116,59,57,38
GU152EL,46,22,24,17
GU152EN,18,9,9,7
GU152EP,7,3,4,3
GU152EQ,12,6,6,4
GU152ER,28,15,13,7
GU152ES,8,3,5,4
GU152ET,80,43,37,42
GU152EU,29,16,13,8
GU152EY,9,3,6,4
GU152HA,52,23,29,26
GU152HB,22,13,9,8
GU152HD,37,22,15,13
GU152HE,16,2,14,16
GU152HF,32,15,17,11
GU152HG,22,12,10,7
GU152HH,30,15,15,10
GU152HJ,61,30,31,26
GU152HL,4,1,3,1
GU152HN,106,54,52,51
GU152HP,56,32,24,32
GU152HQ,191,98,93,92
GU152HR,90,42,48,36
GU152HT,51,28,23,22
GU152HU,87,42,45,38
GU152HW,51,25,26,18
GU152HY,10,4,6,4
GU152JA,55,24,31,27
GU152JB,3,2,1,3
GU152JD,22,12,10,12
GU152JE,53,28,25,25
GU152JG,34,17,17,17
GU152JH,61,29,32,32
GU152JJ,25,12,13,19
GU152JL,25,15,10,8
GU152JN,55,31,24,20
GU152JP,10,5,5,3
GU152JQ,115,58,57,58
GU152JR,40,21,19,15
GU152JS,11,5,6,5
GU152JT,22,13,9,8
GU152JU,13,6,7,8
GU152JW,30,14,16,11
GU152JX,39,15,24,13
GU152JY,53,23,30,13
GU152JZ,26,15,11,8
GU152LA,62,30,32,24
GU152LB,75,35,40,28
GU152LD,24,11,13,8
GU152LE,38,16,22,22
GU152LF,27,11,16,11
GU152LG,26,15,11,10
GU152LJ,79,42,37,31
GU152LL,56,13,43,11
GU152LN,122,43,79,12
GU152LP,19,11,8,8
GU152LR,54,25,29,26
GU152LS,58,23,35,24
GU152LT,82,42,40,28
GU152LU,21,11,10,7
GU152LW,21,11,10,8
GU152LX,18,11,7,7
GU152LY,98,45,53,33
GU152LZ,43,24,19,15
GU152NA,36,14,22,13
GU152NB,26,13,13,12
GU152ND,148,75,73,57
GU152NE,17,7,10,5
GU152NF,78,37,41,41
GU152NG,81,42,39,25
GU152NH,33,15,18,14
GU152NP,19,7,12,11
GU152NQ,24,15,9,7
GU152NR,56,25,31,16
GU152NS,41,19,22,19
GU152NT,92,45,47,32
GU152NU,57,27,30,25
GU152NW,26,9,17,8
GU152NX,58,30,28,26
GU152NY,68,33,35,30
GU152NZ,29,15,14,14
GU152PA,14,7,7,6
GU152PB,74,34,40,30
GU152PD,73,39,34,25
GU152PE,85,46,39,27
GU152PF,53,26,27,23
GU152PG,42,24,18,15
GU152PH,32,16,16,14
GU152PJ,10,5,5,3
GU152PP,17,11,6,8
GU152PQ,132,71,61,43
GU152PR,49,29,20,23
GU152PS,24,13,11,13
GU152PT,29,13,16,16
GU152PX,20,8,12,8
GU152PY,42,22,20,18
GU152PZ,15,7,8,6
GU152QB,16,11,5,6
GU152QD,48,25,23,15
GU152QH,92,49,43,35
GU152QJ,55,25,30,18
GU152QL,56,28,28,17
GU152QN,24,15,9,12
GU152QP,39,18,21,11
GU152QR,13,9,4,4
GU152QX,88,50,38,21
GU152RA,11,5,6,4
GU152RG,152,79,73,53
GU152RH,102,51,51,37
GU152RJ,1,1,0,1
GU152RL,64,28,36,28
GU152RN,38,23,15,12
GU152RP,35,14,21,12
GU152RQ,24,14,10,10
GU152RR,45,25,20,14
GU152RS,60,28,32,20
GU152RT,90,50,40,32
GU152RU,24,13,11,14
GU152RW,69,30,39,22
GU152RX,80,40,40,28
GU152RY,155,66,89,62
GU152RZ,18,11,7,10
GU152SA,69,31,38,25
GU152SB,24,11,13,10
GU152SD,75,31,44,25
GU152SE,80,47,33,26
GU152SF,26,14,12,10
GU152SG,12,4,8,4
GU152SH,30,18,12,13
GU152SJ,92,51,41,33
GU152SL,51,31,20,16
GU152SN,45,21,24,16
GU152SP,147,77,70,62
GU152SR,57,27,30,20
GU152SS,35,17,18,20
GU152SU,70,33,37,24
GU152SW,45,19,26,18
GU152SX,58,30,28,18
GU152SY,55,29,26,20
GU152SZ,62,35,27,24
GU152TA,44,24,20,15
GU152TB,19,9,10,7
GU152TD,170,93,77,49
GU152TE,20,9,11,6
GU152TF,48,23,25,18
GU152TG,36,18,18,14
GU152TH,18,9,9,14
GU152TJ,10,5,5,4
GU152TT,19,7,12,11
GU152UA,63,35,28,40
GU152XZ,35,14,21,13
GU152YA,94,43,51,49
GU152YB,88,41,47,33
GU153AA,30,13,17,17
GU153AB,13,8,5,8
GU153AE,73,34,39,27
GU153AF,47,25,22,19
GU153AG,50,28,22,14
GU153AL,30,14,16,13
GU153AN,40,21,19,15
GU153AP,57,26,31,19
GU153AR,7,3,4,4
GU153AS,27,13,14,13
GU153AT,39,22,17,14
GU153AW,47,27,20,15
GU153AY,38,20,18,16
GU153AZ,87,48,39,44
GU153BA,12,8,4,6
GU153BB,99,52,47,34
GU153BD,28,12,16,14
GU153BG,58,29,29,23
GU153BH,34,18,16,9
GU153BJ,52,27,25,15
GU153BL,60,34,26,18
GU153BQ,63,34,29,28
GU153BY,44,25,19,31
GU153DR,66,36,30,25
GU153DS,84,44,40,34
GU153DX,24,10,14,10
GU153DY,96,47,49,31
GU153DZ,19,10,9,8
GU153EA,102,48,54,33
GU153EB,80,36,44,32
GU153ED,51,23,28,18
GU153EE,18,6,12,9
GU153EF,135,70,65,48
GU153EG,69,32,37,26
GU153EH,17,8,9,5
GU153EJ,49,23,26,27
GU153EL,45,24,21,18
GU153EN,36,24,12,15
GU153EP,46,25,21,20
GU153EQ,34,16,18,16
GU153ES,2,1,1,1
GU153ET,13,6,7,6
GU153EU,23,11,12,11
GU153EW,20,6,14,4
GU153GG,39,26,13,25
GU153GH,40,19,21,22
GU153GL,114,69,45,69
GU153GX,95,54,41,54
GU153HB,45,11,34,39
GU153HD,2,1,1,1
GU153HE,17,13,4,7
GU153HF,14,11,3,11
GU153HJ,58,30,28,37
GU153HP,16,8,8,6
GU153HQ,49,26,23,16
GU153HS,58,29,29,30
GU153HT,23,12,11,8
GU153HU,59,27,32,26
GU153HW,18,11,7,8
GU153HX,41,26,15,13
GU153HY,56,23,33,29
GU153HZ,3,3,0,2
GU153JA,7,4,3,3
GU153JE,10,5,5,3
GU153JG,24,7,17,18
GU153JJ,164,94,70,89
GU153JL,42,11,31,32
GU153JP,10,5,5,3
GU153JR,43,20,23,16
GU153JS,10,5,5,4
GU153JY,3,1,2,1
GU153LD,64,35,29,23
GU153LJ,8,3,5,3
GU153LL,10,6,4,5
GU153LN,52,27,25,16
GU153LP,110,53,57,43
GU153LR,44,20,24,23
GU153LS,60,28,32,32
GU153LT,94,47,47,50
GU153LU,30,13,17,13
GU153LW,50,21,29,23
GU153LX,94,22,72,18
GU153LY,4,1,3,2
GU153LZ,66,27,39,27
GU153NA,39,20,19,15
GU153NB,14,6,8,6
GU153ND,78,43,35,28
GU153NE,43,23,20,13
GU153NF,35,20,15,12
GU153NG,11,5,6,6
GU153NH,39,24,15,15
GU153NJ,41,21,20,16
GU153NL,44,22,22,14
GU153NN,37,21,16,17
GU153NP,62,28,34,30
GU153NQ,96,39,57,16
GU153NR,27,13,14,12
GU153NU,20,9,11,7
GU153NW,35,17,18,13
GU153PE,3,2,1,1
GU153PH,10,4,6,3
GU153PN,34,9,25,27
GU153PQ,2,1,1,1
GU153PU,14,7,7,4
GU153PW,8,2,6,4
GU153PX,8,6,2,2
GU153QA,23,11,12,10
GU153QD,102,36,66,57
GU153QE,51,30,21,16
GU153QG,23,13,10,7
GU153QH,6,2,4,2
GU153QJ,79,41,38,26
GU153QL,79,44,35,33
GU153QQ,37,21,16,15
GU153QT,13,8,5,7
GU153RB,7,4,3,3
GU153RD,18,10,8,5
GU153RH,15,6,9,5
GU153RL,49,26,23,19
GU153RS,5,4,1,2
GU153SD,5,2,3,2
GU153SN,2,1,1,1
GU153SY,2,1,1,1
GU153SZ,26,9,17,3
GU153TA,90,46,44,38
GU153TB,63,33,30,27
GU153TD,122,66,56,42
GU153TE,88,45,43,33
GU153TF,52,27,25,20
GU153TJ,19,9,10,11
GU153TL,59,26,33,28
GU153TN,41,18,23,20
GU153TP,41,20,21,20
GU153TR,8,4,4,4
GU153TS,103,54,49,37
GU153TT,23,12,11,13
GU153TU,102,57,45,30
GU153TW,42,22,20,18
GU153TX,37,19,18,13
GU153TY,49,22,27,16
GU153TZ,55,27,28,23
GU153UA,51,24,27,16
GU153UB,41,20,21,16
GU153UD,28,12,16,9
GU153UE,29,11,18,11
GU153UG,44,24,20,18
GU153UJ,18,9,9,12
GU153UN,31,17,14,10
GU153UP,17,13,4,10
GU153UQ,16,7,9,8
GU153UR,3,1,2,2
GU153US,7,4,3,6
GU153UT,56,31,25,21
GU153UU,6,2,4,4
GU153UW,103,52,51,32
GU153UX,36,18,18,15
GU153UY,10,4,6,3
GU153UZ,23,10,13,8
GU153XB,43,19,24,16
GU153YY,7,4,3,1
GU154AA,79,38,41,29
GU154AB,40,13,27,36
GU154AD,29,7,22,28
GU154AF,24,12,12,8
GU154AG,107,56,51,45
GU154AH,103,48,55,37
GU154AJ,84,37,47,30
GU154AL,139,60,79,41
GU154AN,140,61,79,39
GU154AP,56,24,32,20
GU154AQ,83,43,40,36
GU154AR,129,58,71,40
GU154AS,29,12,17,10
GU154AT,18,11,7,14
GU154AU,15,5,10,4
GU154AW,107,57,50,36
GU154AY,109,52,57,41
GU154AZ,98,43,55,35
GU154BA,11,6,5,4
GU154BB,120,56,64,42
GU154BD,134,59,75,41
GU154BE,82,35,47,24
GU154BG,88,39,49,32
GU154BH,85,39,46,40
GU154BJ,33,19,14,17
GU154BL,78,38,40,20
GU154BN,42,20,22,16
GU154BQ,44,23,21,23
GU154BS,52,30,22,30
GU154BT,101,49,52,41
GU154BU,59,32,27,22
GU154BW,76,38,38,25
GU154BX,38,18,20,14
GU154BY,112,57,55,38
GU154BZ,52,20,32,16
GU154DA,84,41,43,30
GU154DB,35,19,16,11
GU154DD,44,18,26,19
GU154DE,79,42,37,29
GU154DF,93,49,44,31
GU154DG,30,11,19,13
GU154DH,123,55,68,43
GU154DJ,58,30,28,22
GU154DL,15,7,8,8
GU154DN,56,28,28,23
GU154DP,49,23,26,15
GU154DQ,5,3,2,4
GU154DS,129,50,79,54
GU154DT,25,12,13,9
GU154DW,41,22,19,17
GU154DY,131,56,75,41
GU154DZ,82,44,38,37
GU154EB,7,5,2,4
GU154ED,24,12,12,11
GU154EE,73,36,37,27
GU154EF,117,60,57,49
GU154EG,77,40,37,27
GU154EL,86,39,47,29
GU154EN,12,9,3,9
GU154EP,55,23,32,20
GU154EQ,12,5,7,4
GU154ER,40,22,18,16
GU154ES,65,35,30,23
GU154ET,51,25,26,21
GU154EU,46,22,24,14
GU154EX,33,16,17,14
GU154EY,62,31,31,25
GU154EZ,25,10,15,11
GU154HA,53,30,23,20
GU154HB,22,10,12,12
GU154HD,53,28,25,19
GU154HE,40,22,18,13
GU154HF,22,11,11,16
GU154HG,13,8,5,8
GU154HN,28,12,16,7
GU154HP,39,25,14,10
GU154HQ,10,4,6,7
GU154HR,39,20,19,16
GU154HS,56,28,28,28
GU154HT,90,47,43,32
GU154HU,39,20,19,18
GU154HX,56,25,31,20
GU154HY,102,45,57,40
GU154JE,83,41,42,30
GU154JF,38,16,22,16
GU154JH,45,14,31,12
GU154JJ,8,4,4,3
GU154JL,10,5,5,5
GU154JN,92,40,52,45
GU154JP,98,55,43,33
GU154JQ,20,13,7,15
GU154JR,66,32,34,30
GU154JS,54,31,23,18
GU154JT,10,5,5,3
GU154JU,34,16,18,14
GU154JW,74,38,36,35
GU154JX,18,9,9,6
GU154JY,24,12,12,10
GU154LB,68,34,34,27
GU154LD,60,30,30,23
GU154LE,33,20,13,14
GU154LF,12,7,5,6
GU154LG,57,26,31,21
GU154LJ,78,36,42,24
GU154LN,25,11,14,10
GU154LP,42,24,18,15
GU154LR,54,30,24,16
GU154LT,99,52,47,29
GU154LU,80,42,38,25
GU154LW,28,15,13,10
GU154LX,62,33,29,18
GU154LY,66,32,34,23
GU154LZ,20,10,10,8
GU154NA,11,5,6,6
GU154NB,52,24,28,15
GU154NE,7,4,3,3
GU154NF,34,18,16,10
GU154NG,17,8,9,6
GU154NJ,26,11,15,7
GU154NL,45,23,22,16
GU154NR,13,7,6,6
GU154NS,29,16,13,11
GU154NU,76,40,36,24
GU154NW,3,2,1,1
GU154NX,52,27,25,17
GU154NY,166,80,86,46
GU154PA,199,106,93,59
GU154PD,44,20,24,12
GU154PJ,155,78,77,45
GU154PL,155,83,72,40
GU154PQ,837,738,99,1
GU154WG,8,3,5,5
GU166AB,65,30,35,44
GU166AD,79,38,41,49
GU166AE,82,41,41,31
GU166AF,52,25,27,17
GU166AG,91,57,34,54
GU166AH,26,10,16,9
GU166AJ,21,11,10,10
GU166AL,16,8,8,8
GU166AN,71,37,34,28
GU166AP,81,46,35,33
GU166AQ,52,30,22,35
GU166AR,42,18,24,17
GU166AS,73,38,35,33
GU166AU,44,22,22,24
GU166AW,14,6,8,7
GU166AX,57,32,25,20
GU166AY,51,23,28,21
GU166AZ,26,14,12,14
GU166BA,103,50,53,46
GU166BB,56,26,30,18
GU166BD,18,9,9,6
GU166BE,112,61,51,41
GU166BG,79,39,40,29
GU166BH,59,29,30,28
GU166BJ,107,45,62,51
GU166BL,19,10,9,14
GU166BN,5,1,4,4
GU166BP,110,58,52,39
GU166BS,78,34,44,30
GU166BT,59,34,25,22
GU166BU,65,29,36,24
GU166BX,54,24,30,21
GU166BY,109,52,57,40
GU166BZ,75,37,38,30
GU166DA,72,33,39,27
GU166DB,46,25,21,16
GU166DD,7,4,3,3
GU166DE,12,4,8,6
GU166DF,6,1,5,2
GU166DG,90,43,47,38
GU166DH,69,33,36,22
GU166DJ,10,4,6,3
GU166DN,72,36,36,28
GU166DP,74,32,42,42
GU166DR,50,25,25,18
GU166DS,84,48,36,30
GU166DT,63,37,26,27
GU166DU,68,35,33,28
GU166DW,72,38,34,29
GU166DX,90,45,45,31
GU166DY,25,12,13,8
GU166DZ,69,29,40,23
GU166EA,26,15,11,12
GU166EB,7,3,4,3
GU166EG,104,57,47,43
GU166EH,28,15,13,15
GU166EJ,14,5,9,6
GU166EL,55,25,30,18
GU166EN,87,45,42,29
GU166EP,57,21,36,47
GU166EQ,59,30,29,25
GU166ER,68,34,34,29
GU166ES,76,42,34,31
GU166ET,72,30,42,30
GU166EU,17,9,8,8
GU166EW,81,42,39,32
GU166EX,36,18,18,13
GU166EY,37,17,20,18
GU166EZ,87,43,44,37
GU166GA,32,14,18,15
GU166GB,56,31,25,32
GU166GD,22,12,10,8
GU166GE,80,39,41,31
GU166GF,98,43,55,33
GU166GG,71,37,34,19
GU166GH,77,43,34,20
GU166GJ,95,48,47,38
GU166GN,153,81,72,51
GU166GP,23,13,10,8
GU166GQ,58,23,35,28
GU166GR,145,71,74,56
GU166HD,39,17,22,15
GU166HE,54,32,22,21
GU166HF,27,10,17,10
GU166HG,87,43,44,34
GU166HH,59,27,32,22
GU166HJ,23,12,11,14
GU166HL,27,16,11,9
GU166HN,22,12,10,9
GU166HP,50,25,25,22
GU166HR,60,23,37,24
GU166HS,2,1,1,1
GU166HT,26,13,13,13
GU166HU,22,10,12,7
GU166HW,22,9,13,12
GU166HX,19,10,9,8
GU166HY,9,5,4,4
GU166JA,9,3,6,5
GU166JB,105,50,55,43
GU166JD,54,21,33,29
GU166JE,29,15,14,10
GU166JF,29,14,15,11
GU166JG,72,37,35,33
GU166JH,33,18,15,12
GU166JJ,43,25,18,15
GU166JL,70,34,36,26
GU166JP,100,51,49,36
GU166JQ,52,25,27,19
GU166JR,5,3,2,2
GU166JS,60,23,37,47
GU166JT,62,32,30,33
GU166JU,109,52,57,40
GU166JX,81,38,43,30
GU166JY,56,26,30,17
GU166JZ,105,58,47,36
GU166LA,8,6,2,3
GU166LB,80,34,46,32
GU166LD,53,31,22,27
GU166LE,23,13,10,15
GU166LH,77,35,42,29
GU166LJ,65,32,33,24
GU166LL,80,41,39,25
GU166LN,45,25,20,18
GU166LP,54,24,30,20
GU166LQ,35,14,21,13
GU166LR,11,4,7,4
GU166LS,4,2,2,1
GU166LT,47,21,26,16
GU166LU,69,33,36,23
GU166LW,18,8,10,7
GU166LX,31,11,20,12
GU166LY,72,35,37,27
GU166LZ,124,63,61,41
GU166NA,52,30,22,21
GU166NB,25,11,14,11
GU166ND,2,0,2,2
GU166NE,90,50,40,35
GU166NF,73,34,39,28
GU166NG,29,15,14,10
GU166NH,53,23,30,18
GU166NJ,66,37,29,22
GU166NL,14,9,5,8
GU166NN,43,23,20,22
GU166NP,36,17,19,14
GU166NQ,76,38,38,28
GU166NR,4,1,3,1
GU166NS,6,4,2,2
GU166NT,6,4,2,3
GU166NU,6,3,3,1
GU166NW,7,3,4,3
GU166NX,8,4,4,2
GU166NY,4,2,2,1
GU166NZ,4,3,1,1
GU166PA,10,5,5,5
GU166PD,6,3,3,2
GU166PE,5,2,3,2
GU166PF,8,3,5,2
GU166PG,3,2,1,1
GU166PH,5,1,4,3
GU166PJ,30,17,13,11
GU166PL,70,35,35,27
GU166PN,89,45,44,37
GU166PP,9,4,5,6
GU166PQ,3,2,1,1
GU166PR,30,17,13,13
GU166PS,17,4,13,9
GU166PU,93,47,46,44
GU166PW,18,9,9,10
GU166PX,59,32,27,18
GU166PY,75,24,51,5
GU166QA,2,1,1,1
GU166QB,134,69,65,44
GU166QD,17,8,9,8
GU166QH,71,37,34,28
GU166QJ,31,14,17,13
GU166QL,2,1,1,1
GU166QN,11,6,5,7
GU166QP,52,30,22,23
GU166QS,15,6,9,7
GU166QT,49,28,21,24
GU166QU,5,2,3,3
GU166QX,25,10,15,10
GU166QY,16,10,6,6
GU166QZ,6,3,3,2
GU166RA,7,3,4,3
GU166RB,3,1,2,2
GU166RD,30,16,14,13
GU166RE,7,4,3,2
GU166RF,4,2,2,2
GU166RG,1,1,0,1
GU166RH,4,3,1,1
GU166RJ,11,6,5,4
GU166RN,2,1,1,1
GU166RQ,11,6,5,4
GU166RR,2,1,1,1
GU166RS,4,1,3,2
GU166RT,3,1,2,2
GU166RU,27,11,16,12
GU166RW,169,150,19,0
GU166SD,32,17,15,12
GU166SH,36,16,20,17
GU166SJ,19,10,9,13
GU166SL,15,8,7,9
GU166SQ,4,2,2,2
GU166SR,2,2,0,1
GU166SS,65,35,30,23
GU166ST,62,32,30,22
GU166SZ,28,16,12,8
GU166TB,111,57,54,32
GU166TD,17,8,9,7
GU166TE,12,6,6,4
GU166TG,11,5,6,5
GU166TL,71,35,36,19
GU166TS,190,98,92,54
GU166TT,38,23,15,11
GU166TU,149,69,80,44
GU166YZ,8,3,5,8
GU167AA,19,9,10,7
GU167AB,29,14,15,14
GU167AE,23,15,8,9
GU167AF,60,30,30,29
GU167AH,50,26,24,20
GU167AQ,26,11,15,10
GU167DU,58,30,28,21
GU167DX,52,21,31,22
GU167DY,46,22,24,16
GU167DZ,24,10,14,9
GU167EA,44,22,22,15
GU167EB,44,24,20,15
GU167ED,32,16,16,14
GU167EE,44,22,22,16
GU167EF,4,2,2,3
GU167EG,32,15,17,13
GU167EH,79,38,41,29
GU167EJ,12,6,6,5
GU167EL,76,39,37,33
GU167EN,46,24,22,22
GU167EP,62,13,49,0
GU167EQ,44,20,24,20
GU167EW,81,41,40,42
GU167HB,5,3,2,3
GU167HD,2,1,1,0
GU167HE,68,34,34,21
GU167HF,61,33,28,26
GU167HH,60,28,32,24
GU167HJ,18,14,4,8
GU167HQ,33,17,16,17
GU167HT,23,12,11,11
GU167HX,12,7,5,6
GU167HY,40,17,23,11
GU167JD,7,3,4,3
GU167JE,13,7,6,10
GU167JF,30,16,14,9
GU167JG,29,13,16,24
GU167JN,32,18,14,14
GU167JR,79,44,35,24
GU167JW,27,16,11,14
GU167JX,81,38,43,37
GU167JY,104,50,54,44
GU167NJ,11,6,5,4
GU167RD,158,76,82,47
GU167RE,158,77,81,49
GU167RF,123,58,65,52
GU167SG,2,1,1,1
GU167UJ,40,16,24,0
GU168AG,14,7,7,6
GU168AL,74,35,39,28
GU168BS,92,45,47,41
GU168BT,80,31,49,26
GU168BU,76,37,39,27
GU168BX,8,4,4,4
GU168BY,82,40,42,29
GU168BZ,41,22,19,15
GU168DA,124,63,61,43
GU168DE,67,35,32,20
GU168DF,62,35,27,24
GU168DG,89,42,47,28
GU168DH,81,40,41,30
GU168DJ,36,18,18,11
GU168DL,84,42,42,33
GU168DP,63,31,32,38
GU168DQ,105,54,51,39
GU168HY,35,20,15,22
GU168HZ,22,12,10,8
GU168JL,8,5,3,5
GU168JS,8,3,5,4
GU168JT,5,2,3,3
GU168JU,49,25,24,19
GU168JZ,82,40,42,25
GU168LA,17,7,10,8
GU168LB,27,15,12,10
GU168LD,72,31,41,28
GU168LE,13,8,5,4
GU168LF,78,37,41,29
GU168LG,39,20,19,15
GU168LH,88,39,49,34
GU168LJ,64,31,33,19
GU168LL,30,14,16,13
GU168LN,29,18,11,11
GU168LP,41,20,21,13
GU168LR,56,27,29,20
GU168LS,26,13,13,9
GU168LT,18,8,10,7
GU168LU,10,6,4,6
GU168LW,39,19,20,14
GU168LX,30,13,17,10
GU168LY,43,22,21,18
GU168LZ,62,27,35,27
GU168NA,72,36,36,31
GU168NR,81,39,42,27
GU168NS,38,19,19,15
GU168NT,102,52,50,33
GU168NU,25,11,14,10
GU168PA,58,30,28,24
GU168PB,53,26,27,17
GU168PD,30,14,16,13
GU168PF,65,37,28,21
GU168PG,54,26,28,20
GU168PH,9,4,5,2
GU168PJ,36,18,18,11
GU168PL,42,24,18,16
GU168PN,17,7,10,7
GU168PP,5,2,3,2
GU168PQ,22,13,9,7
GU168PR,12,6,6,3
GU168PS,28,13,15,9
GU168PT,23,11,12,8
GU168PU,103,54,49,34
GU168PW,76,35,41,32
GU168PX,84,47,37,30
GU168PY,4,2,2,1
GU168PZ,25,10,15,10
GU168QA,52,24,28,28
GU168QB,45,14,31,32
GU168RG,18,11,7,7
GU168RH,24,15,9,15
GU168RJ,29,15,14,10
GU168RL,89,41,48,35
GU168RN,64,32,32,20
GU168RP,37,20,17,15
GU168RR,62,30,32,30
GU168RS,63,34,29,31
GU168RT,84,42,42,29
GU168RU,69,34,35,26
GU168RW,46,21,25,19
GU168RX,82,45,37,29
GU168SA,94,49,45,33
GU168SB,17,8,9,5
GU168SD,30,14,16,11
GU168SE,76,41,35,28
GU168SH,40,18,22,14
GU168SJ,81,43,38,30
GU168SN,47,23,24,23
GU168SP,38,14,24,16
GU168SR,30,14,16,13
GU168SS,38,21,17,12
GU168ST,61,32,29,25
GU168SU,23,11,12,8
GU168SW,67,30,37,22
GU168SX,27,17,10,11
GU168SY,64,32,32,26
GU168SZ,51,24,27,21
GU168TA,19,7,12,8
GU168TB,73,35,38,24
GU168TD,48,25,23,18
GU168TE,41,17,24,16
GU168TF,48,23,25,20
GU168TG,73,36,37,26
GU168TH,29,17,12,9
GU168TJ,9,2,7,6
GU168TQ,47,20,27,23
GU168TR,16,9,7,7
GU168TS,26,13,13,11
GU168TT,52,22,30,16
GU168TU,61,31,30,28
GU168TX,34,19,15,14
GU168TY,45,20,25,17
GU168TZ,82,41,41,31
GU168UA,28,16,12,13
GU168UB,27,14,13,10
GU168UD,39,16,23,18
GU168UE,24,13,11,8
GU168UF,19,9,10,7
GU168UG,106,54,52,41
GU168UH,28,8,20,12
GU168UP,20,9,11,8
GU168UQ,79,42,37,29
GU168UR,10,7,3,5
GU168UT,56,28,28,20
GU168XA,27,13,14,11
GU168XB,18,7,11,7
GU168XD,66,34,32,25
GU168XE,19,8,11,9
GU168XF,111,59,52,46
GU168XG,41,24,17,15
GU168XH,95,46,49,35
GU168XJ,48,23,25,18
GU168XL,44,20,24,15
GU168XN,40,21,19,13
GU168XP,48,21,27,21
GU168XQ,31,13,18,16
GU168XR,52,23,29,20
GU168XS,42,19,23,16
GU168XT,44,21,23,15
GU168XU,43,18,25,20
GU168XX,120,62,58,35
GU168YL,46,24,22,18
GU168YN,71,40,31,25
GU168YP,35,19,16,16
GU168YQ,58,24,34,30
GU168YR,35,19,16,15
GU168YS,15,5,10,6
GU168YT,86,40,46,27
GU168YW,22,9,13,8
GU168YX,46,23,23,15
GU168YZ,78,33,45,31
GU169AP,6,1,5,4
GU169AS,99,55,44,30
GU169AT,26,12,14,11
GU169AU,42,19,23,14
GU169AX,23,13,10,9
GU169AY,13,8,5,3
GU169AZ,21,10,11,6
GU169BA,61,30,31,18
GU169BB,141,70,71,49
GU169BD,41,21,20,13
GU169BE,11,4,7,4
GU169BG,16,8,8,9
GU169BH,89,45,44,40
GU169BJ,20,8,12,6
GU169BL,69,34,35,20
GU169BN,120,56,64,40
GU169BP,109,53,56,41
GU169BQ,32,15,17,10
GU169BW,103,50,53,40
GU169FA,106,54,52,40
GU169FB,43,22,21,13
GU169FD,52,31,21,15
GU169FE,34,17,17,11
GU169FF,43,22,21,14
GU169FG,15,5,10,11
GU169FH,18,8,10,10
GU169FJ,32,14,18,14
GU169FL,22,12,10,9
GU169FN,14,6,8,9
GU169FQ,10,4,6,7
GU169LQ,55,30,25,20
GU169NN,38,17,21,12
GU169NP,67,28,39,5
GU169NW,21,9,12,8
GU169NY,30,15,15,8
GU169NZ,48,24,24,19
GU169QD,72,33,39,38
GU169QE,18,12,6,0
GU169QF,93,47,46,28
GU169QG,32,18,14,15
GU169QJ,33,17,16,15
GU169QN,44,21,23,18
GU169QP,85,40,45,30
GU169QR,32,16,16,12
GU169QS,33,16,17,12
GU169QT,32,18,14,13
GU169QU,81,40,41,27
GU169QW,26,12,14,12
GU169QX,56,28,28,22
GU169QY,8,3,5,3
GU169QZ,21,13,8,7
GU169RA,58,25,33,21
GU169RB,71,36,35,22
GU169RD,50,22,28,15
GU169RE,43,21,22,17
GU169RF,194,101,93,60
GU169RY,142,73,69,65
GU169TN,75,29,46,38
GU169TP,23,12,11,11
GU169TW,54,27,27,36
GU169UU,120,58,62,43
GU169UW,80,35,45,29
GU169UX,98,50,48,32
GU169UY,78,39,39,31
GU169UZ,30,18,12,12
GU169XA,20,12,8,9
GU169XY,45,22,23,32
GU169XZ,17,11,6,9
GU169YA,44,21,23,28
GU169YB,18,8,10,10
GU169YD,34,17,17,13
GU169YE,42,23,19,17
GU169YF,89,42,47,34
GU169YG,71,33,38,34
GU169YH,44,26,18,18
GU169YJ,80,42,38,28
GU170AB,14,8,6,7
GU170AD,6,3,3,3
GU170AF,17,5,12,5
GU170AG,3,1,2,1
GU170AH,2,1,1,1
GU170AJ,51,25,26,23
GU170AL,88,38,50,32
GU170AN,49,27,22,17
GU170AP,77,39,38,28
GU170AR,22,12,10,7
GU170AS,2,1,1,1
GU170AT,101,55,46,35
GU170AU,133,60,73,48
GU170AW,9,5,4,4
GU170AX,28,15,13,9
GU170AY,16,8,8,7
GU170AZ,8,4,4,3
GU170BA,5,3,2,2
GU170BB,4,1,3,2
GU170BD,5,4,1,2
GU170BE,13,6,7,5
GU170BH,11,7,4,4
GU170BJ,4,3,1,1
GU170BL,11,3,8,3
GU170BN,37,17,20,15
GU170BP,37,17,20,13
GU170BQ,17,9,8,8
GU170BS,137,66,71,44
GU170BT,69,36,33,25
GU170BU,23,9,14,9
GU170BY,74,37,37,25
GU170BZ,43,19,24,16
GU170DB,9,5,4,4
GU170DE,86,41,45,30
GU170DF,36,17,19,12
GU170DG,24,12,12,9
GU170DH,69,31,38,26
GU170DJ,92,50,42,37
GU170DL,49,20,29,19
GU170DN,38,21,17,14
GU170DQ,53,23,30,23
GU170DR,23,12,11,8
GU170DS,18,10,8,6
GU170DT,31,15,16,11
GU170DU,75,37,38,33
GU170DW,12,6,6,4
GU170DX,1,0,1,1
GU170DY,121,64,57,42
GU170DZ,80,37,43,27
GU170EA,34,19,15,13
GU170EB,27,15,12,7
GU170ED,9,5,4,4
GU170EE,14,8,6,5
GU170EF,20,9,11,10
GU170EG,46,23,23,15
GU170EH,7,4,3,3
GU170EJ,11,7,4,4
GU170EL,49,25,24,19
GU170EN,63,29,34,20
GU170EP,139,70,69,43
GU170EQ,40,22,18,10
GU170ER,144,67,77,36
GU170ES,94,49,45,25
GU170ET,113,57,56,43
GU170EU,40,20,20,14
GU170EW,47,25,22,16
GU170EX,74,40,34,23
GU170EY,31,18,13,11
GU170EZ,66,29,37,21
GU170HA,59,29,30,25
GU170HB,30,13,17,12
GU170HD,62,35,27,21
GU170HE,45,30,15,14
GU170HF,56,29,27,18
GU170HG,31,16,15,12
GU170HH,75,44,31,25
GU170HJ,63,33,30,24
GU170HL,16,6,10,8
GU170HN,80,40,40,26
GU170HP,83,41,42,28
GU170HQ,76,33,43,22
GU170HW,60,32,28,22
GU170HY,15,7,8,8
GU170HZ,62,34,28,29
GU170JA,50,24,26,18
GU170JB,96,47,49,40
GU170JD,89,43,46,32
GU170JE,51,28,23,21
GU170JF,44,19,25,16
GU170JG,65,32,33,24
GU170JH,68,34,34,24
GU170JJ,73,41,32,24
GU170JL,59,28,31,18
GU170JN,26,14,12,9
GU170JP,22,14,8,13
GU170JQ,55,27,28,20
GU170JS,3,1,2,2
GU170JT,10,5,5,3
GU170JU,72,35,37,27
GU170JW,39,22,17,19
GU170JX,47,24,23,20
GU170JY,82,38,44,31
GU170JZ,75,37,38,29
GU170LA,122,62,60,42
GU170LB,103,53,50,33
GU170LD,151,77,74,49
GU170LE,93,46,47,29
GU170LF,168,88,80,58
GU170LG,107,45,62,37
GU170LH,47,23,24,17
GU170LJ,38,19,19,14
GU170LL,33,18,15,12
GU170LP,18,8,10,8
GU170LQ,80,41,39,29
GU170LS,48,27,21,24
GU170LT,58,26,32,22
GU170LU,4,2,2,2
GU170LX,38,22,16,16
GU170LY,17,10,7,7
GU170LZ,19,9,10,14
GU170NA,59,29,30,32
GU170NB,55,26,29,28
GU170NE,57,24,33,25
GU170NF,29,13,16,13
GU170NG,19,8,11,7
GU170NH,42,18,24,19
GU170NJ,54,23,31,24
GU170NL,25,10,15,9
GU170NN,62,34,28,27
GU170NP,46,23,23,20
GU170NQ,65,33,32,22
GU170NR,11,6,5,5
GU170NS,16,8,8,5
GU170NT,26,13,13,8
GU170NU,29,15,14,10
GU170NW,19,14,5,10
GU170NX,4,2,2,2
GU170NY,16,10,6,3
GU170NZ,16,8,8,8
GU170PD,16,10,6,4
GU170PG,86,41,45,33
GU170PH,58,25,33,20
GU170PJ,92,47,45,37
GU170PL,25,13,12,11
GU170PN,32,15,17,14
GU170PP,14,9,5,12
GU170PQ,18,10,8,7
GU170PR,55,28,27,22
GU170PS,30,16,14,14
GU170PT,49,28,21,21
GU170PU,18,9,9,9
GU170PW,65,35,30,30
GU170PX,60,26,34,19
GU179AA,27,19,8,12
GU179AD,3,3,0,2
GU179AG,55,30,25,30
GU179AH,26,13,13,14
GU179AP,4,1,3,1
GU179AU,2,1,1,1
GU179AX,72,35,37,28
GU179AY,73,36,37,29
GU179AZ,23,12,11,9
GU179BA,72,42,30,30
GU179BB,73,35,38,28
GU179BD,40,18,22,17
GU179BE,64,32,32,18
GU179BG,43,24,19,17
GU179BH,3,1,2,1
GU179BJ,6,4,2,2
GU179BL,3,1,2,3
GU179BN,17,11,6,5
GU179BP,8,1,7,5
GU179BQ,20,11,9,8
GU179BS,12,7,5,4
GU179BT,1,1,0,1
GU179BU,45,23,22,17
GU179BW,4,2,2,3
GU179BX,29,17,12,11
GU179BY,33,18,15,14
GU179BZ,14,7,7,5
GU179DA,17,8,9,8
GU179DB,20,11,9,7
GU179DD,32,15,17,20
GU179DE,92,45,47,40
GU179DF,12,3,9,5
GU179DG,55,27,28,20
GU179DH,33,15,18,13
GU179DJ,31,13,18,14
GU179DL,58,29,29,27
GU179DN,4,2,2,3
GU179DP,96,44,52,33
GU179DQ,2,1,1,1
GU179DS,17,9,8,6
GU179DT,21,9,12,7
GU179DU,32,19,13,11
GU179DW,21,6,15,19
GU179DX,35,18,17,15
GU179DY,77,37,40,31
GU179DZ,108,53,55,40
GU179EA,76,34,42,30
GU179EB,24,12,12,10
GU179ED,8,4,4,2
GU179EE,4,2,2,2
GU179EF,2,1,1,1
GU179EG,19,8,11,4
GU179EH,2,1,1,1
GU179EJ,12,8,4,9
GU179EL,12,7,5,5
GU179EN,24,13,11,14
GU179EP,21,13,8,5
GU179ER,8,3,5,2
GU179ES,35,21,14,13
GU179ET,19,7,12,6
GU179EU,9,4,5,3
GU179EW,52,27,25,24
GU179EX,62,33,29,22
GU179EY,124,61,63,69
GU179HA,44,24,20,15
GU179HB,14,8,6,6
GU179HD,72,37,35,26
GU179HE,5,2,3,2
GU179HF,28,10,18,11
GU179HG,30,13,17,12
GU179HH,176,90,86,57
GU179HJ,1,1,0,1
GU179HL,3,1,2,3
GU179HP,5,1,4,2
GU179HQ,26,13,13,9
GU179HR,38,5,33,0
GU179HS,64,11,53,0
GU179HT,7,4,3,3
GU179HU,2,1,1,1
GU179HX,17,11,6,13
GU179HY,23,12,11,8
GU179HZ,56,27,29,25
GU179JA,8,3,5,2
GU179JB,1,0,1,1
GU179JD,20,11,9,8
GU179JE,19,9,10,11
GU179JF,35,15,20,13
GU179JG,65,32,33,31
GU179JH,104,54,50,40
GU179JJ,48,24,24,22
GU179JL,19,9,10,7
GU179JN,27,16,11,10
GU179JQ,41,21,20,14
GU179JR,85,38,47,38
GU179JS,6,2,4,2
GU179JT,12,7,5,5
GU179JW,19,9,10,8
GU179JX,1,1,0,1
GU179JY,66,35,31,21
GU179LE,1,0,1,1
GU179LJ,11,7,4,4
GU179LP,116,111,5,1
GU179LQ,2,1,1,1
GU179LT,40,9,31,18
GU179LW,19,9,10,6
GU179LX,82,40,42,41
GU179LY,65,29,36,27
GU179LZ,28,15,13,9
GU179UA,14,8,6,7
GU179UB,1,1,0,1
GU179UD,9,6,3,4
GU179UF,9,4,5,3
GU185AA,60,32,28,28
GU185AD,28,17,11,16
GU185AE,7,5,2,4
GU185AF,11,1,10,4
GU185LA,42,22,20,18
GU185LB,97,49,48,29
GU185LD,39,18,21,16
GU185LE,82,42,40,40
GU185LF,100,49,51,44
GU185NA,21,10,11,6
GU185NB,28,14,14,9
GU185ND,39,20,19,12
GU185NE,22,11,11,9
GU185PA,87,38,49,34
GU185PB,57,31,26,19
GU185PE,57,25,32,19
GU185PF,41,21,20,13
GU185PJ,32,14,18,11
GU185QA,12,7,5,8
GU185QN,97,48,49,53
GU185QQ,98,48,50,43
GU185QR,21,11,10,7
GU185QS,85,40,45,28
GU185QT,36,21,15,12
GU185QU,46,22,24,15
GU185QW,104,48,56,41
GU185QX,31,17,14,16
GU185QY,16,6,10,5
GU185QZ,62,32,30,24
GU185RA,47,21,26,18
GU185RB,60,26,34,24
GU185RD,32,14,18,13
GU185RE,35,19,16,13
GU185RF,98,52,46,42
GU185RG,101,50,51,38
GU185RH,57,27,30,24
GU185RJ,36,12,24,16
GU185RL,87,42,45,30
GU185RN,2,1,1,2
GU185RP,51,17,34,29
GU185RQ,82,39,43,27
GU185RR,38,19,19,16
GU185RS,33,17,16,11
GU185RT,20,11,9,13
GU185RU,91,44,47,43
GU185RW,46,22,24,18
GU185RX,93,45,48,45
GU185RY,37,14,23,30
GU185RZ,22,12,10,11
GU185SA,3,2,1,2
GU185SB,22,11,11,8
GU185SD,24,14,10,8
GU185SE,6,2,4,2
GU185SG,45,22,23,12
GU185SH,22,14,8,7
GU185SJ,34,17,17,13
GU185SL,31,10,21,21
GU185SN,62,29,33,21
GU185SP,54,27,27,15
GU185SQ,53,23,30,23
GU185SR,7,4,3,2
GU185SW,66,36,30,27
GU185SX,110,56,54,47
GU185SY,36,20,16,14
GU185SZ,24,7,17,10
GU185TA,100,48,52,41
GU185TB,33,18,15,17
GU185TD,33,16,17,15
GU185TE,33,17,16,11
GU185TF,12,7,5,5
GU185TG,55,30,25,18
GU185TH,54,25,29,20
GU185TJ,36,16,20,16
GU185TL,67,35,32,26
GU185TN,99,50,49,35
GU185TP,78,39,39,32
GU185TQ,66,33,33,29
GU185TR,70,32,38,23
GU185TS,45,23,22,17
GU185TT,62,32,30,23
GU185TU,83,39,44,30
GU185TW,31,15,16,10
GU185TX,10,6,4,5
GU185TY,23,13,10,11
GU185TZ,23,13,10,8
GU185UA,56,28,28,22
GU185UE,16,7,9,8
GU185UG,85,40,45,37
GU185UH,95,45,50,35
GU185UJ,49,27,22,22
GU185UL,77,39,38,29
GU185UN,56,26,30,27
GU185UP,12,6,6,5
GU185UR,80,34,46,25
GU185US,26,12,14,1
GU185UT,4,1,3,2
GU185UU,4,2,2,1
GU185UW,72,33,39,28
GU185UX,9,5,4,3
GU185UZ,10,5,5,5
GU185XA,20,11,9,8
GU185XB,13,6,7,4
GU185XD,43,22,21,19
GU185XE,85,36,49,33
GU185XF,30,17,13,10
GU185XH,136,67,69,49
GU185XJ,85,39,46,32
GU185XP,98,48,50,34
GU185XQ,46,12,34,25
GU185XR,16,7,9,6
GU185XS,35,17,18,14
GU185XT,7,3,4,3
GU185XU,58,31,27,26
GU185XX,64,34,30,24
GU185XY,82,39,43,34
GU185XZ,77,38,39,31
GU185YA,63,33,30,22
GU185YB,53,24,29,22
GU185YD,28,14,14,9
GU185YE,43,19,24,17
GU185YF,17,10,7,8
GU185YG,47,27,20,16
GU185YH,70,37,33,27
GU185YJ,49,22,27,18
GU185YL,82,38,44,31
GU185YN,55,33,22,37
GU185YP,47,22,25,26
GU185YQ,65,36,29,25
GU185YR,113,54,59,34
GU185YS,73,32,41,43
GU185YT,70,34,36,48
GU185YU,86,36,50,41
GU185YW,62,30,32,27
GU185YX,82,43,39,37
GU185YY,70,32,38,32
GU185YZ,32,20,12,14
GU195AA,11,6,5,4
GU195AB,79,42,37,31
GU195AD,50,24,26,20
GU195AE,14,7,7,4
GU195AF,15,7,8,12
GU195AH,16,10,6,11
GU195AJ,58,17,41,48
GU195AL,5,2,3,2
GU195AN,9,6,3,6
GU195AQ,8,8,0,8
GU195AR,4,1,3,3
GU195AS,78,35,43,31
GU195AT,18,10,8,6
GU195AW,1,0,1,1
GU195AX,1,1,0,1
GU195AY,5,3,2,3
GU195AZ,13,8,5,4
GU195BA,5,1,4,3
GU195BE,24,12,12,18
GU195BP,30,15,15,10
GU195BS,91,44,47,38
GU195BT,13,7,6,6
GU195BU,16,8,8,7
GU195BX,12,8,4,10
GU195BY,45,22,23,18
GU195BZ,12,6,6,8
GU195DA,15,6,9,7
GU195DB,40,23,17,16
GU195DD,38,15,23,18
GU195DE,35,21,14,13
GU195DF,6,3,3,2
GU195DH,89,45,44,32
GU195DL,124,58,66,47
GU195DP,63,32,31,24
GU195DR,56,27,29,22
GU195DS,14,6,8,1
GU195DT,13,8,5,6
GU195DU,23,13,10,9
GU195DX,95,52,43,39
GU195DY,119,62,57,45
GU195DZ,112,54,58,39
GU195EE,55,25,30,18
GU195EF,12,6,6,4
GU195EG,6,3,3,3
GU195EH,25,11,14,10
GU195EJ,46,27,19,15
GU195EL,34,16,18,19
GU195EP,11,5,6,4
GU195EQ,100,46,54,38
GU195ES,46,25,21,20
GU195ET,21,10,11,11
GU195EU,12,10,2,0
GU195EW,95,45,50,41
GU195EZ,38,20,18,15
GU195HB,18,9,9,8
GU195HH,16,8,8,11
GU195HJ,2,0,2,1
GU195HL,5,2,3,2
GU195HN,107,32,75,13
GU195HP,3,1,2,2
GU195HR,10,7,3,1
GU195HS,15,9,6,6
GU195HT,3,2,1,1
GU195HU,41,20,21,13
GU195HX,11,7,4,4
GU195HY,15,8,7,5
GU195HZ,16,9,7,5
GU195JA,20,14,6,4
GU195JB,2,1,1,1
GU195JH,11,7,4,3
GU195JJ,28,14,14,11
GU195JL,82,42,40,36
GU195JN,32,12,20,18
GU195JP,54,27,27,26
GU195JR,98,49,49,48
GU195JS,61,29,32,30
GU195JT,111,59,52,47
GU195JU,13,10,3,4
GU195JW,10,6,4,6
GU195JX,35,19,16,12
GU195JZ,149,76,73,51
GU195LA,19,7,12,10
GU195LB,68,36,32,24
GU195LD,15,7,8,8
GU195LE,8,4,4,5
GU195LF,12,7,5,4
GU195LH,6,3,3,4
GU195LJ,58,30,28,20
GU195LP,46,24,22,19
GU195LR,55,25,30,24
GU195LS,19,7,12,6
GU195LT,101,47,54,42
GU195LU,30,14,16,13
GU195LX,37,19,18,14
GU195LY,46,25,21,21
GU195LZ,50,22,28,25
GU195NA,68,36,32,26
GU195NB,44,23,21,23
GU195ND,29,14,15,10
GU195NE,44,24,20,15
GU195NF,38,18,20,16
GU195NH,32,14,18,30
GU195NJ,6,4,2,3
GU195NL,94,45,49,44
GU195NP,2,1,1,1
GU195NR,44,18,26,15
GU195NS,32,17,15,12
GU195NT,24,13,11,9
GU195NU,52,25,27,21
GU195NW,86,41,45,32
GU195NX,104,57,47,35
GU195PA,3,1,2,2
GU195PH,1,0,1,1
GU195PJ,30,16,14,9
GU195PL,6,3,3,3
GU195PN,7,4,3,3
GU195QA,23,11,12,7
GU195QD,20,10,10,6
GU195QE,11,6,5,4
GU195QF,66,38,28,28
GU195QG,57,27,30,24
GU195QH,28,15,13,12
GU195QJ,149,77,72,58
GU195QL,94,46,48,43
GU195QN,59,28,31,31
GU195QP,46,24,22,21
GU195QQ,44,22,22,27
GU195QR,39,21,18,13
GU195QS,52,27,25,26
GU195QT,50,23,27,22
GU195QU,43,21,22,15
GU195QW,22,10,12,7
GU195QX,44,22,22,20
GU195QY,108,59,49,47
GU195QZ,96,54,42,44
GU195RA,57,28,29,21
GU195RB,81,41,40,44
GU195RD,33,15,18,18
GU195RE,69,31,38,23
GU195RF,67,36,31,31
GU2 4AB,2,1,1,2
GU2 4AH,32,18,14,26
GU2 4AL,8,5,3,6
GU2 4AN,8,5,3,5
GU2 4AS,8,4,4,4
GU2 4AT,53,21,32,23
GU2 4AU,39,21,18,16
GU2 4AW,7,2,5,7
GU2 4AZ,27,14,13,10
GU2 4BA,45,25,20,14
GU2 4BD,10,5,5,3
GU2 4BE,2,1,1,2
GU2 4BL,6,3,3,2
GU2 4BP,65,33,32,34
GU2 4BS,31,16,15,10
GU2 4BW,39,21,18,25
GU2 4DB,52,30,22,23
GU2 4DD,26,7,19,22
GU2 4DE,12,5,7,6
GU2 4DG,19,9,10,8
GU2 4DH,5,3,2,2
GU2 4DJ,5,3,2,2
GU2 4DL,5,3,2,2
GU2 4DN,35,14,21,18
GU2 4DP,21,9,12,11
GU2 4DQ,30,14,16,15
GU2 4DR,8,4,4,3
GU2 4DT,55,25,30,31
GU2 4DU,23,13,10,11
GU2 4DW,27,5,22,21
GU2 4DX,11,3,8,6
GU2 4EA,39,18,21,21
GU2 4EB,50,18,32,20
GU2 4ED,20,10,10,9
GU2 4EE,35,22,13,8
GU2 4EF,15,5,10,8
GU2 4EJ,38,17,21,22
GU2 4EL,93,46,47,51
GU2 4EN,39,20,19,15
GU2 4EP,21,9,12,10
GU2 4ER,32,18,14,19
GU2 4ES,52,24,28,23
GU2 4ET,70,41,29,30
GU2 4EU,24,13,11,10
GU2 4EW,51,27,24,21
GU2 4EX,45,19,26,19
GU2 4EY,28,13,15,11
GU2 4EZ,48,26,22,20
GU2 4HA,39,19,20,17
GU2 4HB,32,14,18,12
GU2 4HD,56,31,25,19
GU2 4HE,31,16,15,13
GU2 4HF,16,7,9,5
GU2 4HL,55,35,20,31
GU2 4HN,9,5,4,7
GU2 4HQ,19,10,9,9
GU2 4HR,47,27,20,29
GU2 4HU,53,11,42,46
GU2 4HX,50,24,26,38
GU2 4HY,45,27,18,34
GU2 4HZ,24,10,14,9
GU2 4JA,51,22,29,23
GU2 4JB,54,24,30,23
GU2 4JD,63,33,30,26
GU2 4JE,53,27,26,24
GU2 4JF,59,26,33,27
GU2 4JN,127,50,77,51
GU2 4JR,62,27,35,23
GU2 4JS,25,15,10,15
GU2 4JT,35,17,18,12
GU2 4JU,40,24,16,15
GU2 4JX,71,38,33,26
GU2 4JZ,77,39,38,26
GU2 4LA,72,32,40,27
GU2 4LB,1,0,1,1
GU2 4LD,85,40,45,27
GU2 4LE,60,29,31,26
GU2 4LF,78,36,42,30
GU2 4LG,66,32,34,29
GU2 4LL,24,14,10,11
GU2 4LR,28,12,16,11
GU2 4LS,7,2,5,2
GU2 4PE,25,14,11,8
GU2 4RH,20,10,10,9
GU2 7AE,2,1,1,1
GU2 7JG,285,134,151,4
GU2 7JH,301,137,164,0
GU2 7JJ,33,18,15,11
GU2 7JL,408,196,212,0
GU2 7JN,451,210,241,15
GU2 7JP,209,91,118,0
GU2 7JQ,357,179,178,2
GU2 7JW,273,145,128,12
GU2 7LH,54,30,24,18
GU2 7LJ,48,28,20,19
GU2 7LQ,41,24,17,12
GU2 7LT,32,7,25,28
GU2 7LX,8,7,1,0
GU2 7NA,44,29,15,17
GU2 7NB,29,20,9,9
GU2 7ND,88,41,47,34
GU2 7NE,77,43,34,29
GU2 7NF,55,23,32,17
GU2 7NG,103,59,44,37
GU2 7NH,97,44,53,33
GU2 7NJ,97,47,50,36
GU2 7NL,75,38,37,23
GU2 7NN,166,96,70,52
GU2 7NQ,119,64,55,45
GU2 7NR,92,47,45,38
GU2 7NS,5,2,3,1
GU2 7NT,22,7,15,8
GU2 7NU,99,59,40,33
GU2 7NW,72,39,33,32
GU2 7NX,68,36,32,23
GU2 7NY,128,74,54,53
GU2 7NZ,28,15,13,12
GU2 7PF,64,39,25,22
GU2 7PG,12,5,7,5
GU2 7PH,78,43,35,32
GU2 7PJ,95,54,41,34
GU2 7PL,52,21,31,19
GU2 7PN,20,9,11,8
GU2 7PP,30,14,16,11
GU2 7PQ,57,24,33,21
GU2 7PR,29,12,17,13
GU2 7PS,52,27,25,20
GU2 7PT,63,36,27,18
GU2 7PU,65,34,31,20
GU2 7PW,45,19,26,18
GU2 7PX,22,11,11,6
GU2 7QA,9,6,3,3
GU2 7QD,13,7,6,5
GU2 7QE,4,2,2,2
GU2 7QF,12,7,5,4
GU2 7QG,28,14,14,11
GU2 7QH,70,28,42,25
GU2 7QJ,55,26,29,18
GU2 7QL,27,13,14,8
GU2 7QN,30,15,15,12
GU2 7QP,11,6,5,4
GU2 7QQ,18,9,9,8
GU2 7QR,10,5,5,8
GU2 7QS,59,31,28,32
GU2 7QT,25,5,20,23
GU2 7QU,39,21,18,18
GU2 7QW,34,18,16,12
GU2 7QX,69,37,32,22
GU2 7QY,62,30,32,22
GU2 7QZ,49,23,26,16
GU2 7RA,45,23,22,16
GU2 7RB,53,25,28,21
GU2 7RD,37,16,21,17
GU2 7RF,7,3,4,3
GU2 7RL,36,18,18,13
GU2 7RN,64,27,37,23
GU2 7RP,82,41,41,28
GU2 7RR,74,37,37,24
GU2 7RS,65,34,31,26
GU2 7RT,77,39,38,31
GU2 7RU,69,33,36,23
GU2 7RW,80,41,39,29
GU2 7RY,58,27,31,23
GU2 7SA,53,21,32,21
GU2 7SB,7,3,4,2
GU2 7SH,105,48,57,36
GU2 7SJ,48,26,22,17
GU2 7SL,61,29,32,20
GU2 7SN,77,37,40,27
GU2 7SP,59,31,28,21
GU2 7SR,54,33,21,21
GU2 7SS,5,3,2,3
GU2 7ST,76,39,37,29
GU2 7SU,94,47,47,36
GU2 7SW,51,28,23,18
GU2 7SX,74,42,32,29
GU2 7SY,71,38,33,23
GU2 7SZ,101,48,53,41
GU2 7TA,66,34,32,27
GU2 7TD,58,27,31,33
GU2 7TH,81,39,42,26
GU2 7TJ,13,6,7,8
GU2 7TL,14,8,6,6
GU2 7TN,3,2,1,2
GU2 7TP,61,31,30,21
GU2 7TR,69,36,33,30
GU2 7TS,96,48,48,33
GU2 7TT,45,16,29,14
GU2 7TU,76,36,40,21
GU2 7TW,36,25,11,13
GU2 7TX,48,24,24,20
GU2 7TY,40,20,20,15
GU2 7TZ,82,37,45,28
GU2 7UA,80,36,44,27
GU2 7UB,72,36,36,22
GU2 7UD,43,26,17,14
GU2 7UE,24,12,12,7
GU2 7UF,68,35,33,26
GU2 7UG,30,14,16,12
GU2 7UH,57,28,29,20
GU2 7UJ,9,4,5,4
GU2 7UL,4,4,0,4
GU2 7UQ,60,27,33,18
GU2 7UU,60,34,26,19
GU2 7UW,84,30,54,69
GU2 7UX,72,37,35,24
GU2 7UY,5,2,3,3
GU2 7UZ,107,54,53,36
GU2 7WW,29,17,12,8
GU2 7XA,46,22,24,14
GU2 7XB,65,33,32,22
GU2 7XD,32,17,15,13
GU2 7XE,67,39,28,24
GU2 7XH,55,28,27,1
GU2 7XN,166,65,101,11
GU2 7XR,85,36,49,1
GU2 7XU,8,2,6,3
GU2 7XZ,6,4,2,1
GU2 7YD,10,8,2,3
GU2 7YE,4,3,1,1
GU2 7YW,1292,619,673,7
GU2 7YX,6,3,3,3
GU2 7YZ,8,4,4,6
GU2 8AD,14,6,8,6
GU2 8AE,68,36,32,28
GU2 8AF,67,41,26,25
GU2 8AG,62,30,32,16
GU2 8AH,57,30,27,19
GU2 8AJ,70,42,28,27
GU2 8AL,38,21,17,15
GU2 8AN,79,40,39,27
GU2 8AP,88,43,45,30
GU2 8AQ,20,8,12,12
GU2 8AR,71,36,35,22
GU2 8AS,65,42,23,22
GU2 8AT,77,43,34,27
GU2 8AU,71,46,25,26
GU2 8AW,97,52,45,32
GU2 8AX,55,30,25,22
GU2 8BA,19,8,11,8
GU2 8BD,5,2,3,2
GU2 8BE,19,9,10,8
GU2 8BG,56,29,27,19
GU2 8BH,42,19,23,15
GU2 8BJ,21,7,14,16
GU2 8BL,49,27,22,22
GU2 8BN,82,41,41,28
GU2 8BQ,81,45,36,26
GU2 8BS,32,17,15,10
GU2 8BT,101,55,46,33
GU2 8BU,76,39,37,32
GU2 8BW,110,71,39,37
GU2 8BZ,29,15,14,11
GU2 8DA,114,61,53,47
GU2 8DB,10,4,6,6
GU2 8DD,67,26,41,24
GU2 8DE,64,26,38,27
GU2 8DF,79,51,28,27
GU2 8DG,41,23,18,12
GU2 8DH,87,33,54,33
GU2 8DJ,77,53,24,22
GU2 8DL,80,35,45,33
GU2 8DN,35,16,19,13
GU2 8DP,20,11,9,13
GU2 8DQ,91,46,45,28
GU2 8DR,18,9,9,13
GU2 8DS,17,9,8,12
GU2 8DT,78,44,34,27
GU2 8DW,61,33,28,23
GU2 8DX,35,23,12,22
GU2 8DY,20,10,10,7
GU2 8DZ,8,4,4,4
GU2 8EA,13,6,7,4
GU2 8EB,20,12,8,6
GU2 8ED,44,22,22,14
GU2 8EE,37,18,19,11
GU2 8EF,57,21,36,15
GU2 8EG,22,12,10,7
GU2 8EH,7,2,5,2
GU2 8EJ,56,31,25,18
GU2 8EL,39,21,18,11
GU2 8EN,83,40,43,21
GU2 8EP,26,12,14,9
GU2 8EQ,36,17,19,12
GU2 8ER,100,57,43,35
GU2 8ES,77,42,35,21
GU2 8ET,5,2,3,2
GU2 8EU,139,66,73,42
GU2 8EW,33,13,20,9
GU2 8EX,56,29,27,20
GU2 8EY,74,35,39,23
GU2 8EZ,95,52,43,40
GU2 8FA,16,4,12,9
GU2 8FB,23,10,13,8
GU2 8FD,32,16,16,10
GU2 8FH,51,22,29,17
GU2 8FN,29,13,16,8
GU2 8GG,54,26,28,23
GU2 8GY,103,47,56,46
GU2 8GZ,13,7,6,4
GU2 8HA,52,16,36,31
GU2 8HB,1,0,1,1
GU2 8HD,53,35,18,25
GU2 8HE,61,26,35,23
GU2 8HF,37,15,22,14
GU2 8HG,28,12,16,10
GU2 8HH,73,31,42,31
GU2 8HJ,74,39,35,30
GU2 8HL,51,23,28,18
GU2 8HN,60,28,32,24
GU2 8HP,39,21,18,18
GU2 8HQ,62,28,34,27
GU2 8HR,81,45,36,30
GU2 8HS,98,49,49,45
GU2 8HT,62,31,31,32
GU2 8HU,58,27,31,27
GU2 8HW,76,37,39,28
GU2 8HY,60,26,34,28
GU2 8HZ,52,26,26,19
GU2 8JA,162,86,76,62
GU2 8JB,13,7,6,5
GU2 8JD,22,10,12,19
GU2 8JE,126,61,65,34
GU2 8JF,72,31,41,22
GU2 8JG,87,36,51,32
GU2 8JH,30,12,18,16
GU2 8JJ,96,49,47,38
GU2 8JL,34,16,18,15
GU2 8JN,52,24,28,30
GU2 8JP,56,26,30,19
GU2 8JQ,97,57,40,33
GU2 8JR,83,45,38,27
GU2 8JS,110,59,51,43
GU2 8JT,95,51,44,35
GU2 8JU,86,41,45,37
GU2 8JW,66,30,36,31
GU2 8JX,79,44,35,38
GU2 8JY,53,27,26,23
GU2 8LA,91,55,36,35
GU2 8LD,9,7,2,7
GU2 8LE,81,38,43,30
GU2 8LF,76,35,41,27
GU2 8LG,85,47,38,32
GU2 8LH,80,37,43,30
GU2 8LJ,67,30,37,30
GU2 8LL,55,22,33,28
GU2 8LN,40,20,20,14
GU2 8LP,85,40,45,32
GU2 8LQ,56,27,29,24
GU2 8LR,70,29,41,33
GU2 8LS,47,22,25,17
GU2 8LT,68,31,37,28
GU2 8LU,79,43,36,28
GU2 8LW,7,1,6,2
GU2 8LX,104,56,48,37
GU2 8LY,73,42,31,24
GU2 8LZ,38,14,24,21
GU2 8NA,11,5,6,3
GU2 8NB,28,11,17,7
GU2 8ND,101,51,50,33
GU2 8NH,57,27,30,17
GU2 8NJ,17,6,11,11
GU2 8UT,76,42,34,28
GU2 8UX,78,32,46,45
GU2 8WB,22,12,10,10
GU2 9AA,16,9,7,4
GU2 9AB,93,53,40,26
GU2 9AD,41,19,22,15
GU2 9AE,53,20,33,19
GU2 9AF,62,32,30,25
GU2 9AG,41,19,22,14
GU2 9AH,174,87,87,57
GU2 9AJ,6,3,3,4
GU2 9GA,17,9,8,10
GU2 9GB,99,46,53,34
GU2 9GD,122,51,71,37
GU2 9GN,20,10,10,5
GU2 9GP,68,31,37,20
GU2 9GR,33,17,16,14
GU2 9GS,25,12,13,7
GU2 9GT,19,9,10,7
GU2 9GU,12,7,5,5
GU2 9GW,9,5,4,4
GU2 9GY,137,68,69,46
GU2 9GZ,72,31,41,22
GU2 9JR,26,14,12,12
GU2 9JS,19,10,9,6
GU2 9LA,63,37,26,18
GU2 9LB,65,35,30,24
GU2 9LD,107,59,48,40
GU2 9LE,24,15,9,8
GU2 9LF,51,26,25,22
GU2 9LH,21,11,10,11
GU2 9LL,73,24,49,0
GU2 9LN,104,51,53,25
GU2 9LP,76,42,34,32
GU2 9LR,38,21,17,15
GU2 9LS,82,45,37,34
GU2 9LT,24,13,11,14
GU2 9LU,36,17,19,14
GU2 9LW,84,40,44,26
GU2 9LX,103,49,54,37
GU2 9LY,24,15,9,10
GU2 9LZ,27,13,14,16
GU2 9NA,67,35,32,23
GU2 9NB,15,7,8,10
GU2 9ND,10,4,6,8
GU2 9NE,108,51,57,40
GU2 9NF,77,34,43,30
GU2 9NG,43,29,14,29
GU2 9NH,33,20,13,19
GU2 9NJ,141,78,63,45
GU2 9NL,33,24,9,23
GU2 9NN,93,46,47,36
GU2 9NP,31,15,16,17
GU2 9NQ,70,37,33,23
GU2 9NR,113,60,53,46
GU2 9NS,131,64,67,51
GU2 9NT,45,25,20,18
GU2 9NU,62,29,33,26
GU2 9NW,64,33,31,24
GU2 9NX,42,22,20,13
GU2 9NY,90,46,44,30
GU2 9NZ,66,32,34,23
GU2 9PA,107,51,56,38
GU2 9PB,16,8,8,5
GU2 9PD,69,37,32,29
GU2 9PE,13,8,5,8
GU2 9PF,18,8,10,10
GU2 9PG,83,47,36,34
GU2 9PH,75,36,39,35
GU2 9PJ,75,38,37,34
GU2 9PL,322,189,133,10
GU2 9PN,18,8,10,7
GU2 9PP,71,34,37,22
GU2 9PQ,42,21,21,12
GU2 9PR,45,24,21,23
GU2 9PS,92,44,48,38
GU2 9PT,25,9,16,10
GU2 9PU,90,45,45,35
GU2 9PW,15,11,4,4
GU2 9PX,70,32,38,34
GU2 9PY,72,39,33,25
GU2 9PZ,118,66,52,46
GU2 9QA,60,31,29,24
GU2 9QB,56,28,28,22
GU2 9QD,28,13,15,10
GU2 9QE,116,52,64,45
GU2 9QF,108,53,55,40
GU2 9QG,127,53,74,48
GU2 9QH,10,6,4,3
GU2 9QJ,41,24,17,12
GU2 9QL,17,9,8,9
GU2 9QN,43,21,22,14
GU2 9QP,35,17,18,13
GU2 9QQ,50,21,29,16
GU2 9QR,26,11,15,11
GU2 9QS,16,8,8,5
GU2 9QT,33,14,19,16
GU2 9QU,93,45,48,33
GU2 9QW,29,13,16,10
GU2 9QX,59,28,31,29
GU2 9QY,41,24,17,18
GU2 9QZ,60,29,31,25
GU2 9RA,26,14,12,10
GU2 9RB,68,33,35,25
GU2 9RD,91,50,41,35
GU2 9RE,66,30,36,28
GU2 9RF,61,24,37,23
GU2 9RH,51,24,27,25
GU2 9RJ,111,55,56,39
GU2 9RN,44,23,21,23
GU2 9RP,44,21,23,15
GU2 9RQ,127,70,57,52
GU2 9RR,28,16,12,11
GU2 9RS,108,60,48,46
GU2 9RT,97,53,44,34
GU2 9RU,92,51,41,42
GU2 9RW,45,22,23,19
GU2 9RX,55,30,25,25
GU2 9RY,114,62,52,34
GU2 9RZ,84,38,46,25
GU2 9SA,110,53,57,48
GU2 9SB,28,10,18,12
GU2 9SD,110,52,58,36
GU2 9SE,37,13,24,22
GU2 9SF,15,7,8,14
GU2 9SG,78,36,42,25
GU2 9SJ,47,21,26,13
GU2 9SL,69,33,36,26
GU2 9SN,65,34,31,27
GU2 9SP,47,17,30,18
GU2 9SQ,33,20,13,11
GU2 9SR,96,43,53,39
GU2 9SS,72,30,42,24
GU2 9ST,55,27,28,22
GU2 9SU,59,30,29,23
GU2 9SW,63,31,32,26
GU2 9SX,25,11,14,12
GU2 9SY,56,27,29,18
GU2 9SZ,45,27,18,18
GU2 9TA,29,14,15,10
GU2 9TB,99,53,46,30
GU2 9TD,20,13,7,6
GU2 9TE,29,16,13,10
GU2 9TF,27,13,14,12
GU2 9TG,60,38,22,24
GU2 9TH,75,39,36,23
GU2 9TJ,86,47,39,28
GU2 9TL,23,13,10,8
GU2 9TN,20,13,7,10
GU2 9TP,7,5,2,5
GU2 9TQ,32,18,14,8
GU2 9TS,79,35,44,28
GU2 9TT,91,48,43,29
GU2 9TU,89,50,39,36
GU2 9TW,20,11,9,14
GU2 9TX,4,2,2,1
GU2 9TY,54,23,31,23
GU2 9TZ,59,33,26,22
GU2 9UA,90,46,44,28
GU2 9UB,65,35,30,25
GU2 9UD,84,39,45,31
GU2 9UE,41,23,18,15
GU2 9UF,103,59,44,35
GU2 9UG,71,37,34,24
GU2 9UH,70,34,36,30
GU2 9UJ,80,41,39,30
GU2 9UL,50,33,17,19
GU2 9UN,103,56,47,36
GU2 9UP,13,6,7,6
GU2 9UQ,53,27,26,19
GU2 9UR,59,25,34,46
GU2 9UT,20,13,7,6
GU2 9UU,31,15,16,11
GU2 9UW,29,14,15,13
GU2 9UX,9,5,4,3
GU2 9UY,77,31,46,28
GU2 9UZ,46,24,22,17
GU2 9WA,76,36,40,40
GU2 9XA,51,27,24,22
GU2 9XD,50,25,25,20
GU2 9XE,37,16,21,23
GU2 9XF,36,17,19,18
GU2 9XH,38,19,19,16
GU2 9XJ,54,29,25,20
GU2 9XL,64,36,28,22
GU2 9XN,55,29,26,21
GU2 9XP,49,21,28,17
GU2 9XQ,11,7,4,3
GU2 9XR,65,32,33,23
GU2 9XS,68,42,26,24
GU2 9XT,66,34,32,28
GU2 9XW,23,13,10,8
GU2 9XX,101,54,47,36
GU2 9XY,86,41,45,37
GU2 9XZ,107,53,54,40
GU2 9YA,64,32,32,28
GU2 9YB,104,53,51,45
GU2 9YD,28,17,11,11
GU2 9YE,37,21,16,23
GU2 9YF,46,18,28,23
GU2 9YG,39,21,18,14
GU2 9YH,34,18,16,12
GU2 9YJ,42,21,21,13
GU2 9YL,17,7,10,10
GU2 9YN,41,20,21,22
GU2 9YP,70,39,31,30
GU2 9YQ,17,10,7,8
GU2 9YR,42,17,25,37
GU2 9YS,52,21,31,45
GU2 9YT,23,12,11,7
GU2 9YU,56,26,30,22
GU2 9YW,44,18,26,22
GU2 9YX,24,15,9,9
GU2 9YY,63,32,31,23
GU2 9YZ,47,21,26,23
GU2 9ZZ,11,5,6,8
GU206AA,45,20,25,20
GU206AB,32,18,14,12
GU206AD,30,15,15,13
GU206AE,2,1,1,1
GU206AF,14,9,5,8
GU206AG,12,7,5,5
GU206AH,20,10,10,12
GU206AJ,53,19,34,24
GU206AL,60,28,32,24
GU206AN,18,7,11,8
GU206AP,20,11,9,8
GU206AQ,20,11,9,8
GU206AR,110,54,56,40
GU206AS,5,2,3,1
GU206AT,21,9,12,9
GU206AW,31,12,19,12
GU206BH,40,21,19,19
GU206BJ,11,7,4,4
GU206BL,8,4,4,6
GU206BN,10,6,4,5
GU206BP,33,15,18,13
GU206BS,23,13,10,8
GU206BT,34,17,17,13
GU206BU,17,10,7,6
GU206BW,20,9,11,10
GU206BX,7,3,4,2
GU206BY,8,4,4,4
GU206BZ,15,7,8,4
GU206DA,14,7,7,6
GU206DB,22,11,11,11
GU206DD,47,26,21,24
GU206DE,3,1,2,2
GU206DF,2,0,2,2
GU206DG,24,12,12,7
GU206DH,6,3,3,6
GU206DJ,26,13,13,10
GU206DL,58,29,29,23
GU206DN,27,12,15,14
GU206DP,78,43,35,26
GU206DQ,9,5,4,3
GU206DS,18,8,10,7
GU206DT,12,6,6,3
GU206DU,28,14,14,14
GU206DW,17,7,10,7
GU206DX,39,18,21,21
GU206DY,73,36,37,26
GU206DZ,40,21,19,24
GU206EA,65,37,28,20
GU206EB,10,3,7,6
GU206ED,23,11,12,10
GU206EE,29,16,13,10
GU206EN,18,9,9,13
GU206EP,49,25,24,22
GU206ET,14,7,7,6
GU206EW,28,16,12,10
GU206EX,43,21,22,17
GU206EY,31,16,15,15
GU206EZ,8,5,3,4
GU206HA,12,4,8,7
GU206HB,8,5,3,3
GU206HD,10,4,6,6
GU206HE,13,4,9,7
GU206HL,3,1,2,2
GU206HP,49,24,25,21
GU206HR,44,21,23,16
GU206HS,45,22,23,22
GU206HT,36,16,20,13
GU206HU,22,8,14,8
GU206HX,4,3,1,2
GU206HZ,21,11,10,8
GU206JA,68,36,32,24
GU206JB,45,18,27,21
GU206JD,122,62,60,42
GU206JE,8,3,5,3
GU206JF,37,16,21,15
GU206JG,45,19,26,19
GU206JH,10,6,4,5
GU206JJ,42,22,20,18
GU206JL,63,34,29,23
GU206JN,79,39,40,28
GU206JP,62,31,31,22
GU206JQ,40,19,21,13
GU206JR,29,16,13,14
GU206JS,34,17,17,13
GU206JT,45,22,23,17
GU206JU,12,5,7,5
GU206JW,83,42,41,31
GU206JX,17,9,8,5
GU206JY,29,18,11,12
GU206JZ,39,20,19,17
GU206LA,51,26,25,22
GU206LE,12,3,9,9
GU206LF,7,4,3,3
GU206LG,5,3,2,2
GU206LH,36,17,19,14
GU206LJ,18,8,10,5
GU206LN,16,9,7,10
GU206LP,19,10,9,6
GU206LQ,15,8,7,6
GU206LR,7,3,4,3
GU206LS,31,15,16,13
GU206LT,44,22,22,17
GU206LW,14,5,9,5
GU206LX,17,7,10,7
GU206NA,21,8,13,8
GU206NB,21,11,10,12
GU206NE,93,45,48,39
GU206NF,37,18,19,13
GU206NG,121,60,61,45
GU206NQ,22,12,10,9
GU206PA,23,9,14,10
GU206PB,39,18,21,15
GU206PD,39,20,19,13
GU206PE,8,5,3,4
GU206PF,72,58,14,3
GU206PG,35,19,16,13
GU206PJ,71,30,41,31
GU206PL,51,24,27,19
GU206PN,51,28,23,19
GU206PP,34,16,18,12
GU206PQ,4,2,2,1
GU206PR,11,7,4,4
GU206PS,19,8,11,6
GU206PW,57,29,28,18
GU206QA,49,29,20,16
GU206QB,33,19,14,13
GU206QD,139,68,71,58
GU206QE,35,19,16,24
GU206QF,18,10,8,7
GU206QG,23,10,13,9
GU206QH,24,11,13,8
GU206QJ,32,17,15,17
GU206QL,18,8,10,10
GU206QN,43,17,26,31
GU206QQ,38,19,19,13
GU212AA,78,39,39,31
GU212AB,26,11,15,12
GU212AD,28,11,17,10
GU212AE,69,30,39,35
GU212AF,31,13,18,15
GU212AG,40,22,18,18
GU212AH,110,60,50,37
GU212AJ,18,8,10,6
GU212AL,77,34,43,34
GU212AN,38,17,21,16
GU212AP,56,22,34,30
GU212AQ,70,38,32,26
GU212AR,67,36,31,38
GU212AS,6,4,2,1
GU212AT,13,7,6,10
GU212AU,18,12,6,11
GU212AW,10,5,5,3
GU212AX,46,23,23,27
GU212AY,207,101,106,64
GU212AZ,94,41,53,33
GU212BD,46,21,25,15
GU212BG,46,22,24,30
GU212BL,126,57,69,55
GU212BN,37,19,18,15
GU212BP,85,38,47,37
GU212BQ,96,48,48,51
GU212BS,24,15,9,20
GU212BT,9,4,5,4
GU212BW,39,19,20,17
GU212BX,80,37,43,41
GU212BY,27,13,14,10
GU212BZ,56,33,23,19
GU212DA,16,11,5,10
GU212DB,101,51,50,31
GU212DD,81,34,47,33
GU212DE,11,6,5,5
GU212DF,39,22,17,12
GU212DG,118,51,67,39
GU212DH,104,52,52,51
GU212DJ,91,46,45,29
GU212DL,85,44,41,37
GU212DP,25,13,12,14
GU212DQ,81,40,41,31
GU212DR,20,11,9,11
GU212DS,1,0,1,1
GU212DT,43,22,21,17
GU212DU,5,3,2,1
GU212DW,96,49,47,36
GU212DX,125,59,66,41
GU212DY,17,8,9,6
GU212DZ,19,12,7,6
GU212EA,10,6,4,4
GU212EB,14,6,8,7
GU212ED,38,20,18,16
GU212EE,45,21,24,24
GU212EF,6,1,5,4
GU212EG,10,5,5,4
GU212EJ,8,3,5,5
GU212EL,30,14,16,12
GU212EN,40,17,23,14
GU212ER,11,6,5,7
GU212ES,115,58,57,41
GU212ET,84,44,40,31
GU212EU,8,4,4,4
GU212EW,33,17,16,17
GU212EX,13,6,7,6
GU212EY,164,80,84,60
GU212EZ,114,55,59,43
GU212FB,166,85,81,62
GU212FD,110,62,48,39
GU212FE,162,73,89,54
GU212FH,6,4,2,2
GU212HA,38,21,17,14
GU212HB,61,29,32,20
GU212HD,26,11,15,10
GU212HE,35,10,25,24
GU212HF,12,7,5,9
GU212HG,12,6,6,8
GU212HH,7,1,6,3
GU212HJ,14,5,9,9
GU212HL,34,19,15,9
GU212HN,2,1,1,1
GU212HP,30,16,14,14
GU212HR,79,40,39,29
GU212HS,9,5,4,6
GU212HT,21,10,11,6
GU212HU,81,39,42,33
GU212HW,11,5,6,5
GU212HX,6,2,4,2
GU212HY,7,4,3,3
GU212HZ,3,1,2,2
GU212JA,77,40,37,26
GU212JB,12,6,6,3
GU212JD,25,14,11,12
GU212JE,10,5,5,3
GU212JF,26,11,15,10
GU212JG,10,6,4,9
GU212JH,54,27,27,18
GU212JJ,4,2,2,1
GU212JL,7,4,3,2
GU212JN,35,18,17,11
GU212JP,91,45,46,35
GU212JQ,34,19,15,13
GU212JR,43,20,23,15
GU212JS,88,47,41,30
GU212JT,53,26,27,19
GU212JU,34,17,17,13
GU212JX,23,12,11,7
GU212JY,8,3,5,3
GU212JZ,28,13,15,8
GU212LA,86,45,41,53
GU212LB,18,10,8,7
GU212LD,50,26,24,19
GU212LE,41,21,20,16
GU212LF,39,20,19,15
GU212LG,70,35,35,25
GU212LH,104,49,55,35
GU212LJ,31,14,17,12
GU212LL,26,9,17,7
GU212LP,75,43,32,28
GU212LQ,48,20,28,16
GU212LR,65,34,31,27
GU212LS,109,52,57,40
GU212LT,7,3,4,4
GU212LU,45,26,19,17
GU212LW,4,2,2,4
GU212LY,6,3,3,2
GU212NA,50,29,21,15
GU212NB,94,50,44,39
GU212ND,69,37,32,28
GU212NE,5,2,3,3
GU212NF,35,15,20,15
GU212NG,33,15,18,20
GU212NH,52,27,25,22
GU212NJ,52,26,26,15
GU212NL,42,22,20,21
GU212NN,112,63,49,36
GU212NQ,63,29,34,23
GU212NR,32,16,16,12
GU212NS,41,16,25,26
GU212NT,80,38,42,31
GU212NU,44,25,19,17
GU212NW,119,57,62,40
GU212NX,48,21,27,20
GU212NY,31,14,17,15
GU212NZ,26,17,9,11
GU212PA,67,33,34,24
GU212PB,112,54,58,39
GU212PE,17,9,8,6
GU212PG,2,1,1,1
GU212PJ,92,45,47,32
GU212PL,46,23,23,18
GU212PN,86,47,39,36
GU212PP,5,2,3,2
GU212PT,14,7,7,8
GU212PU,46,25,21,14
GU212PW,34,17,17,12
GU212PX,51,29,22,20
GU212PY,30,13,17,12
GU212PZ,52,28,24,21
GU212QB,9,4,5,6
GU212QD,26,12,14,9
GU212QE,11,5,6,4
GU212QF,40,20,20,16
GU212QG,101,56,45,38
GU212QH,23,10,13,10
GU212QJ,155,72,83,46
GU212QL,163,88,75,66
GU212QN,13,6,7,5
GU212QP,63,43,20,42
GU212QQ,74,36,38,31
GU212QS,31,18,13,0
GU212QX,71,36,35,22
GU212QY,230,112,118,70
GU212QZ,168,83,85,78
GU212RA,78,37,41,27
GU212RB,14,8,6,7
GU212RD,12,8,4,6
GU212RE,18,11,7,4
GU212RF,14,8,6,12
GU212RH,91,43,48,36
GU212RJ,56,25,31,20
GU212RL,39,17,22,15
GU212RN,5,3,2,2
GU212RP,36,22,14,7
GU212RR,53,32,21,18
GU212RS,42,22,20,14
GU212RT,22,11,11,6
GU212RU,37,21,16,10
GU212RW,101,54,47,37
GU212RX,56,29,27,20
GU212RY,69,32,37,27
GU212RZ,59,28,31,22
GU212SA,27,13,14,11
GU212SB,43,23,20,15
GU212SD,30,10,20,10
GU212SE,34,15,19,10
GU212SF,64,34,30,26
GU212SG,46,24,22,14
GU212SH,15,10,5,4
GU212SJ,28,14,14,7
GU212SL,8,2,6,5
GU212SN,26,12,14,10
GU212SQ,2,1,1,1
GU212SU,37,18,19,17
GU212SW,49,21,28,13
GU212SX,88,42,46,30
GU212SY,27,11,16,9
GU212TA,93,44,49,34
GU212TB,18,8,10,6
GU212TD,47,24,23,15
GU212TG,70,33,37,36
GU212TH,65,40,25,11
GU212TJ,155,78,77,49
GU212TL,80,44,36,27
GU212TN,43,19,24,23
GU212TP,175,84,91,56
GU212TQ,101,47,54,39
GU212TR,136,68,68,36
GU212TT,3,2,1,2
GU212TU,20,8,12,8
GU212TW,62,36,26,35
GU212TX,3,1,2,1
GU212UA,27,13,14,18
GU212UB,54,26,28,23
GU212UD,57,29,28,30
GU212UE,109,54,55,48
GU212UF,37,21,16,16
GU212UJ,30,9,21,12
GU212UN,34,12,22,10
GU212UW,32,13,19,13
GU213AA,59,32,27,32
GU213AB,102,49,53,30
GU213AD,159,80,79,49
GU213AE,149,68,81,43
GU213AF,69,35,34,25
GU213AG,43,23,20,9
GU213AH,86,41,45,27
GU213AJ,88,42,46,45
GU213AL,61,30,31,40
GU213AN,136,73,63,48
GU213AP,17,10,7,6
GU213AQ,69,35,34,34
GU213AR,31,16,15,12
GU213AS,73,39,34,36
GU213AT,114,51,63,44
GU213AU,160,84,76,54
GU213AW,60,32,28,37
GU213AX,3,1,2,1
GU213BG,85,38,47,31
GU213BH,53,24,29,26
GU213BN,90,47,43,48
GU213BP,185,95,90,66
GU213BQ,49,23,26,18
GU213BS,126,61,65,52
GU213BT,124,58,66,42
GU213BU,88,42,46,37
GU213BW,46,21,25,27
GU213BX,62,34,28,28
GU213BY,123,60,63,42
GU213BZ,83,38,45,28
GU213DA,20,9,11,10
GU213DB,82,39,43,39
GU213DD,137,69,68,60
GU213DJ,74,37,37,34
GU213DL,142,73,69,51
GU213DN,79,35,44,33
GU213DS,47,20,27,17
GU213DT,41,20,21,20
GU213DU,52,30,22,20
GU213DW,87,43,44,61
GU213DX,22,10,12,7
GU213DY,74,35,39,32
GU213DZ,40,21,19,23
GU213HA,83,40,43,32
GU213HB,85,42,43,32
GU213HD,21,12,9,9
GU213HE,45,20,25,11
GU213HF,26,13,13,10
GU213HG,74,39,35,25
GU213HH,7,2,5,5
GU213HJ,39,20,19,15
GU213HL,31,16,15,11
GU213HN,71,35,36,30
GU213HP,73,33,40,35
GU213HQ,67,28,39,30
GU213HS,7,4,3,3
GU213HT,59,29,30,31
GU213HU,72,30,42,36
GU213HW,62,27,35,25
GU213HX,120,55,65,39
GU213HY,45,25,20,18
GU213HZ,19,10,9,10
GU213JA,26,9,17,17
GU213JB,33,18,15,9
GU213JD,54,29,25,21
GU213JE,26,13,13,12
GU213JF,68,39,29,38
GU213JN,109,50,59,35
GU213JP,199,95,104,67
GU213JR,29,16,13,9
GU213JT,78,35,43,36
GU213JU,153,77,76,58
GU213JW,43,18,25,19
GU213JX,138,66,72,57
GU213JY,158,64,94,73
GU213JZ,43,25,18,24
GU213LA,150,75,75,68
GU213LB,142,71,71,47
GU213LD,118,58,60,51
GU213LE,39,17,22,21
GU213LG,1,1,0,1
GU213LH,36,19,17,21
GU213LJ,71,36,35,29
GU213LL,62,34,28,44
GU213LN,58,26,32,26
GU213LP,43,21,22,24
GU213LR,68,38,30,38
GU213LS,47,25,22,23
GU213LT,88,47,41,46
GU213LW,52,14,38,44
GU213LX,149,78,71,49
GU213LY,76,41,35,42
GU213LZ,54,29,25,27
GU213NE,61,14,47,47
GU213NL,43,22,21,13
GU213NP,32,9,23,25
GU213NR,10,6,4,5
GU213NT,5,2,3,3
GU213NU,13,5,8,10
GU213NX,48,23,25,29
GU213NY,21,9,12,10
GU213NZ,51,27,24,18
GU213PA,65,28,37,21
GU213PB,50,21,29,19
GU213PD,35,16,19,13
GU213PE,13,7,6,9
GU213PF,41,17,24,19
GU213PG,70,29,41,39
GU213PH,9,3,6,7
GU213PJ,85,42,43,37
GU213PL,23,11,12,7
GU213PN,24,12,12,9
GU213PP,67,28,39,30
GU213PQ,34,16,18,14
GU213PR,91,44,47,41
GU213PS,33,17,16,15
GU213PT,8,2,6,6
GU213PU,92,45,47,31
GU213PW,52,22,30,21
GU213PX,132,67,65,51
GU213PY,86,43,43,34
GU213PZ,24,10,14,11
GU213QA,114,53,61,50
GU213QB,62,29,33,28
GU213QD,131,60,71,51
GU213QF,41,17,24,13
GU213QG,46,21,25,23
GU213QH,45,19,26,27
GU213QJ,45,21,24,18
GU213QL,31,13,18,18
GU213QN,101,51,50,39
GU213QP,113,59,54,36
GU213QQ,101,45,56,46
GU213QR,9,4,5,3
GU213QS,162,86,76,57
GU213QT,133,66,67,51
GU213QU,140,75,65,51
GU213QW,70,32,38,27
GU213QX,4,2,2,1
GU213QY,92,45,47,36
GU213QZ,58,27,31,23
GU213RA,27,14,13,10
GU213RB,106,45,61,40
GU213RD,69,33,36,25
GU213RE,42,22,20,15
GU213RF,177,90,87,53
GU213RG,4,3,1,1
GU213RH,67,34,33,28
GU213RJ,37,18,19,13
GU213RL,56,27,29,15
GU213RN,31,17,14,14
GU213RP,35,14,21,21
GU213RQ,114,57,57,38
GU213RR,57,33,24,39
GU213RS,130,68,62,56
GU213RT,3,2,1,2
GU213RU,160,75,85,52
GU213RW,70,35,35,43
GU213RX,103,59,44,38
GU213TA,16,9,7,4
GU213TB,17,9,8,8
GU214AA,4,3,1,2
GU214AB,27,17,10,16
GU214AE,65,30,35,20
GU214AF,57,24,33,24
GU214AG,9,3,6,3
GU214AJ,84,36,48,28
GU214AL,26,15,11,12
GU214AN,25,9,16,10
GU214AP,47,20,27,22
GU214AQ,29,15,14,16
GU214AS,8,7,1,4
GU214AT,9,2,7,4
GU214AU,27,14,13,12
GU214AW,13,6,7,8
GU214AX,74,32,42,40
GU214AY,27,10,17,13
GU214AZ,16,7,9,8
GU214BA,59,30,29,22
GU214BB,29,14,15,9
GU214BD,74,40,34,25
GU214BE,52,22,30,18
GU214BG,11,6,5,4
GU214BH,49,24,25,15
GU214BJ,28,10,18,14
GU214BL,82,40,42,30
GU214BN,72,31,41,28
GU214BP,69,35,34,24
GU214BS,78,43,35,32
GU214BT,7,4,3,4
GU214BU,10,6,4,4
GU214BW,88,45,43,34
GU214BX,58,30,28,20
GU214BZ,2,1,1,1
GU214DA,64,31,33,24
GU214DB,118,59,59,42
GU214DD,10,4,6,3
GU214DJ,15,6,9,4
GU214DL,61,27,34,19
GU214DN,5,1,4,1
GU214DP,39,20,19,15
GU214DR,2,1,1,1
GU214DS,64,28,36,24
GU214DT,45,23,22,17
GU214DU,1,0,1,1
GU214DW,18,10,8,8
GU214DX,2,1,1,1
GU214DY,104,50,54,36
GU214DZ,5,4,1,3
GU214ED,30,16,14,11
GU214EE,28,14,14,9
GU214EF,8,4,4,4
GU214EH,52,31,21,16
GU214EL,15,7,8,6
GU214EN,56,23,33,17
GU214EQ,5,2,3,1
GU214ER,33,17,16,11
GU214ES,24,12,12,10
GU214ET,55,22,33,21
GU214EU,35,15,20,13
GU214EW,15,7,8,4
GU214EX,11,7,4,4
GU214HA,23,12,11,13
GU214HE,25,13,12,11
GU214HG,22,13,9,8
GU214HH,9,5,4,3
GU214HJ,25,13,12,6
GU214HL,16,7,9,5
GU214HN,24,12,12,6
GU214HP,21,9,12,7
GU214HQ,42,24,18,25
GU214HT,118,59,59,36
GU214HW,18,8,10,5
GU214HX,46,12,34,2
GU214HY,116,57,59,36
GU214HZ,36,18,18,18
GU214JA,68,25,43,10
GU214JB,19,9,10,6
GU214JD,19,8,11,8
GU214JE,4,2,2,3
GU214JF,11,5,6,4
GU214JG,24,10,14,10
GU214JH,16,8,8,5
GU214JJ,33,16,17,11
GU214JL,46,27,19,17
GU214JN,39,19,20,14
GU214JP,10,5,5,5
GU214JQ,56,29,27,19
GU214JR,61,30,31,23
GU214JS,13,8,5,4
GU214JT,38,19,19,14
GU214JU,80,39,41,26
GU214JW,59,30,29,20
GU214JX,8,6,2,6
GU214JY,7,3,4,2
GU214JZ,5,3,2,2
GU214LA,7,3,4,2
GU214LB,10,4,6,3
GU214LD,8,5,3,4
GU214LH,5,2,3,2
GU214LJ,44,20,24,27
GU214LL,23,11,12,12
GU214LN,12,7,5,4
GU214LP,14,7,7,5
GU214LQ,9,5,4,3
GU214LR,31,16,15,11
GU214LS,101,48,53,47
GU214LT,98,48,50,43
GU214LU,13,5,8,4
GU214LW,48,22,26,17
GU214LX,10,6,4,3
GU214LY,95,54,41,33
GU214LZ,130,68,62,43
GU214NA,56,30,26,17
GU214ND,29,17,12,15
GU214NH,89,44,45,29
GU214NJ,62,33,29,24
GU214NN,31,17,14,10
GU214NR,27,13,14,12
GU214NS,45,20,25,35
GU214NT,72,32,40,32
GU214NU,21,11,10,8
GU214NW,5,2,3,4
GU214NX,36,16,20,12
GU214PA,10,3,7,4
GU214PB,17,7,10,12
GU214PD,41,20,21,22
GU214PE,2,1,1,1
GU214PF,7,4,3,2
GU214PG,70,31,39,29
GU214PH,17,7,10,9
GU214PJ,18,7,11,7
GU214PL,37,21,16,16
GU214PN,80,31,49,29
GU214PP,56,29,27,16
GU214PQ,63,29,34,26
GU214PR,62,30,32,23
GU214PS,35,17,18,16
GU214PT,99,50,49,33
GU214PW,115,61,54,35
GU214PY,11,5,6,9
GU214PZ,9,4,5,4
GU214QA,7,3,4,3
GU214QD,75,35,40,32
GU214QE,44,22,22,17
GU214QF,12,5,7,4
GU214QG,72,37,35,32
GU214QH,13,5,8,3
GU214QJ,22,9,13,11
GU214QL,85,38,47,32
GU214QN,122,60,62,45
GU214QP,31,16,15,13
GU214QQ,19,8,11,6
GU214QR,76,36,40,21
GU214QS,25,13,12,8
GU214QT,8,4,4,3
GU214QU,55,25,30,21
GU214QW,25,16,9,14
GU214QX,25,13,12,10
GU214QY,19,7,12,6
GU214QZ,45,21,24,17
GU214RA,10,6,4,4
GU214RB,49,24,25,13
GU214RD,18,9,9,6
GU214RE,27,13,14,13
GU214RF,10,6,4,3
GU214RG,16,8,8,4
GU214RH,48,26,22,19
GU214RJ,125,64,61,34
GU214RL,15,8,7,5
GU214RN,91,50,41,25
GU214RP,55,26,29,20
GU214RR,43,20,23,16
GU214RS,37,23,14,13
GU214RT,13,6,7,6
GU214RU,29,16,13,8
GU214RW,81,42,39,26
GU214RX,9,5,4,5
GU214RY,37,16,21,17
GU214RZ,116,56,60,40
GU214SB,18,11,7,7
GU214SD,88,45,43,29
GU214SE,73,34,39,27
GU214SF,9,6,3,3
GU214SG,8,4,4,2
GU214SH,30,15,15,12
GU214SJ,57,30,27,29
GU214SL,42,20,22,36
GU214SQ,70,34,36,24
GU214SS,5,3,2,2
GU214ST,9,3,6,4
GU214SU,5,4,1,3
GU214SX,12,10,2,3
GU214SY,38,21,17,17
GU214SZ,25,15,10,17
GU214TA,51,27,24,17
GU214TB,56,30,26,18
GU214TD,110,62,48,38
GU214TE,57,25,32,20
GU214TF,92,42,50,31
GU214TG,48,19,29,22
GU214TH,104,54,50,39
GU214TL,50,25,25,14
GU214TN,68,37,31,19
GU214TP,72,37,35,23
GU214TQ,80,40,40,29
GU214TW,18,9,9,10
GU214UA,59,30,29,24
GU214UB,19,6,13,12
GU214UD,34,22,12,13
GU214UE,47,21,26,23
GU214UF,25,9,16,13
GU214UG,19,8,11,10
GU214UJ,54,26,28,19
GU214UL,52,24,28,20
GU214UN,27,15,12,14
GU214UP,68,31,37,22
GU214UQ,89,41,48,28
GU214UR,19,12,7,5
GU214US,10,4,6,6
GU214UT,41,23,18,12
GU214UU,154,74,80,52
GU214UW,110,54,56,35
GU214UX,13,6,7,5
GU214UY,64,31,33,27
GU214XA,26,13,13,10
GU214XB,12,6,6,6
GU214XD,68,30,38,25
GU214XE,80,36,44,50
GU214XF,38,19,19,23
GU214XG,21,10,11,13
GU214XH,69,34,35,25
GU214XP,25,13,12,6
GU214XQ,11,5,6,3
GU214XR,80,37,43,30
GU214XS,46,21,25,19
GU214XT,39,19,20,13
GU214XU,12,7,5,4
GU214XX,4,2,2,2
GU214XY,25,15,10,9
GU214XZ,12,7,5,5
GU214YA,16,7,9,4
GU214YB,8,4,4,4
GU214YD,13,6,7,3
GU214YE,39,16,23,15
GU214YF,7,4,3,3
GU214YG,8,3,5,4
GU214YL,15,6,9,6
GU214YQ,12,8,4,6
GU214YR,2,1,1,2
GU215AB,8,3,5,2
GU215AJ,28,21,7,12
GU215AP,39,25,14,13
GU215AY,21,12,9,9
GU215BL,62,33,29,35
GU215BP,11,6,5,6
GU215BS,62,34,28,24
GU215BT,116,59,57,28
GU215BU,72,39,33,22
GU215BZ,34,19,15,25
GU215DA,61,30,31,27
GU215DB,19,10,9,10
GU215DJ,87,54,33,45
GU215DL,99,53,46,36
GU215DQ,42,18,24,27
GU215DR,40,14,26,15
GU215DS,89,51,38,17
GU215DT,16,11,5,6
GU215DU,160,84,76,55
GU215DW,101,53,48,39
GU215DX,92,50,42,29
GU215DY,31,14,17,9
GU215DZ,49,26,23,8
GU215EA,14,7,7,9
GU215EB,89,47,42,26
GU215ED,83,38,45,19
GU215EE,105,50,55,24
GU215EF,68,39,29,20
GU215EG,51,28,23,14
GU215EH,47,28,19,12
GU215EJ,43,22,21,12
GU215EL,72,38,34,20
GU215EN,2,0,2,1
GU215EQ,78,35,43,23
GU215ES,30,17,13,8
GU215EW,82,41,41,37
GU215FD,28,13,15,21
GU215HA,22,12,10,5
GU215HB,25,17,8,8
GU215HD,58,28,30,14
GU215HE,101,55,46,33
GU215HG,177,93,84,46
GU215HH,44,23,21,39
GU215HJ,23,13,10,7
GU215HL,28,18,10,12
GU215HN,39,23,16,8
GU215HP,31,16,15,22
GU215HQ,95,45,50,25
GU215HR,21,10,11,9
GU215HT,26,15,11,13
GU215HU,99,58,41,45
GU215HW,84,46,38,20
GU215HY,11,8,3,9
GU215JB,22,9,13,13
GU215JD,66,37,29,27
GU215JE,27,16,11,10
GU215JF,25,15,10,15
GU215JG,68,37,31,13
GU215JH,26,14,12,11
GU215JJ,5,2,3,4
GU215JL,46,25,21,13
GU215JN,9,4,5,6
GU215JP,18,9,9,7
GU215JQ,32,16,16,22
GU215JR,115,56,59,37
GU215JS,103,64,39,33
GU215JT,55,32,23,16
GU215JU,69,40,29,26
GU215JX,133,74,59,46
GU215JZ,17,7,10,4
GU215LA,75,40,35,23
GU215LB,25,11,14,8
GU215LD,46,23,23,10
GU215LE,34,19,15,10
GU215LF,145,77,68,44
GU215LH,5,3,2,3
GU215LP,43,23,20,6
GU215LR,51,29,22,14
GU215LS,38,28,10,13
GU215LT,43,19,24,13
GU215LU,21,11,10,7
GU215LX,21,10,11,11
GU215NG,11,5,6,6
GU215NJ,13,7,6,4
GU215NL,5,2,3,3
GU215NN,18,11,7,13
GU215NP,59,30,29,16
GU215NQ,10,6,4,2
GU215NR,138,69,69,45
GU215NS,51,27,24,18
GU215NT,50,19,31,17
GU215NU,127,60,67,40
GU215NW,19,7,12,17
GU215NX,64,37,27,42
GU215NY,55,30,25,24
GU215NZ,20,7,13,11
GU215PA,36,24,12,12
GU215PB,45,13,32,12
GU215PD,27,18,9,22
GU215PF,32,17,15,8
GU215PH,33,16,17,21
GU215PJ,67,29,38,17
GU215PN,28,13,15,7
GU215PQ,142,72,70,43
GU215PR,37,18,19,12
GU215PS,18,8,10,6
GU215PT,56,28,28,19
GU215PU,86,41,45,30
GU215PW,62,28,34,22
GU215PY,96,47,49,35
GU215PZ,111,53,58,44
GU215QA,133,56,77,49
GU215QB,148,82,66,38
GU215QD,55,31,24,18
GU215QE,4,3,1,1
GU215QF,46,24,22,17
GU215QG,57,22,35,18
GU215QH,74,37,37,28
GU215QJ,32,11,21,16
GU215QL,84,52,32,56
GU215QN,35,18,17,22
GU215QP,25,12,13,21
GU215QQ,39,23,16,23
GU215QS,75,37,38,23
GU215QW,34,16,18,16
GU215QX,7,4,3,4
GU215QY,66,30,36,24
GU215QZ,147,67,80,48
GU215RA,89,45,44,28
GU215RB,68,32,36,24
GU215RD,135,64,71,41
GU215RE,54,30,24,20
GU215RG,86,36,50,30
GU215RH,116,63,53,35
GU215RJ,13,7,6,4
GU215RL,54,26,28,20
GU215RQ,137,69,68,42
GU215SH,30,14,16,10
GU215SJ,106,51,55,38
GU215SL,63,31,32,24
GU215SN,42,22,20,17
GU215SP,33,16,17,12
GU215SR,60,30,30,21
GU215SS,66,32,34,28
GU215ST,15,7,8,6
GU215SW,57,29,28,20
GU215TA,137,70,67,49
GU215TB,48,22,26,18
GU215TD,47,25,22,15
GU215TH,34,20,14,13
GU215TJ,69,36,33,28
GU215TL,6,2,4,4
GU215TN,64,27,37,22
GU215TP,7,3,4,2
GU215TR,61,29,32,21
GU215TS,69,36,33,22
GU215TT,38,15,23,7
GU215TU,72,34,38,26
GU215TW,39,20,19,17
GU215TX,48,24,24,19
GU215TY,68,34,34,26
GU215TZ,75,32,43,26
GU215UA,69,38,31,23
GU216AB,10,5,5,5
GU216AD,72,35,37,49
GU216AG,69,40,29,37
GU216AJ,70,39,31,37
GU216AL,61,36,25,33
GU216AN,14,6,8,6
GU216AP,56,29,27,33
GU216AW,16,8,8,8
GU216BD,3,2,1,2
GU216BG,4,4,0,1
GU216BW,5,4,1,4
GU216BY,14,12,2,6
GU216DA,42,18,24,33
GU216DD,9,5,4,3
GU216DE,76,43,33,34
GU216DF,81,48,33,43
GU216DL,12,7,5,4
GU216DN,13,5,8,7
GU216DP,97,43,54,38
GU216DQ,20,9,11,10
GU216DR,81,49,32,48
GU216DT,9,5,4,4
GU216DU,47,22,25,19
GU216DX,44,20,24,14
GU216EH,20,11,9,10
GU216ET,12,6,6,6
GU216HR,3,2,1,1
GU216HX,3,1,2,1
GU216JD,6,3,3,2
GU216JE,35,18,17,18
GU216JJ,13,9,4,5
GU216JT,1,1,0,1
GU216JY,57,36,21,30
GU216LF,119,59,60,59
GU216LJ,28,17,11,14
GU216LQ,1,1,0,1
GU216LS,34,19,15,13
GU216LW,29,17,12,12
GU216LX,4,0,4,2
GU216LZ,12,5,7,3
GU216NA,6,3,3,3
GU216ND,2,0,2,1
GU216NE,50,27,23,19
GU216NF,68,33,35,21
GU216NG,38,18,20,15
GU216NH,52,24,28,22
GU216NJ,13,6,7,6
GU216NL,46,19,27,20
GU216NN,81,35,46,30
GU216NP,22,11,11,9
GU216NQ,12,7,5,5
GU216NR,70,40,30,27
GU216NS,50,26,24,23
GU216NT,95,54,41,33
GU216NU,64,39,25,19
GU216NW,50,26,24,19
GU216NX,27,12,15,13
GU216NY,121,56,65,51
GU216PX,27,13,14,23
GU216XT,68,40,28,46
GU217FA,25,7,18,18
GU217FD,21,12,9,12
GU217JB,11,4,7,5
GU217NP,24,18,6,15
GU217PA,62,34,28,22
GU217PB,24,11,13,6
GU217PD,78,39,39,31
GU217PE,21,9,12,9
GU217PF,33,15,18,13
GU217PJ,93,46,47,32
GU217PL,40,23,17,15
GU217PN,82,38,44,28
GU217PP,37,17,20,16
GU217PQ,7,3,4,2
GU217PR,19,9,10,8
GU217PS,64,33,31,21
GU217PT,77,38,39,31
GU217PW,62,31,31,22
GU217PY,13,7,6,4
GU217PZ,7,3,4,4
GU217QA,9,2,7,5
GU217QB,15,8,7,7
GU217QD,54,26,28,24
GU217QE,8,4,4,4
GU217QF,54,26,28,19
GU217QG,12,7,5,6
GU217QH,21,12,9,14
GU217QJ,24,10,14,20
GU217QL,8,4,4,3
GU217QN,9,5,4,3
GU217QP,23,12,11,7
GU217QQ,29,17,12,10
GU217QR,76,38,38,30
GU217QS,35,15,20,15
GU217QT,27,12,15,11
GU217QU,34,14,20,14
GU217QW,23,8,15,20
GU217QX,38,15,23,21
GU217QY,20,10,10,8
GU217QZ,31,14,17,13
GU217RA,12,5,7,9
GU217RB,44,24,20,19
GU217RD,28,15,13,11
GU217RE,16,7,9,10
GU217RF,17,8,9,9
GU217RG,49,16,33,11
GU217RH,12,5,7,5
GU217RJ,17,7,10,8
GU217RL,29,13,16,17
GU217RN,36,15,21,13
GU217RP,52,24,28,19
GU217RQ,44,22,22,27
GU217RR,14,5,9,7
GU217RS,20,10,10,7
GU217RT,42,19,23,34
GU217RU,20,10,10,16
GU217RW,15,8,7,7
GU217RX,94,43,51,35
GU217RY,9,3,6,5
GU217RZ,15,6,9,8
GU217SA,87,47,40,28
GU217SB,9,5,4,4
GU217SD,23,11,12,10
GU217SE,15,9,6,8
GU217SG,10,5,5,4
GU217SJ,8,4,4,4
GU217SL,12,5,7,5
GU217SN,14,6,8,6
GU217SQ,16,10,6,6
GU217SW,15,6,9,8
GU217XN,25,19,6,19
GU218AG,97,48,49,38
GU218AL,49,21,28,20
GU218AN,52,26,26,21
GU218AP,63,24,39,23
GU218AQ,79,35,44,32
GU218AR,43,20,23,23
GU218AS,45,27,18,30
GU218AT,60,25,35,49
GU218AU,92,48,44,27
GU218AW,40,17,23,17
GU218AX,67,32,35,20
GU218AY,149,64,85,55
GU218EG,54,27,27,24
GU218PU,59,34,25,40
GU218SB,3,1,2,2
GU218SE,11,5,6,4
GU218SH,27,11,16,15
GU218SP,17,9,8,7
GU218SR,48,25,23,19
GU218SS,52,29,23,19
GU218ST,22,10,12,8
GU218SU,30,16,14,11
GU218SY,70,36,34,30
GU218SZ,54,21,33,34
GU218TA,27,13,14,17
GU218TB,16,9,7,8
GU218TE,34,16,18,12
GU218TF,95,51,44,33
GU218TG,85,45,40,36
GU218TH,43,16,27,33
GU218TN,44,21,23,12
GU218TP,38,18,20,17
GU218TQ,94,48,46,35
GU218TR,84,44,40,25
GU218TS,82,37,45,42
GU218TT,59,30,29,21
GU218TU,81,41,40,29
GU218TW,39,19,20,12
GU218TX,4,2,2,2
GU218UA,84,45,39,39
GU218UB,32,16,16,12
GU218UD,8,4,4,5
GU218UE,130,70,60,57
GU218UF,160,76,84,56
GU218UG,36,19,17,12
GU218UH,124,61,63,49
GU218UJ,52,29,23,19
GU218UL,55,25,30,38
GU218UN,34,13,21,13
GU218UP,58,31,27,21
GU218UQ,73,35,38,24
GU218UR,62,31,31,36
GU218US,23,11,12,7
GU218UT,13,8,5,6
GU218UU,68,33,35,27
GU218UW,35,16,19,13
GU218UX,50,24,26,19
GU218UY,35,21,14,13
GU218UZ,81,43,38,29
GU218XA,103,51,52,40
GU218XB,63,34,29,22
GU218XD,110,60,50,39
GU218XE,35,17,18,14
GU218XF,80,34,46,28
GU218XG,45,21,24,16
GU218XH,9,4,5,5
GU218XJ,42,21,21,13
GU218XL,46,26,20,15
GU218XP,21,13,8,7
GU218XQ,23,13,10,9
GU218YN,21,12,9,16
GU218YP,72,39,33,23
GU218YR,56,25,31,23
GU218YS,83,41,42,27
GU218YT,31,15,16,13
GU218YW,38,11,27,31
GU220AA,40,20,20,18
GU220AB,19,9,10,10
GU220AD,7,3,4,3
GU220AE,116,59,57,43
GU220AG,5,2,3,2
GU220AH,64,33,31,23
GU220AJ,98,47,51,37
GU220AL,6,3,3,2
GU220AQ,31,16,15,10
GU220AS,13,8,5,6
GU220AT,9,3,6,3
GU220AU,7,4,3,3
GU220AX,24,11,13,9
GU220AY,62,30,32,24
GU220AZ,23,9,14,10
GU220BA,114,54,60,40
GU220BB,15,8,7,5
GU220BD,123,62,61,44
GU220BE,18,9,9,5
GU220BG,108,52,56,44
GU220BH,64,32,32,19
GU220BJ,88,46,42,35
GU220BL,40,22,18,13
GU220BN,83,45,38,29
GU220BP,53,24,29,18
GU220BQ,58,26,32,22
GU220BS,96,52,44,39
GU220BT,45,21,24,20
GU220BU,59,28,31,26
GU220BW,88,33,55,30
GU220BZ,5,3,2,4
GU220DB,105,53,52,48
GU220DE,3,1,2,2
GU220DF,62,31,31,28
GU220DG,58,27,31,27
GU220DH,40,17,23,21
GU220DJ,60,33,27,23
GU220DL,27,17,10,9
GU220DN,18,8,10,7
GU220DP,59,28,31,22
GU220DQ,6,3,3,2
GU220DR,49,23,26,16
GU220DS,15,8,7,6
GU220DT,32,17,15,12
GU220DU,38,16,22,12
GU220DW,2,1,1,1
GU220DX,25,10,15,7
GU220DY,19,10,9,8
GU220EH,20,10,10,7
GU220EJ,61,27,34,30
GU220EL,22,8,14,10
GU220EN,13,5,8,8
GU220EP,98,50,48,36
GU220ER,40,21,19,13
GU220ES,24,12,12,12
GU220ET,55,25,30,24
GU220EU,40,18,22,18
GU220EW,67,35,32,25
GU220EX,38,20,18,11
GU220EY,5,2,3,2
GU220EZ,36,14,22,18
GU220HA,16,10,6,5
GU220HD,23,12,11,18
GU220HE,93,47,46,45
GU220HF,82,43,39,33
GU220HG,31,17,14,17
GU220HH,29,16,13,12
GU220HL,12,7,5,4
GU220HN,59,25,34,22
GU220HP,7,4,3,2
GU220HQ,26,13,13,11
GU220HR,10,7,3,5
GU220HS,12,7,5,8
GU220HT,3,1,2,2
GU220HU,10,5,5,4
GU220HW,53,30,23,19
GU220HX,39,21,18,13
GU220HY,12,4,8,5
GU220HZ,3,1,2,2
GU220JA,9,4,5,7
GU220JB,29,15,14,10
GU220JD,43,20,23,14
GU220JE,10,5,5,6
GU220JF,11,7,4,6
GU220JG,11,5,6,4
GU220JH,26,13,13,8
GU220JJ,41,23,18,15
GU220JL,24,10,14,10
GU220JN,55,25,30,17
GU220JP,74,22,52,14
GU220JQ,27,4,23,0
GU220JR,10,6,4,4
GU220JS,53,29,24,17
GU220JT,62,26,36,22
GU220JU,17,9,8,6
GU220JW,47,23,24,17
GU220JX,81,41,40,25
GU220JY,30,13,17,11
GU220JZ,34,15,19,10
GU220LA,24,11,13,11
GU220LB,15,9,6,5
GU220LD,7,3,4,3
GU220LE,38,18,20,12
GU220LF,30,17,13,11
GU220LH,42,22,20,13
GU220LL,19,6,13,5
GU220LR,11,5,6,3
GU220LS,50,22,28,15
GU220LT,15,9,6,6
GU220LU,45,22,23,15
GU220LX,14,8,6,5
GU220LZ,17,9,8,8
GU220NF,88,46,42,42
GU220NG,4,2,2,2
GU220NH,9,4,5,4
GU220NJ,24,9,15,13
GU220NL,15,7,8,10
GU220NN,48,20,28,20
GU220NP,60,29,31,22
GU220NQ,64,35,29,28
GU220NR,50,24,26,20
GU220NS,89,41,48,37
GU220NT,98,49,49,37
GU220NU,61,29,32,25
GU220NW,24,13,11,10
GU220NX,53,25,28,19
GU220PL,8,3,5,5
GU220PN,28,15,13,11
GU220PP,1,0,1,1
GU220PR,11,6,5,4
GU220PS,36,16,20,13
GU220PT,37,19,18,17
GU220PU,67,36,31,25
GU220PX,31,14,17,12
GU220PY,15,7,8,6
GU220PZ,20,12,8,9
GU220QA,9,4,5,4
GU220QB,25,14,11,7
GU220QD,23,13,10,9
GU220QE,65,33,32,21
GU220QF,64,34,30,24
GU220QG,5,2,3,2
GU220QL,12,7,5,5
GU220QS,9,4,5,3
GU220QT,41,21,20,16
GU220QU,44,23,21,16
GU220QX,26,10,16,16
GU220QY,54,27,27,21
GU220QZ,9,7,2,3
GU220RB,42,18,24,12
GU220RD,24,14,10,9
GU220RE,33,12,21,11
GU220RF,13,6,7,5
GU220RH,12,5,7,5
GU220RJ,3,1,2,1
GU220RL,28,13,15,12
GU220RN,33,20,13,15
GU220RP,23,12,11,6
GU220RQ,1,1,0,1
GU220RW,13,4,9,4
GU220SA,2,1,1,1
GU220SB,21,9,12,8
GU220SD,15,11,4,4
GU220SE,31,14,17,10
GU220SF,5,3,2,1
GU220SG,19,9,10,8
GU220SH,74,37,37,31
GU220SL,47,24,23,14
GU220SN,11,6,5,3
GU220SP,65,34,31,25
GU220SQ,4,3,1,1
GU220SR,83,41,42,30
GU220SW,62,30,32,19
GU220SX,11,6,5,4
GU227AA,7,5,2,4
GU227AB,32,22,10,16
GU227AD,38,19,19,23
GU227AG,13,10,3,0
GU227AH,54,26,28,19
GU227AJ,7,3,4,3
GU227AL,62,30,32,18
GU227AN,26,13,13,9
GU227AQ,33,15,18,13
GU227AR,25,15,10,9
GU227AS,77,41,36,27
GU227AT,45,22,23,18
GU227AU,58,27,31,24
GU227AW,36,18,18,12
GU227AX,15,6,9,5
GU227AY,13,8,5,5
GU227AZ,23,12,11,8
GU227BA,22,14,8,7
GU227BB,81,45,36,45
GU227BD,50,27,23,23
GU227BE,69,36,33,5
GU227BG,29,12,17,17
GU227BH,35,19,16,9
GU227BJ,5,3,2,2
GU227BN,9,6,3,3
GU227BP,11,6,5,3
GU227BQ,31,14,17,9
GU227BS,23,11,12,12
GU227BT,59,18,41,6
GU227BU,17,8,9,5
GU227BW,53,26,27,20
GU227BX,71,34,37,32
GU227BY,53,23,30,21
GU227BZ,56,29,27,20
GU227DA,58,28,30,23
GU227DB,43,18,25,19
GU227DD,18,9,9,7
GU227DE,17,8,9,8
GU227DF,58,39,19,38
GU227DG,75,40,35,45
GU227DH,38,17,21,14
GU227DJ,36,15,21,33
GU227DL,56,32,24,41
GU227DN,69,40,29,34
GU227DP,16,8,8,5
GU227DQ,14,8,6,9
GU227DR,14,7,7,7
GU227DS,61,33,28,23
GU227DT,55,25,30,26
GU227DU,72,33,39,24
GU227DW,77,37,40,46
GU227DX,16,10,6,6
GU227DY,41,21,20,11
GU227DZ,24,14,10,7
GU227EA,8,4,4,5
GU227EB,29,14,15,11
GU227ED,37,20,17,16
GU227EE,49,23,26,21
GU227EF,19,10,9,11
GU227EG,20,11,9,8
GU227EH,40,20,20,15
GU227EJ,15,8,7,4
GU227EL,3,3,0,3
GU227EN,24,13,11,9
GU227EP,34,17,17,15
GU227EQ,43,19,24,17
GU227ER,6,3,3,3
GU227ES,39,16,23,24
GU227EU,121,63,58,63
GU227EW,35,18,17,17
GU227EY,61,35,26,28
GU227EZ,17,9,8,5
GU227HD,33,16,17,11
GU227HE,5,1,4,2
GU227HF,17,10,7,12
GU227HG,24,13,11,8
GU227HH,50,21,29,16
GU227HJ,43,21,22,13
GU227HL,75,40,35,23
GU227HP,29,14,15,10
GU227HQ,76,34,42,24
GU227HR,46,23,23,14
GU227HS,14,8,6,0
GU227HT,12,6,6,5
GU227HU,66,38,28,39
GU227HW,2,1,1,0
GU227HX,21,11,10,11
GU227HY,13,5,8,6
GU227HZ,22,11,11,12
GU227JA,7,3,4,3
GU227JD,71,37,34,20
GU227JE,50,21,29,19
GU227JF,65,36,29,35
GU227JG,23,11,12,8
GU227JH,47,25,22,35
GU227JJ,23,10,13,10
GU227JL,38,19,19,11
GU227JN,60,32,28,19
GU227JP,14,7,7,6
GU227JQ,15,7,8,7
GU227JR,30,17,13,15
GU227JS,30,14,16,10
GU227JT,12,4,8,4
GU227JU,22,10,12,13
GU227JW,43,22,21,16
GU227JX,44,20,24,13
GU227JY,45,22,23,19
GU227JZ,19,11,8,9
GU227LA,43,23,20,16
GU227LB,41,21,20,14
GU227LD,21,11,10,8
GU227LE,39,17,22,11
GU227LF,10,6,4,5
GU227LJ,53,30,23,24
GU227LL,36,18,18,21
GU227LN,2,2,0,1
GU227LP,13,7,6,5
GU227LS,23,12,11,10
GU227LU,25,14,11,11
GU227LX,39,18,21,17
GU227LY,23,11,12,12
GU227LZ,79,40,39,30
GU227NA,30,17,13,16
GU227NB,55,29,26,25
GU227ND,64,29,35,31
GU227NE,17,9,8,6
GU227NF,15,6,9,6
GU227NG,23,13,10,11
GU227NH,2,1,1,1
GU227NL,29,13,16,14
GU227NN,17,9,8,10
GU227NP,49,23,26,23
GU227NQ,18,11,7,11
GU227NR,46,19,27,21
GU227NS,26,10,16,12
GU227NT,19,11,8,6
GU227NU,18,10,8,4
GU227NW,11,6,5,6
GU227NX,19,8,11,14
GU227PB,121,65,56,60
GU227PD,95,56,39,53
GU227PE,94,51,43,47
GU227PF,5,4,1,3
GU227PG,36,18,18,19
GU227PH,104,57,47,43
GU227PQ,127,65,62,60
GU227PX,41,21,20,16
GU227QA,9,4,5,6
GU227QB,10,3,7,6
GU227QL,2,1,1,1
GU227QN,111,58,53,47
GU227QQ,19,10,9,12
GU227QS,37,18,19,13
GU227QW,100,56,44,41
GU227QX,29,15,14,16
GU227QY,35,15,20,18
GU227QZ,71,37,34,28
GU227RA,20,8,12,8
GU227RB,64,35,29,34
GU227RG,8,4,4,6
GU227RJ,12,6,6,7
GU227RL,38,18,20,19
GU227RP,90,45,45,36
GU227RQ,16,11,5,6
GU227RS,22,13,9,15
GU227RT,92,55,37,47
GU227RU,53,30,23,29
GU227RW,37,9,28,33
GU227RX,55,29,26,27
GU227RY,19,8,11,11
GU227RZ,13,9,4,6
GU227SA,16,8,8,8
GU227SB,4,3,1,1
GU227SD,33,16,17,12
GU227SE,60,32,28,30
GU227SF,53,35,18,22
GU227SG,46,26,20,15
GU227SH,14,4,10,5
GU227SJ,10,6,4,10
GU227SL,67,37,30,36
GU227SN,17,9,8,8
GU227SP,27,14,13,11
GU227SQ,16,9,7,5
GU227SR,35,20,15,23
GU227SS,67,31,36,40
GU227ST,31,16,15,19
GU227SU,16,11,5,10
GU227SW,14,10,4,8
GU227SX,52,26,26,45
GU227SZ,33,16,17,16
GU227TA,3,3,0,2
GU227TB,34,17,17,12
GU227TD,49,21,28,21
GU227TE,9,5,4,4
GU227TF,17,7,10,7
GU227TG,6,2,4,2
GU227TH,34,12,22,18
GU227TJ,16,8,8,6
GU227TL,33,15,18,15
GU227TN,19,11,8,10
GU227TQ,33,17,16,16
GU227TS,11,5,6,6
GU227TT,47,20,27,26
GU227TU,33,16,17,13
GU227TW,92,47,45,47
GU227TX,12,5,7,5
GU227TY,13,8,5,6
GU227TZ,28,14,14,12
GU227UA,7,4,3,4
GU227UB,31,13,18,16
GU227UD,35,19,16,22
GU227UE,36,20,16,14
GU227UF,74,37,37,39
GU227UG,11,6,5,5
GU227UH,20,8,12,5
GU227UJ,44,20,24,18
GU227UL,53,29,24,20
GU227UN,65,32,33,29
GU227UP,8,5,3,3
GU227UQ,53,26,27,32
GU227UR,53,27,26,23
GU227US,25,18,7,15
GU227UT,23,10,13,11
GU227UW,10,7,3,4
GU227UX,39,22,17,17
GU227XA,20,11,9,13
GU227XE,57,13,44,50
GU227XF,53,14,39,45
GU227XG,52,11,41,49
GU227XH,76,44,32,23
GU227XJ,50,28,22,32
GU227XN,118,54,64,36
GU227XP,51,13,38,46
GU227XQ,40,22,18,22
GU227XR,123,71,52,43
GU227XS,118,54,64,59
GU227XT,9,4,5,8
GU227XW,104,50,54,36
GU228AA,31,13,18,12
GU228AB,71,35,36,24
GU228AF,40,22,18,21
GU228AH,34,18,16,7
GU228AJ,21,11,10,5
GU228AL,65,35,30,15
GU228AN,62,30,32,26
GU228AS,19,11,8,5
GU228AT,56,30,26,18
GU228AU,25,14,11,6
GU228AX,18,10,8,6
GU228AY,143,72,71,46
GU228AZ,16,9,7,6
GU228BA,55,25,30,25
GU228BB,52,23,29,19
GU228BG,79,37,42,28
GU228BH,64,32,32,23
GU228BJ,71,39,32,19
GU228BL,6,6,0,5
GU228BN,14,6,8,5
GU228BQ,22,8,14,8
GU228BS,24,11,13,9
GU228BT,107,36,71,12
GU228BU,29,14,15,12
GU228BW,2,1,1,1
GU228BX,47,24,23,14
GU228BY,124,66,58,29
GU228BZ,139,75,64,35
GU228DA,45,25,20,12
GU228DB,132,65,67,32
GU228DD,18,7,11,12
GU228DE,35,16,19,14
GU228DF,19,8,11,9
GU228DG,48,22,26,26
GU228DH,20,8,12,4
GU228DJ,159,81,78,47
GU228DL,35,20,15,12
GU228DN,60,32,28,21
GU228DP,39,19,20,13
GU228DQ,86,45,41,29
GU228DR,24,10,14,10
GU228DS,49,24,25,11
GU228DW,39,18,21,21
GU228EA,110,60,50,39
GU228EB,11,7,4,4
GU228ED,19,11,8,10
GU228EE,144,70,74,38
GU228EF,77,45,32,28
GU228EG,9,4,5,3
GU228EH,88,49,39,35
GU228EJ,102,62,40,29
GU228EL,83,46,37,26
GU228EN,38,19,19,8
GU228EP,83,40,43,23
GU228EQ,71,41,30,20
GU228ER,122,69,53,33
GU228ES,51,30,21,11
GU228ET,155,75,80,48
GU228EU,120,57,63,32
GU228EW,95,53,42,22
GU228EY,165,87,78,50
GU228EZ,109,53,56,30
GU228HA,1,1,0,1
GU228HB,38,21,17,20
GU228HD,78,45,33,36
GU228HE,41,22,19,10
GU228HN,3,2,1,1
GU228HP,24,13,11,8
GU228HR,11,4,7,6
GU228HS,7,4,3,3
GU228HT,72,37,35,26
GU228HW,15,10,5,4
GU228JA,135,64,71,45
GU228JB,12,6,6,4
GU228JD,7,3,4,3
GU228JE,21,12,9,7
GU228JF,5,4,1,3
GU228JG,17,10,7,6
GU228JH,2,1,1,1
GU228JJ,4,2,2,2
GU228JL,5,4,1,1
GU228JN,21,9,12,8
GU228JP,32,16,16,18
GU228JQ,12,8,4,4
GU228JR,10,4,6,6
GU228JS,20,11,9,9
GU228JT,83,39,44,26
GU228JU,56,29,27,16
GU228JW,28,14,14,10
GU228JX,55,30,25,23
GU228JY,13,9,4,6
GU228LA,14,7,7,8
GU228LB,1,0,1,0
GU228LD,35,15,20,10
GU228LE,52,30,22,17
GU228LF,52,27,25,18
GU228LG,42,20,22,22
GU228LH,23,11,12,13
GU228LJ,29,16,13,12
GU228LL,58,30,28,20
GU228LN,30,16,14,15
GU228LP,41,18,23,17
GU228LQ,63,32,31,26
GU228LR,24,14,10,7
GU228LS,8,4,4,3
GU228LT,11,5,6,5
GU228LU,54,25,29,17
GU228LW,17,9,8,6
GU228LX,14,7,7,7
GU228LY,58,27,31,22
GU228LZ,57,27,30,19
GU228NA,28,12,16,9
GU228NB,20,10,10,9
GU228NH,97,47,50,31
GU228NR,25,15,10,10
GU228NS,61,22,39,6
GU228NT,5,2,3,2
GU228NU,5,3,2,2
GU228NX,80,37,43,31
GU228NY,5,2,3,2
GU228NZ,20,10,10,7
GU228PA,23,10,13,10
GU228PB,24,9,15,8
GU228PD,40,11,29,9
GU228PE,40,16,24,16
GU228PF,19,8,11,8
GU228PG,11,5,6,5
GU228PH,31,15,16,14
GU228PJ,26,12,14,11
GU228PL,19,9,10,9
GU228PN,101,54,47,35
GU228PP,54,26,28,23
GU228PQ,11,6,5,4
GU228PR,54,26,28,20
GU228PS,17,9,8,6
GU228PT,23,11,12,10
GU228PU,11,6,5,4
GU228PW,79,40,39,29
GU228QA,14,7,7,5
GU228QG,78,39,39,25
GU228QH,60,27,33,25
GU228QL,52,23,29,18
GU228QN,33,19,14,13
GU228QR,52,24,28,16
GU228QS,92,47,45,34
GU228QT,36,17,19,14
GU228QU,41,18,23,20
GU228QW,16,9,7,6
GU228QX,57,28,29,23
GU228QY,113,53,60,49
GU228QZ,43,25,18,13
GU228RA,33,19,14,14
GU228RH,27,14,13,9
GU228RL,41,19,22,14
GU228RN,41,23,18,15
GU228RP,17,11,6,5
GU228RR,103,45,58,36
GU228RS,107,49,58,36
GU228RT,8,4,4,4
GU228RU,94,47,47,36
GU228RW,74,36,38,25
GU228RX,21,8,13,9
GU228RY,64,29,35,20
GU228RZ,69,33,36,26
GU228SA,19,11,8,6
GU228SB,89,43,46,32
GU228SD,44,22,22,17
GU228SF,15,8,7,3
GU228SH,19,11,8,13
GU228SJ,8,4,4,4
GU228SL,41,21,20,17
GU228SN,23,12,11,12
GU228SP,51,22,29,19
GU228SR,46,27,19,18
GU228SS,12,7,5,5
GU228ST,9,3,6,2
GU228SU,81,38,43,33
GU228SW,36,16,20,11
GU228SX,53,25,28,20
GU228TA,32,15,17,15
GU228TD,94,45,49,46
GU228TE,71,25,46,50
GU228TF,36,17,19,20
GU228TG,51,25,26,26
GU228TH,62,33,29,22
GU228TJ,31,17,14,12
GU228TL,111,51,60,39
GU228TN,83,43,40,34
GU228TP,53,22,31,24
GU228TQ,33,18,15,15
GU228TR,47,20,27,25
GU228TS,2,1,1,1
GU228TW,60,25,35,34
GU228TX,122,56,66,45
GU228TY,9,6,3,3
GU228TZ,5,2,3,2
GU228UA,8,4,4,3
GU228UB,7,3,4,1
GU228UD,18,4,14,12
GU228UE,30,15,15,12
GU228UF,24,11,13,9
GU228UH,112,57,55,42
GU228UJ,7,4,3,3
GU228UL,51,28,23,18
GU228UN,15,8,7,7
GU228UP,59,29,30,24
GU228UQ,25,10,15,9
GU228UR,16,7,9,10
GU228UT,8,3,5,4
GU228UW,13,8,5,6
GU228UX,3,1,2,2
GU228UZ,17,8,9,9
GU228XA,91,49,42,30
GU228XB,6,3,3,4
GU228XD,10,4,6,4
GU228XE,2,1,1,1
GU228XF,81,42,39,48
GU228XG,77,44,33,49
GU228XH,10,4,6,4
GU228XJ,26,17,9,8
GU228XL,3,2,1,1
GU228XP,16,9,7,6
GU228XQ,5,3,2,2
GU228XT,9,5,4,3
GU228XW,5,3,2,1
GU229AA,64,37,27,21
GU229AB,32,15,17,11
GU229AD,36,16,20,18
GU229AE,22,12,10,13
GU229AG,131,62,69,35
GU229AH,84,35,49,37
GU229AJ,50,22,28,18
GU229AL,18,8,10,8
GU229AN,107,59,48,31
GU229AP,53,25,28,25
GU229AQ,77,36,41,32
GU229AR,32,19,13,11
GU229AS,52,27,25,19
GU229AT,41,27,14,18
GU229AU,114,60,54,36
GU229AW,94,49,45,35
GU229AX,43,15,28,30
GU229AZ,88,50,38,21
GU229BD,22,8,14,6
GU229BE,27,13,14,10
GU229BG,11,5,6,5
GU229BH,39,21,18,17
GU229BJ,58,29,29,22
GU229BL,108,51,57,38
GU229BN,54,30,24,20
GU229BP,42,24,18,14
GU229BQ,164,76,88,62
GU229BS,21,14,7,7
GU229BT,86,49,37,40
GU229BU,18,8,10,10
GU229BW,30,14,16,17
GU229DB,106,49,57,34
GU229DD,51,30,21,19
GU229DE,83,45,38,29
GU229DF,71,40,31,29
GU229DG,134,72,62,48
GU229DH,24,14,10,9
GU229DJ,72,35,37,26
GU229DN,82,43,39,35
GU229DQ,66,32,34,28
GU229DW,8,5,3,7
GU229DX,25,13,12,13
GU229DY,81,39,42,38
GU229DZ,43,22,21,16
GU229EA,20,12,8,9
GU229EB,6,4,2,2
GU229ED,43,23,20,21
GU229EE,25,12,13,12
GU229EF,12,6,6,4
GU229EG,10,4,6,5
GU229EH,7,5,2,5
GU229EJ,16,7,9,6
GU229EL,15,8,7,4
GU229EN,29,16,13,12
GU229EP,13,6,7,12
GU229EQ,84,32,52,8
GU229ER,18,9,9,11
GU229ES,12,6,6,6
GU229ET,2,1,1,1
GU229EU,179,90,89,56
GU229EW,35,16,19,15
GU229EX,111,56,55,30
GU229EY,63,32,31,37
GU229EZ,80,42,38,32
GU229HA,57,22,35,22
GU229HD,20,14,6,12
GU229HJ,68,32,36,27
GU229HL,91,47,44,36
GU229HN,76,32,44,27
GU229HP,64,31,33,21
GU229HR,79,42,37,29
GU229HS,99,49,50,32
GU229HT,110,46,64,32
GU229HU,82,43,39,38
GU229HW,81,42,39,32
GU229JA,7,4,3,5
GU229JB,32,19,13,12
GU229JD,24,13,11,13
GU229JE,19,11,8,9
GU229JF,9,5,4,5
GU229JG,95,44,51,29
GU229JH,82,40,42,33
GU229JJ,37,16,21,18
GU229JL,16,7,9,10
GU229JN,50,26,24,20
GU229JP,42,21,21,18
GU229JQ,57,31,26,20
GU229JR,14,8,6,5
GU229JS,11,7,4,5
GU229JW,6,5,1,3
GU229LD,5,4,1,3
GU229LJ,23,11,12,11
GU229LN,43,18,25,20
GU229LP,80,41,39,41
GU229LQ,83,44,39,32
GU229LT,6,2,4,5
GU229LU,45,20,25,19
GU229LW,69,36,33,26
GU229LX,32,16,16,22
GU229LY,67,30,37,32
GU229LZ,76,39,37,29
GU229NA,21,10,11,7
GU229NB,88,41,47,39
GU229ND,88,45,43,33
GU229NE,92,47,45,39
GU229NF,7,3,4,4
GU229NG,43,22,21,16
GU229NJ,41,23,18,15
GU229NL,81,37,44,28
GU229NN,89,50,39,32
GU229NP,135,73,62,40
GU229NQ,19,11,8,9
GU229NR,86,50,36,26
GU229NS,18,10,8,9
GU229NT,21,10,11,8
GU229NU,144,74,70,45
GU229NW,14,8,6,11
GU229NX,4,1,3,3
GU229PA,38,21,17,13
GU229PB,13,5,8,8
GU229PD,60,31,29,28
GU229PG,41,23,18,17
GU229PH,83,37,46,35
GU229PJ,46,23,23,22
GU229PL,77,38,39,29
GU229PN,29,14,15,10
GU229PP,49,25,24,16
GU229PQ,13,5,8,4
GU229PS,38,17,21,16
GU229PT,99,51,48,40
GU229PU,46,25,21,22
GU229PW,47,25,22,21
GU229PX,42,22,20,16
GU229PY,92,45,47,32
GU229QA,22,13,9,8
GU229QJ,123,65,58,36
GU229QL,78,38,40,30
GU229QN,89,41,48,37
GU229QP,43,20,23,19
GU229QR,39,19,20,14
GU229QS,19,11,8,7
GU229QT,12,4,8,5
GU229QU,22,14,8,8
GU229QW,120,57,63,49
GU229QX,8,3,5,2
GU229QY,44,20,24,15
GU229QZ,109,57,52,49
GU229RA,36,19,17,15
GU229RB,37,20,17,15
GU229YZ,34,18,16,15
GU236AA,5,3,2,5
GU236AB,36,18,18,15
GU236AD,16,9,7,6
GU236AE,18,8,10,6
GU236AF,19,10,9,12
GU236AG,17,7,10,8
GU236AH,11,6,5,4
GU236AJ,20,11,9,12
GU236AL,27,15,12,13
GU236AN,26,11,15,12
GU236AQ,5,3,2,3
GU236AR,14,7,7,5
GU236AS,8,4,4,3
GU236AT,13,6,7,6
GU236AU,4,1,3,2
GU236AX,8,5,3,3
GU236AY,10,4,6,5
GU236AZ,5,4,1,2
GU236BA,7,4,3,3
GU236BB,14,8,6,6
GU236BD,8,4,4,3
GU236BE,29,18,11,9
GU236BG,11,3,8,8
GU236BH,5,3,2,2
GU236BJ,4,2,2,2
GU236BN,19,6,13,9
GU236BS,32,16,16,16
GU236BT,39,16,23,13
GU236BX,5,2,3,3
GU236BZ,49,24,25,25
GU236DA,9,5,4,2
GU236DB,53,21,32,26
GU236DD,25,14,11,12
GU236DE,90,48,42,36
GU236DF,63,34,29,30
GU236DG,51,24,27,24
GU236DH,11,5,6,6
GU236DJ,6,3,3,3
GU236DL,12,5,7,3
GU236DN,15,8,7,5
GU236DP,7,3,4,3
GU236DQ,86,44,42,33
GU236DR,40,20,20,28
GU236DS,43,22,21,19
GU236DT,12,4,8,5
GU236DW,23,12,11,11
GU236DX,39,19,20,14
GU236DY,44,20,24,14
GU236DZ,41,22,19,12
GU236EH,22,11,11,7
GU236EJ,18,8,10,8
GU236EN,96,46,50,37
GU236EP,15,10,5,6
GU236EQ,18,10,8,9
GU236ER,55,25,30,21
GU236ES,20,9,11,12
GU236ET,15,9,6,8
GU236EU,16,8,8,7
GU236EW,55,28,27,25
GU236EX,21,11,10,8
GU236EY,10,5,5,4
GU236EZ,11,5,6,4
GU236HA,10,5,5,4
GU236HD,47,18,29,19
GU236HH,75,37,38,24
GU236HJ,14,6,8,5
GU236HL,34,15,19,19
GU236HS,7,4,3,3
GU236HT,3,1,2,2
GU236JA,3,1,2,1
GU236JB,30,12,18,13
GU236JD,22,12,10,9
GU236JE,62,33,29,23
GU236JF,5,2,3,2
GU236JG,103,56,47,37
GU236JH,35,16,19,13
GU236JJ,6,3,3,3
GU236JL,10,5,5,4
GU236JN,10,4,6,4
GU236JP,10,5,5,4
GU236JQ,47,22,25,14
GU236JR,60,29,31,23
GU236JS,8,4,4,3
GU236JT,23,11,12,8
GU236JU,10,5,5,3
GU236JW,65,29,36,26
GU236JX,14,8,6,4
GU236JY,63,32,31,25
GU236JZ,56,29,27,19
GU236LA,11,4,7,6
GU236LE,21,11,10,8
GU236LF,48,24,24,19
GU236LG,49,23,26,18
GU236LH,91,45,46,32
GU236LJ,33,16,17,9
GU236LL,54,24,30,21
GU236LN,26,13,13,9
GU236LP,102,49,53,40
GU236LQ,30,15,15,13
GU236LS,116,59,57,36
GU236LT,6,2,4,4
GU236LW,82,39,43,32
GU236NE,54,27,27,26
GU236NF,2,1,1,1
GU236NG,35,18,17,13
GU236NH,6,4,2,2
GU236NJ,7,3,4,3
GU236NL,11,5,6,8
GU236NN,1,0,1,1
GU236NP,27,12,15,11
GU236NQ,14,7,7,6
GU236NR,27,13,14,11
GU236NS,5,2,3,1
GU236NT,9,6,3,3
GU236NU,9,5,4,5
GU236NW,10,4,6,3
GU236NX,3,1,2,2
GU236NZ,17,7,10,4
GU236PA,36,15,21,13
GU236PB,3,2,1,3
GU236PD,18,9,9,7
GU236PF,17,10,7,7
GU236PG,30,14,16,13
GU236PJ,2,1,1,1
GU236PQ,54,25,29,21
GU236PX,38,19,19,12
GU236PY,6,4,2,2
GU236QA,22,19,3,8
GU236QD,25,13,12,11
GU236QE,12,5,7,6
GU236QF,18,8,10,9
GU236QG,19,9,10,8
GU236QH,20,11,9,7
GU236QJ,3,1,2,1
GU236QL,16,10,6,7
GU236QN,4,2,2,3
GU236QQ,6,4,2,6
GU236QR,19,9,10,6
GU236QS,9,6,3,4
GU236QT,15,6,9,7
GU236QW,13,7,6,4
GU236QX,4,1,3,4
GU237AA,18,11,7,5
GU237AB,18,11,7,9
GU237AD,43,23,20,18
GU237AE,10,6,4,4
GU237AF,7,3,4,4
GU237AG,3,1,2,2
GU237AH,7,3,4,4
GU237AJ,93,46,47,38
GU237AL,113,55,58,40
GU237AN,23,10,13,11
GU237AP,62,35,27,23
GU237AQ,8,5,3,2
GU237AR,7,5,2,4
GU237AS,14,6,8,6
GU237AT,56,27,29,18
GU237AU,12,5,7,6
GU237AW,28,18,10,14
GU237AX,46,24,22,16
GU237AY,155,76,79,55
GU237AZ,83,44,39,40
GU237BP,54,24,30,22
GU237BS,121,63,58,42
GU237BT,19,10,9,8
GU237BU,54,29,25,22
GU237BX,42,22,20,21
GU237BY,7,3,4,3
GU237BZ,37,18,19,13
GU237DA,20,9,11,5
GU237DB,3,1,2,1
GU237DD,77,36,41,24
GU237DE,49,23,26,21
GU237DF,74,38,36,26
GU237DG,21,8,13,12
GU237DH,4,2,2,2
GU237DJ,46,13,33,4
GU237DL,15,6,9,5
GU237DN,17,6,11,11
GU237DQ,1,1,0,1
GU237DW,24,11,13,12
GU237DY,4,3,1,2
GU237DZ,8,6,2,5
GU237EB,82,41,41,30
GU237ED,9,4,5,5
GU237EE,5,2,3,3
GU237EF,42,22,20,13
GU237EG,8,4,4,3
GU237EH,37,19,18,12
GU237EJ,87,47,40,35
GU237EL,63,32,31,27
GU237EN,49,28,21,17
GU237EP,28,16,12,10
GU237EQ,14,8,6,5
GU237ES,1,1,0,1
GU237ET,92,44,48,37
GU237EU,96,52,44,37
GU237EW,14,7,7,6
GU237EY,3,1,2,2
GU237EZ,67,31,36,32
GU237HL,28,11,17,11
GU237HN,92,42,50,47
GU237HP,40,19,21,18
GU237HR,102,53,49,44
GU237HS,76,37,39,29
GU237HT,31,13,18,13
GU237HU,21,9,12,13
GU237HW,23,9,14,20
GU237JH,6,2,4,4
GU237JJ,7,2,5,2
GU237JL,8,3,5,3
GU237JN,34,18,16,14
GU237JP,10,6,4,4
GU237JQ,10,3,7,7
GU237JR,21,10,11,8
GU237JS,3,0,3,1
GU237JT,20,11,9,7
GU237JW,25,13,12,8
GU237JX,11,7,4,5
GU237LA,62,32,30,23
GU237LD,22,12,10,9
GU237LE,11,6,5,6
GU237LF,6,3,3,2
GU237LG,2,2,0,2
GU237LH,50,25,25,19
GU237LJ,265,2,263,0
GU237LN,1,1,0,1
GU237LW,4,3,1,2
GU240AA,68,32,36,28
GU240AB,24,13,11,10
GU240AD,100,49,51,31
GU240AE,74,31,43,27
GU240AF,70,31,39,22
GU240AG,1,1,0,1
GU240AH,55,30,25,25
GU240AJ,22,12,10,9
GU240AL,40,23,17,12
GU240AN,85,44,41,40
GU240AP,15,8,7,5
GU240AQ,10,6,4,3
GU240AR,10,6,4,6
GU240AS,20,10,10,8
GU240AT,2,1,1,1
GU240AW,112,49,63,45
GU240BD,2,1,1,1
GU240BH,1,1,0,1
GU240BL,7,7,0,3
GU240BN,50,24,26,19
GU240BQ,3,1,2,1
GU240BS,8,4,4,3
GU240BT,12,7,5,5
GU240BW,13,5,8,4
GU240BY,11,5,6,4
GU240BZ,2,1,1,1
GU240DB,18,9,9,6
GU240DD,31,12,19,15
GU240DE,13,5,8,4
GU240DG,7,4,3,4
GU240DH,10,5,5,3
GU240DJ,21,8,13,9
GU240DL,7,4,3,2
GU240DN,19,8,11,6
GU240DQ,45,24,21,19
GU240DT,348,337,11,3
GU240EH,14,6,8,9
GU240EJ,8,4,4,3
GU240EL,9,4,5,5
GU240EN,42,22,20,15
GU240EP,14,5,9,8
GU240ES,80,42,38,28
GU240ET,74,32,42,27
GU240EU,32,16,16,15
GU240EW,13,6,7,4
GU240EX,37,20,17,10
GU240EY,13,7,6,5
GU240EZ,12,5,7,4
GU240HA,4,1,3,1
GU240HB,12,7,5,4
GU240HD,29,15,14,10
GU240HE,86,49,37,27
GU240HF,47,23,24,16
GU240HG,73,37,36,32
GU240HH,6,4,2,2
GU240HJ,23,11,12,8
GU240HL,32,18,14,12
GU240HN,13,7,6,5
GU240HQ,71,33,38,33
GU240HR,8,5,3,4
GU240JA,82,44,38,29
GU240JB,65,32,33,29
GU240JD,49,25,24,19
GU240JE,31,15,16,13
GU240JF,14,7,7,5
GU240JG,40,16,24,16
GU240JH,42,25,17,13
GU240JJ,20,10,10,8
GU240JL,2,1,1,1
GU240JN,49,22,27,15
GU240JP,26,13,13,9
GU240JQ,27,13,14,10
GU240JR,12,6,6,5
GU240JS,18,6,12,5
GU240JT,59,31,28,22
GU240JW,15,8,7,5
GU240JX,23,11,12,11
GU240JY,78,37,41,31
GU240JZ,43,25,18,14
GU240LN,11,4,7,3
GU240LP,6,3,3,3
GU240LR,26,13,13,11
GU240LS,12,5,7,6
GU240LT,76,34,42,29
GU240LU,18,10,8,6
GU240LW,66,35,31,25
GU240LX,21,9,12,8
GU240LY,21,9,12,7
GU240LZ,54,25,29,18
GU240NA,13,8,5,4
GU240NB,61,34,27,25
GU240ND,15,9,6,7
GU240NE,14,6,8,8
GU240NG,7,4,3,2
GU240NH,2,1,1,1
GU240NR,47,24,23,16
GU240NS,106,56,50,26
GU240NT,115,52,63,30
GU240NU,54,23,31,18
GU240NW,5,2,3,1
GU240NX,18,10,8,6
GU240NY,15,6,9,6
GU240PD,125,54,71,34
GU240PE,73,38,35,24
GU240PF,112,58,54,43
GU240PG,52,27,25,19
GU240PH,113,57,56,35
GU240PJ,50,26,24,18
GU240PL,128,73,55,36
GU240PN,28,12,16,9
GU240PU,57,29,28,19
GU240PW,15,5,10,7
GU240PX,150,80,70,41
GU240PY,31,18,13,12
GU240PZ,5,3,2,1
GU240QA,4,3,1,1
GU240QB,38,16,22,14
GU240QD,18,11,7,6
GU240QE,25,12,13,10
GU240QF,17,8,9,6
GU240QG,28,13,15,9
GU240QN,159,83,76,42
GU240QQ,157,128,29,0
GU248AA,17,12,5,8
GU248AD,15,9,6,8
GU248AE,3,1,2,2
GU248AF,22,10,12,12
GU248AH,5,2,3,1
GU248AJ,3,1,2,2
GU248AL,23,11,12,11
GU248AN,46,27,19,14
GU248AP,51,26,25,15
GU248AQ,10,6,4,8
GU248AR,22,11,11,8
GU248AS,29,14,15,10
GU248AT,7,4,3,2
GU248AU,69,22,47,7
GU248AW,36,14,22,10
GU248AX,7,2,5,2
GU248AY,3,1,2,2
GU248AZ,19,8,11,7
GU248BD,122,60,62,46
GU248BP,4,2,2,2
GU248BT,5,2,3,3
GU248BU,11,3,8,3
GU248BX,6,4,2,2
GU248BY,26,14,12,9
GU248BZ,5,2,3,3
GU248DA,18,6,12,6
GU248DD,27,19,8,5
GU248DE,13,7,6,6
GU248DF,5,3,2,2
GU248DG,19,8,11,8
GU248DJ,45,18,27,17
GU248DL,13,7,6,4
GU248DN,9,5,4,2
GU248DP,5,3,2,2
GU248DQ,11,5,6,6
GU248DR,4,3,1,1
GU248DS,9,4,5,5
GU248DT,33,14,19,14
GU248DU,53,24,29,23
GU248DW,20,11,9,7
GU248DX,50,18,32,23
GU248DY,27,14,13,10
GU248DZ,48,21,27,17
GU248EA,32,15,17,14
GU248EB,7,3,4,2
GU248ED,17,7,10,6
GU248EE,14,7,7,8
GU248EF,33,18,15,16
GU248EG,9,6,3,3
GU248EJ,3,1,2,2
GU248EL,8,6,2,2
GU248EQ,10,4,6,4
GU248EX,4,2,2,1
GU248HA,43,23,20,16
GU248HB,6,3,3,2
GU248HD,31,19,12,11
GU248HE,34,20,14,17
GU248HF,9,3,6,4
GU248HG,19,11,8,6
GU248HH,2,1,1,1
GU248HJ,21,10,11,10
GU248HL,30,11,19,10
GU248HN,10,6,4,3
GU248HP,25,11,14,9
GU248HQ,4,2,2,2
GU248HR,9,5,4,4
GU248HS,2,1,1,1
GU248HT,6,4,2,2
GU248HW,9,3,6,4
GU248JE,21,14,7,9
GU248JF,5,3,2,3
GU248JJ,16,8,8,5
GU248LA,39,19,20,17
GU248LB,87,42,45,32
GU248LD,62,27,35,31
GU248LE,20,10,10,9
GU248LF,22,8,14,9
GU248LG,27,12,15,14
GU248LH,90,45,45,44
GU248LJ,72,35,37,34
GU248LL,101,47,54,35
GU248LQ,25,14,11,10
GU248LX,7,5,2,7
GU248LY,5,2,3,2
GU248LZ,16,7,9,9
GU248NA,25,13,12,11
GU248NB,30,14,16,12
GU248ND,24,13,11,10
GU248NE,85,46,39,31
GU248NF,53,25,28,19
GU248NG,10,3,7,7
GU248NQ,39,15,24,27
GU248PA,58,25,33,38
GU248PB,26,13,13,16
GU248PD,30,17,13,12
GU248PE,24,10,14,6
GU248PG,23,10,13,8
GU248PH,33,16,17,16
GU248PJ,69,36,33,26
GU248PL,13,6,7,4
GU248PN,15,8,7,8
GU248PP,59,32,27,27
GU248PQ,17,9,8,7
GU248PR,89,40,49,36
GU248PS,106,51,55,43
GU248PT,12,6,6,5
GU248PU,18,7,11,7
GU248PW,68,32,36,35
GU248PX,25,13,12,13
GU248PY,49,26,23,22
GU248PZ,40,21,19,16
GU248QA,35,14,21,14
GU248QD,82,38,44,35
GU248QH,25,14,11,12
GU248QP,29,14,15,12
GU248QR,12,5,7,4
GU248QS,1,0,1,1
GU248QX,31,15,16,10
GU248QY,4,1,3,2
GU248QZ,12,5,7,6
GU248RA,36,16,20,15
GU248RB,21,13,8,7
GU248RE,54,31,23,22
GU248RF,24,11,13,12
GU248RG,51,24,27,22
GU248RH,26,10,16,11
GU248RJ,22,11,11,9
GU248RL,39,21,18,14
GU248RN,41,23,18,20
GU248RP,47,19,28,29
GU248RQ,39,20,19,18
GU248RR,2,1,1,1
GU248RS,31,18,13,10
GU248RT,9,3,6,4
GU248RU,63,34,29,24
GU248RW,9,5,4,4
GU248RX,58,31,27,24
GU248SA,15,6,9,9
GU248SJ,72,38,34,29
GU248SL,30,17,13,10
GU248SN,35,17,18,14
GU248SR,11,5,6,6
GU248SS,18,9,9,8
GU248ST,19,10,9,10
GU248SU,13,6,7,4
GU248SW,44,27,17,17
GU248SY,11,6,5,6
GU248SZ,41,19,22,13
GU248TA,17,9,8,8
GU248TB,12,6,6,6
GU248TD,13,7,6,7
GU248TE,8,3,5,2
GU248TF,19,10,9,7
GU248TG,14,7,7,7
GU248TH,6,3,3,2
GU248TJ,4,2,2,2
GU248TL,9,5,4,4
GU248TP,2,1,1,1
GU248TQ,13,6,7,7
GU248TS,2,1,1,1
GU248TU,2,1,1,1
GU249AA,50,29,21,18
GU249AB,11,5,6,4
GU249AD,32,19,13,6
GU249AE,32,20,12,10
GU249AF,8,3,5,3
GU249AG,33,19,14,11
GU249AJ,74,38,36,34
GU249AL,27,11,16,11
GU249AN,18,10,8,9
GU249AP,34,20,14,10
GU249AR,4,3,1,3
GU249AS,63,32,31,21
GU249AT,52,24,28,21
GU249AU,12,5,7,5
GU249AW,28,11,17,10
GU249AX,24,10,14,9
GU249AY,26,11,15,8
GU249AZ,4,2,2,1
GU249BA,20,10,10,7
GU249BL,80,38,42,28
GU249BS,20,13,7,10
GU249BT,128,67,61,46
GU249BU,54,22,32,24
GU249BX,143,78,65,52
GU249BY,85,46,39,29
GU249BZ,108,54,54,39
GU249DA,48,23,25,17
GU249DD,16,9,7,5
GU249DE,88,48,40,34
GU249DF,39,17,22,21
GU249DG,57,26,31,26
GU249DH,58,32,26,16
GU249DJ,20,12,8,11
GU249DL,24,13,11,10
GU249DP,31,14,17,9
GU249DQ,75,33,42,33
GU249DT,72,33,39,25
GU249DU,79,31,48,28
GU249DX,19,9,10,8
GU249DY,13,9,4,4
GU249DZ,38,21,17,12
GU249EA,61,26,35,23
GU249EB,28,16,12,10
GU249ED,36,15,21,7
GU249EE,43,23,20,14
GU249EF,32,15,17,17
GU249EG,13,7,6,7
GU249EH,18,11,7,5
GU249EJ,18,9,9,7
GU249EL,16,7,9,6
GU249EN,13,7,6,6
GU249EQ,3,1,2,1
GU249ER,71,35,36,29
GU249ES,116,62,54,35
GU249ET,75,38,37,24
GU249EU,15,9,6,8
GU249EW,23,14,9,8
GU249EX,505,504,1,0
GU249EY,87,47,40,30
GU249EZ,13,6,7,6
GU249HA,21,9,12,11
GU249HB,117,57,60,43
GU249HD,20,12,8,10
GU249HE,25,14,11,13
GU249HF,10,5,5,5
GU249HG,71,34,37,20
GU249HH,86,40,46,43
GU249HJ,27,12,15,10
GU249HN,13,7,6,5
GU249HQ,19,9,10,6
GU249HR,99,47,52,35
GU249HS,41,20,21,15
GU249HT,80,43,37,27
GU249HU,52,18,34,24
GU249HX,51,27,24,20
GU249HY,20,11,9,8
GU249HZ,57,28,29,20
GU249JA,60,25,35,26
GU249JB,53,26,27,30
GU249JD,73,34,39,27
GU249JE,80,41,39,29
GU249JF,32,16,16,16
GU249JG,7,4,3,3
GU249JH,12,5,7,8
GU249JJ,90,44,46,33
GU249JP,3,1,2,1
GU249JQ,79,41,38,33
GU249JR,56,30,26,21
GU249JS,10,7,3,2
GU249JT,54,28,26,18
GU249JU,6,2,4,4
GU249JZ,20,10,10,8
GU249LB,27,12,15,8
GU249LD,31,16,15,9
GU249LH,68,35,33,31
GU249LJ,21,7,14,9
GU249LL,35,20,15,13
GU249LN,84,46,38,28
GU249LP,53,26,27,19
GU249LR,28,13,15,10
GU249LS,72,33,39,28
GU249LT,39,22,17,13
GU249LU,54,27,27,23
GU249LW,66,28,38,25
GU249LX,14,6,8,7
GU249LY,36,16,20,11
GU249LZ,15,7,8,7
GU249NA,10,3,7,4
GU249NB,33,18,15,16
GU249ND,6,3,3,3
GU249NE,21,9,12,5
GU249NF,41,19,22,17
GU249NG,44,20,24,21
GU249NH,31,16,15,13
GU249NJ,75,39,36,26
GU249NL,29,14,15,14
GU249NN,44,21,23,16
GU249NP,25,16,9,10
GU249NQ,27,13,14,9
GU249NR,11,4,7,4
GU249NS,88,44,44,27
GU249NT,12,6,6,5
GU249NU,49,18,31,18
GU249NW,11,6,5,6
GU249NX,15,7,8,5
GU249NY,8,4,4,2
GU249PA,73,40,33,21
GU249PB,34,16,18,10
GU249PD,46,27,19,15
GU249PE,25,13,12,7
GU249PF,134,69,65,48
GU249PG,107,55,52,31
GU249PH,35,17,18,19
GU249PJ,82,38,44,44
GU249PL,48,27,21,15
GU249PP,13,5,8,6
GU249PQ,39,17,22,20
GU249PR,4,3,1,2
GU249PS,19,8,11,7
GU249PT,173,80,93,2
GU249PU,19,11,8,6
GU249PW,8,5,3,3
GU249PX,13,5,8,4
GU249PY,24,11,13,8
GU249PZ,12,8,4,4
GU249QA,27,13,14,8
GU249QB,69,32,37,22
GU249QD,38,19,19,16
GU249QE,54,26,28,21
GU249QF,66,35,31,24
GU249QG,62,30,32,24
GU249QH,8,5,3,2
GU249QJ,6,4,2,2
GU249QL,17,9,8,6
GU249QN,18,9,9,6
GU249QP,17,9,8,5
GU249QQ,59,30,29,20
GU249QR,84,40,44,27
GU249QS,13,5,8,4
GU249QT,22,11,11,5
GU249QU,38,18,20,14
GU249QW,20,11,9,8
GU249QX,38,20,18,13
GU249QY,43,23,20,14
GU249QZ,13,7,6,4
GU249RB,22,12,10,7
GU249RH,5,3,2,4
GU249RJ,13,6,7,3
GU249RT,23,10,13,7
GU249RU,28,16,12,18
GU249RX,69,34,35,39
GU249RY,41,19,22,14
GU249SA,75,39,36,38
GU249SB,59,32,27,18
GU249SD,42,21,21,16
GU249SE,45,19,26,12
GU249SF,46,24,22,17
GU249SJ,30,15,15,17
GU249SP,33,20,13,11
GU249SR,9,4,5,4
GU249XA,69,33,36,23
GU249XB,68,31,37,20
GU249XD,59,33,26,21
GU249XE,17,10,7,8
GU249XF,13,6,7,3
GU249XG,129,63,66,56
GU249XH,28,15,13,11
GU249XJ,53,25,28,22
GU249XQ,54,30,24,24
GU254AA,9,6,3,8
GU254AB,17,12,5,7
GU254AE,20,17,3,7
GU254AF,40,18,22,25
GU254AG,43,22,21,23
GU254AH,46,20,26,27
GU254AJ,62,27,35,23
GU254AL,41,21,20,19
GU254AN,47,21,26,26
GU254AP,23,14,9,6
GU254AQ,17,6,11,13
GU254AR,3,2,1,1
GU254AS,33,16,17,11
GU254AT,29,14,15,11
GU254AU,27,14,13,9
GU254AW,21,11,10,7
GU254AX,42,21,21,19
GU254AY,4,2,2,2
GU254AZ,7,3,4,6
GU254BE,70,11,59,1
GU254BF,56,25,31,18
GU254BJ,69,32,37,39
GU254BP,18,8,10,7
GU254BQ,29,14,15,9
GU254BS,44,22,22,14
GU254BT,70,37,33,24
GU254BU,50,25,25,22
GU254BW,33,15,18,15
GU254BX,28,15,13,12
GU254BY,80,38,42,32
GU254BZ,3,2,1,1
GU254DA,12,5,7,6
GU254DB,104,52,52,47
GU254DD,14,6,8,12
GU254DE,70,30,40,31
GU254DF,75,31,44,27
GU254DG,127,69,58,56
GU254DH,21,11,10,6
GU254DJ,19,11,8,8
GU254DL,5,2,3,4
GU254DQ,53,28,25,28
GU254DS,8,6,2,1
GU254DT,63,30,33,35
GU254DU,7,3,4,4
GU254DW,4,2,2,1
GU254DX,17,11,6,7
GU254DY,14,7,7,6
GU254DZ,5,3,2,3
GU254EA,35,18,17,13
GU254EB,5,3,2,1
GU254ED,19,9,10,9
GU254EE,2,1,1,1
GU254EF,27,21,6,7
GU254EG,21,8,13,10
GU254EH,15,9,6,7
GU254EJ,14,6,8,4
GU254EL,12,6,6,5
GU254EN,9,5,4,3
GU254EP,84,43,41,32
GU254EQ,6,1,5,3
GU254ER,2,2,0,1
GU254ES,8,4,4,2
GU254ET,15,6,9,8
GU254EU,55,27,28,19
GU254EW,72,35,37,25
GU254EX,85,46,39,26
GU254EY,46,26,20,12
GU254EZ,95,38,57,36
GU254HA,88,42,46,34
GU254HB,43,18,25,13
GU254HH,16,7,9,6
GU254HJ,11,7,4,4
GU254HL,9,5,4,3
GU254HN,26,12,14,9
GU254HP,6,3,3,2
GU254HR,46,30,16,17
GU254HS,55,26,29,22
GU254HT,60,28,32,21
GU254HU,32,14,18,14
GU254HW,14,7,7,6
GU254HX,15,6,9,6
GU254HY,15,9,6,8
GU254HZ,46,18,28,14
GU254JA,39,22,17,12
GU254JB,56,29,27,22
GU254JD,65,34,31,22
GU254JE,18,8,10,6
GU254JF,74,35,39,30
GU254JG,48,22,26,16
GU254JH,48,25,23,14
GU254JL,16,5,11,7
GU254JP,4,2,2,2
GU254JQ,10,5,5,6
GU254JR,11,5,6,4
GU254JS,15,8,7,6
GU254JT,13,6,7,8
GU254JU,11,4,7,4
GU254JY,19,10,9,7
GU254JZ,28,14,14,10
GU254LA,19,13,6,9
GU254LB,2,0,2,1
GU254LD,19,10,9,7
GU254LF,21,10,11,7
GU254LH,37,21,16,14
GU254LJ,5,3,2,2
GU254LL,9,4,5,5
GU254LP,6,3,3,5
GU254LQ,15,8,7,5
GU254LR,52,10,42,0
GU254LT,48,17,31,37
GU254LW,15,5,10,8
GU254LY,16,6,10,5
GU254LZ,14,9,5,5
GU254NA,12,6,6,4
GU254ND,12,6,6,4
GU254NE,22,13,9,10
GU254NF,2,1,1,1
GU254NG,16,8,8,8
GU254NH,8,4,4,4
GU254NJ,2,1,1,1
GU254NL,11,5,6,6
GU254NN,19,7,12,7
GU254NP,18,6,12,10
GU254NQ,20,9,11,5
GU254NR,19,9,10,6
GU254NS,1,0,1,1
GU254NT,7,3,4,2
GU254NU,6,2,4,2
GU254NW,24,12,12,9
GU254NX,4,2,2,1
GU254NY,25,15,10,10
GU254NZ,4,2,2,2
GU254PA,13,6,7,5
GU254PB,9,5,4,2
GU254PH,34,19,15,12
GU254PJ,33,20,13,6
GU254PL,36,18,18,10
GU254PN,10,5,5,3
GU254PP,6,3,3,2
GU254PR,4,1,3,1
GU254PS,11,4,7,5
GU254PT,77,43,34,29
GU254PU,18,10,8,8
GU254PW,28,14,14,10
GU254PX,33,19,14,12
GU254PY,14,6,8,4
GU254PZ,25,12,13,6
GU254QA,10,5,5,3
GU254QB,15,8,7,6
GU254QD,22,14,8,7
GU254QF,1,0,1,1
GU254QN,22,9,13,9
GU254QP,2,1,1,1
GU254QR,15,9,6,5
GU254QS,10,4,6,4
GU254QT,10,6,4,3
GU254QU,10,4,6,3
GU254QW,22,9,13,8
GU254QX,15,9,6,4
GU254QY,37,20,17,14
GU254QZ,4,2,2,2
GU254RA,42,23,19,26
GU254RB,7,5,2,4
GU254RD,68,27,41,25
GU254RE,68,29,39,27
GU254RF,49,26,23,20
GU254RG,40,17,23,18
GU254RN,15,10,5,5
GU254RP,11,4,7,3
GU254RR,66,34,32,27
GU254RS,23,12,11,9
GU254RT,48,24,24,18
GU254RU,31,15,16,9
GU254RW,16,7,9,8
GU254RX,30,18,12,10
GU254RY,27,15,12,12
GU254RZ,20,9,11,8
GU254SA,47,25,22,16
GU254SB,17,10,7,8
GU254SD,41,19,22,16
GU254SE,69,35,34,21
GU254SF,14,7,7,6
GU254SN,69,39,30,21
GU254SP,49,21,28,20
GU254SR,16,7,9,8
GU254ST,51,22,29,28
GU254SU,46,23,23,26
GU254SW,61,29,32,20
GU254SY,52,25,27,25
GU254SZ,66,31,35,28
GU254TA,64,30,34,20
GU254TB,45,24,21,20
GU254TD,27,12,15,7
GU254TE,30,14,16,10
GU254TF,13,6,7,10
GU254TG,35,15,20,10
GU266AA,3,2,1,2
GU266AB,27,17,10,12
GU266AE,4,2,2,1
GU266AF,21,10,11,9
GU266AJ,2,2,0,2
GU266AN,14,7,7,12
GU266AP,87,49,38,30
GU266AQ,22,12,10,11
GU266AR,13,6,7,8
GU266AS,23,12,11,12
GU266AT,31,18,13,19
GU266AW,3,2,1,1
GU266AX,9,4,5,4
GU266AY,46,17,29,11
GU266AZ,24,12,12,8
GU266BA,19,9,10,10
GU266BB,16,8,8,7
GU266BD,7,3,4,3
GU266BE,20,10,10,8
GU266BG,65,24,41,4
GU266BH,18,11,7,5
GU266BJ,83,40,43,33
GU266BL,1,0,1,0
GU266BN,58,28,30,20
GU266BP,22,12,10,7
GU266BQ,14,7,7,5
GU266BT,15,10,5,8
GU266BW,14,8,6,0
GU266BY,6,3,3,2
GU266BZ,18,10,8,10
GU266DA,52,18,34,0
GU266DB,16,8,8,7
GU266DD,40,21,19,14
GU266DE,11,6,5,6
GU266DF,17,10,7,4
GU266DG,41,17,24,13
GU266DH,3,0,3,3
GU266DJ,5,2,3,3
GU266DL,32,13,19,15
GU266DN,4,1,3,2
GU266DP,21,9,12,4
GU266DQ,40,18,22,16
GU266DR,36,16,20,12
GU266DS,17,9,8,7
GU266DT,10,3,7,3
GU266DU,6,3,3,2
GU266DW,17,11,6,6
GU266DX,55,23,32,29
GU266DY,10,5,5,5
GU266DZ,12,6,6,5
GU266EA,43,18,25,16
GU266EB,39,18,21,20
GU266ED,23,11,12,13
GU266EE,17,6,11,10
GU266EF,9,5,4,4
GU266EG,10,4,6,4
GU266EH,2,1,1,1
GU266EJ,15,8,7,5
GU266EL,52,28,24,20
GU266EP,20,11,9,10
GU266EQ,1,1,0,1
GU266ER,56,28,28,22
GU266ES,30,15,15,13
GU266ET,40,19,21,13
GU266EU,39,16,23,18
GU266EW,7,3,4,4
GU266EX,47,23,24,15
GU266EY,40,24,16,15
GU266EZ,5,3,2,3
GU266FB,67,26,41,26
GU266FD,15,9,6,6
GU266FE,16,8,8,9
GU266FF,18,8,10,9
GU266FJ,20,7,13,12
GU266FL,16,7,9,6
GU266HA,8,3,5,3
GU266HB,5,2,3,2
GU266HD,59,28,31,29
GU266HE,57,30,27,18
GU266HF,21,11,10,12
GU266HG,56,32,24,31
GU266HJ,30,16,14,15
GU266HL,63,29,34,27
GU266HN,12,7,5,6
GU266HP,68,31,37,26
GU266HQ,27,13,14,15
GU266HR,25,8,17,20
GU266HS,9,4,5,7
GU266HT,5,3,2,2
GU266HU,45,22,23,17
GU266HW,12,6,6,5
GU266HX,21,12,9,9
GU266HY,25,12,13,12
GU266HZ,21,12,9,8
GU266JA,78,36,42,29
GU266JB,58,32,26,24
GU266JD,63,29,34,26
GU266JE,4,1,3,3
GU266JF,44,22,22,19
GU266JG,13,5,8,3
GU266JH,5,3,2,1
GU266JJ,16,7,9,1
GU266JL,16,7,9,10
GU266JP,47,21,26,26
GU266JQ,18,6,12,7
GU266JR,15,8,7,6
GU266JS,29,16,13,15
GU266JT,13,7,6,6
GU266JU,4,1,3,3
GU266JW,26,14,12,9
GU266JX,10,5,5,2
GU266JY,2,1,1,2
GU266JZ,4,1,3,2
GU266LA,28,14,14,12
GU266LB,19,11,8,7
GU266LD,46,25,21,18
GU266LE,15,7,8,11
GU266LF,6,3,3,2
GU266LG,57,29,28,26
GU266LL,19,12,7,9
GU266LN,19,7,12,11
GU266LP,20,9,11,8
GU266LQ,16,10,6,10
GU266LR,37,14,23,20
GU266LS,72,31,41,27
GU266LT,68,28,40,28
GU266LU,65,31,34,23
GU266LW,10,5,5,4
GU266LX,26,14,12,9
GU266LY,87,33,54,21
GU266LZ,10,5,5,6
GU266NA,10,3,7,2
GU266NB,35,18,17,17
GU266ND,4,1,3,2
GU266NE,16,7,9,9
GU266NF,27,11,16,12
GU266NH,25,13,12,10
GU266NJ,17,14,3,14
GU266NL,42,32,10,3
GU266NP,24,12,12,10
GU266NQ,9,5,4,3
GU266NR,60,27,33,33
GU266NS,7,5,2,2
GU266NT,1,1,0,1
GU266NX,35,19,16,13
GU266NY,39,18,21,14
GU266NZ,13,5,8,6
GU266PA,43,18,25,16
GU266PB,31,12,19,13
GU266PD,26,14,12,14
GU266PE,36,18,18,12
GU266PF,6,3,3,2
GU266PG,31,16,15,13
GU266PH,28,13,15,9
GU266PJ,13,6,7,7
GU266PL,17,8,9,8
GU266PN,22,11,11,8
GU266PP,47,22,25,21
GU266PQ,33,19,14,11
GU266PR,34,20,14,12
GU266PS,35,19,16,5
GU266PT,70,29,41,15
GU266PU,52,23,29,33
GU266PW,32,17,15,22
GU266PX,65,34,31,21
GU266PY,13,5,8,7
GU266PZ,17,9,8,10
GU266QA,19,8,11,6
GU266QB,45,23,22,16
GU266QD,66,38,28,22
GU266QE,90,45,45,32
GU266QF,44,19,25,18
GU266QG,10,5,5,6
GU266QH,28,14,14,10
GU266QJ,11,4,7,5
GU266QL,18,10,8,8
GU266QN,54,24,30,22
GU266QP,69,35,34,26
GU266QQ,24,11,13,9
GU266QR,51,22,29,17
GU266QS,9,4,5,5
GU266QT,41,26,15,25
GU266QW,38,18,20,14
GU266QX,29,17,12,11
GU266QY,15,9,6,4
GU266QZ,12,6,6,5
GU266RA,131,44,87,41
GU266RB,47,21,26,14
GU266RD,17,8,9,8
GU266RE,6,3,3,2
GU266RF,111,59,52,6
GU266RG,13,6,7,4
GU266RH,74,35,39,25
GU266RJ,23,14,9,8
GU266RL,2,1,1,1
GU266RN,2,1,1,1
GU266RP,49,25,24,16
GU266RQ,34,17,17,16
GU266RR,12,5,7,7
GU266RS,28,15,13,10
GU266RT,11,5,6,3
GU266RU,63,32,31,27
GU266RW,64,35,29,24
GU266RX,74,36,38,26
GU266RY,75,38,37,26
GU266RZ,72,35,37,25
GU266SA,10,5,5,4
GU266SB,14,7,7,6
GU266SD,77,37,40,45
GU266SE,4,2,2,2
GU266SF,23,11,12,10
GU266SG,38,21,17,15
GU266SH,23,9,14,13
GU266SJ,24,12,12,9
GU266SL,38,20,18,16
GU266SN,33,17,16,19
GU266SP,27,13,14,15
GU266SQ,14,6,8,8
GU266SR,51,19,32,21
GU266SS,23,9,14,12
GU266ST,31,17,14,13
GU266SU,8,4,4,3
GU266SW,33,16,17,21
GU266SX,52,24,28,20
GU266SY,31,11,20,13
GU266SZ,44,22,22,13
GU266TA,24,12,12,14
GU266TB,13,7,6,4
GU266TD,14,8,6,6
GU266TG,74,38,36,26
GU266TH,2,1,1,1
GU266TL,14,7,7,5
GU266TN,50,24,26,24
GU266TP,37,15,22,13
GU266TQ,23,10,13,8
GU266TR,34,19,15,10
GU266TS,13,4,9,8
GU266TT,17,9,8,9
GU266TU,24,13,11,9
GU266TW,53,28,25,22
GU266TX,56,28,28,23
GU266TZ,22,11,11,14
GU266UA,19,11,8,14
GU266UB,28,13,15,11
GU266UD,13,6,7,6
GU266UE,15,5,10,6
GU266UF,10,5,5,5
GU266UG,85,43,42,45
GU266UJ,22,11,11,16
GU266UL,22,12,10,9
GU266UQ,26,10,16,11
GU271AA,5,2,3,3
GU271AB,8,6,2,2
GU271AE,29,13,16,12
GU271AF,57,27,30,23
GU271AG,57,28,29,22
GU271AH,20,11,9,10
GU271AJ,49,26,23,15
GU271AL,3,1,2,1
GU271AP,2,1,1,1
GU271AQ,7,4,3,3
GU271AT,1,0,1,1
GU271AW,12,5,7,6
GU271AZ,63,26,37,25
GU271BA,88,45,43,37
GU271BB,34,18,16,12
GU271BD,27,12,15,11
GU271BE,183,86,97,62
GU271BF,49,31,18,17
GU271BG,15,6,9,6
GU271BH,35,9,26,31
GU271BJ,18,11,7,9
GU271BL,25,8,17,10
GU271BN,11,5,6,4
GU271BP,43,18,25,17
GU271BQ,10,4,6,6
GU271BS,34,18,16,12
GU271BT,27,13,14,13
GU271BW,29,9,20,21
GU271BX,40,16,24,22
GU271BZ,6,2,4,2
GU271DA,36,19,17,22
GU271DD,6,2,4,5
GU271DE,68,31,37,25
GU271DF,37,19,18,15
GU271DG,12,5,7,5
GU271DH,41,19,22,15
GU271DJ,7,4,3,4
GU271DL,16,7,9,12
GU271DP,30,15,15,26
GU271DQ,77,39,38,28
GU271DR,34,18,16,13
GU271DS,29,13,16,13
GU271DT,22,11,11,10
GU271DU,85,47,38,29
GU271DX,66,34,32,27
GU271DY,60,24,36,28
GU271DZ,13,4,9,8
GU271EA,57,29,28,22
GU271EB,40,19,21,17
GU271ED,52,25,27,18
GU271EE,89,42,47,38
GU271EF,29,10,19,13
GU271EG,39,20,19,16
GU271EH,97,48,49,36
GU271EJ,42,22,20,12
GU271EL,39,17,22,19
GU271EN,62,24,38,26
GU271EP,14,7,7,8
GU271EQ,78,38,40,39
GU271ER,64,24,40,23
GU271ES,12,7,5,4
GU271ET,91,43,48,38
GU271EU,85,41,44,29
GU271EX,4,2,2,2
GU271EY,20,10,10,9
GU271EZ,38,18,20,16
GU271FB,8,4,4,6
GU271HA,55,29,26,19
GU271HB,26,12,14,11
GU271HD,45,23,22,18
GU271HE,53,28,25,23
GU271HF,14,7,7,5
GU271HG,18,9,9,8
GU271HN,59,32,27,27
GU271HQ,69,2,67,1
GU271HS,38,20,18,20
GU271HY,45,12,33,39
GU271JB,1,1,0,1
GU271JD,71,31,40,28
GU271JE,13,4,9,8
GU271JF,73,33,40,27
GU271JG,22,15,7,8
GU271JH,76,37,39,34
GU271JJ,74,37,37,30
GU271JL,106,52,54,40
GU271JN,10,4,6,4
GU271JP,67,29,38,25
GU271JQ,92,46,46,32
GU271JR,9,5,4,4
GU271JS,9,4,5,4
GU271JT,113,56,57,41
GU271JU,36,16,20,17
GU271JW,92,48,44,33
GU271JX,5,2,3,1
GU271JY,12,7,5,8
GU271JZ,1,0,1,1
GU271LA,63,27,36,53
GU271LB,7,3,4,3
GU271LE,19,10,9,11
GU271LF,102,36,66,21
GU271LH,10,5,5,4
GU271LJ,51,23,28,31
GU271LL,28,13,15,12
GU271LN,13,7,6,4
GU271LP,23,10,13,6
GU271LQ,27,10,17,9
GU271LR,38,21,17,14
GU271LS,85,43,42,29
GU271LT,48,26,22,16
GU271LU,109,51,58,39
GU271LW,40,21,19,13
GU271LX,15,7,8,9
GU271LY,93,44,49,42
GU271LZ,96,51,45,43
GU271NA,82,47,35,36
GU271NB,18,11,7,15
GU271ND,45,21,24,21
GU271NE,41,21,20,33
GU271NF,56,26,30,24
GU271NH,77,39,38,53
GU271NJ,61,26,35,29
GU271NL,56,31,25,24
GU271NP,7,3,4,6
GU271NQ,66,25,41,0
GU271NR,10,4,6,3
GU271NS,4,3,1,2
GU271NT,16,6,10,5
GU271NU,12,6,6,7
GU271NW,60,34,26,29
GU271NX,35,2,33,2
GU271NY,15,6,9,13
GU271NZ,17,9,8,8
GU271PA,26,11,15,11
GU271PB,58,28,30,22
GU271PD,44,24,20,16
GU271PE,23,12,11,10
GU271PF,37,14,23,17
GU271PG,72,38,34,25
GU271PH,59,25,34,21
GU271PJ,64,37,27,23
GU271PL,57,29,28,20
GU271PN,120,63,57,42
GU271PP,13,5,8,6
GU271PQ,62,27,35,23
GU271PR,15,7,8,7
GU271PS,31,16,15,13
GU271PT,19,7,12,8
GU271PU,39,19,20,15
GU271PW,28,12,16,10
GU271PX,24,16,8,12
GU271PY,24,12,12,10
GU271PZ,18,7,11,8
GU271QA,34,15,19,14
GU271QD,6,2,4,2
GU271QE,17,7,10,6
GU271QF,26,11,15,7
GU271QG,43,23,20,18
GU271QH,5,2,3,3
GU271QJ,11,5,6,5
GU271QL,14,7,7,4
GU271QN,4,2,2,3
GU271QP,6,3,3,2
GU271QQ,13,5,8,5
GU271QU,27,10,17,11
GU271RD,94,41,53,39
GU271RE,54,25,29,21
GU271RF,29,14,15,8
GU271RG,102,52,50,51
GU271RQ,29,16,13,14
GU271RT,50,20,30,33
GU271SA,65,29,36,35
GU271SP,18,9,9,7
GU272AB,21,14,7,15
GU272AD,4,2,2,2
GU272AF,5,3,2,1
GU272AJ,1,1,0,1
GU272AP,17,8,9,8
GU272AR,28,11,17,12
GU272AS,58,29,29,20
GU272AT,54,24,30,25
GU272AU,57,25,32,28
GU272AX,64,32,32,34
GU272AY,26,11,15,13
GU272AZ,5,3,2,2
GU272BA,42,25,17,22
GU272BB,24,13,11,11
GU272BD,23,10,13,11
GU272BG,18,10,8,9
GU272BH,46,22,24,29
GU272BJ,34,18,16,13
GU272BL,22,9,13,10
GU272BN,7,3,4,2
GU272BP,44,21,23,19
GU272BS,23,11,12,10
GU272BT,18,10,8,7
GU272BU,33,13,20,16
GU272BW,33,15,18,12
GU272BX,99,54,45,34
GU272BY,9,3,6,6
GU272DA,27,11,16,10
GU272DB,14,6,8,8
GU272DD,11,5,6,5
GU272DE,50,22,28,21
GU272DF,10,5,5,5
GU272DG,17,8,9,6
GU272DJ,25,13,12,12
GU272DL,14,6,8,8
GU272DN,12,4,8,6
GU272DP,7,3,4,4
GU272DQ,2,1,1,1
GU272DR,91,41,50,40
GU272DS,19,9,10,5
GU272DT,25,13,12,10
GU272DU,62,36,26,22
GU272DW,5,1,4,1
GU272DX,40,19,21,15
GU272DY,8,5,3,3
GU272DZ,21,9,12,7
GU272EA,49,21,28,14
GU272EB,60,32,28,21
GU272ED,4,2,2,2
GU272EE,10,4,6,4
GU272EG,18,9,9,8
GU272EH,12,7,5,6
GU272EJ,16,10,6,6
GU272EL,3,2,1,2
GU272EN,27,10,17,10
GU272ER,13,5,8,8
GU272ES,12,4,8,4
GU272ET,40,15,25,13
GU272EU,84,46,38,26
GU272EW,25,12,13,11
GU272EX,10,4,6,3
GU272EY,27,15,12,11
GU272EZ,2,1,1,2
GU272FD,114,52,62,43
GU272FH,5,1,4,4
GU272FJ,23,9,14,8
GU272HA,16,6,10,8
GU272HE,13,3,10,8
GU272HG,12,8,4,7
GU272HJ,11,6,5,5
GU272HP,2,0,2,2
GU272HR,32,16,16,15
GU272HU,16,7,9,5
GU272HW,1,0,1,1
GU272HX,22,10,12,8
GU272HY,19,11,8,7
GU272HZ,31,16,15,14
GU272JA,13,7,6,8
GU272JB,30,16,14,13
GU272JE,9,7,2,2
GU272JH,26,12,14,10
GU272JJ,33,15,18,11
GU272JL,19,6,13,12
GU272JN,42,22,20,14
GU272JP,74,35,39,25
GU272JR,43,19,24,19
GU272JS,8,3,5,4
GU272JT,4,1,3,3
GU272JU,27,12,15,12
GU272JW,39,21,18,13
GU272JY,20,9,11,10
GU272LA,48,18,30,27
GU272LB,9,4,5,6
GU272LD,98,38,60,25
GU272LE,28,14,14,13
GU272LF,59,28,31,21
GU272LG,7,3,4,4
GU272LH,32,16,16,11
GU272LJ,16,8,8,7
GU272LN,17,6,11,12
GU272LP,2,1,1,1
GU272LQ,48,26,22,14
GU272LY,1,1,0,1
GU272NA,13,8,5,4
GU272NB,27,12,15,13
GU272ND,9,3,6,6
GU272NE,10,5,5,4
GU272NF,19,8,11,8
GU272NG,60,30,30,20
GU272NH,42,19,23,13
GU272NJ,34,17,17,12
GU272NL,57,30,27,18
GU272NN,52,25,27,16
GU272NP,26,15,11,9
GU272NQ,6,3,3,3
GU272NR,14,8,6,6
GU272NU,22,11,11,9
GU272NW,13,7,6,5
GU272NX,35,16,19,15
GU272NY,56,31,25,20
GU272NZ,6,3,3,3
GU272PA,19,8,11,9
GU272PB,7,1,6,6
GU272PD,18,12,6,8
GU272PE,19,8,11,10
GU272PF,11,8,3,9
GU272PG,82,46,36,37
GU272PH,4,3,1,2
GU272PJ,42,21,21,15
GU272PL,10,5,5,4
GU272PN,58,25,33,25
GU272PP,60,30,30,21
GU272PQ,75,38,37,28
GU272PR,36,17,19,13
GU272PS,23,11,12,12
GU272PT,18,11,7,7
GU272PU,8,3,5,4
GU272PW,24,12,12,20
GU272PZ,55,13,42,47
GU272QA,66,36,30,32
GU272QD,13,8,5,4
GU272QF,17,6,11,6
GU272QG,114,52,62,52
GU272QJ,7,4,3,4
GU272QL,48,24,24,26
GU272QN,25,10,15,13
GU272QP,69,38,31,29
GU272QQ,53,24,29,24
GU272QR,78,38,40,26
GU272QS,41,19,22,16
GU272QW,8,5,3,5
GU272RD,13,7,6,10
GU272RU,13,6,7,8
GU273AA,17,9,8,6
GU273AB,62,29,33,22
GU273AD,20,9,11,6
GU273AE,64,32,32,30
GU273AF,50,28,22,19
GU273AG,58,28,30,22
GU273AL,73,34,39,25
GU273AN,3,2,1,1
GU273AP,74,37,37,26
GU273AR,16,9,7,5
GU273AS,8,4,4,3
GU273AU,48,23,25,23
GU273AW,47,21,26,22
GU273AX,53,26,27,23
GU273BA,8,3,5,2
GU273BD,28,13,15,12
GU273BE,8,3,5,2
GU273BG,36,16,20,16
GU273BH,6,2,4,2
GU273BJ,9,4,5,3
GU273BL,9,4,5,3
GU273BN,43,23,20,19
GU273BP,4,3,1,1
GU273BQ,18,12,6,0
GU273BS,28,13,15,12
GU273BT,10,4,6,2
GU273BU,18,7,11,7
GU273BW,12,6,6,4
GU273BX,16,8,8,8
GU273BY,25,11,14,12
GU273BZ,7,4,3,3
GU273DE,4,1,3,1
GU273DF,11,5,6,5
GU273DG,1,1,0,1
GU273DH,32,18,14,11
GU273DJ,84,44,40,16
GU273DL,13,5,8,3
GU273DN,20,9,11,7
GU273DP,62,32,30,20
GU273DQ,13,7,6,7
GU273DT,26,14,12,10
GU273DW,14,7,7,4
GU273DX,23,12,11,12
GU273DY,3,1,2,2
GU273DZ,13,6,7,5
GU273EA,56,27,29,22
GU273EB,29,15,14,12
GU273ED,14,6,8,7
GU273EE,23,8,15,9
GU273EH,15,6,9,9
GU273EJ,9,4,5,5
GU273EL,31,14,17,13
GU273EN,57,28,29,17
GU273EP,4,2,2,4
GU273EQ,25,11,14,12
GU273ER,35,15,20,14
GU273ES,6,2,4,4
GU273ET,17,11,6,10
GU273EU,15,7,8,5
GU273EW,4,2,2,1
GU273EX,10,6,4,4
GU273EY,12,4,8,6
GU273EZ,10,5,5,6
GU273HA,4,3,1,1
GU273HB,25,15,10,12
GU273HE,9,4,5,4
GU273HF,9,6,3,4
GU273HG,15,8,7,6
GU273HH,10,4,6,3
GU273HJ,23,8,15,13
GU273HL,31,8,23,25
GU273HP,14,8,6,6
GU273HQ,47,24,23,19
GU273HR,14,7,7,6
GU273HS,53,26,27,28
GU273HT,42,20,22,18
GU273HU,11,6,5,5
GU273HW,3,1,2,3
GU273HX,19,7,12,7
GU273HY,29,12,17,16
GU273HZ,35,17,18,14
GU273JA,7,4,3,4
GU273JB,22,11,11,8
GU273JD,34,16,18,15
GU273JF,15,8,7,6
GU273JG,7,4,3,3
GU273JH,13,6,7,6
GU273JJ,14,6,8,3
GU273JL,57,24,33,19
GU273JN,77,36,41,35
GU273JP,7,4,3,2
GU273JQ,31,18,13,18
GU273JR,94,45,49,35
GU273JS,59,26,33,24
GU273JT,54,24,30,25
GU273JU,18,7,11,7
GU273JW,26,14,12,12
GU273JX,18,10,8,17
GU273JY,53,26,27,24
GU273JZ,10,4,6,6
GU273LA,52,22,30,17
GU273LB,23,10,13,7
GU273LD,104,51,53,44
GU273LE,3,1,2,2
GU273LF,5,3,2,4
GU273LG,14,8,6,4
GU273LH,16,9,7,8
GU273LJ,41,22,19,14
GU273LL,53,21,32,21
GU273LN,23,11,12,14
GU273LP,10,4,6,4
GU273LQ,13,9,4,5
GU273LR,7,5,2,2
GU273LS,27,14,13,10
GU273LT,9,5,4,2
GU273LU,66,32,34,24
GU273LW,72,40,32,28
GU273LZ,8,4,4,3
GU273NA,23,10,13,10
GU273NB,17,8,9,9
GU273ND,28,15,13,10
GU273NE,23,11,12,9
GU273NF,38,17,21,11
GU273NG,36,15,21,18
GU273NH,14,7,7,6
GU273NJ,18,9,9,7
GU273NL,20,9,11,7
GU273NN,26,12,14,14
GU273NP,30,16,14,13
GU273NQ,20,9,11,8
GU273NR,4,2,2,2
GU273NS,28,13,15,13
GU273NT,19,10,9,10
GU273NU,24,5,19,14
GU273NW,12,6,6,7
GU273NY,21,11,10,10
GU273NZ,83,37,46,38
GU273PA,60,30,30,22
GU273PB,62,34,28,24
GU273PD,41,19,22,19
GU273PE,31,11,20,13
GU273PF,3,1,2,2
GU273PH,10,6,4,4
GU273PJ,12,4,8,6
GU273PL,34,11,23,1
GU273PN,3,3,0,0
GU273PP,35,16,19,10
GU273PR,9,4,5,4
GU273PS,18,7,11,5
GU273PT,64,31,33,23
GU273PU,16,7,9,7
GU273PX,130,85,45,0
GU273PY,3,2,1,1
GU273PZ,42,22,20,16
GU273QA,23,9,14,10
GU273QB,4,2,2,2
GU273QD,18,6,12,6
GU273QE,18,10,8,9
GU273QF,62,36,26,22
GU273QG,2,0,2,2
GU273QH,71,38,33,29
GU273QJ,60,33,27,31
GU273QL,68,31,37,21
GU273QN,69,35,34,29
GU273QP,10,6,4,3
GU273QQ,48,29,19,22
GU273QS,65,34,31,19
GU273QT,27,11,16,11
GU273QU,48,22,26,17
GU273QW,44,24,20,15
GU273QX,25,11,14,8
GU273QY,92,41,51,39
GU273QZ,90,39,51,49
GU273RA,4,2,2,2
GU273RB,6,2,4,3
GU273RD,61,21,40,37
GU273RE,8,4,4,2
GU273RF,79,41,38,26
GU273RG,86,45,41,34
GU273RH,60,33,27,25
GU273RJ,63,31,32,27
GU273RL,44,17,27,19
GU273RN,61,31,30,25
GU273RP,73,40,33,25
GU273RQ,7,5,2,2
GU273RR,5,3,2,2
GU273RS,9,5,4,4
GU273RT,8,3,5,2
GU273RU,6,2,4,2
GU273RW,70,39,31,22
GU273RY,7,4,3,4
GU273RZ,9,5,4,6
GU273SA,38,24,14,12
GU273SB,18,7,11,4
GU273SD,60,27,33,20
GU273SE,8,4,4,3
GU273SF,7,2,5,3
GU273SG,14,6,8,4
GU273SH,22,10,12,9
GU273SJ,93,48,45,32
GU273SL,75,36,39,30
GU273SN,64,30,34,25
GU273SP,3,1,2,2
GU273SQ,45,24,21,17
GU273SR,9,5,4,8
GU273SS,13,7,6,6
GU273SU,10,6,4,3
GU273SW,87,42,45,29
GU273SX,58,30,28,21
GU273SY,21,11,10,8
GU273SZ,23,12,11,11
GU273TA,30,15,15,12
GU273TB,16,8,8,6
GU273TD,24,10,14,16
GU273TE,15,6,9,8
GU273TF,18,8,10,13
GU273TG,8,3,5,4
GU273TJ,6,3,3,4
GU273TL,8,4,4,4
GU273TN,8,5,3,3
GU273TQ,12,6,6,4
GU280AB,54,21,33,29
GU280AD,5,2,3,3
GU280AG,32,14,18,18
GU280AH,12,5,7,7
GU280AN,14,5,9,7
GU280AP,3,2,1,2
GU280AS,20,7,13,13
GU280AU,72,32,40,46
GU280AW,6,3,3,4
GU280AX,7,2,5,6
GU280AY,8,3,5,6
GU280AZ,8,3,5,6
GU280BA,5,1,4,4
GU280BB,13,7,6,10
GU280BD,46,22,24,26
GU280BE,13,6,7,6
GU280BG,29,12,17,16
GU280BH,14,8,6,6
GU280BJ,7,4,3,4
GU280BL,5,3,2,3
GU280BN,5,2,3,3
GU280BP,24,10,14,14
GU280BQ,16,7,9,9
GU280BS,4,3,1,2
GU280BT,60,26,34,31
GU280BW,19,11,8,8
GU280BX,56,23,33,33
GU280DA,6,2,4,4
GU280DB,12,4,8,8
GU280DD,5,1,4,2
GU280DE,13,6,7,7
GU280DF,23,10,13,14
GU280DG,20,7,13,13
GU280DH,9,5,4,4
GU280DJ,5,0,5,3
GU280DL,6,1,5,6
GU280DN,19,10,9,10
GU280DP,11,5,6,4
GU280DQ,4,2,2,2
GU280DS,8,3,5,4
GU280DT,4,2,2,2
GU280DW,4,2,2,3
GU280DX,35,19,16,18
GU280DZ,3,1,2,2
GU280EA,94,31,63,11
GU280EB,64,28,36,26
GU280ED,56,28,28,19
GU280EF,88,42,46,36
GU280EG,70,33,37,28
GU280EH,57,33,24,22
GU280EJ,9,4,5,9
GU280EL,17,6,11,12
GU280EN,30,11,19,12
GU280EP,19,10,9,9
GU280EQ,68,34,34,31
GU280ER,22,10,12,12
GU280ES,14,8,6,9
GU280ET,5,2,3,3
GU280EU,40,25,15,15
GU280EW,45,22,23,21
GU280EX,93,44,49,34
GU280EY,64,32,32,24
GU280EZ,88,42,46,32
GU280FD,5,1,4,4
GU280HA,8,4,4,4
GU280HB,17,10,7,9
GU280HD,2,1,1,1
GU280HE,31,15,16,10
GU280HF,13,5,8,7
GU280HG,9,7,2,4
GU280HH,8,6,2,4
GU280HJ,3,2,1,2
GU280HL,52,27,25,22
GU280HN,23,10,13,10
GU280HP,8,5,3,3
GU280HQ,38,13,25,3
GU280HR,11,6,5,3
GU280HS,23,13,10,10
GU280HT,30,16,14,10
GU280HU,52,20,32,22
GU280HW,10,5,5,5
GU280HX,36,17,19,15
GU280HY,2,1,1,1
GU280HZ,2,1,1,1
GU280JA,3,2,1,2
GU280JB,14,9,5,6
GU280JE,15,6,9,6
GU280JF,12,5,7,6
GU280JG,11,6,5,6
GU280JH,5,2,3,3
GU280JJ,11,5,6,5
GU280JL,5,1,4,2
GU280JN,12,6,6,5
GU280JP,4,2,2,2
GU280JQ,22,12,10,7
GU280JR,33,15,18,15
GU280JS,94,25,69,18
GU280JT,8,5,3,3
GU280JU,26,15,11,11
GU280JW,8,4,4,3
GU280JX,11,6,5,6
GU280JY,18,8,10,10
GU280JZ,22,11,11,8
GU280LA,43,19,24,20
GU280LB,34,14,20,13
GU280LD,3,2,1,1
GU280LE,4,2,2,2
GU280LF,26,8,18,9
GU280LG,21,11,10,10
GU280LH,22,9,13,10
GU280LJ,12,6,6,5
GU280LL,12,6,6,5
GU280LN,15,3,12,7
GU280LQ,12,5,7,4
GU280LS,8,4,4,4
GU280LT,22,11,11,8
GU280LU,12,7,5,5
GU280LW,12,4,8,8
GU280LX,16,8,8,8
GU280LY,3,1,2,1
GU280LZ,2,1,1,1
GU280NA,17,10,7,10
GU280NB,96,65,31,0
GU280ND,22,9,13,9
GU280NE,23,10,13,8
GU280NF,3,3,0,3
GU280NG,8,4,4,3
GU280NH,3,1,2,2
GU280NJ,28,11,17,11
GU280NL,52,25,27,19
GU280NN,1,0,1,1
GU280NP,27,13,14,15
GU280NQ,6,3,3,3
GU280NR,43,19,24,18
GU280NS,27,10,17,14
GU280NT,11,6,5,4
GU280NU,14,8,6,4
GU280NW,4,2,2,3
GU280NX,1,1,0,1
GU280NY,34,18,16,12
GU280NZ,14,7,7,7
GU280PA,11,7,4,6
GU280PB,3,2,1,2
GU280PD,9,4,5,6
GU280PF,15,6,9,6
GU280PG,10,4,6,5
GU280PJ,26,14,12,10
GU280PL,19,10,9,7
GU280PN,14,11,3,5
GU280PP,4,1,3,2
GU280PQ,7,4,3,5
GU280PR,5,3,2,2
GU280PS,17,9,8,10
GU280PT,25,11,14,11
GU280PU,26,14,12,11
GU280PW,21,11,10,8
GU280PX,21,10,11,8
GU280PY,16,8,8,10
GU280PZ,1,0,1,1
GU280QA,32,12,20,16
GU280QB,13,8,5,5
GU280QD,4,2,2,3
GU280QE,17,5,12,8
GU280QF,50,18,32,20
GU280QG,31,16,15,11
GU280QH,14,6,8,8
GU280QJ,22,10,12,8
GU280QL,3,2,1,2
GU280QN,3,1,2,2
GU280QP,8,3,5,4
GU280QQ,1,1,0,1
GU280QR,2,2,0,2
GU280QS,13,5,8,8
GU280QU,18,8,10,11
GU280QW,5,3,2,2
GU280QX,70,35,35,28
GU280QY,25,13,12,7
GU280QZ,59,26,33,25
GU280RA,30,12,18,11
GU280RB,11,4,7,4
GU280RD,29,13,16,11
GU280RE,14,4,10,3
GU280RF,11,4,7,5
GU280SA,64,29,35,44
GU280SG,44,23,21,14
GU280SZ,9,5,4,4
GU289AA,17,10,7,6
GU289AB,15,5,10,8
GU289AD,11,6,5,5
GU289AE,10,4,6,6
GU289AF,7,3,4,3
GU289AG,9,5,4,4
GU289AH,10,5,5,5
GU289AJ,2,1,1,1
GU289AL,65,31,34,32
GU289AN,54,27,27,26
GU289AP,13,4,9,4
GU289AQ,10,6,4,7
GU289AR,10,5,5,5
GU289AS,14,7,7,5
GU289AT,10,4,6,5
GU289AU,2,1,1,1
GU289AW,7,2,5,3
GU289AX,21,11,10,6
GU289AY,28,12,16,11
GU289AZ,8,3,5,2
GU289BB,5,3,2,3
GU289BD,7,3,4,3
GU289BE,34,16,18,14
GU289BG,17,10,7,8
GU289BH,13,4,9,6
GU289BJ,2,1,1,1
GU289BL,53,30,23,20
GU289BN,16,8,8,6
GU289BP,16,8,8,5
GU289BQ,10,4,6,7
GU289BT,13,6,7,5
GU289BU,1,0,1,1
GU289BW,22,10,12,8
GU289BX,13,8,5,6
GU289BY,11,5,6,5
GU289BZ,61,26,35,29
GU289DA,31,13,18,14
GU289DB,15,8,7,5
GU289DD,17,8,9,9
GU289DE,11,5,6,6
GU289DF,16,7,9,7
GU289DG,13,7,6,7
GU289DH,56,25,31,19
GU289DJ,10,4,6,6
GU289DL,3,1,2,2
GU289DN,34,13,21,11
GU289DP,4,1,3,3
GU289DQ,3,2,1,2
GU289DR,20,13,7,9
GU289DS,13,6,7,3
GU289DT,45,22,23,17
GU289DU,10,5,5,3
GU289DW,2,1,1,1
GU289DX,31,16,15,12
GU289DY,14,8,6,5
GU289DZ,5,2,3,1
GU289EA,33,15,18,10
GU289ED,73,38,35,24
GU289EG,13,7,6,4
GU289EH,17,8,9,8
GU289EJ,23,14,9,10
GU289EL,18,8,10,7
GU289EN,50,27,23,20
GU289EP,47,24,23,15
GU289EQ,18,8,10,7
GU289ER,11,6,5,5
GU289ES,114,59,55,49
GU289ET,42,15,27,21
GU289EU,24,17,7,6
GU289EW,26,16,10,10
GU289EX,10,3,7,5
GU289EY,16,7,9,5
GU289EZ,9,4,5,2
GU289HA,25,11,14,12
GU289HB,12,6,6,3
GU289HD,9,5,4,4
GU289HH,8,5,3,5
GU289HJ,22,11,11,7
GU289HL,36,17,19,18
GU289HN,105,56,49,45
GU289HP,32,18,14,11
GU289HR,6,4,2,3
GU289HS,5,2,3,1
GU289HT,7,4,3,3
GU289HU,10,5,5,3
GU289HW,44,19,25,17
GU289HX,23,11,12,9
GU289HY,148,71,77,63
GU289HZ,4,2,2,1
GU289JA,34,20,14,14
GU289JB,12,6,6,4
GU289JD,6,3,3,3
GU289JF,9,4,5,2
GU289JJ,4,2,2,2
GU289JL,7,3,4,3
GU289JN,10,6,4,4
GU289JP,20,11,9,8
GU289JR,10,5,5,4
GU289JS,1,1,0,1
GU289JT,10,4,6,2
GU289JU,29,14,15,11
GU289JW,13,7,6,5
GU289JX,9,4,5,4
GU289JY,14,6,8,6
GU289JZ,22,10,12,8
GU289LA,4,2,2,2
GU289LB,12,7,5,4
GU289LD,27,13,14,11
GU289LE,25,12,13,10
GU289LF,2,1,1,1
GU289LG,11,4,7,3
GU289LH,4,2,2,1
GU289LJ,7,3,4,3
GU289LP,1,1,0,1
GU289LR,11,6,5,4
GU289LS,6,4,2,3
GU289LU,14,7,7,5
GU289LX,4,2,2,3
GU289LY,3,2,1,1
GU289LZ,13,6,7,4
GU289NB,13,7,6,6
GU289ND,10,6,4,5
GU289NE,12,6,6,4
GU289NJ,22,12,10,8
GU289NL,20,9,11,10
GU289NN,4,2,2,2
GU289NP,139,68,71,57
GU289NS,103,52,51,37
GU289NU,8,5,3,4
GU289NW,103,53,50,42
GU289NX,5,3,2,2
GU289NY,2,1,1,1
GU289NZ,4,2,2,1
GU289PA,3,1,2,2
GU290AA,39,21,18,14
GU290AB,13,6,7,5
GU290AD,85,47,38,43
GU290AE,11,7,4,5
GU290AF,2,1,1,1
GU290AG,14,5,9,6
GU290AH,3,1,2,2
GU290AJ,13,4,9,7
GU290AL,52,24,28,31
GU290AN,18,6,12,14
GU290AQ,1,0,1,1
GU290AR,4,0,4,3
GU290AU,9,5,4,3
GU290AW,10,6,4,4
GU290AX,4,1,3,3
GU290AY,15,6,9,5
GU290AZ,27,13,14,10
GU290BA,4,3,1,2
GU290BB,1,1,0,1
GU290BD,21,10,11,9
GU290BE,50,29,21,20
GU290BG,11,4,7,5
GU290BH,20,8,12,8
GU290BJ,13,6,7,5
GU290BN,6,3,3,5
GU290BP,63,33,30,28
GU290BQ,62,28,34,25
GU290BU,11,4,7,5
GU290BX,22,11,11,9
GU290BY,6,4,2,3
GU290BZ,3,1,2,2
GU290DA,10,6,4,5
GU290DB,21,10,11,7
GU290DD,9,4,5,3
GU290DE,8,3,5,4
GU290DF,10,4,6,5
GU290DG,3,1,2,1
GU290DH,15,5,10,9
GU290DJ,13,6,7,8
GU290DL,25,10,15,12
GU290DN,27,13,14,13
GU290DP,8,4,4,4
GU290DQ,14,5,9,4
GU290DR,7,4,3,4
GU290DS,6,3,3,4
GU290DT,15,8,7,4
GU290DU,5,2,3,4
GU290DW,21,11,10,12
GU290DX,31,17,14,12
GU290DY,5,2,3,3
GU290DZ,6,2,4,2
GU290EE,2,1,1,1
GU290EG,17,8,9,9
GU290EH,61,24,37,27
GU290EJ,12,7,5,5
GU290EL,13,6,7,7
GU290EN,7,4,3,2
GU290EP,2,1,1,1
GU290EQ,20,8,12,10
GU290ER,15,8,7,6
GU290ES,29,10,19,0
GU290ET,25,11,14,12
GU290EU,13,5,8,7
GU290EW,13,6,7,7
GU290EZ,21,9,12,8
GU290HA,4,2,2,2
GU290HB,2,1,1,1
GU290HD,14,6,8,8
GU290HE,3,1,2,2
GU290HF,13,6,7,6
GU290HG,5,2,3,3
GU290HH,3,1,2,2
GU290HJ,14,5,9,9
GU290HL,12,7,5,5
GU290HN,42,20,22,14
GU290HP,29,16,13,12
GU290HQ,104,58,46,48
GU290HR,18,8,10,6
GU290HS,6,3,3,2
GU290HT,10,4,6,3
GU290HU,44,19,25,22
GU290HW,16,7,9,8
GU290HX,24,15,9,9
GU290HY,22,13,9,9
GU290HZ,17,10,7,5
GU290JB,25,13,12,10
GU290JH,25,11,14,10
GU290JJ,3,1,2,2
GU290JL,6,4,2,3
GU290JN,15,7,8,6
GU290JP,11,5,6,4
GU290JR,3,1,2,1
GU290JS,26,15,11,10
GU290JT,31,16,15,13
GU290JU,2,1,1,1
GU290JW,11,6,5,4
GU290JX,20,9,11,11
GU290JY,29,14,15,12
GU290JZ,12,6,6,7
GU290LA,41,19,22,20
GU290LB,16,8,8,7
GU290LD,17,7,10,9
GU290LE,18,10,8,6
GU290LF,4,2,2,2
GU290LH,5,3,2,3
GU290LJ,23,12,11,11
GU290LQ,12,3,9,8
GU290LR,41,23,18,17
GU290LS,3,2,1,2
GU290LT,5,3,2,2
GU290LU,9,5,4,3
GU290LX,1,1,0,1
GU290LY,16,6,10,8
GU290LZ,3,1,2,2
GU290NA,10,5,5,5
GU290NB,5,2,3,2
GU290NF,28,12,16,10
GU290NG,8,4,4,5
GU290NH,9,4,5,3
GU290NJ,4,2,2,1
GU290NL,6,2,4,4
GU290NN,5,2,3,3
GU290NP,13,8,5,6
GU290NQ,50,19,31,25
GU290NR,11,7,4,4
GU290NS,10,4,6,5
GU290NT,27,15,12,13
GU290NU,97,46,51,44
GU290NW,7,4,3,5
GU290NX,124,62,62,63
GU290NY,13,7,6,5
GU290NZ,59,24,35,21
GU290PA,2,1,1,1
GU290PB,11,7,4,5
GU290PD,3,2,1,1
GU290PE,30,13,17,14
GU290PF,21,8,13,13
GU290PG,1,0,1,1
GU290PH,6,3,3,2
GU290PJ,25,13,12,10
GU290PL,23,11,12,7
GU290PP,10,5,5,2
GU290PQ,12,7,5,6
GU290PR,24,10,14,8
GU290PS,32,18,14,15
GU290PT,17,9,8,10
GU290PU,6,2,4,3
GU290PX,12,6,6,5
GU290PY,7,4,3,4
GU290PZ,7,4,3,3
GU290QA,2,1,1,1
GU290QB,14,6,8,8
GU290QD,14,9,5,5
GU290QE,11,7,4,5
GU290QF,42,21,21,15
GU290QG,12,6,6,4
GU290QH,6,2,4,5
GU290QJ,2,1,1,1
GU290QN,19,9,10,10
GU290QP,25,12,13,8
GU290QQ,2,1,1,1
GU290QW,4,2,2,1
GU299AA,27,14,13,9
GU299AB,18,9,9,8
GU299AD,82,46,36,26
GU299AE,44,18,26,19
GU299AF,60,30,30,25
GU299AG,11,7,4,5
GU299AH,6,4,2,6
GU299AJ,6,2,4,2
GU299AL,8,5,3,5
GU299AN,2,1,1,1
GU299AP,11,6,5,4
GU299AQ,57,26,31,22
GU299AR,8,3,5,4
GU299AS,16,9,7,7
GU299AT,112,64,48,46
GU299AU,8,3,5,4
GU299AW,16,4,12,2
GU299AX,10,5,5,4
GU299AY,22,11,11,9
GU299AZ,36,15,21,10
GU299BA,55,23,32,20
GU299BB,16,8,8,6
GU299BD,35,15,20,13
GU299BE,81,44,37,31
GU299BF,66,28,38,22
GU299BG,61,29,32,37
GU299BH,33,15,18,20
GU299BJ,72,33,39,32
GU299BL,3,2,1,2
GU299BN,25,11,14,9
GU299BP,11,8,3,7
GU299BQ,82,37,45,35
GU299BS,11,5,6,5
GU299BT,70,29,41,39
GU299BU,95,48,47,31
GU299BW,6,2,4,4
GU299BX,17,7,10,12
GU299BY,11,6,5,7
GU299BZ,4,3,1,3
GU299DA,6,2,4,4
GU299DE,24,7,17,18
GU299DF,2,0,2,2
GU299DG,1,0,1,1
GU299DH,6,3,3,4
GU299DJ,27,17,10,15
GU299DQ,15,8,7,9
GU299DR,14,6,8,9
GU299DU,7,4,3,3
GU299DX,14,3,11,7
GU299DY,9,2,7,8
GU299DZ,4,2,2,1
GU299EA,6,3,3,4
GU299EB,6,1,5,5
GU299ED,64,32,32,25
GU299EE,12,5,7,7
GU299EF,5,2,3,2
GU299EG,27,13,14,12
GU299EH,80,41,39,30
GU299EJ,72,38,34,23
GU299EL,82,39,43,37
GU299EN,13,6,7,8
GU299EP,54,26,28,20
GU299EQ,33,17,16,10
GU299ER,133,60,73,47
GU299ES,13,7,6,7
GU299ET,30,16,14,12
GU299EU,3,2,1,1
GU299EW,15,8,7,8
GU299EX,50,21,29,24
GU299EY,2,1,1,2
GU299EZ,79,33,46,40
GU299FB,6,4,2,3
GU299FD,12,5,7,4
GU299FE,9,5,4,4
GU299FG,8,4,4,5
GU299FH,62,23,39,27
GU299FJ,54,26,28,19
GU299FL,16,9,7,8
GU299FN,9,2,7,7
GU299FP,4,3,1,4
GU299HA,54,24,30,23
GU299HB,15,6,9,10
GU299HD,27,15,12,13
GU299HF,15,5,10,9
GU299HG,19,6,13,10
GU299HH,30,17,13,15
GU299HJ,19,7,12,6
GU299HL,43,18,25,28
GU299HN,59,22,37,36
GU299HP,19,7,12,13
GU299HQ,11,5,6,7
GU299HR,14,7,7,14
GU299HS,15,7,8,14
GU299HT,23,13,10,22
GU299HU,3,1,2,1
GU299HW,28,9,19,22
GU299HY,17,7,10,10
GU299HZ,81,34,47,36
GU299JA,15,7,8,7
GU299JB,11,4,7,7
GU299JD,35,16,19,14
GU299JE,47,24,23,28
GU299JF,73,37,36,34
GU299JG,75,40,35,28
GU299JH,83,38,45,39
GU299JJ,22,10,12,13
GU299JN,18,0,18,0
GU299JP,18,11,7,10
GU299JQ,49,24,25,23
GU299JR,24,10,14,12
GU299JS,65,28,37,27
GU299JT,5,3,2,2
GU299JU,4,2,2,2
GU299JW,30,12,18,12
GU299JX,72,28,44,31
GU299JY,9,5,4,3
GU299JZ,107,51,56,52
GU299LA,5,3,2,3
GU299LB,66,31,35,28
GU299LD,49,26,23,22
GU299LE,29,9,20,11
GU299LF,35,17,18,10
GU299LG,19,8,11,9
GU299LH,43,21,22,22
GU299LJ,3,2,1,1
GU299LL,11,5,6,5
GU299LN,21,12,9,11
GU299LP,10,4,6,5
GU299LQ,5,2,3,4
GU299LR,5,3,2,2
GU299LT,10,4,6,7
GU299LU,8,4,4,5
GU299LW,63,29,34,34
GU299LY,5,2,3,2
GU299NA,1,1,0,1
GU299NB,5,2,3,4
GU299ND,23,9,14,14
GU299NE,27,14,13,20
GU299NF,15,8,7,11
GU299NH,5,2,3,2
GU299NJ,2,1,1,1
GU299NL,22,11,11,13
GU299NN,15,8,7,7
GU299NP,2,1,1,1
GU299NT,20,9,11,12
GU299NX,17,8,9,13
GU299PB,8,6,2,5
GU299PD,15,6,9,9
GU299PE,2,1,1,1
GU299PF,49,21,28,22
GU299PG,44,22,22,21
GU299PH,53,25,28,29
GU299PJ,71,30,41,40
GU299PL,6,4,2,3
GU299PN,66,30,36,36
GU299PP,82,44,38,33
GU299PQ,38,24,14,22
GU299PR,10,6,4,4
GU299PS,25,11,14,12
GU299PT,6,5,1,4
GU299PW,17,7,10,8
GU299PX,59,20,39,38
GU299PY,20,12,8,10
GU299PZ,10,4,6,5
GU299QA,88,35,53,62
GU299QB,20,9,11,9
GU299QE,20,8,12,8
GU299QF,5,3,2,2
GU299QG,9,6,3,4
GU299QH,25,13,12,10
GU299QJ,10,6,4,4
GU299QL,24,10,14,16
GU299QN,50,20,30,30
GU299QP,61,31,30,38
GU299QQ,13,7,6,5
GU299QR,36,15,21,15
GU299QS,71,33,38,36
GU299QT,6,3,3,2
GU299QW,46,20,26,19
GU299QY,19,9,10,10
GU299QZ,79,33,46,46
GU299RA,2,1,1,1
GU299RB,49,23,26,25
GU299RD,10,5,5,7
GU299RH,17,9,8,6
GU299RJ,6,2,4,3
GU299RL,12,6,6,3
GU299RP,27,13,14,15
GU299RR,22,10,12,11
GU299RS,27,15,12,11
GU299RT,6,3,3,4
GU299RU,7,2,5,4
GU299SA,8,3,5,5
GU299SB,5,3,2,3
GU299SE,23,10,13,12
GU299SF,54,28,26,19
GU299SG,13,6,7,7
GU299SS,3,1,2,3
GU299ST,11,5,6,5
GU299TA,46,20,26,25
GU299TB,54,23,31,30
GU299TD,66,25,41,38
GU299TE,13,5,8,7
GU299TF,92,46,46,38
GU299TG,62,26,36,32
GU299TH,61,31,30,23
GU299TJ,20,9,11,9
GU299TQ,53,21,32,33
GU299TT,68,30,38,20
GU299TU,38,19,19,12
GU299UA,25,5,20,21
GU3 1AA,4,2,2,2
GU3 1AG,26,13,13,10
GU3 1AH,57,21,36,11
GU3 1AJ,6,3,3,3
GU3 1AL,14,7,7,6
GU3 1AN,9,5,4,3
GU3 1AP,21,10,11,10
GU3 1AQ,35,8,27,4
GU3 1AR,50,28,22,20
GU3 1AS,6,3,3,4
GU3 1AT,76,38,38,29
GU3 1AU,87,47,40,38
GU3 1AW,3,2,1,2
GU3 1AX,44,16,28,21
GU3 1AY,14,8,6,7
GU3 1AZ,58,27,31,27
GU3 1BA,20,7,13,7
GU3 1BB,22,9,13,9
GU3 1BD,18,10,8,9
GU3 1BE,16,8,8,4
GU3 1BG,31,15,16,12
GU3 1BH,4,2,2,4
GU3 1BQ,12,8,4,4
GU3 1DA,29,13,16,8
GU3 1DD,4,2,2,3
GU3 1DE,9,4,5,4
GU3 1DF,19,13,6,4
GU3 1DG,4,3,1,2
GU3 1DJ,5,2,3,1
GU3 1DL,18,9,9,7
GU3 1DN,22,8,14,8
GU3 1DP,1,1,0,1
GU3 1DQ,37,20,17,14
GU3 1DR,29,13,16,12
GU3 1DS,24,10,14,9
GU3 1DT,7,4,3,3
GU3 1DU,54,25,29,22
GU3 1DW,4,2,2,2
GU3 1DX,7,4,3,3
GU3 1DY,7,4,3,3
GU3 1DZ,14,7,7,5
GU3 1EA,2,1,1,1
GU3 1EB,17,9,8,8
GU3 1ED,26,17,9,11
GU3 1EE,40,8,32,7
GU3 1EF,7,4,3,5
GU3 1EG,36,20,16,14
GU3 1EH,41,23,18,16
GU3 1EQ,19,9,10,10
GU3 1HA,2,1,1,1
GU3 1HB,16,7,9,5
GU3 1HD,5,3,2,3
GU3 1HE,6,4,2,3
GU3 1HF,71,26,45,16
GU3 1HJ,6,4,2,2
GU3 1HL,5,1,4,2
GU3 1HN,19,9,10,10
GU3 1HP,5,2,3,4
GU3 1HQ,16,9,7,6
GU3 1HR,11,4,7,4
GU3 1HS,21,11,10,9
GU3 1HT,4,2,2,1
GU3 1HU,4,2,2,2
GU3 1HW,23,8,15,9
GU3 1HX,11,6,5,4
GU3 1HY,7,4,3,3
GU3 1HZ,10,4,6,4
GU3 1JA,23,9,14,10
GU3 1JB,4,1,3,2
GU3 1JD,3,1,2,1
GU3 1JE,17,9,8,9
GU3 1JF,8,4,4,3
GU3 1JG,74,32,42,28
GU3 1JH,61,32,29,24
GU3 1JJ,39,17,22,21
GU3 1JL,19,11,8,5
GU3 1JN,15,6,9,7
GU3 1JQ,68,32,36,28
GU3 1JT,15,8,7,5
GU3 1JW,12,6,6,5
GU3 1LH,66,38,28,24
GU3 1LJ,32,6,26,1
GU3 1LN,8,4,4,3
GU3 1LP,18,5,13,7
GU3 1LQ,3,1,2,1
GU3 1LT,5,2,3,3
GU3 1LX,12,7,5,6
GU3 1LY,18,9,9,7
GU3 1LZ,1,1,0,1
GU3 1NB,19,10,9,8
GU3 1ND,78,35,43,32
GU3 1NE,108,28,80,0
GU3 1NF,84,45,39,31
GU3 1NG,16,6,10,8
GU3 1NJ,21,11,10,9
GU3 1NQ,5,2,3,3
GU3 2AA,18,9,9,6
GU3 2AD,6,4,2,2
GU3 2AE,10,4,6,5
GU3 2AG,45,25,20,18
GU3 2AH,17,7,10,9
GU3 2AJ,35,18,17,26
GU3 2AL,11,4,7,4
GU3 2AN,16,10,6,6
GU3 2AP,26,14,12,11
GU3 2AQ,15,7,8,8
GU3 2AR,47,27,20,18
GU3 2AS,23,14,9,9
GU3 2AT,13,10,3,5
GU3 2AU,11,6,5,5
GU3 2AW,65,31,34,23
GU3 2AX,84,38,46,34
GU3 2AY,117,59,58,71
GU3 2BA,34,14,20,12
GU3 2BB,55,28,27,38
GU3 2BD,35,18,17,12
GU3 2BE,27,15,12,13
GU3 2BF,8,4,4,4
GU3 2BH,5,2,3,2
GU3 2BJ,59,30,29,40
GU3 2BN,8,3,5,4
GU3 2BP,14,6,8,6
GU3 2BQ,31,17,14,16
GU3 2BS,20,9,11,7
GU3 2BT,13,6,7,5
GU3 2BZ,30,15,15,15
GU3 2DA,48,24,24,19
GU3 2DB,14,5,9,6
GU3 2DD,16,7,9,6
GU3 2DE,39,21,18,14
GU3 2DF,45,24,21,18
GU3 2DG,51,22,29,27
GU3 2DH,7,4,3,4
GU3 2DJ,15,8,7,8
GU3 2DL,36,15,21,12
GU3 2DQ,41,20,21,18
GU3 2DU,8,4,4,4
GU3 2EA,36,21,15,14
GU3 2EB,58,30,28,24
GU3 2ED,54,31,23,21
GU3 2EE,37,17,20,13
GU3 2EF,42,21,21,18
GU3 2EG,22,9,13,12
GU3 2EH,54,30,24,17
GU3 2EJ,27,14,13,15
GU3 2EL,20,8,12,13
GU3 2EN,28,12,16,11
GU3 2EP,34,15,19,17
GU3 2EQ,40,20,20,21
GU3 2ER,39,16,23,17
GU3 2ES,4,2,2,2
GU3 2ET,45,22,23,20
GU3 2EU,53,29,24,20
GU3 2EW,39,18,21,19
GU3 2EY,54,23,31,24
GU3 2EZ,24,11,13,12
GU3 2HA,74,35,39,32
GU3 2HR,13,7,6,4
GU3 2HS,6,3,3,2
GU3 2HT,19,10,9,10
GU3 2HU,41,19,22,14
GU3 2HX,4,2,2,2
GU3 2HY,4,1,3,2
GU3 2HZ,7,4,3,2
GU3 2JA,22,11,11,8
GU3 2JB,107,53,54,47
GU3 2JD,7,5,2,3
GU3 2JE,31,14,17,12
GU3 2JF,2,1,1,1
GU3 2JG,57,27,30,23
GU3 2JH,53,30,23,20
GU3 2JJ,100,50,50,42
GU3 2JL,44,19,25,22
GU3 2JN,8,2,6,5
GU3 2JP,23,10,13,7
GU3 2JQ,11,5,6,6
GU3 2JR,76,39,37,31
GU3 2JW,42,23,19,16
GU3 3AA,14,7,7,6
GU3 3AB,7,2,5,2
GU3 3AD,14,8,6,5
GU3 3AE,80,43,37,25
GU3 3AF,13,7,6,5
GU3 3AG,8,4,4,3
GU3 3AH,121,55,66,38
GU3 3AJ,7,5,2,5
GU3 3AL,47,23,24,24
GU3 3AN,48,26,22,17
GU3 3AP,24,10,14,14
GU3 3AQ,22,9,13,10
GU3 3AR,1,1,0,1
GU3 3AS,67,29,38,27
GU3 3AT,58,32,26,24
GU3 3AU,76,42,34,31
GU3 3AW,49,22,27,19
GU3 3AX,46,23,23,16
GU3 3AY,67,39,28,27
GU3 3AZ,67,35,32,25
GU3 3BA,9,3,6,3
GU3 3BB,23,14,9,11
GU3 3BD,52,27,25,21
GU3 3BE,70,31,39,28
GU3 3BG,39,18,21,16
GU3 3BJ,12,7,5,6
GU3 3BL,16,9,7,6
GU3 3BN,12,6,6,5
GU3 3BP,25,11,14,10
GU3 3BQ,75,34,41,27
GU3 3BS,73,35,38,29
GU3 3BT,34,16,18,11
GU3 3BU,4,2,2,2
GU3 3BW,11,4,7,6
GU3 3BX,17,8,9,7
GU3 3BY,98,52,46,41
GU3 3BZ,22,10,12,12
GU3 3DA,11,6,5,6
GU3 3DB,15,7,8,5
GU3 3DD,12,5,7,8
GU3 3DE,13,6,7,7
GU3 3DF,65,31,34,23
GU3 3DG,16,9,7,10
GU3 3DH,64,30,34,28
GU3 3DJ,19,9,10,7
GU3 3DL,60,33,27,22
GU3 3DN,53,25,28,18
GU3 3DP,5,2,3,2
GU3 3DQ,37,18,19,13
GU3 3DS,46,20,26,20
GU3 3DT,18,10,8,12
GU3 3DU,36,13,23,17
GU3 3DW,121,56,65,39
GU3 3DX,8,4,4,3
GU3 3DY,10,6,4,5
GU3 3DZ,30,13,17,13
GU3 3EA,32,17,15,12
GU3 3EB,2,2,0,2
GU3 3ED,48,23,25,20
GU3 3EE,46,27,19,22
GU3 3EF,57,25,32,23
GU3 3EG,90,43,47,32
GU3 3EP,16,9,7,6
GU3 3EQ,92,43,49,38
GU3 3ER,73,33,40,24
GU3 3ES,74,40,34,27
GU3 3EU,15,5,10,8
GU3 3EX,62,32,30,21
GU3 3EY,44,23,21,22
GU3 3EZ,9,7,2,4
GU3 3HA,91,51,40,36
GU3 3HB,50,28,22,19
GU3 3HD,93,46,47,30
GU3 3HE,11,5,6,5
GU3 3HF,17,11,6,7
GU3 3HG,59,29,30,33
GU3 3HH,16,6,10,6
GU3 3HJ,7,5,2,3
GU3 3HL,42,21,21,17
GU3 3HN,31,17,14,10
GU3 3HP,51,25,26,18
GU3 3HQ,10,5,5,5
GU3 3HR,25,12,13,10
GU3 3HS,27,12,15,9
GU3 3HT,57,28,29,19
GU3 3HU,16,4,12,11
GU3 3HW,65,28,37,31
GU3 3HX,6,5,1,1
GU3 3HY,9,6,3,4
GU3 3HZ,11,6,5,6
GU3 3JA,34,15,19,13
GU3 3JB,41,20,21,18
GU3 3JD,23,12,11,11
GU3 3JE,35,16,19,15
GU3 3JF,9,4,5,4
GU3 3JG,65,34,31,26
GU3 3JH,67,34,33,23
GU3 3JJ,76,36,40,30
GU3 3JL,70,38,32,27
GU3 3JN,67,35,32,24
GU3 3JP,1,1,0,1
GU3 3JQ,16,6,10,8
GU3 3JR,83,39,44,28
GU3 3JS,36,19,17,16
GU3 3JT,6,3,3,2
GU3 3JU,21,10,11,8
GU3 3JW,14,6,8,6
GU3 3JX,14,6,8,4
GU3 3JY,6,4,2,2
GU3 3JZ,8,4,4,3
GU3 3LA,2,2,0,1
GU3 3LB,5,2,3,2
GU3 3LD,13,5,8,6
GU3 3LE,10,5,5,5
GU3 3LF,8,4,4,3
GU3 3LG,10,7,3,5
GU3 3LH,27,16,11,9
GU3 3LL,21,9,12,8
GU3 3LQ,11,4,7,5
GU3 3LX,36,15,21,13
GU3 3LY,87,44,43,38
GU3 3LZ,71,35,36,34
GU3 3NB,58,33,25,25
GU3 3ND,34,14,20,17
GU3 3NE,36,16,20,20
GU3 3NF,32,13,19,18
GU3 3NG,76,36,40,34
GU3 3NH,78,37,41,36
GU3 3NJ,69,34,35,36
GU3 3NL,75,36,39,33
GU3 3NP,23,8,15,13
GU3 3NQ,73,38,35,32
GU3 3NS,18,8,10,12
GU3 3PA,15,6,9,5
GU3 3PB,36,17,19,11
GU3 3PD,10,6,4,4
GU3 3PE,52,18,34,1
GU3 3PF,32,18,14,16
GU3 3PG,155,73,82,62
GU3 3PH,11,6,5,4
GU3 3PJ,35,20,15,15
GU3 3PL,2,1,1,1
GU3 3PP,78,34,44,31
GU3 3PQ,15,7,8,7
GU3 3PR,32,16,16,13
GU3 3PS,36,16,20,13
GU3 3PT,27,13,14,10
GU3 3PU,40,22,18,15
GU3 3PW,53,23,30,20
GU3 3PX,22,13,9,7
GU3 3PY,5,2,3,1
GU3 3PZ,12,8,4,2
GU3 3QB,25,9,16,12
GU3 3QD,23,9,14,6
GU3 3QE,34,16,18,13
GU3 3QF,20,9,11,9
GU3 3QG,28,14,14,9
GU3 3QJ,5,3,2,2
GU3 3QQ,6,3,3,2
GU3 3QU,14,7,7,6
GU3 3QX,5,2,3,2
GU3 3QY,8,3,5,3
GU3 3QZ,15,7,8,6
GU3 3RA,14,6,8,5
GU3 3RB,70,34,36,25
GU3 3RD,58,38,20,18
GU3 3RE,55,22,33,20
GU3 3RF,22,11,11,4
GU3 3RG,39,24,15,14
GU3 3RH,20,11,9,7
GU3 3RJ,86,44,42,32
GU3 3RL,21,10,11,9
GU3 3RN,38,17,21,12
GU3 3RP,33,17,16,14
GU3 3RQ,49,25,24,19
GU3 3RR,10,6,4,2
GU3 3RT,69,27,42,29
GU3 3RU,62,37,25,19
GU3 3RY,31,16,15,9
GU3 3SB,36,17,19,14
GU3 3TA,28,10,18,11
GU307AA,11,5,6,7
GU307AB,7,5,2,4
GU307AD,4,3,1,1
GU307AH,16,13,3,10
GU307AJ,48,22,26,23
GU307AL,57,30,27,34
GU307AN,100,49,51,28
GU307AP,57,22,35,10
GU307AR,42,19,23,16
GU307AS,43,21,22,16
GU307AT,110,51,59,36
GU307AU,57,28,29,27
GU307AX,46,20,26,35
GU307AY,42,21,21,30
GU307AZ,53,23,30,40
GU307BA,8,3,5,3
GU307BB,37,19,18,18
GU307BD,74,36,38,30
GU307BE,53,24,29,24
GU307BG,45,19,26,18
GU307BH,67,27,40,27
GU307BJ,52,23,29,27
GU307BL,51,23,28,20
GU307BN,93,39,54,36
GU307BP,56,26,30,23
GU307BQ,6,1,5,6
GU307BS,101,49,52,52
GU307BT,90,45,45,44
GU307BU,68,35,33,24
GU307BW,39,20,19,17
GU307BX,40,21,19,15
GU307BY,68,35,33,25
GU307BZ,52,24,28,21
GU307DA,63,29,34,24
GU307DB,16,6,10,7
GU307DD,121,63,58,45
GU307DE,35,17,18,12
GU307DF,10,4,6,6
GU307DG,133,73,60,46
GU307DJ,61,32,29,19
GU307DL,9,6,3,3
GU307DN,20,9,11,10
GU307DP,17,6,11,17
GU307DQ,82,46,36,28
GU307DR,23,17,6,13
GU307DT,74,38,36,30
GU307DU,19,9,10,9
GU307DW,50,24,26,22
GU307DX,52,26,26,22
GU307DY,52,27,25,33
GU307DZ,31,13,18,16
GU307EA,46,21,25,22
GU307EB,25,9,16,17
GU307ED,9,7,2,4
GU307EE,39,20,19,14
GU307EF,12,6,6,4
GU307EG,9,4,5,4
GU307EH,40,15,25,18
GU307EJ,21,9,12,10
GU307EL,13,6,7,5
GU307EP,5,2,3,3
GU307EQ,14,7,7,6
GU307ES,43,16,27,32
GU307ET,22,9,13,20
GU307EW,13,7,6,8
GU307EX,26,10,16,13
GU307EY,47,20,27,19
GU307EZ,16,6,10,7
GU307FZ,13,4,9,11
GU307GA,17,5,12,12
GU307GB,12,3,9,10
GU307GD,12,7,5,10
GU307GE,6,3,3,3
GU307GF,34,16,18,20
GU307GG,16,9,7,10
GU307GN,2,1,1,1
GU307GR,15,6,9,12
GU307HA,40,18,22,16
GU307HB,23,11,12,10
GU307HD,6,2,4,4
GU307HE,51,21,30,27
GU307HF,76,30,46,30
GU307HG,29,14,15,15
GU307HH,54,26,28,20
GU307HJ,63,30,33,24
GU307HL,88,31,57,39
GU307HN,70,36,34,24
GU307HP,97,47,50,48
GU307HQ,66,30,36,28
GU307HR,76,42,34,28
GU307HS,32,17,15,12
GU307HU,28,13,15,9
GU307HW,42,19,23,16
GU307HX,22,9,13,7
GU307HY,25,13,12,11
GU307HZ,32,15,17,11
GU307JA,54,28,26,21
GU307JB,21,10,11,11
GU307JD,16,7,9,5
GU307JE,5,3,2,1
GU307JF,20,11,9,10
GU307JG,10,3,7,4
GU307JH,22,12,10,8
GU307JJ,11,6,5,3
GU307JL,6,2,4,2
GU307JN,43,27,16,17
GU307JP,40,21,19,18
GU307JQ,2,1,1,1
GU307JR,45,24,21,13
GU307JS,15,10,5,6
GU307JT,15,11,4,7
GU307JU,15,9,6,5
GU307JX,6,3,3,3
GU307JY,46,26,20,20
GU307JZ,20,8,12,8
GU307LA,19,10,9,9
GU307LB,28,18,10,16
GU307LD,61,34,27,21
GU307LG,40,18,22,11
GU307LH,1,0,1,1
GU307LJ,15,7,8,4
GU307LL,2,1,1,1
GU307LN,9,4,5,4
GU307LP,21,9,12,11
GU307LQ,97,48,49,3
GU307LR,24,13,11,11
GU307LS,8,4,4,4
GU307LT,3,1,2,2
GU307LU,28,14,14,13
GU307LW,6,2,4,1
GU307LX,11,6,5,5
GU307LY,25,12,13,10
GU307LZ,89,44,45,31
GU307NA,59,31,28,23
GU307NB,70,34,36,26
GU307ND,8,4,4,4
GU307NE,4,3,1,2
GU307NF,12,7,5,7
GU307NG,10,5,5,4
GU307NH,26,13,13,10
GU307NJ,75,32,43,40
GU307NL,21,10,11,9
GU307NN,3,1,2,1
GU307NP,84,44,40,32
GU307NQ,9,5,4,2
GU307NS,63,29,34,26
GU307NT,6,1,5,4
GU307NU,5,1,4,4
GU307NW,20,12,8,11
GU307NX,22,13,9,10
GU307NY,117,56,61,46
GU307NZ,102,50,52,39
GU307PA,22,11,11,10
GU307PB,19,9,10,6
GU307PD,22,11,11,9
GU307PE,16,6,10,0
GU307PF,18,11,7,7
GU307PG,38,17,21,16
GU307PH,59,30,29,21
GU307PJ,36,21,15,9
GU307PL,46,24,22,18
GU307PN,82,35,47,36
GU307PP,43,27,16,17
GU307PQ,66,37,29,23
GU307PR,53,25,28,18
GU307PS,70,33,37,23
GU307PT,19,9,10,7
GU307PU,37,16,21,14
GU307PW,102,51,51,39
GU307PX,87,42,45,29
GU307PY,52,27,25,20
GU307PZ,22,11,11,9
GU307QA,17,9,8,8
GU307QB,36,18,18,15
GU307QD,64,30,34,30
GU307QE,59,28,31,26
GU307QF,50,25,25,22
GU307QG,44,20,24,20
GU307QH,88,44,44,34
GU307QJ,40,19,21,15
GU307QL,7,3,4,2
GU307QN,44,22,22,18
GU307QP,22,10,12,7
GU307QQ,51,22,29,21
GU307QS,92,41,51,37
GU307QT,126,58,68,70
GU307QW,33,17,16,12
GU307QY,2,1,1,1
GU307QZ,47,23,24,17
GU307RA,21,12,9,8
GU307RB,11,7,4,4
GU307RD,46,26,20,26
GU307RE,2,1,1,1
GU307RF,36,19,17,12
GU307RG,19,7,12,10
GU307RH,32,15,17,12
GU307RJ,55,28,27,20
GU307RL,16,9,7,6
GU307RN,10,5,5,5
GU307RP,20,14,6,10
GU307RQ,41,19,22,16
GU307RS,16,9,7,6
GU307RT,13,6,7,4
GU307RU,56,28,28,22
GU307RW,10,5,5,5
GU307RX,32,15,17,15
GU307RY,54,23,31,6
GU307RZ,6,2,4,2
GU307SA,38,22,16,14
GU307SD,42,21,21,14
GU307SG,28,13,15,11
GU307SH,76,41,35,35
GU307SJ,8,4,4,4
GU307SL,57,22,35,27
GU307SP,39,18,21,18
GU307SQ,31,13,18,14
GU307SS,35,17,18,13
GU307ST,25,11,14,11
GU307SU,64,37,27,24
GU307SW,4,1,3,1
GU307SX,4,1,3,2
GU307SY,6,4,2,2
GU307SZ,7,4,3,2
GU307TA,23,13,10,10
GU307TB,12,9,3,9
GU307TD,55,22,33,16
GU307TE,19,6,13,6
GU307TN,3,2,1,3
GU307TR,43,22,21,24
GU307TS,18,6,12,12
GU307TX,35,17,18,13
GU307TY,85,40,45,21
GU307TZ,83,43,40,25
GU307UA,17,8,9,6
GU307UH,64,28,36,18
GU307UJ,19,10,9,8
GU307UP,101,56,45,34
GU307UR,35,18,17,10
GU307UW,21,10,11,10
GU307XA,36,17,19,11
GU307XB,15,8,7,6
GU307XD,49,28,21,13
GU307XE,42,20,22,16
GU307XR,3,1,2,1
GU307XX,18,9,9,12
GU307YA,45,20,25,18
GU307YB,35,19,16,12
GU307YD,31,13,18,13
GU307YE,21,10,11,11
GU307YZ,26,10,16,12
GU314AA,1,0,1,1
GU314AB,6,3,3,1
GU314AD,10,5,5,4
GU314AE,9,4,5,3
GU314AF,27,15,12,11
GU314AG,12,6,6,7
GU314AH,6,3,3,2
GU314AJ,18,9,9,8
GU314AL,115,58,57,44
GU314AN,22,11,11,13
GU314AP,63,17,46,11
GU314AR,18,9,9,6
GU314AS,4,3,1,1
GU314AT,19,10,9,8
GU314AU,1,1,0,1
GU314AW,12,7,5,9
GU314AX,28,12,16,11
GU314AZ,85,33,52,59
GU314BA,22,8,14,8
GU314BB,22,10,12,11
GU314BD,10,4,6,4
GU314BE,24,11,13,11
GU314BF,55,28,27,16
GU314BG,11,8,3,4
GU314BH,27,8,19,22
GU314BJ,7,4,3,5
GU314BL,11,6,5,5
GU314BP,43,21,22,18
GU314BQ,2,1,1,1
GU314BS,34,18,16,16
GU314BT,19,9,10,10
GU314BU,34,14,20,15
GU314BW,22,10,12,10
GU314BX,3,1,2,1
GU314BY,34,18,16,16
GU314BZ,58,33,25,22
GU314DA,13,4,9,8
GU314DB,53,26,27,23
GU314DD,25,10,15,10
GU314DE,29,13,16,13
GU314DF,16,7,9,5
GU314DG,82,41,41,28
GU314DH,52,27,25,21
GU314DJ,30,14,16,14
GU314DL,36,19,17,13
GU314DN,30,13,17,13
GU314DP,48,22,26,26
GU314DQ,69,31,38,28
GU314DR,11,7,4,8
GU314DT,22,8,14,11
GU314DU,7,5,2,4
GU314DW,43,19,24,18
GU314DZ,4,1,3,1
GU314EB,23,11,12,12
GU314ED,3,0,3,2
GU314EE,50,24,26,20
GU314EF,7,3,4,6
GU314EG,14,4,10,9
GU314EH,30,16,14,19
GU314EJ,52,25,27,21
GU314EL,45,25,20,15
GU314EQ,9,4,5,4
GU314ER,103,47,56,46
GU314ES,36,17,19,13
GU314ET,97,45,52,40
GU314EU,118,59,59,44
GU314EW,40,22,18,14
GU314EY,19,11,8,5
GU314EZ,6,2,4,2
GU314FD,31,14,17,12
GU314HA,45,21,24,15
GU314HB,27,16,11,9
GU314HD,125,59,66,53
GU314HE,44,21,23,14
GU314HF,65,33,32,27
GU314HG,58,31,27,18
GU314HH,27,12,15,19
GU314HJ,43,24,19,12
GU314HL,82,37,45,26
GU314HN,43,23,20,17
GU314HP,47,22,25,19
GU314HQ,53,27,26,18
GU314HR,34,16,18,12
GU314HS,4,2,2,2
GU314HT,4,1,3,1
GU314HU,1,0,1,1
GU314HW,90,43,47,32
GU314HX,91,40,51,36
GU314HY,69,28,41,31
GU314HZ,97,46,51,41
GU314JE,27,14,13,12
GU314JF,27,15,12,15
GU314JG,25,13,12,12
GU314JH,33,18,15,21
GU314JJ,31,16,15,14
GU314JL,1,1,0,1
GU314JN,21,11,10,10
GU314JP,8,5,3,4
GU314JQ,26,11,15,10
GU314JS,87,40,47,34
GU314JT,18,7,11,8
GU314JU,8,4,4,6
GU314JX,86,42,44,41
GU314JY,56,23,33,23
GU314JZ,16,5,11,11
GU314LA,10,4,6,4
GU314LB,78,36,42,27
GU314LD,28,13,15,14
GU314LF,26,6,20,24
GU314LG,20,10,10,11
GU314LH,31,14,17,14
GU314LJ,75,30,45,26
GU314LL,65,34,31,25
GU314LN,123,65,58,46
GU314LP,6,4,2,3
GU314LQ,39,21,18,17
GU314LR,55,29,26,24
GU314LS,76,32,44,33
GU314LT,28,13,15,13
GU314LU,30,14,16,14
GU314LW,4,2,2,1
GU314LX,25,9,16,19
GU314LY,23,12,11,14
GU314LZ,31,11,20,22
GU314NA,13,6,7,9
GU314NB,20,10,10,10
GU314ND,19,10,9,10
GU314NE,29,15,14,18
GU314NF,26,14,12,16
GU314NG,2,1,1,1
GU314NH,72,35,37,20
GU314NJ,8,3,5,2
GU314NL,5,4,1,2
GU314NN,5,3,2,2
GU314NP,3,2,1,1
GU314NR,120,58,62,49
GU314NS,45,23,22,17
GU314NT,42,19,23,18
GU314NU,51,23,28,21
GU314NW,3,1,2,2
GU314NX,83,42,41,36
GU314NY,37,20,17,21
GU314PA,66,33,33,28
GU314PB,45,18,27,16
GU314PD,46,23,23,21
GU314PE,26,14,12,9
GU314PF,55,24,31,31
GU314PG,51,22,29,25
GU314PH,65,33,32,39
GU314PJ,30,15,15,12
GU314PN,73,36,37,25
GU314PP,29,11,18,17
GU314PQ,45,21,24,18
GU314PR,77,35,42,34
GU314PS,77,42,35,27
GU314PU,14,6,8,8
GU314PW,190,87,103,81
GU314PY,58,29,29,26
GU314PZ,65,31,34,30
GU314QA,111,54,57,65
GU314QE,118,55,63,45
GU314QF,42,19,23,14
GU314QG,97,44,53,33
GU314QH,8,6,2,4
GU314QJ,122,50,72,44
GU314QL,89,34,55,38
GU314QN,92,43,49,41
GU314QP,54,28,26,23
GU314QQ,39,17,22,15
GU314QR,26,15,11,14
GU314QS,7,3,4,3
GU314QT,55,29,26,23
GU314RA,46,23,23,14
GU314RD,59,26,33,24
GU314RE,76,36,40,38
GU314RF,65,32,33,27
GU314RQ,32,17,15,14
GU314SJ,31,17,14,11
GU314SL,7,5,2,4
GU314SN,39,21,18,17
GU314SP,36,19,17,16
GU314SR,38,15,23,15
GU314SS,21,8,13,5
GU314ST,10,5,5,4
GU314SU,57,25,32,23
GU314YS,17,9,8,5
GU314YY,20,11,9,8
GU314YZ,36,8,28,28
GU315AA,2,1,1,1
GU315AB,9,6,3,4
GU315AD,5,2,3,2
GU315AE,15,5,10,7
GU315AG,2,1,1,1
GU315AH,7,3,4,3
GU315AJ,19,7,12,6
GU315AL,16,8,8,6
GU315AN,22,11,11,7
GU315AP,2,1,1,1
GU315AQ,4,4,0,2
GU315AR,4,1,3,3
GU315AS,30,17,13,14
GU315AT,23,10,13,10
GU315AU,14,7,7,5
GU315AW,40,19,21,17
GU315AX,34,16,18,12
GU315AY,27,14,13,10
GU315AZ,11,6,5,4
GU315BA,4,2,2,1
GU315BH,14,7,7,6
GU315BJ,7,4,3,4
GU315BL,16,6,10,9
GU315BN,19,9,10,7
GU315BP,8,4,4,3
GU315BT,7,3,4,3
GU315BU,19,8,11,8
GU315BW,8,5,3,3
GU315BX,2,1,1,1
GU315BY,21,15,6,5
GU315BZ,18,9,9,6
GU315DA,6,3,3,3
GU315DB,8,5,3,3
GU315DD,41,21,20,18
GU315DE,30,15,15,18
GU315DF,9,6,3,4
GU315DG,11,6,5,4
GU315DH,22,11,11,9
GU315DJ,49,24,25,22
GU315DL,3,1,2,2
GU315DN,3,1,2,2
GU315DQ,4,1,3,2
GU315DR,11,4,7,5
GU315DS,10,5,5,3
GU315DT,3,1,2,2
GU315EA,22,9,13,18
GU315EB,14,7,7,5
GU315ED,8,5,3,4
GU315EE,12,5,7,5
GU315EF,24,12,12,9
GU315EG,9,4,5,4
GU315EJ,19,9,10,10
GU315EL,17,8,9,5
GU315EN,27,12,15,11
GU315EP,12,7,5,4
GU315EQ,7,4,3,4
GU315ER,13,7,6,6
GU315ES,8,3,5,3
GU315ET,21,12,9,9
GU315EU,52,33,19,13
GU315EW,3,1,2,2
GU315EY,1,0,1,1
GU315EZ,12,5,7,3
GU315HB,2,1,1,1
GU315HD,41,14,27,14
GU315HE,12,4,8,6
GU315HG,21,10,11,11
GU315HH,3,2,1,2
GU315HJ,118,61,57,44
GU315HL,62,28,34,34
GU315HN,24,9,15,8
GU315HP,23,12,11,7
GU315HQ,21,10,11,9
GU315HR,14,8,6,6
GU315HS,11,6,5,6
GU315HT,12,5,7,5
GU315HU,15,5,10,9
GU315HW,2,1,1,1
GU315HX,22,9,13,7
GU315HY,47,23,24,17
GU315JA,40,18,22,15
GU315JB,28,14,14,12
GU315JD,9,5,4,4
GU315JE,6,1,5,2
GU315JF,11,7,4,4
GU315JG,9,4,5,4
GU315JH,38,17,21,16
GU315JJ,4,2,2,1
GU315JL,7,4,3,3
GU315JN,19,10,9,8
GU315JP,46,24,22,22
GU315JQ,26,15,11,10
GU315JR,12,6,6,5
GU315JS,15,7,8,6
GU315JT,27,14,13,14
GU315JU,7,5,2,3
GU315JW,8,5,3,3
GU315JX,4,1,3,2
GU315LB,60,28,32,21
GU315LD,22,11,11,10
GU315LE,51,27,24,22
GU315LF,3,2,1,2
GU315LG,98,51,47,42
GU315LH,15,8,7,3
GU315LJ,35,14,21,17
GU315LL,36,18,18,19
GU315LN,10,3,7,3
GU315LP,4,1,3,1
GU315LQ,59,28,31,28
GU315LR,20,9,11,11
GU315LS,12,5,7,5
GU315LT,16,6,10,8
GU315LU,25,9,16,12
GU315LW,15,6,9,5
GU315LX,2,1,1,1
GU315LY,12,5,7,8
GU315LZ,35,18,17,14
GU315NA,1,0,1,1
GU315NB,12,5,7,6
GU315ND,1,0,1,1
GU315NE,18,8,10,7
GU315NF,5,4,1,1
GU315NG,15,6,9,5
GU315NN,29,13,16,11
GU315NP,12,5,7,4
GU315NQ,6,3,3,3
GU315NR,13,7,6,7
GU315NS,5,2,3,4
GU315NT,23,12,11,10
GU315NU,19,11,8,6
GU315NW,14,6,8,7
GU315NX,5,2,3,3
GU315NY,8,5,3,5
GU315NZ,14,5,9,6
GU315PA,19,10,9,9
GU315PB,15,7,8,6
GU315PD,7,3,4,4
GU315PE,23,15,8,8
GU315PF,20,11,9,8
GU315PG,10,5,5,4
GU315PH,8,4,4,4
GU315PL,19,10,9,6
GU315PN,3,2,1,2
GU315PU,7,4,3,2
GU315PX,8,4,4,5
GU315PY,32,18,14,17
GU315PZ,17,9,8,7
GU315QA,10,5,5,6
GU315QB,20,8,12,10
GU315QD,20,9,11,8
GU315QE,10,6,4,6
GU315QF,3,2,1,2
GU315QG,7,3,4,3
GU315QH,19,7,12,9
GU315QJ,11,5,6,4
GU315QL,17,10,7,10
GU315QN,20,12,8,9
GU315QQ,4,2,2,3
GU315QR,10,4,6,7
GU315QS,8,1,7,4
GU315QW,55,29,26,24
GU315RA,11,6,5,5
GU315RB,11,8,3,3
GU315RD,15,7,8,7
GU315RE,2,0,2,2
GU315RF,31,15,16,10
GU315RG,8,5,3,4
GU315RH,5,3,2,3
GU315RJ,3,1,2,2
GU315RL,7,2,5,3
GU315RN,4,3,1,1
GU315RP,7,4,3,3
GU315RQ,9,4,5,4
GU315RR,11,4,7,3
GU315RS,79,38,41,35
GU315RT,14,6,8,6
GU315RU,6,5,1,2
GU315RW,13,7,6,3
GU315RX,47,26,21,22
GU315RY,38,19,19,19
GU315RZ,43,23,20,18
GU315SA,65,35,30,24
GU315SB,54,26,28,30
GU315SD,52,26,26,27
GU315SE,72,35,37,28
GU315SG,31,21,10,11
GU315SH,3,1,2,2
GU315SL,25,10,15,9
GU315SN,13,5,8,5
GU315SP,1,1,0,1
GU315SQ,2,1,1,1
GU315SS,6,2,4,1
GU315SW,4,4,0,1
GU315SX,32,18,14,16
GU321AA,22,10,12,7
GU321AB,27,14,13,12
GU321AD,13,7,6,4
GU321AE,58,24,34,21
GU321AF,83,37,46,37
GU321AG,48,26,22,15
GU321AH,3,1,2,2
GU321AJ,15,8,7,5
GU321AL,12,6,6,5
GU321AN,4,1,3,2
GU321AQ,12,5,7,4
GU321AR,2,1,1,1
GU321AS,32,15,17,10
GU321AT,22,13,9,9
GU321AU,6,3,3,4
GU321AW,6,3,3,2
GU321AX,8,4,4,3
GU321AY,12,6,6,4
GU321AZ,8,4,4,4
GU321BB,24,12,12,9
GU321BD,9,4,5,7
GU321BE,17,9,8,9
GU321BG,8,4,4,3
GU321BH,7,3,4,5
GU321BJ,30,15,15,11
GU321BL,14,6,8,4
GU321BN,12,5,7,4
GU321BP,13,4,9,4
GU321BQ,14,8,6,6
GU321BS,13,7,6,4
GU321BW,9,6,3,2
GU321BX,4,2,2,2
GU321BY,8,4,4,3
GU321BZ,17,8,9,7
GU321DA,3,1,2,1
GU321DB,2,1,1,1
GU321DD,26,12,14,9
GU321DE,5,2,3,2
GU321DF,15,9,6,5
GU321DG,7,4,3,3
GU321DH,19,9,10,9
GU321DJ,4,1,3,2
GU321DL,3,2,1,1
GU321DN,14,4,10,4
GU321DP,8,4,4,4
GU321DQ,21,9,12,7
GU321DR,12,4,8,5
GU321DS,5,2,3,2
GU321DT,23,13,10,8
GU321DU,5,2,3,2
GU321DW,17,10,7,10
GU321DX,29,12,17,16
GU321DY,15,7,8,4
GU321DZ,4,3,1,3
GU321EA,25,13,12,8
GU321EB,24,13,11,10
GU321ED,18,7,11,6
GU321EE,5,1,4,3
GU321EF,6,3,3,2
GU321EG,22,10,12,9
GU321EH,81,36,45,35
GU321EJ,70,38,32,21
GU321EL,1,0,1,1
GU321EP,39,26,13,11
GU321EQ,19,10,9,7
GU321ER,8,3,5,4
GU321ES,7,4,3,3
GU321ET,5,3,2,3
GU321EX,14,6,8,6
GU321EY,6,3,3,3
GU321EZ,21,10,11,8
GU321HA,5,2,3,2
GU321HB,8,4,4,4
GU321HD,17,10,7,6
GU321HF,73,41,32,30
GU321HG,5,3,2,2
GU321HH,2,1,1,1
GU321HJ,25,12,13,8
GU321HL,29,15,14,8
GU321HN,5,2,3,2
GU321HP,3,1,2,2
GU321HQ,16,9,7,5
GU321HR,1,1,0,1
GU321HS,7,3,4,3
GU321HT,17,9,8,5
GU321HU,12,5,7,6
GU321HW,13,6,7,6
GU321HY,58,34,24,2
GU321HZ,1,0,1,1
GU321JA,51,26,25,25
GU321JB,2,1,1,1
GU321JD,10,4,6,4
GU321JE,14,7,7,6
GU321JF,21,12,9,9
GU321JG,21,10,11,10
GU321JH,2,1,1,1
GU321JJ,18,10,8,5
GU321JL,13,5,8,5
GU321JN,13,6,7,6
GU321JP,7,5,2,3
GU321JQ,10,6,4,6
GU321JR,5,2,3,3
GU321JS,23,13,10,9
GU321JT,14,7,7,5
GU321JU,5,2,3,3
GU321JW,16,8,8,6
GU321JX,2,2,0,1
GU321JY,16,10,6,5
GU321JZ,8,5,3,3
GU321LA,4,1,3,1
GU321LD,8,3,5,3
GU321LE,28,14,14,13
GU321LF,18,10,8,7
GU321LG,18,10,8,8
GU321LH,30,19,11,12
GU321LJ,18,11,7,12
GU321LN,21,9,12,10
GU321LP,6,3,3,4
GU321LQ,15,7,8,7
GU321LR,29,12,17,15
GU321LS,4,2,2,2
GU321LT,13,6,7,8
GU321LU,27,15,12,13
GU321LW,14,6,8,6
GU321LX,36,15,21,11
GU321LY,31,16,15,12
GU321LZ,7,4,3,4
GU321NA,10,3,7,5
GU321NB,15,9,6,7
GU321ND,10,3,7,5
GU321NE,6,2,4,2
GU321NH,17,7,10,10
GU321NJ,9,4,5,4
GU321NL,12,6,6,4
GU321NN,10,5,5,4
GU321NP,2,1,1,2
GU321NR,16,9,7,8
GU321NS,52,26,26,25
GU321NT,19,9,10,8
GU321NU,18,8,10,8
GU321NW,48,23,25,26
GU321NX,3,2,1,1
GU321NY,29,17,12,8
GU321NZ,16,6,10,6
GU321PA,19,9,10,4
GU321PB,22,11,11,12
GU321PD,16,8,8,9
GU321PE,9,5,4,4
GU321PF,15,6,9,6
GU321PG,5,2,3,2
GU321PH,14,7,7,7
GU321PJ,21,8,13,6
GU321PL,10,6,4,4
GU321PN,12,5,7,4
GU321PP,6,4,2,2
GU321PQ,7,4,3,3
GU321PR,63,32,31,19
GU321PS,53,29,24,18
GU321PT,1,1,0,1
GU321PU,4,0,4,3
GU321PW,17,7,10,6
GU321PX,14,4,10,5
GU321PY,44,21,23,19
GU321PZ,19,9,10,6
GU321QA,26,12,14,10
GU321QB,6,4,2,3
GU321QD,30,11,19,14
GU321QE,6,2,4,2
GU321QF,18,7,11,6
GU321QG,7,3,4,5
GU321QH,21,9,12,7
GU321QJ,17,7,10,7
GU321QL,18,7,11,7
GU321QN,14,7,7,5
GU321QP,4,2,2,2
GU321QQ,24,12,12,6
GU321QR,11,5,6,3
GU321QS,2,1,1,1
GU321QT,47,23,24,19
GU321QW,10,4,6,4
GU321QX,4,2,2,1
GU321QY,6,3,3,3
GU321QZ,41,20,21,12
GU321RB,16,9,7,7
GU321RD,10,5,5,5
GU321RF,8,4,4,4
GU321RG,7,3,4,2
GU321RH,32,19,13,11
GU321RJ,15,7,8,7
GU321RN,8,5,3,2
GU321RP,15,8,7,6
GU321RQ,19,9,10,9
GU321RR,15,7,8,7
GU321RS,13,8,5,5
GU321RT,5,3,2,2
GU321RU,25,14,11,11
GU321RW,6,4,2,3
GU321RX,5,3,2,3
GU322AA,79,36,43,37
GU322AB,63,29,34,33
GU322AD,33,17,16,14
GU322AE,109,45,64,34
GU322AF,79,40,39,27
GU322AG,11,5,6,6
GU322AH,37,17,20,21
GU322AJ,55,26,29,21
GU322AL,17,6,11,6
GU322AN,86,43,43,30
GU322AP,8,3,5,5
GU322AQ,23,10,13,9
GU322AR,12,5,7,4
GU322AS,43,17,26,19
GU322AT,6,3,3,3
GU322AU,10,6,4,3
GU322AW,10,4,6,7
GU322AX,98,48,50,52
GU322AY,4,3,1,1
GU322AZ,6,2,4,3
GU322BA,14,7,7,3
GU322BB,20,10,10,7
GU322BD,15,8,7,5
GU322BE,2,1,1,1
GU322BG,9,5,4,4
GU322BJ,6,3,3,2
GU322BL,43,20,23,13
GU322BN,26,12,14,10
GU322BP,19,10,9,8
GU322BS,7,3,4,3
GU322BW,36,16,20,12
GU322BY,8,3,5,2
GU322BZ,10,5,5,5
GU322DA,14,7,7,6
GU322DB,21,12,9,7
GU322DD,22,11,11,8
GU322DE,12,3,9,7
GU322DF,22,12,10,11
GU322DG,19,4,15,10
GU322DH,17,6,11,4
GU322DJ,39,20,19,20
GU322DL,23,14,9,11
GU322DN,31,15,16,14
GU322DP,427,194,233,40
GU322DQ,39,19,20,13
GU322DR,3,1,2,3
GU322DU,16,10,6,5
GU322DW,46,23,23,16
GU322DX,18,8,10,6
GU322DY,50,23,27,20
GU322DZ,35,17,18,16
GU322EA,15,9,6,6
GU322EB,70,34,36,25
GU322ED,96,44,52,33
GU322EE,50,25,25,19
GU322EF,26,13,13,10
GU322EG,42,23,19,15
GU322EH,78,40,38,28
GU322EJ,2,1,1,1
GU322EL,13,7,6,4
GU322EN,117,68,49,42
GU322EQ,19,7,12,5
GU322ES,29,8,21,22
GU322EX,43,21,22,21
GU322EY,66,36,30,24
GU322EZ,35,17,18,15
GU322HA,15,9,6,8
GU322HD,5,2,3,3
GU322HE,65,34,31,33
GU322HF,27,14,13,12
GU322HG,29,11,18,13
GU322HH,19,8,11,9
GU322HJ,63,33,30,23
GU322HL,102,51,51,34
GU322HN,90,47,43,30
GU322HP,4,2,2,2
GU322HQ,28,14,14,17
GU322HR,13,9,4,4
GU322HS,92,40,52,3
GU322HT,9,4,5,3
GU322HU,19,9,10,7
GU322HW,29,13,16,12
GU322HX,57,17,40,9
GU322HY,46,23,23,17
GU322HZ,15,7,8,5
GU322JA,51,24,27,20
GU322JB,111,52,59,47
GU322JD,70,35,35,26
GU322JE,30,16,14,13
GU322JF,45,23,22,16
GU322JG,74,34,40,35
GU322JH,42,18,24,15
GU322JJ,35,16,19,14
GU322JL,82,44,38,34
GU322JP,15,7,8,5
GU322JQ,77,34,43,26
GU323AG,69,28,41,43
GU323AH,8,2,6,4
GU323AJ,20,9,11,12
GU323AQ,115,53,62,67
GU323AS,29,14,15,13
GU323AU,9,5,4,8
GU323AW,8,3,5,5
GU323AX,62,34,28,30
GU323AY,27,11,16,14
GU323AZ,58,28,30,27
GU323BA,125,68,57,38
GU323BB,84,42,42,34
GU323BD,29,15,14,10
GU323BE,94,45,49,35
GU323BF,13,8,5,9
GU323BG,38,20,18,18
GU323BH,67,32,35,27
GU323BJ,5,2,3,4
GU323BL,19,10,9,6
GU323BN,8,4,4,2
GU323BP,94,46,48,40
GU323BQ,84,44,40,34
GU323BS,3,2,1,0
GU323BT,98,46,52,39
GU323BU,22,11,11,7
GU323BW,131,66,65,52
GU323BX,93,47,46,35
GU323BY,9,4,5,4
GU323BZ,11,6,5,6
GU323DA,7,4,3,2
GU323DB,3,2,1,1
GU323DE,26,17,9,13
GU323DG,10,5,5,8
GU323DL,14,8,6,8
GU323DP,18,8,10,12
GU323DQ,5,2,3,3
GU323DR,1,0,1,1
GU323DT,10,7,3,4
GU323DW,86,46,40,56
GU323DY,35,16,19,20
GU323DZ,24,13,11,11
GU323EA,7,2,5,5
GU323EB,4,2,2,1
GU323ED,16,10,6,8
GU323EF,5,4,1,5
GU323EH,69,34,35,30
GU323EJ,11,8,3,7
GU323EL,17,10,7,8
GU323EN,7,4,3,4
GU323EP,27,2,25,26
GU323EQ,41,6,35,40
GU323ER,36,16,20,20
GU323ES,73,37,36,39
GU323ET,30,16,14,17
GU323EU,53,22,31,34
GU323EW,23,13,10,13
GU323EX,56,29,27,29
GU323EY,11,5,6,8
GU323EZ,8,2,6,6
GU323FD,30,16,14,18
GU323FE,10,6,4,5
GU323HA,13,3,10,8
GU323HB,48,20,28,26
GU323HE,29,11,18,17
GU323HF,23,11,12,19
GU323HH,17,10,7,10
GU323HJ,7,6,1,4
GU323HP,22,8,14,16
GU323HS,3,2,1,3
GU323HX,39,21,18,20
GU323HZ,12,9,3,9
GU323JE,1,1,0,1
GU323JH,31,4,27,30
GU323JL,8,5,3,4
GU323JP,29,16,13,16
GU323JR,4,4,0,2
GU323JS,8,6,2,8
GU323JT,16,10,6,10
GU323JX,41,17,24,21
GU323JY,46,20,26,21
GU323JZ,43,23,20,22
GU323LA,30,14,16,13
GU323LD,62,29,33,27
GU323LF,38,16,22,15
GU323LG,51,21,30,19
GU323LH,42,12,30,33
GU323LJ,11,7,4,6
GU323LP,59,31,28,27
GU323LQ,40,18,22,17
GU323LR,41,10,31,35
GU323LS,135,66,69,43
GU323LT,15,9,6,8
GU323LX,93,46,47,40
GU323LY,170,76,94,59
GU323LZ,29,14,15,11
GU323NA,59,30,29,32
GU323NB,125,57,68,42
GU323ND,32,16,16,14
GU323NE,92,48,44,34
GU323NF,111,51,60,37
GU323NH,113,49,64,33
GU323NJ,5,3,2,1
GU323NL,17,11,6,8
GU323NN,23,11,12,7
GU323NP,14,6,8,5
GU323NQ,8,2,6,6
GU323NR,9,5,4,2
GU323NT,34,17,17,18
GU323NU,5,3,2,4
GU323NW,23,11,12,9
GU323NX,33,11,22,24
GU323PA,5,2,3,2
GU323PB,5,3,2,2
GU323PD,8,3,5,3
GU323PE,2,1,1,1
GU323PF,50,25,25,17
GU323PG,22,12,10,10
GU323PH,1,1,0,1
GU323PJ,48,25,23,20
GU323PL,29,17,12,9
GU323PN,18,7,11,9
GU323PP,66,27,39,27
GU323PQ,47,15,32,9
GU323PR,1,0,1,1
GU323PS,36,22,14,14
GU323PW,11,4,7,3
GU323PX,24,10,14,7
GU323PZ,46,20,26,24
GU323QE,16,7,9,8
GU323QJ,89,43,46,33
GU323QL,36,16,20,14
GU323QY,80,44,36,47
GU323QZ,70,38,32,41
GU323YR,53,24,29,25
GU336AA,25,10,15,8
GU336AB,32,19,13,14
GU336AD,12,5,7,4
GU336AE,27,16,11,10
GU336AF,20,11,9,18
GU336AG,28,14,14,8
GU336AH,31,13,18,10
GU336AJ,4,1,3,1
GU336AL,59,27,32,27
GU336AN,12,7,5,4
GU336AP,2,1,1,1
GU336AQ,33,16,17,12
GU336AR,54,29,25,23
GU336AS,18,8,10,10
GU336AT,6,2,4,2
GU336AU,21,9,12,5
GU336AW,14,7,7,7
GU336AX,6,3,3,2
GU336AY,13,9,4,4
GU336AZ,4,2,2,2
GU336BA,12,4,8,4
GU336BB,3,2,1,2
GU336BD,19,10,9,7
GU336BE,11,8,3,3
GU336BF,4,1,3,1
GU336BG,3,1,2,1
GU336BH,13,6,7,5
GU336BJ,2,1,1,1
GU336BL,10,5,5,3
GU336BN,5,3,2,3
GU336BP,9,5,4,5
GU336BT,6,3,3,3
GU336BU,16,9,7,8
GU336BW,41,20,21,15
GU336BX,8,4,4,3
GU336BY,5,3,2,3
GU336BZ,6,3,3,4
GU336DA,40,20,20,16
GU336DB,5,3,2,3
GU336DD,31,14,17,10
GU336DE,8,3,5,3
GU336DH,2,1,1,1
GU336DL,34,15,19,13
GU336DT,37,21,16,12
GU336EL,10,6,4,3
GU336ET,40,17,23,18
GU336EU,9,4,5,3
GU336EX,54,27,27,25
GU336EY,7,5,2,3
GU336EZ,5,1,4,2
GU336HA,47,21,26,16
GU336HB,25,12,13,9
GU336HD,7,3,4,3
GU336HE,14,6,8,5
GU336HF,20,10,10,7
GU336HG,21,11,10,6
GU336HH,6,4,2,3
GU336HL,9,5,4,4
GU336HN,7,3,4,4
GU336HP,12,6,6,6
GU336HQ,52,26,26,21
GU336HR,12,5,7,5
GU336HS,3,1,2,1
GU336HT,24,15,9,10
GU336HU,12,6,6,5
GU336HW,9,4,5,4
GU336HX,12,5,7,6
GU336HY,2,1,1,1
GU336HZ,15,8,7,5
GU336JB,39,18,21,23
GU336JD,3,2,1,2
GU336JE,61,34,27,20
GU336JG,13,7,6,2
GU336JH,12,5,7,5
GU336JJ,1,1,0,1
GU336JL,13,4,9,7
GU336JN,7,3,4,2
GU336JP,25,14,11,8
GU336JQ,33,18,15,16
GU336JR,13,4,9,5
GU336JS,10,4,6,3
GU336JT,15,8,7,7
GU336JU,32,16,16,15
GU336JW,5,2,3,2
GU336JX,10,4,6,5
GU336JY,9,6,3,2
GU336JZ,34,16,18,12
GU336LA,24,10,14,9
GU336LB,9,3,6,5
GU336LD,8,5,3,3
GU336LH,14,7,7,6
GU336LJ,21,7,14,8
GU336LL,20,8,12,7
GU336LN,7,5,2,3
GU336LP,30,16,14,10
GU336LR,10,6,4,6
GU336LS,3,1,2,1
GU336LT,4,2,2,2
GU336LU,45,25,20,15
GU336LW,4,3,1,1
GU336LX,13,7,6,4
GU336LY,4,2,2,2
GU336LZ,11,5,6,3
GU336NA,19,8,11,6
GU336NB,3,1,2,2
GU336ND,7,3,4,2
GU336NE,7,2,5,3
GU336NF,19,9,10,7
GU336NG,14,7,7,5
GU336NH,8,4,4,3
GU336NJ,2,1,1,1
GU336NL,8,4,4,4
GU336NN,1,0,1,1
GU336NP,2,1,1,2
GU336NQ,21,10,11,10
GU336NR,8,4,4,3
GU336NS,18,10,8,9
GU336NT,20,7,13,6
GU336NU,18,8,10,6
GU336NW,16,8,8,6
GU337AA,14,8,6,4
GU337AB,7,2,5,6
GU337AD,29,9,20,13
GU337AE,43,15,28,23
GU337AF,44,19,25,22
GU337AG,127,57,70,43
GU337AH,113,50,63,40
GU337AJ,43,21,22,19
GU337AN,17,9,8,5
GU337AP,24,12,12,8
GU337AQ,53,28,25,16
GU337AT,116,49,67,46
GU337AU,100,49,51,41
GU337AX,24,13,11,12
GU337AY,67,36,31,21
GU337AZ,22,14,8,9
GU337BA,51,22,29,29
GU337BB,59,29,30,29
GU337BD,14,9,5,6
GU337BE,28,15,13,14
GU337BF,41,24,17,16
GU337BG,18,9,9,8
GU337BH,24,11,13,8
GU337BJ,53,16,37,18
GU337BL,61,20,41,8
GU337BP,86,41,45,40
GU337BQ,10,4,6,4
GU337BS,62,37,25,25
GU337BT,124,56,68,43
GU337BU,59,29,30,21
GU337BW,157,80,77,64
GU337BX,32,16,16,13
GU337BY,33,15,18,9
GU337BZ,10,2,8,5
GU337DA,4,2,2,2
GU337DB,65,34,31,24
GU337DD,24,13,11,11
GU337DE,8,4,4,4
GU337DF,2,1,1,1
GU337DG,8,4,4,4
GU337DH,74,31,43,34
GU337DL,29,13,16,13
GU337DN,18,7,11,7
GU337DP,18,9,9,9
GU337DQ,79,36,43,31
GU337DR,21,11,10,9
GU337DS,4,3,1,1
GU337DT,16,9,7,9
GU337DU,15,7,8,6
GU337DW,55,25,30,21
GU337DX,2,1,1,1
GU337DY,51,26,25,20
GU337DZ,12,5,7,5
GU337EA,11,4,7,6
GU337EB,5,2,3,3
GU337ED,17,7,10,12
GU337EE,71,34,37,27
GU337EF,45,27,18,12
GU337EG,7,3,4,4
GU337EH,55,28,27,29
GU337EJ,31,10,21,13
GU337EL,11,6,5,4
GU337EN,30,14,16,11
GU337EP,31,16,15,9
GU337EQ,8,3,5,5
GU337ER,27,13,14,14
GU337ES,24,13,11,9
GU337ET,15,8,7,8
GU337EU,26,12,14,12
GU337EW,19,10,9,7
GU337EX,5,1,4,1
GU337EY,3,2,1,1
GU337EZ,4,2,2,2
GU337FD,16,5,11,7
GU337FE,9,6,3,5
GU337HA,41,21,20,15
GU337HB,23,8,15,12
GU337HD,12,7,5,6
GU337HE,15,9,6,4
GU337HF,16,8,8,7
GU337HG,25,10,15,9
GU337HH,16,8,8,10
GU337HJ,60,28,32,27
GU337HL,106,47,59,39
GU337HN,45,20,25,22
GU337HP,26,11,15,12
GU337HQ,7,3,4,5
GU337HR,60,27,33,24
GU337HS,44,20,24,21
GU337HT,2,1,1,1
GU337HU,30,15,15,11
GU337HW,20,8,12,8
GU337HX,13,4,9,7
GU337HZ,9,1,8,0
GU337JA,14,7,7,6
GU337JD,29,15,14,9
GU337JE,28,13,15,9
GU337JF,8,4,4,4
GU337JG,12,7,5,6
GU337JH,7,3,4,4
GU337JJ,24,7,17,9
GU337JL,29,14,15,12
GU337JP,7,4,3,3
GU337JQ,5,2,3,3
GU337JR,23,13,10,9
GU337JS,26,13,13,11
GU337JT,17,8,9,8
GU337JU,31,13,18,9
GU337JX,92,44,48,50
GU337JY,60,25,35,33
GU337JZ,83,39,44,26
GU337LA,6,3,3,3
GU337LB,15,8,7,5
GU337LD,16,8,8,6
GU337LE,38,18,20,14
GU337LF,13,5,8,6
GU337LG,22,9,13,16
GU337LH,20,10,10,9
GU337LJ,10,6,4,3
GU337LL,32,15,17,12
GU337LN,17,6,11,11
GU337LP,41,15,26,23
GU337LQ,37,22,15,15
GU337LR,61,29,32,29
GU337LS,89,36,53,32
GU337LT,2,1,1,1
GU337LU,11,6,5,4
GU337LW,85,41,44,34
GU337LX,7,5,2,2
GU337LY,127,59,68,44
GU337LZ,91,47,44,34
GU337NA,28,14,14,10
GU337NB,14,7,7,8
GU337ND,10,4,6,6
GU337NE,73,39,34,38
GU337NF,8,3,5,3
GU337NH,20,9,11,8
GU337NJ,31,16,15,13
GU337NL,8,4,4,3
GU337NN,1,0,1,1
GU337NP,14,5,9,8
GU337NQ,55,24,31,20
GU337NR,26,14,12,10
GU337NS,17,10,7,7
GU337NT,10,5,5,4
GU337NU,41,16,25,16
GU337NW,14,8,6,5
GU337NY,23,13,10,12
GU337NZ,9,4,5,6
GU337PA,31,9,22,3
GU337PB,108,31,77,15
GU337PD,47,16,31,0
GU337PE,16,7,9,9
GU337PF,31,16,15,11
GU337PG,81,25,56,1
GU337PH,15,10,5,1
GU337PJ,10,7,3,4
GU337PL,11,5,6,5
GU337PQ,48,23,25,22
GU337PS,42,17,25,16
GU337PT,19,10,9,8
GU337PU,9,3,6,3
GU337PX,54,27,27,18
GU337PY,33,16,17,14
GU337PZ,21,12,9,7
GU337QA,9,5,4,3
GU337QB,65,32,33,24
GU337QD,18,8,10,7
GU337QE,32,13,19,12
GU337QF,8,4,4,4
GU337QG,12,7,5,5
GU337QH,18,10,8,7
GU337QJ,10,5,5,4
GU337QL,4,3,1,1
GU337QN,15,7,8,7
GU337QP,19,15,4,3
GU337QQ,16,8,8,9
GU337QR,16,7,9,5
GU337QT,12,5,7,5
GU337QU,9,6,3,3
GU337QW,50,25,25,18
GU337QX,12,6,6,5
GU337QY,16,10,6,5
GU337QZ,2,1,1,1
GU337RA,8,4,4,5
GU337RB,12,7,5,6
GU337RE,62,30,32,27
GU337RF,39,20,19,13
GU337RG,11,5,6,4
GU337RJ,73,41,32,48
GU337RP,28,15,13,12
GU337RR,54,17,37,12
GU337RS,12,6,6,5
GU337RX,70,29,41,33
GU337RY,12,5,7,6
GU337SA,9,3,6,7
GU337SB,40,22,18,18
GU337SN,55,32,23,19
GU337SR,15,6,9,7
GU337SW,21,10,11,12
GU337TZ,41,24,17,24
GU337UZ,18,10,8,5
GU337YZ,19,10,9,4
GU341AB,20,8,12,11
GU341AF,2,2,0,1
GU341AG,21,9,12,12
GU341AH,34,14,20,31
GU341AJ,15,7,8,7
GU341AN,14,11,3,8
GU341AS,13,11,2,9
GU341AT,5,3,2,2
GU341AU,14,3,11,7
GU341AW,1,0,1,1
GU341AY,18,11,7,14
GU341BA,13,5,8,4
GU341BD,22,14,8,11
GU341BL,13,9,4,10
GU341BN,20,12,8,8
GU341BW,40,15,25,21
GU341BX,28,15,13,15
GU341DA,63,35,28,26
GU341DD,34,17,17,14
GU341DE,24,10,14,18
GU341DF,3,1,2,3
GU341DG,11,6,5,5
GU341DH,39,28,11,16
GU341DJ,22,7,15,9
GU341DN,3,2,1,2
GU341DP,10,4,6,6
GU341DQ,22,10,12,8
GU341DR,7,3,4,3
GU341DS,4,2,2,2
GU341DT,41,16,25,22
GU341DU,29,15,14,11
GU341DW,3,1,2,0
GU341DX,29,13,16,17
GU341DY,20,10,10,7
GU341DZ,92,35,57,87
GU341EB,14,9,5,6
GU341ED,21,11,10,8
GU341EE,45,24,21,15
GU341EG,25,12,13,8
GU341EH,23,9,14,12
GU341EN,17,10,7,7
GU341EQ,32,13,19,28
GU341ET,18,12,6,5
GU341EW,6,4,2,6
GU341FE,22,11,11,11
GU341FF,25,10,15,14
GU341FG,3,2,1,2
GU341FL,8,6,2,7
GU341FN,32,14,18,18
GU341FQ,18,9,9,9
GU341GA,7,3,4,3
GU341GD,10,4,6,4
GU341HA,16,10,6,8
GU341HB,36,5,31,31
GU341HD,53,20,33,37
GU341HE,42,25,17,14
GU341HF,13,6,7,7
GU341HG,25,9,16,15
GU341HJ,6,1,5,5
GU341HL,10,7,3,7
GU341HN,18,9,9,8
GU341HP,9,4,5,4
GU341HR,27,10,17,18
GU341HS,38,15,23,23
GU341HT,7,3,4,2
GU341HU,22,10,12,9
GU341HW,4,1,3,2
GU341HX,66,30,36,31
GU341HY,25,11,14,9
GU341JA,13,6,7,7
GU341JD,60,31,29,36
GU341JE,32,8,24,25
GU341JF,10,6,4,6
GU341JG,76,33,43,27
GU341JH,5,3,2,3
GU341JJ,40,23,17,22
GU341JL,60,29,31,25
GU341JP,16,6,10,10
GU341JQ,18,8,10,9
GU341JS,66,30,36,23
GU341JT,96,42,54,42
GU341JU,16,6,10,7
GU341JW,82,26,56,69
GU341JX,16,7,9,4
GU341JY,12,6,6,5
GU341LA,103,55,48,45
GU341LB,14,9,5,4
GU341LD,34,11,23,25
GU341LF,42,17,25,12
GU341LG,3,1,2,2
GU341LH,3,3,0,3
GU341LL,31,14,17,15
GU341LP,51,26,25,20
GU341LR,35,17,18,26
GU341LS,14,7,7,8
GU341LT,29,10,19,14
GU341LU,78,38,40,28
GU341LW,22,10,12,11
GU341LX,74,36,38,23
GU341LY,17,5,12,12
GU341LZ,22,10,12,8
GU341NA,72,33,39,24
GU341NB,20,11,9,9
GU341ND,2,1,1,1
GU341NE,12,4,8,4
GU341NG,22,14,8,13
GU341NH,25,13,12,14
GU341NJ,8,3,5,4
GU341NL,6,3,3,3
GU341NN,15,5,10,7
GU341NP,71,35,36,30
GU341NR,46,24,22,20
GU341NS,22,14,8,8
GU341NT,4,2,2,2
GU341NU,40,19,21,15
GU341NW,47,24,23,22
GU341NX,36,18,18,13
GU341NY,87,45,42,38
GU341NZ,98,51,47,39
GU341PA,36,12,24,27
GU341PB,58,25,33,27
GU341PD,33,7,26,2
GU341PF,2,2,0,1
GU341PG,20,11,9,7
GU341PH,29,18,11,11
GU341PJ,14,7,7,9
GU341PL,35,15,20,13
GU341PN,56,34,22,23
GU341PP,119,57,62,42
GU341PQ,10,7,3,3
GU341PR,22,13,9,7
GU341PS,20,9,11,7
GU341PT,29,17,12,9
GU341PU,17,10,7,6
GU341PW,53,24,29,24
GU341PX,45,25,20,17
GU341PY,17,9,8,7
GU341PZ,53,28,25,21
GU341QA,1,0,1,1
GU341QB,37,19,18,11
GU341QD,40,22,18,16
GU341QE,28,13,15,13
GU341QF,16,7,9,6
GU341QG,24,10,14,11
GU341QH,30,15,15,7
GU341QJ,66,29,37,21
GU341QL,22,12,10,10
GU341QN,31,13,18,12
GU341QP,39,19,20,17
GU341QQ,8,2,6,2
GU341QR,22,11,11,11
GU341QS,35,15,20,14
GU341QT,23,10,13,12
GU341QU,19,11,8,7
GU341QW,50,22,28,24
GU341QX,18,8,10,10
GU341QY,47,26,21,19
GU341QZ,17,8,9,8
GU341RA,17,8,9,7
GU341RB,17,6,11,6
GU341RD,71,34,37,27
GU341RF,21,11,10,10
GU341RG,59,25,34,20
GU341RL,73,35,38,30
GU341RN,9,4,5,6
GU341RP,70,35,35,26
GU341RQ,30,17,13,12
GU341RR,51,24,27,17
GU341RS,40,17,23,14
GU341RT,10,5,5,3
GU341RU,4,1,3,1
GU341RW,42,19,23,24
GU341RX,66,35,31,20
GU341RY,6,3,3,2
GU341RZ,19,10,9,8
GU341SA,14,5,9,8
GU341SB,23,10,13,12
GU341SD,11,4,7,5
GU341SE,16,9,7,9
GU341SF,9,5,4,3
GU341SG,12,8,4,5
GU341SH,13,5,8,7
GU341SJ,17,10,7,10
GU341SL,32,16,16,13
GU341SN,4,2,2,2
GU341SP,8,5,3,2
GU341SQ,44,22,22,16
GU341SW,16,5,11,6
GU341SX,57,26,31,24
GU341TB,12,7,5,5
GU341TD,19,9,10,16
GU341TP,6,2,4,3
GU341TR,30,14,16,20
GU341TS,43,23,20,14
GU341TW,18,9,9,11
GU341TY,10,4,6,6
GU341UA,59,23,36,18
GU341UB,165,87,78,51
GU341UD,22,14,8,5
GU341UE,61,33,28,30
GU341UF,63,27,36,19
GU341UG,136,66,70,47
GU341UQ,26,12,14,12
GU342AA,48,25,23,20
GU342AB,24,13,11,11
GU342AD,45,24,21,18
GU342AE,40,23,17,16
GU342AF,57,26,31,23
GU342AG,22,10,12,10
GU342AH,32,13,19,12
GU342AJ,19,9,10,8
GU342AL,27,14,13,10
GU342AN,13,7,6,4
GU342AP,44,22,22,14
GU342AQ,37,17,20,15
GU342AR,64,29,35,34
GU342AS,6,2,4,3
GU342AT,55,30,25,22
GU342AU,63,32,31,25
GU342AW,57,29,28,24
GU342AX,91,44,47,40
GU342AY,33,18,15,13
GU342AZ,92,43,49,31
GU342BA,41,18,23,16
GU342BD,56,24,32,28
GU342BE,57,27,30,21
GU342BG,111,46,65,57
GU342BH,134,64,70,45
GU342BJ,109,55,54,40
GU342BL,9,5,4,8
GU342BN,25,13,12,13
GU342BP,15,8,7,5
GU342BQ,141,68,73,58
GU342BS,9,2,7,3
GU342BT,12,6,6,7
GU342BU,14,6,8,5
GU342BW,3,1,2,1
GU342BX,1,0,1,1
GU342DA,29,17,12,11
GU342DB,18,9,9,8
GU342DD,21,9,12,10
GU342DE,67,30,37,29
GU342DF,32,17,15,11
GU342DG,55,26,29,26
GU342DH,19,10,9,8
GU342DJ,26,15,11,14
GU342DL,19,7,12,17
GU342DN,10,4,6,10
GU342DP,118,57,61,36
GU342DQ,58,28,30,18
GU342DR,28,12,16,17
GU342DS,14,7,7,5
GU342DT,31,13,18,12
GU342DU,39,21,18,27
GU342DW,11,6,5,4
GU342DX,93,50,43,32
GU342DY,34,18,16,12
GU342DZ,42,23,19,13
GU342EA,6,2,4,2
GU342EB,30,15,15,7
GU342ED,74,32,42,27
GU342EE,85,43,42,33
GU342EF,79,37,42,33
GU342EG,68,35,33,27
GU342EH,41,17,24,19
GU342EJ,72,36,36,24
GU342EL,42,21,21,16
GU342EN,44,21,23,17
GU342EP,68,32,36,27
GU342EQ,49,24,25,20
GU342ER,27,13,14,11
GU342ES,6,5,1,3
GU342ET,65,31,34,24
GU342EU,12,5,7,4
GU342EW,115,56,59,42
GU342EX,77,35,42,30
GU342EY,2,1,1,2
GU342EZ,101,47,54,32
GU342FA,20,13,7,6
GU342FD,5,3,2,3
GU342FE,1,1,0,1
GU342FF,30,15,15,14
GU342GD,6,4,2,4
GU342HA,83,46,37,28
GU342HB,31,14,17,13
GU342HD,82,41,41,31
GU342HE,67,37,30,24
GU342HF,17,10,7,5
GU342HG,11,3,8,4
GU342HH,71,33,38,23
GU342HJ,106,58,48,37
GU342HL,38,18,20,16
GU342HN,44,26,18,14
GU342HP,46,21,25,16
GU342HQ,82,40,42,29
GU342HR,49,26,23,18
GU342HS,10,4,6,4
GU342HT,9,3,6,8
GU342HU,50,26,24,32
GU342HW,41,22,19,12
GU342HX,69,33,36,31
GU342HY,18,7,11,14
GU342HZ,33,18,15,13
GU342JB,45,22,23,23
GU342JD,52,20,32,25
GU342JE,49,24,25,20
GU342JF,31,11,20,14
GU342JG,37,19,18,17
GU342JH,17,7,10,11
GU342JJ,65,37,28,33
GU342JL,7,4,3,4
GU342JN,53,26,27,24
GU342JP,37,15,22,17
GU342JQ,16,7,9,10
GU342JR,57,33,24,22
GU342JS,58,29,29,22
GU342JT,49,21,28,23
GU342JU,35,18,17,16
GU342JW,26,14,12,10
GU342JX,34,17,17,13
GU342JY,76,38,38,29
GU342JZ,46,23,23,17
GU342LA,49,27,22,15
GU342LB,57,29,28,19
GU342LD,112,57,55,37
GU342LE,14,7,7,8
GU342LF,77,21,56,1
GU342LG,17,10,7,5
GU342LH,26,13,13,12
GU342LJ,54,28,26,24
GU342LL,44,27,17,19
GU342LN,39,17,22,16
GU342LP,21,11,10,9
GU342LQ,33,16,17,10
GU342LR,106,53,53,46
GU342LS,12,6,6,9
GU342LT,9,6,3,6
GU342LW,11,7,4,8
GU342LZ,64,32,32,29
GU342NA,11,5,6,4
GU342NB,29,13,16,11
GU342ND,74,28,46,29
GU342NE,72,33,39,24
GU342NF,65,31,34,28
GU342NG,5,0,5,0
GU342NH,60,29,31,28
GU342NJ,15,7,8,8
GU342NL,3,2,1,1
GU342NN,9,6,3,4
GU342NP,42,22,20,17
GU342NR,38,14,24,26
GU342NS,32,16,16,13
GU342NT,104,51,53,40
GU342NU,29,15,14,14
GU342NW,83,43,40,46
GU342NX,52,27,25,22
GU342NY,55,31,24,21
GU342NZ,56,27,29,20
GU342PA,50,24,26,20
GU342PB,62,25,37,37
GU342PD,41,26,15,18
GU342PE,77,42,35,28
GU342PF,52,30,22,23
GU342PJ,3,3,0,2
GU342PQ,89,44,45,55
GU342PU,3,1,2,1
GU342PY,12,7,5,6
GU342PZ,3,1,2,2
GU342QB,133,62,71,53
GU342QF,2,2,0,1
GU342QH,2,1,1,1
GU342QP,36,20,16,12
GU342QQ,2,2,0,1
GU342QR,6,4,2,6
GU342QT,21,10,11,9
GU342QU,124,59,65,64
GU342QY,23,12,11,10
GU342QZ,12,5,7,8
GU342RA,13,7,6,3
GU342RB,47,19,28,20
GU342RD,26,17,9,19
GU342RE,15,9,6,7
GU342RF,33,18,15,19
GU342RG,50,29,21,19
GU342RL,37,16,21,17
GU342RN,13,6,7,7
GU342RP,28,13,15,17
GU342RQ,2,1,1,2
GU342RR,20,9,11,7
GU342RS,71,39,32,28
GU342RT,3,1,2,2
GU342RU,34,18,16,17
GU342RW,122,56,66,42
GU342RX,26,14,12,11
GU342RY,22,13,9,8
GU342RZ,56,31,25,26
GU342SA,36,20,16,16
GU342SB,61,30,31,22
GU342SD,106,57,49,36
GU342SE,31,16,15,15
GU342SF,31,16,15,11
GU342SG,23,11,12,10
GU342SH,29,12,17,12
GU342SJ,24,10,14,10
GU342SL,59,33,26,23
GU342SN,16,8,8,9
GU342SP,52,22,30,18
GU342SQ,28,16,12,9
GU342SR,15,8,7,8
GU342SS,24,11,13,7
GU342ST,12,6,6,10
GU342SU,121,61,60,42
GU342SW,26,12,14,9
GU342SY,27,16,11,14
GU342SZ,3,0,3,1
GU342TA,34,16,18,13
GU342TB,3,1,2,2
GU342TD,2,1,1,1
GU342TE,46,23,23,29
GU342TF,77,38,39,42
GU342TG,26,11,15,13
GU342TH,9,4,5,5
GU342TL,158,79,79,65
GU342TN,71,42,29,23
GU342TP,99,50,49,43
GU342TQ,47,24,23,26
GU342TS,34,19,15,13
GU342TT,39,19,20,17
GU342TU,42,24,18,20
GU342TW,15,10,5,5
GU342TX,126,58,68,41
GU342TY,90,41,49,28
GU342TZ,40,20,20,15
GU342UA,19,13,6,18
GU342UG,30,14,16,13
GU342UN,74,30,44,26
GU342UQ,120,58,62,45
GU342UU,109,33,76,37
GU342UW,23,10,13,13
GU342UX,87,38,49,25
GU342UY,46,14,32,42
GU342UZ,47,29,18,30
GU342YU,1,1,0,1
GU342YX,18,9,9,12
GU343AA,11,5,6,4
GU343AB,4,2,2,2
GU343AD,7,3,4,2
GU343AE,15,8,7,5
GU343AF,2,1,1,1
GU343AG,10,4,6,5
GU343AH,14,6,8,5
GU343AJ,9,5,4,3
GU343AL,24,10,14,7
GU343AN,12,5,7,5
GU343AP,23,12,11,9
GU343AQ,6,2,4,4
GU343AR,24,14,10,9
GU343AS,17,10,7,7
GU343AT,39,18,21,16
GU343AU,7,5,2,5
GU343AW,28,15,13,10
GU343AX,7,4,3,3
GU343AY,2,1,1,1
GU343AZ,25,8,17,11
GU343BA,15,9,6,7
GU343BB,2,0,2,2
GU343BD,2,1,1,1
GU343BE,3,1,2,1
GU343BG,9,2,7,4
GU343BH,28,15,13,9
GU343BJ,11,6,5,3
GU343BL,8,5,3,4
GU343BP,25,13,12,12
GU343BS,13,4,9,6
GU343BU,6,2,4,3
GU343BY,15,8,7,7
GU343BZ,8,4,4,4
GU343DA,13,6,7,8
GU343DB,67,33,34,23
GU343DG,24,13,11,7
GU343DH,31,18,13,12
GU343DJ,12,5,7,5
GU343DL,45,23,22,16
GU343DN,13,6,7,4
GU343DP,32,16,16,16
GU343DQ,8,3,5,4
GU343DR,14,7,7,6
GU343DS,25,11,14,9
GU343DT,58,27,31,25
GU343DY,58,29,29,25
GU343EA,40,23,17,14
GU343EB,1,1,0,1
GU343ED,66,34,32,26
GU343EE,44,21,23,16
GU343EF,3,1,2,2
GU343EG,32,15,17,16
GU343EH,22,10,12,11
GU343EJ,8,4,4,5
GU343EL,11,7,4,6
GU343EN,7,5,2,2
GU343EP,32,5,27,0
GU343EQ,60,27,33,20
GU343ER,4,2,2,2
GU343ES,13,5,8,5
GU343ET,16,9,7,8
GU343EU,3,2,1,1
GU343EW,7,5,2,2
GU343EX,9,6,3,3
GU343EZ,13,5,8,4
GU343HA,2,1,1,1
GU343HB,18,8,10,6
GU343HE,5,2,3,1
GU343HG,5,4,1,2
GU343HH,11,6,5,1
GU343HJ,15,7,8,4
GU343HL,17,10,7,5
GU343HN,4,3,1,1
GU343HP,13,6,7,7
GU343HR,5,3,2,2
GU343HT,8,5,3,2
GU343HU,17,9,8,7
GU343HW,3,1,2,1
GU343HX,2,1,1,1
GU343HY,2,1,1,1
GU343HZ,59,29,30,24
GU343JA,37,19,18,15
GU343JB,30,12,18,14
GU343JD,1,0,1,1
GU343JE,17,9,8,8
GU343JF,6,1,5,4
GU343JG,29,13,16,14
GU343JH,13,4,9,6
GU343JL,11,6,5,4
GU343JN,19,10,9,9
GU343JP,3,2,1,2
GU343JQ,24,10,14,11
GU343JR,5,2,3,3
GU343JS,3,2,1,1
GU343JT,3,1,2,2
GU343JU,4,2,2,3
GU343JW,14,6,8,5
GU343JX,13,6,7,6
GU343JY,15,5,10,7
GU343LA,7,3,4,4
GU343LB,13,4,9,8
GU343LD,5,3,2,3
GU343LE,3,1,2,2
GU343LG,40,19,21,19
GU343LH,11,5,6,5
GU343LJ,6,3,3,2
GU343LL,13,6,7,8
GU343LN,14,9,5,4
GU343LP,26,12,14,13
GU343LQ,5,1,4,3
GU343LR,2,1,1,1
GU343LS,12,7,5,3
GU343LT,27,12,15,14
GU343LW,16,8,8,5
GU343NA,2,1,1,1
GU343NB,1,0,1,1
GU343ND,26,14,12,10
GU343NF,11,7,4,5
GU343NH,3,1,2,2
GU343NJ,17,8,9,7
GU343NL,9,4,5,4
GU343NP,22,12,10,10
GU343NQ,8,3,5,3
GU343NR,4,2,2,2
GU343NS,20,10,10,8
GU343NT,11,6,5,7
GU343NU,28,17,11,11
GU343NX,28,11,17,12
GU343NY,12,7,5,4
GU343NZ,28,16,12,9
GU343PA,16,9,7,8
GU343PB,20,12,8,7
GU343PE,3,1,2,1
GU343PF,13,8,5,6
GU343PH,10,5,5,3
GU343PJ,5,2,3,2
GU343PL,6,3,3,3
GU343PP,4,1,3,2
GU343PR,1,1,0,1
GU343PS,9,5,4,4
GU343PT,16,8,8,5
GU343PU,4,2,2,3
GU343PW,22,12,10,10
GU343PX,10,6,4,5
GU343PY,13,5,8,4
GU343PZ,3,1,2,2
GU343QA,42,20,22,18
GU343QD,2,1,1,1
GU343QE,4,2,2,1
GU343QG,20,8,12,8
GU343QH,3,1,2,2
GU343QJ,9,6,3,4
GU343QL,20,9,11,10
GU343QP,17,8,9,8
GU343QQ,17,7,10,7
GU343QR,5,2,3,2
GU343QS,5,2,3,2
GU343QT,5,2,3,2
GU343QU,19,10,9,12
GU343QW,24,16,8,11
GU343QX,14,7,7,7
GU343QY,7,4,3,2
GU343QZ,11,5,6,4
GU343RA,3,1,2,1
GU343RB,27,14,13,14
GU343RD,4,2,2,3
GU343RE,20,12,8,8
GU343RH,23,13,10,7
GU343RJ,8,3,5,3
GU343RL,3,2,1,2
GU343RN,25,12,13,7
GU343RP,10,5,5,3
GU343RQ,15,7,8,5
GU343RR,25,13,12,11
GU343RS,9,4,5,2
GU343RT,10,7,3,6
GU343RU,4,3,1,1
GU343RW,4,4,0,2
GU343RX,16,7,9,10
GU343SA,1,1,0,1
GU343SB,5,2,3,3
GU343SD,4,2,2,1
GU343SE,1,1,0,1
GU343SF,6,3,3,2
GU344AB,2,1,1,1
GU344AD,44,24,20,20
GU344AE,100,55,45,38
GU344AF,17,10,7,7
GU344AG,71,35,36,26
GU344AH,27,12,15,13
GU344AJ,19,11,8,6
GU344AL,49,22,27,18
GU344AN,39,20,19,17
GU344AP,7,2,5,3
GU344AQ,62,32,30,24
GU344AR,6,4,2,2
GU344AS,26,15,11,8
GU344AT,12,7,5,5
GU344AU,12,5,7,7
GU344AW,33,16,17,15
GU344AX,11,6,5,5
GU344AY,15,7,8,5
GU344BE,71,39,32,31
GU344BH,8,5,3,3
GU344BJ,6,5,1,3
GU344BN,5,2,3,2
GU344BP,52,28,24,21
GU344BS,4,2,2,2
GU344BT,4,2,2,2
GU344BU,53,24,29,24
GU344BW,77,32,45,27
GU344BX,9,4,5,3
GU344BY,32,15,17,10
GU344BZ,2,1,1,1
GU344DA,4,3,1,1
GU344DB,4,2,2,1
GU344DD,7,4,3,4
GU344DH,2,1,1,1
GU344DJ,2,1,1,1
GU344DL,61,29,32,26
GU344DP,16,8,8,8
GU344DR,1,0,1,1
GU344DS,19,9,10,6
GU344DT,34,18,16,10
GU344DU,28,12,16,11
GU344DX,39,18,21,18
GU344EA,43,24,19,14
GU344EB,15,7,8,8
GU344ED,37,18,19,15
GU344EE,40,23,17,13
GU344EG,49,23,26,18
GU344EH,33,16,17,13
GU344EJ,91,43,48,32
GU344EL,12,5,7,6
GU344EN,133,72,61,4
GU344EP,38,21,17,16
GU344ER,29,3,26,0
GU344ES,44,22,22,20
GU344ET,15,8,7,7
GU344EU,55,27,28,23
GU344EW,68,30,38,24
GU344EY,80,40,40,40
GU344EZ,8,4,4,5
GU344GL,1,1,0,1
GU344HD,81,36,45,32
GU344HE,89,46,43,40
GU344HF,74,30,44,41
GU344HG,17,6,11,8
GU344HH,90,46,44,37
GU344HJ,79,37,42,28
GU344HL,76,35,41,33
GU344HN,7,3,4,5
GU344HT,25,12,13,8
GU344HU,53,28,25,19
GU344HY,85,44,41,29
GU344JA,6,2,4,2
GU344JE,4,2,2,2
GU344JF,16,7,9,7
GU344JG,11,5,6,5
GU344JH,17,5,12,7
GU344JJ,4,2,2,2
GU344JL,5,3,2,2
GU344JP,6,3,3,3
GU344JQ,10,4,6,4
GU344JR,22,10,12,9
GU344JS,4,2,2,2
GU344JT,4,2,2,1
GU344JU,11,5,6,3
GU344JX,20,14,6,8
GU344JY,2,1,1,1
GU344JZ,6,3,3,3
GU344LA,54,32,22,0
GU344LB,34,15,19,15
GU344LD,6,3,3,2
GU344LE,12,7,5,5
GU344LF,102,46,56,41
GU344LG,4,2,2,2
GU344LH,15,7,8,6
GU344LJ,27,12,15,12
GU344LL,48,29,19,17
GU344LN,7,2,5,4
GU344LP,5,3,2,2
GU344LQ,4,2,2,2
GU344LR,7,2,5,3
GU344LS,30,11,19,15
GU344LT,7,4,3,4
GU344LU,13,5,8,5
GU344LW,10,4,6,6
GU344LX,27,14,13,11
GU344LY,30,17,13,12
GU344NA,26,14,12,9
GU344NB,6,3,3,2
GU344ND,23,10,13,8
GU344NE,2,1,1,1
GU344NH,12,7,5,5
GU344NP,28,16,12,12
GU344NR,3,1,2,2
GU344NS,10,6,4,3
GU344NT,2,2,0,1
GU344NU,17,8,9,7
GU344NX,39,17,22,16
GU344NY,32,15,17,12
GU344NZ,13,7,6,6
GU344PA,4,2,2,2
GU344PB,70,35,35,28
GU344PD,40,15,25,16
GU344PE,7,2,5,5
GU344PF,74,37,37,31
GU344PG,6,5,1,2
GU344PH,10,6,4,4
GU344PJ,2,1,1,1
GU344PL,6,3,3,3
GU344PN,13,7,6,8
GU344PP,53,22,31,21
GU344PQ,22,10,12,8
GU344PR,16,11,5,8
GU344PS,18,9,9,5
GU344PT,20,10,10,6
GU344PW,25,14,11,10
GU344PX,41,22,19,14
GU344PZ,31,15,16,10
GU344QA,2,1,1,1
GU344QB,14,8,6,7
GU344QD,24,12,12,13
GU344QH,2,1,1,1
GU344QJ,5,2,3,1
GU345AA,55,27,28,22
GU345AB,30,13,17,14
GU345AD,50,28,22,20
GU345AE,11,5,6,6
GU345AF,4,3,1,1
GU345AG,20,14,6,7
GU345AH,120,53,67,34
GU345AJ,91,47,44,30
GU345AL,50,26,24,18
GU345AN,19,10,9,7
GU345AP,75,37,38,24
GU345AQ,20,11,9,8
GU345AR,20,9,11,11
GU345AS,7,4,3,2
GU345AT,8,3,5,2
GU345AU,13,7,6,6
GU345AW,45,26,19,19
GU345AX,169,88,81,59
GU345AY,14,9,5,5
GU345BA,53,29,24,19
GU345BB,18,9,9,6
GU345BD,70,33,37,22
GU345BE,57,28,29,20
GU345BF,29,15,14,10
GU345BG,176,86,90,63
GU345BH,68,34,34,25
GU345BJ,70,35,35,24
GU345BL,80,42,38,34
GU345BN,84,43,41,33
GU345BP,47,21,26,16
GU345BQ,11,4,7,4
GU345BS,5,3,2,2
GU345BT,33,19,14,14
GU345BU,14,9,5,4
GU345BW,28,17,11,8
GU345BX,60,24,36,25
GU345BY,13,6,7,5
GU345BZ,7,3,4,4
GU345DA,11,7,4,4
GU345DB,39,16,23,16
GU345DD,18,7,11,11
GU345DE,18,8,10,7
GU345DF,104,54,50,43
GU345DG,48,26,22,16
GU345DH,56,24,32,27
GU345DJ,51,26,25,24
GU345DL,39,18,21,16
GU345DN,15,8,7,5
GU345DP,7,2,5,6
GU345DQ,56,25,31,25
GU345DR,21,7,14,7
GU345DS,4,3,1,3
GU345DT,9,4,5,5
GU345DU,63,36,27,25
GU345DW,4,2,2,3
GU345DY,43,23,20,16
GU345DZ,18,9,9,5
GU345EA,65,28,37,25
GU345EB,46,22,24,15
GU345ED,28,18,10,13
GU345EE,43,23,20,17
GU345EF,33,16,17,16
GU345EG,10,5,5,5
GU345EH,6,2,4,5
GU345EJ,31,16,15,12
GU345EL,25,12,13,7
GU345EN,18,10,8,6
GU345EP,89,43,46,35
GU345EQ,59,27,32,25
GU345ER,1,1,0,1
GU345ES,23,13,10,10
GU345ET,4,2,2,2
GU345EU,54,25,29,20
GU345EW,79,39,40,32
GU345EX,67,29,38,31
GU345EY,76,34,42,34
GU345EZ,55,24,31,22
GU345FD,161,78,83,64
GU345FE,102,52,50,34
GU345FF,24,13,11,12
GU345FG,75,32,43,31
GU345FH,27,15,12,15
GU345FJ,34,15,19,14
GU345FL,18,11,7,9
GU345FN,2,1,1,2
GU345FR,9,4,5,7
GU345GA,14,8,6,7
GU345GZ,16,8,8,8
GU345HA,13,7,6,6
GU345HB,83,39,44,36
GU345HD,35,17,18,11
GU345HF,14,6,8,6
GU345HG,19,10,9,9
GU345HH,24,9,15,9
GU345HJ,81,41,40,32
GU345HL,43,22,21,12
GU345HN,31,15,16,14
GU345HP,62,27,35,24
GU345HQ,17,7,10,8
GU345HR,93,47,46,38
GU345HS,53,25,28,19
GU345HT,24,11,13,8
GU345HU,44,23,21,15
GU345HW,40,22,18,13
GU345HX,40,17,23,15
GU345HY,66,36,30,23
GU345HZ,72,37,35,28
GU345JA,15,10,5,5
GU345JB,8,4,4,3
GU345JD,16,10,6,7
GU345JE,64,34,30,27
GU345JF,100,52,48,37
GU345JG,21,8,13,8
GU345JJ,12,7,5,4
GU345JP,2,1,1,1
GU345JQ,17,5,12,9
GU345JR,18,6,12,5
GU345JS,8,4,4,4
GU345JT,16,8,8,5
GU345JU,44,24,20,16
GU345JX,5,3,2,3
GU345JY,7,4,3,2
GU345LA,15,8,7,5
GU345LB,23,13,10,10
GU345LD,14,8,6,6
GU345LE,6,2,4,2
GU345LF,31,14,17,11
GU345LG,52,30,22,21
GU345LH,10,4,6,4
GU345LL,6,0,6,0
GU345LN,32,17,15,11
GU345LP,8,3,5,4
GU345LR,77,36,41,35
GU345LS,13,5,8,5
GU345LT,16,8,8,9
GU345LU,19,11,8,8
GU345LW,31,15,16,11
GU345LX,9,4,5,3
GU345LY,23,10,13,11
GU345LZ,12,6,6,5
GU345NA,34,16,18,11
GU345NB,12,4,8,4
GU345ND,25,14,11,8
GU345NE,3,2,1,1
GU345NG,7,3,4,2
GU345NH,7,5,2,2
GU345NJ,49,28,21,19
GU345NN,10,5,5,5
GU345NP,20,9,11,8
GU345NQ,42,21,21,15
GU345NR,6,3,3,3
GU345NS,8,4,4,2
GU345NT,2,1,1,1
GU345NU,4,2,2,1
GU345NW,4,2,2,1
GU345PA,1,0,1,1
GU345PB,111,61,50,41
GU345PD,36,18,18,16
GU345PE,22,11,11,10
GU345PF,111,54,57,41
GU345PH,6,4,2,2
GU345PJ,24,13,11,8
GU345PL,9,4,5,4
GU345PN,10,5,5,5
GU345PP,38,23,15,13
GU345PR,34,18,16,14
GU345PS,14,8,6,5
GU345PT,87,43,44,35
GU345PU,55,27,28,20
GU345PW,36,17,19,15
GU345PX,14,7,7,6
GU345QA,9,4,5,5
GU345QB,5,3,2,3
GU345QD,15,6,9,6
GU345QG,32,16,16,11
GU345QP,3,1,2,1
GU345QR,2,1,1,1
GU345QS,5,1,4,2
GU345QT,5,2,3,3
GU345QU,45,22,23,20
GU345QW,6,3,3,3
GU345QX,5,3,2,3
GU345QY,15,8,7,5
GU345QZ,11,5,6,3
GU345RA,8,3,5,3
GU345RB,55,22,33,21
GU345RD,22,11,11,7
GU345RE,7,2,5,4
GU345RF,20,11,9,6
GU345RH,16,7,9,5
GU345RJ,6,3,3,2
GU345RL,8,4,4,4
GU345RP,2,1,1,1
GU345RR,13,7,6,7
GU345RS,11,5,6,5
GU345RT,10,5,5,3
GU345RU,7,4,3,2
GU345RX,14,6,8,7
GU345RY,11,5,6,4
GU345RZ,6,3,3,2
GU345SB,6,3,3,3
GU345SD,42,19,23,17
GU345SG,38,19,19,16
GU345SJ,30,13,17,14
GU345SL,10,7,3,3
GU345SS,1,1,0,1
GU345SU,5,3,2,2
GU345TA,5,3,2,2
GU345TB,5,1,4,3
GU345XA,109,51,58,36
GU345XB,35,19,16,9
GU345XD,8,3,5,3
GU350AB,9,3,6,3
GU350AD,28,17,11,10
GU350AE,21,11,10,8
GU350AG,10,4,6,4
GU350AH,4,1,3,2
GU350AJ,44,19,25,20
GU350AP,5,4,1,1
GU350AR,21,11,10,7
GU350AS,95,51,44,35
GU350AU,2,1,1,1
GU350AY,8,2,6,2
GU350BA,9,5,4,7
GU350BB,31,17,14,10
GU350BD,40,16,24,12
GU350BE,36,18,18,15
GU350BG,28,16,12,12
GU350BH,45,22,23,21
GU350BJ,31,16,15,12
GU350BL,33,17,16,10
GU350BN,6,3,3,3
GU350BP,29,17,12,11
GU350BQ,42,23,19,22
GU350BS,8,3,5,4
GU350BT,82,39,43,31
GU350BU,11,4,7,5
GU350BW,116,52,64,47
GU350BX,30,14,16,13
GU350BY,32,12,20,9
GU350BZ,6,2,4,4
GU350DA,7,2,5,5
GU350DB,65,34,31,21
GU350DD,9,7,2,3
GU350DE,15,7,8,7
GU350DF,4,2,2,2
GU350DG,85,42,43,32
GU350DH,129,66,63,60
GU350DL,67,29,38,25
GU350DN,10,6,4,4
GU350DP,131,70,61,38
GU350DQ,11,4,7,5
GU350DR,83,39,44,25
GU350DS,69,36,33,24
GU350DT,25,11,14,12
GU350DU,20,13,7,6
GU350DW,89,43,46,33
GU350DX,56,25,31,14
GU350DY,92,42,50,27
GU350DZ,130,71,59,46
GU350EA,57,24,33,16
GU350EB,97,51,46,35
GU350ED,94,42,52,34
GU350EE,68,33,35,31
GU350EF,51,26,25,17
GU350EG,27,14,13,10
GU350EH,107,49,58,33
GU350EJ,7,3,4,2
GU350EL,17,11,6,6
GU350EN,24,12,12,9
GU350EQ,112,52,60,34
GU350ES,42,18,24,20
GU350ET,50,22,28,20
GU350EU,1,1,0,1
GU350EX,90,43,47,30
GU350EY,78,39,39,27
GU350EZ,35,15,20,13
GU350FB,21,11,10,8
GU350FD,17,9,8,8
GU350FG,15,10,5,8
GU350GZ,26,12,14,14
GU350HA,35,17,18,16
GU350HB,64,33,31,23
GU350HD,140,74,66,50
GU350HE,77,38,39,31
GU350HF,63,27,36,26
GU350HG,32,17,15,10
GU350HN,77,43,34,32
GU350HP,91,42,49,33
GU350HQ,25,15,10,11
GU350HS,24,11,13,10
GU350HT,22,9,13,8
GU350HU,31,16,15,13
GU350HW,62,30,32,24
GU350HX,46,24,22,14
GU350HY,27,10,17,8
GU350HZ,32,15,17,8
GU350JB,249,237,12,0
GU350JG,58,24,34,26
GU350JN,47,26,21,15
GU350JQ,85,41,44,34
GU350JT,92,44,48,29
GU350JU,143,71,72,44
GU350JW,89,41,48,38
GU350JY,110,60,50,34
GU350JZ,85,40,45,26
GU350LB,93,42,51,30
GU350LD,125,66,59,36
GU350LE,96,53,43,26
GU350LF,147,72,75,44
GU350LL,7,5,2,6
GU350LP,45,25,20,17
GU350LQ,16,7,9,6
GU350LS,23,10,13,6
GU350NA,120,58,62,38
GU350NE,9,7,2,0
GU350NH,2,1,1,2
GU350NJ,95,50,45,40
GU350NL,1,1,0,1
GU350NN,83,45,38,24
GU350NP,107,59,48,40
GU350NR,58,30,28,23
GU350NS,99,54,45,32
GU350NT,153,75,78,61
GU350NW,47,23,24,20
GU350NX,24,11,13,9
GU350NY,4,2,2,1
GU350NZ,36,16,20,14
GU350PA,6,3,3,2
GU350PB,13,7,6,5
GU350PD,25,13,12,9
GU350PE,51,27,24,23
GU350PF,10,6,4,3
GU350PG,43,21,22,15
GU350PH,59,27,32,22
GU350PJ,10,6,4,4
GU350PL,12,5,7,3
GU350PN,33,17,16,13
GU350PP,21,11,10,7
GU350PR,10,4,6,5
GU350PS,21,9,12,9
GU350PT,20,7,13,5
GU350PU,12,8,4,3
GU350PW,9,4,5,5
GU350PX,46,25,21,15
GU350PY,58,27,31,23
GU350PZ,31,15,16,18
GU350QA,22,13,9,7
GU350QB,79,38,41,29
GU350QD,28,13,15,9
GU350QE,9,3,6,6
GU350QF,164,83,81,76
GU350QG,23,9,14,11
GU350QH,13,7,6,7
GU350QJ,4,1,3,3
GU350QL,9,4,5,3
GU350QN,22,10,12,7
GU350QP,6,4,2,3
GU350QQ,6,5,1,5
GU350QR,26,15,11,9
GU350QS,5,3,2,2
GU350QT,21,9,12,7
GU350QW,12,3,9,4
GU350QX,5,2,3,1
GU350QY,11,7,4,3
GU350QZ,39,19,20,12
GU350RA,45,23,22,19
GU350RB,279,142,137,100
GU350RD,62,30,32,23
GU350RE,80,42,38,24
GU350RF,84,41,43,35
GU350RG,47,20,27,20
GU350RH,2,1,1,1
GU350RJ,52,22,30,22
GU350RN,67,31,36,23
GU350RP,17,8,9,7
GU350RR,51,29,22,19
GU350RS,21,11,10,11
GU350RT,14,4,10,6
GU350RU,8,4,4,4
GU350RW,9,0,9,1
GU350RX,16,8,8,5
GU350RY,30,18,12,13
GU350RZ,24,10,14,8
GU350SA,14,6,8,5
GU350SB,14,8,6,5
GU350SD,15,8,7,6
GU350SE,29,13,16,10
GU350SF,13,9,4,8
GU350SG,25,12,13,11
GU350SH,46,23,23,17
GU350SJ,76,39,37,32
GU350SL,24,14,10,9
GU350SP,60,28,32,26
GU350SQ,2,1,1,1
GU350SR,62,31,31,29
GU350SS,4,0,4,3
GU350SW,56,25,31,22
GU350SX,24,12,12,8
GU350SY,68,33,35,32
GU350SZ,77,36,41,35
GU350TA,76,37,39,31
GU350TB,77,39,38,32
GU350TG,36,24,12,30
GU350TH,85,46,39,33
GU350TL,64,35,29,25
GU350TN,1,1,0,1
GU350TQ,33,18,15,16
GU350TR,64,32,32,25
GU350TS,11,5,6,4
GU350TT,67,31,36,29
GU350TX,30,9,21,29
GU350TY,25,12,13,21
GU350UA,34,17,17,11
GU350UB,27,14,13,8
GU350UD,91,42,49,37
GU350UH,26,12,14,15
GU350UR,68,27,41,29
GU350UT,73,37,36,40
GU350UU,17,8,9,9
GU350UY,45,22,23,32
GU350UZ,26,12,14,15
GU350XA,135,67,68,54
GU350XB,38,19,19,15
GU350XD,18,10,8,9
GU350XE,43,16,27,39
GU350XG,74,36,38,31
GU350XH,41,20,21,23
GU350XL,75,38,37,28
GU350XN,42,20,22,19
GU350XP,23,12,11,9
GU350XQ,31,15,16,13
GU350XR,9,2,7,7
GU350XS,9,5,4,7
GU350XT,38,4,34,1
GU350XU,63,31,32,20
GU350XW,90,43,47,42
GU350XX,116,51,65,41
GU350XY,57,28,29,21
GU350YD,50,23,27,20
GU350YE,10,5,5,4
GU350YF,28,18,10,13
GU350YG,27,10,17,14
GU350YH,28,11,17,9
GU350YJ,36,20,16,13
GU350YL,67,37,30,21
GU350YN,54,29,25,17
GU350YP,31,17,14,12
GU350YQ,103,54,49,45
GU350YR,36,16,20,11
GU350YS,29,15,14,10
GU350YW,33,18,15,23
GU350YX,34,20,14,10
GU358AB,12,5,7,7
GU358AD,21,10,11,7
GU358AE,18,10,8,7
GU358AF,5,2,3,2
GU358AG,23,11,12,11
GU358AH,57,25,32,25
GU358AJ,23,15,8,8
GU358AL,47,27,20,19
GU358AN,17,8,9,10
GU358AP,40,18,22,15
GU358AQ,18,10,8,10
GU358AR,1,1,0,1
GU358AS,121,57,64,47
GU358AT,89,39,50,35
GU358AU,57,30,27,29
GU358AX,80,37,43,35
GU358AY,142,67,75,50
GU358AZ,46,22,24,15
GU358BD,11,5,6,4
GU358BG,9,4,5,6
GU358BH,7,4,3,4
GU358BL,38,17,21,24
GU358BN,182,90,92,61
GU358BP,45,24,21,15
GU358BQ,38,15,23,18
GU358BS,48,24,24,18
GU358BT,37,17,20,13
GU358BU,15,9,6,9
GU358BW,149,81,68,49
GU358BX,5,3,2,3
GU358BY,7,3,4,3
GU358BZ,17,8,9,8
GU358DA,7,2,5,2
GU358DB,37,21,16,19
GU358DD,6,4,2,2
GU358DE,6,4,2,4
GU358DF,29,13,16,12
GU358DG,9,4,5,3
GU358DH,16,9,7,6
GU358DJ,15,8,7,6
GU358DN,35,18,17,16
GU358DP,8,4,4,4
GU358DQ,19,10,9,7
GU358DR,31,17,14,15
GU358DS,26,12,14,13
GU358DT,7,3,4,2
GU358DU,33,16,17,12
GU358DW,44,21,23,20
GU358DX,5,2,3,2
GU358EA,4,2,2,2
GU358ED,18,7,11,8
GU358EG,21,12,9,6
GU358EH,29,16,13,13
GU358EJ,55,28,27,23
GU358EL,28,14,14,9
GU358EN,29,14,15,15
GU358EP,52,26,26,19
GU358EQ,33,16,17,14
GU358ES,4,0,4,1
GU358ET,46,25,21,18
GU358EU,17,7,10,8
GU358EW,19,10,9,8
GU358EX,17,9,8,7
GU358EY,25,11,14,12
GU358EZ,20,12,8,8
GU358HA,53,27,26,23
GU358HB,36,16,20,15
GU358HD,15,6,9,6
GU358HE,38,18,20,16
GU358HF,19,10,9,5
GU358HG,38,21,17,17
GU358HH,6,3,3,3
GU358HJ,6,3,3,3
GU358HL,15,6,9,4
GU358HN,24,12,12,7
GU358HP,7,3,4,4
GU358HQ,56,30,26,22
GU358HR,16,9,7,6
GU358HS,41,18,23,16
GU358HT,12,5,7,6
GU358HU,18,8,10,9
GU358HW,42,21,21,14
GU358HX,14,7,7,6
GU358HY,46,19,27,17
GU358HZ,6,4,2,3
GU358JA,22,11,11,9
GU358JB,18,10,8,7
GU358JE,13,7,6,4
GU358JF,10,5,5,3
GU358JG,31,13,18,13
GU358JH,24,13,11,13
GU358JJ,33,18,15,12
GU358JL,11,5,6,4
GU358JN,19,9,10,7
GU358JP,25,10,15,13
GU358JQ,49,27,22,19
GU358JR,36,17,19,15
GU358JS,40,15,25,13
GU358JT,20,11,9,7
GU358JU,24,11,13,13
GU358JW,81,40,41,30
GU358JX,67,34,33,25
GU358JY,25,12,13,10
GU358JZ,7,4,3,4
GU358LA,24,10,14,8
GU358LB,32,15,17,11
GU358LH,12,6,6,5
GU358LJ,15,9,6,5
GU358LL,39,17,22,15
GU358LN,31,16,15,13
GU358LP,14,7,7,6
GU358LR,17,8,9,7
GU358LS,3,0,3,3
GU358LT,7,4,3,4
GU358LU,48,20,28,26
GU358LW,18,10,8,11
GU358LX,40,18,22,22
GU358LY,33,16,17,13
GU358LZ,64,29,35,25
GU358NA,57,29,28,19
GU358NB,23,9,14,8
GU358ND,63,25,38,36
GU358NE,32,13,19,19
GU358NF,12,5,7,3
GU358NG,12,4,8,6
GU358NH,7,3,4,2
GU358NJ,1,0,1,1
GU358NL,21,10,11,2
GU358NN,17,8,9,7
GU358NP,7,3,4,2
GU358NQ,6,3,3,3
GU358NR,20,9,11,8
GU358NS,7,3,4,2
GU358NT,3,2,1,1
GU358NU,98,51,47,42
GU358NW,2,1,1,1
GU358PA,17,10,7,5
GU358PB,12,6,6,5
GU358PD,44,18,26,33
GU358PE,80,36,44,28
GU358PF,118,58,60,44
GU358PG,93,47,46,36
GU358PH,16,7,9,6
GU358PJ,14,6,8,7
GU358PL,25,14,11,11
GU358PN,2,1,1,1
GU358PP,7,2,5,2
GU358PQ,39,22,17,18
GU358PR,6,3,3,2
GU358PS,25,11,14,11
GU358PT,12,5,7,4
GU358PU,24,15,9,8
GU358PW,16,5,11,7
GU358PX,26,15,11,11
GU358QA,13,6,7,5
GU358QB,17,7,10,6
GU358QD,46,22,24,22
GU358QE,91,44,47,43
GU358QF,14,7,7,7
GU358QH,7,5,2,4
GU358QP,2,1,1,1
GU358QR,3,2,1,1
GU358QS,21,9,12,10
GU358QT,12,6,6,6
GU358QU,29,13,16,11
GU358QX,12,6,6,5
GU358QY,12,5,7,4
GU358QZ,12,4,8,4
GU358RA,26,12,14,10
GU358RB,21,10,11,10
GU358RD,3,1,2,2
GU358RE,4,3,1,2
GU358RF,17,7,10,5
GU358RG,12,7,5,5
GU358RH,10,5,5,4
GU358RJ,6,2,4,2
GU358RQ,8,5,3,2
GU358RU,3,2,1,2
GU358RX,3,2,1,1
GU358SA,2,1,1,1
GU358SB,9,4,5,4
GU358SD,5,2,3,1
GU358SE,28,15,13,8
GU358SF,2,0,2,1
GU358SG,7,3,4,4
GU358SH,1,1,0,1
GU358SJ,14,8,6,6
GU358SP,14,6,8,5
GU358SQ,16,8,8,6
GU358SR,22,11,11,8
GU358SS,15,8,7,7
GU358ST,3,2,1,2
GU358SU,10,5,5,4
GU358SY,20,8,12,7
GU358SZ,12,4,8,3
GU358TB,17,8,9,6
GU358TD,24,12,12,8
GU358TE,21,11,10,8
GU358TF,17,11,6,6
GU359AA,47,24,23,17
GU359AB,8,3,5,2
GU359AD,5,2,3,2
GU359AF,8,2,6,6
GU359AL,12,4,8,5
GU359AP,13,7,6,6
GU359AQ,2,1,1,1
GU359AR,35,17,18,19
GU359AX,122,66,56,41
GU359AY,39,20,19,14
GU359AZ,24,11,13,8
GU359BA,73,33,40,29
GU359BB,24,12,12,10
GU359BD,112,59,53,56
GU359BE,63,33,30,27
GU359BG,10,4,6,4
GU359BH,19,9,10,6
GU359BJ,46,24,22,19
GU359BL,30,16,14,9
GU359BP,115,61,54,49
GU359BQ,30,14,16,10
GU359BS,64,34,30,28
GU359BT,27,9,18,13
GU359BU,28,14,14,12
GU359BW,96,42,54,35
GU359BY,5,4,1,3
GU359DA,79,37,42,32
GU359DB,14,9,5,6
GU359DD,10,5,5,4
GU359DF,109,56,53,36
GU359DG,32,16,16,11
GU359DH,100,54,46,29
GU359DJ,19,10,9,7
GU359DL,21,12,9,9
GU359DP,185,102,83,65
GU359DQ,6,2,4,3
GU359DR,33,15,18,12
GU359DS,94,41,53,56
GU359DT,44,24,20,21
GU359DU,54,26,28,21
GU359DW,17,6,11,6
GU359DX,123,60,63,58
GU359DY,38,19,19,13
GU359DZ,92,49,43,37
GU359EA,22,9,13,9
GU359EB,11,5,6,6
GU359ED,130,73,57,45
GU359EE,51,22,29,27
GU359EF,12,7,5,6
GU359EG,16,11,5,5
GU359EH,38,17,21,16
GU359EJ,15,5,10,9
GU359EL,20,9,11,9
GU359EN,40,23,17,14
GU359EP,6,3,3,2
GU359EQ,20,11,9,7
GU359ER,12,5,7,6
GU359ES,27,16,11,11
GU359ET,13,7,6,6
GU359EU,46,22,24,16
GU359EW,114,36,78,52
GU359EX,140,73,67,47
GU359EY,41,22,19,14
GU359EZ,32,20,12,12
GU359HA,55,27,28,22
GU359HB,87,45,42,39
GU359HD,79,37,42,47
GU359HE,9,6,3,3
GU359HF,15,9,6,5
GU359HG,4,2,2,1
GU359HH,24,12,12,12
GU359HJ,3,1,2,1
GU359HL,29,13,16,11
GU359HN,7,4,3,4
GU359HP,29,18,11,21
GU359HQ,77,41,36,30
GU359HR,20,10,10,9
GU359HT,7,3,4,2
GU359HW,6,4,2,4
GU359HX,19,7,12,7
GU359JA,4,2,2,1
GU359JB,7,3,4,2
GU359JD,12,6,6,5
GU359JE,11,5,6,4
GU359JF,29,14,15,8
GU359JG,7,3,4,4
GU359JH,29,14,15,12
GU359JJ,19,9,10,9
GU359JL,14,8,6,5
GU359JN,58,35,23,19
GU359JP,20,12,8,8
GU359JQ,6,4,2,2
GU359JS,25,12,13,11
GU359JT,8,5,3,3
GU359JU,24,15,9,11
GU359JW,40,22,18,14
GU359LA,37,18,19,12
GU359LH,13,6,7,6
GU359LJ,4,2,2,3
GU359LL,7,3,4,2
GU359LP,14,7,7,5
GU359LR,7,4,3,2
GU359LS,8,5,3,3
GU359LT,23,7,16,8
GU359LU,25,13,12,10
GU359LW,34,19,15,14
GU359LY,12,6,6,4
GU359LZ,10,4,6,5
GU359NA,18,12,6,7
GU359NB,48,29,19,21
GU359ND,21,12,9,7
GU359NE,20,8,12,9
GU359NF,9,4,5,4
GU359NG,24,11,13,10
GU359NH,31,12,19,10
GU359NJ,21,13,8,6
GU359NL,4,2,2,1
GU359NN,19,8,11,7
GU359NP,1,1,0,1
GU359NQ,5,2,3,2
GU359NR,22,11,11,7
GU359NS,19,11,8,9
GU359NU,13,6,7,5
GU359NW,10,7,3,2
GU359NX,5,2,3,3
GU359NY,13,8,5,4
GU359PA,31,15,16,11
GU359PB,6,4,2,3
GU359PD,11,6,5,5
GU359PH,9,4,5,6
GU359PJ,87,46,41,32
GU359PP,51,26,25,28
GU359PQ,46,20,26,20
GU359PR,22,13,9,11
GU359PS,31,15,16,14
GU359PT,20,12,8,11
GU359PU,98,48,50,34
GU359PX,82,37,45,31
GU359PY,108,61,47,61
GU359PZ,65,33,32,36
GU359QD,115,58,57,66
GU359QG,62,30,32,20
GU359QH,35,16,19,15
GU359QL,25,14,11,17
GU359QN,166,81,85,68
GU359QQ,43,20,23,13
GU359QS,196,98,98,59
GU359QT,40,20,20,15
GU359QU,30,15,15,12
GU359QW,42,20,22,24
GU359QX,61,30,31,32
GU359QY,107,56,51,43
GU359QZ,97,45,52,50
GU359RE,92,47,45,32
GU359RF,68,25,43,29
GU359RG,46,26,20,16
GU359RQ,98,49,49,42
GU359TA,44,20,24,19
GU359TB,25,12,13,10
GU4 7AA,10,6,4,4
GU4 7AB,9,4,5,3
GU4 7AD,17,5,12,13
GU4 7AE,10,3,7,8
GU4 7AF,9,2,7,8
GU4 7AG,11,3,8,8
GU4 7AH,10,4,6,7
GU4 7AJ,4,0,4,4
GU4 7AL,8,3,5,8
GU4 7AN,19,7,12,9
GU4 7AP,14,8,6,5
GU4 7AQ,12,7,5,8
GU4 7AR,90,50,40,31
GU4 7AS,10,4,6,4
GU4 7AT,17,9,8,8
GU4 7AU,2,1,1,1
GU4 7AW,7,3,4,2
GU4 7AX,43,22,21,20
GU4 7AY,7,3,4,4
GU4 7AZ,2,1,1,1
GU4 7BA,6,4,2,3
GU4 7BB,27,11,16,12
GU4 7BD,3,1,2,1
GU4 7BE,7,3,4,3
GU4 7BG,46,24,22,14
GU4 7BH,45,25,20,17
GU4 7BJ,14,6,8,6
GU4 7BL,14,8,6,5
GU4 7BP,3,2,1,2
GU4 7BS,8,2,6,3
GU4 7BT,4,2,2,2
GU4 7BU,111,55,56,27
GU4 7BW,8,4,4,2
GU4 7BX,14,6,8,6
GU4 7BY,19,5,14,12
GU4 7BZ,27,11,16,12
GU4 7DA,5,3,2,3
GU4 7DB,42,23,19,12
GU4 7DD,22,10,12,8
GU4 7DE,4,2,2,3
GU4 7DF,26,13,13,21
GU4 7DG,64,30,34,24
GU4 7DH,103,48,55,52
GU4 7DJ,29,16,13,12
GU4 7DL,47,24,23,16
GU4 7DN,46,23,23,20
GU4 7DP,33,16,17,14
GU4 7DQ,61,29,32,23
GU4 7DR,20,11,9,8
GU4 7DS,20,12,8,9
GU4 7DT,16,8,8,6
GU4 7DU,15,7,8,6
GU4 7DW,101,56,45,38
GU4 7DX,51,25,26,17
GU4 7DY,65,29,36,25
GU4 7DZ,26,12,14,14
GU4 7EA,37,15,22,14
GU4 7EB,29,14,15,10
GU4 7ED,29,16,13,10
GU4 7EE,22,10,12,9
GU4 7EF,16,8,8,7
GU4 7EG,30,17,13,8
GU4 7EH,26,13,13,8
GU4 7EJ,18,7,11,7
GU4 7EL,32,18,14,12
GU4 7EN,11,5,6,5
GU4 7EQ,56,32,24,34
GU4 7ER,15,5,10,5
GU4 7ES,119,56,63,43
GU4 7ET,49,22,27,15
GU4 7EU,33,19,14,11
GU4 7EW,33,12,21,21
GU4 7EX,12,5,7,5
GU4 7EY,24,8,16,10
GU4 7EZ,22,13,9,11
GU4 7FA,96,43,53,53
GU4 7FB,88,45,43,42
GU4 7FD,87,47,40,36
GU4 7FE,89,40,49,52
GU4 7FF,104,56,48,51
GU4 7FG,120,63,57,40
GU4 7FH,38,17,21,14
GU4 7FJ,52,27,25,15
GU4 7FQ,71,35,36,35
GU4 7FX,18,10,8,5
GU4 7GB,17,7,10,11
GU4 7HB,98,50,48,45
GU4 7HD,36,15,21,18
GU4 7HE,98,43,55,48
GU4 7HF,39,20,19,20
GU4 7HG,106,58,48,54
GU4 7HH,103,52,51,50
GU4 7HJ,44,22,22,16
GU4 7HN,62,21,41,21
GU4 7HP,42,21,21,20
GU4 7HQ,20,11,9,9
GU4 7HR,32,15,17,10
GU4 7HS,3,2,1,2
GU4 7HT,24,12,12,9
GU4 7HW,15,8,7,5
GU4 7HX,59,32,27,23
GU4 7HY,42,18,24,17
GU4 7HZ,85,37,48,30
GU4 7JA,69,34,35,26
GU4 7JB,67,34,33,24
GU4 7JD,94,44,50,37
GU4 7JE,75,33,42,25
GU4 7JF,66,36,30,26
GU4 7JG,73,35,38,27
GU4 7JH,94,50,44,30
GU4 7JJ,69,36,33,20
GU4 7JL,31,6,25,24
GU4 7JN,40,22,18,15
GU4 7JP,119,57,62,41
GU4 7JQ,36,16,20,12
GU4 7JS,10,7,3,4
GU4 7JT,30,18,12,14
GU4 7JX,41,22,19,14
GU4 7JY,29,13,16,13
GU4 7JZ,48,21,27,18
GU4 7LA,31,17,14,11
GU4 7LB,49,23,26,15
GU4 7LD,19,9,10,7
GU4 7LE,10,5,5,5
GU4 7LF,32,13,19,12
GU4 7LG,68,33,35,26
GU4 7LH,5,3,2,2
GU4 7LJ,5,3,2,2
GU4 7LL,40,18,22,15
GU4 7LN,36,19,17,15
GU4 7LP,36,15,21,19
GU4 7LQ,49,23,26,23
GU4 7LR,58,30,28,23
GU4 7LS,57,26,31,21
GU4 7LT,74,36,38,26
GU4 7LU,24,11,13,9
GU4 7LW,28,14,14,11
GU4 7LX,39,16,23,16
GU4 7LY,35,17,18,15
GU4 7LZ,13,9,4,4
GU4 7NA,5,5,0,2
GU4 7ND,33,11,22,11
GU4 7NE,55,23,32,34
GU4 7NF,20,8,12,11
GU4 7NG,44,24,20,23
GU4 7NH,46,22,24,26
GU4 7NJ,64,29,35,34
GU4 7NL,72,38,34,34
GU4 7NN,63,28,35,26
GU4 7NP,58,29,29,32
GU4 7NQ,49,21,28,29
GU4 7NR,32,13,19,21
GU4 7NS,71,34,37,35
GU4 7NT,37,16,21,20
GU4 7NU,71,29,42,36
GU4 7NW,96,41,55,37
GU4 7NX,93,46,47,40
GU4 7NY,38,21,17,15
GU4 7NZ,16,8,8,5
GU4 7PA,42,23,19,12
GU4 7PB,49,24,25,19
GU4 7PD,38,13,25,15
GU4 7PE,29,12,17,15
GU4 7PF,37,17,20,17
GU4 7PG,66,30,36,26
GU4 7PH,22,10,12,14
GU4 7PJ,15,6,9,5
GU4 7PP,1,0,1,1
GU4 7PR,6,3,3,3
GU4 7PS,52,23,29,22
GU4 7PT,18,9,9,9
GU4 7PU,39,21,18,17
GU4 7PX,4,3,1,1
GU4 7PZ,10,7,3,5
GU4 7QA,5,3,2,2
GU4 7QB,63,31,32,20
GU4 7QD,91,46,45,36
GU4 7QE,4,3,1,2
GU4 7QF,59,31,28,27
GU4 7QG,31,17,14,10
GU4 7QH,5,1,4,2
GU4 7QJ,6,3,3,3
GU4 7QL,15,9,6,7
GU4 7QN,8,3,5,4
GU4 7QP,21,13,8,7
GU4 7QQ,23,10,13,7
GU4 7QR,49,22,27,16
GU4 7QS,2,1,1,1
GU4 7QW,4,2,2,2
GU4 7QX,66,30,36,25
GU4 7QY,10,4,6,5
GU4 7RB,63,31,32,32
GU4 7RD,35,16,19,18
GU4 7RE,52,31,21,24
GU4 7RG,21,11,10,9
GU4 7RH,4,2,2,2
GU4 7RJ,59,30,29,22
GU4 7RL,31,17,14,13
GU4 7RN,14,6,8,5
GU4 7RP,18,10,8,5
GU4 7RQ,22,11,11,9
GU4 7RR,12,6,6,5
GU4 7RS,14,4,10,8
GU4 7RT,31,17,14,10
GU4 7RU,15,10,5,5
GU4 7RX,5,1,4,2
GU4 7RY,16,9,7,9
GU4 7RZ,25,14,11,11
GU4 7SA,13,7,6,6
GU4 7SB,3,2,1,2
GU4 7SD,21,10,11,8
GU4 7SE,22,8,14,11
GU4 7SF,7,4,3,2
GU4 7SG,10,6,4,4
GU4 7SH,4,3,1,1
GU4 7SP,39,17,22,14
GU4 7SQ,7,3,4,2
GU4 7SR,35,16,19,12
GU4 7SS,27,16,11,12
GU4 7ST,48,24,24,18
GU4 7SU,41,10,31,3
GU4 7SW,40,22,18,14
GU4 7SX,13,6,7,7
GU4 7SY,24,12,12,9
GU4 7SZ,67,29,38,32
GU4 7TA,105,61,44,42
GU4 7TB,85,43,42,28
GU4 7TD,46,14,32,15
GU4 7TE,17,9,8,9
GU4 7TF,20,8,12,8
GU4 7TG,34,19,15,17
GU4 7TH,8,4,4,4
GU4 7TJ,32,13,19,14
GU4 7TL,39,17,22,13
GU4 7TN,35,17,18,14
GU4 7TQ,52,26,26,19
GU4 7TY,10,6,4,4
GU4 7TZ,32,16,16,11
GU4 7UA,31,13,18,8
GU4 7UB,41,24,17,15
GU4 7UD,40,21,19,12
GU4 7UE,15,4,11,5
GU4 7UF,14,8,6,4
GU4 7UG,36,15,21,11
GU4 7UH,29,13,16,13
GU4 7UJ,33,13,20,16
GU4 7UL,43,19,24,16
GU4 7UN,7,4,3,2
GU4 7UP,9,5,4,3
GU4 7UQ,22,10,12,8
GU4 7UR,25,14,11,7
GU4 7UT,42,20,22,19
GU4 7UU,29,14,15,8
GU4 7UW,42,22,20,16
GU4 7UX,4,2,2,2
GU4 7WA,1,0,1,1
GU4 7XA,18,9,9,6
GU4 7XE,37,19,18,32
GU4 7XG,26,16,10,10
GU4 7XN,84,42,42,30
GU4 7XP,64,29,35,26
GU4 7XQ,25,10,15,11
GU4 7XR,70,34,36,33
GU4 7XS,48,22,26,23
GU4 7XT,53,23,30,27
GU4 7XU,21,10,11,8
GU4 7XW,44,22,22,18
GU4 7XX,16,8,8,10
GU4 7XY,22,8,14,14
GU4 7XZ,24,12,12,14
GU4 7YA,17,5,12,12
GU4 7YD,18,8,10,7
GU4 7YE,125,58,67,39
GU4 7YF,58,31,27,15
GU4 7YG,42,22,20,16
GU4 7YH,24,10,14,8
GU4 7YJ,45,25,20,15
GU4 7YL,33,18,15,12
GU4 7YN,54,29,25,20
GU4 7YQ,29,15,14,11
GU4 7YR,27,5,22,25
GU4 7YS,74,39,35,37
GU4 7YT,76,39,37,42
GU4 7YU,25,13,12,10
GU4 7YW,69,42,27,39
GU4 7YX,34,17,17,13
GU4 7YY,98,42,56,51
GU4 7YZ,92,43,49,55
GU4 8AA,13,4,9,6
GU4 8AB,41,19,22,13
GU4 8AD,37,20,17,14
GU4 8AE,33,21,12,10
GU4 8AF,24,13,11,8
GU4 8AG,57,31,26,18
GU4 8AJ,35,17,18,12
GU4 8AL,43,17,26,17
GU4 8AN,5,1,4,2
GU4 8AP,58,24,34,19
GU4 8AQ,24,11,13,10
GU4 8AR,7,3,4,3
GU4 8AS,16,9,7,5
GU4 8AT,3,2,1,2
GU4 8AU,6,2,4,4
GU4 8AW,6,3,3,2
GU4 8AX,92,37,55,34
GU4 8AY,83,44,39,39
GU4 8AZ,61,27,34,33
GU4 8BA,33,16,17,22
GU4 8BB,24,15,9,10
GU4 8BJ,8,4,4,6
GU4 8BL,57,31,26,23
GU4 8BN,56,30,26,18
GU4 8BP,8,4,4,4
GU4 8BS,6,2,4,3
GU4 8BT,27,12,15,12
GU4 8BU,63,30,33,26
GU4 8BX,12,4,8,6
GU4 8BY,14,7,7,8
GU4 8BZ,7,4,3,6
GU4 8DA,18,9,9,10
GU4 8DD,76,30,46,30
GU4 8DE,42,22,20,30
GU4 8DF,7,3,4,2
GU4 8DG,14,5,9,10
GU4 8DH,54,23,31,23
GU4 8DJ,49,20,29,19
GU4 8DL,77,40,37,32
GU4 8DN,10,5,5,5
GU4 8DP,13,6,7,6
GU4 8DQ,17,7,10,9
GU4 8DR,10,4,6,3
GU4 8DS,5,2,3,4
GU4 8DT,9,5,4,3
GU4 8DW,8,4,4,3
GU4 8DX,23,11,12,12
GU4 8EB,18,8,10,8
GU4 8EE,44,24,20,15
GU4 8EG,16,7,9,4
GU4 8EH,21,10,11,7
GU4 8EJ,25,11,14,15
GU4 8EL,14,5,9,11
GU4 8EP,1,1,0,1
GU4 8EQ,34,19,15,11
GU4 8ER,84,41,43,28
GU4 8ES,69,37,32,26
GU4 8ET,47,25,22,22
GU4 8EU,45,19,26,22
GU4 8EX,91,44,47,28
GU4 8EY,114,49,65,36
GU4 8EZ,33,13,20,12
GU4 8HA,81,34,47,34
GU4 8HB,47,20,27,25
GU4 8HD,66,33,33,27
GU4 8HE,17,6,11,8
GU4 8HH,40,22,18,16
GU4 8HJ,5,3,2,1
GU4 8HL,16,7,9,10
GU4 8HN,64,24,40,13
GU4 8HP,11,5,6,5
GU4 8HQ,7,3,4,4
GU4 8HR,5,2,3,3
GU4 8HS,2,1,1,1
GU4 8HW,10,5,5,6
GU4 8HX,27,10,17,19
GU4 8HY,18,8,10,12
GU4 8HZ,19,9,10,9
GU4 8JA,14,2,12,12
GU4 8JE,26,16,10,8
GU4 8JF,17,5,12,11
GU4 8JG,48,20,28,18
GU4 8JH,68,31,37,33
GU4 8JJ,22,9,13,11
GU4 8JL,24,8,16,10
GU4 8JN,23,8,15,9
GU4 8JP,18,8,10,9
GU4 8JQ,37,15,22,15
GU4 8JR,34,15,19,11
GU4 8JS,55,25,30,21
GU4 8JT,39,20,19,24
GU4 8JU,31,16,15,11
GU4 8JW,18,10,8,7
GU4 8JX,50,20,30,23
GU4 8JY,55,24,31,20
GU4 8LD,2,1,1,1
GU4 8LE,9,6,3,7
GU4 8LL,53,24,29,21
GU4 8LN,9,4,5,7
GU4 8LP,98,46,52,41
GU4 8LQ,50,22,28,22
GU4 8LR,56,28,28,25
GU4 8LS,14,6,8,4
GU4 8LT,53,25,28,20
GU4 8LU,100,49,51,34
GU4 8LW,51,25,26,19
GU4 8LX,90,45,45,34
GU4 8LY,26,9,17,11
GU4 8LZ,80,41,39,27
GU4 8ND,22,11,11,8
GU4 8NE,53,24,29,20
GU4 8NF,20,9,11,11
GU4 8NH,30,13,17,19
GU4 8NJ,33,13,20,18
GU4 8NL,8,4,4,4
GU4 8NN,18,9,9,7
GU4 8NP,11,6,5,3
GU4 8NQ,51,29,22,19
GU4 8NR,57,27,30,25
GU4 8NS,28,12,16,12
GU4 8NT,21,12,9,8
GU4 8NU,10,3,7,4
GU4 8NW,68,33,35,26
GU4 8PA,69,34,35,28
GU4 8PB,51,18,33,38
GU4 8PH,99,46,53,34
GU4 8PJ,32,16,16,15
GU4 8PL,23,11,12,6
GU4 8PP,46,24,22,19
GU4 8PR,30,16,14,9
GU4 8PS,26,14,12,9
GU4 8PU,2,1,1,1
GU4 8PW,74,35,39,21
GU4 8PY,11,7,4,5
GU4 8PZ,25,12,13,9
GU4 8QN,5,2,3,3
GU4 8QP,7,4,3,4
GU4 8QR,17,8,9,6
GU4 8QS,7,5,2,2
GU4 8QT,28,11,17,11
GU4 8QU,24,11,13,10
GU4 8QW,15,7,8,7
GU4 8QX,12,7,5,7
GU4 8QY,17,10,7,7
GU4 8QZ,5,3,2,3
GU4 8RA,42,20,22,17
GU4 8RB,71,34,37,26
GU4 8RD,48,29,19,15
GU4 8RE,6,3,3,3
GU4 8RF,6,4,2,4
GU4 8RG,18,11,7,8
GU4 8RH,17,8,9,7
GU4 8RJ,5,3,2,2
GU4 8RL,13,5,8,7
GU4 8RP,17,9,8,7
GU4 8RQ,86,37,49,35
GU4 8RR,31,14,17,11
GU4 8RS,20,9,11,9
GU4 8RW,4,1,3,2
GU4 8SE,45,23,22,11
GU4 8SF,39,22,17,15
GU4 8SG,20,10,10,8
GU4 8SQ,4,2,2,1
GU466AE,2,1,1,1
GU466AF,57,31,26,24
GU466AG,53,25,28,24
GU466AH,58,30,28,18
GU466AJ,54,27,27,23
GU466AL,127,63,64,43
GU466AN,80,27,53,59
GU466AP,28,11,17,10
GU466AQ,41,23,18,14
GU466AR,48,23,25,18
GU466AS,28,14,14,10
GU466AT,17,10,7,5
GU466AU,34,18,16,13
GU466AW,17,7,10,7
GU466AX,16,8,8,8
GU466AY,6,2,4,1
GU466AZ,8,4,4,2
GU466BA,50,19,31,21
GU466BB,45,20,25,17
GU466BD,25,11,14,9
GU466BE,27,16,11,11
GU466BG,23,10,13,7
GU466BH,89,39,50,30
GU466BJ,87,43,44,35
GU466BL,16,8,8,7
GU466BN,12,5,7,4
GU466BP,46,25,21,15
GU466BQ,18,9,9,6
GU466BS,21,9,12,8
GU466BT,14,8,6,3
GU466BU,32,14,18,11
GU466BW,33,18,15,12
GU466BX,42,19,23,13
GU466BY,112,53,59,34
GU466BZ,55,26,29,18
GU466DA,100,45,55,39
GU466DB,60,22,38,25
GU466DD,39,18,21,16
GU466DE,44,25,19,17
GU466DF,73,38,35,25
GU466DG,54,27,27,17
GU466DH,34,20,14,17
GU466DJ,29,16,13,12
GU466DL,74,37,37,30
GU466DN,33,16,17,15
GU466DP,122,53,69,41
GU466DQ,136,68,68,48
GU466DR,39,20,19,14
GU466DS,36,20,16,14
GU466DT,44,26,18,19
GU466DU,71,38,33,28
GU466DW,95,47,48,34
GU466DX,8,4,4,2
GU466DY,33,17,16,13
GU466EA,33,20,13,11
GU466EB,12,8,4,4
GU466EE,6,3,3,2
GU466EF,51,27,24,19
GU466EG,43,19,24,16
GU466EH,69,35,34,30
GU466EJ,36,16,20,11
GU466EL,65,38,27,21
GU466EN,34,21,13,12
GU466EP,59,25,34,23
GU466EQ,51,26,25,20
GU466ER,17,6,11,6
GU466ES,86,48,38,32
GU466EU,53,25,28,41
GU466EW,61,36,25,24
GU466EY,24,13,11,10
GU466EZ,8,3,5,4
GU466FA,203,101,102,74
GU466FB,162,79,83,67
GU466FD,70,28,42,30
GU466FE,71,31,40,33
GU466FF,35,16,19,19
GU466FG,41,21,20,13
GU466FH,29,14,15,12
GU466FJ,42,19,23,14
GU466FL,61,33,28,17
GU466FN,36,16,20,13
GU466FQ,50,25,25,19
GU466GA,3,2,1,1
GU466GZ,34,16,18,17
GU466HA,38,18,20,18
GU466HB,73,36,37,26
GU466HD,25,12,13,10
GU466HE,95,38,57,33
GU466HF,37,20,17,18
GU466HH,33,16,17,13
GU466HN,99,45,54,38
GU466HP,42,22,20,12
GU466HQ,84,42,42,34
GU466HR,57,32,25,21
GU466HS,26,14,12,8
GU466HT,61,29,32,31
GU466HU,94,47,47,41
GU466HW,27,16,11,11
GU466HX,6,3,3,3
GU466HY,89,40,49,36
GU466HZ,30,16,14,15
GU466JA,137,68,69,47
GU466JB,32,16,16,12
GU466JD,72,38,34,28
GU466JE,26,12,14,10
GU466JF,90,42,48,29
GU466JG,85,39,46,34
GU466JH,68,33,35,29
GU466JJ,91,46,45,52
GU466JL,17,6,11,4
GU466JN,16,8,8,9
GU466JP,30,16,14,11
GU466JQ,100,52,48,37
GU466JR,76,40,36,28
GU466JS,12,6,6,5
GU466JT,33,15,18,15
GU466JU,68,33,35,29
GU466JW,39,15,24,33
GU466JX,91,47,44,45
GU466JY,20,12,8,11
GU466JZ,46,21,25,20
GU466LA,30,13,17,15
GU466LB,61,27,34,25
GU466LD,121,53,68,52
GU466LE,67,30,37,25
GU466LF,22,10,12,9
GU466LG,66,36,30,23
GU466LH,17,10,7,6
GU466LJ,43,19,24,15
GU466LL,27,16,11,10
GU466LN,58,34,24,21
GU466LP,91,47,44,43
GU466LQ,32,14,18,9
GU466LS,12,9,3,4
GU466LT,1,0,1,1
GU466LU,19,10,9,6
GU466LW,111,48,63,53
GU466LX,11,7,4,3
GU466LY,45,27,18,12
GU466LZ,141,73,68,50
GU466NA,124,62,62,38
GU466NB,45,24,21,20
GU466ND,56,31,25,18
GU466NE,64,29,35,24
GU466NF,83,40,43,36
GU466NG,13,6,7,3
GU466NH,26,12,14,9
GU466NL,89,42,47,31
GU466NN,2,1,1,1
GU466NP,117,60,57,38
GU466NQ,4,3,1,1
GU466NR,38,20,18,14
GU466NS,85,44,41,34
GU466NT,18,10,8,6
GU466NU,38,21,17,14
GU466NX,69,33,36,29
GU466NY,24,11,13,6
GU466NZ,14,7,7,7
GU466PA,42,18,24,19
GU466PB,107,49,58,45
GU466PD,45,24,21,16
GU466PE,21,6,15,10
GU466PF,35,13,22,18
GU466PG,16,10,6,4
GU466PH,17,7,10,9
GU466PP,4,3,1,2
GU466PQ,17,10,7,6
GU466PS,89,37,52,37
GU466PT,59,36,23,20
GU466PU,21,10,11,7
GU466PX,35,13,22,14
GU466PY,130,66,64,52
GU466PZ,20,6,14,6
GU466QA,79,38,41,38
GU466QB,1,1,0,1
GU466QD,46,22,24,17
GU466QE,22,11,11,10
GU466QF,41,21,20,17
GU466QG,120,58,62,44
GU466QH,63,28,35,27
GU466QJ,54,24,30,24
GU466QL,48,26,22,18
GU466QQ,111,51,60,41
GU466UZ,96,50,46,37
GU466XA,80,36,44,28
GU466XB,21,10,11,10
GU466XD,46,20,26,19
GU466XE,26,14,12,11
GU466XF,134,70,64,48
GU466XH,121,58,63,48
GU466XJ,25,11,14,10
GU466XN,25,12,13,9
GU466XP,103,52,51,38
GU466XT,35,17,18,15
GU466XU,100,49,51,35
GU466XW,21,10,11,8
GU466XX,95,46,49,34
GU466XY,61,35,26,20
GU466XZ,37,16,21,13
GU466YA,48,24,24,16
GU466YB,22,10,12,8
GU466YD,61,29,32,19
GU466YE,38,17,21,15
GU466YF,44,20,24,18
GU466YG,75,39,36,24
GU466YH,76,32,44,27
GU466YJ,72,35,37,29
GU466YL,73,29,44,29
GU466YN,29,13,16,11
GU466YP,87,44,43,30
GU466YR,103,50,53,33
GU466YS,31,16,15,13
GU466YT,120,63,57,47
GU466YU,37,24,13,11
GU466YW,54,24,30,17
GU466YY,27,14,13,8
GU467AB,2,1,1,1
GU467AD,69,33,36,24
GU467GA,13,7,6,12
GU467HG,16,9,7,5
GU467LR,7,4,3,2
GU467LS,26,12,14,13
GU467PN,2,1,1,1
GU467PW,61,25,36,30
GU467PZ,41,23,18,12
GU467QN,17,7,10,5
GU467QP,64,28,36,38
GU467QR,13,5,8,6
GU467QS,14,7,7,5
GU467QT,35,19,16,13
GU467QU,34,19,15,12
GU467QX,52,27,25,21
GU467QY,62,31,31,24
GU467QZ,15,8,7,4
GU467RA,31,10,21,11
GU467RB,35,19,16,12
GU467RD,117,63,54,41
GU467RE,14,7,7,8
GU467RF,50,23,27,15
GU467RG,57,29,28,19
GU467RH,44,24,20,15
GU467RJ,18,7,11,7
GU467RL,37,20,17,16
GU467RN,20,7,13,7
GU467RQ,9,5,4,5
GU467RR,95,45,50,40
GU467RS,43,21,22,14
GU467RT,42,22,20,17
GU467RU,6,4,2,1
GU467RW,93,47,46,40
GU467RX,13,6,7,5
GU467RY,14,5,9,7
GU467SA,21,7,14,17
GU467SB,8,3,5,4
GU467SD,89,47,42,30
GU467SE,32,15,17,14
GU467SF,38,19,19,17
GU467SG,76,35,41,29
GU467SH,76,37,39,27
GU467SJ,46,26,20,22
GU467SL,71,34,37,28
GU467SN,47,24,23,16
GU467SP,34,17,17,11
GU467SQ,47,25,22,17
GU467SR,18,7,11,7
GU467SS,4,2,2,2
GU467ST,55,28,27,16
GU467SU,84,38,46,37
GU467SW,62,31,31,23
GU467SX,30,14,16,13
GU467SY,37,21,16,13
GU467TA,26,11,15,12
GU467TB,9,4,5,4
GU467TD,4,2,2,2
GU467TE,65,35,30,26
GU467TF,2,1,1,1
GU467TG,30,11,19,19
GU467TH,56,28,28,24
GU467TJ,71,32,39,29
GU467TL,91,52,39,34
GU467TN,69,31,38,27
GU467TP,26,14,12,11
GU467TQ,9,6,3,4
GU467TR,68,28,40,30
GU467TS,65,26,39,27
GU467TT,62,32,30,25
GU467TU,15,8,7,6
GU467TW,50,23,27,33
GU467TX,22,11,11,10
GU467TY,64,36,28,33
GU467TZ,81,35,46,43
GU467UA,40,17,23,13
GU467UE,11,4,7,7
GU467UF,2,1,1,1
GU467UG,3,1,2,1
GU467UH,2,2,0,1
GU467UL,5,2,3,4
GU467UN,49,28,21,19
GU467UR,61,31,30,22
GU467UT,55,24,31,23
GU467UU,70,33,37,24
GU467UW,34,15,19,19
GU467UX,93,43,50,38
GU467UY,52,24,28,22
GU470AB,36,15,21,15
GU470DU,129,56,73,63
GU470DX,24,11,13,10
GU470DY,18,9,9,10
GU470DZ,95,50,45,48
GU470EA,50,27,23,27
GU470FA,27,8,19,19
GU470FE,133,68,65,45
GU470FF,21,11,10,8
GU470FG,48,25,23,16
GU470FH,114,60,54,40
GU470FJ,87,45,42,31
GU470FL,44,24,20,15
GU470FN,158,78,80,51
GU470FP,22,11,11,9
GU470FQ,51,28,23,17
GU470FR,49,26,23,13
GU470FS,73,38,35,27
GU470FT,28,11,17,9
GU470FU,24,12,12,8
GU470FW,37,22,15,12
GU470FX,29,15,14,12
GU470FY,16,8,8,5
GU470GF,16,8,8,11
GU470GH,21,8,13,12
GU470GJ,57,24,33,24
GU470GR,21,9,12,11
GU470GS,26,11,15,14
GU470GT,23,13,10,8
GU470GU,28,16,12,10
GU470GX,28,12,16,8
GU470GY,51,25,26,15
GU470GZ,84,40,44,27
GU470HH,22,11,11,8
GU470HJ,11,7,4,4
GU470LH,75,38,37,25
GU470LL,15,6,9,7
GU470NU,32,9,23,29
GU470PB,23,9,14,9
GU470PD,19,8,11,11
GU470PF,18,7,11,10
GU470PH,34,7,27,28
GU470PJ,9,5,4,6
GU470PL,24,11,13,7
GU470PN,63,35,28,25
GU470PR,53,27,26,16
GU470PS,32,18,14,13
GU470PT,22,14,8,19
GU470PU,54,28,26,20
GU470PW,8,4,4,3
GU470PX,10,6,4,4
GU470PY,57,25,32,23
GU470PZ,103,49,54,30
GU470QA,86,42,44,33
GU470QB,57,31,26,25
GU470QD,62,31,31,21
GU470QE,123,59,64,50
GU470QF,118,58,60,47
GU470QG,132,62,70,51
GU470QH,29,14,15,11
GU470QJ,12,7,5,5
GU470QL,5,2,3,2
GU470QN,56,25,31,23
GU470QP,54,26,28,25
GU470QQ,106,59,47,42
GU470QR,24,12,12,9
GU470QS,158,73,85,45
GU470QT,123,60,63,38
GU470QU,91,41,50,39
GU470QW,16,7,9,9
GU470QX,16,8,8,7
GU470QY,53,28,25,24
GU470QZ,66,33,33,27
GU470RA,127,64,63,51
GU470RB,16,7,9,7
GU470RD,125,65,60,47
GU470RE,32,14,18,13
GU470RF,67,38,29,23
GU470RG,62,30,32,29
GU470RH,35,16,19,10
GU470RJ,32,14,18,11
GU470RL,11,5,6,5
GU470RN,71,34,37,25
GU470RP,16,6,10,5
GU470RQ,73,37,36,24
GU470RR,25,14,11,11
GU470RS,13,5,8,3
GU470RT,32,12,20,11
GU470RU,132,66,66,54
GU470RW,6,2,4,4
GU470RX,31,18,13,13
GU470RY,15,9,6,5
GU470RZ,13,6,7,4
GU470SA,44,18,26,28
GU470SB,51,29,22,19
GU470SD,39,21,18,17
GU470SE,41,17,24,12
GU470SF,65,34,31,23
GU470SG,64,33,31,24
GU470SH,5,2,3,3
GU470SJ,50,26,24,19
GU470SL,5,3,2,5
GU470SN,14,8,6,7
GU470SP,38,21,17,18
GU470SQ,112,62,50,37
GU470SR,30,17,13,11
GU470SS,34,15,19,13
GU470ST,38,19,19,17
GU470SU,31,17,14,10
GU470SW,33,14,19,15
GU470SX,18,8,10,10
GU470SY,14,5,9,6
GU470SZ,167,83,84,48
GU470TA,39,22,17,15
GU470TB,95,45,50,52
GU470TD,41,23,18,15
GU470TE,74,38,36,28
GU470TF,48,20,28,18
GU470TG,21,7,14,8
GU470TH,93,42,51,39
GU470TJ,33,13,20,14
GU470TL,104,47,57,40
GU470TN,25,14,11,11
GU470TP,97,48,49,37
GU470TQ,42,20,22,15
GU470TR,128,69,59,48
GU470TS,81,42,39,32
GU470TT,19,11,8,8
GU470TU,70,30,40,35
GU470TW,67,33,34,33
GU470TX,49,26,23,17
GU470TY,105,52,53,39
GU470TZ,74,35,39,26
GU470UA,22,12,10,8
GU470UB,3,0,3,1
GU470UD,112,55,57,45
GU470UE,46,24,22,18
GU470UF,37,18,19,18
GU470UG,53,28,25,23
GU470UH,91,44,47,40
GU470UJ,27,12,15,12
GU470UL,164,83,81,59
GU470UN,42,21,21,17
GU470UP,36,18,18,11
GU470UQ,38,19,19,15
GU470UR,153,80,73,58
GU470US,13,5,8,9
GU470UT,134,68,66,50
GU470UU,14,7,7,8
GU470UW,29,12,17,21
GU470UX,51,25,26,17
GU470UY,76,39,37,28
GU470UZ,60,28,32,26
GU470XA,89,43,46,42
GU470XB,62,32,30,28
GU470XD,67,34,33,28
GU470XE,87,40,47,28
GU470XF,31,16,15,11
GU470XG,55,26,29,23
GU470XH,65,31,34,27
GU470XJ,27,14,13,12
GU470XL,41,21,20,15
GU470XN,98,48,50,37
GU470XP,51,24,27,25
GU470XQ,47,23,24,19
GU470XR,30,15,15,14
GU470XS,37,19,18,14
GU470XT,38,17,21,15
GU470XU,18,10,8,7
GU470XW,104,50,54,41
GU470XX,21,10,11,7
GU470XY,61,34,27,20
GU470XZ,15,7,8,5
GU470YA,52,25,27,30
GU470YB,69,35,34,28
GU470YD,20,10,10,7
GU470YF,38,18,20,13
GU470YG,119,61,58,49
GU470YH,13,8,5,5
GU470YJ,46,24,22,21
GU470YL,25,13,12,10
GU470YN,42,20,22,15
GU470YP,19,8,11,9
GU470YQ,84,38,46,26
GU470YR,32,19,13,10
GU470YS,126,62,64,45
GU470YT,59,27,32,21
GU470YU,104,53,51,36
GU470YW,105,51,54,32
GU470YX,24,14,10,10
GU470YY,60,27,33,28
GU470YZ,127,61,66,48
GU470ZA,130,62,68,54
GU470ZB,64,32,32,35
GU470ZD,83,48,35,33
GU470ZU,8,4,4,4
GU470ZZ,78,43,35,29
GU478DX,106,50,56,44
GU478DY,47,25,22,18
GU478DZ,8,2,6,4
GU478EA,94,43,51,41
GU478EB,29,18,11,12
GU478ED,16,9,7,6
GU478EE,19,7,12,8
GU478EF,108,57,51,36
GU478EG,2,1,1,2
GU478EH,69,32,37,27
GU478EQ,44,18,26,16
GU478ET,17,10,7,7
GU478EW,122,65,57,30
GU478EX,45,17,28,24
GU478HA,45,20,25,19
GU478HB,15,5,10,6
GU478HD,40,20,20,22
GU478HE,80,42,38,32
GU478HF,16,7,9,8
GU478HG,20,11,9,9
GU478HH,58,14,44,53
GU478HJ,10,6,4,4
GU478HL,13,5,8,4
GU478HN,5,3,2,4
GU478HP,4,3,1,1
GU478HQ,18,8,10,9
GU478HR,9,5,4,2
GU478HS,49,21,28,18
GU478HT,28,16,12,10
GU478HU,63,31,32,20
GU478HW,7,3,4,2
GU478HX,48,28,20,16
GU478HY,43,23,20,18
GU478HZ,51,23,28,18
GU478JA,57,31,26,22
GU478JB,28,14,14,10
GU478JD,21,9,12,12
GU478JE,43,23,20,13
GU478JF,3,1,2,2
GU478JG,9,3,6,4
GU478JH,33,12,21,18
GU478JJ,20,12,8,6
GU478JL,30,15,15,11
GU478JN,18,12,6,7
GU478JP,104,56,48,37
GU478JQ,2,1,1,1
GU478JR,90,31,59,27
GU478JS,13,8,5,3
GU478JT,80,41,39,32
GU478JU,14,5,9,5
GU478JW,3,2,1,2
GU478JX,16,10,6,5
GU478JY,12,7,5,7
GU478JZ,36,18,18,8
GU478LA,44,23,21,15
GU478LB,28,14,14,10
GU478LD,53,29,24,23
GU478LE,25,11,14,8
GU478LF,6,3,3,2
GU478LG,16,7,9,6
GU478LH,5,4,1,2
GU478LJ,42,21,21,17
GU478LL,46,20,26,24
GU478LN,8,4,4,3
GU478LP,9,4,5,3
GU478LQ,26,11,15,9
GU478LR,10,6,4,4
GU478LS,37,18,19,12
GU478LT,22,11,11,7
GU478LU,8,3,5,3
GU478LW,20,9,11,6
GU478LX,3,1,2,1
GU478LY,25,12,13,8
GU478LZ,6,3,3,2
GU478NA,31,16,15,12
GU478NB,44,24,20,18
GU478ND,12,6,6,5
GU478NE,84,42,42,30
GU478NF,11,6,5,4
GU478NG,50,26,24,22
GU478NH,84,39,45,27
GU478NJ,45,21,24,16
GU478NL,64,26,38,20
GU478NN,18,9,9,7
GU478NP,23,13,10,11
GU478NQ,88,41,47,30
GU478NS,7,2,5,4
GU478NW,25,12,13,9
GU478PA,9,5,4,5
GU478PB,108,51,57,40
GU478PD,6,4,2,2
GU478PE,13,7,6,7
GU478PF,30,12,18,18
GU478PH,58,31,27,2
GU478PJ,36,17,19,16
GU478PL,43,19,24,17
GU478PN,48,28,20,16
GU478PP,23,11,12,10
GU478PR,56,29,27,24
GU478PS,32,14,18,14
GU478PT,8,4,4,4
GU478PU,33,14,19,12
GU478PW,49,23,26,17
GU478PX,22,12,10,9
GU478QA,15,7,8,4
GU478QG,100,45,55,38
GU478QH,66,26,40,27
GU478QJ,11,5,6,5
GU478QL,33,15,18,12
GU478QN,105,61,44,36
GU478QP,121,66,55,45
GU478QQ,55,31,24,21
GU478QS,69,34,35,27
GU478QT,40,21,19,17
GU478QU,81,46,35,27
GU478QW,55,27,28,20
GU478QX,20,10,10,7
GU479AA,122,63,59,46
GU479AB,105,56,49,39
GU479AD,31,14,17,14
GU479AE,8,2,6,4
GU479AF,36,17,19,15
GU479AG,41,20,21,17
GU479AH,54,31,23,16
GU479AJ,66,30,36,26
GU479AL,21,10,11,8
GU479AN,62,34,28,18
GU479AP,27,13,14,13
GU479AQ,3,2,1,2
GU479AR,67,35,32,28
GU479AS,15,7,8,6
GU479AT,17,7,10,7
GU479AU,116,57,59,43
GU479AW,77,39,38,33
GU479AX,33,20,13,16
GU479AY,67,33,34,21
GU479AZ,51,30,21,21
GU479BA,4,2,2,2
GU479BB,58,29,29,21
GU479BD,4,1,3,3
GU479BE,23,12,11,10
GU479BG,19,11,8,7
GU479BH,21,8,13,13
GU479BN,80,47,33,31
GU479BP,136,63,73,52
GU479BQ,112,62,50,41
GU479BS,21,8,13,12
GU479BT,47,29,18,19
GU479BU,26,15,11,8
GU479BW,81,31,50,36
GU479BX,38,11,27,30
GU479BY,66,32,34,35
GU479BZ,78,32,46,49
GU479DA,22,13,9,7
GU479DE,31,13,18,9
GU479DF,27,13,14,10
GU479DG,56,26,30,26
GU479DH,39,22,17,19
GU479DJ,5,2,3,2
GU479DL,45,25,20,23
GU479DP,43,23,20,30
GU479DQ,34,15,19,14
GU479DT,6,2,4,3
GU479DU,33,16,17,13
GU479DX,34,19,15,14
GU479DY,44,23,21,13
GU479DZ,26,14,12,11
GU479EA,11,5,6,4
GU479ED,24,14,10,14
GU479EH,38,19,19,20
GU479EJ,30,16,14,13
GU479EL,53,26,27,23
GU479EN,74,34,40,28
GU479EP,37,15,22,14
GU479RB,146,73,73,64
GU479RD,101,49,52,44
GU479RE,103,50,53,41
GU479RF,104,46,58,43
GU479RG,89,38,51,39
GU479RH,70,34,36,33
GU479RJ,74,37,37,31
GU479RL,23,11,12,12
GU479RN,159,74,85,58
GU479RP,17,8,9,11
GU479RQ,126,59,67,47
GU479RR,29,19,10,12
GU479RS,39,20,19,14
GU479RT,25,16,9,8
GU479RU,20,9,11,8
GU479RW,81,40,41,42
GU479RX,67,31,36,29
GU479RY,49,23,26,18
GU5 0AA,47,22,25,23
GU5 0AB,11,8,3,5
GU5 0AD,14,8,6,6
GU5 0AE,22,10,12,10
GU5 0AG,4,2,2,3
GU5 0AH,1,0,1,1
GU5 0AL,77,33,44,32
GU5 0AN,18,11,7,6
GU5 0AP,22,12,10,9
GU5 0AQ,41,19,22,16
GU5 0AR,7,2,5,3
GU5 0AS,20,10,10,11
GU5 0AT,39,21,18,19
GU5 0AU,26,11,15,17
GU5 0AW,12,5,7,3
GU5 0AX,9,4,5,4
GU5 0AY,37,17,20,17
GU5 0BA,25,12,13,13
GU5 0BB,89,45,44,33
GU5 0BD,22,8,14,16
GU5 0BJ,24,11,13,12
GU5 0BN,2,1,1,1
GU5 0BP,12,7,5,3
GU5 0BT,19,12,7,8
GU5 0BU,22,9,13,9
GU5 0BW,17,8,9,7
GU5 0BX,83,39,44,30
GU5 0BY,16,6,10,5
GU5 0BZ,17,8,9,7
GU5 0DA,14,6,8,6
GU5 0DB,76,36,40,31
GU5 0DD,8,4,4,3
GU5 0DF,135,2,133,0
GU5 0DH,17,8,9,9
GU5 0DP,43,21,22,13
GU5 0DR,40,15,25,14
GU5 0DS,67,32,35,28
GU5 0DT,9,4,5,6
GU5 0DU,64,33,31,23
GU5 0DX,87,42,45,32
GU5 0DY,92,41,51,35
GU5 0EA,62,28,34,29
GU5 0EB,55,27,28,20
GU5 0ED,24,12,12,10
GU5 0EE,115,44,71,39
GU5 0EF,103,51,52,32
GU5 0EG,86,48,38,30
GU5 0EH,45,18,27,21
GU5 0EJ,24,11,13,12
GU5 0EL,22,11,11,18
GU5 0EP,9,4,5,6
GU5 0EQ,76,38,38,30
GU5 0ER,20,6,14,16
GU5 0ES,29,11,18,19
GU5 0ET,10,4,6,6
GU5 0HA,5,1,4,2
GU5 0HB,40,17,23,14
GU5 0HD,8,3,5,3
GU5 0HE,11,5,6,5
GU5 0HF,5,2,3,3
GU5 0HG,11,7,4,4
GU5 0HH,33,14,19,12
GU5 0HL,36,14,22,27
GU5 0HN,11,6,5,6
GU5 0HP,11,5,6,4
GU5 0HR,6,4,2,4
GU5 0HS,41,21,20,14
GU5 0HT,53,22,31,23
GU5 0HU,35,18,17,26
GU5 0HW,30,16,14,14
GU5 0HX,9,6,3,3
GU5 0HY,10,4,6,4
GU5 0HZ,72,35,37,31
GU5 0JA,64,29,35,19
GU5 0JB,77,40,37,27
GU5 0JD,64,36,28,28
GU5 0JE,77,36,41,26
GU5 0JF,3,1,2,1
GU5 0JG,66,35,31,24
GU5 0JH,8,4,4,4
GU5 0JJ,8,4,4,3
GU5 0JL,4,2,2,2
GU5 0JP,42,20,22,31
GU5 0JQ,95,45,50,37
GU5 0JR,42,19,23,30
GU5 0JS,9,4,5,3
GU5 0JU,3,3,0,1
GU5 0JY,16,4,12,8
GU5 0JZ,20,8,12,14
GU5 0LA,18,5,13,7
GU5 0LB,48,17,31,0
GU5 0LD,9,1,8,7
GU5 0LE,41,25,16,12
GU5 0LG,23,15,8,11
GU5 0LH,74,50,24,19
GU5 0LJ,14,6,8,6
GU5 0LL,27,14,13,11
GU5 0LN,18,9,9,5
GU5 0LP,10,5,5,5
GU5 0LQ,7,3,4,3
GU5 0LR,39,18,21,16
GU5 0LS,18,9,9,9
GU5 0LT,21,11,10,7
GU5 0LU,30,11,19,9
GU5 0LW,18,8,10,6
GU5 0LX,12,6,6,6
GU5 0LY,5,1,4,2
GU5 0LZ,12,4,8,5
GU5 0NA,2,1,1,1
GU5 0NB,14,9,5,8
GU5 0ND,17,8,9,7
GU5 0NF,6,2,4,1
GU5 0NH,12,9,3,3
GU5 0NQ,2,1,1,1
GU5 0PA,39,20,19,15
GU5 0PB,31,16,15,10
GU5 0PD,5,3,2,1
GU5 0PE,23,11,12,11
GU5 0PF,41,17,24,19
GU5 0PG,38,14,24,14
GU5 0PH,75,30,45,26
GU5 0PJ,16,5,11,9
GU5 0PL,61,29,32,20
GU5 0PN,49,23,26,18
GU5 0PP,16,7,9,8
GU5 0PQ,46,20,26,24
GU5 0PR,15,6,9,7
GU5 0PS,2,1,1,1
GU5 0PT,24,11,13,9
GU5 0PU,45,20,25,18
GU5 0PW,49,20,29,20
GU5 0PX,69,31,38,31
GU5 0PY,17,8,9,4
GU5 0QH,9,3,6,3
GU5 0QJ,61,32,29,24
GU5 0QL,41,19,22,15
GU5 0QN,51,21,30,18
GU5 0QP,28,11,17,9
GU5 0QS,27,13,14,9
GU5 0QT,9,3,6,5
GU5 0QU,12,5,7,5
GU5 0QW,90,42,48,28
GU5 0QX,39,32,7,1
GU5 0QY,15,8,7,7
GU5 0QZ,25,13,12,10
GU5 0RA,11,10,1,1
GU5 0RB,30,16,14,10
GU5 0RD,23,11,12,9
GU5 0RF,8,4,4,2
GU5 0RH,43,22,21,15
GU5 0RR,19,11,8,16
GU5 0RS,31,13,18,14
GU5 0RT,65,30,35,22
GU5 0RU,35,13,22,17
GU5 0RX,22,10,12,8
GU5 0RY,17,9,8,7
GU5 0RZ,56,24,32,19
GU5 0SA,87,35,52,33
GU5 0SB,55,27,28,21
GU5 0SD,91,47,44,37
GU5 0SE,58,24,34,26
GU5 0SF,65,33,32,34
GU5 0SG,13,5,8,5
GU5 0SP,51,23,28,19
GU5 0SQ,3,2,1,1
GU5 0SR,15,7,8,6
GU5 0SS,13,7,6,6
GU5 0ST,35,19,16,14
GU5 0SU,22,9,13,9
GU5 0SX,34,16,18,15
GU5 0SY,22,13,9,10
GU5 0SZ,17,8,9,8
GU5 0TA,6,3,3,2
GU5 0TB,27,17,10,9
GU5 0TD,28,14,14,9
GU5 0TE,14,9,5,7
GU5 0TF,12,6,6,3
GU5 0TG,9,6,3,5
GU5 0TH,28,13,15,13
GU5 0TJ,26,14,12,7
GU5 0TL,12,7,5,5
GU5 0TP,28,10,18,8
GU5 0UA,50,21,29,24
GU5 0UB,26,13,13,13
GU5 0UD,44,22,22,21
GU5 0UE,21,11,10,7
GU5 0UF,53,25,28,28
GU5 0UG,78,37,41,31
GU5 0UH,19,8,11,10
GU5 0UJ,21,8,13,13
GU5 0UL,79,44,35,41
GU5 0UN,89,40,49,40
GU5 0UP,88,43,45,39
GU5 0UQ,63,27,36,24
GU5 0UR,46,21,25,17
GU5 0UT,8,5,3,3
GU5 0UU,18,7,11,6
GU5 0UW,43,20,23,28
GU5 0UX,36,18,18,13
GU5 0UY,79,37,42,26
GU5 0UZ,53,24,29,20
GU5 9AB,11,5,6,5
GU5 9AD,37,17,20,16
GU5 9AE,32,20,12,14
GU5 9AF,24,15,9,10
GU5 9AG,28,14,14,15
GU5 9AH,10,5,5,3
GU5 9AJ,20,12,8,9
GU5 9AL,40,20,20,14
GU5 9AN,11,5,6,4
GU5 9AQ,2,1,1,1
GU5 9AR,123,62,61,53
GU5 9AT,9,3,6,3
GU5 9AU,6,5,1,5
GU5 9AW,4,2,2,3
GU5 9AX,7,4,3,2
GU5 9AY,13,9,4,9
GU5 9BA,27,8,19,14
GU5 9BB,16,7,9,11
GU5 9BD,33,19,14,14
GU5 9BE,13,5,8,7
GU5 9BF,15,7,8,6
GU5 9BG,23,9,14,9
GU5 9BH,10,5,5,3
GU5 9BJ,16,9,7,3
GU5 9BL,6,2,4,3
GU5 9BN,9,3,6,5
GU5 9BQ,2,1,1,2
GU5 9BT,19,9,10,8
GU5 9BU,14,6,8,4
GU5 9BW,14,6,8,6
GU5 9DA,6,2,4,2
GU5 9DB,27,16,11,9
GU5 9DD,42,22,20,16
GU5 9DE,13,7,6,5
GU5 9DF,30,14,16,9
GU5 9DG,49,23,26,24
GU5 9DH,39,16,23,16
GU5 9DJ,21,11,10,10
GU5 9DL,16,8,8,6
GU5 9DN,74,33,41,27
GU5 9DP,23,12,11,7
GU5 9DQ,12,8,4,3
GU5 9DW,18,7,11,6
GU5 9ED,17,8,9,6
GU5 9EE,5,3,2,2
GU5 9EF,1,0,1,1
GU5 9EG,35,16,19,13
GU5 9EJ,2,1,1,1
GU5 9EL,14,6,8,4
GU5 9EP,23,13,10,15
GU5 9EQ,55,26,29,20
GU5 9ER,12,4,8,5
GU5 9ET,13,6,7,6
GU5 9EW,15,6,9,8
GU5 9HA,6,4,2,3
GU5 9HB,22,12,10,12
GU5 9HD,9,5,4,3
GU5 9HE,23,9,14,9
GU5 9HF,28,13,15,12
GU5 9HG,25,12,13,13
GU5 9HH,7,6,1,2
GU5 9HJ,12,6,6,5
GU5 9HL,6,3,3,3
GU5 9HN,13,6,7,6
GU5 9HP,94,44,50,37
GU5 9HQ,22,11,11,6
GU5 9HR,21,10,11,9
GU5 9HS,42,18,24,17
GU5 9HT,16,7,9,8
GU5 9HU,42,21,21,21
GU5 9HX,21,10,11,10
GU5 9HY,10,5,5,5
GU5 9HZ,17,11,6,8
GU5 9JA,30,13,17,12
GU5 9JB,12,4,8,4
GU5 9JD,5,2,3,2
GU5 9JE,45,24,21,17
GU5 9JF,20,8,12,12
GU5 9JG,24,13,11,10
GU5 9JH,28,15,13,11
GU5 9JJ,9,5,4,4
GU5 9JL,6,3,3,3
GU5 9JN,16,5,11,4
GU5 9JP,8,4,4,3
GU5 9JQ,34,14,20,11
GU5 9JR,3,1,2,2
GU5 9JT,7,2,5,2
GU5 9JU,17,5,12,13
GU5 9JW,14,8,6,4
GU5 9JY,51,23,28,22
GU5 9LA,8,5,3,4
GU5 9LB,4,2,2,2
GU5 9LD,4,3,1,3
GU5 9LE,4,2,2,1
GU5 9LF,24,10,14,11
GU5 9LG,2,1,1,1
GU5 9LH,30,14,16,11
GU5 9LL,42,20,22,19
GU5 9LN,5,3,2,3
GU5 9LP,13,5,8,3
GU5 9LQ,27,16,11,13
GU5 9LR,71,34,37,31
GU5 9LS,78,39,39,30
GU5 9LT,52,23,29,17
GU5 9LU,15,6,9,5
GU5 9LW,4,2,2,3
GU5 9LX,18,10,8,11
GU5 9LY,61,31,30,29
GU5 9LZ,67,34,33,32
GU5 9NA,25,12,13,10
GU5 9NB,111,56,55,37
GU5 9ND,8,4,4,4
GU5 9NL,9,3,6,4
GU5 9NP,29,12,17,9
GU5 9NY,36,19,17,16
GU5 9NZ,63,35,28,25
GU5 9PA,77,35,42,29
GU5 9PB,33,16,17,14
GU5 9PD,4,2,2,2
GU5 9PE,52,25,27,21
GU5 9PG,53,21,32,20
GU5 9QA,8,5,3,2
GU5 9QB,49,28,21,17
GU5 9QD,39,22,17,16
GU5 9QE,75,31,44,26
GU5 9QF,34,17,17,12
GU5 9QH,13,7,6,7
GU5 9QJ,14,2,12,5
GU5 9QL,5,2,3,2
GU5 9QN,12,6,6,5
GU5 9QQ,43,20,23,18
GU5 9QR,13,7,6,7
GU5 9QW,41,20,21,16
GU5 9RA,39,20,19,20
GU5 9RB,14,6,8,6
GU5 9RD,9,6,3,3
GU5 9RE,24,12,12,9
GU5 9RG,43,22,21,16
GU5 9RH,35,18,17,13
GU5 9RJ,47,21,26,17
GU5 9RL,46,20,26,14
GU5 9RN,18,10,8,7
GU5 9RP,4,2,2,3
GU5 9RQ,3,1,2,2
GU5 9RR,32,18,14,11
GU5 9RS,31,17,14,13
GU5 9RT,6,3,3,3
GU5 9RW,8,4,4,4
GU5 9SH,20,8,12,8
GU5 9SJ,15,6,9,7
GU5 9SL,25,12,13,10
GU5 9SN,12,5,7,5
GU5 9SP,11,7,4,4
GU5 9SR,42,23,19,13
GU5 9SS,40,22,18,15
GU5 9ST,6,2,4,4
GU5 9SU,6,3,3,2
GU5 9SW,64,32,32,28
GU5 9SX,34,18,16,15
GU5 9SY,3,1,2,1
GU5 9SZ,6,2,4,2
GU5 9TA,9,5,4,5
GU5 9TB,3,2,1,2
GU5 9TD,19,12,7,6
GU5 9TE,12,7,5,3
GU511AB,4,2,2,2
GU511AD,38,19,19,13
GU511AF,2,2,0,1
GU511AG,36,18,18,11
GU511AH,106,53,53,29
GU511AJ,24,10,14,11
GU511AL,85,44,41,30
GU511AN,103,52,51,36
GU511AP,22,13,9,6
GU511AQ,27,10,17,9
GU511AR,71,38,33,25
GU511AS,12,6,6,3
GU511AT,20,11,9,5
GU511AU,65,34,31,20
GU511AW,12,7,5,4
GU511AX,90,43,47,33
GU511AY,30,14,16,7
GU511AZ,19,9,10,10
GU511BA,9,5,4,3
GU511BB,21,11,10,12
GU511BD,32,16,16,11
GU511BE,71,35,36,24
GU511BF,75,34,41,22
GU511BG,13,6,7,5
GU511BH,13,7,6,3
GU511BJ,69,33,36,19
GU511BL,10,5,5,3
GU511BN,52,26,26,22
GU511BP,3,1,2,2
GU511BQ,11,6,5,4
GU511BS,10,6,4,3
GU511BT,5,2,3,2
GU511BU,64,31,33,28
GU511BW,56,29,27,17
GU511BX,4,1,3,1
GU511DA,42,18,24,24
GU511DB,54,23,31,16
GU511DD,53,21,32,20
GU511DE,46,23,23,14
GU511DF,16,12,4,4
GU511DG,9,6,3,3
GU511DH,21,11,10,5
GU511DJ,11,6,5,4
GU511DL,15,9,6,4
GU511DN,11,4,7,4
GU511DQ,13,5,8,4
GU511DR,21,10,11,9
GU511DS,41,20,21,16
GU511DU,76,36,40,29
GU511DW,34,12,22,8
GU511DX,71,42,29,27
GU511DY,127,64,63,41
GU511DZ,11,3,8,8
GU511EA,12,6,6,5
GU511EB,27,13,14,10
GU511ED,137,68,69,44
GU511EE,11,6,5,4
GU511EF,50,24,26,15
GU511EG,20,7,13,7
GU511EH,93,47,46,33
GU511EJ,152,68,84,46
GU511EL,105,48,57,42
GU511EN,28,9,19,9
GU511EP,24,12,12,7
GU511EQ,29,15,14,8
GU511ER,157,73,84,51
GU511ES,36,18,18,15
GU511ET,25,14,11,8
GU511EU,35,20,15,16
GU511EW,13,3,10,6
GU511EX,14,7,7,8
GU511EY,19,8,11,9
GU511GA,20,10,10,6
GU511GB,72,32,40,23
GU511GD,38,17,21,15
GU511GE,54,28,26,33
GU511GF,12,6,6,5
GU511GG,75,41,34,32
GU511GH,35,16,19,10
GU511GJ,28,17,11,10
GU511GL,112,53,59,41
GU511GN,11,5,6,3
GU511GP,16,7,9,4
GU511GQ,21,11,10,9
GU511GR,53,28,25,22
GU511HA,2,1,1,1
GU511HB,22,11,11,8
GU511HD,43,20,23,15
GU511HE,54,28,26,17
GU511HF,10,3,7,6
GU511HG,19,10,9,7
GU511HH,116,57,59,37
GU511HJ,43,22,21,13
GU511HL,113,60,53,45
GU511HN,61,30,31,20
GU511HP,23,12,11,6
GU511HQ,26,14,12,7
GU511HR,15,8,7,5
GU511HS,47,22,25,19
GU511HT,45,26,19,10
GU511HU,19,12,7,9
GU511HW,9,5,4,5
GU511HX,117,58,59,43
GU511HY,10,5,5,6
GU511HZ,6,4,2,4
GU511JA,55,29,26,13
GU511JB,17,9,8,6
GU511JD,120,55,65,34
GU511JE,10,6,4,6
GU511JF,13,7,6,6
GU511JG,11,5,6,3
GU511JH,44,25,19,19
GU511JJ,50,28,22,20
GU511JL,21,14,7,12
GU511JN,18,10,8,6
GU511JP,71,39,32,24
GU511JQ,11,4,7,3
GU511JR,39,24,15,15
GU511JS,21,7,14,6
GU511JT,23,13,10,9
GU511JU,33,18,15,12
GU511JW,16,8,8,4
GU511JX,11,6,5,6
GU511JY,17,10,7,9
GU511JZ,15,7,8,8
GU511LA,64,38,26,22
GU511LB,12,6,6,3
GU511LD,15,8,7,6
GU511LE,80,35,45,30
GU511LF,32,16,16,11
GU511LG,48,24,24,18
GU511LH,21,14,7,12
GU511RE,6,4,2,2
GU511RF,7,4,3,2
GU511RG,7,3,4,2
GU511RQ,6,4,2,2
GU512RA,46,23,23,16
GU512RB,4,2,2,2
GU512RF,14,8,6,5
GU512RH,86,52,34,51
GU512RJ,22,12,10,16
GU512RL,27,13,14,16
GU512RN,80,44,36,30
GU512RP,18,10,8,6
GU512RR,29,11,18,10
GU512RT,26,14,12,8
GU512RU,1,0,1,1
GU512RZ,42,23,19,27
GU512SE,2,1,1,1
GU512SF,1,1,0,1
GU512SH,4,3,1,1
GU512TA,95,45,50,30
GU512TB,76,38,38,24
GU512TD,38,20,18,19
GU512TE,60,32,28,32
GU512TF,35,19,16,19
GU512TG,68,35,33,24
GU512TH,107,58,49,39
GU512TJ,66,37,29,23
GU512TL,59,28,31,20
GU512TN,58,25,33,18
GU512TP,64,37,27,22
GU512TQ,14,8,6,5
GU512TR,20,10,10,7
GU512TS,26,12,14,9
GU512TT,57,31,26,22
GU512TU,41,19,22,14
GU512TW,20,8,12,8
GU512TX,38,18,20,12
GU512TY,26,13,13,8
GU512TZ,17,9,8,8
GU512UA,80,42,38,35
GU512UB,44,25,19,24
GU512UD,84,42,42,40
GU512UE,40,19,21,19
GU512UF,39,21,18,17
GU512UL,117,61,56,52
GU512UP,97,49,48,42
GU512UQ,58,30,28,20
GU512UR,57,32,25,25
GU512US,73,36,37,26
GU512UU,38,16,22,19
GU512UW,122,58,64,39
GU512UX,27,16,11,13
GU512UZ,1,1,0,1
GU512XA,30,18,12,13
GU512XB,43,17,26,21
GU512XE,63,28,35,31
GU512XF,28,17,11,13
GU512XH,30,18,12,17
GU512XJ,51,25,26,24
GU512XY,29,14,15,9
GU513AB,1,1,0,1
GU513AD,18,7,11,6
GU513AF,34,19,15,13
GU513AG,23,13,10,16
GU513AH,40,18,22,19
GU513AJ,18,8,10,7
GU513AL,52,26,26,33
GU513AN,63,29,34,28
GU513AP,46,22,24,16
GU513AQ,49,23,26,18
GU513AR,36,15,21,14
GU513AS,30,14,16,10
GU513AT,42,22,20,15
GU513AW,81,30,51,16
GU513AX,119,61,58,43
GU513AY,56,30,26,22
GU513AZ,59,27,32,22
GU513BA,65,38,27,25
GU513BB,20,9,11,7
GU513BD,33,19,14,14
GU513BE,28,15,13,12
GU513BF,77,36,41,27
GU513BG,45,12,33,36
GU513BH,45,22,23,17
GU513BJ,63,32,31,25
GU513BL,3,2,1,1
GU513BN,2,1,1,2
GU513BS,54,27,27,23
GU513BU,12,11,1,7
GU513BX,16,10,6,7
GU513BY,19,11,8,6
GU513BZ,17,9,8,7
GU513DA,38,19,19,15
GU513DB,84,42,42,30
GU513DD,11,6,5,6
GU513DE,52,27,25,23
GU513DF,64,29,35,24
GU513DG,85,42,43,38
GU513DN,17,9,8,6
GU513DP,7,4,3,4
GU513DR,41,20,21,13
GU513DS,18,10,8,7
GU513DT,22,13,9,9
GU513DU,62,27,35,23
GU513DW,14,5,9,5
GU513DX,73,36,37,26
GU513DY,37,19,18,17
GU513DZ,71,39,32,30
GU513EA,44,19,25,19
GU513EB,31,16,15,13
GU513ED,50,24,26,20
GU513EE,25,11,14,10
GU513EG,79,31,48,31
GU513EH,22,11,11,8
GU513EJ,9,5,4,3
GU513EL,30,16,14,16
GU513EN,31,15,16,12
GU513EP,24,13,11,9
GU513EQ,64,30,34,25
GU513ER,55,28,27,24
GU513ES,47,22,25,19
GU513ET,11,7,4,4
GU513EU,79,38,41,33
GU513EW,34,15,19,11
GU513EX,27,10,17,7
GU513EY,45,21,24,17
GU513EZ,12,8,4,4
GU513FE,10,5,5,6
GU513FH,8,4,4,2
GU513FN,6,2,4,4
GU513FT,75,40,35,30
GU513GX,4,1,3,2
GU513GY,73,34,39,33
GU513GZ,56,26,30,25
GU513HA,20,11,9,10
GU513HD,58,31,27,26
GU513HE,32,16,16,13
GU513HF,13,7,6,5
GU513HJ,24,11,13,8
GU513HL,63,28,35,22
GU513HN,62,23,39,26
GU513HP,43,22,21,22
GU513HR,54,26,28,24
GU513HS,27,11,16,14
GU513HT,32,16,16,14
GU513HU,3,2,1,1
GU513HW,120,61,59,40
GU513HY,44,25,19,18
GU513HZ,28,15,13,9
GU513JB,80,40,40,33
GU513JD,11,3,8,4
GU513JE,35,19,16,14
GU513JF,54,27,27,21
GU513JG,6,2,4,3
GU513JH,12,6,6,5
GU513JJ,51,26,25,22
GU513JL,19,12,7,6
GU513JN,16,8,8,6
GU513JP,51,26,25,26
GU513JR,17,7,10,10
GU513JT,31,17,14,12
GU513JW,22,14,8,9
GU513LA,3,3,0,2
GU513LE,34,18,16,13
GU513LG,34,21,13,10
GU513LH,25,13,12,8
GU513LJ,44,21,23,16
GU513LL,108,53,55,45
GU513LN,56,28,28,18
GU513LP,120,61,59,45
GU513LQ,44,22,22,21
GU513LR,27,13,14,10
GU513LS,17,12,5,11
GU513LT,37,19,18,13
GU513LU,77,35,42,31
GU513LW,53,29,24,18
GU513LX,25,13,12,8
GU513LY,88,47,41,27
GU513LZ,54,27,27,23
GU513NA,40,24,16,13
GU513NB,42,21,21,14
GU513ND,31,17,14,9
GU513NE,120,69,51,38
GU513NF,72,34,38,27
GU513NG,11,6,5,5
GU513NH,41,19,22,12
GU513NJ,6,5,1,5
GU513NL,50,28,22,17
GU513NN,23,11,12,11
GU513NP,15,7,8,6
GU513NQ,28,12,16,11
GU513NR,56,28,28,24
GU513NS,93,46,47,41
GU513NU,67,33,34,24
GU513NW,81,43,38,31
GU513NX,4,3,1,2
GU513PB,15,7,8,6
GU513PE,28,16,12,18
GU513PF,14,7,7,6
GU513PH,31,13,18,15
GU513PJ,11,6,5,5
GU513PL,54,27,27,19
GU513PP,54,29,25,24
GU513PR,18,10,8,7
GU513PS,105,58,47,37
GU513PT,55,30,25,21
GU513PU,37,22,15,14
GU513PW,13,6,7,4
GU513PX,21,6,15,17
GU513PY,103,56,47,40
GU513PZ,36,17,19,15
GU513QA,32,14,18,12
GU513QB,6,2,4,4
GU513QD,31,15,16,14
GU513QE,87,49,38,37
GU513QF,24,12,12,8
GU513QH,16,8,8,8
GU513QQ,14,6,8,5
GU513QR,51,24,27,18
GU513QS,47,24,23,19
GU513QU,37,22,15,24
GU513QW,3,2,1,1
GU513QX,94,43,51,37
GU513RA,81,45,36,33
GU513RB,37,19,18,17
GU513RD,19,10,9,9
GU513RE,82,39,43,31
GU513RF,37,18,19,15
GU513RG,20,9,11,12
GU513RL,61,32,29,29
GU513RN,65,38,27,29
GU513RP,67,37,30,30
GU513RQ,32,16,16,10
GU513RR,30,15,15,17
GU513RS,88,44,44,36
GU513RT,10,5,5,4
GU513RU,18,8,10,7
GU513RX,14,8,6,8
GU513RY,71,34,37,27
GU513RZ,94,48,46,35
GU513SD,7,3,4,5
GU513SG,23,13,10,12
GU513SH,32,10,22,27
GU513SJ,115,60,55,60
GU513SL,6,3,3,3
GU513UD,5,4,1,5
GU513US,8,4,4,6
GU513XB,41,21,20,19
GU513XD,35,13,22,12
GU513XE,42,25,17,14
GU513XF,35,17,18,13
GU513XP,21,11,10,8
GU513XR,41,22,19,17
GU513XS,20,8,12,17
GU513XT,53,31,22,35
GU513XX,36,13,23,31
GU513XY,23,13,10,16
GU513XZ,22,10,12,19
GU513YA,24,10,14,15
GU513YD,7,5,2,4
GU513YE,20,11,9,15
GU513YF,7,3,4,5
GU513YG,25,14,11,12
GU513YL,63,26,37,38
GU513YR,11,5,6,6
GU513YU,43,22,21,17
GU513YX,11,4,7,6
GU513YY,14,9,5,4
GU513YZ,12,7,5,8
GU514AD,6,2,4,2
GU514AG,6,3,3,2
GU514AH,29,14,15,10
GU514AJ,10,4,6,3
GU514AQ,24,11,13,8
GU514AW,9,6,3,0
GU514BE,7,4,3,3
GU514BG,15,10,5,8
GU514BQ,11,7,4,5
GU514BU,19,11,8,8
GU514BX,1,1,0,1
GU514BY,13,8,5,6
GU514DD,1,0,1,1
GU514DH,20,9,11,10
GU514DJ,4,0,4,4
GU514DL,16,8,8,7
GU514DN,68,30,38,27
GU514DW,59,29,30,24
GU514ED,23,11,12,9
GU514EE,87,41,46,32
GU514EF,10,4,6,4
GU514EG,70,38,32,31
GU514EH,77,40,37,25
GU514EJ,64,34,30,22
GU514EL,49,25,24,21
GU514EN,35,15,20,14
GU514EP,15,6,9,5
GU514EQ,58,31,27,21
GU514ER,12,7,5,5
GU514ES,21,10,11,8
GU514ET,35,16,19,14
GU514EU,18,11,7,7
GU514EW,38,18,20,11
GU514EX,15,8,7,6
GU514EY,98,45,53,38
GU514EZ,88,44,44,36
GU514HA,70,37,33,27
GU514HB,35,16,19,14
GU514HD,77,41,36,29
GU514HE,106,50,56,37
GU514HF,16,7,9,7
GU514HG,109,57,52,39
GU514HH,5,3,2,3
GU514HJ,41,19,22,18
GU514HL,14,7,7,6
GU514HN,14,8,6,5
GU514HP,25,13,12,8
GU514HQ,39,15,24,14
GU514HR,31,16,15,12
GU514HS,19,9,10,7
GU514HT,23,11,12,7
GU514HU,23,10,13,7
GU514HW,18,8,10,7
GU514JB,20,9,11,6
GU514JD,33,15,18,10
GU514JE,17,7,10,8
GU514JF,10,3,7,9
GU514JG,23,7,16,18
GU514JH,51,21,30,17
GU514JJ,37,18,19,13
GU514JN,15,6,9,6
GU514JR,10,4,6,3
GU514JS,22,12,10,10
GU514JT,49,19,30,33
GU514JU,53,23,30,30
GU514JW,35,17,18,11
GU514JY,7,3,4,3
GU514JZ,38,13,25,28
GU514LA,22,10,12,7
GU514LB,8,3,5,3
GU514LD,38,6,32,0
GU514LE,30,13,17,11
GU514LF,26,15,11,8
GU514LG,89,33,56,32
GU514LH,29,14,15,9
GU514LJ,34,17,17,13
GU514LL,14,8,6,5
GU514LN,21,10,11,7
GU514LP,17,7,10,7
GU514LR,37,17,20,14
GU514LS,25,14,11,9
GU514LT,5,2,3,1
GU514LU,3,0,3,3
GU514LW,14,6,8,5
GU514LY,45,23,22,16
GU514NA,30,12,18,14
GU514NB,102,31,71,14
GU514ND,20,5,15,12
GU514NF,11,4,7,6
GU514NG,79,45,34,26
GU514NH,23,9,14,8
GU514NJ,26,13,13,20
GU514NL,23,14,9,9
GU514NN,42,23,19,12
GU514NP,34,14,20,13
GU514NQ,27,12,15,11
GU514NR,17,8,9,7
GU514NS,29,17,12,11
GU514NT,69,31,38,32
GU514NU,53,29,24,28
GU514NW,30,16,14,11
GU514NX,55,21,34,25
GU514NY,12,5,7,5
GU514PA,15,9,6,7
GU514PB,31,14,17,14
GU514PP,26,13,13,12
GU514PR,68,32,36,22
GU514PS,44,20,24,13
GU514PT,35,18,17,17
GU514PU,19,12,7,9
GU514PW,5,2,3,3
GU514PX,29,12,17,11
GU514PY,49,24,25,25
GU514PZ,10,4,6,6
GU514QA,24,10,14,15
GU514QB,36,18,18,17
GU514QD,22,10,12,8
GU514QE,18,11,7,7
GU514QF,63,34,29,34
GU514QG,11,6,5,5
GU514QH,18,9,9,11
GU514QJ,8,2,6,5
GU514QL,23,13,10,7
GU514QN,12,8,4,9
GU514QP,33,17,16,11
GU514QQ,23,13,10,12
GU514QR,25,12,13,9
GU514QS,8,4,4,3
GU514QU,9,4,5,3
GU514QW,23,15,8,7
GU514QX,38,18,20,11
GU514SN,23,10,13,14
GU514SP,8,4,4,5
GU514SR,17,9,8,13
GU514SS,44,12,32,31
GU514ST,22,7,15,16
GU514SU,9,5,4,7
GU514SW,16,7,9,13
GU514SX,45,17,28,34
GU514YY,15,6,9,12
GU515AF,7,3,4,5
GU515AG,2,1,1,2
GU515AL,76,39,37,23
GU515AN,91,45,46,29
GU515AP,69,32,37,24
GU515AQ,3,1,2,2
GU515AR,71,36,35,25
GU515AS,24,11,13,10
GU515AT,79,42,37,32
GU515AU,59,28,31,21
GU515AW,60,26,34,22
GU515AX,59,24,35,25
GU515AY,103,47,56,36
GU515AZ,65,33,32,23
GU515BA,77,32,45,27
GU515BD,3,1,2,2
GU515BE,17,8,9,5
GU515DH,14,8,6,4
GU515DP,23,11,12,9
GU515DR,3,3,0,1
GU515DS,8,4,4,4
GU515DT,52,27,25,18
GU515DU,14,8,6,5
GU515DX,35,21,14,16
GU515DY,14,5,9,7
GU515DZ,23,11,12,7
GU515EB,109,65,44,44
GU515HU,131,66,65,68
GU515HX,18,10,8,5
GU515HZ,12,5,7,4
GU515JL,14,8,6,5
GU515JP,33,17,16,12
GU515NH,36,17,19,14
GU515NJ,27,15,12,9
GU515NL,61,34,27,19
GU515NN,85,47,38,30
GU515NP,66,31,35,24
GU515NR,65,29,36,33
GU515NS,48,21,27,22
GU515NW,95,45,50,38
GU515PT,49,23,26,18
GU515QG,8,4,4,2
GU515QH,5,4,1,5
GU515RU,13,6,7,6
GU515RX,4,2,2,1
GU515SA,15,7,8,7
GU515SB,48,21,27,17
GU515SD,39,17,22,16
GU515SE,15,9,6,6
GU515SF,15,8,7,8
GU515SG,25,11,14,11
GU515SH,36,17,19,13
GU515SJ,34,16,18,14
GU515SL,23,11,12,17
GU515SN,35,18,17,12
GU515SP,21,8,13,11
GU515SQ,11,6,5,5
GU515SR,6,3,3,4
GU515SS,79,39,40,26
GU515ST,8,5,3,3
GU515SU,54,24,30,21
GU515SW,95,49,46,34
GU515SX,7,3,4,4
GU515SY,21,8,13,8
GU515SZ,12,6,6,4
GU515TA,19,8,11,8
GU515TB,65,36,29,38
GU515TS,49,23,26,22
GU515TT,71,37,34,38
GU515TU,68,38,30,29
GU515TX,64,28,36,23
GU515TY,152,71,81,57
GU515TZ,99,50,49,34
GU515YZ,29,18,11,11
GU520PY,31,17,14,10
GU520RA,7,3,4,2
GU520RB,5,1,4,2
GU520RD,5,3,2,1
GU520RE,4,3,1,2
GU520RF,8,4,4,3
GU520RG,27,14,13,12
GU520RL,8,4,4,4
GU520RN,42,19,23,16
GU520RQ,33,17,16,11
GU520RW,66,28,38,26
GU520TD,34,18,16,11
GU520TE,47,24,23,14
GU520TF,39,22,17,12
GU520TN,13,5,8,6
GU520TP,191,99,92,65
GU520TW,67,35,32,19
GU520UA,60,30,30,24
GU520UR,49,24,25,23
GU520UT,111,59,52,34
GU520XB,167,79,88,62
GU520XD,35,14,21,11
GU520XH,33,18,15,14
GU520XL,32,14,18,12
GU520XN,34,19,15,15
GU520XT,13,8,5,5
GU520XU,69,37,32,20
GU520XY,3,1,2,1
GU520XZ,17,8,9,9
GU520YA,128,66,62,44
GU520YB,127,61,66,63
GU520YD,23,12,11,12
GU520YE,33,17,16,20
GU520YH,51,22,29,28
GU520YJ,154,87,67,51
GU520YL,98,42,56,49
GU520YN,92,41,51,32
GU520YP,7,3,4,3
GU520YQ,100,47,53,48
GU520YS,32,14,18,20
GU520YT,70,35,35,32
GU520YW,13,7,6,4
GU520YY,26,13,13,13
GU520YZ,20,7,13,8
GU520ZD,25,9,16,8
GU520ZE,14,6,8,8
GU520ZF,37,20,17,13
GU520ZG,69,30,39,32
GU520ZQ,51,26,25,18
GU526AB,24,11,13,14
GU526AD,13,7,6,5
GU526AE,129,56,73,48
GU526AG,30,14,16,14
GU526AH,15,7,8,7
GU526AJ,51,25,26,18
GU526AL,23,11,12,12
GU526AN,34,17,17,14
GU526AP,37,19,18,15
GU526AQ,41,19,22,15
GU526AR,29,12,17,15
GU526AS,26,13,13,10
GU526AT,12,7,5,6
GU526AU,27,14,13,11
GU526AW,70,36,34,24
GU526AX,61,28,33,22
GU526AY,65,30,35,25
GU526AZ,79,37,42,28
GU526BA,90,42,48,32
GU526BB,49,24,25,23
GU526BD,24,15,9,11
GU526BE,17,8,9,6
GU526BG,37,18,19,14
GU526BH,65,27,38,26
GU526BJ,14,4,10,8
GU526BL,17,9,8,5
GU526BN,67,31,36,33
GU526BP,39,21,18,14
GU526BQ,106,51,55,36
GU526BT,76,32,44,39
GU526BW,14,7,7,6
GU526DG,45,24,21,15
GU526DH,39,20,19,13
GU526DJ,28,11,17,13
GU526DN,61,32,29,22
GU526DQ,45,23,22,13
GU526DR,15,8,7,6
GU526DS,17,7,10,6
GU526DT,11,6,5,4
GU526DW,34,13,21,14
GU526DX,70,33,37,30
GU526EA,99,42,57,36
GU526EB,30,15,15,13
GU526ED,51,23,28,21
GU526EE,21,12,9,9
GU526EF,70,33,37,30
GU526EG,32,13,19,12
GU526ER,9,5,4,4
GU526ES,54,24,30,25
GU526ET,36,19,17,18
GU526EX,42,19,23,24
GU526HA,48,22,26,21
GU526HB,55,27,28,20
GU526HD,23,11,12,7
GU526HE,47,25,22,17
GU526HF,23,10,13,13
GU526HG,47,24,23,18
GU526HH,18,10,8,16
GU526HJ,37,19,18,13
GU526HL,56,26,30,21
GU526HN,20,11,9,16
GU526HP,59,34,25,16
GU526HQ,32,16,16,16
GU526HR,108,48,60,36
GU526HS,53,23,30,18
GU526HT,57,30,27,24
GU526HU,57,25,32,18
GU526HW,26,15,11,8
GU526HX,29,16,13,12
GU526HY,48,24,24,22
GU526HZ,58,26,32,22
GU526JA,31,11,20,13
GU526JB,48,27,21,17
GU526JD,35,16,19,12
GU526JE,1,1,0,1
GU526JF,70,31,39,26
GU526JG,27,12,15,11
GU526JH,46,24,22,18
GU526JJ,12,6,6,6
GU526JL,78,41,37,29
GU526JN,10,6,4,3
GU526JP,20,10,10,9
GU526JQ,37,16,21,13
GU526JW,24,12,12,7
GU526LD,41,21,20,16
GU526LF,41,18,23,17
GU526LG,50,26,24,20
GU526LH,41,23,18,15
GU526LJ,85,45,40,25
GU526LL,30,15,15,12
GU526LN,114,55,59,44
GU526LP,35,17,18,16
GU526LQ,72,36,36,28
GU526LR,75,31,44,23
GU526LS,44,25,19,20
GU526LT,26,13,13,12
GU526LU,72,37,35,23
GU526LW,22,8,14,9
GU526LX,102,49,53,28
GU526LY,64,27,37,27
GU526LZ,44,21,23,16
GU526NB,26,12,14,10
GU526ND,30,13,17,23
GU526NG,87,50,37,56
GU526NQ,108,55,53,56
GU526NT,14,9,5,7
GU526NU,85,43,42,41
GU526NX,82,35,47,32
GU526NY,30,15,15,10
GU526NZ,17,5,12,5
GU526PA,67,33,34,26
GU526PB,54,26,28,22
GU526PD,32,18,14,11
GU526PE,24,11,13,10
GU526PF,42,20,22,16
GU526PH,41,20,21,15
GU526PJ,10,4,6,5
GU526PL,24,13,11,7
GU526PN,75,40,35,28
GU526PP,29,15,14,8
GU526PQ,44,22,22,16
GU526PS,18,8,10,16
GU526PU,19,8,11,8
GU526PW,96,42,54,32
GU526PX,10,4,6,4
GU526PZ,67,34,33,23
GU526QA,17,5,12,5
GU526QD,19,7,12,7
GU526QE,43,19,24,14
GU526QF,5,2,3,2
GU526QG,35,20,15,13
GU526QJ,29,15,14,12
GU526QL,32,13,19,25
GU526QN,34,13,21,23
GU526QP,42,16,26,28
GU526QQ,36,19,17,15
GU526QR,30,14,16,21
GU526QS,12,5,7,4
GU526QT,34,17,17,15
GU526QU,85,46,39,36
GU526QW,38,16,22,25
GU526QY,30,15,15,13
GU526QZ,43,20,23,13
GU526RP,20,6,14,8
GU526RR,9,2,7,3
GU526RS,43,20,23,18
GU526RT,13,7,6,5
GU526RU,92,46,46,31
GU526RW,7,3,4,4
GU526RX,45,26,19,22
GU526RY,9,4,5,4
GU526TB,122,63,59,40
GU526TE,41,21,20,16
GU526TF,44,23,21,17
GU526TG,73,34,39,32
GU526TH,33,17,16,15
GU526TJ,28,16,12,9
GU526TL,25,12,13,14
GU526TN,7,2,5,3
GU526TQ,60,32,28,21
GU526TR,42,21,21,13
GU526TW,20,11,9,8
GU526US,46,26,20,24
GU526XS,15,6,9,9
GU526XW,6,3,3,4
GU526YF,20,10,10,11
GU526YG,62,30,32,21
GU526YR,57,31,26,17
GU526ZA,52,25,27,19
GU526ZB,29,12,17,14
GU527JX,13,7,6,5
GU527JY,31,17,14,14
GU527JZ,70,39,31,24
GU527LA,60,25,35,20
GU527LB,77,37,40,31
GU527LD,46,25,21,17
GU527LE,59,29,30,24
GU527LJ,46,26,20,14
GU527LL,57,28,29,25
GU527LN,35,20,15,14
GU527LP,25,17,8,10
GU527LR,58,29,29,26
GU527LS,36,15,21,17
GU527LT,55,29,26,24
GU527LU,27,15,12,8
GU527LW,98,53,45,35
GU527LX,19,12,7,8
GU527LY,4,2,2,2
GU527LZ,15,7,8,6
GU527NA,33,14,19,15
GU527NB,132,68,64,48
GU527PR,17,4,13,8
GU527QL,34,20,14,18
GU527QP,26,14,12,13
GU527RH,14,6,8,3
GU527RX,11,5,6,6
GU527RZ,52,28,24,19
GU527SA,28,12,16,14
GU527SB,25,11,14,16
GU527SD,15,5,10,4
GU527SE,66,32,34,26
GU527SF,75,34,41,29
GU527SG,50,26,24,17
GU527SH,44,23,21,16
GU527SJ,82,38,44,33
GU527SL,84,43,41,30
GU527SN,36,16,20,16
GU527SP,44,23,21,17
GU527SQ,92,46,46,34
GU527SR,29,12,17,15
GU527SS,34,15,19,10
GU527ST,97,53,44,34
GU527SU,37,19,18,20
GU527SW,35,16,19,15
GU527SX,91,46,45,33
GU527SY,14,9,5,6
GU527SZ,40,21,19,15
GU527TA,73,36,37,27
GU527TB,84,41,43,32
GU527TD,37,18,19,12
GU527TE,7,3,4,4
GU527TF,1,0,1,1
GU527TP,52,28,24,23
GU527TR,39,22,17,14
GU527TS,22,11,11,10
GU527TT,65,33,32,20
GU527TU,27,13,14,9
GU527TX,74,37,37,23
GU527TY,40,18,22,13
GU527TZ,17,9,8,6
GU527UA,21,13,8,8
GU527UB,11,5,6,3
GU527UD,20,9,11,7
GU527UE,52,29,23,20
GU527UF,46,25,21,20
GU527UG,40,22,18,16
GU527UH,8,6,2,5
GU527UJ,26,12,14,16
GU527UL,23,12,11,9
GU527UN,39,20,19,22
GU527UP,26,11,15,13
GU527UQ,44,25,19,17
GU527UR,47,23,24,18
GU527UT,73,33,40,26
GU527UU,47,23,24,21
GU527UW,22,8,14,12
GU527UX,24,14,10,8
GU527UY,42,19,23,21
GU527UZ,32,15,17,15
GU527XD,58,30,28,28
GU527XE,90,47,43,37
GU527XF,59,28,31,23
GU527XG,66,31,35,25
GU527XQ,50,26,24,20
GU527YD,20,13,7,7
GU528AD,6,4,2,1
GU528BF,5,2,3,1
GU528BS,12,7,5,8
GU528BX,28,14,14,13
GU528BY,90,47,43,34
GU528BZ,19,9,10,10
GU528DA,14,6,8,7
GU528DB,1,1,0,1
GU528DE,72,38,34,28
GU528DF,10,5,5,4
GU528DL,44,22,22,18
GU528DU,8,4,4,3
GU528DY,5,2,3,3
GU528DZ,2,1,1,1
GU528ED,2,2,0,1
GU528EH,28,15,13,13
GU528EJ,77,21,56,11
GU528EN,13,6,7,4
GU528EQ,60,31,29,25
GU528EW,5,5,0,1
GU528EY,68,36,32,24
GU528EZ,78,43,35,24
GU528JA,7,3,4,4
GU528JS,86,42,44,32
GU528JT,19,10,9,10
GU528JU,10,5,5,4
GU528JX,39,22,17,18
GU528JY,42,25,17,15
GU528JZ,62,32,30,22
GU528LA,45,19,26,15
GU528LB,53,25,28,22
GU528LD,9,4,5,6
GU528LE,4,1,3,2
GU528LF,36,16,20,14
GU528LG,58,26,32,18
GU528LJ,19,10,9,11
GU528NS,69,39,30,29
GU528QX,14,6,8,4
GU528TG,135,75,60,34
GU528TH,154,65,89,48
GU528TJ,137,66,71,41
GU528TQ,128,62,66,32
GU528UD,123,58,65,38
GU528UE,178,89,89,52
GU528UF,105,52,53,31
GU528UG,62,30,32,20
GU528UH,35,19,16,12
GU528UJ,30,16,14,8
GU528UL,33,15,18,20
GU528UN,50,27,23,22
GU528UP,28,15,13,9
GU528UQ,35,18,17,12
GU528UW,39,18,21,14
GU528UY,68,33,35,23
GU528UZ,8,4,4,3
GU528XE,27,12,15,17
GU528XF,39,21,18,22
GU528XG,91,40,51,50
GU528XQ,29,14,15,10
GU529EP,2,2,0,1
GU6 7AA,7,4,3,4
GU6 7AB,8,4,4,8
GU6 7AD,14,6,8,8
GU6 7AE,25,9,16,13
GU6 7AF,5,1,4,4
GU6 7AG,15,8,7,6
GU6 7AH,36,16,20,14
GU6 7AJ,91,49,42,30
GU6 7AL,18,6,12,14
GU6 7AN,56,34,22,23
GU6 7AP,4,1,3,4
GU6 7AQ,74,35,39,29
GU6 7AR,53,26,27,23
GU6 7AS,107,52,55,43
GU6 7AT,101,50,51,49
GU6 7AU,35,16,19,19
GU6 7AW,19,5,14,15
GU6 7AX,85,45,40,39
GU6 7AY,28,13,15,11
GU6 7AZ,37,17,20,12
GU6 7BA,4,2,2,3
GU6 7BB,33,12,21,2
GU6 7BD,43,24,19,28
GU6 7BE,52,20,32,21
GU6 7BF,33,19,14,10
GU6 7BG,54,28,26,22
GU6 7BH,11,4,7,6
GU6 7BJ,8,4,4,5
GU6 7BL,48,23,25,25
GU6 7BN,43,20,23,17
GU6 7BP,52,26,26,23
GU6 7BQ,105,46,59,37
GU6 7BS,29,13,16,16
GU6 7BT,41,22,19,15
GU6 7BU,32,14,18,12
GU6 7BW,25,14,11,12
GU6 7BX,44,20,24,23
GU6 7BY,67,34,33,33
GU6 7BZ,40,19,21,15
GU6 7DA,9,4,5,4
GU6 7DB,79,39,40,28
GU6 7DD,97,50,47,37
GU6 7DE,26,12,14,11
GU6 7DF,57,32,25,22
GU6 7DG,30,14,16,10
GU6 7DH,36,20,16,12
GU6 7DJ,71,33,38,29
GU6 7DL,2,2,0,1
GU6 7DN,18,9,9,7
GU6 7DP,26,13,13,8
GU6 7DQ,12,5,7,8
GU6 7DR,40,21,19,14
GU6 7DS,60,34,26,21
GU6 7DT,30,15,15,12
GU6 7DU,46,23,23,26
GU6 7DW,66,34,32,25
GU6 7DX,17,11,6,16
GU6 7DY,97,55,42,55
GU6 7DZ,10,6,4,6
GU6 7EB,38,19,19,16
GU6 7ED,85,37,48,31
GU6 7EE,6,2,4,3
GU6 7EF,38,19,19,16
GU6 7EG,76,33,43,33
GU6 7EH,28,14,14,24
GU6 7EJ,14,9,5,5
GU6 7EL,87,47,40,30
GU6 7EN,80,38,42,30
GU6 7EP,40,23,17,17
GU6 7EQ,64,33,31,31
GU6 7ER,81,40,41,29
GU6 7ES,51,26,25,16
GU6 7ET,12,7,5,4
GU6 7EU,44,23,21,19
GU6 7EW,53,27,26,26
GU6 7EX,26,13,13,9
GU6 7EY,56,27,29,20
GU6 7EZ,19,12,7,6
GU6 7FL,5,1,4,4
GU6 7FN,126,57,69,46
GU6 7FP,76,35,41,21
GU6 7FQ,40,20,20,12
GU6 7FR,19,8,11,9
GU6 7GW,9,4,5,4
GU6 7HA,39,15,24,17
GU6 7HB,27,11,16,15
GU6 7HD,60,34,26,22
GU6 7HE,56,30,26,22
GU6 7HG,71,33,38,29
GU6 7HH,75,39,36,30
GU6 7HJ,70,34,36,30
GU6 7HL,46,24,22,17
GU6 7HN,41,20,21,19
GU6 7HP,30,15,15,13
GU6 7HR,70,34,36,29
GU6 7HS,40,22,18,18
GU6 7HT,9,3,6,4
GU6 7HU,54,29,25,18
GU6 7HW,33,12,21,15
GU6 7HX,9,4,5,6
GU6 7HY,68,31,37,27
GU6 7HZ,56,26,30,22
GU6 7JA,32,14,18,14
GU6 7JB,37,17,20,28
GU6 7JD,5,1,4,3
GU6 7JG,15,5,10,10
GU6 7JH,96,54,42,49
GU6 7JJ,45,22,23,24
GU6 7JL,59,29,30,27
GU6 7JN,23,11,12,12
GU6 7JP,24,12,12,9
GU6 7JQ,74,39,35,29
GU6 7JR,17,10,7,5
GU6 7JS,96,47,49,38
GU6 7JT,52,24,28,22
GU6 7JU,36,19,17,14
GU6 7JW,43,15,28,15
GU6 7JX,90,43,47,37
GU6 7JY,2,1,1,1
GU6 7JZ,98,50,48,33
GU6 7LA,14,7,7,5
GU6 7LB,5,4,1,2
GU6 7LD,27,13,14,11
GU6 7LE,35,18,17,12
GU6 7LF,60,25,35,30
GU6 7LG,101,48,53,41
GU6 7LH,71,33,38,28
GU6 7LJ,28,13,15,11
GU6 7LL,43,21,22,16
GU6 7LN,55,29,26,19
GU6 7LP,6,3,3,4
GU6 7LQ,35,18,17,14
GU6 7LR,11,6,5,4
GU6 7LS,36,18,18,16
GU6 7LT,74,38,36,27
GU6 7LU,55,27,28,25
GU6 7LW,54,29,25,19
GU6 7LX,41,20,21,18
GU6 7LY,67,35,32,25
GU6 7LZ,44,24,20,19
GU6 7NA,7,4,3,6
GU6 7NB,36,17,19,18
GU6 7ND,33,20,13,12
GU6 7NG,30,17,13,11
GU6 7NH,45,19,26,15
GU6 7NJ,19,7,12,11
GU6 7NL,9,5,4,5
GU6 7NN,28,12,16,10
GU6 7NP,38,14,24,14
GU6 7NR,48,25,23,18
GU6 7NS,7,5,2,0
GU6 7NT,10,4,6,4
GU6 7NU,13,6,7,4
GU6 7NW,17,6,11,5
GU6 7NX,14,5,9,4
GU6 7PB,17,9,8,7
GU6 7PE,15,7,8,9
GU6 7PF,22,10,12,7
GU6 7PG,11,5,6,6
GU6 7PJ,19,9,10,5
GU6 7PL,35,18,17,16
GU6 7PN,15,7,8,5
GU6 7PP,9,5,4,4
GU6 7PQ,20,8,12,8
GU6 7PT,13,6,7,5
GU6 7PU,18,8,10,10
GU6 7PW,1,0,1,1
GU6 7PX,63,33,30,19
GU6 7PY,55,24,31,33
GU6 7PZ,52,25,27,29
GU6 7QA,42,18,24,19
GU6 7QB,83,33,50,30
GU6 7QD,21,8,13,12
GU6 7QF,35,15,20,15
GU6 7QG,2,1,1,1
GU6 7QH,33,16,17,12
GU6 7QJ,38,17,21,15
GU6 7QL,6,2,4,2
GU6 7QN,32,18,14,13
GU6 7QP,54,27,27,18
GU6 7QQ,38,15,23,13
GU6 7QR,30,11,19,13
GU6 7QS,29,17,12,12
GU6 7QT,10,4,6,7
GU6 7QU,90,35,55,44
GU6 7QW,56,26,30,22
GU6 7QY,37,21,16,14
GU6 7QZ,4,2,2,2
GU6 7RA,13,4,9,4
GU6 7RB,2,1,1,2
GU6 7RD,14,8,6,5
GU6 7RE,4,2,2,2
GU6 7RF,30,17,13,12
GU6 7RG,24,11,13,11
GU6 7RH,42,20,22,17
GU6 7RJ,37,16,21,18
GU6 7RL,6,2,4,3
GU6 7RN,52,23,29,24
GU6 7RP,13,7,6,5
GU6 7RQ,8,4,4,5
GU6 7RR,55,23,32,26
GU6 7RS,6,2,4,2
GU6 7RT,21,9,12,11
GU6 7RU,7,4,3,3
GU6 7RW,55,24,31,27
GU6 7RX,40,20,20,15
GU6 7RY,9,4,5,5
GU6 7SA,25,11,14,8
GU6 7SB,2,1,1,1
GU6 7SE,3,1,2,2
GU6 7SG,63,31,32,24
GU6 7SH,3,1,2,1
GU6 7SJ,37,16,21,14
GU6 7SL,12,5,7,5
GU6 7SN,12,6,6,5
GU6 7SP,20,10,10,7
GU6 7SQ,33,16,17,13
GU6 7SR,20,11,9,9
GU6 7SS,24,10,14,10
GU6 7SW,54,27,27,23
GU6 7TA,4,2,2,3
GU6 7UB,20,5,15,18
GU6 7UN,8,2,6,2
GU6 8AE,10,5,5,7
GU6 8AF,8,6,2,5
GU6 8AG,9,5,4,4
GU6 8AH,10,8,2,3
GU6 8AJ,8,5,3,4
GU6 8AP,3,3,0,1
GU6 8AR,17,6,11,14
GU6 8AS,15,7,8,10
GU6 8AT,1,1,0,1
GU6 8AU,19,10,9,6
GU6 8BA,5,3,2,3
GU6 8BB,2,1,1,1
GU6 8BF,28,11,17,20
GU6 8BH,45,19,26,26
GU6 8BJ,47,25,22,18
GU6 8BL,31,15,16,13
GU6 8BN,14,7,7,8
GU6 8BP,59,28,31,24
GU6 8BS,57,27,30,25
GU6 8BT,52,26,26,25
GU6 8BU,41,18,23,15
GU6 8BW,79,41,38,32
GU6 8BX,44,21,23,19
GU6 8BY,24,11,13,7
GU6 8BZ,80,41,39,29
GU6 8DA,52,25,27,22
GU6 8DB,26,13,13,10
GU6 8DD,3,2,1,2
GU6 8DE,114,57,57,42
GU6 8DF,26,14,12,11
GU6 8DG,23,12,11,10
GU6 8DH,54,25,29,25
GU6 8DJ,13,4,9,6
GU6 8DN,4,2,2,2
GU6 8DP,10,4,6,3
GU6 8DQ,23,10,13,10
GU6 8DR,6,3,3,2
GU6 8DS,39,18,21,17
GU6 8DT,42,20,22,14
GU6 8DU,36,16,20,15
GU6 8DW,15,8,7,8
GU6 8DX,33,19,14,16
GU6 8DY,51,29,22,23
GU6 8DZ,51,23,28,15
GU6 8EA,11,6,5,5
GU6 8EB,20,11,9,8
GU6 8ED,8,4,4,4
GU6 8EE,8,4,4,5
GU6 8EF,10,6,4,3
GU6 8EG,2,1,1,2
GU6 8EH,12,7,5,4
GU6 8EJ,24,12,12,11
GU6 8EL,4,2,2,1
GU6 8EQ,14,7,7,5
GU6 8ER,17,6,11,8
GU6 8ES,20,13,7,7
GU6 8ET,26,15,11,12
GU6 8EU,24,14,10,10
GU6 8EX,37,29,8,28
GU6 8EY,23,10,13,9
GU6 8EZ,24,9,15,8
GU6 8FD,6,4,2,2
GU6 8HB,73,34,39,24
GU6 8HE,8,6,2,2
GU6 8HF,37,19,18,13
GU6 8HG,31,15,16,13
GU6 8HH,72,39,33,30
GU6 8HJ,76,36,40,28
GU6 8HL,37,18,19,16
GU6 8HN,52,23,29,20
GU6 8HP,20,8,12,8
GU6 8HQ,23,9,14,6
GU6 8HR,15,7,8,6
GU6 8HS,10,6,4,4
GU6 8HT,40,21,19,19
GU6 8HU,11,6,5,4
GU6 8HW,12,5,7,4
GU6 8HX,30,15,15,21
GU6 8HZ,35,16,19,24
GU6 8JA,6,3,3,3
GU6 8JB,19,9,10,9
GU6 8JD,40,21,19,16
GU6 8JE,62,30,32,22
GU6 8JF,17,8,9,6
GU6 8JG,11,10,1,10
GU6 8JH,8,4,4,2
GU6 8JJ,12,6,6,3
GU6 8JL,69,19,50,17
GU6 8JN,60,29,31,23
GU6 8JP,53,27,26,21
GU6 8JR,4,2,2,2
GU6 8JS,26,16,10,9
GU6 8JT,20,9,11,8
GU6 8JU,6,3,3,3
GU6 8JW,68,34,34,31
GU6 8JX,74,33,41,35
GU6 8JZ,15,7,8,4
GU6 8LA,13,6,7,5
GU6 8LB,5,2,3,3
GU6 8LD,18,10,8,6
GU6 8LE,65,31,34,24
GU6 8LF,4,2,2,1
GU6 8LG,10,5,5,4
GU6 8LH,35,19,16,11
GU6 8LJ,4,2,2,1
GU6 8LL,4,2,2,2
GU6 8LP,39,23,16,26
GU6 8LQ,15,6,9,5
GU6 8LR,12,6,6,4
GU6 8LS,10,4,6,4
GU6 8LT,36,17,19,11
GU6 8LX,4,2,2,2
GU6 8LY,17,8,9,7
GU6 8NA,75,38,37,25
GU6 8NB,65,36,29,23
GU6 8NE,3,3,0,1
GU6 8NH,79,39,40,33
GU6 8NJ,17,8,9,5
GU6 8NL,9,6,3,3
GU6 8NN,24,11,13,9
GU6 8NP,32,16,16,10
GU6 8NQ,63,30,33,26
GU6 8NR,18,8,10,9
GU6 8NS,50,21,29,23
GU6 8NT,2,2,0,1
GU6 8NU,3,2,1,1
GU6 8NW,33,15,18,11
GU6 8NX,10,5,5,8
GU6 8NZ,9,4,5,4
GU6 8PA,44,24,20,14
GU6 8PD,30,17,13,14
GU6 8PE,22,10,12,16
GU6 8PF,82,39,43,33
GU6 8PG,61,32,29,21
GU6 8PH,2,1,1,1
GU6 8PJ,70,36,34,27
GU6 8PL,59,26,33,21
GU6 8PN,102,49,53,38
GU6 8PP,62,28,34,24
GU6 8PQ,20,10,10,8
GU6 8PR,40,19,21,15
GU6 8PS,62,34,28,27
GU6 8PT,2,1,1,1
GU6 8PU,14,6,8,6
GU6 8PW,53,24,29,21
GU6 8PX,20,11,9,9
GU6 8PZ,12,6,6,3
GU6 8QA,12,6,6,5
GU6 8QB,39,18,21,14
GU6 8QD,31,14,17,14
GU6 8QE,42,16,26,15
GU6 8QF,9,5,4,4
GU6 8QG,2,1,1,1
GU6 8QH,5,4,1,1
GU6 8QJ,15,8,7,5
GU6 8QN,5,2,3,2
GU6 8QP,24,9,15,10
GU6 8QQ,449,289,160,0
GU6 8QR,25,12,13,10
GU6 8QU,13,8,5,6
GU6 8QW,14,8,6,8
GU6 8QX,20,11,9,7
GU6 8QY,41,18,23,15
GU6 8QZ,55,28,27,21
GU6 8RA,70,34,36,53
GU6 8RD,14,8,6,9
GU6 8RF,7,1,6,2
GU6 8RJ,34,14,20,17
GU6 8RL,34,17,17,21
GU6 8RP,41,22,19,19
GU6 8RR,6,3,3,3
GU6 8RS,6,3,3,5
GU6 8RT,21,10,11,7
GU6 8RU,11,5,6,6
GU6 8RZ,10,6,4,5
GU6 8SE,16,7,9,7
GU6 8SF,8,6,2,1
GU6 8SG,33,14,19,12
GU6 8SH,39,19,20,18
GU6 8SJ,19,6,13,8
GU6 8SL,12,6,6,7
GU6 8SN,29,14,15,13
GU6 8SP,22,8,14,13
GU6 8SQ,18,8,10,7
GU6 8SU,17,9,8,13
GU6 8SW,50,27,23,19
GU6 8SY,17,5,12,12
GU6 8SZ,6,3,3,3
GU6 8TD,10,4,6,8
GU6 8TE,30,9,21,25
GU6 8TF,10,4,6,7
GU6 8TG,28,8,20,25
GU6 8TH,20,4,16,17
GU6 8TJ,31,12,19,24
GU6 8TL,30,11,19,25
GU6 8TN,33,13,20,23
GU6 8TP,27,11,16,22
GU6 8TQ,17,3,14,15
GU6 8TR,53,17,36,0
GU6 8TW,28,7,21,22
GU6 8UG,54,28,26,29
GU6 8UH,58,28,30,33
GU6 8UJ,80,44,36,52
GU6 8UQ,49,26,23,27
GU7 1AB,11,6,5,6
GU7 1AF,13,7,6,6
GU7 1AH,58,31,27,27
GU7 1AJ,11,5,6,8
GU7 1AQ,11,6,5,6
GU7 1AS,16,6,10,11
GU7 1AU,10,4,6,4
GU7 1AW,6,1,5,4
GU7 1AZ,5,3,2,3
GU7 1BA,17,10,7,10
GU7 1BF,23,13,10,10
GU7 1BG,8,4,4,5
GU7 1BH,83,43,40,32
GU7 1BJ,43,12,31,40
GU7 1BL,30,15,15,11
GU7 1BN,12,6,6,10
GU7 1BP,81,38,43,33
GU7 1BQ,72,38,34,27
GU7 1BS,44,24,20,16
GU7 1BT,21,12,9,8
GU7 1BU,7,2,5,5
GU7 1BW,79,41,38,33
GU7 1BX,68,28,40,7
GU7 1BY,62,36,26,28
GU7 1BZ,8,6,2,5
GU7 1DB,34,16,18,19
GU7 1DD,56,30,26,23
GU7 1DG,38,19,19,24
GU7 1DH,8,6,2,6
GU7 1DJ,8,5,3,4
GU7 1DN,4,1,3,2
GU7 1DQ,39,19,20,18
GU7 1DR,1,1,0,1
GU7 1DS,3,3,0,1
GU7 1DU,11,8,3,6
GU7 1DW,3,2,1,2
GU7 1DY,6,1,5,3
GU7 1EA,11,6,5,5
GU7 1EB,1,1,0,1
GU7 1ED,9,5,4,3
GU7 1EE,22,12,10,11
GU7 1EF,8,6,2,3
GU7 1EG,4,1,3,3
GU7 1EH,8,2,6,5
GU7 1EJ,6,3,3,4
GU7 1EL,10,6,4,7
GU7 1EN,78,45,33,41
GU7 1EP,1,1,0,1
GU7 1EQ,7,6,1,3
GU7 1ER,17,7,10,9
GU7 1ES,6,3,3,2
GU7 1ET,6,2,4,3
GU7 1EU,12,7,5,3
GU7 1EW,8,3,5,6
GU7 1EX,8,4,4,5
GU7 1EY,19,11,8,10
GU7 1GX,8,8,0,7
GU7 1HA,2,0,2,2
GU7 1HB,17,6,11,11
GU7 1HD,6,4,2,3
GU7 1HE,19,9,10,10
GU7 1HF,6,4,2,3
GU7 1HL,9,2,7,4
GU7 1HW,10,5,5,4
GU7 1HY,22,13,9,11
GU7 1HZ,6,3,3,4
GU7 1JE,1,1,0,1
GU7 1JN,3,3,0,3
GU7 1JQ,29,16,13,10
GU7 1JR,84,42,42,31
GU7 1JS,24,11,13,12
GU7 1JT,115,57,58,47
GU7 1JU,61,30,31,29
GU7 1JY,88,41,47,41
GU7 1JZ,33,18,15,17
GU7 1LE,55,27,28,20
GU7 1LF,3,2,1,1
GU7 1LH,4,3,1,1
GU7 1LJ,37,18,19,17
GU7 1LL,52,28,24,20
GU7 1LN,6,2,4,4
GU7 1LP,57,27,30,22
GU7 1LR,13,6,7,6
GU7 1LS,19,10,9,8
GU7 1LT,16,7,9,8
GU7 1LU,47,25,22,21
GU7 1LW,46,22,24,18
GU7 1LX,64,28,36,30
GU7 1LY,7,3,4,3
GU7 1LZ,2,1,1,1
GU7 1NA,29,10,19,14
GU7 1NB,25,10,15,11
GU7 1ND,55,25,30,33
GU7 1NG,1,0,1,1
GU7 1NH,2,0,2,1
GU7 1NJ,1,0,1,1
GU7 1NL,44,21,23,19
GU7 1NN,8,7,1,4
GU7 1NQ,6,2,4,4
GU7 1NR,14,6,8,5
GU7 1NS,16,6,10,5
GU7 1NT,103,57,46,40
GU7 1NU,10,5,5,8
GU7 1NW,14,8,6,10
GU7 1NX,55,21,34,20
GU7 1NY,39,21,18,13
GU7 1NZ,63,30,33,22
GU7 1PA,35,18,17,16
GU7 1PB,67,37,30,20
GU7 1PD,29,14,15,10
GU7 1PE,27,15,12,10
GU7 1PF,30,17,13,11
GU7 1PG,38,19,19,13
GU7 1PH,22,8,14,8
GU7 1PJ,16,8,8,7
GU7 1PL,102,53,49,45
GU7 1PN,5,2,3,3
GU7 1PQ,18,8,10,7
GU7 1PR,17,10,7,4
GU7 1PU,53,23,30,20
GU7 1PW,57,35,22,28
GU7 1PX,7,3,4,5
GU7 1PY,72,41,31,31
GU7 1PZ,36,16,20,13
GU7 1QA,18,9,9,7
GU7 1QB,40,22,18,13
GU7 1QD,48,24,24,21
GU7 1QE,67,31,36,26
GU7 1QF,51,24,27,23
GU7 1QG,22,9,13,9
GU7 1QH,48,27,21,14
GU7 1QJ,82,42,40,28
GU7 1QL,25,12,13,16
GU7 1QN,127,62,65,49
GU7 1QP,3,2,1,1
GU7 1QQ,78,39,39,30
GU7 1QR,6,3,3,3
GU7 1QS,33,19,14,13
GU7 1QU,8,5,3,3
GU7 1QX,16,10,6,10
GU7 1QY,27,13,14,10
GU7 1RB,6,3,3,2
GU7 1RD,24,13,11,13
GU7 1RE,84,43,41,30
GU7 1RF,61,32,29,35
GU7 1RG,21,9,12,8
GU7 1RH,9,5,4,0
GU7 1RL,105,53,52,44
GU7 1RN,16,6,10,6
GU7 1RP,16,6,10,5
GU7 1RQ,5,4,1,5
GU7 1RR,4,2,2,1
GU7 1RS,2,1,1,1
GU7 1RT,23,13,10,17
GU7 1RU,14,6,8,7
GU7 1RW,37,21,16,14
GU7 1RZ,7,4,3,5
GU7 1SA,43,20,23,19
GU7 1SB,46,23,23,16
GU7 1SD,25,13,12,8
GU7 1SE,31,12,19,13
GU7 1SF,85,40,45,30
GU7 1SG,68,39,29,23
GU7 1SH,70,34,36,26
GU7 1SJ,38,17,21,15
GU7 1SL,56,25,31,20
GU7 1SN,9,6,3,4
GU7 1SP,114,53,61,32
GU7 1SQ,69,36,33,24
GU7 1SR,85,34,51,40
GU7 1SS,35,17,18,11
GU7 1ST,61,0,61,0
GU7 1SU,19,7,12,8
GU7 1SW,59,28,31,22
GU7 1SX,10,5,5,3
GU7 1SY,36,15,21,12
GU7 1SZ,14,6,8,5
GU7 1TA,12,7,5,8
GU7 1TB,47,24,23,19
GU7 1TG,70,33,37,24
GU7 1TH,51,27,24,16
GU7 1TJ,67,36,31,21
GU7 1TL,46,22,24,17
GU7 1TN,32,17,15,12
GU7 1TP,55,26,29,20
GU7 1TQ,63,31,32,25
GU7 1TR,18,9,9,8
GU7 1TS,60,29,31,26
GU7 1TT,25,12,13,12
GU7 1TU,5,2,3,3
GU7 1TW,11,4,7,8
GU7 1TX,19,8,11,11
GU7 1TY,74,37,37,25
GU7 1UA,8,3,5,5
GU7 1UD,16,8,8,5
GU7 1UE,23,13,10,11
GU7 1UF,4,4,0,0
GU7 1UG,17,8,9,5
GU7 1UN,30,16,14,10
GU7 1UP,8,4,4,3
GU7 1UQ,4,3,1,2
GU7 1UR,5,3,2,2
GU7 1UT,14,7,7,5
GU7 1UW,24,21,3,4
GU7 1UX,21,10,11,11
GU7 1XA,12,7,5,6
GU7 1XB,13,5,8,6
GU7 1XD,75,38,37,23
GU7 1XE,4,3,1,1
GU7 1XG,17,6,11,8
GU7 1XQ,30,16,14,13
GU7 1XS,20,12,8,12
GU7 1XT,60,29,31,30
GU7 1XX,107,57,50,38
GU7 1XY,89,44,45,32
GU7 1XZ,65,38,27,23
GU7 1YA,78,40,38,30
GU7 1YB,83,42,41,27
GU7 1YE,62,31,31,31
GU7 1YF,85,45,40,38
GU7 1YG,85,39,46,33
GU7 1YJ,26,9,17,11
GU7 1YL,51,23,28,19
GU7 1YQ,81,38,43,31
GU7 1YR,69,29,40,41
GU7 1YY,54,20,34,19
GU7 1YZ,16,7,9,10
GU7 2AA,57,33,24,31
GU7 2AD,12,7,5,7
GU7 2AF,36,16,20,20
GU7 2AG,70,34,36,32
GU7 2AH,8,3,5,4
GU7 2AJ,8,4,4,5
GU7 2AL,22,13,9,10
GU7 2AN,11,6,5,5
GU7 2AP,21,11,10,11
GU7 2AQ,38,18,20,13
GU7 2AR,15,7,8,7
GU7 2AS,39,21,18,12
GU7 2AT,11,7,4,4
GU7 2AU,69,33,36,26
GU7 2AW,71,35,36,30
GU7 2AX,41,20,21,16
GU7 2AY,26,12,14,11
GU7 2BA,8,5,3,4
GU7 2BB,20,10,10,9
GU7 2BD,28,16,12,8
GU7 2BE,30,15,15,12
GU7 2BF,9,5,4,4
GU7 2BG,6,3,3,3
GU7 2BH,2,1,1,1
GU7 2BJ,6,2,4,3
GU7 2BL,22,11,11,7
GU7 2BN,28,11,17,11
GU7 2BP,4,1,3,1
GU7 2BQ,6,3,3,3
GU7 2BS,59,35,24,37
GU7 2BT,61,32,29,29
GU7 2BU,16,8,8,6
GU7 2BW,35,16,19,13
GU7 2BX,45,26,19,25
GU7 2BZ,3,1,2,2
GU7 2DA,13,7,6,11
GU7 2DB,1,0,1,1
GU7 2DE,11,7,4,6
GU7 2DG,2,1,1,2
GU7 2DJ,638,546,92,0
GU7 2DL,5,2,3,2
GU7 2DP,8,5,3,3
GU7 2DQ,1,0,1,1
GU7 2DR,5,1,4,2
GU7 2DS,5,1,4,2
GU7 2DT,5,3,2,2
GU7 2DU,4,2,2,2
GU7 2DW,7,3,4,3
GU7 2DY,15,7,8,7
GU7 2DZ,3,2,1,1
GU7 2EB,21,12,9,14
GU7 2ED,16,9,7,7
GU7 2EE,31,17,14,15
GU7 2EF,28,15,13,14
GU7 2EG,19,11,8,8
GU7 2EH,3,2,1,1
GU7 2EJ,19,11,8,11
GU7 2EL,13,5,8,6
GU7 2EN,7,4,3,4
GU7 2EP,53,25,28,23
GU7 2EQ,17,9,8,7
GU7 2ER,11,4,7,6
GU7 2ES,22,7,15,11
GU7 2ET,39,18,21,13
GU7 2EU,61,31,30,23
GU7 2EW,14,9,5,4
GU7 2EX,8,3,5,4
GU7 2EY,12,6,6,6
GU7 2EZ,14,5,9,7
GU7 2FE,11,6,5,4
GU7 2HA,12,5,7,4
GU7 2HB,4,3,1,2
GU7 2HD,49,24,25,20
GU7 2HE,13,7,6,5
GU7 2HF,19,11,8,8
GU7 2HG,17,6,11,8
GU7 2HH,47,26,21,20
GU7 2HJ,42,18,24,17
GU7 2HL,61,33,28,21
GU7 2HN,47,26,21,18
GU7 2HP,37,21,16,14
GU7 2HQ,2,1,1,1
GU7 2HR,67,34,33,24
GU7 2HS,12,6,6,6
GU7 2HT,45,20,25,22
GU7 2HU,44,18,26,24
GU7 2HW,24,13,11,11
GU7 2HX,10,5,5,4
GU7 2HY,22,7,15,13
GU7 2HZ,66,30,36,30
GU7 2JA,10,7,3,7
GU7 2JB,15,9,6,9
GU7 2JD,22,11,11,7
GU7 2JE,25,13,12,14
GU7 2JH,16,7,9,5
GU7 2JJ,2,2,0,1
GU7 2JP,3,2,1,1
GU7 2JR,12,8,4,2
GU7 2JS,9,3,6,2
GU7 2JT,12,5,7,3
GU7 2JU,75,32,43,24
GU7 2JW,48,24,24,23
GU7 2JX,103,50,53,39
GU7 2JY,24,9,15,10
GU7 2JZ,97,52,45,43
GU7 2LA,16,6,10,5
GU7 2LB,38,20,18,13
GU7 2LD,46,22,24,18
GU7 2LE,48,27,21,17
GU7 2LF,15,7,8,6
GU7 2LG,63,30,33,24
GU7 2LH,81,39,42,30
GU7 2LJ,72,34,38,32
GU7 2LL,83,40,43,29
GU7 2LN,47,18,29,14
GU7 2LP,57,32,25,22
GU7 2LQ,97,45,52,32
GU7 2LR,47,26,21,20
GU7 2LS,76,39,37,36
GU7 2LT,11,6,5,5
GU7 2LU,30,15,15,9
GU7 2LW,81,40,41,28
GU7 2LX,16,9,7,4
GU7 2LZ,30,13,17,9
GU7 2NA,9,4,5,6
GU7 2ND,34,17,17,11
GU7 2NE,76,36,40,34
GU7 2NF,45,25,20,19
GU7 2NG,87,41,46,31
GU7 2NH,72,33,39,32
GU7 2NJ,55,25,30,30
GU7 2NL,61,28,33,30
GU7 2NN,97,49,48,40
GU7 2NP,69,40,29,23
GU7 2NQ,87,44,43,31
GU7 2NR,92,50,42,32
GU7 2NS,68,32,36,30
GU7 2NT,92,49,43,36
GU7 2NU,15,4,11,9
GU7 2NW,62,34,28,28
GU7 2NX,61,29,32,26
GU7 2NY,35,18,17,14
GU7 2PG,33,19,14,17
GU7 2PH,78,42,36,36
GU7 2PJ,49,27,22,16
GU7 2PL,67,35,32,26
GU7 2PN,104,60,44,41
GU7 2PP,2,1,1,1
GU7 2PQ,31,13,18,15
GU7 2PR,54,28,26,29
GU7 2PS,27,16,11,10
GU7 2PT,10,7,3,3
GU7 2PW,87,46,41,30
GU7 2PX,38,22,16,31
GU7 2QA,29,16,13,13
GU7 2QB,10,3,7,4
GU7 2QD,8,6,2,5
GU7 2QE,7,4,3,2
GU7 2QF,18,7,11,10
GU7 2QG,18,8,10,7
GU7 2QH,105,36,69,13
GU7 2QL,4,2,2,2
GU7 2QQ,2,0,2,1
GU7 2QR,18,9,9,7
GU7 2QS,23,11,12,9
GU7 2QT,58,34,24,35
GU7 2QU,4,1,3,2
GU7 2QX,27,17,10,10
GU7 2QY,17,10,7,8
GU7 2QZ,17,9,8,8
GU7 2RA,67,36,31,23
GU7 2RB,41,21,20,16
GU7 2RE,21,11,10,7
GU7 2RF,34,5,29,0
GU7 2RG,84,42,42,26
GU7 2RH,109,4,105,0
GU7 2RJ,31,14,17,14
GU7 2RL,26,14,12,9
GU7 2RN,48,24,24,15
GU7 2RP,17,8,9,6
GU7 2RQ,48,23,25,17
GU7 2RR,13,7,6,3
GU7 2RT,49,23,26,23
GU7 2RU,14,7,7,5
GU7 2RW,129,72,57,46
GU7 3AA,23,8,15,16
GU7 3AB,46,22,24,30
GU7 3AD,8,4,4,6
GU7 3AE,18,9,9,11
GU7 3AF,17,8,9,12
GU7 3AG,79,25,54,14
GU7 3AH,7,2,5,3
GU7 3AJ,14,9,5,10
GU7 3AN,9,5,4,6
GU7 3AP,24,13,11,11
GU7 3AQ,30,14,16,19
GU7 3AR,14,5,9,6
GU7 3AS,84,42,42,38
GU7 3AT,25,12,13,12
GU7 3AU,10,4,6,5
GU7 3AW,56,11,45,55
GU7 3AX,12,6,6,4
GU7 3AY,12,7,5,7
GU7 3AZ,12,7,5,5
GU7 3BA,24,11,13,10
GU7 3BB,58,32,26,29
GU7 3BD,74,36,38,26
GU7 3BE,84,44,40,34
GU7 3BF,61,12,49,0
GU7 3BG,10,4,6,5
GU7 3BH,10,5,5,4
GU7 3BJ,30,17,13,10
GU7 3BL,30,12,18,11
GU7 3BN,32,15,17,12
GU7 3BP,10,5,5,3
GU7 3BQ,19,8,11,8
GU7 3BS,9,5,4,4
GU7 3BT,46,22,24,19
GU7 3BU,10,5,5,6
GU7 3BW,3,2,1,1
GU7 3BX,21,10,11,10
GU7 3BY,7,3,4,7
GU7 3BZ,12,6,6,5
GU7 3DA,36,16,20,32
GU7 3DB,2,1,1,1
GU7 3DE,5,2,3,3
GU7 3DF,8,3,5,5
GU7 3DJ,25,11,14,12
GU7 3DL,7,3,4,4
GU7 3DN,23,10,13,14
GU7 3DP,12,5,7,7
GU7 3DR,36,16,20,30
GU7 3DT,5,2,3,2
GU7 3DU,11,6,5,6
GU7 3DX,48,23,25,19
GU7 3DY,5,3,2,2
GU7 3DZ,4,3,1,3
GU7 3EA,104,60,44,31
GU7 3EB,49,26,23,16
GU7 3ED,76,37,39,27
GU7 3EE,114,54,60,51
GU7 3EF,56,31,25,20
GU7 3EG,89,47,42,34
GU7 3EH,49,24,25,29
GU7 3EJ,27,13,14,12
GU7 3EL,7,4,3,4
GU7 3EN,36,19,17,15
GU7 3EP,9,3,6,5
GU7 3EQ,3,1,2,2
GU7 3ER,25,9,16,12
GU7 3ES,44,19,25,21
GU7 3ET,60,35,25,26
GU7 3EU,59,27,32,25
GU7 3EW,26,14,12,16
GU7 3EX,76,37,39,31
GU7 3EY,13,2,11,11
GU7 3EZ,6,2,4,4
GU7 3HA,70,36,34,42
GU7 3HF,13,4,9,11
GU7 3HG,23,5,18,20
GU7 3HJ,13,4,9,6
GU7 3HN,15,9,6,9
GU7 3HP,25,11,14,9
GU7 3HR,42,23,19,20
GU7 3HS,16,10,6,11
GU7 3HT,47,19,28,24
GU7 3HU,44,23,21,23
GU7 3HW,67,31,36,35
GU7 3HY,12,6,6,8
GU7 3HZ,2,1,1,1
GU7 3JA,5,3,2,3
GU7 3JB,9,5,4,3
GU7 3JD,6,5,1,2
GU7 3JE,29,12,17,23
GU7 3JF,31,13,18,28
GU7 3JG,11,5,6,8
GU7 3JH,51,22,29,16
GU7 3JJ,50,24,26,16
GU7 3JL,40,19,21,12
GU7 3JN,6,4,2,4
GU7 3JP,47,24,23,19
GU7 3JQ,58,28,30,22
GU7 3JR,5,3,2,3
GU7 3JS,103,54,49,38
GU7 3JT,28,14,14,10
GU7 3JU,113,56,57,38
GU7 3JW,24,12,12,9
GU7 3JZ,10,4,6,5
GU7 3LA,43,21,22,27
GU7 3LB,19,9,10,13
GU7 3LD,4,2,2,1
GU7 3LG,18,7,11,12
GU7 3LH,28,13,15,18
GU7 3LJ,39,17,22,24
GU7 3LL,68,38,30,27
GU7 3LN,71,34,37,30
GU7 3LQ,8,5,3,5
GU7 3LR,4,3,1,3
GU7 3LS,85,41,44,38
GU7 3LT,44,21,23,15
GU7 3LU,98,49,49,43
GU7 3LW,2,1,1,2
GU7 3LX,88,41,47,37
GU7 3NE,48,20,28,26
GU7 3NF,12,7,5,6
GU7 3NG,70,43,27,31
GU7 3NH,19,13,6,8
GU7 3NJ,67,34,33,26
GU7 3NL,30,15,15,12
GU7 3NN,54,25,29,18
GU7 3NP,100,52,48,47
GU7 3NQ,44,23,21,14
GU7 3NR,22,11,11,12
GU7 3NS,27,11,16,10
GU7 3NT,66,35,31,34
GU7 3NU,92,47,45,40
GU7 3NW,57,24,33,28
GU7 3NX,51,28,23,19
GU7 3NY,50,24,26,28
GU7 3NZ,72,35,37,26
GU7 3PA,121,58,63,47
GU7 3PB,82,43,39,28
GU7 3PH,131,65,66,52
GU7 3PN,81,43,38,28
GU7 3PP,30,13,17,14
GU7 3PS,14,7,7,6
GU7 3PT,42,16,26,18
GU7 3PU,89,44,45,33
GU7 3PW,60,37,23,23
GU7 3PX,25,12,13,11
GU7 3PY,36,16,20,14
GU7 3PZ,35,16,19,13
GU7 3QA,31,15,16,14
GU7 3QB,50,21,29,21
GU7 3QD,38,18,20,15
GU7 3QE,27,11,16,12
GU7 3QF,1,1,0,1
GU7 3QG,31,14,17,13
GU7 3QH,25,11,14,9
GU7 3QJ,19,10,9,6
GU7 3QL,77,34,43,35
GU7 3QN,5,2,3,3
GU7 3QQ,53,25,28,25
GU7 3QZ,83,47,36,40
GU7 3RA,101,57,44,37
GU7 3RB,60,30,30,25
GU7 3RD,20,8,12,14
GU7 3RE,27,13,14,14
GU7 3RF,40,19,21,14
GU7 3RG,71,37,34,32
GU7 3RH,53,23,30,24
GU7 3RJ,114,53,61,46
GU7 3RL,16,8,8,6
GU7 3RN,2,0,2,2
GU7 3RP,45,17,28,19
GU7 3RQ,74,33,41,29
GU7 3RR,42,21,21,20
GU7 3RS,65,31,34,26
GU7 3RT,90,42,48,39
GU7 3RU,77,35,42,35
GU7 3RW,15,8,7,8
GU7 3RX,17,6,11,8
GU7 3RY,99,46,53,31
GU7 3RZ,9,2,7,5
GU7 3SD,164,84,80,50
GU7 3SG,95,46,49,28
GU7 3SH,74,35,39,27
GU7 3SJ,44,21,23,15
GU7 3SL,104,51,53,46
GU7 3SN,46,22,24,19
GU7 3SP,79,33,46,33
GU7 3SQ,123,57,66,43
GU7 3SR,44,21,23,20
GU7 3SS,76,37,39,33
GU7 3ST,13,4,9,10
GU7 3SU,20,9,11,8
GU7 3SW,54,28,26,18
GU7 3SX,14,10,4,11
GU7 3SY,25,13,12,10
GU7 3SZ,25,15,10,6
GU7 3TA,10,3,7,4
GU7 3TB,39,19,20,16
GU7 3TD,14,6,8,6
GU7 3TE,69,32,37,27
GU7 3TF,53,20,33,27
GU7 3TG,14,8,6,6
GU7 3TH,29,14,15,12
GU7 3TJ,33,14,19,12
GU7 3TL,29,12,17,12
GU7 3TN,30,20,10,12
GU7 3TQ,19,10,9,8
GU7 3TS,25,9,16,15
GU7 3TW,78,35,43,34
GU8 4AA,25,11,14,14
GU8 4AB,61,27,34,21
GU8 4AD,40,20,20,15
GU8 4AE,47,20,27,17
GU8 4AF,4,2,2,2
GU8 4AG,71,36,35,28
GU8 4AJ,22,9,13,11
GU8 4AP,44,25,19,16
GU8 4AR,84,39,45,31
GU8 4AX,12,5,7,5
GU8 4AY,36,16,20,14
GU8 4AZ,30,16,14,11
GU8 4BA,70,31,39,0
GU8 4BB,21,8,13,8
GU8 4BD,37,21,16,13
GU8 4BE,13,8,5,6
GU8 4BG,8,5,3,2
GU8 4BH,6,2,4,4
GU8 4BJ,6,3,3,2
GU8 4BL,26,13,13,10
GU8 4BN,14,8,6,5
GU8 4BQ,37,21,16,13
GU8 4BS,4,3,1,2
GU8 4BT,14,6,8,4
GU8 4BW,10,5,5,4
GU8 4BX,7,2,5,2
GU8 4DB,17,6,11,5
GU8 4DD,50,25,25,16
GU8 4DE,39,20,19,16
GU8 4DF,7,3,4,3
GU8 4DG,28,14,14,7
GU8 4DH,59,32,27,18
GU8 4DJ,42,22,20,14
GU8 4DL,44,20,24,14
GU8 4DN,6,3,3,2
GU8 4DP,40,18,22,13
GU8 4DR,23,12,11,10
GU8 4DS,15,8,7,8
GU8 4DT,18,8,10,8
GU8 4DU,6,3,3,1
GU8 4DW,11,6,5,4
GU8 4DX,31,27,4,1
GU8 4DY,14,7,7,4
GU8 4DZ,2,1,1,1
GU8 4EA,34,18,16,12
GU8 4EB,15,8,7,7
GU8 4ED,20,9,11,7
GU8 4EE,13,7,6,5
GU8 4EF,15,7,8,6
GU8 4EP,23,12,11,13
GU8 4ER,23,11,12,10
GU8 4EX,7,3,4,4
GU8 4EZ,3,0,3,2
GU8 4GH,12,5,7,4
GU8 4HA,35,21,14,20
GU8 4HB,8,4,4,3
GU8 4HD,39,20,19,17
GU8 4HE,14,7,7,6
GU8 4HF,23,12,11,11
GU8 4HG,17,9,8,6
GU8 4HH,16,9,7,9
GU8 4HJ,19,10,9,9
GU8 4HL,25,12,13,12
GU8 4HN,10,4,6,5
GU8 4HP,5,2,3,1
GU8 4HQ,11,4,7,5
GU8 4HW,17,10,7,7
GU8 4JA,22,11,11,7
GU8 4JB,5,4,1,1
GU8 4JD,8,3,5,3
GU8 4JE,8,4,4,3
GU8 4JF,19,10,9,8
GU8 4JG,20,10,10,9
GU8 4JH,33,13,20,20
GU8 4JJ,28,12,16,10
GU8 4JL,5,2,3,3
GU8 4JN,9,6,3,4
GU8 4JP,12,5,7,6
GU8 4JQ,16,7,9,9
GU8 4JR,6,2,4,5
GU8 4JT,6,3,3,4
GU8 4JW,2,1,1,1
GU8 4LA,29,16,13,13
GU8 4LB,10,4,6,6
GU8 4LD,27,14,13,11
GU8 4LE,74,38,36,31
GU8 4LF,57,26,31,21
GU8 4LG,10,6,4,8
GU8 4LH,11,3,8,7
GU8 4LJ,23,10,13,13
GU8 4LL,11,6,5,6
GU8 4LN,15,5,10,6
GU8 4LP,7,2,5,3
GU8 4LR,15,9,6,8
GU8 4LS,4,2,2,3
GU8 4LT,14,9,5,6
GU8 4LU,9,3,6,3
GU8 4LW,5,3,2,2
GU8 4LX,16,8,8,6
GU8 4LY,27,10,17,14
GU8 4LZ,10,4,6,3
GU8 4NA,12,5,7,5
GU8 4NB,38,18,20,19
GU8 4ND,110,53,57,58
GU8 4NP,34,17,17,16
GU8 4NR,9,5,4,4
GU8 4NS,4,3,1,2
GU8 4NT,13,5,8,7
GU8 4NU,44,22,22,15
GU8 4NW,64,30,34,21
GU8 4NX,22,12,10,11
GU8 4NY,6,2,4,3
GU8 4NZ,24,11,13,10
GU8 4PA,11,5,6,5
GU8 4PB,62,24,38,25
GU8 4PF,70,33,37,30
GU8 4PG,16,6,10,5
GU8 4PH,3,2,1,2
GU8 4PJ,17,8,9,7
GU8 4PQ,8,6,2,3
GU8 4PY,18,8,10,11
GU8 4PZ,14,7,7,5
GU8 4QA,28,16,12,9
GU8 4QB,10,6,4,4
GU8 4QD,4,2,2,2
GU8 4QE,9,4,5,6
GU8 4QF,40,16,24,16
GU8 4QG,1,1,0,1
GU8 4QH,69,38,31,28
GU8 4QJ,22,9,13,17
GU8 4QL,27,16,11,11
GU8 4QN,26,10,16,9
GU8 4QP,21,10,11,11
GU8 4QQ,30,14,16,12
GU8 4QR,40,21,19,14
GU8 4QS,9,5,4,4
GU8 4QT,10,4,6,4
GU8 4QU,8,3,5,3
GU8 4QW,67,32,35,22
GU8 4QX,5,3,2,2
GU8 4QY,9,4,5,3
GU8 4QZ,10,7,3,3
GU8 4RA,55,29,26,22
GU8 4RB,73,36,37,23
GU8 4RD,11,7,4,4
GU8 4RE,12,5,7,6
GU8 4RF,5,3,2,2
GU8 4RG,94,50,44,40
GU8 4RH,35,16,19,11
GU8 4RJ,42,25,17,15
GU8 4RL,5,2,3,3
GU8 4RN,8,3,5,3
GU8 4RP,22,10,12,9
GU8 4RQ,52,27,25,20
GU8 4RR,14,6,8,7
GU8 4RS,3,2,1,2
GU8 4RT,5,2,3,4
GU8 4RU,11,5,6,5
GU8 4RW,9,5,4,4
GU8 4RX,8,5,3,4
GU8 4RY,53,23,30,20
GU8 4RZ,64,35,29,23
GU8 4SA,48,26,22,15
GU8 4SB,25,10,15,9
GU8 4SD,83,42,41,25
GU8 4SE,29,17,12,8
GU8 4SF,64,36,28,23
GU8 4SG,32,16,16,12
GU8 4SH,11,6,5,5
GU8 4SJ,75,38,37,14
GU8 4SL,52,25,27,15
GU8 4SN,27,13,14,8
GU8 4SP,15,8,7,7
GU8 4SQ,6,2,4,1
GU8 4SR,19,11,8,9
GU8 4SS,9,4,5,3
GU8 4ST,22,11,11,8
GU8 4SU,16,9,7,5
GU8 4SW,9,5,4,6
GU8 4SX,32,16,16,12
GU8 4SY,40,22,18,16
GU8 4SZ,27,10,17,9
GU8 4TA,26,10,16,11
GU8 4TB,35,19,16,8
GU8 4TD,1,1,0,1
GU8 4TE,15,8,7,8
GU8 4TF,15,7,8,7
GU8 4TG,21,13,8,8
GU8 4TL,5,2,3,3
GU8 4TP,34,17,17,14
GU8 4TR,2,0,2,2
GU8 4TS,48,23,25,21
GU8 4TT,9,5,4,4
GU8 4TU,35,15,20,13
GU8 4TY,31,19,12,9
GU8 4TZ,7,3,4,3
GU8 4UA,31,18,13,10
GU8 4UB,10,4,6,5
GU8 4UD,91,42,49,33
GU8 4UE,7,3,4,6
GU8 4UF,60,32,28,18
GU8 4UG,20,10,10,7
GU8 4UH,14,5,9,12
GU8 4UJ,39,21,18,13
GU8 4UL,11,6,5,3
GU8 4UN,9,4,5,4
GU8 4UP,18,6,12,7
GU8 4UQ,60,32,28,24
GU8 4UR,13,6,7,4
GU8 4UT,13,6,7,5
GU8 4UU,20,12,8,7
GU8 4UW,13,5,8,7
GU8 4UX,20,7,13,9
GU8 4UZ,16,7,9,10
GU8 4XJ,65,29,36,23
GU8 4XL,45,22,23,17
GU8 4XN,11,6,5,5
GU8 4XP,67,31,36,24
GU8 4XR,46,22,24,14
GU8 4XS,25,10,15,10
GU8 4XT,22,11,11,8
GU8 4XU,22,9,13,10
GU8 4XW,7,3,4,5
GU8 4XX,6,3,3,3
GU8 4XY,16,8,8,6
GU8 4XZ,7,3,4,4
GU8 4YA,36,22,14,12
GU8 4YB,18,10,8,8
GU8 4YD,30,14,16,10
GU8 5AA,1,0,1,1
GU8 5AB,28,13,15,13
GU8 5AD,24,9,15,11
GU8 5AE,26,12,14,9
GU8 5AF,11,5,6,4
GU8 5AG,46,23,23,17
GU8 5AH,41,22,19,13
GU8 5AJ,3,1,2,3
GU8 5AL,57,26,31,15
GU8 5AN,30,13,17,11
GU8 5AP,9,4,5,5
GU8 5AQ,31,18,13,13
GU8 5AR,13,6,7,8
GU8 5AS,24,11,13,12
GU8 5AU,4,2,2,2
GU8 5AW,16,9,7,8
GU8 5AX,60,28,32,28
GU8 5AZ,26,4,22,23
GU8 5BA,19,9,10,8
GU8 5BB,8,5,3,2
GU8 5BD,8,5,3,4
GU8 5BE,111,51,60,51
GU8 5BF,19,8,11,9
GU8 5BG,41,22,19,14
GU8 5BH,53,26,27,17
GU8 5BJ,14,6,8,6
GU8 5BL,36,14,22,14
GU8 5BN,4,2,2,2
GU8 5BP,24,12,12,9
GU8 5BQ,29,15,14,10
GU8 5BS,18,11,7,7
GU8 5BT,6,3,3,2
GU8 5BU,9,4,5,4
GU8 5BW,6,3,3,2
GU8 5BX,12,4,8,4
GU8 5BY,35,17,18,12
GU8 5DA,40,20,20,17
GU8 5DB,94,46,48,45
GU8 5DD,86,45,41,36
GU8 5DE,40,19,21,14
GU8 5DF,49,24,25,14
GU8 5DG,20,13,7,7
GU8 5DH,46,26,20,17
GU8 5DJ,25,10,15,16
GU8 5DL,62,27,35,30
GU8 5DN,16,7,9,9
GU8 5DP,10,6,4,3
GU8 5DQ,47,21,26,35
GU8 5DR,57,32,25,16
GU8 5DS,39,17,22,14
GU8 5DT,10,6,4,4
GU8 5DU,14,6,8,5
GU8 5DW,76,41,35,43
GU8 5DX,3,2,1,2
GU8 5DY,22,14,8,7
GU8 5DZ,6,4,2,1
GU8 5EA,22,13,9,8
GU8 5EB,19,8,11,10
GU8 5ED,85,39,46,40
GU8 5EE,20,13,7,7
GU8 5EF,66,32,34,25
GU8 5EG,83,42,41,37
GU8 5EH,31,14,17,13
GU8 5EJ,4,3,1,2
GU8 5EP,10,6,4,4
GU8 5EQ,115,53,62,46
GU8 5ER,51,21,30,17
GU8 5ES,21,10,11,8
GU8 5ET,22,8,14,16
GU8 5EU,62,30,32,23
GU8 5EW,30,12,18,9
GU8 5EX,20,6,14,16
GU8 5EY,10,5,5,4
GU8 5FA,4,2,2,2
GU8 5FB,22,11,11,10
GU8 5FD,50,24,26,22
GU8 5FE,30,14,16,10
GU8 5HA,37,18,19,12
GU8 5HB,48,17,31,22
GU8 5HD,9,3,6,4
GU8 5HE,4,2,2,1
GU8 5HG,11,3,8,7
GU8 5HH,3,1,2,1
GU8 5HJ,81,35,46,42
GU8 5HL,2,1,1,1
GU8 5HN,70,31,39,24
GU8 5HP,10,5,5,5
GU8 5HQ,24,8,16,22
GU8 5HR,27,13,14,19
GU8 5HS,3,1,2,2
GU8 5HT,4,3,1,1
GU8 5HU,32,15,17,15
GU8 5HW,25,12,13,7
GU8 5HX,10,7,3,4
GU8 5HY,37,20,17,12
GU8 5HZ,24,12,12,8
GU8 5JA,23,9,14,9
GU8 5JB,14,5,9,6
GU8 5JD,114,52,62,47
GU8 5JE,39,13,26,29
GU8 5JF,118,63,55,44
GU8 5JG,83,46,37,30
GU8 5JH,44,18,26,18
GU8 5JJ,66,36,30,24
GU8 5JL,38,20,18,14
GU8 5JN,53,28,25,18
GU8 5JP,138,69,69,55
GU8 5JQ,13,7,6,9
GU8 5JR,68,32,36,26
GU8 5JS,40,17,23,12
GU8 5JT,52,20,32,27
GU8 5JU,13,3,10,7
GU8 5JW,82,39,43,33
GU8 5JX,45,24,21,13
GU8 5JY,19,8,11,5
GU8 5JZ,8,3,5,3
GU8 5LA,67,36,31,24
GU8 5LB,66,34,32,21
GU8 5LD,4,2,2,2
GU8 5LE,3,1,2,1
GU8 5LF,17,8,9,6
GU8 5LJ,7,3,4,5
GU8 5LL,35,20,15,12
GU8 5LN,48,20,28,15
GU8 5LP,25,12,13,8
GU8 5LQ,21,12,9,9
GU8 5LR,7,4,3,2
GU8 5LS,12,6,6,5
GU8 5LT,33,18,15,12
GU8 5LU,24,11,13,9
GU8 5LW,4,1,3,2
GU8 5LX,18,6,12,7
GU8 5LY,13,5,8,7
GU8 5LZ,36,15,21,12
GU8 5NA,26,13,13,10
GU8 5NB,14,4,10,7
GU8 5ND,7,3,4,3
GU8 5NE,20,8,12,6
GU8 5NF,15,7,8,6
GU8 5NG,34,16,18,11
GU8 5NH,6,3,3,2
GU8 5NJ,58,33,25,24
GU8 5NL,52,29,23,21
GU8 5NP,58,26,32,36
GU8 5NQ,26,14,12,9
GU8 5NR,47,22,25,22
GU8 5NS,19,12,7,5
GU8 5NU,19,8,11,8
GU8 5NW,21,10,11,14
GU8 5NX,9,4,5,2
GU8 5NY,5,3,2,1
GU8 5NZ,8,5,3,5
GU8 5PA,94,47,47,42
GU8 5PB,2,1,1,1
GU8 5PH,43,24,19,16
GU8 5PL,43,18,25,22
GU8 5PN,21,12,9,6
GU8 5PP,38,16,22,13
GU8 5PQ,79,36,43,34
GU8 5PR,32,14,18,11
GU8 5PS,11,6,5,4
GU8 5PT,8,4,4,4
GU8 5PU,2,2,0,1
GU8 5PW,25,11,14,8
GU8 5PX,7,4,3,3
GU8 5QA,36,16,20,14
GU8 5QB,87,40,47,35
GU8 5QD,47,25,22,21
GU8 5QE,54,26,28,20
GU8 5QF,32,15,17,13
GU8 5QH,8,3,5,3
GU8 5QJ,11,5,6,2
GU8 5QP,34,13,21,14
GU8 5QQ,19,8,11,6
GU8 5QR,16,7,9,5
GU8 5QS,10,6,4,4
GU8 5QT,72,35,37,26
GU8 5QU,65,31,34,21
GU8 5QW,78,34,44,26
GU8 5QX,54,23,31,22
GU8 5QY,32,18,14,11
GU8 5QZ,75,37,38,29
GU8 5RA,50,23,27,20
GU8 5RB,61,34,27,21
GU8 5RD,26,11,15,11
GU8 5RE,12,5,7,6
GU8 5RF,64,25,39,24
GU8 5RG,48,18,30,22
GU8 5RH,84,43,41,34
GU8 5RJ,67,31,36,23
GU8 5RL,25,12,13,9
GU8 5RN,80,38,42,28
GU8 5RP,92,51,41,30
GU8 5RQ,95,47,48,30
GU8 5RR,56,25,31,28
GU8 5RW,78,39,39,29
GU8 5RY,6,4,2,3
GU8 5SA,5,2,3,1
GU8 5SB,5,2,3,2
GU8 5SD,5,2,3,2
GU8 5SE,8,4,4,3
GU8 5SF,4,3,1,2
GU8 5SG,241,123,118,2
GU8 5SH,1,0,1,1
GU8 5SJ,17,9,8,6
GU8 5SL,3,1,2,2
GU8 5SN,19,9,10,8
GU8 5SP,24,12,12,8
GU8 5SQ,2,0,2,2
GU8 5SR,34,21,13,14
GU8 5SS,18,10,8,6
GU8 5ST,7,3,4,3
GU8 5SU,88,46,42,31
GU8 5SW,33,12,21,11
GU8 5SX,45,24,21,16
GU8 5SY,4,2,2,1
GU8 5TA,18,10,8,8
GU8 5TB,13,8,5,4
GU8 5TD,15,9,6,5
GU8 5TE,24,14,10,9
GU8 5TF,16,6,10,6
GU8 5TL,45,22,23,13
GU8 5TN,12,8,4,5
GU8 5TP,22,8,14,6
GU8 5TQ,14,8,6,6
GU8 5TR,86,40,46,29
GU8 5TS,3,1,2,2
GU8 5TT,3,1,2,2
GU8 5TU,20,9,11,9
GU8 5TX,18,8,10,4
GU8 5TY,32,16,16,12
GU8 5UA,119,43,76,19
GU8 5UB,22,13,9,8
GU8 5UD,22,11,11,8
GU8 5UE,2,1,1,1
GU8 5UF,2,1,1,1
GU8 5UG,22,9,13,7
GU8 5UH,6,2,4,4
GU8 5UJ,26,11,15,9
GU8 5UL,20,13,7,7
GU8 5UN,7,4,3,3
GU8 5UP,20,8,12,7
GU8 5UQ,27,15,12,11
GU8 5UR,63,30,33,27
GU8 5US,116,61,55,64
GU8 5UT,6,3,3,3
GU8 5UU,6,2,4,3
GU8 5UW,28,13,15,9
GU8 5UX,17,7,10,5
GU8 5UY,2,1,1,1
GU8 6AA,3,2,1,1
GU8 6AB,11,6,5,4
GU8 6AD,21,13,8,6
GU8 6AE,51,24,27,16
GU8 6AF,7,4,3,3
GU8 6AG,4,2,2,3
GU8 6AH,36,18,18,13
GU8 6AJ,8,4,4,4
GU8 6AL,9,5,4,5
GU8 6AN,27,19,8,11
GU8 6AP,16,7,9,6
GU8 6AQ,4,2,2,3
GU8 6AR,14,7,7,4
GU8 6AS,55,51,4,1
GU8 6AT,7,4,3,4
GU8 6AU,1,0,1,1
GU8 6AW,2,0,2,2
GU8 6AX,45,27,18,13
GU8 6AY,42,22,20,14
GU8 6AZ,26,14,12,8
GU8 6BA,41,21,20,12
GU8 6BB,3,1,2,1
GU8 6BD,2,1,1,1
GU8 6BE,3,2,1,1
GU8 6BG,23,10,13,11
GU8 6BH,41,19,22,16
GU8 6BJ,10,5,5,3
GU8 6BL,8,4,4,4
GU8 6BN,15,6,9,6
GU8 6BQ,14,7,7,6
GU8 6BU,21,10,11,10
GU8 6BW,1,0,1,1
GU8 6BX,30,13,17,15
GU8 6BZ,49,28,21,22
GU8 6DA,25,11,14,9
GU8 6DB,22,3,19,3
GU8 6DD,24,10,14,13
GU8 6DE,23,12,11,9
GU8 6DF,7,3,4,3
GU8 6DG,30,15,15,16
GU8 6DH,51,24,27,23
GU8 6DJ,19,10,9,8
GU8 6DL,36,16,20,16
GU8 6DN,50,22,28,18
GU8 6DP,22,11,11,12
GU8 6DQ,110,55,55,41
GU8 6DR,60,33,27,24
GU8 6DS,57,31,26,25
GU8 6DT,74,34,40,27
GU8 6DU,29,15,14,10
GU8 6DW,31,13,18,13
GU8 6DX,50,25,25,17
GU8 6DY,29,15,14,11
GU8 6DZ,55,27,28,33
GU8 6EA,15,8,7,7
GU8 6EB,52,27,25,17
GU8 6ED,18,10,8,8
GU8 6EE,5,3,2,2
GU8 6EF,35,20,15,17
GU8 6EG,105,47,58,41
GU8 6EH,20,10,10,16
GU8 6EJ,29,15,14,22
GU8 6EL,54,26,28,22
GU8 6EN,35,18,17,13
GU8 6EP,7,5,2,7
GU8 6EQ,34,16,18,14
GU8 6ER,10,4,6,8
GU8 6ES,7,3,4,4
GU8 6ET,12,6,6,5
GU8 6HA,19,11,8,9
GU8 6HB,17,7,10,8
GU8 6HD,20,9,11,6
GU8 6HE,5,1,4,4
GU8 6HF,23,12,11,7
GU8 6HG,67,33,34,29
GU8 6HH,42,22,20,20
GU8 6HJ,86,42,44,43
GU8 6HL,8,6,2,4
GU8 6HN,25,13,12,15
GU8 6HP,10,6,4,6
GU8 6HQ,77,39,38,34
GU8 6HR,26,16,10,12
GU8 6HS,34,16,18,17
GU8 6HT,25,14,11,11
GU8 6HU,13,6,7,4
GU8 6HW,8,2,6,4
GU8 6HX,5,2,3,1
GU8 6HY,20,10,10,7
GU8 6HZ,53,25,28,19
GU8 6JA,78,39,39,31
GU8 6JB,48,25,23,18
GU8 6JD,69,36,33,29
GU8 6JE,69,32,37,28
GU8 6JF,12,5,7,3
GU8 6JG,16,7,9,8
GU8 6JL,69,35,34,27
GU8 6LA,42,22,20,18
GU8 6LB,12,7,5,4
GU8 6LE,36,15,21,12
GU8 6LF,18,8,10,7
GU8 6LG,19,11,8,7
GU8 6LH,4,2,2,2
GU8 6LJ,14,6,8,5
GU8 6LL,31,16,15,11
GU8 6LN,44,18,26,15
GU8 6LQ,33,18,15,14
GU8 6LW,65,31,34,27
GU8 6NA,11,7,4,3
GU8 6NB,5,2,3,2
GU8 6NE,68,34,34,40
GU8 6NG,16,8,8,5
GU8 6NH,1,1,0,1
GU8 6NJ,15,8,7,6
GU8 6NN,19,8,11,8
GU8 6NP,2,1,1,1
GU8 6NQ,3,2,1,2
GU8 6NR,26,12,14,8
GU8 6NS,3,2,1,2
GU8 6NT,3,1,2,2
GU8 6NW,75,40,35,28
GU8 6QA,28,13,15,16
GU8 6QB,15,5,10,8
GU8 6QD,41,22,19,24
GU8 6QE,36,16,20,14
GU8 6QF,11,5,6,5
GU8 6QG,5,4,1,2
GU8 6QH,32,15,17,12
GU8 6QJ,38,17,21,15
GU8 6QL,2,1,1,1
GU8 6QN,25,9,16,7
GU8 6QP,11,7,4,5
GU8 6QQ,38,13,25,17
GU8 6QR,4,2,2,3
GU8 6QS,1,0,1,1
GU8 6QT,2,0,2,1
GU8 6QW,78,44,34,25
GU9 0AA,11,6,5,7
GU9 0AB,3,2,1,1
GU9 0AD,12,5,7,3
GU9 0AH,24,9,15,12
GU9 0AJ,9,6,3,4
GU9 0AL,2,1,1,1
GU9 0AN,11,4,7,3
GU9 0AP,6,2,4,2
GU9 0AR,15,11,4,6
GU9 0AS,17,8,9,7
GU9 0AT,20,9,11,12
GU9 0AU,1,0,1,1
GU9 0AW,15,8,7,5
GU9 0AX,2,1,1,1
GU9 0AY,10,5,5,4
GU9 0AZ,27,15,12,11
GU9 0BA,6,4,2,2
GU9 0BB,14,7,7,5
GU9 0BD,21,9,12,9
GU9 0BE,53,27,26,20
GU9 0BG,44,22,22,20
GU9 0BH,11,7,4,4
GU9 0BJ,9,2,7,6
GU9 0BL,8,4,4,4
GU9 0BN,29,16,13,12
GU9 0BP,4,1,3,2
GU9 0BQ,100,44,56,36
GU9 0BS,40,19,21,14
GU9 0BT,57,27,30,25
GU9 0BU,5,2,3,3
GU9 0BW,16,8,8,9
GU9 0BX,21,8,13,10
GU9 0BY,25,12,13,13
GU9 0BZ,16,8,8,6
GU9 0DA,35,14,21,14
GU9 0DB,46,22,24,18
GU9 0DD,55,29,26,19
GU9 0DE,79,42,37,28
GU9 0DF,22,10,12,7
GU9 0DG,49,25,24,16
GU9 0DH,36,18,18,12
GU9 0DJ,33,16,17,11
GU9 0DL,14,7,7,6
GU9 0DN,11,6,5,6
GU9 0DQ,45,22,23,21
GU9 0DR,23,13,10,11
GU9 0DS,42,20,22,20
GU9 0DT,75,32,43,36
GU9 0DU,97,43,54,36
GU9 0DX,26,11,15,11
GU9 0DY,95,49,46,35
GU9 0DZ,99,48,51,30
GU9 0EA,28,10,18,11
GU9 0EB,36,14,22,19
GU9 0ED,74,38,36,24
GU9 0EE,63,33,30,20
GU9 0EF,57,26,31,20
GU9 0EG,70,37,33,23
GU9 0EH,77,36,41,32
GU9 0EJ,117,63,54,45
GU9 0EL,23,12,11,9
GU9 0EN,14,6,8,7
GU9 0EP,36,16,20,15
GU9 0EQ,114,63,51,34
GU9 0ER,112,46,66,40
GU9 0ES,88,42,46,40
GU9 0EU,52,29,23,16
GU9 0EW,13,8,5,5
GU9 0EX,84,46,38,33
GU9 0EY,36,14,22,10
GU9 0FE,11,5,6,4
GU9 0FF,13,7,6,5
GU9 0HE,8,5,3,2
GU9 0HF,19,12,7,6
GU9 0HG,52,29,23,22
GU9 0HH,20,10,10,9
GU9 0HJ,17,9,8,6
GU9 0HL,5,3,2,2
GU9 0HN,59,35,24,27
GU9 0HP,12,9,3,6
GU9 0HQ,26,13,13,11
GU9 0HR,11,5,6,4
GU9 0HS,28,15,13,12
GU9 0HT,26,13,13,13
GU9 0HU,40,21,19,18
GU9 0HW,76,34,42,30
GU9 0HX,75,35,40,35
GU9 0HY,33,14,19,16
GU9 0HZ,17,9,8,9
GU9 0JA,54,26,28,17
GU9 0JB,35,18,17,17
GU9 0JD,64,34,30,26
GU9 0JE,40,24,16,16
GU9 0JF,5,4,1,2
GU9 0JG,52,21,31,28
GU9 0JH,19,9,10,9
GU9 0JJ,62,35,27,21
GU9 0JL,14,7,7,5
GU9 0JN,22,11,11,7
GU9 0JP,34,19,15,12
GU9 0JQ,23,11,12,10
GU9 0JR,12,6,6,6
GU9 0JS,11,6,5,5
GU9 0JT,9,4,5,4
GU9 0JW,8,5,3,4
GU9 0JY,8,4,4,4
GU9 0JZ,2,1,1,1
GU9 0LA,33,16,17,15
GU9 0LB,39,19,20,18
GU9 0LD,45,22,23,15
GU9 0LE,47,24,23,17
GU9 0LF,18,8,10,7
GU9 0LG,71,39,32,25
GU9 0LH,27,12,15,11
GU9 0LJ,22,12,10,6
GU9 0LL,6,3,3,3
GU9 0LN,11,5,6,4
GU9 0LP,61,28,33,21
GU9 0LQ,14,7,7,8
GU9 0LR,6,5,1,2
GU9 0LS,1,1,0,1
GU9 0LT,42,16,26,20
GU9 0LU,25,15,10,12
GU9 0LW,13,6,7,4
GU9 0LX,54,29,25,18
GU9 0LY,27,11,16,11
GU9 0LZ,165,75,90,56
GU9 0NA,41,24,17,15
GU9 0NB,34,12,22,25
GU9 0ND,7,3,4,4
GU9 0NE,39,10,29,31
GU9 0NG,22,11,11,8
GU9 0NJ,53,30,23,19
GU9 0NL,148,70,78,58
GU9 0NN,51,23,28,21
GU9 0NP,99,44,55,41
GU9 0NQ,61,26,35,30
GU9 0NR,50,26,24,20
GU9 0NS,39,18,21,17
GU9 0NT,126,71,55,48
GU9 0NU,86,46,40,35
GU9 0NW,43,22,21,17
GU9 0NX,46,20,26,21
GU9 0NY,6,3,3,2
GU9 0NZ,32,15,17,12
GU9 0PA,38,19,19,12
GU9 0PB,29,13,16,15
GU9 0PD,81,41,40,32
GU9 0PE,22,9,13,10
GU9 0PF,34,16,18,17
GU9 0PG,17,8,9,6
GU9 0PL,19,10,9,15
GU9 0PQ,22,12,10,9
GU9 0PR,68,33,35,34
GU9 0PS,22,11,11,9
GU9 0PT,10,4,6,5
GU9 0PU,26,13,13,12
GU9 0PX,23,12,11,9
GU9 0PY,8,4,4,4
GU9 0PZ,38,16,22,14
GU9 0QA,53,26,27,24
GU9 0QB,10,5,5,4
GU9 0QD,25,11,14,8
GU9 0QE,39,16,23,19
GU9 0QF,12,8,4,9
GU9 0QG,61,32,29,27
GU9 0QH,35,20,15,13
GU9 0QJ,10,4,6,6
GU9 0QL,56,28,28,22
GU9 0QN,114,53,61,44
GU9 0QP,9,3,6,6
GU9 0QQ,105,50,55,43
GU9 0QT,9,5,4,3
GU9 0QW,58,33,25,21
GU9 0QY,61,30,31,22
GU9 0QZ,24,11,13,9
GU9 0RA,115,51,64,41
GU9 0RB,55,31,24,20
GU9 0RD,50,25,25,17
GU9 0RE,47,23,24,14
GU9 0RF,30,14,16,11
GU9 0RH,65,31,34,26
GU9 0RU,41,20,21,15
GU9 0RW,27,12,15,7
GU9 0RX,34,18,16,16
GU9 0RY,18,7,11,9
GU9 0RZ,48,26,22,20
GU9 0SA,24,14,10,10
GU9 0SB,58,31,27,22
GU9 0SD,8,4,4,4
GU9 0SE,30,15,15,11
GU9 0SF,57,27,30,22
GU9 0SJ,58,33,25,19
GU9 7AA,60,28,32,25
GU9 7AB,2,1,1,1
GU9 7AD,3,1,2,3
GU9 7AE,6,2,4,6
GU9 7AG,67,32,35,26
GU9 7AH,84,45,39,38
GU9 7AJ,60,35,25,28
GU9 7AL,48,23,25,20
GU9 7AN,79,45,34,40
GU9 7AP,33,13,20,13
GU9 7AQ,98,47,51,38
GU9 7AR,18,9,9,11
GU9 7AS,10,5,5,3
GU9 7AT,63,34,29,28
GU9 7AU,103,51,52,39
GU9 7AW,27,10,17,16
GU9 7AY,6,4,2,3
GU9 7BA,78,23,55,15
GU9 7BD,57,28,29,29
GU9 7BE,9,4,5,7
GU9 7BF,6,3,3,4
GU9 7BG,53,24,29,21
GU9 7BH,72,37,35,26
GU9 7BJ,58,25,33,24
GU9 7BL,26,11,15,10
GU9 7BN,64,33,31,23
GU9 7BP,18,9,9,9
GU9 7BQ,62,31,31,29
GU9 7BS,15,8,7,5
GU9 7BT,72,40,32,24
GU9 7BU,6,4,2,2
GU9 7BW,76,41,35,29
GU9 7BX,46,19,27,16
GU9 7BY,63,30,33,25
GU9 7BZ,22,11,11,8
GU9 7DA,8,4,4,5
GU9 7DB,78,38,40,31
GU9 7DD,33,17,16,10
GU9 7DE,90,39,51,38
GU9 7DF,21,11,10,6
GU9 7DG,42,20,22,16
GU9 7DH,25,12,13,13
GU9 7DJ,104,46,58,0
GU9 7DL,10,5,5,6
GU9 7DN,22,12,10,10
GU9 7DP,5,2,3,3
GU9 7DQ,8,6,2,4
GU9 7DR,25,15,10,13
GU9 7DS,26,8,18,0
GU9 7DT,4,4,0,4
GU9 7DU,13,5,8,7
GU9 7DX,50,22,28,25
GU9 7DY,39,16,23,25
GU9 7DZ,18,9,9,10
GU9 7EA,3,1,2,2
GU9 7ED,4,1,3,2
GU9 7EE,16,6,10,10
GU9 7EF,4,1,3,4
GU9 7EG,111,55,56,42
GU9 7EH,40,12,28,22
GU9 7EJ,10,3,7,5
GU9 7EL,19,6,13,18
GU9 7EN,32,14,18,15
GU9 7EX,25,11,14,13
GU9 7EY,9,5,4,6
GU9 7EZ,3,3,0,3
GU9 7FY,18,8,10,11
GU9 7GA,4,1,3,4
GU9 7GB,6,4,2,3
GU9 7GD,8,4,4,3
GU9 7GE,7,5,2,3
GU9 7HA,13,3,10,12
GU9 7HB,210,93,117,3
GU9 7HE,11,3,8,7
GU9 7HF,13,5,8,10
GU9 7HH,5,1,4,3
GU9 7HN,7,3,4,5
GU9 7HQ,10,2,8,7
GU9 7HR,9,3,6,5
GU9 7HX,71,32,39,39
GU9 7HY,11,7,4,4
GU9 7HZ,29,7,22,26
GU9 7JA,34,16,18,18
GU9 7JB,37,17,20,22
GU9 7JD,16,8,8,9
GU9 7JE,6,3,3,4
GU9 7JF,5,2,3,4
GU9 7JG,7,3,4,4
GU9 7JH,21,8,13,15
GU9 7JJ,69,28,41,24
GU9 7JL,38,19,19,14
GU9 7JN,13,6,7,7
GU9 7JP,2,1,1,1
GU9 7JQ,8,3,5,3
GU9 7JR,52,20,32,23
GU9 7JS,29,15,14,11
GU9 7JT,40,19,21,16
GU9 7JU,54,25,29,19
GU9 7JW,20,7,13,13
GU9 7JX,55,25,30,31
GU9 7JY,49,25,24,17
GU9 7JZ,5,3,2,2
GU9 7LA,2,0,2,1
GU9 7LB,26,11,15,13
GU9 7LD,19,7,12,16
GU9 7LE,2,1,1,1
GU9 7LF,37,18,19,23
GU9 7LH,6,4,2,5
GU9 7LN,22,11,11,10
GU9 7LP,8,4,4,4
GU9 7LU,16,9,7,9
GU9 7LX,16,7,9,11
GU9 7NA,3,1,2,3
GU9 7ND,1,1,0,1
GU9 7NQ,1,1,0,1
GU9 7NU,3,1,2,1
GU9 7NX,11,3,8,6
GU9 7PB,14,8,6,7
GU9 7PD,2,1,1,1
GU9 7PF,1,0,1,1
GU9 7PH,8,3,5,5
GU9 7PL,6,4,2,4
GU9 7PN,6,3,3,3
GU9 7PP,21,13,8,8
GU9 7PQ,5,4,1,3
GU9 7PR,6,3,3,3
GU9 7PS,37,19,18,23
GU9 7PT,23,8,15,10
GU9 7PW,7,4,3,4
GU9 7PZ,2,2,0,2
GU9 7QB,12,5,7,4
GU9 7QD,27,11,16,19
GU9 7QE,34,13,21,24
GU9 7QF,25,12,13,17
GU9 7QL,8,5,3,5
GU9 7QN,81,36,45,39
GU9 7QP,6,3,3,2
GU9 7QR,27,13,14,13
GU9 7QS,2,1,1,2
GU9 7QU,23,10,13,8
GU9 7QW,41,17,24,20
GU9 7QX,1,1,0,1
GU9 7RA,13,9,4,12
GU9 7RB,14,5,9,12
GU9 7RF,24,5,19,23
GU9 7RH,19,7,12,11
GU9 7RJ,29,14,15,14
GU9 7RL,21,10,11,10
GU9 7RP,3,2,1,1
GU9 7RQ,26,6,20,24
GU9 7RT,14,6,8,13
GU9 7RU,42,9,33,41
GU9 7RX,5,3,2,2
GU9 7SD,4,2,2,2
GU9 7SJ,19,12,7,15
GU9 7SN,7,2,5,4
GU9 7ST,4,1,3,2
GU9 7SU,24,12,12,12
GU9 7SW,4,1,3,2
GU9 7TB,52,28,24,28
GU9 7TD,27,15,12,10
GU9 7TE,106,48,58,37
GU9 7TF,25,14,11,12
GU9 7TG,59,31,28,18
GU9 7TH,16,8,8,9
GU9 7TJ,24,13,11,11
GU9 7TL,13,8,5,7
GU9 7TN,3,1,2,3
GU9 7TP,22,15,7,9
GU9 7TQ,12,6,6,4
GU9 7TR,3,2,1,2
GU9 7TS,3,3,0,1
GU9 7TT,5,2,3,3
GU9 7TU,6,3,3,3
GU9 7TW,3,1,2,3
GU9 7TY,7,7,0,2
GU9 7UD,7,3,4,4
GU9 7UE,38,10,28,31
GU9 7UF,109,53,56,46
GU9 7UH,36,8,28,1
GU9 7UQ,29,5,24,0
GU9 7UR,13,9,4,9
GU9 7XG,61,31,30,28
GU9 7XH,19,10,9,4
GU9 7XN,34,19,15,15
GU9 7XP,22,11,11,14
GU9 7XQ,26,12,14,15
GU9 7XR,8,3,5,5
GU9 7XW,21,7,14,11
GU9 7XX,1,1,0,1
GU9 7YZ,21,9,12,16
GU9 8AA,42,24,18,10
GU9 8AE,20,10,10,10
GU9 8AF,11,6,5,8
GU9 8AG,8,3,5,3
GU9 8AH,47,22,25,27
GU9 8AJ,65,29,36,23
GU9 8AL,9,5,4,4
GU9 8AN,92,45,47,33
GU9 8AP,10,6,4,2
GU9 8AT,12,7,5,6
GU9 8AU,13,6,7,8
GU9 8AW,91,45,46,40
GU9 8AX,10,5,5,5
GU9 8AY,19,10,9,8
GU9 8BB,47,24,23,14
GU9 8BD,5,1,4,4
GU9 8BE,8,3,5,6
GU9 8BF,13,6,7,7
GU9 8BG,10,3,7,4
GU9 8BH,64,25,39,11
GU9 8BJ,32,15,17,12
GU9 8BN,32,14,18,19
GU9 8BP,30,13,17,13
GU9 8BQ,52,27,25,16
GU9 8BS,62,27,35,22
GU9 8BT,50,26,24,19
GU9 8BU,33,17,16,13
GU9 8BW,8,4,4,2
GU9 8BX,27,14,13,10
GU9 8BY,36,17,19,11
GU9 8BZ,84,48,36,29
GU9 8DA,18,10,8,8
GU9 8DB,11,4,7,8
GU9 8DD,47,22,25,5
GU9 8DE,13,6,7,8
GU9 8DF,90,46,44,53
GU9 8DG,89,42,47,35
GU9 8DH,80,38,42,29
GU9 8DJ,44,20,24,16
GU9 8DL,81,40,41,34
GU9 8DN,19,7,12,8
GU9 8DP,4,1,3,1
GU9 8DQ,90,49,41,30
GU9 8DR,26,12,14,14
GU9 8DS,26,13,13,13
GU9 8DT,18,10,8,8
GU9 8DU,25,12,13,10
GU9 8DW,44,22,22,17
GU9 8DX,30,14,16,11
GU9 8DY,97,45,52,33
GU9 8DZ,23,13,10,14
GU9 8EG,39,21,18,16
GU9 8EH,21,10,11,7
GU9 8EL,19,10,9,7
GU9 8EN,3,1,2,1
GU9 8EP,4,2,2,2
GU9 8EQ,3,1,2,2
GU9 8ES,5,2,3,2
GU9 8ET,5,3,2,2
GU9 8EU,3,2,1,2
GU9 8EW,7,2,5,2
GU9 8EZ,10,6,4,5
GU9 8HA,12,4,8,8
GU9 8HB,5,2,3,3
GU9 8HD,6,3,3,4
GU9 8HE,8,4,4,3
GU9 8HF,11,5,6,3
GU9 8HG,25,11,14,10
GU9 8HH,6,2,4,2
GU9 8HJ,31,17,14,14
GU9 8HL,28,14,14,10
GU9 8HN,45,22,23,19
GU9 8HP,30,15,15,11
GU9 8HQ,32,18,14,14
GU9 8HR,6,2,4,2
GU9 8HS,6,4,2,2
GU9 8HT,16,9,7,6
GU9 8HU,14,7,7,6
GU9 8HW,19,11,8,7
GU9 8HX,27,10,17,9
GU9 8HY,64,31,33,24
GU9 8HZ,69,34,35,30
GU9 8JA,11,6,5,5
GU9 8JB,39,15,24,23
GU9 8JD,9,1,8,9
GU9 8JE,10,5,5,4
GU9 8JF,4,0,4,4
GU9 8JG,46,22,24,16
GU9 8JH,61,29,32,23
GU9 8JJ,35,14,21,15
GU9 8JL,37,17,20,13
GU9 8JN,50,23,27,15
GU9 8JP,29,14,15,9
GU9 8JQ,38,20,18,14
GU9 8JR,50,26,24,15
GU9 8JS,12,6,6,6
GU9 8JT,18,9,9,6
GU9 8JU,44,21,23,17
GU9 8JW,13,8,5,4
GU9 8JX,24,11,13,7
GU9 8JY,66,33,33,27
GU9 8JZ,19,13,6,5
GU9 8LA,28,13,15,21
GU9 8LD,11,5,6,8
GU9 8LE,24,13,11,8
GU9 8LF,38,16,22,32
GU9 8LH,29,17,12,9
GU9 8LJ,89,33,56,23
GU9 8LL,28,17,11,15
GU9 8LN,28,14,14,8
GU9 8LP,25,15,10,8
GU9 8LQ,59,32,27,22
GU9 8LR,110,59,51,40
GU9 8LS,108,51,57,38
GU9 8LW,40,16,24,11
GU9 8LX,25,12,13,8
GU9 8LY,1,0,1,1
GU9 8LZ,88,43,45,29
GU9 8NA,64,31,33,27
GU9 8NB,75,40,35,29
GU9 8ND,80,38,42,31
GU9 8NE,7,3,4,2
GU9 8NF,29,19,10,15
GU9 8NG,39,13,26,20
GU9 8NH,13,7,6,9
GU9 8NJ,19,7,12,14
GU9 8NL,30,11,19,26
GU9 8NN,56,30,26,19
GU9 8NP,107,51,56,47
GU9 8NQ,11,4,7,8
GU9 8NR,26,14,12,14
GU9 8NS,36,14,22,11
GU9 8NT,70,36,34,26
GU9 8NU,74,31,43,25
GU9 8NW,84,38,46,25
GU9 8NX,122,64,58,42
GU9 8NY,141,73,68,48
GU9 8NZ,110,55,55,37
GU9 8PA,51,29,22,21
GU9 8PB,55,28,27,19
GU9 8PD,97,49,48,40
GU9 8PE,66,31,35,28
GU9 8PF,13,8,5,5
GU9 8PG,30,8,22,23
GU9 8PH,17,4,13,10
GU9 8PJ,8,2,6,6
GU9 8PL,6,2,4,4
GU9 8PN,38,16,22,12
GU9 8PP,1,1,0,1
GU9 8PR,56,27,29,26
GU9 8PS,51,25,26,20
GU9 8PT,27,12,15,12
GU9 8PU,30,14,16,11
GU9 8PW,19,9,10,10
GU9 8PX,11,5,6,4
GU9 8PY,45,22,23,23
GU9 8PZ,71,35,36,36
GU9 8QA,62,24,38,33
GU9 8QB,38,19,19,24
GU9 8QD,35,14,21,16
GU9 8QE,65,32,33,23
GU9 8QF,10,5,5,3
GU9 8QG,56,26,30,18
GU9 8QH,12,7,5,8
GU9 8QJ,26,9,17,12
GU9 8QP,88,45,43,34
GU9 8QQ,9,3,6,3
GU9 8QR,27,15,12,12
GU9 8QU,32,15,17,12
GU9 8QX,58,27,31,25
GU9 8QY,28,15,13,11
GU9 8QZ,6,3,3,4
GU9 8RA,50,25,25,18
GU9 8RB,51,25,26,21
GU9 8RD,69,32,37,27
GU9 8RE,12,5,7,5
GU9 8RF,46,26,20,17
GU9 8RG,73,35,38,30
GU9 8RH,103,50,53,37
GU9 8RJ,68,34,34,28
GU9 8RL,60,27,33,26
GU9 8RN,76,38,38,35
GU9 8RP,76,36,40,33
GU9 8RQ,3,1,2,3
GU9 8RR,74,35,39,32
GU9 8RS,6,5,1,1
GU9 8RT,27,13,14,15
GU9 8RU,57,27,30,24
GU9 8RW,61,26,35,26
GU9 8RX,11,5,6,6
GU9 8RY,7,4,3,2
GU9 8RZ,22,14,8,9
GU9 8SA,71,33,38,22
GU9 8SB,82,41,41,29
GU9 8SD,29,14,15,12
GU9 8SE,31,18,13,11
GU9 8SF,44,23,21,17
GU9 8SG,13,6,7,4
GU9 8SH,54,27,27,25
GU9 8SJ,32,15,17,10
GU9 8SL,25,12,13,10
GU9 8SN,25,12,13,12
GU9 8SP,12,6,6,6
GU9 8SQ,79,41,38,32
GU9 8SR,68,35,33,26
GU9 8ST,18,13,5,13
GU9 8SU,18,9,9,8
GU9 8SW,14,8,6,4
GU9 8SX,45,20,25,28
GU9 8SY,26,14,12,9
GU9 8SZ,118,60,58,40
GU9 8TA,51,21,30,20
GU9 8TB,76,44,32,28
GU9 8TD,61,28,33,28
GU9 8TE,45,23,22,17
GU9 8TF,57,28,29,20
GU9 8TG,8,3,5,6
GU9 8TH,42,25,17,14
GU9 8TJ,83,38,45,32
GU9 8TL,127,67,60,42
GU9 8TN,26,12,14,10
GU9 8TP,98,51,47,32
GU9 8TQ,103,47,56,44
GU9 8TR,29,12,17,21
GU9 8TS,15,9,6,6
GU9 8TT,78,38,40,28
GU9 8TW,146,65,81,43
GU9 8TY,66,32,34,27
GU9 8TZ,19,9,10,8
GU9 8UA,20,9,11,7
GU9 8UB,3,2,1,2
GU9 8UD,6,3,3,2
GU9 8UE,21,9,12,8
GU9 8UF,17,10,7,7
GU9 8UG,2,1,1,1
GU9 8UH,122,66,56,50
GU9 8UL,81,41,40,25
GU9 8UN,3,2,1,1
GU9 8UP,26,13,13,9
GU9 8UQ,86,43,43,52
GU9 8UR,60,31,29,27
GU9 8US,69,35,34,26
GU9 8UT,25,14,11,15
GU9 8UW,84,41,43,37
GU9 8UY,20,9,11,15
GU9 8UZ,7,3,4,4
GU9 8WE,27,14,13,11
GU9 8WF,15,5,10,8
GU9 9AA,38,19,19,11
GU9 9AB,17,10,7,10
GU9 9AD,2,0,2,1
GU9 9AE,4,2,2,2
GU9 9AF,117,63,54,41
GU9 9AG,70,30,40,30
GU9 9AH,6,4,2,3
GU9 9AJ,22,12,10,8
GU9 9AL,21,10,11,9
GU9 9AN,44,23,21,17
GU9 9AP,17,8,9,6
GU9 9AQ,53,28,25,21
GU9 9AR,29,15,14,10
GU9 9AS,35,16,19,10
GU9 9AT,31,16,15,12
GU9 9AU,54,24,30,20
GU9 9AW,36,18,18,15
GU9 9AX,1,1,0,1
GU9 9AY,42,21,21,26
GU9 9AZ,45,19,26,16
GU9 9BA,39,20,19,18
GU9 9BB,42,21,21,25
GU9 9BD,33,17,16,16
GU9 9BE,68,29,39,26
GU9 9BH,19,7,12,12
GU9 9BJ,44,20,24,24
GU9 9BL,15,9,6,5
GU9 9BN,92,48,44,40
GU9 9BP,38,20,18,17
GU9 9BS,45,20,25,22
GU9 9BT,66,32,34,23
GU9 9BU,11,5,6,5
GU9 9BX,71,35,36,25
GU9 9DA,62,31,31,23
GU9 9DB,11,4,7,5
GU9 9DD,53,26,27,19
GU9 9DE,86,43,43,29
GU9 9DF,86,43,43,40
GU9 9DG,64,33,31,29
GU9 9DH,76,32,44,35
GU9 9DJ,83,41,42,37
GU9 9DL,33,13,20,14
GU9 9DN,69,30,39,33
GU9 9DP,35,17,18,16
GU9 9DQ,43,21,22,18
GU9 9DR,43,22,21,16
GU9 9DS,57,26,31,28
GU9 9DT,80,39,41,35
GU9 9DU,14,8,6,4
GU9 9DW,36,17,19,15
GU9 9DX,62,30,32,24
GU9 9DY,22,10,12,12
GU9 9DZ,49,25,24,22
GU9 9EA,66,33,33,29
GU9 9EB,20,10,10,10
GU9 9ED,78,47,31,28
GU9 9EE,69,35,34,25
GU9 9EF,59,28,31,23
GU9 9EG,44,26,18,20
GU9 9EH,21,9,12,11
GU9 9EJ,42,19,23,21
GU9 9EL,4,2,2,1
GU9 9EN,4,3,1,1
GU9 9EP,54,29,25,21
GU9 9EQ,19,9,10,7
GU9 9ER,35,18,17,11
GU9 9ES,49,27,22,19
GU9 9ET,46,19,27,15
GU9 9EU,13,7,6,5
GU9 9EW,42,24,18,17
GU9 9EX,35,17,18,12
GU9 9EY,90,43,47,35
GU9 9EZ,16,10,6,8
GU9 9FB,18,9,9,10
GU9 9FD,45,22,23,25
GU9 9FE,73,31,42,26
GU9 9FG,62,32,30,26
GU9 9FH,48,22,26,26
GU9 9FJ,16,9,7,9
GU9 9HA,34,21,13,10
GU9 9HB,39,22,17,16
GU9 9HD,39,20,19,14
GU9 9HE,87,43,44,34
GU9 9HG,35,20,15,13
GU9 9HH,64,32,32,26
GU9 9HJ,62,27,35,25
GU9 9HL,41,23,18,15
GU9 9HN,34,18,16,16
GU9 9HP,36,15,21,14
GU9 9HQ,38,16,22,18
GU9 9HS,9,5,4,4
GU9 9HT,32,14,18,21
GU9 9HU,76,32,44,61
GU9 9HW,47,23,24,19
GU9 9HX,57,31,26,22
GU9 9HY,24,13,11,10
GU9 9HZ,61,25,36,37
GU9 9JA,3,1,2,2
GU9 9JB,35,17,18,14
GU9 9JD,104,61,43,41
GU9 9JF,47,25,22,23
GU9 9JH,2,1,1,1
GU9 9JJ,4,3,1,1
GU9 9JL,6,5,1,1
GU9 9JN,7,3,4,3
GU9 9JP,11,5,6,7
GU9 9JQ,26,13,13,11
GU9 9JR,56,27,29,22
GU9 9JS,51,25,26,18
GU9 9JT,4,2,2,3
GU9 9JU,62,35,27,27
GU9 9JW,6,2,4,4
GU9 9JX,2,1,1,2
GU9 9JY,60,29,31,32
GU9 9JZ,96,49,47,35
GU9 9LA,27,15,12,21
GU9 9LB,35,16,19,14
GU9 9LD,14,6,8,7
GU9 9LE,10,4,6,3
GU9 9LF,28,10,18,8
GU9 9LG,23,11,12,10
GU9 9LH,38,18,20,13
GU9 9LJ,12,5,7,4
GU9 9LL,19,9,10,8
GU9 9LN,8,3,5,4
GU9 9LP,66,36,30,27
GU9 9LQ,39,21,18,20
GU9 9LR,13,7,6,4
GU9 9LS,36,17,19,14
GU9 9LT,26,9,17,13
GU9 9LU,37,19,18,19
GU9 9LW,26,15,11,9
GU9 9LX,86,40,46,33
GU9 9LY,10,5,5,4
GU9 9LZ,33,18,15,12
GU9 9NA,31,17,14,11
GU9 9NB,1,1,0,1
GU9 9ND,6,3,3,3
GU9 9NE,100,47,53,39
GU9 9NF,74,40,34,25
GU9 9NG,19,10,9,11
GU9 9NH,11,3,8,2
GU9 9NL,138,70,68,47
GU9 9NN,5,4,1,2
GU9 9NR,9,4,5,4
GU9 9NT,4,2,2,2
GU9 9NX,21,8,13,9
GU9 9PA,4,3,1,1
GU9 9PB,29,13,16,13
GU9 9PN,4,1,3,3
GU9 9PP,26,10,16,16
GU9 9PT,34,18,16,9
GU9 9PU,54,26,28,20
GU9 9PX,19,10,9,10
GU9 9PY,1,1,0,1
GU9 9QA,9,5,4,6
GU9 9QB,39,18,21,11
GU9 9QD,116,60,56,37
GU9 9QE,13,8,5,6
GU9 9QF,84,38,46,35
GU9 9QG,70,30,40,33
GU9 9QH,61,31,30,21
GU9 9QL,4,1,3,0
GU9 9QN,109,52,57,44
GU9 9QP,95,44,51,33
GU9 9QQ,60,30,30,22
GU9 9QR,21,8,13,8
GU9 9QT,64,32,32,24
GU9 9QU,22,12,10,15
GU9 9QW,24,11,13,10
GU9 9QX,7,3,4,3
GU9 9QY,26,12,14,10
GU9 9QZ,5,3,2,3
GU9 9RB,1,1,0,1
GU9 9RD,3,1,2,2
GU9 9RE,10,7,3,5
GU9 9RF,108,55,53,44
GU9 9RG,131,65,66,49
GU9 9RH,37,21,16,28
GU9 9RL,18,6,12,2
GU9 9RN,69,35,34,31
GU9 9RP,23,11,12,9
GU9 9RQ,125,49,76,47
GU9 9RW,38,18,20,10
GU9 9TB,48,24,24,28
GU9 9TD,47,23,24,22
GU9 9TE,46,20,26,25
GU9 9TF,38,20,18,24
HA0 1AD,49,28,21,12
HA0 1AE,117,56,61,36
HA0 1AF,52,29,23,19
HA0 1AH,113,66,47,32
HA0 1AJ,116,57,59,31
HA0 1AL,6,1,5,3
HA0 1AP,109,63,46,32
HA0 1AQ,175,93,82,45
HA0 1AR,179,93,86,48
HA0 1AS,50,28,22,16
HA0 1AT,122,56,66,40
HA0 1AU,67,37,30,26
HA0 1AX,13,6,7,5
HA0 1BH,11,7,4,4
HA0 1BJ,105,52,53,29
HA0 1BL,142,73,69,35
HA0 1BN,90,42,48,21
HA0 1BS,125,58,67,57
HA0 1BT,143,84,59,73
HA0 1BU,59,28,31,29
HA0 1BW,115,68,47,29
HA0 1DB,89,42,47,26
HA0 1DD,113,61,52,36
HA0 1DE,18,8,10,4
HA0 1DF,90,39,51,26
HA0 1DG,44,25,19,11
HA0 1DH,24,15,9,9
HA0 1DJ,9,5,4,4
HA0 1DL,80,44,36,23
HA0 1DN,79,41,38,22
HA0 1DP,71,31,40,18
HA0 1DQ,97,55,42,25
HA0 1DR,96,51,45,27
HA0 1DS,77,39,38,19
HA0 1DT,51,27,24,17
HA0 1DU,58,28,30,21
HA0 1DW,62,32,30,21
HA0 1DX,29,17,12,13
HA0 1EP,2,1,1,1
HA0 1ET,5,4,1,1
HA0 1EU,35,21,14,8
HA0 1HB,57,21,36,23
HA0 1HL,37,22,15,13
HA0 1HN,57,31,26,16
HA0 1HP,27,13,14,9
HA0 1HR,54,24,30,21
HA0 1HS,48,24,24,16
HA0 1HT,107,54,53,34
HA0 1HU,93,52,41,30
HA0 1HW,75,39,36,23
HA0 1HY,33,19,14,8
HA0 1HZ,22,9,13,5
HA0 1JA,21,11,10,5
HA0 1JB,15,7,8,5
HA0 1JD,15,6,9,6
HA0 1JE,14,8,6,6
HA0 1JF,123,59,64,44
HA0 1JG,76,39,37,29
HA0 1JQ,3,2,1,1
HA0 1JR,154,84,70,45
HA0 1JS,150,82,68,45
HA0 1JT,54,36,18,20
HA0 1LB,206,89,117,72
HA0 1LF,62,29,33,28
HA0 1LG,66,36,30,24
HA0 1LH,42,21,21,15
HA0 1LJ,151,77,74,51
HA0 1LL,135,69,66,33
HA0 1LN,18,12,6,5
HA0 1LP,129,58,71,33
HA0 1LR,15,9,6,5
HA0 1LS,102,53,49,31
HA0 1LT,112,61,51,33
HA0 1LU,15,8,7,5
HA0 1LW,95,56,39,31
HA0 1LX,131,65,66,34
HA0 1LY,118,67,51,36
HA0 1LZ,22,12,10,5
HA0 1NA,146,78,68,35
HA0 1NB,127,71,56,37
HA0 1ND,17,9,8,5
HA0 1NE,111,50,61,36
HA0 1NF,120,63,57,36
HA0 1NG,122,63,59,36
HA0 1NH,43,19,24,14
HA0 1NJ,28,10,18,12
HA0 1NQ,139,71,68,50
HA0 1NR,6,4,2,1
HA0 1NU,172,95,77,76
HA0 1NX,7,4,3,3
HA0 1NY,95,50,45,26
HA0 1NZ,33,16,17,11
HA0 1PA,34,17,17,14
HA0 1PJ,29,12,17,6
HA0 1SG,88,45,43,24
HA0 1SH,103,61,42,30
HA0 1SL,48,27,21,10
HA0 1SN,96,55,41,39
HA0 1SP,47,24,23,30
HA0 1SQ,127,65,62,29
HA0 1SW,13,8,5,6
HA0 1SY,104,59,45,28
HA0 1SZ,39,21,18,18
HA0 1TA,98,51,47,36
HA0 1TB,50,26,24,24
HA0 1TD,116,63,53,40
HA0 1TE,126,67,59,49
HA0 1TF,60,34,26,24
HA0 1TG,58,29,29,26
HA0 1TJ,15,9,6,4
HA0 1TS,51,22,29,11
HA0 1TW,5,1,4,1
HA0 1TY,32,20,12,10
HA0 1TZ,85,52,33,21
HA0 1UA,70,32,38,21
HA0 1UD,60,33,27,15
HA0 1UE,70,39,31,17
HA0 1UG,83,40,43,21
HA0 1UH,37,19,18,8
HA0 1UJ,86,40,46,19
HA0 1UL,114,59,55,26
HA0 1UN,98,47,51,20
HA0 1UP,39,24,15,8
HA0 1UQ,74,34,40,21
HA0 1UR,106,61,45,23
HA0 1UW,40,18,22,12
HA0 1UY,97,47,50,28
HA0 1UZ,72,42,30,21
HA0 1XD,29,16,13,17
HA0 1XG,60,27,33,24
HA0 1XJ,32,16,16,14
HA0 1XQ,44,21,23,18
HA0 1XT,61,31,30,28
HA0 1XU,44,24,20,18
HA0 1XY,62,30,32,37
HA0 1YD,70,33,37,26
HA0 1YF,34,19,15,16
HA0 1YG,53,30,23,19
HA0 1YN,76,37,39,42
HA0 1YY,48,24,24,22
HA0 2AA,2,0,2,1
HA0 2AF,56,34,22,13
HA0 2AH,61,32,29,14
HA0 2AJ,17,10,7,6
HA0 2AL,67,38,29,14
HA0 2AN,50,27,23,15
HA0 2AP,18,8,10,5
HA0 2AQ,126,67,59,32
HA0 2AR,90,45,45,25
HA0 2AS,57,29,28,24
HA0 2AT,54,29,25,17
HA0 2AU,64,32,32,19
HA0 2AW,113,58,55,33
HA0 2AX,47,24,23,18
HA0 2AY,95,49,46,24
HA0 2AZ,30,15,15,6
HA0 2BA,67,38,29,17
HA0 2BB,45,23,22,17
HA0 2BD,92,47,45,26
HA0 2BE,117,60,57,32
HA0 2BN,102,47,55,22
HA0 2BP,76,38,38,20
HA0 2BQ,75,28,47,33
HA0 2BS,137,70,67,41
HA0 2BT,2,2,0,1
HA0 2BW,90,58,32,30
HA0 2DH,17,14,3,4
HA0 2DJ,46,31,15,11
HA0 2DW,15,8,7,7
HA0 2DZ,74,39,35,30
HA0 2EA,56,27,29,19
HA0 2EB,78,34,44,24
HA0 2ED,11,6,5,4
HA0 2EE,15,6,9,4
HA0 2EF,36,18,18,10
HA0 2EH,17,4,13,9
HA0 2EJ,21,9,12,12
HA0 2EL,57,30,27,19
HA0 2EN,104,43,61,15
HA0 2EP,3,1,2,3
HA0 2ES,36,17,19,14
HA0 2ET,20,10,10,4
HA0 2EU,85,35,50,27
HA0 2EW,19,11,8,6
HA0 2EX,30,14,16,6
HA0 2EY,7,2,5,4
HA0 2EZ,68,33,35,26
HA0 2FA,24,15,9,8
HA0 2FB,24,8,16,8
HA0 2FF,15,7,8,8
HA0 2FG,156,68,88,35
HA0 2FH,53,28,25,16
HA0 2FJ,161,92,69,53
HA0 2HA,11,8,3,7
HA0 2HD,122,65,57,48
HA0 2HE,6,5,1,3
HA0 2HF,154,73,81,49
HA0 2HG,51,27,24,16
HA0 2HJ,32,16,16,14
HA0 2HL,46,20,26,16
HA0 2HN,83,45,38,31
HA0 2HP,22,5,17,11
HA0 2HQ,63,31,32,23
HA0 2HR,21,12,9,11
HA0 2HS,47,28,19,18
HA0 2HT,74,38,36,19
HA0 2HW,54,23,31,15
HA0 2HX,49,27,22,17
HA0 2HY,34,18,16,8
HA0 2HZ,23,11,12,6
HA0 2JA,20,12,8,5
HA0 2JB,106,48,58,30
HA0 2JD,33,12,21,10
HA0 2JE,58,28,30,20
HA0 2JF,184,97,87,56
HA0 2JG,14,1,13,13
HA0 2JH,146,76,70,46
HA0 2JJ,29,16,13,11
HA0 2JL,26,12,14,10
HA0 2JN,17,8,9,6
HA0 2JP,29,17,12,11
HA0 2JQ,50,26,24,11
HA0 2JS,31,17,14,8
HA0 2JT,164,87,77,57
HA0 2JU,45,21,24,15
HA0 2JW,24,7,17,9
HA0 2JX,14,5,9,5
HA0 2JY,62,37,25,17
HA0 2JZ,24,11,13,7
HA0 2LA,156,76,80,47
HA0 2LB,102,53,49,33
HA0 2LD,93,49,44,32
HA0 2LE,158,88,70,48
HA0 2LF,125,65,60,31
HA0 2LG,171,87,84,51
HA0 2LH,142,76,66,42
HA0 2LJ,116,56,60,34
HA0 2LL,31,20,11,14
HA0 2LN,112,49,63,33
HA0 2LP,65,40,25,23
HA0 2LQ,192,114,78,63
HA0 2LS,23,8,15,9
HA0 2LT,75,40,35,23
HA0 2LU,21,13,8,7
HA0 2LW,56,33,23,16
HA0 2LX,146,79,67,39
HA0 2LY,64,34,30,23
HA0 2LZ,78,41,37,20
HA0 2NB,134,72,62,52
HA0 2ND,11,6,5,4
HA0 2NE,120,69,51,45
HA0 2NF,51,20,31,19
HA0 2NG,102,53,49,39
HA0 2NH,52,29,23,16
HA0 2NJ,77,43,34,23
HA0 2NL,97,49,48,25
HA0 2NN,31,18,13,12
HA0 2NP,140,67,73,45
HA0 2NQ,105,58,47,38
HA0 2NR,30,12,18,12
HA0 2NS,72,29,43,29
HA0 2NT,54,33,21,18
HA0 2NU,18,8,10,8
HA0 2NW,17,9,8,4
HA0 2NX,95,54,41,30
HA0 2NY,40,19,21,12
HA0 2NZ,44,22,22,25
HA0 2PA,15,6,9,6
HA0 2PB,10,6,4,3
HA0 2PD,32,17,15,9
HA0 2PE,24,11,13,9
HA0 2PF,10,6,4,4
HA0 2PG,69,28,41,31
HA0 2PH,132,57,75,40
HA0 2PJ,24,14,10,8
HA0 2PL,21,10,11,7
HA0 2PN,37,13,24,10
HA0 2PP,42,19,23,13
HA0 2PQ,80,31,49,30
HA0 2PR,51,27,24,23
HA0 2PS,71,36,35,24
HA0 2PT,63,34,29,14
HA0 2PU,112,52,60,53
HA0 2PW,211,117,94,74
HA0 2PX,123,60,63,42
HA0 2PY,37,15,22,13
HA0 2QA,21,13,8,7
HA0 2QB,88,46,42,30
HA0 2QD,115,68,47,29
HA0 2QE,8,6,2,3
HA0 2QF,89,50,39,24
HA0 2QG,109,56,53,30
HA0 2QH,13,5,8,6
HA0 2QJ,20,8,12,7
HA0 2QL,20,6,14,9
HA0 2QN,50,15,35,22
HA0 2QP,3,1,2,1
HA0 2QQ,93,43,50,27
HA0 2QR,86,37,49,25
HA0 2QS,33,18,15,12
HA0 2QT,10,3,7,4
HA0 2QU,90,40,50,30
HA0 2QW,168,86,82,63
HA0 2QX,39,20,19,23
HA0 2QY,26,16,10,12
HA0 2RA,39,19,20,33
HA0 2RB,57,30,27,18
HA0 2RD,17,8,9,9
HA0 2RH,87,52,35,21
HA0 2RJ,66,35,31,19
HA0 2RL,33,18,15,11
HA0 2RN,61,29,32,20
HA0 2RP,21,12,9,9
HA0 2RQ,30,15,15,23
HA0 2RR,96,41,55,26
HA0 2RS,81,44,37,24
HA0 2RT,57,28,29,20
HA0 2RU,84,43,41,37
HA0 2RW,83,46,37,26
HA0 2RX,44,19,25,13
HA0 2RY,84,43,41,26
HA0 2RZ,9,4,5,4
HA0 2SA,13,7,6,2
HA0 2SB,94,51,43,30
HA0 2SD,105,55,50,36
HA0 2SE,122,61,61,35
HA0 2SF,28,13,15,9
HA0 2SH,81,41,40,32
HA0 2SJ,59,34,25,18
HA0 2SL,45,24,21,16
HA0 2SR,142,57,85,35
HA0 2ST,24,12,12,6
HA0 2SW,22,10,12,9
HA0 2SX,14,6,8,6
HA0 2SY,37,17,20,10
HA0 2SZ,41,18,23,13
HA0 2TB,48,22,26,17
HA0 2TD,25,12,13,8
HA0 2TE,40,24,16,14
HA0 2TF,149,79,70,44
HA0 2TG,102,52,50,35
HA0 2TH,111,53,58,32
HA0 2TJ,121,68,53,36
HA0 2TL,161,84,77,42
HA0 2TN,94,41,53,34
HA0 2TP,104,57,47,31
HA0 2TQ,132,66,66,37
HA0 2TR,160,88,72,46
HA0 2TS,67,34,33,21
HA0 2TT,146,77,69,50
HA0 2TW,123,65,58,37
HA0 2UE,42,24,18,11
HA0 2XA,90,44,46,40
HA0 2XB,110,57,53,46
HA0 2XT,56,27,29,25
HA0 3AA,20,11,9,8
HA0 3AB,49,29,20,29
HA0 3AD,14,8,6,5
HA0 3AE,38,17,21,8
HA0 3AF,118,52,66,40
HA0 3AG,34,16,18,11
HA0 3AH,5,1,4,4
HA0 3AJ,15,7,8,5
HA0 3AL,9,4,5,4
HA0 3AN,112,56,56,30
HA0 3AP,26,13,13,6
HA0 3AQ,37,17,20,14
HA0 3AR,27,18,9,8
HA0 3AS,27,11,16,8
HA0 3AT,88,39,49,26
HA0 3AU,72,37,35,21
HA0 3AW,150,86,64,44
HA0 3AX,81,35,46,25
HA0 3AY,22,11,11,7
HA0 3AZ,156,82,74,50
HA0 3BA,81,40,41,29
HA0 3BB,65,29,36,27
HA0 3BD,10,4,6,4
HA0 3BE,74,32,42,29
HA0 3BH,42,24,18,14
HA0 3BJ,40,25,15,10
HA0 3BL,35,20,15,16
HA0 3BN,34,14,20,11
HA0 3BP,24,14,10,9
HA0 3BQ,49,26,23,18
HA0 3BS,10,5,5,3
HA0 3BT,25,13,12,9
HA0 3BU,79,44,35,22
HA0 3BX,50,23,27,12
HA0 3BY,116,58,58,43
HA0 3BZ,169,101,68,47
HA0 3DA,7,4,3,4
HA0 3DB,133,66,67,45
HA0 3DD,73,40,33,19
HA0 3DE,12,6,6,4
HA0 3DF,166,96,70,45
HA0 3DH,31,15,16,10
HA0 3DJ,174,95,79,51
HA0 3DL,15,8,7,5
HA0 3DN,16,7,9,7
HA0 3DP,169,92,77,56
HA0 3DQ,13,7,6,3
HA0 3DR,18,10,8,5
HA0 3DW,10,3,7,5
HA0 3EE,75,47,28,22
HA0 3EF,47,27,20,10
HA0 3EG,107,57,50,33
HA0 3EH,129,65,64,28
HA0 3EJ,62,29,33,17
HA0 3EL,91,54,37,26
HA0 3EN,11,7,4,4
HA0 3EP,61,38,23,22
HA0 3EQ,71,34,37,19
HA0 3ER,24,15,9,6
HA0 3ES,64,36,28,16
HA0 3ET,57,33,24,16
HA0 3EU,22,13,9,6
HA0 3EW,20,11,9,6
HA0 3EZ,67,31,36,20
HA0 3FD,208,101,107,57
HA0 3FE,55,23,32,42
HA0 3FF,85,49,36,21
HA0 3FG,131,67,64,32
HA0 3HA,75,40,35,29
HA0 3HB,13,7,6,8
HA0 3HD,79,36,43,27
HA0 3HE,59,33,26,20
HA0 3HF,92,43,49,31
HA0 3HH,27,15,12,12
HA0 3HS,19,12,7,6
HA0 3HT,26,7,19,10
HA0 3HU,39,27,12,15
HA0 3HY,43,24,19,15
HA0 3JB,84,44,40,25
HA0 3JD,28,9,19,6
HA0 3JE,101,51,50,30
HA0 3JF,52,23,29,16
HA0 3JG,21,11,10,6
HA0 3JH,13,7,6,7
HA0 3JJ,60,32,28,15
HA0 3JL,65,41,24,19
HA0 3JN,21,10,11,8
HA0 3JP,11,7,4,5
HA0 3JQ,38,24,14,13
HA0 3JR,11,6,5,4
HA0 3JS,28,17,11,8
HA0 3JT,20,11,9,7
HA0 3JW,51,27,24,19
HA0 3LF,72,35,37,20
HA0 3LG,32,18,14,9
HA0 3LH,46,21,25,12
HA0 3LJ,74,41,33,23
HA0 3LL,14,10,4,4
HA0 3LN,56,32,24,18
HA0 3LP,39,19,20,12
HA0 3LQ,75,40,35,17
HA0 3LR,72,36,36,22
HA0 3LS,17,7,10,6
HA0 3LT,56,33,23,11
HA0 3LU,20,9,11,6
HA0 3LW,72,42,30,29
HA0 3NE,18,12,6,6
HA0 3NG,48,24,24,14
HA0 3NJ,32,22,10,11
HA0 3NL,26,17,9,6
HA0 3NN,69,35,34,23
HA0 3NP,93,52,41,25
HA0 3NR,88,40,48,26
HA0 3NS,12,7,5,5
HA0 3NU,65,39,26,25
HA0 3NW,34,23,11,11
HA0 3NX,22,8,14,9
HA0 3NY,64,33,31,21
HA0 3NZ,27,13,14,10
HA0 3PA,53,25,28,16
HA0 3PB,88,51,37,25
HA0 3PD,73,38,35,21
HA0 3PE,74,44,30,22
HA0 3PF,21,9,12,15
HA0 3PP,34,21,13,9
HA0 3PR,108,57,51,25
HA0 3PS,107,61,46,24
HA0 3PT,8,3,5,2
HA0 3PU,39,23,16,13
HA0 3PX,19,8,11,9
HA0 3PY,49,25,24,12
HA0 3PZ,25,12,13,8
HA0 3QA,21,10,11,8
HA0 3QB,25,12,13,8
HA0 3QD,22,11,11,8
HA0 3QE,20,5,15,8
HA0 3QF,64,35,29,20
HA0 3QG,58,30,28,20
HA0 3QH,76,39,37,22
HA0 3QJ,95,45,50,30
HA0 3QL,71,39,32,24
HA0 3QN,107,59,48,51
HA0 3QP,118,63,55,50
HA0 3QQ,29,14,15,10
HA0 3QR,158,85,73,77
HA0 3QS,18,8,10,9
HA0 3QU,180,93,87,49
HA0 3QW,118,63,55,50
HA0 3QX,153,69,84,44
HA0 3QY,17,9,8,5
HA0 3QZ,13,8,5,4
HA0 3RA,58,31,27,16
HA0 3RB,46,17,29,15
HA0 3RD,70,37,33,22
HA0 3RE,57,29,28,16
HA0 3RF,20,9,11,4
HA0 3RG,153,86,67,43
HA0 3RH,112,56,56,31
HA0 3RJ,93,48,45,27
HA0 3RQ,165,82,83,48
HA0 3RU,11,7,4,3
HA0 3RX,137,71,66,39
HA0 3RY,85,40,45,24
HA0 3RZ,46,23,23,18
HA0 3SA,26,12,14,6
HA0 3SB,139,70,69,46
HA0 3SD,104,51,53,31
HA0 3SE,83,42,41,27
HA0 3SF,87,47,40,26
HA0 3SG,20,11,9,7
HA0 3SH,143,63,80,42
HA0 3SJ,87,43,44,25
HA0 3SQ,15,5,10,6
HA0 3SU,70,38,32,20
HA0 3SX,84,36,48,25
HA0 3SY,24,12,12,6
HA0 3SZ,10,5,5,4
HA0 3TA,84,48,36,24
HA0 3TB,82,38,44,23
HA0 3TD,74,41,33,30
HA0 3TE,6,2,4,2
HA0 3TF,47,22,25,19
HA0 3TG,72,30,42,22
HA0 3TH,86,49,37,26
HA0 3TJ,82,41,41,25
HA0 3TL,39,19,20,12
HA0 3TN,45,24,21,12
HA0 3TP,56,20,36,23
HA0 3TQ,34,11,23,10
HA0 4AA,13,8,5,2
HA0 4AF,201,108,93,85
HA0 4AG,1,1,0,1
HA0 4AH,15,10,5,3
HA0 4AL,65,31,34,20
HA0 4AN,49,33,16,14
HA0 4AP,83,37,46,39
HA0 4AR,71,35,36,22
HA0 4AS,102,53,49,30
HA0 4AT,123,68,55,34
HA0 4AU,87,50,37,20
HA0 4AY,3,1,2,1
HA0 4AZ,42,25,17,12
HA0 4BA,44,26,18,10
HA0 4BL,29,17,12,7
HA0 4BN,95,44,51,24
HA0 4BP,45,24,21,12
HA0 4BU,21,10,11,4
HA0 4BX,14,8,6,3
HA0 4BY,48,27,21,13
HA0 4BZ,55,26,29,26
HA0 4DB,28,13,15,7
HA0 4DH,22,13,9,4
HA0 4DJ,24,13,11,6
HA0 4DL,14,9,5,4
HA0 4DN,25,18,7,5
HA0 4DP,79,47,32,20
HA0 4DR,155,80,75,35
HA0 4DS,36,21,15,8
HA0 4DT,228,130,98,49
HA0 4DU,86,41,45,23
HA0 4DW,80,46,34,24
HA0 4DX,156,77,79,37
HA0 4DY,67,33,34,13
HA0 4DZ,111,63,48,33
HA0 4EA,128,61,67,36
HA0 4EB,53,27,26,18
HA0 4ED,44,26,18,12
HA0 4EE,71,32,39,24
HA0 4EF,31,13,18,12
HA0 4EP,36,14,22,13
HA0 4EQ,16,8,8,4
HA0 4ER,43,22,21,8
HA0 4ES,141,69,72,44
HA0 4ET,51,33,18,12
HA0 4EU,127,59,68,36
HA0 4EX,21,11,10,7
HA0 4EY,92,52,40,22
HA0 4EZ,56,29,27,16
HA0 4HA,37,22,15,9
HA0 4HB,87,40,47,23
HA0 4HD,83,43,40,23
HA0 4HE,121,60,61,31
HA0 4HF,167,91,76,37
HA0 4HG,149,80,69,37
HA0 4HH,24,17,7,7
HA0 4HJ,32,21,11,9
HA0 4HL,89,51,38,23
HA0 4HN,87,48,39,21
HA0 4HP,31,15,16,12
HA0 4HQ,120,59,61,35
HA0 4HW,34,17,17,7
HA0 4JA,41,19,22,12
HA0 4JB,113,69,44,36
HA0 4JD,23,13,10,5
HA0 4JG,109,58,51,27
HA0 4JH,226,111,115,55
HA0 4JJ,161,87,74,41
HA0 4JL,135,66,69,40
HA0 4JN,127,61,66,27
HA0 4JP,88,40,48,20
HA0 4JQ,90,51,39,26
HA0 4JR,59,32,27,14
HA0 4JS,56,19,37,15
HA0 4JT,230,126,104,55
HA0 4JU,153,74,79,35
HA0 4JW,117,53,64,35
HA0 4JX,129,73,56,29
HA0 4JY,187,102,85,50
HA0 4JZ,16,9,7,6
HA0 4LB,80,35,45,28
HA0 4LH,167,94,73,41
HA0 4LJ,82,43,39,26
HA0 4LL,63,32,31,17
HA0 4LP,6,3,3,1
HA0 4LR,167,79,88,41
HA0 4LS,136,73,63,32
HA0 4LW,103,49,54,39
HA0 4PG,40,22,18,11
HA0 4PH,16,8,8,8
HA0 4PJ,49,31,18,9
HA0 4PL,1,1,0,1
HA0 4PQ,13,7,6,4
HA0 4PY,15,7,8,5
HA0 4QD,29,13,16,8
HA0 4QG,37,21,16,8
HA0 4QL,52,27,25,15
HA0 4QN,108,55,53,34
HA0 4QP,200,98,102,48
HA0 4QR,35,20,15,6
HA0 4QS,185,96,89,50
HA0 4QW,134,67,67,32
HA0 4RE,28,14,14,10
HA0 4RF,217,120,97,51
HA0 4RG,154,87,67,41
HA0 4RH,114,61,53,30
HA0 4RJ,118,50,68,34
HA0 4RL,120,60,60,38
HA0 4RN,29,20,9,10
HA0 4RP,61,30,31,16
HA0 4RQ,124,60,64,34
HA0 4RR,23,12,11,7
HA0 4RS,267,143,124,62
HA0 4RT,259,128,131,66
HA0 4RW,20,11,9,8
HA0 4SD,141,78,63,35
HA0 4SE,166,91,75,38
HA0 4SF,135,73,62,38
HA0 4SG,115,52,63,36
HA0 4SH,108,50,58,27
HA0 4SJ,141,68,73,34
HA0 4SL,117,66,51,36
HA0 4SN,221,134,87,47
HA0 4SP,5,3,2,3
HA0 4SQ,56,24,32,12
HA0 4SR,105,54,51,31
HA0 4SS,78,40,38,22
HA0 4ST,37,19,18,10
HA0 4SU,61,27,34,19
HA0 4SW,92,42,50,23
HA0 4TA,3,3,0,1
HA0 4TH,194,106,88,59
HA0 4TL,44,27,17,11
HA0 4TN,40,16,24,14
HA0 4TP,30,15,15,12
HA0 4TQ,16,6,10,5
HA0 4TW,71,41,30,21
HA0 4TX,73,35,38,13
HA0 4TY,111,67,44,26
HA0 4UA,158,94,64,42
HA0 4UB,10,4,6,4
HA0 4UD,146,83,63,50
HA0 4UE,56,35,21,14
HA0 4UF,15,7,8,5
HA0 4UG,68,36,32,19
HA0 4UJ,49,26,23,16
HA0 4UL,96,51,45,36
HA0 4UN,149,72,77,42
HA0 4UP,65,32,33,17
HA0 4UQ,21,9,12,8
HA0 4UR,56,33,23,14
HA0 4UT,142,77,65,42
HA0 4UU,69,41,28,24
HA0 4UW,14,7,7,9
HA0 4UX,128,73,55,35
HA0 4UY,118,51,67,30
HA0 4UZ,27,11,16,6
HA0 4XA,18,13,5,5
HA0 4XB,20,10,10,8
HA0 4XD,38,18,20,14
HA0 4YB,17,5,12,9
HA0 4YD,19,11,8,12
HA0 4YE,6,1,5,2
HA0 4YF,46,21,25,18
HA0 4YG,79,40,39,31
HA0 4YH,64,30,34,25
HA0 4YJ,52,28,24,21
HA0 4YL,9,5,4,8
HA0 4YN,16,12,4,8
HA0 4YP,16,4,12,6
HA0 4YQ,18,7,11,8
HA0 4YR,11,3,8,7
HA0 4YS,14,9,5,8
HA0 4YT,8,5,3,8
HA1 1AY,13,6,7,8
HA1 1BE,33,21,12,15
HA1 1BQ,3,2,1,2
HA1 1BW,2,1,1,1
HA1 1GN,66,38,28,34
HA1 1GP,95,52,43,52
HA1 1GS,79,37,42,34
HA1 1JP,2,1,1,1
HA1 1JR,37,20,17,12
HA1 1JS,78,45,33,37
HA1 1JT,71,41,30,37
HA1 1JY,47,26,21,17
HA1 1JZ,56,24,32,22
HA1 1LD,173,82,91,69
HA1 1LE,66,30,36,26
HA1 1LF,13,8,5,4
HA1 1LG,23,12,11,9
HA1 1LH,5,3,2,3
HA1 1NP,21,11,10,13
HA1 1NR,18,13,5,10
HA1 1NS,87,43,44,30
HA1 1NT,89,42,47,32
HA1 1NU,82,41,41,31
HA1 1NX,44,25,19,20
HA1 1NY,63,34,29,25
HA1 1NZ,71,35,36,25
HA1 1PA,89,40,49,32
HA1 1PB,74,30,44,29
HA1 1PE,110,65,45,35
HA1 1PF,96,48,48,47
HA1 1PG,70,36,34,21
HA1 1PQ,73,38,35,26
HA1 1PS,22,12,10,11
HA1 1PY,37,14,23,14
HA1 1QA,83,35,48,29
HA1 1QB,10,4,6,5
HA1 1QD,80,37,43,29
HA1 1QF,61,33,28,24
HA1 1QJ,46,24,22,16
HA1 1QL,96,48,48,42
HA1 1QN,125,68,57,45
HA1 1QP,114,61,53,41
HA1 1QQ,46,21,25,26
HA1 1QR,126,60,66,62
HA1 1QS,10,5,5,6
HA1 1QT,44,20,24,17
HA1 1QU,43,20,23,16
HA1 1QW,83,40,43,27
HA1 1RB,9,6,3,7
HA1 1RD,16,12,4,4
HA1 1RE,82,44,38,36
HA1 1RF,60,30,30,21
HA1 1RG,66,32,34,25
HA1 1RH,10,2,8,6
HA1 1RJ,25,12,13,9
HA1 1RN,66,33,33,39
HA1 1RP,50,26,24,19
HA1 1RQ,55,34,21,16
HA1 1RR,32,16,16,13
HA1 1RS,23,10,13,14
HA1 1RT,29,13,16,8
HA1 1RY,104,62,42,42
HA1 1RZ,42,19,23,20
HA1 1SA,108,53,55,44
HA1 1SB,116,57,59,39
HA1 1SD,20,12,8,8
HA1 1SE,69,38,31,28
HA1 1SF,43,29,14,14
HA1 1SG,24,13,11,8
HA1 1SJ,46,21,25,16
HA1 1SL,202,104,98,71
HA1 1SP,63,34,29,32
HA1 1SQ,182,98,84,65
HA1 1SR,15,11,4,5
HA1 1SS,10,5,5,5
HA1 1SU,75,37,38,24
HA1 1SX,87,49,38,30
HA1 1SY,129,74,55,46
HA1 1SZ,140,77,63,44
HA1 1TA,134,60,74,49
HA1 1TB,92,51,41,26
HA1 1TD,86,43,43,27
HA1 1TE,36,16,20,10
HA1 1TG,109,53,56,40
HA1 1TH,87,52,35,26
HA1 1TJ,62,31,31,18
HA1 1TL,96,50,46,32
HA1 1TN,104,59,45,32
HA1 1TQ,87,51,36,28
HA1 1TX,101,56,45,39
HA1 1TY,122,65,57,54
HA1 1TZ,11,7,4,3
HA1 1UA,59,33,26,16
HA1 1UB,44,28,16,12
HA1 1UD,32,16,16,11
HA1 1UE,17,9,8,7
HA1 1UF,69,30,39,23
HA1 1UG,38,18,20,16
HA1 1UH,19,10,9,8
HA1 1UJ,30,13,17,12
HA1 1UL,17,9,8,11
HA1 1UN,20,10,10,8
HA1 1UP,65,36,29,24
HA1 1UQ,80,39,41,34
HA1 1UR,49,24,25,17
HA1 1UT,78,42,36,24
HA1 1UU,38,19,19,15
HA1 1UW,107,54,53,36
HA1 1XD,22,11,11,6
HA1 1XE,46,21,25,18
HA1 1XF,44,15,29,20
HA1 1XH,94,48,46,29
HA1 1XJ,18,6,12,4
HA1 1XL,37,17,20,13
HA1 1XN,73,40,33,25
HA1 1XP,89,45,44,29
HA1 1XR,30,16,14,12
HA1 1XS,88,44,44,31
HA1 1XT,70,39,31,25
HA1 1XU,66,36,30,26
HA1 1XW,45,20,25,16
HA1 1XX,16,7,9,9
HA1 1XY,114,48,66,56
HA1 1XZ,69,31,38,41
HA1 1YB,15,7,8,4
HA1 2AA,4,2,2,2
HA1 2AP,28,15,13,14
HA1 2AW,29,20,9,13
HA1 2AX,36,22,14,15
HA1 2BE,64,47,17,40
HA1 2BF,40,23,17,15
HA1 2BH,13,11,2,6
HA1 2BL,29,18,11,8
HA1 2BN,45,17,28,18
HA1 2BQ,29,15,14,9
HA1 2BW,93,45,48,25
HA1 2BX,38,22,16,18
HA1 2DH,3,3,0,1
HA1 2DR,2,0,2,1
HA1 2DX,5,2,3,3
HA1 2EE,4,3,1,0
HA1 2EF,2,1,1,2
HA1 2EQ,8,4,4,6
HA1 2ER,40,14,26,18
HA1 2ES,32,16,16,18
HA1 2ET,25,11,14,11
HA1 2EX,330,174,156,154
HA1 2FH,23,12,11,7
HA1 2FJ,46,27,19,20
HA1 2FL,51,26,25,21
HA1 2FN,70,35,35,31
HA1 2FW,95,46,49,36
HA1 2HA,60,33,27,28
HA1 2HB,53,30,23,23
HA1 2HD,56,29,27,24
HA1 2HE,25,14,11,12
HA1 2HF,40,27,13,15
HA1 2HH,27,13,14,8
HA1 2HJ,53,29,24,24
HA1 2HN,48,22,26,32
HA1 2HQ,18,12,6,7
HA1 2HS,51,26,25,17
HA1 2HT,26,13,13,13
HA1 2HU,21,10,11,11
HA1 2HX,28,13,15,21
HA1 2HZ,32,11,21,25
HA1 2JA,27,13,14,11
HA1 2JB,85,37,48,36
HA1 2JE,11,7,4,4
HA1 2JF,23,13,10,9
HA1 2JH,54,26,28,18
HA1 2JJ,60,29,31,24
HA1 2JL,1,1,0,1
HA1 2JN,20,9,11,10
HA1 2JP,30,17,13,13
HA1 2JQ,56,25,31,22
HA1 2JR,26,13,13,10
HA1 2JS,42,18,24,25
HA1 2JU,39,11,28,31
HA1 2JW,48,27,21,23
HA1 2JX,90,43,47,29
HA1 2JZ,50,27,23,18
HA1 2LA,2,0,2,1
HA1 2LB,53,24,29,17
HA1 2LD,60,32,28,22
HA1 2LE,72,38,34,21
HA1 2LF,13,4,9,6
HA1 2LG,48,21,27,23
HA1 2LH,35,18,17,9
HA1 2LJ,27,13,14,14
HA1 2LQ,39,20,19,12
HA1 2LR,43,15,28,36
HA1 2LS,70,36,34,33
HA1 2LT,35,17,18,14
HA1 2LU,16,8,8,7
HA1 2LW,64,34,30,34
HA1 2LX,17,10,7,9
HA1 2LY,12,4,8,4
HA1 2LZ,59,29,30,27
HA1 2NA,64,32,32,23
HA1 2NB,52,24,28,16
HA1 2ND,71,35,36,22
HA1 2NE,55,27,28,21
HA1 2NG,29,15,14,7
HA1 2NH,45,19,26,15
HA1 2NQ,75,37,38,30
HA1 2NT,4,1,3,1
HA1 2NU,23,10,13,7
HA1 2NY,63,34,29,19
HA1 2NZ,55,32,23,23
HA1 2PA,14,5,9,8
HA1 2PB,64,28,36,28
HA1 2PD,72,30,42,16
HA1 2PE,49,26,23,16
HA1 2PF,105,53,52,33
HA1 2PG,41,21,20,13
HA1 2PH,96,43,53,28
HA1 2PJ,100,53,47,31
HA1 2PL,44,21,23,11
HA1 2PN,94,39,55,28
HA1 2PP,135,77,58,39
HA1 2PQ,69,33,36,24
HA1 2PR,83,40,43,26
HA1 2PW,79,41,38,27
HA1 2QD,52,23,29,22
HA1 2QH,67,33,34,26
HA1 2QJ,80,38,42,24
HA1 2QL,57,28,29,25
HA1 2QN,111,63,48,39
HA1 2QP,23,12,11,6
HA1 2QQ,52,26,26,24
HA1 2QR,70,32,38,25
HA1 2QS,118,57,61,39
HA1 2QT,141,63,78,53
HA1 2QU,20,9,11,12
HA1 2QW,45,18,27,16
HA1 2QX,71,36,35,21
HA1 2QY,57,26,31,19
HA1 2QZ,33,18,15,13
HA1 2RA,95,42,53,40
HA1 2RB,79,46,33,41
HA1 2RD,95,45,50,27
HA1 2RF,4,3,1,1
HA1 2RH,65,40,25,24
HA1 2RS,69,40,29,26
HA1 2RT,65,35,30,25
HA1 2RU,11,7,4,7
HA1 2RX,115,51,64,54
HA1 2RY,27,17,10,12
HA1 2RZ,176,90,86,76
HA1 2SA,165,89,76,51
HA1 2SB,38,23,15,8
HA1 2SF,85,41,44,25
HA1 2SG,72,37,35,27
HA1 2SQ,75,38,37,38
HA1 2TA,18,11,7,11
HA1 2TB,54,32,22,18
HA1 2TH,13,7,6,2
HA1 2TJ,28,18,10,12
HA1 2TL,55,24,31,23
HA1 2TN,57,31,26,26
HA1 2TP,11,7,4,6
HA1 2TR,25,17,8,7
HA1 2TS,48,27,21,23
HA1 2TW,28,13,15,9
HA1 2TX,124,57,67,46
HA1 2TY,37,26,11,16
HA1 2UA,69,32,37,25
HA1 2UF,22,15,7,7
HA1 2WY,27,13,14,9
HA1 2YD,19,10,9,11
HA1 3AA,18,7,11,8
HA1 3AB,37,21,16,15
HA1 3AH,12,4,8,5
HA1 3AJ,75,42,33,30
HA1 3AL,32,17,15,14
HA1 3AN,125,62,63,50
HA1 3AR,42,11,31,0
HA1 3AW,18,6,12,4
HA1 3AY,70,42,28,26
HA1 3AZ,8,5,3,5
HA1 3BA,92,50,42,41
HA1 3BB,24,14,10,11
HA1 3BD,33,14,19,12
HA1 3BE,43,24,19,23
HA1 3BG,66,34,32,20
HA1 3BH,11,6,5,6
HA1 3BJ,26,15,11,14
HA1 3BL,13,7,6,6
HA1 3BQ,30,12,18,16
HA1 3BS,17,7,10,6
HA1 3BT,51,27,24,18
HA1 3BU,37,19,18,14
HA1 3BX,15,9,6,9
HA1 3BY,34,24,10,14
HA1 3BZ,15,9,6,9
HA1 3DA,2,1,1,1
HA1 3DB,29,16,13,16
HA1 3DD,46,18,28,16
HA1 3DE,11,6,5,6
HA1 3DF,28,13,15,18
HA1 3DG,2,1,1,1
HA1 3DH,76,31,45,20
HA1 3DJ,47,23,24,21
HA1 3DL,34,17,17,20
HA1 3DN,26,14,12,9
HA1 3DP,12,6,6,7
HA1 3DQ,26,13,13,10
HA1 3DR,16,9,7,11
HA1 3DS,14,7,7,8
HA1 3DU,22,11,11,11
HA1 3DW,22,11,11,12
HA1 3DX,3,1,2,2
HA1 3DY,78,34,44,32
HA1 3DZ,10,3,7,6
HA1 3EA,4,2,2,2
HA1 3ED,32,19,13,20
HA1 3EF,17,9,8,8
HA1 3EG,6,3,3,2
HA1 3EJ,47,22,25,17
HA1 3EL,52,26,26,21
HA1 3EN,26,8,18,13
HA1 3EP,39,19,20,22
HA1 3EQ,5,1,4,1
HA1 3ER,19,11,8,11
HA1 3ES,13,8,5,7
HA1 3ET,91,44,47,46
HA1 3EU,16,6,10,9
HA1 3EW,21,9,12,15
HA1 3EZ,5,3,2,2
HA1 3GF,7,3,4,2
HA1 3GH,4,0,4,3
HA1 3GJ,16,8,8,7
HA1 3GL,142,50,92,132
HA1 3GX,529,240,289,281
HA1 3GY,18,10,8,5
HA1 3GZ,29,16,13,8
HA1 3HD,9,4,5,4
HA1 3HE,19,8,11,8
HA1 3HF,30,14,16,11
HA1 3HG,3,2,1,1
HA1 3HJ,3,1,2,2
HA1 3HL,5,2,3,1
HA1 3HN,4,2,2,3
HA1 3HP,723,722,1,0
HA1 3HR,3,1,2,1
HA1 3HS,3,1,2,1
HA1 3HT,69,38,31,33
HA1 3JE,69,33,36,24
HA1 3JF,2,1,1,1
HA1 3JG,27,12,15,10
HA1 3JH,9,5,4,4
HA1 3JJ,53,22,31,26
HA1 3JL,29,28,1,0
HA1 3JN,5,2,3,2
HA1 3JP,31,18,13,12
HA1 3JQ,42,20,22,18
HA1 3JR,2,1,1,1
HA1 3JS,47,26,21,17
HA1 3JT,19,8,11,7
HA1 3JU,27,15,12,8
HA1 3JW,40,20,20,14
HA1 3JX,13,6,7,6
HA1 3JY,19,9,10,7
HA1 3JZ,9,4,5,5
HA1 3LA,17,10,7,5
HA1 3LB,8,5,3,3
HA1 3LD,3,2,1,1
HA1 3LE,32,18,14,11
HA1 3LF,54,30,24,15
HA1 3LH,1,0,1,1
HA1 3LJ,4,3,1,1
HA1 3LL,45,29,16,24
HA1 3LN,35,17,18,13
HA1 3LP,38,18,20,18
HA1 3LT,8,4,4,3
HA1 3LU,55,28,27,32
HA1 3LW,11,7,4,4
HA1 3LY,26,14,12,10
HA1 3LZ,22,10,12,11
HA1 3NA,53,29,24,20
HA1 3NB,49,23,26,29
HA1 3ND,13,9,4,3
HA1 3NE,11,6,5,5
HA1 3NF,8,3,5,4
HA1 3NG,16,6,10,9
HA1 3NH,55,27,28,24
HA1 3NQ,13,9,4,5
HA1 3NT,17,7,10,8
HA1 3NU,17,9,8,6
HA1 3NW,24,13,11,10
HA1 3NX,53,26,27,19
HA1 3NY,29,13,16,14
HA1 3NZ,41,21,20,11
HA1 3PA,27,12,15,11
HA1 3PB,17,6,11,9
HA1 3PD,9,4,5,3
HA1 3PE,31,17,14,10
HA1 3PF,20,8,12,7
HA1 3PG,8,4,4,2
HA1 3PH,65,35,30,21
HA1 3PJ,19,10,9,6
HA1 3PL,62,37,25,25
HA1 3PP,22,10,12,7
HA1 3PQ,21,11,10,10
HA1 3PR,87,47,40,24
HA1 3PS,68,33,35,25
HA1 3PT,21,8,13,8
HA1 3PU,3,2,1,2
HA1 3PW,46,22,24,13
HA1 3PX,4,2,2,2
HA1 3PY,18,11,7,8
HA1 3PZ,27,13,14,17
HA1 3QA,20,10,10,6
HA1 3QB,14,7,7,5
HA1 3QD,19,8,11,7
HA1 3QE,23,13,10,11
HA1 3QF,102,45,57,31
HA1 3QG,35,12,23,12
HA1 3QH,125,65,60,53
HA1 3QJ,23,12,11,10
HA1 3QL,22,11,11,11
HA1 3QN,35,28,7,15
HA1 3QP,4,2,2,2
HA1 3QQ,28,14,14,9
HA1 3QS,50,26,24,18
HA1 3QT,30,17,13,13
HA1 3QU,11,6,5,5
HA1 3QY,4,3,1,3
HA1 3RA,7,2,5,4
HA1 3RD,113,61,52,35
HA1 3RE,34,13,21,12
HA1 3RF,57,22,35,23
HA1 3RG,117,61,56,37
HA1 3RH,24,13,11,12
HA1 3RJ,88,51,37,59
HA1 3RL,74,32,42,28
HA1 3RN,97,41,56,32
HA1 3RQ,89,42,47,31
HA1 3RR,32,12,20,24
HA1 3RS,97,55,42,55
HA1 3RT,145,71,74,72
HA1 3RU,2,1,1,1
HA1 3SB,17,8,9,5
HA1 3SD,155,75,80,36
HA1 3SE,48,24,24,17
HA1 3SF,44,17,27,17
HA1 3SG,44,24,20,11
HA1 3SH,144,70,74,49
HA1 3SJ,29,15,14,12
HA1 3SN,79,43,36,30
HA1 3SQ,32,17,15,11
HA1 3SS,102,53,49,31
HA1 3ST,32,14,18,11
HA1 3SU,54,28,26,19
HA1 3SW,39,22,17,11
HA1 3SX,60,24,36,17
HA1 3SY,82,45,37,24
HA1 3SZ,66,33,33,21
HA1 3TA,25,14,11,9
HA1 3TB,16,6,10,5
HA1 3TD,87,46,41,22
HA1 3TE,94,45,49,25
HA1 3TF,37,20,17,11
HA1 3TG,20,8,12,6
HA1 3TH,62,30,32,17
HA1 3TL,43,21,22,18
HA1 3TN,31,16,15,12
HA1 3TP,496,201,295,0
HA1 3TS,18,9,9,6
HA1 3TT,18,7,11,6
HA1 3TU,61,30,31,13
HA1 3TX,41,21,20,16
HA1 3TY,51,26,25,13
HA1 3UA,120,59,61,36
HA1 3UB,37,20,17,12
HA1 3UD,115,58,57,38
HA1 3UE,40,20,20,13
HA1 3UF,28,14,14,11
HA1 3UG,45,22,23,15
HA1 3UH,104,47,57,31
HA1 3UJ,12,5,7,0
HA1 3UQ,82,36,46,26
HA1 3UX,93,44,49,34
HA1 3XD,44,18,26,21
HA1 3XH,33,16,17,18
HA1 3XJ,14,6,8,3
HA1 3YG,45,20,25,30
HA1 3YH,31,13,18,1
HA1 3YL,25,15,10,16
HA1 3YP,94,52,42,46
HA1 3YQ,21,13,8,14
HA1 3YR,109,56,53,47
HA1 4AA,1,0,1,1
HA1 4AB,49,23,26,15
HA1 4AD,60,30,30,19
HA1 4AE,19,11,8,7
HA1 4AF,27,14,13,12
HA1 4AG,97,53,44,34
HA1 4AH,45,27,18,10
HA1 4AJ,71,38,33,22
HA1 4AL,24,13,11,11
HA1 4AN,11,5,6,4
HA1 4AP,59,24,35,26
HA1 4AQ,127,63,64,39
HA1 4AR,166,78,88,63
HA1 4AS,60,24,36,27
HA1 4AW,81,41,40,26
HA1 4AX,98,45,53,36
HA1 4AY,43,20,23,12
HA1 4AZ,34,15,19,24
HA1 4BD,13,5,8,6
HA1 4BH,100,48,52,38
HA1 4BJ,54,24,30,22
HA1 4BL,74,29,45,33
HA1 4BN,21,14,7,7
HA1 4BP,28,17,11,9
HA1 4BS,36,20,16,18
HA1 4BT,33,16,17,9
HA1 4BU,91,40,51,33
HA1 4BW,117,60,57,38
HA1 4BX,21,10,11,7
HA1 4BY,83,49,34,23
HA1 4BZ,14,7,7,5
HA1 4DA,97,48,49,38
HA1 4DB,19,10,9,6
HA1 4DD,14,5,9,3
HA1 4DE,32,18,14,12
HA1 4DF,29,14,15,11
HA1 4DG,27,15,12,11
HA1 4DH,74,35,39,27
HA1 4DJ,221,103,118,69
HA1 4DL,89,39,50,23
HA1 4DP,125,58,67,52
HA1 4DQ,66,32,34,25
HA1 4DR,162,83,79,60
HA1 4DS,121,64,57,49
HA1 4DT,61,31,30,23
HA1 4DU,77,37,40,27
HA1 4DX,128,61,67,45
HA1 4DZ,97,52,45,32
HA1 4EA,86,41,45,25
HA1 4EB,115,63,52,44
HA1 4ED,149,73,76,62
HA1 4EE,153,83,70,47
HA1 4EF,161,83,78,63
HA1 4EG,66,30,36,18
HA1 4EH,58,32,26,23
HA1 4EJ,92,44,48,40
HA1 4EN,70,36,34,42
HA1 4EP,6,4,2,5
HA1 4EQ,24,13,11,7
HA1 4ER,6,3,3,4
HA1 4ES,38,23,15,15
HA1 4ET,46,24,22,18
HA1 4EU,115,60,55,42
HA1 4EX,164,85,79,53
HA1 4EY,87,45,42,28
HA1 4EZ,90,37,53,29
HA1 4HA,34,17,17,12
HA1 4HD,82,37,45,30
HA1 4HE,71,41,30,25
HA1 4HF,29,18,11,14
HA1 4HJ,10,7,3,6
HA1 4HL,22,10,12,7
HA1 4HN,158,74,84,50
HA1 4HY,29,13,16,8
HA1 4HZ,115,53,62,42
HA1 4JD,55,34,21,17
HA1 4JE,45,27,18,14
HA1 4JF,18,10,8,5
HA1 4JG,61,28,33,25
HA1 4JH,93,47,46,33
HA1 4JJ,57,31,26,14
HA1 4JN,90,41,49,32
HA1 4JP,47,31,16,16
HA1 4JQ,67,28,39,32
HA1 4JT,46,20,26,17
HA1 4JU,38,20,18,11
HA1 4JW,97,50,47,35
HA1 4JX,33,16,17,14
HA1 4JY,42,25,17,15
HA1 4JZ,10,3,7,3
HA1 4LB,96,51,45,26
HA1 4LP,26,11,15,8
HA1 4LR,135,64,71,49
HA1 4LS,78,38,40,28
HA1 4LT,53,29,24,20
HA1 4LU,42,23,19,19
HA1 4LX,94,51,43,45
HA1 4LY,96,48,48,31
HA1 4LZ,112,57,55,36
HA1 4NA,25,13,12,6
HA1 4NB,110,57,53,36
HA1 4ND,83,44,39,29
HA1 4NE,82,44,38,28
HA1 4NF,64,41,23,23
HA1 4NG,76,34,42,26
HA1 4NH,54,27,27,16
HA1 4NJ,40,23,17,15
HA1 4NL,23,11,12,5
HA1 4NN,13,6,7,5
HA1 4NQ,54,30,24,18
HA1 4PA,169,89,80,63
HA1 4PB,160,77,83,54
HA1 4PD,117,61,56,33
HA1 4PE,73,38,35,28
HA1 4PF,50,21,29,16
HA1 4PG,66,35,31,23
HA1 4PH,28,16,12,10
HA1 4PJ,88,48,40,28
HA1 4PL,94,42,52,35
HA1 4PN,64,30,34,20
HA1 4PP,49,23,26,19
HA1 4PQ,32,14,18,10
HA1 4PR,6,4,2,1
HA1 4PU,6,3,3,4
HA1 4PW,67,33,34,23
HA1 4QA,53,29,24,19
HA1 4QB,4,3,1,2
HA1 4QD,76,35,41,24
HA1 4QE,17,7,10,5
HA1 4QF,22,8,14,8
HA1 4QG,21,11,10,12
HA1 4QH,43,17,26,18
HA1 4QJ,84,37,47,37
HA1 4QL,75,32,43,33
HA1 4QN,13,6,7,6
HA1 4QP,71,36,35,28
HA1 4QQ,40,17,23,19
HA1 4QR,69,33,36,32
HA1 4QS,80,31,49,27
HA1 4QT,89,46,43,30
HA1 4QU,21,10,11,8
HA1 4QW,104,49,55,39
HA1 4QX,51,24,27,18
HA1 4QY,53,29,24,21
HA1 4QZ,39,16,23,11
HA1 4RA,80,38,42,27
HA1 4RD,10,6,4,5
HA1 4RH,16,10,6,6
HA1 4RJ,10,6,4,3
HA1 4RL,25,9,16,11
HA1 4RN,48,22,26,18
HA1 4RP,59,29,30,19
HA1 4RR,18,10,8,6
HA1 4RS,42,24,18,14
HA1 4RT,144,62,82,50
HA1 4RU,20,11,9,7
HA1 4RW,15,8,7,6
HA1 4RX,115,64,51,38
HA1 4RY,112,57,55,34
HA1 4RZ,22,11,11,8
HA1 4SA,132,67,65,41
HA1 4SB,150,80,70,53
HA1 4SD,20,10,10,11
HA1 4SE,72,36,36,26
HA1 4SF,106,50,56,40
HA1 4SG,96,44,52,35
HA1 4SH,28,15,13,12
HA1 4SJ,29,13,16,9
HA1 4SL,27,15,12,9
HA1 4SQ,37,15,22,15
HA1 4SS,65,31,34,20
HA1 4ST,48,18,30,21
HA1 4SU,30,12,18,12
HA1 4SX,41,29,12,12
HA1 4SY,36,17,19,13
HA1 4SZ,73,38,35,22
HA1 4TA,37,23,14,7
HA1 4TD,43,24,19,15
HA1 4TE,46,23,23,14
HA1 4TF,41,25,16,13
HA1 4TG,107,44,63,38
HA1 4TH,110,56,54,39
HA1 4TJ,43,23,20,16
HA1 4TL,42,20,22,17
HA1 4TN,75,44,31,23
HA1 4TP,18,10,8,12
HA1 4TQ,108,55,53,38
HA1 4TS,4,3,1,4
HA1 4TW,10,4,6,7
HA1 4UB,36,13,23,11
HA1 4UD,30,15,15,12
HA1 4UE,48,27,21,17
HA1 4UF,61,30,31,25
HA1 4UG,75,37,38,27
HA1 4UH,31,21,10,11
HA1 4UP,62,33,29,18
HA1 4UR,74,43,31,26
HA1 4UT,72,32,40,20
HA1 4UU,54,27,27,18
HA1 4UW,11,5,6,4
HA1 4UX,38,22,16,15
HA1 4UY,65,41,24,19
HA1 4UZ,51,22,29,13
HA1 4WS,20,8,12,6
HA1 4WT,31,12,19,12
HA1 4XA,63,33,30,20
HA1 4XB,32,15,17,9
HA1 4XD,50,29,21,16
HA1 4XE,23,10,13,8
HA1 4XF,58,32,26,20
HA1 4XG,99,60,39,32
HA1 4XH,40,18,22,15
HA1 4XJ,69,34,35,22
HA1 4XQ,49,24,25,17
HA1 4YD,32,16,16,15
HA1 4YE,34,14,20,15
HA1 4YL,28,15,13,14
HA1 4YN,29,17,12,13
HA1 4YW,14,7,7,9
HA2 0AA,57,28,29,27
HA2 0AB,104,53,51,36
HA2 0AG,39,18,21,16
HA2 0AH,7,3,4,4
HA2 0AJ,25,15,10,9
HA2 0AL,98,46,52,33
HA2 0AN,116,62,54,42
HA2 0AP,37,19,18,13
HA2 0AR,52,22,30,24
HA2 0AS,11,4,7,3
HA2 0AT,22,10,12,8
HA2 0AW,142,64,78,54
HA2 0AX,17,11,6,6
HA2 0BT,78,37,41,29
HA2 0BY,16,8,8,8
HA2 0DA,48,25,23,19
HA2 0DB,8,5,3,3
HA2 0DD,42,21,21,10
HA2 0DE,50,29,21,20
HA2 0DG,30,12,18,11
HA2 0DH,63,32,31,24
HA2 0DJ,36,21,15,10
HA2 0DL,4,3,1,1
HA2 0DQ,172,86,86,59
HA2 0DW,46,26,20,20
HA2 0DX,104,42,62,32
HA2 0DZ,27,12,15,16
HA2 0EF,27,10,17,16
HA2 0EJ,2,0,2,1
HA2 0EN,3,1,2,2
HA2 0ER,142,71,71,63
HA2 0ES,137,68,69,78
HA2 0ET,97,53,44,50
HA2 0EZ,23,12,11,11
HA2 0FA,30,13,17,6
HA2 0FD,62,27,35,17
HA2 0FE,60,30,30,34
HA2 0FH,81,38,43,49
HA2 0HA,124,57,67,53
HA2 0HB,31,20,11,15
HA2 0HD,126,51,75,43
HA2 0HE,28,15,13,9
HA2 0HF,6,3,3,3
HA2 0HG,70,32,38,37
HA2 0HH,129,73,56,53
HA2 0HJ,77,35,42,25
HA2 0HL,51,20,31,27
HA2 0HP,8,4,4,3
HA2 0HQ,30,13,17,12
HA2 0HR,68,35,33,30
HA2 0HS,10,6,4,6
HA2 0HT,8,3,5,4
HA2 0HU,28,14,14,15
HA2 0HW,26,12,14,15
HA2 0HX,49,22,27,20
HA2 0HY,37,21,16,17
HA2 0HZ,56,28,28,34
HA2 0JB,10,3,7,8
HA2 0JD,33,17,16,15
HA2 0JE,6,2,4,3
HA2 0JF,63,38,25,32
HA2 0JG,34,18,16,13
HA2 0JH,13,8,5,5
HA2 0JJ,6,4,2,2
HA2 0JL,31,13,18,8
HA2 0JN,62,28,34,4
HA2 0JP,21,10,11,8
HA2 0JQ,46,25,21,19
HA2 0JS,136,60,76,48
HA2 0JT,17,7,10,9
HA2 0JW,39,19,20,20
HA2 0JY,23,10,13,11
HA2 0JZ,19,8,11,7
HA2 0LA,24,12,12,9
HA2 0LD,49,24,25,24
HA2 0LE,20,7,13,10
HA2 0LH,21,10,11,5
HA2 0LP,67,28,39,25
HA2 0LS,18,8,10,13
HA2 0LU,159,79,80,71
HA2 0LW,55,33,22,23
HA2 0LX,125,66,59,37
HA2 0LY,20,8,12,7
HA2 0NA,20,12,8,9
HA2 0NB,102,51,51,41
HA2 0ND,17,9,8,7
HA2 0NF,100,55,45,43
HA2 0NG,5,1,4,3
HA2 0NH,5,3,2,3
HA2 0NJ,18,10,8,6
HA2 0NL,9,3,6,2
HA2 0NN,10,5,5,6
HA2 0NQ,102,51,51,34
HA2 0NR,42,21,21,30
HA2 0NW,20,7,13,11
HA2 0NZ,29,13,16,11
HA2 0PD,58,31,27,33
HA2 0PF,55,29,26,18
HA2 0PH,58,27,31,16
HA2 0PJ,29,13,16,18
HA2 0PL,45,20,25,19
HA2 0PN,34,17,17,13
HA2 0PP,86,44,42,30
HA2 0PR,121,59,62,42
HA2 0PS,109,56,53,37
HA2 0PT,93,51,42,29
HA2 0PU,164,89,75,52
HA2 0PW,74,37,37,31
HA2 0PX,153,78,75,53
HA2 0PY,126,64,62,42
HA2 0PZ,4,3,1,1
HA2 0QA,92,50,42,44
HA2 0QB,108,48,60,45
HA2 0QD,128,57,71,54
HA2 0QE,121,58,63,54
HA2 0QF,123,63,60,64
HA2 0QG,19,7,12,6
HA2 0QH,47,23,24,13
HA2 0QJ,75,41,34,24
HA2 0QL,65,35,30,21
HA2 0QN,33,20,13,12
HA2 0QP,25,16,9,9
HA2 0QQ,65,33,32,18
HA2 0QR,96,57,39,32
HA2 0QS,85,40,45,29
HA2 0QT,98,37,61,32
HA2 0QU,148,66,82,42
HA2 0QW,56,27,29,16
HA2 0QX,79,37,42,24
HA2 0RA,56,28,28,19
HA2 0RB,172,83,89,56
HA2 0RD,47,27,20,16
HA2 0RE,136,71,65,39
HA2 0RG,20,12,8,6
HA2 0RH,20,9,11,13
HA2 0RJ,77,37,40,23
HA2 0RL,58,28,30,22
HA2 0RN,31,15,16,7
HA2 0RP,62,33,29,20
HA2 0RQ,3,2,1,1
HA2 0RR,82,43,39,25
HA2 0RS,71,33,38,22
HA2 0RT,89,42,47,29
HA2 0RU,106,64,42,30
HA2 0RW,80,43,37,23
HA2 0RX,171,92,79,46
HA2 0RY,70,33,37,26
HA2 0RZ,162,81,81,48
HA2 0SA,123,60,63,40
HA2 0SD,26,13,13,11
HA2 0SH,123,59,64,35
HA2 0SJ,103,51,52,30
HA2 0SL,135,63,72,47
HA2 0SN,148,83,65,45
HA2 0SP,35,16,19,11
HA2 0SR,72,41,31,22
HA2 0SS,40,17,23,15
HA2 0ST,20,7,13,6
HA2 0SU,19,7,12,4
HA2 0SW,30,19,11,24
HA2 0SX,24,10,14,7
HA2 0TN,4,1,3,1
HA2 0TP,114,51,63,30
HA2 0TR,132,60,72,45
HA2 0TS,7,4,3,4
HA2 0TW,7,2,5,3
HA2 0TX,13,8,5,2
HA2 0UB,87,50,37,23
HA2 0UD,63,35,28,21
HA2 0UE,40,26,14,5
HA2 0UF,115,58,57,33
HA2 0UG,62,32,30,23
HA2 0UH,55,24,31,16
HA2 0UP,39,14,25,11
HA2 0UQ,33,20,13,9
HA2 0UR,21,9,12,5
HA2 0US,28,10,18,11
HA2 0UT,45,16,29,15
HA2 0UU,14,6,8,5
HA2 0UX,29,13,16,7
HA2 0UY,23,9,14,7
HA2 0UZ,29,15,14,6
HA2 0WG,109,47,62,40
HA2 0WN,98,43,55,36
HA2 0WP,19,7,12,8
HA2 0XA,22,6,16,5
HA2 0XB,30,18,12,7
HA2 0XD,11,3,8,6
HA2 0XE,28,16,12,7
HA2 0XF,22,4,18,7
HA2 0XH,4,3,1,1
HA2 0XJ,57,29,28,20
HA2 0YA,81,37,44,43
HA2 0YE,38,16,22,30
HA2 0YL,117,54,63,82
HA2 6AA,51,25,26,28
HA2 6AD,142,65,77,43
HA2 6AE,22,14,8,7
HA2 6AF,29,15,14,14
HA2 6AH,18,8,10,8
HA2 6AJ,15,7,8,6
HA2 6AL,57,23,34,16
HA2 6AN,55,22,33,30
HA2 6AP,73,38,35,27
HA2 6AQ,134,64,70,40
HA2 6AR,50,21,29,17
HA2 6AS,50,24,26,20
HA2 6AT,45,21,24,18
HA2 6AU,105,47,58,31
HA2 6AW,55,24,31,19
HA2 6AX,103,57,46,32
HA2 6AY,43,18,25,12
HA2 6AZ,21,9,12,6
HA2 6BA,24,12,12,8
HA2 6BB,42,22,20,14
HA2 6BD,72,37,35,24
HA2 6BE,32,16,16,12
HA2 6BG,69,32,37,23
HA2 6BS,38,12,26,17
HA2 6BT,23,9,14,10
HA2 6BU,88,40,48,48
HA2 6BX,7,4,3,2
HA2 6BY,132,65,67,41
HA2 6BZ,121,57,64,39
HA2 6DA,55,22,33,12
HA2 6DB,121,60,61,36
HA2 6DD,55,28,27,27
HA2 6DE,96,39,57,28
HA2 6DF,28,14,14,11
HA2 6DG,85,43,42,31
HA2 6DH,138,68,70,44
HA2 6DJ,18,9,9,10
HA2 6DL,37,13,24,14
HA2 6DP,33,19,14,16
HA2 6DQ,154,80,74,50
HA2 6DR,3,1,2,1
HA2 6DZ,16,8,8,7
HA2 6ED,48,24,24,17
HA2 6EF,101,52,49,31
HA2 6EG,18,9,9,8
HA2 6EH,55,30,25,20
HA2 6EJ,94,50,44,34
HA2 6EL,71,35,36,25
HA2 6EN,113,57,56,37
HA2 6EP,91,49,42,29
HA2 6EQ,19,7,12,7
HA2 6EW,101,52,49,33
HA2 6EZ,88,37,51,44
HA2 6HD,91,44,47,38
HA2 6HE,131,64,67,41
HA2 6HF,95,48,47,36
HA2 6HG,63,30,33,20
HA2 6HH,38,19,19,12
HA2 6HJ,119,57,62,38
HA2 6HL,108,59,49,35
HA2 6HN,83,43,40,30
HA2 6HP,89,46,43,29
HA2 6HR,74,33,41,21
HA2 6HS,67,35,32,22
HA2 6HT,41,22,19,12
HA2 6HU,86,42,44,27
HA2 6HW,33,13,20,9
HA2 6HX,48,25,23,20
HA2 6JF,22,9,13,10
HA2 6JH,35,15,20,12
HA2 6JJ,54,29,25,18
HA2 6JL,69,34,35,25
HA2 6JN,55,26,29,18
HA2 6JR,78,42,36,25
HA2 6JS,41,21,20,15
HA2 6JT,45,21,24,12
HA2 6JU,48,25,23,16
HA2 6JW,8,4,4,3
HA2 6JX,46,22,24,16
HA2 6JY,98,50,48,35
HA2 6JZ,54,25,29,17
HA2 6LA,62,31,31,24
HA2 6LB,60,24,36,21
HA2 6LD,163,78,85,54
HA2 6LE,46,23,23,13
HA2 6LF,125,61,64,34
HA2 6LG,48,27,21,15
HA2 6LH,14,7,7,10
HA2 6LQ,126,65,61,42
HA2 6LX,103,48,55,36
HA2 6LY,108,55,53,35
HA2 6NA,37,19,18,18
HA2 6ND,16,12,4,6
HA2 6NE,60,30,30,24
HA2 6NF,2,2,0,1
HA2 6NG,4,3,1,1
HA2 6NH,90,46,44,37
HA2 6NL,21,9,12,7
HA2 6NP,141,74,67,49
HA2 6NQ,57,23,34,44
HA2 6NR,89,43,46,29
HA2 6NS,37,18,19,11
HA2 6NT,18,9,9,7
HA2 6NU,36,16,20,15
HA2 6NW,33,14,19,15
HA2 6NX,36,18,18,13
HA2 6PH,77,37,40,32
HA2 6PJ,52,27,25,17
HA2 6PL,25,12,13,9
HA2 6PN,5,3,2,4
HA2 6PP,29,14,15,8
HA2 6PR,36,18,18,9
HA2 6PS,91,41,50,35
HA2 6PT,27,12,15,12
HA2 6PU,21,12,9,5
HA2 6PW,30,17,13,10
HA2 6PY,61,29,32,26
HA2 6PZ,74,29,45,35
HA2 6QA,28,13,15,11
HA2 6QB,84,43,41,30
HA2 6QD,24,11,13,8
HA2 6QE,105,49,56,37
HA2 6QG,39,21,18,12
HA2 6QH,44,20,24,30
HA2 6QJ,29,18,11,14
HA2 6QN,68,32,36,26
HA2 6QP,100,48,52,35
HA2 6QQ,15,7,8,7
HA2 6QR,79,35,44,27
HA2 6QS,12,6,6,6
HA2 6QW,24,16,8,5
HA2 6UZ,14,9,5,6
HA2 7AA,89,48,41,32
HA2 7AE,74,37,37,21
HA2 7AF,61,32,29,18
HA2 7AG,48,23,25,14
HA2 7AH,107,55,52,37
HA2 7AJ,159,76,83,52
HA2 7AL,117,64,53,39
HA2 7AN,119,67,52,32
HA2 7AP,60,29,31,16
HA2 7AQ,143,68,75,47
HA2 7AR,38,19,19,12
HA2 7AS,51,27,24,17
HA2 7AT,54,23,31,20
HA2 7AU,38,22,16,13
HA2 7AW,13,5,8,5
HA2 7AX,129,62,67,39
HA2 7AY,24,13,11,8
HA2 7AZ,16,10,6,4
HA2 7BA,43,14,29,29
HA2 7BP,26,13,13,8
HA2 7BS,118,54,64,42
HA2 7BT,66,35,31,25
HA2 7BU,131,60,71,44
HA2 7BX,69,34,35,26
HA2 7BY,177,93,84,56
HA2 7BZ,170,80,90,50
HA2 7DA,45,23,22,21
HA2 7DB,51,28,23,22
HA2 7DD,91,43,48,29
HA2 7DE,77,39,38,20
HA2 7DF,12,5,7,2
HA2 7DG,17,8,9,8
HA2 7DT,64,30,34,20
HA2 7DU,17,9,8,6
HA2 7DX,44,25,19,14
HA2 7DY,81,39,42,26
HA2 7DZ,23,11,12,8
HA2 7EA,38,20,18,13
HA2 7EB,90,42,48,31
HA2 7ED,53,23,30,30
HA2 7EE,62,25,37,34
HA2 7EF,71,31,40,17
HA2 7EG,81,43,38,27
HA2 7EH,56,25,31,20
HA2 7EJ,133,60,73,44
HA2 7EL,45,21,24,18
HA2 7EN,22,10,12,7
HA2 7EQ,48,19,29,15
HA2 7ES,17,8,9,10
HA2 7EW,23,11,12,9
HA2 7HD,36,21,15,15
HA2 7HE,15,10,5,10
HA2 7HJ,11,6,5,4
HA2 7HT,56,27,29,19
HA2 7HU,86,46,40,35
HA2 7HW,47,23,24,17
HA2 7HX,6,3,3,2
HA2 7HY,19,6,13,8
HA2 7HZ,8,4,4,3
HA2 7JA,5,3,2,2
HA2 7JB,28,13,15,11
HA2 7JD,50,26,24,17
HA2 7JE,82,42,40,27
HA2 7JF,63,32,31,30
HA2 7JG,59,26,33,29
HA2 7JH,37,16,21,18
HA2 7JJ,92,41,51,35
HA2 7JL,19,10,9,9
HA2 7JQ,56,25,31,20
HA2 7LA,90,42,48,32
HA2 7LB,117,62,55,40
HA2 7LD,62,28,34,23
HA2 7LE,130,62,68,43
HA2 7LF,19,8,11,9
HA2 7LH,37,20,17,12
HA2 7LJ,26,14,12,7
HA2 7LN,118,52,66,49
HA2 7LP,37,20,17,11
HA2 7LQ,21,10,11,8
HA2 7LR,33,9,24,13
HA2 7LS,9,5,4,4
HA2 7LT,95,44,51,33
HA2 7LU,32,17,15,13
HA2 7LW,39,17,22,24
HA2 7LX,31,15,16,10
HA2 7NL,72,30,42,23
HA2 7NN,68,33,35,24
HA2 7NP,32,17,15,10
HA2 7NR,111,55,56,37
HA2 7NS,84,42,42,29
HA2 7NT,24,11,13,7
HA2 7NU,109,54,55,35
HA2 7NW,39,17,22,13
HA2 7NX,119,63,56,37
HA2 7NY,34,17,17,8
HA2 7NZ,13,5,8,6
HA2 7PA,136,68,68,46
HA2 7PB,27,14,13,8
HA2 7PD,10,5,5,4
HA2 7PE,125,59,66,34
HA2 7PF,71,39,32,29
HA2 7PT,47,20,27,17
HA2 7PU,83,39,44,28
HA2 7PX,68,31,37,29
HA2 7PY,70,36,34,30
HA2 7PZ,33,12,21,8
HA2 7QA,11,4,7,4
HA2 7QB,18,10,8,6
HA2 7QD,14,8,6,3
HA2 7QE,6,3,3,3
HA2 7QF,81,37,44,28
HA2 7QG,98,49,49,30
HA2 7QH,33,17,16,12
HA2 7QJ,2,1,1,1
HA2 7QL,121,62,59,37
HA2 7QN,81,42,39,30
HA2 7QQ,51,22,29,19
HA2 7RA,175,76,99,52
HA2 7RB,127,61,66,43
HA2 7RD,69,37,32,21
HA2 7RE,71,32,39,23
HA2 7RG,125,66,59,41
HA2 7RH,82,44,38,24
HA2 7RJ,33,14,19,17
HA2 7RL,25,10,15,11
HA2 7RN,33,17,16,10
HA2 7RP,109,54,55,39
HA2 7RQ,45,22,23,16
HA2 7RW,130,65,65,43
HA2 7SE,30,13,17,7
HA2 7SJ,6,5,1,2
HA2 7SR,16,10,6,5
HA2 7SU,18,11,7,6
HA2 7SW,28,19,9,8
HA2 7SY,40,25,15,14
HA2 8AB,69,37,32,24
HA2 8AD,27,13,14,11
HA2 8AE,129,66,63,40
HA2 8AF,118,54,64,35
HA2 8AG,47,21,26,15
HA2 8AJ,75,42,33,25
HA2 8AL,120,59,61,34
HA2 8AN,15,6,9,6
HA2 8AP,50,23,27,17
HA2 8AQ,36,17,19,10
HA2 8AR,123,65,58,44
HA2 8AS,13,8,5,8
HA2 8AT,27,9,18,10
HA2 8AW,87,39,48,32
HA2 8AY,163,88,75,57
HA2 8AZ,127,61,66,46
HA2 8BA,40,17,23,21
HA2 8BJ,6,3,3,4
HA2 8BN,17,11,6,4
HA2 8BP,57,28,29,20
HA2 8BT,18,7,11,6
HA2 8BU,83,40,43,25
HA2 8BW,48,30,18,18
HA2 8BX,15,9,6,5
HA2 8BY,135,68,67,40
HA2 8BZ,83,34,49,29
HA2 8DA,46,25,21,19
HA2 8DB,23,16,7,8
HA2 8DE,107,53,54,32
HA2 8DF,24,14,10,8
HA2 8DG,89,45,44,32
HA2 8DH,123,67,56,39
HA2 8DN,41,22,19,22
HA2 8DP,37,19,18,19
HA2 8DQ,70,33,37,23
HA2 8DU,41,24,17,13
HA2 8DW,57,13,44,53
HA2 8DY,16,11,5,5
HA2 8DZ,2,1,1,1
HA2 8EB,15,6,9,5
HA2 8EE,31,17,14,8
HA2 8EG,52,20,32,18
HA2 8EH,69,37,32,22
HA2 8EJ,59,24,35,21
HA2 8EL,20,12,8,11
HA2 8EN,105,62,43,31
HA2 8ES,23,15,8,12
HA2 8ET,35,19,16,21
HA2 8EU,40,11,29,27
HA2 8EW,57,26,31,14
HA2 8EX,28,17,11,10
HA2 8EZ,49,24,25,23
HA2 8FB,170,74,96,72
HA2 8FD,73,37,36,30
HA2 8FE,213,108,105,84
HA2 8FF,55,30,25,19
HA2 8FG,3,1,2,1
HA2 8HA,43,22,21,10
HA2 8HB,150,71,79,46
HA2 8HE,22,13,9,6
HA2 8HN,14,8,6,6
HA2 8HR,17,10,7,9
HA2 8HS,13,5,8,6
HA2 8HX,16,7,9,6
HA2 8JA,30,18,12,11
HA2 8JB,14,7,7,4
HA2 8JD,67,35,32,22
HA2 8JE,23,15,8,9
HA2 8JG,88,49,39,35
HA2 8JH,50,30,20,16
HA2 8JL,100,54,46,31
HA2 8JN,34,19,15,12
HA2 8JQ,23,11,12,9
HA2 8JR,79,42,37,30
HA2 8JT,29,13,16,8
HA2 8JU,9,5,4,6
HA2 8JX,38,9,29,30
HA2 8LA,116,51,65,42
HA2 8LB,117,59,58,38
HA2 8LD,37,18,19,14
HA2 8LE,77,42,35,24
HA2 8LF,120,61,59,36
HA2 8LG,112,60,52,34
HA2 8LH,89,54,35,29
HA2 8LJ,89,45,44,27
HA2 8LL,96,48,48,28
HA2 8LN,88,44,44,27
HA2 8LP,75,36,39,26
HA2 8LQ,148,72,76,42
HA2 8LR,76,34,42,26
HA2 8LS,58,36,22,18
HA2 8LW,74,35,39,26
HA2 8NB,61,29,32,21
HA2 8ND,76,38,38,24
HA2 8NE,43,17,26,14
HA2 8NF,112,50,62,34
HA2 8NG,33,21,12,10
HA2 8NH,11,5,6,5
HA2 8NJ,11,4,7,2
HA2 8NL,71,30,41,27
HA2 8NN,97,46,51,32
HA2 8NP,40,18,22,17
HA2 8NQ,120,60,60,37
HA2 8NR,73,38,35,26
HA2 8NS,111,58,53,33
HA2 8NT,62,30,32,16
HA2 8NU,164,80,84,46
HA2 8NW,85,43,42,32
HA2 8NX,69,29,40,24
HA2 8NZ,28,18,10,15
HA2 8PA,62,31,31,42
HA2 8PG,17,5,12,7
HA2 8PH,29,14,15,12
HA2 8PJ,34,15,19,8
HA2 8PL,62,31,31,16
HA2 8PN,74,34,40,26
HA2 8PP,189,96,93,59
HA2 8PQ,109,56,53,34
HA2 8PR,53,28,25,16
HA2 8PS,29,14,15,9
HA2 8PT,62,28,34,21
HA2 8PU,39,20,19,12
HA2 8PW,134,71,63,40
HA2 8PX,115,63,52,38
HA2 8PY,9,3,6,4
HA2 8PZ,42,15,27,17
HA2 8QA,78,47,31,34
HA2 8QH,91,44,47,26
HA2 8QJ,131,63,68,36
HA2 8QL,47,25,22,12
HA2 8QN,59,30,29,21
HA2 8QP,99,50,49,24
HA2 8QR,19,11,8,6
HA2 8QS,89,45,44,27
HA2 8QT,76,37,39,21
HA2 8QU,100,46,54,29
HA2 8QW,125,71,54,41
HA2 8QX,180,88,92,58
HA2 8QY,73,37,36,24
HA2 8QZ,31,20,11,9
HA2 8RA,72,38,34,20
HA2 8RB,11,4,7,6
HA2 8RD,156,70,86,49
HA2 8RE,155,80,75,45
HA2 8RN,61,30,31,18
HA2 8RR,113,64,49,38
HA2 8RT,168,75,93,66
HA2 8RU,90,50,40,32
HA2 8RW,29,14,15,9
HA2 8RX,151,65,86,63
HA2 8RY,43,21,22,17
HA2 8RZ,133,63,70,43
HA2 8SA,124,63,61,46
HA2 8SB,41,22,19,16
HA2 8SD,24,13,11,12
HA2 8SE,17,7,10,7
HA2 8SN,80,37,43,32
HA2 8SP,40,20,20,14
HA2 8SR,95,49,46,28
HA2 8SS,99,57,42,29
HA2 8ST,85,45,40,23
HA2 8SU,65,27,38,17
HA2 8SW,60,33,27,16
HA2 8SX,81,39,42,20
HA2 8SY,106,58,48,32
HA2 8SZ,66,37,29,18
HA2 8TA,51,29,22,15
HA2 8TB,93,48,45,27
HA2 8TD,96,44,52,27
HA2 8TE,95,48,47,28
HA2 8TF,61,29,32,23
HA2 8TP,151,71,80,53
HA2 8TR,22,11,11,6
HA2 8TS,162,77,85,51
HA2 8TT,138,70,68,45
HA2 8TU,60,30,30,20
HA2 8TX,20,7,13,8
HA2 8TY,82,41,41,23
HA2 8TZ,173,78,95,50
HA2 8UA,107,56,51,34
HA2 8UB,132,67,65,41
HA2 8UD,171,79,92,50
HA2 8UU,16,8,8,11
HA2 9AA,22,10,12,8
HA2 9AB,84,40,44,40
HA2 9AE,67,34,33,21
HA2 9AF,60,31,29,16
HA2 9AH,32,15,17,10
HA2 9AJ,126,69,57,42
HA2 9AL,78,43,35,19
HA2 9AN,46,23,23,17
HA2 9AP,69,38,31,20
HA2 9AQ,61,27,34,21
HA2 9AR,92,48,44,29
HA2 9AS,54,24,30,22
HA2 9AT,105,54,51,30
HA2 9AU,27,15,12,10
HA2 9AW,114,55,59,65
HA2 9AX,77,30,47,25
HA2 9AY,82,43,39,26
HA2 9AZ,107,58,49,39
HA2 9BA,36,20,16,12
HA2 9BB,141,57,84,45
HA2 9BD,38,16,22,30
HA2 9BG,61,28,33,21
HA2 9BH,47,20,27,18
HA2 9BJ,65,27,38,18
HA2 9BL,53,28,25,18
HA2 9BN,38,18,20,14
HA2 9BP,186,94,92,59
HA2 9BQ,18,9,9,8
HA2 9BS,52,24,28,21
HA2 9BT,96,50,46,34
HA2 9BU,32,18,14,13
HA2 9BW,50,27,23,19
HA2 9BX,57,30,27,21
HA2 9BY,75,33,42,23
HA2 9BZ,54,26,28,18
HA2 9DA,76,43,33,37
HA2 9DB,75,40,35,37
HA2 9DD,45,19,26,15
HA2 9DE,71,35,36,33
HA2 9DL,12,7,5,4
HA2 9DN,29,11,18,12
HA2 9DP,43,20,23,11
HA2 9DR,82,40,42,24
HA2 9DS,133,68,65,39
HA2 9DT,72,35,37,29
HA2 9DU,31,13,18,11
HA2 9DW,59,29,30,16
HA2 9DX,150,77,73,68
HA2 9DY,56,27,29,23
HA2 9DZ,169,89,80,61
HA2 9EA,137,62,75,45
HA2 9EB,86,46,40,30
HA2 9ED,76,39,37,27
HA2 9EE,40,21,19,12
HA2 9EF,22,13,9,8
HA2 9ER,48,25,23,14
HA2 9ES,71,29,42,28
HA2 9ET,53,25,28,21
HA2 9EU,105,49,56,39
HA2 9EX,165,89,76,47
HA2 9EY,37,23,14,13
HA2 9EZ,19,8,11,6
HA2 9HA,26,13,13,8
HA2 9HB,42,21,21,13
HA2 9HD,51,25,26,15
HA2 9HE,109,56,53,31
HA2 9HF,33,16,17,10
HA2 9HG,176,91,85,56
HA2 9HH,163,80,83,46
HA2 9HJ,74,38,36,21
HA2 9HL,51,22,29,16
HA2 9HQ,215,111,104,63
HA2 9HU,9,4,5,9
HA2 9HX,14,5,9,8
HA2 9HY,27,12,15,8
HA2 9HZ,14,6,8,9
HA2 9JA,55,20,35,16
HA2 9JB,56,29,27,19
HA2 9JD,179,80,99,63
HA2 9JE,52,24,28,24
HA2 9JF,35,16,19,12
HA2 9JG,52,27,25,14
HA2 9JH,173,86,87,51
HA2 9JL,173,89,84,51
HA2 9JN,113,57,56,35
HA2 9JP,21,14,7,9
HA2 9JQ,37,20,17,11
HA2 9JR,44,21,23,10
HA2 9JS,51,22,29,24
HA2 9JT,28,14,14,10
HA2 9JW,81,45,36,28
HA2 9JX,69,33,36,22
HA2 9JY,36,15,21,30
HA2 9JZ,9,3,6,6
HA2 9LA,19,7,12,7
HA2 9LD,57,21,36,18
HA2 9LE,135,72,63,40
HA2 9LF,69,33,36,21
HA2 9LG,33,16,17,12
HA2 9LH,20,11,9,6
HA2 9LJ,27,14,13,11
HA2 9LL,120,53,67,41
HA2 9LN,71,39,32,20
HA2 9LP,46,26,20,16
HA2 9LQ,36,19,17,14
HA2 9LR,36,15,21,11
HA2 9LS,33,13,20,18
HA2 9LT,33,17,16,12
HA2 9LW,138,68,70,49
HA2 9NE,75,40,35,23
HA2 9NF,134,65,69,41
HA2 9NG,45,18,27,14
HA2 9NH,160,78,82,51
HA2 9NJ,202,97,105,62
HA2 9NL,78,44,34,23
HA2 9NN,133,69,64,42
HA2 9NP,97,55,42,27
HA2 9NQ,58,30,28,19
HA2 9NR,113,55,58,31
HA2 9NS,82,45,37,25
HA2 9NW,104,60,44,29
HA2 9PD,109,61,48,40
HA2 9PE,85,38,47,25
HA2 9PF,103,52,51,27
HA2 9PG,106,49,57,28
HA2 9PH,100,48,52,31
HA2 9PJ,96,51,45,26
HA2 9PL,125,58,67,36
HA2 9PN,82,43,39,24
HA2 9PP,107,53,54,31
HA2 9PQ,111,53,58,35
HA2 9PR,78,35,43,31
HA2 9PS,39,18,21,11
HA2 9PW,31,17,14,11
HA2 9QB,43,18,25,10
HA2 9QD,131,61,70,42
HA2 9QE,161,74,87,53
HA2 9QF,51,29,22,20
HA2 9QG,125,63,62,36
HA2 9QH,117,61,56,36
HA2 9QJ,135,75,60,36
HA2 9QL,168,75,93,55
HA2 9QN,52,27,25,16
HA2 9QQ,148,70,78,38
HA2 9QW,51,25,26,19
HA2 9RA,79,37,42,19
HA2 9RB,41,17,24,11
HA2 9RD,125,58,67,43
HA2 9RE,176,89,87,47
HA2 9RF,26,11,15,8
HA2 9RG,96,43,53,30
HA2 9RH,67,32,35,25
HA2 9RJ,71,40,31,23
HA2 9RL,137,69,68,44
HA2 9RN,83,36,47,32
HA2 9RQ,152,73,79,46
HA2 9RR,25,12,13,8
HA2 9RS,148,66,82,41
HA2 9RT,118,44,74,36
HA2 9RY,11,5,6,5
HA2 9SE,43,18,25,21
HA2 9SG,38,23,15,12
HA2 9SJ,35,15,20,8
HA2 9SL,9,5,4,3
HA2 9SN,85,43,42,26
HA2 9SP,74,36,38,24
HA2 9SR,61,31,30,21
HA2 9SS,34,17,17,10
HA2 9ST,62,31,31,20
HA2 9SU,30,16,14,8
HA2 9SW,92,41,51,28
HA2 9SX,105,47,58,32
HA2 9SY,19,9,10,6
HA2 9SZ,36,20,16,11
HA2 9TA,51,26,25,18
HA2 9TB,73,34,39,20
HA2 9TD,45,27,18,13
HA2 9TH,27,14,13,22
HA2 9TJ,35,17,18,28
HA2 9TL,33,19,14,12
HA2 9TR,16,12,4,6
HA2 9TS,25,13,12,19
HA2 9TU,65,34,31,24
HA2 9TW,48,28,20,18
HA2 9TX,76,41,35,22
HA2 9TZ,66,32,34,21
HA2 9UA,18,11,7,6
HA2 9UB,130,65,65,41
HA2 9UD,88,48,40,29
HA2 9UF,31,15,16,12
HA2 9UG,98,44,54,30
HA2 9UH,139,71,68,39
HA2 9UJ,104,53,51,35
HA2 9UQ,77,43,34,28
HA2 9UU,146,75,71,49
HA2 9UX,144,67,77,48
HA2 9UY,182,91,91,53
HA2 9UZ,163,88,75,50
HA3 0AA,111,58,53,33
HA3 0AB,143,71,72,47
HA3 0AD,38,22,16,13
HA3 0AG,16,8,8,10
HA3 0AH,69,30,39,22
HA3 0AN,50,31,19,25
HA3 0AP,34,16,18,12
HA3 0AQ,16,8,8,10
HA3 0AR,27,14,13,9
HA3 0AS,67,39,28,20
HA3 0AT,166,82,84,63
HA3 0AU,35,13,22,4
HA3 0AW,6,5,1,3
HA3 0AX,97,42,55,33
HA3 0AY,90,44,46,27
HA3 0AZ,43,20,23,21
HA3 0BL,88,45,43,18
HA3 0BN,48,26,22,14
HA3 0BP,31,18,13,11
HA3 0BQ,47,13,34,38
HA3 0BS,14,8,6,4
HA3 0BT,104,59,45,37
HA3 0BU,91,45,46,38
HA3 0BW,22,13,9,7
HA3 0BX,30,15,15,10
HA3 0BY,117,60,57,40
HA3 0BZ,57,31,26,17
HA3 0DA,60,27,33,21
HA3 0DB,102,46,56,29
HA3 0DD,60,30,30,17
HA3 0DL,31,14,17,10
HA3 0DN,4,1,3,2
HA3 0DP,85,45,40,27
HA3 0DR,85,47,38,22
HA3 0DS,10,5,5,3
HA3 0DT,66,35,31,21
HA3 0DU,10,5,5,2
HA3 0DW,29,14,15,10
HA3 0DX,67,27,40,22
HA3 0DY,15,8,7,4
HA3 0DZ,7,4,3,4
HA3 0EA,44,25,19,12
HA3 0EB,48,22,26,17
HA3 0ED,44,19,25,15
HA3 0EE,37,15,22,9
HA3 0EF,39,22,17,11
HA3 0EG,73,40,33,20
HA3 0EH,17,8,9,4
HA3 0EJ,30,15,15,9
HA3 0EL,1,1,0,1
HA3 0EQ,11,6,5,4
HA3 0EY,42,20,22,15
HA3 0HD,10,6,4,5
HA3 0HL,68,32,36,17
HA3 0HN,29,17,12,9
HA3 0HP,26,11,15,8
HA3 0HQ,105,52,53,24
HA3 0HS,97,46,51,31
HA3 0HT,15,8,7,4
HA3 0HW,83,42,41,27
HA3 0JD,62,30,32,19
HA3 0JE,36,17,19,12
HA3 0JF,49,25,24,12
HA3 0JG,81,39,42,22
HA3 0JH,100,51,49,34
HA3 0JJ,71,37,34,13
HA3 0JL,17,7,10,6
HA3 0JN,48,25,23,14
HA3 0JP,53,28,25,18
HA3 0JQ,55,26,29,17
HA3 0JR,25,8,17,8
HA3 0JT,65,32,33,22
HA3 0JU,44,22,22,15
HA3 0JW,46,24,22,15
HA3 0JX,28,15,13,6
HA3 0JY,35,13,22,9
HA3 0JZ,19,9,10,6
HA3 0LH,11,5,6,3
HA3 0LJ,14,6,8,4
HA3 0LL,108,50,58,35
HA3 0LN,43,21,22,14
HA3 0LP,21,10,11,5
HA3 0LR,50,22,28,14
HA3 0LS,70,32,38,22
HA3 0LT,29,16,13,10
HA3 0LU,86,49,37,29
HA3 0LW,50,27,23,16
HA3 0LY,96,48,48,32
HA3 0LZ,25,14,11,6
HA3 0NA,42,22,20,15
HA3 0NB,94,38,56,29
HA3 0NG,18,6,12,6
HA3 0NH,63,33,30,16
HA3 0NJ,1,0,1,1
HA3 0NQ,65,31,34,17
HA3 0NS,72,31,41,25
HA3 0NU,28,15,13,10
HA3 0NW,53,24,29,14
HA3 0NX,2,1,1,1
HA3 0NY,22,11,11,9
HA3 0NZ,21,14,7,7
HA3 0PA,89,44,45,28
HA3 0PB,70,33,37,23
HA3 0PD,40,21,19,12
HA3 0PE,23,9,14,8
HA3 0PF,38,20,18,12
HA3 0PG,116,63,53,37
HA3 0PH,25,15,10,6
HA3 0PJ,47,15,32,41
HA3 0PN,53,16,37,45
HA3 0PP,59,26,33,27
HA3 0PQ,4,2,2,1
HA3 0PR,46,31,15,27
HA3 0PS,60,36,24,20
HA3 0PW,44,18,26,17
HA3 0PY,15,6,9,7
HA3 0QA,64,36,28,28
HA3 0QG,78,43,35,25
HA3 0QH,89,37,52,38
HA3 0QJ,46,24,22,17
HA3 0QQ,90,45,45,22
HA3 0QR,36,21,15,17
HA3 0QT,28,13,15,10
HA3 0QU,30,17,13,9
HA3 0QW,17,7,10,14
HA3 0QX,62,27,35,17
HA3 0QY,54,30,24,17
HA3 0QZ,59,27,32,16
HA3 0RA,27,14,13,8
HA3 0RB,70,29,41,22
HA3 0RD,15,10,5,5
HA3 0RE,45,24,21,17
HA3 0RF,61,26,35,19
HA3 0RG,13,6,7,5
HA3 0RH,7,3,4,3
HA3 0RJ,46,22,24,15
HA3 0RL,69,41,28,22
HA3 0RN,86,44,42,26
HA3 0RQ,64,31,33,19
HA3 0RX,76,34,42,26
HA3 0RY,103,47,56,30
HA3 0RZ,81,44,37,25
HA3 0SA,24,12,12,8
HA3 0SB,25,12,13,10
HA3 0SD,25,12,13,9
HA3 0SE,87,43,44,26
HA3 0SF,43,20,23,14
HA3 0SG,134,67,67,43
HA3 0SH,38,22,16,10
HA3 0SJ,112,55,57,35
HA3 0SL,87,40,47,21
HA3 0SN,91,53,38,24
HA3 0SP,85,43,42,26
HA3 0SQ,131,58,73,40
HA3 0ST,34,17,17,18
HA3 0SW,42,19,23,16
HA3 0TA,152,75,77,39
HA3 0TB,16,6,10,4
HA3 0TD,121,64,57,32
HA3 0TE,133,63,70,32
HA3 0TF,76,33,43,26
HA3 0TG,129,60,69,37
HA3 0TH,28,20,8,9
HA3 0TJ,3,2,1,2
HA3 0TL,21,8,13,6
HA3 0TN,22,11,11,4
HA3 0TP,46,24,22,16
HA3 0TQ,13,7,6,5
HA3 0TR,51,28,23,14
HA3 0TS,23,7,16,9
HA3 0TT,103,46,57,27
HA3 0TU,35,19,16,12
HA3 0TW,89,48,41,31
HA3 0TY,16,9,7,8
HA3 0UE,111,51,60,36
HA3 0UF,152,56,96,8
HA3 0UG,99,46,53,33
HA3 0UH,113,56,57,35
HA3 0UJ,99,47,52,27
HA3 0UL,83,50,33,22
HA3 0UN,84,44,40,22
HA3 0UP,111,56,55,32
HA3 0UQ,2,1,1,1
HA3 0UR,66,29,37,18
HA3 0UT,136,72,64,45
HA3 0UW,134,75,59,34
HA3 0UZ,10,6,4,2
HA3 0XD,108,60,48,32
HA3 0XF,4,2,2,1
HA3 0XG,76,34,42,27
HA3 0XH,105,44,61,45
HA3 0XJ,33,18,15,12
HA3 0XN,18,11,7,6
HA3 0XP,1,1,0,1
HA3 0XQ,51,25,26,19
HA3 0XR,48,25,23,20
HA3 0XS,90,55,35,31
HA3 0XT,32,9,23,28
HA3 0XX,48,26,22,18
HA3 0XY,49,24,25,14
HA3 0XZ,46,24,22,19
HA3 0YA,29,13,16,10
HA3 0YB,16,4,12,14
HA3 0YD,16,7,9,11
HA3 0YE,15,8,7,7
HA3 0YF,36,18,18,16
HA3 5AB,3,2,1,1
HA3 5AH,50,28,22,19
HA3 5AN,128,71,57,41
HA3 5AR,173,84,89,51
HA3 5AS,127,66,61,49
HA3 5AT,150,82,68,45
HA3 5AU,121,65,56,36
HA3 5AX,65,35,30,23
HA3 5AY,20,9,11,7
HA3 5AZ,111,55,56,36
HA3 5BA,48,18,30,25
HA3 5BB,68,32,36,31
HA3 5BD,2,1,1,1
HA3 5BJ,79,33,46,26
HA3 5BS,41,19,22,12
HA3 5BU,11,10,1,5
HA3 5BX,2,0,2,1
HA3 5BY,125,76,49,47
HA3 5DF,12,8,4,4
HA3 5DL,57,30,27,21
HA3 5DQ,72,44,28,23
HA3 5DT,32,14,18,11
HA3 5DU,90,46,44,23
HA3 5DX,49,18,31,24
HA3 5DZ,77,34,43,19
HA3 5EE,94,41,53,46
HA3 5EG,42,11,31,2
HA3 5EL,28,16,12,8
HA3 5EQ,53,29,24,15
HA3 5ES,25,10,15,11
HA3 5EU,48,22,26,22
HA3 5EX,68,32,36,26
HA3 5EY,64,29,35,20
HA3 5EZ,58,31,27,19
HA3 5GA,18,9,9,6
HA3 5HA,38,18,20,13
HA3 5HB,71,37,34,20
HA3 5HD,95,50,45,33
HA3 5HE,19,8,11,6
HA3 5HF,75,37,38,30
HA3 5HG,21,10,11,6
HA3 5HH,144,77,67,54
HA3 5HJ,47,22,25,18
HA3 5HN,119,62,57,34
HA3 5HP,56,30,26,24
HA3 5HQ,73,39,34,29
HA3 5HR,88,44,44,26
HA3 5HS,89,52,37,30
HA3 5HT,25,6,19,11
HA3 5HU,96,49,47,30
HA3 5HW,51,24,27,16
HA3 5HX,67,30,37,25
HA3 5HY,115,63,52,35
HA3 5HZ,56,31,25,19
HA3 5JA,93,42,51,28
HA3 5JD,15,8,7,10
HA3 5JH,87,40,47,24
HA3 5JJ,86,37,49,24
HA3 5JL,111,60,51,33
HA3 5JN,60,26,34,19
HA3 5JP,107,49,58,43
HA3 5JR,92,49,43,30
HA3 5JS,59,29,30,18
HA3 5JT,70,39,31,25
HA3 5JU,76,39,37,32
HA3 5JW,58,28,30,21
HA3 5JX,89,46,43,25
HA3 5JY,99,51,48,32
HA3 5JZ,60,28,32,20
HA3 5LA,29,15,14,12
HA3 5LB,46,22,24,12
HA3 5LD,52,31,21,19
HA3 5LE,121,61,60,45
HA3 5LF,13,6,7,11
HA3 5LG,30,10,20,9
HA3 5LP,46,19,27,16
HA3 5LR,82,41,41,28
HA3 5LS,90,48,42,28
HA3 5LT,115,59,56,34
HA3 5LU,119,62,57,35
HA3 5LX,52,26,26,13
HA3 5LY,44,24,20,16
HA3 5LZ,74,35,39,21
HA3 5NA,115,53,62,45
HA3 5NB,82,43,39,30
HA3 5ND,27,11,16,9
HA3 5NE,37,15,22,16
HA3 5NF,106,54,52,35
HA3 5NG,39,15,24,11
HA3 5NH,24,11,13,8
HA3 5NJ,46,17,29,14
HA3 5NL,41,23,18,16
HA3 5NN,26,13,13,20
HA3 5NP,25,10,15,16
HA3 5NQ,48,23,25,14
HA3 5NR,42,16,26,9
HA3 5NS,151,47,104,34
HA3 5NT,136,61,75,41
HA3 5NU,74,38,36,20
HA3 5NW,14,8,6,8
HA3 5NX,45,25,20,15
HA3 5NY,65,32,33,26
HA3 5NZ,83,45,38,23
HA3 5PA,51,24,27,16
HA3 5PB,43,21,22,14
HA3 5PE,38,18,20,8
HA3 5PH,22,11,11,8
HA3 5PJ,56,29,27,14
HA3 5PL,79,33,46,24
HA3 5PN,37,19,18,12
HA3 5PP,54,28,26,17
HA3 5PQ,86,39,47,28
HA3 5PR,126,61,65,49
HA3 5PS,152,70,82,55
HA3 5PT,122,67,55,44
HA3 5PU,27,14,13,8
HA3 5PW,37,18,19,15
HA3 5PX,56,28,28,20
HA3 5PY,26,13,13,7
HA3 5PZ,148,65,83,46
HA3 5QA,76,37,39,26
HA3 5QJ,73,34,39,32
HA3 5QU,12,6,6,6
HA3 5QY,45,21,24,13
HA3 5QZ,29,13,16,10
HA3 5RA,112,61,51,36
HA3 5RB,58,33,25,24
HA3 5RE,82,49,33,29
HA3 5RF,91,37,54,32
HA3 5RG,76,37,39,27
HA3 5RJ,25,18,7,7
HA3 5RL,16,7,9,5
HA3 5RN,113,52,61,31
HA3 5RP,109,55,54,39
HA3 5RQ,101,53,48,28
HA3 5RS,36,19,17,12
HA3 5RT,48,22,26,18
HA3 5RU,41,21,20,13
HA3 5RX,87,42,45,29
HA3 5RY,89,47,42,28
HA3 5RZ,30,11,19,12
HA3 5SA,66,32,34,23
HA3 5SB,121,60,61,35
HA3 5SD,112,62,50,38
HA3 5SE,121,56,65,39
HA3 5SH,33,17,16,12
HA3 5TE,51,24,27,24
HA3 5UB,51,22,29,23
HA3 6AA,15,7,8,5
HA3 6AB,67,34,33,22
HA3 6AD,69,36,33,21
HA3 6AE,15,9,6,9
HA3 6AF,32,18,14,7
HA3 6AG,85,41,44,28
HA3 6AH,81,36,45,28
HA3 6AJ,67,27,40,28
HA3 6AL,27,11,16,16
HA3 6AN,30,14,16,14
HA3 6AP,28,13,15,12
HA3 6AQ,76,36,40,27
HA3 6AR,49,25,24,17
HA3 6AS,76,37,39,22
HA3 6AT,28,13,15,13
HA3 6AU,101,50,51,36
HA3 6AW,17,12,5,5
HA3 6AX,66,31,35,44
HA3 6AY,14,5,9,8
HA3 6BA,20,8,12,8
HA3 6BB,47,24,23,17
HA3 6BD,11,6,5,5
HA3 6BE,14,9,5,5
HA3 6BF,15,11,4,5
HA3 6BG,78,30,48,42
HA3 6BH,28,15,13,11
HA3 6BJ,92,38,54,14
HA3 6BN,75,34,41,28
HA3 6BP,90,49,41,30
HA3 6BQ,40,17,23,12
HA3 6BS,24,12,12,7
HA3 6BT,70,34,36,21
HA3 6BU,37,19,18,34
HA3 6BW,85,36,49,38
HA3 6BX,50,21,29,19
HA3 6DA,44,25,19,19
HA3 6DB,21,13,8,8
HA3 6DD,31,16,15,11
HA3 6DE,63,24,39,29
HA3 6DF,32,17,15,11
HA3 6DG,54,27,27,17
HA3 6DJ,19,6,13,6
HA3 6DL,30,15,15,17
HA3 6DN,12,8,4,6
HA3 6DP,50,22,28,21
HA3 6DR,29,10,19,17
HA3 6DS,18,5,13,12
HA3 6DT,48,24,24,13
HA3 6DW,82,34,48,45
HA3 6DY,39,20,19,17
HA3 6EA,15,10,5,8
HA3 6EB,151,71,80,48
HA3 6ED,35,16,19,13
HA3 6EF,131,64,67,45
HA3 6EG,51,22,29,22
HA3 6EH,22,9,13,13
HA3 6EJ,30,15,15,12
HA3 6EL,65,37,28,24
HA3 6EP,32,12,20,12
HA3 6EQ,15,4,11,6
HA3 6ER,72,35,37,22
HA3 6ES,60,29,31,21
HA3 6ET,78,35,43,29
HA3 6EU,62,32,30,19
HA3 6EW,22,12,10,8
HA3 6EX,28,10,18,10
HA3 6EY,30,17,13,12
HA3 6EZ,21,12,9,6
HA3 6FD,24,10,14,10
HA3 6HA,25,9,16,9
HA3 6HB,54,24,30,13
HA3 6HD,7,3,4,3
HA3 6HE,3,2,1,2
HA3 6HH,63,30,33,26
HA3 6HJ,33,15,18,12
HA3 6HL,81,38,43,27
HA3 6HN,24,14,10,8
HA3 6HP,12,7,5,5
HA3 6HQ,30,15,15,9
HA3 6HR,11,4,7,6
HA3 6HT,16,8,8,9
HA3 6HW,49,28,21,19
HA3 6HY,109,50,59,38
HA3 6HZ,118,60,58,36
HA3 6JA,132,67,65,42
HA3 6JB,1,1,0,1
HA3 6JD,126,66,60,50
HA3 6JE,52,29,23,18
HA3 6JF,47,21,26,17
HA3 6JG,47,20,27,14
HA3 6JH,35,18,17,12
HA3 6JJ,129,63,66,42
HA3 6JL,116,61,55,39
HA3 6JN,26,13,13,8
HA3 6JP,62,28,34,18
HA3 6JQ,54,30,24,18
HA3 6JR,22,9,13,7
HA3 6JT,77,42,35,25
HA3 6JU,24,11,13,11
HA3 6JW,41,19,22,16
HA3 6JX,38,14,24,31
HA3 6JY,17,7,10,9
HA3 6LE,108,64,44,28
HA3 6LF,24,10,14,10
HA3 6LG,48,26,22,16
HA3 6LH,37,19,18,14
HA3 6LJ,146,71,75,55
HA3 6LL,30,9,21,12
HA3 6LN,100,50,50,33
HA3 6LP,28,8,20,10
HA3 6LQ,27,15,12,12
HA3 6LR,70,36,34,25
HA3 6LS,144,72,72,39
HA3 6LT,57,25,32,21
HA3 6LU,31,14,17,12
HA3 6LW,22,12,10,6
HA3 6LX,24,10,14,11
HA3 6LY,21,10,11,8
HA3 6LZ,39,19,20,12
HA3 6NA,91,36,55,34
HA3 6NB,53,30,23,15
HA3 6ND,7,5,2,3
HA3 6NF,38,9,29,36
HA3 6NP,24,11,13,9
HA3 6NS,29,18,11,8
HA3 6NT,58,31,27,22
HA3 6NX,17,8,9,8
HA3 6NY,1,0,1,1
HA3 6PB,32,18,14,17
HA3 6PD,25,7,18,13
HA3 6PE,1,1,0,1
HA3 6PF,28,16,12,9
HA3 6PG,80,38,42,26
HA3 6PH,95,49,46,31
HA3 6PJ,52,30,22,14
HA3 6PL,15,6,9,4
HA3 6PN,45,24,21,17
HA3 6PP,56,31,25,17
HA3 6PQ,43,19,24,12
HA3 6PR,25,13,12,13
HA3 6PS,63,32,31,23
HA3 6PT,65,35,30,20
HA3 6PU,72,33,39,22
HA3 6PW,23,9,14,6
HA3 6QH,60,25,35,17
HA3 6QJ,73,33,40,24
HA3 6QL,21,11,10,8
HA3 6QN,112,51,61,34
HA3 6QP,51,22,29,20
HA3 6QR,57,30,27,17
HA3 6QS,61,30,31,16
HA3 6QT,15,5,10,4
HA3 6QU,47,22,25,15
HA3 6QW,47,18,29,19
HA3 6QX,57,38,19,18
HA3 6QY,30,16,14,10
HA3 6QZ,33,14,19,9
HA3 6RA,58,25,33,19
HA3 6RB,18,12,6,4
HA3 6RD,100,48,52,38
HA3 6RE,90,50,40,29
HA3 6RN,30,14,16,7
HA3 6RP,46,21,25,15
HA3 6RS,41,25,16,33
HA3 6RU,26,13,13,18
HA3 6RW,6,2,4,2
HA3 6RX,22,11,11,6
HA3 6RY,8,4,4,4
HA3 6RZ,110,58,52,41
HA3 6SA,2,1,1,1
HA3 6SB,38,19,19,13
HA3 6SD,2,2,0,2
HA3 6SE,5,1,4,1
HA3 6SF,12,5,7,5
HA3 6SH,23,11,12,14
HA3 6SL,10,5,5,4
HA3 6SN,2,1,1,1
HA3 6SP,59,26,33,21
HA3 6SR,28,11,17,9
HA3 6SS,11,5,6,3
HA3 6ST,51,21,30,21
HA3 6SU,16,9,7,5
HA3 6SW,18,10,8,6
HA3 6SX,60,28,32,22
HA3 6TF,68,35,33,30
HA3 6TG,35,15,20,11
HA3 6TH,71,30,41,21
HA3 6TL,6,2,4,5
HA3 6TN,92,45,47,31
HA3 6TP,35,17,18,9
HA3 6TQ,91,45,46,29
HA3 6TR,56,27,29,17
HA3 6TS,73,33,40,25
HA3 6TT,46,19,27,14
HA3 6TU,2,1,1,1
HA3 6TW,35,16,19,10
HA3 6TX,80,37,43,29
HA3 6TY,37,18,19,13
HA3 6TZ,29,17,12,10
HA3 6UA,165,79,86,52
HA3 7AA,25,19,6,11
HA3 7AB,31,22,9,9
HA3 7AF,20,9,11,6
HA3 7AH,24,14,10,10
HA3 7AL,33,19,14,10
HA3 7AN,204,97,107,81
HA3 7AP,73,37,36,26
HA3 7AR,142,63,79,48
HA3 7AS,21,15,6,14
HA3 7AT,22,11,11,12
HA3 7AU,113,64,49,45
HA3 7AW,68,31,37,21
HA3 7AX,32,14,18,25
HA3 7AZ,3,2,1,2
HA3 7BA,65,27,38,19
HA3 7BB,39,27,12,22
HA3 7BD,34,17,17,14
HA3 7BG,23,15,8,9
HA3 7BJ,1,1,0,1
HA3 7BN,20,6,14,8
HA3 7BP,92,43,49,31
HA3 7BS,76,33,43,23
HA3 7BT,64,23,41,23
HA3 7BU,14,10,4,5
HA3 7BW,46,24,22,18
HA3 7BX,34,17,17,14
HA3 7BY,28,15,13,13
HA3 7BZ,90,44,46,38
HA3 7DA,95,42,53,40
HA3 7DB,107,53,54,38
HA3 7DD,20,8,12,7
HA3 7DE,45,25,20,14
HA3 7DF,29,13,16,10
HA3 7DG,79,40,39,25
HA3 7DJ,74,40,34,25
HA3 7DL,64,30,34,24
HA3 7DN,15,4,11,7
HA3 7DP,10,5,5,7
HA3 7DQ,55,30,25,23
HA3 7DR,38,17,21,24
HA3 7DU,99,52,47,34
HA3 7DX,67,32,35,15
HA3 7DY,35,19,16,11
HA3 7EA,97,47,50,25
HA3 7EB,169,77,92,49
HA3 7ED,50,26,24,16
HA3 7EE,48,23,25,16
HA3 7EF,105,43,62,37
HA3 7EG,141,72,69,38
HA3 7EH,138,62,76,37
HA3 7EJ,55,21,34,12
HA3 7EL,33,12,21,11
HA3 7EN,35,20,15,10
HA3 7EP,102,51,51,34
HA3 7EQ,78,39,39,20
HA3 7ER,90,45,45,28
HA3 7ET,32,19,13,13
HA3 7EU,44,21,23,20
HA3 7EW,73,37,36,16
HA3 7EY,38,22,16,12
HA3 7EZ,55,20,35,41
HA3 7HA,21,13,8,11
HA3 7HB,83,50,33,42
HA3 7HD,35,5,30,30
HA3 7HE,77,35,42,25
HA3 7HF,18,9,9,8
HA3 7HG,57,24,33,17
HA3 7HH,6,4,2,4
HA3 7HJ,21,17,4,5
HA3 7HL,33,12,21,22
HA3 7HN,30,14,16,20
HA3 7HP,49,25,24,14
HA3 7HQ,27,7,20,12
HA3 7HR,33,17,16,9
HA3 7HS,60,33,27,21
HA3 7HT,94,50,44,32
HA3 7HU,114,51,63,35
HA3 7HW,101,39,62,42
HA3 7HX,39,25,14,11
HA3 7HY,81,45,36,25
HA3 7HZ,51,28,23,16
HA3 7JA,93,43,50,31
HA3 7JB,53,23,30,17
HA3 7JE,108,47,61,35
HA3 7JF,12,7,5,8
HA3 7JG,128,62,66,57
HA3 7JJ,35,11,24,33
HA3 7JN,22,11,11,9
HA3 7JP,69,35,34,24
HA3 7JQ,122,59,63,58
HA3 7JS,103,54,49,33
HA3 7JU,106,59,47,35
HA3 7JW,114,54,60,34
HA3 7JX,114,55,59,37
HA3 7JY,40,19,21,11
HA3 7JZ,103,54,49,35
HA3 7LA,98,51,47,31
HA3 7LB,51,29,22,20
HA3 7LD,76,39,37,23
HA3 7LE,61,31,30,20
HA3 7LF,22,12,10,12
HA3 7LG,59,32,27,22
HA3 7LH,44,19,25,0
HA3 7LJ,95,61,34,27
HA3 7LL,27,17,10,9
HA3 7LN,1,1,0,1
HA3 7LP,146,75,71,46
HA3 7LQ,27,15,12,7
HA3 7LR,42,22,20,30
HA3 7LY,25,14,11,11
HA3 7LZ,65,34,31,20
HA3 7NA,43,20,23,13
HA3 7NB,105,55,50,30
HA3 7ND,31,15,16,15
HA3 7NE,87,46,41,32
HA3 7NF,126,62,64,43
HA3 7NG,42,24,18,14
HA3 7NH,155,77,78,49
HA3 7NJ,79,39,40,23
HA3 7NL,53,27,26,12
HA3 7NN,18,9,9,6
HA3 7NP,33,18,15,10
HA3 7NQ,65,37,28,20
HA3 7NR,65,38,27,23
HA3 7NS,79,26,53,15
HA3 7NT,47,24,23,17
HA3 7NU,56,32,24,15
HA3 7NW,19,11,8,8
HA3 7NX,43,19,24,17
HA3 7NY,117,65,52,36
HA3 7NZ,30,13,17,10
HA3 7PA,40,18,22,14
HA3 7PB,48,22,26,20
HA3 7PJ,133,76,57,47
HA3 7PL,99,41,58,34
HA3 7PN,105,49,56,39
HA3 7PP,13,6,7,5
HA3 7PR,20,11,9,6
HA3 7PS,133,70,63,44
HA3 7PT,58,33,25,18
HA3 7PU,73,37,36,21
HA3 7PW,38,20,18,9
HA3 7PX,36,17,19,16
HA3 7PY,37,19,18,15
HA3 7PZ,83,37,46,36
HA3 7QA,141,65,76,47
HA3 7QB,42,23,19,17
HA3 7QD,61,35,26,18
HA3 7QE,31,14,17,10
HA3 7QF,36,23,13,10
HA3 7QG,76,36,40,23
HA3 7QQ,72,32,40,22
HA3 7QR,11,5,6,6
HA3 7QS,13,7,6,6
HA3 7QU,66,37,29,25
HA3 7QX,110,54,56,37
HA3 7QZ,54,31,23,15
HA3 7RA,27,15,12,11
HA3 7RB,25,13,12,9
HA3 7RE,154,82,72,49
HA3 7RF,33,15,18,12
HA3 7RG,8,5,3,4
HA3 7RH,49,31,18,16
HA3 7RR,15,9,6,6
HA3 7RT,79,40,39,31
HA3 7RU,79,32,47,32
HA3 7RW,46,21,25,20
HA3 7RX,61,34,27,31
HA3 7SA,110,55,55,43
HA3 7SB,154,82,72,51
HA3 7SE,30,19,11,12
HA3 7SF,31,16,15,12
HA3 7SG,27,17,10,10
HA3 7SH,41,19,22,13
HA3 7SJ,14,5,9,5
HA3 7SL,127,60,67,44
HA3 7SN,62,30,32,20
HA3 7SP,106,50,56,36
HA3 7SQ,34,17,17,11
HA3 7SR,45,15,30,18
HA3 7ST,49,28,21,16
HA3 7SU,7,7,0,2
HA3 7SW,22,8,14,9
HA3 7SX,17,9,8,8
HA3 7SY,144,70,74,44
HA3 7SZ,37,17,20,12
HA3 7TA,17,12,5,6
HA3 7TB,120,60,60,40
HA3 7TD,154,84,70,40
HA3 7TE,152,65,87,42
HA3 7TF,93,46,47,30
HA3 7TG,116,62,54,34
HA3 7TQ,8,3,5,3
HA3 7TU,19,10,9,9
HA3 7UA,10,0,10,1
HA3 7UB,38,14,24,12
HA3 7UD,19,7,12,8
HA3 8AA,16,6,10,8
HA3 8AB,36,19,17,19
HA3 8AE,31,10,21,7
HA3 8AF,16,5,11,6
HA3 8AG,100,49,51,37
HA3 8AH,66,34,32,25
HA3 8AJ,105,44,61,35
HA3 8AL,10,9,1,2
HA3 8AP,39,18,21,17
HA3 8AQ,59,24,35,24
HA3 8AT,3,2,1,0
HA3 8AX,104,53,51,32
HA3 8AY,155,72,83,40
HA3 8AZ,59,34,25,20
HA3 8BB,18,10,8,6
HA3 8BE,12,4,8,6
HA3 8BL,64,35,29,22
HA3 8BX,36,21,15,10
HA3 8BY,85,38,47,22
HA3 8DB,24,11,13,10
HA3 8DD,30,12,18,11
HA3 8DE,198,103,95,60
HA3 8DF,14,6,8,7
HA3 8DG,40,23,17,16
HA3 8DN,77,46,31,16
HA3 8DP,1,1,0,1
HA3 8DQ,32,19,13,8
HA3 8DR,20,4,16,8
HA3 8DS,70,30,40,16
HA3 8DT,63,33,30,17
HA3 8DU,26,15,11,7
HA3 8DX,14,9,5,4
HA3 8DY,8,4,4,2
HA3 8DZ,6,4,2,2
HA3 8EA,40,18,22,10
HA3 8ED,26,11,15,10
HA3 8EJ,57,25,32,15
HA3 8EL,15,6,9,5
HA3 8EN,10,4,6,4
HA3 8EP,104,52,52,31
HA3 8ER,19,10,9,9
HA3 8ES,62,25,37,22
HA3 8ET,33,16,17,11
HA3 8EU,86,46,40,26
HA3 8EW,99,51,48,31
HA3 8EX,68,33,35,22
HA3 8EY,113,51,62,32
HA3 8EZ,23,13,10,7
HA3 8FE,27,7,20,11
HA3 8HA,104,46,58,32
HA3 8HB,10,4,6,5
HA3 8HD,91,41,50,28
HA3 8HL,51,23,28,9
HA3 8HP,22,11,11,10
HA3 8HR,14,8,6,5
HA3 8HS,83,47,36,21
HA3 8HT,66,34,32,18
HA3 8HU,25,12,13,7
HA3 8HW,37,21,16,12
HA3 8HX,102,51,51,32
HA3 8HY,110,50,60,31
HA3 8HZ,188,97,91,50
HA3 8JA,17,10,7,5
HA3 8JB,118,63,55,38
HA3 8JD,130,64,66,38
HA3 8JE,190,94,96,54
HA3 8JP,33,12,21,11
HA3 8JR,41,16,25,13
HA3 8JS,14,7,7,4
HA3 8JT,45,26,19,15
HA3 8JU,34,17,17,14
HA3 8JX,16,7,9,6
HA3 8JY,65,34,31,18
HA3 8JZ,103,52,51,33
HA3 8LA,148,75,73,42
HA3 8LB,115,64,51,36
HA3 8LD,69,33,36,24
HA3 8LE,73,33,40,24
HA3 8LF,160,78,82,54
HA3 8LG,61,36,25,18
HA3 8LH,99,45,54,30
HA3 8LJ,91,43,48,26
HA3 8LL,83,43,40,29
HA3 8LQ,106,54,52,27
HA3 8LS,23,11,12,12
HA3 8LX,149,78,71,44
HA3 8LY,122,61,61,38
HA3 8LZ,93,44,49,23
HA3 8NA,36,19,17,8
HA3 8NB,72,34,38,22
HA3 8ND,54,29,25,17
HA3 8NE,14,5,9,5
HA3 8NF,84,43,41,32
HA3 8NH,14,7,7,6
HA3 8NJ,24,11,13,8
HA3 8NL,36,21,15,8
HA3 8NN,166,72,94,48
HA3 8NP,98,46,52,33
HA3 8NQ,104,54,50,32
HA3 8NR,62,35,27,16
HA3 8NS,93,47,46,30
HA3 8NW,52,22,30,17
HA3 8NX,26,11,15,15
HA3 8PA,164,88,76,48
HA3 8PB,167,81,86,47
HA3 8PD,174,92,82,52
HA3 8PE,168,91,77,48
HA3 8PF,190,96,94,58
HA3 8PG,19,10,9,8
HA3 8PH,21,8,13,7
HA3 8PJ,27,14,13,9
HA3 8PL,33,18,15,12
HA3 8PN,27,14,13,9
HA3 8PP,28,13,15,12
HA3 8PQ,47,19,28,16
HA3 8PR,97,48,49,29
HA3 8PS,92,43,49,30
HA3 8PT,270,124,146,84
HA3 8PU,34,14,20,11
HA3 8PW,43,18,25,12
HA3 8QB,97,53,44,30
HA3 8QD,35,16,19,10
HA3 8QE,135,72,63,37
HA3 8QF,23,14,9,9
HA3 8QG,90,49,41,25
HA3 8QH,47,26,21,14
HA3 8QJ,106,48,58,37
HA3 8QL,81,41,40,28
HA3 8QN,90,47,43,27
HA3 8QP,98,46,52,28
HA3 8QQ,37,19,18,12
HA3 8QR,99,52,47,31
HA3 8QS,158,76,82,46
HA3 8QT,171,91,80,46
HA3 8QU,1,0,1,1
HA3 8QW,97,47,50,30
HA3 8RA,36,16,20,14
HA3 8RD,17,10,7,6
HA3 8RF,34,14,20,12
HA3 8RG,98,48,50,47
HA3 8RH,33,18,15,9
HA3 8RJ,31,16,15,9
HA3 8RL,72,37,35,24
HA3 8RN,51,29,22,18
HA3 8RP,49,22,27,15
HA3 8RQ,9,7,2,3
HA3 8RR,69,37,32,27
HA3 8RS,26,16,10,8
HA3 8RT,54,23,31,17
HA3 8RU,80,43,37,26
HA3 8RW,46,20,26,12
HA3 8RX,98,51,47,27
HA3 8RY,35,17,18,10
HA3 8RZ,12,6,6,5
HA3 8SA,23,12,11,11
HA3 8SB,57,31,26,23
HA3 8SP,24,13,11,9
HA3 8SS,130,58,72,40
HA3 8ST,123,57,66,43
HA3 8SU,30,15,15,11
HA3 8SX,28,13,15,10
HA3 8SY,111,57,54,34
HA3 8TA,170,82,88,49
HA3 8TB,34,13,21,9
HA3 8TD,25,14,11,9
HA3 8TE,14,7,7,4
HA3 8TF,91,47,44,26
HA3 8TG,93,42,51,32
HA3 8TH,101,43,58,30
HA3 8TJ,110,48,62,31
HA3 8TL,114,50,64,30
HA3 8TQ,123,61,62,32
HA3 8TU,22,10,12,8
HA3 8TX,82,42,40,27
HA3 8TY,45,23,22,15
HA3 8TZ,223,116,107,66
HA3 8UA,108,51,57,28
HA3 8UB,55,26,29,21
HA3 8UD,68,33,35,23
HA3 8UE,34,19,15,11
HA3 8UF,38,20,18,14
HA3 8UG,32,15,17,11
HA3 8UH,95,48,47,29
HA3 8UJ,105,51,54,31
HA3 8UQ,41,19,22,16
HA3 8UU,11,5,6,6
HA3 8UX,78,34,44,40
HA3 9AA,82,43,39,22
HA3 9AB,102,49,53,33
HA3 9AD,54,29,25,14
HA3 9AE,6,3,3,2
HA3 9AF,122,54,68,36
HA3 9AG,160,72,88,50
HA3 9AH,11,3,8,7
HA3 9AJ,85,42,43,29
HA3 9AL,82,44,38,28
HA3 9AN,11,3,8,3
HA3 9AP,27,13,14,8
HA3 9AQ,123,59,64,32
HA3 9AR,40,24,16,14
HA3 9AS,107,47,60,37
HA3 9AT,118,55,63,42
HA3 9AU,82,42,40,26
HA3 9AW,140,73,67,44
HA3 9BB,22,9,13,6
HA3 9BD,24,11,13,10
HA3 9BG,88,43,45,27
HA3 9BH,81,39,42,34
HA3 9BL,112,59,53,36
HA3 9BP,156,79,77,42
HA3 9BQ,113,50,63,31
HA3 9BS,142,76,66,38
HA3 9BT,79,39,40,27
HA3 9BU,165,87,78,42
HA3 9BW,55,31,24,15
HA3 9BX,56,35,21,15
HA3 9BY,46,31,15,14
HA3 9BZ,12,6,6,5
HA3 9DA,64,36,28,19
HA3 9DJ,37,18,19,11
HA3 9DL,31,16,15,13
HA3 9DN,39,18,21,18
HA3 9DW,18,11,7,6
HA3 9EA,20,11,9,8
HA3 9EB,28,14,14,8
HA3 9EG,38,16,22,14
HA3 9EH,143,71,72,43
HA3 9EJ,85,38,47,26
HA3 9EL,72,37,35,22
HA3 9EN,51,24,27,12
HA3 9EP,45,18,27,16
HA3 9EQ,82,41,41,25
HA3 9ER,41,16,25,13
HA3 9ES,108,56,52,35
HA3 9ET,145,69,76,45
HA3 9EU,94,45,49,30
HA3 9EW,69,31,38,20
HA3 9EX,21,11,10,6
HA3 9EY,82,32,50,31
HA3 9EZ,70,38,32,24
HA3 9HH,9,4,5,4
HA3 9HJ,145,77,68,43
HA3 9HL,122,69,53,31
HA3 9HN,184,97,87,50
HA3 9HP,65,31,34,23
HA3 9HR,137,63,74,33
HA3 9HS,21,9,12,6
HA3 9HT,153,77,76,44
HA3 9HU,26,19,7,6
HA3 9HW,45,21,24,16
HA3 9HX,21,10,11,6
HA3 9HY,123,51,72,47
HA3 9HZ,43,13,30,14
HA3 9JA,65,32,33,24
HA3 9JB,31,16,15,9
HA3 9JD,85,39,46,29
HA3 9JE,110,53,57,31
HA3 9JF,38,9,29,31
HA3 9JH,35,11,24,29
HA3 9JP,35,17,18,10
HA3 9JR,32,17,15,8
HA3 9JS,90,47,43,25
HA3 9JT,90,46,44,23
HA3 9JU,148,68,80,43
HA3 9JX,14,6,8,4
HA3 9JY,135,72,63,38
HA3 9JZ,36,19,17,9
HA3 9LA,96,49,47,30
HA3 9LB,130,66,64,36
HA3 9LD,98,45,53,28
HA3 9LE,143,78,65,38
HA3 9LF,153,77,76,42
HA3 9LG,131,67,64,40
HA3 9LP,58,29,29,19
HA3 9LR,72,35,37,21
HA3 9LS,71,33,38,21
HA3 9LT,108,63,45,32
HA3 9LU,156,85,71,48
HA3 9LX,136,70,66,34
HA3 9LY,124,62,62,33
HA3 9LZ,93,45,48,30
HA3 9NA,67,28,39,20
HA3 9NB,76,34,42,24
HA3 9ND,78,39,39,23
HA3 9NE,46,20,26,15
HA3 9NF,154,82,72,43
HA3 9NG,38,21,17,14
HA3 9NP,137,72,65,41
HA3 9NR,52,25,27,15
HA3 9NS,151,90,61,44
HA3 9NT,116,58,58,37
HA3 9NU,73,38,35,24
HA3 9NX,48,29,19,13
HA3 9NY,82,43,39,26
HA3 9NZ,126,63,63,30
HA3 9PA,128,58,70,38
HA3 9PB,107,59,48,27
HA3 9PD,162,75,87,49
HA3 9PE,93,48,45,35
HA3 9PG,213,105,108,59
HA3 9PN,32,16,16,12
HA3 9PQ,106,57,49,35
HA3 9PR,180,95,85,49
HA3 9PS,176,88,88,53
HA3 9PT,185,95,90,52
HA3 9PU,167,88,79,44
HA3 9PX,66,25,41,22
HA3 9PY,177,96,81,58
HA3 9PZ,78,42,36,23
HA3 9QA,138,64,74,48
HA3 9QB,10,5,5,2
HA3 9QD,170,87,83,55
HA3 9QE,99,54,45,30
HA3 9QN,42,26,16,15
HA3 9QP,33,15,18,17
HA3 9QR,156,88,68,44
HA3 9QS,141,61,80,40
HA3 9QT,13,8,5,9
HA3 9QW,69,32,37,24
HA3 9QX,56,33,23,18
HA3 9QZ,134,71,63,35
HA3 9RA,56,31,25,16
HA3 9RB,68,34,34,20
HA3 9RD,82,48,34,30
HA3 9RE,56,30,26,20
HA3 9RF,81,39,42,28
HA3 9RG,42,25,17,12
HA3 9RH,25,15,10,8
HA3 9RQ,75,38,37,22
HA3 9RS,39,17,22,11
HA3 9RT,49,25,24,12
HA3 9RW,13,4,9,6
HA3 9RY,98,50,48,36
HA3 9RZ,17,11,6,4
HA3 9SA,10,4,6,3
HA3 9SB,93,47,46,27
HA3 9SD,56,29,27,17
HA3 9SE,138,67,71,37
HA3 9SF,116,63,53,37
HA3 9SG,70,33,37,23
HA3 9SH,156,82,74,45
HA3 9SJ,46,25,21,14
HA3 9SN,12,6,6,5
HA3 9SP,31,14,17,12
HA3 9SQ,78,35,43,25
HA3 9SR,75,32,43,22
HA3 9SW,60,33,27,16
HA3 9TA,13,5,8,3
HA3 9TB,34,17,17,11
HA3 9TG,109,56,53,34
HA3 9TH,71,33,38,24
HA3 9TJ,52,28,24,20
HA3 9TL,39,16,23,12
HA3 9TN,55,26,29,16
HA3 9TP,154,77,77,48
HA3 9TQ,33,16,17,12
HA3 9TR,133,67,66,40
HA3 9TS,81,41,40,28
HA3 9TT,34,18,16,15
HA3 9TW,66,33,33,19
HA3 9TX,51,27,24,14
HA3 9TY,28,17,11,10
HA3 9TZ,45,23,22,12
HA3 9UB,87,41,46,36
HA3 9UE,175,74,101,59
HA3 9UF,104,41,63,30
HA3 9UG,3,0,3,2
HA3 9UJ,37,16,21,8
HA3 9UL,9,5,4,4
HA3 9UN,42,23,19,18
HA3 9UP,56,31,25,37
HA3 9UQ,1,1,0,1
HA3 9UR,87,48,39,43
HA3 9UT,55,24,31,26
HA3 9UW,45,23,22,14
HA3 9UX,10,5,5,3
HA3 9UY,4,2,2,2
HA3 9UZ,20,10,10,5
HA3 9XA,36,17,19,10
HA3 9XB,21,9,12,4
HA3 9XD,72,31,41,28
HA3 9XE,24,12,12,7
HA3 9XF,33,19,14,10
HA3 9XG,50,31,19,16
HA3 9XH,67,33,34,20
HA3 9XJ,53,29,24,14
HA3 9XQ,130,67,63,36
HA4 0AA,19,11,8,7
HA4 0AB,18,7,11,9
HA4 0AG,15,7,8,7
HA4 0AH,30,17,13,14
HA4 0AL,60,36,24,25
HA4 0AN,18,10,8,10
HA4 0AP,34,18,16,15
HA4 0AR,17,7,10,5
HA4 0AS,136,69,67,44
HA4 0AT,126,64,62,39
HA4 0AU,61,30,31,20
HA4 0AW,86,41,45,28
HA4 0AX,81,41,40,31
HA4 0AY,61,27,34,26
HA4 0AZ,13,8,5,4
HA4 0BA,45,24,21,19
HA4 0BB,24,11,13,10
HA4 0BD,30,15,15,13
HA4 0BN,34,18,16,10
HA4 0BP,1,1,0,1
HA4 0BS,94,45,49,29
HA4 0BT,65,32,33,25
HA4 0BU,50,28,22,19
HA4 0BW,72,32,40,30
HA4 0BX,30,15,15,12
HA4 0BY,39,18,21,13
HA4 0BZ,108,57,51,40
HA4 0DA,13,4,9,6
HA4 0DB,83,38,45,28
HA4 0DD,87,46,41,30
HA4 0DE,55,25,30,23
HA4 0DF,69,34,35,26
HA4 0DG,34,17,17,15
HA4 0DH,51,24,27,19
HA4 0DJ,31,13,18,11
HA4 0DL,34,16,18,14
HA4 0DN,66,29,37,27
HA4 0DP,71,38,33,26
HA4 0DQ,60,28,32,27
HA4 0DR,45,22,23,14
HA4 0DS,21,9,12,10
HA4 0DT,3,0,3,1
HA4 0DW,65,32,33,21
HA4 0EB,76,40,36,32
HA4 0ED,58,28,30,25
HA4 0EE,85,38,47,32
HA4 0EF,127,59,68,43
HA4 0EG,9,4,5,3
HA4 0EH,49,21,28,17
HA4 0EJ,67,40,27,28
HA4 0EP,33,15,18,11
HA4 0EQ,39,20,19,17
HA4 0ER,66,32,34,28
HA4 0ES,66,32,34,28
HA4 0ET,19,10,9,9
HA4 0EU,38,23,15,20
HA4 0EW,64,26,38,26
HA4 0EX,41,16,25,18
HA4 0EY,40,17,23,18
HA4 0EZ,19,8,11,11
HA4 0HA,20,8,12,9
HA4 0HB,15,11,4,8
HA4 0HD,58,28,30,19
HA4 0HG,44,18,26,14
HA4 0HJ,11,5,6,6
HA4 0HL,97,44,53,32
HA4 0HN,77,41,36,26
HA4 0HP,81,39,42,31
HA4 0HR,41,14,27,13
HA4 0HS,43,19,24,17
HA4 0HT,124,55,69,42
HA4 0HU,48,26,22,16
HA4 0HW,12,7,5,4
HA4 0HX,86,40,46,25
HA4 0HY,96,45,51,35
HA4 0HZ,58,31,27,19
HA4 0JB,8,2,6,4
HA4 0JD,25,11,14,12
HA4 0JH,76,18,58,31
HA4 0JJ,116,59,57,58
HA4 0LP,38,19,19,16
HA4 0LR,4,2,2,1
HA4 0LT,55,31,24,18
HA4 0LU,29,16,13,12
HA4 0LX,73,37,36,28
HA4 0LY,50,24,26,16
HA4 0LZ,88,43,45,26
HA4 0NA,8,2,6,4
HA4 0NB,37,16,21,10
HA4 0ND,43,23,20,14
HA4 0NF,18,12,6,6
HA4 0NG,33,19,14,10
HA4 0NH,46,20,26,13
HA4 0NJ,27,11,16,10
HA4 0NL,14,8,6,9
HA4 0NN,35,18,17,10
HA4 0NP,12,7,5,4
HA4 0NQ,30,16,14,8
HA4 0NR,32,18,14,9
HA4 0NS,105,53,52,37
HA4 0NW,123,62,61,39
HA4 0PA,72,38,34,25
HA4 0PB,23,14,9,12
HA4 0PD,64,35,29,30
HA4 0PE,13,7,6,8
HA4 0PF,53,22,31,17
HA4 0PG,110,56,54,38
HA4 0PH,48,24,24,18
HA4 0PJ,53,26,27,20
HA4 0PL,83,37,46,36
HA4 0PN,78,40,38,34
HA4 0PP,50,24,26,19
HA4 0PQ,123,58,65,39
HA4 0PR,77,39,38,25
HA4 0PS,52,26,26,18
HA4 0PT,50,19,31,17
HA4 0PU,54,25,29,16
HA4 0PW,50,19,31,20
HA4 0PX,33,14,19,12
HA4 0QL,29,19,10,13
HA4 0QN,143,76,67,40
HA4 0QP,32,18,14,12
HA4 0QR,103,45,58,35
HA4 0QS,36,16,20,12
HA4 0QT,23,10,13,8
HA4 0QU,53,21,32,17
HA4 0QX,28,11,17,8
HA4 0QY,60,28,32,16
HA4 0QZ,33,16,17,11
HA4 0RA,11,8,3,4
HA4 0RB,65,26,39,31
HA4 0RD,127,65,62,52
HA4 0RE,100,49,51,35
HA4 0RF,87,42,45,32
HA4 0RG,64,31,33,26
HA4 0RH,55,30,25,16
HA4 0RJ,38,18,20,14
HA4 0RQ,20,5,15,12
HA4 0RT,23,10,13,6
HA4 0RU,72,30,42,29
HA4 0RX,44,25,19,22
HA4 0RY,53,23,30,19
HA4 0RZ,82,38,44,26
HA4 0SB,77,39,38,29
HA4 0SD,12,4,8,6
HA4 0SE,41,21,20,18
HA4 0SF,41,17,24,23
HA4 0SG,51,27,24,24
HA4 0SH,100,52,48,35
HA4 0SL,68,35,33,23
HA4 0SN,106,58,48,44
HA4 0SP,108,53,55,39
HA4 0SQ,66,31,35,26
HA4 0SR,27,10,17,12
HA4 0SW,68,36,32,21
HA4 0TA,61,34,27,22
HA4 0TB,86,43,43,30
HA4 0TD,111,55,56,37
HA4 0TE,85,45,40,32
HA4 0TF,59,30,29,19
HA4 0TG,48,26,22,16
HA4 0TH,92,45,47,38
HA4 0TJ,103,56,47,41
HA4 0TL,105,50,55,41
HA4 0TN,71,35,36,24
HA4 0TP,46,19,27,17
HA4 0TQ,95,46,49,40
HA4 0TR,80,46,34,29
HA4 0TS,93,37,56,35
HA4 0TW,120,62,58,38
HA4 0UB,117,53,64,42
HA4 0UD,90,37,53,34
HA4 0UE,63,32,31,24
HA4 0UF,48,20,28,18
HA4 0UG,69,31,38,26
HA4 0UH,108,48,60,38
HA4 0UJ,79,35,44,32
HA4 0UL,92,44,48,35
HA4 0UN,28,16,12,12
HA4 0UP,70,34,36,26
HA4 0UQ,97,47,50,35
HA4 0UR,29,15,14,10
HA4 0UT,72,39,33,25
HA4 0UU,80,39,41,24
HA4 0UW,87,37,50,30
HA4 0UX,21,12,9,9
HA4 6AA,107,60,47,44
HA4 6AB,45,24,21,20
HA4 6AD,14,9,5,6
HA4 6AE,17,8,9,6
HA4 6AF,45,21,24,21
HA4 6AG,26,12,14,12
HA4 6AH,106,50,56,34
HA4 6AJ,131,61,70,42
HA4 6AL,40,18,22,12
HA4 6AN,119,57,62,39
HA4 6AP,14,10,4,4
HA4 6AQ,94,48,46,30
HA4 6AS,33,15,18,17
HA4 6AT,16,9,7,6
HA4 6AU,79,40,39,32
HA4 6AW,43,22,21,16
HA4 6AX,45,24,21,18
HA4 6AY,95,50,45,40
HA4 6AZ,29,14,15,12
HA4 6BA,94,44,50,37
HA4 6BB,26,12,14,13
HA4 6BP,3,2,1,2
HA4 6BS,29,17,12,9
HA4 6BT,101,54,47,38
HA4 6BU,8,6,2,3
HA4 6BX,42,20,22,19
HA4 6BY,111,59,52,39
HA4 6BZ,62,26,36,23
HA4 6DA,27,11,16,8
HA4 6DB,95,49,46,37
HA4 6DD,97,52,45,36
HA4 6DE,21,9,12,9
HA4 6DF,48,21,27,26
HA4 6DG,61,29,32,32
HA4 6DH,41,8,33,34
HA4 6DR,19,8,11,8
HA4 6DS,86,42,44,31
HA4 6DT,103,50,53,40
HA4 6DU,38,16,22,15
HA4 6DX,56,25,31,20
HA4 6DY,15,8,7,7
HA4 6DZ,66,31,35,22
HA4 6EA,66,31,35,24
HA4 6EB,22,11,11,8
HA4 6ED,138,71,67,50
HA4 6EE,29,11,18,8
HA4 6EF,13,7,6,6
HA4 6EG,81,37,44,25
HA4 6EH,45,22,23,24
HA4 6EJ,25,14,11,8
HA4 6EL,24,11,13,8
HA4 6EN,28,12,16,12
HA4 6EQ,83,37,46,39
HA4 6EW,64,34,30,33
HA4 6EX,117,56,61,54
HA4 6EY,22,12,10,8
HA4 6HA,5,2,3,2
HA4 6HB,9,4,5,3
HA4 6HD,67,33,34,24
HA4 6HE,92,47,45,36
HA4 6HF,74,36,38,30
HA4 6HG,75,37,38,33
HA4 6HH,42,23,19,21
HA4 6HJ,63,29,34,31
HA4 6HL,21,6,15,11
HA4 6HN,58,27,31,24
HA4 6HP,18,9,9,10
HA4 6HQ,49,22,27,21
HA4 6HR,53,24,29,25
HA4 6HS,27,13,14,15
HA4 6HW,64,29,35,23
HA4 6JA,36,6,30,32
HA4 6JB,2,2,0,1
HA4 6JE,16,8,8,6
HA4 6JG,35,21,14,16
HA4 6JJ,26,12,14,7
HA4 6JL,69,32,37,22
HA4 6JN,12,4,8,6
HA4 6JP,58,30,28,18
HA4 6JQ,86,40,46,30
HA4 6JR,40,21,19,18
HA4 6JS,24,9,15,9
HA4 6JT,55,19,36,29
HA4 6JU,29,10,19,14
HA4 6JW,50,22,28,20
HA4 6JX,13,6,7,8
HA4 6JY,72,33,39,41
HA4 6JZ,39,18,21,20
HA4 6LA,16,5,11,8
HA4 6LB,46,21,25,8
HA4 6LD,20,7,13,6
HA4 6LE,116,48,68,50
HA4 6LF,57,29,28,24
HA4 6LG,58,28,30,30
HA4 6LL,125,54,71,45
HA4 6LN,15,7,8,7
HA4 6LQ,597,438,159,63
HA4 6LR,56,25,31,27
HA4 6LS,45,26,19,10
HA4 6LT,7,3,4,4
HA4 6LU,23,10,13,10
HA4 6LW,32,15,17,13
HA4 6LX,100,48,52,38
HA4 6LY,69,32,37,27
HA4 6LZ,59,31,28,23
HA4 6NA,88,41,47,31
HA4 6NB,95,51,44,31
HA4 6ND,67,37,30,23
HA4 6NE,26,13,13,12
HA4 6NJ,21,12,9,6
HA4 6NL,73,35,38,26
HA4 6NN,101,50,51,33
HA4 6NP,83,46,37,30
HA4 6NW,15,6,9,3
HA4 6PA,16,9,7,8
HA4 6PB,101,51,50,32
HA4 6PD,66,33,33,21
HA4 6PE,82,42,40,31
HA4 6PF,14,6,8,6
HA4 6PG,64,31,33,28
HA4 6PH,84,46,38,23
HA4 6PJ,61,28,33,22
HA4 6PL,61,22,39,28
HA4 6PN,64,36,28,28
HA4 6PP,74,36,38,24
HA4 6PQ,66,29,37,21
HA4 6PR,29,20,9,9
HA4 6PS,92,37,55,39
HA4 6PT,71,35,36,27
HA4 6PU,82,41,41,33
HA4 6PW,44,19,25,20
HA4 6PX,74,37,37,26
HA4 6PY,17,8,9,12
HA4 6QG,35,20,15,13
HA4 6QH,36,20,16,13
HA4 6QJ,40,16,24,22
HA4 6QL,39,20,19,19
HA4 6QN,70,34,36,26
HA4 6QP,19,9,10,8
HA4 6QR,77,41,36,27
HA4 6QS,36,15,21,14
HA4 6QT,66,32,34,24
HA4 6QU,74,31,43,29
HA4 6QW,75,43,32,27
HA4 6QX,1,1,0,1
HA4 6QZ,97,47,50,47
HA4 6RA,30,14,16,13
HA4 6RB,58,32,26,26
HA4 6RD,111,58,53,41
HA4 6RF,68,34,34,22
HA4 6RG,49,25,24,28
HA4 6RH,101,46,55,33
HA4 6RJ,28,11,17,17
HA4 6RQ,59,28,31,30
HA4 6RS,29,14,15,8
HA4 6RT,26,10,16,9
HA4 6RU,12,7,5,6
HA4 6RW,38,20,18,16
HA4 6RX,27,15,12,12
HA4 6RY,23,15,8,10
HA4 6RZ,32,14,18,15
HA4 6SA,7,4,3,4
HA4 6SB,32,16,16,9
HA4 6SD,21,9,12,10
HA4 6SL,12,6,6,6
HA4 6SP,61,27,34,24
HA4 6SR,55,26,29,19
HA4 6SS,75,37,38,23
HA4 6ST,76,39,37,27
HA4 6SU,74,41,33,24
HA4 6SW,49,21,28,34
HA4 6SX,59,32,27,24
HA4 6SY,55,21,34,24
HA4 6SZ,16,8,8,7
HA4 6TA,62,31,31,24
HA4 6TD,54,29,25,21
HA4 6TE,58,31,27,20
HA4 6TF,59,27,32,22
HA4 6TJ,7,5,2,5
HA4 6TR,10,5,5,4
HA4 6TT,71,38,33,27
HA4 6TU,67,28,39,30
HA4 6TX,9,4,5,4
HA4 6TY,58,25,33,21
HA4 6TZ,51,26,25,24
HA4 6UA,10,6,4,5
HA4 6UB,64,33,31,24
HA4 6UD,15,7,8,8
HA4 6UE,16,6,10,6
HA4 6UF,18,8,10,14
HA4 6UG,93,51,42,34
HA4 6UH,63,27,36,27
HA4 6UJ,69,32,37,29
HA4 6UL,56,28,28,21
HA4 6UN,66,32,34,24
HA4 6UP,45,23,22,18
HA4 6UQ,21,10,11,10
HA4 6UT,69,38,31,25
HA4 6UW,15,5,10,6
HA4 6UX,19,7,12,5
HA4 6UY,22,11,11,9
HA4 6UZ,61,29,32,27
HA4 6XA,14,8,6,5
HA4 6XB,12,8,4,8
HA4 6XD,3,1,2,3
HA4 6XE,6,3,3,3
HA4 7AA,24,12,12,11
HA4 7AE,34,19,15,14
HA4 7AH,19,8,11,6
HA4 7AJ,35,20,15,12
HA4 7AN,30,16,14,15
HA4 7AQ,18,9,9,5
HA4 7AU,3,3,0,1
HA4 7AY,68,34,34,25
HA4 7AZ,31,10,21,12
HA4 7BA,74,42,32,43
HA4 7BD,10,6,4,8
HA4 7BE,66,31,35,26
HA4 7BH,20,9,11,7
HA4 7BP,26,14,12,11
HA4 7BS,37,21,16,19
HA4 7BT,12,5,7,5
HA4 7BU,41,22,19,14
HA4 7BX,51,27,24,20
HA4 7BY,8,7,1,8
HA4 7BZ,100,45,55,25
HA4 7DA,93,47,46,34
HA4 7DB,8,2,6,5
HA4 7DD,85,40,45,31
HA4 7DG,18,7,11,10
HA4 7DH,1,0,1,1
HA4 7DJ,79,39,40,31
HA4 7DL,72,28,44,2
HA4 7DN,15,7,8,9
HA4 7DQ,38,17,21,11
HA4 7DU,31,17,14,13
HA4 7DX,21,11,10,9
HA4 7EA,21,11,10,7
HA4 7EB,5,3,2,4
HA4 7ED,20,10,10,12
HA4 7EE,14,7,7,9
HA4 7EF,28,14,14,11
HA4 7EH,45,20,25,19
HA4 7EJ,36,18,18,19
HA4 7EL,12,6,6,5
HA4 7EN,11,3,8,5
HA4 7EP,36,21,15,18
HA4 7EQ,57,25,32,34
HA4 7ER,26,9,17,14
HA4 7ES,18,10,8,11
HA4 7ET,19,9,10,12
HA4 7EU,18,8,10,12
HA4 7EW,11,5,6,5
HA4 7EX,14,4,10,11
HA4 7EY,28,13,15,12
HA4 7EZ,43,20,23,17
HA4 7GE,18,6,12,11
HA4 7GF,19,11,8,13
HA4 7GH,16,9,7,7
HA4 7HA,112,54,58,31
HA4 7HB,95,38,57,30
HA4 7HD,47,25,22,16
HA4 7HE,16,8,8,5
HA4 7HF,49,27,22,14
HA4 7HG,16,9,7,5
HA4 7HH,35,12,23,15
HA4 7HN,97,48,49,35
HA4 7HQ,52,28,24,21
HA4 7HT,19,8,11,5
HA4 7HU,19,10,9,7
HA4 7HX,18,8,10,8
HA4 7HY,24,11,13,6
HA4 7HZ,18,9,9,6
HA4 7JA,31,8,23,29
HA4 7JB,77,41,36,28
HA4 7JD,29,16,13,10
HA4 7JE,20,11,9,10
HA4 7JF,5,1,4,2
HA4 7JG,66,33,33,26
HA4 7JH,10,4,6,8
HA4 7JJ,51,24,27,17
HA4 7JL,53,22,31,22
HA4 7JN,30,14,16,14
HA4 7JP,68,27,41,57
HA4 7JQ,97,50,47,37
HA4 7JR,22,10,12,18
HA4 7JS,57,23,34,19
HA4 7JT,209,103,106,77
HA4 7JW,73,35,38,33
HA4 7JY,9,4,5,3
HA4 7JZ,3,2,1,2
HA4 7LA,43,22,21,16
HA4 7LB,63,31,32,22
HA4 7LD,10,5,5,4
HA4 7LF,13,5,8,5
HA4 7LH,23,14,9,19
HA4 7LN,62,31,31,20
HA4 7LP,43,23,20,16
HA4 7LR,72,34,38,24
HA4 7LS,58,29,29,24
HA4 7LT,14,6,8,5
HA4 7LU,24,10,14,8
HA4 7LW,134,64,70,47
HA4 7LX,40,20,20,18
HA4 7LY,54,27,27,19
HA4 7LZ,88,44,44,44
HA4 7NA,63,29,34,24
HA4 7NB,57,31,26,24
HA4 7ND,72,36,36,26
HA4 7NE,52,26,26,19
HA4 7NF,78,40,38,38
HA4 7NP,30,17,13,11
HA4 7NR,34,15,19,14
HA4 7NS,37,18,19,15
HA4 7NT,24,14,10,9
HA4 7NU,45,21,24,15
HA4 7NX,53,30,23,16
HA4 7NY,24,13,11,7
HA4 7NZ,48,23,25,22
HA4 7PA,13,6,7,6
HA4 7PB,10,5,5,6
HA4 7PD,22,12,10,8
HA4 7PE,32,12,20,11
HA4 7PF,11,6,5,5
HA4 7PG,60,32,28,23
HA4 7PH,60,33,27,24
HA4 7PJ,23,10,13,10
HA4 7PL,48,20,28,16
HA4 7PN,17,9,8,9
HA4 7PP,30,13,17,10
HA4 7PQ,29,15,14,15
HA4 7PR,59,33,26,18
HA4 7PS,52,25,27,18
HA4 7PW,51,25,26,20
HA4 7QB,36,19,17,15
HA4 7QD,37,17,20,15
HA4 7QE,37,20,17,10
HA4 7QF,69,30,39,25
HA4 7QG,39,17,22,14
HA4 7QH,27,13,14,12
HA4 7QJ,16,8,8,5
HA4 7QN,42,22,20,14
HA4 7QP,72,31,41,32
HA4 7QQ,36,19,17,13
HA4 7QR,14,3,11,9
HA4 7QS,5,2,3,2
HA4 7QT,41,19,22,16
HA4 7QU,31,15,16,14
HA4 7QW,48,26,22,18
HA4 7QX,46,24,22,18
HA4 7QY,55,29,26,20
HA4 7QZ,123,63,60,41
HA4 7RA,72,31,41,32
HA4 7RD,58,27,31,28
HA4 7RE,146,68,78,71
HA4 7RG,27,12,15,14
HA4 7RJ,66,36,30,23
HA4 7RL,35,18,17,14
HA4 7RN,19,11,8,6
HA4 7RP,42,24,18,19
HA4 7RQ,35,20,15,11
HA4 7RR,49,26,23,19
HA4 7RS,27,10,17,14
HA4 7RT,62,25,37,23
HA4 7RU,31,16,15,12
HA4 7RW,31,20,11,9
HA4 7RX,35,17,18,15
HA4 7RY,30,13,17,18
HA4 7RZ,35,19,16,13
HA4 7SA,23,14,9,6
HA4 7SB,41,19,22,15
HA4 7SE,36,15,21,14
HA4 7SP,107,47,60,43
HA4 7SR,69,33,36,30
HA4 7SS,111,57,54,47
HA4 7ST,2,2,0,2
HA4 7SU,42,21,21,12
HA4 7SW,46,18,28,20
HA4 7SX,29,15,14,13
HA4 7TB,32,16,16,14
HA4 7TD,11,7,4,4
HA4 7TE,23,12,11,8
HA4 7TF,44,26,18,17
HA4 7TG,39,19,20,14
HA4 7TH,35,17,18,10
HA4 7TJ,35,16,19,13
HA4 7TN,40,16,24,14
HA4 7TP,23,9,14,13
HA4 7TQ,42,19,23,14
HA4 7TR,13,5,8,10
HA4 7TS,3,2,1,1
HA4 7TT,77,38,39,24
HA4 7TU,62,35,27,33
HA4 7TW,2,1,1,1
HA4 7TX,52,29,23,35
HA4 7TY,5,3,2,2
HA4 7TZ,18,10,8,6
HA4 7UA,66,32,34,26
HA4 7UB,32,15,17,24
HA4 7UD,67,25,42,30
HA4 7UE,53,20,33,36
HA4 7UG,8,4,4,4
HA4 7UH,12,5,7,5
HA4 7UJ,39,18,21,15
HA4 7UL,123,57,66,43
HA4 7UN,68,32,36,25
HA4 7UP,54,25,29,19
HA4 7UQ,80,34,46,33
HA4 7UR,35,19,16,13
HA4 7UT,76,35,41,29
HA4 7UU,18,9,9,6
HA4 7UW,35,17,18,10
HA4 7UX,34,17,17,11
HA4 7UY,76,36,40,27
HA4 7UZ,17,7,10,5
HA4 7XA,46,22,24,15
HA4 7XB,8,3,5,5
HA4 7XD,17,10,7,7
HA4 7XF,38,21,17,13
HA4 7XL,53,27,26,18
HA4 7XN,97,48,49,39
HA4 7XP,20,10,10,5
HA4 7XR,126,52,74,42
HA4 7XS,112,54,58,39
HA4 7XT,60,30,30,17
HA4 7XU,57,32,25,18
HA4 7XW,87,45,42,34
HA4 7YE,104,48,56,48
HA4 7YF,56,29,27,44
HA4 7YG,7,2,5,4
HA4 7YH,53,25,28,39
HA4 7YJ,62,30,32,24
HA4 7YL,73,29,44,33
HA4 7YN,66,28,38,31
HA4 7YP,14,6,8,12
HA4 7YU,68,34,34,31
HA4 7YW,68,37,31,34
HA4 7YX,36,17,19,21
HA4 8AA,21,10,11,9
HA4 8AB,16,9,7,6
HA4 8AD,31,15,16,13
HA4 8AE,16,7,9,5
HA4 8AF,20,11,9,10
HA4 8AG,42,18,24,14
HA4 8AH,56,27,29,22
HA4 8AJ,70,36,34,22
HA4 8AL,34,14,20,13
HA4 8AN,123,63,60,48
HA4 8AP,67,35,32,27
HA4 8AQ,59,30,29,21
HA4 8AR,64,32,32,27
HA4 8AS,54,28,26,18
HA4 8AT,41,23,18,19
HA4 8AW,48,22,26,19
HA4 8AX,44,25,19,20
HA4 8AZ,20,7,13,7
HA4 8BE,59,26,33,20
HA4 8BG,113,56,57,37
HA4 8BH,34,16,18,10
HA4 8BJ,114,53,61,34
HA4 8BL,32,14,18,14
HA4 8BN,80,40,40,25
HA4 8BQ,35,18,17,12
HA4 8BT,35,18,17,20
HA4 8BU,8,3,5,4
HA4 8BW,17,8,9,8
HA4 8DG,32,14,18,13
HA4 8DH,40,19,21,14
HA4 8DL,51,23,28,20
HA4 8DN,8,3,5,3
HA4 8DP,31,15,16,9
HA4 8DQ,14,5,9,6
HA4 8DR,34,18,16,16
HA4 8DS,36,19,17,16
HA4 8DT,33,19,14,8
HA4 8DU,40,20,20,17
HA4 8DW,49,24,25,16
HA4 8DX,42,24,18,16
HA4 8DY,24,9,15,6
HA4 8EA,81,43,38,30
HA4 8EB,44,24,20,19
HA4 8ED,69,35,34,24
HA4 8EF,66,30,36,26
HA4 8EG,8,5,3,4
HA4 8EH,74,39,35,41
HA4 8EJ,72,37,35,30
HA4 8EL,51,19,32,16
HA4 8EP,24,11,13,9
HA4 8EQ,93,44,49,24
HA4 8ER,21,11,10,8
HA4 8ES,41,19,22,15
HA4 8ET,17,11,6,4
HA4 8EU,49,22,27,16
HA4 8EW,46,21,25,37
HA4 8EX,44,21,23,17
HA4 8EY,83,42,41,36
HA4 8EZ,30,15,15,11
HA4 8FB,40,20,20,23
HA4 8FE,14,8,6,8
HA4 8FF,13,6,7,8
HA4 8FG,63,32,31,37
HA4 8FH,15,11,4,12
HA4 8FJ,8,4,4,3
HA4 8FN,15,7,8,10
HA4 8GJ,21,12,9,10
HA4 8GL,47,21,26,18
HA4 8GN,4,2,2,3
HA4 8GS,26,10,16,9
HA4 8GT,23,10,13,14
HA4 8GU,3,2,1,3
HA4 8GW,186,81,105,50
HA4 8GX,17,10,7,6
HA4 8GY,27,14,13,8
HA4 8HA,51,24,27,15
HA4 8HB,17,9,8,7
HA4 8HD,55,26,29,27
HA4 8HE,103,55,48,37
HA4 8HF,28,12,16,11
HA4 8HG,34,16,18,14
HA4 8HJ,32,14,18,16
HA4 8HL,58,31,27,24
HA4 8HP,48,25,23,17
HA4 8HQ,35,13,22,17
HA4 8HR,8,4,4,4
HA4 8HS,7,3,4,4
HA4 8HW,63,28,35,28
HA4 8JB,22,13,9,12
HA4 8JN,14,7,7,8
HA4 8JR,4,2,2,2
HA4 8JS,23,6,17,8
HA4 8JT,25,14,11,14
HA4 8JU,18,6,12,13
HA4 8JX,33,18,15,16
HA4 8JY,7,4,3,4
HA4 8LB,1,1,0,1
HA4 8LG,2,1,1,1
HA4 8LJ,31,19,12,12
HA4 8LL,15,9,6,7
HA4 8LS,13,6,7,7
HA4 8ND,16,10,6,9
HA4 8NE,52,25,27,22
HA4 8NF,2,1,1,1
HA4 8NG,36,16,20,16
HA4 8NH,81,42,39,47
HA4 8NJ,72,40,32,38
HA4 8NL,77,27,50,40
HA4 8NN,3,3,0,2
HA4 8NQ,90,41,49,36
HA4 8NR,19,9,10,8
HA4 8NS,7,2,5,2
HA4 8NU,52,23,29,8
HA4 8NW,8,3,5,4
HA4 8NY,42,26,16,13
HA4 8PA,16,6,10,8
HA4 8PB,63,30,33,26
HA4 8PD,77,36,41,27
HA4 8PE,89,45,44,27
HA4 8PG,78,34,44,31
HA4 8PH,7,3,4,4
HA4 8PJ,9,6,3,4
HA4 8PT,12,11,1,4
HA4 8PU,8,6,2,3
HA4 8PX,23,12,11,10
HA4 8PY,18,12,6,7
HA4 8QE,39,20,19,13
HA4 8QF,41,23,18,12
HA4 8QG,54,26,28,24
HA4 8QH,60,34,26,27
HA4 8QJ,88,42,46,32
HA4 8QL,13,5,8,4
HA4 8QN,68,35,33,25
HA4 8QP,27,14,13,15
HA4 8QQ,77,39,38,28
HA4 8QR,26,13,13,9
HA4 8QS,34,19,15,13
HA4 8QT,31,16,15,12
HA4 8QU,16,7,9,5
HA4 8QW,66,29,37,23
HA4 8QX,23,12,11,12
HA4 8QY,11,6,5,4
HA4 8RG,99,46,53,37
HA4 8RH,16,8,8,5
HA4 8RJ,14,6,8,4
HA4 8RL,55,26,29,17
HA4 8RN,4,3,1,4
HA4 8RQ,78,31,47,32
HA4 8RW,82,40,42,36
HA4 8RX,108,56,52,47
HA4 8RY,103,54,49,41
HA4 8RZ,72,38,34,28
HA4 8SA,71,37,34,29
HA4 8SB,100,48,52,37
HA4 8SD,63,34,29,27
HA4 8SL,40,17,23,17
HA4 8SN,64,32,32,17
HA4 8SP,74,31,43,38
HA4 8SR,51,29,22,20
HA4 8SS,71,34,37,27
HA4 8ST,17,8,9,5
HA4 8SU,38,23,15,17
HA4 8SW,23,11,12,10
HA4 8SX,90,50,40,31
HA4 8SY,30,17,13,7
HA4 8SZ,77,36,41,25
HA4 8TA,96,43,53,36
HA4 8TB,33,14,19,13
HA4 8TD,23,11,12,8
HA4 8TE,42,20,22,14
HA4 8TN,36,15,21,16
HA4 8TP,48,25,23,19
HA4 8TR,11,6,5,4
HA4 8TS,14,8,6,5
HA4 8TT,84,47,37,35
HA4 8TU,78,35,43,34
HA4 8TW,62,28,34,20
HA4 8TX,125,61,64,49
HA4 8TY,70,32,38,34
HA4 8TZ,100,49,51,42
HA4 8UA,99,49,50,38
HA4 8UB,60,26,34,29
HA4 8UD,22,12,10,12
HA4 8UE,9,5,4,5
HA4 8UF,37,20,17,14
HA4 8UG,106,55,51,38
HA4 8UH,16,5,11,8
HA4 8UQ,68,30,38,35
HA4 9AA,16,8,8,6
HA4 9AB,26,13,13,11
HA4 9AD,54,28,26,22
HA4 9AE,66,30,36,24
HA4 9AF,40,18,22,17
HA4 9AG,128,60,68,45
HA4 9AH,37,16,21,14
HA4 9AJ,21,10,11,9
HA4 9AL,82,44,38,32
HA4 9AN,86,40,46,33
HA4 9AP,66,32,34,25
HA4 9AQ,10,5,5,6
HA4 9AR,53,28,25,22
HA4 9AS,86,40,46,37
HA4 9AT,25,12,13,12
HA4 9AU,93,47,46,35
HA4 9AW,61,31,30,23
HA4 9AX,54,26,28,23
HA4 9AY,35,20,15,14
HA4 9BH,48,30,18,24
HA4 9BL,40,14,26,35
HA4 9BN,45,26,19,15
HA4 9BP,38,17,21,13
HA4 9BS,21,10,11,6
HA4 9BT,66,30,36,31
HA4 9BU,3,1,2,1
HA4 9BW,108,62,46,42
HA4 9BX,30,16,14,12
HA4 9BY,105,53,52,40
HA4 9BZ,102,56,46,42
HA4 9DA,27,15,12,12
HA4 9DB,126,64,62,41
HA4 9DD,93,41,52,30
HA4 9DE,74,32,42,25
HA4 9DF,76,44,32,26
HA4 9DG,80,34,46,27
HA4 9DP,103,49,54,41
HA4 9DR,109,50,59,43
HA4 9DS,44,25,19,14
HA4 9DT,25,10,15,10
HA4 9DU,99,48,51,42
HA4 9DX,10,3,7,4
HA4 9DY,43,21,22,24
HA4 9DZ,73,33,40,36
HA4 9EA,19,10,9,7
HA4 9EB,79,32,47,31
HA4 9ED,81,34,47,30
HA4 9EE,65,14,51,7
HA4 9EF,56,26,30,23
HA4 9EG,21,10,11,7
HA4 9EH,16,8,8,8
HA4 9EJ,15,7,8,7
HA4 9EL,68,34,34,27
HA4 9EN,67,36,31,25
HA4 9EQ,73,36,37,26
HA4 9EW,5,3,2,2
HA4 9EY,57,25,32,22
HA4 9EZ,99,46,53,36
HA4 9HA,35,14,21,10
HA4 9HB,108,52,56,37
HA4 9HD,95,42,53,30
HA4 9HF,28,12,16,9
HA4 9HG,137,70,67,46
HA4 9HH,114,59,55,36
HA4 9HJ,22,12,10,7
HA4 9HL,87,49,38,31
HA4 9HN,62,32,30,21
HA4 9HP,95,47,48,30
HA4 9HQ,96,47,49,32
HA4 9HR,83,46,37,24
HA4 9HT,19,9,10,8
HA4 9HW,9,4,5,4
HA4 9JD,17,5,12,5
HA4 9JE,101,50,51,37
HA4 9JF,77,38,39,30
HA4 9JG,10,5,5,4
HA4 9JH,12,4,8,7
HA4 9JJ,79,37,42,28
HA4 9JL,58,26,32,34
HA4 9JN,59,30,29,21
HA4 9JP,70,33,37,37
HA4 9JQ,68,35,33,20
HA4 9JR,91,43,48,32
HA4 9JS,40,20,20,14
HA4 9JT,37,19,18,22
HA4 9JU,53,26,27,18
HA4 9JW,95,51,44,32
HA4 9LB,26,7,19,14
HA4 9LD,14,6,8,6
HA4 9LE,90,46,44,44
HA4 9LF,47,23,24,21
HA4 9LP,53,26,27,23
HA4 9LR,10,6,4,3
HA4 9LU,31,14,17,13
HA4 9LX,11,5,6,4
HA4 9LY,45,25,20,21
HA4 9LZ,110,47,63,52
HA4 9ND,15,8,7,8
HA4 9NE,40,22,18,18
HA4 9NF,30,12,18,18
HA4 9NG,29,9,20,18
HA4 9NJ,13,7,6,5
HA4 9NQ,13,7,6,8
HA4 9NR,16,6,10,9
HA4 9NS,71,31,40,26
HA4 9NX,37,18,19,16
HA4 9NY,44,24,20,13
HA4 9NZ,4,1,3,3
HA4 9PA,22,10,12,8
HA4 9PD,27,13,14,9
HA4 9PE,24,11,13,11
HA4 9PF,10,5,5,5
HA4 9PG,57,29,28,21
HA4 9PR,29,12,17,12
HA4 9PS,18,9,9,6
HA4 9PT,32,14,18,12
HA4 9PU,102,49,53,42
HA4 9PX,41,17,24,14
HA4 9PY,37,18,19,17
HA4 9PZ,44,21,23,15
HA4 9QA,63,35,28,40
HA4 9QB,52,22,30,18
HA4 9QD,39,17,22,21
HA4 9QE,103,55,48,34
HA4 9QF,78,45,33,29
HA4 9QG,19,9,10,6
HA4 9QH,50,24,26,16
HA4 9QJ,37,21,16,15
HA4 9QL,109,49,60,33
HA4 9QN,57,24,33,29
HA4 9QQ,80,45,35,26
HA4 9QX,64,31,33,30
HA4 9QY,207,103,104,59
HA4 9QZ,67,31,36,27
HA4 9RA,63,28,35,21
HA4 9RB,76,34,42,20
HA4 9RD,108,50,58,43
HA4 9RE,29,14,15,8
HA4 9RF,87,44,43,25
HA4 9RG,47,25,22,18
HA4 9RH,79,31,48,32
HA4 9RJ,86,43,43,33
HA4 9RL,60,31,29,22
HA4 9RN,86,40,46,28
HA4 9RP,21,12,9,16
HA4 9RQ,35,19,16,12
HA4 9RW,28,10,18,12
HA4 9RY,8,3,5,4
HA4 9RZ,10,6,4,4
HA4 9SA,94,46,48,40
HA4 9SB,79,35,44,32
HA4 9SD,89,41,48,33
HA4 9SE,76,39,37,22
HA4 9SF,51,25,26,21
HA4 9SG,46,18,28,24
HA4 9SH,24,8,16,8
HA4 9SJ,51,24,27,22
HA4 9SL,7,3,4,4
HA4 9SN,42,15,27,19
HA4 9SP,33,15,18,20
HA4 9SQ,87,42,45,47
HA4 9SR,58,29,29,21
HA4 9SS,63,33,30,22
HA4 9ST,18,6,12,10
HA4 9SU,143,60,83,55
HA4 9SW,66,32,34,30
HA4 9TA,54,30,24,20
HA4 9TD,43,20,23,14
HA4 9TE,38,18,20,14
HA4 9TF,42,21,21,11
HA4 9TG,25,12,13,7
HA4 9TH,79,42,37,30
HA4 9TJ,72,36,36,24
HA4 9TL,61,31,30,20
HA4 9TN,45,22,23,16
HA4 9TP,22,11,11,8
HA4 9TQ,25,11,14,12
HA4 9TR,33,18,15,12
HA4 9TS,41,20,21,16
HA4 9TT,15,7,8,6
HA4 9TU,26,11,15,8
HA4 9TW,77,36,41,25
HA4 9TX,61,32,29,19
HA4 9TY,70,34,36,27
HA4 9TZ,62,28,34,21
HA4 9UA,154,68,86,56
HA5 1AB,19,10,9,7
HA5 1AE,5,2,3,4
HA5 1AF,20,12,8,8
HA5 1AG,18,9,9,15
HA5 1AH,8,4,4,4
HA5 1AJ,33,18,15,12
HA5 1AL,26,15,11,11
HA5 1AN,34,18,16,11
HA5 1AP,41,18,23,19
HA5 1AQ,26,12,14,11
HA5 1AR,12,7,5,6
HA5 1AS,56,25,31,19
HA5 1AT,21,13,8,8
HA5 1AU,45,25,20,21
HA5 1AX,51,26,25,19
HA5 1AY,45,19,26,15
HA5 1BH,64,29,35,29
HA5 1BJ,79,40,39,29
HA5 1BL,22,10,12,8
HA5 1BN,45,21,24,18
HA5 1BP,51,29,22,24
HA5 1BS,3,2,1,1
HA5 1BT,6,3,3,2
HA5 1BU,19,11,8,9
HA5 1BW,18,7,11,7
HA5 1BX,54,23,31,18
HA5 1BY,8,4,4,3
HA5 1BZ,34,16,18,12
HA5 1DA,53,23,30,20
HA5 1DB,89,42,47,28
HA5 1DD,14,6,8,5
HA5 1DE,100,50,50,33
HA5 1DF,21,11,10,7
HA5 1DG,30,13,17,13
HA5 1DH,65,28,37,35
HA5 1DQ,25,10,15,9
HA5 1DS,9,7,2,2
HA5 1DT,15,8,7,8
HA5 1DU,73,33,40,29
HA5 1DX,50,25,25,30
HA5 1DY,33,12,21,21
HA5 1DZ,8,4,4,4
HA5 1EA,33,18,15,10
HA5 1EB,109,49,60,42
HA5 1ED,52,24,28,24
HA5 1EE,14,8,6,7
HA5 1EF,97,40,57,43
HA5 1EG,39,16,23,20
HA5 1EH,32,13,19,14
HA5 1EJ,1,0,1,1
HA5 1EL,61,27,34,20
HA5 1EN,67,37,30,23
HA5 1EP,95,46,49,35
HA5 1EQ,29,12,17,10
HA5 1ER,48,23,25,25
HA5 1ES,27,12,15,9
HA5 1ET,33,16,17,11
HA5 1EU,26,12,14,9
HA5 1EW,9,6,3,2
HA5 1EX,15,9,6,5
HA5 1EY,18,10,8,4
HA5 1EZ,37,20,17,15
HA5 1HB,12,7,5,4
HA5 1HE,11,5,6,4
HA5 1HH,29,14,15,10
HA5 1HJ,47,25,22,14
HA5 1HL,64,35,29,21
HA5 1HN,62,24,38,21
HA5 1HP,63,35,28,19
HA5 1HR,105,53,52,39
HA5 1HU,116,54,62,43
HA5 1HW,19,9,10,10
HA5 1HX,14,6,8,5
HA5 1HY,26,13,13,9
HA5 1HZ,22,11,11,8
HA5 1JA,18,9,9,6
HA5 1JB,32,14,18,8
HA5 1JD,100,48,52,33
HA5 1JE,15,9,6,4
HA5 1JF,9,3,6,3
HA5 1JG,19,9,10,9
HA5 1JH,107,44,63,33
HA5 1JJ,72,37,35,23
HA5 1JN,38,16,22,12
HA5 1JP,98,51,47,32
HA5 1JQ,121,61,60,37
HA5 1JR,71,33,38,27
HA5 1JS,58,30,28,18
HA5 1JT,81,39,42,22
HA5 1JU,80,33,47,26
HA5 1JX,67,33,34,23
HA5 1JY,50,25,25,18
HA5 1JZ,52,27,25,18
HA5 1LA,37,20,17,11
HA5 1LB,22,10,12,7
HA5 1LD,93,47,46,30
HA5 1LE,110,56,54,40
HA5 1LF,36,16,20,12
HA5 1LG,16,7,9,5
HA5 1LH,75,37,38,31
HA5 1LJ,56,29,27,16
HA5 1LL,47,25,22,17
HA5 1LN,71,36,35,29
HA5 1LQ,57,28,29,20
HA5 1LX,146,68,78,47
HA5 1LY,117,55,62,41
HA5 1LZ,10,5,5,4
HA5 1NA,24,12,12,7
HA5 1NB,75,36,39,25
HA5 1NE,114,58,56,32
HA5 1NF,94,48,46,36
HA5 1NG,24,12,12,10
HA5 1NH,88,42,46,29
HA5 1NJ,35,21,14,12
HA5 1NL,9,5,4,4
HA5 1NN,20,10,10,8
HA5 1NP,59,32,27,26
HA5 1NQ,83,40,43,28
HA5 1NR,12,4,8,4
HA5 1NS,9,4,5,4
HA5 1NT,18,9,9,6
HA5 1NU,11,4,7,4
HA5 1NW,103,44,59,39
HA5 1PD,34,14,20,17
HA5 1PE,72,38,34,29
HA5 1PF,78,35,43,30
HA5 1PG,17,10,7,8
HA5 1PH,77,34,43,40
HA5 1PJ,38,11,27,18
HA5 1PL,74,33,41,23
HA5 1PN,70,35,35,24
HA5 1PP,26,13,13,9
HA5 1PQ,56,25,31,19
HA5 1PR,69,33,36,30
HA5 1PS,83,47,36,26
HA5 1PT,61,30,31,20
HA5 1PU,60,35,25,19
HA5 1PW,55,30,25,18
HA5 1PX,34,12,22,10
HA5 1PY,21,13,8,6
HA5 1QG,37,15,22,15
HA5 1QH,31,20,11,11
HA5 1QL,48,23,25,13
HA5 1QR,29,20,9,12
HA5 1QZ,26,12,14,13
HA5 1RD,15,8,7,6
HA5 1RF,28,14,14,9
HA5 1RH,8,5,3,4
HA5 1RJ,23,17,6,11
HA5 1RL,53,33,20,21
HA5 1SH,87,43,44,28
HA5 1SJ,58,28,30,19
HA5 1SL,32,17,15,15
HA5 1SN,67,35,32,27
HA5 1SP,73,37,36,24
HA5 1SR,76,38,38,24
HA5 1SS,76,32,44,26
HA5 1ST,110,52,58,37
HA5 1SU,63,29,34,24
HA5 1SW,65,30,35,27
HA5 1SX,55,28,27,18
HA5 1SZ,49,22,27,16
HA5 1TA,61,29,32,24
HA5 1TB,102,51,51,29
HA5 1TJ,5,3,2,1
HA5 1TL,116,61,55,37
HA5 1TN,106,55,51,34
HA5 1TP,52,27,25,16
HA5 1TR,107,50,57,38
HA5 1TS,119,61,58,38
HA5 1TT,105,47,58,39
HA5 1TU,85,39,46,29
HA5 1TW,47,24,23,16
HA5 1TX,33,15,18,13
HA5 1TY,97,46,51,34
HA5 1TZ,88,41,47,30
HA5 1UA,93,43,50,31
HA5 2AA,34,16,18,21
HA5 2AB,31,17,14,15
HA5 2AF,39,18,21,19
HA5 2AH,34,15,19,21
HA5 2AJ,15,8,7,6
HA5 2AN,11,6,5,3
HA5 2AP,97,46,51,45
HA5 2AQ,64,33,31,20
HA5 2AR,64,31,33,22
HA5 2AS,75,35,40,32
HA5 2AT,65,30,35,35
HA5 2AU,27,10,17,16
HA5 2AW,87,36,51,46
HA5 2AX,29,18,11,15
HA5 2AY,30,18,12,14
HA5 2AZ,28,13,15,14
HA5 2BA,29,16,13,11
HA5 2BB,41,17,24,16
HA5 2BD,9,4,5,6
HA5 2BE,21,10,11,8
HA5 2BG,71,36,35,29
HA5 2BH,52,24,28,23
HA5 2BJ,16,8,8,6
HA5 2BP,41,22,19,19
HA5 2BQ,38,20,18,16
HA5 2BS,72,39,33,27
HA5 2BT,19,9,10,8
HA5 2BU,64,34,30,24
HA5 2BX,43,23,20,15
HA5 2BY,6,4,2,2
HA5 2BZ,28,13,15,9
HA5 2DA,100,34,66,39
HA5 2DB,34,15,19,14
HA5 2DD,14,7,7,7
HA5 2DE,28,14,14,12
HA5 2DF,74,37,37,31
HA5 2DG,14,8,6,7
HA5 2DH,116,61,55,44
HA5 2DJ,72,34,38,26
HA5 2DL,47,20,27,20
HA5 2DN,67,35,32,28
HA5 2DP,25,15,10,7
HA5 2DQ,63,25,38,34
HA5 2DR,40,23,17,22
HA5 2DW,49,26,23,17
HA5 2EB,62,31,31,19
HA5 2EG,2,1,1,1
HA5 2EH,108,54,54,41
HA5 2EJ,86,36,50,42
HA5 2EL,16,5,11,11
HA5 2EN,24,12,12,13
HA5 2EP,60,19,41,30
HA5 2EQ,25,15,10,7
HA5 2ER,6,2,4,3
HA5 2ES,9,5,4,3
HA5 2ET,14,7,7,4
HA5 2EU,10,5,5,3
HA5 2EW,10,5,5,5
HA5 2EX,48,24,24,17
HA5 2EY,22,10,12,9
HA5 2EZ,56,28,28,20
HA5 2HE,7,4,3,2
HA5 2HF,23,13,10,10
HA5 2HG,2,1,1,1
HA5 2HH,39,23,16,15
HA5 2HJ,16,9,7,7
HA5 2HP,51,28,23,18
HA5 2HQ,32,14,18,10
HA5 2HR,111,59,52,34
HA5 2HS,41,20,21,15
HA5 2HU,37,15,22,31
HA5 2HW,52,23,29,19
HA5 2HX,19,7,12,8
HA5 2HY,46,21,25,18
HA5 2HZ,79,42,37,33
HA5 2JA,82,44,38,33
HA5 2JB,13,3,10,5
HA5 2JD,57,29,28,19
HA5 2JE,54,29,25,20
HA5 2JF,20,9,11,9
HA5 2JG,16,8,8,6
HA5 2JH,31,15,16,12
HA5 2JJ,23,11,12,10
HA5 2JL,73,34,39,35
HA5 2JN,33,15,18,14
HA5 2JP,8,4,4,5
HA5 2JQ,14,5,9,4
HA5 2JR,91,46,45,35
HA5 2JS,74,41,33,33
HA5 2JT,42,19,23,16
HA5 2JU,24,15,9,10
HA5 2JW,70,36,34,22
HA5 2JX,63,29,34,34
HA5 2JY,60,32,28,33
HA5 2JZ,8,4,4,5
HA5 2LA,30,15,15,11
HA5 2LB,32,17,15,13
HA5 2LG,90,43,47,28
HA5 2LH,18,10,8,8
HA5 2LJ,28,8,20,25
HA5 2LL,9,2,7,8
HA5 2LN,79,42,37,29
HA5 2LP,59,25,34,16
HA5 2LQ,7,6,1,4
HA5 2LR,25,11,14,11
HA5 2LS,74,37,37,39
HA5 2LT,12,6,6,4
HA5 2LU,28,13,15,14
HA5 2LW,126,58,68,43
HA5 2LY,131,56,75,50
HA5 2LZ,9,4,5,4
HA5 2NA,17,7,10,11
HA5 2NB,76,19,57,6
HA5 2NE,72,37,35,32
HA5 2NF,93,56,37,30
HA5 2NG,92,39,53,36
HA5 2NH,17,9,8,8
HA5 2NJ,82,40,42,37
HA5 2NL,120,57,63,45
HA5 2NN,101,42,59,56
HA5 2NP,7,3,4,4
HA5 2NQ,35,14,21,13
HA5 2NR,41,20,21,26
HA5 2NS,24,13,11,13
HA5 2NU,23,9,14,9
HA5 2NW,18,8,10,6
HA5 2NZ,83,44,39,31
HA5 2PD,60,29,31,18
HA5 2PE,47,24,23,16
HA5 2PF,8,3,5,3
HA5 2PG,60,30,30,27
HA5 2PH,48,24,24,20
HA5 2PJ,70,34,36,22
HA5 2PL,53,22,31,26
HA5 2PN,136,70,66,46
HA5 2PP,61,29,32,26
HA5 2PQ,42,18,24,17
HA5 2PR,2,1,1,1
HA5 2PS,38,16,22,15
HA5 2PT,53,27,26,25
HA5 2PU,80,38,42,31
HA5 2PW,53,28,25,26
HA5 2PX,64,30,34,22
HA5 2PY,40,22,18,12
HA5 2PZ,35,12,23,22
HA5 2QA,19,10,9,7
HA5 2QB,35,13,22,18
HA5 2QD,79,40,39,30
HA5 2QE,55,30,25,24
HA5 2QG,34,18,16,11
HA5 2QH,47,14,33,31
HA5 2QJ,51,19,32,39
HA5 2QL,28,10,18,12
HA5 2QN,16,7,9,4
HA5 2QP,4,2,2,2
HA5 2QQ,20,10,10,8
HA5 2QR,75,30,45,38
HA5 2QS,4,1,3,3
HA5 2QT,4,3,1,3
HA5 2QU,65,33,32,23
HA5 2QW,19,8,11,11
HA5 2QX,83,35,48,39
HA5 2QY,129,52,77,74
HA5 2QZ,10,6,4,2
HA5 2RA,24,14,10,11
HA5 2RB,17,10,7,10
HA5 2RD,9,4,5,6
HA5 2RE,34,14,20,11
HA5 2RH,21,10,11,9
HA5 2RL,26,15,11,10
HA5 2RP,34,15,19,20
HA5 2RR,61,32,29,18
HA5 2RS,7,4,3,3
HA5 2RT,51,24,27,23
HA5 2RU,43,21,22,15
HA5 2RW,34,17,17,15
HA5 2RX,40,21,19,21
HA5 2RY,56,30,26,22
HA5 2RZ,87,45,42,29
HA5 2SH,89,42,47,29
HA5 2SJ,28,14,14,10
HA5 2SL,29,15,14,11
HA5 2SN,24,9,15,8
HA5 2SP,44,24,20,18
HA5 2SR,43,20,23,26
HA5 2SS,13,9,4,5
HA5 2ST,47,24,23,23
HA5 2SU,23,13,10,10
HA5 2SX,54,31,23,19
HA5 2SY,54,31,23,22
HA5 2SZ,6,3,3,3
HA5 2TA,7,3,4,2
HA5 2TB,26,12,14,12
HA5 2TD,56,28,28,20
HA5 2TE,48,28,20,18
HA5 2TF,32,16,16,12
HA5 2TG,23,12,11,9
HA5 2TH,49,17,32,43
HA5 2TJ,18,9,9,12
HA5 2TL,39,18,21,20
HA5 2TN,31,15,16,12
HA5 2TP,108,51,57,46
HA5 2TQ,53,24,29,29
HA5 2TR,14,6,8,7
HA5 3AA,60,21,39,39
HA5 3AB,29,13,16,13
HA5 3AD,8,4,4,3
HA5 3AF,16,6,10,6
HA5 3AG,2,1,1,1
HA5 3AH,29,11,18,10
HA5 3AJ,20,9,11,8
HA5 3AL,9,4,5,5
HA5 3AN,43,22,21,14
HA5 3AP,53,27,26,33
HA5 3AQ,44,25,19,13
HA5 3AR,50,26,24,27
HA5 3AS,26,13,13,7
HA5 3AT,35,16,19,12
HA5 3AU,20,7,13,9
HA5 3AW,20,10,10,7
HA5 3AX,84,42,42,28
HA5 3AY,97,48,49,37
HA5 3AZ,88,37,51,19
HA5 3BA,21,8,13,9
HA5 3BB,61,28,33,23
HA5 3BD,117,54,63,38
HA5 3BE,28,11,17,10
HA5 3BG,8,3,5,3
HA5 3BH,7,4,3,4
HA5 3BJ,16,8,8,8
HA5 3BL,26,16,10,9
HA5 3BN,43,23,20,19
HA5 3BP,4,2,2,2
HA5 3BQ,68,36,32,29
HA5 3BS,44,23,21,15
HA5 3BT,21,11,10,7
HA5 3BU,2,1,1,1
HA5 3BW,66,34,32,22
HA5 3BX,58,30,28,21
HA5 3BY,13,7,6,4
HA5 3DA,20,10,10,7
HA5 3DB,34,16,18,9
HA5 3DD,55,22,33,35
HA5 3DE,12,8,4,3
HA5 3DF,35,18,17,14
HA5 3DG,4,1,3,1
HA5 3DH,7,4,3,2
HA5 3DJ,3,2,1,2
HA5 3DL,54,25,29,23
HA5 3DN,40,21,19,17
HA5 3DP,12,5,7,6
HA5 3DQ,20,10,10,6
HA5 3DR,21,11,10,12
HA5 3DW,33,19,14,16
HA5 3DX,45,23,22,14
HA5 3DY,54,27,27,15
HA5 3EA,15,9,6,7
HA5 3EE,18,9,9,14
HA5 3EF,15,8,7,5
HA5 3EH,7,4,3,3
HA5 3EJ,38,15,23,23
HA5 3EL,13,7,6,7
HA5 3EN,52,25,27,23
HA5 3EP,38,15,23,14
HA5 3ER,11,0,11,0
HA5 3ES,56,27,29,21
HA5 3ET,38,21,17,14
HA5 3EU,12,6,6,5
HA5 3EW,34,17,17,14
HA5 3EX,88,39,49,27
HA5 3EY,64,33,31,24
HA5 3EZ,24,7,17,12
HA5 3FF,16,8,8,8
HA5 3FG,135,63,72,56
HA5 3FQ,14,6,8,5
HA5 3HA,22,13,9,11
HA5 3HD,42,17,25,17
HA5 3HE,51,23,28,22
HA5 3HF,87,42,45,25
HA5 3HG,59,28,31,21
HA5 3HH,2,2,0,1
HA5 3HJ,10,5,5,7
HA5 3HN,6,3,3,4
HA5 3HP,14,6,8,6
HA5 3HQ,13,6,7,8
HA5 3HR,36,17,19,14
HA5 3HZ,15,9,6,8
HA5 3JE,17,10,7,7
HA5 3JF,53,24,29,16
HA5 3JP,35,17,18,19
HA5 3LA,35,17,18,17
HA5 3LD,16,5,11,9
HA5 3LE,79,41,38,28
HA5 3LF,89,42,47,48
HA5 3LG,14,3,11,10
HA5 3LH,31,13,18,12
HA5 3LJ,59,29,30,38
HA5 3LL,53,23,30,32
HA5 3LN,11,5,6,5
HA5 3LP,164,75,89,66
HA5 3LQ,38,17,21,16
HA5 3LR,33,13,20,17
HA5 3LT,12,5,7,3
HA5 3LU,2,2,0,2
HA5 3LW,12,7,5,5
HA5 3LX,3,2,1,1
HA5 3LY,29,10,19,18
HA5 3LZ,39,16,23,21
HA5 3NF,77,33,44,47
HA5 3NG,14,6,8,9
HA5 3NH,47,20,27,21
HA5 3NJ,88,47,41,34
HA5 3NL,74,33,41,47
HA5 3NP,34,16,18,13
HA5 3NQ,27,12,15,17
HA5 3NR,54,27,27,35
HA5 3NS,19,9,10,8
HA5 3NT,6,4,2,2
HA5 3NU,16,6,10,5
HA5 3NW,34,20,14,17
HA5 3NX,86,47,39,24
HA5 3NY,50,21,29,19
HA5 3NZ,41,20,21,13
HA5 3PA,49,25,24,17
HA5 3PB,42,20,22,13
HA5 3PD,10,5,5,5
HA5 3PE,53,25,28,19
HA5 3PF,27,12,15,11
HA5 3PG,66,36,30,27
HA5 3PH,10,6,4,6
HA5 3PJ,73,38,35,22
HA5 3PL,1,0,1,1
HA5 3PQ,34,14,20,10
HA5 3PR,44,19,25,30
HA5 3PS,85,42,43,53
HA5 3PT,17,10,7,1
HA5 3PU,11,6,5,4
HA5 3PX,43,18,25,9
HA5 3PY,8,5,3,6
HA5 3PZ,17,7,10,7
HA5 3QA,14,8,6,6
HA5 3QB,20,9,11,5
HA5 3QD,37,20,17,14
HA5 3QE,98,45,53,32
HA5 3QF,39,20,19,14
HA5 3QG,36,19,17,14
HA5 3QH,61,27,34,24
HA5 3QJ,61,27,34,25
HA5 3QL,74,30,44,26
HA5 3QN,67,31,36,26
HA5 3QP,2,1,1,1
HA5 3QQ,61,36,25,24
HA5 3QR,52,25,27,21
HA5 3QS,53,29,24,23
HA5 3QT,16,5,11,4
HA5 3QW,29,16,13,10
HA5 3RA,73,36,37,28
HA5 3RB,85,40,45,32
HA5 3RD,8,4,4,2
HA5 3RE,52,27,25,21
HA5 3RF,56,33,23,18
HA5 3RG,110,55,55,36
HA5 3RH,92,42,50,34
HA5 3RJ,60,30,30,20
HA5 3RL,100,45,55,40
HA5 3RN,72,35,37,22
HA5 3RP,53,25,28,17
HA5 3RQ,52,26,26,18
HA5 3RT,25,7,18,25
HA5 3RU,39,6,33,35
HA5 3RW,27,14,13,11
HA5 3RX,23,11,12,11
HA5 3RY,11,6,5,6
HA5 3RZ,30,13,17,11
HA5 3SA,14,10,4,7
HA5 3SB,55,34,21,19
HA5 3SD,48,21,27,22
HA5 3SE,7,5,2,3
HA5 3SG,51,26,25,17
HA5 3SH,16,6,10,5
HA5 3SJ,36,19,17,10
HA5 3SL,116,44,72,38
HA5 3SN,106,49,57,29
HA5 3SP,96,45,51,34
HA5 3SQ,41,21,20,11
HA5 3SR,47,18,29,13
HA5 3SS,72,37,35,31
HA5 3ST,95,48,47,41
HA5 3SU,69,35,34,32
HA5 3SW,96,53,43,30
HA5 3SX,8,4,4,3
HA5 3SY,26,12,14,17
HA5 3SZ,91,42,49,24
HA5 3TA,7,4,3,4
HA5 3TB,222,107,115,81
HA5 3TD,143,76,67,51
HA5 3TE,63,30,33,20
HA5 3TG,76,37,39,34
HA5 3TH,26,13,13,14
HA5 3TJ,84,38,46,32
HA5 3TN,62,31,31,20
HA5 3TP,91,43,48,29
HA5 3TQ,37,13,24,19
HA5 3TT,49,29,20,20
HA5 3TU,56,29,27,21
HA5 3TW,58,22,36,21
HA5 3TX,86,38,48,33
HA5 3TY,71,36,35,30
HA5 3TZ,50,20,30,28
HA5 3UA,17,7,10,7
HA5 3UB,23,11,12,12
HA5 3UD,38,16,22,23
HA5 3UE,30,13,17,12
HA5 3UF,16,8,8,7
HA5 3UG,94,40,54,34
HA5 3UH,82,44,38,38
HA5 3UJ,36,13,23,31
HA5 3UN,38,17,21,13
HA5 3UP,66,35,31,29
HA5 3UQ,73,32,41,42
HA5 3UR,70,28,42,35
HA5 3UT,25,17,8,10
HA5 3UU,39,19,20,16
HA5 3UX,51,21,30,31
HA5 3UY,83,34,49,38
HA5 3UZ,74,36,38,26
HA5 3XA,117,59,58,36
HA5 3XB,25,12,13,8
HA5 3XD,56,27,29,30
HA5 3XE,49,24,25,19
HA5 3XF,17,7,10,4
HA5 3XG,36,16,20,19
HA5 3XH,31,16,15,15
HA5 3XJ,48,24,24,20
HA5 3XL,32,8,24,29
HA5 3XQ,29,12,17,15
HA5 3XT,23,12,11,9
HA5 3XU,13,7,6,6
HA5 3XX,22,11,11,8
HA5 3XY,27,13,14,7
HA5 3XZ,20,11,9,6
HA5 3YA,15,7,8,6
HA5 3YB,25,14,11,7
HA5 3YD,23,11,12,8
HA5 3YE,4,2,2,2
HA5 3YF,36,18,18,13
HA5 3YH,38,22,16,15
HA5 3YJ,36,18,18,13
HA5 3YQ,14,6,8,9
HA5 3YU,66,29,37,32
HA5 3YW,15,3,12,5
HA5 3YY,77,40,37,30
HA5 3YZ,18,9,9,10
HA5 4AA,65,32,33,22
HA5 4AB,63,32,31,21
HA5 4AD,17,8,9,7
HA5 4AE,17,7,10,7
HA5 4AF,58,29,29,22
HA5 4AG,1,1,0,1
HA5 4AH,2,1,1,1
HA5 4AJ,6,2,4,2
HA5 4AL,25,12,13,7
HA5 4AN,29,16,13,9
HA5 4AP,51,27,24,18
HA5 4AQ,34,16,18,12
HA5 4AR,51,23,28,14
HA5 4AS,3,1,2,1
HA5 4AW,53,29,24,19
HA5 4AX,27,13,14,8
HA5 4AY,61,30,31,22
HA5 4AZ,22,13,9,7
HA5 4BA,18,10,8,6
HA5 4BH,54,26,28,17
HA5 4BJ,66,33,33,26
HA5 4BL,43,18,25,17
HA5 4BN,42,22,20,14
HA5 4BP,35,18,17,15
HA5 4BS,51,26,25,17
HA5 4BT,36,19,17,13
HA5 4BU,33,12,21,15
HA5 4BW,38,20,18,12
HA5 4BX,28,13,15,13
HA5 4BY,65,29,36,20
HA5 4BZ,30,15,15,10
HA5 4DA,23,11,12,10
HA5 4DB,35,19,16,8
HA5 4DD,22,9,13,7
HA5 4DE,99,48,51,34
HA5 4DF,66,33,33,23
HA5 4DG,31,13,18,13
HA5 4DH,17,6,11,9
HA5 4DP,74,32,42,24
HA5 4DQ,12,6,6,6
HA5 4DR,2,1,1,1
HA5 4DS,89,43,46,30
HA5 4DT,106,50,56,34
HA5 4DU,68,34,34,24
HA5 4DX,58,28,30,20
HA5 4DY,47,22,25,19
HA5 4DZ,73,32,41,25
HA5 4EA,12,8,4,5
HA5 4EB,77,30,47,41
HA5 4ED,69,27,42,41
HA5 4EE,53,21,32,30
HA5 4EH,15,8,7,8
HA5 4EJ,32,8,24,27
HA5 4EL,93,48,45,29
HA5 4EN,50,26,24,19
HA5 4EP,84,39,45,33
HA5 4EQ,68,28,40,35
HA5 4ER,19,9,10,6
HA5 4ES,7,3,4,5
HA5 4ET,9,4,5,6
HA5 4EU,10,5,5,6
HA5 4EW,9,5,4,6
HA5 4EX,13,6,7,7
HA5 4EY,54,28,26,20
HA5 4EZ,6,2,4,5
HA5 4FG,10,7,3,3
HA5 4GZ,15,8,7,9
HA5 4HA,33,17,16,11
HA5 4HB,73,28,45,19
HA5 4HD,63,30,33,23
HA5 4HE,81,28,53,18
HA5 4HF,46,26,20,22
HA5 4HG,51,26,25,19
HA5 4HH,21,10,11,6
HA5 4HJ,9,2,7,6
HA5 4HL,6,3,3,3
HA5 4HP,57,32,25,20
HA5 4HQ,21,10,11,12
HA5 4HR,28,15,13,11
HA5 4HS,46,27,19,16
HA5 4JE,18,7,11,12
HA5 4JF,19,12,7,7
HA5 4JG,35,17,18,9
HA5 4JH,20,13,7,12
HA5 4JJ,21,10,11,10
HA5 4JL,33,19,14,20
HA5 4JN,18,9,9,10
HA5 4JQ,13,4,9,10
HA5 4JR,47,25,22,19
HA5 4JS,37,19,18,17
HA5 4JU,40,19,21,22
HA5 4JX,54,14,40,44
HA5 4JZ,14,5,9,11
HA5 4LB,83,37,46,47
HA5 4LD,9,5,4,5
HA5 4LH,53,27,26,16
HA5 4LJ,51,24,27,17
HA5 4LL,70,30,40,24
HA5 4LN,97,49,48,33
HA5 4LP,9,6,3,3
HA5 4LR,22,7,15,11
HA5 4LT,2,2,0,1
HA5 4LU,21,7,14,8
HA5 4LW,6,3,3,2
HA5 4LX,7,6,1,6
HA5 4LY,46,23,23,19
HA5 4LZ,11,6,5,6
HA5 4NA,16,9,7,5
HA5 4NB,5,2,3,5
HA5 4ND,12,6,6,6
HA5 4NE,34,13,21,13
HA5 4NF,65,30,35,21
HA5 4NG,17,8,9,6
HA5 4NH,38,19,19,16
HA5 4NJ,19,12,7,12
HA5 4NL,68,31,37,32
HA5 4NN,38,19,19,16
HA5 4NP,13,4,9,6
HA5 4NQ,65,32,33,25
HA5 4NR,6,0,6,6
HA5 4NS,12,6,6,6
HA5 4NT,10,4,6,7
HA5 4NU,11,5,6,8
HA5 4NX,10,6,4,6
HA5 4NY,30,12,18,14
HA5 4NZ,112,56,56,50
HA5 4PA,71,38,33,26
HA5 4PB,127,65,62,43
HA5 4PD,26,10,16,8
HA5 4PE,75,35,40,24
HA5 4PF,80,35,45,27
HA5 4PG,42,23,19,12
HA5 4PH,39,20,19,11
HA5 4PJ,52,23,29,18
HA5 4PP,41,21,20,16
HA5 4PQ,55,24,31,17
HA5 4PR,40,20,20,15
HA5 4PS,50,25,25,16
HA5 4PT,52,29,23,20
HA5 4PU,29,11,18,13
HA5 4PW,99,49,50,37
HA5 4PX,66,35,31,24
HA5 4PY,10,3,7,4
HA5 4PZ,18,7,11,4
HA5 4QA,19,8,11,6
HA5 4QB,26,12,14,11
HA5 4QD,8,3,5,4
HA5 4QE,93,44,49,33
HA5 4QF,70,32,38,22
HA5 4QG,69,30,39,22
HA5 4QH,41,16,25,22
HA5 4QJ,56,29,27,23
HA5 4QL,42,22,20,19
HA5 4QN,86,43,43,25
HA5 4QP,68,32,36,23
HA5 4QQ,7,3,4,3
HA5 4QS,12,5,7,4
HA5 4QW,78,43,35,24
HA5 4QX,5,2,3,4
HA5 4RA,93,49,44,26
HA5 4RB,12,6,6,2
HA5 4RE,15,5,10,8
HA5 4RF,73,38,35,30
HA5 4RG,27,13,14,10
HA5 4RH,52,26,26,18
HA5 4RJ,8,3,5,3
HA5 4RL,102,54,48,36
HA5 4RN,67,33,34,25
HA5 4RP,109,48,61,39
HA5 4RQ,25,16,9,8
HA5 4RR,29,12,17,11
HA5 4RS,32,18,14,10
HA5 4RT,60,29,31,24
HA5 4RU,30,17,13,8
HA5 4RW,20,8,12,9
HA5 4RX,22,9,13,7
HA5 4RY,54,21,33,30
HA5 4RZ,7,4,3,3
HA5 4SA,71,34,37,23
HA5 4SB,12,7,5,4
HA5 4SD,71,25,46,15
HA5 4SF,12,4,8,6
HA5 4SG,29,15,14,8
HA5 4SH,4,1,3,1
HA5 4SJ,39,22,17,14
HA5 4SL,45,20,25,16
HA5 4SN,47,19,28,14
HA5 4SP,10,5,5,6
HA5 4SQ,57,28,29,18
HA5 4SR,63,25,38,27
HA5 4SS,87,38,49,30
HA5 4ST,36,17,19,15
HA5 4SU,8,5,3,4
HA5 4SW,35,19,16,10
HA5 4SX,77,37,40,27
HA5 4SY,43,23,20,16
HA5 4TA,19,10,9,6
HA5 4TG,43,20,23,17
HA5 4TJ,61,26,35,22
HA5 4TL,89,47,42,31
HA5 4TN,48,24,24,18
HA5 4TP,46,23,23,17
HA5 4TQ,64,28,36,22
HA5 4TR,15,9,6,6
HA5 4TS,59,31,28,19
HA5 4TT,71,35,36,24
HA5 4TW,41,19,22,17
HA5 4TX,14,9,5,5
HA5 4TY,41,20,21,15
HA5 4TZ,46,21,25,17
HA5 4UA,20,13,7,5
HA5 4UB,57,25,32,21
HA5 4UD,54,29,25,17
HA5 4UR,7,3,4,3
HA5 4UT,31,12,19,14
HA5 4UU,17,9,8,8
HA5 4UX,33,16,17,14
HA5 4YH,18,8,10,5
HA5 5AA,122,57,65,43
HA5 5AB,104,48,56,34
HA5 5AD,106,51,55,43
HA5 5AE,88,43,45,25
HA5 5AF,71,37,34,21
HA5 5AG,28,13,15,13
HA5 5AH,59,31,28,23
HA5 5AJ,12,4,8,4
HA5 5AL,23,10,13,7
HA5 5AN,55,25,30,17
HA5 5AQ,58,29,29,26
HA5 5AR,17,10,7,7
HA5 5AS,9,3,6,3
HA5 5AT,17,9,8,8
HA5 5AU,15,7,8,6
HA5 5AW,45,24,21,16
HA5 5AX,62,31,31,23
HA5 5AY,44,24,20,14
HA5 5AZ,66,39,27,21
HA5 5BA,82,44,38,27
HA5 5BJ,88,48,40,30
HA5 5BL,76,36,40,26
HA5 5BN,86,44,42,28
HA5 5BP,56,28,28,21
HA5 5BS,101,54,47,27
HA5 5BT,74,38,36,29
HA5 5BU,53,23,30,18
HA5 5BW,55,30,25,22
HA5 5BX,37,19,18,13
HA5 5BY,77,39,38,27
HA5 5BZ,63,32,31,23
HA5 5DA,20,9,11,8
HA5 5DH,6,2,4,3
HA5 5DJ,82,38,44,26
HA5 5DL,5,2,3,2
HA5 5DN,12,8,4,5
HA5 5DP,65,34,31,19
HA5 5DR,49,21,28,18
HA5 5DS,21,11,10,8
HA5 5DU,42,21,21,13
HA5 5DW,58,30,28,19
HA5 5DX,12,8,4,6
HA5 5DY,29,16,13,12
HA5 5ED,54,30,24,15
HA5 5EH,18,11,7,7
HA5 5EN,37,23,14,12
HA5 5ER,77,50,27,25
HA5 5ET,21,10,11,7
HA5 5EU,50,23,27,16
HA5 5EX,25,12,13,11
HA5 5EY,9,6,3,2
HA5 5EZ,4,2,2,2
HA5 5HH,97,45,52,39
HA5 5HJ,59,24,35,23
HA5 5HL,61,34,27,18
HA5 5HN,20,9,11,7
HA5 5HP,96,44,52,31
HA5 5HR,55,24,31,24
HA5 5HS,48,21,27,23
HA5 5HT,68,33,35,24
HA5 5HU,25,12,13,8
HA5 5HW,95,44,51,33
HA5 5HX,50,25,25,14
HA5 5HY,41,24,17,12
HA5 5HZ,22,11,11,5
HA5 5JA,24,14,10,8
HA5 5JB,20,11,9,7
HA5 5JD,18,8,10,8
HA5 5JE,16,8,8,6
HA5 5JF,36,18,18,11
HA5 5JG,28,15,13,11
HA5 5JJ,5,2,3,4
HA5 5JQ,90,38,52,32
HA5 5JR,41,19,22,27
HA5 5JS,78,38,40,33
HA5 5JT,22,9,13,10
HA5 5JU,27,12,15,13
HA5 5JX,91,45,46,45
HA5 5JY,37,17,20,13
HA5 5JZ,30,14,16,14
HA5 5LA,47,25,22,20
HA5 5LB,23,11,12,13
HA5 5LD,34,13,21,11
HA5 5LE,72,31,41,24
HA5 5LF,26,14,12,9
HA5 5LG,112,58,54,34
HA5 5LH,50,26,24,17
HA5 5LJ,21,12,9,6
HA5 5LL,56,29,27,21
HA5 5LN,83,42,41,26
HA5 5LQ,53,29,24,19
HA5 5LW,63,31,32,20
HA5 5NA,17,9,8,8
HA5 5ND,26,10,16,16
HA5 5NE,13,6,7,6
HA5 5NF,17,9,8,7
HA5 5NG,14,4,10,7
HA5 5NH,27,13,14,11
HA5 5NJ,30,15,15,12
HA5 5NL,27,11,16,8
HA5 5NP,25,15,10,12
HA5 5NQ,75,39,36,32
HA5 5NR,2,1,1,1
HA5 5NS,19,5,14,10
HA5 5NT,12,6,6,4
HA5 5NU,126,55,71,55
HA5 5NX,80,38,42,47
HA5 5NY,95,49,46,34
HA5 5NZ,102,46,56,42
HA5 5PA,44,22,22,16
HA5 5PB,47,22,25,14
HA5 5PD,61,25,36,37
HA5 5PE,13,5,8,7
HA5 5PG,49,24,25,42
HA5 5PJ,22,9,13,9
HA5 5PW,36,19,17,13
HA5 5QB,20,11,9,11
HA5 5QD,90,40,50,27
HA5 5QE,74,34,40,27
HA5 5QF,49,25,24,20
HA5 5QP,117,61,56,47
HA5 5QR,42,26,16,19
HA5 5QS,11,5,6,5
HA5 5QT,17,9,8,9
HA5 5QU,29,13,16,21
HA5 5QX,6,4,2,2
HA5 5QY,42,19,23,15
HA5 5QZ,63,33,30,24
HA5 5RA,98,48,50,30
HA5 5RB,94,47,47,40
HA5 5RD,24,17,7,8
HA5 5RE,24,14,10,11
HA5 5RF,24,12,12,12
HA5 5RG,79,37,42,39
HA5 5RH,2,1,1,1
HA5 5RJ,9,7,2,6
HA5 5RL,19,13,6,10
HA5 5RN,40,22,18,18
HA5 5RQ,19,9,10,10
HA5 5RR,12,6,6,5
HA5 5RS,33,11,22,10
HA5 5RT,81,30,51,37
HA5 5RW,50,20,30,17
HA5 5RY,69,31,38,33
HA5 5SA,39,10,29,35
HA5 5SD,33,16,17,12
HA5 5SE,17,10,7,6
HA5 5SF,85,42,43,26
HA5 5SG,75,35,40,31
HA5 5SH,20,7,13,9
HA5 5SJ,16,8,8,6
HA5 5SL,88,40,48,35
HA5 5SN,78,37,41,25
HA5 5SP,78,40,38,23
HA5 5SQ,52,23,29,20
HA5 5SR,44,22,22,14
HA5 5SS,52,31,21,18
HA5 5ST,50,26,24,20
HA5 5SU,74,40,34,27
HA5 5SW,79,40,39,26
HA5 5SX,43,22,21,24
HA6 1AD,34,20,14,16
HA6 1AE,17,8,9,7
HA6 1AH,7,3,4,4
HA6 1AJ,36,16,20,14
HA6 1AL,52,23,29,26
HA6 1AN,43,25,18,21
HA6 1AP,17,7,10,5
HA6 1AR,27,12,15,10
HA6 1AS,26,10,16,10
HA6 1AT,61,28,33,23
HA6 1AU,92,47,45,32
HA6 1AW,34,18,16,18
HA6 1BA,11,5,6,6
HA6 1BE,15,7,8,9
HA6 1BG,99,51,48,40
HA6 1BH,36,20,16,14
HA6 1BJ,55,29,26,19
HA6 1BL,37,18,19,17
HA6 1BN,41,19,22,17
HA6 1BP,24,13,11,10
HA6 1BQ,61,32,29,30
HA6 1BS,25,14,11,11
HA6 1BT,63,31,32,17
HA6 1BU,87,37,50,39
HA6 1BW,69,31,38,50
HA6 1BZ,14,4,10,12
HA6 1DA,39,17,22,14
HA6 1DB,94,42,52,31
HA6 1DG,42,16,26,29
HA6 1DH,35,18,17,24
HA6 1DJ,9,4,5,5
HA6 1DQ,52,26,26,28
HA6 1DR,33,12,21,14
HA6 1DS,102,44,58,32
HA6 1DT,57,28,29,24
HA6 1DU,73,29,44,47
HA6 1DW,38,20,18,17
HA6 1DX,25,11,14,9
HA6 1DY,56,33,23,22
HA6 1DZ,51,22,29,20
HA6 1EB,97,46,51,41
HA6 1ED,83,33,50,35
HA6 1EE,88,41,47,34
HA6 1EF,14,5,9,7
HA6 1EG,33,11,22,18
HA6 1EH,51,18,33,22
HA6 1EJ,23,13,10,12
HA6 1EL,51,23,28,25
HA6 1EP,35,20,15,11
HA6 1EQ,55,21,34,21
HA6 1ER,54,27,27,24
HA6 1ES,9,3,6,4
HA6 1ET,46,20,26,16
HA6 1EU,38,20,18,14
HA6 1EW,84,43,41,43
HA6 1EX,7,4,3,3
HA6 1EY,17,8,9,7
HA6 1EZ,43,20,23,20
HA6 1HA,54,23,31,23
HA6 1HB,3,1,2,2
HA6 1HD,21,11,10,13
HA6 1HE,18,5,13,7
HA6 1HF,20,9,11,10
HA6 1HG,19,12,7,8
HA6 1HH,118,47,71,46
HA6 1HJ,68,30,38,25
HA6 1HL,13,9,4,6
HA6 1HP,61,28,33,24
HA6 1HQ,35,17,18,11
HA6 1HR,58,27,31,17
HA6 1HS,29,12,17,17
HA6 1HT,61,28,33,19
HA6 1HU,2,1,1,1
HA6 1HW,35,21,14,14
HA6 1HX,32,15,17,11
HA6 1HY,21,10,11,8
HA6 1JE,5,2,3,3
HA6 1JF,29,16,13,10
HA6 1JG,64,35,29,23
HA6 1JH,52,26,26,15
HA6 1JJ,78,41,37,30
HA6 1JL,28,12,16,8
HA6 1JN,29,12,17,14
HA6 1JP,45,19,26,20
HA6 1JQ,2,1,1,1
HA6 1JR,38,18,20,15
HA6 1JS,23,11,12,7
HA6 1JT,66,30,36,23
HA6 1JU,75,37,38,26
HA6 1JW,17,9,8,7
HA6 1JX,44,20,24,15
HA6 1JY,77,39,38,27
HA6 1JZ,61,33,28,21
HA6 1LA,24,8,16,7
HA6 1LB,68,28,40,21
HA6 1LD,68,31,37,22
HA6 1LP,28,15,13,16
HA6 1LR,36,13,23,19
HA6 1LS,31,14,17,18
HA6 1LU,12,5,7,7
HA6 1LX,31,16,15,13
HA6 1LY,53,25,28,20
HA6 1LZ,45,22,23,17
HA6 1NA,15,6,9,7
HA6 1NB,39,17,22,9
HA6 1ND,77,34,43,25
HA6 1NE,30,12,18,8
HA6 1NF,28,13,15,10
HA6 1NG,24,11,13,6
HA6 1NH,57,27,30,19
HA6 1NJ,53,26,27,23
HA6 1NL,20,10,10,7
HA6 1NP,57,33,24,42
HA6 1NZ,4,3,1,2
HA6 1PA,39,18,21,12
HA6 1PB,23,9,14,18
HA6 1PD,46,24,22,20
HA6 1PE,51,24,27,22
HA6 1PF,63,27,36,21
HA6 1PG,76,31,45,26
HA6 1PH,69,31,38,28
HA6 1PJ,39,17,22,18
HA6 1PL,39,25,14,13
HA6 1PN,47,24,23,13
HA6 1PQ,36,17,19,18
HA6 1PS,59,26,33,31
HA6 1PW,50,26,24,16
HA6 1PY,57,31,26,25
HA6 1PZ,48,24,24,22
HA6 1QA,43,19,24,19
HA6 1QB,67,32,35,24
HA6 1QD,9,2,7,6
HA6 1QE,51,20,31,17
HA6 1QF,16,9,7,6
HA6 1QG,2,1,1,1
HA6 1QH,83,45,38,31
HA6 1QJ,80,34,46,28
HA6 1QL,13,8,5,3
HA6 1QN,66,36,30,20
HA6 1QP,15,6,9,8
HA6 1QR,64,32,32,21
HA6 1QS,25,12,13,10
HA6 1QW,28,13,15,13
HA6 1RA,8,4,4,4
HA6 1RB,29,14,15,9
HA6 1RD,29,11,18,12
HA6 1RE,33,17,16,13
HA6 1RF,34,16,18,14
HA6 1RG,61,28,33,34
HA6 1RH,25,13,12,8
HA6 1RJ,6,2,4,5
HA6 1RL,38,16,22,20
HA6 1RN,31,13,18,14
HA6 1RP,29,13,16,14
HA6 1RQ,40,18,22,21
HA6 1RR,37,11,26,19
HA6 1RS,18,8,10,8
HA6 1RT,6,4,2,2
HA6 1RU,83,41,42,26
HA6 1RW,35,16,19,14
HA6 1SB,36,16,20,19
HA6 1SD,5,2,3,3
HA6 1SE,12,4,8,9
HA6 1SF,11,5,6,5
HA6 1SG,19,7,12,9
HA6 1SH,13,6,7,8
HA6 1SJ,41,19,22,16
HA6 1SL,77,36,41,35
HA6 1SN,43,20,23,18
HA6 1SP,76,35,41,27
HA6 1SQ,23,13,10,9
HA6 1SR,23,11,12,11
HA6 1SS,103,50,53,34
HA6 1ST,52,20,32,19
HA6 1SU,45,21,24,16
HA6 1SW,65,35,30,22
HA6 1SX,50,29,21,15
HA6 1SY,40,22,18,14
HA6 1SZ,50,27,23,20
HA6 1TA,84,45,39,30
HA6 1TB,11,8,3,5
HA6 1TE,5,2,3,2
HA6 1TF,60,30,30,21
HA6 1TG,87,48,39,31
HA6 1TH,38,12,26,27
HA6 1TJ,38,15,23,31
HA6 1TL,95,45,50,52
HA6 1TN,8,4,4,6
HA6 1UA,28,10,18,11
HA6 1UD,40,16,24,36
HA6 2AA,36,14,22,17
HA6 2AD,7,1,6,4
HA6 2AE,32,16,16,21
HA6 2AF,74,40,34,26
HA6 2AG,67,33,34,22
HA6 2AH,7,3,4,4
HA6 2AJ,53,20,33,18
HA6 2AL,15,7,8,9
HA6 2AN,21,9,12,13
HA6 2AP,86,41,45,29
HA6 2AQ,6,3,3,2
HA6 2AR,68,33,35,24
HA6 2AS,64,33,31,25
HA6 2AT,23,9,14,5
HA6 2AU,10,5,5,4
HA6 2AW,15,7,8,9
HA6 2AX,11,5,6,3
HA6 2AY,27,11,16,7
HA6 2AZ,43,22,21,17
HA6 2BA,35,20,15,11
HA6 2BB,11,7,4,4
HA6 2BD,13,6,7,6
HA6 2BE,65,30,35,24
HA6 2BH,18,10,8,5
HA6 2BL,24,16,8,7
HA6 2BN,2,1,1,1
HA6 2BP,21,11,10,6
HA6 2BQ,186,93,93,62
HA6 2BS,2,1,1,1
HA6 2BT,40,19,21,13
HA6 2BU,30,17,13,11
HA6 2BX,13,7,6,8
HA6 2BY,34,18,16,12
HA6 2BZ,20,12,8,8
HA6 2DA,25,14,11,7
HA6 2DB,24,10,14,8
HA6 2DD,24,10,14,11
HA6 2DE,5,2,3,3
HA6 2DF,25,11,14,14
HA6 2DG,29,14,15,14
HA6 2DH,9,7,2,4
HA6 2DJ,25,14,11,11
HA6 2DL,51,26,25,19
HA6 2DN,31,13,18,10
HA6 2DP,53,28,25,30
HA6 2DQ,24,12,12,8
HA6 2DW,39,19,20,17
HA6 2EB,19,10,9,6
HA6 2ED,19,12,7,5
HA6 2EE,20,10,10,6
HA6 2EF,29,11,18,8
HA6 2EG,13,5,8,4
HA6 2EH,40,22,18,13
HA6 2EJ,1,0,1,1
HA6 2EL,14,7,7,6
HA6 2EN,28,12,16,10
HA6 2EP,5,1,4,1
HA6 2EQ,33,19,14,9
HA6 2ER,103,50,53,34
HA6 2ET,96,49,47,35
HA6 2EU,6,3,3,4
HA6 2EW,11,4,7,4
HA6 2FD,24,10,14,8
HA6 2FE,8,4,4,4
HA6 2FF,6,2,4,3
HA6 2FG,8,3,5,3
HA6 2FP,45,22,23,23
HA6 2FR,57,25,32,24
HA6 2FS,15,7,8,8
HA6 2FT,79,38,41,37
HA6 2FX,55,24,31,31
HA6 2FY,44,22,22,39
HA6 2FZ,20,13,7,12
HA6 2GA,62,29,33,33
HA6 2GB,49,21,28,26
HA6 2GD,13,3,10,5
HA6 2GE,33,14,19,24
HA6 2GF,19,11,8,10
HA6 2GG,36,15,21,16
HA6 2GU,30,13,17,18
HA6 2GX,53,24,29,31
HA6 2GY,15,6,9,6
HA6 2HH,30,18,12,14
HA6 2HL,24,14,10,7
HA6 2HN,34,19,15,11
HA6 2HP,27,13,14,8
HA6 2HR,45,21,24,14
HA6 2HS,6,2,4,2
HA6 2HT,52,29,23,22
HA6 2HW,25,16,9,7
HA6 2HX,13,5,8,3
HA6 2HY,21,11,10,5
HA6 2HZ,35,18,17,11
HA6 2JA,13,8,5,6
HA6 2JB,12,7,5,3
HA6 2JD,2,1,1,1
HA6 2JE,26,12,14,10
HA6 2JF,11,5,6,4
HA6 2JG,36,21,15,11
HA6 2JH,13,5,8,5
HA6 2JS,22,9,13,5
HA6 2JX,52,24,28,32
HA6 2JZ,14,9,5,6
HA6 2LA,24,12,12,8
HA6 2LB,32,18,14,13
HA6 2LD,64,29,35,18
HA6 2LE,24,11,13,7
HA6 2LF,10,4,6,5
HA6 2LG,4,1,3,1
HA6 2LH,28,12,16,9
HA6 2LJ,30,15,15,10
HA6 2LL,32,19,13,8
HA6 2LN,14,7,7,3
HA6 2LP,54,31,23,17
HA6 2LQ,29,12,17,7
HA6 2LR,46,24,22,14
HA6 2LS,2,1,1,1
HA6 2LU,20,10,10,5
HA6 2LW,10,5,5,4
HA6 2LZ,9,5,4,3
HA6 2NF,27,13,14,13
HA6 2NG,8,3,5,5
HA6 2NH,31,14,17,18
HA6 2NJ,33,18,15,9
HA6 2NL,44,19,25,23
HA6 2NN,11,4,7,5
HA6 2NQ,18,10,8,9
HA6 2NR,13,6,7,4
HA6 2NS,29,15,14,13
HA6 2NT,76,35,41,20
HA6 2NU,23,14,9,8
HA6 2NW,24,11,13,10
HA6 2NX,39,22,17,11
HA6 2NY,17,6,11,4
HA6 2NZ,24,12,12,7
HA6 2PA,39,20,19,12
HA6 2PB,26,13,13,9
HA6 2PD,6,2,4,3
HA6 2PE,25,15,10,7
HA6 2PF,15,6,9,4
HA6 2PG,45,21,24,20
HA6 2PH,36,12,24,13
HA6 2PJ,13,6,7,4
HA6 2PL,5,4,1,3
HA6 2PN,114,60,54,82
HA6 2PQ,20,10,10,8
HA6 2PR,43,23,20,21
HA6 2PS,53,25,28,22
HA6 2PT,10,6,4,5
HA6 2PW,9,4,5,5
HA6 2PX,12,4,8,6
HA6 2QB,27,15,12,12
HA6 2QD,13,6,7,9
HA6 2QF,15,6,9,8
HA6 2QG,19,8,11,10
HA6 2QH,24,14,10,5
HA6 2QL,44,24,20,16
HA6 2QN,30,18,12,16
HA6 2QP,7,4,3,3
HA6 2QQ,14,9,5,5
HA6 2QT,21,8,13,11
HA6 2QW,6,3,3,3
HA6 2QY,21,6,15,12
HA6 2QZ,12,5,7,6
HA6 2RB,1,0,1,1
HA6 2RD,26,18,8,4
HA6 2RE,18,9,9,10
HA6 2RF,34,16,18,12
HA6 2RH,7,2,5,2
HA6 2RJ,9,4,5,4
HA6 2RL,5,3,2,4
HA6 2RN,50,25,25,11
HA6 2RP,8,5,3,2
HA6 2RQ,8,3,5,4
HA6 2RR,26,13,13,10
HA6 2RS,73,31,42,32
HA6 2RT,25,12,13,10
HA6 2RU,113,50,63,50
HA6 2RW,71,35,36,35
HA6 2RX,98,47,51,49
HA6 2RY,22,9,13,13
HA6 2RZ,66,30,36,33
HA6 2SA,46,17,29,22
HA6 2SB,52,21,31,12
HA6 2SD,74,30,44,22
HA6 2SE,5,2,3,2
HA6 2SG,27,13,14,15
HA6 2SH,12,5,7,4
HA6 2SJ,12,4,8,3
HA6 2SL,83,41,42,30
HA6 2SN,18,8,10,7
HA6 2SP,11,5,6,3
HA6 2SQ,54,21,33,23
HA6 2SR,18,10,8,6
HA6 2SS,11,6,5,5
HA6 2SU,12,4,8,8
HA6 2SW,13,4,9,3
HA6 2SX,12,5,7,7
HA6 2SY,8,4,4,3
HA6 2SZ,15,5,10,7
HA6 2TA,41,20,21,13
HA6 2TB,62,33,29,21
HA6 2TD,26,11,15,13
HA6 2TE,36,17,19,26
HA6 2TF,83,41,42,64
HA6 2TH,36,15,21,12
HA6 2TJ,31,15,16,10
HA6 2TL,10,5,5,6
HA6 2TN,3,1,2,1
HA6 2TP,24,10,14,8
HA6 2TQ,18,8,10,13
HA6 2TR,59,26,33,19
HA6 2TS,70,36,34,23
HA6 2TT,2,1,1,1
HA6 2TU,24,12,12,7
HA6 2TW,77,42,35,67
HA6 2TX,20,12,8,8
HA6 2TY,13,5,8,4
HA6 2TZ,57,28,29,21
HA6 2UA,56,28,28,19
HA6 2UB,64,31,33,19
HA6 2UD,27,11,16,9
HA6 2UE,21,10,11,7
HA6 2UF,12,6,6,4
HA6 2UG,11,6,5,4
HA6 2UH,13,6,7,7
HA6 2UJ,42,23,19,16
HA6 2UL,23,10,13,9
HA6 2UN,7,4,3,2
HA6 2UP,28,7,21,20
HA6 2UR,43,17,26,29
HA6 2UT,30,15,15,13
HA6 2UU,12,7,5,6
HA6 2UW,101,58,43,6
HA6 2UX,4,2,2,2
HA6 2UY,14,9,5,3
HA6 2UZ,15,8,7,8
HA6 2WA,3,2,1,1
HA6 2WG,17,8,9,8
HA6 2WQ,16,8,8,7
HA6 2XA,73,31,42,22
HA6 2XB,57,33,24,19
HA6 2XD,39,19,20,14
HA6 2XE,52,22,30,15
HA6 2XF,40,21,19,14
HA6 2XG,22,13,9,6
HA6 2XH,64,29,35,39
HA6 2XJ,10,4,6,7
HA6 2XN,24,16,8,10
HA6 2XP,17,5,12,11
HA6 2XQ,75,33,42,40
HA6 2XS,14,7,7,5
HA6 2XU,8,4,4,4
HA6 2XW,8,7,1,4
HA6 2XX,16,10,6,10
HA6 2XY,12,6,6,5
HA6 2YE,2,1,1,1
HA6 2YF,27,14,13,10
HA6 2YG,6,3,3,2
HA6 2YH,27,11,16,14
HA6 2YJ,67,30,37,31
HA6 2YL,41,16,25,19
HA6 2YP,69,33,36,25
HA6 2YQ,24,14,10,16
HA6 2YR,17,10,7,7
HA6 2YS,12,6,6,5
HA6 2YT,26,12,14,10
HA6 2YU,53,23,30,23
HA6 2YX,46,23,23,25
HA6 2YY,110,55,55,53
HA6 2YZ,16,7,9,11
HA6 3AA,12,4,8,5
HA6 3AE,7,5,2,4
HA6 3AJ,44,21,23,19
HA6 3AL,54,25,29,15
HA6 3AN,3,1,2,2
HA6 3AP,45,23,22,16
HA6 3AR,22,10,12,10
HA6 3AT,16,8,8,7
HA6 3AU,8,4,4,5
HA6 3AW,34,17,17,13
HA6 3AX,3,1,2,1
HA6 3AY,88,45,43,29
HA6 3AZ,63,32,31,22
HA6 3BA,18,8,10,7
HA6 3BB,20,10,10,10
HA6 3BD,44,24,20,18
HA6 3BE,86,41,45,34
HA6 3BG,3,2,1,1
HA6 3BP,60,27,33,21
HA6 3BQ,21,10,11,9
HA6 3BS,59,23,36,18
HA6 3BT,24,13,11,7
HA6 3BU,23,13,10,8
HA6 3BX,28,17,11,10
HA6 3BY,41,20,21,12
HA6 3BZ,12,7,5,3
HA6 3DA,86,44,42,27
HA6 3DB,90,47,43,29
HA6 3DD,40,19,21,12
HA6 3DE,9,3,6,6
HA6 3DF,10,4,6,6
HA6 3DG,85,36,49,28
HA6 3DQ,34,16,18,10
HA6 3DR,15,7,8,7
HA6 3DS,70,37,33,26
HA6 3DT,19,9,10,6
HA6 3DU,47,23,24,13
HA6 3DX,16,7,9,10
HA6 3DY,68,30,38,23
HA6 3DZ,74,37,37,22
HA6 3EA,50,25,25,17
HA6 3EB,70,29,41,22
HA6 3ED,57,27,30,20
HA6 3EE,33,15,18,14
HA6 3EF,57,26,31,21
HA6 3EG,22,11,11,6
HA6 3EH,9,3,6,3
HA6 3EJ,15,7,8,5
HA6 3EQ,13,6,7,3
HA6 3ER,37,22,15,13
HA6 3ES,32,19,13,11
HA6 3ET,29,16,13,10
HA6 3EU,14,8,6,5
HA6 3EX,8,5,3,3
HA6 3EY,9,4,5,4
HA6 3EZ,4,1,3,1
HA6 3FD,14,5,9,9
HA6 3FE,10,5,5,4
HA6 3FG,21,9,12,14
HA6 3FJ,28,12,16,9
HA6 3GA,15,6,9,5
HA6 3HA,29,12,17,10
HA6 3HB,16,7,9,5
HA6 3HD,19,9,10,5
HA6 3HE,66,31,35,21
HA6 3HF,9,4,5,4
HA6 3HG,40,21,19,11
HA6 3HH,40,25,15,11
HA6 3HJ,30,13,17,10
HA6 3HL,20,10,10,8
HA6 3HN,33,18,15,11
HA6 3HP,129,106,23,0
HA6 3HQ,30,16,14,12
HA6 3HS,20,9,11,12
HA6 3HT,13,7,6,4
HA6 3HU,78,39,39,30
HA6 3HW,57,24,33,19
HA6 3HX,16,9,7,6
HA6 3HY,8,5,3,2
HA6 3HZ,19,12,7,7
HA6 3JA,2,1,1,1
HA6 3JB,2,1,1,1
HA6 3JD,22,8,14,5
HA6 3JF,19,10,9,8
HA6 3JG,12,6,6,5
HA6 3JH,25,13,12,8
HA6 3JJ,7,3,4,3
HA6 3JL,23,11,12,6
HA6 3JN,15,8,7,4
HA6 3JP,21,9,12,12
HA6 3JQ,17,8,9,5
HA6 3JR,39,22,17,13
HA6 3JS,18,7,11,9
HA6 3JU,9,4,5,3
HA6 3JW,30,14,16,10
HA6 3JZ,31,16,15,11
HA6 3LA,12,7,5,8
HA6 3LB,33,15,18,16
HA6 3LD,41,21,20,15
HA6 3LE,28,13,15,11
HA6 3LF,16,7,9,6
HA6 3LG,39,23,16,15
HA6 3LH,16,7,9,6
HA6 3LJ,42,18,24,23
HA6 3LL,15,7,8,6
HA6 3LN,113,39,74,30
HA6 3LP,47,22,25,17
HA6 3LQ,14,9,5,11
HA6 3LR,5,3,2,2
HA6 3LS,30,16,14,12
HA6 3LT,20,9,11,12
HA6 3LU,19,9,10,7
HA6 3LW,14,6,8,5
HA6 3LX,96,47,49,47
HA6 3LY,132,55,77,58
HA6 3LZ,22,10,12,10
HA6 3NA,22,12,10,11
HA6 3NB,14,6,8,6
HA6 3ND,55,25,30,22
HA6 3NE,95,45,50,38
HA6 3NF,100,48,52,45
HA6 3NG,39,20,19,23
HA6 3NH,43,19,24,27
HA6 3NJ,49,22,27,23
HA6 3NL,47,21,26,31
HA6 3NN,15,7,8,9
HA6 3NP,23,11,12,8
HA6 3NQ,24,12,12,8
HA6 3NR,19,12,7,6
HA6 3NS,123,54,69,41
HA6 3NT,34,16,18,10
HA6 3NU,80,41,39,29
HA6 3NW,47,20,27,28
HA6 3NX,14,7,7,6
HA6 3NY,2,1,1,1
HA6 3NZ,56,25,31,19
HA6 3PA,65,16,49,1
HA6 3PE,2,1,1,1
HA6 3PF,12,6,6,4
HA6 3PH,2,1,1,1
HA6 3PJ,3,1,2,1
HA6 3PL,2,1,1,1
HA6 3PN,3,1,2,1
HA6 3PP,7,3,4,3
HA6 3PQ,3,2,1,2
HA6 3PR,97,46,51,30
HA6 3PS,46,22,24,18
HA6 3PU,44,25,19,29
HA6 3PW,6,2,4,1
HA6 3PX,39,17,22,24
HA6 3PY,9,3,6,2
HA6 3QA,28,14,14,9
HA6 3QB,6,3,3,3
HA6 3QD,28,15,13,12
HA6 3QE,49,24,25,18
HA6 3QF,19,8,11,5
HA6 3QG,25,13,12,8
HA6 3QH,2,1,1,1
HA6 3QJ,20,11,9,7
HA6 3QL,28,14,14,11
HA6 3QN,15,8,7,7
HA6 3QP,24,12,12,7
HA6 3QQ,18,9,9,5
HA6 3QR,12,8,4,4
HA6 3QS,32,12,20,10
HA6 3QT,37,19,18,11
HA6 3QU,47,22,25,14
HA6 3QX,30,14,16,11
HA6 3QZ,9,5,4,4
HA6 3RB,40,21,19,12
HA6 3RD,30,16,14,9
HA6 3RE,23,13,10,8
HA6 3SA,40,18,22,12
HA6 3SB,25,14,11,7
HA6 3SD,22,9,13,9
HA6 3SE,36,19,17,13
HA6 3SF,7,4,3,4
HA6 3SH,23,8,15,8
HA6 3SJ,33,19,14,12
HA6 3SL,14,8,6,9
HA6 3SW,13,8,5,3
HA6 3TU,12,5,7,3
HA7 1AA,58,28,30,17
HA7 1AB,46,25,21,13
HA7 1AD,41,20,21,15
HA7 1AE,32,16,16,11
HA7 1AF,65,32,33,22
HA7 1AG,157,82,75,48
HA7 1AH,30,16,14,16
HA7 1AJ,14,6,8,6
HA7 1AL,16,9,7,5
HA7 1AN,74,37,37,20
HA7 1AQ,78,38,40,28
HA7 1AR,88,49,39,29
HA7 1AW,97,48,49,30
HA7 1BG,84,34,50,28
HA7 1BT,28,15,13,15
HA7 1DA,244,120,124,73
HA7 1DB,178,94,84,55
HA7 1DD,215,100,115,63
HA7 1DE,27,15,12,6
HA7 1DF,15,7,8,6
HA7 1DG,145,66,79,49
HA7 1DH,22,9,13,8
HA7 1DJ,126,66,60,37
HA7 1DL,80,41,39,25
HA7 1DN,307,140,167,55
HA7 1DQ,48,21,27,18
HA7 1DT,29,16,13,14
HA7 1DU,37,21,16,9
HA7 1DX,185,94,91,56
HA7 1DY,1,1,0,1
HA7 1DZ,190,94,96,66
HA7 1EA,128,61,67,54
HA7 1EB,173,81,92,67
HA7 1ED,93,55,38,38
HA7 1EE,27,12,15,11
HA7 1ER,92,45,47,45
HA7 1ES,16,8,8,6
HA7 1ET,44,26,18,16
HA7 1EU,86,45,41,32
HA7 1EX,20,11,9,7
HA7 1EY,25,9,16,10
HA7 1EZ,30,13,17,13
HA7 1FD,21,10,11,15
HA7 1FE,7,4,3,4
HA7 1FH,27,15,12,16
HA7 1HA,67,39,28,18
HA7 1HB,116,52,64,35
HA7 1HD,115,61,54,35
HA7 1HG,56,27,29,24
HA7 1HH,41,13,28,31
HA7 1HL,8,3,5,3
HA7 1HN,33,17,16,8
HA7 1HP,26,13,13,8
HA7 1HQ,171,81,90,53
HA7 1HR,22,8,14,8
HA7 1HS,19,7,12,6
HA7 1HT,14,7,7,5
HA7 1HU,29,13,16,7
HA7 1HW,21,9,12,8
HA7 1HX,16,6,10,7
HA7 1HY,69,33,36,23
HA7 1HZ,81,34,47,29
HA7 1JA,115,53,62,37
HA7 1JB,25,13,12,8
HA7 1JD,10,6,4,4
HA7 1JE,148,71,77,50
HA7 1JF,21,10,11,7
HA7 1JG,37,18,19,8
HA7 1JH,119,47,72,39
HA7 1JJ,72,34,38,21
HA7 1JN,67,39,28,24
HA7 1JQ,82,39,43,29
HA7 1JR,27,14,13,8
HA7 1JW,117,63,54,32
HA7 1LJ,76,36,40,25
HA7 1LL,103,47,56,32
HA7 1LN,106,50,56,25
HA7 1LP,99,51,48,32
HA7 1LR,123,61,62,36
HA7 1LS,22,7,15,8
HA7 1LT,36,18,18,10
HA7 1LU,66,28,38,20
HA7 1LW,98,42,56,28
HA7 1LX,25,10,15,9
HA7 1LY,113,58,55,30
HA7 1LZ,119,57,62,30
HA7 1NA,113,55,58,32
HA7 1NB,85,45,40,24
HA7 1ND,72,35,37,20
HA7 1NE,73,37,36,21
HA7 1NF,94,49,45,24
HA7 1NG,152,72,80,39
HA7 1NH,88,43,45,24
HA7 1NQ,51,23,28,16
HA7 1NS,16,5,11,4
HA7 1NT,119,65,54,39
HA7 1NU,111,50,61,31
HA7 1NX,99,46,53,31
HA7 1NY,29,16,13,8
HA7 1NZ,98,48,50,32
HA7 1PA,78,37,41,31
HA7 1PB,26,16,10,9
HA7 1PD,116,57,59,32
HA7 1PE,95,47,48,31
HA7 1PF,33,15,18,8
HA7 1PG,33,17,16,14
HA7 1PH,96,51,45,32
HA7 1PJ,54,27,27,22
HA7 1PN,62,27,35,22
HA7 1PQ,66,34,32,23
HA7 1PW,58,29,29,20
HA7 1QX,78,39,39,34
HA7 2AA,56,26,30,20
HA7 2AB,8,4,4,5
HA7 2AD,18,7,11,9
HA7 2AE,16,7,9,6
HA7 2AF,77,39,38,25
HA7 2AG,89,44,45,26
HA7 2AH,53,28,25,16
HA7 2AJ,3,1,2,1
HA7 2AL,82,38,44,25
HA7 2AN,45,20,25,19
HA7 2AP,88,43,45,29
HA7 2AQ,25,14,11,6
HA7 2AR,27,15,12,8
HA7 2AS,22,14,8,6
HA7 2AT,148,66,82,42
HA7 2AU,119,58,61,40
HA7 2AW,11,5,6,6
HA7 2AX,126,54,72,39
HA7 2AY,116,58,58,32
HA7 2BH,109,52,57,34
HA7 2BJ,109,55,54,32
HA7 2BL,11,6,5,4
HA7 2BN,37,22,15,16
HA7 2BP,86,45,41,27
HA7 2BS,9,3,6,3
HA7 2BT,121,56,65,42
HA7 2BU,29,12,17,9
HA7 2BW,66,34,32,23
HA7 2BX,23,10,13,6
HA7 2BY,25,11,14,6
HA7 2BZ,68,33,35,17
HA7 2DA,88,48,40,25
HA7 2DB,83,47,36,23
HA7 2DD,95,50,45,27
HA7 2DE,65,31,34,20
HA7 2DF,44,24,20,15
HA7 2DG,71,30,41,22
HA7 2DL,15,10,5,4
HA7 2DP,44,22,22,18
HA7 2DR,38,21,17,26
HA7 2DS,48,21,27,19
HA7 2DT,7,5,2,3
HA7 2DU,27,12,15,7
HA7 2DX,74,39,35,21
HA7 2DY,111,57,54,34
HA7 2DZ,93,44,49,31
HA7 2EA,57,25,32,17
HA7 2EB,21,8,13,7
HA7 2ED,77,36,41,28
HA7 2EE,31,16,15,11
HA7 2EF,49,22,27,17
HA7 2EG,45,23,22,14
HA7 2EH,121,69,52,38
HA7 2EJ,53,24,29,18
HA7 2EL,130,61,69,46
HA7 2EN,68,31,37,19
HA7 2EP,68,35,33,20
HA7 2ER,24,10,14,6
HA7 2ES,52,25,27,12
HA7 2ET,44,22,22,12
HA7 2EU,31,12,19,10
HA7 2EW,70,29,41,19
HA7 2EX,110,56,54,29
HA7 2HA,10,4,6,6
HA7 2HG,27,12,15,9
HA7 2HH,59,30,29,20
HA7 2HJ,68,32,36,20
HA7 2HL,85,41,44,27
HA7 2HN,73,36,37,22
HA7 2HP,86,38,48,24
HA7 2HQ,92,51,41,31
HA7 2HR,35,18,17,11
HA7 2HS,77,39,38,27
HA7 2HT,85,47,38,28
HA7 2HU,103,47,56,26
HA7 2HW,94,44,50,27
HA7 2HX,96,50,46,26
HA7 2HY,18,7,11,6
HA7 2HZ,61,29,32,19
HA7 2JA,75,39,36,19
HA7 2JB,44,20,24,13
HA7 2JD,71,38,33,21
HA7 2JE,72,32,40,22
HA7 2JF,40,23,17,10
HA7 2JG,43,20,23,18
HA7 2JH,14,9,5,8
HA7 2JQ,89,34,55,11
HA7 2JS,112,49,63,31
HA7 2JT,74,35,39,24
HA7 2JU,121,61,60,38
HA7 2JX,67,35,32,24
HA7 2JY,69,33,36,25
HA7 2JZ,122,57,65,38
HA7 2LA,116,56,60,37
HA7 2LB,109,54,55,35
HA7 2LD,144,68,76,35
HA7 2LE,67,30,37,21
HA7 2LF,49,22,27,20
HA7 2LG,108,57,51,32
HA7 2LH,95,42,53,25
HA7 2LJ,84,48,36,22
HA7 2LL,84,47,37,25
HA7 2LN,18,10,8,6
HA7 2LQ,102,55,47,27
HA7 2LW,93,48,45,25
HA7 2LY,113,55,58,33
HA7 2LZ,80,37,43,21
HA7 2NA,19,10,9,4
HA7 2NB,83,46,37,25
HA7 2ND,76,32,44,23
HA7 2NE,79,38,41,23
HA7 2NF,94,52,42,30
HA7 2NG,44,17,27,14
HA7 2NH,91,43,48,29
HA7 2NJ,136,65,71,45
HA7 2NL,16,10,6,6
HA7 2NN,25,16,9,10
HA7 2NP,35,18,17,12
HA7 2NQ,93,45,48,29
HA7 2NR,45,22,23,14
HA7 2NW,14,7,7,5
HA7 2PA,43,24,19,13
HA7 2PB,21,9,12,7
HA7 2PD,13,7,6,5
HA7 2PE,24,10,14,6
HA7 2PF,22,12,10,5
HA7 2PJ,69,39,30,25
HA7 2PL,35,19,16,14
HA7 2PP,76,42,34,25
HA7 2PR,19,10,9,8
HA7 2PS,24,11,13,18
HA7 2PT,4,2,2,2
HA7 2PU,59,32,27,21
HA7 2PW,23,13,10,13
HA7 2PX,31,15,16,10
HA7 2PZ,42,22,20,14
HA7 2QA,47,21,26,16
HA7 2QB,9,4,5,4
HA7 2QD,22,8,14,6
HA7 2QE,69,36,33,26
HA7 2QF,125,63,62,40
HA7 2QG,132,61,71,45
HA7 2QH,140,66,74,45
HA7 2QJ,163,80,83,47
HA7 2QL,151,84,67,47
HA7 2QS,39,22,17,10
HA7 2QT,43,19,24,14
HA7 2QU,4,3,1,3
HA7 2QW,8,3,5,5
HA7 2QX,3,2,1,2
HA7 2QY,25,9,16,15
HA7 2QZ,6,3,3,3
HA7 2RA,14,4,10,8
HA7 2RB,24,11,13,9
HA7 2RD,5,3,2,1
HA7 2RF,10,6,4,1
HA7 2RG,37,18,19,14
HA7 2RH,2,2,0,2
HA7 2RJ,11,6,5,4
HA7 2RN,95,45,50,35
HA7 2RP,48,25,23,17
HA7 2RQ,28,14,14,15
HA7 2RR,81,43,38,24
HA7 2RS,14,6,8,5
HA7 2RT,48,23,25,17
HA7 2RU,35,17,18,16
HA7 2RW,7,4,3,4
HA7 2RX,44,23,21,13
HA7 2RY,53,31,22,19
HA7 2RZ,70,30,40,22
HA7 2SA,96,46,50,35
HA7 2SB,3,2,1,1
HA7 2SD,42,18,24,13
HA7 2SE,64,31,33,44
HA7 2SF,49,23,26,35
HA7 2SG,45,23,22,17
HA7 2SL,16,8,8,6
HA7 2SN,43,22,21,15
HA7 2SP,54,25,29,28
HA7 2SS,28,14,14,8
HA7 2SU,14,8,6,4
HA7 3AA,66,27,39,36
HA7 3AB,50,26,24,21
HA7 3AD,23,10,13,9
HA7 3AE,16,8,8,9
HA7 3AF,18,8,10,9
HA7 3AG,79,40,39,31
HA7 3AH,34,15,19,14
HA7 3AJ,10,6,4,5
HA7 3AL,52,24,28,21
HA7 3AN,27,14,13,10
HA7 3AP,5,3,2,2
HA7 3AQ,22,10,12,9
HA7 3AR,16,8,8,5
HA7 3AS,29,12,17,9
HA7 3AT,47,23,24,18
HA7 3AU,63,29,34,22
HA7 3AW,4,2,2,2
HA7 3AX,30,15,15,11
HA7 3AY,55,28,27,27
HA7 3AZ,62,29,33,29
HA7 3BA,11,5,6,6
HA7 3BE,18,7,11,11
HA7 3BG,61,26,35,0
HA7 3BJ,5,3,2,1
HA7 3BL,16,5,11,8
HA7 3BN,13,6,7,6
HA7 3BP,15,7,8,6
HA7 3BS,38,21,17,22
HA7 3BT,112,54,58,46
HA7 3BU,10,3,7,3
HA7 3BW,15,7,8,10
HA7 3BX,32,16,16,10
HA7 3BY,13,7,6,5
HA7 3BZ,87,41,46,52
HA7 3DA,17,9,8,6
HA7 3DB,32,16,16,12
HA7 3DD,8,4,4,2
HA7 3DE,56,25,31,27
HA7 3DF,83,45,38,35
HA7 3DG,9,4,5,3
HA7 3DJ,43,15,28,21
HA7 3DP,9,6,3,2
HA7 3DQ,24,11,13,10
HA7 3DR,16,8,8,8
HA7 3DS,23,14,9,10
HA7 3DT,6,4,2,4
HA7 3DU,25,8,17,13
HA7 3DX,17,6,11,12
HA7 3DY,11,6,5,5
HA7 3DZ,56,24,32,24
HA7 3EA,3,1,2,2
HA7 3EB,55,32,23,18
HA7 3ED,11,4,7,5
HA7 3EE,25,11,14,9
HA7 3EF,12,7,5,3
HA7 3EG,34,17,17,11
HA7 3EH,17,7,10,9
HA7 3EJ,35,18,17,12
HA7 3EL,36,18,18,13
HA7 3EN,52,24,28,17
HA7 3EP,11,5,6,7
HA7 3EQ,7,3,4,3
HA7 3ER,24,10,14,15
HA7 3ES,14,5,9,9
HA7 3EW,20,10,10,10
HA7 3EX,19,9,10,10
HA7 3HA,13,6,7,5
HA7 3HD,34,11,23,22
HA7 3HF,19,8,11,6
HA7 3HG,6,3,3,3
HA7 3HJ,13,6,7,4
HA7 3HL,35,17,18,10
HA7 3HN,12,6,6,6
HA7 3HP,27,10,17,8
HA7 3HQ,22,9,13,5
HA7 3HR,2,0,2,1
HA7 3HS,2,1,1,1
HA7 3HT,1,1,0,1
HA7 3HU,31,16,15,20
HA7 3HW,13,6,7,4
HA7 3HX,24,15,9,10
HA7 3HZ,6,2,4,2
HA7 3JA,22,11,11,7
HA7 3JD,4,2,2,2
HA7 3JE,61,15,46,0
HA7 3JF,4,2,2,1
HA7 3JG,2,1,1,1
HA7 3JJ,3,2,1,3
HA7 3JL,49,27,22,20
HA7 3JP,3,1,2,1
HA7 3JQ,6,3,3,2
HA7 3JR,62,30,32,25
HA7 3JS,41,20,21,12
HA7 3JT,11,4,7,8
HA7 3JW,4,1,3,2
HA7 3JY,4,1,3,2
HA7 3LA,15,8,7,7
HA7 3LB,54,25,29,18
HA7 3LE,2,1,1,1
HA7 3LF,26,11,15,10
HA7 3LG,64,31,33,36
HA7 3LH,48,24,24,12
HA7 3LJ,27,14,13,7
HA7 3LL,38,17,21,19
HA7 3LN,25,13,12,10
HA7 3LP,142,77,65,35
HA7 3LQ,15,7,8,4
HA7 3LS,5,2,3,1
HA7 3LT,38,16,22,14
HA7 3LU,47,27,20,17
HA7 3LW,12,6,6,2
HA7 3LX,73,40,33,22
HA7 3LY,34,14,20,15
HA7 3LZ,47,25,22,17
HA7 3NB,146,65,81,41
HA7 3ND,55,26,29,24
HA7 3NE,79,45,34,38
HA7 3NF,97,51,46,27
HA7 3NG,53,24,29,25
HA7 3NH,60,29,31,36
HA7 3NJ,117,55,62,37
HA7 3NL,98,49,49,36
HA7 3NN,27,16,11,9
HA7 3NP,85,43,42,47
HA7 3NQ,4,3,1,1
HA7 3NR,48,27,21,14
HA7 3NS,171,85,86,53
HA7 3NU,38,16,22,14
HA7 3NW,14,6,8,5
HA7 3NX,101,49,52,30
HA7 3NY,78,38,40,23
HA7 3NZ,53,30,23,22
HA7 3PA,109,48,61,33
HA7 3PB,115,56,59,35
HA7 3PD,94,54,40,32
HA7 3PE,44,20,24,19
HA7 3PF,92,38,54,29
HA7 3PG,17,9,8,5
HA7 3PH,72,39,33,20
HA7 3PJ,13,7,6,5
HA7 3PL,131,69,62,37
HA7 3PN,111,55,56,32
HA7 3PP,26,17,9,9
HA7 3PQ,40,18,22,16
HA7 3PR,18,12,6,6
HA7 3PS,55,30,25,18
HA7 3PT,58,30,28,19
HA7 3PW,26,14,12,9
HA7 3PY,27,11,16,7
HA7 3PZ,4,3,1,2
HA7 3QA,42,20,22,15
HA7 3QD,46,21,25,14
HA7 3QE,51,22,29,25
HA7 3QF,41,22,19,24
HA7 3QG,59,26,33,35
HA7 3QH,80,41,39,21
HA7 3QJ,45,26,19,15
HA7 3QL,83,40,43,45
HA7 3QN,19,9,10,7
HA7 3QP,12,5,7,4
HA7 3QQ,40,18,22,17
HA7 3QR,93,45,48,37
HA7 3QS,53,25,28,14
HA7 3QT,91,44,47,26
HA7 3QU,40,24,16,12
HA7 3QW,25,12,13,8
HA7 3QX,22,12,10,7
HA7 3QY,22,13,9,2
HA7 3QZ,44,19,25,19
HA7 3RA,48,28,20,16
HA7 3RB,24,10,14,10
HA7 3RD,16,10,6,9
HA7 3RE,25,11,14,10
HA7 3RF,35,16,19,16
HA7 3RG,77,37,40,30
HA7 3RH,43,22,21,15
HA7 3RJ,2,1,1,1
HA7 3RL,15,6,9,9
HA7 3RN,14,7,7,5
HA7 3RP,52,26,26,15
HA7 3RQ,81,32,49,22
HA7 3RR,54,27,27,19
HA7 3RS,34,13,21,10
HA7 3RT,44,18,26,13
HA7 3RU,25,10,15,8
HA7 3RX,23,12,11,8
HA7 3RY,37,20,17,10
HA7 3RZ,16,8,8,6
HA7 3SA,55,23,32,27
HA7 3SB,61,29,32,30
HA7 3SD,54,28,26,24
HA7 3SE,44,20,24,13
HA7 3SF,97,47,50,31
HA7 3SH,17,8,9,5
HA7 3SJ,40,21,19,13
HA7 3SL,29,17,12,11
HA7 3SN,25,11,14,10
HA7 3SQ,47,20,27,14
HA7 3SR,42,17,25,11
HA7 3SS,47,25,22,15
HA7 3ST,22,9,13,18
HA7 3SU,17,9,8,6
HA7 3SW,10,5,5,4
HA7 3SY,15,8,7,6
HA7 3SZ,9,4,5,5
HA7 3TA,7,4,3,3
HA7 3TJ,48,26,22,16
HA7 3TL,40,20,20,18
HA7 3TN,13,5,8,7
HA7 3UH,34,16,18,19
HA7 4AA,2,2,0,2
HA7 4AF,26,13,13,11
HA7 4AH,5,3,2,3
HA7 4AQ,40,19,21,33
HA7 4AR,3,2,1,1
HA7 4AU,45,21,24,20
HA7 4AW,11,4,7,5
HA7 4AY,17,9,8,4
HA7 4AZ,9,2,7,5
HA7 4BA,112,49,63,43
HA7 4BB,15,7,8,8
HA7 4BD,83,37,46,31
HA7 4BE,49,24,25,19
HA7 4BH,10,5,5,4
HA7 4BJ,80,38,42,30
HA7 4BQ,25,11,14,11
HA7 4DA,9,5,4,3
HA7 4DE,28,14,14,14
HA7 4DF,25,11,14,14
HA7 4DJ,19,10,9,7
HA7 4DU,35,19,16,15
HA7 4DW,22,13,9,8
HA7 4EE,60,22,38,34
HA7 4EH,47,19,28,23
HA7 4EJ,37,18,19,19
HA7 4EL,51,19,32,21
HA7 4EN,33,16,17,12
HA7 4EP,31,12,19,14
HA7 4EQ,65,27,38,33
HA7 4ER,17,9,8,10
HA7 4ES,49,24,25,17
HA7 4ET,27,13,14,10
HA7 4EU,207,97,110,87
HA7 4EW,32,14,18,16
HA7 4EX,34,17,17,14
HA7 4EY,7,4,3,3
HA7 4FB,26,15,11,11
HA7 4FD,17,7,10,10
HA7 4FE,26,12,14,14
HA7 4FF,11,3,8,9
HA7 4FG,117,57,60,45
HA7 4FH,101,47,54,32
HA7 4FJ,77,44,33,26
HA7 4FL,17,9,8,10
HA7 4FN,77,43,34,22
HA7 4FP,40,21,19,22
HA7 4FQ,47,25,22,26
HA7 4FR,105,52,53,33
HA7 4FS,70,31,39,17
HA7 4FT,73,32,41,25
HA7 4FU,146,65,81,31
HA7 4FW,72,34,38,29
HA7 4FX,15,8,7,6
HA7 4FY,17,8,9,10
HA7 4FZ,39,15,24,9
HA7 4GA,94,47,47,27
HA7 4HA,26,10,16,11
HA7 4HD,9,3,6,5
HA7 4HE,14,4,10,10
HA7 4HG,17,4,13,12
HA7 4HH,21,8,13,12
HA7 4HJ,65,28,37,30
HA7 4HL,38,18,20,24
HA7 4HN,46,20,26,22
HA7 4HP,62,30,32,23
HA7 4HQ,14,8,6,7
HA7 4HR,133,72,61,39
HA7 4HS,61,28,33,22
HA7 4HT,31,15,16,7
HA7 4HU,14,7,7,6
HA7 4HW,30,15,15,12
HA7 4HX,13,6,7,9
HA7 4HY,11,2,9,9
HA7 4HZ,16,7,9,9
HA7 4JA,12,5,7,6
HA7 4JB,13,4,9,9
HA7 4JE,7,5,2,4
HA7 4JF,23,11,12,10
HA7 4JG,26,11,15,16
HA7 4JH,35,18,17,11
HA7 4JL,19,9,10,7
HA7 4JN,5,3,2,2
HA7 4JP,53,23,30,32
HA7 4JQ,41,19,22,18
HA7 4JR,20,8,12,10
HA7 4JS,29,16,13,8
HA7 4JT,32,11,21,10
HA7 4JU,36,14,22,11
HA7 4JW,29,15,14,11
HA7 4JX,4,2,2,2
HA7 4JY,36,19,17,21
HA7 4JZ,13,6,7,6
HA7 4LA,29,8,21,20
HA7 4LB,3,2,1,1
HA7 4LD,17,10,7,6
HA7 4LE,18,8,10,5
HA7 4LF,4,2,2,1
HA7 4LG,6,3,3,1
HA7 4LJ,7,2,5,3
HA7 4LN,19,10,9,7
HA7 4LP,3,3,0,0
HA7 4LQ,5,2,3,1
HA7 4LS,25,14,11,8
HA7 4LT,70,36,34,24
HA7 4LU,2,1,1,1
HA7 4LX,81,40,41,26
HA7 4LZ,14,5,9,9
HA7 4NA,11,4,7,8
HA7 4NB,19,5,14,10
HA7 4ND,18,12,6,10
HA7 4NE,19,9,10,11
HA7 4NG,24,9,15,15
HA7 4NH,34,11,23,15
HA7 4NJ,6,3,3,3
HA7 4NL,6,4,2,1
HA7 4NN,4,2,2,2
HA7 4NP,4,2,2,2
HA7 4NQ,44,16,28,25
HA7 4NR,30,12,18,16
HA7 4NS,41,18,23,15
HA7 4NT,10,4,6,5
HA7 4NU,17,8,9,7
HA7 4NW,115,55,60,37
HA7 4NX,11,6,5,4
HA7 4NY,38,17,21,13
HA7 4NZ,33,20,13,10
HA7 4PA,101,40,61,36
HA7 4PB,23,13,10,12
HA7 4PD,10,6,4,3
HA7 4PF,69,31,38,37
HA7 4PG,7,3,4,2
HA7 4PH,14,8,6,7
HA7 4PJ,28,15,13,15
HA7 4PL,27,15,12,12
HA7 4PN,20,5,15,11
HA7 4PQ,22,6,16,11
HA7 4PR,28,15,13,7
HA7 4PS,27,12,15,8
HA7 4PT,48,28,20,17
HA7 4PW,4,2,2,2
HA7 4PX,108,51,57,32
HA7 4PY,59,24,35,16
HA7 4PZ,64,36,28,17
HA7 4QA,17,8,9,7
HA7 4QB,44,18,26,30
HA7 4QD,94,37,57,39
HA7 4QH,76,38,38,30
HA7 4QJ,63,30,33,22
HA7 4QL,41,24,17,15
HA7 4QN,73,34,39,23
HA7 4QP,20,8,12,12
HA7 4QR,65,30,35,19
HA7 4QS,25,10,15,6
HA7 4QT,78,39,39,24
HA7 4QU,6,3,3,1
HA7 4QW,64,29,35,24
HA7 4QX,16,7,9,4
HA7 4QY,20,10,10,8
HA7 4RA,31,12,19,9
HA7 4RB,68,34,34,21
HA7 4RD,25,12,13,8
HA7 4RF,59,31,28,19
HA7 4RG,104,42,62,32
HA7 4RQ,6,6,0,6
HA7 4RR,21,8,13,11
HA7 4RT,37,16,21,15
HA7 4RU,88,33,55,29
HA7 4RX,40,22,18,13
HA7 4RY,115,59,56,34
HA7 4RZ,70,33,37,21
HA7 4SA,15,10,5,8
HA7 4SB,45,24,21,18
HA7 4SD,23,12,11,6
HA7 4SE,37,17,20,12
HA7 4SF,79,38,41,26
HA7 4SG,47,23,24,17
HA7 4SH,47,19,28,14
HA7 4SJ,40,21,19,12
HA7 4SL,21,11,10,7
HA7 4SN,19,7,12,6
HA7 4SP,62,29,33,18
HA7 4SQ,91,40,51,29
HA7 4SR,141,62,79,44
HA7 4SW,24,10,14,15
HA7 4SY,37,8,29,27
HA7 4TA,54,29,25,28
HA7 4TB,36,13,23,20
HA7 4TD,42,21,21,20
HA7 4TE,22,6,16,16
HA7 4TF,12,5,7,4
HA7 4TG,64,28,36,36
HA7 4TH,32,18,14,10
HA7 4TJ,5,3,2,4
HA7 4TL,54,24,30,18
HA7 4TN,44,20,24,14
HA7 4TP,23,9,14,6
HA7 4TQ,50,19,31,26
HA7 4TR,63,30,33,19
HA7 4TS,28,13,15,8
HA7 4TT,71,38,33,24
HA7 4TU,77,39,38,24
HA7 4TW,27,13,14,9
HA7 4TX,51,24,27,17
HA7 4TY,148,64,84,43
HA7 4TZ,42,23,19,14
HA7 4UA,75,39,36,27
HA7 4UB,40,12,28,13
HA7 4UD,26,11,15,24
HA7 4UE,8,4,4,3
HA7 4UF,6,3,3,3
HA7 4UG,110,45,65,67
HA7 4UH,39,24,15,24
HA7 4UL,29,11,18,16
HA7 4UQ,114,54,60,49
HA7 4US,30,13,17,13
HA7 4UY,3,1,2,2
HA7 4UZ,43,16,27,37
HA7 4WH,41,20,21,14
HA7 4WL,28,18,10,11
HA7 4WN,80,33,47,23
HA7 4WS,45,18,27,14
HA7 4WT,8,5,3,4
HA7 4WU,61,30,31,20
HA7 4WY,58,27,31,32
HA7 4XA,48,21,27,44
HA7 4XS,54,29,25,17
HA7 4YN,64,30,34,21
HA7 4YP,24,11,13,8
HA7 4YW,36,17,19,11
HA7 4ZB,50,23,27,30
HA7 4ZE,87,44,43,43
HA8 0AB,22,8,14,8
HA8 0AD,52,38,14,6
HA8 0AE,5,1,4,2
HA8 0AF,20,3,17,8
HA8 0AG,57,29,28,15
HA8 0AH,66,32,34,22
HA8 0AJ,203,99,104,61
HA8 0AL,22,14,8,8
HA8 0AP,5,3,2,1
HA8 0AQ,4,1,3,2
HA8 0AR,17,6,11,6
HA8 0AS,35,19,16,8
HA8 0AT,84,44,40,27
HA8 0AW,45,18,27,18
HA8 0AX,85,31,54,9
HA8 0AY,62,34,28,19
HA8 0AZ,20,9,11,9
HA8 0BA,106,51,55,29
HA8 0BB,33,22,11,15
HA8 0BE,22,14,8,5
HA8 0BF,40,22,18,33
HA8 0BH,50,25,25,19
HA8 0BJ,56,27,29,18
HA8 0BL,47,17,30,18
HA8 0BN,58,31,27,18
HA8 0BP,39,16,23,12
HA8 0BS,45,23,22,19
HA8 0BT,44,9,35,0
HA8 0BW,29,11,18,11
HA8 0BX,63,27,36,26
HA8 0BY,68,28,40,26
HA8 0BZ,92,41,51,28
HA8 0DA,43,24,19,12
HA8 0DB,12,5,7,6
HA8 0DD,111,54,57,40
HA8 0DE,124,64,60,41
HA8 0DF,150,77,73,53
HA8 0DG,74,32,42,21
HA8 0DH,140,65,75,42
HA8 0DJ,116,50,66,39
HA8 0DL,53,26,27,14
HA8 0DN,11,5,6,4
HA8 0DP,20,12,8,5
HA8 0DQ,74,37,37,24
HA8 0DR,96,53,43,28
HA8 0DS,15,5,10,5
HA8 0DT,15,6,9,5
HA8 0DU,2,1,1,1
HA8 0DW,106,53,53,32
HA8 0DX,9,5,4,4
HA8 0DY,84,33,51,34
HA8 0DZ,42,20,22,21
HA8 0EA,94,46,48,34
HA8 0EB,35,13,22,14
HA8 0ED,112,49,63,37
HA8 0EE,63,26,37,16
HA8 0EF,49,18,31,18
HA8 0EH,92,46,46,40
HA8 0EJ,14,4,10,5
HA8 0EL,13,5,8,4
HA8 0EN,22,11,11,8
HA8 0EP,158,71,87,56
HA8 0ER,91,43,48,29
HA8 0ES,60,27,33,21
HA8 0ET,21,11,10,7
HA8 0EU,118,57,61,35
HA8 0EW,112,53,59,36
HA8 0EX,80,39,41,24
HA8 0EY,39,15,24,14
HA8 0EZ,23,11,12,8
HA8 0FD,59,33,26,23
HA8 0FE,35,17,18,14
HA8 0FG,74,38,36,20
HA8 0FH,65,31,34,16
HA8 0FJ,135,68,67,62
HA8 0FL,224,110,114,99
HA8 0HA,4,2,2,1
HA8 0HB,23,11,12,7
HA8 0HD,14,9,5,11
HA8 0HE,31,15,16,11
HA8 0HF,34,16,18,11
HA8 0HG,64,31,33,21
HA8 0HH,17,8,9,7
HA8 0HJ,57,29,28,17
HA8 0HL,31,14,17,11
HA8 0HN,160,71,89,51
HA8 0HP,46,10,36,39
HA8 0HQ,4,3,1,2
HA8 0HR,17,6,11,8
HA8 0HW,157,79,78,51
HA8 0HY,69,33,36,25
HA8 0HZ,135,51,84,49
HA8 0JA,143,64,79,44
HA8 0JB,64,31,33,25
HA8 0JD,121,64,57,39
HA8 0JE,85,39,46,26
HA8 0JF,38,24,14,13
HA8 0JG,71,33,38,28
HA8 0JH,104,49,55,39
HA8 0JJ,62,23,39,19
HA8 0JL,30,12,18,10
HA8 0JN,54,26,28,21
HA8 0JQ,90,46,44,35
HA8 0JR,18,4,14,7
HA8 0JW,45,20,25,22
HA8 0LA,1,1,0,1
HA8 0LD,17,8,9,7
HA8 0LF,44,30,14,17
HA8 0LL,27,17,10,6
HA8 0LQ,49,25,24,16
HA8 0LR,44,22,22,12
HA8 0LT,48,26,22,16
HA8 0LU,51,24,27,16
HA8 0LX,21,12,9,7
HA8 0LY,60,25,35,19
HA8 0LZ,26,7,19,12
HA8 0NA,76,39,37,22
HA8 0NB,41,15,26,13
HA8 0ND,94,44,50,29
HA8 0NF,64,26,38,25
HA8 0NG,43,20,23,10
HA8 0NH,62,33,29,28
HA8 0NJ,72,33,39,24
HA8 0NL,57,31,26,21
HA8 0NN,73,28,45,25
HA8 0NQ,35,18,17,13
HA8 0NS,37,19,18,10
HA8 0NW,15,8,7,5
HA8 0PA,36,16,20,10
HA8 0PB,21,10,11,6
HA8 0PD,71,34,37,21
HA8 0PE,17,12,5,6
HA8 0PF,20,9,11,7
HA8 0PG,75,32,43,27
HA8 0PH,23,12,11,6
HA8 0PJ,79,40,39,30
HA8 0PL,126,59,67,47
HA8 0PN,71,39,32,27
HA8 0PP,32,12,20,11
HA8 0PQ,59,29,30,19
HA8 0PR,17,10,7,6
HA8 0PS,57,29,28,19
HA8 0PT,68,30,38,22
HA8 0PU,79,44,35,22
HA8 0PW,86,39,47,25
HA8 0PX,54,18,36,14
HA8 0PY,29,13,16,8
HA8 0PZ,21,10,11,5
HA8 0QA,73,36,37,24
HA8 0QB,37,13,24,10
HA8 0QD,64,33,31,20
HA8 0QE,107,45,62,38
HA8 0QF,6,2,4,3
HA8 0QP,32,14,18,10
HA8 0QS,23,16,7,5
HA8 0QT,24,13,11,8
HA8 0QU,22,8,14,9
HA8 0QX,24,7,17,6
HA8 0QY,65,29,36,25
HA8 0QZ,68,31,37,26
HA8 0RA,100,47,53,36
HA8 0RB,20,9,11,9
HA8 0RD,8,4,4,3
HA8 0RE,75,37,38,21
HA8 0RF,38,18,20,11
HA8 0RG,39,18,21,10
HA8 0RH,8,3,5,3
HA8 0RJ,39,15,24,15
HA8 0RL,82,36,46,22
HA8 0RN,26,13,13,9
HA8 0RP,111,51,60,37
HA8 0RQ,6,2,4,3
HA8 0RR,12,6,6,4
HA8 0RS,15,6,9,8
HA8 0RT,50,23,27,15
HA8 0RU,61,29,32,20
HA8 0RW,8,4,4,2
HA8 0RX,25,9,16,10
HA8 0RY,22,8,14,9
HA8 0RZ,31,8,23,13
HA8 0SA,38,16,22,8
HA8 0SB,39,21,18,19
HA8 0SD,58,26,32,22
HA8 0SE,24,10,14,9
HA8 0SF,4,1,3,4
HA8 0SG,16,8,8,9
HA8 0SH,118,55,63,43
HA8 0SP,31,14,17,11
HA8 0SQ,23,10,13,10
HA8 0SR,10,4,6,2
HA8 0SU,121,58,63,49
HA8 0SX,82,38,44,29
HA8 0SY,26,10,16,6
HA8 0SZ,33,13,20,12
HA8 0TA,49,25,24,18
HA8 0TB,83,39,44,24
HA8 0TD,101,51,50,31
HA8 0TE,122,58,64,41
HA8 0TF,110,52,58,36
HA8 0TG,46,17,29,19
HA8 0TH,22,8,14,9
HA8 0TJ,73,40,33,28
HA8 0TL,45,25,20,17
HA8 0TN,72,32,40,24
HA8 0TP,13,5,8,4
HA8 0TQ,23,13,10,10
HA8 0TS,42,17,25,13
HA8 0TT,29,12,17,11
HA8 0TU,62,30,32,20
HA8 0TW,42,18,24,14
HA8 0TX,36,16,20,14
HA8 0TY,73,39,34,22
HA8 0TZ,46,23,23,15
HA8 0UA,44,18,26,16
HA8 0UD,11,8,3,10
HA8 0UE,49,23,26,30
HA8 0UJ,42,16,26,38
HA8 5AL,87,43,44,29
HA8 5AN,1,1,0,1
HA8 5AP,59,35,24,18
HA8 5AS,20,13,7,7
HA8 5AU,65,32,33,26
HA8 5AW,71,30,41,24
HA8 5AX,18,9,9,5
HA8 5AY,30,15,15,8
HA8 5AZ,23,13,10,7
HA8 5BA,14,6,8,4
HA8 5BB,72,34,38,25
HA8 5BD,102,50,52,31
HA8 5BE,81,41,40,26
HA8 5BG,69,37,32,24
HA8 5BH,73,37,36,24
HA8 5BJ,90,41,49,29
HA8 5BL,59,32,27,19
HA8 5BN,100,50,50,33
HA8 5BQ,105,49,56,28
HA8 5BW,9,4,5,3
HA8 5DA,71,38,33,30
HA8 5DB,26,17,9,11
HA8 5DD,8,6,2,3
HA8 5DE,41,20,21,20
HA8 5DF,66,34,32,25
HA8 5DG,74,35,39,28
HA8 5DH,141,67,74,41
HA8 5DJ,134,57,77,41
HA8 5DL,89,46,43,29
HA8 5DN,79,40,39,25
HA8 5DP,77,40,37,24
HA8 5DQ,31,17,14,7
HA8 5DR,73,41,32,19
HA8 5DS,88,42,46,22
HA8 5DT,149,72,77,43
HA8 5DU,17,8,9,8
HA8 5DW,92,48,44,29
HA8 5ED,106,57,49,36
HA8 5EG,69,33,36,19
HA8 5EH,50,29,21,16
HA8 5EJ,51,25,26,21
HA8 5EN,34,19,15,8
HA8 5EP,103,60,43,30
HA8 5EY,12,7,5,3
HA8 5EZ,10,9,1,3
HA8 5FB,111,53,58,53
HA8 5HA,34,19,15,5
HA8 5HB,76,38,38,25
HA8 5HD,24,13,11,6
HA8 5HE,70,30,40,16
HA8 5HF,18,9,9,6
HA8 5HG,23,13,10,9
HA8 5HH,19,10,9,5
HA8 5HJ,20,6,14,9
HA8 5HL,103,50,53,35
HA8 5HN,32,17,15,14
HA8 5HQ,20,11,9,5
HA8 5HX,54,30,24,15
HA8 5HY,10,3,7,4
HA8 5HZ,35,22,13,10
HA8 5JA,111,56,55,37
HA8 5JB,80,44,36,22
HA8 5JD,31,16,15,11
HA8 5JE,77,40,37,25
HA8 5JF,29,15,14,8
HA8 5JG,17,8,9,4
HA8 5JH,107,52,55,28
HA8 5JJ,27,13,14,9
HA8 5JL,115,60,55,36
HA8 5JN,155,80,75,46
HA8 5JQ,131,62,69,44
HA8 5JT,67,21,46,37
HA8 5JX,41,22,19,15
HA8 5JY,111,57,54,41
HA8 5JZ,25,14,11,10
HA8 5LD,9,6,3,5
HA8 5LE,9,4,5,5
HA8 5LF,21,10,11,8
HA8 5LG,36,21,15,10
HA8 5LH,55,35,20,16
HA8 5LJ,115,59,56,34
HA8 5LL,37,19,18,12
HA8 5LN,109,53,56,31
HA8 5LP,8,4,4,2
HA8 5LQ,32,14,18,8
HA8 5LR,144,69,75,44
HA8 5LS,132,64,68,36
HA8 5LW,53,31,22,13
HA8 5NB,96,45,51,35
HA8 5ND,81,38,43,23
HA8 5NE,108,57,51,31
HA8 5NF,9,4,5,3
HA8 5NG,106,52,54,31
HA8 5NH,94,49,45,33
HA8 5NJ,57,32,25,16
HA8 5NL,97,49,48,37
HA8 5NN,47,29,18,15
HA8 5NP,20,9,11,7
HA8 5NQ,139,75,64,38
HA8 5NR,55,33,22,17
HA8 5NU,80,45,35,38
HA8 5PA,165,78,87,47
HA8 5PB,115,59,56,30
HA8 5PD,71,33,38,22
HA8 5PE,27,12,15,7
HA8 5PF,37,21,16,8
HA8 5PG,37,18,19,9
HA8 5PH,37,20,17,10
HA8 5PJ,7,3,4,2
HA8 5PL,118,62,56,32
HA8 5PN,15,7,8,4
HA8 5PP,139,77,62,43
HA8 5PQ,17,11,6,6
HA8 5PR,75,34,41,25
HA8 5PS,47,26,21,18
HA8 5PT,100,48,52,29
HA8 5PU,129,54,75,37
HA8 5PW,42,23,19,14
HA8 5PX,148,72,76,37
HA8 5PY,157,85,72,41
HA8 5PZ,121,57,64,36
HA8 5QB,174,82,92,42
HA8 5QD,69,28,41,32
HA8 5QF,115,59,56,39
HA8 5QG,174,72,102,61
HA8 5QH,117,79,38,36
HA8 5QL,158,96,62,51
HA8 5QP,31,17,14,8
HA8 5QQ,25,10,15,9
HA8 5QR,144,70,74,52
HA8 5QS,112,61,51,36
HA8 5QT,18,8,10,3
HA8 5QU,146,82,64,38
HA8 5QW,139,73,66,41
HA8 5QX,113,58,55,32
HA8 5QY,121,67,54,35
HA8 5QZ,120,63,57,37
HA8 5RA,69,34,35,17
HA8 5RB,194,90,104,73
HA8 5RD,71,33,38,19
HA8 5RH,21,15,6,8
HA8 5RJ,137,70,67,44
HA8 5RL,24,12,12,7
HA8 5RN,106,53,53,36
HA8 5RP,67,34,33,23
HA8 5RR,13,9,4,3
HA8 5RS,11,5,6,3
HA8 5RT,71,30,41,20
HA8 5RU,9,3,6,3
HA8 5RW,33,20,13,12
HA8 5RX,23,12,11,6
HA8 5RY,24,10,14,6
HA8 5RZ,84,46,38,26
HA8 5SA,42,18,24,10
HA8 5SB,193,85,108,49
HA8 5SD,22,11,11,8
HA8 5SE,136,71,65,41
HA8 5SF,87,39,48,22
HA8 5SG,34,17,17,12
HA8 5SH,76,42,34,24
HA8 5SJ,56,29,27,19
HA8 5SL,21,10,11,8
HA8 5SN,12,6,6,5
HA8 5SP,36,16,20,8
HA8 5SQ,61,32,29,20
HA8 5SR,29,14,15,8
HA8 5SS,16,12,4,8
HA8 5SW,33,18,15,8
HA8 5SY,80,38,42,20
HA8 5SZ,64,29,35,20
HA8 5TA,148,77,71,39
HA8 5TB,121,60,61,32
HA8 5TD,4,2,2,1
HA8 5TE,11,5,6,3
HA8 5TF,27,11,16,8
HA8 5TG,63,35,28,16
HA8 5TH,104,48,56,24
HA8 5TJ,10,5,5,4
HA8 5TL,20,9,11,4
HA8 5TN,3,2,1,2
HA8 5TP,94,44,50,28
HA8 5TQ,15,8,7,5
HA8 5TR,78,34,44,20
HA8 5TS,68,33,35,20
HA8 5TT,120,53,67,35
HA8 5TU,128,61,67,34
HA8 5TW,71,33,38,19
HA8 6AA,23,15,8,7
HA8 6AB,71,37,34,24
HA8 6AD,51,23,28,19
HA8 6AE,77,37,40,26
HA8 6AF,139,73,66,43
HA8 6AG,83,40,43,32
HA8 6AH,114,51,63,33
HA8 6AJ,27,8,19,7
HA8 6AL,91,50,41,29
HA8 6AP,80,43,37,25
HA8 6AQ,95,45,50,29
HA8 6AR,28,14,14,9
HA8 6AS,189,98,91,51
HA8 6AT,154,88,66,44
HA8 6AU,42,24,18,12
HA8 6AW,92,50,42,25
HA8 6AX,12,8,4,4
HA8 6AY,59,27,32,17
HA8 6AZ,27,15,12,6
HA8 6BA,43,20,23,12
HA8 6BB,50,26,24,12
HA8 6BD,46,21,25,12
HA8 6BE,52,26,26,11
HA8 6BG,104,53,51,27
HA8 6BH,134,68,66,37
HA8 6BJ,9,5,4,4
HA8 6BQ,105,56,49,36
HA8 6BS,65,30,35,25
HA8 6BT,51,26,25,15
HA8 6BU,70,34,36,20
HA8 6BX,114,51,63,37
HA8 6BY,71,33,38,22
HA8 6BZ,8,4,4,2
HA8 6DA,90,46,44,27
HA8 6DB,70,43,27,22
HA8 6DD,33,15,18,10
HA8 6DE,54,25,29,16
HA8 6DF,13,6,7,6
HA8 6DG,81,45,36,26
HA8 6DH,127,60,67,44
HA8 6DJ,113,62,51,27
HA8 6DL,164,75,89,52
HA8 6DN,78,37,41,28
HA8 6DP,157,83,74,52
HA8 6DQ,22,11,11,8
HA8 6DR,77,35,42,25
HA8 6DS,16,7,9,4
HA8 6DW,2,1,1,1
HA8 6EB,17,8,9,6
HA8 6EE,45,19,26,18
HA8 6EF,23,7,16,7
HA8 6EG,47,22,25,17
HA8 6EH,42,20,22,14
HA8 6EJ,86,43,43,35
HA8 6EL,22,10,12,10
HA8 6EN,42,18,24,14
HA8 6EP,38,20,18,12
HA8 6EQ,53,28,25,22
HA8 6ER,32,18,14,11
HA8 6ES,20,11,9,6
HA8 6ET,52,24,28,12
HA8 6EU,121,59,62,38
HA8 6EW,71,37,34,25
HA8 6EX,80,43,37,25
HA8 6EY,124,56,68,40
HA8 6EZ,29,14,15,11
HA8 6FA,28,15,13,4
HA8 6FB,15,6,9,6
HA8 6HA,97,45,52,37
HA8 6HH,92,46,46,24
HA8 6HJ,18,5,13,7
HA8 6HL,127,71,56,33
HA8 6HR,23,13,10,8
HA8 6HS,97,47,50,48
HA8 6HT,50,27,23,16
HA8 6HU,76,37,39,24
HA8 6HX,34,16,18,12
HA8 6HY,17,8,9,4
HA8 6HZ,133,59,74,44
HA8 6JA,132,68,64,38
HA8 6JB,50,28,22,13
HA8 6JD,58,24,34,18
HA8 6JE,125,62,63,37
HA8 6JF,31,16,15,10
HA8 6JG,38,19,19,14
HA8 6JH,41,20,21,12
HA8 6JJ,21,11,10,4
HA8 6JL,47,22,25,16
HA8 6JN,73,34,39,35
HA8 6JQ,66,31,35,21
HA8 6JW,141,64,77,41
HA8 6JX,4,2,2,1
HA8 6JZ,25,16,9,8
HA8 6LD,33,19,14,12
HA8 6LF,129,74,55,42
HA8 6LG,59,28,31,22
HA8 6LH,93,44,49,35
HA8 6LJ,68,32,36,27
HA8 6LL,17,8,9,6
HA8 6LN,13,10,3,4
HA8 6LQ,12,7,5,3
HA8 6LU,16,6,10,8
HA8 6LY,105,52,53,30
HA8 6LZ,116,58,58,42
HA8 6NA,106,48,58,38
HA8 6NB,134,67,67,41
HA8 6ND,37,16,21,13
HA8 6NF,28,12,16,12
HA8 6NG,12,4,8,6
HA8 6NJ,26,15,11,18
HA8 6NL,20,15,5,7
HA8 6NN,122,58,64,60
HA8 6NQ,45,21,24,34
HA8 6NR,9,2,7,7
HA8 6NS,56,26,30,17
HA8 6NT,47,25,22,18
HA8 6NU,57,31,26,22
HA8 6NX,20,9,11,7
HA8 6NY,68,26,42,28
HA8 6NZ,94,40,54,37
HA8 6PA,29,14,15,9
HA8 6PB,68,30,38,24
HA8 6PD,97,54,43,28
HA8 6PE,31,15,16,8
HA8 6PF,96,48,48,32
HA8 6PG,63,30,33,24
HA8 6PH,12,7,5,6
HA8 6PJ,17,7,10,9
HA8 6PL,12,4,8,9
HA8 6PN,6,3,3,4
HA8 6PP,13,6,7,9
HA8 6PQ,18,8,10,8
HA8 6PR,17,9,8,9
HA8 6PS,15,7,8,6
HA8 6PT,15,5,10,9
HA8 6PU,22,10,12,6
HA8 6PW,6,1,5,4
HA8 6PX,13,4,9,6
HA8 6PY,13,5,8,9
HA8 6PZ,17,7,10,9
HA8 6QA,19,9,10,8
HA8 6QB,23,15,8,14
HA8 6QD,27,14,13,11
HA8 6QE,7,4,3,2
HA8 6QH,66,30,36,24
HA8 6QJ,59,31,28,18
HA8 6QL,112,52,60,30
HA8 6QN,38,24,14,17
HA8 6QP,40,18,22,17
HA8 6QR,34,18,16,17
HA8 6QS,26,15,11,8
HA8 6QT,82,48,34,30
HA8 6QU,5,2,3,3
HA8 6QX,90,41,49,35
HA8 6QZ,23,9,14,14
HA8 6RA,26,12,14,10
HA8 6RB,29,15,14,11
HA8 6RH,14,6,8,6
HA8 6RJ,42,21,21,18
HA8 6RL,35,18,17,17
HA8 6RP,6,3,3,2
HA8 6RR,136,65,71,40
HA8 6RS,39,18,21,13
HA8 6RT,123,63,60,38
HA8 6RU,19,11,8,5
HA8 6RW,82,41,41,27
HA8 6RX,35,20,15,11
HA8 6RY,14,8,6,5
HA8 6RZ,66,33,33,20
HA8 6SA,74,33,41,20
HA8 6SB,19,9,10,6
HA8 6SD,91,42,49,38
HA8 6SE,139,67,72,43
HA8 6SF,88,46,42,32
HA8 6SP,19,13,6,3
HA8 6SR,13,5,8,3
HA8 6SS,78,40,38,21
HA8 6ST,47,25,22,18
HA8 6SU,10,5,5,1
HA8 6SX,30,14,16,7
HA8 6SY,113,57,56,35
HA8 6TA,100,40,60,33
HA8 6TB,14,6,8,6
HA8 6TD,19,8,11,6
HA8 6TE,84,41,43,27
HA8 6TF,19,8,11,6
HA8 6TG,5,2,3,3
HA8 6TH,116,57,59,36
HA8 6TJ,34,13,21,13
HA8 6TL,59,26,33,18
HA8 6TQ,68,38,30,24
HA8 7AA,4,4,0,1
HA8 7AB,33,17,16,13
HA8 7AR,52,30,22,20
HA8 7AU,63,37,26,23
HA8 7AW,7,4,3,3
HA8 7AX,34,16,18,15
HA8 7DB,80,36,44,23
HA8 7DD,5,4,1,1
HA8 7EB,6,3,3,2
HA8 7EF,42,20,22,13
HA8 7EJ,59,32,27,27
HA8 7EL,7,4,3,5
HA8 7EQ,6,4,2,2
HA8 7EX,17,9,8,6
HA8 7FP,42,25,17,26
HA8 7HE,16,9,7,7
HA8 7HF,93,58,35,39
HA8 7HX,13,7,6,5
HA8 7JE,6,3,3,3
HA8 7JG,39,20,19,13
HA8 7JQ,65,33,32,34
HA8 7JS,28,18,10,10
HA8 7JZ,25,12,13,8
HA8 7LD,106,50,56,41
HA8 7LE,37,21,16,17
HA8 7LF,2,2,0,1
HA8 7LS,86,50,36,29
HA8 7LU,6,3,3,2
HA8 7LX,39,18,21,21
HA8 7LY,24,12,12,8
HA8 7LZ,5,4,1,2
HA8 7NA,74,36,38,25
HA8 7NB,66,33,33,24
HA8 7ND,3,0,3,3
HA8 7NE,23,14,9,8
HA8 7NF,9,2,7,4
HA8 7NG,15,6,9,6
HA8 7NH,49,28,21,14
HA8 7NJ,34,16,18,12
HA8 7NL,24,10,14,7
HA8 7NN,25,16,9,11
HA8 7NP,65,37,28,30
HA8 7NQ,47,24,23,26
HA8 7NR,49,20,29,17
HA8 7NS,82,40,42,25
HA8 7NT,97,42,55,34
HA8 7NW,42,14,28,11
HA8 7NZ,11,4,7,6
HA8 7PB,9,5,4,5
HA8 7PE,122,62,60,38
HA8 7PF,52,26,26,19
HA8 7PG,68,34,34,23
HA8 7PH,27,13,14,8
HA8 7PJ,4,2,2,3
HA8 7PL,46,28,18,11
HA8 7PN,14,4,10,6
HA8 7PP,32,15,17,11
HA8 7PQ,58,29,29,16
HA8 7PR,29,16,13,10
HA8 7PS,20,11,9,5
HA8 7PT,9,5,4,3
HA8 7PU,22,13,9,7
HA8 7PW,8,5,3,2
HA8 7PX,32,20,12,10
HA8 7PY,67,33,34,20
HA8 7PZ,56,20,36,17
HA8 7QA,21,10,11,6
HA8 7QB,24,11,13,7
HA8 7QD,24,13,11,8
HA8 7QE,18,9,9,7
HA8 7QF,31,19,12,11
HA8 7QP,14,7,7,6
HA8 7QR,26,9,17,10
HA8 7QS,26,13,13,8
HA8 7QT,15,7,8,4
HA8 7QU,40,23,17,13
HA8 7QX,20,11,9,6
HA8 7QY,20,11,9,7
HA8 7QZ,44,23,21,14
HA8 7RA,105,52,53,34
HA8 7RB,42,25,17,15
HA8 7RD,26,13,13,7
HA8 7RE,45,25,20,14
HA8 7RF,20,8,12,7
HA8 7RG,22,9,13,9
HA8 7RH,3,2,1,2
HA8 7RL,88,39,49,58
HA8 7RQ,32,13,19,8
HA8 7RT,49,24,25,17
HA8 7RU,121,58,63,35
HA8 7RX,36,18,18,12
HA8 7RZ,44,22,22,17
HA8 7SA,64,34,30,18
HA8 7SB,27,9,18,13
HA8 7SD,72,29,43,25
HA8 7SE,41,24,17,12
HA8 7SG,39,18,21,14
HA8 7SH,59,33,26,21
HA8 7SJ,68,33,35,21
HA8 7SQ,25,12,13,9
HA8 7ST,66,37,29,29
HA8 7SU,26,12,14,12
HA8 7SX,180,82,98,88
HA8 7SY,13,7,6,7
HA8 7SZ,32,14,18,18
HA8 7TB,43,18,25,18
HA8 7TD,91,36,55,42
HA8 7TE,46,25,21,31
HA8 7TF,46,27,19,36
HA8 7TG,9,6,3,7
HA8 7TH,23,9,14,14
HA8 7TJ,13,7,6,5
HA8 7TL,41,23,18,19
HA8 7TN,37,18,19,27
HA8 7TQ,38,20,18,31
HA8 7TW,32,12,20,19
HA8 7TY,23,10,13,18
HA8 7UA,42,18,24,20
HA8 7UB,22,12,10,7
HA8 7UD,9,5,4,6
HA8 7UE,7,2,5,6
HA8 7UH,36,15,21,18
HA8 7YB,30,16,14,11
HA8 7YS,4,1,3,4
HA8 8AA,72,40,32,31
HA8 8AB,6,3,3,2
HA8 8AD,99,50,49,46
HA8 8AE,25,11,14,9
HA8 8AG,20,10,10,7
HA8 8AH,78,31,47,30
HA8 8AJ,123,47,76,40
HA8 8AL,63,33,30,45
HA8 8AN,39,17,22,16
HA8 8AP,95,41,54,27
HA8 8AQ,64,37,27,47
HA8 8AR,16,9,7,8
HA8 8AS,20,8,12,9
HA8 8AT,19,7,12,9
HA8 8AU,13,5,8,6
HA8 8AW,98,38,60,41
HA8 8AX,42,15,27,26
HA8 8AZ,128,54,74,43
HA8 8BA,63,32,31,18
HA8 8BB,132,67,65,46
HA8 8BD,31,14,17,8
HA8 8BE,112,52,60,44
HA8 8BF,28,16,12,8
HA8 8BG,113,45,68,43
HA8 8BH,108,45,63,45
HA8 8BJ,55,28,27,16
HA8 8BP,123,53,70,55
HA8 8BQ,59,33,26,15
HA8 8BS,41,16,25,20
HA8 8BU,67,30,37,24
HA8 8BX,31,19,12,14
HA8 8BZ,59,28,31,35
HA8 8DA,80,30,50,24
HA8 8DB,8,5,3,2
HA8 8DF,4,3,1,1
HA8 8DG,29,17,12,10
HA8 8DH,3,2,1,1
HA8 8DL,44,16,28,16
HA8 8DP,26,10,16,8
HA8 8DQ,20,11,9,6
HA8 8DR,27,13,14,9
HA8 8DS,55,20,35,20
HA8 8DT,16,6,10,6
HA8 8DU,15,7,8,5
HA8 8DW,67,27,40,33
HA8 8DX,26,14,12,11
HA8 8DY,15,9,6,4
HA8 8DZ,27,11,16,7
HA8 8EA,91,43,48,25
HA8 8EB,25,12,13,7
HA8 8ED,57,31,26,20
HA8 8EE,121,61,60,37
HA8 8EF,66,40,26,20
HA8 8EG,92,46,46,32
HA8 8EH,2,1,1,1
HA8 8EJ,112,56,56,38
HA8 8EL,90,39,51,28
HA8 8EN,34,13,21,12
HA8 8EP,53,24,29,14
HA8 8EQ,48,22,26,17
HA8 8ES,99,48,51,30
HA8 8ET,17,8,9,8
HA8 8EU,19,9,10,10
HA8 8EW,25,14,11,7
HA8 8EX,28,10,18,13
HA8 8EY,57,25,32,23
HA8 8FH,82,39,43,25
HA8 8FJ,14,5,9,3
HA8 8FR,121,47,74,34
HA8 8FT,14,6,8,10
HA8 8FW,126,66,60,62
HA8 8FX,179,87,92,54
HA8 8GT,2,2,0,1
HA8 8GX,38,17,21,19
HA8 8HA,61,31,30,23
HA8 8HB,76,32,44,26
HA8 8HD,82,38,44,30
HA8 8HE,67,37,30,25
HA8 8HF,153,82,71,46
HA8 8HG,27,14,13,8
HA8 8HH,21,9,12,6
HA8 8HJ,31,15,16,10
HA8 8HL,20,12,8,10
HA8 8HN,44,26,18,14
HA8 8HP,32,15,17,12
HA8 8HQ,42,23,19,16
HA8 8HR,77,44,33,22
HA8 8HS,39,20,19,13
HA8 8HT,2,1,1,1
HA8 8HU,29,14,15,18
HA8 8HW,24,9,15,9
HA8 8JE,82,42,40,23
HA8 8JF,34,19,15,11
HA8 8JG,75,37,38,22
HA8 8JH,83,36,47,20
HA8 8JL,17,9,8,5
HA8 8JQ,77,34,43,28
HA8 8JS,39,20,19,14
HA8 8JT,6,4,2,3
HA8 8JU,87,45,42,33
HA8 8JW,36,15,21,22
HA8 8JX,65,33,32,26
HA8 8JY,41,21,20,16
HA8 8JZ,32,7,25,25
HA8 8LA,20,9,11,6
HA8 8LB,16,8,8,9
HA8 8LD,12,8,4,5
HA8 8LE,16,9,7,6
HA8 8LG,15,11,4,10
HA8 8LH,16,9,7,7
HA8 8LJ,46,21,25,12
HA8 8LL,100,47,53,31
HA8 8LN,55,26,29,18
HA8 8LP,16,9,7,6
HA8 8LR,7,3,4,4
HA8 8LS,11,5,6,4
HA8 8LT,5,2,3,2
HA8 8LU,24,14,10,8
HA8 8LW,74,35,39,29
HA8 8LX,14,6,8,3
HA8 8LY,69,29,40,16
HA8 8LZ,22,11,11,6
HA8 8NA,45,19,26,10
HA8 8NB,83,50,33,24
HA8 8ND,100,49,51,33
HA8 8NE,76,35,41,22
HA8 8NF,14,2,12,8
HA8 8NG,15,7,8,8
HA8 8NP,12,5,7,3
HA8 8NQ,16,6,10,9
HA8 8NR,29,14,15,13
HA8 8NS,51,29,22,14
HA8 8NT,17,6,11,6
HA8 8NU,13,6,7,5
HA8 8NW,4,0,4,2
HA8 8NX,28,13,15,16
HA8 8NY,16,8,8,6
HA8 8NZ,71,34,37,23
HA8 8PA,73,35,38,22
HA8 8PB,36,20,16,12
HA8 8PD,69,36,33,23
HA8 8PE,27,15,12,7
HA8 8PF,91,34,57,41
HA8 8PG,93,49,44,26
HA8 8PJ,46,20,26,27
HA8 8PP,24,15,9,11
HA8 8PQ,11,6,5,8
HA8 8PR,18,10,8,5
HA8 8PS,128,70,58,38
HA8 8PT,73,35,38,21
HA8 8PU,40,22,18,13
HA8 8PX,8,4,4,3
HA8 8PY,22,7,15,9
HA8 8PZ,42,16,26,12
HA8 8QA,54,28,26,17
HA8 8QB,74,35,39,24
HA8 8QD,118,65,53,37
HA8 8QE,65,29,36,22
HA8 8QF,20,8,12,7
HA8 8QG,79,42,37,23
HA8 8QH,45,22,23,13
HA8 8QJ,94,50,44,28
HA8 8QL,50,23,27,14
HA8 8QP,8,4,4,3
HA8 8QQ,28,14,14,8
HA8 8QR,13,8,5,3
HA8 8QS,2,1,1,1
HA8 8QT,3,1,2,2
HA8 8QW,111,53,58,30
HA8 8QX,4,2,2,1
HA8 8QY,20,10,10,5
HA8 8RA,16,8,8,5
HA8 8RD,68,40,28,16
HA8 8RE,94,38,56,71
HA8 8RG,16,9,7,5
HA8 8RH,133,67,66,44
HA8 8RJ,92,46,46,32
HA8 8RL,14,6,8,6
HA8 8RN,117,61,56,41
HA8 8RP,145,68,77,45
HA8 8RQ,8,5,3,3
HA8 8RR,91,42,49,27
HA8 8RS,100,57,43,25
HA8 8RT,43,17,26,14
HA8 8RU,103,48,55,31
HA8 8RW,84,44,40,26
HA8 8RX,2,1,1,1
HA8 8RY,27,12,15,11
HA8 8RZ,78,35,43,25
HA8 8SA,101,51,50,32
HA8 8SB,132,65,67,39
HA8 8SD,57,31,26,30
HA8 8SE,56,27,29,30
HA8 8SF,71,34,37,33
HA8 8SG,50,33,17,29
HA8 8SH,66,30,36,32
HA8 8SJ,18,9,9,3
HA8 8SL,20,7,13,5
HA8 8SN,9,7,2,3
HA8 8SP,62,30,32,22
HA8 8SQ,77,38,39,32
HA8 8SR,147,74,73,45
HA8 8SS,51,26,25,16
HA8 8ST,31,15,16,12
HA8 8SU,16,9,7,7
HA8 8SW,84,43,41,31
HA8 8SX,19,7,12,11
HA8 8SY,19,12,7,5
HA8 8SZ,27,12,15,13
HA8 8TA,139,69,70,44
HA8 8TB,15,6,9,6
HA8 8TD,6,2,4,3
HA8 8TE,2,1,1,1
HA8 8TF,69,30,39,19
HA8 8TG,38,22,16,15
HA8 8TL,25,11,14,12
HA8 8TP,72,33,39,18
HA8 8TQ,9,5,4,5
HA8 8TR,27,12,15,10
HA8 8TS,35,19,16,10
HA8 8TT,17,10,7,4
HA8 8TU,35,19,16,12
HA8 8TX,85,36,49,26
HA8 8TY,14,8,6,4
HA8 8UA,58,31,27,21
HA8 8UB,28,14,14,8
HA8 8UD,27,11,16,14
HA8 8UE,20,7,13,6
HA8 8UF,19,7,12,5
HA8 8UG,31,16,15,8
HA8 8UH,110,52,58,31
HA8 8UJ,140,68,72,41
HA8 8UL,31,15,16,14
HA8 8UN,74,40,34,24
HA8 8UP,37,17,20,13
HA8 8UQ,68,33,35,23
HA8 8UR,9,4,5,6
HA8 8UT,53,25,28,20
HA8 8UU,15,5,10,8
HA8 8UW,71,27,44,24
HA8 8WG,19,8,11,11
HA8 8WP,15,5,10,11
HA8 8XA,46,26,20,18
HA8 8XB,41,19,22,17
HA8 8XD,50,25,25,23
HA8 8XE,96,45,51,31
HA8 8XF,48,21,27,16
HA8 8XG,56,28,28,15
HA8 8XH,92,46,46,35
HA8 8XJ,37,15,22,11
HA8 8XL,95,47,48,33
HA8 8XN,87,35,52,33
HA8 8XP,52,26,26,16
HA8 8XQ,115,61,54,36
HA8 8XR,19,8,11,15
HA8 8XS,36,17,19,8
HA8 8XT,63,28,35,19
HA8 8XU,12,6,6,6
HA8 8XW,40,19,21,14
HA8 8XX,38,20,18,14
HA8 8YB,21,9,12,16
HA8 8YD,44,19,25,15
HA8 8YE,115,46,69,39
HA8 8YF,48,20,28,25
HA8 8YG,72,35,37,29
HA8 8YH,113,60,53,43
HA8 8YJ,64,35,29,21
HA8 8YL,84,42,42,29
HA8 8YN,108,57,51,40
HA8 8YP,79,40,39,26
HA8 8YQ,73,40,33,25
HA8 8YR,75,40,35,31
HA8 8YS,122,56,66,41
HA8 8YU,58,27,31,19
HA8 8YW,39,22,17,15
HA8 8YY,187,79,108,68
HA8 8YZ,61,24,37,34
HA8 9AB,86,40,46,27
HA8 9AD,15,5,10,4
HA8 9AE,49,25,24,20
HA8 9AF,136,66,70,42
HA8 9AG,55,26,29,25
HA8 9AH,92,45,47,33
HA8 9AJ,77,39,38,31
HA8 9AL,63,31,32,25
HA8 9AN,49,28,21,20
HA8 9AQ,70,29,41,27
HA8 9AR,88,50,38,34
HA8 9AW,19,9,10,6
HA8 9BA,1,1,0,1
HA8 9BE,42,25,17,18
HA8 9BG,18,10,8,4
HA8 9BJ,22,11,11,11
HA8 9BL,25,14,11,9
HA8 9BN,23,11,12,16
HA8 9BP,39,21,18,24
HA8 9BS,56,27,29,24
HA8 9BT,26,11,15,11
HA8 9BU,53,34,19,16
HA8 9BW,15,7,8,5
HA8 9BX,44,25,19,20
HA8 9BY,20,12,8,7
HA8 9BZ,23,12,11,8
HA8 9DA,70,37,33,24
HA8 9DB,73,35,38,23
HA8 9DD,79,33,46,29
HA8 9DE,42,23,19,18
HA8 9DF,37,18,19,14
HA8 9DG,67,25,42,22
HA8 9DH,23,10,13,10
HA8 9DJ,24,14,10,10
HA8 9DL,89,43,46,31
HA8 9DN,8,3,5,3
HA8 9DP,3,2,1,1
HA8 9DQ,81,34,47,29
HA8 9DR,18,9,9,8
HA8 9DS,21,9,12,7
HA8 9DT,35,16,19,10
HA8 9DU,12,4,8,4
HA8 9DW,39,19,20,13
HA8 9DX,30,11,19,24
HA8 9ED,28,13,15,8
HA8 9EE,38,17,21,8
HA8 9EF,23,14,9,9
HA8 9EG,106,47,59,38
HA8 9EH,72,35,37,21
HA8 9EJ,22,11,11,7
HA8 9EL,49,22,27,13
HA8 9EN,64,35,29,25
HA8 9EP,68,29,39,20
HA8 9EQ,24,12,12,10
HA8 9ER,32,14,18,12
HA8 9ES,102,46,56,32
HA8 9ET,26,14,12,11
HA8 9EU,38,16,22,14
HA8 9EW,72,35,37,21
HA8 9EX,50,21,29,15
HA8 9EY,34,18,16,15
HA8 9EZ,43,20,23,16
HA8 9GA,21,7,14,9
HA8 9GB,22,13,9,10
HA8 9GD,14,7,7,5
HA8 9GE,30,16,14,11
HA8 9GF,35,16,19,15
HA8 9GG,11,6,5,5
HA8 9GH,100,51,49,42
HA8 9GJ,11,4,7,4
HA8 9GQ,17,10,7,8
HA8 9HA,76,34,42,23
HA8 9HB,87,40,47,24
HA8 9HD,16,7,9,4
HA8 9HE,134,70,64,42
HA8 9HF,70,33,37,20
HA8 9HG,117,55,62,39
HA8 9HH,14,8,6,10
HA8 9HP,46,24,22,16
HA8 9HQ,2,2,0,1
HA8 9HR,18,7,11,17
HA8 9HS,16,5,11,8
HA8 9HT,25,12,13,8
HA8 9HU,34,17,17,10
HA8 9HX,23,12,11,10
HA8 9HY,73,30,43,27
HA8 9HZ,34,18,16,11
HA8 9JA,31,14,17,13
HA8 9JB,52,22,30,19
HA8 9JD,26,13,13,8
HA8 9JE,20,13,7,5
HA8 9JF,96,57,39,35
HA8 9JG,75,45,30,27
HA8 9JH,103,54,49,33
HA8 9JJ,81,40,41,22
HA8 9JL,43,17,26,13
HA8 9JN,110,56,54,36
HA8 9JP,10,4,6,6
HA8 9JQ,113,62,51,40
HA8 9JR,35,17,18,10
HA8 9JS,19,8,11,6
HA8 9JT,45,19,26,15
HA8 9JU,31,13,18,7
HA8 9JW,83,35,48,27
HA8 9LA,131,60,71,44
HA8 9LB,85,42,43,28
HA8 9LD,25,14,11,10
HA8 9LE,20,7,13,6
HA8 9LF,37,18,19,14
HA8 9LG,31,13,18,12
HA8 9LH,33,17,16,9
HA8 9LJ,27,14,13,10
HA8 9LL,50,22,28,20
HA8 9LN,82,42,40,26
HA8 9LP,33,21,12,11
HA8 9LQ,83,44,39,22
HA8 9LR,138,66,72,48
HA8 9LS,70,41,29,21
HA8 9LT,119,62,57,40
HA8 9LU,43,21,22,12
HA8 9LW,47,20,27,14
HA8 9LX,12,5,7,6
HA8 9NG,32,13,19,10
HA8 9NH,55,27,28,17
HA8 9NJ,56,25,31,19
HA8 9NL,65,31,34,22
HA8 9NN,24,11,13,10
HA8 9NP,54,26,28,21
HA8 9NQ,34,16,18,10
HA8 9NR,46,26,20,18
HA8 9NS,64,32,32,20
HA8 9NT,41,22,19,16
HA8 9NU,42,20,22,16
HA8 9NW,13,5,8,3
HA8 9NY,23,12,11,8
HA8 9NZ,9,4,5,6
HA8 9PA,11,5,6,5
HA8 9PB,18,7,11,5
HA8 9PD,55,29,26,16
HA8 9PE,72,38,34,20
HA8 9PF,8,4,4,3
HA8 9PG,27,10,17,11
HA8 9PH,19,9,10,8
HA8 9PJ,51,22,29,15
HA8 9PL,47,21,26,14
HA8 9PN,12,7,5,3
HA8 9PP,82,38,44,28
HA8 9PQ,30,17,13,10
HA8 9PR,15,4,11,9
HA8 9PS,13,4,9,9
HA8 9PT,85,46,39,30
HA8 9PU,127,46,81,44
HA8 9PW,43,21,22,14
HA8 9PX,13,6,7,7
HA8 9PZ,43,22,21,14
HA8 9QA,62,23,39,28
HA8 9QB,113,58,55,36
HA8 9QD,25,13,12,9
HA8 9QE,1,0,1,1
HA8 9QF,25,14,11,9
HA8 9QG,72,39,33,23
HA8 9QH,65,17,48,4
HA8 9QJ,60,27,33,19
HA8 9QL,39,20,19,10
HA8 9QN,59,30,29,19
HA8 9QP,9,5,4,5
HA8 9QQ,50,24,26,18
HA8 9QS,30,10,20,18
HA8 9QT,51,25,26,25
HA8 9QU,40,21,19,22
HA8 9QW,32,15,17,11
HA8 9QY,14,6,8,7
HA8 9QZ,10,5,5,5
HA8 9RA,80,37,43,28
HA8 9RB,78,38,40,27
HA8 9RD,20,10,10,6
HA8 9RF,39,20,19,13
HA8 9RG,34,20,14,22
HA8 9RH,21,8,13,7
HA8 9RJ,9,5,4,5
HA8 9RL,57,31,26,23
HA8 9RN,21,9,12,7
HA8 9RP,19,11,8,8
HA8 9RR,13,6,7,6
HA8 9RS,70,34,36,19
HA8 9RT,62,28,34,21
HA8 9RU,68,37,31,22
HA8 9RW,79,41,38,23
HA8 9RX,13,7,6,8
HA8 9RY,12,5,7,4
HA8 9RZ,8,5,3,4
HA8 9SD,37,21,16,30
HA8 9SG,8,5,3,4
HA8 9SH,77,40,37,27
HA8 9SJ,24,13,11,8
HA8 9SL,82,37,45,25
HA8 9SN,20,10,10,7
HA8 9SP,53,27,26,16
HA8 9SQ,5,2,3,3
HA8 9SR,35,16,19,13
HA8 9SS,26,16,10,12
HA8 9ST,38,18,20,12
HA8 9SU,22,9,13,8
HA8 9SW,34,22,12,13
HA8 9SX,142,71,71,43
HA8 9SY,19,11,8,7
HA8 9SZ,59,30,29,20
HA8 9TA,108,53,55,32
HA8 9TB,95,48,47,27
HA8 9TD,123,59,64,43
HA8 9TG,14,7,7,8
HA8 9TL,24,13,11,6
HA8 9TN,41,22,19,12
HA8 9TP,83,38,45,24
HA8 9TS,49,26,23,15
HA8 9TT,85,38,47,29
HA8 9TU,46,24,22,18
HA8 9TX,55,29,26,17
HA8 9TY,89,43,46,28
HA8 9TZ,49,21,28,17
HA8 9UA,61,30,31,20
HA8 9UB,51,28,23,20
HA8 9UD,47,21,26,16
HA8 9UE,44,22,22,16
HA8 9UF,29,15,14,15
HA8 9UJ,28,12,16,15
HA8 9UP,65,30,35,17
HA8 9UR,30,15,15,13
HA8 9UT,86,39,47,29
HA8 9UU,90,37,53,28
HA8 9UX,99,49,50,29
HA8 9UY,23,13,10,12
HA8 9UZ,91,41,50,27
HA8 9XA,79,40,39,22
HA8 9XB,40,21,19,15
HA8 9XD,7,2,5,5
HA8 9XE,28,12,16,12
HA8 9XF,149,73,76,49
HA8 9XG,52,26,26,17
HA8 9YA,71,34,37,28
HA8 9YB,8,4,4,6
HA8 9YD,12,8,4,6
HA8 9YE,9,5,4,6
HA8 9YF,12,8,4,6
HA8 9YG,26,17,9,18
HA8 9YH,20,15,5,12
HA8 9YL,18,9,9,8
HA8 9YN,15,6,9,6
HA8 9YP,15,7,8,6
HA8 9YQ,17,9,8,6
HA8 9YR,72,36,36,36
HA8 9YS,34,18,16,23
HA8 9YT,31,12,19,14
HA8 9YU,92,46,46,41
HA8 9YW,34,18,16,12
HA8 9YX,31,18,13,18
HA8 9YY,45,26,19,24
HA9 0AB,560,309,251,258
HA9 0AD,76,39,37,28
HA9 0AE,107,58,49,46
HA9 0AG,103,56,47,44
HA9 0AH,108,56,52,48
HA9 0AJ,137,71,66,60
HA9 0AL,80,44,36,34
HA9 0AQ,97,49,48,39
HA9 0AR,14,5,9,5
HA9 0BY,141,84,57,68
HA9 0EQ,180,85,95,72
HA9 0EY,157,80,77,77
HA9 0LB,5,1,4,2
HA9 0PA,6,3,3,2
HA9 0QX,72,48,24,51
HA9 0QY,52,31,21,31
HA9 0QZ,34,22,12,21
HA9 0RB,154,69,85,57
HA9 0RE,131,70,61,42
HA9 0RF,71,42,29,26
HA9 0RG,111,60,51,45
HA9 0RH,2,1,1,1
HA9 0RQ,12,7,5,4
HA9 0RS,101,54,47,33
HA9 0YJ,2,1,1,1
HA9 6AA,5,4,1,3
HA9 6AG,2,2,0,1
HA9 6AH,77,50,27,22
HA9 6AQ,10,8,2,3
HA9 6AZ,35,21,14,9
HA9 6BA,34,22,12,9
HA9 6BD,52,26,26,17
HA9 6BE,113,57,56,37
HA9 6BG,84,46,38,29
HA9 6BH,60,31,29,12
HA9 6BJ,34,15,19,11
HA9 6BN,131,68,63,39
HA9 6BQ,98,42,56,30
HA9 6BW,128,61,67,36
HA9 6DE,5,3,2,1
HA9 6DG,41,19,22,12
HA9 6DH,90,52,38,29
HA9 6DL,220,119,101,42
HA9 6DN,138,83,55,37
HA9 6DP,94,45,49,28
HA9 6DQ,90,49,41,25
HA9 6DR,105,54,51,26
HA9 6DS,58,27,31,20
HA9 6DT,143,68,75,38
HA9 6DU,120,60,60,42
HA9 6DW,52,25,27,16
HA9 6DX,46,29,17,18
HA9 6DY,28,15,13,10
HA9 6DZ,176,99,77,44
HA9 6EA,136,72,64,38
HA9 6EX,16,6,10,5
HA9 6EY,170,85,85,41
HA9 6EZ,126,69,57,39
HA9 6HA,119,60,59,32
HA9 6HB,15,5,10,5
HA9 6HD,22,12,10,13
HA9 6HE,41,22,19,15
HA9 6HG,69,33,36,20
HA9 6HH,220,105,115,58
HA9 6HJ,140,72,68,47
HA9 6HL,189,107,82,62
HA9 6HN,32,17,15,7
HA9 6HP,82,37,45,23
HA9 6HQ,38,21,17,14
HA9 6HR,156,94,62,40
HA9 6HS,93,54,39,31
HA9 6HT,3,2,1,1
HA9 6HW,40,23,17,13
HA9 6JA,73,32,41,12
HA9 6JB,69,38,31,26
HA9 6JD,22,11,11,6
HA9 6JE,66,29,37,20
HA9 6JF,86,39,47,26
HA9 6JG,10,6,4,4
HA9 6JH,137,70,67,39
HA9 6JJ,114,64,50,33
HA9 6JL,34,17,17,7
HA9 6JN,148,77,71,42
HA9 6JP,125,67,58,33
HA9 6JQ,102,55,47,30
HA9 6JR,5,2,3,2
HA9 6JS,109,48,61,38
HA9 6JT,93,48,45,29
HA9 6JU,122,64,58,36
HA9 6JW,16,9,7,4
HA9 6JX,140,68,72,45
HA9 6JY,47,31,16,13
HA9 6JZ,91,49,42,26
HA9 6LA,75,32,43,23
HA9 6LJ,54,31,23,17
HA9 6LL,26,19,7,6
HA9 6LN,62,32,30,18
HA9 6LP,11,9,2,3
HA9 6LR,10,3,7,2
HA9 6LS,70,33,37,23
HA9 6LT,15,10,5,5
HA9 6LU,137,76,61,37
HA9 6LW,69,34,35,19
HA9 6LX,96,51,45,32
HA9 6LY,74,37,37,20
HA9 6LZ,129,77,52,36
HA9 6NA,91,47,44,27
HA9 6NB,65,37,28,20
HA9 6ND,31,15,16,10
HA9 6NE,42,27,15,10
HA9 6NF,35,16,19,11
HA9 6NG,34,20,14,9
HA9 6NH,61,31,30,19
HA9 6NJ,96,50,46,28
HA9 6NL,19,10,9,5
HA9 6NN,13,8,5,4
HA9 6NP,29,12,17,8
HA9 6NQ,73,36,37,20
HA9 6NR,57,31,26,18
HA9 6NS,62,30,32,18
HA9 6NT,22,11,11,7
HA9 6NU,41,22,19,12
HA9 6NW,68,39,29,20
HA9 6NX,60,29,31,20
HA9 6PG,83,46,37,23
HA9 6PL,81,45,36,23
HA9 6PN,66,36,30,15
HA9 6PP,101,53,48,29
HA9 6PR,57,26,31,18
HA9 6PS,92,48,44,26
HA9 6PT,111,50,61,26
HA9 6PU,83,31,52,26
HA9 6PW,6,3,3,3
HA9 6PX,89,47,42,26
HA9 6PY,85,41,44,22
HA9 6PZ,101,53,48,26
HA9 6QA,55,29,26,14
HA9 6QB,90,49,41,26
HA9 6QD,33,19,14,10
HA9 6QE,101,53,48,26
HA9 6QF,64,32,32,20
HA9 6QG,129,68,61,36
HA9 6QH,34,18,16,10
HA9 6QJ,65,34,31,17
HA9 6QL,144,74,70,40
HA9 6QN,36,21,15,34
HA9 6QQ,77,35,42,24
HA9 6QU,58,34,24,15
HA9 6RF,42,20,22,16
HA9 6RG,120,58,62,35
HA9 6RH,62,33,29,21
HA9 6RJ,22,10,12,6
HA9 6RL,15,9,6,5
HA9 6RN,35,17,18,11
HA9 6RP,9,4,5,5
HA9 6RQ,108,54,54,32
HA9 6RR,39,18,21,12
HA9 6RS,15,7,8,6
HA9 6RT,36,17,19,10
HA9 6RU,62,31,31,24
HA9 6RW,29,17,12,9
HA9 6RX,21,12,9,4
HA9 6RY,37,18,19,9
HA9 6RZ,40,22,18,10
HA9 6SA,18,9,9,6
HA9 6SB,37,19,18,10
HA9 6SD,30,13,17,10
HA9 6SE,136,70,66,40
HA9 6SF,144,80,64,42
HA9 6SG,118,54,64,32
HA9 6SH,15,10,5,3
HA9 6SJ,63,30,33,18
HA9 6SL,47,25,22,11
HA9 6SN,48,18,30,37
HA9 6SQ,92,42,50,28
HA9 7AB,24,18,6,9
HA9 7AX,88,41,47,40
HA9 7AY,20,14,6,7
HA9 7BE,4,1,3,1
HA9 7BF,27,13,14,12
HA9 7BG,46,20,26,18
HA9 7BH,13,6,7,4
HA9 7BS,6,3,3,2
HA9 7BU,23,9,14,9
HA9 7BW,21,8,13,10
HA9 7BX,25,13,12,11
HA9 7DA,27,17,10,11
HA9 7DJ,22,11,11,11
HA9 7DQ,141,75,66,53
HA9 7DT,63,34,29,18
HA9 7DU,65,31,34,19
HA9 7DY,119,60,59,33
HA9 7DZ,29,19,10,7
HA9 7EA,64,37,27,20
HA9 7EB,24,10,14,10
HA9 7ED,30,14,16,8
HA9 7EE,138,76,62,37
HA9 7EG,50,28,22,12
HA9 7EH,148,76,72,40
HA9 7EJ,32,19,13,9
HA9 7EL,65,39,26,21
HA9 7EN,87,46,41,25
HA9 7EP,6,4,2,3
HA9 7EQ,37,25,12,12
HA9 7ER,157,84,73,73
HA9 7ET,239,132,107,71
HA9 7EU,72,37,35,19
HA9 7EW,160,80,80,48
HA9 7EX,4,3,1,1
HA9 7EY,23,16,7,20
HA9 7HA,142,59,83,43
HA9 7HB,222,95,127,50
HA9 7HE,151,73,78,54
HA9 7HF,176,87,89,55
HA9 7HG,294,150,144,86
HA9 7HJ,193,97,96,68
HA9 7HL,174,95,79,65
HA9 7HU,14,8,6,5
HA9 7JA,164,99,65,43
HA9 7JB,52,33,19,14
HA9 7JD,12,8,4,4
HA9 7JE,27,18,9,8
HA9 7JF,55,32,23,14
HA9 7JG,107,61,46,39
HA9 7JH,83,36,47,26
HA9 7JJ,137,74,63,41
HA9 7JL,39,21,18,8
HA9 7JN,45,19,26,14
HA9 7JP,178,96,82,47
HA9 7JQ,89,35,54,27
HA9 7JR,13,6,7,6
HA9 7JS,25,13,12,10
HA9 7JT,30,17,13,17
HA9 7JW,11,6,5,3
HA9 7LA,50,22,28,17
HA9 7LB,74,33,41,23
HA9 7LD,44,22,22,13
HA9 7LE,54,30,24,18
HA9 7LF,95,51,44,39
HA9 7LG,100,61,39,28
HA9 7LH,28,14,14,9
HA9 7LJ,58,30,28,21
HA9 7LL,86,41,45,31
HA9 7LP,8,5,3,5
HA9 7LQ,8,4,4,4
HA9 7LR,26,17,9,7
HA9 7LS,12,3,9,4
HA9 7LT,115,57,58,32
HA9 7LU,148,79,69,48
HA9 7LW,174,89,85,46
HA9 7LX,72,41,31,25
HA9 7LY,111,62,49,33
HA9 7LZ,42,20,22,12
HA9 7NA,1,0,1,1
HA9 7NN,22,12,10,4
HA9 7NP,175,85,90,48
HA9 7NR,42,21,21,13
HA9 7NS,15,8,7,4
HA9 7NU,190,101,89,52
HA9 7NX,156,81,75,43
HA9 7NY,3,0,3,3
HA9 7NZ,110,54,56,31
HA9 7PA,119,59,60,33
HA9 7PB,141,65,76,39
HA9 7PD,156,84,72,51
HA9 7PE,55,23,32,19
HA9 7PU,32,17,15,10
HA9 7QE,134,67,67,31
HA9 7QF,22,7,15,7
HA9 7QG,29,16,13,9
HA9 7QH,51,29,22,15
HA9 7QJ,32,18,14,6
HA9 7QL,45,23,22,19
HA9 7QN,28,17,11,8
HA9 7QP,147,79,68,37
HA9 7QQ,51,27,24,12
HA9 7QR,86,45,41,26
HA9 7QS,72,37,35,26
HA9 7QT,61,31,30,17
HA9 7QU,114,62,52,28
HA9 7QW,134,67,67,35
HA9 7QX,71,36,35,19
HA9 7QY,29,16,13,11
HA9 7RX,5,3,2,1
HA9 7RZ,52,24,28,15
HA9 7SB,105,52,53,38
HA9 7SD,71,47,24,19
HA9 7SE,91,51,40,31
HA9 7SF,82,43,39,30
HA9 7SG,2,1,1,1
HA9 7SN,37,21,16,15
HA9 7SQ,34,19,15,12
HA9 7TN,79,40,39,31
HA9 7TP,13,3,10,6
HA9 7TR,83,37,46,25
HA9 7TS,99,54,45,32
HA9 7TT,38,17,21,16
HA9 7TW,61,26,35,22
HA9 7UR,56,25,31,3
HA9 7XX,2,0,2,1
HA9 8AB,87,53,34,28
HA9 8AD,150,129,21,0
HA9 8AF,57,32,25,19
HA9 8AS,30,20,10,9
HA9 8AU,15,9,6,9
HA9 8AX,76,45,31,32
HA9 8AY,184,111,73,52
HA9 8AZ,84,41,43,29
HA9 8BA,57,26,31,20
HA9 8BB,145,76,69,47
HA9 8BD,114,52,62,43
HA9 8BU,19,8,11,7
HA9 8BY,9,1,8,4
HA9 8DB,90,46,44,28
HA9 8DD,31,16,15,14
HA9 8DE,51,28,23,15
HA9 8DF,99,45,54,27
HA9 8DG,80,43,37,31
HA9 8DJ,61,29,32,28
HA9 8DL,16,9,7,4
HA9 8DQ,87,42,45,21
HA9 8DT,88,52,36,29
HA9 8DY,90,43,47,30
HA9 8DZ,39,19,20,12
HA9 8EA,33,20,13,13
HA9 8EB,168,87,81,47
HA9 8ED,60,33,27,19
HA9 8EE,124,61,63,32
HA9 8EF,37,17,20,11
HA9 8EG,20,8,12,5
HA9 8EH,111,65,46,45
HA9 8EJ,30,11,19,7
HA9 8EL,129,70,59,38
HA9 8EN,46,26,20,18
HA9 8EP,109,50,59,39
HA9 8EQ,100,51,49,30
HA9 8ER,84,43,41,36
HA9 8EW,14,7,7,4
HA9 8FB,52,22,30,13
HA9 8HA,145,75,70,48
HA9 8HB,110,58,52,32
HA9 8HD,50,32,18,14
HA9 8HE,67,35,32,27
HA9 8HF,21,12,9,6
HA9 8HG,12,7,5,5
HA9 8HL,42,26,16,21
HA9 8HN,60,26,34,47
HA9 8HP,40,16,24,14
HA9 8HQ,43,29,14,15
HA9 8HU,142,79,63,52
HA9 8HW,45,26,19,13
HA9 8HX,93,51,42,39
HA9 8HY,62,31,31,19
HA9 8HZ,77,41,36,29
HA9 8JA,17,8,9,6
HA9 8JB,59,33,26,16
HA9 8JG,40,11,29,33
HA9 8JH,109,56,53,42
HA9 8JJ,73,41,32,30
HA9 8JL,25,15,10,9
HA9 8JN,17,8,9,5
HA9 8JP,99,36,63,27
HA9 8JQ,32,18,14,12
HA9 8JS,41,17,24,30
HA9 8JT,26,17,9,11
HA9 8JU,77,49,28,25
HA9 8JX,23,12,11,10
HA9 8JY,42,19,23,13
HA9 8JZ,124,61,63,33
HA9 8LA,70,36,34,18
HA9 8LD,14,7,7,5
HA9 8LE,48,20,28,14
HA9 8LF,36,24,12,11
HA9 8LG,52,26,26,14
HA9 8LH,36,17,19,15
HA9 8LJ,49,25,24,16
HA9 8LL,34,20,14,10
HA9 8LN,1,0,1,1
HA9 8LP,47,20,27,17
HA9 8LQ,21,11,10,7
HA9 8LR,48,24,24,16
HA9 8LX,123,62,61,31
HA9 8LY,87,46,41,26
HA9 8LZ,117,61,56,38
HA9 8NB,37,24,13,18
HA9 8ND,48,23,25,11
HA9 8NE,14,9,5,6
HA9 8NF,40,21,19,20
HA9 8NG,9,3,6,1
HA9 8NH,92,39,53,33
HA9 8NJ,60,29,31,30
HA9 8NL,58,30,28,18
HA9 8NN,67,33,34,19
HA9 8NP,26,11,15,9
HA9 8NQ,33,16,17,10
HA9 8NR,21,7,14,8
HA9 8NS,115,55,60,36
HA9 8NT,101,51,50,27
HA9 8NU,118,49,69,40
HA9 8NW,12,6,6,4
HA9 8NX,92,47,45,26
HA9 8NY,123,71,52,36
HA9 8NZ,112,48,64,30
HA9 8PA,32,17,15,10
HA9 8PB,41,22,19,12
HA9 8PE,30,23,7,7
HA9 8PG,55,26,29,29
HA9 8PH,152,77,75,43
HA9 8PJ,91,52,39,35
HA9 8PN,11,5,6,4
HA9 8PP,67,34,33,21
HA9 8PR,120,59,61,37
HA9 8PS,73,29,44,28
HA9 8PT,110,49,61,27
HA9 8PU,85,49,36,22
HA9 8PW,14,6,8,10
HA9 8PX,82,40,42,33
HA9 8PY,118,56,62,37
HA9 8PZ,118,59,59,38
HA9 8QA,33,13,20,11
HA9 8QB,85,43,42,25
HA9 8QE,89,40,49,32
HA9 8QF,88,44,44,26
HA9 8QG,93,48,45,28
HA9 8QN,12,9,3,4
HA9 8QR,160,85,75,72
HA9 8QS,11,3,8,5
HA9 8QT,111,61,50,33
HA9 8QU,61,30,31,20
HA9 8QW,127,67,60,62
HA9 8QX,50,27,23,16
HA9 8QY,94,42,52,27
HA9 8QZ,11,8,3,4
HA9 8RA,14,6,8,4
HA9 8RB,43,22,21,13
HA9 8RD,92,48,44,24
HA9 8RE,160,69,91,41
HA9 8RF,85,40,45,25
HA9 8RG,105,55,50,38
HA9 8RH,95,48,47,29
HA9 8RJ,74,38,36,25
HA9 8RL,61,27,34,20
HA9 8RN,66,33,33,18
HA9 8RQ,162,80,82,55
HA9 8RS,88,45,43,40
HA9 8RU,49,26,23,19
HA9 8RY,84,45,39,26
HA9 8RZ,111,48,63,36
HA9 8SA,111,48,63,35
HA9 8SB,2,1,1,1
HA9 8SD,97,54,43,27
HA9 8SE,106,57,49,29
HA9 8SF,75,38,37,25
HA9 8SG,63,27,36,20
HA9 8SH,45,16,29,13
HA9 8SJ,38,18,20,12
HA9 8SL,34,20,14,11
HA9 8SN,30,13,17,11
HA9 8SQ,34,19,15,10
HA9 8SR,175,89,86,58
HA9 8SS,187,96,91,73
HA9 8ST,166,83,83,54
HA9 8SU,201,97,104,58
HA9 8SW,35,20,15,12
HA9 8SX,83,26,57,25
HA9 8TA,23,12,11,5
HA9 8TB,26,11,15,10
HA9 8TD,118,53,65,33
HA9 8TE,101,51,50,32
HA9 8TF,124,64,60,31
HA9 8TG,59,25,34,17
HA9 8TH,120,59,61,35
HA9 8TJ,63,29,34,26
HA9 8TL,160,82,78,48
HA9 8TN,30,13,17,5
HA9 8TP,113,53,60,44
HA9 8TQ,121,65,56,32
HA9 8TR,83,49,34,25
HA9 8TT,14,7,7,6
HA9 8TW,131,70,61,41
HA9 8UB,13,5,8,6
HA9 8UD,23,11,12,11
HA9 8UE,35,21,14,12
HA9 8UF,32,15,17,12
HA9 8UP,57,35,22,22
HA9 8XA,22,12,10,12
HA9 8XB,212,101,111,66
HA9 9AB,34,21,13,12
HA9 9AG,55,32,23,17
HA9 9AJ,101,51,50,28
HA9 9AL,33,17,16,8
HA9 9AN,65,45,20,15
HA9 9AP,19,10,9,8
HA9 9AR,17,8,9,7
HA9 9AS,35,25,10,24
HA9 9AT,86,41,45,32
HA9 9AU,42,25,17,10
HA9 9AW,100,45,55,24
HA9 9AX,70,36,34,23
HA9 9AY,41,19,22,16
HA9 9AZ,54,18,36,16
HA9 9BP,29,16,13,8
HA9 9BT,135,67,68,47
HA9 9BU,49,29,20,18
HA9 9BX,54,30,24,21
HA9 9BY,92,51,41,34
HA9 9BZ,77,40,37,26
HA9 9DA,67,37,30,22
HA9 9DB,54,28,26,17
HA9 9DE,120,49,71,36
HA9 9DF,35,14,21,15
HA9 9DG,29,13,16,15
HA9 9DH,37,17,20,15
HA9 9DJ,33,13,20,17
HA9 9DL,103,43,60,42
HA9 9DN,30,20,10,18
HA9 9DP,72,27,45,31
HA9 9DQ,34,18,16,15
HA9 9DR,17,11,6,6
HA9 9DS,72,37,35,22
HA9 9DT,86,42,44,21
HA9 9DU,33,14,19,8
HA9 9DW,77,50,27,48
HA9 9DY,165,94,71,53
HA9 9DZ,7,5,2,2
HA9 9EA,43,20,23,16
HA9 9EB,28,14,14,8
HA9 9ED,99,50,49,24
HA9 9EE,93,49,44,27
HA9 9EF,68,32,36,6
HA9 9EG,36,18,18,7
HA9 9EH,92,50,42,27
HA9 9EJ,72,30,42,25
HA9 9EL,169,75,94,52
HA9 9EQ,40,14,26,16
HA9 9ER,33,19,14,15
HA9 9ES,85,46,39,31
HA9 9EU,98,46,52,28
HA9 9EW,2,2,0,1
HA9 9FD,15,7,8,12
HA9 9FE,37,14,23,12
HA9 9FF,33,13,20,8
HA9 9FG,156,66,90,47
HA9 9FH,36,13,23,10
HA9 9FJ,75,40,35,30
HA9 9FL,44,24,20,22
HA9 9FN,114,58,56,45
HA9 9FP,121,53,68,32
HA9 9FQ,100,39,61,47
HA9 9FR,163,89,74,58
HA9 9FW,79,39,40,25
HA9 9GY,96,45,51,42
HA9 9HA,61,33,28,17
HA9 9HB,59,29,30,14
HA9 9HE,23,9,14,4
HA9 9HF,63,32,31,22
HA9 9HG,42,19,23,14
HA9 9HH,61,30,31,17
HA9 9HJ,37,15,22,18
HA9 9HL,12,7,5,5
HA9 9HN,47,25,22,17
HA9 9HP,14,5,9,6
HA9 9HQ,35,18,17,16
HA9 9HW,29,13,16,8
HA9 9HY,47,24,23,14
HA9 9HZ,9,4,5,4
HA9 9JB,161,78,83,64
HA9 9JD,140,70,70,48
HA9 9JE,57,35,22,28
HA9 9JF,53,25,28,30
HA9 9JG,60,33,27,27
HA9 9JH,95,48,47,35
HA9 9JJ,90,51,39,45
HA9 9JQ,93,49,44,38
HA9 9JS,88,50,38,27
HA9 9JU,14,9,5,5
HA9 9JX,34,21,13,9
HA9 9JY,32,18,14,9
HA9 9JZ,78,36,42,25
HA9 9LA,19,9,10,8
HA9 9LB,28,14,14,9
HA9 9LD,17,8,9,8
HA9 9LE,31,15,16,10
HA9 9LF,22,10,12,8
HA9 9LG,18,9,9,8
HA9 9LH,14,8,6,3
HA9 9LJ,104,54,50,29
HA9 9LL,60,29,31,18
HA9 9LN,16,8,8,6
HA9 9LQ,68,37,31,26
HA9 9LW,16,7,9,4
HA9 9LZ,153,79,74,60
HA9 9NA,33,15,18,8
HA9 9ND,37,21,16,10
HA9 9NE,84,46,38,28
HA9 9NF,32,18,14,9
HA9 9NG,75,35,40,22
HA9 9NH,73,35,38,26
HA9 9NJ,18,11,7,4
HA9 9NL,29,16,13,10
HA9 9NN,27,14,13,7
HA9 9NP,62,32,30,17
HA9 9NQ,38,20,18,8
HA9 9NR,30,17,13,9
HA9 9NS,15,8,7,5
HA9 9NT,23,9,14,9
HA9 9NW,74,38,36,24
HA9 9PD,27,13,14,12
HA9 9PF,34,11,23,0
HA9 9PG,99,55,44,34
HA9 9PH,32,16,16,8
HA9 9PJ,118,66,52,39
HA9 9PL,20,10,10,5
HA9 9PN,155,72,83,48
HA9 9PP,51,26,25,16
HA9 9PQ,52,35,17,20
HA9 9PR,41,22,19,13
HA9 9PS,58,32,26,20
HA9 9PT,96,44,52,24
HA9 9PU,9,2,7,5
HA9 9PW,17,8,9,7
HA9 9PX,98,55,43,27
HA9 9PY,11,5,6,4
HA9 9PZ,23,12,11,6
HA9 9QA,19,7,12,6
HA9 9QD,17,8,9,5
HA9 9QE,65,33,32,26
HA9 9QF,16,5,11,4
HA9 9QH,45,24,21,13
HA9 9QJ,61,39,22,18
HA9 9QL,123,65,58,44
HA9 9QP,64,39,25,19
HA9 9QR,32,15,17,8
HA9 9QS,62,27,35,24
HA9 9QT,47,26,21,12
HA9 9QU,78,38,40,23
HA9 9QW,42,21,21,11
HA9 9QX,57,28,29,17
HA9 9QY,16,8,8,6
HA9 9QZ,89,49,40,23
HA9 9RA,81,42,39,27
HA9 9RB,56,34,22,21
HA9 9RD,86,46,40,26
HA9 9RF,10,6,4,4
HA9 9RH,90,49,41,37
HA9 9RJ,11,9,2,4
HA9 9RN,63,33,30,21
HA9 9RP,24,13,11,9
HA9 9RR,43,22,21,15
HA9 9RS,126,65,61,39
HA9 9RU,67,33,34,16
HA9 9RW,23,14,9,6
HA9 9RX,57,29,28,17
HA9 9RY,73,39,34,23
HA9 9RZ,68,39,29,22
HA9 9SA,24,15,9,6
HA9 9SB,87,45,42,22
HA9 9SD,20,9,11,6
HA9 9SE,15,7,8,6
HA9 9SF,62,32,30,25
HA9 9SG,64,34,30,23
HA9 9SH,100,52,48,33
HA9 9SJ,26,14,12,9
HA9 9SL,94,46,48,29
HA9 9SN,173,79,94,69
HA9 9SQ,66,31,35,20
HA9 9ST,31,16,15,14
HA9 9SU,43,20,23,20
HA9 9SX,27,13,14,5
HA9 9SY,60,31,29,21
HA9 9SZ,61,32,29,18
HA9 9TA,61,31,30,52
HA9 9TB,53,29,24,14
HA9 9TD,56,26,30,20
HA9 9TE,17,7,10,8
HA9 9TF,105,49,56,32
HA9 9TG,31,13,18,10
HA9 9TH,60,32,28,19
HA9 9TJ,59,32,27,18
HA9 9TL,117,54,63,38
HA9 9TN,76,36,40,29
HA9 9TP,67,34,33,18
HA9 9TQ,66,38,28,24
HA9 9TW,74,32,42,18
HA9 9TX,87,48,39,35
HA9 9UB,92,47,45,34
HA9 9UD,42,19,23,20
HA9 9UE,64,26,38,35
HA9 9UF,44,23,21,21
HA9 9UG,24,10,14,10
HA9 9UJ,22,12,10,8
HA9 9UN,42,23,19,13
HA9 9UP,72,30,42,36
HA9 9UQ,20,8,12,7
HA9 9UR,53,24,29,21
HA9 9UW,31,21,10,14
HA9 9UY,52,31,21,17
HA9 9UZ,63,38,25,22
HD1 1BR,9,5,4,7
HD1 1BS,12,8,4,7
HD1 1DD,10,7,3,9
HD1 1DG,3,2,1,1
HD1 1DR,16,12,4,16
HD1 1EH,29,15,14,20
HD1 1ES,2,1,1,1
HD1 1EX,40,21,19,21
HD1 1JF,2,2,0,2
HD1 1JS,1,1,0,1
HD1 1JY,1,1,0,1
HD1 1NN,5,3,2,2
HD1 1NP,15,12,3,8
HD1 1NX,25,17,8,15
HD1 1PB,4,3,1,1
HD1 1QA,3,2,1,1
HD1 1QH,2,0,2,1
HD1 1QQ,3,3,0,1
HD1 1QX,5,5,0,5
HD1 1QY,7,6,1,5
HD1 1RA,8,5,3,4
HD1 1RL,21,15,6,16
HD1 1SG,7,6,1,2
HD1 1SX,48,35,13,29
HD1 1SY,37,26,11,29
HD1 2BP,2,1,1,1
HD1 2BW,2,1,1,1
HD1 2DX,1,1,0,1
HD1 2EG,8,3,5,2
HD1 2EP,2,2,0,2
HD1 2JJ,9,7,2,9
HD1 2LR,4,2,2,1
HD1 2NS,7,2,5,5
HD1 2NW,2,1,1,1
HD1 2NX,74,39,35,41
HD1 2PJ,63,50,13,55
HD1 2PY,4,2,2,3
HD1 2PZ,1,1,0,1
HD1 2QF,7,4,3,2
HD1 2RA,6,4,2,3
HD1 2RD,1,0,1,1
HD1 2RX,2,0,2,2
HD1 2SP,1,0,1,1
HD1 2TT,4,2,2,3
HD1 2TW,1,1,0,1
HD1 3AJ,3,3,0,3
HD1 3AN,10,10,0,10
HD1 3AP,51,32,19,41
HD1 3AQ,30,15,15,15
HD1 3AW,402,211,191,37
HD1 3AY,10,6,4,4
HD1 3AZ,1,1,0,1
HD1 3BA,18,8,10,8
HD1 3BB,112,73,39,73
HD1 3BD,4,3,1,3
HD1 3BE,33,22,11,20
HD1 3BN,695,328,367,3
HD1 3BP,15,8,7,10
HD1 3BQ,138,65,73,0
HD1 3BR,30,15,15,16
HD1 3BS,32,15,17,28
HD1 3BT,43,25,18,26
HD1 3BW,20,11,9,9
HD1 3BX,30,19,11,12
HD1 3BY,41,21,20,11
HD1 3BZ,97,65,32,63
HD1 3DN,58,33,25,36
HD1 3DR,3,2,1,2
HD1 3DY,118,81,37,83
HD1 3EB,18,11,7,9
HD1 3HJ,32,19,13,15
HD1 3HR,171,103,68,79
HD1 3HU,22,15,7,18
HD1 3HW,12,9,3,6
HD1 3HY,75,40,35,20
HD1 3HZ,28,21,7,14
HD1 3JA,47,27,20,24
HD1 3JE,11,6,5,3
HD1 3JF,23,14,9,10
HD1 3JG,55,30,25,21
HD1 3JH,32,11,21,9
HD1 3JJ,162,82,80,46
HD1 3JL,136,66,70,39
HD1 3JN,15,7,8,5
HD1 3JQ,133,75,58,26
HD1 3JR,81,47,34,16
HD1 3JS,122,73,49,46
HD1 3JT,192,107,85,50
HD1 3JW,64,35,29,14
HD1 3LE,12,7,5,9
HD1 3LL,18,9,9,9
HD1 3LZ,127,63,64,25
HD1 3NA,178,89,89,38
HD1 3NE,134,67,67,36
HD1 3NF,204,107,97,49
HD1 3NG,224,122,102,58
HD1 3NH,95,60,35,27
HD1 3NJ,57,24,33,13
HD1 3NL,39,20,19,10
HD1 3NP,87,48,39,19
HD1 3NQ,132,75,57,33
HD1 3PJ,8,5,3,2
HD1 3PL,1,1,0,1
HD1 3QB,5,3,2,3
HD1 3QE,9,6,3,2
HD1 3QP,86,46,40,27
HD1 3QR,59,35,24,21
HD1 3QS,36,22,14,14
HD1 3QU,23,11,12,6
HD1 3QX,41,26,15,16
HD1 3QY,62,29,33,36
HD1 3RA,52,22,30,20
HD1 3RB,13,7,6,5
HD1 3RD,21,11,10,9
HD1 3RF,17,8,9,6
HD1 3RT,290,161,129,67
HD1 3RU,40,21,19,9
HD1 3RX,140,67,73,34
HD1 3RY,77,40,37,27
HD1 3RZ,61,35,26,17
HD1 3SA,95,47,48,27
HD1 3SB,95,44,51,20
HD1 3SD,61,30,31,14
HD1 3SE,207,101,106,49
HD1 3SF,22,15,7,6
HD1 3SG,154,81,73,38
HD1 3SH,72,35,37,18
HD1 3SJ,84,44,40,25
HD1 3SL,75,39,36,23
HD1 3SN,48,26,22,18
HD1 3SP,97,47,50,30
HD1 3SQ,36,22,14,12
HD1 3SR,109,57,52,29
HD1 3SS,69,34,35,27
HD1 3SW,84,44,40,33
HD1 3TF,45,18,27,33
HD1 3TG,47,24,23,16
HD1 3TJ,18,9,9,6
HD1 3TL,34,26,8,23
HD1 3TN,25,16,9,13
HD1 3TP,20,12,8,12
HD1 3TR,58,32,26,31
HD1 3TT,111,58,53,24
HD1 3TU,38,18,20,9
HD1 3TW,14,11,3,10
HD1 3TX,154,71,83,30
HD1 3TY,77,44,33,22
HD1 3TZ,83,42,41,24
HD1 3UA,71,36,35,31
HD1 3UB,47,26,21,19
HD1 3UD,24,11,13,19
HD1 3UE,27,17,10,5
HD1 3UF,7,3,4,3
HD1 3UG,5,4,1,5
HD1 3UH,61,29,32,35
HD1 3UJ,154,80,74,46
HD1 3UL,47,21,26,18
HD1 3UN,102,52,50,50
HD1 3UP,20,14,6,14
HD1 3UQ,29,16,13,13
HD1 3US,7,3,4,4
HD1 3UW,60,31,29,30
HD1 3UX,35,28,7,33
HD1 3XH,28,8,20,0
HD1 4AA,30,19,11,24
HD1 4AJ,21,8,13,15
HD1 4AL,17,9,8,15
HD1 4AN,17,6,11,16
HD1 4AW,69,37,32,19
HD1 4AZ,88,58,30,37
HD1 4BB,108,69,39,70
HD1 4BD,58,32,26,22
HD1 4BE,25,14,11,11
HD1 4BG,29,20,9,12
HD1 4BH,161,79,82,52
HD1 4BJ,83,35,48,20
HD1 4BL,83,46,37,37
HD1 4BN,26,15,11,15
HD1 4BP,95,51,44,63
HD1 4BQ,51,27,24,13
HD1 4BX,38,18,20,26
HD1 4BZ,41,20,21,28
HD1 4DA,10,8,2,4
HD1 4DL,8,5,3,5
HD1 4DN,86,55,31,43
HD1 4DS,61,40,21,17
HD1 4DT,53,31,22,28
HD1 4DU,43,30,13,28
HD1 4DX,56,26,30,20
HD1 4DZ,78,43,35,37
HD1 4EA,2,1,1,1
HD1 4EB,119,63,56,49
HD1 4ED,7,4,3,3
HD1 4EE,10,7,3,7
HD1 4EG,101,63,38,47
HD1 4EJ,6,4,2,6
HD1 4EN,39,23,16,9
HD1 4ER,62,34,28,17
HD1 4ET,33,15,18,10
HD1 4EU,113,60,53,29
HD1 4EX,102,48,54,28
HD1 4EY,16,10,6,4
HD1 4EZ,98,43,55,31
HD1 4HA,244,129,115,69
HD1 4HD,66,35,31,25
HD1 4HE,55,28,27,32
HD1 4HG,6,3,3,2
HD1 4HH,30,16,14,21
HD1 4HJ,11,8,3,4
HD1 4HP,73,35,38,22
HD1 4HR,55,27,28,20
HD1 4HS,6,1,5,1
HD1 4HT,46,26,20,17
HD1 4HU,2,1,1,1
HD1 4HX,48,22,26,18
HD1 4HY,31,17,14,14
HD1 4HZ,117,59,58,42
HD1 4JA,167,81,86,50
HD1 4JB,60,26,34,15
HD1 4JD,7,3,4,3
HD1 4JE,121,60,61,44
HD1 4JG,92,39,53,27
HD1 4JH,106,50,56,32
HD1 4JJ,10,7,3,3
HD1 4JL,98,50,48,53
HD1 4JN,41,16,25,12
HD1 4JP,126,62,64,31
HD1 4JR,21,12,9,9
HD1 4JS,132,67,65,42
HD1 4JW,9,3,6,5
HD1 4LE,30,17,13,11
HD1 4LF,8,7,1,8
HD1 4LG,21,10,11,13
HD1 4LH,101,53,48,43
HD1 4LJ,84,44,40,29
HD1 4LL,79,41,38,38
HD1 4LN,8,4,4,6
HD1 4LP,83,42,41,41
HD1 4LQ,46,26,20,20
HD1 4LR,17,9,8,8
HD1 4LS,18,7,11,11
HD1 4LT,6,3,3,5
HD1 4LU,51,21,30,27
HD1 4LW,74,36,38,39
HD1 4LX,17,9,8,8
HD1 4LY,85,42,43,31
HD1 4LZ,93,46,47,36
HD1 4NA,25,11,14,11
HD1 4NB,35,14,21,10
HD1 4ND,97,52,45,49
HD1 4NE,137,66,71,63
HD1 4NF,11,4,7,7
HD1 4NG,89,42,47,67
HD1 4NL,5,2,3,5
HD1 4NP,73,41,32,27
HD1 4NR,76,38,38,36
HD1 4NS,28,17,11,16
HD1 4NT,97,46,51,53
HD1 4NU,12,7,5,8
HD1 4NW,101,51,50,53
HD1 4NX,37,17,20,14
HD1 4NY,18,12,6,7
HD1 4NZ,16,9,7,7
HD1 4PA,8,3,5,6
HD1 4PD,104,46,58,40
HD1 4PE,13,7,6,7
HD1 4PF,64,41,23,23
HD1 4PG,52,24,28,22
HD1 4PH,25,12,13,11
HD1 4PJ,55,27,28,21
HD1 4PL,60,28,32,20
HD1 4PN,44,16,28,7
HD1 4PP,73,37,36,25
HD1 4PQ,55,26,29,19
HD1 4PR,30,19,11,11
HD1 4PS,21,11,10,10
HD1 4PT,48,20,28,34
HD1 4PU,7,4,3,6
HD1 4PW,77,33,44,31
HD1 4PX,8,3,5,4
HD1 4PY,21,10,11,14
HD1 4QA,100,53,47,52
HD1 4QB,7,4,3,2
HD1 4QD,116,54,62,68
HD1 4QE,15,6,9,8
HD1 4QF,24,12,12,13
HD1 4QG,119,52,67,66
HD1 4QH,80,41,39,39
HD1 4QJ,78,36,42,33
HD1 4QL,89,40,49,43
HD1 4QN,120,53,67,62
HD1 4QP,32,14,18,15
HD1 4QQ,21,8,13,13
HD1 4QS,48,19,29,27
HD1 4QT,29,18,11,14
HD1 4QU,88,41,47,41
HD1 4QX,29,14,15,16
HD1 4QY,12,5,7,8
HD1 4QZ,82,35,47,25
HD1 4RA,66,37,29,23
HD1 4RB,37,17,20,11
HD1 4RP,15,6,9,7
HD1 4RT,34,19,15,19
HD1 4RU,10,4,6,6
HD1 4RX,18,10,8,4
HD1 4RZ,6,3,3,3
HD1 4SG,11,4,7,6
HD1 4SH,7,5,2,5
HD1 4SJ,58,24,34,28
HD1 4SL,18,8,10,11
HD1 4SN,24,10,14,11
HD1 4SP,4,2,2,2
HD1 4SQ,65,34,31,28
HD1 4SR,47,30,17,35
HD1 4SS,14,8,6,5
HD1 4ST,16,8,8,8
HD1 4SW,51,17,34,23
HD1 4TP,40,20,20,19
HD1 4TR,70,39,31,55
HD1 4TS,14,9,5,5
HD1 4TT,39,17,22,24
HD1 4TU,13,7,6,8
HD1 4TX,85,42,43,35
HD1 4TY,35,18,17,17
HD1 4TZ,28,12,16,12
HD1 4UB,61,32,29,27
HD1 4UD,119,61,58,43
HD1 4UE,41,25,16,19
HD1 4UF,3,2,1,2
HD1 4UG,64,29,35,24
HD1 4UH,9,5,4,5
HD1 4UJ,28,14,14,13
HD1 4UL,22,12,10,8
HD1 4UN,34,17,17,14
HD1 4UP,78,39,39,32
HD1 4UQ,2,2,0,2
HD1 4UR,8,5,3,6
HD1 4US,8,3,5,6
HD1 4UW,33,12,21,19
HD1 5AY,4,0,4,2
HD1 5AZ,53,29,24,37
HD1 5BB,14,8,6,7
HD1 5BP,150,80,70,58
HD1 5BQ,99,51,48,74
HD1 5BS,70,47,23,27
HD1 5BU,92,62,30,29
HD1 5BW,2,1,1,2
HD1 5BY,5,1,4,3
HD1 5BZ,97,54,43,29
HD1 5DA,90,54,36,25
HD1 5DB,23,16,7,13
HD1 5DR,38,19,19,31
HD1 5DX,49,35,14,22
HD1 5DY,12,6,6,9
HD1 5DZ,28,17,11,18
HD1 5EB,7,4,3,4
HD1 5EH,18,9,9,6
HD1 5EN,9,4,5,3
HD1 5EP,31,14,17,13
HD1 5ET,4,4,0,2
HD1 5EU,3,0,3,2
HD1 5EY,111,57,54,34
HD1 5EZ,36,18,18,11
HD1 5HA,3,1,2,2
HD1 5HB,119,61,58,38
HD1 5HD,71,34,37,21
HD1 5HE,154,79,75,63
HD1 5HF,58,28,30,24
HD1 5HG,125,69,56,53
HD1 5HH,12,7,5,8
HD1 5HJ,5,3,2,3
HD1 5HN,2,1,1,1
HD1 5HP,2,1,1,1
HD1 5HQ,46,23,23,22
HD1 5HS,8,5,3,5
HD1 5HT,51,23,28,12
HD1 5HU,44,22,22,16
HD1 5JL,3,2,1,3
HD1 5JU,2,1,1,1
HD1 5JY,7,3,4,2
HD1 5LG,7,4,3,2
HD1 5LR,51,32,19,32
HD1 5LS,20,12,8,13
HD1 5LZ,22,14,8,7
HD1 5NB,5,5,0,2
HD1 5ND,75,38,37,36
HD1 5NE,43,24,19,27
HD1 5NF,2,2,0,2
HD1 5NG,30,14,16,15
HD1 5NJ,14,8,6,5
HD1 5NQ,27,17,10,11
HD1 5PB,23,15,8,7
HD1 5PH,5,5,0,2
HD1 5PL,20,15,5,5
HD1 5PP,60,35,25,13
HD1 5PS,80,41,39,34
HD1 5PU,11,7,4,3
HD1 5PX,100,55,45,33
HD1 5PZ,57,29,28,14
HD1 5QB,50,15,35,16
HD1 5QD,60,30,30,34
HD1 5QE,6,2,4,4
HD1 5QF,5,2,3,3
HD1 5QG,122,65,57,48
HD1 5QH,19,9,10,9
HD1 5QJ,48,22,26,10
HD1 5QL,2,1,1,1
HD1 5QP,30,18,12,14
HD1 5QQ,26,14,12,12
HD1 5QS,3,1,2,2
HD1 5QT,3,1,2,2
HD1 5QU,44,20,24,19
HD1 5QX,33,14,19,18
HD1 5RA,3,2,1,2
HD1 5RB,41,27,14,26
HD1 5RD,89,40,49,28
HD1 6AJ,5,2,3,1
HD1 6AR,2,2,0,1
HD1 6AS,6,3,3,2
HD1 6AY,44,28,16,19
HD1 6BA,12,7,5,9
HD1 6BB,76,36,40,13
HD1 6BE,5,4,1,2
HD1 6BG,10,4,6,4
HD1 6BL,5,3,2,3
HD1 6DE,16,15,1,16
HD1 6DX,5,3,2,5
HD1 6DZ,39,29,10,20
HD1 6EA,13,9,4,4
HD1 6EB,56,32,24,28
HD1 6ED,2,1,1,1
HD1 6EE,33,13,20,9
HD1 6EF,9,6,3,6
HD1 6EG,6,5,1,4
HD1 6EH,56,29,27,15
HD1 6EJ,50,29,21,11
HD1 6EL,94,48,46,28
HD1 6EN,149,72,77,40
HD1 6EQ,54,29,25,18
HD1 6ER,40,22,18,25
HD1 6ET,45,27,18,12
HD1 6EU,85,39,46,25
HD1 6EX,21,12,9,7
HD1 6EY,45,27,18,16
HD1 6EZ,45,25,20,9
HD1 6HA,43,24,19,16
HD1 6HB,51,30,21,15
HD1 6HD,8,5,3,5
HD1 6HE,35,18,17,9
HD1 6HF,21,10,11,8
HD1 6HG,26,13,13,13
HD1 6HJ,12,8,4,7
HD1 6HL,28,15,13,13
HD1 6HN,7,6,1,3
HD1 6HP,45,36,9,34
HD1 6HQ,84,60,24,75
HD1 6HR,43,28,15,36
HD1 6HW,51,26,25,21
HD1 6HY,8,8,0,4
HD1 6HZ,41,25,16,14
HD1 6JA,13,10,3,4
HD1 6JB,93,62,31,31
HD1 6JE,66,47,19,19
HD1 6JF,20,15,5,5
HD1 6JG,14,7,7,5
HD1 6JH,12,6,6,5
HD1 6JJ,24,15,9,8
HD1 6JL,39,19,20,9
HD1 6JN,44,23,21,11
HD1 6JP,29,22,7,11
HD1 6JR,17,9,8,5
HD1 6JS,23,13,10,13
HD1 6JT,36,20,16,26
HD1 6JW,28,17,11,10
HD1 6JX,98,53,45,38
HD1 6JY,29,19,10,19
HD1 6JZ,41,25,16,39
HD1 6LJ,67,39,28,25
HD1 6LL,11,2,9,4
HD1 6LN,9,7,2,7
HD1 6LQ,15,7,8,7
HD1 6NS,18,11,7,10
HD1 6NW,2,1,1,1
HD1 6NX,25,9,16,12
HD1 6NY,11,6,5,6
HD1 6NZ,18,13,5,9
HD1 6PA,23,14,9,11
HD1 6PB,13,6,7,5
HD1 6PH,41,21,20,20
HD1 6PJ,47,19,28,22
HD1 6PL,120,53,67,51
HD1 6PN,149,74,75,47
HD1 6PP,35,18,17,22
HD1 6PR,41,17,24,16
HD1 6PU,21,10,11,7
HD1 6PW,102,56,46,40
HD1 6QX,1,1,0,1
HD1 6SB,2,1,1,1
HD1 6SD,32,17,15,18
HD2 1AA,47,25,22,18
HD2 1AB,58,27,31,28
HD2 1AD,27,13,14,15
HD2 1AE,36,21,15,19
HD2 1AF,55,24,31,22
HD2 1AH,10,5,5,5
HD2 1AJ,55,30,25,31
HD2 1AL,5,2,3,4
HD2 1AN,87,40,47,40
HD2 1AP,114,56,58,63
HD2 1AQ,30,11,19,16
HD2 1AR,135,59,76,65
HD2 1AS,75,36,39,34
HD2 1AT,86,38,48,38
HD2 1AU,64,28,36,20
HD2 1AW,45,27,18,17
HD2 1AX,211,104,107,79
HD2 1AY,11,5,6,6
HD2 1AZ,24,11,13,11
HD2 1BA,214,96,118,79
HD2 1BB,277,107,170,71
HD2 1BD,13,3,10,6
HD2 1BE,54,32,22,24
HD2 1BG,117,55,62,39
HD2 1BJ,25,17,8,11
HD2 1BL,72,36,36,31
HD2 1BN,114,62,52,37
HD2 1BP,57,28,29,28
HD2 1BQ,14,3,11,0
HD2 1BR,15,6,9,7
HD2 1BS,35,16,19,15
HD2 1BT,31,15,16,10
HD2 1BU,37,16,21,14
HD2 1BW,159,83,76,73
HD2 1BX,14,8,6,5
HD2 1BY,54,26,28,30
HD2 1BZ,29,16,13,10
HD2 1DA,58,30,28,23
HD2 1DB,51,31,20,16
HD2 1DD,26,11,15,9
HD2 1DE,27,13,14,14
HD2 1DF,25,17,8,16
HD2 1DG,61,28,33,32
HD2 1DH,65,38,27,20
HD2 1DJ,44,10,34,4
HD2 1DL,90,50,40,38
HD2 1DN,7,4,3,3
HD2 1DP,29,10,19,10
HD2 1DQ,63,28,35,43
HD2 1DT,46,18,28,15
HD2 1DU,21,9,12,10
HD2 1DW,42,22,20,18
HD2 1DX,36,16,20,15
HD2 1DY,75,34,41,36
HD2 1DZ,114,44,70,48
HD2 1EA,112,52,60,50
HD2 1EB,79,38,41,35
HD2 1ED,34,15,19,17
HD2 1EE,75,39,36,33
HD2 1EF,2,2,0,2
HD2 1EG,8,5,3,3
HD2 1EH,28,10,18,12
HD2 1EJ,116,56,60,40
HD2 1EL,74,35,39,31
HD2 1EN,52,27,25,26
HD2 1EP,86,46,40,37
HD2 1EQ,1,1,0,1
HD2 1ER,58,26,32,24
HD2 1ES,50,27,23,21
HD2 1ET,34,15,19,16
HD2 1EU,114,49,65,51
HD2 1EX,23,17,6,10
HD2 1EY,129,58,71,53
HD2 1EZ,36,14,22,16
HD2 1FB,16,10,6,6
HD2 1FN,10,6,4,3
HD2 1GJ,89,45,44,29
HD2 1GL,13,9,4,3
HD2 1GP,113,59,54,33
HD2 1GR,55,29,26,33
HD2 1GS,31,15,16,11
HD2 1GU,121,58,63,49
HD2 1GW,15,6,9,6
HD2 1GY,45,17,28,12
HD2 1HA,10,5,5,5
HD2 1HB,23,20,3,19
HD2 1HD,15,11,4,9
HD2 1HE,9,3,6,5
HD2 1HF,17,10,7,9
HD2 1HG,6,3,3,3
HD2 1HH,35,19,16,15
HD2 1HJ,71,36,35,30
HD2 1HL,25,9,16,11
HD2 1HN,82,40,42,33
HD2 1HP,50,19,31,21
HD2 1HQ,3,1,2,2
HD2 1HR,173,84,89,63
HD2 1HS,132,55,77,57
HD2 1HT,137,71,66,48
HD2 1HU,204,93,111,76
HD2 1HW,89,50,39,39
HD2 1HX,152,64,88,63
HD2 1HY,47,19,28,22
HD2 1HZ,74,32,42,27
HD2 1JA,45,24,21,22
HD2 1JB,37,15,22,14
HD2 1JD,56,22,34,31
HD2 1JH,26,11,15,9
HD2 1JJ,55,28,27,21
HD2 1JL,28,13,15,19
HD2 1JN,17,11,6,7
HD2 1JQ,69,36,33,21
HD2 1JR,9,1,8,4
HD2 1JS,36,17,19,13
HD2 1JT,77,30,47,30
HD2 1JU,1,0,1,1
HD2 1JW,9,6,3,5
HD2 1JX,38,18,20,33
HD2 1JY,127,54,73,44
HD2 1JZ,31,19,12,23
HD2 1LA,27,14,13,16
HD2 1LB,99,49,50,52
HD2 1LD,36,25,11,31
HD2 1LE,31,12,19,19
HD2 1LF,58,31,27,21
HD2 1LG,111,51,60,47
HD2 1LH,62,32,30,32
HD2 1LJ,18,8,10,9
HD2 1LL,95,41,54,37
HD2 1LN,81,41,40,43
HD2 1LP,71,33,38,36
HD2 1LQ,52,21,31,24
HD2 1LR,51,19,32,37
HD2 1LS,41,20,21,20
HD2 1LT,34,17,17,17
HD2 1LU,158,86,72,53
HD2 1LW,36,15,21,21
HD2 1LX,12,6,6,5
HD2 1LY,24,12,12,11
HD2 1LZ,106,51,55,34
HD2 1NA,56,29,27,17
HD2 1NB,20,10,10,8
HD2 1ND,34,17,17,12
HD2 1NF,130,60,70,52
HD2 1NG,42,20,22,13
HD2 1NH,10,5,5,2
HD2 1NL,33,15,18,10
HD2 1NQ,95,48,47,34
HD2 1NT,116,54,62,42
HD2 1NU,31,14,17,10
HD2 1NX,119,58,61,42
HD2 1NY,32,16,16,11
HD2 1NZ,96,44,52,34
HD2 1PA,44,20,24,18
HD2 1PB,21,6,15,9
HD2 1PD,115,46,69,43
HD2 1PJ,52,26,26,17
HD2 1PL,11,5,6,4
HD2 1PN,86,37,49,34
HD2 1PP,31,16,15,11
HD2 1PR,32,16,16,15
HD2 1PS,38,21,17,15
HD2 1PT,4,2,2,2
HD2 1PU,82,39,43,33
HD2 1PW,253,125,128,82
HD2 1PX,9,3,6,3
HD2 1PY,27,10,17,17
HD2 1PZ,39,18,21,17
HD2 1QB,79,39,40,34
HD2 1QD,62,33,29,31
HD2 1QE,46,21,25,12
HD2 1QF,54,25,29,31
HD2 1QG,128,66,62,45
HD2 1QH,101,48,53,38
HD2 1QJ,24,11,13,14
HD2 1QL,63,34,29,22
HD2 1QN,91,46,45,29
HD2 1QP,128,62,66,57
HD2 1QQ,107,49,58,39
HD2 1QR,35,19,16,19
HD2 1QS,50,21,29,28
HD2 1QT,22,10,12,9
HD2 1QU,22,14,8,12
HD2 1QW,86,44,42,32
HD2 1QX,52,27,25,19
HD2 1QY,63,33,30,28
HD2 1QZ,3,1,2,1
HD2 1RA,22,10,12,11
HD2 1RB,60,29,31,25
HD2 1RD,44,25,19,16
HD2 1RE,40,16,24,20
HD2 1RF,46,19,27,25
HD2 1RG,16,9,7,7
HD2 1RH,26,19,7,9
HD2 1RJ,40,17,23,19
HD2 1RL,65,27,38,30
HD2 1RN,38,10,28,22
HD2 1RP,11,9,2,10
HD2 1RQ,85,40,45,33
HD2 1RR,19,7,12,9
HD2 1RS,30,15,15,12
HD2 1RT,31,15,16,10
HD2 1RU,62,30,32,27
HD2 1RW,23,15,8,21
HD2 1RX,58,24,34,24
HD2 1RY,42,22,20,30
HD2 1RZ,23,12,11,13
HD2 1SA,106,49,57,52
HD2 1SB,130,59,71,59
HD2 1SD,95,46,49,56
HD2 1SE,68,31,37,27
HD2 1SF,22,9,13,12
HD2 1SG,47,23,24,23
HD2 1SL,166,82,84,54
HD2 1SN,43,20,23,25
HD2 1SP,71,40,31,42
HD2 1SQ,62,29,33,25
HD2 1SR,33,16,17,12
HD2 1SS,55,29,26,23
HD2 1ST,85,37,48,56
HD2 1SU,49,21,28,21
HD2 1SW,32,18,14,17
HD2 1SX,56,25,31,26
HD2 1SY,7,3,4,6
HD2 1SZ,16,5,11,5
HD2 1TB,74,35,39,47
HD2 1TD,56,25,31,24
HD2 1TE,14,8,6,12
HD2 1TF,16,8,8,8
HD2 1TG,43,20,23,20
HD2 1TH,65,31,34,31
HD2 1TJ,18,9,9,9
HD2 1TL,15,9,6,6
HD2 1TN,28,13,15,14
HD2 1TP,27,11,16,13
HD2 1TQ,63,29,34,23
HD2 1TR,32,18,14,18
HD2 1TS,41,22,19,27
HD2 1TT,16,4,12,9
HD2 1TU,27,11,16,13
HD2 1TW,53,25,28,29
HD2 1TX,33,13,20,9
HD2 1TZ,21,10,11,9
HD2 1UB,6,3,3,5
HD2 1UD,2,1,1,1
HD2 1UE,6,4,2,2
HD2 1UF,74,32,42,35
HD2 1UG,102,38,64,51
HD2 1UJ,11,5,6,8
HD2 1UL,7,3,4,4
HD2 1UP,33,18,15,20
HD2 1UQ,95,50,45,44
HD2 1UR,4,2,2,1
HD2 1US,3,2,1,2
HD2 1UU,16,8,8,4
HD2 1UX,23,13,10,9
HD2 1UY,74,41,33,35
HD2 1UZ,62,34,28,25
HD2 1WA,1,1,0,1
HD2 1WN,59,18,41,48
HD2 1XA,7,2,5,5
HD2 1XB,88,38,50,35
HD2 1XD,76,36,40,33
HD2 1XE,4,1,3,4
HD2 1XF,43,18,25,22
HD2 1XN,10,3,7,4
HD2 1XQ,28,16,12,14
HD2 1XT,97,49,48,38
HD2 1XX,99,41,58,51
HD2 1XY,87,40,47,38
HD2 1XZ,16,9,7,6
HD2 1YA,1,1,0,1
HD2 1YB,64,38,26,26
HD2 1YJ,2,2,0,1
HD2 1YS,53,22,31,26
HD2 1YU,18,10,8,10
HD2 1YW,62,32,30,31
HD2 1YX,11,9,2,5
HD2 1YY,34,18,16,22
HD2 1YZ,38,23,15,19
HD2 1ZF,31,13,18,17
HD2 1ZG,87,46,41,28
HD2 1ZH,92,49,43,34
HD2 2AA,14,8,6,8
HD2 2AB,6,4,2,3
HD2 2AD,30,18,12,18
HD2 2AE,48,25,23,11
HD2 2AF,23,12,11,9
HD2 2AG,9,5,4,4
HD2 2AH,72,31,41,16
HD2 2AJ,10,4,6,5
HD2 2AL,33,2,31,0
HD2 2AN,62,33,29,25
HD2 2AP,7,4,3,3
HD2 2AQ,45,19,26,16
HD2 2AR,67,40,27,48
HD2 2AS,94,51,43,30
HD2 2AT,18,7,11,7
HD2 2AU,17,10,7,5
HD2 2AX,6,5,1,2
HD2 2AY,109,46,63,43
HD2 2AZ,21,10,11,14
HD2 2BA,23,9,14,13
HD2 2BB,5,2,3,4
HD2 2BD,31,15,16,14
HD2 2BE,45,21,24,15
HD2 2BF,98,51,47,36
HD2 2BG,31,18,13,10
HD2 2BH,9,4,5,5
HD2 2BJ,167,87,80,48
HD2 2BL,28,14,14,14
HD2 2BN,14,8,6,9
HD2 2BP,23,11,12,7
HD2 2BQ,12,4,8,7
HD2 2BR,15,9,6,5
HD2 2BS,9,5,4,5
HD2 2BT,13,7,6,4
HD2 2BU,24,11,13,11
HD2 2BX,14,5,9,2
HD2 2BY,47,25,22,17
HD2 2BZ,29,18,11,8
HD2 2DA,14,7,7,6
HD2 2DB,21,13,8,10
HD2 2DD,22,10,12,8
HD2 2DE,7,4,3,3
HD2 2DF,39,19,20,16
HD2 2DG,54,30,24,21
HD2 2DH,27,14,13,10
HD2 2DJ,85,46,39,29
HD2 2DL,27,16,11,9
HD2 2DN,30,17,13,10
HD2 2DP,2,2,0,1
HD2 2DQ,53,24,29,16
HD2 2DR,16,10,6,9
HD2 2DS,83,40,43,36
HD2 2DT,70,36,34,22
HD2 2DU,107,57,50,33
HD2 2DW,7,3,4,4
HD2 2DX,4,1,3,3
HD2 2DY,7,4,3,4
HD2 2DZ,70,37,33,29
HD2 2EA,44,21,23,12
HD2 2EB,62,30,32,30
HD2 2ED,16,10,6,5
HD2 2EE,29,14,15,13
HD2 2EF,20,9,11,10
HD2 2EG,54,27,27,24
HD2 2EH,72,34,38,26
HD2 2EJ,4,2,2,2
HD2 2EL,8,3,5,4
HD2 2EN,7,3,4,3
HD2 2EQ,7,2,5,6
HD2 2ER,6,3,3,2
HD2 2ES,22,10,12,8
HD2 2EU,32,18,14,10
HD2 2EW,19,10,9,8
HD2 2EX,146,68,78,47
HD2 2FA,46,22,24,16
HD2 2FB,23,12,11,9
HD2 2FD,71,36,35,24
HD2 2FE,107,51,56,45
HD2 2FF,52,27,25,19
HD2 2FG,52,28,24,18
HD2 2FH,7,3,4,2
HD2 2FJ,2,1,1,1
HD2 2FL,159,77,82,68
HD2 2FN,42,18,24,19
HD2 2FP,58,31,27,29
HD2 2FQ,10,4,6,3
HD2 2FR,58,32,26,25
HD2 2FS,64,31,33,20
HD2 2FW,80,40,40,32
HD2 2GA,41,15,26,12
HD2 2GB,54,28,26,36
HD2 2GD,93,51,42,41
HD2 2GZ,82,42,40,22
HD2 2HA,33,15,18,12
HD2 2HD,10,5,5,3
HD2 2HE,88,48,40,33
HD2 2HF,49,22,27,15
HD2 2HG,65,30,35,23
HD2 2HH,83,43,40,29
HD2 2HJ,95,52,43,34
HD2 2HL,11,4,7,5
HD2 2HN,7,3,4,2
HD2 2HP,6,2,4,2
HD2 2HQ,70,37,33,27
HD2 2HR,67,29,38,30
HD2 2HS,66,31,35,30
HD2 2HT,16,8,8,6
HD2 2HU,142,71,71,55
HD2 2HW,26,10,16,10
HD2 2HX,16,8,8,8
HD2 2HY,21,11,10,7
HD2 2HZ,4,2,2,1
HD2 2JA,22,12,10,6
HD2 2JB,44,23,21,14
HD2 2JD,10,4,6,4
HD2 2JE,28,13,15,14
HD2 2JF,28,14,14,11
HD2 2JG,8,5,3,4
HD2 2JH,9,5,4,3
HD2 2JJ,99,50,49,40
HD2 2JL,19,10,9,8
HD2 2JN,28,13,15,8
HD2 2JP,59,29,30,22
HD2 2JQ,49,21,28,14
HD2 2JR,43,19,24,14
HD2 2JS,34,19,15,13
HD2 2JT,1,1,0,1
HD2 2JU,27,15,12,10
HD2 2JW,15,8,7,7
HD2 2JX,9,5,4,4
HD2 2JY,35,18,17,14
HD2 2JZ,84,39,45,31
HD2 2LA,13,8,5,6
HD2 2LB,2,1,1,1
HD2 2LH,39,19,20,19
HD2 2LJ,27,11,16,9
HD2 2LL,26,12,14,14
HD2 2LN,6,2,4,2
HD2 2LP,14,9,5,6
HD2 2LR,94,49,45,60
HD2 2LS,54,24,30,26
HD2 2LT,73,32,41,34
HD2 2LU,2,1,1,1
HD2 2LW,33,16,17,15
HD2 2LX,89,42,47,35
HD2 2LY,7,5,2,2
HD2 2LZ,87,47,40,36
HD2 2NA,39,22,17,19
HD2 2NB,4,2,2,2
HD2 2ND,100,49,51,42
HD2 2NE,27,14,13,11
HD2 2NF,47,19,28,20
HD2 2NG,12,7,5,7
HD2 2NH,132,62,70,54
HD2 2NJ,24,12,12,14
HD2 2NL,54,23,31,25
HD2 2NN,25,16,9,10
HD2 2NP,21,11,10,12
HD2 2NQ,9,5,4,5
HD2 2NR,40,21,19,18
HD2 2NS,60,31,29,27
HD2 2NT,28,13,15,15
HD2 2NU,60,31,29,20
HD2 2NW,4,2,2,2
HD2 2NX,50,21,29,18
HD2 2NY,23,11,12,14
HD2 2NZ,75,42,33,38
HD2 2PA,73,43,30,31
HD2 2PB,69,36,33,42
HD2 2PD,29,16,13,11
HD2 2PE,102,51,51,45
HD2 2PF,67,32,35,34
HD2 2PG,26,12,14,14
HD2 2PH,40,24,16,21
HD2 2PJ,2,2,0,1
HD2 2PL,36,19,17,18
HD2 2PN,41,23,18,13
HD2 2PP,72,34,38,21
HD2 2PQ,11,5,6,5
HD2 2PR,139,65,74,42
HD2 2PS,144,70,74,46
HD2 2PT,23,14,9,5
HD2 2PU,65,30,35,22
HD2 2PW,147,82,65,38
HD2 2PX,30,15,15,10
HD2 2PZ,16,6,10,12
HD2 2QA,27,12,15,10
HD2 2QB,1,1,0,1
HD2 2QD,48,25,23,9
HD2 2QE,40,11,29,33
HD2 2QF,18,13,5,6
HD2 2QG,47,21,26,20
HD2 2QH,101,51,50,27
HD2 2QJ,42,19,23,12
HD2 2QL,46,17,29,18
HD2 2QN,23,12,11,9
HD2 2QP,115,52,63,32
HD2 2QQ,22,13,9,8
HD2 2QR,24,11,13,6
HD2 2QS,38,17,21,17
HD2 2QT,54,23,31,16
HD2 2QU,112,61,51,35
HD2 2QW,10,5,5,4
HD2 2QX,18,9,9,7
HD2 2QY,25,20,5,14
HD2 2QZ,6,2,4,3
HD2 2RA,43,23,20,19
HD2 2RB,45,21,24,24
HD2 2RE,24,10,14,20
HD2 2RF,17,6,11,13
HD2 2RH,125,68,57,39
HD2 2RL,18,11,7,6
HD2 2RN,102,51,51,29
HD2 2RP,47,23,24,13
HD2 2RR,50,22,28,14
HD2 2RS,17,11,6,8
HD2 2RT,10,9,1,2
HD2 2RU,71,42,29,20
HD2 2RW,79,44,35,24
HD2 2RX,34,23,11,8
HD2 2RY,15,8,7,4
HD2 2RZ,38,21,17,14
HD2 2SA,9,5,4,3
HD2 2SB,91,44,47,22
HD2 2SD,24,15,9,8
HD2 2SE,106,47,59,53
HD2 2SF,6,3,3,5
HD2 2SG,91,45,46,26
HD2 2SH,9,8,1,7
HD2 2SJ,92,43,49,40
HD2 2SL,46,23,23,18
HD2 2SN,59,25,34,25
HD2 2SP,32,17,15,11
HD2 2SQ,47,23,24,23
HD2 2ST,52,25,27,21
HD2 2SW,15,7,8,6
HD2 2SY,16,7,9,6
HD2 2SZ,64,24,40,20
HD2 2TA,110,50,60,27
HD2 2TB,111,59,52,32
HD2 2TD,163,80,83,52
HD2 2TE,10,5,5,5
HD2 2TF,88,51,37,26
HD2 2TG,1,1,0,1
HD2 2TH,45,24,21,16
HD2 2TJ,61,35,26,16
HD2 2TL,78,45,33,25
HD2 2TN,63,32,31,17
HD2 2TP,82,41,41,20
HD2 2TQ,23,13,10,11
HD2 2TR,7,2,5,4
HD2 2TS,97,45,52,31
HD2 2TT,78,41,37,33
HD2 2TU,20,8,12,5
HD2 2TX,53,28,25,31
HD2 2TY,10,5,5,3
HD2 2TZ,68,35,33,29
HD2 2UA,29,13,16,11
HD2 2UB,168,75,93,49
HD2 2UD,143,76,67,42
HD2 2UE,117,65,52,53
HD2 2UG,30,13,17,24
HD2 2UJ,20,14,6,18
HD2 2UN,10,8,2,4
HD2 2UP,14,7,7,6
HD2 2US,128,65,63,40
HD2 2UT,40,23,17,11
HD2 2UU,40,21,19,13
HD2 2UW,56,34,22,32
HD2 2UX,26,14,12,7
HD2 2UY,35,21,14,10
HD2 2UZ,28,18,10,13
HD2 2XA,18,9,9,8
HD2 2XD,30,15,15,13
HD2 2XE,12,8,4,5
HD2 2XF,34,18,16,14
HD2 2XG,47,22,25,17
HD2 2XH,63,34,29,26
HD2 2XJ,71,34,37,25
HD2 2XL,2,1,1,2
HD2 2XN,87,50,37,28
HD2 2XP,113,52,61,39
HD2 2XQ,35,17,18,9
HD2 2XR,147,64,83,47
HD2 2XS,35,18,17,10
HD2 2XT,88,47,41,28
HD2 2XU,54,30,24,15
HD2 2XW,58,33,25,18
HD2 2XX,57,26,31,19
HD2 2YD,127,63,64,49
HD2 2YE,75,41,34,39
HD2 2YF,117,64,53,49
HD2 2YG,24,15,9,17
HD3 3AA,10,5,5,5
HD3 3AB,8,4,4,3
HD3 3AD,49,25,24,25
HD3 3AE,12,5,7,2
HD3 3AF,99,56,43,51
HD3 3AG,10,6,4,4
HD3 3AH,3,1,2,2
HD3 3AJ,12,6,6,6
HD3 3AL,17,8,9,7
HD3 3AN,6,4,2,4
HD3 3AP,42,20,22,31
HD3 3AQ,49,23,26,24
HD3 3AS,7,4,3,5
HD3 3AT,3,2,1,1
HD3 3AU,39,8,31,7
HD3 3AW,7,4,3,3
HD3 3AX,40,17,23,18
HD3 3AY,56,31,25,26
HD3 3AZ,36,14,22,11
HD3 3BA,6,1,5,3
HD3 3BB,51,26,25,17
HD3 3BD,15,6,9,6
HD3 3BE,14,9,5,12
HD3 3BG,19,8,11,7
HD3 3BH,25,15,10,9
HD3 3BJ,3,1,2,2
HD3 3BL,5,3,2,2
HD3 3BN,7,4,3,3
HD3 3BP,22,14,8,12
HD3 3BQ,45,23,22,18
HD3 3BR,75,40,35,42
HD3 3BS,55,24,31,24
HD3 3BT,48,23,25,24
HD3 3BU,11,7,4,7
HD3 3BW,22,10,12,9
HD3 3BX,7,4,3,4
HD3 3BY,2,0,2,2
HD3 3BZ,27,16,11,17
HD3 3DA,20,10,10,10
HD3 3DB,72,33,39,21
HD3 3DD,116,54,62,42
HD3 3DE,63,27,36,25
HD3 3DF,77,35,42,32
HD3 3DG,32,15,17,13
HD3 3DH,16,9,7,8
HD3 3DJ,55,26,29,22
HD3 3DL,1,0,1,1
HD3 3DN,45,23,22,22
HD3 3DP,38,23,15,15
HD3 3DQ,30,14,16,9
HD3 3DR,39,19,20,17
HD3 3DT,28,14,14,12
HD3 3DU,15,8,7,6
HD3 3DW,57,32,25,16
HD3 3DX,25,12,13,11
HD3 3DY,9,5,4,6
HD3 3DZ,25,9,16,11
HD3 3EA,22,12,10,2
HD3 3ED,64,30,34,33
HD3 3EE,13,5,8,6
HD3 3EF,92,44,48,34
HD3 3EG,28,15,13,14
HD3 3EH,26,12,14,16
HD3 3EJ,65,24,41,28
HD3 3EN,98,47,51,40
HD3 3EP,59,24,35,29
HD3 3EQ,23,11,12,12
HD3 3ER,44,25,19,31
HD3 3ES,39,17,22,18
HD3 3ET,5,3,2,3
HD3 3EU,45,22,23,23
HD3 3EW,43,18,25,20
HD3 3EX,59,26,33,32
HD3 3EY,122,59,63,57
HD3 3EZ,85,39,46,47
HD3 3FA,5,3,2,3
HD3 3FB,9,5,4,3
HD3 3FD,51,25,26,17
HD3 3FE,87,48,39,42
HD3 3FF,10,4,6,5
HD3 3FG,43,17,26,15
HD3 3FH,112,59,53,43
HD3 3FJ,66,33,33,28
HD3 3FL,18,12,6,9
HD3 3FN,18,10,8,5
HD3 3FP,90,45,45,33
HD3 3FQ,116,53,63,56
HD3 3FR,62,30,32,25
HD3 3FT,16,7,9,7
HD3 3FU,19,10,9,9
HD3 3FW,75,40,35,33
HD3 3FX,9,2,7,8
HD3 3FY,63,26,37,20
HD3 3FZ,13,5,8,6
HD3 3GA,16,11,5,7
HD3 3GB,9,3,6,5
HD3 3GD,27,14,13,13
HD3 3GE,62,32,30,41
HD3 3GF,3,1,2,1
HD3 3GH,46,22,24,25
HD3 3GJ,9,4,5,6
HD3 3GL,26,11,15,18
HD3 3GP,128,67,61,51
HD3 3GQ,18,5,13,14
HD3 3GR,26,16,10,8
HD3 3GS,48,25,23,22
HD3 3GT,45,21,24,16
HD3 3GU,89,45,44,29
HD3 3GW,12,8,4,4
HD3 3GX,32,7,25,27
HD3 3GY,55,23,32,17
HD3 3GZ,47,21,26,18
HD3 3HA,67,36,31,41
HD3 3HB,17,10,7,10
HD3 3HD,21,9,12,11
HD3 3HF,18,8,10,9
HD3 3HG,17,8,9,5
HD3 3HH,66,28,38,23
HD3 3HJ,55,22,33,17
HD3 3HL,97,48,49,68
HD3 3HP,11,6,5,3
HD3 3HQ,44,27,17,30
HD3 3HU,36,24,12,22
HD3 3HX,13,7,6,5
HD3 3HY,104,47,57,59
HD3 3HZ,28,11,17,11
HD3 3JA,18,10,8,12
HD3 3JB,41,20,21,14
HD3 3JE,3,2,1,2
HD3 3JF,12,5,7,6
HD3 3JG,51,21,30,32
HD3 3JH,4,1,3,4
HD3 3JJ,45,22,23,26
HD3 3JL,80,44,36,44
HD3 3JN,21,11,10,8
HD3 3JP,29,18,11,17
HD3 3JQ,73,32,41,34
HD3 3JR,41,21,20,24
HD3 3JS,19,10,9,9
HD3 3JT,35,19,16,19
HD3 3JU,40,18,22,22
HD3 3JW,7,2,5,6
HD3 3JX,47,22,25,25
HD3 3JY,30,17,13,12
HD3 3JZ,12,3,9,4
HD3 3LA,23,12,11,6
HD3 3LB,36,17,19,17
HD3 3LD,87,40,47,32
HD3 3LF,46,26,20,37
HD3 3LG,66,33,33,28
HD3 3LH,18,10,8,11
HD3 3LJ,29,14,15,9
HD3 3LL,32,15,17,13
HD3 3LN,17,9,8,5
HD3 3LP,46,19,27,17
HD3 3LQ,93,40,53,26
HD3 3LR,13,7,6,6
HD3 3LS,107,58,49,41
HD3 3LT,19,11,8,6
HD3 3LU,118,59,59,47
HD3 3LW,12,4,8,4
HD3 3LX,120,58,62,49
HD3 3LY,60,31,29,31
HD3 3LZ,4,0,4,4
HD3 3NA,49,19,30,27
HD3 3ND,43,17,26,24
HD3 3NE,5,2,3,3
HD3 3NF,37,20,17,18
HD3 3NG,38,22,16,13
HD3 3NH,18,7,11,5
HD3 3NJ,4,1,3,1
HD3 3NL,64,26,38,26
HD3 3NN,197,97,100,72
HD3 3NP,72,34,38,38
HD3 3NQ,19,9,10,8
HD3 3NR,19,8,11,17
HD3 3NS,75,38,37,30
HD3 3NU,3,1,2,2
HD3 3NW,102,47,55,43
HD3 3NX,78,38,40,32
HD3 3NY,22,8,14,6
HD3 3NZ,13,6,7,5
HD3 3PA,46,21,25,21
HD3 3PB,17,9,8,7
HD3 3PD,28,15,13,10
HD3 3PE,86,39,47,36
HD3 3PF,107,51,56,63
HD3 3PG,57,28,29,23
HD3 3PH,140,72,68,44
HD3 3PJ,15,6,9,8
HD3 3PL,59,26,33,25
HD3 3PN,7,2,5,5
HD3 3PP,27,11,16,8
HD3 3PQ,14,5,9,9
HD3 3PR,111,51,60,47
HD3 3PS,98,46,52,43
HD3 3PT,35,20,15,16
HD3 3PU,91,44,47,28
HD3 3PW,54,23,31,22
HD3 3PX,60,34,26,21
HD3 3PY,22,12,10,8
HD3 3PZ,69,34,35,23
HD3 3QA,58,27,31,21
HD3 3QB,51,26,25,22
HD3 3QD,88,43,45,37
HD3 3QE,22,12,10,7
HD3 3QF,165,80,85,54
HD3 3QG,115,59,56,42
HD3 3QJ,23,11,12,8
HD3 3QL,26,14,12,10
HD3 3QN,10,6,4,3
HD3 3QP,5,1,4,3
HD3 3QQ,35,17,18,10
HD3 3QR,119,55,64,46
HD3 3QS,37,17,20,17
HD3 3QT,117,50,67,49
HD3 3QU,74,38,36,33
HD3 3QW,15,6,9,9
HD3 3QX,70,29,41,30
HD3 3QY,57,29,28,21
HD3 3QZ,69,33,36,29
HD3 3RA,19,9,10,10
HD3 3RB,142,72,70,56
HD3 3RD,94,46,48,41
HD3 3RE,14,7,7,9
HD3 3RF,52,25,27,19
HD3 3RG,2,1,1,1
HD3 3RH,1,0,1,0
HD3 3RJ,31,16,15,14
HD3 3RL,28,14,14,12
HD3 3RN,42,15,27,19
HD3 3RP,7,5,2,4
HD3 3RQ,64,35,29,27
HD3 3RR,129,60,69,51
HD3 3RS,21,13,8,10
HD3 3RT,87,41,46,42
HD3 3RU,27,11,16,12
HD3 3RX,35,14,21,15
HD3 3RY,27,12,15,16
HD3 3RZ,24,13,11,10
HD3 3SA,27,15,12,12
HD3 3SB,184,92,92,80
HD3 3SD,38,10,28,31
HD3 3SE,8,4,4,2
HD3 3SF,32,20,12,15
HD3 3SG,98,49,49,41
HD3 3SH,57,28,29,28
HD3 3SJ,58,28,30,21
HD3 3SL,31,12,19,13
HD3 3SN,43,16,27,27
HD3 3SP,41,21,20,14
HD3 3SQ,28,15,13,14
HD3 3SR,4,1,3,2
HD3 3SS,34,14,20,16
HD3 3ST,48,21,27,20
HD3 3SU,43,21,22,18
HD3 3SW,40,18,22,17
HD3 3SY,22,10,12,11
HD3 3SZ,47,28,19,21
HD3 3TA,67,31,36,49
HD3 3TB,2,1,1,1
HD3 3TD,10,6,4,3
HD3 3TE,6,3,3,1
HD3 3TF,29,12,17,15
HD3 3TG,31,17,14,15
HD3 3TH,27,14,13,13
HD3 3TJ,88,45,43,42
HD3 3TL,194,95,99,87
HD3 3TN,17,9,8,8
HD3 3TP,39,17,22,28
HD3 3TQ,72,35,37,20
HD3 3TR,24,11,13,10
HD3 3TS,118,54,64,42
HD3 3TT,9,3,6,5
HD3 3TU,46,20,26,24
HD3 3TW,11,5,6,8
HD3 3TX,68,35,33,28
HD3 3TY,115,53,62,45
HD3 3TZ,81,36,45,40
HD3 3UA,6,4,2,2
HD3 3UB,113,58,55,41
HD3 3UD,17,8,9,10
HD3 3UE,38,19,19,18
HD3 3UF,102,50,52,46
HD3 3UG,13,5,8,5
HD3 3UH,14,5,9,6
HD3 3UJ,41,22,19,20
HD3 3UL,114,56,58,42
HD3 3UN,25,16,9,9
HD3 3UP,11,5,6,4
HD3 3UQ,87,40,47,44
HD3 3UR,12,5,7,3
HD3 3US,134,58,76,62
HD3 3UT,46,23,23,28
HD3 3UU,17,6,11,4
HD3 3UW,31,18,13,8
HD3 3UX,169,85,84,64
HD3 3UY,27,12,15,11
HD3 3UZ,5,2,3,3
HD3 3WA,35,13,22,23
HD3 3WB,31,12,19,11
HD3 3WD,104,56,48,32
HD3 3WE,64,29,35,29
HD3 3WF,58,30,28,30
HD3 3WG,24,11,13,11
HD3 3WH,57,25,32,34
HD3 3WJ,46,22,24,20
HD3 3WL,68,35,33,22
HD3 3WN,18,9,9,11
HD3 3WP,45,21,24,23
HD3 3WQ,21,10,11,15
HD3 3WS,14,6,8,11
HD3 3WT,9,4,5,6
HD3 3WW,150,69,81,61
HD3 3XA,20,12,8,8
HD3 3XB,70,37,33,40
HD3 3XD,36,17,19,14
HD3 3XE,58,26,32,25
HD3 3XF,45,21,24,20
HD3 3XG,27,14,13,12
HD3 3XH,38,17,21,14
HD3 3XJ,18,9,9,10
HD3 3XL,8,5,3,7
HD3 3XN,51,25,26,24
HD3 3XP,127,57,70,51
HD3 3XQ,84,42,42,32
HD3 3XR,25,11,14,10
HD3 3XS,128,59,69,48
HD3 3XU,47,23,24,16
HD3 3XW,88,42,46,32
HD3 3XX,16,9,7,6
HD3 3XY,64,28,36,44
HD3 3XZ,90,41,49,32
HD3 3YA,90,47,43,30
HD3 3YB,39,22,17,12
HD3 3YD,55,23,32,19
HD3 3YE,2,1,1,1
HD3 3YG,16,7,9,9
HD3 3YH,35,18,17,8
HD3 3YJ,16,9,7,8
HD3 3YL,39,21,18,17
HD3 3YN,10,5,5,6
HD3 3YP,32,18,14,15
HD3 3YQ,33,15,18,13
HD3 3YR,15,6,9,5
HD3 3YS,9,7,2,4
HD3 3YT,24,12,12,11
HD3 3YU,8,4,4,5
HD3 3YW,57,28,29,30
HD3 3YX,17,8,9,8
HD3 3YY,2,2,0,1
HD3 3ZF,139,70,69,69
HD3 3ZJ,15,5,10,10
HD3 3ZL,18,11,7,4
HD3 3ZN,18,10,8,4
HD3 3ZZ,34,17,17,11
HD3 4AA,64,24,40,35
HD3 4AB,28,12,16,15
HD3 4AE,46,24,22,28
HD3 4AF,22,12,10,12
HD3 4AG,13,9,4,4
HD3 4AH,16,9,7,10
HD3 4AJ,91,44,47,25
HD3 4AL,53,24,29,26
HD3 4AN,103,44,59,32
HD3 4AP,88,44,44,29
HD3 4AQ,13,7,6,6
HD3 4AR,167,79,88,67
HD3 4AS,8,4,4,3
HD3 4AT,24,11,13,8
HD3 4AU,92,42,50,33
HD3 4AW,23,11,12,10
HD3 4AX,29,14,15,13
HD3 4AY,13,6,7,8
HD3 4AZ,112,48,64,46
HD3 4BA,37,18,19,17
HD3 4BB,107,46,61,42
HD3 4BD,46,24,22,22
HD3 4BE,54,24,30,22
HD3 4BG,34,17,17,13
HD3 4BH,132,64,68,50
HD3 4BJ,97,51,46,35
HD3 4BL,83,41,42,41
HD3 4BN,21,9,12,10
HD3 4BP,16,4,12,9
HD3 4BQ,59,25,34,25
HD3 4BS,49,18,31,29
HD3 4BT,4,2,2,2
HD3 4BU,53,21,32,29
HD3 4BW,39,16,23,20
HD3 4BX,2,1,1,1
HD3 4BZ,43,21,22,22
HD3 4DB,67,35,32,29
HD3 4DE,29,12,17,12
HD3 4DF,39,18,21,24
HD3 4DH,82,37,45,39
HD3 4DJ,29,13,16,12
HD3 4DL,41,18,23,16
HD3 4DN,59,29,30,28
HD3 4DP,50,26,24,21
HD3 4DQ,27,13,14,13
HD3 4DR,44,24,20,18
HD3 4DS,74,34,40,32
HD3 4DT,99,48,51,36
HD3 4DU,39,21,18,20
HD3 4DW,55,24,31,21
HD3 4DX,60,30,30,21
HD3 4DY,30,15,15,15
HD3 4DZ,64,30,34,28
HD3 4EA,58,30,28,31
HD3 4EB,46,36,10,37
HD3 4ED,36,27,9,35
HD3 4EE,40,23,17,34
HD3 4EF,244,124,120,78
HD3 4EG,51,22,29,30
HD3 4EH,68,39,29,41
HD3 4EJ,78,32,46,34
HD3 4EL,92,42,50,49
HD3 4EN,27,14,13,12
HD3 4EP,79,39,40,39
HD3 4EQ,81,40,41,31
HD3 4ER,62,33,29,31
HD3 4ES,29,5,24,27
HD3 4EU,9,4,5,4
HD3 4EW,2,1,1,1
HD3 4EX,1,0,1,1
HD3 4EY,51,22,29,28
HD3 4EZ,95,43,52,46
HD3 4FA,47,19,28,18
HD3 4FB,34,15,19,19
HD3 4FD,40,12,28,22
HD3 4FE,27,15,12,15
HD3 4FF,32,17,15,19
HD3 4FG,61,26,35,27
HD3 4FH,10,5,5,4
HD3 4FL,54,26,28,22
HD3 4FN,46,23,23,21
HD3 4FP,82,33,49,46
HD3 4FQ,13,9,4,5
HD3 4FR,127,63,64,54
HD3 4FS,52,23,29,25
HD3 4FT,34,15,19,14
HD3 4FW,33,17,16,17
HD3 4FX,74,37,37,27
HD3 4FY,91,44,47,38
HD3 4FZ,110,57,53,44
HD3 4GA,60,31,29,25
HD3 4GB,18,10,8,8
HD3 4GD,59,24,35,30
HD3 4GE,42,26,16,17
HD3 4GF,39,18,21,19
HD3 4GG,56,27,29,22
HD3 4GH,75,37,38,26
HD3 4GP,49,25,24,18
HD3 4GQ,59,26,33,25
HD3 4GR,20,12,8,12
HD3 4GS,61,30,31,22
HD3 4GW,12,5,7,4
HD3 4GX,12,7,5,3
HD3 4GZ,39,20,19,30
HD3 4HA,121,60,61,47
HD3 4HB,104,47,57,42
HD3 4HD,61,31,30,28
HD3 4HE,14,5,9,6
HD3 4HF,150,68,82,59
HD3 4HG,29,12,17,13
HD3 4HH,18,4,14,7
HD3 4HJ,84,43,41,35
HD3 4HL,7,4,3,4
HD3 4HQ,119,53,66,55
HD3 4HR,12,6,6,5
HD3 4HT,22,11,11,15
HD3 4HY,3,3,0,3
HD3 4HZ,13,8,5,9
HD3 4JA,29,13,16,13
HD3 4JB,6,3,3,3
HD3 4JD,37,16,21,13
HD3 4JG,6,3,3,4
HD3 4JH,33,12,21,14
HD3 4JL,12,5,7,4
HD3 4JN,109,46,63,49
HD3 4JP,20,11,9,8
HD3 4JQ,24,8,16,14
HD3 4JR,21,12,9,11
HD3 4JS,17,9,8,11
HD3 4JT,77,45,32,46
HD3 4JU,3,2,1,2
HD3 4JW,59,27,32,22
HD3 4JY,28,10,18,18
HD3 4LD,60,35,25,21
HD3 4LE,32,15,17,14
HD3 4LF,6,2,4,4
HD3 4LG,58,27,31,21
HD3 4LH,16,9,7,5
HD3 4LJ,8,4,4,3
HD3 4LL,19,10,9,9
HD3 4LN,85,40,45,33
HD3 4LP,20,8,12,6
HD3 4LQ,14,9,5,5
HD3 4LR,23,14,9,13
HD3 4LS,25,16,9,14
HD3 4LT,55,29,26,25
HD3 4LU,9,4,5,5
HD3 4LW,19,12,7,11
HD3 4LX,26,11,15,10
HD3 4LY,26,17,9,15
HD3 4LZ,18,12,6,11
HD3 4ND,6,2,4,4
HD3 4NF,35,20,15,22
HD3 4NG,1,1,0,1
HD3 4NH,44,20,24,30
HD3 4NJ,67,36,31,45
HD3 4NN,8,3,5,5
HD3 4NP,4,2,2,4
HD3 4NQ,60,27,33,36
HD3 4NS,3,0,3,3
HD3 4NW,31,18,13,15
HD3 4NY,1,0,1,1
HD3 4NZ,51,24,27,17
HD3 4PB,33,16,17,15
HD3 4PF,42,22,20,20
HD3 4PG,7,6,1,6
HD3 4PH,24,12,12,11
HD3 4PJ,65,31,34,25
HD3 4PL,34,16,18,17
HD3 4PN,21,11,10,8
HD3 4PP,15,6,9,10
HD3 4PR,17,9,8,9
HD3 4PS,72,35,37,33
HD3 4PT,42,20,22,20
HD3 4PW,75,34,41,35
HD3 4PX,127,57,70,44
HD3 4PY,45,23,22,20
HD3 4PZ,62,37,25,24
HD3 4QB,21,13,8,8
HD3 4QF,78,40,38,37
HD3 4QH,10,5,5,3
HD3 4QJ,12,5,7,7
HD3 4QN,5,4,1,4
HD3 4QP,42,18,24,25
HD3 4QQ,36,16,20,17
HD3 4QR,12,11,1,10
HD3 4QT,43,18,25,17
HD3 4QU,55,24,31,23
HD3 4QX,95,41,54,32
HD3 4QY,49,22,27,22
HD3 4QZ,13,6,7,7
HD3 4RA,115,62,53,42
HD3 4RB,31,16,15,14
HD3 4RD,45,24,21,11
HD3 4RE,49,21,28,18
HD3 4RF,82,47,35,29
HD3 4RG,19,8,11,10
HD3 4RH,82,41,41,31
HD3 4RJ,118,54,64,39
HD3 4RL,38,17,21,17
HD3 4RN,88,48,40,32
HD3 4RP,42,20,22,15
HD3 4RQ,8,5,3,8
HD3 4RR,59,29,30,28
HD3 4RS,56,29,27,45
HD3 4RT,8,4,4,2
HD3 4RU,15,5,10,6
HD3 4RW,36,11,25,20
HD3 4RX,13,7,6,4
HD3 4RY,112,45,67,46
HD3 4RZ,63,37,26,11
HD3 4SA,112,50,62,51
HD3 4SB,4,2,2,2
HD3 4SD,45,24,21,24
HD3 4SE,13,5,8,6
HD3 4SF,46,24,22,19
HD3 4SG,34,18,16,11
HD3 4SH,79,35,44,31
HD3 4SJ,15,8,7,7
HD3 4SL,7,2,5,5
HD3 4SN,48,24,24,21
HD3 4SP,29,16,13,13
HD3 4SQ,121,64,57,59
HD3 4SR,77,40,37,32
HD3 4SS,33,18,15,14
HD3 4ST,34,12,22,33
HD3 4SU,10,3,7,4
HD3 4SW,103,46,57,47
HD3 4SX,41,18,23,17
HD3 4SY,33,16,17,15
HD3 4SZ,2,1,1,1
HD3 4TA,18,10,8,9
HD3 4TB,22,11,11,8
HD3 4TD,78,37,41,30
HD3 4TE,23,11,12,9
HD3 4TF,21,8,13,11
HD3 4TJ,21,8,13,8
HD3 4TL,100,52,48,39
HD3 4TN,63,29,34,31
HD3 4TQ,28,18,10,13
HD3 4TR,6,4,2,2
HD3 4TS,12,7,5,8
HD3 4TT,88,44,44,40
HD3 4TU,28,12,16,13
HD3 4TW,80,40,40,36
HD3 4TY,25,14,11,7
HD3 4TZ,43,20,23,17
HD3 4UA,21,12,9,10
HD3 4UB,34,16,18,12
HD3 4UD,61,31,30,28
HD3 4UG,5,3,2,2
HD3 4UH,18,10,8,8
HD3 4UL,63,26,37,29
HD3 4UP,184,99,85,71
HD3 4UQ,46,20,26,20
HD3 4UR,9,3,6,7
HD3 4US,64,32,32,29
HD3 4UT,11,7,4,4
HD3 4UU,45,21,24,26
HD3 4UW,21,13,8,9
HD3 4UX,20,10,10,10
HD3 4UY,114,57,57,49
HD3 4UZ,130,69,61,63
HD3 4WQ,46,15,31,33
HD3 4XA,35,19,16,16
HD3 4XB,51,24,27,24
HD3 4XD,25,10,15,8
HD3 4XE,13,8,5,5
HD3 4XF,102,50,52,51
HD3 4XG,31,18,13,14
HD3 4XH,17,9,8,9
HD3 4XJ,13,6,7,4
HD3 4XL,12,6,6,5
HD3 4XN,5,2,3,2
HD3 4XP,82,37,45,30
HD3 4XQ,47,21,26,19
HD3 4XT,56,25,31,24
HD3 4XU,9,3,6,2
HD3 4XW,47,19,28,24
HD3 4XX,58,26,32,23
HD3 4XY,15,6,9,9
HD3 4XZ,16,8,8,6
HD3 4YA,22,7,15,10
HD3 4YB,101,56,45,76
HD3 4YD,8,4,4,4
HD3 4YH,22,11,11,8
HD3 4YJ,52,23,29,26
HD3 4YL,82,33,49,35
HD3 4YN,54,30,24,20
HD3 4YR,17,8,9,11
HD3 4YS,24,11,13,9
HD3 4YT,51,25,26,24
HD3 4YU,48,21,27,22
HD3 4YW,58,30,28,23
HD3 4YX,57,28,29,22
HD3 4YY,24,14,10,13
HD3 4YZ,42,24,18,16
HD3 4ZP,2,0,2,1
HD3 4ZQ,42,26,16,33
HD3 4ZW,77,46,31,58
HD3 4ZX,1,1,0,1
HD4 5AA,5,1,4,2
HD4 5AD,100,58,42,56
HD4 5AE,7,4,3,5
HD4 5AG,12,6,6,5
HD4 5AH,11,6,5,9
HD4 5AJ,10,6,4,5
HD4 5AP,98,49,49,39
HD4 5AQ,95,47,48,33
HD4 5AR,25,11,14,9
HD4 5AS,109,54,55,50
HD4 5AT,5,4,1,2
HD4 5AU,98,45,53,42
HD4 5AW,8,2,6,7
HD4 5AX,5,3,2,2
HD4 5AY,29,15,14,8
HD4 5BB,93,44,49,37
HD4 5BD,73,38,35,43
HD4 5BE,26,19,7,15
HD4 5BG,18,9,9,6
HD4 5BH,136,68,68,49
HD4 5BJ,45,26,19,19
HD4 5BL,21,12,9,11
HD4 5BN,28,15,13,17
HD4 5BP,2,2,0,2
HD4 5BQ,80,39,41,25
HD4 5BR,66,32,34,30
HD4 5BU,17,11,6,13
HD4 5BW,12,6,6,6
HD4 5DA,27,13,14,6
HD4 5DB,50,22,28,17
HD4 5DE,17,11,6,6
HD4 5DF,46,24,22,21
HD4 5DG,57,29,28,32
HD4 5DH,119,66,53,59
HD4 5DJ,39,22,17,17
HD4 5DL,41,23,18,14
HD4 5DN,104,49,55,40
HD4 5DP,43,20,23,14
HD4 5DQ,38,22,16,22
HD4 5DR,31,17,14,13
HD4 5DS,88,38,50,23
HD4 5DT,139,61,78,36
HD4 5DU,30,12,18,16
HD4 5DW,158,77,81,45
HD4 5DX,103,54,49,50
HD4 5DY,11,9,2,6
HD4 5DZ,100,55,45,42
HD4 5EA,32,14,18,18
HD4 5EB,124,62,62,60
HD4 5EN,40,34,6,20
HD4 5EP,24,11,13,13
HD4 5ER,29,16,13,13
HD4 5ES,165,72,93,48
HD4 5ET,198,90,108,60
HD4 5EU,119,59,60,40
HD4 5EW,65,32,33,25
HD4 5EX,77,37,40,29
HD4 5EY,46,20,26,22
HD4 5EZ,74,37,37,24
HD4 5HA,60,28,32,22
HD4 5HB,60,27,33,25
HD4 5HD,97,36,61,36
HD4 5HE,42,25,17,25
HD4 5HF,92,47,45,40
HD4 5HG,92,42,50,27
HD4 5HH,99,43,56,26
HD4 5HJ,24,9,15,6
HD4 5HL,13,8,5,5
HD4 5HN,104,50,54,42
HD4 5HP,16,8,8,5
HD4 5HQ,99,56,43,42
HD4 5HR,20,10,10,5
HD4 5HS,93,45,48,26
HD4 5HT,34,15,19,9
HD4 5HU,31,16,15,10
HD4 5HW,17,10,7,5
HD4 5HX,15,8,7,4
HD4 5HY,16,6,10,8
HD4 5HZ,76,32,44,33
HD4 5JA,64,35,29,25
HD4 5JB,40,15,25,14
HD4 5JD,71,34,37,28
HD4 5JE,35,19,16,19
HD4 5JF,52,28,24,25
HD4 5JG,16,7,9,5
HD4 5JH,13,5,8,4
HD4 5JJ,42,18,24,17
HD4 5JL,14,7,7,7
HD4 5JN,5,2,3,2
HD4 5JP,33,20,13,10
HD4 5JQ,4,2,2,1
HD4 5JR,98,45,53,37
HD4 5JS,35,18,17,18
HD4 5JT,15,8,7,6
HD4 5JU,35,18,17,22
HD4 5JW,62,27,35,24
HD4 5LE,14,5,9,9
HD4 5LF,56,19,37,21
HD4 5LG,122,56,66,57
HD4 5LH,30,16,14,13
HD4 5LJ,88,37,51,35
HD4 5LL,53,25,28,32
HD4 5LN,75,34,41,42
HD4 5LP,26,14,12,8
HD4 5LQ,84,44,40,35
HD4 5LR,13,4,9,8
HD4 5LS,4,2,2,2
HD4 5LT,57,22,35,26
HD4 5LU,17,6,11,8
HD4 5LW,4,0,4,4
HD4 5LX,32,16,16,13
HD4 5LY,45,17,28,18
HD4 5LZ,61,32,29,26
HD4 5NA,3,1,2,2
HD4 5NB,48,25,23,17
HD4 5NE,54,27,27,17
HD4 5NF,60,31,29,18
HD4 5NG,19,10,9,8
HD4 5NH,29,14,15,15
HD4 5NJ,6,4,2,4
HD4 5NL,15,6,9,7
HD4 5NN,90,44,46,35
HD4 5NP,84,41,43,42
HD4 5NQ,37,19,18,12
HD4 5NR,51,29,22,22
HD4 5NS,74,36,38,32
HD4 5NT,9,5,4,4
HD4 5NU,15,9,6,7
HD4 5NW,83,38,45,37
HD4 5NX,19,7,12,5
HD4 5NY,25,12,13,10
HD4 5NZ,132,71,61,58
HD4 5PA,10,3,7,7
HD4 5PB,23,10,13,9
HD4 5PE,35,17,18,14
HD4 5PH,15,7,8,7
HD4 5PL,72,36,36,28
HD4 5PN,105,49,56,39
HD4 5PP,27,12,15,10
HD4 5PR,34,15,19,14
HD4 5PS,57,26,31,21
HD4 5PT,20,8,12,9
HD4 5PU,38,16,22,14
HD4 5PW,81,41,40,39
HD4 5PX,12,5,7,8
HD4 5PY,116,58,58,45
HD4 5PZ,18,9,9,6
HD4 5QA,54,23,31,22
HD4 5QB,53,29,24,21
HD4 5QD,94,49,45,39
HD4 5QE,31,14,17,14
HD4 5QF,22,9,13,7
HD4 5QG,18,6,12,9
HD4 5QH,88,38,50,38
HD4 5QN,41,21,20,11
HD4 5QQ,63,31,32,25
HD4 5QU,122,60,62,43
HD4 5QY,59,24,35,43
HD4 5QZ,109,50,59,46
HD4 5RA,100,49,51,53
HD4 5RB,87,45,42,38
HD4 5RD,16,8,8,4
HD4 5RE,53,33,20,29
HD4 5RF,17,9,8,11
HD4 5RG,14,5,9,11
HD4 5RH,4,2,2,1
HD4 5RL,73,42,31,40
HD4 5RP,119,61,58,65
HD4 5RR,10,5,5,5
HD4 5RS,76,37,39,33
HD4 5RT,74,34,40,30
HD4 5RU,5,3,2,2
HD4 5RW,25,10,15,23
HD4 5RX,54,22,32,19
HD4 5SE,7,2,5,3
HD4 5SF,29,22,7,25
HD4 5SG,44,23,21,18
HD4 5SH,14,9,5,8
HD4 5SJ,5,3,2,2
HD4 5SL,17,7,10,7
HD4 5SN,50,30,20,27
HD4 5SP,18,8,10,9
HD4 5SQ,9,5,4,4
HD4 5SR,3,1,2,2
HD4 5SS,21,12,9,7
HD4 5ST,22,12,10,11
HD4 5SU,72,31,41,30
HD4 5SW,93,51,42,39
HD4 5SX,29,16,13,12
HD4 5SZ,10,4,6,3
HD4 5TA,65,35,30,30
HD4 5TB,10,6,4,6
HD4 5TD,36,15,21,15
HD4 5TE,54,29,25,24
HD4 5TF,12,6,6,7
HD4 5TG,19,8,11,10
HD4 5TH,130,63,67,48
HD4 5TJ,132,70,62,47
HD4 5TL,122,67,55,64
HD4 5TN,80,41,39,35
HD4 5TP,66,34,32,22
HD4 5TQ,53,31,22,24
HD4 5TR,43,18,25,21
HD4 5TW,158,76,82,59
HD4 5TX,47,27,20,14
HD4 5TY,56,31,25,21
HD4 5TZ,33,13,20,15
HD4 5UA,104,54,50,42
HD4 5UB,36,18,18,19
HD4 5UD,30,16,14,13
HD4 5UE,80,46,34,34
HD4 5UF,50,26,24,25
HD4 5UG,29,11,18,16
HD4 5UH,56,29,27,28
HD4 5UJ,35,20,15,16
HD4 5UL,77,34,43,27
HD4 5UN,40,17,23,20
HD4 5UP,89,43,46,31
HD4 5UQ,81,32,49,27
HD4 5UR,76,36,40,24
HD4 5US,88,37,51,37
HD4 5UT,113,54,59,46
HD4 5UU,10,7,3,3
HD4 5UW,81,33,48,23
HD4 5UX,49,20,29,11
HD4 5UY,39,18,21,17
HD4 5UZ,13,5,8,4
HD4 5XA,46,22,24,16
HD4 5XB,147,77,70,61
HD4 5XD,152,75,77,72
HD4 5XE,64,29,35,26
HD4 5XG,22,10,12,9
HD4 6AA,8,4,4,3
HD4 6AB,34,29,5,25
HD4 6AE,29,18,11,10
HD4 6AF,9,8,1,4
HD4 6AG,45,20,25,19
HD4 6AH,37,19,18,16
HD4 6AJ,44,29,15,39
HD4 6AL,7,2,5,3
HD4 6AN,60,41,19,49
HD4 6AP,155,58,97,50
HD4 6AS,11,8,3,6
HD4 6AT,2,2,0,1
HD4 6AU,88,43,45,28
HD4 6AW,18,7,11,12
HD4 6AY,43,19,24,17
HD4 6AZ,27,10,17,10
HD4 6BA,17,7,10,10
HD4 6BB,72,37,35,28
HD4 6BD,17,11,6,9
HD4 6BG,10,5,5,4
HD4 6BJ,8,4,4,4
HD4 6BL,8,2,6,3
HD4 6BN,12,8,4,10
HD4 6BP,27,20,7,16
HD4 6BQ,23,11,12,13
HD4 6BY,18,9,9,9
HD4 6BZ,8,6,2,7
HD4 6DA,56,28,28,22
HD4 6DB,70,37,33,28
HD4 6DD,43,23,20,18
HD4 6DE,67,29,38,14
HD4 6DF,29,17,12,15
HD4 6DG,71,34,37,36
HD4 6DH,60,22,38,26
HD4 6DJ,131,62,69,62
HD4 6DL,100,58,42,40
HD4 6DN,61,25,36,26
HD4 6DP,44,18,26,18
HD4 6DQ,10,4,6,5
HD4 6DR,130,59,71,33
HD4 6DS,171,70,101,65
HD4 6DT,97,54,43,49
HD4 6DU,21,8,13,9
HD4 6DW,52,24,28,26
HD4 6DX,77,45,32,35
HD4 6DY,17,9,8,9
HD4 6DZ,107,49,58,80
HD4 6EA,67,27,40,38
HD4 6EB,30,9,21,24
HD4 6ED,64,32,32,21
HD4 6EJ,3,1,2,1
HD4 6EL,15,10,5,9
HD4 6EN,2,1,1,1
HD4 6EP,29,17,12,14
HD4 6EQ,7,4,3,4
HD4 6ER,87,49,38,39
HD4 6ES,12,8,4,4
HD4 6ET,42,25,17,24
HD4 6EU,12,6,6,6
HD4 6EW,6,1,5,2
HD4 6EY,68,24,44,30
HD4 6HA,78,40,38,36
HD4 6HB,5,2,3,3
HD4 6HF,37,19,18,15
HD4 6HG,16,10,6,7
HD4 6HH,60,30,30,25
HD4 6HJ,68,33,35,37
HD4 6HL,8,3,5,6
HD4 6HN,44,18,26,22
HD4 6HP,55,25,30,29
HD4 6HQ,7,2,5,3
HD4 6HR,19,11,8,11
HD4 6HS,17,9,8,13
HD4 6HW,11,3,8,9
HD4 6JB,3,3,0,2
HD4 6JD,102,47,55,37
HD4 6JE,36,15,21,15
HD4 6JF,16,8,8,7
HD4 6JH,7,3,4,3
HD4 6JJ,78,37,41,30
HD4 6JL,53,30,23,19
HD4 6JN,74,35,39,27
HD4 6JP,51,15,36,22
HD4 6JQ,19,10,9,7
HD4 6JR,76,37,39,36
HD4 6JS,72,31,41,47
HD4 6JT,42,23,19,19
HD4 6JW,103,53,50,46
HD4 6JY,54,26,28,26
HD4 6JZ,178,93,85,74
HD4 6LA,70,32,38,38
HD4 6LB,126,70,56,60
HD4 6LD,72,36,36,37
HD4 6LE,33,15,18,17
HD4 6LF,38,17,21,17
HD4 6LG,24,11,13,8
HD4 6LH,58,31,27,29
HD4 6LJ,38,17,21,31
HD4 6LL,47,21,26,37
HD4 6LN,43,21,22,35
HD4 6LP,117,60,57,43
HD4 6LQ,100,51,49,30
HD4 6LR,42,20,22,13
HD4 6LS,44,23,21,19
HD4 6LT,96,40,56,34
HD4 6LU,17,9,8,6
HD4 6LW,53,27,26,32
HD4 6LX,70,30,40,33
HD4 6LY,90,46,44,34
HD4 6LZ,21,9,12,8
HD4 6NA,60,28,32,31
HD4 6NB,170,100,70,61
HD4 6ND,81,45,36,27
HD4 6NE,61,32,29,27
HD4 6NF,27,12,15,16
HD4 6NH,117,62,55,44
HD4 6NJ,20,13,7,10
HD4 6NL,52,32,20,21
HD4 6NN,57,30,27,20
HD4 6NP,56,26,30,19
HD4 6NQ,50,24,26,23
HD4 6NR,105,50,55,47
HD4 6NS,38,20,18,11
HD4 6NT,11,8,3,7
HD4 6NU,7,5,2,7
HD4 6NW,79,41,38,32
HD4 6NY,10,7,3,6
HD4 6NZ,27,15,12,8
HD4 6PH,23,14,9,7
HD4 6PJ,97,42,55,30
HD4 6PL,141,62,79,48
HD4 6PN,26,12,14,10
HD4 6PP,35,15,20,15
HD4 6PR,20,9,11,8
HD4 6PS,56,29,27,24
HD4 6PT,71,37,34,35
HD4 6PU,14,9,5,6
HD4 6PW,113,62,51,44
HD4 6PX,162,72,90,66
HD4 6PY,83,42,41,33
HD4 6PZ,64,24,40,33
HD4 6QA,95,43,52,37
HD4 6QB,89,41,48,37
HD4 6QD,19,10,9,12
HD4 6QE,31,18,13,11
HD4 6QF,11,6,5,5
HD4 6QG,67,37,30,29
HD4 6QH,9,3,6,5
HD4 6QJ,45,24,21,23
HD4 6QL,36,16,20,21
HD4 6QN,174,92,82,0
HD4 6QP,9,4,5,4
HD4 6QQ,81,26,55,18
HD4 6QU,8,3,5,5
HD4 6QX,85,42,43,31
HD4 6QY,48,25,23,16
HD4 6QZ,77,43,34,28
HD4 6RA,58,28,30,28
HD4 6RB,78,36,42,34
HD4 6RD,54,28,26,24
HD4 6RE,11,5,6,6
HD4 6RF,56,26,30,30
HD4 6RG,20,10,10,10
HD4 6RH,26,11,15,10
HD4 6RJ,46,25,21,20
HD4 6RL,39,19,20,22
HD4 6RN,71,36,35,36
HD4 6RP,7,4,3,3
HD4 6RQ,7,5,2,2
HD4 6RR,62,28,34,26
HD4 6RW,63,29,34,23
HD4 6SA,11,6,5,5
HD4 6SB,14,5,9,5
HD4 6SD,25,12,13,11
HD4 6SE,20,11,9,10
HD4 6SG,32,18,14,12
HD4 6SH,15,6,9,8
HD4 6SJ,11,5,6,3
HD4 6SL,4,2,2,2
HD4 6SN,16,9,7,5
HD4 6SP,10,5,5,4
HD4 6SQ,47,22,25,18
HD4 6SS,27,12,15,13
HD4 6ST,6,3,3,3
HD4 6SU,9,4,5,5
HD4 6SW,33,21,12,14
HD4 6SX,6,3,3,3
HD4 6SY,2,1,1,2
HD4 6SZ,68,37,31,35
HD4 6TA,14,8,6,6
HD4 6TB,8,5,3,3
HD4 6TD,8,4,4,4
HD4 6TE,29,17,12,12
HD4 6TF,14,6,8,4
HD4 6TG,12,5,7,4
HD4 6TH,32,16,16,19
HD4 6TJ,13,6,7,8
HD4 6TP,16,8,8,4
HD4 6TR,29,14,15,8
HD4 6TS,31,16,15,13
HD4 6TT,11,6,5,5
HD4 6TU,9,6,3,4
HD4 6TX,12,8,4,6
HD4 6TY,20,10,10,10
HD4 6TZ,20,10,10,10
HD4 6UA,15,8,7,8
HD4 6UB,8,3,5,4
HD4 6UD,18,10,8,10
HD4 6UE,36,16,20,12
HD4 6UF,8,5,3,3
HD4 6UG,18,8,10,9
HD4 6UH,10,5,5,5
HD4 6UJ,3,2,1,1
HD4 6UL,91,46,45,37
HD4 6UP,14,9,5,4
HD4 6UQ,12,4,8,6
HD4 6UR,15,5,10,12
HD4 6UU,24,7,17,9
HD4 6UW,14,5,9,5
HD4 6UY,12,8,4,4
HD4 6XA,65,34,31,20
HD4 6XB,13,8,5,3
HD4 6XD,39,13,26,16
HD4 6XE,18,8,10,8
HD4 6XF,74,36,38,28
HD4 6XG,17,9,8,6
HD4 6XH,59,29,30,25
HD4 6XJ,75,38,37,28
HD4 6XL,3,1,2,1
HD4 6XN,42,20,22,18
HD4 6XP,9,5,4,3
HD4 6XQ,47,23,24,19
HD4 6XR,13,6,7,7
HD4 6XS,18,8,10,5
HD4 6XT,4,2,2,2
HD4 6XU,18,9,9,11
HD4 6XW,20,11,9,10
HD4 6XX,85,37,48,38
HD4 6XY,8,5,3,3
HD4 6XZ,64,36,28,23
HD4 6YA,13,7,6,6
HD4 6YB,37,20,17,15
HD4 6YD,45,20,25,23
HD4 6YE,36,19,17,17
HD4 6YJ,70,29,41,34
HD4 6YL,21,9,12,12
HD4 7AE,25,15,10,7
HD4 7AF,108,49,59,66
HD4 7AH,14,9,5,6
HD4 7AJ,26,11,15,9
HD4 7AL,89,39,50,46
HD4 7AN,43,20,23,14
HD4 7AP,78,33,45,26
HD4 7AR,71,37,34,32
HD4 7AS,177,84,93,65
HD4 7AT,12,7,5,4
HD4 7AU,18,10,8,9
HD4 7AW,15,9,6,5
HD4 7AX,28,13,15,14
HD4 7AY,14,7,7,9
HD4 7AZ,30,18,12,13
HD4 7BA,8,5,3,3
HD4 7BB,11,4,7,5
HD4 7BD,9,7,2,4
HD4 7BE,10,6,4,6
HD4 7BG,89,43,46,40
HD4 7BH,1,1,0,1
HD4 7BJ,33,15,18,13
HD4 7BP,101,52,49,33
HD4 7BQ,95,39,56,50
HD4 7BR,32,20,12,15
HD4 7BS,15,8,7,4
HD4 7BU,18,7,11,6
HD4 7BX,22,10,12,10
HD4 7BY,34,17,17,14
HD4 7BZ,14,8,6,5
HD4 7DA,102,51,51,42
HD4 7DB,53,25,28,21
HD4 7DD,18,10,8,8
HD4 7DE,2,1,1,1
HD4 7DF,7,2,5,4
HD4 7DG,30,12,18,12
HD4 7DJ,22,14,8,8
HD4 7DL,16,7,9,6
HD4 7DN,7,4,3,5
HD4 7DP,38,24,14,21
HD4 7DR,12,8,4,7
HD4 7DS,21,9,12,11
HD4 7DT,38,19,19,16
HD4 7DU,5,2,3,4
HD4 7DZ,8,3,5,3
HD4 7EA,23,13,10,8
HD4 7ED,13,6,7,5
HD4 7EE,32,11,21,21
HD4 7EF,33,17,16,20
HD4 7EG,23,9,14,14
HD4 7EH,31,17,14,12
HD4 7EJ,33,15,18,19
HD4 7EL,29,15,14,15
HD4 7EN,48,25,23,21
HD4 7EP,43,24,19,24
HD4 7ER,50,19,31,22
HD4 7ES,33,17,16,19
HD4 7ET,44,24,20,35
HD4 7EU,10,6,4,8
HD4 7EW,68,36,32,28
HD4 7EX,46,26,20,25
HD4 7EY,4,2,2,3
HD4 7EZ,24,14,10,15
HD4 7HA,25,13,12,9
HD4 7HB,46,19,27,23
HD4 7HD,49,23,26,23
HD4 7HE,70,36,34,36
HD4 7HF,30,16,14,18
HD4 7HG,71,39,32,28
HD4 7HH,26,11,15,13
HD4 7HJ,45,27,18,17
HD4 7HL,41,20,21,16
HD4 7HN,12,2,10,11
HD4 7HP,10,3,7,8
HD4 7HQ,22,13,9,9
HD4 7HR,61,29,32,21
HD4 7HS,24,12,12,8
HD4 7JA,53,25,28,28
HD4 7JB,72,35,37,33
HD4 7JD,16,8,8,8
HD4 7JE,45,18,27,19
HD4 7JF,64,33,31,25
HD4 7JG,57,30,27,18
HD4 7JH,32,15,17,15
HD4 7JJ,115,57,58,49
HD4 7JN,70,30,40,34
HD4 7JP,46,23,23,22
HD4 7JQ,82,37,45,31
HD4 7JR,8,4,4,4
HD4 7JS,107,54,53,47
HD4 7JT,78,34,44,39
HD4 7JU,73,36,37,34
HD4 7JW,28,12,16,12
HD4 7JX,112,38,74,58
HD4 7JY,43,20,23,19
HD4 7JZ,80,37,43,38
HD4 7LA,8,5,3,2
HD4 7LB,7,3,4,4
HD4 7LD,16,7,9,8
HD4 7LF,38,16,22,16
HD4 7LG,135,72,63,51
HD4 7LH,17,9,8,9
HD4 7LJ,66,28,38,35
HD4 7LL,19,10,9,7
HD4 7LN,82,40,42,30
HD4 7LP,86,42,44,37
HD4 7LR,66,31,35,30
HD4 7LS,44,20,24,18
HD4 7LT,35,21,14,23
HD4 7LU,40,28,12,33
HD4 7LW,87,41,46,42
HD4 7LX,44,23,21,37
HD4 7LY,17,9,8,8
HD4 7LZ,68,33,35,38
HD4 7NA,3,2,1,2
HD4 7NB,26,15,11,13
HD4 7ND,6,2,4,2
HD4 7NF,4,3,1,1
HD4 7NG,13,5,8,5
HD4 7NH,55,38,17,46
HD4 7NJ,50,36,14,42
HD4 7NL,2,1,1,1
HD4 7NN,15,8,7,12
HD4 7NP,11,5,6,6
HD4 7NQ,3,1,2,3
HD4 7NT,4,3,1,3
HD4 7NU,16,6,10,10
HD4 7NW,10,6,4,9
HD4 7NX,11,5,6,6
HD4 7NY,8,4,4,4
HD4 7NZ,30,12,18,18
HD4 7PA,6,3,3,3
HD4 7PB,41,21,20,14
HD4 7PD,52,26,26,21
HD4 7PE,17,11,6,9
HD4 7PF,36,19,17,17
HD4 7PG,20,9,11,8
HD4 7PH,102,68,34,91
HD4 7PJ,14,6,8,9
HD4 7PL,38,15,23,20
HD4 7PN,9,4,5,4
HD4 7PQ,5,2,3,3
HD4 7PT,156,76,80,71
HD4 7PU,46,20,26,27
HD4 7PW,19,8,11,9
HD4 7PX,33,16,17,18
HD4 7PY,58,28,30,35
HD4 7PZ,53,30,23,35
HD4 7QA,9,3,6,5
HD4 7QB,10,7,3,6
HD4 7QD,69,36,33,31
HD4 7QE,8,4,4,3
HD4 7QH,10,5,5,7
HD4 7QJ,79,39,40,60
HD4 7QL,16,8,8,5
HD4 7QN,7,4,3,2
HD4 7QP,20,7,13,10
HD4 7QQ,11,6,5,6
HD4 7QR,25,12,13,13
HD4 7QS,91,46,45,35
HD4 7QT,89,43,46,44
HD4 7QU,6,2,4,2
HD4 7QW,2,1,1,1
HD4 7QX,50,25,25,23
HD4 7QY,24,12,12,11
HD4 7QZ,16,7,9,8
HD4 7RA,22,10,12,12
HD4 7RB,12,7,5,5
HD4 7RD,94,41,53,31
HD4 7RE,6,2,4,4
HD4 7RF,38,18,20,14
HD4 7RG,41,20,21,16
HD4 7RH,62,29,33,28
HD4 7RJ,41,19,22,15
HD4 7RL,20,11,9,9
HD4 7RN,69,34,35,24
HD4 7RQ,7,4,3,4
HD4 7RR,14,7,7,6
HD4 7SN,25,13,12,10
HD4 7SP,63,32,31,20
HD4 7SR,51,25,26,20
HD4 7SW,15,9,6,9
HD4 7WA,28,12,16,8
HD4 7WB,9,5,4,5
HD4 7WD,60,26,34,30
HD4 7WE,44,23,21,19
HD4 7WF,57,28,29,26
HD4 7WG,54,22,32,24
HD4 7WH,35,17,18,20
HD4 7WJ,35,16,19,16
HD4 7WL,25,10,15,17
HD4 7WN,20,9,11,13
HD4 7WP,38,21,17,19
HD4 7WQ,39,21,18,16
HD4 7WR,43,21,22,20
HD4 7WS,15,4,11,11
HD4 7WT,35,17,18,15
HD4 7WW,60,29,31,31
HD5 0AA,19,9,10,12
HD5 0AB,60,28,32,24
HD5 0AD,48,26,22,20
HD5 0AE,39,19,20,13
HD5 0AF,110,57,53,39
HD5 0AG,29,13,16,14
HD5 0AH,36,19,17,16
HD5 0AJ,2,0,2,1
HD5 0AN,22,15,7,10
HD5 0AP,21,14,7,8
HD5 0AQ,34,17,17,12
HD5 0AR,68,32,36,30
HD5 0AS,11,4,7,5
HD5 0AT,45,25,20,17
HD5 0AU,31,13,18,15
HD5 0AW,9,6,3,5
HD5 0AX,25,14,11,13
HD5 0AY,54,27,27,22
HD5 0AZ,53,25,28,26
HD5 0BA,9,6,3,4
HD5 0BB,2,0,2,2
HD5 0BD,60,29,31,20
HD5 0BE,108,50,58,44
HD5 0BG,18,9,9,5
HD5 0BH,7,3,4,4
HD5 0BN,11,6,5,5
HD5 0BP,8,4,4,5
HD5 0BQ,64,33,31,30
HD5 0BX,10,5,5,3
HD5 0BY,24,14,10,15
HD5 0DB,46,23,23,22
HD5 0DD,5,2,3,4
HD5 0DF,14,4,10,9
HD5 0DG,47,24,23,19
HD5 0DH,12,6,6,7
HD5 0DJ,5,3,2,2
HD5 0DL,10,5,5,5
HD5 0DN,14,7,7,7
HD5 0DP,7,2,5,4
HD5 0DQ,5,3,2,2
HD5 0DR,11,3,8,4
HD5 0DS,14,5,9,7
HD5 0DT,37,18,19,16
HD5 0DU,8,4,4,4
HD5 0DW,15,7,8,7
HD5 0DX,5,3,2,2
HD5 0DY,41,19,22,17
HD5 0EA,8,5,3,5
HD5 0ED,10,5,5,4
HD5 0EE,34,16,18,17
HD5 0EF,16,9,7,10
HD5 0EG,12,4,8,6
HD5 0EH,28,17,11,13
HD5 0EJ,72,35,37,34
HD5 0EL,18,10,8,8
HD5 0EN,8,2,6,6
HD5 0EP,17,5,12,8
HD5 0EQ,39,19,20,19
HD5 0ER,80,36,44,36
HD5 0ES,22,8,14,10
HD5 0EU,8,5,3,3
HD5 0EW,12,6,6,6
HD5 0EX,108,49,59,51
HD5 0EY,86,45,41,37
HD5 0EZ,36,13,23,15
HD5 0HF,79,35,44,24
HD5 0HH,50,25,25,25
HD5 0HJ,15,11,4,5
HD5 0HL,30,11,19,12
HD5 0HN,3,3,0,3
HD5 0HP,37,15,22,11
HD5 0HQ,13,8,5,4
HD5 0HR,86,42,44,31
HD5 0HS,2,1,1,1
HD5 0HT,125,65,60,43
HD5 0HU,2,1,1,1
HD5 0HW,69,34,35,35
HD5 0HX,151,73,78,63
HD5 0HY,91,46,45,31
HD5 0HZ,27,14,13,10
HD5 0JA,60,29,31,33
HD5 0JB,53,20,33,20
HD5 0JD,57,23,34,30
HD5 0JE,7,4,3,4
HD5 0JG,4,2,2,2
HD5 0JH,11,8,3,5
HD5 0JJ,12,7,5,6
HD5 0JL,154,60,94,65
HD5 0JN,6,4,2,5
HD5 0JP,39,23,16,11
HD5 0JQ,5,2,3,1
HD5 0JR,41,20,21,16
HD5 0JS,50,22,28,22
HD5 0JT,51,25,26,23
HD5 0JU,95,53,42,38
HD5 0JW,13,9,4,8
HD5 0JX,47,21,26,16
HD5 0JY,104,50,54,39
HD5 0LA,38,22,16,17
HD5 0LB,16,7,9,6
HD5 0LD,9,3,6,3
HD5 0LE,98,48,50,31
HD5 0LG,6,4,2,2
HD5 0LH,83,42,41,33
HD5 0LJ,59,29,30,30
HD5 0LL,42,21,21,21
HD5 0LN,35,19,16,15
HD5 0LP,35,17,18,16
HD5 0LQ,56,23,33,39
HD5 0LR,55,21,34,25
HD5 0LS,15,9,6,6
HD5 0LT,23,12,11,8
HD5 0LU,50,18,32,22
HD5 0LW,93,46,47,46
HD5 0LX,50,22,28,22
HD5 0LY,11,5,6,4
HD5 0LZ,38,14,24,21
HD5 0NB,23,11,12,11
HD5 0ND,94,48,46,43
HD5 0NE,24,8,16,13
HD5 0NF,47,19,28,22
HD5 0NG,60,29,31,27
HD5 0NJ,17,5,12,12
HD5 0NL,27,13,14,16
HD5 0NQ,26,12,14,10
HD5 0NT,12,7,5,5
HD5 0NU,2,1,1,1
HD5 0NX,13,4,9,6
HD5 0NY,18,9,9,5
HD5 0NZ,40,26,14,16
HD5 0PA,52,23,29,25
HD5 0PB,25,12,13,6
HD5 0PD,20,12,8,8
HD5 0PE,20,13,7,8
HD5 0PF,25,14,11,10
HD5 0PG,13,7,6,6
HD5 0PH,6,3,3,2
HD5 0PJ,5,2,3,4
HD5 0PL,23,11,12,8
HD5 0PN,20,11,9,7
HD5 0PP,28,10,18,11
HD5 0PQ,10,5,5,3
HD5 0PR,6,5,1,3
HD5 0PS,15,8,7,7
HD5 0PU,13,8,5,5
HD5 0PW,38,20,18,13
HD5 0PX,16,8,8,7
HD5 0PY,11,6,5,5
HD5 0PZ,6,2,4,4
HD5 0QA,8,5,3,3
HD5 0QB,2,1,1,1
HD5 0QE,48,27,21,15
HD5 0QS,3,2,1,1
HD5 0QT,34,16,18,17
HD5 0QU,8,4,4,5
HD5 0QX,4,1,3,1
HD5 0QY,16,8,8,6
HD5 0QZ,12,8,4,5
HD5 0RA,1,0,1,1
HD5 0RB,22,13,9,8
HD5 0RD,51,31,20,35
HD5 0RE,64,32,32,33
HD5 0RF,29,13,16,10
HD5 0RH,10,6,4,7
HD5 0RJ,16,9,7,9
HD5 0RR,26,12,14,18
HD5 0RT,7,3,4,4
HD5 0RU,11,4,7,5
HD5 8AA,17,11,6,11
HD5 8AB,9,4,5,5
HD5 8AD,13,7,6,6
HD5 8AE,20,14,6,12
HD5 8AF,13,5,8,6
HD5 8AG,14,13,1,6
HD5 8AL,50,19,31,23
HD5 8AN,32,16,16,15
HD5 8AR,30,14,16,13
HD5 8AU,68,30,38,27
HD5 8AW,12,7,5,6
HD5 8AX,83,43,40,35
HD5 8AY,33,16,17,17
HD5 8AZ,42,22,20,20
HD5 8BA,47,25,22,24
HD5 8BB,62,29,33,26
HD5 8BD,64,26,38,27
HD5 8BE,143,89,54,48
HD5 8BG,63,28,35,25
HD5 8BH,42,23,19,17
HD5 8BJ,57,31,26,37
HD5 8BL,158,83,75,64
HD5 8BN,116,64,52,49
HD5 8BP,19,7,12,8
HD5 8BQ,63,34,29,26
HD5 8BR,40,17,23,20
HD5 8BS,32,15,17,12
HD5 8BT,14,10,4,6
HD5 8BW,88,36,52,37
HD5 8BY,14,6,8,7
HD5 8DA,10,6,4,5
HD5 8DB,106,56,50,34
HD5 8DE,24,12,12,9
HD5 8DF,6,1,5,2
HD5 8DG,60,30,30,24
HD5 8DH,26,10,16,15
HD5 8DJ,4,2,2,3
HD5 8DL,68,20,48,53
HD5 8DN,17,7,10,4
HD5 8DP,41,16,25,21
HD5 8DQ,17,12,5,8
HD5 8DR,97,44,53,43
HD5 8DS,75,31,44,35
HD5 8DT,13,7,6,7
HD5 8DU,15,6,9,10
HD5 8DW,8,5,3,4
HD5 8DX,22,14,8,7
HD5 8DY,24,14,10,12
HD5 8DZ,45,21,24,20
HD5 8EA,35,18,17,19
HD5 8EB,72,37,35,25
HD5 8ED,68,32,36,29
HD5 8EE,41,21,20,18
HD5 8EG,64,12,52,14
HD5 8EH,64,34,30,19
HD5 8EJ,78,36,42,33
HD5 8EL,25,12,13,14
HD5 8EN,22,10,12,11
HD5 8EP,50,25,25,22
HD5 8ER,46,23,23,23
HD5 8ES,48,24,24,22
HD5 8ET,64,35,29,27
HD5 8EU,147,86,61,57
HD5 8EW,42,18,24,15
HD5 8EX,52,29,23,28
HD5 8EY,5,2,3,3
HD5 8EZ,12,7,5,8
HD5 8HA,69,33,36,39
HD5 8HB,48,26,22,24
HD5 8HD,48,16,32,29
HD5 8HE,7,5,2,5
HD5 8HF,68,43,25,38
HD5 8HG,16,5,11,9
HD5 8HN,31,18,13,11
HD5 8HP,25,9,16,16
HD5 8HQ,24,13,11,13
HD5 8HR,89,44,45,31
HD5 8HS,68,36,32,33
HD5 8HT,18,8,10,8
HD5 8HU,126,67,59,50
HD5 8HW,29,15,14,12
HD5 8HX,41,20,21,19
HD5 8HY,55,31,24,25
HD5 8HZ,116,68,48,40
HD5 8JA,11,3,8,5
HD5 8JB,52,34,18,26
HD5 8JD,6,2,4,2
HD5 8JJ,11,6,5,5
HD5 8JL,135,67,68,50
HD5 8JN,64,36,28,30
HD5 8JP,25,10,15,12
HD5 8JR,14,7,7,6
HD5 8JS,10,7,3,4
HD5 8JT,90,44,46,34
HD5 8JU,31,16,15,13
HD5 8JW,82,41,41,36
HD5 8JX,40,17,23,21
HD5 8JY,27,12,15,12
HD5 8JZ,97,46,51,46
HD5 8LA,34,18,16,17
HD5 8LB,28,13,15,15
HD5 8LD,173,66,107,65
HD5 8LE,102,47,55,31
HD5 8LF,15,7,8,7
HD5 8LG,22,14,8,7
HD5 8LH,62,33,29,24
HD5 8LJ,84,52,32,28
HD5 8LP,55,28,27,21
HD5 8LQ,100,42,58,38
HD5 8LR,33,15,18,17
HD5 8LS,150,80,70,61
HD5 8LT,87,40,47,40
HD5 8LU,118,58,60,49
HD5 8LW,40,22,18,20
HD5 8LX,92,43,49,43
HD5 8LY,61,28,33,22
HD5 8LZ,35,16,19,19
HD5 8NA,89,34,55,34
HD5 8NB,16,13,3,11
HD5 8ND,80,34,46,34
HD5 8NE,19,7,12,7
HD5 8NF,124,50,74,42
HD5 8NG,44,20,24,18
HD5 8NH,26,10,16,21
HD5 8NJ,23,12,11,9
HD5 8NN,18,11,7,11
HD5 8NP,80,45,35,37
HD5 8NQ,73,31,42,33
HD5 8NR,42,22,20,14
HD5 8NS,87,41,46,29
HD5 8NT,30,14,16,13
HD5 8NU,40,22,18,15
HD5 8NW,80,35,45,41
HD5 8NX,86,35,51,29
HD5 8NY,13,5,8,4
HD5 8NZ,43,22,21,13
HD5 8PA,52,26,26,16
HD5 8PB,45,25,20,16
HD5 8PD,5,4,1,4
HD5 8PE,74,40,34,25
HD5 8PF,164,80,84,58
HD5 8PG,84,48,36,32
HD5 8PH,154,72,82,91
HD5 8PJ,83,29,54,67
HD5 8PL,27,12,15,22
HD5 8PN,42,24,18,36
HD5 8PP,122,65,57,42
HD5 8PR,165,78,87,73
HD5 8PS,52,22,30,24
HD5 8PU,87,46,41,35
HD5 8PW,29,15,14,23
HD5 8PX,25,14,11,9
HD5 8PY,27,13,14,11
HD5 8PZ,59,32,27,30
HD5 8QA,255,121,134,92
HD5 8QB,138,73,65,54
HD5 8QD,91,40,51,36
HD5 8QE,97,52,45,43
HD5 8QF,110,43,67,50
HD5 8QG,44,21,23,21
HD5 8QH,38,22,16,14
HD5 8QJ,73,31,42,31
HD5 8QL,36,20,16,16
HD5 8QN,39,19,20,19
HD5 8QP,29,8,21,26
HD5 8QQ,128,71,57,50
HD5 8QT,60,28,32,29
HD5 8QX,58,33,25,25
HD5 8QY,40,22,18,15
HD5 8QZ,113,52,61,46
HD5 8RA,103,56,47,41
HD5 8RB,105,54,51,47
HD5 8RD,77,35,42,43
HD5 8RE,71,34,37,28
HD5 8RF,16,8,8,6
HD5 8RG,34,16,18,18
HD5 8RH,12,7,5,6
HD5 8RJ,110,58,52,52
HD5 8RL,27,15,12,12
HD5 8RN,58,25,33,25
HD5 8RP,31,12,19,11
HD5 8RQ,41,19,22,23
HD5 8RR,154,72,82,87
HD5 8RS,25,11,14,9
HD5 8RT,4,2,2,2
HD5 8RU,18,11,7,10
HD5 8RW,84,41,43,31
HD5 8RX,68,35,33,35
HD5 8RY,11,6,5,5
HD5 8RZ,56,31,25,23
HD5 8SA,73,35,38,29
HD5 8SB,64,23,41,26
HD5 8SD,23,10,13,10
HD5 8SE,52,28,24,31
HD5 8SF,92,47,45,65
HD5 8SH,107,51,56,44
HD5 8SJ,66,29,37,27
HD5 8SL,84,34,50,36
HD5 8SN,19,10,9,15
HD5 8SP,87,43,44,31
HD5 8SR,50,21,29,23
HD5 8SS,36,21,15,18
HD5 8ST,95,47,48,43
HD5 8SU,34,18,16,14
HD5 8SW,64,26,38,27
HD5 8SX,166,84,82,67
HD5 8TA,101,51,50,39
HD5 8TB,41,18,23,21
HD5 8TD,97,48,49,40
HD5 8TE,109,51,58,42
HD5 8TF,103,46,57,34
HD5 8TG,53,25,28,23
HD5 8TH,41,22,19,16
HD5 8TJ,16,8,8,7
HD5 8TL,41,21,20,19
HD5 8TN,20,7,13,10
HD5 8TP,3,2,1,2
HD5 8TQ,11,6,5,5
HD5 8TR,41,16,25,15
HD5 8TS,17,7,10,7
HD5 8TT,36,19,17,13
HD5 8TU,44,13,31,6
HD5 8TW,30,13,17,14
HD5 8TX,14,8,6,5
HD5 8TY,44,21,23,19
HD5 8TZ,11,6,5,4
HD5 8UA,28,16,12,14
HD5 8UB,29,15,14,12
HD5 8UD,47,22,25,20
HD5 8UE,85,39,46,33
HD5 8UF,21,11,10,8
HD5 8UG,18,9,9,7
HD5 8UH,1,1,0,1
HD5 8UJ,31,13,18,11
HD5 8UL,22,10,12,10
HD5 8UN,20,12,8,14
HD5 8UP,56,27,29,29
HD5 8UR,42,21,21,22
HD5 8US,43,22,21,27
HD5 8UT,63,31,32,34
HD5 8UU,15,9,6,7
HD5 8UW,57,27,30,25
HD5 8UX,13,6,7,5
HD5 8UY,14,5,9,10
HD5 8UZ,19,11,8,12
HD5 8WP,7,3,4,4
HD5 8XA,2,0,2,2
HD5 8XB,6,2,4,4
HD5 8XD,4,2,2,3
HD5 8XE,4,1,3,1
HD5 8XF,46,23,23,33
HD5 8XG,44,20,24,19
HD5 8XH,78,35,43,35
HD5 8XJ,49,20,29,24
HD5 8XL,3,1,2,1
HD5 8XN,36,15,21,21
HD5 8XP,108,49,59,53
HD5 8XQ,35,18,17,20
HD5 8XR,20,10,10,8
HD5 8XS,30,17,13,12
HD5 8XT,80,37,43,36
HD5 8XU,59,24,35,34
HD5 8XW,79,36,43,31
HD5 8XX,63,29,34,25
HD5 8XY,53,24,29,22
HD5 8XZ,97,52,45,33
HD5 8ZH,18,10,8,4
HD5 9AB,6,3,3,3
HD5 9AE,22,13,9,10
HD5 9AG,5,3,2,2
HD5 9AN,6,3,3,3
HD5 9AP,22,12,10,10
HD5 9AR,21,8,13,8
HD5 9AU,96,58,38,51
HD5 9AX,1,0,1,1
HD5 9BE,14,7,7,4
HD5 9BG,16,10,6,6
HD5 9BU,5,4,1,4
HD5 9BW,20,10,10,5
HD5 9BX,25,18,7,13
HD5 9BY,61,31,30,24
HD5 9DA,56,37,19,21
HD5 9DB,37,16,21,14
HD5 9DD,34,18,16,17
HD5 9DE,13,6,7,8
HD5 9DF,37,19,18,19
HD5 9DG,2,1,1,2
HD5 9DH,22,9,13,8
HD5 9DL,35,26,9,15
HD5 9DN,20,8,12,7
HD5 9DP,47,19,28,20
HD5 9DQ,3,2,1,2
HD5 9DR,44,36,8,32
HD5 9DT,18,12,6,9
HD5 9DU,36,19,17,15
HD5 9DW,43,22,21,21
HD5 9DX,6,3,3,3
HD5 9DY,7,3,4,4
HD5 9DZ,22,12,10,8
HD5 9EA,17,10,7,8
HD5 9EB,101,41,60,45
HD5 9ED,9,6,3,5
HD5 9EE,111,56,55,51
HD5 9EF,64,26,38,26
HD5 9EG,41,18,23,15
HD5 9EJ,23,12,11,12
HD5 9EL,97,49,48,34
HD5 9EN,63,26,37,40
HD5 9EP,85,41,44,28
HD5 9EQ,15,8,7,8
HD5 9ER,133,65,68,45
HD5 9ES,152,72,80,56
HD5 9ET,27,16,11,9
HD5 9EU,36,29,7,19
HD5 9EW,127,67,60,40
HD5 9EX,19,10,9,9
HD5 9HA,11,6,5,6
HD5 9HB,35,19,16,18
HD5 9HD,91,43,48,44
HD5 9HE,59,23,36,37
HD5 9HF,22,8,14,8
HD5 9HG,61,31,30,29
HD5 9HH,88,45,43,40
HD5 9HJ,60,32,28,23
HD5 9HL,54,25,29,18
HD5 9HN,94,46,48,40
HD5 9HP,51,26,25,23
HD5 9HQ,65,33,32,28
HD5 9HR,9,5,4,4
HD5 9HS,144,69,75,53
HD5 9HT,38,17,21,14
HD5 9HW,94,50,44,38
HD5 9HX,92,38,54,46
HD5 9HY,56,28,28,22
HD5 9HZ,62,31,31,30
HD5 9JA,25,10,15,17
HD5 9JB,36,21,15,14
HD5 9JE,52,26,26,21
HD5 9JL,15,12,3,13
HD5 9JN,127,63,64,45
HD5 9JR,69,30,39,22
HD5 9JU,48,17,31,20
HD5 9JW,131,60,71,41
HD5 9JX,10,5,5,4
HD5 9JY,17,11,6,9
HD5 9JZ,29,16,13,12
HD5 9LA,71,33,38,24
HD5 9LB,44,18,26,17
HD5 9LD,40,20,20,16
HD5 9LE,57,24,33,24
HD5 9LF,69,29,40,56
HD5 9LG,84,37,47,67
HD5 9LH,147,73,74,54
HD5 9LJ,22,10,12,12
HD5 9LL,42,19,23,25
HD5 9LN,25,11,14,10
HD5 9LP,12,5,7,8
HD5 9LQ,127,66,61,53
HD5 9LR,22,9,13,11
HD5 9LS,118,53,65,50
HD5 9LT,66,32,34,35
HD5 9LU,38,19,19,30
HD5 9LW,23,12,11,20
HD5 9LX,18,5,13,14
HD5 9LZ,20,8,12,12
HD5 9NG,55,25,30,15
HD5 9NH,11,7,4,6
HD5 9NJ,7,3,4,5
HD5 9NL,73,36,37,38
HD5 9NN,22,13,9,11
HD5 9NP,33,22,11,28
HD5 9NQ,69,32,37,26
HD5 9NR,35,18,17,17
HD5 9NS,30,15,15,13
HD5 9NT,122,56,66,51
HD5 9NU,89,40,49,34
HD5 9NW,15,8,7,6
HD5 9NX,77,37,40,28
HD5 9NY,36,16,20,15
HD5 9NZ,63,26,37,31
HD5 9PA,31,10,21,15
HD5 9PB,33,12,21,15
HD5 9PD,2,1,1,1
HD5 9PE,26,13,13,10
HD5 9PF,32,13,19,14
HD5 9PG,108,58,50,44
HD5 9PH,42,17,25,20
HD5 9PJ,28,15,13,13
HD5 9PL,34,16,18,15
HD5 9PN,27,10,17,12
HD5 9PP,58,24,34,24
HD5 9PQ,37,19,18,22
HD5 9PR,3,3,0,3
HD5 9PS,4,3,1,4
HD5 9PT,38,16,22,19
HD5 9PU,32,15,17,12
HD5 9PW,40,15,25,16
HD5 9PX,138,63,75,53
HD5 9PY,21,11,10,11
HD5 9PZ,179,101,78,53
HD5 9QA,60,32,28,35
HD5 9QB,60,32,28,38
HD5 9QD,60,30,30,40
HD5 9QE,89,49,40,50
HD5 9QG,22,10,12,9
HD5 9QJ,105,44,61,70
HD5 9QL,32,14,18,12
HD5 9QN,20,9,11,7
HD5 9QP,31,14,17,11
HD5 9QR,37,17,20,11
HD5 9QS,28,14,14,10
HD5 9QT,71,28,43,26
HD5 9QU,116,62,54,33
HD5 9QW,15,6,9,8
HD5 9QX,80,42,38,30
HD5 9QY,90,45,45,32
HD5 9QZ,8,3,5,4
HD5 9RA,112,50,62,32
HD5 9RB,103,39,64,31
HD5 9RD,7,6,1,4
HD5 9RE,99,44,55,38
HD5 9RF,52,28,24,18
HD5 9RG,205,102,103,79
HD5 9RH,10,5,5,4
HD5 9RJ,48,22,26,20
HD5 9RL,58,26,32,20
HD5 9RN,100,46,54,49
HD5 9RP,16,10,6,16
HD5 9RQ,17,10,7,4
HD5 9RS,16,9,7,5
HD5 9RW,47,24,23,29
HD5 9SB,26,17,9,14
HD5 9SD,15,8,7,5
HD5 9SE,17,7,10,10
HD5 9SF,91,43,48,35
HD5 9SG,73,38,35,32
HD5 9SH,62,28,34,28
HD5 9SJ,51,20,31,17
HD5 9SL,17,5,12,7
HD5 9SN,15,6,9,12
HD5 9SP,35,17,18,16
HD5 9SQ,15,11,4,15
HD5 9SR,15,8,7,6
HD5 9SS,9,5,4,5
HD5 9ST,9,6,3,6
HD5 9SU,22,11,11,12
HD5 9SW,53,27,26,26
HD5 9SX,65,35,30,24
HD5 9SY,92,49,43,34
HD5 9SZ,21,10,11,10
HD5 9TA,56,28,28,31
HD5 9TD,29,17,12,14
HD5 9TE,52,25,27,22
HD5 9TF,131,65,66,40
HD5 9TG,44,20,24,16
HD5 9TH,35,18,17,11
HD5 9TJ,28,13,15,9
HD5 9TL,25,14,11,11
HD5 9TN,61,29,32,25
HD5 9TP,31,15,16,18
HD5 9TQ,57,27,30,26
HD5 9TS,46,22,24,19
HD5 9TU,38,20,18,20
HD5 9TX,65,29,36,27
HD5 9TY,53,23,30,28
HD5 9TZ,30,16,14,16
HD5 9UA,59,26,33,18
HD5 9UB,19,10,9,10
HD5 9UD,29,12,17,14
HD5 9UE,31,16,15,16
HD5 9UF,45,21,24,19
HD5 9UG,99,45,54,40
HD5 9UH,20,7,13,8
HD5 9UJ,22,8,14,15
HD5 9UL,41,19,22,15
HD5 9UQ,59,26,33,29
HD5 9UR,41,17,24,19
HD5 9US,75,35,40,35
HD5 9UT,65,29,36,31
HD5 9UU,30,17,13,13
HD5 9UW,32,15,17,17
HD5 9UX,133,62,71,59
HD5 9UZ,22,12,10,0
HD5 9XJ,55,24,31,17
HD5 9XL,13,6,7,8
HD5 9XN,34,21,13,11
HD5 9XP,23,14,9,12
HD5 9XR,115,58,57,51
HD5 9XS,91,50,41,39
HD5 9XT,33,8,25,29
HD5 9XU,3,1,2,2
HD5 9XW,67,42,25,28
HD5 9XX,107,49,58,47
HD5 9XY,23,12,11,13
HD5 9XZ,113,59,54,46
HD5 9YA,112,52,60,48
HD5 9YB,18,11,7,6
HD5 9YD,17,8,9,7
HD5 9YE,89,47,42,35
HD5 9YF,65,35,30,30
HD5 9YH,26,10,16,13
HD5 9YQ,57,27,30,34
HD6 1AF,2,1,1,1
HD6 1AP,2,0,2,1
HD6 1AQ,5,2,3,3
HD6 1AT,11,4,7,3
HD6 1AU,11,9,2,2
HD6 1AW,59,26,33,29
HD6 1BL,17,7,10,6
HD6 1BR,12,5,7,7
HD6 1DA,22,14,8,10
HD6 1DB,10,5,5,4
HD6 1DD,21,7,14,7
HD6 1DE,138,65,73,49
HD6 1DG,2,2,0,2
HD6 1DH,25,13,12,13
HD6 1DL,25,11,14,10
HD6 1DQ,7,2,5,5
HD6 1DX,7,2,5,3
HD6 1EB,3,2,1,1
HD6 1EF,1,1,0,1
HD6 1EP,1,0,1,1
HD6 1ES,41,20,21,24
HD6 1FB,58,19,39,44
HD6 1FG,34,18,16,20
HD6 1HA,5,2,3,1
HD6 1HE,19,7,12,6
HD6 1HF,46,20,26,22
HD6 1HH,11,8,3,8
HD6 1HJ,11,8,3,6
HD6 1HL,12,7,5,6
HD6 1HN,32,14,18,13
HD6 1HQ,20,12,8,14
HD6 1HR,21,12,9,13
HD6 1HT,45,24,21,21
HD6 1HU,10,4,6,5
HD6 1HX,3,1,2,2
HD6 1HY,37,16,21,15
HD6 1HZ,6,3,3,4
HD6 1JA,2,1,1,1
HD6 1JB,18,11,7,14
HD6 1JD,18,10,8,8
HD6 1JF,32,13,19,20
HD6 1JJ,20,12,8,16
HD6 1JL,2,0,2,2
HD6 1JN,2,1,1,1
HD6 1JR,1,1,0,1
HD6 1JX,2,1,1,1
HD6 1LQ,5,4,1,2
HD6 1LY,11,8,3,8
HD6 1LZ,10,6,4,5
HD6 1ND,7,5,2,5
HD6 1NG,28,19,9,16
HD6 1NL,17,8,9,7
HD6 1NN,7,4,3,4
HD6 1NW,13,7,6,6
HD6 1NX,5,4,1,2
HD6 1PA,4,2,2,1
HD6 1PB,76,58,18,55
HD6 1PD,2,2,0,1
HD6 1PE,4,2,2,1
HD6 1PP,3,2,1,2
HD6 1PR,105,64,41,73
HD6 1PS,1,1,0,1
HD6 1PT,5,4,1,4
HD6 1PU,9,7,2,7
HD6 1QJ,26,13,13,15
HD6 1QL,26,16,10,16
HD6 1QN,17,6,11,8
HD6 1QP,22,10,12,12
HD6 1QR,28,14,14,16
HD6 1QS,29,13,16,14
HD6 1QT,110,57,53,44
HD6 1QU,25,10,15,13
HD6 1QW,110,57,53,57
HD6 1QX,5,1,4,3
HD6 1RB,24,8,16,20
HD6 1RF,12,6,6,6
HD6 1RG,50,23,27,20
HD6 1RQ,38,19,19,15
HD6 1RS,2,2,0,1
HD6 1RW,7,5,2,4
HD6 1RY,32,7,25,28
HD6 1SN,17,8,9,6
HD6 1SP,7,3,4,3
HD6 1SR,5,2,3,4
HD6 1SS,10,4,6,5
HD6 1SU,33,18,15,14
HD6 1SX,78,37,41,33
HD6 1SY,53,23,30,24
HD6 1SZ,4,2,2,4
HD6 1TA,13,8,5,11
HD6 1TB,36,20,16,17
HD6 1TD,16,5,11,7
HD6 1TE,94,45,49,48
HD6 1TF,33,18,15,9
HD6 1TJ,12,5,7,9
HD6 1TP,45,24,21,22
HD6 1TQ,68,36,32,32
HD6 1TR,17,10,7,9
HD6 1TS,21,11,10,10
HD6 1TT,12,7,5,8
HD6 1TX,32,18,14,18
HD6 1TY,35,19,16,18
HD6 1TZ,44,21,23,21
HD6 1UA,44,18,26,17
HD6 1UB,41,19,22,20
HD6 1UD,12,5,7,9
HD6 1UE,81,40,41,39
HD6 1UF,16,5,11,8
HD6 1UG,6,3,3,6
HD6 1UL,16,6,10,12
HD6 1UQ,11,5,6,4
HD6 1XA,30,16,14,10
HD6 1XB,42,24,18,14
HD6 1XD,10,6,4,5
HD6 2AA,34,23,11,12
HD6 2AB,9,5,4,5
HD6 2AE,43,22,21,20
HD6 2AG,19,9,10,7
HD6 2AH,29,18,11,10
HD6 2AJ,36,15,21,16
HD6 2AL,70,29,41,17
HD6 2AN,21,12,9,9
HD6 2AP,46,14,32,35
HD6 2AQ,40,18,22,16
HD6 2AR,9,5,4,5
HD6 2AS,4,2,2,3
HD6 2AT,38,17,21,26
HD6 2AW,8,6,2,7
HD6 2AX,66,32,34,29
HD6 2AY,7,4,3,6
HD6 2AZ,64,31,33,39
HD6 2BD,35,21,14,23
HD6 2BE,23,14,9,18
HD6 2BG,28,15,13,16
HD6 2BH,73,41,32,27
HD6 2BJ,133,72,61,59
HD6 2BL,51,25,26,16
HD6 2BN,29,15,14,11
HD6 2BP,10,6,4,3
HD6 2BQ,9,7,2,8
HD6 2BR,7,4,3,2
HD6 2BS,54,29,25,25
HD6 2BT,47,17,30,36
HD6 2BU,79,35,44,35
HD6 2BW,10,6,4,5
HD6 2BX,66,36,30,23
HD6 2BY,30,14,16,12
HD6 2BZ,15,6,9,7
HD6 2DA,46,25,21,26
HD6 2DB,15,5,10,8
HD6 2DD,8,5,3,5
HD6 2DE,38,20,18,18
HD6 2DF,34,14,20,30
HD6 2DG,121,61,60,40
HD6 2DH,23,10,13,7
HD6 2DJ,45,24,21,19
HD6 2DL,32,14,18,12
HD6 2DN,38,15,23,20
HD6 2DP,90,49,41,45
HD6 2DQ,7,3,4,3
HD6 2DR,20,14,6,13
HD6 2DS,15,9,6,9
HD6 2DT,14,8,6,5
HD6 2DU,40,19,21,20
HD6 2DW,59,27,32,27
HD6 2DX,34,14,20,18
HD6 2DY,85,44,41,34
HD6 2DZ,39,22,17,18
HD6 2EA,45,19,26,20
HD6 2EB,3,1,2,2
HD6 2ED,46,22,24,20
HD6 2EE,24,11,13,13
HD6 2EF,5,2,3,3
HD6 2EG,12,5,7,6
HD6 2EH,52,23,29,21
HD6 2EJ,19,9,10,10
HD6 2EL,20,10,10,7
HD6 2EN,5,2,3,4
HD6 2EP,39,14,25,14
HD6 2EQ,79,37,42,27
HD6 2ER,29,13,16,13
HD6 2ES,53,25,28,21
HD6 2ET,51,29,22,18
HD6 2EU,17,9,8,10
HD6 2EW,7,4,3,3
HD6 2EX,9,6,3,2
HD6 2EY,7,4,3,3
HD6 2EZ,11,5,6,4
HD6 2FA,79,43,36,25
HD6 2HF,9,3,6,3
HD6 2HG,16,7,9,5
HD6 2HH,95,39,56,35
HD6 2HJ,21,11,10,11
HD6 2HL,50,27,23,20
HD6 2HN,8,4,4,4
HD6 2HP,62,32,30,26
HD6 2HQ,47,26,21,13
HD6 2HR,15,7,8,7
HD6 2HS,21,10,11,9
HD6 2HT,31,18,13,11
HD6 2HU,44,22,22,20
HD6 2HW,36,18,18,16
HD6 2HX,103,51,52,39
HD6 2HY,18,9,9,9
HD6 2HZ,22,12,10,8
HD6 2JA,19,9,10,7
HD6 2JB,86,32,54,49
HD6 2JD,35,14,21,16
HD6 2JE,43,20,23,19
HD6 2JF,38,12,26,18
HD6 2JG,86,43,43,38
HD6 2JH,6,4,2,6
HD6 2JJ,48,19,29,22
HD6 2JL,79,40,39,32
HD6 2JN,44,21,23,23
HD6 2JP,25,11,14,16
HD6 2JQ,16,6,10,7
HD6 2JS,60,32,28,24
HD6 2JT,86,42,44,31
HD6 2JU,43,21,22,10
HD6 2JW,36,16,20,12
HD6 2JY,78,36,42,31
HD6 2JZ,4,2,2,2
HD6 2LA,43,24,19,22
HD6 2LB,100,54,46,34
HD6 2LD,39,11,28,17
HD6 2LE,61,28,33,21
HD6 2LF,60,29,31,25
HD6 2LG,16,7,9,10
HD6 2LJ,11,3,8,6
HD6 2LL,27,16,11,11
HD6 2LN,4,2,2,2
HD6 2LP,1,1,0,1
HD6 2LQ,4,2,2,2
HD6 2LR,12,8,4,6
HD6 2LS,33,15,18,14
HD6 2LT,133,62,71,48
HD6 2LU,16,10,6,8
HD6 2LW,79,39,40,32
HD6 2LX,27,13,14,12
HD6 2LY,43,20,23,20
HD6 2LZ,42,19,23,17
HD6 2NA,85,41,44,40
HD6 2NB,39,16,23,21
HD6 2ND,78,38,40,32
HD6 2NE,114,48,66,61
HD6 2NF,55,28,27,30
HD6 2NG,83,39,44,62
HD6 2NH,34,15,19,27
HD6 2NJ,53,25,28,23
HD6 2NL,12,7,5,4
HD6 2NN,7,3,4,4
HD6 2NP,70,38,32,28
HD6 2NQ,49,26,23,34
HD6 2NR,38,15,23,21
HD6 2NS,129,64,65,48
HD6 2NT,14,6,8,6
HD6 2NU,27,10,17,16
HD6 2NW,22,11,11,10
HD6 2NX,51,24,27,26
HD6 2NY,40,19,21,22
HD6 2NZ,26,13,13,10
HD6 2PA,33,15,18,14
HD6 2PB,27,16,11,14
HD6 2PD,19,6,13,11
HD6 2PE,39,21,18,17
HD6 2PF,11,5,6,6
HD6 2PG,12,5,7,7
HD6 2PH,94,48,46,37
HD6 2PJ,12,6,6,5
HD6 2PL,48,27,21,19
HD6 2PN,24,11,13,11
HD6 2PP,49,23,26,23
HD6 2PQ,11,4,7,3
HD6 2PR,29,15,14,15
HD6 2PS,69,31,38,33
HD6 2PT,6,3,3,2
HD6 2PU,64,28,36,31
HD6 2PW,49,23,26,17
HD6 2PX,61,33,28,32
HD6 2PY,31,20,11,20
HD6 2PZ,21,11,10,9
HD6 2QA,39,20,19,19
HD6 2QB,2,1,1,1
HD6 2QE,49,19,30,22
HD6 2QF,20,9,11,8
HD6 2QG,40,23,17,22
HD6 2QH,7,4,3,5
HD6 2QJ,23,13,10,9
HD6 2QL,16,9,7,4
HD6 2QN,6,3,3,2
HD6 2QQ,13,4,9,8
HD6 2QR,59,36,23,25
HD6 2QT,13,5,8,9
HD6 2QU,1,1,0,1
HD6 2QW,68,31,37,31
HD6 2QX,16,9,7,8
HD6 2QY,29,17,12,15
HD6 2RA,4,1,3,1
HD6 2RB,5,1,4,2
HD6 2RD,20,11,9,6
HD6 2RE,20,11,9,11
HD6 2RF,24,10,14,11
HD6 2RG,21,7,14,6
HD6 2RL,26,12,14,9
HD6 2RP,8,2,6,3
HD6 2RR,133,62,71,56
HD6 2RS,138,63,75,64
HD6 2RT,34,15,19,14
HD6 2RU,28,14,14,11
HD6 2RX,50,25,25,22
HD6 2SP,24,13,11,10
HD6 2SS,33,14,19,20
HD6 3AA,56,25,31,24
HD6 3AD,4,2,2,3
HD6 3AE,15,11,4,11
HD6 3AF,9,6,3,5
HD6 3AG,118,56,62,55
HD6 3AH,168,82,86,79
HD6 3AJ,3,3,0,3
HD6 3AL,24,11,13,10
HD6 3AN,5,4,1,4
HD6 3AP,41,20,21,23
HD6 3AQ,69,36,33,33
HD6 3AR,86,45,41,41
HD6 3AT,11,7,4,4
HD6 3AU,5,3,2,3
HD6 3AW,5,1,4,5
HD6 3AX,91,45,46,37
HD6 3AY,8,4,4,4
HD6 3AZ,23,17,6,13
HD6 3BA,18,9,9,10
HD6 3BB,48,23,25,22
HD6 3BD,24,11,13,14
HD6 3BE,6,2,4,5
HD6 3BG,6,4,2,4
HD6 3BL,3,3,0,3
HD6 3BP,8,3,5,5
HD6 3BQ,19,8,11,9
HD6 3BR,87,48,39,43
HD6 3BS,11,6,5,6
HD6 3BT,109,47,62,44
HD6 3BU,120,52,68,50
HD6 3BW,11,4,7,6
HD6 3BY,12,4,8,8
HD6 3DA,120,61,59,64
HD6 3DB,62,35,27,47
HD6 3DE,101,28,73,11
HD6 3DF,53,26,27,21
HD6 3DG,2,0,2,2
HD6 3DH,4,3,1,4
HD6 3DN,14,9,5,10
HD6 3DQ,106,54,52,31
HD6 3DR,38,21,17,18
HD6 3DS,4,3,1,3
HD6 3DT,32,11,21,15
HD6 3DU,94,48,46,45
HD6 3DW,26,15,11,12
HD6 3DX,6,3,3,5
HD6 3DY,36,22,14,23
HD6 3DZ,6,5,1,6
HD6 3EB,8,4,4,6
HD6 3EE,23,14,9,20
HD6 3EG,36,17,19,13
HD6 3EH,73,34,39,35
HD6 3EJ,7,2,5,2
HD6 3EL,89,45,44,30
HD6 3EN,37,21,16,17
HD6 3EP,50,26,24,23
HD6 3EQ,76,39,37,28
HD6 3ER,25,13,12,11
HD6 3ES,25,12,13,11
HD6 3ET,6,2,4,3
HD6 3EU,10,4,6,5
HD6 3EW,148,75,73,66
HD6 3EX,8,3,5,4
HD6 3EY,82,43,39,28
HD6 3EZ,36,17,19,11
HD6 3HD,25,11,14,7
HD6 3HF,19,11,8,7
HD6 3HH,17,10,7,9
HD6 3HJ,7,4,3,3
HD6 3HL,116,50,66,52
HD6 3HN,6,4,2,2
HD6 3HP,6,3,3,4
HD6 3HR,33,16,17,13
HD6 3HS,22,10,12,12
HD6 3HT,98,42,56,43
HD6 3HU,22,10,12,14
HD6 3HW,13,5,8,9
HD6 3JA,53,26,27,22
HD6 3JB,102,44,58,43
HD6 3JD,138,67,71,69
HD6 3JE,32,19,13,22
HD6 3JF,118,54,64,49
HD6 3JG,68,34,34,35
HD6 3JH,86,47,39,48
HD6 3JJ,35,13,22,13
HD6 3JL,92,47,45,32
HD6 3JN,4,2,2,3
HD6 3JP,27,13,14,12
HD6 3JQ,64,31,33,31
HD6 3JR,31,16,15,19
HD6 3JS,96,41,55,48
HD6 3JT,89,43,46,42
HD6 3JU,36,18,18,12
HD6 3JW,42,42,0,0
HD6 3JY,239,110,129,96
HD6 3JZ,81,45,36,42
HD6 3LA,43,22,21,16
HD6 3LB,96,44,52,44
HD6 3LD,77,41,36,33
HD6 3LE,54,30,24,31
HD6 3LF,47,23,24,21
HD6 3LG,12,6,6,6
HD6 3LH,32,16,16,29
HD6 3LJ,32,19,13,24
HD6 3LL,78,37,41,28
HD6 3LP,37,17,20,21
HD6 3LQ,66,36,30,53
HD6 3LR,86,34,52,24
HD6 3LS,18,5,13,12
HD6 3LT,53,24,29,12
HD6 3LU,179,95,84,67
HD6 3LW,4,2,2,4
HD6 3LX,37,18,19,15
HD6 3LY,144,79,65,52
HD6 3LZ,34,15,19,14
HD6 3NA,100,44,56,69
HD6 3NB,64,30,34,24
HD6 3ND,53,23,30,16
HD6 3NE,53,23,30,19
HD6 3NF,46,20,26,11
HD6 3NG,7,4,3,3
HD6 3NH,83,38,45,32
HD6 3NJ,18,10,8,8
HD6 3NL,15,8,7,9
HD6 3NP,92,49,43,43
HD6 3NQ,10,4,6,6
HD6 3NR,3,1,2,3
HD6 3NS,7,4,3,5
HD6 3NT,16,8,8,9
HD6 3NU,188,99,89,80
HD6 3NW,20,9,11,8
HD6 3NX,92,49,43,39
HD6 3NY,4,1,3,3
HD6 3NZ,99,53,46,35
HD6 3PA,72,35,37,24
HD6 3PB,9,4,5,4
HD6 3PD,79,38,41,35
HD6 3PF,26,14,12,11
HD6 3PG,61,29,32,25
HD6 3PH,114,48,66,43
HD6 3PJ,31,16,15,9
HD6 3PL,72,37,35,37
HD6 3PN,21,10,11,9
HD6 3PP,59,29,30,27
HD6 3PQ,122,63,59,47
HD6 3PR,74,36,38,30
HD6 3PS,20,11,9,7
HD6 3PT,14,9,5,5
HD6 3PU,5,3,2,3
HD6 3PW,125,59,66,58
HD6 3PX,23,10,13,10
HD6 3PY,45,21,24,22
HD6 3PZ,57,24,33,24
HD6 3QA,14,8,6,10
HD6 3QB,52,24,28,28
HD6 3QD,26,12,14,8
HD6 3QE,29,16,13,12
HD6 3QF,87,49,38,31
HD6 3QG,71,24,47,26
HD6 3QH,21,11,10,10
HD6 3QJ,7,2,5,5
HD6 3QL,29,16,13,16
HD6 3QN,8,3,5,4
HD6 3QP,9,6,3,5
HD6 3QQ,58,27,31,22
HD6 3QR,19,10,9,8
HD6 3QS,13,7,6,6
HD6 3QT,26,10,16,18
HD6 3QW,2,1,1,1
HD6 3QX,79,34,45,45
HD6 3QY,21,13,8,9
HD6 3QZ,64,31,33,40
HD6 3RA,8,5,3,6
HD6 3RB,38,17,21,17
HD6 3RD,55,28,27,23
HD6 3RE,40,23,17,23
HD6 3RF,26,14,12,11
HD6 3RG,38,18,20,15
HD6 3RH,54,29,25,20
HD6 3RJ,27,15,12,12
HD6 3RL,47,22,25,19
HD6 3RN,42,21,21,15
HD6 3RP,42,18,24,23
HD6 3RQ,38,24,14,25
HD6 3RR,156,82,74,61
HD6 3RS,44,23,21,16
HD6 3RT,28,11,17,13
HD6 3RU,1,1,0,1
HD6 3RW,102,49,53,40
HD6 3RX,64,28,36,26
HD6 3RY,131,62,69,58
HD6 3RZ,146,70,76,55
HD6 3SA,24,11,13,10
HD6 3SB,14,6,8,8
HD6 3SD,70,34,36,26
HD6 3SE,41,19,22,19
HD6 3SF,15,6,9,6
HD6 3SG,14,7,7,6
HD6 3SH,34,9,25,26
HD6 3SN,43,22,21,13
HD6 3SP,82,42,40,31
HD6 3SQ,22,12,10,10
HD6 3SR,88,37,51,43
HD6 3SS,15,7,8,7
HD6 3ST,14,7,7,8
HD6 3SU,95,38,57,48
HD6 3SW,56,27,29,18
HD6 3SX,74,37,37,31
HD6 3SY,77,40,37,30
HD6 3SZ,72,34,38,32
HD6 3TA,63,30,33,24
HD6 3TB,50,31,19,28
HD6 3TD,91,46,45,40
HD6 3TE,60,23,37,26
HD6 3TG,46,22,24,21
HD6 3TH,177,83,94,70
HD6 3TJ,32,16,16,15
HD6 3TL,4,2,2,2
HD6 3TN,97,44,53,38
HD6 3TP,127,61,66,51
HD6 3TQ,21,10,11,10
HD6 3TR,16,7,9,4
HD6 3TS,4,2,2,2
HD6 3TT,18,11,7,5
HD6 3TU,4,3,1,2
HD6 3TW,45,26,19,20
HD6 3TX,9,6,3,6
HD6 3TY,76,42,34,30
HD6 3TZ,73,37,36,32
HD6 3UA,56,26,30,20
HD6 3UB,45,22,23,16
HD6 3UH,135,67,68,42
HD6 3UJ,18,10,8,6
HD6 3UL,2,2,0,2
HD6 3UP,30,14,16,11
HD6 3UR,20,8,12,8
HD6 3US,33,18,15,16
HD6 3UT,44,23,21,19
HD6 3UU,35,15,20,16
HD6 3UX,37,17,20,17
HD6 3UY,25,14,11,10
HD6 3UZ,35,13,22,31
HD6 3XA,26,9,17,14
HD6 3XD,49,28,21,19
HD6 3XF,85,47,38,29
HD6 3XG,58,31,27,23
HD6 3XH,10,4,6,4
HD6 3XQ,32,18,14,11
HD6 4AA,5,3,2,3
HD6 4AD,89,50,39,40
HD6 4AE,8,4,4,5
HD6 4AF,29,13,16,9
HD6 4AG,25,14,11,12
HD6 4AP,18,8,10,13
HD6 4AR,10,6,4,7
HD6 4AS,26,9,17,13
HD6 4AT,38,15,23,17
HD6 4AU,18,9,9,11
HD6 4AW,21,9,12,8
HD6 4AY,60,33,27,21
HD6 4AZ,76,40,36,42
HD6 4BA,69,32,37,29
HD6 4BB,23,15,8,10
HD6 4BD,36,22,14,17
HD6 4BE,42,21,21,24
HD6 4BG,102,53,49,51
HD6 4BH,34,17,17,15
HD6 4BJ,26,13,13,16
HD6 4BL,4,2,2,3
HD6 4BN,60,30,30,23
HD6 4BP,24,13,11,8
HD6 4BQ,44,21,23,18
HD6 4BR,21,10,11,8
HD6 4BS,55,27,28,26
HD6 4BT,101,52,49,44
HD6 4BU,105,41,64,49
HD6 4BW,26,13,13,14
HD6 4BX,13,9,4,4
HD6 4DA,40,20,20,25
HD6 4DB,53,25,28,20
HD6 4DD,106,49,57,31
HD6 4DE,102,45,57,40
HD6 4DF,51,24,27,16
HD6 4DL,21,10,11,15
HD6 4DN,12,5,7,8
HD6 4DP,12,7,5,7
HD6 4DR,22,13,9,18
HD6 4DS,108,51,57,57
HD6 4DT,96,47,49,58
HD6 4DU,118,58,60,55
HD6 4DW,11,4,7,4
HD6 4DX,75,42,33,24
HD6 4DY,7,4,3,3
HD6 4DZ,15,7,8,11
HD6 4EA,13,6,7,7
HD6 4EB,148,74,74,67
HD6 4ED,52,23,29,27
HD6 4EE,91,42,49,34
HD6 4EF,110,51,59,42
HD6 4EG,37,18,19,14
HD6 4EH,47,22,25,24
HD6 4EL,15,7,8,12
HD6 4EN,7,3,4,3
HD6 4EP,6,3,3,3
HD6 4EQ,33,16,17,21
HD6 4ES,14,9,5,5
HD6 4EW,74,34,40,30
HD6 4EY,70,35,35,18
HD6 4FA,65,29,36,20
HD6 4FD,14,8,6,4
HD6 4FE,85,44,41,29
HD6 4FF,117,60,57,37
HD6 4FG,87,42,45,31
HD6 4FH,40,19,21,12
HD6 4FJ,31,17,14,12
HD6 4FL,25,14,11,7
HD6 4FN,23,10,13,16
HD6 4FP,32,20,12,20
HD6 4FQ,19,10,9,8
HD6 4FR,21,10,11,15
HD6 4FS,24,16,8,15
HD6 4FT,60,38,22,31
HD6 4FW,57,32,25,19
HD6 4HA,2,1,1,1
HD6 4HD,39,21,18,15
HD6 4HF,89,50,39,39
HD6 4HG,44,23,21,18
HD6 4HH,27,14,13,12
HD6 4HJ,14,6,8,6
HD6 4HL,9,5,4,4
HD6 4HN,46,20,26,21
HD6 4HP,35,16,19,12
HD6 4HQ,16,10,6,7
HD6 4HR,13,9,4,7
HD6 4HS,46,26,20,22
HD6 4HT,19,8,11,9
HD6 4HU,21,8,13,7
HD6 4HW,14,5,9,4
HD6 4HX,24,11,13,10
HD6 4HY,35,12,23,21
HD6 4HZ,73,33,40,35
HD6 4JA,44,17,27,27
HD6 4JB,64,31,33,33
HD6 4JD,18,8,10,6
HD6 4JE,34,13,21,24
HD6 4JF,32,15,17,16
HD6 4JG,45,24,21,21
HD6 4JH,15,8,7,7
HD6 4JJ,40,19,21,15
HD6 4JL,35,19,16,10
HD6 4JN,10,5,5,5
HD6 4JP,30,13,17,14
HD6 4JQ,86,42,44,33
HD6 4JR,46,19,27,17
HD6 4JS,42,21,21,18
HD6 4JT,9,4,5,3
HD6 4JU,35,19,16,12
HD6 4JW,47,25,22,18
HD6 4JY,7,4,3,3
HD6 4JZ,15,6,9,5
HD6 4LA,76,38,38,30
HD6 4LB,6,2,4,3
HD6 4LD,40,22,18,17
HD6 4LE,53,27,26,25
HD6 4LL,42,17,25,16
HD6 4LN,7,2,5,3
HD6 4LP,60,32,28,24
HD6 4LX,4,2,2,2
HD7 4AA,19,10,9,7
HD7 4AB,35,15,20,19
HD7 4AD,13,6,7,7
HD7 4AE,106,50,56,51
HD7 4AF,13,6,7,8
HD7 4AG,5,3,2,3
HD7 4AH,24,10,14,13
HD7 4AL,38,21,17,20
HD7 4AN,133,55,78,56
HD7 4AP,39,20,19,15
HD7 4AQ,5,3,2,1
HD7 4AR,80,36,44,36
HD7 4AT,57,30,27,25
HD7 4AU,127,54,73,59
HD7 4AW,38,21,17,14
HD7 4AX,44,17,27,17
HD7 4AY,77,31,46,30
HD7 4AZ,111,49,62,50
HD7 4BA,26,12,14,6
HD7 4BB,49,26,23,16
HD7 4BD,40,20,20,14
HD7 4BE,35,18,17,21
HD7 4BG,8,5,3,5
HD7 4BH,24,14,10,9
HD7 4BJ,12,5,7,7
HD7 4BN,14,5,9,10
HD7 4BP,30,15,15,15
HD7 4BQ,12,6,6,10
HD7 4BR,66,28,38,23
HD7 4BS,50,31,19,21
HD7 4BT,70,33,37,35
HD7 4BU,65,35,30,27
HD7 4BW,31,14,17,13
HD7 4BX,69,40,29,33
HD7 4BY,57,29,28,26
HD7 4BZ,26,13,13,15
HD7 4DA,100,51,49,41
HD7 4DB,21,12,9,8
HD7 4DD,9,4,5,4
HD7 4DE,34,15,19,23
HD7 4DF,53,23,30,24
HD7 4DG,53,31,22,18
HD7 4DH,68,35,33,22
HD7 4DJ,98,49,49,33
HD7 4DL,59,36,23,32
HD7 4DN,59,26,33,26
HD7 4DQ,38,15,23,12
HD7 4DR,8,3,5,4
HD7 4DS,7,3,4,3
HD7 4DT,30,16,14,14
HD7 4DU,5,1,4,5
HD7 4DX,51,25,26,19
HD7 4DY,30,15,15,18
HD7 4DZ,78,41,37,31
HD7 4EA,130,62,68,51
HD7 4EB,5,4,1,2
HD7 4ED,43,19,24,18
HD7 4EE,61,30,31,22
HD7 4EF,76,40,36,32
HD7 4EG,40,20,20,18
HD7 4EH,5,3,2,3
HD7 4EJ,58,27,31,22
HD7 4EN,19,10,9,7
HD7 4EQ,35,17,18,14
HD7 4ER,15,9,6,9
HD7 4ES,72,38,34,35
HD7 4ET,11,5,6,5
HD7 4EU,30,14,16,14
HD7 4EW,37,18,19,16
HD7 4EX,37,18,19,18
HD7 4EY,6,2,4,4
HD7 4EZ,143,70,73,66
HD7 4HB,7,2,5,3
HD7 4HE,15,10,5,4
HD7 4HF,34,17,17,14
HD7 4HG,47,24,23,24
HD7 4HH,12,7,5,5
HD7 4HQ,26,11,15,9
HD7 4HT,46,24,22,24
HD7 4HU,16,9,7,6
HD7 4HX,11,6,5,5
HD7 4HY,5,2,3,3
HD7 4HZ,18,7,11,6
HD7 4JA,61,31,30,21
HD7 4JB,42,19,23,21
HD7 4JD,45,22,23,18
HD7 4JE,18,9,9,9
HD7 4JF,93,48,45,34
HD7 4JG,8,5,3,3
HD7 4JH,50,23,27,20
HD7 4JJ,15,8,7,8
HD7 4JL,8,3,5,3
HD7 4JN,24,12,12,12
HD7 4JP,14,8,6,5
HD7 4JQ,26,15,11,8
HD7 4JR,63,32,31,25
HD7 4JT,49,25,24,18
HD7 4JU,62,30,32,25
HD7 4JX,39,17,22,17
HD7 4JY,58,29,29,21
HD7 4JZ,10,4,6,4
HD7 4LA,20,9,11,7
HD7 4LB,3,2,1,2
HD7 4LD,3,1,2,3
HD7 4LE,37,17,20,18
HD7 4LQ,16,8,8,6
HD7 4LU,33,16,17,18
HD7 4LX,88,46,42,39
HD7 4LZ,78,41,37,36
HD7 4NA,30,13,17,11
HD7 4NB,231,119,112,92
HD7 4ND,23,9,14,9
HD7 4NE,39,17,22,20
HD7 4NF,31,18,13,14
HD7 4NG,26,13,13,9
HD7 4NJ,215,102,113,85
HD7 4NL,40,21,19,14
HD7 4NN,51,27,24,19
HD7 4NP,10,6,4,4
HD7 4NQ,31,18,13,15
HD7 4NR,13,8,5,6
HD7 4NS,44,20,24,18
HD7 4NT,20,12,8,6
HD7 4NU,28,13,15,14
HD7 4NW,22,10,12,7
HD7 4NX,41,20,21,14
HD7 4NY,17,9,8,4
HD7 4NZ,13,9,4,5
HD7 4PA,18,8,10,10
HD7 4PB,11,5,6,5
HD7 4PD,38,23,15,13
HD7 4PE,4,1,3,3
HD7 4PF,22,10,12,8
HD7 4PG,189,97,92,71
HD7 4PH,48,23,25,21
HD7 4PJ,13,5,8,5
HD7 4PL,55,27,28,21
HD7 4PN,15,8,7,6
HD7 4PP,16,9,7,5
HD7 4PQ,38,20,18,13
HD7 4PR,63,31,32,25
HD7 4PS,21,12,9,6
HD7 4PT,18,9,9,5
HD7 4PW,2,1,1,2
HD7 4PX,25,12,13,12
HD7 4PY,17,7,10,9
HD7 4PZ,18,9,9,11
HD7 4QA,84,41,43,41
HD7 4QB,5,3,2,3
HD7 4QD,48,22,26,22
HD7 4QE,1,0,1,1
HD7 4QF,94,52,42,47
HD7 4QG,78,41,37,31
HD7 4QH,110,52,58,43
HD7 4QJ,15,6,9,4
HD7 4QL,111,52,59,51
HD7 4QN,2,1,1,1
HD7 4QP,104,53,51,45
HD7 4QQ,103,48,55,47
HD7 4QR,14,6,8,5
HD7 4QS,54,24,30,26
HD7 4QT,32,20,12,13
HD7 4QU,58,28,30,31
HD7 4QW,36,17,19,16
HD7 4QX,87,38,49,43
HD7 4QY,35,17,18,16
HD7 4QZ,30,17,13,14
HD7 4RA,157,78,79,58
HD7 4RB,83,41,42,33
HD7 4RE,108,55,53,42
HD7 4RF,70,37,33,24
HD7 4RG,30,14,16,9
HD7 4RH,42,20,22,15
HD7 4RJ,16,8,8,7
HD7 4RL,96,49,47,28
HD7 4RN,47,24,23,17
HD7 4RP,18,8,10,10
HD7 4RQ,143,67,76,56
HD7 4RS,24,14,10,11
HD7 4RW,62,31,31,22
HD7 4RX,22,10,12,8
HD7 4RY,16,9,7,5
HD7 5AB,16,8,8,9
HD7 5AF,4,1,3,3
HD7 5AG,73,39,34,32
HD7 5AH,9,4,5,4
HD7 5AL,42,21,21,17
HD7 5AN,6,4,2,6
HD7 5AP,5,4,1,5
HD7 5AQ,16,6,10,9
HD7 5AR,3,2,1,1
HD7 5AS,1,1,0,1
HD7 5AU,51,27,24,25
HD7 5AW,27,13,14,11
HD7 5AY,24,10,14,13
HD7 5AZ,3,2,1,2
HD7 5BA,17,11,6,9
HD7 5BD,26,12,14,19
HD7 5BE,18,11,7,9
HD7 5BH,4,1,3,3
HD7 5BJ,17,6,11,8
HD7 5BL,16,6,10,8
HD7 5BN,63,36,27,27
HD7 5BP,38,21,17,16
HD7 5BR,9,5,4,6
HD7 5BS,52,24,28,27
HD7 5BU,64,31,33,27
HD7 5BW,74,36,38,39
HD7 5BY,22,12,10,16
HD7 5BZ,18,9,9,8
HD7 5DA,60,32,28,21
HD7 5DB,17,8,9,7
HD7 5DF,46,19,27,27
HD7 5DJ,10,6,4,5
HD7 5DL,2,2,0,1
HD7 5DN,129,59,70,59
HD7 5DP,138,63,75,50
HD7 5DQ,6,3,3,3
HD7 5DR,77,32,45,34
HD7 5DS,42,21,21,20
HD7 5DT,9,4,5,4
HD7 5DU,53,26,27,26
HD7 5DW,83,40,43,31
HD7 5DX,131,66,65,63
HD7 5DY,5,2,3,3
HD7 5DZ,54,25,29,25
HD7 5EA,40,14,26,27
HD7 5EB,63,26,37,31
HD7 5ED,58,30,28,25
HD7 5EE,51,28,23,20
HD7 5EF,16,10,6,7
HD7 5EG,60,27,33,35
HD7 5EH,39,19,20,18
HD7 5EJ,77,37,40,42
HD7 5EL,57,18,39,7
HD7 5EN,3,3,0,3
HD7 5EP,37,18,19,18
HD7 5EQ,11,5,6,4
HD7 5ER,31,11,20,17
HD7 5ES,32,14,18,15
HD7 5ET,22,11,11,9
HD7 5EU,7,4,3,3
HD7 5EW,20,7,13,9
HD7 5EX,163,83,80,55
HD7 5EY,59,27,32,25
HD7 5FB,3,3,0,3
HD7 5FP,133,58,75,52
HD7 5GY,29,13,16,7
HD7 5HB,12,4,8,8
HD7 5HF,9,4,5,3
HD7 5HG,3,1,2,2
HD7 5HH,31,21,10,7
HD7 5HJ,31,18,13,15
HD7 5HL,122,62,60,48
HD7 5HN,41,19,22,16
HD7 5HP,89,41,48,43
HD7 5HQ,9,4,5,6
HD7 5HR,24,10,14,8
HD7 5HS,8,5,3,3
HD7 5HT,46,24,22,18
HD7 5HU,18,8,10,7
HD7 5HW,6,3,3,3
HD7 5HX,43,25,18,20
HD7 5HY,143,67,76,61
HD7 5HZ,41,23,18,18
HD7 5JA,67,33,34,26
HD7 5JB,31,13,18,12
HD7 5JD,6,3,3,4
HD7 5JE,6,4,2,3
HD7 5JF,12,6,6,4
HD7 5JG,3,2,1,2
HD7 5JL,7,3,4,4
HD7 5JN,36,23,13,22
HD7 5JP,21,10,11,6
HD7 5JS,6,1,5,5
HD7 5JW,22,14,8,7
HD7 5JX,42,23,19,22
HD7 5JZ,43,23,20,23
HD7 5LA,32,15,17,14
HD7 5LB,66,30,36,29
HD7 5LD,52,27,25,28
HD7 5LE,44,21,23,20
HD7 5LF,7,4,3,5
HD7 5LG,101,55,46,45
HD7 5LH,65,32,33,31
HD7 5LJ,52,25,27,24
HD7 5LL,60,25,35,24
HD7 5LN,57,24,33,23
HD7 5LP,139,71,68,48
HD7 5LQ,37,21,16,20
HD7 5LR,4,2,2,2
HD7 5LS,80,52,28,51
HD7 5LT,3,1,2,2
HD7 5LU,56,28,28,18
HD7 5LW,25,10,15,16
HD7 5LX,6,3,3,3
HD7 5LZ,59,36,23,23
HD7 5NE,149,80,69,54
HD7 5NF,65,33,32,27
HD7 5NG,57,30,27,35
HD7 5NH,14,8,6,5
HD7 5NJ,39,18,21,15
HD7 5NL,100,47,53,45
HD7 5NN,85,38,47,33
HD7 5NP,171,85,86,61
HD7 5NQ,15,7,8,5
HD7 5NR,66,31,35,31
HD7 5NW,91,47,44,36
HD7 5NX,29,13,16,14
HD7 5NY,21,10,11,8
HD7 5NZ,12,6,6,7
HD7 5PA,10,8,2,7
HD7 5PB,11,5,6,4
HD7 5PD,20,8,12,9
HD7 5PE,7,5,2,5
HD7 5PF,66,34,32,31
HD7 5PG,88,39,49,35
HD7 5PH,15,10,5,9
HD7 5PJ,17,9,8,4
HD7 5PL,15,8,7,7
HD7 5PN,94,44,50,35
HD7 5PP,8,4,4,3
HD7 5PQ,33,17,16,15
HD7 5PR,17,10,7,8
HD7 5PS,8,5,3,6
HD7 5PU,11,6,5,5
HD7 5PX,74,37,37,27
HD7 5PY,11,5,6,5
HD7 5QA,98,49,49,47
HD7 5QB,4,2,2,2
HD7 5QE,4,2,2,2
HD7 5QJ,10,7,3,4
HD7 5QL,15,10,5,9
HD7 5QN,26,12,14,15
HD7 5QQ,76,39,37,39
HD7 5QS,151,72,79,64
HD7 5QT,27,14,13,10
HD7 5QU,92,45,47,51
HD7 5QW,9,4,5,4
HD7 5QX,97,58,39,42
HD7 5QY,143,69,74,70
HD7 5QZ,7,5,2,4
HD7 5RB,16,10,6,5
HD7 5RD,108,53,55,60
HD7 5RF,24,10,14,8
HD7 5RG,63,32,31,24
HD7 5RH,29,17,12,11
HD7 5RJ,12,6,6,7
HD7 5RP,8,4,4,5
HD7 5RQ,86,47,39,34
HD7 5RR,2,1,1,1
HD7 5RS,6,3,3,3
HD7 5RT,10,7,3,6
HD7 5RW,36,17,19,13
HD7 5RX,48,24,24,16
HD7 5RY,7,4,3,3
HD7 5RZ,5,3,2,3
HD7 5SA,5,2,3,2
HD7 5SB,55,28,27,21
HD7 5SD,124,63,61,50
HD7 5SE,12,7,5,6
HD7 5SF,13,7,6,4
HD7 5SG,85,47,38,41
HD7 5SH,23,12,11,7
HD7 5SJ,9,4,5,3
HD7 5SN,28,14,14,12
HD7 5SP,48,24,24,23
HD7 5SQ,18,9,9,7
HD7 5SR,70,40,30,32
HD7 5SS,67,33,34,28
HD7 5ST,58,32,26,24
HD7 5SU,69,37,32,29
HD7 5SX,42,25,17,18
HD7 5SY,32,17,15,11
HD7 5SZ,61,31,30,23
HD7 5TA,67,28,39,24
HD7 5TB,3,1,2,1
HD7 5TD,21,10,11,7
HD7 5TE,147,80,67,56
HD7 5TG,81,40,41,35
HD7 5TJ,20,9,11,11
HD7 5TL,26,14,12,12
HD7 5TN,149,72,77,60
HD7 5TP,19,9,10,7
HD7 5TQ,158,76,82,68
HD7 5TR,94,48,46,45
HD7 5TS,36,20,16,14
HD7 5TT,7,4,3,3
HD7 5TU,50,23,27,18
HD7 5TY,97,48,49,39
HD7 5TZ,91,42,49,31
HD7 5UA,30,13,17,11
HD7 5UB,11,5,6,5
HD7 5UD,43,21,22,15
HD7 5UE,19,9,10,10
HD7 5UF,31,16,15,17
HD7 5UG,17,8,9,7
HD7 5UH,19,10,9,9
HD7 5UJ,41,23,18,17
HD7 5UN,77,48,29,53
HD7 5UP,12,5,7,7
HD7 5UQ,25,13,12,12
HD7 5UR,20,10,10,7
HD7 5US,2,1,1,1
HD7 5UT,20,10,10,10
HD7 5UU,78,40,38,32
HD7 5UW,50,27,23,39
HD7 5UX,19,9,10,9
HD7 5UY,20,9,11,8
HD7 5UZ,106,57,49,44
HD7 5XA,225,111,114,81
HD7 5XB,34,18,16,17
HD7 5XD,76,41,35,31
HD7 5XE,32,18,14,12
HD7 6AB,34,19,15,14
HD7 6AD,20,10,10,10
HD7 6AE,6,4,2,3
HD7 6AF,145,76,69,68
HD7 6AG,10,6,4,3
HD7 6AH,16,7,9,6
HD7 6AJ,81,40,41,36
HD7 6AL,98,52,46,49
HD7 6AN,9,5,4,2
HD7 6AP,148,69,79,58
HD7 6AQ,80,35,45,40
HD7 6AR,59,33,26,27
HD7 6AS,11,4,7,6
HD7 6AT,15,7,8,8
HD7 6AU,39,20,19,14
HD7 6AW,64,36,28,23
HD7 6AX,7,3,4,4
HD7 6AY,28,9,19,25
HD7 6BH,12,6,6,6
HD7 6BJ,105,50,55,52
HD7 6BL,17,5,12,9
HD7 6BN,25,6,19,22
HD7 6BR,10,5,5,6
HD7 6BS,8,3,5,3
HD7 6BT,5,2,3,3
HD7 6BU,14,6,8,7
HD7 6BW,21,11,10,11
HD7 6BX,22,11,11,9
HD7 6BY,12,10,2,8
HD7 6BZ,45,21,24,22
HD7 6DA,30,16,14,11
HD7 6DD,17,11,6,11
HD7 6DE,23,10,13,10
HD7 6DF,13,5,8,11
HD7 6DG,42,17,25,18
HD7 6DH,15,7,8,7
HD7 6DN,130,58,72,59
HD7 6DP,54,29,25,27
HD7 6DQ,16,9,7,6
HD7 6DR,22,9,13,11
HD7 6DS,16,6,10,8
HD7 6DT,22,7,15,7
HD7 6DU,11,5,6,6
HD7 6DW,16,8,8,6
HD7 6DX,59,27,32,24
HD7 6DY,16,9,7,8
HD7 6DZ,46,21,25,20
HD7 6EA,9,4,5,4
HD7 6EH,3,1,2,2
HD7 6EJ,21,8,13,10
HD7 6EL,35,19,16,13
HD7 6EQ,12,7,5,5
HD7 6ER,18,7,11,8
HD7 6ES,4,1,3,4
HD7 6ET,17,9,8,7
HD7 6EU,10,5,5,2
HD7 6EW,19,11,8,9
HD7 6EX,8,2,6,4
HD7 6HA,8,4,4,6
HD7 6HB,37,18,19,21
HD7 6HD,76,37,39,35
HD7 6HE,74,36,38,28
HD7 6HF,109,52,57,45
HD7 6HG,34,13,21,15
HD7 6HH,7,4,3,3
HD7 6HJ,25,15,10,10
HD7 6HL,96,50,46,45
HD7 6HN,67,29,38,34
HD7 6HP,130,65,65,58
HD7 6HQ,1,1,0,1
HD7 6HS,3,2,1,2
HD7 6HT,34,19,15,16
HD7 6HU,10,5,5,2
HD7 6HW,94,44,50,34
HD7 6JE,31,17,14,15
HD7 6JG,18,7,11,7
HD7 6JH,10,3,7,4
HD7 6JJ,71,32,39,31
HD7 6JL,64,32,32,32
HD7 6JN,34,12,22,24
HD7 6JP,67,33,34,29
HD7 6JQ,69,36,33,27
HD7 6JR,71,38,33,33
HD7 6JS,48,26,22,21
HD7 6JT,2,1,1,1
HD7 6JW,16,8,8,10
HD7 6JX,141,72,69,49
HD7 6JY,90,37,53,42
HD7 6JZ,74,35,39,29
HD7 6LA,113,58,55,43
HD7 6LB,23,12,11,8
HD7 6LD,8,4,4,3
HD7 6LE,46,23,23,16
HD7 6LF,149,72,77,53
HD7 6LG,42,21,21,15
HD7 6LH,8,4,4,5
HD7 6LJ,22,13,9,8
HD7 6LN,1,0,1,1
HD7 6LP,22,10,12,8
HD7 6LQ,14,6,8,7
HD7 6LR,19,10,9,10
HD7 6LS,13,6,7,4
HD7 6LT,14,7,7,9
HD7 6LU,16,7,9,6
HD7 6LW,12,6,6,5
HD7 6LX,15,6,9,6
HD7 6LY,14,6,8,5
HD7 6NB,1,0,1,1
HD7 6ND,12,5,7,5
HD7 6NE,8,4,4,2
HD7 6NF,55,24,31,23
HD7 6NG,56,28,28,22
HD7 6NJ,110,52,58,38
HD7 6NL,25,12,13,12
HD7 6NN,41,21,20,23
HD7 6NP,3,1,2,1
HD7 6NQ,7,5,2,4
HD7 6NW,40,22,18,18
HD8 0AA,55,31,24,20
HD8 0AB,37,16,21,22
HD8 0AD,81,35,46,32
HD8 0AE,19,9,10,7
HD8 0AF,35,18,17,12
HD8 0AG,33,17,16,16
HD8 0AH,49,19,30,26
HD8 0AJ,133,61,72,63
HD8 0AL,25,13,12,11
HD8 0AN,7,2,5,3
HD8 0AP,15,8,7,7
HD8 0AQ,105,52,53,54
HD8 0AR,34,15,19,14
HD8 0AS,15,5,10,9
HD8 0AT,11,6,5,5
HD8 0AU,5,3,2,3
HD8 0AW,12,5,7,4
HD8 0AX,27,14,13,11
HD8 0AY,116,61,55,47
HD8 0AZ,19,9,10,14
HD8 0BB,50,25,25,20
HD8 0BD,25,11,14,12
HD8 0BE,8,4,4,4
HD8 0BG,115,49,66,30
HD8 0BJ,62,37,25,26
HD8 0BL,50,27,23,19
HD8 0BN,79,40,39,32
HD8 0BP,47,21,26,16
HD8 0BQ,54,26,28,17
HD8 0BR,17,8,9,6
HD8 0BS,14,8,6,5
HD8 0BT,22,12,10,7
HD8 0BU,44,22,22,19
HD8 0BW,23,11,12,12
HD8 0BX,27,11,16,12
HD8 0BY,52,25,27,20
HD8 0BZ,34,15,19,17
HD8 0DA,42,16,26,17
HD8 0DB,5,2,3,2
HD8 0DD,68,34,34,30
HD8 0DE,29,15,14,15
HD8 0DF,10,4,6,4
HD8 0DG,18,5,13,12
HD8 0DH,34,18,16,14
HD8 0DJ,10,6,4,5
HD8 0DL,4,3,1,2
HD8 0DN,19,9,10,14
HD8 0DP,89,45,44,40
HD8 0DQ,30,16,14,13
HD8 0DR,45,24,21,16
HD8 0DS,19,10,9,10
HD8 0DT,158,73,85,61
HD8 0DU,57,24,33,24
HD8 0DW,26,11,15,11
HD8 0DX,16,6,10,9
HD8 0DY,29,12,17,10
HD8 0DZ,8,5,3,8
HD8 0EA,21,10,11,11
HD8 0EB,176,92,84,66
HD8 0ED,21,10,11,11
HD8 0EE,175,88,87,66
HD8 0EF,11,4,7,3
HD8 0EG,26,13,13,11
HD8 0EH,130,68,62,56
HD8 0EJ,30,12,18,16
HD8 0EL,3,2,1,2
HD8 0EN,71,35,36,36
HD8 0EP,21,12,9,9
HD8 0EQ,23,10,13,11
HD8 0ER,26,12,14,12
HD8 0ES,42,21,21,31
HD8 0ET,42,22,20,11
HD8 0EW,29,13,16,11
HD8 0EX,16,8,8,6
HD8 0EY,80,41,39,29
HD8 0FE,110,59,51,37
HD8 0FS,66,32,34,18
HD8 0FT,68,34,34,26
HD8 0FX,184,88,96,57
HD8 0FY,68,30,38,22
HD8 0FZ,255,121,134,88
HD8 0GD,50,25,25,28
HD8 0GN,16,8,8,7
HD8 0GR,92,37,55,28
HD8 0GS,135,68,67,41
HD8 0GT,143,75,68,37
HD8 0HA,27,15,12,14
HD8 0HB,41,17,24,18
HD8 0HD,80,45,35,33
HD8 0HE,24,13,11,8
HD8 0HF,26,13,13,11
HD8 0HG,16,7,9,8
HD8 0HJ,3,3,0,2
HD8 0HN,52,24,28,21
HD8 0HP,39,19,20,16
HD8 0HQ,43,16,27,16
HD8 0HR,14,8,6,4
HD8 0HS,4,2,2,2
HD8 0HT,40,17,23,18
HD8 0HU,37,16,21,23
HD8 0HW,33,15,18,17
HD8 0HX,22,7,15,16
HD8 0HY,45,21,24,16
HD8 0HZ,41,21,20,19
HD8 0JA,36,13,23,19
HD8 0JB,56,28,28,25
HD8 0JD,55,29,26,23
HD8 0JF,80,42,38,44
HD8 0JG,65,31,34,25
HD8 0JH,72,36,36,33
HD8 0JJ,41,19,22,17
HD8 0JL,26,15,11,11
HD8 0JN,38,17,21,16
HD8 0JP,13,6,7,5
HD8 0JR,22,8,14,12
HD8 0JS,21,10,11,8
HD8 0JU,43,24,19,19
HD8 0JW,21,9,12,11
HD8 0JX,35,20,15,9
HD8 0JY,19,11,8,6
HD8 0LD,15,7,8,6
HD8 0LF,67,28,39,30
HD8 0LG,10,5,5,3
HD8 0LH,11,4,7,6
HD8 0LJ,29,14,15,12
HD8 0LL,12,7,5,4
HD8 0LN,35,20,15,14
HD8 0LP,35,18,17,10
HD8 0LQ,18,13,5,7
HD8 0LR,12,7,5,4
HD8 0LS,43,21,22,19
HD8 0LT,69,31,38,33
HD8 0LU,11,4,7,7
HD8 0LW,47,22,25,24
HD8 0LX,34,21,13,12
HD8 0LY,1,0,1,1
HD8 0LZ,5,2,3,2
HD8 0NA,62,29,33,27
HD8 0NB,8,3,5,5
HD8 0ND,48,27,21,18
HD8 0NE,75,41,34,32
HD8 0NF,29,16,13,11
HD8 0NG,7,4,3,2
HD8 0NJ,2,1,1,1
HD8 0NL,27,13,14,10
HD8 0NN,2,1,1,1
HD8 0NP,69,36,33,47
HD8 0NR,15,8,7,6
HD8 0NT,5,2,3,2
HD8 0NU,10,4,6,3
HD8 0NX,27,12,15,11
HD8 0NY,7,4,3,4
HD8 0NZ,22,10,12,10
HD8 0PA,23,14,9,10
HD8 0PB,22,13,9,8
HD8 0PD,47,28,19,16
HD8 0PE,99,47,52,52
HD8 0PF,10,6,4,5
HD8 0PG,3,2,1,2
HD8 0PH,20,11,9,12
HD8 0PJ,9,4,5,5
HD8 0PN,9,4,5,5
HD8 0PP,4,1,3,1
HD8 0PQ,12,7,5,6
HD8 0PR,4,3,1,3
HD8 0PS,3,2,1,2
HD8 0PT,88,45,43,32
HD8 0PU,4,2,2,3
HD8 0PX,31,16,15,14
HD8 0PY,35,17,18,19
HD8 0PZ,4,2,2,2
HD8 0QA,35,17,18,10
HD8 0QD,18,10,8,5
HD8 0QE,5,3,2,2
HD8 0QF,11,4,7,7
HD8 0QG,19,11,8,9
HD8 0QH,37,16,21,18
HD8 0QL,54,25,29,27
HD8 0QN,52,27,25,27
HD8 0QP,130,64,66,55
HD8 0QQ,93,45,48,41
HD8 0QR,146,70,76,60
HD8 0QS,98,53,45,41
HD8 0QT,32,18,14,15
HD8 0QU,36,18,18,15
HD8 0QW,51,26,25,23
HD8 0QX,30,16,14,14
HD8 0QY,75,37,38,29
HD8 0QZ,64,26,38,22
HD8 0RB,51,26,25,19
HD8 0RD,36,19,17,15
HD8 0RE,56,28,28,23
HD8 0RF,57,26,31,30
HD8 0RG,71,38,33,29
HD8 0RH,54,24,30,25
HD8 0RL,40,18,22,18
HD8 0RN,11,7,4,7
HD8 0RQ,54,26,28,28
HD8 0RR,19,10,9,7
HD8 0RS,4,3,1,2
HD8 0RT,12,7,5,5
HD8 0RU,5,4,1,4
HD8 0RW,15,8,7,9
HD8 0RX,24,14,10,7
HD8 0RY,11,6,5,5
HD8 0RZ,41,21,20,20
HD8 0SA,65,28,37,32
HD8 0SB,61,31,30,21
HD8 0SD,16,11,5,6
HD8 0SE,8,3,5,3
HD8 0SF,13,8,5,7
HD8 0SG,44,24,20,17
HD8 0SH,8,4,4,4
HD8 0SJ,9,5,4,4
HD8 0SP,45,20,25,35
HD8 0SQ,68,36,32,29
HD8 0SR,23,13,10,9
HD8 0SS,95,42,53,52
HD8 0ST,2,1,1,1
HD8 0SU,5,3,2,2
HD8 0SW,121,59,62,47
HD8 0SX,25,13,12,10
HD8 0SY,12,6,6,8
HD8 0SZ,22,14,8,10
HD8 0TA,10,5,5,5
HD8 0TB,54,29,25,27
HD8 0TD,41,18,23,20
HD8 0TE,9,3,6,5
HD8 0TG,55,27,28,21
HD8 0TH,96,37,59,21
HD8 0TJ,127,60,67,57
HD8 0TL,57,22,35,25
HD8 0TN,30,15,15,13
HD8 0TP,94,38,56,41
HD8 0TQ,34,19,15,16
HD8 0TR,15,9,6,6
HD8 0TS,2,2,0,1
HD8 0TT,10,5,5,4
HD8 0TU,19,14,5,8
HD8 0TW,116,57,59,45
HD8 0TX,24,14,10,14
HD8 0TY,8,4,4,4
HD8 0TZ,33,14,19,18
HD8 0UA,47,26,21,17
HD8 0UB,19,10,9,8
HD8 0UD,15,7,8,5
HD8 0UE,27,10,17,10
HD8 0UF,5,3,2,3
HD8 0UG,47,23,24,16
HD8 0UL,21,11,10,10
HD8 0UQ,20,10,10,9
HD8 0UR,9,5,4,4
HD8 0US,53,25,28,18
HD8 0WB,34,15,19,0
HD8 0WD,44,17,27,0
HD8 0WE,36,17,19,0
HD8 0WF,34,14,20,0
HD8 0WG,25,16,9,0
HD8 0WH,32,21,11,0
HD8 0WJ,42,24,18,0
HD8 0WL,29,13,16,0
HD8 0WN,46,21,25,0
HD8 0WP,47,23,24,0
HD8 0WQ,51,27,24,0
HD8 0WR,47,25,22,0
HD8 0WS,51,30,21,0
HD8 0WT,50,28,22,0
HD8 0WU,21,19,2,0
HD8 0WW,30,25,5,0
HD8 0WX,50,21,29,0
HD8 0WY,42,17,25,0
HD8 0WZ,37,16,21,0
HD8 0XA,37,16,21,16
HD8 0XB,23,12,11,12
HD8 0XD,24,11,13,10
HD8 0XE,111,52,59,39
HD8 0XF,62,24,38,28
HD8 0XH,42,20,22,14
HD8 0XJ,78,39,39,32
HD8 0XQ,52,25,27,22
HD8 0YA,38,26,12,0
HD8 0YB,100,46,54,0
HD8 0YF,37,20,17,0
HD8 0YG,47,31,16,0
HD8 0YH,57,36,21,0
HD8 0YJ,53,34,19,0
HD8 0YL,37,19,18,0
HD8 0YQ,44,28,16,0
HD8 8AA,6,4,2,3
HD8 8AB,26,10,16,10
HD8 8AD,17,5,12,7
HD8 8AE,50,25,25,22
HD8 8AF,20,9,11,9
HD8 8AG,13,6,7,6
HD8 8AH,43,19,24,15
HD8 8AJ,26,11,15,11
HD8 8AL,46,24,22,19
HD8 8AN,16,9,7,7
HD8 8AP,68,35,33,34
HD8 8AQ,18,9,9,11
HD8 8AR,12,6,6,5
HD8 8AS,90,43,47,37
HD8 8AT,13,4,9,7
HD8 8AU,24,10,14,11
HD8 8AW,22,10,12,12
HD8 8AX,34,17,17,15
HD8 8AY,39,15,24,20
HD8 8AZ,35,18,17,16
HD8 8BA,18,7,11,6
HD8 8BB,31,15,16,15
HD8 8BD,12,7,5,4
HD8 8BE,20,10,10,7
HD8 8BG,30,20,10,12
HD8 8BL,25,14,11,7
HD8 8BN,32,16,16,12
HD8 8BP,7,4,3,3
HD8 8BR,20,11,9,7
HD8 8BS,66,32,34,20
HD8 8BT,6,4,2,3
HD8 8BW,27,11,16,10
HD8 8BY,4,2,2,2
HD8 8DB,52,24,28,21
HD8 8DD,11,4,7,4
HD8 8DE,14,8,6,7
HD8 8DF,46,22,24,29
HD8 8DG,66,36,30,31
HD8 8DH,25,16,9,11
HD8 8DJ,68,36,32,28
HD8 8DL,183,95,88,68
HD8 8DN,119,53,66,42
HD8 8DP,42,17,25,20
HD8 8DQ,29,11,18,17
HD8 8DR,38,21,17,16
HD8 8DS,85,45,40,30
HD8 8DT,68,32,36,31
HD8 8DU,63,28,35,23
HD8 8DW,16,7,9,4
HD8 8DX,84,39,45,34
HD8 8DY,61,28,33,29
HD8 8DZ,26,13,13,9
HD8 8EA,67,29,38,27
HD8 8ED,12,5,7,7
HD8 8EE,12,5,7,3
HD8 8EG,30,16,14,12
HD8 8EJ,16,8,8,6
HD8 8EL,79,39,40,36
HD8 8EN,14,6,8,7
HD8 8EP,66,29,37,23
HD8 8EQ,37,19,18,14
HD8 8ES,33,15,18,11
HD8 8EU,44,15,29,18
HD8 8EW,9,6,3,5
HD8 8EX,74,37,37,30
HD8 8EY,54,29,25,18
HD8 8EZ,24,12,12,9
HD8 8FA,62,30,32,20
HD8 8FG,40,19,21,19
HD8 8FH,30,17,13,10
HD8 8FL,9,5,4,4
HD8 8FN,18,10,8,7
HD8 8FP,3,1,2,2
HD8 8GA,2,1,1,1
HD8 8GB,17,7,10,4
HD8 8GW,85,44,41,29
HD8 8GX,9,5,4,3
HD8 8GY,13,6,7,4
HD8 8GZ,30,16,14,9
HD8 8HA,68,34,34,30
HD8 8HB,36,14,22,17
HD8 8HD,51,19,32,23
HD8 8HE,31,17,14,16
HD8 8HF,39,20,19,15
HD8 8HG,42,22,20,18
HD8 8HH,37,21,16,13
HD8 8HJ,4,2,2,2
HD8 8HL,13,8,5,8
HD8 8HN,76,38,38,28
HD8 8HP,86,44,42,30
HD8 8HQ,10,4,6,3
HD8 8HR,9,4,5,3
HD8 8HS,58,29,29,24
HD8 8HT,62,31,31,30
HD8 8HU,17,8,9,8
HD8 8HW,89,41,48,35
HD8 8HX,19,10,9,8
HD8 8HY,71,34,37,29
HD8 8HZ,32,16,16,14
HD8 8JA,25,12,13,10
HD8 8JB,44,22,22,16
HD8 8JD,9,5,4,5
HD8 8JE,135,73,62,45
HD8 8JF,22,10,12,13
HD8 8JG,102,45,57,40
HD8 8JH,28,13,15,17
HD8 8JJ,23,12,11,7
HD8 8JL,8,5,3,3
HD8 8JN,20,10,10,9
HD8 8JP,64,28,36,25
HD8 8JQ,38,18,20,14
HD8 8JR,14,8,6,4
HD8 8JS,20,11,9,9
HD8 8JT,12,7,5,7
HD8 8JU,46,26,20,19
HD8 8JW,66,37,29,25
HD8 8JX,165,81,84,53
HD8 8JY,182,89,93,68
HD8 8JZ,36,19,17,10
HD8 8LA,23,14,9,12
HD8 8LB,71,35,36,37
HD8 8LD,6,2,4,3
HD8 8LE,10,4,6,5
HD8 8LF,31,12,19,14
HD8 8LG,2,1,1,1
HD8 8LH,20,9,11,8
HD8 8LJ,39,19,20,18
HD8 8LL,7,3,4,4
HD8 8LN,6,4,2,2
HD8 8LP,12,7,5,4
HD8 8LQ,55,27,28,21
HD8 8LR,68,35,33,31
HD8 8LS,39,16,23,16
HD8 8LT,16,7,9,7
HD8 8LW,15,6,9,5
HD8 8LX,17,9,8,6
HD8 8LY,28,14,14,13
HD8 8LZ,31,15,16,11
HD8 8NA,24,13,11,11
HD8 8NB,19,10,9,8
HD8 8ND,20,10,10,9
HD8 8NE,24,11,13,12
HD8 8NG,46,20,26,26
HD8 8NH,30,17,13,13
HD8 8NJ,13,6,7,4
HD8 8NL,2,1,1,1
HD8 8NN,51,22,29,18
HD8 8NP,33,18,15,13
HD8 8NQ,114,57,57,42
HD8 8NR,17,10,7,8
HD8 8NS,36,19,17,13
HD8 8NT,12,5,7,5
HD8 8NU,31,16,15,12
HD8 8NW,65,34,31,27
HD8 8NX,73,36,37,29
HD8 8NY,118,55,63,48
HD8 8NZ,58,32,26,22
HD8 8PA,8,2,6,4
HD8 8PB,15,5,10,7
HD8 8PD,44,22,22,20
HD8 8PE,87,43,44,34
HD8 8PF,32,17,15,11
HD8 8PG,38,19,19,13
HD8 8PH,70,28,42,27
HD8 8PJ,6,3,3,2
HD8 8PL,15,8,7,9
HD8 8PN,29,16,13,13
HD8 8PP,51,27,24,22
HD8 8PQ,8,4,4,3
HD8 8PR,57,30,27,20
HD8 8PS,22,11,11,0
HD8 8PU,8,5,3,2
HD8 8PW,56,31,25,22
HD8 8PX,260,132,128,79
HD8 8PY,79,40,39,27
HD8 8PZ,139,66,73,47
HD8 8QA,20,12,8,6
HD8 8QB,14,8,6,6
HD8 8QD,89,48,41,35
HD8 8QF,142,68,74,45
HD8 8QG,107,56,51,50
HD8 8QJ,32,15,17,16
HD8 8QN,7,2,5,4
HD8 8QP,62,32,30,29
HD8 8QQ,8,3,5,4
HD8 8QR,4,1,3,3
HD8 8QS,19,8,11,8
HD8 8QT,5,2,3,2
HD8 8QU,36,19,17,16
HD8 8QW,26,15,11,10
HD8 8QX,66,36,30,28
HD8 8QY,43,23,20,17
HD8 8QZ,40,20,20,18
HD8 8RA,20,12,8,7
HD8 8RB,15,6,9,7
HD8 8RD,13,7,6,5
HD8 8RE,3,1,2,2
HD8 8RF,55,25,30,23
HD8 8RG,55,30,25,21
HD8 8RH,67,34,33,30
HD8 8RJ,17,7,10,9
HD8 8RL,7,3,4,4
HD8 8RN,8,3,5,4
HD8 8RP,26,14,12,16
HD8 8RQ,172,82,90,65
HD8 8RR,11,6,5,4
HD8 8RS,23,11,12,12
HD8 8RT,72,38,34,30
HD8 8RU,33,15,18,17
HD8 8RW,8,3,5,4
HD8 8RX,42,18,24,25
HD8 8RY,5,3,2,2
HD8 8RZ,41,23,18,15
HD8 8SA,11,6,5,5
HD8 8SB,2,0,2,1
HD8 8SD,38,14,24,17
HD8 8SE,24,13,11,10
HD8 8SF,114,50,64,47
HD8 8SG,47,22,25,21
HD8 8SH,14,7,7,8
HD8 8SJ,21,13,8,12
HD8 8SL,39,19,20,16
HD8 8SN,80,42,38,30
HD8 8SP,108,61,47,47
HD8 8SQ,19,9,10,13
HD8 8SR,14,3,11,10
HD8 8SS,43,19,24,22
HD8 8ST,4,1,3,1
HD8 8SU,56,32,24,22
HD8 8SW,89,46,43,34
HD8 8SX,9,4,5,6
HD8 8SY,2,1,1,1
HD8 8SZ,84,41,43,38
HD8 8TA,4,2,2,2
HD8 8TB,126,71,55,48
HD8 8TD,65,34,31,19
HD8 8TF,86,41,45,26
HD8 8TG,51,27,24,20
HD8 8TH,39,18,21,20
HD8 8TJ,70,32,38,33
HD8 8TL,28,14,14,12
HD8 8TN,67,37,30,26
HD8 8TP,28,12,16,14
HD8 8TQ,38,19,19,13
HD8 8TR,15,9,6,5
HD8 8TS,49,26,23,20
HD8 8TT,26,13,13,10
HD8 8TU,6,3,3,2
HD8 8TX,11,6,5,4
HD8 8TY,59,31,28,29
HD8 8TZ,44,20,24,17
HD8 8UA,53,26,27,23
HD8 8UB,91,43,48,38
HD8 8UD,8,4,4,4
HD8 8UE,19,10,9,7
HD8 8UF,9,4,5,5
HD8 8UG,11,8,3,6
HD8 8UH,9,5,4,4
HD8 8UJ,3,1,2,1
HD8 8UL,11,6,5,5
HD8 8UN,93,44,49,41
HD8 8UP,60,29,31,31
HD8 8UQ,11,4,7,7
HD8 8UR,17,8,9,7
HD8 8US,9,4,5,4
HD8 8UT,76,39,37,31
HD8 8UU,65,30,35,30
HD8 8UW,30,19,11,11
HD8 8UX,29,12,17,14
HD8 8UY,11,4,7,4
HD8 8UZ,5,1,4,2
HD8 8XA,21,9,12,10
HD8 8XD,20,9,11,8
HD8 8XE,10,6,4,3
HD8 8XF,9,4,5,3
HD8 8XG,7,4,3,4
HD8 8XH,21,8,13,10
HD8 8XJ,41,23,18,20
HD8 8XL,11,7,4,4
HD8 8XN,123,59,64,55
HD8 8XP,135,69,66,60
HD8 8XQ,49,25,24,17
HD8 8XR,25,12,13,11
HD8 8XS,10,4,6,6
HD8 8XT,47,18,29,26
HD8 8XU,100,52,48,38
HD8 8XW,115,58,57,49
HD8 8XY,16,7,9,5
HD8 8XZ,10,5,5,6
HD8 8YA,23,12,11,10
HD8 8YB,56,25,31,22
HD8 8YD,47,22,25,19
HD8 8YE,27,10,17,13
HD8 8YF,20,12,8,8
HD8 8YG,13,7,6,7
HD8 8YH,15,6,9,7
HD8 8YJ,4,2,2,2
HD8 8YL,29,16,13,8
HD8 8YN,28,14,14,14
HD8 8YP,8,2,6,5
HD8 8YQ,6,3,3,2
HD8 8YU,17,8,9,4
HD8 8YW,24,10,14,9
HD8 9AA,9,7,2,4
HD8 9AB,58,28,30,23
HD8 9AD,51,23,28,17
HD8 9AE,23,13,10,16
HD8 9AF,9,4,5,6
HD8 9AG,10,4,6,4
HD8 9AH,116,60,56,50
HD8 9AJ,9,4,5,4
HD8 9AL,32,18,14,11
HD8 9AN,39,23,16,15
HD8 9AP,83,40,43,36
HD8 9AQ,163,77,86,68
HD8 9AR,112,56,56,45
HD8 9AS,82,42,40,39
HD8 9AT,23,12,11,12
HD8 9AU,135,68,67,50
HD8 9AW,2,2,0,1
HD8 9AX,20,8,12,9
HD8 9AY,50,23,27,21
HD8 9AZ,23,11,12,8
HD8 9BA,55,26,29,22
HD8 9BB,36,20,16,16
HD8 9BD,18,9,9,8
HD8 9BE,80,40,40,31
HD8 9BF,12,6,6,4
HD8 9BG,107,59,48,44
HD8 9BH,64,32,32,32
HD8 9BL,38,19,19,15
HD8 9BN,64,34,30,29
HD8 9BP,11,7,4,6
HD8 9BQ,29,15,14,12
HD8 9BR,13,6,7,8
HD8 9BS,16,9,7,6
HD8 9BT,65,38,27,31
HD8 9BU,110,50,60,45
HD8 9BW,24,12,12,13
HD8 9BX,3,2,1,2
HD8 9BY,19,11,8,9
HD8 9BZ,123,55,68,49
HD8 9DA,78,39,39,34
HD8 9DB,166,87,79,59
HD8 9DE,33,17,16,20
HD8 9DF,77,37,40,27
HD8 9DG,51,20,31,41
HD8 9DH,72,32,40,37
HD8 9DJ,21,9,12,13
HD8 9DL,18,10,8,9
HD8 9DN,95,45,50,54
HD8 9DP,91,47,44,38
HD8 9DQ,57,30,27,30
HD8 9DR,20,8,12,9
HD8 9DS,98,48,50,44
HD8 9DU,26,13,13,14
HD8 9DW,91,42,49,46
HD8 9DX,101,44,57,45
HD8 9DY,81,38,43,39
HD8 9DZ,48,23,25,22
HD8 9EA,55,21,34,25
HD8 9EB,73,35,38,26
HD8 9ED,44,21,23,22
HD8 9EF,3,3,0,3
HD8 9EG,68,35,33,26
HD8 9EH,61,28,33,27
HD8 9EJ,62,31,31,30
HD8 9EL,103,48,55,36
HD8 9EN,14,6,8,6
HD8 9EP,20,11,9,9
HD8 9EQ,70,23,47,12
HD8 9ES,50,26,24,22
HD8 9ET,64,32,32,29
HD8 9EU,63,30,33,29
HD8 9EW,2,1,1,1
HD8 9EX,35,19,16,12
HD8 9EY,12,6,6,6
HD8 9EZ,7,5,2,3
HD8 9FG,34,21,13,26
HD8 9GJ,7,2,5,3
HD8 9GL,16,7,9,4
HD8 9GN,10,6,4,4
HD8 9GP,61,28,33,30
HD8 9GR,12,5,7,4
HD8 9GX,15,6,9,3
HD8 9GY,185,92,93,65
HD8 9HA,34,18,16,13
HD8 9HB,6,3,3,4
HD8 9HD,2,0,2,1
HD8 9HE,6,3,3,5
HD8 9HF,132,65,67,55
HD8 9HG,9,5,4,5
HD8 9HH,80,39,41,36
HD8 9HJ,26,12,14,9
HD8 9HL,46,25,21,19
HD8 9HN,3,1,2,1
HD8 9HP,17,11,6,9
HD8 9HR,62,33,29,30
HD8 9HT,14,7,7,6
HD8 9HU,22,12,10,10
HD8 9HW,2,2,0,2
HD8 9HY,4,2,2,1
HD8 9HZ,34,17,17,20
HD8 9JA,161,76,85,61
HD8 9JB,89,44,45,38
HD8 9JD,27,10,17,15
HD8 9JE,106,54,52,43
HD8 9JF,47,21,26,17
HD8 9JG,25,13,12,11
HD8 9JH,5,2,3,3
HD8 9JJ,42,23,19,17
HD8 9JL,17,8,9,8
HD8 9JN,45,19,26,17
HD8 9JP,7,4,3,5
HD8 9JQ,16,7,9,6
HD8 9JT,9,4,5,6
HD8 9JU,38,19,19,15
HD8 9JW,14,7,7,6
HD8 9JY,14,7,7,5
HD8 9JZ,6,3,3,3
HD8 9LB,13,6,7,4
HD8 9LD,48,26,22,16
HD8 9LE,14,7,7,5
HD8 9LF,52,26,26,25
HD8 9LG,14,8,6,5
HD8 9LH,2,2,0,2
HD8 9LJ,6,3,3,4
HD8 9LL,12,7,5,7
HD8 9LN,16,9,7,7
HD8 9LP,28,16,12,13
HD8 9LQ,48,25,23,16
HD8 9LR,32,15,17,16
HD8 9LS,48,26,22,30
HD8 9LT,3,1,2,1
HD8 9LU,29,17,12,10
HD8 9LW,16,9,7,6
HD8 9LX,24,14,10,13
HD8 9LY,74,32,42,29
HD8 9LZ,11,4,7,6
HD8 9NA,11,6,5,5
HD8 9NB,71,36,35,29
HD8 9ND,12,4,8,5
HD8 9NE,42,16,26,16
HD8 9NF,34,14,20,18
HD8 9NG,32,15,17,12
HD8 9NH,64,28,36,25
HD8 9NJ,21,9,12,9
HD8 9NL,64,33,31,28
HD8 9NN,50,26,24,24
HD8 9NP,13,6,7,6
HD8 9NQ,52,23,29,25
HD8 9NR,86,38,48,37
HD8 9NS,69,35,34,28
HD8 9NT,6,2,4,2
HD8 9NU,21,7,14,8
HD8 9NW,68,37,31,30
HD8 9NX,10,4,6,5
HD8 9NZ,4,1,3,1
HD8 9PA,119,61,58,51
HD8 9PD,65,36,29,32
HD8 9PE,93,46,47,36
HD8 9PF,14,8,6,5
HD8 9PG,14,6,8,6
HD8 9PH,6,3,3,4
HD8 9PJ,2,1,1,1
HD8 9PL,124,65,59,48
HD8 9PN,10,5,5,4
HD8 9PP,18,9,9,4
HD8 9PQ,25,12,13,8
HD8 9PR,168,66,102,47
HD8 9PS,85,42,43,41
HD8 9PT,36,20,16,17
HD8 9PU,29,13,16,13
HD8 9PW,140,68,72,56
HD8 9PX,2,1,1,1
HD8 9PY,50,22,28,21
HD8 9PZ,24,15,9,8
HD8 9QA,146,70,76,51
HD8 9QB,31,15,16,14
HD8 9QD,9,6,3,3
HD8 9QE,2,1,1,1
HD8 9QG,207,106,101,67
HD8 9QH,39,17,22,20
HD8 9QJ,30,16,14,15
HD8 9QN,35,18,17,15
HD8 9QP,143,73,70,61
HD8 9QQ,2,2,0,1
HD8 9QR,5,3,2,2
HD8 9QS,10,6,4,3
HD8 9QT,38,19,19,13
HD8 9QU,9,5,4,3
HD8 9QW,13,7,6,5
HD8 9QX,35,17,18,13
HD8 9RA,21,8,13,9
HD8 9RB,15,6,9,7
HD8 9RD,5,3,2,2
HD8 9RE,40,21,19,19
HD8 9RF,16,8,8,7
HD8 9RG,47,25,22,19
HD8 9RH,38,19,19,16
HD8 9RJ,11,6,5,3
HD8 9RL,35,18,17,15
HD8 9RN,20,12,8,9
HD8 9RP,66,26,40,27
HD8 9RQ,14,8,6,6
HD8 9RR,21,11,10,12
HD8 9RS,20,9,11,10
HD8 9RT,25,12,13,12
HD8 9RU,85,41,44,48
HD8 9RW,70,37,33,33
HD8 9RX,114,57,57,36
HD8 9RY,38,18,20,13
HD8 9RZ,37,14,23,19
HD8 9SA,11,5,6,5
HD8 9SB,61,31,30,27
HD8 9SD,8,3,5,4
HD8 9SE,23,9,14,14
HD8 9SF,59,28,31,22
HD8 9SG,19,9,10,7
HD8 9SH,31,17,14,11
HD8 9SJ,24,12,12,9
HD8 9SL,90,43,47,33
HD8 9SN,13,8,5,6
HD8 9SP,16,7,9,9
HD8 9SQ,38,18,20,19
HD8 9SR,30,16,14,13
HD8 9SS,28,14,14,10
HD8 9ST,9,4,5,3
HD8 9SU,46,24,22,20
HD8 9SW,6,4,2,2
HD8 9SX,51,23,28,25
HD8 9SY,47,23,24,18
HD8 9SZ,14,7,7,7
HD8 9TA,34,17,17,18
HD8 9TB,18,11,7,8
HD8 9TD,25,13,12,8
HD8 9TE,3,1,2,2
HD8 9TF,26,13,13,10
HD8 9TH,36,19,17,13
HD8 9TL,3,1,2,1
HD8 9TN,8,4,4,6
HD8 9TP,18,11,7,6
HD8 9TS,61,28,33,20
HD8 9TT,32,17,15,12
HD8 9TU,2,1,1,1
HD8 9TW,9,5,4,3
HD8 9TX,6,2,4,4
HD8 9TY,13,8,5,4
HD8 9UA,50,22,28,16
HD8 9UD,11,5,6,3
HD8 9UE,19,8,11,11
HD8 9UF,12,6,6,3
HD8 9UG,5,1,4,4
HD8 9UH,29,15,14,14
HD8 9UJ,16,7,9,6
HD8 9UN,58,25,33,24
HD8 9UP,16,9,7,6
HD8 9UR,9,5,4,3
HD8 9UW,48,24,24,16
HD8 9XA,6,1,5,3
HD8 9XB,14,7,7,5
HD8 9XD,22,11,11,8
HD8 9XH,79,41,38,26
HD8 9XJ,8,4,4,4
HD8 9XP,39,16,23,32
HD8 9XR,75,37,38,34
HD9 1AB,50,28,22,24
HD9 1AE,59,34,25,25
HD9 1AH,87,39,48,39
HD9 1AJ,4,3,1,1
HD9 1AL,22,12,10,8
HD9 1AN,5,2,3,2
HD9 1AS,74,35,39,40
HD9 1AT,73,41,32,26
HD9 1AU,10,5,5,4
HD9 1AX,51,24,27,15
HD9 1AY,14,10,4,7
HD9 1DZ,36,18,18,12
HD9 1EA,46,22,24,24
HD9 1EB,16,8,8,7
HD9 1ED,12,6,6,9
HD9 1EE,49,22,27,21
HD9 1EF,12,6,6,5
HD9 1EG,25,10,15,10
HD9 1EH,65,36,29,28
HD9 1EJ,68,36,32,32
HD9 1EL,55,22,33,23
HD9 1EN,21,10,11,11
HD9 1EP,38,19,19,20
HD9 1EQ,16,10,6,7
HD9 1ER,53,27,26,20
HD9 1ES,17,7,10,7
HD9 1ET,18,9,9,9
HD9 1EU,8,4,4,4
HD9 1EW,80,42,38,31
HD9 1EX,108,57,51,46
HD9 1EY,46,25,21,20
HD9 1EZ,15,9,6,5
HD9 1HA,7,5,2,6
HD9 1HB,3,2,1,2
HD9 1HD,14,7,7,9
HD9 1HE,7,5,2,4
HD9 1HF,9,5,4,3
HD9 1HG,93,49,44,46
HD9 1HH,12,5,7,6
HD9 1HJ,30,13,17,15
HD9 1HL,28,13,15,11
HD9 1HN,13,4,9,8
HD9 1HP,12,7,5,4
HD9 1HQ,14,7,7,7
HD9 1HR,18,10,8,5
HD9 1HS,3,2,1,3
HD9 1HT,37,19,18,17
HD9 1HU,39,20,19,21
HD9 1HW,31,13,18,12
HD9 1HX,83,41,42,29
HD9 1HY,22,10,12,12
HD9 1HZ,46,18,28,20
HD9 1JA,69,35,34,24
HD9 1JB,26,15,11,17
HD9 1JD,32,15,17,10
HD9 1JF,21,9,12,13
HD9 1JG,25,12,13,10
HD9 1JH,58,27,31,27
HD9 1JL,85,42,43,30
HD9 1JS,8,1,7,5
HD9 1LA,17,7,10,7
HD9 1LB,36,19,17,13
HD9 1LE,19,9,10,9
HD9 1LF,26,14,12,10
HD9 1LG,12,6,6,5
HD9 1LH,73,31,42,32
HD9 1LJ,106,49,57,44
HD9 1LL,46,23,23,24
HD9 1LN,61,23,38,27
HD9 1LP,90,40,50,43
HD9 1LQ,58,29,29,23
HD9 1LR,62,26,36,22
HD9 1LS,28,11,17,12
HD9 1LT,132,75,57,52
HD9 1LU,33,17,16,17
HD9 1LW,86,38,48,43
HD9 1LX,30,13,17,17
HD9 1LY,22,10,12,11
HD9 1LZ,16,10,6,7
HD9 1PR,10,4,6,3
HD9 1QA,21,12,9,6
HD9 1QB,32,18,14,16
HD9 1QD,50,19,31,24
HD9 1QE,14,7,7,7
HD9 1QF,17,8,9,8
HD9 1QG,36,16,20,16
HD9 1QH,23,11,12,9
HD9 1QJ,80,38,42,33
HD9 1QL,19,10,9,5
HD9 1QN,24,14,10,11
HD9 1QP,53,26,27,23
HD9 1QQ,47,22,25,18
HD9 1QR,21,10,11,9
HD9 1QS,21,8,13,8
HD9 1QT,82,41,41,30
HD9 1QU,33,16,17,11
HD9 1QW,77,36,41,35
HD9 1QX,9,4,5,5
HD9 1QY,6,3,3,3
HD9 1QZ,14,6,8,4
HD9 1RB,5,3,2,2
HD9 1RD,1,0,1,1
HD9 1RE,8,4,4,2
HD9 1RJ,32,17,15,20
HD9 1RL,8,4,4,4
HD9 1RN,16,8,8,6
HD9 1RP,16,8,8,6
HD9 1RQ,2,1,1,1
HD9 1RR,13,5,8,6
HD9 1RS,26,13,13,11
HD9 1RU,24,13,11,10
HD9 1RW,13,7,6,6
HD9 1RX,31,18,13,10
HD9 1RY,17,7,10,5
HD9 1RZ,7,4,3,3
HD9 1SA,68,31,37,22
HD9 1SB,47,18,29,15
HD9 1SD,72,40,32,24
HD9 1SE,15,6,9,6
HD9 1SF,20,9,11,8
HD9 1SG,2,1,1,1
HD9 1SH,15,7,8,5
HD9 1SJ,78,37,41,32
HD9 1SL,16,9,7,6
HD9 1SN,10,5,5,4
HD9 1SP,44,25,19,13
HD9 1SQ,17,8,9,8
HD9 1SR,45,23,22,16
HD9 1SS,24,11,13,9
HD9 1ST,34,15,19,12
HD9 1SU,14,7,7,4
HD9 1SW,215,117,98,75
HD9 1SX,123,55,68,47
HD9 1SY,79,41,38,37
HD9 1SZ,40,22,18,15
HD9 1TA,19,11,8,7
HD9 1TB,22,10,12,13
HD9 1TD,12,8,4,5
HD9 1TE,59,32,27,29
HD9 1TF,19,10,9,8
HD9 1TG,54,31,23,24
HD9 1TH,11,5,6,4
HD9 1TJ,44,21,23,16
HD9 1TL,34,16,18,16
HD9 1TN,36,17,19,16
HD9 1TP,16,6,10,4
HD9 1TQ,31,13,18,13
HD9 1TR,7,3,4,3
HD9 1TS,14,7,7,5
HD9 1TT,47,25,22,22
HD9 1TU,14,7,7,5
HD9 1TW,5,2,3,2
HD9 1TX,40,15,25,18
HD9 1TY,11,5,6,5
HD9 1TZ,53,24,29,23
HD9 1UA,104,52,52,43
HD9 1UB,35,18,17,16
HD9 1UD,59,28,31,25
HD9 1UE,18,9,9,9
HD9 1UF,16,8,8,7
HD9 1UG,36,20,16,14
HD9 1UH,17,7,10,6
HD9 1UJ,39,21,18,19
HD9 1UL,31,17,14,11
HD9 1UN,46,22,24,22
HD9 1UP,12,8,4,3
HD9 1UQ,75,35,40,38
HD9 1UR,24,12,12,11
HD9 1US,21,10,11,5
HD9 1UT,2,1,1,1
HD9 1UU,2,1,1,1
HD9 1UW,25,16,9,12
HD9 1UY,108,53,55,49
HD9 1UZ,14,7,7,6
HD9 1XA,17,7,10,8
HD9 1XD,25,12,13,10
HD9 1XE,52,27,25,20
HD9 1XF,134,67,67,57
HD9 1XG,26,10,16,11
HD9 1XH,13,6,7,5
HD9 1XN,12,4,8,4
HD9 1XP,84,42,42,35
HD9 1XQ,21,12,9,8
HD9 1XS,22,15,7,10
HD9 1XT,51,23,28,23
HD9 1XU,88,41,47,38
HD9 1XX,26,11,15,9
HD9 1XY,27,15,12,10
HD9 1XZ,31,17,14,12
HD9 2AD,34,18,16,13
HD9 2AE,14,6,8,6
HD9 2AF,2,1,1,1
HD9 2AG,32,13,19,12
HD9 2AH,11,4,7,4
HD9 2AJ,13,7,6,8
HD9 2AL,4,3,1,4
HD9 2AN,8,4,4,3
HD9 2AP,12,3,9,5
HD9 2AQ,16,7,9,4
HD9 2AR,5,4,1,4
HD9 2AT,8,5,3,6
HD9 2BA,5,3,2,3
HD9 2BB,14,8,6,4
HD9 2BG,10,4,6,6
HD9 2BH,4,2,2,2
HD9 2BJ,2,0,2,2
HD9 2BL,17,8,9,5
HD9 2DA,20,8,12,9
HD9 2DB,2,1,1,1
HD9 2DD,29,15,14,8
HD9 2DE,8,4,4,2
HD9 2DF,14,8,6,6
HD9 2DH,3,1,2,2
HD9 2DJ,6,3,3,3
HD9 2DL,20,12,8,9
HD9 2DN,10,5,5,6
HD9 2DP,21,10,11,9
HD9 2DQ,38,17,21,22
HD9 2DR,20,8,12,10
HD9 2DS,23,13,10,12
HD9 2DT,101,48,53,50
HD9 2DU,26,15,11,15
HD9 2DY,4,1,3,1
HD9 2DZ,44,18,26,20
HD9 2HU,3,2,1,2
HD9 2HY,70,42,28,23
HD9 2JA,5,3,2,2
HD9 2JB,102,48,54,41
HD9 2JD,26,15,11,11
HD9 2JE,8,4,4,3
HD9 2JF,5,2,3,2
HD9 2JG,39,20,19,16
HD9 2JH,2,1,1,1
HD9 2JJ,14,6,8,8
HD9 2JL,15,6,9,6
HD9 2JN,16,8,8,9
HD9 2JQ,102,50,52,43
HD9 2JR,11,7,4,5
HD9 2JS,19,13,6,11
HD9 2JU,82,45,37,47
HD9 2JX,27,13,14,10
HD9 2JY,6,4,2,2
HD9 2JZ,36,19,17,16
HD9 2LA,93,43,50,28
HD9 2LB,32,17,15,13
HD9 2LD,17,11,6,5
HD9 2LE,14,7,7,11
HD9 2LF,52,24,28,20
HD9 2LG,11,6,5,6
HD9 2LL,5,3,2,2
HD9 2LN,68,34,34,30
HD9 2LP,91,48,43,41
HD9 2LQ,55,28,27,24
HD9 2LR,18,9,9,10
HD9 2LS,1,1,0,1
HD9 2LT,13,7,6,6
HD9 2LU,9,5,4,7
HD9 2LW,72,33,39,29
HD9 2LY,78,32,46,37
HD9 2LZ,46,22,24,18
HD9 2NA,7,4,3,3
HD9 2NB,83,41,42,27
HD9 2ND,4,2,2,2
HD9 2NF,8,5,3,4
HD9 2NG,14,7,7,6
HD9 2NH,49,20,29,19
HD9 2NJ,115,58,57,44
HD9 2NL,115,58,57,51
HD9 2NP,67,32,35,23
HD9 2NQ,15,7,8,9
HD9 2NR,15,7,8,8
HD9 2NS,14,7,7,6
HD9 2NT,13,7,6,3
HD9 2NU,10,5,5,5
HD9 2NW,107,54,53,57
HD9 2NY,28,12,16,14
HD9 2NZ,17,10,7,12
HD9 2PA,5,2,3,3
HD9 2PB,38,19,19,16
HD9 2PD,5,3,2,4
HD9 2PE,19,8,11,11
HD9 2PF,12,7,5,4
HD9 2PG,33,18,15,14
HD9 2PH,24,16,8,9
HD9 2PJ,64,30,34,25
HD9 2PL,32,17,15,10
HD9 2PN,25,14,11,9
HD9 2PP,20,10,10,8
HD9 2PQ,50,19,31,25
HD9 2PR,79,45,34,39
HD9 2PS,63,31,32,27
HD9 2PT,33,14,19,17
HD9 2PW,33,13,20,25
HD9 2PX,52,30,22,21
HD9 2PY,39,19,20,15
HD9 2PZ,65,33,32,24
HD9 2QA,10,6,4,5
HD9 2QB,9,4,5,3
HD9 2QD,18,11,7,9
HD9 2QE,20,11,9,9
HD9 2QF,25,13,12,12
HD9 2QG,85,43,42,38
HD9 2QJ,15,7,8,5
HD9 2QL,12,8,4,8
HD9 2QN,15,8,7,5
HD9 2QP,13,4,9,6
HD9 2QQ,30,13,17,15
HD9 2QR,9,6,3,4
HD9 2QS,4,3,1,1
HD9 2QT,53,23,30,23
HD9 2QU,4,1,3,3
HD9 2QW,75,37,38,33
HD9 2QX,144,71,73,59
HD9 2QY,34,15,19,15
HD9 2QZ,31,17,14,12
HD9 2RA,7,3,4,3
HD9 2RB,20,11,9,8
HD9 2RE,6,3,3,2
HD9 2RF,14,6,8,5
HD9 2RG,16,8,8,9
HD9 2RH,37,16,21,14
HD9 2RJ,10,4,6,5
HD9 2RL,10,6,4,4
HD9 2RN,28,16,12,11
HD9 2RP,16,9,7,7
HD9 2RQ,47,24,23,20
HD9 2RR,51,28,23,22
HD9 2RS,4,2,2,2
HD9 2RT,51,24,27,21
HD9 2RU,15,6,9,6
HD9 2RW,8,5,3,4
HD9 2RX,8,4,4,4
HD9 2RY,9,6,3,4
HD9 2RZ,6,3,3,3
HD9 2SA,26,15,11,12
HD9 2SB,4,1,3,1
HD9 2SD,9,6,3,3
HD9 2SE,10,5,5,4
HD9 2SF,4,3,1,1
HD9 2SG,6,2,4,4
HD9 2SH,86,45,41,30
HD9 2SJ,4,2,2,2
HD9 2SL,3,1,2,2
HD9 2SN,18,10,8,5
HD9 2SP,12,6,6,5
HD9 2SQ,12,7,5,5
HD9 2SR,15,5,10,6
HD9 2SS,26,12,14,10
HD9 2ST,36,17,19,14
HD9 2SU,14,7,7,6
HD9 2SW,11,7,4,5
HD9 2SX,3,1,2,1
HD9 2SY,7,3,4,2
HD9 2SZ,20,13,7,8
HD9 2TA,18,7,11,7
HD9 2TB,15,6,9,4
HD9 2TD,8,5,3,4
HD9 2TE,9,5,4,3
HD9 2TF,7,4,3,2
HD9 2TG,23,8,15,7
HD9 2TH,6,3,3,2
HD9 2TJ,2,1,1,1
HD9 2TL,3,1,2,1
HD9 2TN,14,6,8,4
HD9 2TP,81,42,39,39
HD9 2TQ,12,6,6,5
HD9 2TR,35,20,15,13
HD9 2TS,2,1,1,1
HD9 2TT,61,27,34,29
HD9 2TY,60,28,32,23
HD9 3AD,12,6,6,7
HD9 3AR,5,2,3,3
HD9 3AS,60,32,28,25
HD9 3AX,3,1,2,1
HD9 3AZ,3,2,1,2
HD9 3BB,10,5,5,4
HD9 3BD,47,19,28,24
HD9 3BE,41,22,19,21
HD9 3BJ,27,15,12,11
HD9 3BL,54,26,28,22
HD9 3BN,41,22,19,17
HD9 3BP,45,22,23,17
HD9 3BQ,61,33,28,25
HD9 3BT,18,11,7,7
HD9 3BW,47,25,22,19
HD9 3EA,22,15,7,10
HD9 3EB,24,16,8,13
HD9 3ED,5,4,1,4
HD9 3EE,36,21,15,15
HD9 3EF,46,26,20,19
HD9 3EH,20,12,8,8
HD9 3EJ,43,20,23,19
HD9 3EL,8,5,3,2
HD9 3EN,20,13,7,6
HD9 3EP,94,41,53,50
HD9 3EQ,60,31,29,26
HD9 3ES,12,4,8,10
HD9 3ET,65,30,35,30
HD9 3EW,119,64,55,46
HD9 3EX,151,78,73,66
HD9 3EY,30,15,15,11
HD9 3EZ,49,22,27,16
HD9 3HA,67,33,34,27
HD9 3HB,50,25,25,22
HD9 3HD,12,5,7,7
HD9 3HE,10,6,4,4
HD9 3HF,19,9,10,6
HD9 3HG,22,12,10,6
HD9 3HL,87,40,47,32
HD9 3HN,84,45,39,31
HD9 3HP,17,6,11,7
HD9 3HQ,24,13,11,7
HD9 3HR,57,30,27,18
HD9 3HS,26,13,13,9
HD9 3HU,10,5,5,5
HD9 3HW,12,6,6,7
HD9 3HX,1,0,1,1
HD9 3HY,71,34,37,34
HD9 3HZ,5,2,3,4
HD9 3JA,31,19,12,10
HD9 3JB,20,12,8,8
HD9 3JD,11,6,5,6
HD9 3JH,11,5,6,7
HD9 3JJ,9,6,3,4
HD9 3JR,22,12,10,11
HD9 3JS,86,42,44,34
HD9 3JT,4,2,2,1
HD9 3JU,26,12,14,9
HD9 3RA,13,5,8,5
HD9 3RB,2,1,1,1
HD9 3RD,3,1,2,1
HD9 3RE,22,12,10,8
HD9 3RF,9,5,4,5
HD9 3RG,5,3,2,2
HD9 3RH,15,8,7,5
HD9 3RJ,8,6,2,4
HD9 3RL,7,4,3,2
HD9 3RN,10,5,5,4
HD9 3RT,42,19,23,13
HD9 3TA,7,5,2,2
HD9 3TB,6,4,2,3
HD9 3TD,4,2,2,1
HD9 3TE,6,3,3,3
HD9 3TF,3,2,1,2
HD9 3TG,14,6,8,6
HD9 3TH,17,9,8,7
HD9 3TP,71,37,34,25
HD9 3TQ,126,36,90,42
HD9 3TT,82,40,42,34
HD9 3TX,28,14,14,12
HD9 3TY,18,8,10,9
HD9 3TZ,27,13,14,13
HD9 3UA,42,21,21,19
HD9 3UD,25,15,10,10
HD9 3UE,6,3,3,3
HD9 3UF,130,66,64,54
HD9 3UG,74,41,33,31
HD9 3UH,23,10,13,7
HD9 3UJ,42,24,18,18
HD9 3UL,32,14,18,14
HD9 3UN,3,2,1,3
HD9 3UP,25,15,10,8
HD9 3UQ,22,9,13,10
HD9 3UR,19,8,11,7
HD9 3US,5,2,3,2
HD9 3UT,6,3,3,2
HD9 3UU,17,9,8,6
HD9 3UW,49,21,28,17
HD9 3UX,81,39,42,40
HD9 3UY,20,9,11,6
HD9 3UZ,75,33,42,29
HD9 3WB,8,3,5,3
HD9 3XA,11,5,6,5
HD9 3XB,16,11,5,6
HD9 3XD,9,5,4,3
HD9 3XE,33,17,16,15
HD9 3XF,13,8,5,7
HD9 3XG,6,2,4,3
HD9 3XH,100,50,50,36
HD9 3XJ,8,4,4,3
HD9 3XL,37,19,18,12
HD9 3XN,12,7,5,5
HD9 3XP,36,18,18,15
HD9 3XQ,21,10,11,6
HD9 3XR,40,21,19,15
HD9 3XS,20,11,9,8
HD9 3XT,45,25,20,16
HD9 3XU,24,13,11,12
HD9 3XW,53,26,27,21
HD9 3XX,53,25,28,24
HD9 3XY,20,10,10,9
HD9 3XZ,11,4,7,5
HD9 3YR,19,10,9,6
HD9 4AA,8,2,6,3
HD9 4AD,5,2,3,2
HD9 4AE,7,3,4,4
HD9 4AF,37,24,13,24
HD9 4AG,115,42,73,26
HD9 4AJ,41,21,20,21
HD9 4AL,11,4,7,7
HD9 4AP,17,9,8,6
HD9 4AQ,6,3,3,2
HD9 4AS,50,22,28,15
HD9 4AT,9,2,7,2
HD9 4AU,17,7,10,7
HD9 4AW,4,1,3,3
HD9 4AX,13,9,4,5
HD9 4AZ,15,9,6,10
HD9 4BA,57,29,28,24
HD9 4BB,2,1,1,1
HD9 4BD,5,3,2,1
HD9 4BE,19,8,11,7
HD9 4BG,13,8,5,5
HD9 4BH,8,4,4,3
HD9 4BJ,2,1,1,1
HD9 4BL,31,14,17,14
HD9 4BN,34,10,24,25
HD9 4BP,51,24,27,19
HD9 4BQ,20,11,9,11
HD9 4BS,32,15,17,11
HD9 4BT,59,31,28,22
HD9 4BU,6,3,3,2
HD9 4BW,122,59,63,45
HD9 4BX,30,15,15,20
HD9 4DA,24,14,10,10
HD9 4DB,34,17,17,12
HD9 4DD,9,5,4,3
HD9 4DE,5,2,3,3
HD9 4DF,8,5,3,2
HD9 4DG,3,1,2,1
HD9 4DH,58,27,31,23
HD9 4DJ,13,5,8,5
HD9 4DL,66,35,31,24
HD9 4DN,44,23,21,17
HD9 4DP,46,25,21,18
HD9 4DQ,34,16,18,18
HD9 4DR,87,44,43,39
HD9 4DT,6,3,3,2
HD9 4DU,22,12,10,11
HD9 4DW,100,53,47,50
HD9 4DX,67,29,38,14
HD9 4DY,26,11,15,12
HD9 4DZ,41,22,19,16
HD9 4EA,15,5,10,8
HD9 4EB,39,14,25,15
HD9 4ED,33,15,18,13
HD9 4EE,31,14,17,17
HD9 4EF,27,13,14,10
HD9 4EG,38,20,18,15
HD9 4EH,39,18,21,14
HD9 4EJ,24,11,13,10
HD9 4EL,133,72,61,35
HD9 4EQ,25,15,10,13
HD9 4ER,1,1,0,1
HD9 4ES,3,1,2,2
HD9 4ET,50,25,25,25
HD9 4EU,83,43,40,39
HD9 4EW,24,16,8,16
HD9 4EX,98,47,51,42
HD9 4EY,88,36,52,42
HD9 4EZ,25,10,15,10
HD9 4FD,6,3,3,5
HD9 4HA,145,65,80,58
HD9 4HB,12,6,6,12
HD9 4HD,37,22,15,16
HD9 4HE,72,35,37,26
HD9 4HF,50,24,26,22
HD9 4HG,52,23,29,23
HD9 4HH,27,11,16,15
HD9 4HJ,4,1,3,3
HD9 4HL,25,11,14,13
HD9 4HN,4,3,1,2
HD9 4HP,5,3,2,2
HD9 4HQ,11,4,7,6
HD9 4HR,82,43,39,37
HD9 4HS,41,20,21,14
HD9 4HT,128,66,62,43
HD9 4HU,23,9,14,14
HD9 4HW,11,5,6,4
HD9 4HX,6,4,2,2
HD9 4HY,3,1,2,2
HD9 4HZ,4,1,3,1
HD9 4JB,5,2,3,2
HD9 4JD,1,0,1,1
HD9 4JE,42,21,21,17
HD9 4JF,7,3,4,2
HD9 4NA,7,3,4,4
HD9 4NB,8,4,4,5
HD9 4ND,50,27,23,27
HD9 4NE,9,5,4,2
HD9 4NG,5,1,4,4
HD9 4NH,1,0,1,1
HD9 4NJ,10,6,4,5
HD9 4NL,11,5,6,4
HD9 4NN,36,17,19,12
HD9 4NP,56,16,40,44
HD9 4NW,129,63,66,45
HD9 5AA,47,28,19,22
HD9 5AB,30,14,16,11
HD9 5AD,23,10,13,12
HD9 5AE,48,27,21,24
HD9 5JB,14,9,5,4
HD9 5JD,10,7,3,5
HD9 5JE,11,6,5,3
HD9 5JF,15,8,7,12
HD9 5JG,19,16,3,18
HD9 5JH,65,29,36,19
HD9 5JJ,22,10,12,10
HD9 5JL,86,44,42,33
HD9 5JN,9,4,5,5
HD9 5JP,19,8,11,9
HD9 5JQ,29,14,15,11
HD9 5JR,56,25,31,21
HD9 5JS,57,26,31,32
HD9 5JT,64,32,32,29
HD9 5JU,14,7,7,6
HD9 5JX,40,19,21,13
HD9 5JY,78,39,39,34
HD9 5LA,48,19,29,23
HD9 5LB,16,7,9,6
HD9 5LD,55,31,24,24
HD9 5LE,13,6,7,6
HD9 5LF,19,10,9,9
HD9 5LG,65,36,29,28
HD9 5LH,82,35,47,33
HD9 5LJ,30,14,16,15
HD9 5LL,12,7,5,4
HD9 5LN,6,3,3,2
HD9 5LP,70,37,33,29
HD9 5LQ,64,31,33,26
HD9 5LR,105,49,56,36
HD9 5LS,146,73,73,51
HD9 5LT,128,59,69,44
HD9 5LU,41,17,24,14
HD9 5LW,120,57,63,53
HD9 5LY,85,35,50,33
HD9 5LZ,29,14,15,10
HD9 5NA,97,48,49,43
HD9 5NB,7,3,4,4
HD9 5ND,10,5,5,4
HD9 5NE,7,3,4,2
HD9 5NF,29,15,14,15
HD9 5NH,7,2,5,2
HD9 5NJ,1,1,0,1
HD9 5NL,39,16,23,18
HD9 5NP,25,12,13,14
HD9 5NQ,61,32,29,22
HD9 5NR,26,11,15,13
HD9 5NS,12,4,8,7
HD9 5NT,12,4,8,8
HD9 5NU,39,19,20,17
HD9 5NW,51,26,25,28
HD9 5NX,7,2,5,6
HD9 5NY,27,16,11,12
HD9 5NZ,23,13,10,8
HD9 5PA,53,29,24,17
HD9 5PB,121,61,60,42
HD9 5PD,117,57,60,44
HD9 5PE,41,21,20,16
HD9 5PF,86,47,39,35
HD9 5PG,51,25,26,18
HD9 5PH,8,4,4,5
HD9 5PJ,16,6,10,11
HD9 5PL,46,17,29,18
HD9 5PN,43,18,25,25
HD9 5PP,11,5,6,5
HD9 5PQ,42,21,21,23
HD9 5PR,22,10,12,10
HD9 5PS,9,5,4,5
HD9 5PT,9,4,5,4
HD9 5PU,5,3,2,3
HD9 5PW,95,47,48,42
HD9 5PX,25,10,15,9
HD9 5PY,64,29,35,30
HD9 5PZ,47,19,28,35
HD9 5QA,10,5,5,6
HD9 5QB,32,17,15,17
HD9 5QD,31,17,14,10
HD9 5QE,9,3,6,3
HD9 5QG,78,34,44,31
HD9 5QH,12,6,6,4
HD9 5QL,18,12,6,10
HD9 5QN,115,61,54,35
HD9 5QP,4,4,0,3
HD9 5QS,43,24,19,20
HD9 5QW,128,66,62,47
HD9 5QX,61,28,33,19
HD9 5QY,142,56,86,58
HD9 5QZ,51,25,26,14
HD9 5RA,80,37,43,28
HD9 5RB,33,14,19,14
HD9 5RD,35,18,17,18
HD9 5RE,5,2,3,2
HD9 5RF,128,77,51,53
HD9 5RG,104,49,55,59
HD9 5RJ,66,30,36,25
HD9 5RL,80,25,55,17
HD9 5RN,14,7,7,7
HD9 5RQ,95,48,47,37
HD9 5RR,10,5,5,4
HD9 5RS,50,29,21,20
HD9 5RT,55,27,28,27
HD9 5RW,95,53,42,41
HD9 5RX,31,16,15,15
HD9 6AA,33,16,17,14
HD9 6AB,2,1,1,1
HD9 6AE,32,13,19,17
HD9 6AF,25,11,14,16
HD9 6AH,27,14,13,16
HD9 6AJ,23,11,12,11
HD9 6AL,36,13,23,29
HD9 6AN,1,0,1,1
HD9 6AQ,30,13,17,15
HD9 6AR,2,0,2,2
HD9 6AS,25,13,12,11
HD9 6AT,130,57,73,55
HD9 6AU,12,5,7,6
HD9 6AW,13,9,4,5
HD9 6AX,11,7,4,6
HD9 6AY,21,9,12,10
HD9 6AZ,6,4,2,2
HD9 6BA,5,1,4,4
HD9 6BB,5,3,2,5
HD9 6BD,6,4,2,3
HD9 6BE,7,3,4,3
HD9 6BG,12,7,5,6
HD9 6BH,12,5,7,7
HD9 6BJ,19,11,8,7
HD9 6BN,9,5,4,3
HD9 6BP,30,15,15,14
HD9 6BQ,5,3,2,2
HD9 6BT,13,5,8,8
HD9 6BU,28,14,14,13
HD9 6BW,32,16,16,16
HD9 6BX,72,36,36,25
HD9 6DA,7,4,3,3
HD9 6DB,13,6,7,4
HD9 6DD,109,47,62,40
HD9 6DE,31,16,15,12
HD9 6DF,56,24,32,41
HD9 6DG,51,21,30,28
HD9 6DH,10,3,7,6
HD9 6DJ,6,3,3,2
HD9 6DL,61,31,30,30
HD9 6DN,27,13,14,17
HD9 6DP,10,4,6,7
HD9 6DQ,26,9,17,24
HD9 6DR,32,12,20,23
HD9 6DS,59,33,26,24
HD9 6DT,27,14,13,11
HD9 6DU,40,17,23,23
HD9 6DX,48,20,28,22
HD9 6DY,162,75,87,76
HD9 6DZ,17,9,8,6
HD9 6EA,104,56,48,42
HD9 6EB,101,54,47,36
HD9 6ED,34,16,18,18
HD9 6EE,69,33,36,26
HD9 6EF,34,17,17,12
HD9 6EG,32,19,13,12
HD9 6EH,13,5,8,6
HD9 6EJ,11,6,5,5
HD9 6EL,88,37,51,37
HD9 6EN,38,18,20,18
HD9 6EP,16,7,9,8
HD9 6EQ,17,8,9,10
HD9 6ER,76,39,37,31
HD9 6ES,42,19,23,15
HD9 6ET,99,47,52,46
HD9 6EU,82,37,45,26
HD9 6EW,23,10,13,13
HD9 6EX,13,8,5,4
HD9 6EY,8,2,6,5
HD9 6EZ,24,12,12,13
HD9 6GH,13,10,3,3
HD9 6GJ,162,76,86,47
HD9 6GL,64,34,30,19
HD9 6GN,67,33,34,19
HD9 6GP,5,3,2,3
HD9 6GU,9,6,3,5
HD9 6HA,8,3,5,7
HD9 6HB,74,33,41,23
HD9 6HD,4,2,2,2
HD9 6HE,107,51,56,41
HD9 6HF,115,56,59,43
HD9 6HG,80,36,44,33
HD9 6HH,10,3,7,5
HD9 6HL,45,20,25,17
HD9 6HN,41,20,21,18
HD9 6HP,59,32,27,22
HD9 6HQ,34,14,20,16
HD9 6HR,68,38,30,28
HD9 6HS,62,26,36,28
HD9 6HT,30,13,17,16
HD9 6HU,16,7,9,9
HD9 6HW,37,21,16,14
HD9 6HX,15,9,6,7
HD9 6HY,61,28,33,33
HD9 6HZ,6,3,3,3
HD9 6JA,16,10,6,11
HD9 6JB,11,6,5,6
HD9 6JD,34,11,23,31
HD9 6JE,28,16,12,14
HD9 6JF,28,16,12,14
HD9 6JG,97,48,49,43
HD9 6JJ,20,10,10,9
HD9 6JN,23,12,11,8
HD9 6JP,251,128,123,95
HD9 6JQ,41,24,17,21
HD9 6JR,5,3,2,2
HD9 6JS,7,4,3,4
HD9 6JT,8,3,5,5
HD9 6JW,45,25,20,16
HD9 6JX,33,19,14,16
HD9 6JY,39,21,18,17
HD9 6JZ,22,11,11,8
HD9 6LA,9,3,6,4
HD9 6LD,41,21,20,18
HD9 6LE,13,7,6,5
HD9 6LF,91,43,48,38
HD9 6LG,55,26,29,26
HD9 6LH,5,2,3,2
HD9 6LL,78,44,34,25
HD9 6LN,13,7,6,5
HD9 6LP,7,5,2,3
HD9 6LQ,4,2,2,2
HD9 6LS,11,6,5,8
HD9 6LT,37,20,17,16
HD9 6LU,40,21,19,21
HD9 6LW,11,5,6,9
HD9 6LX,60,33,27,27
HD9 6LZ,5,3,2,3
HD9 6NA,16,7,9,6
HD9 6ND,42,19,23,14
HD9 6NE,28,15,13,11
HD9 6NH,11,6,5,6
HD9 6NJ,10,3,7,6
HD9 6NL,52,29,23,23
HD9 6NN,7,4,3,3
HD9 6NP,39,20,19,14
HD9 6NQ,69,35,34,38
HD9 6NR,10,4,6,3
HD9 6NS,35,15,20,19
HD9 6NT,83,35,48,36
HD9 6NW,86,47,39,31
HD9 6NX,18,12,6,10
HD9 6NZ,11,5,6,7
HD9 6PA,23,12,11,9
HD9 6PB,10,4,6,4
HD9 6PD,11,6,5,4
HD9 6PE,6,4,2,3
HD9 6PG,12,5,7,7
HD9 6PH,5,3,2,3
HD9 6PN,5,3,2,3
HD9 6PP,10,4,6,3
HD9 6PQ,11,6,5,4
HD9 6PR,11,6,5,3
HD9 6PS,66,32,34,23
HD9 6PU,43,24,19,18
HD9 6PY,21,10,11,12
HD9 6QE,22,9,13,9
HD9 6QF,9,5,4,5
HD9 6QH,1,1,0,1
HD9 6QL,49,23,26,22
HD9 6QN,15,10,5,4
HD9 6QP,30,16,14,12
HD9 6QR,27,13,14,10
HD9 6QS,21,10,11,11
HD9 6QT,15,7,8,6
HD9 6QU,2,1,1,1
HD9 6QW,51,20,31,23
HD9 6QX,42,18,24,19
HD9 6QY,4,2,2,2
HD9 6RB,9,4,5,4
HD9 6RD,10,6,4,5
HD9 6RE,45,22,23,15
HD9 6RF,16,7,9,6
HD9 6RG,14,10,4,6
HD9 6RJ,42,17,25,18
HD9 6RL,114,60,54,48
HD9 6RN,27,14,13,11
HD9 6RP,14,8,6,9
HD9 6RQ,27,11,16,13
HD9 6RS,4,1,3,1
HD9 6RT,9,5,4,5
HD9 6RU,134,70,64,52
HD9 6RW,122,63,59,39
HD9 6RX,21,9,12,7
HD9 6RY,16,9,7,5
HD9 6RZ,9,5,4,2
HD9 7AA,59,28,31,23
HD9 7AB,31,11,20,16
HD9 7AE,20,10,10,8
HD9 7AF,12,6,6,5
HD9 7AG,77,37,40,23
HD9 7AH,27,13,14,17
HD9 7AJ,2,1,1,2
HD9 7AL,61,30,31,28
HD9 7AN,12,4,8,5
HD9 7AP,8,5,3,5
HD9 7AQ,25,11,14,7
HD9 7AR,99,48,51,45
HD9 7AS,34,14,20,17
HD9 7AT,30,13,17,11
HD9 7AU,47,26,21,19
HD9 7AY,50,27,23,17
HD9 7AZ,84,44,40,37
HD9 7BA,102,58,44,47
HD9 7BB,4,2,2,3
HD9 7BD,19,8,11,8
HD9 7BE,6,3,3,3
HD9 7BF,11,5,6,6
HD9 7BG,110,55,55,45
HD9 7BH,70,34,36,26
HD9 7BJ,53,24,29,19
HD9 7BL,94,53,41,35
HD9 7BP,161,73,88,72
HD9 7BQ,19,9,10,8
HD9 7BS,19,8,11,11
HD9 7BT,21,8,13,9
HD9 7BU,6,4,2,4
HD9 7BW,1,0,1,1
HD9 7BX,6,2,4,6
HD9 7DF,7,4,3,3
HD9 7DG,17,8,9,7
HD9 7DH,42,21,21,21
HD9 7DJ,8,4,4,3
HD9 7DL,48,23,25,20
HD9 7DN,17,9,8,5
HD9 7DP,44,20,24,22
HD9 7DQ,6,2,4,3
HD9 7DT,12,4,8,5
HD9 7DU,4,2,2,2
HD9 7DW,43,24,19,17
HD9 7DX,6,5,1,3
HD9 7DY,28,13,15,12
HD9 7DZ,12,6,6,5
HD9 7EA,177,91,86,65
HD9 7EB,88,43,45,30
HD9 7ED,28,10,18,11
HD9 7EE,177,89,88,71
HD9 7EF,27,13,14,10
HD9 7EG,18,6,12,6
HD9 7EH,21,12,9,9
HD9 7EJ,5,2,3,3
HD9 7EL,19,13,6,10
HD9 7EP,11,4,7,4
HD9 7ER,31,14,17,12
HD9 7ES,11,7,4,6
HD9 7EU,2,2,0,1
HD9 7EW,17,12,5,5
HD9 7EX,34,19,15,18
HD9 7EZ,105,51,54,47
HD9 7HA,38,18,20,17
HD9 7HB,6,4,2,1
HD9 7HD,29,17,12,9
HD9 7HE,16,8,8,6
HD9 7HF,11,6,5,7
HD9 7HG,25,13,12,11
HD9 7HH,15,7,8,8
HD9 7HL,49,20,29,17
HD9 7HN,6,4,2,2
HD9 7HR,169,87,82,59
HD9 7HS,26,14,12,11
HD9 7HT,10,5,5,5
HD9 7HU,4,3,1,2
HD9 7HX,17,10,7,9
HD9 7HY,14,9,5,6
HD9 7JJ,20,9,11,15
HD9 7JL,2,1,1,1
HD9 7JN,9,3,6,3
HD9 7JP,18,8,10,11
HD9 7JR,34,21,13,17
HD9 7JS,22,10,12,12
HD9 7JT,20,8,12,9
HD9 7JU,47,21,26,22
HD9 7JW,4,2,2,3
HD9 7JX,41,20,21,16
HD9 7JY,11,4,7,5
HD9 7LB,11,6,5,4
HD9 7LD,12,6,6,6
HD9 7LE,46,24,22,13
HD9 7LF,62,31,31,23
HD9 7LG,16,9,7,7
HD9 7LJ,57,27,30,19
HD9 7LN,52,28,24,22
HD9 7LS,48,24,24,16
HD9 7LT,21,9,12,9
HD9 7LU,6,4,2,4
HD9 7LW,34,18,16,13
HD9 7LX,5,2,3,3
HD9 7LY,9,5,4,3
HD9 7LZ,24,12,12,11
HD9 7NB,7,4,3,2
HD9 7ND,43,23,20,17
HD9 7NE,4,2,2,2
HD9 7NF,11,5,6,5
HD9 7NG,7,3,4,3
HD9 7NJ,24,12,12,10
HD9 7NL,18,8,10,8
HD9 7NN,24,13,11,11
HD9 7NP,22,12,10,10
HD9 7NQ,7,2,5,3
HD9 7NR,10,4,6,4
HD9 7NS,50,25,25,19
HD9 7NW,32,20,12,13
HD9 7RQ,27,11,16,9
HD9 7RR,2,1,1,1
HD9 7RT,9,4,5,3
HD9 7RU,10,5,5,4
HD9 7RX,64,30,34,30
HD9 7RY,44,22,22,18
HD9 7RZ,26,15,11,14
HD9 7SA,36,19,17,13
HD9 7SB,70,35,35,29
HD9 7SD,17,6,11,7
HD9 7SF,60,30,30,20
HD9 7SG,49,23,26,21
HD9 7SH,13,7,6,5
HD9 7SJ,46,19,27,23
HD9 7SL,39,17,22,16
HD9 7SN,13,7,6,6
HD9 7SP,26,11,15,14
HD9 7SQ,30,16,14,11
HD9 7SR,65,25,40,23
HD9 7SS,31,12,19,16
HD9 7ST,72,37,35,29
HD9 7SU,29,15,14,10
HD9 7SW,8,4,4,2
HD9 7SX,78,32,46,28
HD9 7SY,17,7,10,4
HD9 7SZ,33,10,23,12
HD9 7TA,2,1,1,1
HD9 7TB,12,7,5,6
HD9 7TD,12,6,6,7
HD9 7TE,7,5,2,3
HD9 7TF,9,4,5,2
HD9 7TG,6,3,3,2
HD9 7TH,11,6,5,5
HD9 7TJ,96,48,48,40
HD9 7TL,20,10,10,11
HD9 7TN,11,4,7,4
HD9 7TP,5,3,2,3
HD9 7TR,1,0,1,1
HD9 7TS,15,6,9,5
HD9 7TT,8,5,3,6
HD9 7TU,11,8,3,4
HD9 7TW,4,2,2,2
HD9 7TX,9,3,6,3
HD9 7TY,10,4,6,4
HG1 1AX,27,15,12,16
HG1 1BA,7,1,6,4
HG1 1BB,16,8,8,8
HG1 1BE,27,18,9,18
HG1 1BJ,4,3,1,2
HG1 1BL,55,24,31,36
HG1 1BW,11,7,4,7
HG1 1BX,57,35,22,38
HG1 1BY,69,39,30,29
HG1 1DA,4,2,2,1
HG1 1DB,28,12,16,14
HG1 1DD,17,8,9,9
HG1 1DH,16,8,8,10
HG1 1DL,89,47,42,50
HG1 1DP,15,9,6,9
HG1 1DW,20,9,11,10
HG1 1ED,2,1,1,1
HG1 1EP,1,1,0,1
HG1 1EY,6,2,4,3
HG1 1HB,4,2,2,2
HG1 1HE,18,15,3,18
HG1 1HL,93,46,47,51
HG1 1HN,32,15,17,18
HG1 1HP,116,61,55,53
HG1 1HQ,17,10,7,10
HG1 1HR,1,1,0,1
HG1 1HS,13,7,6,7
HG1 1HT,31,19,12,13
HG1 1HW,3,1,2,2
HG1 1HX,12,5,7,6
HG1 1HY,16,9,7,7
HG1 1HZ,14,3,11,12
HG1 1JA,5,2,3,2
HG1 1JB,46,21,25,29
HG1 1JG,15,7,8,12
HG1 1JT,1,1,0,1
HG1 1JX,14,8,6,9
HG1 1LA,4,2,2,1
HG1 1LB,33,18,15,21
HG1 1LE,4,3,1,2
HG1 1LX,16,9,7,7
HG1 1NH,1,1,0,1
HG1 1PN,11,7,4,4
HG1 1PY,1,1,0,1
HG1 1QQ,1,1,0,1
HG1 1SG,6,1,5,5
HG1 1SS,17,10,7,9
HG1 1ST,12,7,5,8
HG1 1SY,24,20,4,22
HG1 1TB,3,2,1,2
HG1 1TY,8,6,2,5
HG1 1TZ,14,7,7,7
HG1 1UA,10,7,3,5
HG1 1UE,7,5,2,5
HG1 1UF,7,5,2,4
HG1 2AD,32,13,19,16
HG1 2AF,9,7,2,4
HG1 2AG,88,42,46,34
HG1 2AH,52,25,27,25
HG1 2AJ,5,2,3,3
HG1 2AL,3,2,1,1
HG1 2AP,95,44,51,50
HG1 2AQ,95,49,46,41
HG1 2AR,18,10,8,5
HG1 2AS,58,32,26,27
HG1 2AT,40,18,22,32
HG1 2AW,63,32,31,30
HG1 2AX,116,65,51,56
HG1 2AY,72,33,39,35
HG1 2AZ,8,4,4,6
HG1 2BA,13,8,5,6
HG1 2BB,107,52,55,52
HG1 2BD,57,21,36,29
HG1 2BE,20,8,12,9
HG1 2BG,98,49,49,36
HG1 2BH,18,9,9,8
HG1 2BJ,79,35,44,46
HG1 2BL,67,31,36,32
HG1 2BN,46,19,27,28
HG1 2BP,108,52,56,50
HG1 2BQ,38,16,22,10
HG1 2BU,26,12,14,15
HG1 2BW,124,62,62,51
HG1 2BX,9,5,4,6
HG1 2BY,6,1,5,3
HG1 2BZ,36,17,19,14
HG1 2DB,20,8,12,8
HG1 2DD,40,17,23,16
HG1 2DE,40,21,19,15
HG1 2DF,38,20,18,18
HG1 2DG,61,32,29,28
HG1 2DH,15,6,9,7
HG1 2DJ,63,28,35,27
HG1 2DL,69,33,36,28
HG1 2DN,136,67,69,62
HG1 2DP,85,44,41,35
HG1 2DQ,88,40,48,39
HG1 2DR,49,28,21,25
HG1 2DS,96,48,48,48
HG1 2DT,45,23,22,29
HG1 2DU,39,22,17,29
HG1 2DW,46,18,28,21
HG1 2DX,49,20,29,27
HG1 2DY,71,36,35,37
HG1 2DZ,28,14,14,12
HG1 2EA,51,27,24,25
HG1 2EB,51,29,22,29
HG1 2ED,52,22,30,19
HG1 2EE,57,29,28,20
HG1 2EF,34,15,19,15
HG1 2EG,32,15,17,18
HG1 2EH,21,7,14,16
HG1 2EJ,28,14,14,10
HG1 2EL,21,8,13,12
HG1 2EP,27,14,13,10
HG1 2ER,53,31,22,20
HG1 2ES,11,4,7,5
HG1 2ET,59,32,27,18
HG1 2EU,86,40,46,41
HG1 2EX,28,13,15,16
HG1 2EY,40,22,18,13
HG1 2EZ,46,21,25,17
HG1 2HA,89,31,58,14
HG1 2HB,68,32,36,27
HG1 2HE,70,23,47,15
HG1 2HF,28,11,17,9
HG1 2HG,56,24,32,47
HG1 2HJ,5,2,3,4
HG1 2HP,1,0,1,1
HG1 2HR,57,29,28,32
HG1 2HS,104,59,45,49
HG1 2HT,17,9,8,13
HG1 2HX,82,38,44,37
HG1 2JA,62,19,43,1
HG1 2JB,22,10,12,13
HG1 2JD,21,12,9,0
HG1 2JE,113,61,52,51
HG1 2JF,58,26,32,25
HG1 2JG,45,24,21,23
HG1 2JH,6,2,4,4
HG1 2JJ,79,33,46,22
HG1 2JL,39,19,20,22
HG1 2JN,63,33,30,24
HG1 2JP,88,38,50,34
HG1 2JQ,18,10,8,14
HG1 2JR,69,33,36,28
HG1 2JT,51,22,29,20
HG1 2JU,55,26,29,20
HG1 2JW,42,15,27,17
HG1 2JY,97,46,51,46
HG1 2JZ,79,43,36,44
HG1 2LB,32,14,18,20
HG1 2LE,85,43,42,33
HG1 2LF,2,1,1,1
HG1 2LG,62,32,30,26
HG1 2LH,29,13,16,12
HG1 2LJ,47,24,23,20
HG1 2LL,54,28,26,22
HG1 2LP,19,9,10,8
HG1 2LQ,10,5,5,5
HG1 2LR,25,12,13,15
HG1 2LS,14,7,7,5
HG1 2LT,86,38,48,33
HG1 2LU,24,12,12,11
HG1 2LW,58,27,31,22
HG1 2NA,37,16,21,16
HG1 2NB,51,22,29,19
HG1 2NE,80,32,48,19
HG1 2NF,2,0,2,1
HG1 2NG,46,27,19,19
HG1 2NH,42,19,23,16
HG1 2NL,57,26,31,22
HG1 2NN,7,3,4,3
HG1 2NP,43,21,22,16
HG1 2NQ,23,10,13,9
HG1 2NS,99,35,64,31
HG1 2NT,11,6,5,7
HG1 2NU,8,2,6,6
HG1 2NW,22,12,10,11
HG1 2NX,52,25,27,19
HG1 2NY,13,7,6,6
HG1 2PB,59,25,34,38
HG1 2PD,16,8,8,6
HG1 2PH,8,3,5,5
HG1 2PJ,9,4,5,5
HG1 2PL,35,14,21,12
HG1 2PN,30,15,15,15
HG1 2PP,50,26,24,18
HG1 2PR,14,4,10,7
HG1 2PX,44,18,26,29
HG1 2PY,100,45,55,47
HG1 2PZ,71,33,38,38
HG1 2QA,23,8,15,8
HG1 2QE,24,14,10,10
HG1 2QG,154,5,149,0
HG1 2QH,26,12,14,15
HG1 2QJ,12,5,7,4
HG1 2QL,58,28,30,22
HG1 2QP,14,9,5,10
HG1 2QR,34,16,18,21
HG1 2QS,34,16,18,13
HG1 2QT,29,17,12,18
HG1 2QW,14,10,4,6
HG1 2QY,27,14,13,14
HG1 2QZ,3,3,0,1
HG1 2RE,1,1,0,1
HG1 2RJ,3,1,2,3
HG1 2RL,1,1,0,1
HG1 2RN,1,0,1,1
HG1 2RT,42,20,22,27
HG1 2RZ,7,4,3,0
HG1 2SA,27,14,13,9
HG1 2SB,10,5,5,5
HG1 2SE,7,3,4,1
HG1 2SF,14,10,4,10
HG1 2SH,20,9,11,12
HG1 2SJ,43,23,20,16
HG1 2SL,17,8,9,10
HG1 2SN,10,6,4,5
HG1 2SQ,24,11,13,15
HG1 2SR,17,10,7,0
HG1 2SS,32,12,20,21
HG1 2SY,4,3,1,0
HG1 2SZ,13,10,3,9
HG1 2TA,9,7,2,6
HG1 2TF,5,3,2,3
HG1 2TG,34,22,12,14
HG1 2TJ,10,4,6,6
HG1 2TQ,5,2,3,4
HG1 2TR,52,26,26,32
HG1 2TS,16,9,7,8
HG1 3AA,5,2,3,2
HG1 3AB,101,53,48,36
HG1 3AD,90,44,46,33
HG1 3AE,168,83,85,67
HG1 3AF,72,34,38,30
HG1 3AG,126,56,70,52
HG1 3AH,160,77,83,57
HG1 3AJ,55,30,25,27
HG1 3AL,18,9,9,12
HG1 3AN,38,20,18,20
HG1 3AP,32,16,16,13
HG1 3AQ,113,50,63,43
HG1 3AR,12,5,7,4
HG1 3AS,29,17,12,14
HG1 3AT,17,9,8,15
HG1 3AU,15,8,7,9
HG1 3AW,71,37,34,32
HG1 3AZ,4,2,2,3
HG1 3BB,45,18,27,18
HG1 3BD,30,14,16,13
HG1 3BE,37,17,20,15
HG1 3BG,72,32,40,32
HG1 3BH,67,30,37,28
HG1 3BJ,75,39,36,32
HG1 3BL,59,27,32,28
HG1 3BN,18,10,8,10
HG1 3BP,5,3,2,3
HG1 3BQ,85,40,45,37
HG1 3BS,66,31,35,34
HG1 3BT,49,26,23,26
HG1 3BU,76,39,37,31
HG1 3BW,70,31,39,36
HG1 3BX,46,25,21,17
HG1 3BY,31,14,17,16
HG1 3BZ,95,42,53,49
HG1 3DA,31,17,14,14
HG1 3DB,115,54,61,40
HG1 3DD,40,17,23,13
HG1 3DE,144,72,72,57
HG1 3DF,208,107,101,81
HG1 3DG,80,31,49,31
HG1 3DH,107,55,52,42
HG1 3DJ,24,15,9,10
HG1 3DL,77,40,37,21
HG1 3DN,100,53,47,33
HG1 3DP,28,14,14,10
HG1 3DQ,80,44,36,27
HG1 3DR,14,7,7,6
HG1 3DS,36,20,16,15
HG1 3DT,47,25,22,23
HG1 3DU,63,33,30,24
HG1 3DX,46,25,21,19
HG1 3DY,53,28,25,20
HG1 3DZ,36,16,20,15
HG1 3EA,94,43,51,38
HG1 3EB,4,1,3,1
HG1 3ED,89,43,46,40
HG1 3EE,55,25,30,24
HG1 3EF,26,16,10,14
HG1 3EG,30,13,17,16
HG1 3EH,102,54,48,35
HG1 3EJ,36,16,20,16
HG1 3EL,65,35,30,36
HG1 3EN,4,1,3,2
HG1 3EP,20,12,8,15
HG1 3EQ,106,53,53,48
HG1 3EW,118,59,59,35
HG1 3EX,72,35,37,32
HG1 3EY,8,4,4,3
HG1 3EZ,34,19,15,14
HG1 3GZ,2,1,1,1
HG1 3HA,81,41,40,32
HG1 3HB,70,37,33,28
HG1 3HD,40,24,16,16
HG1 3HE,42,21,21,18
HG1 3HF,15,4,11,8
HG1 3HG,32,17,15,12
HG1 3HH,29,13,16,13
HG1 3HJ,104,53,51,41
HG1 3HL,3,1,2,1
HG1 3HP,3,0,3,1
HG1 3HQ,12,6,6,5
HG1 3HR,46,25,21,23
HG1 3HS,4,2,2,1
HG1 3HW,145,69,76,54
HG1 3HX,103,47,56,42
HG1 3HY,71,31,40,36
HG1 3HZ,96,45,51,37
HG1 3JA,11,6,5,5
HG1 3JB,34,14,20,19
HG1 3JD,70,29,41,39
HG1 3JE,20,9,11,12
HG1 3JF,58,27,31,24
HG1 3JG,45,22,23,26
HG1 3JH,89,44,45,37
HG1 3JJ,77,34,43,42
HG1 3JL,104,53,51,51
HG1 3JN,79,36,43,35
HG1 3JQ,27,10,17,15
HG1 3JR,3,2,1,1
HG1 3JS,37,14,23,20
HG1 3JT,20,15,5,18
HG1 3JU,31,14,17,16
HG1 3JW,100,49,51,45
HG1 3JX,24,11,13,12
HG1 3JY,97,39,58,48
HG1 3JZ,56,27,29,24
HG1 3LA,23,10,13,5
HG1 3LB,16,8,8,6
HG1 3LD,57,26,31,23
HG1 3LE,143,81,62,54
HG1 3LF,199,91,108,83
HG1 3LG,44,20,24,23
HG1 3LH,82,40,42,40
HG1 3LJ,24,8,16,14
HG1 3LL,19,12,7,8
HG1 3LN,73,38,35,26
HG1 3LP,10,4,6,7
HG1 3LQ,19,8,11,10
HG1 3LR,68,33,35,24
HG1 3LS,57,26,31,29
HG1 3LT,73,35,38,28
HG1 3LU,30,19,11,11
HG1 3LW,74,33,41,35
HG1 3LX,54,25,29,20
HG1 3NA,93,52,41,36
HG1 3NB,53,28,25,14
HG1 3ND,57,28,29,19
HG1 4AA,62,25,37,31
HG1 4AB,35,13,22,16
HG1 4AD,23,10,13,15
HG1 4AE,40,18,22,26
HG1 4AF,9,3,6,3
HG1 4AG,48,25,23,19
HG1 4AH,12,4,8,6
HG1 4AJ,115,55,60,42
HG1 4AL,103,49,54,43
HG1 4AN,27,17,10,11
HG1 4AQ,26,16,10,6
HG1 4AS,83,43,40,30
HG1 4AU,48,26,22,7
HG1 4AW,70,38,32,26
HG1 4AX,39,20,19,12
HG1 4AZ,54,29,25,25
HG1 4BB,1,0,1,1
HG1 4BD,119,55,64,56
HG1 4BE,104,50,54,43
HG1 4BG,64,34,30,34
HG1 4BH,92,43,49,35
HG1 4BJ,115,50,65,61
HG1 4BL,94,46,48,40
HG1 4BN,56,25,31,34
HG1 4BP,66,36,30,30
HG1 4BQ,42,18,24,16
HG1 4BS,69,33,36,32
HG1 4BT,55,27,28,25
HG1 4BU,25,12,13,11
HG1 4BW,86,46,40,41
HG1 4BX,59,26,33,26
HG1 4BY,40,22,18,20
HG1 4BZ,37,24,13,16
HG1 4DA,19,11,8,8
HG1 4DG,81,40,41,37
HG1 4DH,49,22,27,19
HG1 4DJ,3,1,2,1
HG1 4DL,5,2,3,2
HG1 4DN,28,15,13,8
HG1 4DR,59,30,29,26
HG1 4DU,12,6,6,7
HG1 4DW,78,34,44,10
HG1 4DY,45,22,23,19
HG1 4DZ,44,20,24,16
HG1 4EA,29,17,12,14
HG1 4EB,58,28,30,25
HG1 4ED,88,58,30,7
HG1 4EF,85,46,39,33
HG1 4EG,70,40,30,31
HG1 4EH,41,21,20,16
HG1 4EJ,38,18,20,12
HG1 4EL,91,51,40,37
HG1 4EN,29,13,16,14
HG1 4EP,78,39,39,29
HG1 4EQ,23,12,11,12
HG1 4ER,93,37,56,42
HG1 4ES,75,44,31,35
HG1 4ET,66,32,34,26
HG1 4EU,42,19,23,16
HG1 4EW,38,18,20,14
HG1 4EX,14,9,5,6
HG1 4EY,59,25,34,22
HG1 4EZ,43,19,24,18
HG1 4HA,73,35,38,33
HG1 4HB,116,56,60,48
HG1 4HE,106,54,52,35
HG1 4HF,21,8,13,5
HG1 4HG,50,26,24,18
HG1 4HH,8,6,2,4
HG1 4HJ,72,31,41,32
HG1 4HL,36,19,17,19
HG1 4HN,39,24,15,20
HG1 4HP,107,53,54,52
HG1 4HQ,67,37,30,29
HG1 4HR,77,45,32,43
HG1 4HS,63,31,32,26
HG1 4HT,103,44,59,50
HG1 4HU,9,6,3,5
HG1 4HW,68,33,35,27
HG1 4HX,141,63,78,63
HG1 4JA,20,9,11,10
HG1 4JB,59,29,30,21
HG1 4JD,108,51,57,46
HG1 4JE,74,37,37,31
HG1 4JF,78,42,36,29
HG1 4JG,66,29,37,38
HG1 4JH,28,13,15,16
HG1 4JJ,23,7,16,13
HG1 4JL,40,18,22,19
HG1 4JN,35,17,18,19
HG1 4JP,31,14,17,17
HG1 4JQ,37,18,19,22
HG1 4JR,46,22,24,21
HG1 4JS,48,22,26,22
HG1 4JU,118,54,64,91
HG1 4JW,14,7,7,10
HG1 4JX,106,52,54,79
HG1 4JY,110,57,53,84
HG1 4JZ,61,29,32,27
HG1 4LB,1,1,0,0
HG1 4LD,1,1,0,1
HG1 4LF,47,23,24,20
HG1 4LJ,90,52,38,34
HG1 4LL,25,10,15,11
HG1 4LN,79,33,46,62
HG1 4LP,11,4,7,8
HG1 4LR,29,12,17,19
HG1 4LS,64,38,26,48
HG1 4LT,8,4,4,4
HG1 4LU,105,54,51,52
HG1 4LW,83,40,43,58
HG1 4LX,87,43,44,38
HG1 4LY,82,39,43,40
HG1 4LZ,26,11,15,10
HG1 4NA,42,21,21,20
HG1 4NB,22,6,16,10
HG1 4ND,30,16,14,12
HG1 4NE,36,15,21,30
HG1 4NF,37,15,22,28
HG1 4NG,12,3,9,10
HG1 4NH,70,32,38,49
HG1 4NJ,118,63,55,46
HG1 4NL,68,31,37,31
HG1 4NN,102,53,49,47
HG1 4NP,129,67,62,58
HG1 4NQ,48,21,27,40
HG1 4NR,118,56,62,49
HG1 4NS,135,68,67,55
HG1 4NT,106,54,52,40
HG1 4NU,56,28,28,24
HG1 4NW,33,15,18,16
HG1 4NX,28,13,15,12
HG1 4PA,29,11,18,1
HG1 4PE,94,39,55,39
HG1 4PF,125,58,67,63
HG1 4PL,147,74,73,55
HG1 4PN,70,35,35,31
HG1 4PP,35,13,22,16
HG1 4PR,46,25,21,24
HG1 4PS,16,9,7,6
HG1 4PW,75,29,46,37
HG1 4PZ,73,31,42,32
HG1 4QA,121,63,58,57
HG1 4QB,51,25,26,22
HG1 4QD,109,54,55,42
HG1 4QF,94,48,46,40
HG1 4QG,159,74,85,60
HG1 4QH,66,31,35,31
HG1 4QJ,108,60,48,41
HG1 4QL,30,18,12,8
HG1 4QN,86,45,41,41
HG1 4QP,92,46,46,36
HG1 4QQ,36,20,16,13
HG1 4QR,11,8,3,6
HG1 4QS,25,13,12,12
HG1 4QT,10,5,5,5
HG1 4QW,88,36,52,39
HG1 4QX,107,52,55,43
HG1 4QY,107,48,59,40
HG1 4QZ,65,33,32,27
HG1 4RA,77,42,35,32
HG1 4RB,130,64,66,48
HG1 4RD,109,48,61,42
HG1 4RF,34,15,19,11
HG1 4RG,66,32,34,28
HG1 4RH,26,13,13,12
HG1 4RJ,80,42,38,33
HG1 4RL,108,49,59,41
HG1 4RN,45,20,25,14
HG1 4RP,38,20,18,14
HG1 4RQ,146,71,75,59
HG1 4RT,83,46,37,33
HG1 4RU,97,46,51,35
HG1 4RW,44,25,19,21
HG1 4RX,24,14,10,10
HG1 4RZ,92,48,44,32
HG1 4SA,76,38,38,32
HG1 4SB,27,12,15,13
HG1 4SD,60,30,30,31
HG1 4SE,43,18,25,19
HG1 4SF,65,29,36,24
HG1 4SG,70,31,39,38
HG1 4SH,50,25,25,17
HG1 4SJ,29,15,14,7
HG1 4SL,117,62,55,43
HG1 4SN,13,8,5,5
HG1 4SP,54,27,27,27
HG1 4SQ,62,29,33,23
HG1 4SR,73,16,57,12
HG1 4SS,51,17,34,37
HG1 4ST,88,44,44,37
HG1 4SU,42,20,22,17
HG1 4SY,72,33,39,35
HG1 4SZ,58,27,31,27
HG1 4TA,13,6,7,6
HG1 4TB,92,45,47,35
HG1 4TD,41,23,18,14
HG1 4TE,90,45,45,31
HG1 4TF,66,37,29,28
HG1 4TG,64,32,32,26
HG1 4TH,68,31,37,31
HG1 4TJ,41,20,21,16
HG1 4TL,45,21,24,22
HG1 4TQ,71,39,32,33
HG1 5AA,24,13,11,13
HG1 5AB,101,47,54,53
HG1 5AD,40,19,21,23
HG1 5AE,9,5,4,4
HG1 5AF,38,19,19,20
HG1 5AG,39,20,19,25
HG1 5AJ,69,32,37,31
HG1 5AL,53,26,27,25
HG1 5AN,11,6,5,7
HG1 5AP,8,6,2,7
HG1 5AT,27,19,8,18
HG1 5AU,45,19,26,23
HG1 5AW,29,13,16,14
HG1 5AY,22,14,8,11
HG1 5AZ,33,12,21,16
HG1 5BG,11,6,5,4
HG1 5BJ,43,25,18,19
HG1 5BQ,36,25,11,14
HG1 5BS,18,8,10,11
HG1 5BW,1,1,0,1
HG1 5BZ,33,17,16,18
HG1 5DA,85,50,35,42
HG1 5DB,79,45,34,46
HG1 5DD,16,9,7,9
HG1 5DF,155,91,64,93
HG1 5DG,153,77,76,67
HG1 5DH,31,21,10,14
HG1 5DL,70,36,34,30
HG1 5DN,38,16,22,19
HG1 5DQ,97,54,43,49
HG1 5DS,131,73,58,56
HG1 5DT,136,74,62,54
HG1 5DZ,40,21,19,29
HG1 5EA,49,27,22,27
HG1 5EB,9,3,6,4
HG1 5ED,60,28,32,24
HG1 5EE,85,43,42,31
HG1 5EF,67,45,22,47
HG1 5EG,17,11,6,6
HG1 5EH,82,38,44,30
HG1 5EJ,111,55,56,52
HG1 5EL,12,6,6,4
HG1 5EN,119,61,58,46
HG1 5EP,39,21,18,17
HG1 5EQ,20,10,10,8
HG1 5ES,56,30,26,22
HG1 5ET,42,20,22,23
HG1 5EU,62,32,30,31
HG1 5EW,89,50,39,38
HG1 5EX,68,36,32,36
HG1 5EY,67,41,26,28
HG1 5EZ,69,35,34,30
HG1 5HA,134,61,73,56
HG1 5HB,77,36,41,34
HG1 5HD,113,62,51,56
HG1 5HG,5,3,2,2
HG1 5HH,12,7,5,6
HG1 5HJ,31,15,16,12
HG1 5HP,48,22,26,28
HG1 5HR,164,87,77,78
HG1 5HS,53,23,30,25
HG1 5HX,66,33,33,38
HG1 5HY,28,17,11,14
HG1 5HZ,98,52,46,43
HG1 5JA,32,13,19,16
HG1 5JB,30,17,13,11
HG1 5JD,15,8,7,10
HG1 5JE,79,42,37,35
HG1 5JF,91,51,40,33
HG1 5JG,94,51,43,40
HG1 5JN,5,1,4,1
HG1 5JQ,41,19,22,19
HG1 5JR,21,11,10,11
HG1 5JS,14,10,4,5
HG1 5JU,70,36,34,35
HG1 5JW,29,15,14,12
HG1 5JX,45,28,17,22
HG1 5JY,22,11,11,11
HG1 5LA,2,1,1,1
HG1 5LF,42,23,19,20
HG1 5LH,46,8,38,35
HG1 5LP,100,55,45,59
HG1 5LQ,38,18,20,19
HG1 5LR,63,34,29,40
HG1 5LT,100,47,53,58
HG1 5LY,103,58,45,63
HG1 5LZ,15,6,9,5
HG1 5NA,86,41,45,32
HG1 5NB,52,26,26,22
HG1 5ND,24,10,14,11
HG1 5NE,10,6,4,4
HG1 5NF,6,2,4,5
HG1 5NG,91,44,47,40
HG1 5NH,14,5,9,6
HG1 5NJ,47,27,20,21
HG1 5NL,13,8,5,8
HG1 5NN,24,15,9,11
HG1 5NP,44,23,21,21
HG1 5NQ,28,13,15,13
HG1 5NR,66,42,24,31
HG1 5NS,71,34,37,44
HG1 5PA,1,1,0,1
HG1 5PD,7,4,3,4
HG1 5PN,20,10,10,9
HG1 5PP,22,12,10,13
HG1 5PR,15,9,6,7
HG1 5PW,34,16,18,17
HG1 5PX,12,9,3,9
HG1 5QF,26,18,8,19
HG1 5QG,28,14,14,14
HG1 5QR,1,1,0,1
HG1 5QS,23,10,13,11
HG1 5QT,55,28,27,25
HG1 5QU,76,33,43,36
HG1 5QX,39,12,27,34
HG1 5RD,9,4,5,5
HG1 5RG,5,3,2,3
HG1 5RH,103,55,48,59
HG1 5RJ,46,15,31,34
HG1 5RL,9,2,7,6
HG1 5RQ,55,21,34,34
HG1 5RS,23,13,10,14
HG1 5RZ,24,17,7,22
HG1 5SA,21,14,7,17
HG1 5SP,53,18,35,38
HG2 0AF,43,22,21,15
HG2 0AG,80,40,40,33
HG2 0AH,39,17,22,19
HG2 0AJ,76,39,37,38
HG2 0AL,82,39,43,37
HG2 0AN,108,52,56,43
HG2 0AP,70,32,38,25
HG2 0AQ,122,58,64,43
HG2 0AR,69,32,37,23
HG2 0AS,87,38,49,40
HG2 0AT,84,31,53,41
HG2 0AU,104,53,51,51
HG2 0AW,61,24,37,28
HG2 0AX,39,20,19,14
HG2 0AY,98,51,47,47
HG2 0AZ,12,6,6,3
HG2 0BB,91,40,51,52
HG2 0BD,65,25,40,34
HG2 0BF,4,3,1,3
HG2 0BG,61,28,33,24
HG2 0BH,75,41,34,28
HG2 0BJ,36,17,19,18
HG2 0BL,14,5,9,10
HG2 0BN,101,47,54,36
HG2 0BP,6,2,4,4
HG2 0BQ,70,30,40,35
HG2 0BS,76,29,47,45
HG2 0BT,79,35,44,46
HG2 0BU,60,29,31,22
HG2 0BW,34,19,15,16
HG2 0BX,66,25,41,44
HG2 0BY,7,3,4,5
HG2 0BZ,19,9,10,10
HG2 0DA,58,29,29,26
HG2 0DB,50,24,26,27
HG2 0DD,28,14,14,8
HG2 0DE,29,13,16,17
HG2 0DF,20,10,10,10
HG2 0DG,34,17,17,12
HG2 0DH,9,4,5,7
HG2 0DJ,87,41,46,51
HG2 0DN,94,41,53,44
HG2 0DP,55,36,19,25
HG2 0DQ,22,10,12,9
HG2 0DR,60,27,33,22
HG2 0DS,138,70,68,52
HG2 0DT,21,11,10,13
HG2 0DU,39,17,22,15
HG2 0DW,13,6,7,5
HG2 0DX,33,15,18,13
HG2 0DY,29,13,16,10
HG2 0EA,48,23,25,17
HG2 0EB,163,74,89,64
HG2 0ED,69,31,38,26
HG2 0EE,68,32,36,27
HG2 0EF,38,20,18,16
HG2 0EG,37,16,21,22
HG2 0EH,71,28,43,36
HG2 0EJ,11,6,5,9
HG2 0EL,46,24,22,30
HG2 0EN,20,9,11,7
HG2 0EP,5,3,2,3
HG2 0EQ,20,8,12,19
HG2 0ER,23,14,9,15
HG2 0ES,26,10,16,19
HG2 0ET,10,5,5,5
HG2 0EU,29,11,18,20
HG2 0EW,9,5,4,5
HG2 0EX,32,16,16,16
HG2 0EY,8,4,4,4
HG2 0EZ,68,34,34,32
HG2 0FD,34,16,18,17
HG2 0FG,78,34,44,31
HG2 0HA,45,18,27,10
HG2 0HB,84,36,48,37
HG2 0HD,69,29,40,46
HG2 0HE,7,5,2,2
HG2 0HG,45,19,26,30
HG2 0HH,45,18,27,27
HG2 0HJ,10,6,4,3
HG2 0HL,43,21,22,21
HG2 0HN,36,18,18,18
HG2 0HP,59,20,39,12
HG2 0HQ,52,20,32,24
HG2 0HR,30,15,15,12
HG2 0HS,18,8,10,8
HG2 0HT,48,25,23,18
HG2 0HU,53,33,20,18
HG2 0HW,42,10,32,14
HG2 0HX,65,30,35,24
HG2 0HY,50,30,20,18
HG2 0HZ,83,44,39,30
HG2 0JA,37,21,16,14
HG2 0JB,22,10,12,7
HG2 0JD,9,5,4,4
HG2 0JE,2,1,1,1
HG2 0JF,57,28,29,19
HG2 0JG,88,43,45,42
HG2 0JH,50,31,19,32
HG2 0JJ,53,31,22,33
HG2 0JL,20,13,7,14
HG2 0JN,28,14,14,18
HG2 0JP,75,44,31,42
HG2 0JQ,75,33,42,27
HG2 0JR,33,17,16,22
HG2 0JS,84,30,54,30
HG2 0JT,30,18,12,17
HG2 0JW,67,33,34,47
HG2 0JX,75,35,40,41
HG2 0JY,117,61,56,62
HG2 0JZ,41,19,22,13
HG2 0LA,33,16,17,12
HG2 0LB,9,3,6,4
HG2 0LD,41,18,23,20
HG2 0LE,105,47,58,37
HG2 0LF,21,11,10,6
HG2 0LG,36,9,27,30
HG2 0LH,59,14,45,56
HG2 0LJ,40,19,21,27
HG2 0LL,32,15,17,21
HG2 0LP,88,46,42,60
HG2 0LQ,9,4,5,6
HG2 0LR,91,43,48,51
HG2 0LS,93,51,42,35
HG2 0LT,98,47,51,46
HG2 0LU,35,16,19,19
HG2 0LW,98,50,48,53
HG2 0LX,60,29,31,24
HG2 0LY,32,17,15,16
HG2 0LZ,72,34,38,25
HG2 0NA,115,62,53,57
HG2 0NB,50,21,29,16
HG2 0ND,44,20,24,17
HG2 0NH,21,12,9,12
HG2 0NL,36,13,23,19
HG2 0NN,9,5,4,5
HG2 0NP,8,3,5,4
HG2 0NR,20,10,10,7
HG2 0NT,69,9,60,62
HG2 0NU,64,36,28,30
HG2 0NW,16,7,9,8
HG2 0NX,18,11,7,10
HG2 0PA,36,14,22,15
HG2 0PB,30,13,17,19
HG2 0PJ,16,8,8,6
HG2 0PL,99,53,46,40
HG2 0PN,110,53,57,40
HG2 0PP,50,24,26,23
HG2 0PQ,55,32,23,20
HG2 0PR,39,16,23,17
HG2 0PS,81,31,50,35
HG2 0PT,87,37,50,33
HG2 0PU,83,33,50,33
HG2 0PW,3,2,1,2
HG2 0PX,88,49,39,31
HG2 0PY,13,3,10,10
HG2 0PZ,12,6,6,5
HG2 0QD,11,5,6,6
HG2 0QH,41,12,29,36
HG2 0QJ,15,8,7,9
HG2 7AA,29,11,18,18
HG2 7AB,27,14,13,9
HG2 7AE,67,34,33,23
HG2 7AF,42,19,23,21
HG2 7AG,19,7,12,10
HG2 7AH,76,38,38,28
HG2 7AJ,87,46,41,36
HG2 7AL,65,34,31,26
HG2 7AN,110,49,61,62
HG2 7AQ,37,18,19,18
HG2 7AS,20,11,9,7
HG2 7AT,68,28,40,22
HG2 7AW,67,35,32,29
HG2 7AX,87,45,42,33
HG2 7AY,44,21,23,20
HG2 7AZ,53,24,29,25
HG2 7BA,26,15,11,12
HG2 7BB,102,50,52,39
HG2 7BD,32,12,20,14
HG2 7BE,31,14,17,13
HG2 7BG,77,39,38,37
HG2 7BH,56,30,26,28
HG2 7BJ,44,23,21,22
HG2 7BL,93,49,44,38
HG2 7BN,86,41,45,38
HG2 7BP,70,31,39,26
HG2 7BW,136,70,66,51
HG2 7DB,1,0,1,1
HG2 7DD,30,13,17,13
HG2 7DE,112,53,59,49
HG2 7DF,57,24,33,25
HG2 7DG,76,37,39,35
HG2 7DH,72,34,38,33
HG2 7DL,10,5,5,6
HG2 7DN,13,7,6,8
HG2 7DP,18,10,8,10
HG2 7DQ,32,11,21,19
HG2 7DR,13,6,7,9
HG2 7DS,97,39,58,47
HG2 7DT,19,7,12,10
HG2 7DU,16,7,9,9
HG2 7DW,96,43,53,43
HG2 7DX,3,3,0,0
HG2 7DZ,19,9,10,7
HG2 7EA,7,3,4,4
HG2 7EB,89,34,55,54
HG2 7ED,12,7,5,6
HG2 7EE,73,34,39,23
HG2 7EF,2,0,2,2
HG2 7EG,32,14,18,14
HG2 7EH,98,42,56,45
HG2 7EJ,28,11,17,12
HG2 7EL,77,37,40,43
HG2 7EN,110,53,57,45
HG2 7EP,41,16,25,17
HG2 7EQ,42,19,23,15
HG2 7ER,50,21,29,26
HG2 7ES,86,46,40,34
HG2 7ET,41,20,21,20
HG2 7EU,54,27,27,20
HG2 7EW,15,6,9,9
HG2 7EX,46,21,25,19
HG2 7EY,22,9,13,14
HG2 7EZ,41,20,21,19
HG2 7HA,8,4,4,3
HG2 7HB,55,29,26,22
HG2 7HD,54,25,29,18
HG2 7HE,59,27,32,31
HG2 7HF,100,52,48,47
HG2 7HG,56,22,34,28
HG2 7HH,66,30,36,26
HG2 7HJ,15,6,9,9
HG2 7HL,40,19,21,19
HG2 7HN,21,9,12,6
HG2 7HP,40,23,17,16
HG2 7HQ,84,32,52,46
HG2 7HS,77,39,38,27
HG2 7HT,29,10,19,18
HG2 7HX,106,46,60,58
HG2 7HY,22,12,10,11
HG2 7JA,32,14,18,12
HG2 7JB,79,30,49,54
HG2 7JD,1,0,1,1
HG2 7JE,40,23,17,19
HG2 7JF,13,7,6,8
HG2 7JG,34,17,17,18
HG2 7JH,23,12,11,8
HG2 7JJ,39,19,20,19
HG2 7JL,34,15,19,16
HG2 7JN,25,13,12,16
HG2 7JP,72,38,34,28
HG2 7JR,35,16,19,16
HG2 7JS,56,28,28,25
HG2 7JT,42,18,24,23
HG2 7JU,49,22,27,30
HG2 7JW,2,1,1,1
HG2 7JX,29,13,16,12
HG2 7JY,70,34,36,29
HG2 7JZ,36,15,21,16
HG2 7LA,56,22,34,30
HG2 7LB,67,35,32,26
HG2 7LF,40,13,27,31
HG2 7LH,42,22,20,27
HG2 7LJ,110,45,65,48
HG2 7LL,32,16,16,13
HG2 7LN,34,13,21,12
HG2 7LP,13,5,8,11
HG2 7LQ,15,8,7,10
HG2 7LT,7,2,5,3
HG2 7LU,27,13,14,14
HG2 7LW,106,36,70,2
HG2 7LX,4,1,3,1
HG2 7LY,92,43,49,48
HG2 7NA,10,1,9,10
HG2 7NE,10,4,6,4
HG2 7NF,12,7,5,9
HG2 7NG,13,7,6,9
HG2 7NH,30,17,13,20
HG2 7NJ,21,12,9,16
HG2 7NL,35,15,20,28
HG2 7NN,8,4,4,3
HG2 7NP,137,69,68,55
HG2 7NQ,26,11,15,18
HG2 7NR,97,54,43,44
HG2 7NS,107,54,53,46
HG2 7NT,56,30,26,21
HG2 7NW,12,6,6,1
HG2 7NX,45,22,23,18
HG2 7NZ,58,16,42,20
HG2 7PA,45,23,22,22
HG2 7PD,200,92,108,71
HG2 7PE,122,58,64,43
HG2 7PF,89,48,41,33
HG2 7PG,22,11,11,8
HG2 7PH,56,23,33,21
HG2 7PJ,65,30,35,27
HG2 7PL,53,28,25,24
HG2 7PN,50,24,26,21
HG2 7PP,31,12,19,21
HG2 7PQ,34,15,19,10
HG2 7PR,30,13,17,15
HG2 7PT,78,37,41,41
HG2 7PU,86,32,54,42
HG2 7PX,95,41,54,35
HG2 7PY,13,6,7,6
HG2 7PZ,13,4,9,5
HG2 7QA,97,49,48,42
HG2 7QB,35,18,17,14
HG2 7QD,65,33,32,26
HG2 7QE,9,4,5,3
HG2 7QF,82,38,44,34
HG2 7QG,56,21,35,37
HG2 7QH,99,49,50,38
HG2 7QJ,68,30,38,26
HG2 7QL,35,13,22,12
HG2 7QN,111,52,59,36
HG2 7QP,65,29,36,30
HG2 7QQ,57,30,27,25
HG2 7QR,56,24,32,24
HG2 7QU,9,7,2,8
HG2 7QW,84,46,38,34
HG2 7QX,39,17,22,11
HG2 7QY,91,42,49,26
HG2 7QZ,115,58,57,33
HG2 7RA,52,23,29,20
HG2 7RB,77,44,33,24
HG2 7RD,105,50,55,39
HG2 7RE,113,48,65,41
HG2 7RF,138,63,75,49
HG2 7RG,50,26,24,16
HG2 7RH,46,19,27,15
HG2 7RJ,18,10,8,5
HG2 7RL,95,51,44,30
HG2 7RN,24,13,11,10
HG2 7RP,50,21,29,16
HG2 7RQ,43,20,23,18
HG2 7RR,45,23,22,16
HG2 7RS,49,21,28,16
HG2 7RT,65,28,37,25
HG2 7RU,54,23,31,46
HG2 7RW,42,17,25,16
HG2 7RX,41,18,23,36
HG2 7RY,1,1,0,1
HG2 7RZ,5,2,3,3
HG2 7SA,118,45,73,9
HG2 7SB,39,17,22,17
HG2 7SE,12,6,6,3
HG2 7SG,20,12,8,7
HG2 7SH,45,21,24,17
HG2 7SJ,154,79,75,51
HG2 7SL,29,14,15,14
HG2 7SN,78,35,43,30
HG2 7SP,48,27,21,29
HG2 7SQ,113,33,80,57
HG2 7SR,57,27,30,25
HG2 7SS,5,1,4,2
HG2 7ST,51,23,28,25
HG2 7SW,91,45,46,41
HG2 7SX,4,1,3,0
HG2 7SZ,26,5,21,23
HG2 7TA,3,3,0,3
HG2 7TE,44,24,20,11
HG2 7TF,30,12,18,12
HG2 7TG,17,7,10,7
HG2 7TH,44,12,32,16
HG2 7TJ,37,14,23,15
HG2 7TL,31,16,15,13
HG2 7TN,75,41,34,31
HG2 7TQ,14,6,8,4
HG2 7TW,68,34,34,27
HG2 8AA,78,35,43,41
HG2 8AB,61,32,29,25
HG2 8AE,106,51,55,42
HG2 8AF,56,30,26,26
HG2 8AH,44,19,25,20
HG2 8AP,62,27,35,30
HG2 8AQ,71,42,29,21
HG2 8AR,46,21,25,29
HG2 8AS,69,35,34,28
HG2 8AT,70,39,31,37
HG2 8AU,71,36,35,33
HG2 8AW,35,16,19,23
HG2 8AX,19,7,12,8
HG2 8AY,88,42,46,42
HG2 8AZ,39,18,21,14
HG2 8BA,19,10,9,8
HG2 8BB,31,14,17,11
HG2 8BE,5,3,2,4
HG2 8BG,68,19,49,44
HG2 8BP,123,57,66,48
HG2 8BQ,115,52,63,46
HG2 8BS,85,41,44,35
HG2 8BT,69,30,39,28
HG2 8BU,86,39,47,44
HG2 8BW,32,17,15,13
HG2 8BX,43,21,22,15
HG2 8BY,54,26,28,26
HG2 8BZ,30,13,17,13
HG2 8DA,79,44,35,28
HG2 8DB,31,13,18,14
HG2 8DD,60,29,31,19
HG2 8DE,68,33,35,20
HG2 8DG,75,22,53,42
HG2 8DH,28,15,13,12
HG2 8DJ,61,24,37,35
HG2 8DL,86,42,44,41
HG2 8DN,25,11,14,23
HG2 8DQ,106,49,57,50
HG2 8DS,35,17,18,13
HG2 8DY,37,17,20,11
HG2 8DZ,148,78,70,51
HG2 8EA,143,75,68,49
HG2 8EB,77,37,40,29
HG2 8ED,38,19,19,17
HG2 8EE,82,42,40,31
HG2 8EF,21,7,14,9
HG2 8EG,73,37,36,30
HG2 8EH,16,9,7,8
HG2 8EJ,91,38,53,44
HG2 8EL,22,10,12,8
HG2 8EN,91,40,51,39
HG2 8EP,53,24,29,25
HG2 8EQ,60,32,28,23
HG2 8ER,115,56,59,50
HG2 8EZ,86,44,42,32
HG2 8HA,32,17,15,10
HG2 8HB,48,21,27,22
HG2 8HD,81,45,36,31
HG2 8HE,43,19,24,16
HG2 8HF,4,0,4,3
HG2 8HH,11,6,5,4
HG2 8HJ,80,39,41,30
HG2 8HL,64,30,34,25
HG2 8HN,27,15,12,10
HG2 8HP,37,17,20,15
HG2 8HQ,17,9,8,7
HG2 8HR,22,9,13,10
HG2 8HS,35,20,15,14
HG2 8HT,65,32,33,21
HG2 8HU,48,27,21,19
HG2 8HW,46,20,26,23
HG2 8HX,67,34,33,33
HG2 8HY,62,25,37,32
HG2 8HZ,42,20,22,19
HG2 8JA,68,25,43,17
HG2 8JB,28,12,16,9
HG2 8JD,24,13,11,13
HG2 8JE,47,25,22,25
HG2 8JF,15,11,4,5
HG2 8JG,126,49,77,50
HG2 8JH,55,29,26,14
HG2 8JJ,41,16,25,15
HG2 8JL,64,31,33,19
HG2 8JQ,117,53,64,48
HG2 8JR,16,7,9,5
HG2 8JT,110,25,85,21
HG2 8JU,33,14,19,13
HG2 8JX,97,42,55,32
HG2 8JY,61,33,28,25
HG2 8JZ,127,59,68,40
HG2 8LA,97,50,47,35
HG2 8LB,82,46,36,29
HG2 8LD,80,43,37,26
HG2 8LE,65,31,34,26
HG2 8LF,14,6,8,7
HG2 8LJ,14,6,8,4
HG2 8LL,18,9,9,7
HG2 8LN,69,37,32,28
HG2 8LP,19,11,8,9
HG2 8LR,117,55,62,43
HG2 8LS,58,28,30,26
HG2 8LT,107,51,56,43
HG2 8LU,61,28,33,29
HG2 8LW,73,39,34,28
HG2 8LX,57,28,29,25
HG2 8LY,17,7,10,6
HG2 8LZ,8,4,4,2
HG2 8NA,5,2,3,2
HG2 8NB,2,1,1,1
HG2 8NE,78,40,38,30
HG2 8NF,73,36,37,26
HG2 8NG,2,1,1,1
HG2 8NH,91,41,50,30
HG2 8NJ,108,52,56,36
HG2 8NL,84,48,36,29
HG2 8NN,60,29,31,31
HG2 8NP,49,25,24,19
HG2 8NQ,76,36,40,28
HG2 8NR,37,20,17,17
HG2 8NS,71,38,33,25
HG2 8NT,66,32,34,26
HG2 8NU,16,7,9,7
HG2 8NW,59,26,33,24
HG2 8NX,100,53,47,38
HG2 8NZ,1,1,0,1
HG2 8PF,60,34,26,22
HG2 8PG,6,2,4,3
HG2 8PH,42,24,18,14
HG2 8PJ,23,14,9,9
HG2 8PL,14,8,6,7
HG2 8PN,23,10,13,10
HG2 8PP,48,28,20,17
HG2 8PQ,14,7,7,6
HG2 8PR,45,22,23,14
HG2 8PS,60,29,31,22
HG2 8PX,63,33,30,25
HG2 8PZ,25,13,12,9
HG2 8QA,51,26,25,21
HG2 8QD,78,43,35,26
HG2 8QE,97,53,44,37
HG2 8QF,38,20,18,15
HG2 8QG,94,47,47,45
HG2 8QH,27,14,13,10
HG2 8QJ,34,18,16,12
HG2 8QL,1,0,1,1
HG2 8QP,74,39,35,32
HG2 8QQ,14,7,7,5
HG2 8QR,90,43,47,34
HG2 8QS,40,20,20,16
HG2 8QT,3,2,1,1
HG2 8RD,9,5,4,5
HG2 8TR,23,12,11,8
HG2 9AA,32,15,17,15
HG2 9AB,60,18,42,15
HG2 9AD,40,20,20,15
HG2 9AE,28,12,16,12
HG2 9AF,9,2,7,7
HG2 9AG,13,6,7,7
HG2 9AH,14,6,8,9
HG2 9AJ,81,41,40,29
HG2 9AL,34,15,19,14
HG2 9AN,12,6,6,4
HG2 9AP,23,8,15,15
HG2 9AQ,36,17,19,17
HG2 9AR,7,4,3,3
HG2 9AS,44,21,23,15
HG2 9AU,15,10,5,11
HG2 9AW,21,8,13,13
HG2 9AX,46,20,26,21
HG2 9AY,91,43,48,39
HG2 9AZ,51,27,24,21
HG2 9BA,96,50,46,41
HG2 9BB,40,19,21,16
HG2 9BD,110,58,52,37
HG2 9BE,57,31,26,22
HG2 9BF,2,1,1,1
HG2 9BG,60,28,32,36
HG2 9BH,29,12,17,7
HG2 9BJ,6,3,3,4
HG2 9BN,22,16,6,18
HG2 9BP,152,74,78,69
HG2 9BQ,55,32,23,31
HG2 9BS,84,38,46,36
HG2 9BT,80,39,41,26
HG2 9BU,47,23,24,17
HG2 9BX,140,73,67,57
HG2 9BY,164,80,84,56
HG2 9BZ,32,17,15,22
HG2 9DH,28,15,13,11
HG2 9DJ,51,24,27,19
HG2 9DL,30,15,15,9
HG2 9DN,29,14,15,10
HG2 9DP,78,42,36,25
HG2 9DQ,86,45,41,28
HG2 9DS,42,23,19,14
HG2 9DT,16,7,9,8
HG2 9DU,31,15,16,12
HG2 9DW,35,14,21,20
HG2 9DX,105,46,59,48
HG2 9DY,18,8,10,10
HG2 9EX,37,17,20,11
HG2 9EY,62,31,31,24
HG2 9EZ,5,3,2,2
HG2 9HA,22,12,10,9
HG2 9HB,79,42,37,26
HG2 9HD,9,4,5,4
HG2 9HE,19,9,10,8
HG2 9HF,42,20,22,20
HG2 9HG,9,5,4,6
HG2 9HH,75,32,43,37
HG2 9HJ,90,47,43,33
HG2 9HL,23,12,11,9
HG2 9HN,9,3,6,6
HG2 9HP,64,29,35,25
HG2 9HQ,8,4,4,5
HG2 9HS,19,10,9,6
HG2 9HT,28,13,15,12
HG2 9HU,31,17,14,10
HG2 9HW,32,14,18,13
HG2 9HY,56,27,29,17
HG2 9HZ,42,18,24,15
HG2 9JA,25,12,13,12
HG2 9JB,22,10,12,11
HG2 9JD,12,4,8,5
HG2 9JE,25,13,12,11
HG2 9JF,10,4,6,5
HG2 9JG,21,11,10,11
HG2 9JH,14,6,8,5
HG2 9JJ,38,16,22,15
HG2 9JL,20,11,9,9
HG2 9JP,120,64,56,6
HG2 9JQ,27,15,12,10
HG2 9JS,64,26,38,29
HG2 9JT,8,5,3,3
HG2 9JU,51,23,28,21
HG2 9JW,67,33,34,20
HG2 9JX,34,16,18,12
HG2 9LA,5,2,3,2
HG2 9LB,11,5,6,6
HG2 9LD,10,4,6,5
HG2 9LE,84,39,45,37
HG2 9LF,25,13,12,11
HG2 9LG,20,12,8,7
HG2 9LH,36,18,18,16
HG2 9LJ,27,12,15,12
HG2 9LL,7,4,3,3
HG2 9LN,57,26,31,21
HG2 9LP,75,40,35,26
HG2 9LQ,30,12,18,12
HG2 9LR,47,23,24,17
HG2 9LS,25,12,13,11
HG2 9LT,30,15,15,14
HG2 9LU,10,5,5,5
HG2 9LW,26,10,16,12
HG2 9LX,17,7,10,6
HG2 9LY,7,4,3,3
HG2 9LZ,15,7,8,6
HG2 9NA,97,51,46,52
HG2 9NB,17,7,10,11
HG2 9ND,20,9,11,7
HG2 9NE,87,38,49,31
HG2 9NF,14,7,7,4
HG2 9NG,61,24,37,18
HG2 9NH,37,19,18,14
HG2 9NJ,44,25,19,17
HG2 9NL,73,35,38,32
HG2 9NN,37,8,29,0
HG2 9NP,37,16,21,22
HG2 9NQ,10,5,5,4
HG2 9NR,5,1,4,4
HG2 9NS,56,26,30,27
HG2 9NT,82,35,47,37
HG2 9NU,9,4,5,3
HG2 9NW,24,12,12,9
HG2 9NX,27,13,14,7
HG2 9NY,38,23,15,11
HG2 9PA,16,6,10,6
HG2 9PB,36,16,20,13
HG2 9PD,14,7,7,7
HG2 9PE,39,17,22,21
HG2 9PF,23,9,14,10
HG2 9PG,41,20,21,15
HG2 9PH,1,1,0,1
HG2 9PP,27,13,14,13
HG2 9PQ,23,10,13,8
HG2 9QE,134,59,75,47
HG2 9QG,143,69,74,47
HG2 9QH,79,35,44,30
HG2 9QJ,58,29,29,18
HG2 9QL,9,4,5,6
HG2 9QN,77,35,42,28
HG2 9QP,55,29,26,20
HG2 9QQ,51,24,27,17
HG3 1AA,6,4,2,2
HG3 1AB,10,4,6,4
HG3 1AD,1,1,0,1
HG3 1AE,16,8,8,4
HG3 1AF,19,8,11,8
HG3 1AG,51,22,29,21
HG3 1AH,73,35,38,31
HG3 1AJ,13,5,8,9
HG3 1AL,6,3,3,2
HG3 1AN,27,12,15,16
HG3 1AP,80,38,42,33
HG3 1AQ,11,4,7,4
HG3 1AR,28,17,11,9
HG3 1AS,8,4,4,4
HG3 1AT,23,11,12,9
HG3 1AU,7,2,5,5
HG3 1AW,8,3,5,5
HG3 1AX,6,3,3,4
HG3 1AY,16,8,8,6
HG3 1AZ,10,6,4,4
HG3 1BA,30,14,16,14
HG3 1BB,1,1,0,1
HG3 1BD,7,3,4,2
HG3 1BE,4,2,2,2
HG3 1BF,18,6,12,5
HG3 1BH,83,35,48,41
HG3 1BL,16,9,7,5
HG3 1BN,67,35,32,31
HG3 1BP,36,16,20,17
HG3 1BQ,99,45,54,40
HG3 1BS,56,28,28,24
HG3 1BT,8,5,3,2
HG3 1BU,2,1,1,1
HG3 1BW,15,9,6,8
HG3 1BY,30,17,13,12
HG3 1BZ,31,13,18,13
HG3 1DA,14,5,9,5
HG3 1DB,34,17,17,14
HG3 1DD,9,4,5,6
HG3 1DF,22,8,14,9
HG3 1DG,7,3,4,3
HG3 1DL,24,11,13,7
HG3 1DN,5,3,2,3
HG3 1DP,22,13,9,9
HG3 1DQ,47,24,23,16
HG3 1DR,38,19,19,17
HG3 1DS,16,9,7,6
HG3 1DT,35,19,16,17
HG3 1DU,50,24,26,25
HG3 1DW,26,13,13,11
HG3 1DX,7,2,5,3
HG3 1DY,24,10,14,8
HG3 1DZ,3,1,2,1
HG3 1EA,20,10,10,11
HG3 1EB,29,14,15,12
HG3 1ED,18,9,9,7
HG3 1EE,5,2,3,3
HG3 1EF,62,31,31,23
HG3 1EG,32,12,20,15
HG3 1EH,4,1,3,3
HG3 1EJ,171,86,85,77
HG3 1EL,113,58,55,42
HG3 1EN,81,36,45,30
HG3 1EP,11,4,7,7
HG3 1EQ,17,11,6,6
HG3 1ET,23,8,15,8
HG3 1EU,14,8,6,6
HG3 1EX,35,21,14,12
HG3 1EY,4,2,2,1
HG3 1EZ,26,11,15,8
HG3 1GW,12,6,6,4
HG3 1HA,22,10,12,7
HG3 1HB,14,9,5,5
HG3 1HD,61,31,30,27
HG3 1HE,5,1,4,3
HG3 1HF,6,3,3,3
HG3 1HG,27,13,14,8
HG3 1HH,33,16,17,13
HG3 1HJ,6,4,2,2
HG3 1HL,6,6,0,2
HG3 1HN,26,9,17,14
HG3 1HP,8,3,5,3
HG3 1HQ,65,34,31,27
HG3 1HR,7,3,4,3
HG3 1HS,7,4,3,2
HG3 1HT,10,5,5,3
HG3 1HU,18,11,7,7
HG3 1HW,3,1,2,1
HG3 1HX,14,8,6,5
HG3 1HY,27,12,15,8
HG3 1HZ,4,2,2,2
HG3 1JA,5,3,2,3
HG3 1JB,6,3,3,2
HG3 1JD,4,3,1,1
HG3 1JE,4,2,2,2
HG3 1JG,20,11,9,9
HG3 1JH,11,8,3,1
HG3 1JJ,11,4,7,5
HG3 1JN,46,27,19,16
HG3 1JP,36,18,18,13
HG3 1JR,87,44,43,32
HG3 1JS,10,6,4,3
HG3 1JT,14,6,8,8
HG3 1JU,23,12,11,10
HG3 1JW,29,14,15,11
HG3 1JX,15,9,6,6
HG3 1JY,17,8,9,7
HG3 1JZ,49,24,25,22
HG3 1LA,8,4,4,4
HG3 1LB,57,25,32,21
HG3 1LD,11,5,6,3
HG3 1LE,31,16,15,9
HG3 1LF,13,7,6,3
HG3 1LH,151,63,88,43
HG3 1LJ,20,10,10,8
HG3 1LL,26,13,13,10
HG3 1LP,61,28,33,25
HG3 1LQ,6,4,2,3
HG3 1LR,47,26,21,16
HG3 1LS,33,18,15,14
HG3 1LT,14,5,9,8
HG3 1LU,27,15,12,8
HG3 1LW,79,38,41,34
HG3 1LX,56,30,26,19
HG3 1LY,58,33,25,25
HG3 1LZ,14,6,8,5
HG3 1NA,13,7,6,5
HG3 1NB,29,11,18,16
HG3 1ND,25,10,15,16
HG3 1NE,27,11,16,15
HG3 1NF,47,25,22,21
HG3 1NG,25,11,14,10
HG3 1NH,18,10,8,7
HG3 1NJ,1,0,1,1
HG3 1NL,13,5,8,6
HG3 1NN,7,3,4,2
HG3 1NP,38,21,17,15
HG3 1NQ,17,6,11,8
HG3 1NR,14,7,7,4
HG3 1NS,38,17,21,12
HG3 1NT,23,10,13,11
HG3 1NU,9,5,4,3
HG3 1NW,32,18,14,11
HG3 1NX,13,6,7,7
HG3 1NY,56,26,30,24
HG3 1NZ,22,11,11,10
HG3 1PA,12,5,7,5
HG3 1PB,61,30,31,22
HG3 1PD,24,11,13,11
HG3 1PE,18,8,10,7
HG3 1PF,1,0,1,1
HG3 1PG,7,4,3,4
HG3 1PH,6,3,3,3
HG3 1PJ,9,4,5,4
HG3 1PL,11,6,5,4
HG3 1PN,6,2,4,2
HG3 1PQ,16,9,7,6
HG3 1PR,6,3,3,0
HG3 1PT,19,5,14,11
HG3 1PW,3,0,3,1
HG3 1PX,26,10,16,19
HG3 1PZ,24,9,15,12
HG3 1QA,16,8,8,5
HG3 1QD,27,14,13,10
HG3 1QE,8,4,4,3
HG3 1QF,13,7,6,4
HG3 1QG,21,10,11,7
HG3 1QH,21,10,11,6
HG3 1QJ,24,15,9,9
HG3 1QL,10,5,5,5
HG3 1QN,68,33,35,29
HG3 1QP,21,11,10,10
HG3 1QQ,30,12,18,9
HG3 1QR,2,1,1,1
HG3 1QS,12,6,6,5
HG3 1QT,13,6,7,5
HG3 1QU,20,11,9,8
HG3 1QW,21,9,12,9
HG3 1QX,11,4,7,4
HG3 1QY,4,3,1,2
HG3 1QZ,16,7,9,8
HG3 1RA,29,14,15,11
HG3 1RB,10,4,6,2
HG3 1RD,6,3,3,2
HG3 1RG,43,19,24,15
HG3 1RH,19,11,8,9
HG3 1RJ,162,75,87,71
HG3 1RP,10,6,4,6
HG3 1RQ,13,7,6,7
HG3 1RS,53,25,28,21
HG3 1SB,9,4,5,5
HG3 1SD,6,3,3,3
HG3 1SF,6,3,3,3
HG3 1SG,9,5,4,4
HG3 1SH,4,2,2,2
HG3 1SJ,6,3,3,2
HG3 1SL,3,2,1,1
HG3 1SN,3,1,2,1
HG3 1SP,13,6,7,4
HG3 1SQ,16,9,7,5
HG3 1SR,17,10,7,7
HG3 1SS,20,13,7,7
HG3 1ST,6,3,3,2
HG3 1SU,17,9,8,7
HG3 1SW,2,1,1,1
HG3 1SX,4,2,2,1
HG3 1SY,19,12,7,7
HG3 1SZ,30,15,15,9
HG3 1TA,24,13,11,9
HG3 1TB,10,4,6,5
HG3 1TD,7,4,3,4
HG3 1TE,23,11,12,11
HG3 1TF,7,3,4,4
HG3 1TH,2,1,1,1
HG3 1TJ,4,2,2,2
HG3 1TL,4,3,1,1
HG3 1TP,16,8,8,12
HG3 1TR,14,7,7,5
HG3 1UA,15,5,10,6
HG3 1UB,7,5,2,5
HG3 1WE,22,8,14,13
HG3 1WG,21,9,12,10
HG3 1ZE,2,1,1,1
HG3 2AA,53,26,27,20
HG3 2AB,9,6,3,3
HG3 2AD,6,3,3,3
HG3 2AE,17,7,10,9
HG3 2AF,14,7,7,5
HG3 2AG,13,6,7,7
HG3 2AH,5,3,2,1
HG3 2AJ,5,1,4,3
HG3 2AL,16,7,9,6
HG3 2AN,3,2,1,2
HG3 2AP,20,8,12,6
HG3 2AQ,30,14,16,16
HG3 2AR,2,1,1,1
HG3 2AS,4,2,2,1
HG3 2AT,8,4,4,3
HG3 2AU,15,7,8,7
HG3 2AX,4,3,1,1
HG3 2AY,96,49,47,25
HG3 2AZ,7,4,3,2
HG3 2BA,14,6,8,6
HG3 2BB,18,6,12,8
HG3 2BD,34,17,17,11
HG3 2BE,38,17,21,11
HG3 2BF,2,1,1,1
HG3 2BG,29,16,13,12
HG3 2BH,6,3,3,3
HG3 2BJ,20,11,9,8
HG3 2BL,4,1,3,2
HG3 2BN,16,7,9,6
HG3 2BQ,75,39,36,35
HG3 2BS,6,2,4,2
HG3 2BT,6,3,3,2
HG3 2BU,31,15,16,16
HG3 2BX,14,6,8,5
HG3 2BY,81,38,43,23
HG3 2DD,32,14,18,12
HG3 2DE,4,1,3,1
HG3 2DF,71,34,37,29
HG3 2DG,51,24,27,25
HG3 2DH,27,14,13,9
HG3 2DJ,40,18,22,21
HG3 2DL,5,3,2,2
HG3 2DN,60,30,30,23
HG3 2DP,51,28,23,16
HG3 2DR,4,1,3,4
HG3 2DS,88,41,47,38
HG3 2DT,21,13,8,8
HG3 2DU,53,22,31,28
HG3 2DW,54,29,25,26
HG3 2DX,36,15,21,16
HG3 2DY,37,17,20,17
HG3 2DZ,86,34,52,35
HG3 2EA,16,6,10,8
HG3 2EB,6,3,3,2
HG3 2ED,21,7,14,10
HG3 2EE,139,68,71,57
HG3 2EF,63,32,31,25
HG3 2EG,66,34,32,28
HG3 2EH,69,37,32,32
HG3 2EJ,76,32,44,30
HG3 2EL,23,10,13,9
HG3 2EN,19,12,7,8
HG3 2EP,44,16,28,26
HG3 2EQ,52,22,30,28
HG3 2ER,13,7,6,5
HG3 2ES,52,23,29,19
HG3 2ET,21,11,10,12
HG3 2EU,12,6,6,6
HG3 2EW,12,4,8,9
HG3 2EX,26,11,15,15
HG3 2EY,5,2,3,3
HG3 2EZ,10,4,6,5
HG3 2FR,12,6,6,4
HG3 2FS,45,21,24,19
HG3 2GA,45,23,22,13
HG3 2GB,36,20,16,12
HG3 2GD,36,19,17,14
HG3 2GE,25,10,15,10
HG3 2GF,29,16,13,10
HG3 2GG,21,9,12,7
HG3 2GH,39,19,20,12
HG3 2GJ,69,30,39,20
HG3 2GL,11,3,8,8
HG3 2GN,6,2,4,5
HG3 2GP,20,7,13,18
HG3 2GY,31,14,17,12
HG3 2HA,14,6,8,7
HG3 2HB,46,19,27,25
HG3 2HE,38,18,20,13
HG3 2HF,91,44,47,40
HG3 2HG,29,9,20,12
HG3 2HH,56,29,27,20
HG3 2HJ,18,9,9,8
HG3 2HL,17,9,8,8
HG3 2HN,5,2,3,3
HG3 2HP,10,5,5,3
HG3 2HR,14,10,4,8
HG3 2HS,43,21,22,13
HG3 2HT,1,0,1,1
HG3 2HU,2,1,1,1
HG3 2HW,2,1,1,1
HG3 2HX,26,14,12,14
HG3 2HY,5,2,3,3
HG3 2HZ,17,8,9,7
HG3 2JA,5,1,4,1
HG3 2JD,20,10,10,8
HG3 2JE,10,7,3,3
HG3 2JF,9,4,5,4
HG3 2JG,38,17,21,12
HG3 2JH,30,18,12,11
HG3 2JJ,3,2,1,1
HG3 2JL,12,6,6,5
HG3 2JN,4,2,2,2
HG3 2JP,7,4,3,2
HG3 2JQ,46,21,25,15
HG3 2JR,16,7,9,7
HG3 2JS,8,6,2,3
HG3 2JT,6,3,3,1
HG3 2JU,23,10,13,9
HG3 2JW,8,3,5,3
HG3 2JX,3,2,1,2
HG3 2JY,15,7,8,9
HG3 2JZ,41,21,20,18
HG3 2LA,17,7,10,5
HG3 2LB,44,21,23,20
HG3 2LD,1,1,0,1
HG3 2LE,20,10,10,8
HG3 2LF,17,9,8,7
HG3 2LG,17,8,9,7
HG3 2LH,9,2,7,4
HG3 2LJ,8,5,3,4
HG3 2LL,11,3,8,4
HG3 2LN,24,10,14,11
HG3 2LP,2,2,0,2
HG3 2LQ,4,2,2,2
HG3 2LR,20,10,10,9
HG3 2LS,2,1,1,1
HG3 2LT,17,9,8,8
HG3 2LU,15,5,10,7
HG3 2LW,8,4,4,3
HG3 2LX,4,3,1,1
HG3 2LY,23,14,9,8
HG3 2LZ,19,10,9,7
HG3 2NA,29,14,15,9
HG3 2NB,44,20,24,18
HG3 2ND,37,18,19,20
HG3 2NF,18,7,11,6
HG3 2NG,7,4,3,3
HG3 2NH,12,6,6,4
HG3 2NJ,9,6,3,4
HG3 2NL,15,6,9,7
HG3 2NN,22,11,11,10
HG3 2NP,16,8,8,4
HG3 2NQ,28,16,12,10
HG3 2NR,20,11,9,8
HG3 2NS,18,7,11,6
HG3 2NT,50,24,26,14
HG3 2NU,19,9,10,7
HG3 2NX,42,20,22,16
HG3 2NZ,34,15,19,20
HG3 2PE,16,8,8,8
HG3 2PF,56,28,28,17
HG3 2PG,16,8,8,8
HG3 2PH,57,26,31,25
HG3 2PJ,11,6,5,5
HG3 2PL,8,4,4,3
HG3 2PN,18,10,8,7
HG3 2PP,48,20,28,19
HG3 2PQ,10,6,4,4
HG3 2PR,39,18,21,14
HG3 2PS,11,3,8,5
HG3 2PT,13,4,9,4
HG3 2PU,12,6,6,6
HG3 2PW,11,7,4,4
HG3 2PX,27,14,13,10
HG3 2PY,32,14,18,12
HG3 2PZ,43,21,22,19
HG3 2QA,65,26,39,20
HG3 2QB,17,7,10,7
HG3 2QD,34,17,17,10
HG3 2QE,61,24,37,37
HG3 2QF,172,89,83,77
HG3 2QG,19,8,11,6
HG3 2QH,19,11,8,7
HG3 2QJ,20,11,9,9
HG3 2QL,29,13,16,12
HG3 2QN,54,27,27,19
HG3 2QP,16,9,7,7
HG3 2QQ,19,7,12,6
HG3 2QR,11,6,5,6
HG3 2QS,33,15,18,13
HG3 2QU,28,15,13,10
HG3 2QW,13,6,7,6
HG3 2QX,41,23,18,12
HG3 2QY,23,12,11,6
HG3 2QZ,2,1,1,1
HG3 2RA,18,9,9,6
HG3 2RB,30,16,14,11
HG3 2RD,11,6,5,4
HG3 2RF,261,151,110,39
HG3 2RL,14,7,7,5
HG3 2RN,18,10,8,7
HG3 2RP,39,20,19,15
HG3 2RR,18,9,9,8
HG3 2RS,6,3,3,2
HG3 2RT,91,50,41,27
HG3 2RW,19,11,8,7
HG3 2RX,63,33,30,20
HG3 2RY,122,56,66,35
HG3 2RZ,10,5,5,4
HG3 2SA,6,3,3,2
HG3 2SD,15,7,8,5
HG3 2SE,51,47,4,0
HG3 2SH,165,81,84,58
HG3 2SJ,38,19,19,15
HG3 2SL,47,24,23,18
HG3 2SQ,70,36,34,23
HG3 2ST,47,24,23,20
HG3 2SU,87,43,44,34
HG3 2SX,36,18,18,12
HG3 2SY,86,44,42,31
HG3 2SZ,84,45,39,34
HG3 2TA,93,49,44,36
HG3 2TB,70,35,35,27
HG3 2TD,52,25,27,27
HG3 2TE,45,23,22,21
HG3 2TF,81,41,40,31
HG3 2TG,21,12,9,8
HG3 2TH,25,12,13,10
HG3 2TJ,78,32,46,52
HG3 2TL,11,8,3,7
HG3 2TN,36,16,20,14
HG3 2TP,10,1,9,5
HG3 2TQ,161,84,77,68
HG3 2TR,90,40,50,49
HG3 2TS,88,46,42,55
HG3 2TT,124,62,62,59
HG3 2TU,90,42,48,49
HG3 2TW,76,34,42,35
HG3 2TX,81,36,45,28
HG3 2TY,97,47,50,48
HG3 2TZ,168,93,75,72
HG3 2UA,75,35,40,42
HG3 2UB,52,28,24,38
HG3 2UD,96,50,46,44
HG3 2UE,61,32,29,21
HG3 2UF,123,59,64,46
HG3 2UG,90,39,51,37
HG3 2UH,17,4,13,9
HG3 2UJ,38,17,21,15
HG3 2UL,32,16,16,15
HG3 2UN,21,9,12,7
HG3 2UP,50,27,23,17
HG3 2UQ,98,45,53,41
HG3 2UR,63,31,32,28
HG3 2UT,73,28,45,43
HG3 2UU,20,9,11,10
HG3 2UW,79,39,40,36
HG3 2UX,63,29,34,24
HG3 2UY,69,38,31,31
HG3 2WA,15,9,6,6
HG3 2WB,103,54,49,35
HG3 2WD,52,19,33,22
HG3 2WE,92,41,51,42
HG3 2WF,34,15,19,12
HG3 2WG,45,22,23,20
HG3 2WH,31,18,13,10
HG3 2WJ,15,7,8,6
HG3 2WL,70,37,33,24
HG3 2WN,33,16,17,11
HG3 2WQ,34,17,17,13
HG3 2WR,32,16,16,11
HG3 2WS,66,38,28,20
HG3 2WT,17,8,9,6
HG3 2WU,22,9,13,8
HG3 2WW,55,31,24,14
HG3 2WX,7,4,3,4
HG3 2WY,23,10,13,16
HG3 2XB,52,27,25,24
HG3 2XD,165,85,80,80
HG3 2XE,31,14,17,10
HG3 2XF,49,27,22,20
HG3 2XG,33,13,20,19
HG3 2XH,68,28,40,35
HG3 2XJ,127,62,65,58
HG3 2XL,139,62,77,56
HG3 2XN,69,34,35,29
HG3 2XP,39,18,21,22
HG3 2XQ,86,44,42,41
HG3 2XR,32,17,15,14
HG3 2XS,41,17,24,16
HG3 2XU,61,27,34,33
HG3 2XW,66,37,29,36
HG3 2XX,35,17,18,14
HG3 2XY,77,40,37,46
HG3 2XZ,60,26,34,33
HG3 2YA,75,38,37,28
HG3 2YB,29,19,10,13
HG3 2YD,48,22,26,19
HG3 2YE,64,33,31,24
HG3 2YF,28,14,14,14
HG3 3AA,4,2,2,3
HG3 3AB,17,8,9,8
HG3 3AD,10,5,5,6
HG3 3AE,8,5,3,3
HG3 3AF,54,25,29,20
HG3 3AG,16,7,9,7
HG3 3AH,62,29,33,27
HG3 3AJ,31,12,19,10
HG3 3AL,26,13,13,11
HG3 3AN,14,7,7,8
HG3 3AP,54,28,26,19
HG3 3AQ,7,3,4,2
HG3 3AR,20,9,11,6
HG3 3AS,1,1,0,1
HG3 3AT,21,11,10,12
HG3 3AU,5,2,3,2
HG3 3AW,18,7,11,7
HG3 3AX,34,21,13,19
HG3 3AY,56,30,26,23
HG3 3AZ,6,3,3,3
HG3 3BB,1,1,0,1
HG3 3BD,5,2,3,1
HG3 3BE,4,2,2,2
HG3 3BG,4,1,3,3
HG3 3BH,23,13,10,8
HG3 3BJ,24,13,11,9
HG3 3BL,6,3,3,3
HG3 3BN,75,43,32,14
HG3 3BP,10,4,6,7
HG3 3BQ,6,2,4,3
HG3 3BS,2,1,1,1
HG3 3BT,7,5,2,2
HG3 3BU,13,8,5,4
HG3 3BW,8,3,5,4
HG3 3BX,90,40,50,38
HG3 3BY,1,1,0,1
HG3 3BZ,2,1,1,1
HG3 3DA,2,1,1,1
HG3 3DB,6,4,2,2
HG3 3DD,6,3,3,3
HG3 3DE,4,3,1,1
HG3 3DF,4,2,2,2
HG3 3DL,14,5,9,6
HG3 3DN,4,2,2,1
HG3 3DP,12,5,7,8
HG3 3DR,7,3,4,3
HG3 3DS,43,20,23,21
HG3 3DT,2,1,1,1
HG3 3DU,24,10,14,9
HG3 3DW,23,12,11,12
HG3 3DZ,16,10,6,6
HG3 3EA,6,4,2,2
HG3 3EB,37,17,20,17
HG3 3ED,11,6,5,5
HG3 3EE,15,6,9,6
HG3 3EF,12,8,4,4
HG3 3EG,41,21,20,20
HG3 3EH,35,16,19,15
HG3 3EJ,13,6,7,7
HG3 3EL,25,13,12,11
HG3 3EN,19,7,12,8
HG3 3EP,50,27,23,18
HG3 3EQ,19,12,7,7
HG3 3ER,7,4,3,3
HG3 3ES,8,4,4,5
HG3 3ET,8,4,4,3
HG3 3EU,7,2,5,2
HG3 3EW,5,2,3,4
HG3 3EX,25,10,15,11
HG3 3EY,16,8,8,6
HG3 3EZ,10,4,6,5
HG3 3GY,34,19,15,9
HG3 3HA,17,10,7,7
HG3 3HB,15,7,8,4
HG3 3HD,2,1,1,1
HG3 3HE,17,7,10,5
HG3 3HG,22,11,11,12
HG3 3HH,27,12,15,13
HG3 3HJ,42,18,24,22
HG3 3HL,11,5,6,3
HG3 3HN,19,10,9,7
HG3 3HP,17,8,9,5
HG3 3HQ,5,2,3,3
HG3 3HR,16,6,10,4
HG3 3HS,13,5,8,9
HG3 3HT,6,2,4,4
HG3 3HU,46,25,21,17
HG3 3HW,17,8,9,9
HG3 3HX,34,16,18,18
HG3 3HY,12,6,6,5
HG3 3HZ,7,4,3,3
HG3 3JA,20,12,8,6
HG3 3JB,11,7,4,5
HG3 3JF,3,1,2,2
HG3 3JG,6,2,4,1
HG3 3JH,1,1,0,1
HG3 3JJ,11,6,5,4
HG3 3JL,18,10,8,6
HG3 3JN,22,12,10,7
HG3 3JP,26,9,17,9
HG3 3JQ,18,11,7,6
HG3 3JR,73,35,38,29
HG3 3JS,11,7,4,3
HG3 3JT,18,8,10,5
HG3 3JU,48,24,24,14
HG3 3JW,15,7,8,7
HG3 3JX,12,7,5,5
HG3 3JY,19,13,6,9
HG3 3JZ,11,4,7,6
HG3 3LA,13,6,7,4
HG3 3LB,2,1,1,2
HG3 3LD,13,7,6,5
HG3 3LE,4,3,1,3
HG3 3LF,12,6,6,4
HG3 3LG,2,1,1,1
HG3 3LH,34,16,18,12
HG3 3LJ,14,8,6,5
HG3 3LN,34,18,16,15
HG3 3LQ,5,3,2,2
HG3 3LS,9,4,5,4
HG3 3LT,1,0,1,1
HG3 3LU,7,5,2,3
HG3 3LX,14,7,7,4
HG3 3LY,8,3,5,3
HG3 3LZ,22,11,11,8
HG3 3NA,3,2,1,2
HG3 3NB,32,17,15,8
HG3 3ND,4,2,2,2
HG3 3NE,40,22,18,14
HG3 3NF,16,6,10,8
HG3 3NG,2,1,1,1
HG3 3NH,8,5,3,3
HG3 3NJ,42,21,21,15
HG3 3NL,8,5,3,3
HG3 3NN,22,10,12,10
HG3 3NP,9,6,3,3
HG3 3NQ,24,11,13,8
HG3 3NR,77,40,37,34
HG3 3NS,2,1,1,1
HG3 3NT,64,33,31,28
HG3 3NW,20,9,11,7
HG3 3NX,5,3,2,2
HG3 3NY,10,6,4,6
HG3 3NZ,31,19,12,13
HG3 3PA,8,5,3,3
HG3 3PB,26,13,13,11
HG3 3PD,16,8,8,9
HG3 3PE,2,1,1,1
HG3 3PF,6,3,3,3
HG3 3PG,2,1,1,1
HG3 3PH,7,6,1,2
HG3 3PJ,24,16,8,12
HG3 3PL,12,7,5,5
HG3 3PQ,52,29,23,16
HG3 3PR,2,1,1,1
HG3 3PS,16,9,7,6
HG3 3PT,13,7,6,6
HG3 3PU,4,3,1,3
HG3 3PW,12,6,6,6
HG3 3PX,9,5,4,5
HG3 3PY,11,5,6,6
HG3 3QA,12,6,6,5
HG3 3QB,7,4,3,3
HG3 3QD,8,4,4,4
HG3 3QE,7,3,4,2
HG3 3QF,26,13,13,11
HG3 3QG,25,15,10,8
HG3 3QH,32,16,16,18
HG3 3QJ,15,8,7,3
HG3 3QL,78,35,43,33
HG3 3QN,91,47,44,42
HG3 3QP,49,20,29,24
HG3 3QQ,45,20,25,19
HG3 3QR,3,3,0,3
HG3 3QS,12,4,8,5
HG3 3QT,4,2,2,2
HG3 3QU,62,26,36,24
HG3 3QW,10,5,5,5
HG3 3QX,42,17,25,22
HG3 3QY,16,7,9,7
HG3 3QZ,31,15,16,10
HG3 3RA,2,1,1,1
HG3 3RB,10,6,4,3
HG3 3RD,10,6,4,4
HG3 3RE,10,5,5,4
HG3 3RF,1,0,1,1
HG3 3RH,44,20,24,23
HG3 3RJ,6,2,4,4
HG3 3RL,17,8,9,10
HG3 3RN,3,2,1,2
HG3 3RP,5,2,3,4
HG3 3RQ,17,7,10,10
HG3 3RR,26,13,13,8
HG3 3RS,39,19,20,14
HG3 3RT,27,13,14,17
HG3 3RU,121,59,62,51
HG3 3RW,59,26,33,28
HG3 3RX,11,4,7,5
HG3 3RY,43,20,23,16
HG3 3RZ,51,25,26,20
HG3 3SA,5,3,2,2
HG3 3SB,9,4,5,4
HG3 3SD,10,5,5,4
HG3 3SE,23,10,13,9
HG3 3SF,40,20,20,15
HG3 3SG,6,3,3,4
HG3 3SH,45,23,22,22
HG3 3SJ,36,20,16,14
HG3 3SL,7,3,4,2
HG3 3SN,4,2,2,3
HG3 3SP,12,7,5,5
HG3 3SQ,9,5,4,4
HG3 3SR,17,10,7,8
HG3 3ST,12,7,5,4
HG3 3SU,19,10,9,8
HG3 3SW,15,7,8,7
HG3 3SX,5,2,3,2
HG3 3SY,14,7,7,6
HG3 3SZ,49,23,26,28
HG3 3TA,26,15,11,12
HG3 3TD,19,9,10,8
HG3 3TE,11,6,5,5
HG3 3TH,4,2,2,2
HG3 3TJ,25,8,17,7
HG3 3TS,2,1,1,1
HG3 3TU,31,13,18,12
HG3 3TX,14,8,6,4
HG3 3TY,37,18,19,11
HG3 3UB,48,25,23,25
HG3 3UD,8,5,3,4
HG3 4AA,7,4,3,4
HG3 4AD,2,1,1,1
HG3 4AE,17,10,7,5
HG3 4AF,26,11,15,12
HG3 4AG,13,7,6,4
HG3 4AH,16,9,7,8
HG3 4AJ,16,10,6,6
HG3 4AL,40,21,19,14
HG3 4AN,17,9,8,7
HG3 4AP,46,25,21,12
HG3 4AQ,29,14,15,12
HG3 4AR,7,5,2,1
HG3 4AS,7,3,4,2
HG3 4AT,2,1,1,1
HG3 4AU,10,4,6,4
HG3 4AW,13,6,7,5
HG3 4AX,10,5,5,3
HG3 4AZ,28,14,14,10
HG3 4BA,14,8,6,4
HG3 4BB,19,10,9,10
HG3 4BD,13,6,7,4
HG3 4BE,1,0,1,1
HG3 4BG,6,3,3,3
HG3 4BH,13,6,7,7
HG3 4BJ,9,5,4,5
HG3 4BL,4,1,3,1
HG3 4BN,15,6,9,8
HG3 4BP,7,4,3,4
HG3 4BQ,14,8,6,7
HG3 4BS,27,12,15,11
HG3 4BT,4,2,2,3
HG3 4BU,34,17,17,15
HG3 4BW,1,0,1,1
HG3 4BX,6,3,3,4
HG3 4BY,15,8,7,8
HG3 4BZ,4,1,3,3
HG3 4DA,5,2,3,4
HG3 4DB,9,5,4,4
HG3 4DD,18,10,8,9
HG3 4DE,18,8,10,6
HG3 4DF,4,2,2,2
HG3 4DH,13,6,7,5
HG3 4DJ,25,10,15,10
HG3 4DL,29,16,13,9
HG3 4DN,28,13,15,12
HG3 4DP,4,3,1,2
HG3 4DQ,13,6,7,5
HG3 4DR,1,0,1,1
HG3 4DS,2,1,1,1
HG3 4DW,28,12,16,12
HG3 4EB,56,25,31,29
HG3 4ED,29,13,16,13
HG3 4EE,10,4,6,5
HG3 4EF,11,6,5,6
HG3 4EG,13,5,8,4
HG3 4EH,8,4,4,4
HG3 4EJ,11,3,8,5
HG3 4EL,22,10,12,11
HG3 4EN,48,24,24,19
HG3 4EP,14,8,6,4
HG3 4EQ,7,3,4,4
HG3 4ER,19,9,10,9
HG3 4ES,52,21,31,25
HG3 4ET,14,6,8,7
HG3 4EU,13,6,7,5
HG3 4EW,28,15,13,11
HG3 4EX,26,15,11,8
HG3 4EY,25,11,14,7
HG3 4HA,60,26,34,30
HG3 4HD,27,15,12,12
HG3 4HE,8,5,3,3
HG3 4HG,1,1,0,1
HG3 4HH,6,4,2,2
HG3 4HP,15,9,6,5
HG3 4HQ,9,4,5,3
HG3 4HR,4,2,2,2
HG3 4HS,22,11,11,8
HG3 4HT,36,18,18,19
HG3 4HX,29,12,17,13
HG3 4HY,30,13,17,13
HG3 4HZ,22,14,8,12
HG3 4JA,51,24,27,20
HG3 4JD,18,8,10,10
HG3 4JE,77,37,40,29
HG3 4JF,20,8,12,6
HG3 4JG,11,4,7,5
HG3 4JH,11,7,4,4
HG3 4JJ,5,3,2,1
HG3 4JL,16,9,7,8
HG3 4JN,23,14,9,11
HG3 4JP,9,4,5,5
HG3 4JQ,7,2,5,3
HG3 4JR,28,14,14,12
HG3 4JS,33,18,15,11
HG3 4JT,7,3,4,3
HG3 4JU,16,9,7,7
HG3 4JW,12,6,6,3
HG3 4LA,8,4,4,4
HG3 5AA,8,5,3,3
HG3 5AB,8,5,3,3
HG3 5AD,7,5,2,3
HG3 5AE,12,9,3,3
HG3 5AL,2,1,1,2
HG3 5AN,2,1,1,1
HG3 5AP,10,6,4,5
HG3 5AQ,34,15,19,12
HG3 5AR,4,2,2,2
HG3 5AS,3,1,2,2
HG3 5AT,39,23,16,16
HG3 5AU,18,8,10,12
HG3 5AW,20,10,10,9
HG3 5AX,30,14,16,20
HG3 5AY,47,26,21,24
HG3 5AZ,12,3,9,10
HG3 5BA,28,9,19,7
HG3 5BD,2,1,1,1
HG3 5BH,8,3,5,3
HG3 5BJ,9,6,3,4
HG3 5BN,4,2,2,2
HG3 5BQ,5,1,4,2
HG3 5BS,3,2,1,1
HG3 5BT,4,3,1,2
HG3 5BU,5,4,1,2
HG3 5BW,9,5,4,3
HG3 5BX,4,3,1,2
HG3 5BY,1,1,0,1
HG3 5DA,4,2,2,2
HG3 5DG,15,9,6,8
HG3 5DH,5,2,3,1
HG3 5DJ,5,3,2,2
HG3 5DL,14,7,7,5
HG3 5DN,22,12,10,10
HG3 5DP,26,13,13,12
HG3 5DQ,4,1,3,1
HG3 5DR,9,5,4,5
HG3 5DT,6,3,3,3
HG3 5DU,7,4,3,3
HG3 5DW,17,7,10,10
HG3 5DX,6,3,3,3
HG3 5DY,89,43,46,35
HG3 5EA,14,7,7,8
HG3 5EB,63,33,30,25
HG3 5ED,6,2,4,2
HG3 5EE,14,6,8,6
HG3 5EF,13,7,6,6
HG3 5EG,3,1,2,2
HG3 5EH,12,7,5,4
HG3 5EJ,4,3,1,1
HG3 5EL,3,1,2,2
HG3 5EN,19,10,9,8
HG3 5EP,12,6,6,5
HG3 5EQ,4,3,1,1
HG3 5ER,9,5,4,2
HG3 5ES,11,7,4,4
HG3 5ET,47,21,26,15
HG3 5EU,26,13,13,10
HG3 5EW,27,15,12,13
HG3 5EX,5,3,2,2
HG3 5EY,11,5,6,4
HG3 5HG,25,10,15,16
HG3 5HH,5,3,2,2
HG3 5HJ,9,5,4,5
HG3 5HL,73,31,42,39
HG3 5HP,6,2,4,3
HG3 5HQ,25,13,12,14
HG3 5HR,3,1,2,2
HG3 5HS,64,31,33,28
HG3 5HU,31,17,14,10
HG3 5HW,32,13,19,15
HG3 5HX,14,6,8,10
HG3 5HY,9,5,4,4
HG3 5HZ,6,2,4,4
HG3 5JA,28,13,15,10
HG3 5JB,19,8,11,7
HG3 5JD,9,5,4,4
HG3 5JE,34,16,18,15
HG3 5JF,24,9,15,10
HG3 5JG,3,1,2,1
HG3 5JH,8,5,3,3
HG3 5JJ,4,1,3,2
HG3 5JL,41,25,16,14
HG3 5JN,52,25,27,21
HG3 5JP,26,12,14,7
HG3 5JQ,94,51,43,36
HG3 5JR,20,10,10,7
HG3 5JS,36,21,15,18
HG3 5JT,31,18,13,16
HG3 5JU,27,16,11,17
HG3 5JW,3,2,1,3
HG3 5JX,19,3,16,16
HG3 5JY,7,4,3,4
HG3 5JZ,11,6,5,9
HG3 5LB,54,28,26,25
HG3 5LE,14,8,6,7
HG3 5LG,7,1,6,5
HG3 5LH,20,11,9,9
HG3 5LJ,33,13,20,15
HG3 5LL,26,12,14,12
HG3 5LN,33,16,17,14
HG3 5LP,8,1,7,8
HG3 5LQ,11,5,6,6
HG3 5LR,9,4,5,4
HG3 5LS,87,40,47,32
HG3 5LT,4,2,2,2
HG3 5LU,15,6,9,6
HG3 5LW,16,6,10,7
HG3 5LX,3,2,1,2
HG3 5LY,23,12,11,12
HG3 5LZ,9,3,6,4
HG3 5NA,46,21,25,28
HG3 5NB,7,4,3,2
HG3 5ND,8,2,6,4
HG3 5NE,15,9,6,6
HG3 5NF,9,4,5,3
HG3 5NG,19,9,10,7
HG3 5NH,19,9,10,9
HG3 5NJ,32,16,16,13
HG3 5NL,18,9,9,8
HG3 5NN,3,0,3,2
HG3 5NP,1,1,0,1
HG3 5NQ,1,1,0,1
HG3 5NR,8,2,6,5
HG3 5NS,30,14,16,12
HG3 5NT,30,16,14,14
HG3 5NU,41,21,20,14
HG3 5NW,4,0,4,3
HG3 5NX,11,5,6,4
HG3 5NY,43,22,21,18
HG3 5NZ,6,1,5,3
HG3 5PA,56,29,27,22
HG3 5PB,42,19,23,21
HG3 5PG,45,23,22,19
HG3 5PH,11,6,5,3
HG3 5PJ,11,5,6,6
HG3 5PL,16,8,8,6
HG3 5PN,2,1,1,2
HG3 5PP,16,9,7,9
HG3 5PQ,9,3,6,6
HG3 5PR,3,2,1,1
HG3 5PS,3,2,1,1
HG3 5PT,8,4,4,3
HG3 5PU,29,17,12,10
HG3 5PX,3,2,1,1
HG3 5PY,1,1,0,1
HG3 5PZ,2,1,1,1
HG3 5QE,16,8,8,9
HG3 5QF,18,12,6,9
HG3 5QG,9,4,5,4
HG3 5QH,28,15,13,14
HG3 5QJ,5,2,3,2
HG3 5QL,19,8,11,8
HG3 5QN,19,9,10,11
HG3 5QP,7,1,6,4
HG3 5QQ,34,14,20,12
HG3 5QR,4,2,2,2
HG3 5QS,9,5,4,5
HG3 5QT,12,5,7,5
HG3 5QU,9,5,4,5
HG3 5QW,4,3,1,3
HG3 5QX,98,47,51,47
HG3 5QY,46,19,27,21
HG3 5QZ,11,5,6,5
HG3 5RA,6,3,3,3
HG3 5RB,7,4,3,3
HG3 5RD,29,10,19,10
HG3 5RE,9,3,6,4
HG3 5RG,10,5,5,7
HG3 5RH,9,4,5,4
HG3 5RJ,5,2,3,2
HG3 5RL,41,22,19,19
HG3 5RN,8,4,4,3
HG3 5RP,2,1,1,1
HG3 5RQ,3,2,1,1
HG3 5RR,5,2,3,2
HG3 5RS,26,14,12,10
HG3 5RT,4,2,2,2
HG3 5RW,27,17,10,12
HG3 5RZ,44,22,22,21
HG3 5SA,6,3,3,4
HG3 5SB,19,7,12,11
HG3 5SD,18,9,9,7
HG3 5SE,4,3,1,1
HG3 5SF,14,7,7,4
HG3 5SG,7,2,5,4
HG3 5SN,21,11,10,8
HG3 5SP,19,8,11,7
HG3 5SQ,7,3,4,2
HG3 5ST,40,21,19,20
HG3 5SU,8,6,2,2
HG3 5SW,23,11,12,5
HG3 5SX,7,4,3,4
HG3 5SY,16,6,10,7
HG3 5TA,8,5,3,3
HG4 1AD,19,9,10,7
HG4 1AF,11,7,4,4
HG4 1AH,17,9,8,5
HG4 1AL,7,2,5,4
HG4 1AN,9,5,4,7
HG4 1AQ,30,18,12,18
HG4 1AW,4,3,1,1
HG4 1AY,80,35,45,41
HG4 1AZ,69,24,45,45
HG4 1BA,20,9,11,12
HG4 1BB,4,1,3,2
HG4 1BD,45,29,16,22
HG4 1BE,26,13,13,14
HG4 1BG,21,9,12,11
HG4 1BH,17,10,7,7
HG4 1BL,19,6,13,8
HG4 1BN,6,5,1,4
HG4 1BP,8,4,4,4
HG4 1BQ,51,29,22,35
HG4 1BS,22,12,10,10
HG4 1BU,16,7,9,4
HG4 1BW,5,2,3,1
HG4 1BZ,3,1,2,1
HG4 1DE,20,7,13,7
HG4 1DF,1,0,1,1
HG4 1DJ,7,4,3,4
HG4 1DL,46,24,22,21
HG4 1DP,23,11,12,9
HG4 1DQ,33,14,19,14
HG4 1DT,9,6,3,5
HG4 1DY,1,1,0,1
HG4 1ED,4,2,2,3
HG4 1EG,2,2,0,1
HG4 1EH,21,8,13,8
HG4 1EJ,92,50,42,42
HG4 1EL,45,18,27,29
HG4 1EN,38,21,17,20
HG4 1EP,13,7,6,5
HG4 1EQ,5,3,2,1
HG4 1ER,12,7,5,6
HG4 1ES,18,10,8,4
HG4 1ET,68,33,35,26
HG4 1EU,24,13,11,10
HG4 1EW,5,3,2,4
HG4 1EX,36,19,17,22
HG4 1EY,47,20,27,18
HG4 1EZ,17,7,10,6
HG4 1FN,25,12,13,12
HG4 1GY,26,9,17,7
HG4 1HA,16,7,9,8
HG4 1HB,40,20,20,16
HG4 1HD,53,28,25,19
HG4 1HE,56,28,28,36
HG4 1HF,9,4,5,5
HG4 1HG,10,4,6,6
HG4 1HH,62,26,36,21
HG4 1HJ,15,7,8,7
HG4 1HN,33,19,14,26
HG4 1HP,25,11,14,10
HG4 1HQ,36,19,17,13
HG4 1HR,10,6,4,6
HG4 1HS,45,26,19,17
HG4 1HT,73,31,42,35
HG4 1HU,6,2,4,4
HG4 1HW,95,52,43,40
HG4 1HX,37,21,16,14
HG4 1HZ,86,46,40,36
HG4 1JA,131,64,67,52
HG4 1JD,76,42,34,35
HG4 1JF,25,12,13,9
HG4 1JG,109,57,52,40
HG4 1JJ,18,11,7,11
HG4 1JL,11,3,8,10
HG4 1JN,45,18,27,26
HG4 1JP,66,39,27,23
HG4 1JR,77,44,33,43
HG4 1JT,63,33,30,28
HG4 1JU,121,63,58,48
HG4 1JW,7,3,4,6
HG4 1JX,14,8,6,7
HG4 1JY,23,16,7,16
HG4 1LA,8,4,4,5
HG4 1LB,9,3,6,7
HG4 1LD,1,1,0,1
HG4 1LE,31,13,18,16
HG4 1LF,69,32,37,42
HG4 1LG,26,12,14,9
HG4 1LH,79,33,46,34
HG4 1LJ,117,57,60,46
HG4 1LL,77,39,38,36
HG4 1LP,17,7,10,8
HG4 1LQ,16,7,9,9
HG4 1LR,18,9,9,9
HG4 1LS,35,16,19,16
HG4 1LT,33,17,16,15
HG4 1LU,79,38,41,35
HG4 1LW,52,31,21,21
HG4 1LX,28,15,13,15
HG4 1LY,20,10,10,11
HG4 1LZ,2,1,1,2
HG4 1NA,30,20,10,16
HG4 1NB,19,12,7,9
HG4 1ND,19,9,10,10
HG4 1NE,29,13,16,11
HG4 1NG,26,12,14,10
HG4 1NH,57,23,34,34
HG4 1NJ,24,13,11,7
HG4 1NL,65,31,34,26
HG4 1NP,22,10,12,13
HG4 1NQ,38,15,23,26
HG4 1NR,11,5,6,5
HG4 1NT,117,55,62,49
HG4 1NU,7,3,4,3
HG4 1NW,7,3,4,4
HG4 1NX,17,7,10,11
HG4 1NY,8,4,4,5
HG4 1PA,37,22,15,17
HG4 1PB,32,19,13,18
HG4 1PD,7,3,4,4
HG4 1PE,32,16,16,19
HG4 1PF,24,11,13,14
HG4 1PG,66,29,37,0
HG4 1PH,42,24,18,23
HG4 1PJ,24,15,9,14
HG4 1PL,35,19,16,15
HG4 1PN,8,3,5,5
HG4 1PP,16,11,5,7
HG4 1PQ,14,7,7,6
HG4 1PR,22,13,9,10
HG4 1PS,12,5,7,7
HG4 1PT,19,10,9,9
HG4 1PU,65,31,34,38
HG4 1PW,63,35,28,27
HG4 1PX,12,7,5,6
HG4 1PY,40,17,23,15
HG4 1PZ,40,17,23,16
HG4 1QA,17,6,11,13
HG4 1QB,58,35,23,24
HG4 1QD,87,43,44,39
HG4 1QE,63,35,28,39
HG4 1QF,67,34,33,23
HG4 1QG,2,1,1,1
HG4 1QH,101,49,52,46
HG4 1QJ,93,43,50,37
HG4 1QN,23,12,11,13
HG4 1QP,4,2,2,2
HG4 1QQ,149,70,79,51
HG4 1QR,38,18,20,19
HG4 1QS,7,4,3,3
HG4 1QU,27,13,14,10
HG4 1QW,33,20,13,17
HG4 1QX,85,40,45,38
HG4 1QZ,47,25,22,41
HG4 1RA,63,32,31,41
HG4 1RB,97,50,47,49
HG4 1RD,39,19,20,13
HG4 1RE,38,18,20,12
HG4 1RF,88,46,42,28
HG4 1RG,93,49,44,30
HG4 1RH,67,34,33,30
HG4 1RJ,34,18,16,15
HG4 1RL,57,28,29,22
HG4 1RN,29,15,14,14
HG4 1RP,12,6,6,6
HG4 1RQ,49,21,28,17
HG4 1RR,71,40,31,26
HG4 1RS,34,19,15,10
HG4 1RT,12,7,5,4
HG4 1RU,116,55,61,40
HG4 1RW,5,3,2,2
HG4 1RX,47,27,20,14
HG4 1RY,29,11,18,23
HG4 1RZ,76,35,41,27
HG4 1SA,36,19,17,12
HG4 1SB,93,41,52,46
HG4 1SD,89,47,42,29
HG4 1SE,56,28,28,21
HG4 1SF,56,29,27,22
HG4 1SG,63,31,32,20
HG4 1SH,52,27,25,20
HG4 1SJ,16,6,10,9
HG4 1SN,73,18,55,40
HG4 1SP,21,10,11,12
HG4 1SQ,176,79,97,62
HG4 1SR,32,17,15,10
HG4 1SS,23,9,14,13
HG4 1ST,52,28,24,37
HG4 1SU,41,20,21,15
HG4 1SW,26,10,16,9
HG4 1SX,5,2,3,4
HG4 1SY,14,7,7,7
HG4 1SZ,68,34,34,9
HG4 1TA,58,28,30,24
HG4 1TD,20,11,9,11
HG4 1TE,58,27,31,20
HG4 1TF,8,3,5,3
HG4 1TG,15,7,8,7
HG4 1TH,15,4,11,8
HG4 1TJ,19,7,12,10
HG4 1TQ,126,67,59,49
HG4 1TT,18,9,9,7
HG4 1TZ,71,32,39,27
HG4 1UA,25,11,14,16
HG4 1UB,20,10,10,8
HG4 1UD,4,1,3,1
HG4 1UE,5,3,2,2
HG4 1UF,90,47,43,52
HG4 1UG,37,19,18,20
HG4 1UH,73,40,33,33
HG4 1UJ,79,41,38,35
HG4 1UL,31,18,13,16
HG4 1UN,16,11,5,5
HG4 1UP,25,12,13,16
HG4 1UQ,57,24,33,28
HG4 1UR,21,10,11,7
HG4 1US,59,33,26,19
HG4 1UW,25,15,10,8
HG4 1WA,5,0,5,3
HG4 1WB,44,22,22,21
HG4 1WD,15,8,7,5
HG4 1WF,21,11,10,12
HG4 2AB,50,20,30,20
HG4 2AE,12,5,7,6
HG4 2AG,66,30,36,26
HG4 2AH,80,41,39,28
HG4 2AJ,53,25,28,23
HG4 2AN,6,3,3,4
HG4 2AP,14,7,7,12
HG4 2AQ,47,24,23,23
HG4 2AR,5,3,2,3
HG4 2AT,32,20,12,17
HG4 2AU,15,9,6,8
HG4 2AW,28,7,21,25
HG4 2AX,29,13,16,19
HG4 2AY,20,11,9,10
HG4 2AZ,12,5,7,9
HG4 2BN,16,6,10,8
HG4 2BQ,9,7,2,5
HG4 2BU,9,5,4,0
HG4 2BW,9,3,6,7
HG4 2BX,14,6,8,10
HG4 2BY,3,1,2,2
HG4 2BZ,3,2,1,2
HG4 2DA,65,21,44,22
HG4 2DB,18,11,7,6
HG4 2DD,10,5,5,6
HG4 2DE,70,33,37,23
HG4 2DG,61,36,25,0
HG4 2DH,27,16,11,11
HG4 2DJ,69,33,36,33
HG4 2DL,56,30,26,21
HG4 2DN,54,29,25,21
HG4 2DP,117,55,62,46
HG4 2DQ,28,16,12,10
HG4 2DR,58,26,32,23
HG4 2DS,21,10,11,9
HG4 2DW,47,26,21,18
HG4 2DX,50,23,27,22
HG4 2ED,89,45,44,22
HG4 2EF,44,20,24,12
HG4 2EG,43,20,23,11
HG4 2EH,19,9,10,8
HG4 2EJ,12,6,6,7
HG4 2EL,54,23,31,21
HG4 2EN,3,1,2,1
HG4 2EP,10,5,5,3
HG4 2EQ,41,19,22,21
HG4 2ER,26,13,13,10
HG4 2ES,24,10,14,8
HG4 2ET,16,7,9,6
HG4 2EU,21,11,10,8
HG4 2EW,7,4,3,5
HG4 2EY,35,16,19,14
HG4 2EZ,28,14,14,9
HG4 2HA,96,49,47,29
HG4 2HD,12,5,7,3
HG4 2HE,30,13,17,13
HG4 2HF,2,1,1,1
HG4 2HG,12,5,7,7
HG4 2HH,110,52,58,44
HG4 2HJ,25,15,10,11
HG4 2HL,22,12,10,8
HG4 2HN,70,33,37,32
HG4 2HP,120,65,55,44
HG4 2HQ,27,15,12,8
HG4 2HR,126,64,62,36
HG4 2HS,80,39,41,27
HG4 2HT,35,19,16,15
HG4 2HU,24,12,12,10
HG4 2HW,52,27,25,31
HG4 2HY,46,22,24,21
HG4 2HZ,32,18,14,12
HG4 2JA,10,4,6,5
HG4 2JB,39,20,19,16
HG4 2JD,26,12,14,14
HG4 2JE,62,28,34,18
HG4 2JF,33,14,19,15
HG4 2JH,12,6,6,6
HG4 2JJ,57,29,28,23
HG4 2JL,79,38,41,33
HG4 2JN,91,47,44,34
HG4 2JP,87,42,45,39
HG4 2JT,108,53,55,39
HG4 2JW,68,32,36,24
HG4 2JX,106,53,53,50
HG4 2JY,75,38,37,24
HG4 2JZ,91,45,46,42
HG4 2LA,9,7,2,1
HG4 2LB,45,25,20,19
HG4 2LD,57,30,27,25
HG4 2LE,41,22,19,21
HG4 2LF,41,20,21,19
HG4 2LG,10,6,4,5
HG4 2LH,38,19,19,13
HG4 2LJ,62,31,31,21
HG4 2LL,16,7,9,6
HG4 2LN,75,36,39,35
HG4 2LP,85,39,46,30
HG4 2LQ,18,10,8,7
HG4 2LR,52,24,28,19
HG4 2LS,47,22,25,16
HG4 2LT,21,14,7,10
HG4 2LU,73,32,41,34
HG4 2LW,48,21,27,18
HG4 2LX,32,13,19,12
HG4 2LZ,10,5,5,4
HG4 2NA,48,24,24,20
HG4 2NB,71,38,33,35
HG4 2ND,62,29,33,19
HG4 2NE,67,35,32,31
HG4 2NF,55,26,29,22
HG4 2NH,37,16,21,20
HG4 2NJ,57,27,30,27
HG4 2NL,17,11,6,7
HG4 2NN,46,21,25,24
HG4 2NP,31,13,18,16
HG4 2NR,110,50,60,48
HG4 2NS,19,9,10,6
HG4 2NW,9,5,4,6
HG4 2NX,45,21,24,22
HG4 2PA,71,35,36,33
HG4 2PB,5,1,4,4
HG4 2PD,57,24,33,30
HG4 2PE,64,28,36,29
HG4 2PF,30,16,14,18
HG4 2PG,26,14,12,12
HG4 2PH,25,9,16,9
HG4 2PJ,46,21,25,22
HG4 2PL,24,13,11,10
HG4 2PN,33,16,17,16
HG4 2PQ,82,42,40,26
HG4 2PT,118,57,61,47
HG4 2PU,5,1,4,2
HG4 2PW,18,9,9,11
HG4 2PX,16,9,7,7
HG4 2PZ,113,48,65,37
HG4 2QA,8,3,5,5
HG4 2QB,42,22,20,15
HG4 2QD,62,29,33,29
HG4 2QE,24,11,13,15
HG4 2QF,51,27,24,18
HG4 2QG,31,10,21,19
HG4 2QH,23,12,11,12
HG4 2QJ,14,7,7,9
HG4 2QL,44,22,22,19
HG4 2QN,128,64,64,51
HG4 2QP,18,8,10,9
HG4 2QR,13,7,6,5
HG4 2QS,21,13,8,11
HG4 2QT,16,9,7,10
HG4 2QW,70,34,36,22
HG4 2QZ,8,4,4,1
HG4 2RD,427,411,16,1
HG4 2RF,3,2,1,2
HG4 2RH,18,8,10,8
HG4 2RP,17,8,9,9
HG4 2RQ,2,0,2,2
HG4 2RR,18,9,9,5
HG4 2RU,12,6,6,7
HG4 2RY,113,50,63,47
HG4 2RZ,108,53,55,48
HG4 2SA,2,1,1,1
HG4 2SB,16,9,7,6
HG4 2SD,7,5,2,3
HG4 2SE,4,2,2,1
HG4 2SF,13,8,5,6
HG4 2SG,45,14,31,1
HG4 2SZ,43,12,31,39
HG4 2TB,67,30,37,23
HG4 2TE,33,16,17,14
HG4 2TF,108,50,58,37
HG4 2TG,36,21,15,10
HG4 2TH,33,16,17,10
HG4 2TJ,57,30,27,34
HG4 2TN,6,2,4,3
HG4 2TP,131,65,66,41
HG4 2TQ,49,25,24,27
HG4 2TR,55,23,32,19
HG4 2TS,173,74,99,63
HG4 2TT,36,18,18,22
HG4 2TU,36,20,16,12
HG4 2TW,33,17,16,18
HG4 2TX,35,19,16,11
HG4 2TY,133,63,70,41
HG4 2TZ,17,8,9,7
HG4 3AA,26,15,11,9
HG4 3AB,10,6,4,5
HG4 3AD,16,6,10,5
HG4 3AE,11,6,5,4
HG4 3AF,4,3,1,3
HG4 3AG,3,2,1,2
HG4 3AH,4,3,1,1
HG4 3AJ,2,1,1,1
HG4 3AL,13,5,8,6
HG4 3AN,22,9,13,7
HG4 3AP,5,3,2,1
HG4 3AQ,91,41,50,59
HG4 3AR,4,2,2,1
HG4 3AS,15,7,8,5
HG4 3AT,37,18,19,22
HG4 3AU,7,3,4,3
HG4 3AW,5,2,3,2
HG4 3AX,24,12,12,10
HG4 3AY,79,37,42,35
HG4 3AZ,6,2,4,2
HG4 3BA,4,1,3,2
HG4 3BB,9,5,4,5
HG4 3BD,23,13,10,7
HG4 3BE,49,29,20,18
HG4 3BG,7,3,4,4
HG4 3BL,26,13,13,10
HG4 3BN,7,4,3,3
HG4 3BP,1,1,0,1
HG4 3BQ,12,5,7,4
HG4 3BS,85,39,46,32
HG4 3BT,69,32,37,27
HG4 3BU,9,5,4,5
HG4 3BW,39,22,17,18
HG4 3BX,32,14,18,12
HG4 3BY,37,20,17,15
HG4 3BZ,13,8,5,5
HG4 3DA,21,10,11,9
HG4 3DB,5,3,2,3
HG4 3DD,15,6,9,6
HG4 3DE,14,7,7,8
HG4 3DF,14,7,7,7
HG4 3DG,3,2,1,2
HG4 3DJ,17,12,5,5
HG4 3DL,9,4,5,3
HG4 3DN,17,8,9,5
HG4 3DP,28,16,12,9
HG4 3DQ,7,3,4,2
HG4 3DR,3,2,1,1
HG4 3DS,15,9,6,6
HG4 3DT,13,7,6,7
HG4 3DW,13,6,7,5
HG4 3DX,19,9,10,10
HG4 3DY,5,4,1,3
HG4 3DZ,13,6,7,8
HG4 3EA,8,5,3,3
HG4 3EB,2,1,1,1
HG4 3ED,23,11,12,9
HG4 3EE,17,8,9,7
HG4 3EF,13,6,7,7
HG4 3EG,5,3,2,3
HG4 3EH,21,11,10,10
HG4 3EJ,6,3,3,4
HG4 3EL,41,17,24,17
HG4 3EN,17,9,8,7
HG4 3EP,24,12,12,12
HG4 3EQ,40,17,23,16
HG4 3ER,4,2,2,1
HG4 3ES,9,3,6,4
HG4 3EU,9,2,7,2
HG4 3EW,18,9,9,8
HG4 3EX,8,4,4,3
HG4 3EY,23,12,11,7
HG4 3EZ,2,1,1,1
HG4 3HA,14,7,7,5
HG4 3HB,4,2,2,3
HG4 3HD,18,8,10,9
HG4 3HE,27,9,18,12
HG4 3HF,24,11,13,9
HG4 3HG,6,3,3,2
HG4 3HJ,2,1,1,1
HG4 3HN,32,23,9,1
HG4 3HP,15,7,8,6
HG4 3HQ,5,2,3,1
HG4 3HR,4,2,2,1
HG4 3HS,5,3,2,2
HG4 3HT,100,50,50,39
HG4 3HU,82,41,41,38
HG4 3HW,25,12,13,9
HG4 3HX,14,7,7,6
HG4 3HY,16,8,8,8
HG4 3HZ,55,21,34,24
HG4 3JA,25,12,13,9
HG4 3JB,7,3,4,4
HG4 3JD,3,2,1,1
HG4 3JE,90,43,47,43
HG4 3JG,5,3,2,2
HG4 3JH,5,2,3,3
HG4 3JJ,15,8,7,7
HG4 3JL,9,6,3,2
HG4 3JN,14,6,8,5
HG4 3JP,6,4,2,3
HG4 3JQ,4,2,2,3
HG4 3JT,4,2,2,3
HG4 3JU,9,4,5,2
HG4 3JW,5,4,1,2
HG4 3JX,12,6,6,3
HG4 3JY,10,7,3,3
HG4 3JZ,29,14,15,9
HG4 3LA,104,52,52,41
HG4 3LB,26,15,11,9
HG4 3LD,36,23,13,11
HG4 3LE,19,10,9,5
HG4 3LF,23,12,11,9
HG4 3LG,78,43,35,34
HG4 3LH,10,5,5,4
HG4 3LJ,9,4,5,5
HG4 3LL,35,16,19,11
HG4 3LN,33,14,19,14
HG4 3LP,7,3,4,3
HG4 3LQ,5,0,5,5
HG4 3LR,19,8,11,7
HG4 3LS,63,34,29,22
HG4 3LT,4,2,2,2
HG4 3LU,16,11,5,6
HG4 3LW,35,15,20,16
HG4 3LX,10,5,5,4
HG4 3LY,9,5,4,2
HG4 3NE,1,0,1,1
HG4 3NF,6,2,4,2
HG4 3NG,3,2,1,2
HG4 3NJ,126,61,65,56
HG4 3NL,2,1,1,1
HG4 3NN,1,0,1,1
HG4 3NP,35,14,21,10
HG4 3NR,80,40,40,38
HG4 3NS,16,9,7,6
HG4 3NT,27,12,15,10
HG4 3NU,24,9,15,10
HG4 3NW,2,1,1,1
HG4 3NX,2,1,1,1
HG4 3NY,6,3,3,3
HG4 3PA,3,2,1,2
HG4 3PB,16,7,9,5
HG4 3PG,17,9,8,8
HG4 3PH,18,11,7,8
HG4 3PJ,89,45,44,35
HG4 3PL,5,3,2,3
HG4 3PN,12,7,5,4
HG4 3PP,10,6,4,3
HG4 3PQ,3,1,2,1
HG4 3PR,15,6,9,4
HG4 3PS,3,2,1,1
HG4 3PT,4,3,1,3
HG4 3PU,23,14,9,10
HG4 3PW,12,6,6,4
HG4 3PY,6,2,4,2
HG4 3QD,16,6,10,5
HG4 3QE,6,4,2,4
HG4 3QF,17,10,7,7
HG4 3QG,6,3,3,3
HG4 3QJ,4,3,1,2
HG4 3QL,11,5,6,5
HG4 3QN,3,2,1,2
HG4 3QP,2,1,1,1
HG4 3QQ,6,3,3,2
HG4 3QR,24,13,11,9
HG4 3QS,19,10,9,5
HG4 3QT,11,7,4,7
HG4 3QU,1,1,0,1
HG4 3QW,17,8,9,6
HG4 3QX,5,3,2,2
HG4 3QY,10,5,5,5
HG4 3QZ,8,3,5,3
HG4 3RA,4,2,2,1
HG4 3RB,2,1,1,1
HG4 3RD,14,7,7,4
HG4 3RE,1,1,0,1
HG4 3RF,3,1,2,1
HG4 3RG,3,2,1,1
HG4 3RH,20,9,11,6
HG4 3RJ,5,3,2,1
HG4 3RP,15,8,7,6
HG4 3RQ,2,1,1,1
HG4 3RR,11,5,6,6
HG4 3RS,59,26,33,27
HG4 3RT,43,25,18,16
HG4 3RU,18,9,9,9
HG4 3RW,11,5,6,5
HG4 3RX,8,5,3,5
HG4 3RY,78,34,44,34
HG4 3RZ,11,5,6,6
HG4 3SA,11,7,4,5
HG4 3SB,6,2,4,3
HG4 3SD,79,39,40,31
HG4 3SE,79,39,40,34
HG4 3SF,13,7,6,5
HG4 3SG,3,1,2,2
HG4 3SH,36,17,19,13
HG4 3SJ,37,15,22,26
HG4 3SL,1,0,1,1
HG4 3SN,19,7,12,8
HG4 3SP,45,21,24,19
HG4 3SQ,73,36,37,27
HG4 3SR,4,1,3,1
HG4 3SS,5,3,2,2
HG4 3SU,10,4,6,4
HG4 3SW,82,39,43,32
HG4 3SX,52,24,28,23
HG4 3SY,15,5,10,6
HG4 3SZ,3,2,1,1
HG4 3TA,14,5,9,6
HG4 3TD,7,4,3,4
HG4 3TE,8,4,4,4
HG4 4AA,3,1,2,2
HG4 4AB,8,4,4,6
HG4 4AE,11,6,5,4
HG4 4AF,14,9,5,6
HG4 4AG,2,1,1,1
HG4 4AH,84,41,43,35
HG4 4AJ,11,7,4,7
HG4 4AL,24,11,13,9
HG4 4AN,5,2,3,3
HG4 4AP,11,8,3,4
HG4 4AQ,4,3,1,3
HG4 4AR,22,10,12,9
HG4 4AS,25,13,12,9
HG4 4AT,2,1,1,1
HG4 4AU,80,43,37,31
HG4 4AW,5,3,2,4
HG4 4AY,14,9,5,6
HG4 4AZ,3,1,2,1
HG4 4BA,12,6,6,4
HG4 4BB,81,44,37,38
HG4 4BD,22,10,12,9
HG4 4BE,12,6,6,4
HG4 4BG,4,2,2,2
HG4 4BH,12,7,5,3
HG4 4BJ,16,6,10,9
HG4 4BP,17,9,8,5
HG4 4BQ,16,8,8,7
HG4 4BS,2,2,0,2
HG4 4BT,9,4,5,3
HG4 4DA,6,3,3,3
HG4 4DB,2,1,1,1
HG4 4DD,1,1,0,1
HG4 4DE,8,3,5,3
HG4 4DF,6,3,3,2
HG4 4DG,16,10,6,6
HG4 4DH,4,2,2,2
HG4 4DJ,2,1,1,1
HG4 4DL,5,2,3,3
HG4 4DN,1,1,0,1
HG4 4DP,2,1,1,1
HG4 4DQ,9,6,3,4
HG4 4DR,9,3,6,7
HG4 4DS,14,6,8,6
HG4 4DT,125,57,68,59
HG4 4DU,24,11,13,12
HG4 4DW,8,3,5,4
HG4 4DX,40,18,22,17
HG4 4DY,6,3,3,4
HG4 4DZ,6,2,4,4
HG4 4EA,3,1,2,2
HG4 4EB,17,9,8,12
HG4 4EE,4,0,4,3
HG4 4EF,19,7,12,11
HG4 4EG,9,4,5,4
HG4 4EH,22,10,12,11
HG4 4EJ,18,9,9,12
HG4 4EN,11,5,6,5
HG4 4EP,11,6,5,5
HG4 4EQ,21,10,11,10
HG4 4ER,30,16,14,14
HG4 4ES,27,15,12,9
HG4 4ET,6,3,3,3
HG4 4EU,18,9,9,11
HG4 4EW,65,25,40,26
HG4 4EX,57,26,31,22
HG4 4EY,48,21,27,23
HG4 4EZ,15,6,9,6
HG4 4HA,43,22,21,15
HG4 4HB,43,21,22,17
HG4 4HD,4,4,0,4
HG4 4HE,41,19,22,22
HG4 4HF,18,9,9,11
HG4 4HH,72,32,40,50
HG4 4HJ,22,11,11,8
HG4 4HN,48,22,26,26
HG4 4HP,5,3,2,4
HG4 4HQ,29,13,16,11
HG4 4HR,14,7,7,7
HG4 4HS,32,15,17,16
HG4 4HT,7,4,3,3
HG4 4HU,85,39,46,44
HG4 4HX,7,2,5,3
HG4 4HY,25,11,14,15
HG4 4HZ,21,11,10,10
HG4 4JA,16,8,8,7
HG4 4JB,10,5,5,4
HG4 4JD,2,1,1,1
HG4 4JF,2,1,1,1
HG4 4JH,42,20,22,15
HG4 4JP,22,12,10,7
HG4 4JR,21,11,10,7
HG4 4JS,6,4,2,3
HG4 4JT,9,5,4,4
HG4 4JU,14,7,7,8
HG4 4JW,16,9,7,3
HG4 4JX,3,1,2,1
HG4 4JY,12,5,7,5
HG4 4JZ,6,2,4,2
HG4 4LA,2,1,1,1
HG4 4LB,2,1,1,1
HG4 4LH,50,22,28,22
HG4 4LJ,2,1,1,1
HG4 4LL,5,2,3,3
HG4 4LN,4,1,3,1
HG4 4LP,2,1,1,1
HG4 4LS,15,11,4,4
HG4 4LT,6,3,3,2
HG4 4LU,4,2,2,2
HG4 4LW,8,6,2,3
HG4 4LX,9,4,5,3
HG4 4ND,21,10,11,10
HG4 4NE,37,19,18,15
HG4 4NF,63,31,32,28
HG4 4NG,6,4,2,1
HG4 4NH,7,5,2,2
HG4 4NJ,6,1,5,2
HG4 4NL,8,4,4,2
HG4 4NN,6,3,3,2
HG4 4NQ,8,5,3,2
HG4 4NS,8,3,5,3
HG4 4NT,6,3,3,2
HG4 4NU,6,4,2,3
HG4 4NX,6,3,3,2
HG4 4PA,5,2,3,2
HG4 4PB,10,5,5,6
HG4 4PD,5,3,2,2
HG4 4PE,19,9,10,6
HG4 4PF,6,3,3,2
HG4 4PG,16,10,6,5
HG4 4PH,17,8,9,5
HG4 4PJ,8,5,3,3
HG4 4PL,4,2,2,2
HG4 4PN,5,3,2,2
HG4 4PP,4,2,2,2
HG4 4PQ,17,9,8,7
HG4 4PR,25,12,13,11
HG4 4PS,9,4,5,4
HG4 4PW,79,36,43,34
HG4 5AA,7,5,2,5
HG4 5AB,21,9,12,10
HG4 5AD,12,5,7,6
HG4 5AE,18,10,8,6
HG4 5AF,65,29,36,27
HG4 5AG,88,43,45,34
HG4 5AH,11,4,7,6
HG4 5AJ,112,49,63,51
HG4 5AL,16,7,9,7
HG4 5AN,34,16,18,16
HG4 5AP,5,3,2,2
HG4 5AR,8,3,5,3
HG4 5AS,25,13,12,12
HG4 5AT,41,20,21,19
HG4 5AU,16,8,8,5
HG4 5AW,5,3,2,2
HG4 5AY,3,2,1,1
HG4 5AZ,2,1,1,1
HG4 5BA,17,7,10,9
HG4 5BB,7,3,4,4
HG4 5BD,94,39,55,42
HG4 5BE,53,25,28,20
HG4 5BG,13,7,6,5
HG4 5BH,13,7,6,5
HG4 5BJ,23,14,9,8
HG4 5BL,75,31,44,39
HG4 5BN,35,16,19,17
HG4 5BP,50,25,25,21
HG4 5BQ,91,29,62,28
HG4 5BS,9,3,6,6
HG4 5BT,18,8,10,11
HG4 5BU,45,20,25,20
HG4 5BW,11,5,6,4
HG4 5BX,4,3,1,1
HG4 5BY,74,39,35,31
HG4 5BZ,12,3,9,6
HG4 5DA,16,8,8,7
HG4 5DB,37,19,18,16
HG4 5DD,27,14,13,14
HG4 5DE,12,6,6,5
HG4 5DF,9,5,4,3
HG4 5DG,4,2,2,1
HG4 5DH,14,6,8,5
HG4 5DJ,19,8,11,6
HG4 5DL,21,7,14,9
HG4 5DN,2,1,1,1
HG4 5DP,4,3,1,1
HG4 5DR,8,4,4,4
HG4 5DS,11,6,5,3
HG4 5DT,8,5,3,3
HG4 5DU,10,5,5,2
HG4 5DX,23,12,11,11
HG4 5DY,28,14,14,13
HG4 5DZ,10,4,6,6
HG4 5EA,14,6,8,4
HG4 5EB,43,21,22,19
HG4 5ED,7,5,2,4
HG4 5EE,7,3,4,4
HG4 5EF,4,2,2,2
HG4 5EG,12,5,7,5
HG4 5EJ,8,3,5,2
HG4 5EL,7,4,3,3
HG4 5EN,70,29,41,26
HG4 5EP,14,8,6,5
HG4 5EQ,10,4,6,6
HG4 5ER,36,16,20,15
HG4 5ES,12,8,4,4
HG4 5ET,42,23,19,19
HG4 5EU,7,4,3,2
HG4 5EX,17,7,10,7
HG4 5EY,3,1,2,2
HG4 5EZ,26,11,15,10
HG4 5GZ,2,1,1,2
HG4 5HA,96,46,50,38
HG4 5HB,18,8,10,8
HG4 5HD,8,3,5,3
HG4 5HE,3,0,3,3
HG4 5HF,10,5,5,4
HG4 5HG,5,2,3,2
HG4 5HH,18,10,8,8
HG4 5HJ,11,5,6,5
HG4 5HL,22,12,10,8
HG4 5HN,38,18,20,14
HG4 5HQ,24,12,12,9
HG4 5HR,13,7,6,6
HG4 5HU,16,7,9,9
HG4 5HW,20,8,12,6
HG4 5HX,30,16,14,14
HG4 5HZ,7,4,3,2
HG4 5JA,8,6,2,3
HG4 5JB,2,1,1,1
HG4 5JD,27,17,10,9
HG4 5JE,4,3,1,1
HG4 5JF,18,7,11,14
HG4 5JG,2,1,1,1
HG4 5JH,22,9,13,11
HG4 5JJ,61,32,29,22
HG4 5JL,12,8,4,6
HG4 5JN,26,13,13,11
HG4 5JP,16,9,7,7
HG4 5JQ,15,8,7,7
HG4 5JR,17,10,7,7
HG4 5JS,2,1,1,1
HG4 5JT,18,9,9,5
HG4 5JU,6,3,3,3
HG4 5JW,13,6,7,4
HG4 5JX,15,8,7,8
HG4 5JY,19,10,9,8
HG4 5JZ,26,14,12,11
HG4 5LA,8,5,3,3
HG4 5LB,2,1,1,1
HG4 5LD,4,3,1,1
HG4 5LE,9,6,3,5
HG4 5LF,2,1,1,2
HG4 5LG,2,1,1,1
HG4 5LH,2,1,1,1
HG4 5LL,7,3,4,3
HG4 5LN,3,2,1,2
HG4 5LQ,9,2,7,2
HG4 5LS,7,3,4,2
HG4 5LT,6,3,3,2
HG4 5LW,27,11,16,11
HG4 5LX,5,3,2,2
HG4 5LY,8,5,3,3
HG4 5LZ,13,10,3,4
HG4 5NA,5,1,4,2
HG4 5NB,1,1,0,1
HG4 5ND,10,5,5,3
HG4 5NJ,1,1,0,1
HG4 5NZ,9,5,4,6
HG4 5PA,55,26,29,20
HG4 5PG,2,1,1,1
HG5 0AA,23,16,7,16
HG5 0AB,11,6,5,6
HG5 0AD,41,18,23,18
HG5 0AF,21,10,11,8
HG5 0AG,70,40,30,32
HG5 0AH,15,9,6,7
HG5 0AJ,29,13,16,16
HG5 0AL,6,2,4,3
HG5 0AN,16,7,9,6
HG5 0AP,37,16,21,16
HG5 0AQ,11,5,6,5
HG5 0AR,20,8,12,10
HG5 0AS,56,25,31,30
HG5 0AT,79,37,42,33
HG5 0AU,68,25,43,41
HG5 0AW,73,40,33,34
HG5 0AX,51,20,31,22
HG5 0AY,32,17,15,16
HG5 0AZ,52,23,29,24
HG5 0BA,34,16,18,11
HG5 0BB,88,41,47,30
HG5 0BD,94,41,53,37
HG5 0BE,88,45,43,38
HG5 0BG,41,20,21,18
HG5 0BH,53,24,29,32
HG5 0BJ,69,35,34,32
HG5 0BN,92,47,45,38
HG5 0BP,23,11,12,16
HG5 0BQ,165,80,85,65
HG5 0BS,10,3,7,5
HG5 0BT,47,26,21,17
HG5 0BU,35,19,16,17
HG5 0BW,40,16,24,22
HG5 0BX,39,19,20,17
HG5 0BY,8,4,4,5
HG5 0BZ,29,14,15,12
HG5 0DA,81,37,44,42
HG5 0DB,69,36,33,21
HG5 0DD,26,12,14,11
HG5 0DE,15,8,7,8
HG5 0DF,19,10,9,7
HG5 0DG,43,18,25,26
HG5 0DH,64,32,32,22
HG5 0DJ,65,34,31,23
HG5 0DL,106,47,59,42
HG5 0DN,86,43,43,36
HG5 0DP,20,11,9,12
HG5 0DQ,36,14,22,17
HG5 0DR,38,24,14,15
HG5 0DS,67,33,34,33
HG5 0DT,12,9,3,6
HG5 0DU,43,24,19,15
HG5 0DW,107,52,55,58
HG5 0DX,43,19,24,17
HG5 0DY,36,15,21,14
HG5 0DZ,58,31,27,28
HG5 0EA,23,15,8,15
HG5 0ED,10,7,3,5
HG5 0EF,3,1,2,3
HG5 0EG,15,4,11,8
HG5 0EH,23,10,13,17
HG5 0EP,29,14,15,17
HG5 0EQ,44,28,16,24
HG5 0ER,30,16,14,16
HG5 0ES,8,5,3,3
HG5 0ET,17,7,10,10
HG5 0EX,16,5,11,8
HG5 0EY,8,4,4,7
HG5 0EZ,18,12,6,14
HG5 0FB,16,10,6,4
HG5 0FD,18,6,12,10
HG5 0HB,29,13,16,14
HG5 0HF,18,11,7,11
HG5 0HH,48,25,23,20
HG5 0HJ,59,28,31,23
HG5 0HL,32,14,18,16
HG5 0HN,33,14,19,18
HG5 0HP,11,6,5,5
HG5 0HQ,84,42,42,35
HG5 0HR,11,7,4,8
HG5 0HT,39,17,22,20
HG5 0HU,15,9,6,6
HG5 0HX,37,19,18,12
HG5 0HY,13,5,8,9
HG5 0HZ,9,6,3,6
HG5 0JA,8,4,4,5
HG5 0JB,4,2,2,3
HG5 0JD,7,4,3,4
HG5 0JF,21,9,12,10
HG5 0JG,9,5,4,4
HG5 0JH,79,39,40,30
HG5 0JJ,13,8,5,11
HG5 0JL,40,19,21,16
HG5 0JN,4,2,2,2
HG5 0JS,105,56,49,49
HG5 0JT,16,5,11,7
HG5 0JU,15,7,8,6
HG5 0JW,4,1,3,3
HG5 0JX,57,25,32,28
HG5 0JY,7,3,4,3
HG5 0JZ,31,15,16,10
HG5 0LA,106,57,49,41
HG5 0LB,24,10,14,12
HG5 0LD,43,26,17,14
HG5 0LE,142,67,75,55
HG5 0LF,24,10,14,8
HG5 0LG,53,27,26,25
HG5 0LH,48,27,21,18
HG5 0LJ,71,34,37,25
HG5 0LL,27,11,16,18
HG5 0LN,116,60,56,44
HG5 0LP,33,15,18,15
HG5 0LQ,8,3,5,6
HG5 0LR,49,22,27,21
HG5 0LS,83,42,41,35
HG5 0LT,15,8,7,6
HG5 0LU,59,32,27,28
HG5 0LW,109,50,59,45
HG5 0LX,17,8,9,5
HG5 0LY,21,12,9,8
HG5 0LZ,20,12,8,9
HG5 0NA,27,13,14,10
HG5 0NB,22,13,9,8
HG5 0ND,77,42,35,23
HG5 0NE,34,10,24,26
HG5 0NF,39,21,18,15
HG5 0NG,12,6,6,6
HG5 0NH,71,32,39,26
HG5 0NJ,69,34,35,24
HG5 0NL,107,50,57,32
HG5 0NN,25,12,13,12
HG5 0NP,13,5,8,5
HG5 0NQ,80,39,41,29
HG5 0NR,51,21,30,23
HG5 0NS,76,42,34,28
HG5 0NT,40,18,22,13
HG5 0NU,32,18,14,14
HG5 0NW,13,7,6,4
HG5 0NX,8,3,5,2
HG5 0NY,166,77,89,69
HG5 0NZ,36,19,17,15
HG5 0PA,6,3,3,1
HG5 0PB,50,28,22,21
HG5 0PD,35,19,16,13
HG5 0PE,86,48,38,30
HG5 0PF,119,61,58,39
HG5 0PG,83,42,41,31
HG5 0PH,29,11,18,13
HG5 0PJ,137,67,70,47
HG5 0PL,51,24,27,19
HG5 0PN,42,19,23,18
HG5 0PQ,40,17,23,16
HG5 0PR,46,23,23,17
HG5 0PS,38,17,21,18
HG5 0PT,53,24,29,34
HG5 0PU,34,18,16,13
HG5 0PW,16,5,11,6
HG5 0PX,82,40,42,34
HG5 0PY,52,25,27,16
HG5 0PZ,20,12,8,7
HG5 0QA,50,26,24,24
HG5 0QB,55,28,27,19
HG5 0QD,5,3,2,3
HG5 0QE,38,16,22,34
HG5 0QF,6,3,3,3
HG5 0QG,4,2,2,2
HG5 0QH,38,21,17,17
HG5 0QJ,10,6,4,3
HG5 0QL,10,6,4,5
HG5 0QN,2,1,1,1
HG5 0QP,2,1,1,1
HG5 0QQ,2,1,1,1
HG5 0QR,3,1,2,1
HG5 0QS,23,11,12,9
HG5 0QT,30,18,12,10
HG5 0QU,77,38,39,33
HG5 0QW,7,3,4,3
HG5 0QX,17,8,9,7
HG5 0QY,7,4,3,2
HG5 0RA,4,3,1,1
HG5 0RB,5,3,2,2
HG5 0RD,2,1,1,1
HG5 0RE,6,3,3,4
HG5 0RF,29,13,16,14
HG5 0RG,17,7,10,10
HG5 0RH,23,13,10,8
HG5 0RJ,21,11,10,9
HG5 0RL,29,16,13,14
HG5 0RN,29,13,16,9
HG5 0RP,12,6,6,5
HG5 0RQ,4,2,2,1
HG5 0RR,41,19,22,16
HG5 0RT,29,13,16,13
HG5 0RU,2,1,1,1
HG5 0RW,2,1,1,1
HG5 0RX,21,10,11,6
HG5 0RY,21,10,11,7
HG5 0RZ,2,1,1,1
HG5 0SA,19,8,11,6
HG5 0SB,2,1,1,1
HG5 0SD,17,7,10,6
HG5 0SE,69,38,31,32
HG5 0SF,4,2,2,2
HG5 0SG,1,1,0,1
HG5 0SH,74,36,38,33
HG5 0SJ,40,18,22,36
HG5 0SL,6,4,2,2
HG5 0SN,34,20,14,10
HG5 0SP,7,3,4,2
HG5 0SQ,2,1,1,1
HG5 0SR,43,24,19,15
HG5 0ST,5,4,1,3
HG5 0SU,6,3,3,3
HG5 0SW,14,7,7,6
HG5 0SX,34,15,19,13
HG5 0SY,71,34,37,29
HG5 0TD,118,59,59,41
HG5 0TH,74,32,42,38
HG5 0TJ,20,10,10,7
HG5 0TL,8,3,5,6
HG5 0TN,14,5,9,11
HG5 0TS,18,10,8,14
HG5 0TT,21,12,9,12
HG5 0TU,41,17,24,25
HG5 0TX,33,14,19,23
HG5 0TY,11,4,7,7
HG5 0TZ,7,4,3,5
HG5 0UB,51,30,21,17
HG5 0UD,6,3,3,5
HG5 0UX,33,18,15,11
HG5 0UZ,92,49,43,28
HG5 0WA,28,15,13,6
HG5 0WB,28,13,15,15
HG5 0WE,19,9,10,7
HG5 0WF,76,37,39,26
HG5 0WG,80,41,39,26
HG5 0WH,61,29,32,22
HG5 0WJ,40,17,23,12
HG5 0WL,40,21,19,13
HG5 8AA,41,23,18,22
HG5 8AD,34,16,18,18
HG5 8AF,14,5,9,6
HG5 8AG,22,12,10,10
HG5 8AJ,13,8,5,7
HG5 8AL,24,10,14,12
HG5 8AN,4,2,2,1
HG5 8AP,25,13,12,9
HG5 8AR,22,11,11,13
HG5 8AS,12,6,6,4
HG5 8AU,6,2,4,3
HG5 8AX,39,17,22,20
HG5 8AY,1,1,0,1
HG5 8AZ,22,11,11,9
HG5 8BA,5,2,3,3
HG5 8BB,4,1,3,3
HG5 8BD,94,42,52,52
HG5 8BE,11,6,5,6
HG5 8BF,6,2,4,4
HG5 8BG,15,8,7,5
HG5 8BH,68,33,35,38
HG5 8BJ,1,0,1,1
HG5 8BL,4,2,2,2
HG5 8BQ,77,38,39,38
HG5 8BU,12,7,5,9
HG5 8BW,10,5,5,6
HG5 8BX,34,20,14,13
HG5 8BY,3,1,2,2
HG5 8BZ,31,15,16,18
HG5 8DA,5,2,3,2
HG5 8DB,5,1,4,5
HG5 8DE,62,31,31,28
HG5 8DF,42,21,21,20
HG5 8DG,9,5,4,6
HG5 8DH,1,1,0,1
HG5 8DJ,27,14,13,13
HG5 8DL,3,1,2,2
HG5 8DN,8,3,5,6
HG5 8DP,47,23,24,29
HG5 8DQ,30,16,14,11
HG5 8DR,31,10,21,22
HG5 8DS,27,14,13,11
HG5 8DT,24,7,17,11
HG5 8DW,15,7,8,10
HG5 8DX,57,26,31,32
HG5 8DY,33,19,14,17
HG5 8DZ,62,30,32,24
HG5 8EA,31,14,17,14
HG5 8EB,24,14,10,9
HG5 8ED,59,32,27,21
HG5 8EE,59,28,31,21
HG5 8EF,98,47,51,35
HG5 8EG,21,9,12,9
HG5 8EH,27,15,12,8
HG5 8EJ,103,48,55,42
HG5 8EL,71,33,38,36
HG5 8EN,18,8,10,11
HG5 8EP,53,25,28,20
HG5 8EQ,58,26,32,24
HG5 8ER,90,42,48,28
HG5 8ES,39,18,21,19
HG5 8EU,76,38,38,23
HG5 8EW,59,28,31,29
HG5 8EX,41,16,25,21
HG5 8EY,90,39,51,33
HG5 8EZ,105,55,50,39
HG5 8FD,9,4,5,2
HG5 8HA,30,14,16,11
HG5 8HB,118,56,62,49
HG5 8HD,168,83,85,66
HG5 8HE,8,3,5,4
HG5 8HF,83,37,46,37
HG5 8HG,99,44,55,37
HG5 8HH,64,32,32,25
HG5 8HJ,21,9,12,8
HG5 8HL,73,35,38,29
HG5 8HN,43,20,23,20
HG5 8HP,18,7,11,10
HG5 8HQ,45,23,22,17
HG5 8HR,11,4,7,4
HG5 8HS,32,15,17,13
HG5 8HT,44,19,25,16
HG5 8HU,115,58,57,42
HG5 8HW,51,21,30,19
HG5 8HX,81,40,41,31
HG5 8HY,92,49,43,28
HG5 8JA,6,3,3,3
HG5 8JB,23,11,12,9
HG5 8JD,6,2,4,4
HG5 8JE,10,6,4,3
HG5 8JF,4,1,3,2
HG5 8JG,28,16,12,10
HG5 8JH,49,23,26,24
HG5 8JJ,14,4,10,8
HG5 8JL,4,2,2,2
HG5 8JN,29,13,16,14
HG5 8JP,51,25,26,21
HG5 8JQ,11,4,7,4
HG5 8JR,6,2,4,3
HG5 8JS,14,6,8,5
HG5 8JT,9,3,6,4
HG5 8JU,8,4,4,4
HG5 8JW,24,13,11,11
HG5 8JX,9,3,6,4
HG5 8JY,69,33,36,30
HG5 8JZ,17,11,6,6
HG5 8LA,4,2,2,2
HG5 8LB,32,20,12,11
HG5 8LD,150,70,80,51
HG5 8LE,37,17,20,15
HG5 8LF,12,7,5,4
HG5 8LG,34,19,15,14
HG5 8LH,48,24,24,18
HG5 8LJ,4,1,3,1
HG5 8LL,35,17,18,13
HG5 8LN,9,6,3,4
HG5 8LP,21,12,9,8
HG5 8LQ,38,23,15,17
HG5 8LR,41,21,20,21
HG5 8LS,150,72,78,23
HG5 8LT,28,10,18,12
HG5 8LU,23,11,12,10
HG5 8LW,5,3,2,3
HG5 8LX,18,9,9,8
HG5 8LZ,22,12,10,10
HG5 8NA,24,11,13,11
HG5 8NB,1,1,0,1
HG5 8ND,2,1,1,1
HG5 8NE,10,4,6,4
HG5 8NG,60,31,29,19
HG5 8NH,13,4,9,7
HG5 8NJ,15,10,5,4
HG5 8NL,7,4,3,3
HG5 8NN,58,29,29,20
HG5 8NP,73,35,38,32
HG5 8NR,99,49,50,45
HG5 8NS,31,14,17,13
HG5 8NT,33,16,17,14
HG5 8NU,5,3,2,4
HG5 8NW,15,6,9,7
HG5 8NX,43,19,24,16
HG5 8NZ,50,21,29,17
HG5 8PA,6,3,3,2
HG5 8PD,10,7,3,3
HG5 8PF,10,4,6,6
HG5 8PH,12,7,5,4
HG5 8PL,2,1,1,1
HG5 8PN,10,6,4,5
HG5 8PQ,10,4,6,10
HG5 8PR,17,9,8,12
HG5 8PS,4,2,2,1
HG5 8PT,23,9,14,9
HG5 8PX,16,9,7,4
HG5 8QB,1,1,0,1
HG5 8QD,51,25,26,20
HG5 9AB,8,4,4,4
HG5 9AD,6,2,4,5
HG5 9AE,5,1,4,4
HG5 9AF,11,5,6,3
HG5 9AG,1,0,1,1
HG5 9AJ,1,1,0,1
HG5 9AL,2,1,1,1
HG5 9AP,4,2,2,2
HG5 9AQ,15,7,8,10
HG5 9AR,19,10,9,12
HG5 9AT,6,3,3,4
HG5 9AU,20,9,11,10
HG5 9AW,50,23,27,21
HG5 9AX,1,1,0,1
HG5 9AZ,21,10,11,11
HG5 9BB,44,11,33,32
HG5 9BG,51,23,28,22
HG5 9BH,27,13,14,13
HG5 9BJ,23,10,13,16
HG5 9BL,69,33,36,32
HG5 9BN,1,1,0,1
HG5 9BQ,25,11,14,9
HG5 9BS,16,10,6,8
HG5 9BT,31,18,13,14
HG5 9BU,5,1,4,3
HG5 9BW,37,22,15,14
HG5 9BX,7,4,3,3
HG5 9BY,89,41,48,29
HG5 9BZ,43,22,21,19
HG5 9DA,40,22,18,18
HG5 9DD,12,6,6,7
HG5 9DE,86,46,40,36
HG5 9DF,3,2,1,2
HG5 9DG,12,7,5,5
HG5 9DH,5,4,1,1
HG5 9DJ,66,29,37,29
HG5 9DL,53,24,29,28
HG5 9DN,56,26,30,29
HG5 9DP,55,29,26,23
HG5 9DR,86,35,51,45
HG5 9DS,6,1,5,4
HG5 9DT,5,4,1,2
HG5 9DU,4,1,3,2
HG5 9DW,43,22,21,20
HG5 9DX,23,13,10,10
HG5 9DY,27,11,16,13
HG5 9DZ,24,11,13,9
HG5 9EA,34,19,15,16
HG5 9EB,37,18,19,15
HG5 9ED,18,8,10,7
HG5 9EG,18,12,6,6
HG5 9EH,17,8,9,8
HG5 9EJ,54,32,22,19
HG5 9EL,42,21,21,21
HG5 9EN,26,13,13,9
HG5 9EP,10,5,5,5
HG5 9EQ,58,26,32,21
HG5 9ER,28,15,13,8
HG5 9ES,101,48,53,37
HG5 9ET,129,64,65,47
HG5 9EU,54,28,26,21
HG5 9EW,66,33,33,24
HG5 9HA,33,19,14,10
HG5 9HE,75,41,34,30
HG5 9HF,20,9,11,6
HG5 9HG,68,31,37,35
HG5 9HH,31,13,18,19
HG5 9HJ,20,9,11,6
HG5 9HL,9,4,5,5
HG5 9HN,45,18,27,19
HG5 9HP,15,10,5,7
HG5 9HQ,49,25,24,20
HG5 9HR,26,13,13,12
HG5 9HS,44,23,21,20
HG5 9HT,10,4,6,4
HG5 9HU,57,25,32,27
HG5 9HW,34,19,15,15
HG5 9HX,18,8,10,7
HG5 9HY,58,29,29,23
HG5 9HZ,30,15,15,9
HG5 9JA,51,27,24,21
HG5 9JB,7,4,3,3
HG5 9JD,31,14,17,18
HG5 9JE,84,44,40,36
HG5 9JF,18,7,11,6
HG5 9JG,49,24,25,22
HG5 9JH,12,6,6,4
HG5 9JJ,16,7,9,7
HG5 9JL,51,23,28,21
HG5 9JP,6,2,4,2
HG5 9JQ,22,10,12,11
HG5 9JS,19,8,11,7
HG5 9JT,6,2,4,3
HG5 9JU,10,3,7,5
HG5 9JW,9,4,5,3
HG5 9JX,10,5,5,6
HG5 9JY,34,15,19,16
HG5 9JZ,5,3,2,3
HG5 9LA,23,8,15,10
HG5 9LB,40,19,21,23
HG5 9LD,113,53,60,51
HG5 9LE,11,5,6,6
HG5 9LG,1,0,1,1
HG5 9LH,31,14,17,12
HG5 9LJ,41,21,20,14
HG5 9LL,6,4,2,2
HG5 9LN,2,1,1,1
HG5 9LQ,25,14,11,11
HG5 9LR,85,39,46,31
HG5 9LS,139,67,72,50
HG5 9LT,35,17,18,13
HG5 9LU,34,18,16,13
HG5 9LW,2,1,1,1
HG5 9LX,41,19,22,12
HG5 9LY,72,34,38,26
HG5 9LZ,195,101,94,58
HG5 9NA,4,2,2,2
HG5 9NB,6,1,5,2
HG5 9ND,35,16,19,15
HG5 9NE,54,27,27,17
HG5 9NF,40,12,28,32
HG5 9NG,17,4,13,7
HG5 9NH,12,6,6,6
HG5 9NJ,7,3,4,3
HG5 9NQ,30,17,13,9
HP1 1AB,10,4,6,5
HP1 1AE,30,14,16,12
HP1 1AF,17,8,9,7
HP1 1AH,27,12,15,15
HP1 1AJ,1,1,0,1
HP1 1AL,36,21,15,17
HP1 1AN,47,21,26,29
HP1 1AP,34,17,17,19
HP1 1AQ,41,19,22,25
HP1 1AS,35,19,16,25
HP1 1AT,46,28,18,27
HP1 1AU,24,15,9,14
HP1 1AX,5,4,1,4
HP1 1BE,37,27,10,21
HP1 1DU,25,11,14,10
HP1 1DZ,43,21,22,27
HP1 1EA,7,6,1,6
HP1 1ED,20,9,11,7
HP1 1EF,26,12,14,12
HP1 1EP,24,11,13,11
HP1 1ER,25,13,12,16
HP1 1FZ,22,10,12,11
HP1 1HB,6,3,3,2
HP1 1HG,90,46,44,49
HP1 1HN,33,10,23,8
HP1 1HP,45,20,25,19
HP1 1HU,105,44,61,45
HP1 1HW,65,33,32,32
HP1 1HX,59,31,28,30
HP1 1HY,66,34,32,24
HP1 1HZ,19,10,9,13
HP1 1JA,37,18,19,14
HP1 1JB,94,48,46,34
HP1 1JD,33,19,14,11
HP1 1JE,81,43,38,35
HP1 1JF,90,47,43,32
HP1 1JG,31,18,13,13
HP1 1JH,62,34,28,28
HP1 1JJ,15,8,7,5
HP1 1JL,55,27,28,20
HP1 1JN,48,23,25,20
HP1 1JP,66,35,31,30
HP1 1JR,13,7,6,8
HP1 1JS,73,35,38,30
HP1 1JT,60,25,35,18
HP1 1JW,58,30,28,25
HP1 1LA,6,3,3,3
HP1 1LB,38,16,22,33
HP1 1LD,2,2,0,2
HP1 1LF,4,3,1,2
HP1 1LR,5,4,1,3
HP1 1LS,5,4,1,4
HP1 1LY,48,23,25,21
HP1 1NA,25,15,10,9
HP1 1NB,39,21,18,15
HP1 1ND,19,10,9,10
HP1 1NE,13,7,6,9
HP1 1NG,21,12,9,11
HP1 1NH,58,31,27,20
HP1 1NJ,23,11,12,12
HP1 1NP,29,17,12,15
HP1 1NQ,47,25,22,17
HP1 1NR,68,35,33,27
HP1 1NS,69,33,36,31
HP1 1NT,5,2,3,3
HP1 1NU,35,14,21,13
HP1 1NW,9,3,6,9
HP1 1NX,47,21,26,35
HP1 1NY,44,24,20,14
HP1 1NZ,75,34,41,31
HP1 1PA,103,43,60,48
HP1 1PB,6,3,3,4
HP1 1PD,63,30,33,23
HP1 1PE,138,69,69,50
HP1 1PF,117,59,58,39
HP1 1PG,48,24,24,18
HP1 1PH,34,18,16,13
HP1 1PJ,6,1,5,6
HP1 1PL,105,51,54,43
HP1 1PN,15,8,7,6
HP1 1PP,135,68,67,45
HP1 1PQ,24,11,13,12
HP1 1PR,42,19,23,18
HP1 1PW,14,5,9,8
HP1 1PX,80,38,42,30
HP1 1PY,101,51,50,42
HP1 1PZ,79,34,45,29
HP1 1QA,9,3,6,6
HP1 1QB,68,35,33,27
HP1 1QD,119,64,55,57
HP1 1QE,45,21,24,19
HP1 1QF,18,11,7,7
HP1 1QG,78,35,43,32
HP1 1QH,39,12,27,31
HP1 1QJ,57,32,25,21
HP1 1QL,28,12,16,15
HP1 1QN,110,50,60,55
HP1 1QP,131,66,65,41
HP1 1QQ,63,26,37,36
HP1 1QR,73,33,40,24
HP1 1QS,72,35,37,25
HP1 1QT,15,8,7,6
HP1 1QU,12,6,6,5
HP1 1QW,38,18,20,14
HP1 1QX,24,11,13,9
HP1 1QY,63,30,33,22
HP1 1QZ,44,18,26,34
HP1 1RA,13,7,6,7
HP1 1RB,49,17,32,31
HP1 1RD,20,9,11,8
HP1 1RF,8,4,4,5
HP1 1RG,41,24,17,26
HP1 1RH,27,14,13,12
HP1 1RJ,71,33,38,28
HP1 1RL,85,49,36,31
HP1 1RN,84,41,43,34
HP1 1RP,56,29,27,26
HP1 1RQ,58,26,32,18
HP1 1RR,18,9,9,6
HP1 1RS,32,14,18,10
HP1 1RT,52,26,26,25
HP1 1RU,10,5,5,7
HP1 1RW,29,15,14,12
HP1 1RX,25,10,15,23
HP1 1RY,15,8,7,10
HP1 1RZ,43,16,27,30
HP1 1SA,39,18,21,13
HP1 1SB,64,37,27,30
HP1 1SD,34,20,14,14
HP1 1SE,25,13,12,10
HP1 1SF,44,23,21,14
HP1 1SG,38,19,19,16
HP1 1SH,33,17,16,23
HP1 1SJ,46,24,22,23
HP1 1SL,16,6,10,6
HP1 1SN,40,19,21,14
HP1 1SP,27,16,11,9
HP1 1SQ,89,48,41,29
HP1 1SR,37,23,14,19
HP1 1SS,11,7,4,4
HP1 1ST,84,45,39,26
HP1 1SU,63,31,32,21
HP1 1SW,76,43,33,24
HP1 1SX,112,49,63,56
HP1 1SY,42,19,23,29
HP1 1SZ,160,80,80,71
HP1 1TA,53,26,27,21
HP1 1TB,100,50,50,42
HP1 1TD,33,16,17,9
HP1 1TE,31,21,10,14
HP1 1TF,69,33,36,34
HP1 1TG,92,47,45,32
HP1 1TH,43,21,22,16
HP1 1TJ,66,34,32,26
HP1 1TL,19,15,4,0
HP1 1TN,48,23,25,24
HP1 1TP,76,33,43,28
HP1 1TQ,1,0,1,1
HP1 1TR,54,27,27,23
HP1 1TS,32,20,12,13
HP1 1TT,12,5,7,7
HP1 1TU,60,27,33,19
HP1 1TW,48,25,23,15
HP1 1TY,67,33,34,23
HP1 1TZ,54,23,31,18
HP1 1UA,63,38,25,40
HP1 1UB,48,29,19,30
HP1 1UE,6,3,3,3
HP1 1UF,23,7,16,20
HP1 1UL,7,4,3,5
HP1 1US,8,2,6,3
HP1 1XA,35,11,24,30
HP1 1XB,19,10,9,8
HP1 1XD,26,15,11,18
HP1 1XG,66,32,34,28
HP1 1XH,32,12,20,8
HP1 1XP,14,7,7,11
HP1 1XQ,5,3,2,3
HP1 1XS,29,12,17,9
HP1 2AA,48,22,26,15
HP1 2AB,89,39,50,32
HP1 2AE,23,10,13,8
HP1 2AF,42,17,25,25
HP1 2AG,106,55,51,42
HP1 2AH,34,14,20,16
HP1 2AJ,18,9,9,8
HP1 2AL,107,53,54,45
HP1 2AN,117,63,54,46
HP1 2AP,75,33,42,27
HP1 2AQ,79,43,36,32
HP1 2AR,22,10,12,8
HP1 2AS,64,36,28,26
HP1 2AT,85,43,42,33
HP1 2AU,61,27,34,22
HP1 2AW,59,27,32,22
HP1 2AX,7,3,4,3
HP1 2AY,59,28,31,22
HP1 2AZ,96,51,45,40
HP1 2BA,33,17,16,14
HP1 2BB,69,41,28,27
HP1 2BD,35,18,17,13
HP1 2BE,42,24,18,17
HP1 2BG,44,18,26,19
HP1 2BH,20,4,16,19
HP1 2BJ,53,19,34,45
HP1 2BL,2,1,1,1
HP1 2BN,15,7,8,9
HP1 2BP,79,39,40,39
HP1 2BQ,2,1,1,1
HP1 2BS,40,24,16,13
HP1 2BT,61,32,29,23
HP1 2BU,73,33,40,26
HP1 2BW,66,32,34,39
HP1 2BX,24,9,15,7
HP1 2BY,13,5,8,8
HP1 2BZ,8,2,6,4
HP1 2DB,32,12,20,16
HP1 2DD,37,16,21,13
HP1 2DE,65,32,33,40
HP1 2DF,51,22,29,30
HP1 2DG,46,28,18,29
HP1 2DH,20,11,9,6
HP1 2DJ,17,8,9,7
HP1 2DL,32,16,16,9
HP1 2DN,44,22,22,13
HP1 2DQ,92,46,46,32
HP1 2HA,17,10,7,7
HP1 2HB,69,39,30,24
HP1 2HD,8,5,3,2
HP1 2HE,80,40,40,31
HP1 2HF,18,8,10,6
HP1 2HG,44,18,26,17
HP1 2HH,63,27,36,26
HP1 2HJ,18,7,11,8
HP1 2HL,86,52,34,31
HP1 2HN,37,17,20,16
HP1 2HP,58,27,31,22
HP1 2HQ,27,14,13,9
HP1 2HS,16,8,8,7
HP1 2HT,67,32,35,23
HP1 2HU,30,13,17,13
HP1 2HW,20,9,11,7
HP1 2HX,71,37,34,27
HP1 2HY,49,21,28,19
HP1 2HZ,37,16,21,14
HP1 2JA,95,49,46,41
HP1 2JB,30,14,16,10
HP1 2JD,53,29,24,20
HP1 2JE,32,12,20,12
HP1 2JF,30,14,16,9
HP1 2JG,43,22,21,16
HP1 2JH,69,35,34,22
HP1 2JL,88,39,49,30
HP1 2JP,67,33,34,25
HP1 2JQ,139,58,81,55
HP1 2JR,58,27,31,23
HP1 2JT,21,8,13,13
HP1 2JU,70,34,36,33
HP1 2JW,130,59,71,50
HP1 2JX,48,22,26,17
HP1 2LB,42,21,21,24
HP1 2LD,33,18,15,19
HP1 2LF,53,23,30,24
HP1 2LG,20,10,10,8
HP1 2LH,57,33,24,19
HP1 2LJ,14,6,8,13
HP1 2LL,62,34,28,25
HP1 2LN,92,53,39,30
HP1 2LP,10,5,5,5
HP1 2LQ,36,16,20,34
HP1 2LR,38,19,19,14
HP1 2LS,32,16,16,11
HP1 2LT,28,15,13,10
HP1 2LU,53,26,27,18
HP1 2LW,24,14,10,17
HP1 2LX,46,23,23,17
HP1 2LY,62,30,32,21
HP1 2LZ,44,20,24,12
HP1 2NA,52,27,25,17
HP1 2NB,28,12,16,9
HP1 2ND,65,31,34,26
HP1 2NE,43,18,25,21
HP1 2NF,32,19,13,15
HP1 2NG,37,19,18,15
HP1 2NH,55,28,27,22
HP1 2NJ,22,10,12,16
HP1 2NP,101,44,57,42
HP1 2NQ,27,15,12,9
HP1 2NR,5,1,4,4
HP1 2NS,73,36,37,32
HP1 2NT,93,51,42,43
HP1 2NU,3,2,1,2
HP1 2NX,81,32,49,32
HP1 2PE,48,25,23,17
HP1 2PF,55,29,26,23
HP1 2PG,42,22,20,19
HP1 2PJ,80,33,47,32
HP1 2PL,30,14,16,12
HP1 2PN,14,7,7,6
HP1 2PP,42,22,20,15
HP1 2PQ,46,23,23,16
HP1 2PR,90,51,39,33
HP1 2PS,45,22,23,19
HP1 2PT,28,15,13,13
HP1 2PU,73,38,35,26
HP1 2PW,47,19,28,15
HP1 2PX,28,16,12,12
HP1 2PY,30,11,19,12
HP1 2PZ,37,21,16,17
HP1 2QA,102,50,52,37
HP1 2QE,29,17,12,17
HP1 2QG,70,30,40,23
HP1 2QH,50,24,26,20
HP1 2QJ,73,37,36,30
HP1 2QL,86,40,46,39
HP1 2QN,43,22,21,19
HP1 2QP,64,33,31,22
HP1 2QR,62,37,25,24
HP1 2QS,52,29,23,22
HP1 2QT,83,38,45,28
HP1 2QU,44,21,23,18
HP1 2QW,49,19,30,27
HP1 2QX,27,12,15,13
HP1 2RA,1,0,1,1
HP1 2RB,4,2,2,2
HP1 2RE,50,22,28,18
HP1 2RG,12,6,6,4
HP1 2RH,51,22,29,20
HP1 2RJ,40,19,21,16
HP1 2RL,63,33,30,24
HP1 2RN,36,18,18,17
HP1 2RP,8,2,6,3
HP1 2RQ,4,1,3,1
HP1 2RR,4,1,3,3
HP1 2RS,8,4,4,4
HP1 2RT,27,13,14,11
HP1 2RU,8,4,4,3
HP1 2RX,17,10,7,7
HP1 2RY,20,8,12,8
HP1 2RZ,17,9,8,9
HP1 2SA,36,20,16,13
HP1 2SD,12,7,5,6
HP1 2SE,3,2,1,2
HP1 2SF,8,4,4,2
HP1 2SG,7,3,4,2
HP1 2SN,26,13,13,12
HP1 2TA,172,86,86,57
HP1 2TD,49,23,26,19
HP1 2TE,50,22,28,31
HP1 2TF,41,25,16,27
HP1 2TG,68,33,35,34
HP1 2TH,28,13,15,11
HP1 2TJ,29,14,15,11
HP1 2TL,112,56,56,37
HP1 2TN,65,36,29,42
HP1 2TP,70,31,39,25
HP1 2TQ,32,17,15,18
HP1 2TW,60,33,27,36
HP1 2TY,18,6,12,5
HP1 3AA,26,12,14,17
HP1 3AB,7,4,3,4
HP1 3AE,12,6,6,6
HP1 3AF,50,28,22,23
HP1 3AH,42,22,20,18
HP1 3AL,12,4,8,9
HP1 3AN,10,4,6,6
HP1 3AQ,43,25,18,18
HP1 3AR,12,6,6,7
HP1 3AS,4,1,3,2
HP1 3AT,56,30,26,33
HP1 3AU,64,31,33,31
HP1 3AW,15,6,9,11
HP1 3AX,22,11,11,9
HP1 3BA,4,2,2,2
HP1 3BB,26,12,14,9
HP1 3BD,21,10,11,5
HP1 3BH,45,22,23,18
HP1 3BJ,7,5,2,2
HP1 3BL,12,4,8,5
HP1 3BN,60,32,28,19
HP1 3BP,10,6,4,4
HP1 3BS,74,35,39,31
HP1 3BU,16,9,7,8
HP1 3BW,47,25,22,17
HP1 3BY,44,24,20,16
HP1 3BZ,98,54,44,20
HP1 3DA,11,6,5,4
HP1 3DB,7,3,4,2
HP1 3DD,35,19,16,16
HP1 3DE,5,2,3,3
HP1 3DF,4,2,2,2
HP1 3DG,5,1,4,1
HP1 3DL,1,1,0,1
HP1 3DN,48,21,27,20
HP1 3DP,16,7,9,8
HP1 3DQ,57,26,31,18
HP1 3DS,2,0,2,2
HP1 3DT,58,27,31,22
HP1 3DU,39,18,21,16
HP1 3DX,45,22,23,18
HP1 3DY,35,14,21,16
HP1 3DZ,59,30,29,22
HP1 3EA,43,19,24,21
HP1 3EB,26,11,15,9
HP1 3ED,32,16,16,15
HP1 3EE,35,16,19,13
HP1 3EF,42,25,17,20
HP1 3EG,32,17,15,10
HP1 3EH,8,4,4,3
HP1 3EJ,7,2,5,5
HP1 3EN,23,15,8,9
HP1 3EP,77,41,36,30
HP1 3ER,18,12,6,13
HP1 3ES,43,20,23,27
HP1 3ET,36,16,20,16
HP1 3EU,75,39,36,32
HP1 3EW,46,24,22,21
HP1 3EX,61,31,30,25
HP1 3EY,36,17,19,16
HP1 3EZ,46,23,23,18
HP1 3HA,20,11,9,9
HP1 3HB,47,21,26,17
HP1 3HD,21,8,13,13
HP1 3HE,32,12,20,16
HP1 3HF,44,23,21,14
HP1 3HH,88,38,50,29
HP1 3HJ,123,59,64,50
HP1 3HP,103,52,51,34
HP1 3HR,30,15,15,17
HP1 3HS,37,20,17,18
HP1 3HT,35,17,18,9
HP1 3HU,60,32,28,26
HP1 3HW,44,24,20,18
HP1 3HX,35,17,18,13
HP1 3HY,56,30,26,20
HP1 3HZ,43,20,23,15
HP1 3JA,78,34,44,28
HP1 3JB,49,22,27,18
HP1 3JD,80,43,37,32
HP1 3JE,67,33,34,26
HP1 3JG,9,4,5,7
HP1 3JH,78,34,44,34
HP1 3JL,35,16,19,19
HP1 3JN,55,21,34,25
HP1 3JP,45,26,19,14
HP1 3JQ,25,14,11,18
HP1 3JR,42,22,20,15
HP1 3JS,39,19,20,16
HP1 3JT,36,17,19,15
HP1 3JU,66,29,37,32
HP1 3JW,94,44,50,36
HP1 3JX,8,4,4,5
HP1 3JZ,35,11,24,17
HP1 3LA,67,33,34,30
HP1 3LB,8,6,2,2
HP1 3LD,34,16,18,14
HP1 3LE,38,17,21,22
HP1 3LG,34,22,12,17
HP1 3LH,57,33,24,19
HP1 3LL,106,48,58,37
HP1 3LP,33,18,15,14
HP1 3LQ,109,56,53,41
HP1 3LR,60,30,30,25
HP1 3LW,77,41,36,34
HP1 3LX,61,31,30,21
HP1 3LY,87,44,43,38
HP1 3LZ,66,30,36,21
HP1 3NA,64,27,37,27
HP1 3NB,41,21,20,16
HP1 3ND,24,11,13,13
HP1 3NE,16,5,11,6
HP1 3NF,29,14,15,10
HP1 3NG,29,14,15,14
HP1 3NH,71,30,41,24
HP1 3NJ,10,5,5,4
HP1 3NL,39,19,20,19
HP1 3NN,30,14,16,13
HP1 3NP,97,54,43,33
HP1 3NQ,43,22,21,19
HP1 3NR,82,40,42,36
HP1 3NS,66,32,34,30
HP1 3NT,41,20,21,21
HP1 3NU,82,44,38,32
HP1 3NW,28,12,16,14
HP1 3NX,68,35,33,27
HP1 3NY,24,14,10,13
HP1 3NZ,53,27,26,22
HP1 3PA,26,13,13,10
HP1 3PB,4,1,3,1
HP1 3PD,120,59,61,58
HP1 3PE,48,26,22,26
HP1 3PH,72,33,39,25
HP1 3PJ,72,37,35,31
HP1 3PL,76,39,37,33
HP1 3PN,80,44,36,28
HP1 3PP,50,26,24,16
HP1 3PR,27,13,14,11
HP1 3PS,30,18,12,11
HP1 3PT,73,39,34,22
HP1 3PU,42,22,20,20
HP1 3PW,63,36,27,22
HP1 3PX,28,12,16,15
HP1 3PY,33,10,23,13
HP1 3PZ,34,19,15,13
HP1 3QA,99,51,48,38
HP1 3QB,30,10,20,10
HP1 3QD,43,16,27,20
HP1 3QE,46,23,23,18
HP1 3QF,51,25,26,23
HP1 3QH,63,30,33,25
HP1 3QJ,41,16,25,20
HP1 3QL,37,20,17,20
HP1 3QN,47,24,23,18
HP1 3QP,65,31,34,20
HP1 3QQ,32,13,19,13
HP1 3QR,38,21,17,14
HP1 3QS,48,25,23,17
HP1 3QT,31,13,18,12
HP1 3QU,52,25,27,16
HP1 3QW,34,14,20,16
HP1 3QX,49,24,25,18
HP1 3QY,39,17,22,17
HP1 3QZ,85,39,46,33
HP1 3RA,58,31,27,25
HP1 3RB,35,17,18,13
HP1 3RD,41,23,18,17
HP1 3RE,50,24,26,24
HP1 3RF,68,33,35,24
HP1 3RG,27,15,12,9
HP1 3RL,60,28,32,27
HP1 3RN,53,24,29,27
HP1 3RP,23,10,13,11
HP1 3RQ,48,27,21,20
HP1 3RR,14,7,7,6
HP1 3RS,42,19,23,16
HP1 3RT,50,17,33,24
HP1 3RU,29,13,16,11
HP1 3RW,33,17,16,10
HP1 3SD,64,12,52,0
HP1 3SE,141,64,77,50
HP1 3SF,25,12,13,7
HP1 3SG,31,14,17,11
HP1 3SJ,32,14,18,10
HP1 3SL,9,6,3,3
HP1 3SP,2,1,1,1
HP1 3SQ,15,9,6,8
HP1 3TR,18,7,11,6
HP1 3TU,69,33,36,25
HP100AA,70,35,35,31
HP100AD,19,10,9,10
HP100AE,4,1,3,2
HP100AF,28,6,22,25
HP100AG,17,11,6,10
HP100AL,13,6,7,4
HP100AT,36,15,21,15
HP100AU,23,14,9,8
HP100AX,11,4,7,9
HP100AZ,1,1,0,1
HP100BA,28,19,9,24
HP100BD,75,41,34,26
HP100BE,37,16,21,11
HP100BG,72,32,40,33
HP100BH,79,33,46,40
HP100BJ,127,61,66,45
HP100BL,37,19,18,17
HP100BN,14,5,9,11
HP100BP,91,45,46,38
HP100BQ,27,11,16,8
HP100BS,45,22,23,30
HP100BT,63,33,30,30
HP100BU,85,45,40,30
HP100BW,13,8,5,11
HP100BX,22,9,13,10
HP100BY,20,10,10,7
HP100BZ,15,8,7,12
HP100DA,20,13,7,15
HP100DD,13,8,5,5
HP100DE,14,7,7,8
HP100DH,84,36,48,38
HP100DJ,92,40,52,33
HP100DL,64,33,31,28
HP100DP,89,31,58,36
HP100DR,44,22,22,18
HP100DS,35,16,19,11
HP100DT,22,8,14,11
HP100DU,112,47,65,40
HP100DW,112,54,58,38
HP100DX,82,44,38,31
HP100EA,24,13,11,9
HP100EE,14,7,7,9
HP100EF,14,6,8,8
HP100EG,40,17,23,13
HP100EH,1,0,1,1
HP100EJ,53,14,39,11
HP100EL,41,20,21,17
HP100EN,23,10,13,13
HP100EP,38,18,20,14
HP100ER,14,6,8,6
HP100ES,83,41,42,34
HP100ET,106,48,58,40
HP100EU,48,24,24,25
HP100EW,11,4,7,6
HP100EX,8,4,4,3
HP100FA,15,7,8,6
HP100FB,9,4,5,3
HP100FD,74,38,36,30
HP100FE,15,8,7,6
HP100FF,31,15,16,12
HP100FG,14,7,7,5
HP100FH,39,17,22,13
HP100FJ,11,5,6,8
HP100FL,24,10,14,9
HP100FN,28,12,16,18
HP100HA,9,6,3,8
HP100HB,2,1,1,1
HP100HD,71,30,41,38
HP100HE,58,36,22,23
HP100HF,28,14,14,10
HP100HG,53,27,26,22
HP100HH,48,20,28,21
HP100HJ,76,34,42,35
HP100HL,69,34,35,24
HP100HP,22,9,13,9
HP100HR,6,4,2,1
HP100HS,24,12,12,12
HP100HT,50,23,27,29
HP100HU,20,10,10,14
HP100HW,26,13,13,13
HP100HZ,37,17,20,20
HP100JA,51,27,24,19
HP100JB,29,14,15,13
HP100JD,16,7,9,8
HP100JG,86,39,47,33
HP100JH,17,8,9,5
HP100JJ,18,6,12,4
HP100JL,1,0,1,1
HP100JN,11,5,6,4
HP100JP,58,24,34,25
HP100JQ,21,10,11,9
HP100JR,2,1,1,1
HP100JS,32,16,16,14
HP100JT,1,0,1,1
HP100JU,5,2,3,2
HP100JW,13,10,3,5
HP100JX,13,4,9,7
HP100JY,74,34,40,48
HP100LA,2,1,1,1
HP100LB,9,3,6,3
HP100LD,12,6,6,5
HP100LG,2,1,1,2
HP100LH,6,5,1,2
HP100LJ,4,3,1,1
HP100LL,16,9,7,5
HP100LN,29,11,18,10
HP100LP,13,4,9,5
HP100LS,49,20,29,24
HP100LU,8,5,3,4
HP100LW,5,3,2,3
HP100LZ,17,7,10,9
HP100NA,15,7,8,7
HP100NB,4,2,2,2
HP100ND,10,5,5,5
HP100NE,43,19,24,16
HP100NF,44,22,22,16
HP100NG,62,33,29,24
HP100NH,45,26,19,16
HP100NJ,65,29,36,22
HP100NL,46,22,24,14
HP100NN,8,5,3,5
HP100NP,22,12,10,9
HP100NQ,57,21,36,29
HP100NR,32,16,16,16
HP100NS,17,9,8,11
HP100NT,6,2,4,3
HP100NU,22,12,10,10
HP100NW,14,6,8,4
HP100NY,23,13,10,12
HP100NZ,20,9,11,13
HP100PB,75,40,35,62
HP100PD,11,4,7,6
HP100PE,6,3,3,4
HP100PF,11,5,6,4
HP100PG,4,2,2,1
HP100PH,11,6,5,5
HP100PJ,17,11,6,9
HP100PL,18,9,9,9
HP100PN,22,10,12,11
HP100PR,58,29,29,18
HP100PW,30,13,17,14
HP100PX,70,36,34,28
HP100PY,33,17,16,13
HP100PZ,90,47,43,32
HP100QA,18,13,5,15
HP100QB,7,4,3,3
HP100QD,42,20,22,16
HP100QE,21,10,11,7
HP100QH,90,44,46,30
HP100QJ,51,25,26,19
HP100QL,29,16,13,12
HP100QN,55,21,34,30
HP100QQ,94,47,47,37
HP100QS,13,7,6,5
HP100QU,24,12,12,8
HP100SP,40,17,23,15
HP100SR,16,6,10,5
HP100SS,24,13,11,12
HP100ST,19,10,9,6
HP100SU,22,10,12,8
HP100SX,10,6,4,3
HP100SY,20,8,12,8
HP100SZ,28,12,16,9
HP108AA,6,3,3,4
HP108AB,38,14,24,17
HP108AD,102,48,54,34
HP108AE,69,32,37,22
HP108AF,77,38,39,26
HP108AG,68,33,35,29
HP108AH,47,24,23,19
HP108AJ,54,27,27,18
HP108AL,32,14,18,19
HP108AN,71,32,39,30
HP108AP,14,3,11,12
HP108AQ,66,34,32,25
HP108AR,55,27,28,23
HP108AS,30,15,15,18
HP108AT,106,53,53,40
HP108AW,15,4,11,12
HP108AX,45,20,25,15
HP108AY,6,2,4,2
HP108AZ,68,34,34,24
HP108BA,103,48,55,38
HP108BB,47,23,24,22
HP108BD,11,4,7,6
HP108BE,51,24,27,16
HP108BH,101,48,53,38
HP108BJ,48,21,27,17
HP108BL,50,25,25,22
HP108BN,30,16,14,13
HP108BP,105,53,52,34
HP108BQ,91,50,41,34
HP108BT,50,24,26,18
HP108BU,23,10,13,10
HP108BW,49,21,28,18
HP108BX,82,40,42,35
HP108BY,44,21,23,16
HP108BZ,59,29,30,22
HP108DA,17,6,11,6
HP108DD,12,6,6,4
HP108DF,7,2,5,5
HP108DG,81,40,41,34
HP108DH,73,35,38,28
HP108DJ,58,29,29,26
HP108DL,78,36,42,27
HP108DN,80,41,39,24
HP108DP,9,5,4,4
HP108DQ,76,35,41,29
HP108DR,76,41,35,27
HP108DS,37,20,17,14
HP108DT,22,8,14,9
HP108DU,42,24,18,14
HP108DW,71,31,40,21
HP108DX,19,11,8,6
HP108DY,14,5,9,6
HP108DZ,11,6,5,4
HP108EA,78,47,31,25
HP108EB,49,24,25,18
HP108ED,32,16,16,12
HP108EE,6,2,4,5
HP108EF,53,29,24,19
HP108EG,19,10,9,8
HP108EH,17,8,9,7
HP108EJ,2,1,1,2
HP108EL,49,26,23,13
HP108EN,89,43,46,32
HP108EP,10,4,6,4
HP108EQ,7,3,4,2
HP108ER,78,35,43,28
HP108ES,55,29,26,15
HP108ET,25,12,13,7
HP108EU,10,7,3,3
HP108EW,59,23,36,30
HP108EX,18,11,7,5
HP108EY,9,6,3,4
HP108EZ,11,3,8,4
HP108HA,5,3,2,2
HP108HB,49,24,25,16
HP108HD,62,31,31,21
HP108HE,48,25,23,16
HP108HF,34,19,15,13
HP108HG,36,17,19,15
HP108HH,153,71,82,59
HP108HJ,17,8,9,7
HP108HN,29,16,13,16
HP108HP,77,38,39,22
HP108HT,25,11,14,10
HP108HU,90,48,42,29
HP108HW,77,40,37,28
HP108HX,51,25,26,15
HP108HY,72,31,41,32
HP108HZ,105,54,51,30
HP108JA,90,43,47,31
HP108JB,16,8,8,7
HP108JD,16,10,6,6
HP108JE,42,23,19,17
HP108JG,85,43,42,34
HP108JH,19,11,8,6
HP108JJ,76,40,36,27
HP108JL,41,20,21,15
HP108JN,12,5,7,4
HP108JP,11,6,5,5
HP108JQ,43,23,20,14
HP108JR,9,3,6,4
HP108JS,56,31,25,18
HP108JT,35,17,18,14
HP108JU,16,7,9,10
HP108JW,9,7,2,3
HP108JZ,11,4,7,8
HP108LA,41,19,22,17
HP108LB,32,16,16,12
HP108LD,4,2,2,2
HP108LE,4,2,2,1
HP108LF,34,17,17,13
HP108LG,11,4,7,5
HP108LH,27,11,16,10
HP108LJ,30,14,16,11
HP108LL,5,1,4,2
HP108LN,24,12,12,11
HP108LP,19,7,12,7
HP108LQ,41,23,18,17
HP108LR,17,10,7,5
HP108LS,4,2,2,2
HP108LT,10,4,6,3
HP108LU,10,4,6,5
HP108LW,11,6,5,8
HP108LX,8,3,5,4
HP108LY,22,12,10,9
HP108LZ,17,7,10,7
HP108NA,9,3,6,7
HP108ND,37,17,20,13
HP108NE,3,1,2,2
HP108NH,53,23,30,25
HP108NJ,51,31,20,20
HP108NL,3,1,2,1
HP108NU,37,20,17,15
HP108NX,78,32,46,22
HP108NY,14,7,7,9
HP108NZ,29,14,15,13
HP108PE,2,1,1,1
HP108PF,2,1,1,1
HP108PG,12,5,7,7
HP108PH,18,9,9,7
HP108PJ,15,7,8,6
HP108PQ,34,17,17,9
HP108QZ,8,3,5,3
HP109AA,42,18,24,15
HP109AB,44,21,23,17
HP109AD,42,18,24,18
HP109AG,6,3,3,3
HP109AH,55,28,27,26
HP109AJ,11,3,8,8
HP109AL,45,22,23,24
HP109AN,104,47,57,34
HP109AP,81,38,43,28
HP109AQ,17,8,9,8
HP109AR,78,37,41,34
HP109AS,9,6,3,4
HP109AT,41,18,23,16
HP109AU,75,39,36,27
HP109AW,49,22,27,22
HP109AX,64,36,28,24
HP109AY,50,21,29,22
HP109AZ,77,35,42,25
HP109BB,22,11,11,10
HP109BD,48,25,23,20
HP109BE,16,6,10,6
HP109BG,21,10,11,11
HP109BH,40,22,18,17
HP109BL,6,4,2,4
HP109BN,65,32,33,22
HP109BP,40,17,23,22
HP109BS,51,22,29,25
HP109BT,67,32,35,29
HP109BU,48,25,23,19
HP109BW,15,6,9,6
HP109BX,101,51,50,37
HP109BY,102,50,52,41
HP109DA,13,6,7,6
HP109DD,22,8,14,10
HP109DE,50,25,25,26
HP109DF,13,6,7,6
HP109DH,13,6,7,6
HP109DJ,71,30,41,32
HP109DL,50,19,31,24
HP109DN,58,25,33,23
HP109DP,118,61,57,41
HP109DT,27,11,16,11
HP109DU,19,8,11,8
HP109DW,131,68,63,49
HP109DX,4,1,3,3
HP109DY,22,14,8,7
HP109DZ,39,20,19,17
HP109EA,14,7,7,7
HP109EB,8,5,3,3
HP109ED,132,69,63,36
HP109EE,77,40,37,23
HP109EH,102,52,50,37
HP109EJ,41,16,25,19
HP109EL,25,9,16,12
HP109EN,33,18,15,13
HP109EP,66,29,37,30
HP109EQ,63,29,34,23
HP109ER,5,2,3,3
HP109ES,93,43,50,33
HP109EU,5,2,3,2
HP109EW,35,12,23,18
HP109EX,51,24,27,18
HP109EY,26,12,14,21
HP109EZ,50,17,33,21
HP109FE,14,9,5,8
HP109FT,29,16,13,17
HP109HA,51,23,28,23
HP109HB,124,54,70,48
HP109HE,10,5,5,4
HP109HG,24,8,16,13
HP109HJ,6,3,3,3
HP109HP,8,4,4,2
HP109HR,41,23,18,14
HP109HS,53,27,26,23
HP109HT,39,19,20,13
HP109JA,11,5,6,4
HP109JB,68,30,38,31
HP109JD,90,47,43,37
HP109JH,22,10,12,10
HP109JJ,52,28,24,17
HP109JL,90,42,48,31
HP109JN,50,20,30,25
HP109JQ,74,34,40,28
HP109JU,46,22,24,16
HP109JW,9,5,4,3
HP109JX,44,23,21,17
HP109JY,17,10,7,7
HP109JZ,68,30,38,25
HP109LA,79,38,41,29
HP109LB,64,33,31,24
HP109LD,91,46,45,31
HP109LE,91,46,45,35
HP109LF,33,16,17,17
HP109LG,93,52,41,37
HP109LH,87,44,43,32
HP109LJ,46,23,23,18
HP109LL,5,2,3,4
HP109LN,13,5,8,8
HP109LQ,17,10,7,8
HP109LR,16,8,8,5
HP109LS,26,14,12,11
HP109LT,85,40,45,37
HP109LU,13,6,7,7
HP109LW,9,3,6,6
HP109LX,65,28,37,25
HP109LY,77,41,36,26
HP109LZ,30,17,13,14
HP109NA,98,49,49,38
HP109NB,13,8,5,6
HP109ND,56,27,29,25
HP109NE,115,57,58,40
HP109NF,75,38,37,32
HP109NG,63,28,35,24
HP109NH,37,20,17,10
HP109NN,9,7,2,8
HP109NQ,32,14,18,12
HP109NR,74,34,40,38
HP109NS,19,10,9,7
HP109NT,14,5,9,8
HP109NU,7,4,3,3
HP109NW,9,5,4,7
HP109NX,4,2,2,2
HP109NY,15,8,7,7
HP109PA,15,3,12,11
HP109PD,29,14,15,7
HP109PE,34,17,17,13
HP109PF,21,9,12,7
HP109PG,7,4,3,4
HP109PH,13,5,8,5
HP109PJ,5,2,3,1
HP109PL,92,48,44,32
HP109PP,62,30,32,25
HP109PQ,16,9,7,6
HP109PR,52,28,24,19
HP109PS,26,13,13,11
HP109PT,13,7,6,5
HP109PU,8,5,3,4
HP109PX,8,4,4,3
HP109PZ,9,4,5,4
HP109QA,52,24,28,17
HP109QD,16,8,8,6
HP109QE,12,6,6,4
HP109QF,6,3,3,3
HP109QH,1,1,0,1
HP109QJ,7,2,5,2
HP109QL,2,1,1,1
HP109QN,51,21,30,25
HP109QP,63,30,33,26
HP109QQ,6,2,4,3
HP109QS,23,15,8,17
HP109QW,44,20,24,17
HP109RA,32,17,15,10
HP109RB,25,11,14,8
HP109RF,7,4,3,2
HP109RG,11,6,5,3
HP109RH,46,21,25,19
HP109RJ,75,39,36,32
HP109RL,108,57,51,38
HP109RN,39,22,17,17
HP109RP,16,9,7,6
HP109RR,14,7,7,4
HP109RS,4,2,2,1
HP109RW,76,41,35,25
HP109RX,7,4,3,5
HP109RY,19,12,7,11
HP109RZ,36,18,18,18
HP109SL,39,19,20,19
HP109SN,6,4,2,2
HP109SU,17,7,10,8
HP109SW,102,60,42,62
HP109SX,8,3,5,5
HP109SY,8,5,3,6
HP109SZ,9,6,3,3
HP109TA,8,2,6,6
HP109TB,69,31,38,31
HP109TF,12,9,3,10
HP109TH,13,8,5,4
HP109TJ,4,2,2,2
HP109TN,9,5,4,5
HP109TP,81,40,41,32
HP109TQ,17,10,7,9
HP109TR,61,30,31,23
HP109TS,57,27,30,20
HP109TT,52,21,31,19
HP109TU,9,2,7,3
HP109TW,80,40,40,31
HP109TX,36,19,17,18
HP109TZ,17,6,11,10
HP109UJ,44,28,16,39
HP109UL,6,4,2,5
HP109UN,7,4,3,4
HP109UP,95,41,54,35
HP109UR,39,22,17,17
HP109UU,97,43,54,32
HP109UW,104,53,51,40
HP109UX,18,7,11,8
HP109UY,22,10,12,11
HP109XB,28,15,13,25
HP109XD,38,15,23,24
HP109XE,45,24,21,19
HP109XF,27,10,17,15
HP109YH,119,62,57,39
HP109YL,5,3,2,2
HP111AD,29,15,14,17
HP111AE,10,5,5,9
HP111AF,22,9,13,10
HP111AJ,25,15,10,10
HP111AL,27,14,13,16
HP111AR,18,9,9,13
HP111AS,31,16,15,21
HP111AT,10,5,5,8
HP111AU,5,5,0,5
HP111AW,22,8,14,12
HP111AY,16,8,8,5
HP111BG,1,1,0,1
HP111BJ,37,20,17,13
HP111BL,28,10,18,19
HP111BN,67,38,29,30
HP111BT,134,72,62,60
HP111BU,16,6,10,5
HP111DB,23,8,15,16
HP111DF,60,21,39,42
HP111DH,41,12,29,32
HP111DJ,42,23,19,18
HP111DL,62,33,29,21
HP111DN,29,15,14,10
HP111DP,87,46,41,29
HP111DQ,42,18,24,15
HP111DR,22,11,11,9
HP111DS,9,4,5,4
HP111DT,99,49,50,40
HP111DU,75,37,38,23
HP111DW,32,17,15,14
HP111DY,8,6,2,3
HP111DZ,74,32,42,26
HP111EA,56,24,32,20
HP111EB,41,18,23,14
HP111ED,59,30,29,24
HP111EE,12,8,4,10
HP111EH,7,3,4,6
HP111EJ,78,38,40,33
HP111EL,64,30,34,26
HP111EN,28,13,15,12
HP111EP,73,32,41,35
HP111EQ,8,7,1,7
HP111ET,10,7,3,7
HP111EW,52,28,24,23
HP111EX,1,1,0,1
HP111EY,6,2,4,2
HP111FF,20,9,11,12
HP111FG,26,15,11,13
HP111FN,26,17,9,7
HP111FQ,9,4,5,3
HP111GD,7,5,2,5
HP111GE,17,10,7,8
HP111GF,11,6,5,8
HP111GG,51,24,27,29
HP111GH,38,20,18,22
HP111GJ,56,32,24,30
HP111GL,92,51,41,34
HP111GN,12,4,8,4
HP111GP,88,44,44,38
HP111GQ,136,54,82,61
HP111GU,6,1,5,4
HP111HA,9,4,5,4
HP111HB,53,29,24,37
HP111HD,84,34,50,41
HP111HF,33,15,18,13
HP111HG,13,8,5,7
HP111HH,44,21,23,21
HP111HJ,81,37,44,32
HP111HL,40,23,17,14
HP111HN,29,15,14,11
HP111HQ,43,21,22,20
HP111HR,13,7,6,10
HP111HT,22,13,9,11
HP111HU,41,20,21,14
HP111HW,8,5,3,4
HP111HX,115,57,58,37
HP111HY,72,32,40,33
HP111HZ,81,41,40,34
HP111JA,17,8,9,13
HP111JB,126,63,63,55
HP111JD,23,9,14,12
HP111JE,25,13,12,12
HP111JF,35,19,16,17
HP111JG,9,5,4,3
HP111JH,14,4,10,8
HP111JJ,19,10,9,7
HP111JL,43,22,21,17
HP111JN,55,25,30,28
HP111JP,23,12,11,10
HP111JQ,20,9,11,12
HP111JR,45,18,27,17
HP111JS,14,7,7,8
HP111JT,9,4,5,3
HP111JW,20,8,12,6
HP111JY,16,11,5,11
HP111JZ,10,6,4,5
HP111LB,21,12,9,11
HP111LD,14,8,6,7
HP111LE,6,4,2,3
HP111LF,8,5,3,3
HP111LP,79,40,39,32
HP111LQ,13,4,9,7
HP111LS,24,14,10,15
HP111LT,10,10,0,5
HP111NA,16,10,6,9
HP111NJ,8,1,7,1
HP111NQ,27,13,14,14
HP111NT,9,6,3,3
HP111NW,17,9,8,9
HP111PA,20,12,8,7
HP111PD,8,3,5,5
HP111PE,549,3,546,22
HP111PH,70,34,36,27
HP111PL,132,71,61,52
HP111PN,29,15,14,10
HP111PP,11,5,6,5
HP111PT,21,11,10,6
HP111PU,63,33,30,26
HP111PW,47,23,24,18
HP111PX,48,22,26,17
HP111PY,36,17,19,16
HP111QA,83,44,39,26
HP111QB,82,38,44,34
HP111QD,56,28,28,17
HP111QE,150,72,78,52
HP111QF,36,19,17,12
HP111QG,68,27,41,16
HP111QH,26,13,13,9
HP111QJ,18,9,9,7
HP111QL,12,6,6,5
HP111QN,120,47,73,73
HP111QP,31,14,17,11
HP111QQ,54,31,23,19
HP111QR,20,9,11,7
HP111QS,36,18,18,17
HP111QT,62,30,32,22
HP111QU,46,24,22,15
HP111QW,12,6,6,3
HP111QX,26,15,11,10
HP111QY,6,3,3,3
HP111QZ,22,12,10,9
HP111RB,46,26,20,15
HP111RD,11,8,3,7
HP111RE,96,46,50,42
HP111RF,117,62,55,48
HP111RG,76,35,41,29
HP111RH,21,10,11,15
HP111RJ,28,16,12,21
HP111RN,25,13,12,17
HP111RQ,62,28,34,48
HP111RR,101,55,46,42
HP111RS,9,3,6,3
HP111RT,20,10,10,6
HP111RU,23,13,10,9
HP111RW,11,4,7,4
HP111RX,1,1,0,1
HP111RY,94,45,49,40
HP111RZ,11,4,7,5
HP111SA,56,32,24,25
HP111SE,8,3,5,8
HP111SF,27,18,9,18
HP111SJ,14,8,6,6
HP111SL,38,17,21,13
HP111SN,8,5,3,2
HP111SR,24,15,9,15
HP111SS,27,12,15,14
HP111ST,9,7,2,6
HP111SW,13,6,7,5
HP111SX,19,9,10,7
HP111SY,30,15,15,10
HP111SZ,3,1,2,1
HP111TA,59,29,30,24
HP111TB,33,18,15,12
HP111TD,13,5,8,5
HP111TE,37,17,20,17
HP111TF,35,21,14,11
HP111TG,44,21,23,12
HP111TH,39,13,26,14
HP111TJ,29,14,15,8
HP111TN,52,28,24,23
HP111TP,33,17,16,20
HP111TQ,22,7,15,8
HP111TR,63,34,29,29
HP111TS,52,26,26,27
HP111TT,30,13,17,14
HP111TU,29,17,12,11
HP111TW,59,36,23,29
HP111TX,73,38,35,30
HP111TY,122,65,57,52
HP111UB,36,13,23,28
HP111UD,99,74,25,0
HP111UT,14,4,10,8
HP111XA,22,12,10,11
HP111XE,49,25,24,35
HP111XF,59,34,25,41
HP111XS,32,20,12,21
HP112AG,1,1,0,1
HP112AP,12,7,5,5
HP112AT,105,55,50,45
HP112AX,5,4,1,3
HP112AZ,7,4,3,4
HP112BE,5,4,1,3
HP112BJ,3,2,1,1
HP112BN,2,0,2,1
HP112BP,6,6,0,2
HP112DG,10,9,1,5
HP112DJ,3,1,2,1
HP112EL,4,4,0,2
HP112EN,6,5,1,5
HP112ET,341,180,161,0
HP112FE,81,39,42,44
HP112HB,79,37,42,40
HP112HF,7,4,3,3
HP112HJ,58,30,28,33
HP112HQ,5,3,2,2
HP112HZ,48,25,23,26
HP112JA,36,23,13,23
HP112JE,110,54,56,34
HP112JF,131,69,62,37
HP112JG,53,28,25,13
HP112JH,20,7,13,8
HP112JJ,36,20,16,10
HP112JL,140,57,83,40
HP112JN,113,51,62,37
HP112JP,40,19,21,24
HP112JQ,8,4,4,2
HP112JR,25,8,17,18
HP112JS,11,3,8,3
HP112JW,48,22,26,16
HP112LE,22,11,11,10
HP112LH,7,5,2,4
HP112LJ,51,13,38,0
HP112LL,9,4,5,4
HP112LP,85,48,37,47
HP112LQ,22,16,6,14
HP112LR,39,20,19,20
HP112LS,1,1,0,1
HP112LT,23,17,6,11
HP112LU,18,8,10,8
HP112LW,25,21,4,16
HP112LY,28,15,13,8
HP112NA,24,12,12,10
HP112NB,24,16,8,13
HP112ND,1,1,0,1
HP112NE,15,7,8,10
HP112NH,58,32,26,41
HP112NJ,14,6,8,11
HP112NL,20,6,14,10
HP112PF,26,13,13,6
HP112PG,136,76,60,39
HP112PH,15,8,7,7
HP112PJ,16,8,8,8
HP112PL,156,87,69,49
HP112PN,37,19,18,11
HP112PQ,29,14,15,16
HP112PR,5,2,3,3
HP112PU,20,11,9,6
HP112PW,26,12,14,10
HP112QA,39,24,15,14
HP112QB,23,14,9,8
HP112QF,67,42,25,25
HP112QH,3,2,1,3
HP112QR,16,10,6,7
HP112QS,32,22,10,12
HP112QU,4,1,3,2
HP112QW,19,8,11,7
HP112RA,120,68,52,34
HP112RB,90,52,38,24
HP112RD,140,79,61,51
HP112RE,97,54,43,34
HP112RF,5,3,2,3
HP112RG,29,14,15,15
HP112RL,32,16,16,20
HP112RQ,40,16,24,19
HP112RW,31,17,14,16
HP112SA,7,1,6,5
HP112SE,11,4,7,3
HP112SF,59,28,31,13
HP112SG,96,54,42,27
HP112SH,130,63,67,33
HP112SN,128,53,75,31
HP112SQ,45,24,21,14
HP112SR,219,106,113,45
HP112SS,173,93,80,52
HP112ST,95,54,41,31
HP112SU,67,40,27,21
HP112SW,171,94,77,41
HP112SX,44,26,18,17
HP112SY,55,29,26,17
HP112SZ,8,5,3,5
HP112TA,16,10,6,8
HP112TB,7,5,2,3
HP112TF,35,19,16,19
HP112TG,19,10,9,6
HP112TH,87,41,46,26
HP112TJ,113,66,47,37
HP112TL,84,42,42,29
HP112TN,110,59,51,34
HP112TP,7,4,3,3
HP112TQ,12,7,5,2
HP112TT,95,37,58,0
HP112TU,71,35,36,25
HP112TW,58,33,25,25
HP112TX,62,34,28,24
HP112TY,20,8,12,10
HP112TZ,67,33,34,27
HP112UA,94,45,49,38
HP112UB,50,28,22,19
HP112UD,35,18,17,15
HP112UE,61,20,41,28
HP112UH,53,30,23,16
HP112UJ,6,2,4,4
HP112UL,88,47,41,25
HP112UN,38,20,18,15
HP112UP,60,30,30,21
HP112UQ,60,28,32,28
HP112UR,87,41,46,37
HP112UT,19,11,8,9
HP112UW,70,35,35,31
HP112XA,27,16,11,10
HP123AA,129,69,60,64
HP123AB,102,58,44,44
HP123AE,49,28,21,23
HP123AF,34,16,18,19
HP123AN,7,3,4,2
HP123AP,92,56,36,49
HP123AQ,71,36,35,41
HP123AR,108,51,57,53
HP123AS,61,33,28,22
HP123AT,25,16,9,20
HP123AU,24,13,11,17
HP123AW,33,21,12,11
HP123AX,97,57,40,25
HP123AY,54,27,27,42
HP123BA,6,5,1,6
HP123BB,92,48,44,24
HP123BD,110,57,53,29
HP123BG,60,28,32,12
HP123BH,34,18,16,22
HP123BJ,70,38,32,22
HP123BN,101,55,46,31
HP123BP,108,44,64,32
HP123BQ,125,64,61,43
HP123BS,125,66,59,43
HP123BT,5,1,4,2
HP123BU,17,9,8,11
HP123BW,3,1,2,1
HP123BY,20,10,10,12
HP123DB,56,32,24,16
HP123DD,111,56,55,27
HP123DE,23,9,14,11
HP123DF,11,6,5,8
HP123DG,59,32,27,31
HP123DL,14,7,7,4
HP123DN,76,43,33,34
HP123DQ,15,6,9,8
HP123DR,11,9,2,3
HP123DS,78,42,36,26
HP123DT,119,73,46,34
HP123DU,113,67,46,68
HP123DZ,97,61,36,35
HP123EB,151,88,63,43
HP123EE,7,4,3,2
HP123EF,12,8,4,7
HP123EH,11,3,8,2
HP123EJ,79,30,49,25
HP123EL,148,73,75,44
HP123EN,143,69,74,37
HP123EP,16,9,7,4
HP123EQ,178,91,87,47
HP123ET,36,18,18,22
HP123EU,65,34,31,34
HP123EY,22,10,12,12
HP123EZ,69,37,32,45
HP123FG,40,20,20,18
HP123FJ,5,5,0,5
HP123FN,9,6,3,4
HP123FP,106,51,55,42
HP123FQ,48,28,20,22
HP123FW,7,4,3,5
HP123FY,26,12,14,7
HP123FZ,20,12,8,9
HP123GA,29,15,14,8
HP123GE,13,4,9,3
HP123GH,142,61,81,40
HP123GW,36,19,17,19
HP123GZ,51,24,27,20
HP123HB,83,40,43,28
HP123HD,41,21,20,24
HP123HE,4,4,0,1
HP123HF,17,9,8,6
HP123HG,50,31,19,27
HP123HH,110,60,50,26
HP123HJ,178,90,88,44
HP123HL,112,50,62,33
HP123HN,192,101,91,53
HP123HP,30,16,14,23
HP123HR,37,20,17,10
HP123HS,30,17,13,18
HP123HT,117,64,53,42
HP123HU,121,66,55,35
HP123HW,202,100,102,48
HP123HX,119,59,60,43
HP123HY,87,51,36,29
HP123JA,45,23,22,21
HP123JB,13,6,7,7
HP123JD,16,10,6,6
HP123JE,9,4,5,5
HP123JF,38,17,21,22
HP123JG,162,81,81,40
HP123JH,174,79,95,40
HP123JJ,95,48,47,29
HP123JL,53,28,25,20
HP123JN,69,37,32,40
HP123JP,142,75,67,30
HP123JQ,126,65,61,38
HP123JR,132,64,68,36
HP123JS,128,63,65,33
HP123JT,144,66,78,34
HP123JU,147,78,69,37
HP123JW,22,15,7,4
HP123JX,122,68,54,32
HP123JY,14,10,4,4
HP123JZ,114,56,58,24
HP123LA,169,81,88,42
HP123LB,171,87,84,40
HP123LD,163,76,87,40
HP123LE,27,15,12,6
HP123LG,7,3,4,6
HP123LH,10,4,6,6
HP123LL,92,49,43,26
HP123LN,123,60,63,27
HP123LP,87,36,51,31
HP123LR,39,16,23,30
HP123LS,55,25,30,22
HP123LT,83,42,41,33
HP123LU,33,12,21,12
HP123LW,19,3,16,18
HP123LX,55,29,26,18
HP123LY,71,39,32,28
HP123LZ,49,25,24,24
HP123ND,97,48,49,32
HP123NE,27,16,11,12
HP123NF,106,53,53,36
HP123NG,87,42,45,36
HP123NH,35,25,10,31
HP123NJ,99,45,54,31
HP123NL,34,15,19,11
HP123NN,27,13,14,11
HP123NQ,82,43,39,28
HP123NS,105,50,55,36
HP123NT,113,60,53,38
HP123NU,116,59,57,35
HP123NW,21,10,11,14
HP123NX,37,19,18,14
HP123NY,101,57,44,32
HP123NZ,76,49,27,24
HP123PA,92,45,47,28
HP123PB,78,36,42,27
HP123PD,89,45,44,28
HP123PE,147,64,83,44
HP123PF,60,26,34,24
HP123PG,85,48,37,29
HP123PL,6,4,2,3
HP123PP,1,1,0,1
HP123PQ,88,43,45,28
HP123QG,19,11,8,9
HP123RE,5,2,3,1
HP123RQ,9,3,6,2
HP123TB,5,2,3,1
HP123UA,6,3,3,4
HP123UD,67,37,30,41
HP123UE,26,12,14,8
HP123UF,134,65,69,33
HP123UG,126,65,61,34
HP123UH,100,49,51,40
HP123UJ,18,12,6,6
HP123UL,90,51,39,36
HP123UN,86,42,44,28
HP123UP,111,51,60,35
HP123UQ,33,17,16,24
HP123UR,114,62,52,36
HP123UT,16,13,3,5
HP123UU,53,27,26,14
HP123UW,154,79,75,35
HP123UX,68,38,30,14
HP123UY,129,69,60,35
HP123UZ,98,44,54,29
HP123XA,26,14,12,8
HP123XB,43,26,17,12
HP123XH,6,1,5,3
HP124AA,41,19,22,17
HP124AB,79,44,35,32
HP124AD,55,37,18,31
HP124AE,63,38,25,22
HP124AF,30,17,13,13
HP124AG,76,39,37,36
HP124AH,138,69,69,48
HP124AJ,27,12,15,14
HP124AL,13,6,7,5
HP124AN,198,100,98,75
HP124AP,6,2,4,2
HP124AQ,48,21,27,22
HP124AR,24,12,12,13
HP124AS,59,24,35,23
HP124AT,40,21,19,20
HP124AU,46,20,26,26
HP124AW,27,14,13,15
HP124AX,72,43,29,23
HP124BB,53,32,21,19
HP124BD,59,32,27,18
HP124BF,18,8,10,6
HP124BJ,15,9,6,8
HP124BN,10,6,4,4
HP124BP,37,21,16,21
HP124BQ,22,10,12,11
HP124BS,135,68,67,65
HP124BT,28,14,14,11
HP124BU,41,16,25,14
HP124BW,13,4,9,11
HP124BX,44,25,19,17
HP124BY,87,40,47,33
HP124BZ,75,41,34,28
HP124DA,60,31,29,25
HP124DB,52,24,28,20
HP124DD,84,40,44,36
HP124DE,6,4,2,3
HP124DF,15,9,6,5
HP124DG,77,40,37,28
HP124DH,19,7,12,8
HP124DN,3,1,2,1
HP124DQ,47,24,23,13
HP124DS,24,9,15,8
HP124DW,17,6,11,8
HP124DX,48,21,27,28
HP124DY,32,16,16,16
HP124DZ,87,43,44,34
HP124EA,12,4,8,9
HP124EE,24,14,10,12
HP124EF,16,7,9,16
HP124EN,24,11,13,10
HP124EP,30,14,16,13
HP124EQ,10,5,5,4
HP124ES,66,33,33,28
HP124ET,61,36,25,27
HP124EU,86,37,49,33
HP124EW,23,11,12,9
HP124EX,76,35,41,28
HP124EY,100,49,51,36
HP124EZ,75,40,35,25
HP124FE,28,13,15,18
HP124HA,85,46,39,31
HP124HB,25,15,10,8
HP124HD,101,51,50,30
HP124HE,86,41,45,31
HP124HF,99,52,47,35
HP124HJ,1,1,0,1
HP124HT,34,17,17,22
HP124HX,39,14,25,20
HP124JE,76,37,39,30
HP124JF,113,65,48,43
HP124JN,95,47,48,29
HP124JP,37,20,17,15
HP124JR,96,47,49,30
HP124JY,4,1,3,4
HP124LA,61,34,27,22
HP124LD,50,21,29,20
HP124LE,33,16,17,14
HP124LF,21,8,13,18
HP124LG,74,40,34,30
HP124LH,92,49,43,31
HP124LJ,70,35,35,26
HP124LP,38,23,15,21
HP124LQ,21,11,10,11
HP124LR,61,27,34,18
HP124LS,121,65,56,42
HP124LT,91,47,44,30
HP124LU,55,30,25,27
HP124LX,97,50,47,38
HP124LY,61,23,38,20
HP124LZ,65,33,32,20
HP124NA,92,41,51,31
HP124NB,59,33,26,22
HP124ND,87,42,45,31
HP124NE,102,53,49,40
HP124NF,85,44,41,39
HP124NG,64,35,29,26
HP124NL,73,37,36,35
HP124NN,6,5,1,4
HP124NP,50,24,26,19
HP124NR,62,31,31,30
HP124NS,44,23,21,20
HP124NX,61,31,30,19
HP124NY,33,13,20,14
HP124NZ,81,27,54,63
HP124PA,53,23,30,38
HP124PB,116,53,63,40
HP124PD,24,13,11,16
HP124PE,20,13,7,12
HP124PF,34,14,20,11
HP124PG,102,52,50,38
HP124PH,75,40,35,26
HP124PJ,141,72,69,48
HP124PL,139,62,77,43
HP124PN,96,45,51,36
HP124PP,108,54,54,31
HP124PQ,7,1,6,3
HP124PR,2,1,1,1
HP124PS,59,32,27,23
HP124PT,91,48,43,34
HP124PU,48,13,35,0
HP124PW,99,45,54,43
HP124PZ,131,61,70,38
HP124QA,16,8,8,7
HP124QD,21,13,8,15
HP124QE,92,47,45,34
HP124QF,63,18,45,6
HP124QH,46,24,22,15
HP124QJ,20,9,11,8
HP124QL,5,3,2,2
HP124QN,61,30,31,35
HP124QP,51,22,29,18
HP124QQ,40,19,21,11
HP124QR,101,49,52,34
HP124QS,39,19,20,16
HP124QT,11,3,8,4
HP124QU,59,28,31,25
HP124QW,110,62,48,44
HP124QX,128,68,60,42
HP124QZ,31,18,13,12
HP124RA,10,4,6,4
HP124RB,24,7,17,10
HP124RD,105,53,52,39
HP124RG,79,48,31,33
HP124RH,29,14,15,8
HP124RJ,25,14,11,8
HP124RL,44,25,19,18
HP124RN,36,19,17,15
HP124RP,58,30,28,19
HP124RQ,64,31,33,23
HP124RR,72,34,38,22
HP124RS,71,33,38,31
HP124RT,18,6,12,5
HP124RU,50,14,36,39
HP124RW,26,12,14,13
HP124RX,32,16,16,12
HP124RY,32,17,15,17
HP124RZ,2,1,1,1
HP124SA,40,18,22,16
HP124SB,18,11,7,8
HP124SD,5,2,3,2
HP124SE,12,5,7,5
HP124SF,9,4,5,6
HP124SG,11,5,6,6
HP124SJ,5,3,2,3
HP124SL,60,25,35,23
HP124SN,37,19,18,18
HP124SP,53,27,26,23
HP124SQ,11,7,4,6
HP124SR,15,6,9,8
HP124SS,35,16,19,16
HP124ST,66,30,36,50
HP124SU,13,8,5,5
HP124SW,107,56,51,39
HP124SX,118,55,63,45
HP124SY,64,33,31,28
HP124TA,59,26,33,26
HP124TB,6,4,2,6
HP124TE,47,17,30,23
HP124TH,8,4,4,6
HP124TJ,29,11,18,11
HP124TL,57,20,37,25
HP124TS,16,12,4,12
HP124TT,9,5,4,6
HP124TU,11,6,5,6
HP124TX,22,13,9,12
HP124TY,127,51,76,38
HP124TZ,76,40,36,27
HP124UA,95,49,46,31
HP124UB,28,13,15,10
HP124UD,31,14,17,16
HP124UE,26,9,17,21
HP124UF,61,26,35,20
HP124UG,7,3,4,4
HP124UH,36,18,18,16
HP124UN,37,19,18,16
HP124UQ,44,23,21,18
HP124UZ,9,3,6,6
HP124YH,17,8,9,5
HP135AA,96,52,44,34
HP135AB,51,26,25,23
HP135AD,47,25,22,18
HP135AE,45,25,20,19
HP135AF,61,30,31,23
HP135AG,9,4,5,1
HP135AH,31,11,20,14
HP135AJ,14,8,6,7
HP135AN,16,7,9,6
HP135AP,36,17,19,28
HP135AQ,38,17,21,23
HP135AR,100,52,48,39
HP135AS,9,4,5,6
HP135AT,32,11,21,14
HP135AU,25,14,11,8
HP135AW,19,10,9,6
HP135AX,66,39,27,26
HP135AY,64,30,34,26
HP135AZ,56,24,32,19
HP135BA,65,32,33,22
HP135BB,4,3,1,2
HP135BD,54,26,28,19
HP135BE,51,21,30,23
HP135BG,24,16,8,9
HP135BH,74,42,32,23
HP135BJ,52,25,27,20
HP135BL,70,32,38,26
HP135BN,25,14,11,13
HP135BP,26,10,16,14
HP135BQ,52,32,20,16
HP135BW,35,16,19,13
HP135BX,32,19,13,19
HP135BY,31,14,17,10
HP135BZ,33,16,17,14
HP135DE,19,9,10,6
HP135DQ,13,10,3,6
HP135DS,46,23,23,22
HP135DT,86,41,45,25
HP135DU,100,46,54,33
HP135DY,44,22,22,27
HP135EA,61,34,27,21
HP135EB,66,31,35,23
HP135ED,91,47,44,29
HP135EE,64,36,28,27
HP135EF,25,15,10,12
HP135EG,46,24,22,15
HP135EH,50,24,26,16
HP135EJ,63,36,27,26
HP135EL,63,33,30,25
HP135EN,26,15,11,11
HP135EP,29,15,14,10
HP135EQ,46,24,22,13
HP135ER,35,19,16,15
HP135ET,69,38,31,26
HP135EU,57,30,27,24
HP135EW,38,20,18,13
HP135EY,17,8,9,6
HP135FA,15,8,7,6
HP135FE,117,96,21,17
HP135FF,25,11,14,13
HP135GG,222,111,111,0
HP135GN,20,8,12,9
HP135GQ,1,0,1,1
HP135HD,88,44,44,28
HP135HE,15,4,11,5
HP135HR,37,18,19,18
HP135HS,146,78,68,42
HP135HT,55,30,25,23
HP135HX,96,42,54,34
HP135HY,102,55,47,33
HP135HZ,104,49,55,38
HP135JA,22,9,13,7
HP135JB,26,16,10,8
HP135JD,70,34,36,29
HP135JE,44,21,23,23
HP135JF,15,7,8,7
HP135JG,19,10,9,8
HP135JH,58,29,29,25
HP135JJ,12,6,6,5
HP135JL,69,31,38,28
HP135JN,72,34,38,26
HP135JP,18,8,10,6
HP135JQ,38,19,19,16
HP135JT,116,57,59,56
HP135JW,28,13,15,11
HP135JX,102,57,45,38
HP135JY,64,31,33,19
HP135JZ,79,40,39,31
HP135LA,95,47,48,33
HP135LB,92,49,43,33
HP135LD,116,62,54,34
HP135LE,32,17,15,17
HP135LF,60,32,28,26
HP135LG,85,41,44,45
HP135LJ,16,9,7,10
HP135LL,27,12,15,8
HP135LN,57,31,26,19
HP135LP,51,22,29,15
HP135LQ,22,9,13,10
HP135LR,17,9,8,7
HP135LS,52,29,23,19
HP135LT,88,45,43,33
HP135LU,54,29,25,20
HP135LW,84,40,44,28
HP135LX,51,25,26,19
HP135LY,33,16,17,10
HP135LZ,85,38,47,34
HP135NA,78,36,42,32
HP135NB,36,19,17,12
HP135ND,34,16,18,11
HP135NE,44,25,19,32
HP135NF,32,14,18,15
HP135NG,102,54,48,37
HP135NH,13,7,6,4
HP135NJ,55,25,30,21
HP135NL,68,32,36,26
HP135NN,113,54,59,45
HP135NP,96,49,47,24
HP135NQ,23,11,12,10
HP135NR,18,10,8,17
HP135NS,64,32,32,33
HP135NT,33,19,14,18
HP135NU,37,20,17,21
HP135NW,79,38,41,23
HP135NX,97,40,57,29
HP135NY,106,50,56,30
HP135NZ,43,16,27,12
HP135PB,115,66,49,41
HP135PD,71,41,30,23
HP135PE,98,51,47,36
HP135PF,21,13,8,6
HP135PG,38,20,18,12
HP135PH,22,12,10,11
HP135PL,29,15,14,10
HP135PN,71,40,31,28
HP135PQ,29,17,12,10
HP135PR,12,10,2,8
HP135PS,58,31,27,20
HP135PT,24,9,15,10
HP135PU,63,28,35,23
HP135PX,98,48,50,41
HP135PY,65,34,31,24
HP135PZ,37,18,19,15
HP135QA,49,25,24,17
HP135QB,73,34,39,33
HP135QD,32,19,13,10
HP135QE,36,18,18,14
HP135QF,45,23,22,21
HP135QG,48,23,25,25
HP135QH,32,15,17,12
HP135QJ,5,2,3,3
HP135QL,59,32,27,25
HP135QP,32,17,15,13
HP135QQ,56,26,30,25
HP135QR,67,29,38,26
HP135RA,122,64,58,36
HP135RB,87,41,46,32
HP135RD,105,52,53,33
HP135RE,9,7,2,3
HP135RF,93,47,46,40
HP135RG,163,78,85,44
HP135RH,148,78,70,50
HP135RJ,19,10,9,7
HP135RL,71,39,32,23
HP135RN,17,9,8,6
HP135RP,85,42,43,35
HP135RR,79,43,36,27
HP135RS,57,29,28,34
HP135RT,47,17,30,37
HP135RU,42,20,22,24
HP135RW,133,63,70,46
HP135RX,43,22,21,23
HP135RY,108,53,55,29
HP135RZ,132,65,67,41
HP135SA,48,30,18,40
HP135SB,34,21,13,26
HP135SD,4,4,0,2
HP135SE,33,15,18,20
HP135SH,21,12,9,10
HP135SJ,85,43,42,26
HP135SL,90,43,47,32
HP135SN,92,45,47,28
HP135SP,102,56,46,35
HP135SR,69,41,28,20
HP135SS,115,66,49,38
HP135ST,119,66,53,41
HP135SU,50,24,26,16
HP135SW,65,28,37,26
HP135SX,26,15,11,12
HP135SY,70,29,41,22
HP135SZ,66,32,34,21
HP135TA,72,41,31,24
HP135TB,67,29,38,31
HP135TE,107,50,57,38
HP135TF,67,37,30,31
HP135TG,37,20,17,15
HP135TH,33,19,14,23
HP135TJ,45,20,25,24
HP135TL,9,6,3,6
HP135TN,56,24,32,20
HP135TP,41,24,17,18
HP135TQ,19,13,6,6
HP135TR,170,77,93,69
HP135TS,38,21,17,15
HP135TT,76,34,42,30
HP135TU,18,6,12,7
HP135TW,49,24,25,16
HP135TY,20,10,10,8
HP135TZ,110,56,54,42
HP135UA,79,37,42,32
HP135UB,101,50,51,34
HP135UD,30,17,13,8
HP135UE,66,31,35,27
HP135UF,38,18,20,14
HP135UG,63,29,34,22
HP135UH,49,25,24,18
HP135UJ,3,1,2,2
HP135UL,98,48,50,39
HP135UN,51,22,29,20
HP135UP,39,18,21,12
HP135UQ,60,28,32,24
HP135UR,103,50,53,41
HP135US,106,28,78,12
HP135UT,24,10,14,10
HP135UU,11,6,5,11
HP135UW,30,9,21,9
HP135UX,18,9,9,4
HP135UY,115,60,55,45
HP135UZ,23,11,12,11
HP135XA,34,16,18,13
HP135XB,77,43,34,24
HP135XD,6,3,3,4
HP135XF,2,1,1,1
HP135XG,116,52,64,51
HP135XH,43,21,22,22
HP135XJ,22,14,8,9
HP135XL,2,1,1,1
HP135XN,61,29,32,23
HP135XP,56,24,32,21
HP135XQ,8,4,4,2
HP135XR,133,67,66,43
HP135XT,49,25,24,25
HP135XW,81,42,39,25
HP135XY,30,13,17,18
HP135XZ,92,48,44,45
HP135YA,14,6,8,6
HP135YB,170,83,87,50
HP135YD,10,6,4,5
HP135YE,13,7,6,5
HP135YF,6,2,4,2
HP135YG,4,3,1,2
HP135YH,4,2,2,1
HP135YJ,21,11,10,6
HP135YL,22,12,10,11
HP135YN,24,10,14,9
HP135YP,40,21,19,14
HP135YQ,21,9,12,7
HP135YS,172,75,97,58
HP135YT,26,14,12,10
HP135YU,40,26,14,24
HP135YW,9,5,4,4
HP135YX,71,34,37,39
HP135YY,41,21,20,17
HP135YZ,55,33,22,16
HP136AA,23,15,8,8
HP136AB,27,13,14,16
HP136AD,9,3,6,4
HP136AE,21,14,7,8
HP136AF,22,11,11,11
HP136AG,5,2,3,2
HP136AH,43,19,24,17
HP136AJ,27,16,11,13
HP136AL,81,37,44,35
HP136AP,9,5,4,6
HP136AQ,109,56,53,37
HP136AS,6,4,2,5
HP136AT,10,7,3,3
HP136AU,49,18,31,41
HP136AW,6,4,2,3
HP136AX,41,21,20,29
HP136AY,116,56,60,42
HP136AZ,112,54,58,40
HP136BA,35,18,17,18
HP136BD,32,19,13,19
HP136BE,8,5,3,6
HP136BG,12,6,6,9
HP136BH,31,15,16,11
HP136BJ,98,46,52,54
HP136BL,52,25,27,28
HP136BN,56,34,22,19
HP136BP,11,5,6,8
HP136BQ,86,42,44,43
HP136BS,63,29,34,20
HP136BT,98,42,56,24
HP136BU,121,55,66,35
HP136BW,80,42,38,37
HP136BX,96,52,44,33
HP136BY,101,43,58,34
HP136BZ,115,58,57,41
HP136DB,162,70,92,41
HP136DD,71,38,33,17
HP136DE,61,31,30,24
HP136DF,139,75,64,41
HP136DH,5,2,3,2
HP136DJ,40,22,18,21
HP136DL,17,11,6,8
HP136DN,55,34,21,26
HP136DQ,5,2,3,3
HP136DR,28,13,15,13
HP136DS,12,7,5,7
HP136DT,39,16,23,33
HP136DU,54,24,30,40
HP136DW,28,13,15,13
HP136DX,46,25,21,19
HP136DY,51,24,27,20
HP136DZ,29,16,13,18
HP136EA,38,22,16,13
HP136EB,95,57,38,42
HP136EH,52,21,31,18
HP136EP,67,35,32,28
HP136ER,76,41,35,34
HP136ES,18,10,8,5
HP136EW,14,8,6,5
HP136EX,74,45,29,39
HP136EY,82,41,41,34
HP136EZ,81,43,38,33
HP136FF,3,2,1,2
HP136FQ,40,22,18,24
HP136FU,12,9,3,7
HP136FW,15,7,8,8
HP136FY,7,3,4,4
HP136FZ,38,17,21,18
HP136GH,162,81,81,68
HP136HA,3,1,2,2
HP136HB,10,6,4,7
HP136HF,25,13,12,8
HP136HH,57,34,23,28
HP136HJ,38,17,21,22
HP136HL,111,64,47,36
HP136HN,82,30,52,19
HP136HP,28,18,10,11
HP136HQ,32,20,12,16
HP136HR,43,24,19,15
HP136HT,27,14,13,13
HP136HW,85,43,42,37
HP136HZ,37,23,14,14
HP136JA,125,60,65,40
HP136JB,85,44,41,30
HP136JE,21,13,8,11
HP136JG,103,53,50,44
HP136JH,53,27,26,18
HP136JJ,79,33,46,38
HP136JL,18,9,9,4
HP136JN,62,32,30,28
HP136JP,52,31,21,17
HP136JQ,91,44,47,38
HP136JR,68,32,36,23
HP136JS,72,41,31,27
HP136JT,82,40,42,32
HP136JU,62,28,34,24
HP136JW,66,34,32,34
HP136JX,45,23,22,18
HP136JY,63,31,32,25
HP136LE,7,4,3,5
HP136LF,10,5,5,5
HP136LJ,14,6,8,10
HP136LL,7,5,2,4
HP136LW,20,12,8,10
HP136LX,21,13,8,12
HP136LY,13,8,5,6
HP136LZ,19,12,7,8
HP136NB,11,8,3,6
HP136NF,9,8,1,5
HP136NQ,45,32,13,10
HP136NR,8,5,3,2
HP136NU,23,7,16,12
HP136NZ,5,4,1,3
HP136PA,14,9,5,9
HP136PB,54,23,31,25
HP136PD,50,28,22,23
HP136PE,18,10,8,12
HP136PF,31,18,13,21
HP136PG,53,37,16,25
HP136PH,35,20,15,17
HP136PJ,97,49,48,38
HP136PL,20,12,8,6
HP136PN,14,7,7,5
HP136PQ,16,7,9,7
HP136PR,101,4,97,4
HP136PU,17,8,9,7
HP136PW,38,19,19,16
HP136PX,9,4,5,5
HP136PY,67,22,45,28
HP136PZ,28,9,19,11
HP136QA,31,19,12,11
HP136QB,6,4,2,3
HP136QD,21,10,11,10
HP136QE,34,18,16,15
HP136QG,55,27,28,21
HP136QH,11,6,5,4
HP136QJ,74,35,39,24
HP136QL,11,5,6,3
HP136QN,22,10,12,8
HP136QP,46,15,31,16
HP136QR,34,21,13,16
HP136QS,50,24,26,14
HP136QU,69,34,35,23
HP136QW,50,23,27,18
HP136QX,69,34,35,23
HP136QY,71,32,39,24
HP136RA,25,15,10,7
HP136RG,21,10,11,11
HP136RN,18,9,9,10
HP136RU,3,1,2,2
HP136RX,20,7,13,10
HP136RZ,5,4,1,3
HP136SG,18,14,4,11
HP136SH,34,22,12,16
HP136SJ,28,15,13,14
HP136SL,77,46,31,50
HP136SN,109,65,44,52
HP136SP,28,15,13,9
HP136SQ,48,26,22,26
HP136SR,65,37,28,22
HP136ST,9,5,4,4
HP136SW,67,42,25,27
HP136SX,50,23,27,17
HP136SY,21,10,11,8
HP136SZ,59,27,32,22
HP136TA,31,18,13,19
HP136TB,71,34,37,18
HP136TE,9,6,3,8
HP136TF,43,21,22,31
HP136TJ,39,18,21,18
HP136TL,62,35,27,15
HP136TP,17,8,9,6
HP136TQ,15,11,4,7
HP136TS,137,72,65,45
HP136TT,120,58,62,37
HP136TU,81,41,40,29
HP136TW,33,15,18,8
HP136TX,29,17,12,8
HP136TY,86,40,46,25
HP136TZ,39,18,21,11
HP136UA,77,45,32,21
HP136UB,119,64,55,32
HP136UD,27,9,18,8
HP136UE,86,43,43,22
HP136UF,42,24,18,13
HP136UG,71,33,38,19
HP136UH,8,6,2,2
HP136UJ,118,61,57,34
HP136UL,128,70,58,31
HP136UN,87,44,43,22
HP136UP,59,26,33,16
HP136UQ,67,27,40,18
HP136UR,117,59,58,30
HP136UW,201,100,101,46
HP136XA,162,85,77,47
HP136XB,122,68,54,47
HP136XD,58,21,37,19
HP136XE,52,22,30,21
HP136XG,106,59,47,39
HP136XJ,109,62,47,43
HP136XL,73,48,25,43
HP136XP,133,62,71,41
HP136XQ,64,29,35,37
HP136XR,145,67,78,46
HP136XS,93,44,49,31
HP136XT,22,10,12,6
HP136XU,73,40,33,27
HP136XW,44,23,21,13
HP136XX,109,59,50,30
HP136XY,84,43,41,28
HP136XZ,110,54,56,34
HP136YA,107,60,47,37
HP136YB,129,63,66,37
HP136YD,125,64,61,40
HP137AD,142,76,66,51
HP137AG,75,36,39,30
HP137AH,45,24,21,19
HP137AJ,16,8,8,11
HP137AL,31,17,14,13
HP137AN,70,38,32,28
HP137AP,58,31,27,20
HP137AQ,29,13,16,16
HP137AR,58,24,34,20
HP137AS,50,26,24,22
HP137AT,53,31,22,27
HP137AU,9,6,3,7
HP137AW,60,31,29,25
HP137AX,44,24,20,22
HP137AY,106,57,49,62
HP137AZ,109,53,56,62
HP137BA,9,4,5,4
HP137BB,79,40,39,35
HP137BD,128,64,64,50
HP137BE,48,21,27,17
HP137BF,30,16,14,12
HP137BG,61,28,33,27
HP137BH,109,56,53,42
HP137BJ,91,48,43,37
HP137BL,102,49,53,36
HP137BN,68,37,31,25
HP137BP,73,30,43,30
HP137BQ,112,57,55,43
HP137BS,48,24,24,32
HP137BT,64,31,33,22
HP137BU,143,58,85,47
HP137BW,74,38,36,33
HP137BX,12,6,6,4
HP137BY,18,9,9,7
HP137BZ,21,9,12,6
HP137DA,14,6,8,6
HP137DD,14,9,5,7
HP137DE,11,6,5,3
HP137DF,43,18,25,12
HP137DH,25,13,12,14
HP137DP,47,24,23,22
HP137DQ,77,39,38,24
HP137DR,54,28,26,19
HP137DS,28,17,11,10
HP137DT,89,37,52,34
HP137DU,61,26,35,18
HP137DX,112,56,56,41
HP137DY,67,30,37,29
HP137DZ,59,33,26,26
HP137EA,103,52,51,42
HP137EB,11,4,7,8
HP137ED,98,47,51,30
HP137EE,58,28,30,23
HP137EF,77,37,40,32
HP137EG,23,12,11,8
HP137EH,24,13,11,14
HP137EJ,34,16,18,13
HP137EL,19,9,10,8
HP137EN,52,22,30,24
HP137EP,31,9,22,11
HP137ER,134,73,61,74
HP137ES,155,78,77,52
HP137ET,99,46,53,32
HP137EU,108,51,57,36
HP137EW,112,62,50,45
HP137EX,76,42,34,32
HP137EY,73,36,37,30
HP137EZ,60,28,32,25
HP137FF,29,15,14,11
HP137FN,24,13,11,13
HP137FQ,18,10,8,9
HP137FT,16,9,7,9
HP137FW,164,75,89,52
HP137FZ,76,33,43,37
HP137GF,207,103,104,89
HP137GG,177,90,87,87
HP137GQ,28,18,10,15
HP137GW,8,4,4,3
HP137HA,120,65,55,43
HP137HB,128,60,68,48
HP137HD,99,43,56,35
HP137HE,120,65,55,47
HP137HF,73,34,39,32
HP137HG,23,11,12,15
HP137HH,16,7,9,13
HP137HJ,15,6,9,6
HP137HL,79,37,42,39
HP137HN,54,29,25,24
HP137HP,34,21,13,8
HP137HQ,33,16,17,12
HP137HR,101,49,52,38
HP137HS,58,22,36,20
HP137HT,102,54,48,34
HP137HU,95,40,55,32
HP137HW,107,43,64,46
HP137HX,143,60,83,49
HP137HY,137,70,67,43
HP137HZ,137,66,71,52
HP137JA,75,32,43,28
HP137JB,69,30,39,24
HP137JD,45,24,21,15
HP137JE,112,58,54,38
HP137JF,90,40,50,35
HP137JH,59,31,28,29
HP137JJ,8,3,5,5
HP137JN,34,17,17,13
HP137JP,139,73,66,43
HP137JR,102,60,42,34
HP137JS,70,36,34,21
HP137JT,51,22,29,20
HP137JU,74,39,35,29
HP137JW,24,9,15,12
HP137JY,11,4,7,7
HP137LA,54,28,26,19
HP137LB,56,35,21,16
HP137LD,103,48,55,38
HP137LE,76,39,37,23
HP137LF,62,33,29,23
HP137LG,112,54,58,38
HP137LH,54,25,29,33
HP137LJ,39,18,21,16
HP137LL,97,52,45,35
HP137LN,83,40,43,26
HP137LP,9,4,5,4
HP137LQ,22,11,11,6
HP137LR,36,17,19,11
HP137LS,28,12,16,9
HP137LT,21,11,10,6
HP137LU,47,25,22,22
HP137LW,50,25,25,16
HP137LX,14,6,8,7
HP137LY,47,23,24,23
HP137LZ,39,23,16,16
HP137NA,25,8,17,18
HP137NB,56,28,28,23
HP137ND,31,20,11,17
HP137NE,108,54,54,34
HP137NF,38,19,19,9
HP137NG,91,46,45,37
HP137NH,39,19,20,15
HP137NJ,95,55,40,28
HP137NL,93,45,48,30
HP137NN,86,40,46,34
HP137NQ,6,4,2,2
HP137NR,29,14,15,9
HP137NS,123,55,68,45
HP137NT,75,40,35,26
HP137NU,72,41,31,26
HP137NW,43,25,18,17
HP137NX,62,35,27,24
HP137NY,6,3,3,4
HP137PA,32,16,16,10
HP137PB,76,36,40,39
HP137PE,46,19,27,20
HP137PF,12,8,4,8
HP137PG,16,10,6,4
HP137PH,53,26,27,22
HP137PJ,90,42,48,30
HP137PN,32,14,18,12
HP137PQ,113,58,55,40
HP137PS,43,22,21,17
HP137PT,80,40,40,33
HP137PU,119,58,61,43
HP137PX,63,32,31,22
HP137PY,50,25,25,18
HP137PZ,42,22,20,15
HP137QA,33,16,17,11
HP137QB,54,24,30,23
HP137QD,87,46,41,35
HP137QE,10,4,6,3
HP137QF,9,5,4,5
HP137QG,31,13,18,11
HP137QH,56,32,24,42
HP137QJ,123,57,66,49
HP137QN,51,23,28,21
HP137QP,71,33,38,28
HP137QQ,14,5,9,5
HP137QR,50,21,29,26
HP137QS,57,29,28,19
HP137QT,27,13,14,8
HP137QU,65,24,41,32
HP137QW,73,39,34,31
HP137QX,7,2,5,5
HP137QZ,72,43,29,30
HP137RA,79,39,40,33
HP137RB,142,65,77,49
HP137RD,62,32,30,22
HP137RE,109,61,48,30
HP137RF,50,25,25,16
HP137RG,86,37,49,27
HP137RH,37,20,17,12
HP137RP,34,17,17,10
HP137RQ,57,23,34,16
HP137RR,53,22,31,21
HP137RS,59,33,26,20
HP137RT,90,49,41,30
HP137RU,60,29,31,22
HP137RW,94,46,48,25
HP137RX,70,38,32,30
HP137RY,83,44,39,30
HP137RZ,39,17,22,18
HP137SB,46,23,23,33
HP137SE,17,10,7,10
HP137SF,10,7,3,10
HP137SG,62,32,30,22
HP137SH,77,36,41,31
HP137SL,125,58,67,37
HP137SP,28,14,14,12
HP137SQ,66,33,33,31
HP137SR,28,14,14,10
HP137ST,33,19,14,13
HP137SU,30,9,21,12
HP137SW,120,54,66,43
HP137SX,82,33,49,33
HP137SY,34,15,19,29
HP137SZ,11,5,6,6
HP137TA,49,24,25,22
HP137TB,41,16,25,31
HP137TD,26,14,12,13
HP137TE,49,21,28,19
HP137TF,64,31,33,20
HP137TG,43,23,20,18
HP137TH,129,45,84,44
HP137TJ,31,14,17,14
HP137TN,15,5,10,7
HP137TP,40,23,17,30
HP137TQ,60,27,33,22
HP137TR,127,60,67,60
HP137TS,21,8,13,18
HP137TU,14,9,5,12
HP137TW,7,5,2,5
HP137TX,20,7,13,9
HP137TY,88,47,41,44
HP137TZ,71,34,37,37
HP137UA,95,40,55,42
HP137UB,23,13,10,18
HP137UD,70,34,36,25
HP137UE,186,100,86,55
HP137UG,47,22,25,20
HP137UH,121,66,55,63
HP137UL,105,55,50,56
HP137UN,25,10,15,20
HP137UP,11,5,6,8
HP137UW,61,27,34,28
HP137UX,14,3,11,8
HP137UY,9,5,4,8
HP137UZ,10,5,5,8
HP137WX,44,18,26,14
HP137WY,16,11,5,10
HP137WZ,74,41,33,40
HP137XA,46,22,24,15
HP137XB,25,11,14,11
HP137XD,33,16,17,12
HP137XE,22,15,7,17
HP137XF,25,15,10,17
HP137XG,26,17,9,17
HP137XH,31,12,19,12
HP137XJ,64,29,35,20
HP137XL,43,18,25,17
HP137XN,126,63,63,49
HP137XP,17,7,10,8
HP137XQ,31,11,20,12
HP137XR,58,29,29,25
HP137XS,102,49,53,42
HP137XT,27,16,11,16
HP137XU,56,32,24,20
HP137XW,15,9,6,4
HP137XX,67,28,39,25
HP137XY,16,6,10,8
HP137XZ,92,43,49,47
HP137YA,40,22,18,15
HP137YB,29,15,14,16
HP137YD,65,38,27,37
HP137YE,139,69,70,51
HP137YG,144,77,67,81
HP137YH,12,5,7,11
HP137YN,67,31,36,20
HP137YQ,13,8,5,7
HP137YT,59,29,30,22
HP137YW,32,18,14,19
HP143AA,2,1,1,1
HP143AB,37,18,19,17
HP143AE,26,12,14,14
HP143AF,33,13,20,14
HP143AG,40,19,21,22
HP143AH,43,16,27,23
HP143AJ,2,1,1,1
HP143AL,10,5,5,6
HP143AN,11,3,8,4
HP143AP,2,1,1,1
HP143AR,117,59,58,48
HP143AS,42,21,21,14
HP143AT,12,7,5,6
HP143AU,28,14,14,8
HP143AW,4,2,2,4
HP143AX,42,23,19,14
HP143AY,2,1,1,1
HP143AZ,2,1,1,1
HP143BA,1,1,0,1
HP143BB,28,10,18,13
HP143BD,29,13,16,12
HP143BE,38,23,15,16
HP143BH,7,4,3,4
HP143BJ,4,1,3,1
HP143BL,5,3,2,1
HP143BN,73,35,38,27
HP143BP,112,57,55,35
HP143BS,14,5,9,5
HP143BT,57,26,31,26
HP143BU,16,8,8,10
HP143BW,49,24,25,22
HP143BX,8,5,3,3
HP143BZ,18,8,10,9
HP143DA,6,5,1,3
HP143DB,19,12,7,5
HP143DD,43,22,21,16
HP143DE,27,13,14,9
HP143DF,27,13,14,12
HP143DG,36,16,20,13
HP143DH,54,29,25,18
HP143DJ,22,11,11,17
HP143DN,33,13,20,15
HP143DP,27,12,15,10
HP143DQ,71,32,39,28
HP143DR,30,15,15,10
HP143DS,25,10,15,21
HP143DT,30,11,19,11
HP143DU,49,26,23,17
HP143DW,31,16,15,12
HP143DX,65,31,34,25
HP143DY,51,25,26,15
HP143DZ,47,25,22,15
HP143EA,59,29,30,26
HP143EB,82,42,40,28
HP143ED,15,5,10,6
HP143EE,16,9,7,7
HP143EG,7,4,3,3
HP143EH,37,22,15,15
HP143EJ,17,12,5,6
HP143EL,5,4,1,2
HP143EP,9,6,3,6
HP143EQ,97,49,48,37
HP143ER,10,5,5,6
HP143ES,17,8,9,7
HP143ET,15,5,10,6
HP143EU,22,10,12,8
HP143EX,25,12,13,10
HP143EY,22,10,12,7
HP143EZ,5,3,2,2
HP143FF,7,3,4,3
HP143FG,8,3,5,4
HP143FN,20,11,9,9
HP143FW,9,5,4,6
HP143FY,5,2,3,2
HP143GE,5,3,2,2
HP143GY,25,7,18,11
HP143HB,14,6,8,5
HP143HD,14,8,6,7
HP143HE,17,5,12,13
HP143HF,4,3,1,1
HP143HG,24,11,13,10
HP143HJ,40,22,18,19
HP143HL,10,4,6,4
HP143HN,28,12,16,9
HP143HQ,29,15,14,14
HP143HR,38,19,19,17
HP143HS,19,9,10,7
HP143HT,18,10,8,9
HP143HU,24,12,12,8
HP143HX,29,14,15,12
HP143HY,10,4,6,6
HP143HZ,2,1,1,1
HP143JA,56,31,25,37
HP143JB,30,17,13,11
HP143JD,125,59,66,41
HP143JE,5,3,2,2
HP143JF,42,19,23,20
HP143JG,10,5,5,5
HP143JJ,6,2,4,3
HP143JL,31,16,15,10
HP143JN,121,64,57,36
HP143JP,52,26,26,20
HP143JQ,74,30,44,26
HP143JR,26,10,16,15
HP143JS,32,15,17,15
HP143JU,18,10,8,12
HP143JW,60,32,28,26
HP143JX,115,56,59,37
HP143JZ,5,2,3,3
HP143LA,39,18,21,17
HP143LB,80,44,36,33
HP143LD,91,44,47,27
HP143LE,26,11,15,17
HP143LF,24,12,12,13
HP143LG,41,19,22,13
HP143LH,54,24,30,16
HP143LL,36,14,22,27
HP143LN,10,3,7,3
HP143LP,61,32,29,20
HP143LQ,38,18,20,16
HP143LR,10,6,4,5
HP143LS,22,11,11,10
HP143LT,4,2,2,1
HP143LU,79,37,42,28
HP143LX,43,23,20,19
HP143LY,27,19,8,10
HP143LZ,21,8,13,8
HP143NA,39,23,16,16
HP143NB,72,29,43,26
HP143ND,24,12,12,12
HP143NE,29,13,16,11
HP143NF,23,11,12,10
HP143NG,32,18,14,13
HP143NH,27,15,12,14
HP143NJ,56,34,22,17
HP143NL,21,9,12,9
HP143NN,6,3,3,3
HP143NP,13,7,6,6
HP143NQ,65,28,37,22
HP143NR,4,2,2,1
HP143NT,76,38,38,28
HP143NU,11,4,7,5
HP143NW,6,3,3,3
HP143NX,3,2,1,1
HP143NY,19,10,9,8
HP143PB,14,6,8,10
HP143PE,17,8,9,7
HP143PF,32,15,17,9
HP143PG,7,4,3,3
HP143PH,9,5,4,3
HP143PJ,15,7,8,6
HP143PL,46,25,21,22
HP143PN,7,4,3,6
HP143PP,19,11,8,7
HP143PQ,16,7,9,5
HP143PR,2,1,1,1
HP143PS,40,20,20,15
HP143PT,24,12,12,10
HP143PU,44,24,20,13
HP143PW,5,2,3,3
HP143PX,106,52,54,39
HP143PY,33,19,14,12
HP143PZ,40,19,21,16
HP143QA,39,14,25,17
HP143QB,48,26,22,19
HP143QD,18,8,10,8
HP143QE,30,16,14,11
HP143QF,59,32,27,20
HP143QG,58,26,32,24
HP143QH,71,31,40,22
HP143QJ,80,37,43,31
HP143QL,18,11,7,7
HP143QN,15,6,9,7
HP143QP,33,14,19,16
HP143QQ,109,54,55,40
HP143QR,86,43,43,32
HP143QS,66,31,35,26
HP143QT,64,30,34,18
HP143QU,96,51,45,43
HP143QW,114,57,57,40
HP143QX,80,39,41,31
HP143QY,46,22,24,25
HP143QZ,19,11,8,6
HP143RB,36,14,22,29
HP143RD,56,29,27,34
HP143RE,11,5,6,6
HP143RF,3,2,1,2
HP143RG,33,19,14,12
HP143RH,11,5,6,5
HP143RJ,23,13,10,7
HP143RL,65,30,35,39
HP143RN,75,39,36,26
HP143RP,65,36,29,24
HP143RQ,13,7,6,6
HP143RR,55,28,27,26
HP143RS,20,12,8,8
HP143RT,102,55,47,35
HP143RU,7,3,4,4
HP143RW,9,3,6,4
HP143RX,25,15,10,18
HP143RY,9,6,3,7
HP143RZ,5,3,2,4
HP143SA,12,4,8,4
HP143SB,40,18,22,35
HP143SD,15,7,8,5
HP143SE,17,8,9,10
HP143SF,6,2,4,3
HP143SG,57,26,31,22
HP143SH,103,50,53,30
HP143SJ,80,46,34,29
HP143SL,37,19,18,20
HP143SN,109,53,56,36
HP143SP,54,22,32,30
HP143SQ,112,51,61,51
HP143SR,20,11,9,9
HP143SU,6,1,5,5
HP143SW,75,32,43,30
HP143SX,22,14,8,11
HP143SY,37,15,22,13
HP143SZ,52,25,27,21
HP143TA,1,0,1,1
HP143TB,106,52,54,41
HP143TD,15,8,7,6
HP143TE,90,46,44,39
HP143TF,118,60,58,53
HP143TG,55,30,25,29
HP143TH,24,9,15,14
HP143TJ,16,8,8,9
HP143TL,19,10,9,11
HP143TN,33,17,16,11
HP143TP,114,53,61,44
HP143TQ,16,8,8,7
HP143TR,1,0,1,1
HP143TS,27,16,11,11
HP143TT,39,17,22,13
HP143TU,18,11,7,6
HP143TW,20,10,10,6
HP143TX,7,4,3,3
HP143TY,40,21,19,15
HP143TZ,20,9,11,9
HP143UA,6,3,3,3
HP143UB,16,9,7,12
HP143UD,6,4,2,3
HP143UF,16,8,8,5
HP143UG,2,1,1,2
HP143UH,21,13,8,7
HP143UJ,6,3,3,4
HP143UL,25,14,11,8
HP143UN,7,4,3,2
HP143UP,20,12,8,8
HP143UQ,6,2,4,2
HP143UR,26,13,13,9
HP143UT,35,18,17,13
HP143UU,13,9,4,5
HP143UW,31,16,15,9
HP143UX,63,31,32,25
HP143UY,26,13,13,11
HP143UZ,61,31,30,25
HP143XA,43,22,21,17
HP143XB,35,20,15,15
HP143XD,84,45,39,32
HP143XE,14,7,7,6
HP143XF,88,39,49,36
HP143XG,53,26,27,19
HP143XH,13,7,6,6
HP143XJ,4,2,2,2
HP143XL,14,11,3,0
HP143XN,7,2,5,3
HP143XQ,99,53,46,37
HP143XR,11,5,6,4
HP143XS,6,2,4,5
HP143XT,88,48,40,36
HP143XU,8,3,5,2
HP143XX,35,16,19,12
HP143XY,34,17,17,15
HP143XZ,70,34,36,26
HP143YA,3,2,1,2
HP143YB,5,4,1,2
HP143YE,5,3,2,3
HP143YF,5,2,3,2
HP143YG,14,9,5,5
HP143YH,5,3,2,3
HP143YJ,2,2,0,2
HP143YN,13,9,4,3
HP143YQ,4,3,1,1
HP143YW,5,4,1,3
HP143ZD,19,11,8,7
HP143ZE,9,7,2,7
HP144AA,59,29,30,21
HP144AB,24,14,10,11
HP144AE,19,11,8,7
HP144AF,13,7,6,5
HP144AH,24,12,12,9
HP144AJ,68,39,29,26
HP144AL,54,28,26,23
HP144AP,97,48,49,36
HP144AQ,39,19,20,14
HP144AR,7,3,4,4
HP144AT,7,4,3,3
HP144AW,91,41,50,33
HP144AX,26,11,15,12
HP144AY,8,4,4,5
HP144AZ,6,3,3,3
HP144BA,12,6,6,3
HP144BB,69,34,35,27
HP144BE,1,0,1,1
HP144BH,26,12,14,10
HP144BP,4,2,2,1
HP144BQ,9,5,4,2
HP144BS,6,3,3,4
HP144BU,2,1,1,1
HP144BX,9,5,4,4
HP144BY,94,43,51,36
HP144BZ,69,35,34,28
HP144DB,13,9,4,5
HP144DD,36,18,18,19
HP144DE,7,3,4,5
HP144DF,17,8,9,5
HP144DH,16,9,7,8
HP144DJ,91,45,46,42
HP144DN,72,32,40,29
HP144DP,30,17,13,11
HP144DT,4,2,2,2
HP144DU,2,1,1,1
HP144DW,41,19,22,19
HP144DX,2,1,1,1
HP144DY,18,7,11,6
HP144DZ,17,8,9,10
HP144EB,20,11,9,10
HP144ED,9,5,4,3
HP144EE,7,3,4,2
HP144EF,24,11,13,9
HP144EQ,58,29,29,21
HP144ES,7,3,4,4
HP144EX,26,12,14,10
HP144EY,71,36,35,28
HP144EZ,69,34,35,25
HP144HA,6,2,4,3
HP144HD,16,8,8,6
HP144HE,4,3,1,1
HP144HF,38,20,18,21
HP144HH,15,11,4,5
HP144HL,6,3,3,1
HP144HN,6,3,3,4
HP144HP,18,11,7,7
HP144HR,29,16,13,15
HP144HT,24,10,14,10
HP144HU,2,2,0,2
HP144HX,54,24,30,24
HP144HY,55,28,27,24
HP144JA,11,5,6,4
HP144JB,42,19,23,0
HP144JD,5,3,2,3
HP144JG,13,6,7,4
HP144JH,78,38,40,31
HP144JJ,63,31,32,28
HP144JL,30,13,17,10
HP144JN,28,11,17,12
HP144JQ,8,3,5,2
HP144JR,31,14,17,12
HP144JT,2,1,1,1
HP144JW,7,4,3,2
HP144LA,17,10,7,8
HP144LB,20,13,7,8
HP144LD,11,7,4,7
HP144LG,31,14,17,12
HP144LJ,159,80,79,57
HP144LL,60,32,28,25
HP144LN,47,21,26,21
HP144LP,31,17,14,14
HP144LQ,38,16,22,17
HP144LR,6,4,2,2
HP144LT,122,63,59,42
HP144LU,81,39,42,32
HP144LW,76,37,39,28
HP144LX,71,37,34,33
HP144LY,71,35,36,26
HP144LZ,104,51,53,33
HP144NB,7,4,3,2
HP144NE,73,36,37,29
HP144NF,17,10,7,6
HP144NG,22,10,12,7
HP144NH,31,18,13,14
HP144NJ,24,13,11,7
HP144NL,26,17,9,12
HP144NN,70,32,38,26
HP144NQ,11,5,6,5
HP144NS,15,8,7,6
HP144NW,10,6,4,4
HP144NX,39,19,20,15
HP144NY,48,24,24,17
HP144NZ,36,19,17,14
HP144PA,32,15,17,14
HP144PB,24,12,12,7
HP144PD,38,20,18,15
HP144PE,24,13,11,11
HP144PF,59,31,28,18
HP144PG,41,21,20,20
HP144PN,71,35,36,25
HP144PP,15,5,10,7
HP144PQ,54,26,28,17
HP144PR,71,33,38,30
HP144PW,54,25,29,19
HP144PZ,28,12,16,12
HP144QA,54,25,29,22
HP144QB,63,31,32,28
HP144QD,52,26,26,21
HP144QE,10,5,5,4
HP144QF,8,4,4,4
HP144QG,25,10,15,9
HP144QH,47,24,23,19
HP144QJ,48,23,25,16
HP144QL,26,17,9,8
HP144QN,6,2,4,3
HP144QP,17,6,11,10
HP144QR,28,13,15,13
HP144QW,35,16,19,17
HP144QX,63,32,31,24
HP144QY,105,55,50,42
HP144QZ,39,21,18,14
HP144RA,75,37,38,34
HP144RB,57,27,30,21
HP144RD,10,4,6,5
HP144RE,25,11,14,11
HP144RF,22,9,13,8
HP144RG,17,7,10,8
HP144RH,4,2,2,2
HP144RJ,26,14,12,9
HP144RL,51,23,28,19
HP144RP,34,17,17,27
HP144RQ,1,0,1,1
HP144RR,25,12,13,10
HP144RS,13,6,7,4
HP144RT,10,4,6,6
HP144RU,44,22,22,21
HP144RX,61,30,31,24
HP144RY,58,24,34,25
HP144SA,49,25,24,20
HP144SB,33,15,18,15
HP144SD,43,21,22,18
HP144SE,17,6,11,8
HP144SF,28,14,14,13
HP144SG,44,25,19,17
HP144SH,19,10,9,8
HP144SJ,8,4,4,3
HP144SL,39,22,17,15
HP144SN,11,6,5,4
HP144SP,24,11,13,10
HP144SQ,49,22,27,18
HP144SR,51,24,27,25
HP144SS,56,26,30,27
HP144ST,31,14,17,14
HP144SU,19,8,11,10
HP144SZ,39,23,16,14
HP144TA,5,2,3,1
HP144TD,29,15,14,12
HP144TH,79,33,46,32
HP144TL,8,3,5,4
HP144TN,83,39,44,27
HP144TP,20,13,7,11
HP144TR,79,36,43,40
HP144TS,9,4,5,6
HP144TT,13,7,6,6
HP144TW,30,16,14,11
HP144TX,16,8,8,6
HP144TY,13,9,4,12
HP144UA,4,2,2,2
HP144UD,12,5,7,6
HP144UE,237,167,70,0
HP144UF,103,54,49,36
HP144UH,54,27,27,21
HP144UN,89,43,46,30
HP144UP,50,28,22,18
HP144UR,74,39,35,22
HP144UT,84,39,45,26
HP144UU,41,22,19,15
HP144UW,74,38,36,20
HP144UY,34,19,15,19
HP144UZ,40,22,18,14
HP144XA,114,59,55,34
HP144XB,71,35,36,24
HP144XD,88,38,50,33
HP144XE,74,39,35,23
HP144XF,121,65,56,40
HP144XG,59,25,34,23
HP144XJ,10,5,5,5
HP144XL,42,23,19,16
HP144XN,75,41,34,25
HP144XP,8,3,5,4
HP144XQ,71,29,42,23
HP144XW,89,44,45,30
HP156AA,105,51,54,32
HP156AD,43,19,24,17
HP156AE,1,1,0,1
HP156AF,55,25,30,19
HP156AH,33,17,16,13
HP156AJ,60,25,35,23
HP156AL,11,5,6,3
HP156AN,3,1,2,1
HP156AS,12,5,7,5
HP156AT,25,14,11,10
HP156AU,105,47,58,43
HP156BD,14,7,7,5
HP156BE,116,55,61,47
HP156BG,8,4,4,4
HP156BH,70,33,37,26
HP156BJ,64,33,31,24
HP156BL,94,37,57,32
HP156BN,20,11,9,8
HP156BP,88,45,43,35
HP156BQ,61,35,26,22
HP156BS,115,57,58,39
HP156BT,5,1,4,4
HP156BU,92,46,46,37
HP156BW,84,40,44,37
HP156BX,53,28,25,16
HP156BY,38,18,20,13
HP156BZ,74,39,35,24
HP156DA,9,4,5,4
HP156DN,92,43,49,31
HP156DP,19,10,9,5
HP156DR,73,33,40,38
HP156DS,64,33,31,24
HP156DW,4,1,3,2
HP156DZ,9,6,3,4
HP156EA,2,1,1,1
HP156EB,20,8,12,9
HP156ED,45,24,21,15
HP156EE,21,12,9,4
HP156EF,54,29,25,17
HP156EG,46,19,27,21
HP156EH,7,4,3,3
HP156EJ,7,3,4,5
HP156EN,14,7,7,6
HP156EP,108,53,55,42
HP156EQ,13,8,5,5
HP156ER,37,19,18,14
HP156ET,52,26,26,20
HP156EU,9,4,5,4
HP156EW,75,36,39,31
HP156EX,43,20,23,14
HP156EY,33,16,17,11
HP156EZ,66,31,35,26
HP156HA,22,15,7,8
HP156HB,94,44,50,32
HP156HH,12,6,6,4
HP156HL,90,51,39,28
HP156HN,64,31,33,35
HP156HP,103,51,52,39
HP156HR,49,23,26,18
HP156HS,58,28,30,22
HP156HT,8,2,6,5
HP156HU,25,12,13,12
HP156HW,55,29,26,20
HP156HX,90,41,49,32
HP156HY,56,28,28,23
HP156HZ,8,4,4,2
HP156JA,60,36,24,20
HP156JE,52,25,27,21
HP156JP,24,14,10,9
HP156JR,48,28,20,18
HP156JS,101,53,48,37
HP156JT,12,6,6,4
HP156JX,13,6,7,6
HP156JY,15,8,7,6
HP156LD,6,4,2,3
HP156LG,9,6,3,5
HP156LH,21,12,9,7
HP156LJ,37,28,9,12
HP156LL,24,13,11,11
HP156LN,6,3,3,3
HP156LP,34,0,34,4
HP156LQ,5,3,2,2
HP156LS,16,8,8,4
HP156LT,58,27,31,23
HP156LW,33,14,19,11
HP156LY,12,8,4,5
HP156ND,92,50,42,33
HP156NE,40,19,21,13
HP156NL,9,3,6,4
HP156NN,69,41,28,26
HP156NP,85,37,48,29
HP156NR,11,4,7,5
HP156NS,87,37,50,35
HP156NT,42,18,24,21
HP156NU,42,21,21,18
HP156NW,10,5,5,4
HP156NX,4,3,1,3
HP156PA,98,56,42,37
HP156PE,23,12,11,11
HP156PF,34,16,18,11
HP156PG,4,2,2,2
HP156PU,44,25,19,17
HP156PX,71,34,37,31
HP156PY,113,48,65,43
HP156PZ,61,29,32,29
HP156QG,47,26,21,17
HP156QQ,53,24,29,26
HP156QU,58,27,31,25
HP156QX,74,36,38,29
HP156QY,23,12,11,11
HP156RA,47,27,20,36
HP156RB,23,11,12,10
HP156RD,33,14,19,12
HP156RE,73,39,34,25
HP156RF,100,45,55,40
HP156RG,18,10,8,7
HP156RH,12,7,5,7
HP156RJ,37,12,25,18
HP156RL,26,16,10,22
HP156RN,17,7,10,7
HP156RP,13,5,8,8
HP156RQ,30,17,13,13
HP156RT,31,12,19,12
HP156RW,3,3,0,2
HP156RX,59,32,27,18
HP156RY,42,20,22,18
HP156RZ,18,8,10,7
HP156SA,2,1,1,1
HP156SB,18,8,10,7
HP156SE,56,26,30,24
HP156SF,78,34,44,33
HP156SG,89,37,52,41
HP156SJ,28,12,16,20
HP156SL,73,40,33,29
HP156SN,24,12,12,14
HP156SP,69,30,39,27
HP156SQ,14,7,7,5
HP156SR,77,35,42,31
HP156SS,20,10,10,7
HP156ST,9,4,5,4
HP156SU,67,31,36,25
HP156SW,36,20,16,12
HP156SX,38,20,18,17
HP156SY,34,15,19,13
HP156SZ,20,9,11,8
HP156TA,45,18,27,20
HP156TB,34,17,17,13
HP156TD,11,5,6,5
HP156TE,25,13,12,10
HP156TF,58,31,27,24
HP156TG,32,13,19,14
HP156TH,36,16,20,18
HP156TJ,51,26,25,18
HP156TL,61,31,30,19
HP156TN,66,35,31,28
HP156TP,8,3,5,3
HP156TQ,70,29,41,32
HP156TR,17,9,8,6
HP156TS,12,6,6,5
HP156TT,28,5,23,23
HP156TW,39,16,23,13
HP156TX,38,20,18,14
HP156TZ,11,5,6,5
HP156UA,31,15,16,12
HP156UB,28,14,14,9
HP156UD,68,32,36,25
HP156UE,85,41,44,28
HP156UF,104,45,59,33
HP156UG,74,37,37,28
HP156UH,5,2,3,3
HP156UJ,46,25,21,17
HP156UL,42,19,23,14
HP156UN,14,9,5,5
HP156UQ,24,11,13,11
HP156UR,49,23,26,20
HP156UT,68,33,35,24
HP156UU,2,1,1,1
HP156UX,81,41,40,29
HP156UY,58,31,27,22
HP156UZ,70,35,35,26
HP156XA,26,13,13,9
HP156XB,35,20,15,15
HP156XD,15,6,9,6
HP156XE,21,12,9,10
HP156XF,26,12,14,11
HP156XG,9,4,5,4
HP156XH,20,11,9,8
HP156XL,9,4,5,5
HP156XQ,21,10,11,7
HP156XR,67,28,39,23
HP156XS,26,13,13,10
HP156XW,42,21,21,16
HP156XZ,46,25,21,16
HP156YA,71,33,38,29
HP156YB,111,52,59,36
HP157AA,45,23,22,15
HP157AD,87,44,43,36
HP157AE,46,24,22,16
HP157AF,113,57,56,41
HP157AG,101,51,50,35
HP157AH,73,38,35,25
HP157AJ,32,15,17,12
HP157AL,21,13,8,8
HP157AN,106,49,57,38
HP157AP,39,17,22,15
HP157AQ,10,5,5,4
HP157AR,29,15,14,11
HP157AS,61,33,28,27
HP157AT,106,52,54,36
HP157AW,43,17,26,17
HP157AX,11,6,5,6
HP157BB,40,19,21,10
HP157BD,98,41,57,37
HP157BE,81,45,36,27
HP157BG,13,7,6,9
HP157BL,73,37,36,29
HP157BN,11,6,5,5
HP157BP,13,6,7,9
HP157BS,88,43,45,31
HP157BT,53,24,29,22
HP157BW,56,27,29,21
HP157BX,44,23,21,19
HP157BY,67,34,33,27
HP157BZ,49,25,24,22
HP157DB,54,25,29,16
HP157DD,60,29,31,23
HP157DE,68,34,34,23
HP157DF,16,7,9,8
HP157DG,10,4,6,5
HP157DL,33,15,18,18
HP157DP,9,3,6,5
HP157DQ,8,1,7,8
HP157DR,108,54,54,39
HP157DS,92,48,44,36
HP157DT,62,30,32,23
HP157DU,36,17,19,10
HP157DW,153,55,98,37
HP157DX,22,10,12,9
HP157DY,78,35,43,29
HP157DZ,69,31,38,22
HP157EA,57,30,27,18
HP157ED,66,29,37,22
HP157EE,68,33,35,28
HP157EF,79,39,40,30
HP157EN,64,32,32,24
HP157EP,9,6,3,5
HP157ET,51,18,33,18
HP157EU,20,13,7,10
HP157EW,78,39,39,36
HP157EX,23,11,12,10
HP157EY,75,27,48,38
HP157EZ,13,4,9,8
HP157FE,77,36,41,20
HP157FF,15,10,5,12
HP157FG,16,7,9,6
HP157FN,76,39,37,41
HP157FP,65,35,30,28
HP157FQ,24,12,12,8
HP157FR,41,21,20,16
HP157FW,11,5,6,8
HP157HA,31,15,16,20
HP157HB,105,54,51,38
HP157HD,19,12,7,8
HP157HE,123,53,70,47
HP157HL,20,8,12,7
HP157HN,13,7,6,7
HP157HP,16,7,9,8
HP157HR,31,16,15,11
HP157HU,27,12,15,15
HP157HW,53,30,23,22
HP157HY,57,32,25,22
HP157HZ,47,25,22,18
HP157JA,5,2,3,2
HP157JB,43,22,21,16
HP157JF,20,10,10,10
HP157JG,21,10,11,10
HP157JH,24,12,12,7
HP157JJ,85,45,40,35
HP157JL,16,5,11,7
HP157JS,34,21,13,14
HP157JT,48,21,27,17
HP157JU,42,18,24,21
HP157JW,74,41,33,33
HP157JX,64,34,30,24
HP157JY,52,27,25,20
HP157JZ,44,23,21,16
HP157LA,84,42,42,31
HP157LD,13,6,7,8
HP157LG,4,3,1,2
HP157LJ,170,82,88,57
HP157LN,9,5,4,4
HP157LP,12,6,6,5
HP157LQ,9,4,5,4
HP157LR,56,29,27,25
HP157LS,23,11,12,9
HP157LW,67,32,35,33
HP157LY,46,21,25,17
HP157LZ,20,9,11,7
HP157NA,84,37,47,35
HP157NB,1,1,0,1
HP157ND,39,22,17,14
HP157NE,45,23,22,17
HP157NP,44,23,21,17
HP157NR,32,16,16,14
HP157NS,74,39,35,24
HP157NT,58,29,29,20
HP157NU,51,22,29,15
HP157PA,4,3,1,1
HP157PB,46,19,27,17
HP157PD,59,24,35,21
HP157PE,66,28,38,27
HP157PF,11,6,5,8
HP157PG,45,25,20,13
HP157PH,27,11,16,14
HP157PJ,51,24,27,27
HP157PL,74,37,37,25
HP157PN,19,8,11,9
HP157PQ,21,9,12,8
HP157PU,13,5,8,5
HP157PX,61,35,26,19
HP157PY,46,24,22,16
HP157PZ,8,4,4,4
HP157QA,32,19,13,13
HP157QB,18,7,11,11
HP157QD,12,4,8,4
HP157QE,159,78,81,49
HP157QF,21,10,11,5
HP157QH,2,1,1,1
HP157QJ,11,6,5,4
HP157QL,31,16,15,11
HP157QN,19,7,12,8
HP157QP,77,41,36,24
HP157QR,34,18,16,11
HP157QS,15,7,8,5
HP157QT,14,7,7,4
HP157QW,34,15,19,12
HP157QX,32,17,15,10
HP157QY,96,49,47,34
HP157QZ,61,26,35,19
HP157RA,53,27,26,20
HP157RB,78,36,42,31
HP157RD,18,10,8,8
HP157RE,47,21,26,17
HP157RF,29,14,15,10
HP157RG,43,21,22,15
HP157RH,27,11,16,9
HP157RJ,49,24,25,19
HP157RL,37,18,19,18
HP157RN,19,10,9,6
HP157RP,38,17,21,17
HP157RQ,35,16,19,11
HP157RR,81,37,44,28
HP157RS,19,9,10,6
HP157RT,31,15,16,13
HP157RU,10,5,5,4
HP157RW,18,5,13,8
HP157RY,12,6,6,5
HP157SX,76,40,36,29
HP157SY,94,47,47,35
HP157SZ,35,16,19,13
HP157TA,4,2,2,2
HP157TB,65,30,35,26
HP157TD,82,38,44,30
HP157TE,11,7,4,4
HP157TF,101,50,51,35
HP157TG,79,40,39,37
HP157TH,88,40,48,30
HP157TJ,115,61,54,41
HP157TL,64,31,33,29
HP157TN,21,10,11,9
HP157TP,80,35,45,33
HP157TQ,40,20,20,14
HP157TR,53,26,27,21
HP157TS,40,17,23,18
HP157TT,33,19,14,14
HP157TU,37,17,20,10
HP157TW,23,12,11,9
HP157TY,31,15,16,14
HP157TZ,41,10,31,33
HP157UA,28,12,16,11
HP157UB,2,2,0,2
HP157UD,88,41,47,34
HP157UE,26,10,16,10
HP157UF,29,12,17,21
HP157UG,35,19,16,12
HP157UH,41,17,24,17
HP157UJ,33,14,19,13
HP157UL,16,8,8,8
HP157UN,45,24,21,20
HP157UP,32,16,16,14
HP157UQ,12,6,6,4
HP157UR,28,14,14,12
HP157UT,29,17,12,11
HP157UU,61,20,41,51
HP157UW,90,44,46,33
HP157UX,32,14,18,22
HP157UY,15,9,6,9
HP157UZ,16,7,9,9
HP157XQ,35,19,16,14
HP160AF,7,1,6,4
HP160AL,43,19,24,23
HP160AN,34,17,17,13
HP160AR,8,2,6,6
HP160AS,18,8,10,10
HP160AU,13,5,8,5
HP160AX,30,16,14,15
HP160AY,33,10,23,23
HP160AZ,92,51,41,43
HP160BA,4,2,2,2
HP160BB,57,17,40,9
HP160BG,17,9,8,8
HP160BH,19,7,12,8
HP160BJ,31,15,16,14
HP160BL,56,27,29,25
HP160BP,7,2,5,6
HP160BQ,44,22,22,19
HP160BS,54,29,25,22
HP160BT,31,15,16,11
HP160BU,33,17,16,13
HP160BW,48,24,24,20
HP160BX,10,4,6,5
HP160BY,8,5,3,4
HP160BZ,31,11,20,15
HP160DA,14,4,10,12
HP160DE,37,18,19,12
HP160DF,50,28,22,20
HP160DG,6,1,5,2
HP160DH,2,1,1,1
HP160DJ,6,3,3,2
HP160DL,27,13,14,10
HP160DP,140,64,76,50
HP160DR,49,26,23,18
HP160DS,81,38,43,26
HP160DU,62,30,32,20
HP160DX,90,45,45,30
HP160DZ,122,62,60,45
HP160EA,7,4,3,3
HP160EB,56,29,27,20
HP160ED,32,16,16,12
HP160EE,46,23,23,21
HP160EF,67,37,30,25
HP160EG,69,28,41,29
HP160EH,12,7,5,3
HP160EJ,15,6,9,8
HP160EP,2,1,1,1
HP160EQ,40,22,18,13
HP160ER,103,56,47,35
HP160ES,30,15,15,9
HP160EU,79,37,42,29
HP160EX,15,6,9,5
HP160EY,12,5,7,5
HP160EZ,109,49,60,42
HP160HA,11,4,7,4
HP160HB,93,48,45,37
HP160HD,81,37,44,28
HP160HE,2,1,1,1
HP160HG,44,25,19,17
HP160HH,47,18,29,20
HP160HJ,121,65,56,46
HP160HN,26,12,14,12
HP160HQ,10,5,5,5
HP160HR,22,12,10,7
HP160HW,67,34,33,32
HP160HY,17,9,8,6
HP160HZ,4,2,2,2
HP160JA,8,3,5,4
HP160JD,72,37,35,24
HP160JE,35,17,18,12
HP160JG,39,18,21,17
HP160JH,20,9,11,8
HP160JJ,10,6,4,4
HP160JL,27,16,11,10
HP160JN,22,11,11,9
HP160JP,12,6,6,3
HP160JQ,41,22,19,17
HP160JR,30,19,11,11
HP160JS,61,30,31,21
HP160JT,31,14,17,13
HP160JU,57,29,28,27
HP160LA,8,2,6,5
HP160LB,37,21,16,27
HP160LD,47,23,24,18
HP160LE,52,22,30,21
HP160LF,55,31,24,25
HP160LG,159,81,78,65
HP160LH,67,35,32,30
HP160LJ,15,7,8,5
HP160LL,35,17,18,16
HP160LN,51,29,22,22
HP160LP,49,22,27,20
HP160LQ,77,35,42,29
HP160LR,61,27,34,26
HP160LS,69,30,39,20
HP160LT,24,9,15,18
HP160LU,52,23,29,23
HP160LX,39,13,26,12
HP160LY,46,25,21,18
HP160LZ,36,12,24,12
HP160NA,72,33,39,31
HP160NB,50,24,26,25
HP160NH,31,18,13,11
HP160NJ,111,56,55,43
HP160NL,61,34,27,20
HP160NN,34,18,16,13
HP160NP,23,10,13,9
HP160NQ,16,7,9,8
HP160NR,50,24,26,19
HP160NS,63,37,26,25
HP160NT,45,21,24,17
HP160NU,92,46,46,31
HP160NW,70,37,33,22
HP160NZ,22,11,11,11
HP160PA,17,7,10,6
HP160PD,58,30,28,23
HP160PE,81,40,41,28
HP160PF,40,15,25,14
HP160PH,39,9,30,36
HP160PJ,13,6,7,6
HP160PL,41,19,22,14
HP160PN,5,1,4,2
HP160PQ,30,13,17,10
HP160PS,8,5,3,2
HP160PT,25,11,14,9
HP160PU,28,12,16,11
HP160PW,8,4,4,4
HP160PX,49,21,28,17
HP160PY,38,18,20,16
HP160PZ,70,34,36,25
HP160QA,56,28,28,23
HP160QB,26,10,16,19
HP160QD,31,13,18,12
HP160QE,35,15,20,10
HP160QF,33,19,14,11
HP160QG,58,30,28,22
HP160QH,49,26,23,18
HP160QJ,27,12,15,12
HP160QL,33,16,17,11
HP160QN,55,28,27,22
HP160QP,7,4,3,4
HP160QQ,100,48,52,39
HP160QR,14,6,8,4
HP160QS,4,3,1,1
HP160QT,6,4,2,2
HP160QU,12,6,6,7
HP160QW,21,13,8,7
HP160QX,17,8,9,6
HP160QY,77,40,37,31
HP160QZ,30,16,14,11
HP160RA,61,32,29,24
HP160RB,59,35,24,22
HP160RD,15,9,6,7
HP160RE,8,4,4,3
HP160RF,23,12,11,8
HP160RG,51,25,26,18
HP160RH,8,4,4,3
HP160RJ,9,4,5,3
HP160RL,4,2,2,2
HP160RN,15,9,6,5
HP160RP,6,3,3,3
HP160RQ,12,5,7,6
HP160RR,3,2,1,2
HP160RW,7,4,3,4
HP160RX,18,9,9,7
HP160RY,61,32,29,23
HP160RZ,73,38,35,31
HP160SA,40,20,20,15
HP160SB,47,22,25,24
HP160SD,20,9,11,8
HP160SE,101,50,51,34
HP160SF,42,19,23,14
HP160SG,30,11,19,12
HP160SH,57,28,29,19
HP160SJ,82,36,46,29
HP160SL,19,10,9,7
HP160SN,14,8,6,5
HP160SP,28,17,11,8
HP160SQ,52,30,22,18
HP160SR,15,6,9,12
HP160SS,38,19,19,16
HP160ST,32,18,14,10
HP160SU,32,15,17,11
HP160SW,20,11,9,8
HP160UA,7,3,4,4
HP160UJ,10,6,4,3
HP160UU,5,1,4,4
HP169AA,21,9,12,13
HP169AB,18,10,8,10
HP169AD,10,3,7,8
HP169AE,15,3,12,0
HP169AF,55,26,29,25
HP169AG,12,4,8,8
HP169AH,8,5,3,2
HP169AJ,14,9,5,5
HP169AL,23,9,14,12
HP169AN,41,17,24,19
HP169AP,17,7,10,5
HP169AQ,7,2,5,5
HP169AR,133,64,69,60
HP169AT,15,7,8,5
HP169AU,41,18,23,20
HP169AX,20,9,11,8
HP169AZ,38,22,16,25
HP169BA,22,11,11,7
HP169BB,15,5,10,9
HP169BG,58,26,32,20
HP169BH,63,32,31,18
HP169BL,42,20,22,14
HP169BP,19,6,13,18
HP169BS,10,5,5,6
HP169BT,51,23,28,19
HP169BW,21,11,10,11
HP169BX,8,4,4,4
HP169BY,42,19,23,15
HP169BZ,62,26,36,23
HP169DA,24,11,13,10
HP169DB,8,4,4,4
HP169DD,16,6,10,5
HP169DE,8,4,4,3
HP169DF,59,31,28,21
HP169DG,64,30,34,26
HP169DH,57,26,31,27
HP169DJ,39,18,21,14
HP169DL,21,11,10,8
HP169DN,73,35,38,27
HP169DP,27,16,11,10
HP169DQ,4,2,2,2
HP169DR,59,30,29,23
HP169DS,27,17,10,10
HP169DT,17,8,9,6
HP169DU,9,3,6,3
HP169DW,31,17,14,14
HP169DX,26,11,15,12
HP169DY,16,9,7,6
HP169DZ,28,15,13,9
HP169EA,51,22,29,27
HP169EB,22,11,11,11
HP169ED,25,12,13,13
HP169EE,22,9,13,12
HP169EF,7,2,5,4
HP169EG,2,1,1,2
HP169EH,31,9,22,29
HP169EJ,48,24,24,19
HP169EN,63,32,31,23
HP169ER,6,4,2,2
HP169ES,6,3,3,3
HP169ET,72,35,37,31
HP169EU,5,1,4,4
HP169EW,39,19,20,16
HP169EX,21,11,10,6
HP169EY,17,7,10,7
HP169EZ,5,2,3,2
HP169HA,8,5,3,2
HP169HB,5,4,1,2
HP169HD,9,7,2,4
HP169HF,21,12,9,8
HP169HG,47,21,26,16
HP169HH,31,16,15,12
HP169HJ,69,37,32,25
HP169HP,82,39,43,34
HP169HQ,25,13,12,8
HP169HR,69,36,33,21
HP169HS,36,17,19,13
HP169HT,45,20,25,18
HP169HU,7,4,3,3
HP169HX,18,12,6,6
HP169HZ,14,6,8,5
HP169JD,67,27,40,23
HP169JH,25,11,14,10
HP169JJ,4,2,2,2
HP169JL,14,9,5,4
HP169JN,8,3,5,4
HP169JP,34,17,17,12
HP169JR,17,10,7,7
HP169JT,26,15,11,11
HP169JU,6,2,4,3
HP169JW,28,13,15,10
HP169JX,21,11,10,8
HP169JY,27,12,15,11
HP169LA,43,21,22,14
HP169LB,13,5,8,5
HP169LD,42,18,24,18
HP169LE,6,2,4,3
HP169LF,61,31,30,26
HP169LH,57,27,30,20
HP169LJ,51,25,26,25
HP169LL,17,10,7,6
HP169LN,51,25,26,21
HP169LQ,65,35,30,29
HP169LS,80,33,47,17
HP169LT,55,28,27,23
HP169LU,36,13,23,15
HP169LX,13,5,8,7
HP169LZ,44,18,26,18
HP169NA,89,45,44,34
HP169NB,31,18,13,9
HP169NE,4,3,1,3
HP169NF,14,8,6,5
HP169NG,3,1,2,1
HP169NH,19,9,10,10
HP169NJ,4,3,1,2
HP169NN,33,16,17,11
HP169NP,35,18,17,14
HP169NQ,16,9,7,6
HP169NR,9,3,6,4
HP169NT,2,1,1,1
HP169NU,28,15,13,12
HP169NW,11,6,5,5
HP169NX,11,6,5,4
HP169PA,21,9,12,16
HP169PD,26,13,13,8
HP169PE,50,26,24,19
HP169PF,8,5,3,3
HP169PH,8,4,4,4
HP169PL,49,24,25,23
HP169PN,3,1,2,1
HP169PP,8,4,4,4
HP169PR,16,8,8,5
HP169PS,76,35,41,29
HP169PT,17,8,9,8
HP169PW,27,10,17,9
HP169QD,4,0,4,1
HP169QE,24,12,12,8
HP169QF,32,15,17,11
HP169QG,33,17,16,16
HP169QH,96,53,43,33
HP169QJ,89,45,44,28
HP169QL,61,32,29,24
HP169QN,40,19,21,12
HP169QQ,101,46,55,40
HP169QU,69,30,39,25
HP169QW,18,10,8,7
HP169QX,21,11,10,7
HP169QY,25,14,11,10
HP169QZ,16,8,8,7
HP169RA,7,3,4,2
HP169RD,17,8,9,6
HP169RF,21,10,11,10
HP169RG,24,9,15,11
HP169RJ,34,19,15,12
HP169RL,4,2,2,2
HP169RN,8,4,4,3
HP169RQ,21,9,12,9
HP169SH,18,6,12,6
HP170RA,27,11,16,9
HP170TG,18,7,11,9
HP170TJ,86,38,48,31
HP170TL,27,14,13,10
HP170TQ,41,19,22,16
HP170TR,24,9,15,8
HP170TS,64,32,32,23
HP170TT,24,12,12,12
HP170TU,26,13,13,9
HP170TW,24,14,10,15
HP170TX,20,8,12,14
HP170TZ,21,10,11,8
HP170UA,7,3,4,3
HP170UB,29,15,14,13
HP170UE,65,32,33,26
HP170UF,30,14,16,10
HP170UG,44,21,23,29
HP170UL,2,1,1,1
HP170UP,22,12,10,10
HP170UR,6,4,2,2
HP170UT,15,7,8,5
HP170UX,7,4,3,3
HP170UZ,9,5,4,3
HP170XA,36,20,16,13
HP170XB,39,18,21,12
HP170XD,17,8,9,7
HP170XE,17,10,7,6
HP170XF,26,15,11,11
HP170XG,2,1,1,1
HP170XH,33,17,16,15
HP170XJ,24,9,15,8
HP170XL,18,9,9,6
HP170XN,33,18,15,13
HP170XP,4,2,2,1
HP170XR,8,4,4,2
HP170XS,35,18,17,13
HP170XU,12,7,5,5
HP170YS,12,7,5,3
HP178AA,36,16,20,15
HP178AB,31,13,18,13
HP178AD,119,60,59,48
HP178AE,19,9,10,11
HP178AF,27,14,13,14
HP178AG,4,1,3,4
HP178AH,41,18,23,19
HP178AJ,25,11,14,9
HP178AL,21,7,14,10
HP178AN,53,26,27,23
HP178AP,39,17,22,19
HP178AQ,21,10,11,8
HP178AR,5,2,3,3
HP178AS,57,22,35,28
HP178AT,62,28,34,24
HP178AU,33,14,19,15
HP178AW,35,18,17,15
HP178AX,18,10,8,7
HP178AY,77,38,39,29
HP178AZ,32,17,15,11
HP178BA,48,26,22,16
HP178BB,14,8,6,6
HP178BE,16,8,8,12
HP178BG,68,38,30,29
HP178BH,10,4,6,5
HP178BJ,2,1,1,1
HP178BL,47,23,24,19
HP178BN,49,24,25,23
HP178BP,64,30,34,26
HP178BQ,41,21,20,16
HP178BS,40,19,21,14
HP178BT,28,14,14,10
HP178BU,80,39,41,35
HP178BW,50,21,29,19
HP178BX,38,16,22,19
HP178DB,2,1,1,1
HP178DD,2,1,1,1
HP178DF,53,29,24,20
HP178DG,36,15,21,15
HP178DH,38,17,21,17
HP178DJ,116,52,64,69
HP178DL,42,18,24,15
HP178DN,5,2,3,3
HP178DP,7,3,4,3
HP178DQ,47,30,17,19
HP178DR,22,13,9,6
HP178DS,6,3,3,4
HP178DT,87,37,50,28
HP178DU,17,9,8,7
HP178DX,77,37,40,30
HP178DY,52,24,28,22
HP178DZ,53,20,33,26
HP178EA,15,6,9,5
HP178EB,44,23,21,19
HP178ED,17,10,7,7
HP178EF,17,8,9,5
HP178EH,16,9,7,7
HP178EJ,48,23,25,23
HP178EL,22,8,14,9
HP178EN,4,1,3,1
HP178EP,63,33,30,26
HP178EQ,24,12,12,11
HP178ER,47,24,23,25
HP178ES,54,26,28,22
HP178ET,16,8,8,9
HP178EU,91,45,46,37
HP178EW,56,34,22,20
HP178EX,100,50,50,40
HP178EY,98,52,46,37
HP178EZ,76,41,35,28
HP178HA,53,29,24,17
HP178HB,44,23,21,21
HP178HD,36,18,18,20
HP178HE,14,8,6,3
HP178HF,41,16,25,20
HP178HG,66,31,35,35
HP178HH,90,45,45,37
HP178HJ,40,25,15,18
HP178HL,78,40,38,34
HP178HN,63,33,30,24
HP178HP,29,13,16,11
HP178HQ,33,13,20,20
HP178HS,2,1,1,1
HP178HT,5,3,2,2
HP178HW,29,11,18,12
HP178HX,4,2,2,3
HP178JA,27,12,15,14
HP178JE,29,13,16,24
HP178JF,78,34,44,39
HP178JG,21,11,10,11
HP178JH,49,24,25,32
HP178JL,48,20,28,25
HP178JN,28,14,14,9
HP178JP,70,30,40,32
HP178JQ,54,26,28,21
HP178JR,10,4,6,6
HP178JS,60,28,32,25
HP178JT,15,6,9,4
HP178JU,8,5,3,2
HP178JW,39,16,23,16
HP178JX,30,15,15,9
HP178JY,15,9,6,5
HP178JZ,47,24,23,18
HP178LA,8,4,4,3
HP178LD,23,11,12,15
HP178LE,49,24,25,22
HP178LF,47,26,21,20
HP178LG,78,40,38,28
HP178LN,12,4,8,5
HP178LP,27,14,13,11
HP178LQ,52,22,30,23
HP178LR,9,4,5,3
HP178LS,51,26,25,18
HP178LT,7,4,3,2
HP178LU,11,5,6,4
HP178LX,13,8,5,5
HP178LY,32,15,17,13
HP178LZ,12,4,8,4
HP178NA,22,10,12,13
HP178NB,12,5,7,4
HP178NE,4,2,2,1
HP178NG,2,1,1,1
HP178NH,52,21,31,24
HP178NJ,84,41,43,33
HP178NP,5,2,3,2
HP178NQ,39,22,17,10
HP178NR,24,10,14,12
HP178NU,5,4,1,4
HP178NZ,58,23,35,26
HP178PA,9,5,4,4
HP178PB,52,24,28,21
HP178PD,16,8,8,13
HP178PE,41,18,23,25
HP178PF,11,4,7,8
HP178PG,43,20,23,19
HP178PH,94,45,49,44
HP178PJ,51,23,28,22
HP178PL,52,23,29,23
HP178PN,54,26,28,18
HP178PP,27,12,15,0
HP178PQ,45,27,18,34
HP178PR,4,2,2,1
HP178PS,28,16,12,12
HP178PT,37,15,22,18
HP178PU,28,12,16,10
HP178PW,81,39,42,31
HP178PY,43,23,20,14
HP178PZ,7,3,4,3
HP178QA,9,5,4,3
HP178QG,9,4,5,5
HP178QH,23,9,14,9
HP178QJ,54,26,28,20
HP178QL,24,14,10,7
HP178QN,25,12,13,11
HP178QP,1,0,1,1
HP178QR,16,8,8,5
HP178QW,8,3,5,5
HP178QX,81,26,55,29
HP178QY,88,42,46,33
HP178QZ,69,33,36,30
HP178RA,52,21,31,19
HP178RB,15,10,5,12
HP178RD,37,15,22,20
HP178RE,48,25,23,18
HP178RF,20,11,9,6
HP178RG,48,20,28,21
HP178RH,14,8,6,6
HP178RJ,13,6,7,7
HP178RP,36,14,22,3
HP178RQ,11,5,6,5
HP178RR,37,17,20,11
HP178RS,9,4,5,3
HP178RX,11,7,4,5
HP178RY,47,25,22,14
HP178RZ,9,4,5,5
HP178SA,4,3,1,2
HP178SE,16,9,7,7
HP178SF,38,20,18,21
HP178SG,13,7,6,7
HP178SH,127,59,68,52
HP178SL,17,6,11,5
HP178SN,24,16,8,15
HP178SP,52,27,25,18
HP178SQ,56,28,28,20
HP178SR,4,2,2,3
HP178SS,17,7,10,6
HP178ST,16,7,9,7
HP178SX,36,18,18,13
HP178SZ,20,10,10,7
HP178TA,6,3,3,3
HP178TB,34,17,17,14
HP178TD,11,7,4,5
HP178TE,31,17,14,13
HP178TF,12,4,8,5
HP178TN,2,1,1,0
HP178TP,4,0,4,3
HP178TR,8,4,4,4
HP178TS,6,3,3,2
HP178TT,8,4,4,4
HP178TU,11,5,6,3
HP178TX,27,12,15,12
HP178TY,34,14,20,13
HP178TZ,9,5,4,4
HP178UA,87,51,36,35
HP178UB,6,3,3,3
HP178UD,10,4,6,6
HP178UE,20,10,10,8
HP178UF,37,19,18,15
HP178UG,27,16,11,11
HP178UH,19,9,10,7
HP178UJ,17,8,9,7
HP178UL,21,9,12,7
HP178UN,21,11,10,9
HP178UP,10,5,5,4
HP178UQ,11,5,6,5
HP178UR,32,15,17,14
HP178UT,62,29,33,26
HP178UU,38,18,20,13
HP178UW,42,17,25,19
HP178UX,2,1,1,1
HP178UY,10,5,5,3
HP178UZ,21,9,12,8
HP178XA,3,1,2,1
HP178XB,3,2,1,2
HP178XD,24,12,12,11
HP178XE,57,26,31,22
HP178XF,13,8,5,5
HP178XG,15,7,8,5
HP178XH,25,14,11,12
HP178XJ,19,6,13,9
HP178XL,9,3,6,4
HP178XQ,13,5,8,5
HP178XU,11,5,6,6
HP178XX,18,9,9,7
HP178YA,88,43,45,37
HP178YB,6,2,4,1
HP178YH,109,58,51,39
HP178YJ,91,45,46,33
HP178YL,60,30,30,21
HP178YN,110,61,49,36
HP178YW,70,39,31,21
HP179TH,22,13,9,10
HP179TN,75,37,38,29
HP179TP,92,47,45,36
HP179TR,55,24,31,21
HP179TT,39,21,18,14
HP179TU,22,13,9,7
HP179TW,24,13,11,14
HP179TX,18,11,7,7
HP179UD,71,36,35,29
HP179UG,35,19,16,13
HP179UH,3,1,2,2
HP179UP,3,1,2,1
HP180AA,5,2,3,2
HP180AB,32,15,17,11
HP180AD,4,2,2,2
HP180AE,6,2,4,2
HP180AG,28,13,15,10
HP180AH,15,6,9,7
HP180AJ,88,40,48,40
HP180AL,11,5,6,7
HP180AN,20,9,11,10
HP180AP,34,13,21,13
HP180AQ,52,24,28,19
HP180AS,48,20,28,25
HP180AT,8,3,5,4
HP180AU,16,8,8,7
HP180AW,19,9,10,8
HP180AX,14,7,7,5
HP180AY,10,4,6,4
HP180AZ,21,9,12,10
HP180BA,29,14,15,14
HP180BB,35,15,20,13
HP180BD,12,5,7,7
HP180BE,37,14,23,14
HP180BG,26,10,16,11
HP180BH,5,2,3,3
HP180BJ,6,3,3,3
HP180BL,9,5,4,3
HP180BP,12,8,4,6
HP180BQ,3,2,1,1
HP180BS,33,16,17,15
HP180BT,52,23,29,22
HP180BU,23,11,12,10
HP180BW,9,4,5,4
HP180BX,13,7,6,4
HP180BY,7,2,5,3
HP180BZ,25,12,13,9
HP180DA,38,18,20,15
HP180DB,24,11,13,10
HP180DD,38,19,19,10
HP180DE,17,7,10,10
HP180DF,47,23,24,18
HP180DH,52,24,28,21
HP180DJ,16,10,6,5
HP180DL,20,9,11,6
HP180DN,53,25,28,22
HP180DP,8,3,5,4
HP180DR,5,3,2,4
HP180DS,2,1,1,1
HP180DT,7,4,3,4
HP180DU,48,26,22,16
HP180DW,27,15,12,10
HP180DY,19,11,8,9
HP180DZ,19,11,8,6
HP180EA,56,27,29,16
HP180EB,21,11,10,6
HP180ED,2,1,1,1
HP180EE,13,5,8,6
HP180EF,4,3,1,1
HP180EG,4,2,2,1
HP180EH,24,11,13,11
HP180EJ,24,10,14,10
HP180EL,2,1,1,1
HP180EN,9,4,5,3
HP180EP,35,17,18,11
HP180EQ,1,1,0,1
HP180ER,3,3,0,2
HP180ES,6,2,4,2
HP180ET,11,5,6,4
HP180EU,24,11,13,10
HP180EW,8,4,4,2
HP180EX,6,3,3,4
HP180EY,14,7,7,4
HP180FS,3,1,2,1
HP180HA,13,6,7,6
HP180HB,87,45,42,30
HP180HD,13,5,8,5
HP180HE,45,21,24,17
HP180HF,2,1,1,1
HP180HG,3,1,2,1
HP180HH,29,14,15,13
HP180HJ,5,2,3,4
HP180HL,22,11,11,12
HP180HP,4,2,2,1
HP180HQ,7,4,3,3
HP180HS,15,9,6,5
HP180HT,15,8,7,7
HP180HX,24,11,13,7
HP180JA,77,35,42,29
HP180JB,59,32,27,30
HP180JD,51,32,19,24
HP180JE,25,15,10,13
HP180JF,31,14,17,15
HP180JG,3,2,1,1
HP180JH,2,1,1,1
HP180JL,1,1,0,1
HP180JN,8,4,4,3
HP180JQ,11,5,6,6
HP180JR,2,1,1,1
HP180JS,8,3,5,2
HP180JT,4,2,2,2
HP180JU,8,4,4,2
HP180JW,18,7,11,5
HP180JX,7,4,3,2
HP180JY,8,5,3,5
HP180JZ,9,5,4,2
HP180LA,14,7,7,5
HP180LB,3,2,1,0
HP180LD,28,13,15,9
HP180LE,7,3,4,5
HP180LF,20,9,11,6
HP180LG,120,54,66,49
HP180LH,54,25,29,17
HP180LJ,65,35,30,20
HP180LL,18,8,10,8
HP180LN,103,46,57,42
HP180LP,103,58,45,48
HP180LQ,66,36,30,30
HP180LR,45,24,21,20
HP180LS,13,6,7,4
HP180LT,21,9,12,10
HP180LU,108,59,49,43
HP180LW,15,9,6,5
HP180LX,135,67,68,49
HP180LY,102,51,51,35
HP180LZ,70,29,41,39
HP180NA,55,29,26,31
HP180NB,109,53,56,38
HP180ND,25,7,18,23
HP180NE,2,1,1,1
HP180NF,14,7,7,5
HP180NG,8,5,3,4
HP180NH,4,2,2,1
HP180NJ,6,3,3,2
HP180NN,11,6,5,7
HP180NR,86,34,52,35
HP180NS,99,45,54,41
HP180NT,6,4,2,5
HP180NU,13,6,7,6
HP180NX,16,7,9,5
HP180NY,6,3,3,2
HP180PA,54,26,28,22
HP180PB,33,18,15,11
HP180PG,20,7,13,7
HP180PH,40,21,19,13
HP180PJ,2,1,1,1
HP180PL,74,33,41,25
HP180PN,2,1,1,1
HP180PQ,37,22,15,17
HP180PS,3,1,2,1
HP180PT,2,1,1,1
HP180PW,18,9,9,5
HP180PX,16,8,8,6
HP180PY,8,3,5,3
HP180PZ,14,6,8,5
HP180QA,17,8,9,6
HP180QB,16,8,8,5
HP180QD,12,5,7,3
HP180QE,20,10,10,6
HP180QF,4,1,3,2
HP180QG,7,3,4,4
HP180QH,26,10,16,8
HP180QJ,2,1,1,1
HP180QL,13,7,6,6
HP180QN,5,1,4,3
HP180QP,6,2,4,1
HP180QQ,2,1,1,1
HP180QU,17,11,6,7
HP180QW,9,4,5,3
HP180QX,2,1,1,1
HP180QY,2,1,1,1
HP180RA,28,17,11,14
HP180RB,19,9,10,6
HP180RD,13,6,7,6
HP180RF,9,7,2,2
HP180RG,58,29,29,24
HP180RH,13,8,5,5
HP180RL,14,6,8,7
HP180RN,9,4,5,4
HP180RP,2,1,1,1
HP180RQ,3,1,2,2
HP180RS,6,4,2,2
HP180RT,5,3,2,2
HP180RU,1,0,1,1
HP180RX,17,9,8,6
HP180RY,5,1,4,2
HP180RZ,6,3,3,3
HP180SA,14,7,7,6
HP180SB,30,17,13,10
HP180SD,12,6,6,5
HP180SE,27,14,13,10
HP180SF,15,6,9,5
HP180SH,73,37,36,26
HP180SJ,59,26,33,21
HP180SL,82,40,42,31
HP180SN,53,27,26,17
HP180SP,59,33,26,18
HP180SQ,39,18,21,19
HP180SR,14,7,7,14
HP180SS,13,7,6,3
HP180ST,50,24,26,18
HP180SU,17,7,10,6
HP180SW,44,20,24,17
HP180SX,4,3,1,1
HP180SY,13,7,6,4
HP180SZ,15,6,9,6
HP180TA,8,4,4,2
HP180TD,37,19,18,14
HP180TE,92,45,47,30
HP180TF,62,29,33,26
HP180TG,63,35,28,24
HP180TJ,7,4,3,2
HP180TL,512,510,2,0
HP180TN,80,38,42,27
HP180TP,21,10,11,8
HP180TQ,108,59,49,32
HP180TR,17,9,8,7
HP180TS,5,3,2,3
HP180TT,25,12,13,10
HP180TU,16,10,6,6
HP180TW,30,14,16,10
HP180TY,7,3,4,3
HP180TZ,35,17,18,13
HP180UA,10,5,5,3
HP180UB,12,4,8,5
HP180UD,13,5,8,4
HP180UH,7,4,3,2
HP180UT,5,3,2,3
HP180XA,64,30,34,22
HP180XB,1,0,1,1
HP180XH,9,4,5,3
HP180XL,7,3,4,4
HP180XS,3,1,2,2
HP180YH,23,13,10,13
HP180YJ,21,9,12,5
HP189AA,16,9,7,8
HP189AB,8,3,5,5
HP189AD,30,17,13,15
HP189AE,7,3,4,3
HP189AF,73,31,42,33
HP189AG,15,7,8,8
HP189AH,7,4,3,3
HP189AJ,27,12,15,12
HP189AL,88,39,49,37
HP189AN,29,15,14,11
HP189AP,35,19,16,13
HP189AQ,25,13,12,8
HP189AR,10,2,8,9
HP189AS,37,21,16,14
HP189AT,56,31,25,25
HP189AU,85,40,45,39
HP189AW,57,32,25,23
HP189AX,11,6,5,5
HP189AY,17,6,11,7
HP189AZ,40,20,20,15
HP189BE,2,1,1,1
HP189BG,23,11,12,12
HP189BH,37,20,17,28
HP189BJ,10,3,7,5
HP189BL,12,7,5,4
HP189BN,44,23,21,13
HP189BP,56,26,30,22
HP189BQ,73,31,42,26
HP189BS,60,33,27,21
HP189BT,24,9,15,7
HP189BU,104,52,52,44
HP189BW,17,8,9,7
HP189BX,11,6,5,5
HP189BY,23,9,14,7
HP189BZ,39,20,19,14
HP189DA,34,17,17,13
HP189DB,2,1,1,1
HP189DD,12,5,7,8
HP189DE,71,38,33,23
HP189DF,76,39,37,27
HP189DG,55,30,25,21
HP189DH,31,14,17,17
HP189DJ,65,32,33,36
HP189DL,8,4,4,4
HP189DN,87,48,39,30
HP189DP,92,52,40,37
HP189DQ,71,35,36,34
HP189DR,80,40,40,24
HP189DS,13,6,7,5
HP189DT,33,11,22,16
HP189DU,12,7,5,5
HP189DW,98,45,53,36
HP189DX,16,8,8,5
HP189DZ,77,35,42,28
HP189ED,20,12,8,7
HP189EE,33,14,19,14
HP189EF,90,47,43,35
HP189EG,9,4,5,5
HP189EL,17,9,8,7
HP189EN,6,3,3,2
HP189ER,6,2,4,2
HP189ET,8,5,3,2
HP189EU,2,1,1,1
HP189EW,26,13,13,8
HP189EX,18,10,8,8
HP189EY,9,6,3,6
HP189EZ,8,5,3,4
HP189FE,5,3,2,1
HP189FG,3,2,1,1
HP189FN,6,3,3,2
HP189GD,7,3,4,4
HP189HA,8,3,5,3
HP189HB,62,29,33,19
HP189HD,33,17,16,14
HP189HE,60,26,34,32
HP189HF,69,29,40,22
HP189HG,34,18,16,12
HP189HH,10,6,4,5
HP189HJ,4,2,2,2
HP189HL,16,7,9,8
HP189HN,45,21,24,18
HP189HP,64,31,33,28
HP189HQ,15,7,8,7
HP189HR,24,15,9,7
HP189HS,20,10,10,9
HP189HT,73,40,33,31
HP189HU,72,35,37,26
HP189HW,71,35,36,27
HP189HX,33,19,14,12
HP189HY,40,22,18,16
HP189HZ,30,15,15,14
HP189JA,113,56,57,44
HP189JB,56,26,30,22
HP189JD,67,35,32,24
HP189JE,2,1,1,1
HP189JF,4,3,1,1
HP189JG,2,1,1,1
HP189JH,18,9,9,7
HP189JL,23,8,15,9
HP189JN,11,6,5,4
HP189JP,59,32,27,25
HP189JQ,22,9,13,11
HP189JR,72,37,35,30
HP189JS,46,21,25,19
HP189JT,25,10,15,10
HP189JU,21,12,9,8
HP189JW,57,28,29,24
HP189JX,10,2,8,2
HP189JY,14,7,7,6
HP189JZ,4,3,1,1
HP189LA,23,15,8,7
HP189LB,7,4,3,6
HP189LD,54,23,31,23
HP189LE,88,44,44,32
HP189LG,12,6,6,4
HP189LJ,4,2,2,2
HP189LL,13,7,6,4
HP189LN,57,31,26,21
HP189LP,23,14,9,8
HP189LR,38,16,22,7
HP189LT,27,11,16,13
HP189LU,19,9,10,8
HP189LW,17,6,11,5
HP189LX,18,11,7,9
HP189LY,44,26,18,13
HP189LZ,6,3,3,3
HP189NA,26,14,12,9
HP189NB,10,6,4,4
HP189ND,3,1,2,2
HP189NE,5,2,3,2
HP189NF,8,4,4,3
HP189NG,22,13,9,4
HP189NH,67,36,31,26
HP189NJ,28,16,12,10
HP189NL,14,5,9,6
HP189NP,41,20,21,15
HP189NR,9,6,3,3
HP189NS,13,7,6,6
HP189NT,67,34,33,26
HP189NU,5,4,1,1
HP189NX,12,6,6,7
HP189NY,24,14,10,8
HP189NZ,47,26,21,16
HP189PA,6,3,3,2
HP189PB,9,5,4,4
HP189PD,35,18,17,15
HP189PE,11,5,6,8
HP189PF,33,14,19,12
HP189PG,15,6,9,5
HP189PJ,6,4,2,3
HP189PL,5,4,1,2
HP189PN,23,13,10,12
HP189PP,38,17,21,11
HP189PQ,19,11,8,7
HP189PS,14,7,7,8
HP189PT,11,7,4,4
HP189PU,2,1,1,1
HP189PW,23,11,12,7
HP189PX,54,25,29,18
HP189PY,25,14,11,8
HP189QA,50,27,23,24
HP189QB,16,8,8,7
HP189QD,17,7,10,8
HP189QE,10,5,5,4
HP189QF,20,12,8,10
HP189QG,4,2,2,2
HP189QH,58,21,37,17
HP189QJ,42,21,21,17
HP189QL,38,21,17,15
HP189QN,33,17,16,11
HP189QP,22,11,11,9
HP189QQ,1,1,0,1
HP189QR,20,11,9,8
HP189QS,12,8,4,5
HP189QT,24,12,12,11
HP189QU,65,35,30,25
HP189QW,23,13,10,7
HP189QX,18,8,10,11
HP189QY,79,40,39,28
HP189QZ,91,43,48,45
HP189RA,56,32,24,27
HP189RB,2,1,1,1
HP189RD,34,13,21,13
HP189RE,36,18,18,12
HP189RF,43,22,21,23
HP189RG,11,6,5,5
HP189RP,55,24,31,24
HP189RQ,11,5,6,4
HP189RR,6,3,3,3
HP189RS,20,12,8,8
HP189RT,41,17,24,20
HP189RU,51,23,28,27
HP189RX,38,18,20,20
HP189RY,54,27,27,25
HP189RZ,10,6,4,4
HP189SA,27,15,12,10
HP189SB,12,5,7,5
HP189SE,21,11,10,10
HP189SF,9,5,4,3
HP189SG,4,2,2,1
HP189SH,4,2,2,1
HP189SJ,4,2,2,2
HP189SL,10,5,5,3
HP189SN,90,44,46,42
HP189SP,40,20,20,16
HP189ST,53,22,31,22
HP189SU,60,27,33,26
HP189SW,6,3,3,4
HP189SX,90,39,51,32
HP189SY,3,1,2,2
HP189SZ,45,24,21,19
HP189TA,11,4,7,6
HP189TB,54,25,29,20
HP189TD,6,1,5,5
HP189TE,44,21,23,23
HP189TF,51,21,30,22
HP189TG,78,36,42,30
HP189TH,33,16,17,14
HP189TJ,9,4,5,3
HP189TL,7,3,4,2
HP189TN,3,1,2,2
HP189TQ,42,19,23,17
HP189TU,2,1,1,1
HP189TW,18,8,10,5
HP189TX,2,1,1,1
HP189TY,15,6,9,6
HP189TZ,10,5,5,3
HP189UA,12,6,6,5
HP189UB,10,4,6,3
HP189UD,3,2,1,1
HP189UH,4,3,1,2
HP189UJ,13,5,8,6
HP189UL,12,5,7,4
HP189UN,10,6,4,3
HP189UP,14,8,6,7
HP189UR,10,5,5,5
HP189UT,11,5,6,4
HP189UU,13,6,7,5
HP189UW,5,4,1,2
HP189UX,40,20,20,16
HP189UY,3,2,1,1
HP189UZ,5,2,3,3
HP189XA,4,2,2,2
HP189XB,2,1,1,1
HP189XD,2,1,1,2
HP189XE,1,1,0,1
HP189XH,4,1,3,1
HP189XU,12,5,7,4
HP189XX,4,2,2,1
HP189XZ,34,19,15,10
HP189YA,23,10,13,15
HP189YD,8,4,4,4
HP189YS,11,6,5,5
HP190FA,13,9,4,8
HP190FB,40,20,20,13
HP190FD,5,3,2,2
HP190FE,11,8,3,4
HP190FF,22,12,10,11
HP190FG,6,2,4,4
HP190FH,33,17,16,16
HP190FJ,39,21,18,15
HP190FL,32,18,14,15
HP190FP,7,4,3,3
HP190FQ,17,9,8,7
HP190FR,44,20,24,17
HP190FS,11,5,6,5
HP190FT,9,4,5,5
HP190FW,10,3,7,4
HP190FX,91,33,58,25
HP190FZ,13,7,6,5
HP190GA,33,16,17,11
HP190GB,23,14,9,9
HP190GD,47,27,20,28
HP190GE,32,16,16,12
HP190GF,25,14,11,14
HP190GG,19,9,10,6
HP190GH,212,108,104,69
HP190GJ,32,17,15,10
HP190GL,12,5,7,5
HP190GQ,43,21,22,16
HP190UA,17,8,9,6
HP190UB,45,24,21,14
HP190UD,21,11,10,6
HP190UG,3,2,1,1
HP190UH,15,5,10,6
HP190UJ,17,9,8,5
HP190UL,28,12,16,11
HP190UN,17,9,8,5
HP190UP,19,10,9,8
HP190UQ,54,24,30,23
HP190UR,10,5,5,3
HP190UW,24,11,13,11
HP190WA,72,40,32,52
HP190WB,15,6,9,8
HP190WD,62,29,33,27
HP190WE,19,8,11,13
HP190WF,23,11,12,10
HP190WG,84,44,40,38
HP190WJ,79,34,45,52
HP190WL,52,29,23,30
HP190WN,15,8,7,7
HP190WP,28,13,15,12
HP190WQ,9,4,5,5
HP190WR,59,31,28,27
HP190WS,12,4,8,8
HP190WT,53,26,27,25
HP190WU,48,27,21,24
HP190WW,40,21,19,16
HP190WY,52,24,28,19
HP190XS,33,17,16,13
HP190XT,35,19,16,15
HP190XU,75,30,45,33
HP190YH,49,25,24,20
HP190YJ,34,18,16,14
HP190YL,39,22,17,15
HP190YP,109,45,64,39
HP190ZB,38,22,16,22
HP190ZJ,58,28,30,20
HP197AA,3,2,1,2
HP197AB,54,24,30,23
HP197AD,12,6,6,6
HP197AE,37,18,19,16
HP197AF,43,23,20,18
HP197AG,13,8,5,6
HP197AH,26,11,15,11
HP197AJ,29,14,15,11
HP197AL,13,7,6,6
HP197AN,17,10,7,8
HP197AP,50,27,23,20
HP197AQ,3,2,1,2
HP197AR,10,5,5,5
HP197AS,26,15,11,9
HP197AT,13,7,6,5
HP197AU,11,4,7,4
HP197AW,57,29,28,22
HP197AX,76,37,39,29
HP197AY,72,35,37,28
HP197AZ,11,6,5,4
HP197BA,20,9,11,9
HP197BB,8,4,4,3
HP197BD,42,25,17,15
HP197BE,27,16,11,8
HP197BG,109,49,60,45
HP197BH,7,4,3,5
HP197BJ,27,12,15,13
HP197BL,18,8,10,8
HP197BN,4,3,1,3
HP197BP,31,15,16,11
HP197BQ,33,16,17,14
HP197BS,30,15,15,11
HP197EZ,19,8,11,10
HP197FA,25,17,8,11
HP197FB,21,13,8,11
HP197FD,96,50,46,45
HP197FE,45,26,19,18
HP197FF,8,4,4,5
HP197FG,16,7,9,10
HP197FH,40,20,20,16
HP197FJ,25,12,13,12
HP197FL,45,24,21,16
HP197FN,55,31,24,16
HP197FP,48,26,22,18
HP197FQ,147,71,76,58
HP197FR,38,19,19,18
HP197FS,117,63,54,43
HP197FT,41,22,19,15
HP197FU,53,26,27,23
HP197FW,26,13,13,14
HP197FX,45,18,27,18
HP197FY,69,33,36,28
HP197FZ,27,11,16,11
HP197GA,98,49,49,39
HP197GB,9,2,7,6
HP197GD,44,21,23,18
HP197GE,77,35,42,33
HP197GF,84,40,44,35
HP197GG,28,13,15,9
HP197GH,18,8,10,13
HP197GJ,47,24,23,21
HP197GL,26,14,12,12
HP197GN,56,26,30,23
HP197GP,37,21,16,13
HP197GQ,50,25,25,23
HP197GR,31,17,14,14
HP197GS,60,33,27,19
HP197GT,20,9,11,8
HP197GU,31,14,17,13
HP197GW,33,16,17,12
HP197GX,38,18,20,16
HP197GY,57,25,32,26
HP197GZ,19,9,10,11
HP197HA,38,16,22,15
HP197HB,88,44,44,37
HP197HD,24,13,11,8
HP197HE,17,5,12,6
HP197HF,42,22,20,15
HP197HG,48,27,21,20
HP197HH,35,16,19,13
HP197HJ,11,6,5,6
HP197HL,46,26,20,24
HP197HN,35,18,17,14
HP197HP,55,27,28,20
HP197HQ,48,23,25,18
HP197HR,53,22,31,21
HP197HS,64,38,26,34
HP197HT,36,22,14,17
HP197HW,30,16,14,12
HP197HX,182,99,83,95
HP197QE,25,14,11,11
HP197QF,100,50,50,30
HP197QG,80,39,41,32
HP197QH,57,38,19,21
HP197QJ,83,39,44,28
HP197QL,55,31,24,17
HP197QN,41,24,17,16
HP197QP,69,32,37,21
HP197QQ,46,20,26,16
HP197QR,88,43,45,31
HP197QS,62,33,29,22
HP197QT,42,17,25,18
HP197QU,61,30,31,14
HP197QW,14,8,6,9
HP197QZ,50,29,21,18
HP197RA,41,19,22,24
HP197RB,152,78,74,45
HP197RD,54,31,23,20
HP197RE,125,56,69,36
HP197RF,73,38,35,18
HP197RG,98,53,45,30
HP197RQ,51,27,24,16
HP197SA,77,37,40,36
HP197SB,68,29,39,32
HP197SD,76,33,43,40
HP197SE,17,8,9,8
HP197SF,86,41,45,39
HP197SG,77,38,39,33
HP197SH,73,30,43,32
HP197SJ,70,35,35,34
HP197SL,71,32,39,23
HP197SN,86,42,44,46
HP197SP,73,33,40,32
HP197SQ,57,23,34,26
HP197SR,96,47,49,43
HP197SS,62,27,35,24
HP197ST,54,24,30,26
HP197SW,57,28,29,21
HP197TH,64,27,37,32
HP197WA,10,3,7,5
HP197WB,104,53,51,48
HP197WD,13,6,7,5
HP197WE,28,13,15,14
HP197WH,5,3,2,2
HP197WJ,18,10,8,10
HP197WL,10,6,4,8
HP197XB,21,15,6,14
HP197XD,35,24,11,25
HP197XE,43,28,15,27
HP197XF,37,25,12,29
HP197XG,17,11,6,11
HP197XQ,20,13,7,15
HP198AB,79,34,45,11
HP198AD,78,41,37,40
HP198AH,94,48,46,38
HP198AJ,53,23,30,21
HP198AQ,55,22,33,20
HP198AT,48,23,25,20
HP198AW,10,3,7,4
HP198BQ,4,2,2,1
HP198DB,2,2,0,1
HP198EE,9,3,6,3
HP198EF,112,56,56,43
HP198EH,91,44,47,33
HP198EQ,46,23,23,14
HP198EY,3,3,0,2
HP198FE,132,64,68,58
HP198FP,23,14,9,1
HP198FQ,56,26,30,29
HP198FS,17,7,10,4
HP198FZ,52,24,28,24
HP198GA,8,5,3,3
HP198GB,3,2,1,2
HP198GD,38,19,19,15
HP198GE,28,14,14,9
HP198GF,9,5,4,4
HP198GG,102,51,51,46
HP198GH,8,5,3,3
HP198GJ,30,15,15,11
HP198GL,53,29,24,25
HP198GN,32,15,17,14
HP198GP,39,19,20,12
HP198GQ,28,11,17,13
HP198GR,31,19,12,14
HP198GS,36,13,23,13
HP198GT,51,23,28,21
HP198GU,205,107,98,78
HP198GW,53,28,25,22
HP198GX,15,9,6,9
HP198GY,32,18,14,15
HP198GZ,93,40,53,41
HP198HA,44,27,17,19
HP198HB,82,38,44,30
HP198HD,44,21,23,23
HP198HE,21,10,11,14
HP198HS,12,4,8,6
HP198JB,97,58,39,39
HP198JD,65,36,29,25
HP198JE,92,58,34,29
HP198JF,98,53,45,31
HP198LF,74,34,40,33
HP198LG,38,15,23,17
HP198LH,65,33,32,26
HP198LQ,61,31,30,25
HP198NH,51,25,26,24
HP198NJ,53,26,27,34
HP198NQ,77,32,45,29
HP198RH,48,15,33,21
HP198RL,27,14,13,7
HP198RN,32,24,8,1
HP198RU,17,8,9,6
HP198SB,77,36,41,31
HP198SD,106,54,52,39
HP198SE,29,15,14,16
HP198SF,61,33,28,19
HP198SG,32,15,17,13
HP198SH,97,48,49,37
HP198SJ,33,17,16,13
HP198SL,44,26,18,15
HP198SN,61,34,27,21
HP198SP,11,6,5,3
HP198SQ,61,33,28,28
HP198SR,18,7,11,9
HP198SW,68,36,32,24
HP198SX,28,11,17,14
HP198SY,43,22,21,15
HP198TA,51,26,25,24
HP198UZ,12,7,5,11
HP198WA,55,25,30,18
HP198WB,11,6,5,7
HP198WD,12,6,6,6
HP198XN,1,0,1,1
HP199AD,23,11,12,8
HP199AE,24,12,12,6
HP199AF,21,9,12,5
HP199AG,72,38,34,26
HP199AL,3,1,2,2
HP199AN,70,42,28,31
HP199AP,52,26,26,23
HP199AS,9,5,4,3
HP199AU,33,15,18,16
HP199AW,5,4,1,2
HP199AX,46,21,25,17
HP199AZ,38,25,13,15
HP199BA,60,31,29,24
HP199BD,37,19,18,14
HP199BE,40,22,18,18
HP199BF,2,1,1,1
HP199BG,34,18,16,12
HP199BH,90,48,42,42
HP199BJ,20,8,12,11
HP199BN,40,19,21,12
HP199BP,32,17,15,16
HP199BQ,30,14,16,8
HP199BS,73,37,36,23
HP199BT,35,15,20,12
HP199BU,71,35,36,22
HP199BW,85,44,41,30
HP199BX,34,15,19,13
HP199BY,8,4,4,3
HP199DA,35,17,18,11
HP199DB,55,27,28,15
HP199DD,28,17,11,5
HP199DE,69,33,36,16
HP199DF,104,50,54,43
HP199DG,84,43,41,20
HP199DH,22,9,13,7
HP199DJ,73,31,42,27
HP199DL,28,12,16,7
HP199DQ,11,5,6,5
HP199GN,103,55,48,29
HP199GP,16,10,6,8
HP199GR,15,4,11,7
HP199GS,59,18,41,20
HP199GT,7,3,4,5
HP199GU,39,18,21,11
HP199GW,26,12,14,10
HP199GX,13,5,8,7
HP199GY,68,24,44,26
HP199GZ,39,21,18,12
HP199HF,38,20,18,14
HP199HG,67,31,36,31
HP199HH,86,43,43,24
HP199HJ,18,10,8,5
HP199HL,11,6,5,5
HP199HN,94,52,42,35
HP199HP,133,50,83,33
HP199HQ,56,31,25,22
HP199HR,111,56,55,37
HP199HS,124,65,59,41
HP199HT,71,34,37,33
HP199HU,90,42,48,33
HP199HW,96,53,43,43
HP199HX,38,16,22,16
HP199HY,30,18,12,12
HP199HZ,52,27,25,20
HP199JG,46,23,23,22
HP199JH,36,17,19,16
HP199JJ,45,22,23,15
HP199JL,49,25,24,16
HP199JN,125,60,65,40
HP199JP,48,22,26,17
HP199JQ,43,27,16,22
HP199JR,88,43,45,35
HP199JS,40,18,22,16
HP199JT,93,51,42,35
HP199JU,69,35,34,25
HP199JW,52,24,28,20
HP199JX,26,14,12,12
HP199JY,25,13,12,11
HP199JZ,118,55,63,39
HP199LA,25,10,15,8
HP199LB,58,24,34,24
HP199LD,116,55,61,36
HP199LE,84,35,49,23
HP199LJ,74,28,46,30
HP199LL,18,9,9,7
HP199LN,82,44,38,35
HP199LP,52,27,25,26
HP199LR,85,44,41,33
HP199LS,55,26,29,24
HP199LT,133,56,77,43
HP199LU,57,32,25,21
HP199LW,46,21,25,19
HP199LX,62,31,31,23
HP199LY,81,47,34,33
HP199LZ,68,39,29,26
HP199NA,42,15,27,18
HP199NB,86,41,45,32
HP199ND,86,35,51,36
HP199NE,27,15,12,11
HP199NF,21,8,13,11
HP199NG,82,38,44,29
HP199NL,30,13,17,15
HP199NN,38,19,19,15
HP199NP,120,65,55,42
HP199NR,116,54,62,45
HP199NT,49,25,24,17
HP199NU,90,46,44,28
HP199NW,88,45,43,42
HP199NX,66,37,29,24
HP199NY,55,25,30,19
HP199NZ,97,57,40,46
HP199PA,44,23,21,16
HP199PB,110,60,50,42
HP199PD,77,39,38,28
HP199PE,46,21,25,20
HP199PF,5,3,2,4
HP199PH,41,19,22,12
HP199PJ,127,62,65,43
HP199PL,103,47,56,44
HP199PN,38,18,20,14
HP199PP,82,43,39,31
HP199PS,87,39,48,24
HP199PT,132,79,53,41
HP199PW,20,11,9,9
HP199PX,69,36,33,27
HP199PY,81,46,35,30
HP199PZ,12,5,7,5
HP199QD,65,30,35,26
HP199QE,60,32,28,29
HP199QF,112,60,52,46
HP199QG,19,10,9,4
HP199QL,23,11,12,13
HP199QN,46,22,24,21
HP199QP,100,50,50,40
HP199QQ,30,14,16,13
HP199QR,34,16,18,15
HP199QS,50,18,32,16
HP199QT,70,36,34,34
HP199QU,36,17,19,12
HP199QW,91,42,49,43
HP199QX,13,9,4,8
HP199QY,80,43,37,36
HP199QZ,5,3,2,3
HP199RA,77,36,41,34
HP199RB,79,39,40,34
HP199RD,30,16,14,14
HP199RF,11,7,4,6
HP199RG,107,54,53,39
HP199RH,30,14,16,10
HP199RJ,10,5,5,3
HP199RP,9,4,5,4
HP199RQ,7,4,3,3
HP199RR,13,8,5,4
HP199RS,27,13,14,8
HP199RT,24,11,13,10
HP199RU,136,72,64,47
HP199RW,16,8,8,5
HP199RX,19,12,7,8
HP199RY,24,12,12,7
HP199RZ,76,36,40,33
HP199SA,82,40,42,30
HP199SB,8,2,6,3
HP199SD,15,5,10,5
HP199SE,52,26,26,18
HP199SF,15,7,8,5
HP199SG,4,2,2,2
HP199SH,20,10,10,8
HP199SJ,13,6,7,4
HP199SY,68,20,48,52
HP199SZ,52,17,35,44
HP199TN,29,11,18,11
HP199TP,76,32,44,27
HP199TR,56,25,31,22
HP199TS,113,56,57,38
HP199TT,86,45,41,31
HP199TU,35,19,16,15
HP199TW,32,11,21,8
HP199TX,63,32,31,22
HP199TY,100,51,49,32
HP199TZ,61,28,33,18
HP199UA,69,30,39,31
HP199UB,91,45,46,34
HP199UD,81,42,39,30
HP199UL,64,30,34,19
HP199UN,92,44,48,34
HP199UP,100,44,56,29
HP199UR,52,26,26,20
HP199UT,54,25,29,24
HP199UU,64,27,37,19
HP199UW,25,13,12,9
HP199UX,53,26,27,20
HP199UY,67,29,38,22
HP199XP,82,39,43,33
HP199XR,73,44,29,26
HP199XS,46,22,24,22
HP2 4AA,12,7,5,4
HP2 4AB,101,47,54,36
HP2 4AE,51,22,29,18
HP2 4AF,15,9,6,12
HP2 4AG,47,24,23,17
HP2 4AH,73,33,40,43
HP2 4AJ,19,9,10,7
HP2 4AL,12,6,6,7
HP2 4AN,72,35,37,21
HP2 4AP,133,63,70,50
HP2 4AQ,83,44,39,34
HP2 4AR,8,2,6,6
HP2 4AS,23,9,14,7
HP2 4AT,15,6,9,11
HP2 4AW,51,28,23,21
HP2 4AX,34,21,13,19
HP2 4BA,69,38,31,32
HP2 4BB,98,50,48,33
HP2 4BD,44,19,25,13
HP2 4BG,17,9,8,6
HP2 4BH,30,15,15,14
HP2 4BJ,68,34,34,21
HP2 4BL,73,36,37,21
HP2 4BN,117,58,59,45
HP2 4BP,68,32,36,26
HP2 4BQ,19,7,12,10
HP2 4BS,46,21,25,21
HP2 4BT,80,44,36,25
HP2 4BU,75,37,38,29
HP2 4BW,141,67,74,48
HP2 4BX,87,39,48,36
HP2 4BY,83,44,39,36
HP2 4BZ,95,45,50,35
HP2 4DA,105,45,60,36
HP2 4DB,27,11,16,11
HP2 4DD,47,26,21,16
HP2 4DF,37,16,21,14
HP2 4DG,62,37,25,31
HP2 4DH,29,12,17,11
HP2 4DN,4,1,3,1
HP2 4DP,28,15,13,8
HP2 4DR,23,10,13,8
HP2 4DS,40,21,19,9
HP2 4DT,30,16,14,16
HP2 4DU,45,21,24,16
HP2 4DW,68,35,33,24
HP2 4DX,58,29,29,24
HP2 4DY,76,41,35,28
HP2 4DZ,40,18,22,13
HP2 4EA,64,22,42,51
HP2 4EB,61,23,38,18
HP2 4ED,129,61,68,42
HP2 4EE,26,11,15,15
HP2 4EF,31,10,21,19
HP2 4EG,20,3,17,16
HP2 4EH,32,16,16,29
HP2 4EL,58,29,29,25
HP2 4EN,28,9,19,18
HP2 4EQ,35,11,24,14
HP2 4ER,25,14,11,9
HP2 4ES,30,17,13,13
HP2 4ET,9,6,3,4
HP2 4EU,29,15,14,13
HP2 4EW,22,14,8,11
HP2 4EX,75,21,54,8
HP2 4EY,69,35,34,25
HP2 4FA,97,53,44,54
HP2 4FB,24,11,13,6
HP2 4FE,29,14,15,12
HP2 4FF,14,8,6,5
HP2 4FG,120,55,65,48
HP2 4FS,131,67,64,59
HP2 4FW,82,40,42,47
HP2 4FY,28,19,9,20
HP2 4HA,51,27,24,22
HP2 4HB,63,33,30,20
HP2 4HD,104,49,55,36
HP2 4HE,141,76,65,43
HP2 4HF,17,10,7,9
HP2 4HG,6,5,1,2
HP2 4HH,28,14,14,14
HP2 4HJ,26,15,11,10
HP2 4HL,22,11,11,8
HP2 4HN,25,13,12,11
HP2 4HP,57,32,25,20
HP2 4HQ,34,13,21,13
HP2 4HR,59,28,31,27
HP2 4HS,51,25,26,20
HP2 4HT,38,19,19,18
HP2 4HU,83,42,41,38
HP2 4HW,50,28,22,19
HP2 4HX,90,39,51,29
HP2 4HY,55,25,30,27
HP2 4HZ,59,23,36,31
HP2 4JA,29,16,13,12
HP2 4JD,39,19,20,20
HP2 4JE,20,10,10,11
HP2 4JF,82,44,38,30
HP2 4JG,37,19,18,7
HP2 4JH,12,7,5,5
HP2 4JJ,26,15,11,11
HP2 4JL,134,67,67,49
HP2 4JN,134,60,74,54
HP2 4JQ,82,42,40,48
HP2 4JT,38,17,21,17
HP2 4JU,57,29,28,23
HP2 4JW,13,7,6,5
HP2 4JX,22,10,12,9
HP2 4JY,34,16,18,11
HP2 4JZ,8,2,6,3
HP2 4LA,42,19,23,17
HP2 4LB,8,4,4,5
HP2 4LD,90,41,49,33
HP2 4LE,17,7,10,7
HP2 4LF,26,10,16,11
HP2 4LG,97,51,46,38
HP2 4LH,133,69,64,54
HP2 4LJ,44,22,22,21
HP2 4LL,82,40,42,33
HP2 4LN,82,44,38,29
HP2 4LP,22,11,11,10
HP2 4LQ,58,30,28,19
HP2 4LW,87,43,44,39
HP2 4LX,29,15,14,13
HP2 4LY,62,31,31,23
HP2 4LZ,46,23,23,21
HP2 4NA,61,32,29,24
HP2 4NB,63,32,31,22
HP2 4ND,27,12,15,12
HP2 4NE,17,9,8,6
HP2 4NF,14,7,7,5
HP2 4NG,75,41,34,25
HP2 4NH,22,9,13,10
HP2 4NJ,5,1,4,2
HP2 4NL,2,1,1,1
HP2 4NN,8,3,5,4
HP2 4NP,23,11,12,10
HP2 4NQ,27,17,10,9
HP2 4NR,32,14,18,11
HP2 4NS,13,7,6,7
HP2 4NT,36,19,17,13
HP2 4NU,32,16,16,13
HP2 4NX,69,41,28,20
HP2 4NY,41,26,15,23
HP2 4NZ,37,17,20,16
HP2 4PA,55,30,25,25
HP2 4PB,35,18,17,17
HP2 4PD,72,38,34,21
HP2 4PE,71,35,36,29
HP2 4PF,32,12,20,11
HP2 4PG,92,42,50,31
HP2 4PH,64,28,36,32
HP2 4PJ,14,4,10,9
HP2 4PL,16,9,7,9
HP2 4PN,28,17,11,10
HP2 4PP,31,22,9,19
HP2 4PQ,41,25,16,16
HP2 4PR,30,11,19,13
HP2 4PS,22,10,12,9
HP2 4PT,55,26,29,22
HP2 4PU,50,24,26,19
HP2 4PW,16,7,9,9
HP2 4PX,67,30,37,26
HP2 4PZ,12,8,4,9
HP2 4QA,41,17,24,25
HP2 4QB,18,10,8,11
HP2 4QE,25,10,15,12
HP2 4QF,45,18,27,24
HP2 4QG,43,20,23,15
HP2 4QH,84,40,44,32
HP2 4QJ,48,25,23,16
HP2 4QL,100,52,48,34
HP2 4QN,41,22,19,14
HP2 4QP,136,71,65,43
HP2 4QQ,65,26,39,21
HP2 4QR,24,11,13,11
HP2 4QS,61,33,28,21
HP2 4QT,79,43,36,36
HP2 4QU,41,21,20,15
HP2 4QW,29,12,17,12
HP2 4QX,48,25,23,20
HP2 4QY,1,0,1,1
HP2 4QZ,55,28,27,28
HP2 4RA,30,16,14,13
HP2 4RE,16,7,9,7
HP2 4RF,38,22,16,17
HP2 4RH,79,44,35,45
HP2 4RJ,57,31,26,18
HP2 4RN,52,27,25,21
HP2 4RP,72,33,39,32
HP2 4RR,46,24,22,29
HP2 4RS,89,44,45,38
HP2 4RT,4,2,2,2
HP2 4RU,100,43,57,37
HP2 4RW,27,12,15,9
HP2 4RX,70,26,44,56
HP2 4RZ,26,13,13,13
HP2 4SA,38,22,16,9
HP2 4SR,25,12,13,15
HP2 4TB,10,5,5,3
HP2 4TJ,58,26,32,36
HP2 4TN,2,0,2,1
HP2 4TP,1,0,1,1
HP2 4TR,120,54,66,45
HP2 4UB,12,5,7,5
HP2 4UD,22,12,10,8
HP2 4UG,44,21,23,18
HP2 4UN,37,20,17,18
HP2 4UP,27,14,13,18
HP2 4UQ,55,22,33,19
HP2 4UR,32,17,15,21
HP2 4UT,47,24,23,14
HP2 4UU,56,32,24,18
HP2 4UW,33,16,17,20
HP2 4UX,39,21,18,15
HP2 4UY,51,26,25,20
HP2 4XE,23,11,12,11
HP2 4XF,9,6,3,5
HP2 4XH,4,1,3,1
HP2 4XP,15,9,6,6
HP2 4XY,27,12,15,19
HP2 5AA,97,45,52,45
HP2 5AB,53,31,22,25
HP2 5AD,78,45,33,43
HP2 5AE,21,11,10,10
HP2 5AF,35,17,18,15
HP2 5AG,10,5,5,3
HP2 5AH,27,13,14,13
HP2 5AJ,60,28,32,15
HP2 5AL,28,15,13,10
HP2 5AN,80,38,42,31
HP2 5AP,15,8,7,6
HP2 5AQ,65,31,34,30
HP2 5AR,16,9,7,8
HP2 5AS,17,9,8,14
HP2 5AT,116,57,59,40
HP2 5AU,20,10,10,16
HP2 5AW,53,29,24,33
HP2 5AX,31,11,20,10
HP2 5AY,35,14,21,14
HP2 5AZ,96,48,48,27
HP2 5BA,94,47,47,30
HP2 5BB,38,23,15,15
HP2 5BD,18,11,7,8
HP2 5BE,32,10,22,26
HP2 5BF,26,14,12,14
HP2 5BH,43,23,20,18
HP2 5BN,35,18,17,15
HP2 5BP,81,27,54,9
HP2 5BS,29,13,16,11
HP2 5BU,19,8,11,5
HP2 5BW,74,31,43,10
HP2 5BX,63,31,32,29
HP2 5BY,41,20,21,19
HP2 5BZ,16,7,9,6
HP2 5DB,73,32,41,27
HP2 5DD,171,87,84,65
HP2 5DE,15,7,8,10
HP2 5DF,39,21,18,18
HP2 5DG,36,16,20,15
HP2 5DH,12,6,6,4
HP2 5DJ,50,27,23,23
HP2 5DL,9,4,5,4
HP2 5DN,60,40,20,51
HP2 5DP,51,26,25,21
HP2 5DQ,28,14,14,11
HP2 5DR,64,32,32,21
HP2 5DS,50,25,25,21
HP2 5DT,5,2,3,5
HP2 5DU,11,6,5,9
HP2 5DW,55,36,19,41
HP2 5DX,99,48,51,35
HP2 5DY,12,4,8,10
HP2 5DZ,11,6,5,1
HP2 5EA,51,23,28,18
HP2 5EB,18,6,12,9
HP2 5ED,30,14,16,12
HP2 5EE,25,9,16,19
HP2 5EF,43,23,20,15
HP2 5EG,92,48,44,36
HP2 5EH,69,28,41,25
HP2 5EJ,106,43,63,48
HP2 5EL,97,52,45,38
HP2 5EN,51,28,23,24
HP2 5EP,56,25,31,18
HP2 5EQ,23,10,13,12
HP2 5ER,61,34,27,26
HP2 5ES,65,32,33,24
HP2 5ET,38,19,19,15
HP2 5EU,4,1,3,4
HP2 5EX,28,17,11,11
HP2 5EY,44,22,22,17
HP2 5EZ,9,5,4,5
HP2 5FN,16,9,7,5
HP2 5FR,29,12,17,8
HP2 5FW,25,10,15,12
HP2 5FX,13,5,8,9
HP2 5FZ,30,12,18,16
HP2 5GG,21,8,13,12
HP2 5GQ,30,16,14,16
HP2 5GU,48,26,22,24
HP2 5GW,5,2,3,2
HP2 5GX,70,39,31,29
HP2 5GY,76,32,44,30
HP2 5GZ,45,23,22,24
HP2 5HA,6,3,3,5
HP2 5HD,19,10,9,7
HP2 5HE,6,2,4,4
HP2 5HF,63,31,32,38
HP2 5HG,73,40,33,44
HP2 5HH,67,22,45,54
HP2 5HJ,105,45,60,51
HP2 5HL,20,7,13,10
HP2 5HN,6,2,4,5
HP2 5HP,80,34,46,39
HP2 5HQ,31,18,13,24
HP2 5HT,17,8,9,9
HP2 5HU,102,48,54,42
HP2 5HW,51,26,25,24
HP2 5HX,28,15,13,14
HP2 5HY,2,1,1,1
HP2 5HZ,22,11,11,11
HP2 5JA,14,5,9,11
HP2 5JB,23,18,5,12
HP2 5JD,8,4,4,7
HP2 5JE,65,34,31,21
HP2 5JF,67,38,29,22
HP2 5JG,18,11,7,9
HP2 5JH,15,9,6,9
HP2 5JJ,107,56,51,45
HP2 5JL,67,31,36,26
HP2 5JN,24,12,12,10
HP2 5JP,9,4,5,6
HP2 5JQ,30,13,17,12
HP2 5JR,19,9,10,8
HP2 5JT,160,44,116,32
HP2 5JU,17,8,9,6
HP2 5JX,49,23,26,24
HP2 5JY,98,44,54,39
HP2 5JZ,59,26,33,23
HP2 5LA,9,6,3,3
HP2 5LB,153,48,105,43
HP2 5LD,36,17,19,13
HP2 5LE,131,73,58,44
HP2 5LF,43,24,19,16
HP2 5LG,50,21,29,21
HP2 5LH,19,10,9,8
HP2 5LJ,45,24,21,16
HP2 5LL,47,24,23,21
HP2 5LN,14,7,7,6
HP2 5LP,90,44,46,35
HP2 5LQ,22,13,9,7
HP2 5LR,63,31,32,23
HP2 5LS,95,43,52,26
HP2 5LU,61,21,40,44
HP2 5LW,42,19,23,16
HP2 5LX,20,6,14,8
HP2 5LZ,22,9,13,10
HP2 5NA,50,23,27,22
HP2 5NB,57,25,32,20
HP2 5ND,49,27,22,16
HP2 5NE,12,7,5,8
HP2 5NF,48,22,26,18
HP2 5NG,53,23,30,23
HP2 5NH,56,28,28,23
HP2 5NJ,72,34,38,27
HP2 5NL,20,6,14,8
HP2 5NN,74,36,38,25
HP2 5NP,58,13,45,0
HP2 5NQ,56,30,26,20
HP2 5NR,25,11,14,13
HP2 5NS,32,16,16,20
HP2 5NT,39,16,23,17
HP2 5NW,20,9,11,8
HP2 5NX,49,25,24,26
HP2 5NY,46,22,24,14
HP2 5NZ,84,36,48,32
HP2 5PA,127,59,68,47
HP2 5PB,31,16,15,16
HP2 5PD,73,36,37,30
HP2 5PE,39,16,23,34
HP2 5PF,14,4,10,12
HP2 5PH,63,29,34,25
HP2 5PJ,52,26,26,25
HP2 5PL,84,43,41,36
HP2 5PN,16,11,5,9
HP2 5PQ,6,4,2,5
HP2 5PS,3,1,2,1
HP2 5PT,7,3,4,3
HP2 5PU,61,32,29,41
HP2 5PW,32,16,16,16
HP2 5PY,72,37,35,33
HP2 5PZ,35,15,20,12
HP2 5QA,21,9,12,13
HP2 5QB,41,21,20,15
HP2 5QD,54,24,30,22
HP2 5QE,44,19,25,21
HP2 5QF,66,35,31,22
HP2 5QG,39,17,22,16
HP2 5QH,24,12,12,10
HP2 5QJ,32,14,18,13
HP2 5QL,29,14,15,13
HP2 5QN,72,30,42,31
HP2 5QP,30,12,18,25
HP2 5QQ,38,15,23,14
HP2 5QR,24,12,12,9
HP2 5QT,25,12,13,11
HP2 5QU,54,27,27,24
HP2 5QW,6,2,4,4
HP2 5QX,52,22,30,18
HP2 5QY,27,12,15,12
HP2 5QZ,30,13,17,14
HP2 5RA,27,10,17,12
HP2 5RB,43,23,20,17
HP2 5RD,38,17,21,15
HP2 5RE,34,14,20,16
HP2 5RF,17,9,8,9
HP2 5RG,13,6,7,5
HP2 5RH,19,11,8,6
HP2 5RN,43,23,20,22
HP2 5RP,15,5,10,6
HP2 5RQ,11,5,6,5
HP2 5RR,114,58,56,51
HP2 5RT,96,50,46,42
HP2 5RU,73,37,36,28
HP2 5RW,67,35,32,35
HP2 5RX,54,22,32,26
HP2 5RY,12,6,6,5
HP2 5RZ,76,40,36,30
HP2 5SA,109,62,47,42
HP2 5SB,73,45,28,28
HP2 5SD,51,23,28,33
HP2 5SF,106,55,51,58
HP2 5SG,57,31,26,13
HP2 5SH,65,30,35,26
HP2 5SJ,56,27,29,21
HP2 5SL,65,29,36,26
HP2 5SN,114,52,62,43
HP2 5SP,83,38,45,32
HP2 5SQ,104,46,58,33
HP2 5SR,38,17,21,13
HP2 5SU,87,46,41,29
HP2 5SW,61,29,32,19
HP2 5SX,81,42,39,32
HP2 5SY,86,39,47,34
HP2 5SZ,31,15,16,14
HP2 5TA,44,26,18,28
HP2 5TB,19,7,12,7
HP2 5TE,61,26,35,24
HP2 5TF,91,47,44,34
HP2 5TG,85,46,39,30
HP2 5TH,24,15,9,9
HP2 5TJ,59,33,26,27
HP2 5TL,21,12,9,8
HP2 5TN,26,12,14,15
HP2 5TP,33,17,16,13
HP2 5TQ,102,55,47,39
HP2 5TR,149,76,73,54
HP2 5TS,99,47,52,37
HP2 5TT,49,23,26,24
HP2 5TU,22,13,9,14
HP2 5TW,31,19,12,11
HP2 5TX,53,24,29,19
HP2 5UB,35,15,20,19
HP2 5UE,13,3,10,6
HP2 5UF,88,43,45,34
HP2 5UG,6,4,2,4
HP2 5UP,21,9,12,6
HP2 5UQ,34,15,19,19
HP2 5US,15,6,9,7
HP2 5UU,35,17,18,17
HP2 5UX,46,24,22,20
HP2 5UY,75,32,43,36
HP2 5UZ,21,15,6,18
HP2 5WR,8,2,6,6
HP2 5WS,18,9,9,8
HP2 5WT,14,7,7,14
HP2 5WU,24,8,16,13
HP2 5XA,8,4,4,6
HP2 5XB,14,6,8,11
HP2 5XD,8,5,3,4
HP2 5XE,42,19,23,16
HP2 5XF,37,19,18,12
HP2 5XG,23,12,11,15
HP2 5XP,38,20,18,17
HP2 5XQ,7,4,3,5
HP2 5XR,87,41,46,33
HP2 5XT,64,32,32,30
HP2 5XW,81,30,51,2
HP2 5XZ,12,6,6,6
HP2 5YG,14,6,8,7
HP2 5YH,140,67,73,47
HP2 5YJ,54,31,23,35
HP2 5YL,80,40,40,26
HP2 5YN,36,11,25,31
HP2 5YP,23,10,13,19
HP2 5YR,46,23,23,16
HP2 5YS,55,24,31,18
HP2 5YT,69,35,34,21
HP2 5YU,30,15,15,17
HP2 5YW,14,5,9,11
HP2 5YX,58,27,31,18
HP2 5YY,46,23,23,24
HP2 5YZ,63,30,33,22
HP2 6AA,95,47,48,31
HP2 6AB,70,33,37,27
HP2 6AE,17,5,12,5
HP2 6AH,64,34,30,35
HP2 6AJ,67,38,29,41
HP2 6AL,71,38,33,50
HP2 6AN,20,13,7,13
HP2 6AS,53,27,26,21
HP2 6AT,81,43,38,27
HP2 6AU,20,10,10,9
HP2 6AW,56,26,30,21
HP2 6AZ,45,22,23,18
HP2 6BA,40,18,22,16
HP2 6BB,42,21,21,13
HP2 6BE,56,24,32,38
HP2 6BG,52,22,30,46
HP2 6BH,50,27,23,19
HP2 6BJ,6,3,3,2
HP2 6BL,64,38,26,39
HP2 6BN,13,5,8,7
HP2 6BP,30,15,15,25
HP2 6BS,84,46,38,32
HP2 6BT,26,13,13,13
HP2 6BU,70,31,39,35
HP2 6BX,101,47,54,47
HP2 6BY,30,12,18,16
HP2 6BZ,46,23,23,23
HP2 6DA,33,18,15,12
HP2 6DB,60,28,32,26
HP2 6DD,29,17,12,11
HP2 6DE,25,13,12,10
HP2 6DF,49,32,17,30
HP2 6DG,66,34,32,32
HP2 6DH,56,36,20,42
HP2 6DJ,48,30,18,39
HP2 6DL,66,38,28,41
HP2 6DN,31,15,16,12
HP2 6DP,39,19,20,16
HP2 6DQ,55,31,24,37
HP2 6DR,28,14,14,13
HP2 6DS,57,27,30,21
HP2 6DT,70,32,38,26
HP2 6DU,51,28,23,20
HP2 6DW,12,5,7,5
HP2 6DX,31,13,18,14
HP2 6DZ,118,61,57,36
HP2 6EA,61,28,33,24
HP2 6EB,14,5,9,6
HP2 6ED,81,36,45,31
HP2 6EE,82,42,40,32
HP2 6EF,65,40,25,22
HP2 6EG,145,76,69,49
HP2 6EH,65,33,32,27
HP2 6EJ,91,55,36,21
HP2 6EL,40,18,22,11
HP2 6EN,58,28,30,13
HP2 6EP,116,53,63,44
HP2 6EQ,154,75,79,53
HP2 6ER,31,16,15,11
HP2 6ES,21,10,11,9
HP2 6ET,56,30,26,21
HP2 6EU,76,36,40,27
HP2 6EW,63,30,33,25
HP2 6EX,9,3,6,3
HP2 6EY,39,21,18,20
HP2 6EZ,4,3,1,1
HP2 6HA,3,2,1,2
HP2 6HB,10,5,5,3
HP2 6HD,2,1,1,1
HP2 6HF,8,4,4,4
HP2 6HG,29,12,17,12
HP2 6HH,18,11,7,9
HP2 6HJ,24,12,12,11
HP2 6HL,4,2,2,2
HP2 6HN,25,14,11,12
HP2 6HP,43,21,22,14
HP2 6HQ,4,3,1,1
HP2 6HR,17,8,9,7
HP2 6HT,4,2,2,1
HP2 6HU,85,40,45,40
HP2 6HW,13,6,7,6
HP2 6HX,18,8,10,6
HP2 6HY,6,2,4,2
HP2 6HZ,16,7,9,8
HP2 6JA,15,8,7,6
HP2 6JB,41,18,23,18
HP2 6JD,39,16,23,13
HP2 6JH,28,13,15,12
HP2 6JJ,11,6,5,5
HP2 6JN,10,5,5,4
HP2 6JW,5,2,3,2
HP2 6JZ,49,27,22,30
HP2 6LA,127,62,65,45
HP2 6LB,66,32,34,27
HP2 6LD,69,39,30,29
HP2 6LE,119,56,63,43
HP2 6LF,88,51,37,33
HP2 6LG,96,44,52,39
HP2 6LH,29,17,12,10
HP2 6LL,76,42,34,32
HP2 6LN,116,66,50,46
HP2 6LP,83,43,40,30
HP2 6LQ,46,22,24,23
HP2 6LR,110,55,55,39
HP2 6LS,43,25,18,16
HP2 6LT,56,26,30,19
HP2 6LU,96,43,53,28
HP2 6LW,93,51,42,35
HP2 6LX,52,26,26,20
HP2 6LY,113,56,57,40
HP2 6LZ,83,41,42,30
HP2 6NA,120,68,52,44
HP2 6NB,101,48,53,39
HP2 6ND,101,52,49,41
HP2 6NE,91,41,50,36
HP2 6NF,110,52,58,42
HP2 6NH,35,19,16,14
HP2 6NL,93,43,50,35
HP2 6NN,35,17,18,13
HP2 6NP,76,38,38,31
HP2 6NQ,101,53,48,48
HP2 6NR,43,23,20,23
HP2 6NS,85,37,48,44
HP2 6NT,100,42,58,35
HP2 6NU,38,18,20,13
HP2 6NW,104,48,56,35
HP2 6NX,111,56,55,44
HP2 6NY,63,33,30,29
HP2 6PA,141,78,63,48
HP2 6PB,128,63,65,47
HP2 6PD,118,60,58,47
HP2 6PE,42,22,20,16
HP2 6PF,61,28,33,26
HP2 6PG,98,49,49,35
HP2 6PP,12,6,6,7
HP2 6PR,4,2,2,3
HP2 6PS,38,16,22,20
HP2 7AA,42,20,22,14
HP2 7AB,44,18,26,22
HP2 7AD,13,7,6,4
HP2 7AE,5,2,3,2
HP2 7AF,7,3,4,3
HP2 7AG,83,46,37,29
HP2 7AJ,8,4,4,4
HP2 7AL,35,12,23,17
HP2 7AN,120,52,68,52
HP2 7AP,92,49,43,43
HP2 7AQ,50,22,28,18
HP2 7AR,29,15,14,19
HP2 7AS,23,12,11,13
HP2 7AT,28,15,13,21
HP2 7AW,102,46,56,36
HP2 7AX,125,62,63,46
HP2 7AY,46,21,25,20
HP2 7AZ,3,2,1,1
HP2 7BA,82,44,38,32
HP2 7BB,25,12,13,11
HP2 7BD,7,3,4,2
HP2 7BF,1,1,0,1
HP2 7BG,51,20,31,21
HP2 7BN,3,2,1,2
HP2 7BQ,38,20,18,16
HP2 7BZ,20,10,10,7
HP2 7DN,4,1,3,1
HP2 7EA,1,0,1,1
HP2 7EB,1,0,1,1
HP2 7EP,1,1,0,1
HP2 7GE,1,0,1,1
HP2 7GH,9,5,4,0
HP2 7GJ,14,6,8,9
HP2 7HH,18,11,7,4
HP2 7HJ,6,3,3,2
HP2 7HN,3,2,1,1
HP2 7HP,6,3,3,3
HP2 7HR,14,7,7,5
HP2 7HS,12,7,5,4
HP2 7HT,3,1,2,2
HP2 7HW,76,28,48,27
HP2 7HY,2,1,1,1
HP2 7JD,35,23,12,27
HP2 7JE,102,50,52,38
HP2 7JF,96,51,45,36
HP2 7JH,22,9,13,12
HP2 7JJ,108,57,51,45
HP2 7JL,102,54,48,39
HP2 7JN,112,52,60,40
HP2 7JP,102,58,44,32
HP2 7JQ,15,6,9,6
HP2 7JR,116,64,52,47
HP2 7JS,32,22,10,22
HP2 7JT,78,43,35,32
HP2 7JU,97,53,44,46
HP2 7JW,36,17,19,11
HP2 7JX,34,18,16,15
HP2 7JY,16,7,9,8
HP2 7LD,25,8,17,8
HP2 7LE,25,13,12,10
HP2 7LG,97,46,51,43
HP2 7LH,108,54,54,38
HP2 7LJ,74,27,47,23
HP2 7LL,99,46,53,30
HP2 7LN,36,18,18,13
HP2 7LP,19,10,9,7
HP2 7LQ,96,46,50,43
HP2 7LR,85,43,42,43
HP2 7LS,67,38,29,37
HP2 7LT,57,28,29,34
HP2 7LU,37,21,16,21
HP2 7LW,62,28,34,16
HP2 7LX,23,13,10,15
HP2 7LY,54,21,33,33
HP2 7LZ,46,23,23,27
HP2 7NA,64,37,27,35
HP2 7NB,76,36,40,33
HP2 7ND,76,35,41,27
HP2 7NE,75,34,41,29
HP2 7NF,33,16,17,12
HP2 7NG,61,30,31,23
HP2 7NH,48,23,25,20
HP2 7NJ,67,32,35,27
HP2 7NL,67,33,34,23
HP2 7NN,56,26,30,23
HP2 7NP,67,32,35,28
HP2 7NQ,15,7,8,7
HP2 7NR,67,35,32,29
HP2 7NS,81,40,41,27
HP2 7NT,34,14,20,14
HP2 7NU,37,16,21,16
HP2 7NW,57,29,28,30
HP2 7NX,33,16,17,14
HP2 7NY,78,46,32,41
HP2 7NZ,39,19,20,20
HP2 7PA,76,39,37,46
HP2 7PB,40,17,23,12
HP2 7PD,43,20,23,13
HP2 7PE,99,42,57,34
HP2 7PF,45,25,20,14
HP2 7PG,85,42,43,27
HP2 7PH,35,17,18,16
HP2 7PJ,30,12,18,16
HP2 7PL,50,22,28,26
HP2 7PN,50,30,20,29
HP2 7PP,35,18,17,21
HP2 7PQ,64,33,31,17
HP2 7PR,67,38,29,25
HP2 7PW,53,28,25,31
HP2 7PX,21,9,12,6
HP2 7QB,59,30,29,19
HP2 7QD,18,9,9,7
HP2 7QE,74,36,38,27
HP2 7QF,52,28,24,31
HP2 7QG,74,31,43,31
HP2 7QJ,83,40,43,36
HP2 7QL,65,40,25,38
HP2 7QN,35,23,12,24
HP2 7QP,68,32,36,26
HP2 7QQ,67,31,36,25
HP2 7QR,79,40,39,27
HP2 7QS,73,37,36,24
HP2 7QU,1,1,0,1
HP2 7QW,39,23,16,17
HP2 7QX,69,35,34,38
HP2 7QY,47,23,24,31
HP2 7RD,19,12,7,12
HP2 7RE,43,21,22,25
HP2 7RF,63,37,26,38
HP2 7RG,60,29,31,36
HP2 7RQ,41,19,22,21
HP2 7RU,21,10,11,8
HP2 7RY,15,8,7,6
HP2 7RZ,13,6,7,6
HP2 7SA,26,15,11,11
HP2 7SB,44,20,24,20
HP2 7SD,81,42,39,36
HP2 7SE,25,9,16,12
HP2 7SF,20,11,9,8
HP2 7SG,43,24,19,19
HP2 7SN,68,29,39,29
HP2 7SQ,43,23,20,26
HP2 7SS,6,3,3,2
HP2 7SU,3,1,2,1
HP2 7SW,29,13,16,12
HP2 7SX,46,23,23,21
HP2 7SY,65,30,35,32
HP2 7SZ,36,17,19,19
HP2 7TA,1,0,1,1
HP2 7TS,25,9,16,10
HP2 7XL,15,8,7,8
HP201AD,36,18,18,17
HP201AE,18,6,12,11
HP201AF,38,15,23,14
HP201AH,31,17,14,6
HP201AT,20,15,5,0
HP201BA,19,7,12,10
HP201BB,66,29,37,29
HP201BE,61,26,35,29
HP201BG,28,16,12,13
HP201BJ,113,58,55,37
HP201BL,44,20,24,18
HP201BN,20,12,8,8
HP201BQ,39,30,9,17
HP201BS,54,26,28,25
HP201BT,10,5,5,4
HP201BU,54,26,28,22
HP201BX,55,35,20,27
HP201DA,112,55,57,41
HP201DL,42,17,25,15
HP201DN,86,41,45,28
HP201DR,68,30,38,27
HP201DT,48,20,28,19
HP201DU,73,39,34,32
HP201DX,42,19,23,17
HP201DY,75,35,40,23
HP201DZ,27,12,15,8
HP201ED,20,9,11,14
HP201EE,7,6,1,1
HP201EG,17,11,6,0
HP201EH,294,293,1,0
HP201EJ,95,49,46,38
HP201EN,31,18,13,8
HP201EP,49,28,21,16
HP201EQ,21,10,11,11
HP201ER,52,21,31,24
HP201ES,55,29,26,20
HP201EW,90,44,46,27
HP201HB,95,36,59,34
HP201HD,95,41,54,30
HP201HG,116,50,66,35
HP201HH,63,33,30,20
HP201HJ,75,38,37,24
HP201HL,28,18,10,10
HP201HN,42,20,22,12
HP201HP,91,49,42,33
HP201HQ,13,8,5,11
HP201HS,9,5,4,3
HP201HT,51,31,20,16
HP201HU,5,4,1,1
HP201HW,61,33,28,23
HP201HX,51,22,29,22
HP201HY,87,46,41,35
HP201HZ,18,8,10,7
HP201JA,86,41,45,35
HP201JB,72,37,35,30
HP201JD,46,21,25,18
HP201JE,12,7,5,6
HP201JF,141,75,66,35
HP201JG,67,28,39,21
HP201JH,112,58,54,35
HP201JJ,72,36,36,43
HP201JL,20,10,10,8
HP201JN,15,7,8,6
HP201JQ,62,27,35,18
HP201JR,40,17,23,12
HP201JS,53,27,26,20
HP201JT,69,32,37,26
HP201JU,36,18,18,11
HP201JW,14,5,9,5
HP201JX,23,11,12,7
HP201JY,22,12,10,7
HP201LD,36,18,18,10
HP201LE,93,50,43,37
HP201LF,69,38,31,33
HP201LG,28,15,13,10
HP201LH,40,20,20,18
HP201LL,56,28,28,22
HP201LN,68,26,42,25
HP201LP,93,41,52,30
HP201LQ,52,30,22,14
HP201LR,37,17,20,14
HP201LS,39,20,19,12
HP201LT,83,44,39,42
HP201LU,94,43,51,39
HP201LW,31,17,14,15
HP201LX,94,52,42,37
HP201LY,83,42,41,34
HP201LZ,73,34,39,30
HP201NA,118,67,51,47
HP201NB,3,1,2,1
HP201ND,12,5,7,5
HP201NE,22,7,15,13
HP201NG,45,26,19,20
HP201NH,106,51,55,39
HP201NJ,10,5,5,4
HP201NL,80,36,44,37
HP201NN,83,38,45,26
HP201NP,62,30,32,24
HP201NQ,15,10,5,5
HP201NR,105,54,51,39
HP201NS,19,8,11,10
HP201NT,84,36,48,36
HP201NU,97,45,52,34
HP201NW,46,25,21,21
HP201NX,49,25,24,17
HP201PA,60,27,33,20
HP201PB,78,36,42,31
HP201PD,79,43,36,32
HP201PE,24,14,10,7
HP201PH,81,43,38,28
HP201PJ,82,43,39,28
HP201PL,14,6,8,5
HP201PN,51,26,25,22
HP201PS,62,25,37,30
HP201PT,34,15,19,16
HP201PU,52,21,31,23
HP201PW,29,15,14,10
HP201PX,48,24,24,25
HP201PY,13,7,6,6
HP201PZ,94,50,44,37
HP201QA,19,13,6,8
HP201QB,91,44,47,35
HP201QD,12,3,9,5
HP201QE,20,10,10,8
HP201QF,41,19,22,18
HP201QG,21,10,11,12
HP201QH,11,7,4,4
HP201QY,7,3,4,4
HP201RA,24,12,12,15
HP201RB,47,23,24,18
HP201RD,82,38,44,27
HP201RE,77,41,36,29
HP201RJ,102,51,51,56
HP201RQ,13,7,6,6
HP201RS,9,5,4,4
HP201RW,181,85,96,84
HP201RY,88,49,39,47
HP201SA,1,0,1,1
HP201SB,3,1,2,2
HP201SE,7,6,1,3
HP201SF,3,1,2,1
HP201TW,7,4,3,3
HP201TZ,6,3,3,2
HP201XE,46,24,22,27
HP201XG,61,26,35,28
HP201XH,47,29,18,25
HP201XJ,72,36,36,39
HP201XL,98,48,50,43
HP201XN,55,30,25,26
HP201XP,18,11,7,11
HP201XQ,62,30,32,34
HP201XR,47,28,19,23
HP201XS,125,61,64,52
HP201XT,18,11,7,9
HP201XU,23,13,10,16
HP201XW,19,11,8,8
HP201XX,61,35,26,26
HP201XY,67,30,37,27
HP201XZ,48,25,23,27
HP201YP,37,13,24,19
HP202AA,66,35,31,43
HP202AB,56,31,25,26
HP202AD,77,39,38,38
HP202AE,8,7,1,5
HP202AF,81,41,40,25
HP202AG,76,41,35,34
HP202AJ,53,27,26,17
HP202AL,85,40,45,36
HP202AN,51,20,31,23
HP202AP,61,22,39,27
HP202AR,59,27,32,20
HP202AS,43,21,22,18
HP202AT,10,4,6,6
HP202AU,31,14,17,14
HP202AW,37,18,19,19
HP202AX,47,23,24,13
HP202AY,16,7,9,6
HP202AZ,94,54,40,34
HP202BA,84,45,39,37
HP202BB,47,20,27,15
HP202BD,64,29,35,23
HP202BE,25,12,13,9
HP202BF,14,8,6,4
HP202BG,19,9,10,8
HP202BH,32,13,19,10
HP202BJ,85,37,48,35
HP202BL,46,28,18,28
HP202BN,45,24,21,20
HP202BP,18,5,13,10
HP202BQ,43,18,25,14
HP202BS,77,36,41,38
HP202BT,32,15,17,21
HP202BU,27,16,11,13
HP202BW,22,14,8,16
HP202BX,53,24,29,25
HP202BY,23,12,11,9
HP202BZ,10,6,4,6
HP202DA,37,17,20,11
HP202DE,38,22,16,17
HP202DF,15,11,4,13
HP202DG,36,18,18,12
HP202DH,13,5,8,12
HP202DJ,81,43,38,28
HP202DL,101,59,42,20
HP202DN,51,24,27,21
HP202DP,22,10,12,6
HP202DQ,46,24,22,20
HP202DR,14,8,6,9
HP202DS,8,3,5,6
HP202DT,15,7,8,4
HP202DU,22,14,8,5
HP202DW,18,7,11,9
HP202DX,7,3,4,4
HP202DY,20,10,10,9
HP202DZ,10,5,5,5
HP202EA,68,29,39,29
HP202EB,68,40,28,19
HP202ED,71,36,35,27
HP202EE,37,15,22,13
HP202EF,11,5,6,3
HP202EG,49,24,25,16
HP202EH,15,6,9,7
HP202EJ,52,24,28,15
HP202EL,67,33,34,30
HP202EN,54,29,25,23
HP202EP,26,18,8,6
HP202EQ,87,46,41,31
HP202ER,18,13,5,8
HP202ES,84,40,44,26
HP202ET,51,25,26,16
HP202EU,13,7,6,5
HP202EW,50,24,26,20
HP202EX,67,36,31,21
HP202EY,15,5,10,9
HP202EZ,56,22,34,29
HP202FG,10,4,6,5
HP202FN,22,11,11,8
HP202FP,12,9,3,6
HP202FQ,48,20,28,19
HP202GE,7,4,3,2
HP202GJ,55,25,30,22
HP202HA,17,7,10,7
HP202HB,51,29,22,16
HP202HD,36,19,17,14
HP202HE,55,31,24,19
HP202HF,76,39,37,37
HP202HG,23,15,8,9
HP202HQ,9,6,3,5
HP202HR,1,0,1,1
HP202HT,10,6,4,3
HP202HU,9,5,4,3
HP202JE,4,2,2,1
HP202JH,9,5,4,1
HP202JJ,41,17,24,22
HP202JL,11,4,7,6
HP202JN,19,10,9,9
HP202JP,36,21,15,19
HP202JR,64,39,25,22
HP202JS,40,22,18,26
HP202JU,9,3,6,6
HP202JW,12,6,6,6
HP202JZ,41,20,21,23
HP202LB,11,6,5,7
HP202LH,5,4,1,1
HP202LJ,194,79,115,58
HP202LL,24,12,12,16
HP202NA,7,5,2,5
HP202NB,5,4,1,3
HP202NE,21,11,10,11
HP202NF,14,6,8,4
HP202NL,35,18,17,16
HP202NQ,11,6,5,6
HP202NR,23,10,13,12
HP202NS,58,29,29,14
HP202NU,12,5,7,4
HP202NX,149,69,80,47
HP202NY,80,39,41,21
HP202NZ,128,71,57,36
HP202PA,119,62,57,24
HP202PF,43,28,15,41
HP202PG,16,9,7,12
HP202PH,4,3,1,2
HP202PQ,11,2,9,11
HP202PS,35,21,14,19
HP202QP,1,1,0,1
HP202QS,9,3,6,7
HP202QT,65,32,33,28
HP202QX,25,10,15,19
HP202QZ,25,12,13,12
HP202RA,39,21,18,17
HP202RB,8,6,2,5
HP202RD,14,6,8,8
HP202RE,32,18,14,20
HP202RF,21,10,11,11
HP202RG,4,1,3,2
HP202RN,1,1,0,1
HP202RQ,16,7,9,8
HP202RR,1,1,0,1
HP202RT,19,12,7,10
HP202RW,2,1,1,2
HP202RX,11,4,7,10
HP202RY,36,11,25,30
HP202SA,11,8,3,7
HP202SD,38,21,17,16
HP202SE,44,26,18,17
HP202SF,41,16,25,18
HP202SG,37,14,23,10
HP202SH,12,8,4,8
HP202SN,5,2,3,5
HP202SS,46,27,19,20
HP202TE,111,57,54,59
HP202TF,91,45,46,37
HP202TH,38,21,17,18
HP202UP,17,9,8,8
HP202UR,7,3,4,5
HP202UT,13,6,7,6
HP202UU,27,15,12,18
HP202UX,56,29,27,26
HP202UY,12,6,6,7
HP202UZ,45,21,24,15
HP202XA,44,21,23,18
HP202XB,23,12,11,8
HP202XD,20,10,10,8
HP202XE,62,35,27,33
HP202XF,15,8,7,6
HP202XJ,22,8,14,7
HP202XL,7,3,4,4
HP202XN,14,9,5,6
HP202XP,68,27,41,21
HP202XR,30,13,17,10
HP202XW,21,7,14,8
HP202YG,6,5,1,5
HP217AA,8,5,3,3
HP217AB,96,50,46,35
HP217AD,70,32,38,29
HP217AE,17,8,9,10
HP217AF,102,46,56,37
HP217AG,86,40,46,39
HP217AH,68,37,31,26
HP217AJ,43,21,22,15
HP217AL,69,33,36,28
HP217AN,102,55,47,37
HP217AP,22,8,14,8
HP217AQ,48,21,27,23
HP217AR,52,15,37,46
HP217AS,46,26,20,17
HP217AW,37,17,20,18
HP217AX,12,5,7,6
HP217BA,35,19,16,9
HP217BB,106,48,58,62
HP217BD,83,38,45,30
HP217BE,38,21,17,16
HP217BG,30,10,20,11
HP217BQ,87,40,47,38
HP217BY,42,15,27,32
HP217BZ,23,7,16,9
HP217DR,19,12,7,17
HP217DX,13,6,7,5
HP217DY,24,14,10,8
HP217DZ,44,20,24,18
HP217EA,19,10,9,6
HP217EB,55,28,27,21
HP217ED,30,13,17,9
HP217EE,23,11,12,8
HP217EF,45,22,23,19
HP217EG,40,27,13,32
HP217EH,82,41,41,33
HP217EJ,73,39,34,31
HP217EL,32,13,19,13
HP217EN,12,7,5,6
HP217EP,47,26,21,20
HP217EQ,51,31,20,43
HP217ER,34,19,15,14
HP217ES,21,15,6,6
HP217ET,25,17,8,8
HP217EU,65,30,35,26
HP217EW,68,31,37,30
HP217EX,47,24,23,19
HP217EY,65,34,31,25
HP217EZ,55,29,26,19
HP217FA,30,16,14,10
HP217FB,27,14,13,9
HP217FD,29,17,12,10
HP217FE,26,12,14,11
HP217FF,19,10,9,8
HP217FG,31,13,18,8
HP217FH,42,22,20,25
HP217FJ,51,26,25,20
HP217FL,51,25,26,30
HP217FQ,30,15,15,10
HP217FX,144,80,64,86
HP217FY,106,55,51,62
HP217FZ,100,47,53,60
HP217HA,72,40,32,24
HP217HB,88,46,42,32
HP217HD,74,39,35,25
HP217HE,75,35,40,22
HP217HF,73,38,35,27
HP217HG,22,11,11,10
HP217HH,97,47,50,35
HP217HJ,112,59,53,38
HP217HL,79,36,43,26
HP217HN,54,30,24,19
HP217HP,29,14,15,14
HP217HQ,9,4,5,6
HP217HR,18,7,11,12
HP217HS,52,26,26,21
HP217HT,26,10,16,10
HP217HU,48,24,24,24
HP217HW,61,33,28,23
HP217HX,66,37,29,23
HP217HY,44,21,23,19
HP217HZ,14,7,7,6
HP217JA,92,51,41,36
HP217JB,4,2,2,2
HP217JD,87,45,42,29
HP217JE,97,47,50,34
HP217JF,11,4,7,5
HP217JG,22,8,14,14
HP217JH,15,8,7,5
HP217JJ,118,63,55,39
HP217JL,93,43,50,32
HP217JN,76,36,40,27
HP217JP,68,32,36,26
HP217JQ,25,10,15,11
HP217JR,63,32,31,22
HP217JS,32,14,18,13
HP217JT,44,24,20,17
HP217JU,56,29,27,19
HP217JW,86,45,41,34
HP217JX,46,23,23,20
HP217JY,72,35,37,27
HP217JZ,109,57,52,36
HP217LD,29,18,11,15
HP217LE,14,7,7,7
HP217LF,27,12,15,13
HP217LG,23,9,14,12
HP217LH,50,23,27,18
HP217LJ,52,18,34,22
HP217LL,75,41,34,37
HP217LN,74,36,38,32
HP217LP,133,75,58,73
HP217LQ,112,63,49,33
HP217LR,44,23,21,17
HP217LS,59,29,30,21
HP217LT,47,22,25,26
HP217LU,60,33,27,25
HP217LW,89,51,38,52
HP217LZ,64,28,36,27
HP217NA,43,24,19,14
HP217NB,34,16,18,14
HP217ND,49,30,19,19
HP217NE,72,39,33,28
HP217NF,25,12,13,12
HP217NG,19,8,11,7
HP217NN,17,8,9,12
HP217NQ,27,14,13,12
HP217NR,41,19,22,14
HP217NS,35,15,20,15
HP217NT,40,17,23,18
HP217NU,97,47,50,38
HP217NX,61,30,31,23
HP217NY,113,61,52,42
HP217NZ,19,9,10,9
HP217PE,17,8,9,9
HP217PF,48,23,25,13
HP217PG,67,29,38,24
HP217PH,7,4,3,2
HP217PJ,80,44,36,30
HP217PL,2,1,1,1
HP217PN,15,5,10,5
HP217PP,12,7,5,5
HP217PQ,37,19,18,19
HP217PR,18,8,10,9
HP217PS,46,25,21,14
HP217PT,65,31,34,23
HP217PU,17,8,9,8
HP217PX,22,10,12,6
HP217PY,23,10,13,19
HP217PZ,4,2,2,1
HP217QA,25,13,12,11
HP217QU,20,9,11,8
HP217QX,8,7,1,1
HP217QY,27,15,12,15
HP217RA,17,11,6,1
HP217RB,28,16,12,13
HP217RD,45,24,21,17
HP217RE,18,9,9,11
HP217RF,26,12,14,6
HP217RG,35,10,25,30
HP217RH,37,13,24,29
HP217RN,64,31,33,29
HP217RQ,22,7,15,21
HP217RR,112,63,49,30
HP217RS,78,42,36,25
HP217RT,67,32,35,29
HP217RU,28,13,15,7
HP217RW,42,25,17,12
HP217RX,89,51,38,35
HP217RY,80,38,42,32
HP217RZ,47,27,20,17
HP217SA,88,44,44,36
HP217SB,11,6,5,4
HP217SD,7,3,4,4
HP217SE,86,46,40,34
HP217SF,19,11,8,10
HP217SH,83,43,40,43
HP217SN,12,7,5,5
HP217SR,21,12,9,12
HP217ST,24,10,14,13
HP217SW,28,13,15,25
HP217SZ,29,12,17,16
HP217TA,15,4,11,12
HP217TB,29,16,13,10
HP217TD,38,16,22,13
HP217TE,34,20,14,13
HP217TF,15,8,7,9
HP217TG,23,10,13,9
HP217TN,82,41,41,28
HP217TR,22,9,13,15
HP217TW,22,10,12,8
HP217UD,1,0,1,1
HP217UE,40,19,21,13
HP217UH,16,10,6,6
HP217UT,123,67,56,46
HP217UU,23,12,11,7
HP217UZ,16,7,9,7
HP218AA,41,23,18,12
HP218AD,5,3,2,3
HP218AF,65,27,38,24
HP218AG,79,39,40,30
HP218AH,59,23,36,37
HP218AJ,90,45,45,38
HP218AL,135,68,67,99
HP218AP,27,17,10,11
HP218AQ,24,10,14,16
HP218AR,35,17,18,13
HP218AS,28,13,15,11
HP218AT,14,9,5,8
HP218AU,28,14,14,10
HP218AX,7,3,4,4
HP218AY,7,2,5,4
HP218BA,57,32,25,23
HP218BE,46,23,23,20
HP218BG,55,30,25,21
HP218BH,77,30,47,39
HP218BJ,28,14,14,13
HP218BL,53,26,27,29
HP218BN,63,32,31,29
HP218BP,80,38,42,33
HP218BQ,87,42,45,29
HP218BS,9,4,5,3
HP218BT,57,30,27,24
HP218BU,31,18,13,13
HP218BW,92,46,46,39
HP218BX,31,15,16,10
HP218BY,90,46,44,26
HP218DA,52,19,33,15
HP218DB,11,6,5,4
HP218DE,76,34,42,27
HP218DF,11,6,5,6
HP218DG,53,22,31,23
HP218DH,56,29,27,18
HP218DJ,17,9,8,6
HP218DL,87,38,49,28
HP218DN,62,33,29,18
HP218DP,33,15,18,11
HP218DQ,53,27,26,24
HP218DR,80,42,38,32
HP218DS,62,26,36,31
HP218DT,36,12,24,28
HP218DU,76,40,36,22
HP218DW,47,21,26,13
HP218DX,57,24,33,20
HP218DY,8,3,5,6
HP218DZ,108,49,59,36
HP218EA,53,28,25,24
HP218EB,18,7,11,7
HP218ED,45,25,20,21
HP218EF,23,10,13,15
HP218EG,108,54,54,42
HP218EH,111,52,59,38
HP218EJ,122,69,53,37
HP218EL,18,11,7,8
HP218EN,53,24,29,21
HP218EP,38,23,15,15
HP218EQ,89,40,49,30
HP218ER,109,52,57,39
HP218ET,91,44,47,28
HP218EU,24,11,13,8
HP218EX,68,36,32,21
HP218EY,95,46,49,28
HP218EZ,132,65,67,40
HP218FH,161,86,75,88
HP218FJ,115,56,59,53
HP218FL,91,49,42,49
HP218FN,117,50,67,62
HP218FP,61,32,29,21
HP218FQ,40,21,19,21
HP218FR,54,26,28,20
HP218FS,37,21,16,18
HP218FT,65,36,29,23
HP218FU,53,27,26,17
HP218FX,30,16,14,11
HP218FY,111,54,57,41
HP218FZ,68,36,32,25
HP218GA,32,15,17,15
HP218GT,47,24,23,17
HP218GU,21,11,10,7
HP218GY,5,3,2,5
HP218GZ,11,8,3,4
HP218HA,50,21,29,26
HP218HB,66,37,29,34
HP218HD,83,42,41,32
HP218HF,39,25,14,11
HP218HH,10,3,7,5
HP218HJ,4,1,3,1
HP218HN,43,22,21,18
HP218HP,94,48,46,42
HP218HQ,21,10,11,8
HP218HR,105,48,57,28
HP218HS,93,47,46,24
HP218HT,54,28,26,21
HP218HU,15,7,8,5
HP218HW,119,66,53,36
HP218HX,18,6,12,7
HP218HY,101,51,50,26
HP218HZ,76,34,42,25
HP218JA,55,22,33,20
HP218JB,79,37,42,25
HP218JD,116,50,66,37
HP218JE,25,12,13,7
HP218JF,110,53,57,32
HP218JG,91,44,47,26
HP218JH,97,55,42,26
HP218JJ,77,42,35,28
HP218JL,49,22,27,19
HP218JN,54,12,42,0
HP218JP,166,75,91,67
HP218JQ,10,6,4,5
HP218JR,39,22,17,17
HP218JS,69,39,30,20
HP218JT,58,29,29,16
HP218JU,54,28,26,22
HP218JW,9,1,8,8
HP218JX,60,29,31,26
HP218JY,60,29,31,23
HP218JZ,14,6,8,4
HP218LA,110,52,58,33
HP218LB,140,62,78,41
HP218LD,23,10,13,12
HP218LE,21,10,11,11
HP218LF,92,46,46,33
HP218LG,50,28,22,28
HP218LH,94,47,47,25
HP218LJ,141,66,75,36
HP218LL,67,34,33,19
HP218LN,81,43,38,29
HP218LQ,86,52,34,25
HP218LR,139,77,62,64
HP218LT,47,27,20,21
HP218LW,89,44,45,24
HP218LX,40,20,20,14
HP218LY,70,32,38,25
HP218LZ,12,6,6,3
HP218NA,66,31,35,22
HP218NB,99,47,52,28
HP218ND,56,26,30,19
HP218NE,83,41,42,29
HP218NF,103,51,52,29
HP218NG,26,9,17,12
HP218NH,84,35,49,28
HP218NJ,45,19,26,13
HP218NL,44,22,22,15
HP218NN,19,13,6,6
HP218NP,63,39,24,35
HP218NQ,6,3,3,2
HP218NR,62,36,26,35
HP218NS,26,14,12,13
HP218NT,62,28,34,20
HP218NU,19,12,7,9
HP218NW,33,21,12,17
HP218NX,18,10,8,10
HP218NY,21,14,7,10
HP218NZ,49,24,25,23
HP218PA,75,34,41,35
HP218PF,76,37,39,36
HP218PG,52,25,27,19
HP218PH,67,35,32,27
HP218PJ,30,19,11,12
HP218PL,39,23,16,15
HP218PN,101,44,57,35
HP218PP,13,6,7,6
HP218PQ,23,9,14,12
HP218PR,81,42,39,32
HP218PS,21,10,11,8
HP218PT,25,10,15,12
HP218PU,47,19,28,20
HP218PX,44,20,24,14
HP218PY,19,11,8,16
HP218QA,47,24,23,18
HP218QB,45,26,19,13
HP218QD,82,39,43,30
HP218QY,184,86,98,55
HP218RH,11,5,6,4
HP218RJ,141,65,76,48
HP218RL,78,38,40,24
HP218RP,132,69,63,42
HP218RR,127,57,70,50
HP218RS,47,22,25,29
HP218RT,17,10,7,9
HP218RU,15,6,9,5
HP218RW,58,31,27,21
HP218RX,31,14,17,11
HP218RZ,111,58,53,36
HP218SU,29,16,13,12
HP218SX,34,13,21,14
HP218SY,61,33,28,20
HP218TA,40,23,17,13
HP218TB,69,32,37,20
HP218TD,37,15,22,29
HP218TJ,60,35,25,35
HP218TN,84,38,46,26
HP218TP,92,40,52,32
HP218TU,97,50,47,52
HP218TW,88,48,40,27
HP218TX,88,43,45,37
HP218TZ,136,66,70,56
HP218UD,50,24,26,18
HP218UE,41,18,23,12
HP218UF,122,51,71,48
HP218UU,28,13,15,13
HP218UX,10,4,6,4
HP218UY,51,25,26,25
HP218UZ,78,38,40,34
HP218XA,74,34,40,24
HP218XL,39,20,19,21
HP218XN,20,10,10,12
HP218XS,86,44,42,45
HP218XW,24,14,10,10
HP218YA,8,4,4,6
HP218YB,7,5,2,2
HP218YD,10,5,5,4
HP218YE,2,1,1,1
HP218YF,11,6,5,6
HP218YG,15,7,8,4
HP218YH,16,9,7,6
HP218YJ,20,9,11,10
HP218YL,20,10,10,10
HP218YN,14,6,8,6
HP218YP,11,6,5,7
HP218YQ,9,4,5,4
HP218YR,12,7,5,8
HP218YS,47,20,27,18
HP218YT,28,12,16,11
HP218YU,4,2,2,1
HP218YW,12,8,4,5
HP218YX,28,14,14,14
HP218YY,23,13,10,7
HP218YZ,59,31,28,31
HP219AB,115,58,57,43
HP219AD,81,39,42,33
HP219AE,25,13,12,13
HP219AF,12,7,5,7
HP219AG,33,17,16,14
HP219AH,15,7,8,5
HP219AJ,11,5,6,4
HP219AL,57,27,30,19
HP219AP,31,15,16,11
HP219AQ,25,11,14,15
HP219AR,6,3,3,3
HP219AS,3,2,1,1
HP219AU,224,115,109,162
HP219AX,80,44,36,28
HP219AY,64,32,32,20
HP219AZ,57,32,25,22
HP219BB,16,7,9,7
HP219BD,115,54,61,36
HP219BE,6,4,2,5
HP219BH,68,33,35,29
HP219BJ,64,34,30,26
HP219BL,52,25,27,28
HP219BN,50,23,27,22
HP219BP,100,45,55,34
HP219BS,87,48,39,33
HP219BT,77,43,34,29
HP219BU,22,5,17,12
HP219BW,85,42,43,34
HP219BX,35,17,18,13
HP219BY,4,2,2,4
HP219BZ,28,12,16,8
HP219DA,62,36,26,20
HP219DB,26,11,15,11
HP219DD,95,44,51,36
HP219DE,106,51,55,41
HP219DF,115,64,51,44
HP219DG,79,41,38,36
HP219DH,106,52,54,36
HP219DJ,58,25,33,28
HP219DL,56,30,26,22
HP219DN,81,35,46,41
HP219DP,8,3,5,5
HP219DQ,49,27,22,20
HP219DR,7,3,4,3
HP219DS,113,56,57,42
HP219DT,44,19,25,16
HP219DU,18,9,9,7
HP219DW,54,32,22,27
HP219DZ,44,23,21,18
HP219EA,8,5,3,2
HP219EB,79,33,46,34
HP219ED,27,12,15,12
HP219EE,36,14,22,15
HP219EF,58,33,25,25
HP219EG,48,19,29,18
HP219EQ,33,18,15,23
HP219ER,5,2,3,2
HP219EU,85,43,42,37
HP219FE,42,21,21,12
HP219FG,20,6,14,10
HP219FZ,20,10,10,8
HP219HG,77,46,31,24
HP219HJ,10,5,5,8
HP219HL,26,14,12,11
HP219HN,16,7,9,9
HP219HP,4,1,3,3
HP219HR,54,27,27,26
HP219HS,54,22,32,33
HP219HT,37,21,16,22
HP219HU,38,18,20,18
HP219HW,27,13,14,15
HP219HX,12,6,6,5
HP219HY,16,7,9,8
HP219JA,8,5,3,6
HP219JB,20,8,12,10
HP219JD,47,22,25,31
HP219JE,11,4,7,4
HP219JF,76,34,42,38
HP219JG,8,3,5,3
HP219JH,31,16,15,17
HP219JJ,86,36,50,41
HP219JL,76,34,42,32
HP219JN,42,17,25,14
HP219JP,55,28,27,21
HP219JQ,4,2,2,2
HP219JR,76,36,40,22
HP219JS,44,22,22,14
HP219JW,91,48,43,33
HP219LA,39,15,24,22
HP219LB,83,39,44,33
HP219LJ,72,31,41,25
HP219LL,8,5,3,6
HP219LN,47,23,24,29
HP219LQ,21,9,12,9
HP219LR,55,27,28,19
HP219LS,27,16,11,11
HP219LT,92,47,45,41
HP219LU,47,23,24,14
HP219LW,76,38,38,19
HP219LX,94,47,47,43
HP219LY,113,59,54,43
HP219LZ,52,22,30,31
HP219NA,29,13,16,13
HP219NB,91,49,42,42
HP219ND,32,18,14,19
HP219NE,36,16,20,12
HP219NF,38,20,18,18
HP219NH,23,5,18,9
HP219NJ,67,18,49,7
HP219NL,16,8,8,5
HP219NN,46,19,27,17
HP219NP,10,5,5,5
HP219NR,12,4,8,7
HP219NS,31,14,17,14
HP219NT,38,22,16,14
HP219NU,53,24,29,24
HP219NW,51,23,28,18
HP219NX,40,22,18,16
HP219NY,51,23,28,17
HP219PA,13,8,5,5
HP219PB,119,52,67,32
HP219PD,68,40,28,22
HP219PH,46,30,16,6
HP219PJ,79,40,39,40
HP219PL,87,49,38,38
HP219PN,82,46,36,31
HP219PR,76,37,39,27
HP219PS,62,35,27,26
HP219PT,51,33,18,19
HP219PU,52,24,28,22
HP219PW,144,74,70,43
HP219PZ,45,22,23,18
HP219QB,92,47,45,33
HP219QD,58,28,30,20
HP219QE,35,16,19,13
HP219QF,61,32,29,27
HP219QP,18,8,10,9
HP219QR,23,9,14,12
HP219QS,29,15,14,10
HP219QT,38,19,19,20
HP219QU,9,3,6,3
HP219QW,11,5,6,3
HP219QX,11,5,6,5
HP219QY,28,12,16,12
HP219QZ,22,10,12,10
HP219RG,52,25,27,17
HP219RH,55,29,26,24
HP219RJ,44,22,22,22
HP219RL,41,22,19,18
HP219RQ,73,33,40,32
HP219RR,129,65,64,40
HP219RS,65,30,35,25
HP219RT,32,18,14,10
HP219RU,122,65,57,34
HP219RX,82,35,47,27
HP219RY,77,33,44,24
HP219SH,51,23,28,17
HP219SL,148,75,73,52
HP219SQ,51,29,22,20
HP219TA,30,18,12,12
HP219TE,67,33,34,25
HP219TF,81,41,40,36
HP219TG,82,38,44,41
HP219TJ,43,17,26,16
HP219TL,67,33,34,30
HP219TN,49,22,27,27
HP219TQ,48,23,25,24
HP219TS,35,12,23,17
HP219TT,112,54,58,38
HP219TU,47,19,28,18
HP219TW,57,29,28,18
HP219TX,96,52,44,30
HP219TY,48,23,25,17
HP219TZ,64,33,31,21
HP219UA,62,34,28,23
HP219UB,93,51,42,35
HP219UD,34,16,18,21
HP219UE,76,34,42,38
HP219UF,20,11,9,9
HP219UG,31,17,14,12
HP219UH,68,34,34,37
HP219UJ,19,9,10,6
HP219UL,32,18,14,12
HP219UN,18,8,10,8
HP219UP,10,5,5,6
HP219UQ,45,21,24,14
HP219UR,24,13,11,10
HP219UT,47,21,26,19
HP219UU,27,13,14,12
HP219UW,49,26,23,21
HP219UX,25,9,16,15
HP219UY,47,22,25,21
HP219XA,40,19,21,18
HP219XB,36,18,18,14
HP219XD,79,38,41,29
HP219XE,87,46,41,32
HP219XF,50,20,30,19
HP219XG,51,25,26,20
HP219XH,108,59,49,41
HP219XJ,103,54,49,35
HP219XL,18,7,11,8
HP219XN,94,46,48,36
HP219XQ,20,11,9,9
HP219XR,9,4,5,4
HP219XS,11,7,4,4
HP219XT,27,11,16,9
HP219XU,20,12,8,6
HP219XW,13,6,7,5
HP219XX,44,20,24,16
HP219XY,39,19,20,15
HP219XZ,41,20,21,27
HP219YA,57,32,25,16
HP219YB,57,27,30,20
HP219YD,50,24,26,19
HP219YE,73,35,38,26
HP219YF,38,16,22,13
HP219YG,46,19,27,16
HP219YH,24,11,13,12
HP219YJ,16,6,10,7
HP219YQ,67,27,40,37
HP224AA,13,5,8,5
HP224AB,4,2,2,2
HP224AD,17,8,9,5
HP224AE,3,2,1,2
HP224AF,10,4,6,3
HP224AG,8,4,4,2
HP224AH,7,3,4,3
HP224AJ,8,4,4,4
HP224AL,21,8,13,6
HP224AN,10,5,5,2
HP224AP,51,19,32,29
HP224AQ,3,1,2,1
HP224AR,62,32,30,31
HP224AS,31,13,18,13
HP224AT,44,21,23,17
HP224AW,39,18,21,13
HP224AX,23,9,14,10
HP224AY,67,31,36,24
HP224AZ,42,22,20,14
HP224BA,46,23,23,24
HP224BB,18,10,8,7
HP224BD,76,40,36,35
HP224BE,29,16,13,12
HP224BG,15,6,9,8
HP224BH,3,3,0,2
HP224BJ,44,20,24,18
HP224BL,76,37,39,30
HP224BN,78,33,45,32
HP224BP,35,14,21,13
HP224BQ,4,2,2,1
HP224BS,8,4,4,5
HP224BT,59,29,30,22
HP224BU,36,17,19,12
HP224BW,38,18,20,16
HP224BX,150,72,78,57
HP224BY,4,3,1,2
HP224DA,15,6,9,6
HP224DB,1,1,0,1
HP224DE,23,10,13,6
HP224DF,9,3,6,4
HP224DG,7,3,4,3
HP224DH,11,6,5,5
HP224DJ,11,6,5,5
HP224DL,15,7,8,6
HP224DP,24,12,12,7
HP224DQ,4,2,2,2
HP224DR,34,18,16,11
HP224DS,7,4,3,3
HP224DT,4,2,2,2
HP224DU,58,33,25,24
HP224DX,4,2,2,3
HP224DY,4,2,2,2
HP224DZ,81,40,41,30
HP224EA,22,10,12,6
HP224EB,19,10,9,8
HP224EE,2,1,1,1
HP224EF,37,23,14,12
HP224EH,21,8,13,7
HP224EJ,12,8,4,5
HP224EL,25,13,12,7
HP224EN,5,2,3,3
HP224EP,3,2,1,2
HP224EQ,7,4,3,3
HP224ER,39,22,17,14
HP224ES,16,8,8,5
HP224ET,5,3,2,2
HP224EU,45,25,20,14
HP224EW,20,9,11,10
HP224EX,20,8,12,7
HP224EY,1,0,1,1
HP224EZ,21,10,11,9
HP224FA,8,6,2,6
HP224FB,13,4,9,5
HP224FD,14,7,7,5
HP224FE,5,3,2,3
HP224FF,22,11,11,8
HP224FG,12,7,5,6
HP224HA,5,2,3,1
HP224HB,37,18,19,16
HP224HD,59,31,28,26
HP224HG,8,5,3,3
HP224HH,4,1,3,3
HP224HJ,50,24,26,20
HP224HL,55,29,26,21
HP224HN,29,13,16,12
HP224HP,12,7,5,4
HP224HR,21,10,11,9
HP224HS,36,20,16,18
HP224HT,37,16,21,15
HP224HU,11,7,4,2
HP224HW,19,9,10,7
HP224JA,63,31,32,26
HP224JB,39,19,20,15
HP224JD,6,3,3,3
HP224JE,27,14,13,10
HP224JF,81,45,36,34
HP224JJ,14,7,7,6
HP224JL,119,59,60,41
HP224JN,69,31,38,30
HP224JP,34,14,20,10
HP224JQ,13,7,6,5
HP224JR,8,5,3,4
HP224JS,27,13,14,11
HP224JT,22,12,10,12
HP224JU,39,17,22,17
HP224JX,14,4,10,7
HP224JY,3,1,2,3
HP224JZ,15,5,10,8
HP224LA,3,3,0,3
HP224LB,14,8,6,7
HP224LD,3,1,2,2
HP224LE,48,25,23,18
HP224LF,37,21,16,12
HP224LG,75,34,41,31
HP224LH,23,11,12,11
HP224LP,25,10,15,14
HP224LQ,13,5,8,3
HP224LR,6,4,2,3
HP224LS,6,4,2,4
HP224LT,33,16,17,15
HP224LU,15,9,6,7
HP224LW,7,4,3,2
HP224LX,57,20,37,33
HP224LY,41,19,22,16
HP224LZ,12,5,7,7
HP224NA,14,6,8,6
HP224NB,16,7,9,8
HP224ND,26,16,10,9
HP224NE,9,5,4,3
HP224NF,14,8,6,4
HP224NG,8,4,4,4
HP224NH,87,44,43,36
HP224NJ,59,29,30,23
HP224NL,19,7,12,7
HP224NN,26,12,14,11
HP224NP,11,5,6,6
HP224NQ,7,3,4,1
HP224NR,20,9,11,10
HP224NS,57,28,29,30
HP224NT,14,8,6,8
HP224NU,10,4,6,4
HP224NW,49,24,25,21
HP224NX,39,18,21,15
HP224PA,132,64,68,46
HP224PB,12,6,6,6
HP224PD,32,20,12,12
HP224PE,49,21,28,26
HP224PF,17,8,9,7
HP224PG,35,16,19,11
HP224PH,24,12,12,12
HP224PJ,1,0,1,1
HP224PL,92,43,49,33
HP224PN,9,4,5,5
HP224PP,9,4,5,4
HP224PQ,27,13,14,10
HP224PR,17,9,8,7
HP224PS,109,57,52,46
HP224PT,28,16,12,11
HP224PU,9,5,4,4
HP224PW,8,4,4,3
HP224PX,66,30,36,28
HP224PY,13,5,8,5
HP224PZ,9,5,4,5
HP224QA,9,4,5,5
HP224QB,142,71,71,59
HP224QD,9,5,4,4
HP224QE,17,8,9,5
HP224QF,80,32,48,43
HP224QG,4,1,3,1
HP224QH,20,7,13,8
HP224QJ,13,6,7,4
HP224QL,62,25,37,25
HP224QN,38,19,19,14
HP224QP,28,13,15,14
HP224QQ,137,63,74,51
HP224QR,8,4,4,4
HP224QS,5,3,2,2
HP224QT,17,9,8,7
HP224QU,61,31,30,22
HP224QW,20,10,10,8
HP224QX,4,2,2,1
HP224QZ,37,20,17,11
HP224RB,1,1,0,1
HP224RH,2,2,0,2
HP224RJ,4,1,3,2
HP224RP,12,6,6,5
HP224RQ,11,7,4,3
HP224RT,54,47,7,8
HP224RU,3,1,2,1
HP224SB,12,5,7,4
HP224SH,11,5,6,5
HP224TL,54,27,27,18
HP225AA,24,11,13,6
HP225AB,52,23,29,17
HP225AD,71,33,38,28
HP225AE,7,3,4,4
HP225AF,14,5,9,6
HP225AG,19,6,13,11
HP225AH,46,19,27,17
HP225AJ,43,16,27,17
HP225AL,12,6,6,6
HP225AN,10,6,4,6
HP225AP,4,3,1,2
HP225AQ,50,25,25,22
HP225AR,30,14,16,16
HP225AS,80,40,40,34
HP225AT,48,27,21,15
HP225AU,39,19,20,18
HP225AW,54,29,25,23
HP225AX,100,41,59,25
HP225AY,16,9,7,6
HP225AZ,35,12,23,24
HP225BA,10,6,4,3
HP225BB,119,57,62,37
HP225BD,81,46,35,38
HP225BE,8,6,2,7
HP225BF,22,11,11,9
HP225BG,13,5,8,4
HP225BH,2,1,1,1
HP225BJ,7,3,4,3
HP225BN,9,5,4,7
HP225BP,7,5,2,2
HP225BQ,5,2,3,3
HP225BS,47,19,28,18
HP225BT,60,25,35,25
HP225BU,27,12,15,14
HP225BW,12,5,7,5
HP225BX,66,31,35,29
HP225BY,38,18,20,19
HP225BZ,28,14,14,12
HP225DA,16,8,8,5
HP225DB,5,3,2,3
HP225DD,71,33,38,29
HP225DE,95,46,49,37
HP225DF,69,28,41,33
HP225DG,11,5,6,3
HP225DH,42,19,23,18
HP225DJ,46,25,21,17
HP225DL,99,54,45,43
HP225DN,33,14,19,15
HP225DP,5,1,4,4
HP225DQ,48,24,24,20
HP225DR,16,8,8,8
HP225DS,100,48,52,37
HP225DT,71,35,36,29
HP225DU,23,9,14,11
HP225DW,70,36,34,33
HP225DX,6,3,3,2
HP225DY,14,8,6,4
HP225DZ,52,26,26,24
HP225EA,10,5,5,4
HP225EB,10,5,5,5
HP225ED,16,8,8,6
HP225EE,10,5,5,4
HP225EF,26,10,16,10
HP225EG,106,51,55,44
HP225EH,43,20,23,16
HP225EJ,122,59,63,57
HP225EL,56,26,30,21
HP225EN,17,7,10,6
HP225EP,104,52,52,44
HP225EQ,8,5,3,4
HP225ER,7,6,1,2
HP225ES,99,48,51,39
HP225ET,46,24,22,24
HP225EU,75,36,39,30
HP225EX,53,25,28,23
HP225EY,7,3,4,5
HP225EZ,19,11,8,7
HP225FA,17,7,10,7
HP225FB,2,1,1,1
HP225FD,81,39,42,31
HP225FF,52,24,28,20
HP225FH,21,7,14,7
HP225FJ,7,3,4,3
HP225FL,12,3,9,3
HP225FN,4,3,1,2
HP225FQ,22,14,8,8
HP225FS,7,4,3,3
HP225FW,46,20,26,30
HP225FX,12,6,6,5
HP225FZ,46,19,27,18
HP225GB,111,54,57,37
HP225GD,4,1,3,2
HP225GE,26,11,15,11
HP225GF,42,18,24,15
HP225GG,6,3,3,2
HP225GH,22,10,12,12
HP225GJ,20,9,11,7
HP225GP,12,5,7,3
HP225GQ,6,3,3,2
HP225GR,6,3,3,3
HP225GS,21,9,12,5
HP225GU,103,42,61,42
HP225GW,48,24,24,24
HP225HA,51,27,24,21
HP225HB,81,44,37,30
HP225HD,65,31,34,24
HP225HE,21,8,13,7
HP225HF,7,5,2,3
HP225HG,71,37,34,26
HP225HH,66,30,36,30
HP225HJ,3,1,2,2
HP225HL,25,11,14,10
HP225HN,52,22,30,19
HP225HP,2,2,0,0
HP225HQ,55,26,29,19
HP225HR,8,3,5,4
HP225HS,64,32,32,28
HP225HT,9,3,6,4
HP225HU,42,20,22,13
HP225HW,7,3,4,3
HP225HX,36,20,16,15
HP225HY,73,38,35,32
HP225HZ,75,38,37,25
HP225JB,23,12,11,8
HP225JD,113,60,53,43
HP225JE,112,54,58,39
HP225JF,17,7,10,6
HP225JG,11,6,5,5
HP225JH,10,6,4,4
HP225JJ,39,22,17,15
HP225JL,15,7,8,5
HP225JN,14,9,5,12
HP225JP,49,23,26,20
HP225JR,8,4,4,2
HP225JS,69,37,32,24
HP225JT,43,21,22,18
HP225JU,65,26,39,25
HP225JW,43,20,23,21
HP225JX,97,51,46,45
HP225JY,121,59,62,48
HP225JZ,38,18,20,20
HP225LA,30,14,16,16
HP225LB,62,27,35,21
HP225LD,75,39,36,28
HP225LE,75,37,38,27
HP225LF,56,23,33,22
HP225LG,86,41,45,49
HP225LH,2,2,0,2
HP225LJ,16,7,9,11
HP225LL,80,41,39,33
HP225LN,9,4,5,4
HP225LP,18,10,8,9
HP225LQ,44,21,23,26
HP225LR,13,7,6,4
HP225LS,52,24,28,23
HP225LT,13,6,7,6
HP225LU,12,5,7,6
HP225LY,64,32,32,36
HP225LZ,24,11,13,8
HP225NA,54,27,27,22
HP225NB,47,22,25,16
HP225ND,21,10,11,9
HP225NE,5,2,3,3
HP225NF,41,19,22,16
HP225NG,16,9,7,12
HP225NH,23,8,15,8
HP225NJ,20,11,9,5
HP225NL,70,41,29,23
HP225NN,53,28,25,20
HP225NQ,18,9,9,7
HP225NR,30,15,15,9
HP225NS,70,36,34,25
HP225NT,70,28,42,17
HP225NU,11,5,6,4
HP225NW,26,12,14,11
HP225NX,107,57,50,29
HP225NY,99,47,52,32
HP225NZ,11,5,6,4
HP225PA,11,4,7,5
HP225PB,21,9,12,15
HP225PD,9,5,4,4
HP225PE,12,6,6,4
HP225PG,122,88,34,0
HP225PN,45,19,26,4
HP225PP,94,47,47,32
HP225PQ,14,5,9,7
HP225PR,45,23,22,13
HP225PS,5,2,3,2
HP225PT,71,35,36,27
HP225PU,46,24,22,20
HP225PW,36,16,20,12
HP225PX,14,7,7,4
HP225PY,5,2,3,2
HP225QA,32,13,19,12
HP225QB,74,37,37,24
HP225QD,45,18,27,21
HP225QE,20,11,9,8
HP225QF,120,62,58,40
HP225QG,39,23,16,11
HP225QH,99,47,52,35
HP225QJ,55,27,28,19
HP225QL,4,3,1,1
HP225QN,34,18,16,14
HP225QP,40,21,19,13
HP225QQ,136,63,73,43
HP225QR,54,27,27,25
HP225QS,79,38,41,31
HP225QT,33,16,17,10
HP225QW,30,15,15,12
HP225QX,37,19,18,16
HP225QY,14,10,4,4
HP225QZ,20,11,9,10
HP225RA,56,31,25,20
HP225RB,55,18,37,22
HP225RD,109,56,53,44
HP225RE,63,28,35,21
HP225RF,74,39,35,29
HP225RG,22,9,13,10
HP225RH,57,31,26,20
HP225RJ,6,3,3,2
HP225RL,26,14,12,10
HP225RP,28,14,14,13
HP225RQ,32,18,14,12
HP225RR,83,36,47,43
HP225RS,11,6,5,4
HP225RT,36,17,19,12
HP225RU,21,7,14,14
HP225RW,31,17,14,13
HP225RX,108,56,52,39
HP225RY,10,5,5,5
HP225RZ,18,9,9,9
HP225SA,46,25,21,18
HP225SB,25,10,15,11
HP225SD,12,5,7,8
HP225SE,41,21,20,15
HP225SF,91,47,44,37
HP225SG,49,26,23,24
HP225SH,16,7,9,7
HP225SJ,75,42,33,28
HP225SL,86,33,53,31
HP225SN,43,18,25,18
HP225SP,18,7,11,11
HP225SQ,42,22,20,12
HP225SR,64,32,32,24
HP225SS,39,22,17,15
HP225ST,34,15,19,15
HP225SU,13,7,6,5
HP225SW,23,11,12,11
HP225SZ,7,5,2,2
HP225TD,83,36,47,28
HP225TE,76,35,41,31
HP225TF,31,16,15,10
HP225TG,126,65,61,46
HP225TH,6,3,3,3
HP225TJ,65,28,37,29
HP225TL,44,22,22,17
HP225TN,47,24,23,19
HP225TQ,91,44,47,35
HP225TR,17,9,8,5
HP225TS,26,15,11,9
HP225TT,39,18,21,14
HP225TU,7,4,3,5
HP225TW,53,26,27,23
HP225TX,71,35,36,22
HP225TY,61,32,29,21
HP225TZ,9,6,3,8
HP225UA,75,38,37,25
HP225UB,57,30,27,31
HP225UD,19,9,10,9
HP225UE,49,22,27,19
HP225UF,46,19,27,22
HP225UG,73,34,39,25
HP225UH,79,47,32,28
HP225UJ,142,69,73,60
HP225UL,110,52,58,44
HP225UN,44,22,22,24
HP225UP,60,28,32,25
HP225UQ,66,30,36,42
HP225UR,85,41,44,33
HP225US,14,5,9,4
HP225UT,61,30,31,26
HP225UU,46,24,22,16
HP225UW,21,11,10,8
HP225UX,7,3,4,3
HP225UY,18,11,7,7
HP225UZ,26,12,14,10
HP225WE,27,12,15,11
HP225WH,21,14,7,6
HP225WQ,49,25,24,19
HP225WS,11,5,6,3
HP225WT,21,10,11,7
HP225WU,21,7,14,9
HP225WW,28,12,16,16
HP225WX,47,24,23,17
HP225WY,26,17,9,9
HP225XA,91,46,45,34
HP225XB,44,23,21,18
HP225XH,50,26,24,18
HP225XJ,31,15,16,10
HP225XL,24,14,10,8
HP225XP,16,7,9,5
HP225XR,9,5,4,2
HP225XS,63,27,36,27
HP225XT,2,1,1,1
HP225XU,49,24,25,21
HP225XY,60,27,33,23
HP225XZ,32,18,14,11
HP225YA,5,2,3,3
HP225YB,34,15,19,14
HP225YD,6,3,3,3
HP225YE,33,16,17,16
HP225YH,62,32,30,22
HP225YJ,20,9,11,7
HP225YL,32,14,18,13
HP225YN,67,31,36,28
HP225YP,18,8,10,8
HP225YR,56,29,27,19
HP225YS,9,4,5,4
HP225YT,11,5,6,8
HP225YU,8,5,3,3
HP225YW,14,8,6,8
HP225ZB,240,98,142,35
HP225ZE,37,18,19,19
HP226AA,52,27,25,22
HP226AB,17,4,13,14
HP226AD,45,20,25,19
HP226AE,51,22,29,25
HP226AF,73,33,40,31
HP226AG,46,25,21,17
HP226AH,64,31,33,20
HP226AJ,82,37,45,33
HP226AL,48,25,23,17
HP226AN,83,42,41,34
HP226AP,19,11,8,8
HP226AQ,58,27,31,21
HP226AR,67,32,35,24
HP226AS,2,0,2,2
HP226AU,6,3,3,2
HP226AW,87,45,42,35
HP226AX,128,57,71,53
HP226AY,19,8,11,8
HP226AZ,19,9,10,9
HP226BA,11,6,5,5
HP226BD,43,9,34,0
HP226BG,53,29,24,19
HP226BH,51,14,37,2
HP226BP,37,11,26,10
HP226BS,67,26,41,50
HP226BT,68,29,39,20
HP226BU,23,13,10,9
HP226BX,50,26,24,18
HP226BY,80,39,41,30
HP226BZ,14,7,7,7
HP226DA,50,27,23,18
HP226DB,52,25,27,19
HP226DE,12,4,8,5
HP226DF,14,7,7,6
HP226DG,67,28,39,35
HP226DH,90,38,52,31
HP226DJ,92,48,44,33
HP226DL,36,14,22,12
HP226DN,24,13,11,10
HP226DP,15,8,7,5
HP226DQ,99,46,53,39
HP226DS,42,22,20,22
HP226DU,22,11,11,14
HP226DW,13,3,10,11
HP226DX,1,0,1,1
HP226DY,5,3,2,4
HP226EA,10,5,5,7
HP226EB,14,8,6,8
HP226ED,8,3,5,6
HP226EE,9,4,5,7
HP226EF,74,38,36,44
HP226EG,61,24,37,36
HP226EH,33,14,19,16
HP226EJ,45,22,23,21
HP226EL,76,39,37,29
HP226EP,6,3,3,3
HP226EQ,35,16,19,17
HP226ER,14,6,8,6
HP226ES,30,16,14,10
HP226EW,33,17,16,11
HP226EZ,29,17,12,19
HP226HA,19,8,11,7
HP226HB,15,8,7,9
HP226HD,3,0,3,3
HP226HE,42,19,23,20
HP226HF,30,17,13,16
HP226HG,89,51,38,33
HP226HH,85,38,47,31
HP226HJ,57,24,33,22
HP226HL,17,10,7,6
HP226HN,54,26,28,20
HP226HP,42,16,26,22
HP226HQ,37,19,18,13
HP226HR,37,21,16,16
HP226HS,34,15,19,14
HP226HT,111,48,63,37
HP226HU,71,30,41,27
HP226HW,25,13,12,10
HP226HX,27,10,17,11
HP226HY,58,27,31,25
HP226HZ,19,10,9,7
HP226JA,7,4,3,2
HP226JB,6,3,3,4
HP226JE,33,16,17,13
HP226JF,23,9,14,13
HP226JG,52,25,27,24
HP226JH,9,4,5,3
HP226JJ,32,17,15,17
HP226JL,64,33,31,22
HP226JN,66,30,36,32
HP226JQ,32,15,17,18
HP226JR,17,7,10,9
HP226JS,4,2,2,2
HP226JT,111,59,52,43
HP226JU,18,10,8,7
HP226JW,47,20,27,46
HP226JX,88,38,50,33
HP226JY,30,14,16,14
HP226JZ,60,29,31,25
HP226LA,48,23,25,22
HP226LB,14,8,6,6
HP226LD,13,6,7,4
HP226LE,25,11,14,9
HP226LF,9,1,8,8
HP226LG,8,4,4,5
HP226LH,11,6,5,4
HP226LJ,33,17,16,12
HP226LL,104,53,51,35
HP226LN,52,27,25,24
HP226LP,42,22,20,15
HP226LR,26,13,13,15
HP226LS,78,37,41,30
HP226LT,9,4,5,6
HP226LU,10,5,5,4
HP226LW,56,32,24,24
HP226LX,36,15,21,11
HP226LY,54,23,31,24
HP226LZ,25,12,13,12
HP226NA,19,9,10,10
HP226NB,11,6,5,8
HP226ND,2,2,0,2
HP226NE,77,29,48,14
HP226NF,48,21,27,25
HP226NG,18,9,9,8
HP226NH,7,3,4,4
HP226NJ,9,4,5,3
HP226NL,28,23,5,4
HP226NN,10,4,6,4
HP226NP,71,30,41,46
HP226NQ,33,18,15,14
HP226NR,19,8,11,12
HP226NS,45,27,18,27
HP226NT,53,26,27,20
HP226NU,10,5,5,6
HP226NX,86,41,45,32
HP226NY,40,17,23,20
HP226NZ,48,24,24,18
HP226PA,38,17,21,31
HP226PB,64,27,37,27
HP226PF,10,3,7,7
HP226PG,1,1,0,1
HP226PH,69,31,38,37
HP226PJ,11,4,7,6
HP226PN,58,32,26,22
HP226PQ,20,10,10,6
HP226PR,15,8,7,8
HP226PT,7,3,4,3
HP226PW,39,17,22,16
HP226PX,8,3,5,3
HP226PY,13,6,7,6
HP226PZ,8,3,5,4
HP226QA,15,7,8,5
HP226QB,3,2,1,1
HP226QD,13,6,7,5
HP226QG,2,1,1,1
HP226QH,64,36,28,25
HP226QJ,34,14,20,13
HP226QL,11,6,5,6
HP226QP,8,4,4,2
HP226QQ,31,14,17,9
HP226QR,17,8,9,7
HP226RS,108,53,55,41
HP226RT,80,38,42,32
HP226RU,36,18,18,11
HP234AB,39,18,21,15
HP234AF,52,27,25,22
HP234AJ,31,17,14,11
HP234AL,4,2,2,2
HP234AN,16,6,10,6
HP234AP,52,23,29,18
HP234AR,82,41,41,29
HP234AS,26,14,12,10
HP234AT,121,55,66,43
HP234AU,23,11,12,10
HP234AW,17,6,11,13
HP234AX,19,9,10,9
HP234AY,60,31,29,21
HP234AZ,73,33,40,34
HP234BA,95,47,48,33
HP234BB,38,24,14,19
HP234BE,33,23,10,16
HP234BH,20,10,10,11
HP234BJ,62,30,32,26
HP234BN,41,18,23,18
HP234BQ,31,16,15,16
HP234BS,21,11,10,15
HP234BT,13,6,7,10
HP234BU,12,5,7,10
HP234BX,15,6,9,11
HP234BZ,82,35,47,33
HP234DA,14,6,8,7
HP234DB,30,11,19,15
HP234DD,108,54,54,39
HP234DE,46,23,23,14
HP234DF,101,41,60,40
HP234DG,79,41,38,32
HP234DH,33,17,16,13
HP234DJ,7,3,4,2
HP234DL,48,9,39,0
HP234DN,34,18,16,19
HP234DP,63,31,32,24
HP234DQ,18,7,11,9
HP234DR,84,41,43,26
HP234DS,81,40,41,31
HP234DT,55,27,28,21
HP234DU,25,14,11,8
HP234DW,149,76,73,53
HP234DX,103,48,55,38
HP234DY,4,2,2,2
HP234DZ,31,17,14,19
HP234EA,19,8,11,10
HP234ED,21,9,12,8
HP234EE,68,34,34,24
HP234EF,65,31,34,29
HP234EG,51,19,32,26
HP234EH,14,8,6,5
HP234EJ,43,22,21,18
HP234EL,20,10,10,9
HP234EN,80,34,46,33
HP234EP,94,44,50,31
HP234EQ,11,5,6,6
HP234ER,39,20,19,18
HP234ES,24,12,12,12
HP234ET,66,36,30,20
HP234EU,59,27,32,21
HP234EW,70,37,33,27
HP234EX,58,28,30,20
HP234EY,17,9,8,5
HP234EZ,33,16,17,12
HP234FD,12,6,6,8
HP234FH,21,9,12,11
HP234FL,9,3,6,6
HP234FP,34,16,18,16
HP234HA,32,14,18,12
HP234HB,43,22,21,17
HP234HD,35,19,16,12
HP234HE,50,26,24,20
HP234HF,98,44,54,35
HP234HG,48,22,26,17
HP234HH,57,24,33,21
HP234HQ,61,31,30,22
HP234HR,13,6,7,5
HP234HT,75,36,39,22
HP234HU,27,12,15,8
HP234HX,20,8,12,7
HP234HY,18,8,10,7
HP234HZ,52,26,26,18
HP234JA,30,16,14,13
HP234JB,27,10,17,15
HP234JD,16,8,8,8
HP234JE,32,15,17,10
HP234JH,26,14,12,14
HP234JJ,6,3,3,3
HP234JL,62,34,28,20
HP234JP,6,2,4,3
HP234JT,8,5,3,3
HP234JU,12,8,4,4
HP234JX,8,3,5,2
HP234LA,4,2,2,2
HP234LB,9,5,4,4
HP234LD,61,28,33,20
HP234LH,7,4,3,2
HP234LJ,32,20,12,14
HP234LL,9,2,7,2
HP234LN,59,29,30,21
HP234LP,54,24,30,22
HP234LR,53,30,23,15
HP234LS,50,21,29,19
HP234LT,66,29,37,26
HP234LU,41,21,20,18
HP234LW,59,29,30,20
HP234LX,23,11,12,8
HP234LY,22,10,12,9
HP234LZ,4,2,2,2
HP234NA,12,4,8,6
HP234NB,11,5,6,5
HP234ND,16,7,9,7
HP234NE,9,4,5,5
HP234NF,19,11,8,7
HP234NG,14,7,7,6
HP234NH,122,58,64,46
HP234NJ,24,12,12,9
HP234NP,6,3,3,3
HP234NQ,39,18,21,16
HP234NR,23,10,13,9
HP234NS,4,2,2,2
HP234NT,17,9,8,10
HP234NU,21,11,10,10
HP234NW,10,5,5,4
HP234NY,29,14,15,13
HP234NZ,76,38,38,29
HP234PA,3,2,1,2
HP234PB,48,24,24,22
HP234PD,51,24,27,21
HP234PE,49,26,23,22
HP234PF,5,2,3,3
HP234PG,99,50,49,44
HP234PH,4,1,3,1
HP234PJ,14,8,6,7
HP234PL,32,16,16,10
HP234PN,10,4,6,6
HP234PP,17,9,8,8
HP234PQ,6,4,2,2
HP234PR,22,11,11,6
HP234PS,14,7,7,5
HP234PT,5,3,2,2
HP234PU,17,10,7,10
HP234PW,4,2,2,2
HP234PY,19,9,10,7
HP234PZ,8,5,3,2
HP234QB,55,30,25,17
HP234QD,38,19,19,14
HP234QE,1,0,1,1
HP234QF,2,1,1,1
HP234QG,20,10,10,9
HP234QJ,15,9,6,8
HP234QL,111,53,58,42
HP234QP,56,28,28,25
HP234QQ,33,11,22,15
HP234QS,121,59,62,46
HP234QT,53,28,25,20
HP234QU,58,31,27,22
HP234QW,7,3,4,3
HP234QX,10,5,5,5
HP234QY,7,2,5,4
HP234QZ,14,8,6,6
HP234RA,42,20,22,14
HP234RB,16,8,8,4
HP234RJ,9,5,4,2
HP234RL,8,4,4,4
HP234RT,18,8,10,13
HP234SL,33,17,16,10
HP234TP,41,18,23,22
HP235AA,18,5,13,12
HP235AB,1,0,1,1
HP235AD,8,4,4,8
HP235AE,11,3,8,7
HP235AF,18,11,7,6
HP235AG,19,11,8,10
HP235AH,29,19,10,16
HP235AJ,51,27,24,17
HP235AL,3,3,0,1
HP235AT,18,8,10,12
HP235AU,25,16,9,13
HP235AX,30,14,16,19
HP235AY,14,8,6,8
HP235AZ,18,10,8,8
HP235BA,89,43,46,43
HP235BD,31,14,17,12
HP235BE,21,6,15,19
HP235BH,9,5,4,5
HP235BJ,12,4,8,7
HP235BN,2,2,0,1
HP235BP,24,11,13,12
HP235BS,31,18,13,14
HP235BT,94,50,44,36
HP235BU,85,40,45,23
HP235BX,42,19,23,14
HP235BY,27,13,14,12
HP235BZ,25,11,14,12
HP235DA,83,43,40,29
HP235DB,106,55,51,41
HP235DD,65,30,35,27
HP235DE,75,35,40,27
HP235DF,33,19,14,14
HP235DG,63,30,33,24
HP235DH,69,33,36,34
HP235DN,79,40,39,38
HP235DP,58,33,25,23
HP235DQ,88,40,48,27
HP235DR,86,38,48,40
HP235DS,105,50,55,37
HP235DT,57,29,28,22
HP235DU,93,41,52,30
HP235DW,83,42,41,31
HP235DX,44,21,23,16
HP235DY,63,29,34,26
HP235DZ,50,22,28,17
HP235EA,80,42,38,29
HP235EB,51,27,24,22
HP235ED,21,7,14,11
HP235EF,107,55,52,47
HP235EH,52,25,27,26
HP235EJ,91,45,46,30
HP235EL,22,13,9,9
HP235EN,99,54,45,43
HP235EP,7,3,4,3
HP235EQ,23,13,10,12
HP235ER,56,28,28,22
HP235ES,44,21,23,21
HP235ET,73,34,39,30
HP235EU,148,66,82,48
HP235EW,40,21,19,30
HP235EX,35,16,19,12
HP235EY,51,24,27,21
HP235EZ,21,11,10,8
HP235FH,25,13,12,10
HP235HA,70,38,32,20
HP235HB,77,30,47,39
HP235HD,73,36,37,26
HP235HE,124,63,61,50
HP235HF,63,36,27,21
HP235HG,143,68,75,50
HP235HH,95,45,50,36
HP235HJ,48,27,21,19
HP235HL,72,34,38,28
HP235HN,110,50,60,54
HP235HP,22,10,12,9
HP235HR,63,30,33,24
HP235HS,37,22,15,23
HP235HW,15,7,8,7
HP235HX,36,13,23,35
HP235HZ,57,30,27,22
HP235JA,32,19,13,15
HP235JB,26,10,16,11
HP235JE,19,9,10,8
HP235JF,37,16,21,16
HP235JG,12,7,5,7
HP235JH,18,9,9,9
HP235JJ,48,24,24,19
HP235JL,22,11,11,13
HP235JN,33,18,15,11
HP235JP,52,27,25,18
HP235JQ,42,19,23,15
HP235JR,48,21,27,23
HP235JS,40,22,18,22
HP235JT,39,20,19,14
HP235JU,41,20,21,15
HP235JW,10,5,5,3
HP235JX,34,13,21,11
HP235JY,16,8,8,7
HP235JZ,91,44,47,39
HP235LA,30,12,18,13
HP235LB,53,27,26,25
HP235LD,80,37,43,27
HP235LE,15,6,9,6
HP235LF,24,12,12,8
HP235LG,29,14,15,9
HP235LN,3,1,2,2
HP235LQ,10,5,5,4
HP235LT,14,10,4,8
HP235LX,180,54,126,0
HP235NA,30,15,15,21
HP235ND,7,3,4,3
HP235NE,20,10,10,14
HP235NG,66,38,28,19
HP235NN,55,23,32,22
HP235NP,15,7,8,7
HP235NS,45,23,22,18
HP235NU,19,12,7,5
HP235NW,60,32,28,21
HP235PA,46,23,23,16
HP235PB,104,50,54,40
HP235PD,46,22,24,18
HP235PE,15,5,10,7
HP235PG,34,18,16,13
HP235PJ,39,23,16,13
HP235PL,74,32,42,29
HP235PN,39,20,19,12
HP235PP,26,11,15,13
HP235PQ,45,20,25,23
HP235PS,81,45,36,26
HP235PU,8,4,4,3
HP235PW,5,4,1,2
HP235PX,98,59,39,43
HP235PY,73,38,35,40
HP235QA,41,21,20,22
HP235QB,33,16,17,27
HP235QE,53,27,26,23
HP235QF,12,7,5,4
HP235QJ,12,7,5,4
HP235QL,62,31,31,24
HP235QN,14,5,9,5
HP235QP,13,8,5,4
HP235QR,5,2,3,2
HP235QS,28,15,13,16
HP235QT,23,9,14,10
HP235QU,23,14,9,9
HP235QW,6,2,4,3
HP235QX,18,9,9,8
HP235QY,31,17,14,10
HP235RA,9,4,5,2
HP235RB,6,3,3,2
HP235RD,8,3,5,2
HP235RE,86,52,34,41
HP235RF,62,33,29,22
HP235RG,19,8,11,6
HP235RH,85,38,47,32
HP235RJ,29,16,13,11
HP235RL,52,26,26,20
HP235RN,6,4,2,3
HP235RP,34,19,15,15
HP235RQ,25,12,13,8
HP235RR,5,2,3,3
HP235RS,38,21,17,17
HP235RT,56,27,29,22
HP235RU,79,39,40,33
HP235RW,107,46,61,51
HP235RX,53,28,25,19
HP235RZ,27,16,11,11
HP235SA,55,28,27,23
HP235SB,32,13,19,9
HP235SD,17,8,9,7
HP235SE,7,3,4,3
HP235SF,14,7,7,7
HP235SG,29,14,15,20
HP235SH,13,6,7,7
HP235SL,8,4,4,4
HP235TA,14,5,9,10
HP235UA,60,27,33,18
HP235UJ,12,7,5,4
HP235XJ,20,11,9,6
HP236AA,37,20,17,18
HP236AD,12,7,5,7
HP236AE,7,5,2,4
HP236AF,15,7,8,9
HP236AH,20,5,15,19
HP236AJ,16,5,11,10
HP236AL,18,11,7,15
HP236AN,39,16,23,19
HP236AR,7,3,4,2
HP236AS,10,3,7,8
HP236AT,22,8,14,9
HP236AU,74,33,41,36
HP236AW,23,11,12,11
HP236AX,33,16,17,16
HP236AY,9,4,5,6
HP236AZ,51,24,27,19
HP236BA,22,14,8,12
HP236BB,9,6,3,3
HP236BD,77,42,35,42
HP236BE,64,31,33,29
HP236BF,8,4,4,5
HP236BG,4,2,2,2
HP236BH,67,31,36,32
HP236BJ,67,31,36,35
HP236BL,36,19,17,18
HP236BN,54,23,31,25
HP236BP,27,15,12,11
HP236BQ,20,12,8,9
HP236BS,4,3,1,1
HP236BU,14,7,7,7
HP236BW,2,1,1,2
HP236BX,34,10,24,30
HP236BY,30,19,11,12
HP236BZ,88,41,47,34
HP236DA,6,2,4,2
HP236DD,23,12,11,17
HP236DF,22,12,10,12
HP236DG,4,3,1,4
HP236DH,2,1,1,1
HP236DL,12,4,8,9
HP236DN,6,2,4,1
HP236DP,4,1,3,1
HP236DS,3,1,2,2
HP236DU,47,21,26,19
HP236DW,15,6,9,4
HP236DX,9,4,5,3
HP236DY,17,7,10,7
HP236DZ,28,15,13,13
HP236EA,11,6,5,4
HP236EB,35,14,21,14
HP236ED,37,19,18,14
HP236EE,55,23,32,24
HP236EF,29,13,16,14
HP236EH,41,18,23,15
HP236EL,49,20,29,20
HP236EN,53,26,27,21
HP236EQ,25,15,10,10
HP236ER,44,18,26,12
HP236ES,31,16,15,12
HP236ET,30,15,15,16
HP236EW,16,5,11,10
HP236EY,10,4,6,6
HP236EZ,15,6,9,9
HP236FB,21,11,10,8
HP236HA,25,14,11,7
HP236HD,13,6,7,3
HP236HE,68,34,34,24
HP236HF,42,23,19,18
HP236HG,3,1,2,1
HP236HH,75,42,33,24
HP236HJ,16,8,8,5
HP236HL,11,5,6,6
HP236HN,28,13,15,12
HP236HP,12,7,5,6
HP236HQ,4,2,2,2
HP236HR,19,8,11,7
HP236HS,13,8,5,4
HP236HT,7,4,3,4
HP236HU,4,2,2,2
HP236HW,40,22,18,15
HP236HX,11,6,5,4
HP236HY,10,5,5,1
HP236HZ,8,4,4,2
HP236JA,11,5,6,5
HP236JB,69,37,32,26
HP236JD,10,5,5,4
HP236JE,78,39,39,28
HP236JF,161,82,79,95
HP236JG,6,2,4,4
HP236JH,9,5,4,5
HP236JJ,22,13,9,11
HP236JL,24,7,17,19
HP236JN,6,3,3,4
HP236JP,21,9,12,10
HP236JQ,20,11,9,8
HP236JR,22,10,12,9
HP236JS,8,4,4,4
HP236JT,6,3,3,2
HP236JU,3,1,2,3
HP236JW,6,3,3,4
HP236JX,8,3,5,3
HP236JY,16,7,9,7
HP236LA,9,4,5,5
HP236LB,11,6,5,3
HP236LD,53,28,25,19
HP236LE,19,6,13,9
HP236LF,16,8,8,6
HP236LG,78,35,43,50
HP236LH,2,1,1,1
HP236LJ,17,9,8,8
HP236LP,2,0,2,1
HP236LQ,10,6,4,3
HP236LR,5,2,3,1
HP236LS,3,1,2,2
HP236LT,4,1,3,1
HP236LU,17,10,7,8
HP236LX,12,4,8,5
HP236LY,17,7,10,6
HP236LZ,19,11,8,5
HP236NA,45,20,25,16
HP236NB,4,2,2,2
HP236ND,51,25,26,22
HP236NE,17,8,9,5
HP236NF,31,15,16,14
HP236NG,10,4,6,6
HP236NH,11,2,9,6
HP236NJ,20,11,9,6
HP236NL,10,5,5,3
HP236NN,18,9,9,5
HP236NP,21,11,10,8
HP236NQ,71,31,40,27
HP236NR,2,1,1,1
HP236NS,11,5,6,4
HP236NT,21,13,8,6
HP236NU,17,7,10,9
HP236NW,75,34,41,26
HP236NX,38,17,21,13
HP236NY,16,8,8,5
HP236NZ,9,5,4,5
HP236PA,4,2,2,2
HP236PB,26,12,14,10
HP236PD,7,3,4,2
HP236PE,9,4,5,3
HP236PF,23,11,12,8
HP236QA,5,1,4,4
HP236QB,12,6,6,3
HP236QD,8,4,4,4
HP236QL,33,15,18,12
HP236QP,9,2,7,5
HP236QS,14,8,6,3
HP236QU,44,19,25,16
HP236SD,2,1,1,1
HP270AA,3,2,1,2
HP270AB,52,20,32,28
HP270AD,15,5,10,10
HP270AE,26,15,11,13
HP270AF,30,7,23,26
HP270AL,5,4,1,3
HP270AN,6,4,2,4
HP270AQ,53,24,29,37
HP270AT,19,11,8,10
HP270AW,4,2,2,1
HP270AX,20,9,11,10
HP270BE,11,4,7,5
HP270BG,15,8,7,6
HP270BH,33,17,16,20
HP270BJ,13,8,5,6
HP270BL,49,16,33,20
HP270BN,35,13,22,13
HP270BP,25,14,11,10
HP270BQ,65,33,32,27
HP270BS,26,11,15,10
HP270BT,64,34,30,25
HP270BW,46,26,20,18
HP270BY,12,5,7,6
HP270BZ,9,3,6,5
HP270DB,14,7,7,8
HP270DD,56,29,27,21
HP270DE,6,3,3,3
HP270DF,12,3,9,8
HP270DH,37,18,19,15
HP270DL,61,25,36,35
HP270DP,73,29,44,26
HP270DQ,22,11,11,10
HP270DR,65,34,31,24
HP270DS,95,45,50,82
HP270DU,81,40,41,32
HP270DW,37,17,20,20
HP270DX,4,2,2,2
HP270DZ,71,39,32,40
HP270EA,74,38,36,28
HP270EB,56,29,27,24
HP270EE,58,29,29,23
HP270EJ,20,11,9,6
HP270EN,58,30,28,24
HP270EP,51,23,28,20
HP270ET,19,9,10,8
HP270EU,2,1,1,1
HP270EX,30,16,14,15
HP270EY,48,26,22,15
HP270EZ,6,3,3,3
HP270HA,9,6,3,6
HP270HE,120,30,90,11
HP270HF,93,52,41,41
HP270HG,96,47,49,31
HP270HH,45,22,23,14
HP270HJ,54,22,32,29
HP270HL,104,50,54,35
HP270HQ,75,36,39,33
HP270HS,31,18,13,15
HP270HT,65,36,29,25
HP270HU,122,55,67,41
HP270HX,116,52,64,44
HP270HY,79,38,41,29
HP270HZ,102,44,58,39
HP270JA,98,47,51,41
HP270JB,104,52,52,36
HP270JD,118,55,63,38
HP270JE,33,18,15,17
HP270JF,100,46,54,43
HP270JG,87,18,69,37
HP270JH,66,34,32,25
HP270JJ,11,8,3,9
HP270JL,13,5,8,8
HP270JN,40,19,21,20
HP270JP,68,32,36,24
HP270JQ,83,41,42,29
HP270JR,33,15,18,15
HP270JS,39,19,20,18
HP270JT,46,25,21,16
HP270JU,18,8,10,5
HP270JW,21,12,9,9
HP270JX,45,19,26,18
HP270LA,23,9,14,10
HP270LB,9,5,4,3
HP270LE,15,6,9,4
HP270LG,48,26,22,16
HP270LH,59,27,32,21
HP270LL,45,17,28,22
HP270LN,7,4,3,4
HP270LQ,40,17,23,17
HP270LR,15,6,9,7
HP270LT,10,4,6,4
HP270LU,9,5,4,4
HP270LX,41,20,21,16
HP270LY,30,15,15,15
HP270LZ,7,4,3,2
HP270NA,10,5,5,4
HP270NB,59,28,31,24
HP270NL,4,1,3,1
HP270NN,2,1,1,1
HP270NP,12,7,5,5
HP270NR,2,1,1,1
HP270NS,27,14,13,9
HP270NT,45,22,23,21
HP270NU,36,19,17,15
HP270NW,11,4,7,4
HP270NX,28,13,15,9
HP270NY,41,19,22,19
HP270PA,43,22,21,12
HP270PB,22,12,10,8
HP270PD,5,2,3,2
HP270PE,34,18,16,16
HP270PF,34,15,19,14
HP270PG,41,19,22,14
HP270PJ,21,10,11,7
HP270PL,42,20,22,22
HP270PN,4,3,1,1
HP270PP,7,3,4,4
HP270PQ,5,2,3,3
HP270PR,9,5,4,2
HP270PS,17,9,8,6
HP270PT,21,8,13,10
HP270PU,45,25,20,19
HP270PW,2,0,2,2
HP270PX,9,5,4,2
HP270PY,10,4,6,7
HP270PZ,32,15,17,13
HP270QA,14,7,7,7
HP270QB,55,30,25,24
HP270QD,26,16,10,12
HP270QF,18,6,12,5
HP270QG,25,12,13,12
HP270QH,38,19,19,16
HP270QJ,46,21,25,19
HP270QL,41,19,22,16
HP270QN,35,15,20,13
HP270QP,38,22,16,12
HP270QQ,37,15,22,18
HP270QR,5,1,4,2
HP270QS,12,7,5,3
HP270QT,23,11,12,13
HP270QU,42,19,23,17
HP270QW,18,8,10,11
HP270QX,61,36,25,21
HP270QY,28,13,15,13
HP270QZ,27,13,14,9
HP270RA,7,5,2,3
HP270RB,15,8,7,5
HP270RF,10,5,5,3
HP270RH,9,5,4,4
HP270RJ,23,11,12,8
HP270RL,10,4,6,3
HP270RN,16,7,9,5
HP270RP,26,14,12,10
HP270RQ,16,11,5,4
HP270RS,2,1,1,1
HP270RT,3,1,2,2
HP270RU,95,45,50,34
HP270RW,8,5,3,3
HP270RX,22,12,10,7
HP270RY,14,6,8,6
HP270RZ,12,6,6,6
HP270SA,71,32,39,29
HP270SB,18,9,9,5
HP270SD,11,5,6,5
HP270SE,24,9,15,11
HP270SF,20,8,12,7
HP270SG,6,1,5,2
HP270SH,29,14,15,10
HP270SJ,14,7,7,9
HP270SL,23,10,13,11
HP270SN,15,9,6,5
HP270SP,66,30,36,27
HP270SQ,5,3,2,1
HP270SR,46,20,26,18
HP270SS,27,14,13,9
HP270ST,4,1,3,1
HP270SU,7,4,3,2
HP270SW,20,9,11,6
HP270SX,27,16,11,9
HP270SZ,24,9,15,11
HP270TB,21,10,11,7
HP270TD,8,5,3,3
HP270TS,60,30,30,24
HP270UT,21,9,12,6
HP270UU,8,4,4,3
HP270XA,22,12,10,6
HP279AA,32,17,15,20
HP279AD,9,2,7,7
HP279AG,17,8,9,10
HP279AH,64,33,31,26
HP279AN,5,3,2,2
HP279AP,15,7,8,7
HP279AR,34,19,15,17
HP279AS,64,31,33,24
HP279AT,41,18,23,15
HP279AU,37,15,22,20
HP279AW,40,18,22,10
HP279AX,52,23,29,22
HP279AY,65,33,32,29
HP279AZ,13,4,9,9
HP279BA,30,18,12,11
HP279BB,11,5,6,5
HP279BG,30,13,17,13
HP279BH,99,45,54,40
HP279BJ,44,22,22,17
HP279BL,24,10,14,10
HP279BN,73,36,37,34
HP279BQ,36,15,21,17
HP279BU,22,11,11,12
HP279BW,15,9,6,5
HP279BX,8,4,4,4
HP279BY,6,4,2,4
HP279DA,46,21,25,19
HP279DB,81,37,44,38
HP279DD,21,12,9,12
HP279DE,48,20,28,26
HP279DF,24,13,11,11
HP279DH,84,44,40,35
HP279DJ,33,19,14,11
HP279DL,48,23,25,17
HP279DN,22,12,10,10
HP279DS,34,18,16,16
HP279DT,61,29,32,23
HP279DW,13,7,6,8
HP279DX,65,31,34,28
HP279EB,12,5,7,5
HP279ED,7,2,5,4
HP279EH,88,47,41,32
HP279EJ,11,6,5,5
HP279ES,14,9,5,5
HP279EZ,13,3,10,12
HP279GN,5,2,3,2
HP279HB,30,8,22,29
HP279HD,52,17,35,45
HP279HE,20,10,10,9
HP279HF,20,10,10,8
HP279HH,45,21,24,21
HP279HJ,133,63,70,49
HP279HL,72,37,35,26
HP279HN,77,41,36,25
HP279HP,64,30,34,31
HP279HR,65,35,30,25
HP279HS,65,32,33,33
HP279HT,48,19,29,26
HP279HU,42,21,21,23
HP279HW,6,4,2,3
HP279HX,29,11,18,18
HP279HY,68,29,39,27
HP279HZ,10,6,4,6
HP279JA,14,8,6,4
HP279JB,24,10,14,9
HP279JD,4,2,2,2
HP279JE,17,7,10,7
HP279JF,33,20,13,13
HP279JG,29,14,15,17
HP279JH,61,29,32,24
HP279JJ,55,26,29,25
HP279JL,26,11,15,17
HP279JN,16,7,9,11
HP279JP,25,14,11,12
HP279JQ,19,10,9,11
HP279JR,27,13,14,13
HP279JS,21,14,7,6
HP279JT,59,31,28,21
HP279JU,46,21,25,18
HP279JW,75,37,38,31
HP279JX,51,20,31,27
HP279JY,41,18,23,18
HP279JZ,71,31,40,32
HP279LA,26,11,15,14
HP279LB,49,26,23,20
HP279LF,1,1,0,1
HP279LG,73,35,38,29
HP279LH,36,18,18,13
HP279LL,9,3,6,6
HP279LN,104,56,48,40
HP279LP,40,14,26,16
HP279LQ,10,5,5,5
HP279LR,36,22,14,13
HP279LS,34,15,19,14
HP279LT,63,28,35,28
HP279LU,26,13,13,12
HP279LW,50,24,26,25
HP279LX,10,7,3,4
HP279LY,43,22,21,15
HP279LZ,24,12,12,11
HP279NA,11,5,6,5
HP279NB,38,19,19,20
HP279NE,21,11,10,9
HP279NF,24,13,11,8
HP279NG,112,47,65,26
HP279NH,6,3,3,3
HP279NJ,30,16,14,11
HP279NL,6,4,2,2
HP279NN,2,1,1,1
HP279NP,17,9,8,6
HP279NQ,51,28,23,20
HP279NR,36,17,19,17
HP279NS,8,1,7,5
HP279NU,39,21,18,19
HP279NW,12,5,7,4
HP279NX,19,9,10,8
HP279PA,11,7,4,5
HP279PB,18,11,7,7
HP279PD,16,9,7,6
HP279PE,45,20,25,17
HP279PF,59,31,28,21
HP279PG,27,15,12,12
HP279PH,7,3,4,3
HP279PJ,31,17,14,10
HP279PL,37,19,18,13
HP279PN,11,5,6,5
HP279PP,11,6,5,6
HP279PS,8,5,3,3
HP279PT,8,3,5,5
HP279PU,14,8,6,8
HP279PZ,54,26,28,22
HP279QA,34,20,14,13
HP279QB,28,17,11,11
HP279QD,19,11,8,7
HP279QE,24,14,10,9
HP279QF,27,14,13,11
HP279QG,25,15,10,12
HP279QH,15,4,11,7
HP279QJ,9,6,3,3
HP279QL,15,7,8,5
HP279QN,13,7,6,5
HP279QP,40,16,24,14
HP279QQ,62,35,27,24
HP279QR,9,4,5,4
HP279QS,26,10,16,11
HP279QT,16,10,6,8
HP279QU,20,10,10,7
HP279QX,12,6,6,4
HP279QY,15,6,9,7
HP279QZ,19,8,11,6
HP279RA,28,12,16,12
HP279RB,4,2,2,2
HP279RD,18,9,9,5
HP279RE,5,4,1,2
HP279RF,8,4,4,3
HP279RG,13,6,7,5
HP279RH,30,17,13,15
HP279RJ,15,8,7,6
HP279RL,17,9,8,8
HP279RN,5,3,2,2
HP279RP,57,29,28,22
HP279RQ,7,3,4,5
HP279RS,6,3,3,3
HP279RU,18,7,11,7
HP279RW,22,11,11,9
HP279RX,13,5,8,6
HP279RY,6,4,2,2
HP279RZ,75,40,35,26
HP279SA,21,8,13,8
HP279SB,1,1,0,1
HP279SD,71,35,36,30
HP279SE,82,38,44,33
HP279SF,37,14,23,11
HP279SG,58,30,28,24
HP279SH,17,7,10,6
HP279SJ,71,37,34,28
HP279SL,25,14,11,12
HP279SN,10,6,4,3
HP279SP,28,15,13,13
HP279SQ,17,11,6,6
HP279SR,9,5,4,5
HP279SS,66,34,32,23
HP279ST,26,10,16,10
HP279SU,8,3,5,4
HP279SW,71,37,34,24
HP279SX,6,5,1,3
HP279SY,13,8,5,4
HP279SZ,11,6,5,2
HP279TA,22,12,10,10
HP279TB,32,13,19,11
HP279TD,9,5,4,3
HP279TE,12,6,6,4
HP279TL,7,3,4,4
HP279UA,11,6,5,5
HP279XU,36,18,18,17
HP3 0AA,55,24,31,19
HP3 0AB,20,10,10,8
HP3 0AD,20,11,9,7
HP3 0AE,34,20,14,10
HP3 0AF,31,13,18,22
HP3 0AG,89,46,43,40
HP3 0AH,27,17,10,11
HP3 0AJ,115,61,54,47
HP3 0AL,16,8,8,8
HP3 0AN,136,71,65,52
HP3 0AP,173,83,90,56
HP3 0AQ,29,15,14,11
HP3 0AR,11,5,6,4
HP3 0AS,23,13,10,8
HP3 0AT,39,17,22,10
HP3 0AU,67,36,31,28
HP3 0AW,88,44,44,35
HP3 0AX,84,42,42,27
HP3 0AY,17,9,8,12
HP3 0BA,46,22,24,17
HP3 0BB,71,30,41,25
HP3 0BD,26,14,12,11
HP3 0BE,13,7,6,7
HP3 0BF,8,4,4,2
HP3 0BG,102,48,54,34
HP3 0BJ,16,10,6,4
HP3 0BL,19,8,11,6
HP3 0BN,52,33,19,7
HP3 0BP,33,17,16,13
HP3 0BQ,90,47,43,25
HP3 0BS,32,13,19,12
HP3 0BT,25,14,11,12
HP3 0BU,69,33,36,23
HP3 0BW,28,14,14,9
HP3 0BY,7,3,4,4
HP3 0BZ,38,16,22,10
HP3 0DA,25,11,14,19
HP3 0DD,41,20,21,16
HP3 0DE,12,6,6,4
HP3 0DG,64,32,32,25
HP3 0DH,33,15,18,15
HP3 0DJ,94,49,45,36
HP3 0DL,4,1,3,1
HP3 0DN,15,8,7,6
HP3 0DP,19,8,11,9
HP3 0DR,36,20,16,15
HP3 0DS,44,21,23,14
HP3 0DU,5,3,2,4
HP3 0DW,29,15,14,9
HP3 0DX,22,11,11,9
HP3 0DY,87,44,43,35
HP3 0DZ,53,25,28,20
HP3 0EA,57,28,29,19
HP3 0ED,69,36,33,29
HP3 0EE,21,12,9,8
HP3 0EF,10,5,5,4
HP3 0EG,50,23,27,24
HP3 0EJ,56,29,27,21
HP3 0EN,77,35,42,38
HP3 0EP,23,9,14,11
HP3 0EQ,108,42,66,42
HP3 0ER,109,47,62,38
HP3 0ES,83,40,43,33
HP3 0ET,68,28,40,36
HP3 0EU,80,36,44,32
HP3 0EW,44,21,23,18
HP3 0EX,47,23,24,33
HP3 0EY,19,10,9,8
HP3 0EZ,55,27,28,27
HP3 0FB,16,9,7,6
HP3 0HB,56,33,23,29
HP3 0HD,12,5,7,7
HP3 0HE,27,12,15,9
HP3 0HF,53,27,26,17
HP3 0HG,80,47,33,35
HP3 0HJ,65,27,38,34
HP3 0HP,37,19,18,18
HP3 0HS,18,5,13,11
HP3 0HT,67,34,33,27
HP3 0HU,15,7,8,9
HP3 0HX,18,8,10,10
HP3 0HY,55,27,28,22
HP3 0HZ,57,24,33,23
HP3 0JA,94,43,51,36
HP3 0JB,15,6,9,8
HP3 0JD,4,1,3,2
HP3 0JE,55,24,31,29
HP3 0JF,42,15,27,21
HP3 0JJ,4,1,3,2
HP3 0JL,12,5,7,6
HP3 0JN,70,33,37,28
HP3 0JR,26,13,13,11
HP3 0JS,4,3,1,1
HP3 0JT,40,21,19,17
HP3 0JU,43,26,17,20
HP3 0JW,93,45,48,33
HP3 0JX,72,34,38,29
HP3 0JY,23,8,15,12
HP3 0JZ,61,34,27,21
HP3 0LA,71,34,37,26
HP3 0LB,19,11,8,8
HP3 0LD,16,8,8,6
HP3 0LE,52,25,27,18
HP3 0LF,21,9,12,10
HP3 0LG,5,2,3,2
HP3 0LH,51,24,27,29
HP3 0LJ,26,13,13,8
HP3 0LL,29,12,17,11
HP3 0LP,37,18,19,23
HP3 0LR,33,17,16,13
HP3 0LS,41,23,18,18
HP3 0LT,33,15,18,14
HP3 0LU,47,20,27,21
HP3 0LX,7,2,5,3
HP3 0LY,2,2,0,2
HP3 0LZ,2,2,0,1
HP3 0NA,40,22,18,16
HP3 0ND,44,21,23,17
HP3 0NE,74,37,37,26
HP3 0NF,57,28,29,22
HP3 0NG,18,7,11,10
HP3 0NH,2,1,1,1
HP3 0NJ,26,13,13,12
HP3 0NL,12,6,6,5
HP3 0NN,15,7,8,6
HP3 0NP,11,6,5,5
HP3 0NQ,23,8,15,12
HP3 0NR,32,11,21,28
HP3 0NW,9,2,7,3
HP3 0NX,59,32,27,18
HP3 0NZ,750,747,3,0
HP3 0PA,74,34,40,28
HP3 0PD,24,12,12,10
HP3 0PE,14,6,8,5
HP3 0PF,5,2,3,2
HP3 0PG,33,16,17,13
HP3 0PH,2,2,0,1
HP3 0PJ,5,3,2,2
HP3 0PL,16,8,8,7
HP3 0PP,37,15,22,17
HP3 0PQ,42,18,24,15
HP3 0PR,6,3,3,2
HP3 0PT,30,16,14,10
HP3 0PU,22,12,10,10
HP3 0PW,28,14,14,14
HP3 0PX,74,29,45,43
HP3 0PY,1,1,0,1
HP3 0PZ,6,2,4,2
HP3 0QA,5,3,2,3
HP3 0QB,24,12,12,8
HP3 0QG,40,18,22,13
HP3 0QH,45,22,23,14
HP3 0QJ,58,27,31,20
HP3 0QL,71,32,39,28
HP3 0QN,77,40,37,25
HP3 0QP,59,29,30,24
HP3 0QQ,46,24,22,19
HP3 0QR,16,8,8,5
HP3 0QS,20,11,9,8
HP3 0QT,40,19,21,14
HP3 0QU,76,42,34,57
HP3 0QW,101,51,50,31
HP3 0RB,72,38,34,27
HP3 0RE,7,4,3,3
HP3 0RL,23,13,10,9
HP3 0RU,40,17,23,13
HP3 0RX,65,31,34,20
HP3 0RY,59,33,26,19
HP3 0RZ,11,5,6,5
HP3 0SA,25,12,13,8
HP3 0SD,12,5,7,8
HP3 0SE,21,10,11,16
HP3 0TA,58,30,28,28
HP3 0TB,8,3,5,6
HP3 0TS,3,2,1,1
HP3 0UB,47,27,20,18
HP3 0UD,36,18,18,13
HP3 0UL,36,19,17,15
HP3 0XA,4,2,2,1
HP3 8AA,62,34,28,29
HP3 8AB,70,31,39,32
HP3 8AD,62,27,35,23
HP3 8AE,71,39,32,42
HP3 8AF,39,20,19,15
HP3 8AG,31,14,17,12
HP3 8AH,96,47,49,34
HP3 8AJ,35,18,17,12
HP3 8AL,77,38,39,30
HP3 8AN,14,5,9,6
HP3 8AP,36,23,13,21
HP3 8AQ,7,3,4,2
HP3 8AR,40,19,21,23
HP3 8AU,33,12,21,10
HP3 8AW,59,31,28,25
HP3 8AX,58,28,30,22
HP3 8AY,62,32,30,19
HP3 8AZ,81,38,43,30
HP3 8BA,45,22,23,20
HP3 8BB,135,67,68,51
HP3 8BD,18,8,10,6
HP3 8BE,43,18,25,17
HP3 8BH,68,32,36,25
HP3 8BP,12,4,8,6
HP3 8BQ,60,29,31,24
HP3 8BS,15,7,8,7
HP3 8BT,38,18,20,17
HP3 8BU,73,40,33,27
HP3 8BX,40,22,18,13
HP3 8BY,31,15,16,11
HP3 8BZ,55,29,26,22
HP3 8DA,17,7,10,6
HP3 8DG,73,37,36,28
HP3 8DH,62,29,33,26
HP3 8DJ,113,56,57,43
HP3 8DL,39,18,21,15
HP3 8DN,44,20,24,19
HP3 8DP,93,43,50,35
HP3 8DQ,68,28,40,25
HP3 8DR,79,37,42,37
HP3 8DS,71,41,30,26
HP3 8DT,103,50,53,33
HP3 8DU,68,34,34,23
HP3 8DW,16,7,9,7
HP3 8DX,58,28,30,33
HP3 8DY,93,46,47,31
HP3 8DZ,95,42,53,40
HP3 8EA,42,17,25,15
HP3 8EB,18,10,8,7
HP3 8EG,79,44,35,25
HP3 8EH,17,7,10,1
HP3 8EP,139,72,67,46
HP3 8EQ,76,44,32,29
HP3 8ER,62,26,36,15
HP3 8ES,13,7,6,8
HP3 8ET,125,62,63,37
HP3 8EU,18,8,10,6
HP3 8EW,80,42,38,30
HP3 8EX,101,51,50,34
HP3 8EY,40,24,16,13
HP3 8EZ,77,40,37,25
HP3 8HA,6,2,4,2
HP3 8HB,99,52,47,35
HP3 8HD,26,11,15,11
HP3 8HE,2,1,1,1
HP3 8HF,50,27,23,17
HP3 8HG,27,14,13,10
HP3 8HH,64,37,27,26
HP3 8HJ,21,11,10,5
HP3 8HL,28,18,10,11
HP3 8HN,41,20,21,14
HP3 8HP,13,7,6,5
HP3 8HQ,54,22,32,19
HP3 8HS,76,34,42,24
HP3 8HT,20,13,7,8
HP3 8HU,19,12,7,8
HP3 8HW,41,21,20,19
HP3 8HX,17,8,9,7
HP3 8HY,88,42,46,34
HP3 8HZ,92,39,53,33
HP3 8JA,25,9,16,13
HP3 8JD,47,18,29,14
HP3 8JE,38,17,21,13
HP3 8JF,80,41,39,26
HP3 8JG,28,11,17,12
HP3 8JH,114,52,62,47
HP3 8JJ,16,6,10,7
HP3 8JL,46,20,26,20
HP3 8JN,84,36,48,26
HP3 8JP,32,18,14,13
HP3 8JQ,136,71,65,41
HP3 8JR,110,53,57,37
HP3 8JS,108,54,54,36
HP3 8JU,9,3,6,5
HP3 8JW,49,25,24,19
HP3 8LA,23,11,12,11
HP3 8LE,86,46,40,38
HP3 8LF,7,3,4,3
HP3 8LH,5,2,3,4
HP3 8LJ,62,30,32,25
HP3 8LL,48,20,28,19
HP3 8LN,24,9,15,12
HP3 8LP,14,4,10,5
HP3 8LR,35,16,19,12
HP3 8LT,2,1,1,1
HP3 8LU,13,6,7,5
HP3 8LW,59,28,31,23
HP3 8LX,45,20,25,20
HP3 8LY,54,26,28,22
HP3 8LZ,42,24,18,14
HP3 8NA,12,8,4,4
HP3 8ND,32,16,16,15
HP3 8NE,43,19,24,19
HP3 8NF,15,7,8,8
HP3 8NG,62,27,35,23
HP3 8NH,84,42,42,34
HP3 8NN,78,42,36,31
HP3 8NP,57,28,29,22
HP3 8NQ,27,11,16,9
HP3 8NR,17,8,9,7
HP3 8NS,20,10,10,8
HP3 8NT,62,27,35,26
HP3 8NU,14,7,7,8
HP3 8NW,83,44,39,34
HP3 8NX,35,15,20,15
HP3 8NY,106,53,53,40
HP3 8NZ,34,19,15,15
HP3 8PA,109,58,51,46
HP3 8PB,106,49,57,40
HP3 8PD,69,33,36,21
HP3 8PE,85,41,44,33
HP3 8PF,107,45,62,39
HP3 8PG,8,6,2,4
HP3 8PQ,58,31,27,29
HP3 8PR,84,41,43,36
HP3 8PS,22,12,10,8
HP3 8PT,76,39,37,32
HP3 8PU,79,34,45,28
HP3 8PX,42,17,25,20
HP3 8QA,16,8,8,5
HP3 8QB,18,8,10,8
HP3 8QD,16,8,8,6
HP3 8QE,18,11,7,8
HP3 8QG,17,8,9,7
HP3 8QH,2,1,1,1
HP3 8QJ,3,0,3,2
HP3 8QL,5,3,2,3
HP3 8QN,29,14,15,12
HP3 8QP,8,4,4,4
HP3 8QQ,3,1,2,2
HP3 8QR,59,26,33,24
HP3 8QS,67,32,35,27
HP3 8QT,53,26,27,24
HP3 8QU,69,32,37,26
HP3 8QW,20,10,10,10
HP3 8QX,34,17,17,13
HP3 8QY,9,4,5,4
HP3 8QZ,51,24,27,19
HP3 8RB,22,12,10,9
HP3 8RD,21,11,10,11
HP3 8RE,32,16,16,14
HP3 8RF,30,16,14,14
HP3 8RG,52,29,23,19
HP3 8RH,20,9,11,10
HP3 8RP,2,1,1,2
HP3 8RQ,43,23,20,19
HP3 8RR,3,2,1,2
HP3 8RS,3,1,2,1
HP3 8RT,28,13,15,12
HP3 8RU,29,16,13,10
HP3 8RX,25,14,11,9
HP3 8RY,73,39,34,26
HP3 8RZ,101,50,51,34
HP3 8SA,32,15,17,11
HP3 8SB,10,6,4,5
HP3 8SD,11,6,5,6
HP3 8SE,35,19,16,17
HP3 8SF,20,8,12,9
HP3 8SG,35,19,16,10
HP3 8SH,29,17,12,11
HP3 8SJ,35,17,18,16
HP3 8SL,41,23,18,17
HP3 8SN,8,4,4,4
HP3 8SP,7,5,2,3
HP3 8SQ,4,1,3,3
HP3 8SW,13,4,9,7
HP3 8TA,86,42,44,35
HP3 8TB,56,31,25,24
HP3 8TD,45,24,21,19
HP3 8TE,39,18,21,16
HP3 8TF,7,3,4,3
HP3 8TG,54,26,28,17
HP3 8TH,53,30,23,18
HP3 8TJ,72,34,38,28
HP3 8TL,101,49,52,41
HP3 8TN,50,30,20,25
HP3 8TP,50,22,28,19
HP3 8TQ,52,26,26,23
HP3 8TR,26,9,17,12
HP3 8TS,34,18,16,11
HP3 8TT,13,6,7,5
HP3 8TU,30,14,16,11
HP3 8TW,92,42,50,44
HP3 8TX,37,16,21,13
HP3 8TY,40,16,24,11
HP3 8TZ,104,43,61,33
HP3 8UB,174,87,87,74
HP3 8UX,35,16,19,11
HP3 8UY,19,9,10,9
HP3 9AE,38,19,19,24
HP3 9AF,3,0,3,3
HP3 9AG,12,6,6,7
HP3 9AH,11,4,7,6
HP3 9AL,42,19,23,13
HP3 9AP,41,21,20,16
HP3 9AQ,58,30,28,33
HP3 9AR,11,6,5,4
HP3 9AS,68,36,32,27
HP3 9AT,64,37,27,33
HP3 9AU,67,31,36,33
HP3 9AX,40,22,18,22
HP3 9AY,73,37,36,31
HP3 9BA,13,7,6,10
HP3 9BB,35,17,18,15
HP3 9BD,43,24,19,18
HP3 9BE,45,21,24,16
HP3 9BH,122,64,58,36
HP3 9BJ,18,9,9,8
HP3 9BL,30,15,15,12
HP3 9BN,58,23,35,22
HP3 9BQ,1,0,1,1
HP3 9BU,5,2,3,3
HP3 9BW,44,20,24,14
HP3 9BY,3,3,0,3
HP3 9BZ,29,17,12,15
HP3 9DB,8,3,5,5
HP3 9DD,81,40,41,32
HP3 9DG,51,24,27,16
HP3 9DJ,8,4,4,4
HP3 9DP,66,30,36,30
HP3 9DQ,73,37,36,36
HP3 9DS,6,5,1,2
HP3 9DT,38,18,20,17
HP3 9DU,18,9,9,8
HP3 9DW,19,11,8,10
HP3 9DX,93,44,49,40
HP3 9DY,14,6,8,6
HP3 9DZ,12,6,6,6
HP3 9EA,42,23,19,21
HP3 9EB,78,37,41,28
HP3 9ED,123,61,62,50
HP3 9EE,106,50,56,46
HP3 9EF,43,20,23,14
HP3 9EG,138,68,70,49
HP3 9EH,19,12,7,6
HP3 9EJ,93,43,50,37
HP3 9EL,64,40,24,20
HP3 9EN,77,41,36,26
HP3 9EP,37,18,19,13
HP3 9ER,67,34,33,21
HP3 9ES,58,34,24,26
HP3 9ET,42,23,19,31
HP3 9EU,69,32,37,43
HP3 9EW,89,46,43,32
HP3 9EX,64,31,33,24
HP3 9EY,105,56,49,35
HP3 9EZ,31,16,15,12
HP3 9FB,90,44,46,30
HP3 9FD,76,39,37,32
HP3 9FE,44,23,21,18
HP3 9FF,10,6,4,5
HP3 9FG,29,11,18,13
HP3 9FH,60,29,31,32
HP3 9FJ,100,51,49,40
HP3 9FL,30,15,15,16
HP3 9FP,22,14,8,14
HP3 9FQ,23,10,13,11
HP3 9FR,31,13,18,13
HP3 9FS,56,28,28,24
HP3 9FU,21,11,10,11
HP3 9FW,49,23,26,22
HP3 9FZ,7,3,4,4
HP3 9GE,34,19,15,19
HP3 9GF,30,17,13,19
HP3 9HA,59,24,35,22
HP3 9HB,87,41,46,36
HP3 9HE,55,32,23,36
HP3 9HF,90,43,47,33
HP3 9HG,25,13,12,11
HP3 9HH,18,9,9,8
HP3 9HL,78,33,45,39
HP3 9HN,11,6,5,4
HP3 9HQ,52,30,22,19
HP3 9HS,106,60,46,35
HP3 9HT,143,64,79,53
HP3 9HU,193,94,99,70
HP3 9HW,69,31,38,27
HP3 9HX,46,25,21,16
HP3 9HY,143,74,69,50
HP3 9HZ,126,65,61,45
HP3 9JA,107,56,51,39
HP3 9JB,49,26,23,22
HP3 9JD,42,19,23,16
HP3 9JE,55,30,25,16
HP3 9JF,107,56,51,47
HP3 9JG,49,25,24,18
HP3 9JH,16,8,8,12
HP3 9JJ,74,37,37,27
HP3 9JL,54,17,37,24
HP3 9JN,81,40,41,32
HP3 9JP,7,6,1,3
HP3 9JR,1,1,0,1
HP3 9JS,9,4,5,4
HP3 9JT,7,4,3,3
HP3 9JU,25,12,13,12
HP3 9JW,19,11,8,14
HP3 9JX,47,22,25,21
HP3 9JY,105,48,57,34
HP3 9JZ,114,57,57,45
HP3 9LA,64,27,37,23
HP3 9LB,58,32,26,25
HP3 9LD,50,29,21,19
HP3 9LE,56,28,28,17
HP3 9LF,16,5,11,9
HP3 9LG,44,18,26,39
HP3 9LH,112,52,60,46
HP3 9LJ,46,24,22,18
HP3 9LL,47,20,27,18
HP3 9LN,12,6,6,5
HP3 9LP,70,39,31,26
HP3 9LQ,34,20,14,17
HP3 9LR,37,21,16,13
HP3 9LS,41,20,21,18
HP3 9LT,62,35,27,22
HP3 9LU,28,15,13,11
HP3 9LW,52,31,21,18
HP3 9LX,63,29,34,38
HP3 9NA,45,20,25,30
HP3 9NB,34,17,17,10
HP3 9ND,40,18,22,31
HP3 9NE,36,17,19,25
HP3 9NF,90,46,44,39
HP3 9NG,124,59,65,42
HP3 9NH,39,23,16,25
HP3 9NJ,74,30,44,33
HP3 9NL,40,17,23,14
HP3 9NN,65,35,30,26
HP3 9NP,62,32,30,24
HP3 9NQ,124,69,55,50
HP3 9NR,61,33,28,20
HP3 9NS,60,24,36,28
HP3 9NT,22,11,11,8
HP3 9NU,71,37,34,26
HP3 9NW,44,21,23,18
HP3 9NX,70,38,32,24
HP3 9NY,94,44,50,35
HP3 9NZ,72,37,35,28
HP3 9PA,136,64,72,52
HP3 9PB,79,36,43,33
HP3 9PD,49,26,23,17
HP3 9PE,33,14,19,12
HP3 9PF,168,84,84,64
HP3 9PJ,35,15,20,20
HP3 9PL,22,4,18,21
HP3 9PN,56,31,25,22
HP3 9PP,202,95,107,61
HP3 9PQ,13,4,9,4
HP3 9PR,3,1,2,1
HP3 9PS,29,13,16,8
HP3 9PT,23,11,12,9
HP3 9PU,12,7,5,6
HP3 9PW,74,41,33,25
HP3 9PX,22,7,15,12
HP3 9PY,176,90,86,65
HP3 9PZ,33,22,11,14
HP3 9QA,116,54,62,45
HP3 9QB,44,19,25,16
HP3 9QD,45,22,23,12
HP3 9QE,53,28,25,21
HP3 9QF,55,33,22,16
HP3 9QG,107,55,52,33
HP3 9QH,76,29,47,28
HP3 9QJ,85,42,43,31
HP3 9QL,76,35,41,28
HP3 9QP,32,18,14,15
HP3 9QQ,77,35,42,34
HP3 9QR,136,71,65,56
HP3 9QS,51,25,26,23
HP3 9QT,6,5,1,5
HP3 9QZ,9,6,3,6
HP3 9RB,24,16,8,17
HP3 9RD,88,42,46,41
HP3 9RE,12,9,3,7
HP3 9RG,11,6,5,7
HP3 9RH,7,4,3,4
HP3 9RN,27,18,9,23
HP3 9RP,99,54,45,48
HP3 9RQ,16,8,8,7
HP3 9RS,117,62,55,73
HP3 9RX,6,4,2,5
HP3 9SB,15,9,6,8
HP3 9SD,35,22,13,20
HP3 9SE,20,16,4,16
HP3 9SF,36,16,20,12
HP3 9SG,50,24,26,23
HP3 9SH,15,10,5,9
HP3 9SJ,90,43,47,37
HP3 9SL,81,45,36,26
HP3 9SN,36,17,19,29
HP3 9SP,34,19,15,17
HP3 9SQ,39,19,20,20
HP3 9ST,21,12,9,11
HP3 9SU,29,16,13,13
HP3 9SW,54,28,26,20
HP3 9SY,32,17,15,17
HP3 9SZ,66,29,37,25
HP3 9TA,11,5,6,3
HP3 9TB,50,25,25,19
HP3 9TD,2,1,1,1
HP3 9TF,2,1,1,1
HP3 9TH,4,1,3,3
HP3 9TJ,56,31,25,21
HP3 9TL,57,34,23,21
HP3 9TN,63,36,27,22
HP3 9TP,140,72,68,56
HP3 9TR,11,4,7,5
HP3 9TS,105,56,49,40
HP3 9TT,133,63,70,45
HP3 9TU,27,12,15,8
HP3 9TW,80,37,43,26
HP3 9TX,20,9,11,7
HP3 9TY,75,37,38,29
HP3 9TZ,35,14,21,10
HP3 9UA,43,18,25,17
HP3 9UB,78,40,38,29
HP3 9UD,23,11,12,12
HP3 9UE,35,11,24,14
HP3 9UF,37,15,22,14
HP3 9UH,92,49,43,34
HP3 9UJ,74,37,37,26
HP3 9UL,40,16,24,10
HP3 9UN,76,35,41,27
HP3 9UP,34,15,19,14
HP3 9UQ,43,17,26,18
HP3 9UR,48,27,21,18
HP3 9UT,19,13,6,11
HP3 9UU,47,27,20,25
HP3 9UW,96,49,47,35
HP3 9UZ,47,24,23,17
HP3 9WA,39,22,17,20
HP3 9WE,31,11,20,16
HP3 9WF,15,10,5,14
HP3 9WG,14,8,6,8
HP3 9WN,111,56,55,65
HP3 9WQ,12,7,5,7
HP3 9WS,71,36,35,29
HP3 9WT,23,10,13,12
HP3 9WU,62,33,29,30
HP3 9WW,12,8,4,5
HP3 9WX,49,34,15,29
HP3 9WY,112,59,53,62
HP3 9WZ,67,31,36,29
HP3 9XA,135,70,65,52
HP3 9XB,107,54,53,35
HP3 9XD,31,17,14,14
HP3 9XE,60,30,30,25
HP3 9XG,125,49,76,45
HP3 9XQ,129,51,78,44
HP3 9YD,34,14,20,14
HP3 9YJ,83,37,46,32
HP3 9YX,10,4,6,3
HP4 1AB,19,8,11,8
HP4 1AE,26,9,17,14
HP4 1AF,3,2,1,3
HP4 1AG,18,10,8,10
HP4 1AH,3,2,1,2
HP4 1AJ,12,5,7,6
HP4 1AL,37,22,15,15
HP4 1AQ,11,8,3,5
HP4 1AR,7,3,4,4
HP4 1AT,29,11,18,24
HP4 1BS,27,12,15,10
HP4 1BT,49,22,27,15
HP4 1BU,51,28,23,21
HP4 1BX,28,14,14,10
HP4 1BY,98,43,55,44
HP4 1BZ,18,6,12,8
HP4 1DA,32,13,19,10
HP4 1DB,1,1,0,1
HP4 1DD,39,20,19,13
HP4 1DF,42,21,21,17
HP4 1DH,11,7,4,5
HP4 1DJ,27,11,16,15
HP4 1DN,74,39,35,38
HP4 1DP,11,7,4,7
HP4 1DQ,5,3,2,2
HP4 1DR,39,21,18,15
HP4 1DS,61,29,32,20
HP4 1DT,71,36,35,25
HP4 1DU,78,38,40,30
HP4 1DW,37,21,16,16
HP4 1DX,45,22,23,14
HP4 1DY,13,6,7,4
HP4 1DZ,43,25,18,16
HP4 1EA,34,18,16,13
HP4 1EB,62,28,34,24
HP4 1ED,45,18,27,16
HP4 1EE,62,34,28,20
HP4 1EQ,45,25,20,35
HP4 1ES,2,1,1,1
HP4 1EU,64,34,30,30
HP4 1EX,89,44,45,45
HP4 1EY,53,31,22,28
HP4 1EZ,78,38,40,43
HP4 1FB,29,15,14,11
HP4 1FD,25,16,9,19
HP4 1FE,52,25,27,33
HP4 1FF,18,8,10,10
HP4 1FG,123,52,71,61
HP4 1FH,61,33,28,22
HP4 1FJ,15,8,7,6
HP4 1HA,6,2,4,4
HP4 1HB,20,10,10,6
HP4 1HD,2,1,1,1
HP4 1HE,87,46,41,31
HP4 1HF,16,7,9,6
HP4 1HH,15,9,6,8
HP4 1HJ,93,42,51,35
HP4 1HN,106,50,56,34
HP4 1HP,39,18,21,10
HP4 1HQ,8,3,5,6
HP4 1HR,24,13,11,8
HP4 1HS,10,5,5,7
HP4 1HT,55,29,26,22
HP4 1HU,24,17,7,11
HP4 1HX,49,22,27,23
HP4 1HY,12,3,9,8
HP4 1HZ,69,31,38,29
HP4 1JA,68,34,34,25
HP4 1JB,92,42,50,33
HP4 1JD,63,33,30,20
HP4 1JE,35,16,19,13
HP4 1JF,50,25,25,21
HP4 1JG,41,23,18,18
HP4 1JH,33,18,15,13
HP4 1JJ,7,3,4,3
HP4 1JL,18,8,10,8
HP4 1JN,39,18,21,15
HP4 1JP,53,27,26,27
HP4 1JQ,53,23,30,30
HP4 1JR,28,14,14,15
HP4 1JS,56,28,28,24
HP4 1JU,9,6,3,5
HP4 1JW,57,30,27,24
HP4 1JX,38,19,19,19
HP4 1JY,38,16,22,14
HP4 1JZ,122,57,65,42
HP4 1LA,11,4,7,5
HP4 1LB,13,9,4,6
HP4 1LE,4,3,1,3
HP4 1LF,3,1,2,1
HP4 1LH,16,8,8,6
HP4 1LJ,3,2,1,1
HP4 1LL,25,13,12,13
HP4 1LN,34,20,14,12
HP4 1LP,10,5,5,4
HP4 1LR,70,36,34,30
HP4 1LS,8,5,3,3
HP4 1LT,22,12,10,8
HP4 1LU,37,21,16,14
HP4 1LW,31,16,15,11
HP4 1LX,14,6,8,4
HP4 1LY,47,21,26,19
HP4 1LZ,4,3,1,2
HP4 1NA,25,13,12,12
HP4 1NB,9,5,4,4
HP4 1ND,90,44,46,40
HP4 1NE,20,9,11,6
HP4 1NF,22,13,9,10
HP4 1NN,2,1,1,1
HP4 1NP,21,12,9,8
HP4 1NR,8,3,5,5
HP4 1NS,16,8,8,13
HP4 1NT,10,6,4,4
HP4 1NU,17,9,8,7
HP4 1NW,9,5,4,3
HP4 1NX,12,5,7,7
HP4 1NY,29,12,17,21
HP4 1NZ,27,14,13,12
HP4 1PA,53,23,30,24
HP4 1PB,11,6,5,6
HP4 1PD,1,0,1,1
HP4 1PE,66,33,33,22
HP4 1PF,18,8,10,7
HP4 1PG,6,4,2,2
HP4 1PH,48,20,28,18
HP4 1PJ,8,4,4,2
HP4 1PL,86,43,43,28
HP4 1PN,50,23,27,14
HP4 1PP,41,19,22,16
HP4 1PQ,8,5,3,2
HP4 1PR,66,36,30,27
HP4 1PS,2,1,1,1
HP4 1PT,6,3,3,3
HP4 1PU,7,3,4,1
HP4 1PW,19,9,10,8
HP4 1PX,12,5,7,10
HP4 1QE,54,28,26,18
HP4 1QG,28,16,12,11
HP4 1QJ,22,12,10,9
HP4 1QL,10,6,4,5
HP4 1QN,33,13,20,13
HP4 1QP,12,6,6,5
HP4 1QQ,34,18,16,11
HP4 1QR,26,11,15,11
HP4 1QS,5,4,1,3
HP4 1QT,1,0,1,1
HP4 1QU,12,7,5,4
HP4 1QW,31,13,18,11
HP4 1QX,48,22,26,19
HP4 1QY,14,8,6,5
HP4 1QZ,48,23,25,22
HP4 1RB,18,9,9,6
HP4 1RD,11,4,7,5
HP4 1RE,20,8,12,7
HP4 1RF,55,28,27,20
HP4 1RG,129,66,63,44
HP4 1RH,43,25,18,20
HP4 1RJ,10,5,5,6
HP4 1RL,7,3,4,2
HP4 1RN,11,8,3,3
HP4 1RP,11,6,5,5
HP4 1RQ,16,8,8,7
HP4 1RR,6,2,4,2
HP4 1RS,12,5,7,6
HP4 1RW,69,32,37,26
HP4 1SA,101,49,52,38
HP4 1SB,15,7,8,8
HP4 1SD,31,16,15,17
HP4 1SE,15,6,9,7
HP4 1SF,100,54,46,29
HP4 1SX,73,32,41,29
HP4 1SY,39,24,15,21
HP4 1TB,108,53,55,43
HP4 1TD,56,23,33,24
HP4 1TE,73,31,42,27
HP4 1TF,31,15,16,13
HP4 1TH,22,9,13,8
HP4 1TJ,32,14,18,10
HP4 1TP,14,8,6,5
HP4 1UB,8,4,4,4
HP4 1UH,40,22,18,13
HP4 2AA,13,7,6,6
HP4 2AB,11,7,4,5
HP4 2AE,7,3,4,5
HP4 2AF,1,1,0,1
HP4 2AG,1,1,0,1
HP4 2AH,50,22,28,35
HP4 2AL,6,2,4,2
HP4 2AQ,2,1,1,1
HP4 2AS,13,6,7,9
HP4 2AX,11,7,4,7
HP4 2AZ,9,4,5,6
HP4 2BA,10,6,4,3
HP4 2BB,39,23,16,0
HP4 2BE,1,1,0,1
HP4 2BG,45,22,23,28
HP4 2BJ,4,1,3,3
HP4 2BL,2,1,1,2
HP4 2BN,30,15,15,16
HP4 2BP,30,15,15,11
HP4 2BQ,35,15,20,16
HP4 2BS,44,20,24,26
HP4 2BT,40,23,17,28
HP4 2BU,11,8,3,5
HP4 2BW,22,9,13,12
HP4 2BX,41,21,20,19
HP4 2BY,13,6,7,10
HP4 2DA,47,22,25,22
HP4 2DD,62,30,32,29
HP4 2DE,23,14,9,10
HP4 2DG,3,2,1,2
HP4 2DH,18,8,10,4
HP4 2DJ,6,3,3,4
HP4 2DP,26,10,16,15
HP4 2DQ,16,9,7,5
HP4 2DR,46,17,29,15
HP4 2DS,63,28,35,27
HP4 2DT,24,15,9,16
HP4 2DU,21,8,13,7
HP4 2DW,44,21,23,24
HP4 2DX,40,20,20,22
HP4 2DZ,9,6,3,6
HP4 2EA,72,36,36,29
HP4 2EB,57,27,30,30
HP4 2ED,10,6,4,6
HP4 2EE,44,23,21,18
HP4 2EF,43,25,18,21
HP4 2EG,87,48,39,43
HP4 2EH,6,4,2,4
HP4 2EJ,100,45,55,50
HP4 2EL,15,8,7,8
HP4 2EN,29,13,16,14
HP4 2EP,27,9,18,16
HP4 2EQ,77,40,37,47
HP4 2ER,22,10,12,8
HP4 2ES,2,1,1,1
HP4 2ET,29,12,17,15
HP4 2EU,83,41,42,40
HP4 2EW,59,25,34,27
HP4 2EX,48,25,23,22
HP4 2EY,69,36,33,32
HP4 2EZ,6,4,2,4
HP4 2FE,8,3,5,6
HP4 2FF,80,36,44,47
HP4 2FN,18,9,9,13
HP4 2FQ,11,6,5,9
HP4 2FS,4,2,2,4
HP4 2FT,21,12,9,13
HP4 2FW,8,3,5,5
HP4 2FY,22,7,15,13
HP4 2GP,10,5,5,7
HP4 2GR,9,2,7,6
HP4 2GS,8,3,5,6
HP4 2GT,17,5,12,14
HP4 2GU,27,8,19,19
HP4 2GW,18,6,12,13
HP4 2GX,39,11,28,32
HP4 2GY,30,14,16,18
HP4 2GZ,44,17,27,33
HP4 2HA,13,7,6,8
HP4 2HB,3,1,2,2
HP4 2HD,22,10,12,18
HP4 2HE,12,4,8,8
HP4 2HF,22,8,14,18
HP4 2HG,66,31,35,30
HP4 2HH,21,11,10,13
HP4 2HJ,47,21,26,19
HP4 2HL,62,32,30,34
HP4 2HN,67,31,36,27
HP4 2HP,53,27,26,20
HP4 2HQ,66,40,26,48
HP4 2HR,12,7,5,6
HP4 2HS,90,46,44,40
HP4 2HT,62,33,29,27
HP4 2HU,42,21,21,17
HP4 2HW,29,15,14,12
HP4 2HX,23,10,13,8
HP4 2HY,73,36,37,25
HP4 2HZ,36,20,16,14
HP4 2JE,12,4,8,10
HP4 2JG,60,28,32,20
HP4 2JH,73,32,41,27
HP4 2JJ,58,27,31,20
HP4 2JL,44,17,27,17
HP4 2JN,100,50,50,40
HP4 2JP,30,12,18,22
HP4 2JQ,122,61,61,53
HP4 2JR,82,38,44,32
HP4 2JS,70,33,37,32
HP4 2JT,74,33,41,41
HP4 2JU,35,16,19,23
HP4 2JW,25,12,13,12
HP4 2JZ,49,23,26,20
HP4 2LA,75,39,36,26
HP4 2LB,69,32,37,25
HP4 2LD,15,8,7,6
HP4 2LE,36,15,21,11
HP4 2LF,77,36,41,27
HP4 2LG,65,33,32,27
HP4 2LH,69,35,34,30
HP4 2LJ,49,24,25,18
HP4 2LL,66,38,28,23
HP4 2LN,35,17,18,15
HP4 2LP,117,64,53,35
HP4 2LQ,32,14,18,13
HP4 2LR,14,8,6,5
HP4 2LS,9,2,7,2
HP4 2LW,57,27,30,20
HP4 2NA,17,10,7,7
HP4 2NB,5,2,3,3
HP4 2ND,10,6,4,4
HP4 2NE,18,8,10,5
HP4 2NF,32,14,18,12
HP4 2NG,16,7,9,11
HP4 2NH,92,48,44,30
HP4 2NJ,47,19,28,17
HP4 2NL,30,16,14,12
HP4 2NN,10,6,4,4
HP4 2NP,51,26,25,21
HP4 2NR,77,41,36,24
HP4 2NS,13,6,7,8
HP4 2NT,15,9,6,9
HP4 2NU,96,50,46,32
HP4 2NW,48,25,23,16
HP4 2NX,54,24,30,25
HP4 2NY,25,10,15,9
HP4 2NZ,80,50,30,51
HP4 2PA,41,20,21,14
HP4 2PB,69,34,35,25
HP4 2PD,52,28,24,20
HP4 2PE,16,5,11,12
HP4 2PF,23,9,14,10
HP4 2PG,24,12,12,7
HP4 2PH,28,13,15,10
HP4 2PJ,121,59,62,40
HP4 2PL,51,27,24,18
HP4 2PN,64,28,36,24
HP4 2PP,55,25,30,20
HP4 2PQ,27,12,15,10
HP4 2PR,46,28,18,22
HP4 2PS,30,17,13,24
HP4 2PT,48,22,26,21
HP4 2PU,20,11,9,7
HP4 2PX,30,12,18,13
HP4 2QB,15,9,6,6
HP4 2QD,12,6,6,4
HP4 2QF,50,20,30,20
HP4 2QG,5,2,3,2
HP4 2QH,23,10,13,10
HP4 2QJ,37,19,18,15
HP4 2QL,16,9,7,7
HP4 2QQ,17,9,8,6
HP4 2QR,42,22,20,20
HP4 2QS,29,12,17,14
HP4 2QT,8,4,4,4
HP4 2QU,12,7,5,8
HP4 2QW,4,2,2,1
HP4 2QX,35,19,16,17
HP4 2QY,8,4,4,3
HP4 2QZ,71,36,35,27
HP4 2RA,47,25,22,17
HP4 2RB,6,1,5,5
HP4 2RD,25,12,13,11
HP4 2RE,70,43,27,28
HP4 2RF,2,1,1,1
HP4 2RG,42,18,24,15
HP4 2RH,23,8,15,10
HP4 2RJ,12,6,6,4
HP4 2RL,21,10,11,7
HP4 2RP,18,8,10,6
HP4 2RQ,35,15,20,18
HP4 2RR,3,2,1,2
HP4 2RS,14,7,7,6
HP4 2RT,38,20,18,17
HP4 2RX,2,1,1,1
HP4 2RY,63,34,29,27
HP4 2RZ,66,30,36,22
HP4 2SD,75,39,36,31
HP4 2SE,16,6,10,10
HP4 2SF,72,37,35,29
HP4 2SG,90,50,40,29
HP4 2SH,103,56,47,40
HP4 2SL,32,13,19,14
HP4 2SN,56,30,26,17
HP4 2SP,43,18,25,18
HP4 2SQ,71,35,36,27
HP4 2ST,57,14,43,2
HP4 2SU,10,6,4,4
HP4 2SX,4,2,2,1
HP4 2SY,9,3,6,4
HP4 2SZ,26,14,12,10
HP4 2TS,10,7,3,6
HP4 2UA,24,15,9,17
HP4 2UJ,10,5,5,4
HP4 2WA,7,5,2,5
HP4 2WB,7,6,1,6
HP4 2WD,26,12,14,8
HP4 2WE,24,10,14,11
HP4 2WF,33,14,19,21
HP4 2WG,21,12,9,9
HP4 2WQ,30,13,17,12
HP4 2XT,17,10,7,5
HP4 3AA,23,13,10,7
HP4 3AB,1,1,0,1
HP4 3AD,35,17,18,15
HP4 3AE,23,9,14,8
HP4 3AF,7,3,4,4
HP4 3AG,2,1,1,1
HP4 3AJ,34,18,16,11
HP4 3AL,24,13,11,18
HP4 3AN,18,9,9,11
HP4 3AQ,20,8,12,8
HP4 3AR,10,4,6,4
HP4 3AT,7,3,4,4
HP4 3AW,6,2,4,5
HP4 3AX,43,22,21,15
HP4 3AY,24,16,8,14
HP4 3AZ,29,14,15,16
HP4 3BB,14,7,7,5
HP4 3BD,58,28,30,20
HP4 3BH,48,25,23,15
HP4 3BJ,60,32,28,20
HP4 3BL,34,13,21,12
HP4 3BN,75,35,40,28
HP4 3BP,125,63,62,40
HP4 3BQ,45,21,24,19
HP4 3BS,63,33,30,25
HP4 3BT,27,14,13,10
HP4 3BU,19,9,10,6
HP4 3BW,63,32,31,24
HP4 3BX,20,10,10,9
HP4 3BZ,6,3,3,3
HP4 3DA,34,15,19,14
HP4 3DB,26,13,13,9
HP4 3DD,30,14,16,13
HP4 3DE,50,24,26,19
HP4 3DF,40,21,19,11
HP4 3DG,58,33,25,19
HP4 3DH,70,34,36,21
HP4 3DJ,64,33,31,25
HP4 3DN,18,5,13,12
HP4 3DQ,14,7,7,4
HP4 3DR,57,31,26,22
HP4 3DS,73,35,38,25
HP4 3DT,16,5,11,5
HP4 3DU,96,38,58,34
HP4 3DW,73,35,38,29
HP4 3DX,26,14,12,10
HP4 3DY,32,16,16,10
HP4 3DZ,21,9,12,10
HP4 3EA,99,44,55,35
HP4 3ED,37,16,21,30
HP4 3EE,35,16,19,11
HP4 3EF,9,4,5,4
HP4 3EG,114,56,58,45
HP4 3EH,104,52,52,40
HP4 3EJ,5,2,3,4
HP4 3EL,14,9,5,6
HP4 3EN,70,36,34,42
HP4 3EP,5,1,4,3
HP4 3EQ,47,25,22,22
HP4 3ER,13,7,6,4
HP4 3ES,19,7,12,12
HP4 3ET,37,15,22,15
HP4 3EW,17,5,12,7
HP4 3EX,59,30,29,18
HP4 3EY,52,27,25,19
HP4 3EZ,7,7,0,5
HP4 3FG,1,1,0,1
HP4 3FN,9,4,5,3
HP4 3FQ,20,9,11,13
HP4 3FW,14,8,6,8
HP4 3FY,11,7,4,4
HP4 3GB,14,7,7,4
HP4 3HB,16,9,7,8
HP4 3HH,35,19,16,5
HP4 3HP,24,15,9,8
HP4 3HR,16,7,9,5
HP4 3HT,72,43,29,25
HP4 3HU,110,52,58,36
HP4 3HX,53,26,27,18
HP4 3HY,99,49,50,42
HP4 3HZ,150,65,85,55
HP4 3JA,53,26,27,18
HP4 3JB,38,21,17,15
HP4 3JD,75,38,37,28
HP4 3JE,59,31,28,19
HP4 3JF,52,25,27,22
HP4 3JG,83,43,40,30
HP4 3JH,91,44,47,32
HP4 3JJ,61,26,35,26
HP4 3JN,10,4,6,3
HP4 3JP,8,2,6,6
HP4 3JQ,94,40,54,31
HP4 3JR,97,50,47,31
HP4 3JS,52,22,30,22
HP4 3JT,78,36,42,27
HP4 3JU,41,21,20,14
HP4 3JX,80,40,40,30
HP4 3JY,3,0,3,2
HP4 3JZ,87,39,48,24
HP4 3LA,76,38,38,27
HP4 3LB,74,31,43,26
HP4 3LD,97,44,53,33
HP4 3LE,89,43,46,27
HP4 3LF,92,43,49,30
HP4 3LG,96,50,46,37
HP4 3LH,64,29,35,22
HP4 3LJ,24,12,12,11
HP4 3LL,13,8,5,4
HP4 3LN,6,2,4,4
HP4 3LP,2,1,1,1
HP4 3LQ,47,22,25,16
HP4 3LR,29,12,17,21
HP4 3LU,21,8,13,14
HP4 3LW,14,7,7,6
HP4 3LX,55,25,30,17
HP4 3LZ,50,25,25,8
HP4 3NA,92,40,52,34
HP4 3NB,25,14,11,7
HP4 3ND,14,4,10,4
HP4 3NE,45,20,25,15
HP4 3NF,21,10,11,9
HP4 3NG,17,10,7,6
HP4 3NH,59,27,32,20
HP4 3NJ,50,27,23,16
HP4 3NL,65,31,34,24
HP4 3NN,21,11,10,8
HP4 3NP,46,21,25,17
HP4 3NQ,117,58,59,40
HP4 3NR,20,8,12,8
HP4 3NS,38,17,21,15
HP4 3NT,10,6,4,4
HP4 3NU,10,5,5,5
HP4 3NW,90,48,42,28
HP4 3NX,36,17,19,14
HP4 3NY,30,12,18,10
HP4 3NZ,81,37,44,28
HP4 3PA,92,40,52,31
HP4 3PB,17,7,10,10
HP4 3PD,20,10,10,11
HP4 3PE,76,31,45,45
HP4 3PF,67,33,34,22
HP4 3PG,93,46,47,33
HP4 3PH,9,2,7,8
HP4 3PJ,42,22,20,17
HP4 3PL,69,33,36,30
HP4 3PN,69,28,41,34
HP4 3PP,92,47,45,36
HP4 3PQ,71,36,35,28
HP4 3PR,26,13,13,13
HP4 3PS,78,39,39,41
HP4 3PT,11,7,4,8
HP4 3PW,127,65,62,58
HP4 3PX,19,8,11,7
HP4 3PY,66,31,35,25
HP4 3PZ,69,33,36,30
HP4 3QA,18,10,8,7
HP4 3QB,9,5,4,3
HP4 3QD,64,33,31,26
HP4 3QE,28,8,20,25
HP4 3QF,26,10,16,17
HP4 3QG,7,4,3,7
HP4 3QH,25,16,9,19
HP4 3QL,62,36,26,23
HP4 3QN,29,14,15,18
HP4 3QP,6,3,3,4
HP4 3QR,27,13,14,14
HP4 3QS,38,19,19,17
HP4 3QT,35,17,18,16
HP4 3QU,40,17,23,10
HP4 3QW,4,2,2,1
HP4 3QX,41,21,20,16
HP4 3QY,19,11,8,11
HP4 3RA,11,7,4,6
HP4 3RB,13,5,8,6
HP4 3RD,48,23,25,25
HP4 3RE,11,5,6,6
HP4 3RF,50,26,24,21
HP4 3RG,20,10,10,8
HP4 3RH,28,12,16,16
HP4 3RJ,19,11,8,7
HP4 3RL,52,23,29,18
HP4 3RN,128,62,66,50
HP4 3RP,24,11,13,10
HP4 3RQ,73,37,36,29
HP4 3RR,36,17,19,17
HP4 3RS,79,33,46,31
HP4 3RT,11,5,6,6
HP4 3RU,52,21,31,27
HP4 3RW,79,36,43,43
HP4 3RX,45,22,23,17
HP4 3RZ,9,6,3,9
HP4 3SB,11,7,4,6
HP4 3SE,4,2,2,2
HP4 3SF,24,11,13,7
HP4 3SG,70,34,36,29
HP4 3SH,22,12,10,7
HP4 3SJ,24,11,13,14
HP4 3SL,20,9,11,10
HP4 3SN,15,7,8,7
HP4 3SP,14,9,5,5
HP4 3SQ,28,15,13,10
HP4 3SR,35,17,18,11
HP4 3SS,37,17,20,14
HP4 3SW,4,2,2,2
HP4 3SX,28,14,14,12
HP4 3SY,9,5,4,5
HP4 3SZ,20,10,10,7
HP4 3TA,2,1,1,1
HP4 3TB,7,4,3,2
HP4 3TD,18,8,10,7
HP4 3TE,38,18,20,14
HP4 3TF,31,16,15,12
HP4 3TG,21,9,12,9
HP4 3TH,40,21,19,17
HP4 3TL,3,1,2,1
HP4 3TP,53,26,27,20
HP4 3TQ,46,25,21,19
HP4 3TR,15,9,6,7
HP4 3TS,11,4,7,6
HP4 3TT,46,18,28,19
HP4 3TU,23,11,12,8
HP4 3TX,13,7,6,5
HP4 3TY,13,6,7,4
HP4 3TZ,6,3,3,4
HP4 3UA,2,1,1,1
HP4 3UB,3,0,3,1
HP4 3UD,24,13,11,9
HP4 3UE,22,12,10,9
HP4 3UF,16,7,9,7
HP4 3UG,11,6,5,4
HP4 3UJ,1,1,0,1
HP4 3UQ,12,5,7,5
HP4 3UR,16,8,8,5
HP4 3UT,13,5,8,5
HP4 3UU,11,6,5,4
HP4 3XA,26,10,16,20
HP4 3XB,56,25,31,31
HP4 3XD,37,11,26,27
HP4 3XE,38,16,22,18
HP4 3XG,17,8,9,9
HP4 3XH,65,28,37,37
HP4 3XJ,37,9,28,31
HP4 3XL,10,1,9,10
HP4 3XN,16,6,10,11
HP4 3XP,63,32,31,27
HP4 3XR,55,25,30,19
HP4 3XZ,23,11,12,9
HP4 3YA,8,4,4,4
HP4 3YD,13,6,7,10
HP4 3YE,19,8,11,12
HP4 3YF,3,1,2,2
HP4 3YS,17,7,10,5
HP4 3YT,2,1,1,1
HP4 3YU,58,27,31,42
HP4 3YX,5,3,2,4
HP4 3YZ,21,11,10,11
HP4 3ZE,75,39,36,40
HP5 1AB,1,1,0,1
HP5 1AD,58,32,26,28
HP5 1AE,15,9,6,8
HP5 1AG,7,4,3,6
HP5 1AH,50,26,24,19
HP5 1AJ,47,21,26,19
HP5 1AL,68,33,35,23
HP5 1AN,48,25,23,26
HP5 1AP,64,33,31,25
HP5 1AQ,14,6,8,4
HP5 1AR,45,16,29,14
HP5 1AS,33,15,18,12
HP5 1AT,23,11,12,9
HP5 1AX,4,1,3,1
HP5 1AY,105,52,53,37
HP5 1AZ,63,35,28,23
HP5 1BE,30,8,22,28
HP5 1BG,9,6,3,6
HP5 1BP,8,3,5,5
HP5 1BW,18,8,10,11
HP5 1BX,7,3,4,3
HP5 1DA,14,8,6,8
HP5 1DB,21,14,7,12
HP5 1DE,7,5,2,2
HP5 1DG,14,5,9,6
HP5 1DH,12,6,6,7
HP5 1DP,24,7,17,3
HP5 1DX,63,32,31,38
HP5 1EA,10,7,3,8
HP5 1EB,3,3,0,3
HP5 1ED,41,18,23,18
HP5 1EE,13,2,11,12
HP5 1EF,6,3,3,2
HP5 1EG,4,2,2,1
HP5 1EP,20,9,11,7
HP5 1ES,7,3,4,5
HP5 1EU,7,4,3,3
HP5 1EX,2,1,1,1
HP5 1EY,8,4,4,5
HP5 1EZ,14,5,9,7
HP5 1HE,24,10,14,22
HP5 1HG,8,4,4,3
HP5 1HQ,1,1,0,1
HP5 1HT,4,3,1,3
HP5 1HU,40,17,23,16
HP5 1HX,8,6,2,7
HP5 1HY,41,21,20,20
HP5 1JA,10,4,6,8
HP5 1JB,4,2,2,2
HP5 1JD,64,32,32,32
HP5 1JH,42,20,22,20
HP5 1JJ,31,17,14,12
HP5 1JL,19,11,8,9
HP5 1JN,8,2,6,7
HP5 1JP,6,2,4,5
HP5 1JR,63,25,38,26
HP5 1JS,47,26,21,17
HP5 1JT,53,25,28,17
HP5 1JW,16,7,9,12
HP5 1JX,35,20,15,10
HP5 1JY,16,8,8,7
HP5 1JZ,5,2,3,1
HP5 1LH,19,9,10,11
HP5 1LN,40,12,28,34
HP5 1LR,33,18,15,14
HP5 1LS,26,12,14,8
HP5 1LT,57,26,31,24
HP5 1LU,25,13,12,8
HP5 1LW,35,12,23,19
HP5 1LX,33,15,18,11
HP5 1LY,12,6,6,4
HP5 1LZ,11,4,7,6
HP5 1NA,21,10,11,10
HP5 1NB,15,5,10,5
HP5 1ND,69,28,41,31
HP5 1NE,55,15,40,3
HP5 1NJ,3,1,2,2
HP5 1NL,7,2,5,5
HP5 1NN,106,45,61,35
HP5 1NP,32,14,18,10
HP5 1NQ,10,6,4,3
HP5 1NR,33,16,17,12
HP5 1NS,59,28,31,20
HP5 1NT,135,64,71,45
HP5 1NW,101,48,53,34
HP5 1NX,20,11,9,15
HP5 1PA,5,4,1,4
HP5 1PB,4,0,4,4
HP5 1PD,6,1,5,4
HP5 1PE,96,46,50,40
HP5 1PF,12,8,4,9
HP5 1PG,41,22,19,22
HP5 1PJ,37,20,17,18
HP5 1PL,72,36,36,36
HP5 1PN,21,9,12,11
HP5 1PR,27,8,19,14
HP5 1PT,31,16,15,9
HP5 1PU,16,8,8,5
HP5 1PW,76,37,39,34
HP5 1PX,47,26,21,21
HP5 1PY,36,14,22,18
HP5 1QA,58,27,31,30
HP5 1QD,79,45,34,49
HP5 1QE,107,59,48,41
HP5 1QF,62,26,36,22
HP5 1QG,6,3,3,2
HP5 1QH,17,8,9,6
HP5 1QL,30,16,14,10
HP5 1QP,21,8,13,14
HP5 1QQ,115,51,64,44
HP5 1QR,17,11,6,6
HP5 1QT,32,14,18,11
HP5 1QU,47,20,27,18
HP5 1QX,47,25,22,21
HP5 1RB,82,46,36,34
HP5 1RD,41,20,21,16
HP5 1RF,50,22,28,27
HP5 1RG,45,21,24,21
HP5 1RH,39,17,22,16
HP5 1RJ,24,8,16,13
HP5 1RL,57,29,28,24
HP5 1RN,42,22,20,17
HP5 1RP,64,33,31,30
HP5 1RR,35,17,18,14
HP5 1RS,66,27,39,29
HP5 1RT,47,25,22,21
HP5 1RW,86,42,44,39
HP5 1RZ,22,15,7,8
HP5 1SA,14,8,6,7
HP5 1SE,23,12,11,12
HP5 1SF,22,10,12,7
HP5 1SG,21,12,9,7
HP5 1SH,45,22,23,20
HP5 1SL,108,55,53,52
HP5 1SN,57,27,30,29
HP5 1SP,94,44,50,35
HP5 1SQ,71,33,38,30
HP5 1SR,6,4,2,6
HP5 1SS,132,66,66,58
HP5 1SU,74,35,39,28
HP5 1SX,131,71,60,60
HP5 1SY,41,18,23,16
HP5 1SZ,39,16,23,14
HP5 1TA,58,34,24,34
HP5 1TB,24,10,14,7
HP5 1TH,8,4,4,3
HP5 1TJ,9,4,5,4
HP5 1TL,16,11,5,5
HP5 1TN,31,17,14,9
HP5 1TP,7,4,3,3
HP5 1TS,7,3,4,2
HP5 1TY,27,9,18,16
HP5 1TZ,12,5,7,4
HP5 1UA,15,7,8,5
HP5 1UD,55,25,30,17
HP5 1UE,75,36,39,28
HP5 1UF,85,44,41,30
HP5 1UG,4,3,1,1
HP5 1UH,32,13,19,14
HP5 1UJ,5,2,3,3
HP5 1UL,11,4,7,3
HP5 1UN,18,10,8,5
HP5 1UP,21,11,10,7
HP5 1UQ,2,1,1,1
HP5 1UR,4,2,2,2
HP5 1UT,14,5,9,9
HP5 1UU,24,9,15,9
HP5 1UY,20,11,9,11
HP5 1UZ,6,3,3,2
HP5 1XA,7,5,2,3
HP5 1XB,7,3,4,2
HP5 1XG,79,43,36,30
HP5 1XH,58,26,32,24
HP5 1XJ,32,13,19,15
HP5 1XL,6,3,3,4
HP5 1XN,59,32,27,23
HP5 1XP,27,9,18,13
HP5 1XR,41,22,19,15
HP5 1XS,5,4,1,3
HP5 1XT,66,39,27,28
HP5 1XU,23,11,12,10
HP5 1XW,11,7,4,4
HP5 1XX,10,7,3,6
HP5 1XY,55,27,28,23
HP5 1XZ,7,4,3,4
HP5 1YA,21,8,13,7
HP5 1YB,6,3,3,5
HP5 1YD,28,10,18,9
HP5 1YE,30,14,16,12
HP5 1YG,37,16,21,17
HP5 1YQ,78,35,43,39
HP5 2AA,50,26,24,22
HP5 2AB,14,7,7,7
HP5 2AF,96,47,49,40
HP5 2AG,12,4,8,8
HP5 2AJ,1,1,0,1
HP5 2AL,63,28,35,53
HP5 2AN,70,31,39,24
HP5 2AP,139,84,55,58
HP5 2AR,102,45,57,33
HP5 2AT,40,20,20,14
HP5 2AX,23,12,11,14
HP5 2AY,48,21,27,21
HP5 2AZ,79,39,40,30
HP5 2BA,126,67,59,39
HP5 2BB,33,15,18,12
HP5 2BD,53,26,27,25
HP5 2BE,149,63,86,53
HP5 2BG,71,35,36,28
HP5 2BL,29,13,16,12
HP5 2BN,56,26,30,24
HP5 2BP,57,28,29,19
HP5 2BQ,73,35,38,35
HP5 2BS,105,48,57,36
HP5 2BT,54,28,26,28
HP5 2BU,83,43,40,34
HP5 2BW,24,14,10,12
HP5 2BX,79,42,37,31
HP5 2BY,11,7,4,3
HP5 2BZ,60,30,30,22
HP5 2DA,11,6,5,4
HP5 2DB,19,8,11,8
HP5 2DD,91,46,45,33
HP5 2DE,67,36,31,21
HP5 2DF,84,42,42,24
HP5 2DG,72,30,42,21
HP5 2DH,14,6,8,7
HP5 2DJ,27,14,13,8
HP5 2DL,51,30,21,27
HP5 2DN,80,43,37,30
HP5 2DP,97,50,47,26
HP5 2DQ,46,26,20,18
HP5 2DS,31,16,15,16
HP5 2DT,47,26,21,14
HP5 2DU,78,40,38,22
HP5 2DW,24,12,12,10
HP5 2DX,42,22,20,14
HP5 2DY,31,16,15,9
HP5 2DZ,118,58,60,48
HP5 2EA,84,43,41,26
HP5 2EB,31,12,19,12
HP5 2ED,73,36,37,22
HP5 2EE,86,36,50,29
HP5 2EF,40,20,20,17
HP5 2EG,66,35,31,22
HP5 2EH,38,16,22,13
HP5 2EJ,19,8,11,10
HP5 2EL,19,10,9,7
HP5 2EN,73,39,34,26
HP5 2EP,19,11,8,7
HP5 2EQ,25,17,8,10
HP5 2ER,54,28,26,16
HP5 2ES,17,7,10,7
HP5 2ET,132,70,62,41
HP5 2EU,23,15,8,14
HP5 2EW,41,21,20,17
HP5 2EX,32,22,10,26
HP5 2EY,71,34,37,23
HP5 2EZ,88,43,45,32
HP5 2FE,13,6,7,8
HP5 2FF,21,9,12,11
HP5 2FN,17,8,9,7
HP5 2FY,39,19,20,16
HP5 2FZ,20,9,11,8
HP5 2GL,21,12,9,6
HP5 2GP,25,10,15,10
HP5 2GW,49,21,28,12
HP5 2GY,19,8,11,6
HP5 2GZ,38,21,17,14
HP5 2HA,50,22,28,20
HP5 2HB,11,7,4,5
HP5 2HD,65,33,32,27
HP5 2HE,21,13,8,12
HP5 2HF,141,76,65,41
HP5 2HG,65,37,28,21
HP5 2HH,101,48,53,41
HP5 2HJ,70,35,35,26
HP5 2HL,131,68,63,42
HP5 2HN,41,21,20,15
HP5 2HS,26,13,13,10
HP5 2HT,45,22,23,20
HP5 2HU,16,5,11,7
HP5 2HW,38,20,18,14
HP5 2HX,40,17,23,17
HP5 2HY,17,6,11,10
HP5 2HZ,85,42,43,27
HP5 2JE,24,13,11,10
HP5 2JF,43,18,25,16
HP5 2JG,41,26,15,15
HP5 2JH,13,7,6,4
HP5 2JJ,23,14,9,6
HP5 2JL,38,22,16,12
HP5 2JP,36,18,18,17
HP5 2JQ,12,5,7,7
HP5 2JR,19,10,9,15
HP5 2JS,15,6,9,8
HP5 2JT,11,7,4,4
HP5 2JU,23,12,11,10
HP5 2LD,10,6,4,4
HP5 2LE,40,16,24,17
HP5 2LF,42,21,21,23
HP5 2LG,39,19,20,17
HP5 2LH,31,13,18,11
HP5 2LJ,61,30,31,22
HP5 2LL,27,15,12,12
HP5 2LN,47,25,22,19
HP5 2LP,31,17,14,13
HP5 2LQ,57,33,24,25
HP5 2LR,29,16,13,11
HP5 2LS,4,2,2,2
HP5 2LT,20,10,10,9
HP5 2LU,36,18,18,16
HP5 2LW,29,14,15,15
HP5 2LX,32,17,15,12
HP5 2LY,47,23,24,15
HP5 2LZ,14,7,7,6
HP5 2NA,74,42,32,26
HP5 2ND,31,15,16,13
HP5 2NE,96,45,51,38
HP5 2NF,62,26,36,29
HP5 2NG,28,14,14,8
HP5 2NH,32,15,17,8
HP5 2NJ,15,6,9,9
HP5 2NN,111,59,52,38
HP5 2NP,16,7,9,11
HP5 2NQ,36,18,18,24
HP5 2NS,93,41,52,34
HP5 2NU,8,3,5,6
HP5 2NY,33,14,19,28
HP5 2NZ,6,3,3,5
HP5 2PA,59,26,33,27
HP5 2PB,79,39,40,32
HP5 2PD,123,59,64,36
HP5 2PE,99,51,48,39
HP5 2PF,116,58,58,51
HP5 2PG,159,82,77,55
HP5 2PH,42,23,19,17
HP5 2PJ,35,17,18,15
HP5 2PL,46,26,20,16
HP5 2PN,28,15,13,12
HP5 2PP,50,23,27,24
HP5 2PQ,64,36,28,26
HP5 2PR,66,28,38,24
HP5 2PS,7,3,4,4
HP5 2PU,24,10,14,21
HP5 2PW,25,11,14,10
HP5 2PY,60,28,32,31
HP5 2PZ,22,12,10,8
HP5 2QH,4,2,2,2
HP5 2QL,63,26,37,36
HP5 2QN,108,55,53,41
HP5 2QP,65,35,30,24
HP5 2QQ,2,0,2,2
HP5 2QR,117,55,62,42
HP5 2QS,62,30,32,25
HP5 2QT,57,28,29,23
HP5 2QU,62,33,29,25
HP5 2QW,75,41,34,29
HP5 2QX,39,17,22,15
HP5 2QY,62,33,29,26
HP5 2QZ,28,14,14,11
HP5 2RA,23,10,13,11
HP5 2RB,15,5,10,6
HP5 2RF,14,5,9,9
HP5 2RG,103,52,51,38
HP5 2RH,38,19,19,17
HP5 2RJ,6,3,3,3
HP5 2RL,18,10,8,9
HP5 2RN,65,34,31,29
HP5 2RP,87,44,43,29
HP5 2RQ,12,5,7,7
HP5 2RR,27,13,14,14
HP5 2RS,69,36,33,28
HP5 2RT,45,22,23,19
HP5 2RU,49,23,26,17
HP5 2RW,74,46,28,26
HP5 2RX,50,24,26,20
HP5 2RY,58,26,32,27
HP5 2RZ,63,33,30,20
HP5 2SA,23,14,9,7
HP5 2SB,11,4,7,4
HP5 2SD,46,21,25,23
HP5 2SE,114,53,61,47
HP5 2SF,95,51,44,32
HP5 2SG,82,39,43,32
HP5 2SH,65,35,30,21
HP5 2SJ,96,49,47,39
HP5 2SL,91,41,50,34
HP5 2SN,6,3,3,3
HP5 2SQ,102,52,50,34
HP5 2SS,41,22,19,18
HP5 2ST,12,7,5,4
HP5 2SU,7,2,5,3
HP5 2SX,25,13,12,8
HP5 2SY,20,8,12,9
HP5 2SZ,21,11,10,5
HP5 2TA,5,2,3,1
HP5 2TB,63,33,30,34
HP5 2TD,44,22,22,28
HP5 2TE,36,20,16,24
HP5 2TF,60,34,26,22
HP5 2TG,15,7,8,8
HP5 2TH,3,1,2,2
HP5 2TJ,8,3,5,3
HP5 2TL,12,5,7,7
HP5 2TN,6,4,2,2
HP5 2TP,19,10,9,12
HP5 2TQ,2,2,0,2
HP5 2TR,14,6,8,6
HP5 2TS,3,1,2,1
HP5 2TT,21,10,11,7
HP5 2TW,58,30,28,22
HP5 2TX,2,1,1,1
HP5 2TY,7,4,3,2
HP5 2TZ,29,14,15,9
HP5 2UA,14,8,6,5
HP5 2UG,40,22,18,16
HP5 2UH,27,18,9,12
HP5 2UJ,34,22,12,14
HP5 2UL,17,7,10,6
HP5 2UN,2,1,1,1
HP5 2UP,6,4,2,2
HP5 2UQ,68,35,33,26
HP5 2UR,38,21,17,14
HP5 2UT,23,12,11,10
HP5 2UU,14,7,7,7
HP5 2UW,17,9,8,5
HP5 2UX,18,9,9,8
HP5 2UY,11,5,6,3
HP5 2UZ,14,8,6,5
HP5 2WL,89,42,47,41
HP5 2XA,42,24,18,22
HP5 2XB,26,11,15,7
HP5 2XD,7,3,4,3
HP5 2XH,22,7,15,5
HP5 2XJ,18,6,12,7
HP5 2XL,55,26,29,21
HP5 2XN,94,46,48,33
HP5 2XP,31,17,14,10
HP5 2XR,33,16,17,13
HP5 2XS,14,6,8,5
HP5 2XT,11,6,5,4
HP5 2XU,74,40,34,32
HP5 2XW,78,42,36,27
HP5 2XX,16,7,9,5
HP5 3AA,33,12,21,14
HP5 3AB,5,1,4,1
HP5 3AD,102,53,49,38
HP5 3AE,56,27,29,22
HP5 3AF,22,10,12,15
HP5 3AG,28,13,15,12
HP5 3AH,31,16,15,17
HP5 3AJ,55,26,29,28
HP5 3AN,17,9,8,8
HP5 3AP,23,9,14,12
HP5 3AQ,39,21,18,17
HP5 3AR,18,9,9,10
HP5 3AS,16,11,5,7
HP5 3AT,24,14,10,9
HP5 3AU,79,34,45,20
HP5 3AW,17,9,8,9
HP5 3AX,100,56,44,31
HP5 3AY,147,71,76,63
HP5 3AZ,33,18,15,13
HP5 3BA,8,3,5,4
HP5 3BB,46,24,22,21
HP5 3BD,65,28,37,24
HP5 3BE,39,21,18,13
HP5 3BG,66,30,36,21
HP5 3BH,75,43,32,27
HP5 3BJ,16,10,6,5
HP5 3BL,21,7,14,15
HP5 3BN,38,20,18,25
HP5 3BP,46,23,23,20
HP5 3BQ,6,4,2,4
HP5 3BS,49,23,26,23
HP5 3BT,10,4,6,6
HP5 3BU,67,32,35,31
HP5 3BW,32,17,15,20
HP5 3BX,27,9,18,12
HP5 3BY,69,34,35,33
HP5 3BZ,21,12,9,10
HP5 3DA,52,26,26,20
HP5 3DB,47,23,24,19
HP5 3DD,66,30,36,32
HP5 3DE,52,20,32,24
HP5 3DF,32,16,16,14
HP5 3DH,71,39,32,35
HP5 3DJ,46,25,21,21
HP5 3DL,62,31,31,29
HP5 3DN,32,16,16,14
HP5 3DP,76,34,42,26
HP5 3DQ,90,46,44,38
HP5 3DR,61,27,34,22
HP5 3DW,50,24,26,18
HP5 3DX,25,13,12,13
HP5 3DY,20,16,4,10
HP5 3DZ,19,12,7,14
HP5 3EA,67,32,35,17
HP5 3ED,93,50,43,29
HP5 3EF,41,24,17,19
HP5 3EG,71,34,37,36
HP5 3EH,70,39,31,32
HP5 3EJ,19,7,12,10
HP5 3EL,111,51,60,43
HP5 3EN,58,27,31,26
HP5 3EP,11,6,5,8
HP5 3EQ,59,30,29,28
HP5 3ER,57,28,29,24
HP5 3ES,92,49,43,33
HP5 3ET,50,29,21,19
HP5 3EZ,11,3,8,5
HP5 3FD,13,6,7,7
HP5 3HA,56,34,22,40
HP5 3HB,40,20,20,14
HP5 3HD,64,30,34,21
HP5 3HF,41,20,21,11
HP5 3HG,75,38,37,26
HP5 3HH,113,50,63,39
HP5 3HJ,58,30,28,20
HP5 3HL,12,8,4,6
HP5 3HN,47,28,19,24
HP5 3HP,13,6,7,6
HP5 3HQ,60,28,32,24
HP5 3HR,6,2,4,4
HP5 3HT,40,24,16,30
HP5 3HW,23,14,9,8
HP5 3HX,55,31,24,22
HP5 3HY,78,43,35,25
HP5 3HZ,54,27,27,22
HP5 3JA,48,24,24,20
HP5 3JB,85,43,42,24
HP5 3JD,65,29,36,16
HP5 3JE,217,99,118,58
HP5 3JF,42,20,22,14
HP5 3JG,8,4,4,2
HP5 3JH,47,28,19,21
HP5 3JJ,54,25,29,18
HP5 3JL,104,51,53,37
HP5 3JN,16,9,7,8
HP5 3JP,2,1,1,1
HP5 3JQ,5,3,2,4
HP5 3JT,22,13,9,10
HP5 3JU,14,7,7,6
HP5 3JW,9,4,5,2
HP5 3JX,4,3,1,1
HP5 3JY,48,22,26,12
HP5 3LA,67,34,33,26
HP5 3LB,55,28,27,23
HP5 3LD,39,21,18,15
HP5 3LE,34,19,15,16
HP5 3LF,9,3,6,3
HP5 3LG,6,3,3,3
HP5 3LH,68,32,36,24
HP5 3LJ,37,18,19,14
HP5 3LL,18,8,10,5
HP5 3LN,58,27,31,18
HP5 3LP,41,21,20,16
HP5 3LQ,30,14,16,13
HP5 3LR,22,10,12,9
HP5 3LS,43,24,19,14
HP5 3LU,28,14,14,11
HP5 3LW,52,29,23,16
HP5 3LX,36,18,18,16
HP5 3LZ,72,37,35,34
HP5 3NA,41,18,23,16
HP5 3NB,55,31,24,15
HP5 3NE,27,12,15,12
HP5 3NF,19,10,9,13
HP5 3NH,77,34,43,18
HP5 3NP,36,15,21,16
HP5 3NQ,5,2,3,3
HP5 3NR,7,4,3,2
HP5 3NS,25,14,11,11
HP5 3NT,28,12,16,10
HP5 3NU,9,3,6,3
HP5 3NX,2,1,1,1
HP5 3NY,10,6,4,3
HP5 3PA,5,3,2,2
HP5 3PD,10,3,7,4
HP5 3PE,32,14,18,14
HP5 3PF,41,20,21,14
HP5 3PH,25,12,13,9
HP5 3PJ,82,41,41,26
HP5 3PL,8,4,4,4
HP5 3PN,14,7,7,4
HP5 3PP,11,5,6,4
HP5 3PQ,46,26,20,18
HP5 3PR,90,46,44,37
HP5 3PS,54,29,25,23
HP5 3PT,5,3,2,2
HP5 3PU,2,1,1,1
HP5 3PW,38,19,19,15
HP5 3PX,5,3,2,1
HP5 3PY,33,18,15,12
HP5 3QE,30,15,15,11
HP5 3QG,20,13,7,8
HP5 3QJ,1,1,0,1
HP5 3QN,2,1,1,1
HP5 3QP,21,10,11,8
HP5 3QQ,32,16,16,14
HP5 3QR,54,30,24,19
HP5 3QS,34,15,19,12
HP5 3QT,25,10,15,9
HP5 3QU,32,17,15,12
HP5 3QW,91,43,48,34
HP5 3QX,13,7,6,6
HP5 3QY,87,44,43,30
HP5 3QZ,11,7,4,5
HP5 3RA,15,9,6,6
HP5 3RB,79,39,40,25
HP5 3RD,21,10,11,8
HP5 3RE,9,5,4,4
HP5 3RH,79,41,38,47
HP5 3RJ,65,31,34,34
HP5 3RL,64,32,32,23
HP5 3RN,31,15,16,10
HP5 3RP,25,13,12,8
HP5 3RR,7,5,2,2
HP5 3RS,12,3,9,10
HP5 3RW,6,3,3,3
HP5 3SA,22,12,10,11
HP6 5AA,51,28,23,25
HP6 5AB,46,18,28,25
HP6 5AD,42,18,24,20
HP6 5AE,31,16,15,17
HP6 5AG,14,5,9,9
HP6 5AN,14,3,11,13
HP6 5AQ,3,2,1,1
HP6 5AR,8,4,4,4
HP6 5AS,22,12,10,9
HP6 5AU,24,7,17,18
HP6 5AZ,37,13,24,19
HP6 5BD,9,5,4,4
HP6 5BG,33,13,20,13
HP6 5BT,5,3,2,3
HP6 5BW,6,4,2,4
HP6 5BX,23,12,11,11
HP6 5DD,101,55,46,33
HP6 5DF,38,18,20,22
HP6 5DH,11,4,7,6
HP6 5DJ,14,8,6,6
HP6 5DL,6,5,1,4
HP6 5DN,12,7,5,6
HP6 5DP,57,19,38,43
HP6 5DR,18,10,8,11
HP6 5DW,12,8,4,5
HP6 5EF,48,20,28,19
HP6 5EG,65,34,31,21
HP6 5EJ,4,2,2,2
HP6 5EL,6,2,4,2
HP6 5EQ,13,6,7,6
HP6 5ES,8,3,5,6
HP6 5ET,28,14,14,15
HP6 5EU,5,5,0,3
HP6 5EX,53,29,24,15
HP6 5EY,5,3,2,3
HP6 5FD,26,13,13,12
HP6 5HA,2,1,1,1
HP6 5HB,10,5,5,4
HP6 5HD,74,36,38,27
HP6 5HE,91,48,43,33
HP6 5HG,12,7,5,8
HP6 5HH,45,20,25,20
HP6 5HL,6,3,3,3
HP6 5HN,21,12,9,9
HP6 5HP,29,11,18,12
HP6 5HQ,15,4,11,12
HP6 5HS,83,37,46,29
HP6 5HU,1,1,0,1
HP6 5HW,14,7,7,8
HP6 5HX,46,13,33,35
HP6 5HY,15,7,8,7
HP6 5HZ,6,2,4,3
HP6 5JE,84,38,46,26
HP6 5JF,40,22,18,13
HP6 5JG,90,51,39,31
HP6 5JH,8,3,5,4
HP6 5JJ,28,12,16,14
HP6 5JL,43,20,23,24
HP6 5JN,20,9,11,7
HP6 5JP,115,56,59,42
HP6 5JS,36,16,20,17
HP6 5JU,57,25,32,26
HP6 5JW,52,27,25,23
HP6 5JX,25,11,14,10
HP6 5JY,68,36,32,24
HP6 5JZ,12,4,8,4
HP6 5LA,107,56,51,30
HP6 5LB,22,10,12,10
HP6 5LD,50,26,24,19
HP6 5LE,45,26,19,15
HP6 5LF,63,28,35,25
HP6 5LG,10,5,5,4
HP6 5LH,7,4,3,3
HP6 5LJ,33,16,17,12
HP6 5LL,33,15,18,10
HP6 5LN,48,26,22,15
HP6 5LP,25,13,12,14
HP6 5LQ,79,40,39,26
HP6 5LT,17,9,8,7
HP6 5LU,29,17,12,10
HP6 5LX,50,21,29,21
HP6 5LZ,61,28,33,23
HP6 5NA,65,35,30,24
HP6 5NB,18,8,10,5
HP6 5ND,4,2,2,1
HP6 5NE,16,8,8,12
HP6 5NH,21,12,9,9
HP6 5NJ,21,12,9,7
HP6 5NP,45,21,24,14
HP6 5NR,12,6,6,4
HP6 5NS,41,26,15,13
HP6 5NT,74,34,40,23
HP6 5NU,37,20,17,14
HP6 5NW,12,6,6,4
HP6 5NX,46,22,24,16
HP6 5PB,2,1,1,1
HP6 5PD,15,10,5,6
HP6 5PE,44,22,22,16
HP6 5PF,3,2,1,2
HP6 5PG,37,20,17,12
HP6 5PH,78,36,42,30
HP6 5PJ,17,10,7,6
HP6 5PL,16,9,7,6
HP6 5PN,48,25,23,17
HP6 5PP,65,35,30,25
HP6 5PQ,42,22,20,15
HP6 5PT,36,18,18,11
HP6 5PU,64,35,29,21
HP6 5PX,66,30,36,24
HP6 5PY,13,7,6,5
HP6 5QA,30,12,18,13
HP6 5QB,39,21,18,14
HP6 5QD,31,12,19,10
HP6 5QF,62,34,28,20
HP6 5QH,84,43,41,28
HP6 5QJ,9,4,5,5
HP6 5QN,22,11,11,10
HP6 5QP,46,28,18,15
HP6 5QQ,36,18,18,15
HP6 5QR,11,7,4,4
HP6 5QS,36,17,19,13
HP6 5QT,60,36,24,20
HP6 5QU,19,12,7,6
HP6 5QW,27,15,12,11
HP6 5QX,12,3,9,5
HP6 5QY,49,21,28,18
HP6 5QZ,44,24,20,15
HP6 5RA,64,32,32,23
HP6 5RB,27,13,14,8
HP6 5RD,79,39,40,26
HP6 5RE,71,37,34,26
HP6 5RF,15,6,9,6
HP6 5RG,10,5,5,5
HP6 5RH,49,25,24,17
HP6 5RJ,63,33,30,23
HP6 5RL,9,4,5,4
HP6 5RN,71,30,41,24
HP6 5RP,9,4,5,4
HP6 5RQ,12,5,7,6
HP6 5RR,18,9,9,6
HP6 5RS,10,4,6,4
HP6 5RT,45,20,25,21
HP6 5RU,66,31,35,26
HP6 5RW,81,36,45,32
HP6 5RX,22,10,12,14
HP6 5RY,87,46,41,37
HP6 5RZ,57,31,26,23
HP6 5SA,57,30,27,21
HP6 5SB,53,29,24,25
HP6 5SD,44,20,24,16
HP6 5SE,11,8,3,4
HP6 5SF,16,9,7,5
HP6 5SG,9,4,5,4
HP6 5SH,64,34,30,27
HP6 5SN,8,5,3,8
HP6 5SQ,18,11,7,7
HP6 5SS,9,5,4,3
HP6 5TA,79,31,48,40
HP6 5UH,44,9,35,0
HP6 5UL,28,9,19,26
HP6 6AA,22,10,12,9
HP6 6AD,27,15,12,12
HP6 6AF,24,15,9,7
HP6 6AG,10,6,4,5
HP6 6AH,31,15,16,13
HP6 6AJ,7,4,3,2
HP6 6AL,40,20,20,16
HP6 6AN,48,24,24,16
HP6 6AP,5,2,3,2
HP6 6AQ,39,21,18,13
HP6 6AR,93,49,44,31
HP6 6AS,50,20,30,17
HP6 6AT,74,35,39,32
HP6 6AU,42,23,19,16
HP6 6AW,9,3,6,3
HP6 6AZ,5,3,2,3
HP6 6BA,19,11,8,6
HP6 6BB,44,24,20,16
HP6 6BD,8,7,1,1
HP6 6BE,89,43,46,30
HP6 6BG,83,40,43,25
HP6 6BH,19,11,8,9
HP6 6BJ,52,22,30,21
HP6 6BL,75,31,44,26
HP6 6BN,6,2,4,5
HP6 6BP,49,20,29,19
HP6 6BQ,54,27,27,19
HP6 6BS,8,4,4,3
HP6 6BT,31,15,16,12
HP6 6BW,28,13,15,11
HP6 6BX,48,26,22,18
HP6 6BY,31,14,17,12
HP6 6BZ,45,18,27,14
HP6 6DB,10,5,5,3
HP6 6DE,45,24,21,15
HP6 6DF,22,10,12,8
HP6 6DG,33,18,15,10
HP6 6DH,5,1,4,2
HP6 6DJ,111,60,51,33
HP6 6DL,50,23,27,23
HP6 6DP,7,2,5,2
HP6 6DQ,3,2,1,1
HP6 6DR,90,46,44,32
HP6 6DS,58,33,25,24
HP6 6DT,51,23,28,21
HP6 6DW,37,22,15,9
HP6 6DZ,79,37,42,22
HP6 6EB,104,50,54,34
HP6 6ED,27,10,17,11
HP6 6EE,25,11,14,8
HP6 6EF,2,2,0,1
HP6 6EH,32,16,16,13
HP6 6EJ,106,37,69,33
HP6 6EL,19,9,10,9
HP6 6EN,53,27,26,21
HP6 6EP,93,51,42,40
HP6 6EQ,96,51,45,36
HP6 6ER,112,51,61,52
HP6 6ES,35,15,20,28
HP6 6ET,32,13,19,10
HP6 6EU,50,27,23,18
HP6 6EW,60,25,35,27
HP6 6EX,50,21,29,18
HP6 6EY,120,48,72,30
HP6 6FD,21,11,10,10
HP6 6FE,5,2,3,3
HP6 6HB,8,4,4,5
HP6 6HE,17,9,8,8
HP6 6HF,83,45,38,29
HP6 6HG,104,53,51,37
HP6 6HH,77,39,38,26
HP6 6HJ,28,16,12,11
HP6 6HL,62,34,28,28
HP6 6HP,77,33,44,27
HP6 6HQ,58,28,30,23
HP6 6HW,74,38,36,32
HP6 6HZ,19,11,8,6
HP6 6JA,22,11,11,12
HP6 6JB,30,12,18,14
HP6 6JD,11,8,3,7
HP6 6JE,69,25,44,26
HP6 6JF,77,38,39,30
HP6 6JG,28,12,16,9
HP6 6JN,6,3,3,4
HP6 6JP,42,26,16,15
HP6 6JQ,32,13,19,12
HP6 6LA,23,12,11,11
HP6 6LB,55,26,29,25
HP6 6LD,78,38,40,28
HP6 6LE,42,15,27,23
HP6 6LF,45,24,21,17
HP6 6LG,50,24,26,17
HP6 6LH,48,26,22,20
HP6 6LJ,51,27,24,18
HP6 6LL,37,22,15,14
HP6 6LN,9,4,5,7
HP6 6LP,21,7,14,8
HP6 6LQ,65,31,34,22
HP6 6LR,18,7,11,6
HP6 6LS,21,9,12,8
HP6 6LT,3,1,2,2
HP6 6LU,74,31,43,18
HP6 6LW,32,15,17,12
HP6 6LX,3,1,2,2
HP6 6LY,42,19,23,16
HP6 6LZ,97,43,54,32
HP6 6NA,45,21,24,21
HP6 6NB,18,7,11,10
HP6 6ND,44,18,26,20
HP6 6NE,53,26,27,21
HP6 6NG,144,57,87,64
HP6 6NH,44,19,25,16
HP6 6NJ,18,10,8,7
HP6 6NL,19,7,12,8
HP6 6NN,22,11,11,10
HP6 6NP,36,20,16,13
HP6 6NQ,162,72,90,63
HP6 6NR,49,25,24,17
HP6 6NS,9,6,3,5
HP6 6NT,29,14,15,11
HP6 6NU,25,13,12,9
HP6 6NW,50,23,27,19
HP6 6NX,1,1,0,1
HP6 6NY,28,14,14,10
HP6 6NZ,25,14,11,13
HP6 6PD,24,11,13,12
HP6 6PF,56,24,32,22
HP6 6PG,34,15,19,11
HP6 6PH,17,6,11,7
HP6 6PJ,21,9,12,10
HP6 6PL,50,26,24,17
HP6 6PN,44,19,25,15
HP6 6PP,86,42,44,30
HP6 6PQ,5,2,3,3
HP6 6PR,42,23,19,17
HP6 6PS,23,12,11,8
HP6 6PT,71,36,35,22
HP6 6PU,76,34,42,29
HP6 6PW,13,6,7,6
HP6 6PX,14,4,10,8
HP6 6PY,12,6,6,4
HP6 6PZ,58,33,25,25
HP6 6QA,35,15,20,19
HP6 6QB,45,22,23,19
HP6 6QD,76,34,42,29
HP6 6QE,8,3,5,3
HP6 6QF,81,34,47,37
HP6 6QG,70,35,35,26
HP6 6QH,37,17,20,18
HP6 6QJ,59,19,40,26
HP6 6QL,43,20,23,16
HP6 6QN,64,30,34,26
HP6 6QP,43,18,25,18
HP6 6QQ,71,38,33,33
HP6 6QR,33,12,21,20
HP6 6QS,69,30,39,28
HP6 6QT,43,22,21,16
HP6 6QU,43,22,21,17
HP6 6QW,40,18,22,16
HP6 6QX,48,19,29,18
HP6 6QY,7,2,5,2
HP6 6RD,33,15,18,17
HP6 6RE,37,11,26,23
HP6 6RF,17,7,10,8
HP6 6RG,32,16,16,14
HP6 6RH,30,11,19,10
HP6 6RJ,56,27,29,18
HP6 6RL,12,6,6,5
HP6 6RN,62,30,32,20
HP6 6RP,34,19,15,12
HP6 6RQ,53,26,27,24
HP6 6RR,59,28,31,25
HP6 6RS,30,13,17,12
HP6 6RU,121,57,64,51
HP6 6RW,43,19,24,17
HP6 6RX,91,40,51,40
HP6 6SE,36,17,19,15
HP6 6SF,33,18,15,14
HP6 6SG,48,23,25,14
HP6 6SH,78,43,35,26
HP6 6SJ,18,13,5,6
HP6 6SL,31,14,17,12
HP6 6SN,15,8,7,5
HP6 6SP,28,14,14,15
HP6 6SR,39,19,20,13
HP6 6SS,28,13,15,11
HP6 6ST,41,18,23,13
HP6 6SU,38,17,21,10
HP6 6SW,45,26,19,17
HP6 6SX,55,27,28,20
HP6 6SY,53,21,32,28
HP6 6TD,15,7,8,7
HP6 6UL,11,7,4,3
HP6 6UN,27,14,13,13
HP6 6UP,23,8,15,10
HP6 6UR,27,13,14,16
HP6 6UT,14,7,7,4
HP6 6UU,7,4,3,3
HP6 6UW,82,39,43,31
HP6 6UX,16,10,6,5
HP6 6UY,14,7,7,5
HP6 6XJ,22,9,13,11
HP6 6YH,13,8,5,5
HP7 0AA,14,4,10,13
HP7 0AB,34,18,16,11
HP7 0AD,3,2,1,2
HP7 0AE,19,12,7,11
HP7 0AF,16,11,5,10
HP7 0AH,63,35,28,19
HP7 0AJ,12,5,7,9
HP7 0AL,14,7,7,6
HP7 0AN,2,1,1,1
HP7 0AP,59,27,32,35
HP7 0AQ,2,1,1,1
HP7 0AR,113,63,50,64
HP7 0AS,29,14,15,12
HP7 0AT,42,23,19,13
HP7 0AU,8,6,2,4
HP7 0AW,23,11,12,7
HP7 0AX,18,11,7,8
HP7 0AY,22,10,12,7
HP7 0AZ,46,22,24,19
HP7 0BA,22,10,12,10
HP7 0BB,53,29,24,18
HP7 0BD,74,37,37,23
HP7 0BE,45,23,22,14
HP7 0BG,23,10,13,8
HP7 0BN,61,32,29,21
HP7 0BP,68,30,38,25
HP7 0BQ,23,12,11,8
HP7 0BS,15,9,6,5
HP7 0BT,22,10,12,6
HP7 0BU,15,6,9,4
HP7 0BZ,37,21,16,13
HP7 0DA,14,5,9,12
HP7 0DB,33,16,17,12
HP7 0DG,5,2,3,3
HP7 0DJ,53,31,22,25
HP7 0DP,29,16,13,15
HP7 0DQ,1,1,0,1
HP7 0DS,36,15,21,23
HP7 0DT,31,8,23,23
HP7 0DY,37,18,19,16
HP7 0EB,28,13,15,18
HP7 0ED,28,10,18,14
HP7 0EE,11,6,5,3
HP7 0EF,16,6,10,8
HP7 0EG,48,23,25,20
HP7 0EH,49,24,25,21
HP7 0EJ,13,6,7,4
HP7 0EL,37,17,20,11
HP7 0EN,15,8,7,9
HP7 0EP,22,8,14,12
HP7 0EQ,5,3,2,3
HP7 0ER,33,15,18,20
HP7 0EU,8,3,5,4
HP7 0EW,26,9,17,17
HP7 0EZ,15,13,2,2
HP7 0GL,73,41,32,25
HP7 0HF,9,3,6,3
HP7 0HJ,38,16,22,17
HP7 0HL,6,3,3,5
HP7 0HN,24,12,12,7
HP7 0HP,19,10,9,9
HP7 0HQ,30,18,12,12
HP7 0HT,37,16,21,14
HP7 0HU,53,24,29,27
HP7 0HW,10,5,5,4
HP7 0HX,20,7,13,10
HP7 0HY,31,13,18,23
HP7 0HZ,16,10,6,15
HP7 0JA,2,1,1,1
HP7 0JB,13,6,7,7
HP7 0JD,2,2,0,0
HP7 0JE,19,6,13,14
HP7 0JF,53,30,23,21
HP7 0JG,82,40,42,29
HP7 0JH,29,12,17,9
HP7 0JJ,94,51,43,35
HP7 0JL,74,36,38,25
HP7 0JN,6,3,3,3
HP7 0JP,8,3,5,5
HP7 0JQ,8,4,4,3
HP7 0JT,10,5,5,5
HP7 0JU,6,1,5,3
HP7 0JW,12,6,6,4
HP7 0JX,9,6,3,4
HP7 0JY,4,1,3,3
HP7 0JZ,12,5,7,3
HP7 0LA,30,6,24,1
HP7 0LB,43,20,23,22
HP7 0LE,14,5,9,9
HP7 0LF,78,40,38,31
HP7 0LG,34,15,19,13
HP7 0LH,14,8,6,8
HP7 0LJ,23,12,11,8
HP7 0LL,8,2,6,5
HP7 0LN,14,6,8,7
HP7 0LP,11,4,7,4
HP7 0LQ,38,16,22,17
HP7 0LR,29,16,13,13
HP7 0LS,23,12,11,8
HP7 0LT,10,4,6,4
HP7 0LU,31,16,15,15
HP7 0LW,40,22,18,21
HP7 0LX,33,18,15,12
HP7 0LY,9,5,4,5
HP7 0LZ,25,12,13,10
HP7 0NA,8,4,4,5
HP7 0ND,4,3,1,2
HP7 0NE,9,4,5,5
HP7 0NF,42,21,21,15
HP7 0NG,25,14,11,8
HP7 0NH,9,5,4,3
HP7 0NJ,5,2,3,3
HP7 0NL,7,2,5,4
HP7 0NN,9,5,4,5
HP7 0NP,22,13,9,9
HP7 0NQ,27,13,14,10
HP7 0NR,50,25,25,19
HP7 0NS,9,3,6,4
HP7 0NT,7,3,4,3
HP7 0NU,60,27,33,24
HP7 0NW,17,9,8,5
HP7 0NX,21,7,14,12
HP7 0NY,38,16,22,12
HP7 0PA,5,1,4,3
HP7 0PB,30,16,14,11
HP7 0PD,10,4,6,3
HP7 0PE,3,2,1,1
HP7 0PF,19,10,9,7
HP7 0PG,60,31,29,21
HP7 0PH,10,5,5,5
HP7 0PJ,3,1,2,3
HP7 0PL,13,7,6,7
HP7 0PN,46,25,21,23
HP7 0PP,9,6,3,4
HP7 0PQ,21,11,10,7
HP7 0PR,3,1,2,2
HP7 0PS,23,10,13,9
HP7 0PW,10,5,5,6
HP7 0PX,70,36,34,25
HP7 0PY,40,19,21,15
HP7 0QE,11,6,5,5
HP7 0QF,14,11,3,5
HP7 0QG,17,10,7,8
HP7 0QH,2,1,1,1
HP7 0QJ,32,16,16,13
HP7 0QL,6,3,3,2
HP7 0QN,49,24,25,22
HP7 0QP,20,8,12,6
HP7 0QQ,19,10,9,11
HP7 0QS,5,3,2,2
HP7 0QT,61,30,31,23
HP7 0QU,7,3,4,4
HP7 0QW,8,4,4,3
HP7 0QX,34,17,17,13
HP7 0QY,16,7,9,10
HP7 0QZ,16,9,7,8
HP7 0RA,21,12,9,8
HP7 0RB,52,22,30,25
HP7 0RD,36,19,17,16
HP7 0RF,20,7,13,7
HP7 0RG,12,6,6,6
HP7 0RH,7,3,4,3
HP7 0RJ,4,2,2,2
HP7 0RL,37,15,22,23
HP7 0RN,7,4,3,2
HP7 0RP,18,9,9,6
HP7 0RQ,23,11,12,10
HP7 0SJ,27,15,12,12
HP7 9AA,51,26,25,18
HP7 9AB,54,29,25,22
HP7 9AD,59,26,33,21
HP7 9AE,14,7,7,4
HP7 9AF,9,6,3,3
HP7 9AG,52,26,26,21
HP7 9AH,32,15,17,10
HP7 9AJ,36,17,19,15
HP7 9AN,19,12,7,11
HP7 9AP,10,4,6,4
HP7 9AQ,36,21,15,14
HP7 9AR,53,26,27,22
HP7 9AS,12,6,6,4
HP7 9AT,45,25,20,16
HP7 9AU,45,20,25,19
HP7 9AX,55,31,24,19
HP7 9AY,34,19,15,12
HP7 9AZ,36,17,19,10
HP7 9BA,47,21,26,16
HP7 9BB,70,32,38,29
HP7 9BD,72,37,35,22
HP7 9BE,29,17,12,8
HP7 9BG,46,26,20,19
HP7 9BJ,103,55,48,36
HP7 9BL,80,41,39,30
HP7 9BN,69,35,34,23
HP7 9BP,39,16,23,16
HP7 9BS,9,4,5,5
HP7 9BT,39,18,21,22
HP7 9BU,74,40,34,27
HP7 9BW,86,46,40,32
HP7 9BX,79,34,45,28
HP7 9BY,74,38,36,28
HP7 9DA,6,4,2,2
HP7 9DG,29,13,16,11
HP7 9DH,92,42,50,28
HP7 9DL,54,26,28,18
HP7 9DN,12,7,5,8
HP7 9DP,25,13,12,8
HP7 9DQ,63,28,35,22
HP7 9DS,8,4,4,4
HP7 9DT,51,29,22,20
HP7 9DU,36,15,21,29
HP7 9DW,76,33,43,28
HP7 9DX,71,30,41,28
HP7 9DZ,92,50,42,33
HP7 9EA,93,48,45,36
HP7 9EB,47,18,29,18
HP7 9ED,41,24,17,24
HP7 9EE,59,27,32,28
HP7 9EF,62,29,33,26
HP7 9EG,41,17,24,17
HP7 9EH,72,35,37,28
HP7 9EJ,63,30,33,24
HP7 9EL,80,38,42,36
HP7 9EN,110,55,55,46
HP7 9EP,43,25,18,22
HP7 9EQ,33,16,17,12
HP7 9ER,84,33,51,35
HP7 9ES,24,13,11,8
HP7 9ET,30,14,16,12
HP7 9EU,33,15,18,13
HP7 9EW,68,34,34,39
HP7 9EX,39,19,20,20
HP7 9EY,50,25,25,20
HP7 9EZ,91,40,51,40
HP7 9FD,15,8,7,8
HP7 9FE,12,6,6,8
HP7 9HA,19,10,9,8
HP7 9HD,69,29,40,33
HP7 9HE,39,19,20,13
HP7 9HF,56,30,26,21
HP7 9HG,4,2,2,2
HP7 9HH,67,36,31,22
HP7 9HJ,50,26,24,20
HP7 9HL,31,15,16,12
HP7 9HP,45,20,25,15
HP7 9HQ,39,17,22,17
HP7 9HR,29,14,15,9
HP7 9HS,17,9,8,7
HP7 9HT,12,6,6,4
HP7 9HW,42,22,20,16
HP7 9HX,19,9,10,7
HP7 9HY,40,19,21,12
HP7 9HZ,37,21,16,12
HP7 9JA,69,38,31,27
HP7 9JB,51,26,25,21
HP7 9JD,35,20,15,16
HP7 9JG,19,12,7,6
HP7 9JJ,26,14,12,9
HP7 9JL,40,19,21,17
HP7 9JN,116,54,62,40
HP7 9JP,53,22,31,19
HP7 9JR,41,12,29,22
HP7 9JS,38,15,23,12
HP7 9JU,37,17,20,11
HP7 9JW,4,3,1,1
HP7 9JY,26,11,15,9
HP7 9JZ,7,3,4,3
HP7 9LJ,20,10,10,7
HP7 9LR,12,7,5,7
HP7 9LS,20,9,11,13
HP7 9LU,4,3,1,1
HP7 9LW,32,16,16,11
HP7 9LZ,104,49,55,35
HP7 9NB,8,5,3,2
HP7 9ND,2,1,1,1
HP7 9NE,24,11,13,10
HP7 9NF,41,15,26,33
HP7 9NG,35,12,23,31
HP7 9NH,44,18,26,18
HP7 9NJ,35,16,19,18
HP7 9NL,22,13,9,8
HP7 9NN,11,6,5,4
HP7 9NP,71,37,34,28
HP7 9NQ,42,21,21,16
HP7 9NR,12,7,5,2
HP7 9NS,39,18,21,20
HP7 9NT,22,11,11,11
HP7 9NU,6,4,2,3
HP7 9NW,74,35,39,30
HP7 9NX,31,19,12,15
HP7 9NY,58,27,31,24
HP7 9NZ,26,12,14,8
HP7 9PD,42,20,22,23
HP7 9PE,8,3,5,3
HP7 9PF,22,7,15,7
HP7 9PG,41,21,20,24
HP7 9PH,35,20,15,13
HP7 9PN,5,3,2,2
HP7 9PR,7,3,4,2
HP7 9PS,22,8,14,8
HP7 9PU,66,34,32,20
HP7 9PX,66,32,34,24
HP7 9PY,8,4,4,5
HP7 9PZ,29,17,12,11
HP7 9QA,1,1,0,1
HP7 9QD,10,3,7,6
HP7 9QH,67,32,35,27
HP7 9QJ,11,6,5,5
HP7 9QL,39,18,21,12
HP7 9QN,14,5,9,6
HP7 9QP,1,0,1,1
HP7 9QQ,15,7,8,5
HP7 9QR,2,1,1,1
HP7 9QT,63,26,37,38
HP7 9QU,10,4,6,4
HP7 9QW,8,4,4,3
HP7 9RA,11,5,6,4
HP7 9RX,139,70,69,60
HP7 9RY,51,22,29,19
HP7 9RZ,148,67,81,58
HP7 9TA,40,19,21,17
HP7 9TB,18,9,9,8
HP7 9TD,8,3,5,5
HP7 9TH,9,5,4,2
HP8 4AA,32,17,15,14
HP8 4AB,32,14,18,9
HP8 4AE,9,5,4,2
HP8 4AF,50,23,27,18
HP8 4AG,32,15,17,11
HP8 4AH,1,1,0,1
HP8 4AJ,7,3,4,3
HP8 4AN,42,22,20,16
HP8 4AP,59,28,31,18
HP8 4AQ,63,32,31,23
HP8 4AR,48,27,21,14
HP8 4AS,6,3,3,4
HP8 4AW,56,26,30,20
HP8 4BA,89,44,45,32
HP8 4BB,74,36,38,24
HP8 4BD,17,7,10,6
HP8 4BE,27,14,13,12
HP8 4BG,56,30,26,20
HP8 4BH,52,27,25,24
HP8 4BJ,34,18,16,13
HP8 4BL,46,26,20,13
HP8 4BN,35,15,20,12
HP8 4BP,42,18,24,15
HP8 4BQ,8,3,5,3
HP8 4BS,20,10,10,8
HP8 4BT,3,1,2,1
HP8 4BW,28,12,16,13
HP8 4BX,75,37,38,29
HP8 4BY,9,4,5,8
HP8 4DA,71,27,44,27
HP8 4DB,38,24,14,17
HP8 4DD,72,33,39,28
HP8 4DE,33,9,24,17
HP8 4DF,71,38,33,29
HP8 4DG,43,23,20,15
HP8 4DH,54,26,28,20
HP8 4DJ,48,24,24,20
HP8 4DL,31,13,18,18
HP8 4DN,50,25,25,23
HP8 4DP,30,15,15,13
HP8 4DQ,26,14,12,13
HP8 4DR,72,37,35,28
HP8 4DS,69,32,37,32
HP8 4DT,19,10,9,8
HP8 4DU,17,8,9,8
HP8 4DW,30,14,16,15
HP8 4DX,64,30,34,27
HP8 4DY,35,11,24,10
HP8 4DZ,47,24,23,18
HP8 4EA,21,8,13,15
HP8 4ED,25,14,11,15
HP8 4EE,6,2,4,3
HP8 4EF,7,4,3,3
HP8 4EG,15,8,7,3
HP8 4EH,51,26,25,19
HP8 4EJ,71,34,37,23
HP8 4EL,64,31,33,23
HP8 4EN,2,1,1,2
HP8 4EP,17,12,5,8
HP8 4EQ,9,5,4,3
HP8 4ER,55,27,28,23
HP8 4ES,66,32,34,24
HP8 4ET,53,27,26,20
HP8 4EU,60,32,28,24
HP8 4EW,90,36,54,37
HP8 4EX,52,27,25,19
HP8 4EY,94,48,46,35
HP8 4HA,16,9,7,6
HP8 4HG,78,37,41,28
HP8 4HH,9,5,4,4
HP8 4HJ,18,9,9,6
HP8 4HL,33,17,16,13
HP8 4HN,70,32,38,25
HP8 4HP,61,32,29,19
HP8 4HQ,68,37,31,25
HP8 4HR,35,21,14,10
HP8 4HS,68,33,35,25
HP8 4HT,41,22,19,16
HP8 4HU,17,8,9,9
HP8 4HW,50,18,32,30
HP8 4HX,32,19,13,12
HP8 4HY,40,16,24,15
HP8 4HZ,36,16,20,17
HP8 4JA,30,14,16,9
HP8 4JB,54,29,25,20
HP8 4JD,56,31,25,20
HP8 4JH,36,15,21,17
HP8 4JJ,7,3,4,3
HP8 4JL,31,16,15,10
HP8 4JN,31,13,18,16
HP8 4JR,34,18,16,13
HP8 4JS,18,9,9,6
HP8 4JT,33,18,15,14
HP8 4JW,67,31,36,26
HP8 4JX,49,21,28,17
HP8 4JY,3,1,2,2
HP8 4JZ,54,28,26,21
HP8 4LA,18,8,10,6
HP8 4LB,41,18,23,16
HP8 4LD,28,15,13,11
HP8 4LE,68,35,33,29
HP8 4LF,23,9,14,9
HP8 4LG,59,28,31,27
HP8 4LH,17,6,11,8
HP8 4LJ,37,16,21,16
HP8 4LL,9,3,6,2
HP8 4LN,11,4,7,6
HP8 4LP,13,7,6,3
HP8 4LQ,26,11,15,11
HP8 4LR,7,2,5,5
HP8 4LS,19,7,12,11
HP8 4LW,80,38,42,29
HP8 4NB,8,4,4,2
HP8 4ND,36,18,18,12
HP8 4NE,34,18,16,14
HP8 4NF,2,1,1,1
HP8 4NG,12,3,9,8
HP8 4NH,13,5,8,6
HP8 4NJ,20,9,11,7
HP8 4NN,48,22,26,23
HP8 4NP,8,6,2,3
HP8 4NQ,25,14,11,8
HP8 4NR,43,21,22,16
HP8 4NS,43,25,18,14
HP8 4NT,38,20,18,13
HP8 4NX,49,24,25,17
HP8 4NY,24,12,12,8
HP8 4NZ,60,28,32,22
HP8 4PB,75,34,41,26
HP8 4PD,20,10,10,6
HP8 4PE,7,3,4,2
HP8 4PF,42,18,24,16
HP8 4PG,29,13,16,10
HP8 4PH,69,32,37,30
HP8 4PP,16,12,4,6
HP8 4PR,19,8,11,12
HP8 4PS,15,8,7,7
HP8 4PT,3,0,3,3
HP8 4PU,42,15,27,21
HP8 4PW,12,6,6,9
HP8 4PX,9,1,8,8
HP8 4PY,11,6,5,5
HP8 4PZ,8,3,5,5
HP8 4QA,26,13,13,12
HP8 4QF,17,6,11,8
HP8 4QH,19,14,5,10
HP8 4QJ,9,3,6,5
HP8 4QL,6,3,3,2
HP8 4QN,47,21,26,18
HP8 4QQ,1,1,0,1
HP8 4QR,17,9,8,7
HP8 4QS,109,52,57,38
HP8 4QT,6,4,2,3
HP8 4QU,46,19,27,16
HP8 4QW,8,1,7,7
HP8 4QX,30,12,18,13
HP8 4QY,13,5,8,9
HP8 4QZ,2,0,2,1
HP8 4RA,63,30,33,32
HP8 4RB,26,12,14,13
HP8 4RD,64,36,28,27
HP8 4RE,5,4,1,1
HP8 4RF,15,7,8,6
HP8 4RG,2,0,2,2
HP8 4RP,9,4,5,5
HP8 4RQ,23,10,13,10
HP8 4RS,36,19,17,10
HP8 4RT,10,5,5,4
HP8 4RX,11,5,6,6
HP8 4RY,23,13,10,11
HP8 4RZ,5,3,2,3
HP8 4SA,4,3,1,2
HP8 4SB,74,33,41,26
HP8 4SD,21,11,10,5
HP8 4SF,49,22,27,17
HP8 4SG,20,7,13,7
HP8 4SH,57,27,30,18
HP8 4SJ,43,22,21,16
HP8 4SL,33,17,16,12
HP8 4SN,57,30,27,18
HP8 4SQ,9,4,5,4
HP8 4SR,41,22,19,17
HP8 4SS,25,15,10,8
HP8 4SU,45,21,24,21
HP8 4TA,56,28,28,19
HP8 4TG,11,7,4,4
HP8 4TH,45,24,21,16
HP8 4TJ,74,35,39,24
HP8 4TL,38,18,20,15
HP8 4TN,7,4,3,4
HP8 4TQ,13,8,5,5
HP8 4TU,10,5,5,5
HP8 4TX,47,25,22,19
HP8 4TY,68,33,35,25
HP8 4TZ,24,10,14,10
HP8 4UA,50,26,24,17
HP8 4UB,32,16,16,8
HP8 4UD,25,13,12,10
HP8 4UJ,38,21,17,13
HP8 4UT,30,15,15,13
HP9 1AA,8,4,4,3
HP9 1AB,136,38,98,32
HP9 1AD,44,13,31,37
HP9 1AE,74,39,35,25
HP9 1AF,90,50,40,33
HP9 1AG,17,7,10,15
HP9 1AH,41,21,20,16
HP9 1AJ,85,42,43,29
HP9 1AL,36,20,16,14
HP9 1AN,71,31,40,26
HP9 1AP,131,67,64,45
HP9 1AQ,24,13,11,14
HP9 1AR,103,53,50,36
HP9 1AS,7,3,4,2
HP9 1AT,32,16,16,16
HP9 1AU,39,22,17,26
HP9 1AW,93,40,53,48
HP9 1AZ,35,14,21,20
HP9 1BA,29,11,18,11
HP9 1BB,29,14,15,13
HP9 1BD,113,50,63,42
HP9 1BE,90,42,48,42
HP9 1BF,17,8,9,10
HP9 1BG,63,31,32,23
HP9 1BH,63,32,31,30
HP9 1BJ,123,64,59,38
HP9 1BL,11,6,5,4
HP9 1BN,58,30,28,27
HP9 1BP,74,37,37,29
HP9 1BQ,50,29,21,20
HP9 1BS,12,6,6,5
HP9 1BT,4,1,3,2
HP9 1BU,19,7,12,8
HP9 1BW,80,42,38,28
HP9 1BY,14,7,7,5
HP9 1DB,4,3,1,4
HP9 1DD,73,30,43,33
HP9 1DE,18,8,10,10
HP9 1DF,22,9,13,12
HP9 1DG,115,59,56,40
HP9 1DH,22,11,11,11
HP9 1DJ,87,41,46,36
HP9 1DL,12,7,5,5
HP9 1DP,46,24,22,17
HP9 1DQ,37,17,20,14
HP9 1DR,100,50,50,37
HP9 1DS,73,37,36,30
HP9 1DT,80,48,32,29
HP9 1DU,50,22,28,25
HP9 1DW,28,12,16,9
HP9 1DX,74,40,34,30
HP9 1DY,65,26,39,29
HP9 1EA,31,20,11,12
HP9 1ED,14,8,6,12
HP9 1EE,26,14,12,8
HP9 1EF,32,19,13,11
HP9 1EG,34,16,18,11
HP9 1EH,34,18,16,11
HP9 1EJ,25,11,14,10
HP9 1EL,44,17,27,12
HP9 1EN,51,28,23,15
HP9 1EP,15,10,5,4
HP9 1EQ,42,21,21,13
HP9 1ER,16,7,9,9
HP9 1ES,30,16,14,10
HP9 1ET,65,33,32,19
HP9 1EU,34,18,16,11
HP9 1EW,56,25,31,15
HP9 1EX,46,25,21,15
HP9 1EY,20,11,9,5
HP9 1EZ,14,8,6,13
HP9 1FW,13,4,9,8
HP9 1FY,17,9,8,9
HP9 1FZ,14,7,7,9
HP9 1GA,41,18,23,21
HP9 1GE,18,9,9,11
HP9 1GF,3,3,0,2
HP9 1GG,2,1,1,1
HP9 1GN,30,12,18,14
HP9 1GW,18,9,9,9
HP9 1GY,26,10,16,11
HP9 1HE,7,3,4,4
HP9 1HG,42,22,20,26
HP9 1HH,38,19,19,16
HP9 1HJ,34,15,19,13
HP9 1HL,74,41,33,25
HP9 1HN,27,16,11,7
HP9 1HP,62,27,35,20
HP9 1HQ,58,33,25,16
HP9 1HR,62,28,34,20
HP9 1HS,32,15,17,14
HP9 1HT,34,19,15,13
HP9 1HU,16,10,6,3
HP9 1HW,41,22,19,10
HP9 1HZ,32,14,18,13
HP9 1JA,21,10,11,6
HP9 1JB,19,6,13,14
HP9 1JG,49,25,24,15
HP9 1JH,51,24,27,22
HP9 1JJ,54,24,30,20
HP9 1JL,55,28,27,18
HP9 1JN,9,5,4,5
HP9 1JP,41,18,23,14
HP9 1JQ,16,6,10,5
HP9 1JR,57,31,26,18
HP9 1JS,20,9,11,6
HP9 1JT,56,28,28,20
HP9 1JU,59,34,25,22
HP9 1JW,36,19,17,15
HP9 1JX,32,18,14,12
HP9 1JY,40,19,21,14
HP9 1JZ,34,17,17,11
HP9 1LA,10,3,7,8
HP9 1LF,59,27,32,35
HP9 1LG,33,16,17,18
HP9 1LJ,63,32,31,31
HP9 1LL,43,23,20,20
HP9 1LN,36,16,20,16
HP9 1LS,18,7,11,13
HP9 1LT,11,5,6,6
HP9 1LU,41,20,21,22
HP9 1LW,16,9,7,9
HP9 1LX,14,5,9,5
HP9 1LY,17,7,10,7
HP9 1LZ,34,17,17,19
HP9 1NA,7,3,4,4
HP9 1NB,31,14,17,9
HP9 1ND,1,0,1,1
HP9 1NL,2,2,0,2
HP9 1NN,5,3,2,1
HP9 1NZ,6,5,1,3
HP9 1PB,46,21,25,18
HP9 1PD,21,10,11,7
HP9 1PE,32,16,16,13
HP9 1PF,41,19,22,13
HP9 1PG,19,10,9,8
HP9 1PH,17,8,9,6
HP9 1PJ,42,21,21,15
HP9 1PL,37,21,16,13
HP9 1PN,33,16,17,10
HP9 1PP,4,2,2,2
HP9 1PQ,42,22,20,14
HP9 1PR,22,12,10,8
HP9 1PT,13,4,9,10
HP9 1PU,12,6,6,7
HP9 1PW,45,27,18,12
HP9 1PX,20,9,11,6
HP9 1QB,18,9,9,9
HP9 1QE,20,8,12,10
HP9 1QF,55,31,24,36
HP9 1QG,5,2,3,3
HP9 1QQ,15,9,6,6
HP9 1QS,5,2,3,2
HP9 1QT,12,8,4,5
HP9 1QW,19,8,11,11
HP9 1QX,35,19,16,16
HP9 1QY,55,25,30,23
HP9 1QZ,109,54,55,39
HP9 1RB,55,22,33,21
HP9 1RD,77,34,43,26
HP9 1RE,50,21,29,20
HP9 1RF,37,18,19,13
HP9 1RG,53,23,30,20
HP9 1RH,26,6,20,21
HP9 1RP,115,54,61,35
HP9 1RS,26,13,13,9
HP9 1RU,23,10,13,7
HP9 1RW,39,23,16,10
HP9 1RX,15,5,10,6
HP9 1RY,91,34,57,27
HP9 1RZ,57,31,26,16
HP9 1SA,123,54,69,45
HP9 1SB,70,35,35,21
HP9 1SD,36,17,19,15
HP9 1SE,22,10,12,8
HP9 1SF,59,28,31,16
HP9 1SG,51,26,25,21
HP9 1SQ,71,32,39,27
HP9 1SR,46,24,22,20
HP9 1SS,13,4,9,4
HP9 1ST,9,3,6,6
HP9 1SU,33,15,18,18
HP9 1SW,26,12,14,9
HP9 1SX,29,16,13,11
HP9 1SY,7,3,4,4
HP9 1SZ,44,19,25,23
HP9 1TA,28,12,16,10
HP9 1TB,70,34,36,30
HP9 1TD,13,6,7,7
HP9 1TE,12,5,7,5
HP9 1TF,44,18,26,17
HP9 1TG,19,10,9,9
HP9 1TH,22,7,15,11
HP9 1TL,21,9,12,11
HP9 1TN,22,7,15,16
HP9 1TP,59,24,35,22
HP9 1TQ,14,6,8,6
HP9 1TR,121,62,59,38
HP9 1TS,40,21,19,16
HP9 1TT,36,18,18,11
HP9 1TU,97,45,52,30
HP9 1TW,8,3,5,5
HP9 1TX,24,11,13,7
HP9 1TY,4,2,2,2
HP9 1TZ,29,15,14,16
HP9 1UD,5,4,1,4
HP9 1UE,49,23,26,18
HP9 1UF,25,11,14,8
HP9 1UG,19,12,7,10
HP9 1UH,31,6,25,27
HP9 1UN,9,3,6,5
HP9 1UP,39,19,20,14
HP9 1UQ,120,57,63,38
HP9 1UR,39,20,19,14
HP9 1UT,26,13,13,9
HP9 1XA,6,2,4,3
HP9 1XB,10,3,7,5
HP9 1XE,30,13,17,12
HP9 1XF,8,4,4,3
HP9 1XL,71,34,37,31
HP9 1XN,15,9,6,6
HP9 1XP,52,27,25,19
HP9 1XR,54,26,28,29
HP9 1XS,61,29,32,22
HP9 1XT,42,22,20,14
HP9 1XU,31,15,16,17
HP9 1XW,14,9,5,6
HP9 1XX,24,13,11,9
HP9 1XY,68,28,40,24
HP9 1XZ,39,19,20,13
HP9 1YB,18,8,10,5
HP9 1YL,28,19,9,8
HP9 1YT,11,5,6,5
HP9 2AA,42,17,25,19
HP9 2AB,23,12,11,8
HP9 2AD,16,9,7,6
HP9 2AE,24,13,11,8
HP9 2AF,24,14,10,7
HP9 2AG,23,13,10,7
HP9 2AH,47,21,26,18
HP9 2AJ,25,10,15,10
HP9 2AL,18,8,10,6
HP9 2AN,22,11,11,8
HP9 2AP,18,9,9,6
HP9 2AQ,13,8,5,6
HP9 2AR,23,10,13,8
HP9 2AS,30,11,19,14
HP9 2AT,29,13,16,8
HP9 2AU,19,9,10,7
HP9 2AW,8,3,5,4
HP9 2AX,22,7,15,8
HP9 2AY,13,5,8,4
HP9 2AZ,24,13,11,10
HP9 2BA,35,16,19,14
HP9 2BB,47,25,22,19
HP9 2BD,74,38,36,23
HP9 2BE,30,12,18,11
HP9 2BG,59,27,32,22
HP9 2BN,11,5,6,5
HP9 2BP,44,17,27,16
HP9 2BQ,15,8,7,6
HP9 2BS,67,34,33,20
HP9 2BT,23,11,12,6
HP9 2BU,48,21,27,14
HP9 2BW,1,1,0,1
HP9 2BX,62,33,29,22
HP9 2BY,14,8,6,6
HP9 2BZ,46,26,20,17
HP9 2DA,14,8,6,7
HP9 2DB,47,20,27,20
HP9 2DD,45,18,27,13
HP9 2DE,15,7,8,5
HP9 2DF,9,5,4,5
HP9 2DG,39,21,18,12
HP9 2DJ,44,24,20,16
HP9 2DN,16,10,6,7
HP9 2DQ,101,48,53,29
HP9 2DR,9,3,6,5
HP9 2DS,1,0,1,1
HP9 2DT,32,13,19,11
HP9 2DU,46,23,23,24
HP9 2DW,16,6,10,5
HP9 2DX,32,16,16,23
HP9 2DY,37,22,15,25
HP9 2DZ,54,22,32,26
HP9 2EA,56,22,34,32
HP9 2EB,1,0,1,1
HP9 2EE,6,4,2,2
HP9 2EH,65,35,30,21
HP9 2EJ,12,6,6,9
HP9 2EL,2,0,2,1
HP9 2EN,31,15,16,20
HP9 2EP,42,19,23,15
HP9 2ER,73,42,31,26
HP9 2ES,3,1,2,2
HP9 2ET,35,18,17,13
HP9 2FE,24,12,12,12
HP9 2FJ,6,3,3,3
HP9 2FL,11,4,7,8
HP9 2GE,55,28,27,18
HP9 2GN,4,2,2,2
HP9 2HA,60,31,29,19
HP9 2HB,13,7,6,5
HP9 2HD,54,25,29,20
HP9 2HE,64,34,30,20
HP9 2HN,6,3,3,4
HP9 2HR,28,13,15,10
HP9 2HS,8,5,3,6
HP9 2HT,10,5,5,4
HP9 2HW,18,10,8,8
HP9 2HX,47,20,27,30
HP9 2HZ,3,2,1,1
HP9 2JA,42,16,26,17
HP9 2JB,19,11,8,6
HP9 2JD,31,14,17,15
HP9 2JH,23,11,12,12
HP9 2JJ,24,14,10,10
HP9 2JN,29,17,12,14
HP9 2JP,29,17,12,16
HP9 2JR,2,1,1,1
HP9 2JS,74,33,41,33
HP9 2JT,4,3,1,2
HP9 2JU,31,13,18,12
HP9 2JW,59,18,41,11
HP9 2JY,5,1,4,3
HP9 2JZ,98,56,42,31
HP9 2LA,41,23,18,16
HP9 2LB,56,24,32,25
HP9 2LD,101,57,44,35
HP9 2LE,51,22,29,19
HP9 2LF,31,10,21,16
HP9 2LG,20,8,12,13
HP9 2LJ,24,11,13,7
HP9 2LL,2,1,1,1
HP9 2LN,26,11,15,7
HP9 2LS,39,21,18,20
HP9 2LT,8,4,4,4
HP9 2LW,41,19,22,16
HP9 2LX,23,12,11,9
HP9 2LZ,40,19,21,27
HP9 2NB,58,25,33,16
HP9 2NE,82,39,43,29
HP9 2NF,65,32,33,22
HP9 2NG,45,21,24,17
HP9 2NJ,60,30,30,23
HP9 2NL,13,6,7,3
HP9 2NN,65,30,35,19
HP9 2NP,63,31,32,24
HP9 2NQ,59,30,29,21
HP9 2NR,32,16,16,14
HP9 2NS,45,21,24,17
HP9 2NT,43,19,24,18
HP9 2NU,78,41,37,26
HP9 2NW,41,21,20,16
HP9 2PB,6,2,4,3
HP9 2PD,6,6,0,3
HP9 2PE,30,12,18,20
HP9 2PJ,6,6,0,2
HP9 2PL,45,17,28,25
HP9 2PN,23,13,10,9
HP9 2PY,12,5,7,8
HP9 2PZ,71,36,35,26
HP9 2QA,17,10,7,11
HP9 2QB,60,24,36,29
HP9 2QE,28,11,17,12
HP9 2QF,6,3,3,2
HP9 2QG,11,7,4,3
HP9 2QH,90,48,42,35
HP9 2QJ,53,28,25,18
HP9 2QL,78,37,41,25
HP9 2QP,111,64,47,37
HP9 2QQ,7,4,3,2
HP9 2QT,25,12,13,8
HP9 2QU,36,16,20,15
HP9 2QX,60,33,27,21
HP9 2QZ,87,45,42,29
HP9 2RA,10,6,4,5
HP9 2RB,13,5,8,5
HP9 2RD,6,4,2,4
HP9 2RE,6,4,2,2
HP9 2RF,25,11,14,7
HP9 2RG,17,9,8,7
HP9 2RH,8,3,5,4
HP9 2RJ,41,23,18,16
HP9 2RL,23,10,13,8
HP9 2RN,15,8,7,4
HP9 2RP,133,103,30,0
HP9 2RQ,33,15,18,15
HP9 2RR,21,7,14,14
HP9 2RT,12,6,6,4
HP9 2RU,1,1,0,1
HP9 2RW,65,30,35,22
HP9 2RX,19,9,10,8
HP9 2SA,2,1,1,1
HP9 2SB,17,8,9,5
HP9 2SD,22,8,14,4
HP9 2SE,3,2,1,2
HP9 2SF,9,4,5,4
HP9 2SG,23,9,14,11
HP9 2SH,13,4,9,5
HP9 2SJ,11,6,5,4
HP9 2SL,11,5,6,4
HP9 2SN,4,1,3,1
HP9 2SP,50,26,24,25
HP9 2SR,13,6,7,6
HP9 2SS,41,19,22,17
HP9 2ST,48,20,28,21
HP9 2SU,30,16,14,9
HP9 2SW,61,28,33,23
HP9 2SX,3,1,2,1
HP9 2SY,30,16,14,15
HP9 2SZ,15,8,7,6
HP9 2TA,69,37,32,27
HP9 2TB,7,5,2,2
HP9 2TD,4,2,2,4
HP9 2TE,60,30,30,20
HP9 2TF,20,12,8,16
HP9 2TG,29,13,16,13
HP9 2TH,14,6,8,6
HP9 2TJ,11,6,5,5
HP9 2TL,55,28,27,20
HP9 2TN,30,14,16,11
HP9 2TP,18,9,9,7
HP9 2TR,7,4,3,2
HP9 2TS,36,17,19,20
HP9 2TT,56,29,27,22
HP9 2TU,73,30,43,28
HP9 2TW,24,16,8,8
HP9 2TX,9,4,5,5
HP9 2TY,5,3,2,2
HP9 2UA,17,9,8,6
HP9 2UB,30,15,15,10
HP9 2UD,12,5,7,6
HP9 2UE,9,5,4,5
HP9 2UG,26,15,11,8
HP9 2UH,93,43,50,36
HP9 2UJ,20,10,10,7
HP9 2UL,74,36,38,25
HP9 2UN,6,3,3,2
HP9 2UP,14,9,5,4
HP9 2UQ,9,4,5,3
HP9 2UT,13,6,7,6
HP9 2UU,29,12,17,15
HP9 2UW,20,11,9,5
HP9 2UX,5,3,2,2
HP9 2UY,18,6,12,8
HP9 2UZ,6,3,3,6
HP9 2WH,14,6,8,4
HP9 2WS,38,16,22,12
HP9 2XA,7,3,4,4
HP9 2XE,27,19,8,0
HP9 2XF,43,22,21,18
HP9 2XG,51,27,24,21
HP9 2XH,28,10,18,10
HP9 2XJ,117,59,58,48
HP9 2XL,57,29,28,20
HP9 2XN,57,27,30,21
HP9 2XP,83,35,48,34
HP9 2XQ,24,14,10,9
HP9 2XR,40,18,22,17
HP9 2XS,43,18,25,14
HP9 2XT,60,27,33,24
HP9 2XU,101,51,50,32
HP9 2XW,64,30,34,22
HP9 2XY,11,7,4,4
HP9 2XZ,18,6,12,7
HP9 2YA,4,3,1,2
HP9 2YB,16,5,11,10
HP9 2YD,13,7,6,7
HP9 2YE,15,7,8,5
HP9 2YG,52,25,27,22
HP9 2YH,56,26,30,23
HP9 2YJ,32,13,19,17
HP9 2YL,14,5,9,8
HP9 2YN,63,30,33,21
HP9 2YP,17,7,10,11
HP9 2YQ,8,4,4,3
HP9 2YR,27,15,12,9
HP9 2YS,14,9,5,5
HP9 2YT,58,26,32,21
HP9 2YU,24,13,11,8
HP9 2YW,71,34,37,26
HP9 2YX,20,8,12,14
HP9 2YY,39,17,22,21
HP9 2YZ,71,33,38,28
HR1 1AD,201,110,91,84
HR1 1AH,87,48,39,37
HR1 1AJ,23,9,14,10
HR1 1AL,57,26,31,21
HR1 1AN,71,34,37,30
HR1 1AP,42,21,21,16
HR1 1AR,29,14,15,14
HR1 1AS,15,7,8,6
HR1 1AT,82,42,40,32
HR1 1AU,20,8,12,8
HR1 1AW,46,23,23,28
HR1 1AX,62,27,35,29
HR1 1AY,35,17,18,15
HR1 1AZ,103,40,63,42
HR1 1BE,39,18,21,18
HR1 1BG,73,40,33,31
HR1 1BH,69,28,41,27
HR1 1BJ,23,10,13,11
HR1 1BL,76,37,39,29
HR1 1BN,46,21,25,22
HR1 1BP,53,21,32,22
HR1 1BQ,19,10,9,9
HR1 1BT,74,36,38,27
HR1 1BU,40,21,19,18
HR1 1BW,104,49,55,41
HR1 1BX,48,21,27,15
HR1 1BY,112,61,51,44
HR1 1BZ,62,26,36,23
HR1 1DA,16,8,8,10
HR1 1DB,117,56,61,48
HR1 1DD,25,10,15,12
HR1 1DE,42,23,19,20
HR1 1DG,7,4,3,5
HR1 1DH,21,11,10,8
HR1 1DJ,28,14,14,14
HR1 1DL,11,6,5,4
HR1 1DP,8,4,4,4
HR1 1DQ,39,20,19,17
HR1 1DS,85,38,47,44
HR1 1DT,108,38,70,22
HR1 1DU,22,10,12,17
HR1 1DX,20,8,12,15
HR1 1DZ,16,5,11,8
HR1 1EA,36,19,17,13
HR1 1EB,125,86,39,0
HR1 1ED,58,29,29,20
HR1 1EE,85,43,42,31
HR1 1EF,98,50,48,39
HR1 1EG,56,30,26,19
HR1 1EH,73,36,37,27
HR1 1EJ,127,65,62,50
HR1 1EL,37,17,20,15
HR1 1EP,9,5,4,8
HR1 1EQ,81,38,43,32
HR1 1ER,26,15,11,24
HR1 1ES,38,19,19,20
HR1 1ET,26,12,14,14
HR1 1EU,81,47,34,27
HR1 1EW,98,46,52,38
HR1 1EX,38,22,16,23
HR1 1EY,15,5,10,10
HR1 1EZ,163,78,85,74
HR1 1GA,9,4,5,5
HR1 1GW,17,5,12,13
HR1 1GX,6,4,2,3
HR1 1GY,81,45,36,38
HR1 1GZ,11,6,5,4
HR1 1HA,67,32,35,41
HR1 1HB,131,63,68,62
HR1 1HD,127,52,75,46
HR1 1HE,173,74,99,59
HR1 1HF,197,105,92,69
HR1 1HG,75,40,35,31
HR1 1HH,181,104,77,65
HR1 1HJ,128,69,59,51
HR1 1HL,154,67,87,58
HR1 1HN,39,16,23,17
HR1 1HP,26,11,15,12
HR1 1HQ,127,57,70,59
HR1 1HR,62,35,27,26
HR1 1HS,58,32,26,30
HR1 1HT,26,13,13,10
HR1 1HW,35,16,19,17
HR1 1HX,30,14,16,15
HR1 1HY,3,2,1,2
HR1 1HZ,11,5,6,4
HR1 1JB,7,2,5,2
HR1 1JD,24,12,12,10
HR1 1JE,68,35,33,29
HR1 1JF,42,18,24,22
HR1 1JG,35,17,18,16
HR1 1JH,30,14,16,16
HR1 1JJ,108,62,46,43
HR1 1JL,25,12,13,9
HR1 1JN,8,5,3,3
HR1 1JP,12,6,6,5
HR1 1JR,1,1,0,1
HR1 1JS,9,5,4,2
HR1 1JU,2,1,1,1
HR1 1JW,15,8,7,4
HR1 1JX,11,7,4,4
HR1 1JY,13,8,5,4
HR1 1JZ,38,21,17,11
HR1 1LA,2,1,1,1
HR1 1LB,50,21,29,22
HR1 1LD,14,8,6,4
HR1 1LE,26,19,7,9
HR1 1LF,109,49,60,48
HR1 1LG,13,6,7,7
HR1 1LH,114,45,69,35
HR1 1LJ,59,19,40,14
HR1 1LL,33,14,19,14
HR1 1LP,68,33,35,28
HR1 1LR,8,4,4,3
HR1 1LX,74,43,31,30
HR1 1LY,81,39,42,28
HR1 1LZ,5,2,3,1
HR1 1NA,56,31,25,30
HR1 1NB,53,24,29,25
HR1 1ND,48,23,25,20
HR1 1NE,18,5,13,9
HR1 1NF,31,17,14,11
HR1 1NG,26,11,15,12
HR1 1NH,23,10,13,9
HR1 1NJ,22,11,11,9
HR1 1NL,42,22,20,13
HR1 1NN,84,42,42,27
HR1 1NP,76,39,37,30
HR1 1NQ,88,38,50,39
HR1 1NR,56,26,30,22
HR1 1NS,46,21,25,19
HR1 1NT,36,15,21,16
HR1 1NW,11,6,5,4
HR1 1NX,33,15,18,16
HR1 1NY,23,11,12,8
HR1 1NZ,36,17,19,17
HR1 1PA,38,20,18,11
HR1 1PB,28,12,16,11
HR1 1PD,45,22,23,20
HR1 1PE,124,58,66,47
HR1 1PF,171,88,83,60
HR1 1PG,99,41,58,44
HR1 1PH,53,18,35,16
HR1 1PJ,42,16,26,16
HR1 1PL,36,18,18,14
HR1 1PN,32,14,18,13
HR1 1PP,145,75,70,51
HR1 1PQ,37,17,20,14
HR1 1PR,112,56,56,44
HR1 1PS,62,36,26,25
HR1 1PT,61,30,31,16
HR1 1PU,40,20,20,19
HR1 1PW,54,26,28,24
HR1 1PX,100,44,56,45
HR1 1PY,47,21,26,14
HR1 1PZ,53,26,27,17
HR1 1QA,13,6,7,6
HR1 1QB,26,15,11,10
HR1 1QD,91,42,49,37
HR1 1QE,37,17,20,14
HR1 1QF,40,19,21,15
HR1 1QG,31,16,15,12
HR1 1QH,39,19,20,18
HR1 1QJ,41,18,23,17
HR1 1QL,22,10,12,8
HR1 1QN,84,37,47,31
HR1 1QP,85,38,47,33
HR1 1QQ,11,6,5,5
HR1 1QR,30,15,15,10
HR1 1QS,43,21,22,18
HR1 1QT,60,27,33,20
HR1 1QU,16,7,9,8
HR1 1QW,89,40,49,33
HR1 1QX,25,15,10,9
HR1 1QY,54,26,28,20
HR1 1QZ,28,13,15,10
HR1 1RA,50,26,24,20
HR1 1RB,73,38,35,27
HR1 1RF,16,9,7,0
HR1 1RG,23,10,13,9
HR1 1RH,27,13,14,13
HR1 1RJ,22,11,11,11
HR1 1RL,13,4,9,6
HR1 1RN,18,8,10,7
HR1 1RP,35,16,19,15
HR1 1RQ,56,31,25,28
HR1 1RR,70,31,39,27
HR1 1RS,86,43,43,34
HR1 1RT,44,22,22,13
HR1 1RU,30,18,12,10
HR1 1RW,11,5,6,3
HR1 1RX,41,16,25,19
HR1 1RZ,12,4,8,9
HR1 1SA,84,38,46,37
HR1 1SB,19,9,10,8
HR1 1SD,62,26,36,23
HR1 1SG,100,45,55,38
HR1 1SJ,107,51,56,41
HR1 1SL,42,20,22,16
HR1 1SN,26,15,11,10
HR1 1SP,26,11,15,11
HR1 1SQ,53,28,25,17
HR1 1SR,72,30,42,29
HR1 1SS,133,67,66,51
HR1 1ST,56,29,27,22
HR1 1SU,71,32,39,32
HR1 1SW,39,19,20,15
HR1 1SX,46,19,27,19
HR1 1SY,66,30,36,30
HR1 1SZ,45,24,21,28
HR1 1TA,111,60,51,39
HR1 1TB,7,4,3,2
HR1 1TD,10,4,6,3
HR1 1TE,23,11,12,9
HR1 1TF,55,27,28,21
HR1 1TG,23,10,13,9
HR1 1TH,104,43,61,21
HR1 1TJ,62,41,21,18
HR1 1TL,30,15,15,11
HR1 1TN,17,9,8,9
HR1 1TP,26,11,15,15
HR1 1TQ,30,17,13,14
HR1 1TR,22,11,11,8
HR1 1TS,25,14,11,10
HR1 1TT,25,12,13,10
HR1 1TU,9,4,5,3
HR1 1TW,11,7,4,4
HR1 1TX,4,1,3,3
HR1 1TY,95,45,50,40
HR1 1TZ,28,12,16,19
HR1 1UA,83,43,40,33
HR1 1UB,77,32,45,26
HR1 1UD,52,28,24,16
HR1 1UE,29,13,16,14
HR1 1UF,41,20,21,19
HR1 1UG,25,12,13,12
HR1 1UH,67,34,33,23
HR1 1UJ,121,50,71,45
HR1 1UL,29,12,17,15
HR1 1UN,143,70,73,63
HR1 1UP,1,0,1,1
HR1 1UQ,22,13,9,13
HR1 1UR,25,12,13,10
HR1 1UT,11,5,6,4
HR1 1UW,45,25,20,19
HR1 1UX,88,42,46,39
HR1 1UY,20,11,9,8
HR1 1UZ,83,42,41,30
HR1 1XA,16,7,9,4
HR1 1XB,113,52,61,42
HR1 1XD,100,47,53,37
HR1 1XE,34,21,13,14
HR1 1XF,56,28,28,21
HR1 1XG,58,28,30,28
HR1 1XH,23,12,11,9
HR1 1XL,65,28,37,31
HR1 1XN,98,46,52,41
HR1 1XP,61,26,35,28
HR1 1XQ,32,15,17,16
HR1 1XR,14,8,6,5
HR1 1XS,13,7,6,9
HR1 1XT,10,6,4,9
HR1 1XU,11,8,3,8
HR1 1XW,116,55,61,41
HR1 1XX,23,13,10,11
HR1 1XY,5,4,1,3
HR1 1XZ,51,15,36,43
HR1 1YA,17,8,9,8
HR1 1YB,29,14,15,14
HR1 1YD,12,5,7,7
HR1 1YE,40,23,17,17
HR1 1YF,37,16,21,13
HR1 1YG,39,16,23,15
HR1 1YQ,17,11,6,6
HR1 2AA,1,1,0,1
HR1 2AF,27,17,10,19
HR1 2AG,1,0,1,1
HR1 2AH,7,2,5,5
HR1 2AJ,12,10,2,1
HR1 2AR,1,0,1,1
HR1 2BB,4,2,2,3
HR1 2BD,18,10,8,6
HR1 2BG,31,17,14,16
HR1 2BN,54,25,29,12
HR1 2BP,15,11,4,9
HR1 2BS,3,3,0,1
HR1 2BT,52,25,27,25
HR1 2BY,23,12,11,9
HR1 2DA,29,16,13,21
HR1 2DE,1,0,1,1
HR1 2DF,31,18,13,17
HR1 2DG,43,20,23,18
HR1 2DJ,5,4,1,4
HR1 2DP,5,3,2,1
HR1 2DQ,9,3,6,6
HR1 2DS,6,4,2,4
HR1 2DT,2,1,1,2
HR1 2DU,22,9,13,9
HR1 2DX,9,5,4,5
HR1 2DY,63,37,26,28
HR1 2EA,15,10,5,5
HR1 2EP,1,0,1,1
HR1 2ER,2,1,1,0
HR1 2ET,17,8,9,7
HR1 2EU,3,2,1,1
HR1 2EW,12,5,7,8
HR1 2EX,79,39,40,33
HR1 2EY,106,49,57,37
HR1 2GL,10,7,3,3
HR1 2HA,48,21,27,16
HR1 2HB,57,20,37,22
HR1 2HD,40,20,20,20
HR1 2HG,17,8,9,7
HR1 2HH,16,2,14,13
HR1 2HJ,4,2,2,2
HR1 2HL,7,4,3,2
HR1 2HN,30,27,3,25
HR1 2HU,2,2,0,2
HR1 2JA,20,10,10,16
HR1 2JB,31,23,8,19
HR1 2JH,18,12,6,14
HR1 2JJ,45,28,17,19
HR1 2JN,16,7,9,7
HR1 2JQ,28,16,12,13
HR1 2JR,15,5,10,11
HR1 2JS,64,28,36,23
HR1 2JT,73,37,36,28
HR1 2JU,39,23,16,16
HR1 2JW,24,12,12,9
HR1 2JX,46,23,23,16
HR1 2JY,7,5,2,7
HR1 2JZ,7,7,0,4
HR1 2LB,7,3,4,5
HR1 2LE,4,3,1,4
HR1 2LP,26,12,14,23
HR1 2LR,30,20,10,18
HR1 2LU,31,14,17,17
HR1 2LW,18,10,8,10
HR1 2LY,9,4,5,6
HR1 2LZ,4,2,2,1
HR1 2NA,6,1,5,2
HR1 2NB,27,11,16,7
HR1 2NE,7,3,4,5
HR1 2NF,6,3,3,4
HR1 2NG,17,14,3,9
HR1 2NH,19,9,10,8
HR1 2NL,22,14,8,11
HR1 2NN,1,1,0,1
HR1 2NP,45,24,21,29
HR1 2NQ,35,20,15,21
HR1 2NR,27,12,15,15
HR1 2NT,19,12,7,17
HR1 2NU,18,8,10,9
HR1 2NW,27,13,14,13
HR1 2NX,80,35,45,31
HR1 2NY,7,3,4,3
HR1 2NZ,87,43,44,31
HR1 2PB,11,6,5,8
HR1 2PG,6,4,2,1
HR1 2PH,1,0,1,1
HR1 2PL,11,6,5,5
HR1 2PR,20,13,7,14
HR1 2PU,21,10,11,12
HR1 2QA,34,15,19,15
HR1 2QB,20,10,10,17
HR1 2QD,42,25,17,20
HR1 2QE,21,12,9,9
HR1 2QF,17,11,6,11
HR1 2QG,77,34,43,34
HR1 2QH,85,41,44,34
HR1 2QJ,16,2,14,12
HR1 2QL,4,1,3,3
HR1 2QN,22,7,15,11
HR1 2QP,76,43,33,31
HR1 2QQ,8,1,7,6
HR1 2QR,109,46,63,35
HR1 2QS,109,64,45,63
HR1 2QT,7,3,4,4
HR1 2QU,108,58,50,48
HR1 2QW,57,28,29,29
HR1 2QX,6,2,4,2
HR1 2RA,70,33,37,34
HR1 2RB,15,6,9,9
HR1 2RD,111,56,55,58
HR1 2RE,109,53,56,55
HR1 2RF,3,2,1,3
HR1 2RG,3,2,1,2
HR1 2RH,38,18,20,20
HR1 2RJ,76,38,38,36
HR1 2RL,80,34,46,38
HR1 2RN,31,15,16,16
HR1 2RP,15,6,9,10
HR1 2RQ,11,6,5,6
HR1 2RR,28,14,14,16
HR1 2RS,42,16,26,23
HR1 2RT,16,6,10,8
HR1 2RU,79,40,39,41
HR1 2RW,34,16,18,22
HR1 2RX,52,30,22,27
HR1 2RY,61,32,29,36
HR1 2RZ,9,6,3,9
HR1 2SA,3,1,2,3
HR1 2SB,77,41,36,32
HR1 2SD,52,25,27,26
HR1 2SE,98,48,50,45
HR1 2SG,83,44,39,31
HR1 2SH,25,10,15,15
HR1 2SN,17,6,11,13
HR1 2SQ,98,43,55,42
HR1 2ST,69,36,33,26
HR1 2SU,23,13,10,7
HR1 2SW,15,4,11,8
HR1 2SX,7,1,6,6
HR1 2SY,95,52,43,35
HR1 2SZ,25,15,10,15
HR1 2TA,66,29,37,40
HR1 2TB,34,17,17,25
HR1 2TD,8,5,3,3
HR1 2TE,16,5,11,11
HR1 2TH,37,20,17,14
HR1 2TJ,27,14,13,11
HR1 2TL,49,24,25,21
HR1 2TN,28,15,13,19
HR1 2TP,102,39,63,26
HR1 2TQ,59,34,25,15
HR1 2TR,113,45,68,90
HR1 2TS,131,74,57,79
HR1 2TT,36,24,12,18
HR1 2TU,105,49,56,53
HR1 2TW,55,24,31,24
HR1 2TX,61,29,32,28
HR1 2TY,21,10,11,8
HR1 2TZ,4,1,3,3
HR1 2UA,11,4,7,6
HR1 2UB,6,3,3,4
HR1 2UE,42,16,26,39
HR1 2UF,22,10,12,15
HR1 3AA,21,9,12,7
HR1 3AB,55,25,30,24
HR1 3AD,43,18,25,17
HR1 3AE,7,4,3,4
HR1 3AF,4,1,3,1
HR1 3AG,4,2,2,2
HR1 3AH,16,8,8,7
HR1 3AJ,41,21,20,12
HR1 3AL,93,47,46,35
HR1 3AN,2,0,2,2
HR1 3AP,4,2,2,1
HR1 3AQ,18,8,10,6
HR1 3AR,5,3,2,2
HR1 3AS,8,5,3,4
HR1 3AT,26,15,11,10
HR1 3AU,34,12,22,15
HR1 3AW,26,13,13,12
HR1 3AX,29,15,14,11
HR1 3AY,94,43,51,37
HR1 3AZ,25,14,11,11
HR1 3BA,20,7,13,9
HR1 3BB,47,23,24,19
HR1 3BD,62,32,30,25
HR1 3BE,4,2,2,2
HR1 3BF,62,29,33,25
HR1 3BG,13,4,9,5
HR1 3BH,24,12,12,9
HR1 3BJ,19,12,7,10
HR1 3BL,4,3,1,3
HR1 3BN,22,14,8,7
HR1 3BP,14,8,6,5
HR1 3BQ,49,25,24,21
HR1 3BS,12,7,5,3
HR1 3BT,5,3,2,3
HR1 3BU,21,12,9,9
HR1 3BW,52,30,22,24
HR1 3BX,19,8,11,9
HR1 3BY,109,47,62,45
HR1 3BZ,60,25,35,20
HR1 3DA,4,3,1,1
HR1 3DB,7,3,4,2
HR1 3DD,20,10,10,9
HR1 3DE,8,4,4,3
HR1 3DF,24,10,14,14
HR1 3DG,10,5,5,4
HR1 3DH,54,26,28,20
HR1 3DL,50,25,25,40
HR1 3DN,16,6,10,9
HR1 3DP,4,3,1,3
HR1 3DR,39,17,22,20
HR1 3DS,34,16,18,13
HR1 3DT,10,6,4,5
HR1 3DU,25,13,12,11
HR1 3DW,14,8,6,8
HR1 3DX,34,19,15,12
HR1 3DY,7,3,4,4
HR1 3DZ,28,15,13,10
HR1 3EA,58,29,29,28
HR1 3EB,53,24,29,25
HR1 3ED,58,28,30,31
HR1 3EE,45,24,21,23
HR1 3EF,5,2,3,1
HR1 3EG,13,7,6,7
HR1 3EH,69,28,41,30
HR1 3EJ,29,15,14,9
HR1 3EL,20,10,10,7
HR1 3EN,54,23,31,24
HR1 3EP,25,12,13,9
HR1 3EQ,23,10,13,8
HR1 3ER,8,4,4,3
HR1 3ES,48,25,23,19
HR1 3ET,206,114,92,6
HR1 3EU,39,23,16,13
HR1 3EW,59,32,27,22
HR1 3EX,31,15,16,14
HR1 3EY,16,10,6,7
HR1 3EZ,58,26,32,24
HR1 3FD,6,2,4,2
HR1 3FF,12,7,5,4
HR1 3FG,40,19,21,14
HR1 3HA,38,19,19,15
HR1 3HB,32,17,15,12
HR1 3HD,27,14,13,18
HR1 3HG,13,7,6,3
HR1 3HH,2,1,1,1
HR1 3HJ,3,1,2,2
HR1 3HL,1,1,0,1
HR1 3HN,2,1,1,1
HR1 3HP,28,12,16,11
HR1 3HR,31,15,16,17
HR1 3HS,89,45,44,36
HR1 3HT,45,19,26,24
HR1 3HU,1,0,1,0
HR1 3HW,29,21,8,5
HR1 3HY,9,4,5,3
HR1 3HZ,8,4,4,4
HR1 3JA,20,11,9,5
HR1 3JB,48,23,25,16
HR1 3JD,25,13,12,10
HR1 3JE,12,7,5,7
HR1 3JF,48,22,26,19
HR1 3JG,102,48,54,45
HR1 3JH,13,7,6,7
HR1 3JJ,63,32,31,28
HR1 3JP,25,10,15,12
HR1 3JQ,65,29,36,28
HR1 3JR,5,3,2,3
HR1 3JS,9,4,5,3
HR1 3JT,17,6,11,8
HR1 3JU,39,18,21,18
HR1 3JX,44,23,21,17
HR1 3JY,15,5,10,6
HR1 3JZ,4,2,2,2
HR1 3LA,2,1,1,1
HR1 3LB,53,26,27,23
HR1 3LD,5,3,2,2
HR1 3LE,25,12,13,10
HR1 3LF,27,14,13,11
HR1 3LG,42,22,20,15
HR1 3LH,2,1,1,1
HR1 3LJ,3,2,1,2
HR1 3LP,22,12,10,11
HR1 3LQ,3,2,1,2
HR1 3LR,73,36,37,37
HR1 3LS,30,12,18,24
HR1 3LT,26,14,12,15
HR1 3LU,35,16,19,17
HR1 3LW,9,5,4,5
HR1 3LX,34,15,19,14
HR1 3NA,26,10,16,11
HR1 3NB,13,7,6,6
HR1 3ND,26,11,15,9
HR1 3NE,27,11,16,10
HR1 3NF,2,1,1,1
HR1 3NG,11,7,4,5
HR1 3NH,5,3,2,1
HR1 3NJ,62,31,31,24
HR1 3NL,53,30,23,21
HR1 3NN,32,15,17,15
HR1 3NP,56,30,26,21
HR1 3NQ,24,15,9,9
HR1 3NR,3,2,1,2
HR1 3NS,44,22,22,19
HR1 3NT,48,24,24,18
HR1 3NU,15,8,7,6
HR1 3NW,22,10,12,10
HR1 3NX,30,16,14,9
HR1 3NY,11,5,6,4
HR1 3NZ,6,4,2,4
HR1 3PA,39,22,17,12
HR1 3PB,68,38,30,22
HR1 3PD,5,3,2,2
HR1 3PE,60,30,30,24
HR1 3PF,30,17,13,11
HR1 3PH,19,8,11,8
HR1 3PJ,11,5,6,3
HR1 3PL,16,6,10,6
HR1 3PN,5,2,3,1
HR1 3PP,10,5,5,3
HR1 3PQ,8,5,3,3
HR1 3PR,16,1,15,0
HR1 3PS,214,114,100,77
HR1 3PU,48,26,22,19
HR1 3PW,18,10,8,7
HR1 3PX,29,14,15,14
HR1 3PY,19,10,9,8
HR1 3PZ,8,3,5,3
HR1 3QA,28,12,16,8
HR1 3QB,8,4,4,5
HR1 3QD,46,23,23,21
HR1 3QE,25,13,12,12
HR1 3QF,16,10,6,6
HR1 3QG,32,16,16,15
HR1 3QH,24,12,12,9
HR1 3QJ,1,0,1,1
HR1 3QL,39,24,15,14
HR1 3QN,7,4,3,4
HR1 3QP,17,8,9,8
HR1 3QQ,25,9,16,6
HR1 3QR,18,8,10,10
HR1 3QS,102,46,56,39
HR1 3QT,21,8,13,8
HR1 3QU,5,1,4,2
HR1 3QW,81,39,42,35
HR1 3QX,1,0,1,1
HR1 3QY,22,12,10,9
HR1 3QZ,19,10,9,7
HR1 3RA,5,1,4,1
HR1 3RB,26,12,14,12
HR1 3RD,3,1,2,3
HR1 3RE,66,30,36,30
HR1 3RF,18,9,9,8
HR1 3RG,19,11,8,8
HR1 3RH,1,1,0,1
HR1 3RJ,7,2,5,3
HR1 3RL,48,22,26,17
HR1 3RN,28,16,12,11
HR1 3RP,17,9,8,9
HR1 3RQ,57,30,27,22
HR1 3RR,57,25,32,23
HR1 3RS,25,14,11,10
HR1 3RT,37,19,18,15
HR1 3RU,62,31,31,24
HR1 3RW,11,4,7,4
HR1 3RX,32,18,14,12
HR1 3RY,47,25,22,15
HR1 3RZ,9,4,5,4
HR1 3SA,52,25,27,22
HR1 3SB,15,9,6,6
HR1 3SD,38,20,18,11
HR1 3SE,36,18,18,15
HR1 3SG,52,26,26,20
HR1 3SJ,30,13,17,11
HR1 3SL,24,12,12,8
HR1 3SP,7,3,4,2
HR1 3SQ,131,65,66,55
HR1 3SR,21,9,12,7
HR1 3SS,21,10,11,8
HR1 3ST,24,12,12,11
HR1 3SU,19,11,8,5
HR1 3SW,25,10,15,10
HR1 3SX,11,3,8,3
HR1 3TA,7,3,4,4
HR1 3TB,2,1,1,1
HR1 3TD,27,12,15,11
HR1 3TE,18,9,9,7
HR1 4AA,34,15,19,12
HR1 4AB,45,21,24,19
HR1 4AD,14,6,8,8
HR1 4AE,53,30,23,19
HR1 4AF,53,21,32,34
HR1 4AG,19,10,9,7
HR1 4AH,10,5,5,4
HR1 4AJ,7,3,4,3
HR1 4AL,10,5,5,4
HR1 4AN,10,6,4,4
HR1 4AP,22,9,13,6
HR1 4AQ,27,17,10,7
HR1 4AR,4,2,2,1
HR1 4AS,14,7,7,6
HR1 4AT,28,14,14,13
HR1 4AU,40,21,19,16
HR1 4AW,35,18,17,12
HR1 4AX,19,8,11,10
HR1 4AY,77,41,36,26
HR1 4AZ,57,26,31,17
HR1 4BA,17,10,7,7
HR1 4BB,32,21,11,11
HR1 4BD,27,12,15,10
HR1 4BE,57,30,27,19
HR1 4BF,137,67,70,44
HR1 4BG,13,6,7,4
HR1 4BH,6,4,2,2
HR1 4BJ,3,1,2,2
HR1 4BL,38,19,19,15
HR1 4BN,16,4,12,6
HR1 4BP,11,8,3,4
HR1 4BQ,23,14,9,8
HR1 4BT,76,41,35,24
HR1 4BU,28,15,13,9
HR1 4BW,30,13,17,14
HR1 4BX,71,36,35,32
HR1 4BY,54,29,25,22
HR1 4DA,52,28,24,22
HR1 4DB,53,26,27,21
HR1 4DD,4,1,3,3
HR1 4DE,10,6,4,4
HR1 4DF,13,8,5,6
HR1 4DG,79,40,39,29
HR1 4DH,137,73,64,47
HR1 4DJ,47,24,23,19
HR1 4DL,99,48,51,39
HR1 4DN,36,18,18,11
HR1 4DP,23,9,14,9
HR1 4DQ,63,34,29,25
HR1 4DS,47,25,22,15
HR1 4DT,22,11,11,9
HR1 4DU,10,5,5,4
HR1 4DW,78,38,40,24
HR1 4DX,80,40,40,48
HR1 4DY,7,3,4,2
HR1 4DZ,42,20,22,13
HR1 4EA,18,8,10,7
HR1 4EB,3,2,1,2
HR1 4ED,25,10,15,8
HR1 4EE,20,9,11,7
HR1 4EF,18,9,9,7
HR1 4EG,12,5,7,6
HR1 4EH,21,12,9,8
HR1 4EJ,30,18,12,10
HR1 4EL,2,1,1,1
HR1 4EN,79,42,37,31
HR1 4EP,20,11,9,9
HR1 4EQ,12,7,5,4
HR1 4ER,24,10,14,11
HR1 4ES,27,14,13,10
HR1 4ET,25,13,12,10
HR1 4EU,40,20,20,18
HR1 4EW,4,2,2,2
HR1 4EX,50,26,24,21
HR1 4EY,8,5,3,4
HR1 4FA,60,28,32,23
HR1 4FE,13,6,7,4
HR1 4HB,25,11,14,15
HR1 4HE,24,11,13,15
HR1 4HG,13,9,4,7
HR1 4HH,3,2,1,1
HR1 4HJ,2,1,1,1
HR1 4HL,5,2,3,2
HR1 4HN,10,5,5,4
HR1 4HP,28,17,11,13
HR1 4HQ,18,8,10,10
HR1 4HR,37,19,18,12
HR1 4HT,12,8,4,3
HR1 4HW,1,0,1,1
HR1 4HX,23,16,7,9
HR1 4HY,4,2,2,2
HR1 4HZ,41,19,22,19
HR1 4JA,45,20,25,16
HR1 4JB,3,1,2,2
HR1 4JD,12,6,6,6
HR1 4JE,1,0,1,1
HR1 4JF,57,27,30,24
HR1 4JG,7,4,3,2
HR1 4JH,95,41,54,43
HR1 4JL,15,7,8,6
HR1 4JN,28,13,15,12
HR1 4JP,83,33,50,11
HR1 4JQ,38,20,18,12
HR1 4JR,58,27,31,20
HR1 4JS,7,4,3,3
HR1 4JT,13,6,7,7
HR1 4JU,55,33,22,24
HR1 4JW,3,1,2,2
HR1 4JX,32,14,18,12
HR1 4JY,57,32,25,20
HR1 4JZ,35,7,28,0
HR1 4LA,21,9,12,9
HR1 4LB,7,4,3,4
HR1 4LD,15,7,8,5
HR1 4LE,5,2,3,2
HR1 4LF,10,4,6,3
HR1 4LG,9,4,5,6
HR1 4LN,30,12,18,16
HR1 4LP,23,11,12,12
HR1 4LR,35,18,17,17
HR1 4LS,37,17,20,22
HR1 4LT,56,30,26,24
HR1 4LU,7,5,2,2
HR1 4LW,21,13,8,10
HR1 4NA,46,25,21,23
HR1 4NB,1,0,1,1
HR1 4ND,93,51,42,36
HR1 4NE,6,3,3,3
HR1 4NF,10,5,5,4
HR1 4NH,9,4,5,5
HR1 4NJ,24,11,13,9
HR1 4NL,11,0,11,10
HR1 4NN,33,16,17,12
HR1 4NP,54,23,31,24
HR1 4NT,24,12,12,10
HR1 4NU,17,8,9,9
HR1 4NW,39,19,20,25
HR1 4NX,21,12,9,11
HR1 4NY,112,51,61,42
HR1 4PA,22,11,11,12
HR1 4PB,16,9,7,8
HR1 4PD,10,6,4,4
HR1 4PE,16,9,7,7
HR1 4PF,19,11,8,7
HR1 4PG,25,9,16,10
HR1 4PJ,63,30,33,27
HR1 4PL,115,52,63,64
HR1 4PN,129,56,73,53
HR1 4PP,11,4,7,4
HR1 4PQ,6,3,3,2
HR1 4PR,13,7,6,7
HR1 4PS,23,14,9,12
HR1 4PT,54,31,23,27
HR1 4PU,20,10,10,12
HR1 4PW,18,8,10,10
HR1 4PX,16,9,7,7
HR1 4PY,5,2,3,3
HR1 4PZ,20,9,11,9
HR1 4QA,43,20,23,19
HR1 4QH,26,14,12,11
HR1 4QJ,11,6,5,4
HR1 4QL,7,4,3,3
HR1 4QN,40,18,22,15
HR1 4QP,30,17,13,14
HR1 4QR,63,39,24,27
HR1 4QS,19,7,12,7
HR1 4QT,9,5,4,5
HR1 4QU,27,13,14,13
HR1 4QW,7,3,4,3
HR1 4QX,10,5,5,5
HR1 4QY,17,8,9,7
HR1 4QZ,9,7,2,3
HR1 4RA,2,1,1,2
HR1 4RB,6,3,3,2
HR1 4RD,10,6,4,4
HR1 4RF,18,9,9,10
HR1 4RG,42,20,22,17
HR1 4RH,2,0,2,1
HR1 4RJ,16,8,8,5
HR1 4RL,16,8,8,6
HR1 4RN,25,12,13,10
HR1 4RP,2,1,1,1
HR1 4RQ,20,9,11,9
HR1 4RR,7,4,3,2
HR1 4RS,10,4,6,4
HR1 4RW,12,5,7,4
HR1 4RY,2,1,1,1
HR1 4SA,13,7,6,8
HR1 4SB,12,7,5,5
HR1 4SD,4,2,2,2
HR1 4SE,2,1,1,1
HR1 4SF,3,1,2,2
HR1 4SG,25,12,13,8
HR1 4SH,3,2,1,2
HR1 4SJ,17,6,11,6
HR1 4SL,7,3,4,5
HR1 4SN,3,1,2,2
HR1 4SP,30,13,17,12
HR1 4SQ,9,4,5,3
HR1 4SR,13,8,5,6
HR1 4SS,15,9,6,7
HR1 4SU,14,7,7,6
HR1 4SW,6,3,3,3
HR1 4SX,8,5,3,4
HR1 4SY,10,5,5,5
HR1 4SZ,2,1,1,1
HR1 4TA,10,5,5,5
HR1 4TB,2,1,1,2
HR1 4TD,8,5,3,3
HR1 4TE,39,20,19,18
HR1 4TF,40,20,20,16
HR1 4TG,7,1,6,3
HR1 4TJ,12,4,8,8
HR1 4TQ,84,31,53,16
HR1 4TT,10,4,6,4
HR1 4TU,3,1,2,2
HR1 4TX,49,33,16,16
HR1 4TY,37,17,20,13
HR1 4TZ,14,8,6,5
HR1 4UA,12,7,5,4
HR1 4UB,20,10,10,9
HR1 4UD,54,26,28,26
HR1 4UE,2,1,1,1
HR1 4UF,9,6,3,3
HR1 4UG,11,6,5,5
HR1 4UH,7,4,3,2
HR1 4UJ,8,5,3,3
HR1 4UL,57,29,28,29
HR1 4UN,5,2,3,2
HR1 4UQ,29,12,17,12
HR1 4UW,5,1,4,4
HR2 0AA,57,25,32,24
HR2 0AB,24,12,12,10
HR2 0AD,23,7,16,12
HR2 0AE,16,5,11,5
HR2 0AG,15,7,8,5
HR2 0AH,35,19,16,12
HR2 0AJ,31,12,19,14
HR2 0AL,15,9,6,8
HR2 0AN,6,2,4,3
HR2 0AP,5,3,2,3
HR2 0AQ,2,1,1,1
HR2 0AR,48,24,24,17
HR2 0AT,4,2,2,2
HR2 0AU,8,5,3,3
HR2 0AW,4,2,2,3
HR2 0AX,2,1,1,1
HR2 0AY,28,14,14,9
HR2 0BA,9,5,4,4
HR2 0BB,10,7,3,4
HR2 0BD,6,3,3,3
HR2 0BG,9,6,3,4
HR2 0BH,22,12,10,11
HR2 0BJ,24,13,11,8
HR2 0BL,21,9,12,9
HR2 0BN,5,3,2,3
HR2 0BP,6,3,3,3
HR2 0BQ,15,6,9,6
HR2 0BS,5,3,2,1
HR2 0BW,18,10,8,9
HR2 0BX,4,2,2,3
HR2 0BY,10,3,7,5
HR2 0BZ,5,2,3,2
HR2 0DA,36,19,17,13
HR2 0DB,12,4,8,6
HR2 0DD,5,3,2,3
HR2 0DE,2,1,1,1
HR2 0DH,14,7,7,5
HR2 0DL,6,3,3,3
HR2 0DN,8,5,3,3
HR2 0DP,8,3,5,4
HR2 0DQ,16,7,9,7
HR2 0DR,6,3,3,3
HR2 0DS,14,9,5,6
HR2 0DT,44,17,27,20
HR2 0DU,13,10,3,3
HR2 0DW,18,9,9,6
HR2 0DX,33,15,18,14
HR2 0DY,16,8,8,5
HR2 0DZ,29,15,14,12
HR2 0EA,5,4,1,2
HR2 0EB,8,4,4,4
HR2 0ED,24,13,11,11
HR2 0EE,6,3,3,2
HR2 0EF,2,1,1,1
HR2 0EG,8,4,4,4
HR2 0EH,27,13,14,11
HR2 0EJ,14,8,6,8
HR2 0EL,48,22,26,22
HR2 0EN,4,1,3,3
HR2 0EP,6,3,3,3
HR2 0EQ,24,14,10,18
HR2 0ER,17,10,7,8
HR2 0ES,67,33,34,33
HR2 0ET,10,4,6,4
HR2 0EU,22,13,9,10
HR2 0EW,18,11,7,7
HR2 0EX,12,6,6,5
HR2 0EY,44,21,23,22
HR2 0EZ,34,19,15,13
HR2 0HA,24,12,12,10
HR2 0HB,12,6,6,6
HR2 0HD,10,5,5,5
HR2 0HE,11,6,5,6
HR2 0HF,19,13,6,8
HR2 0HG,2,1,1,1
HR2 0HH,7,3,4,3
HR2 0HJ,8,4,4,4
HR2 0HL,47,13,34,11
HR2 0HN,2,2,0,1
HR2 0HP,59,32,27,23
HR2 0HQ,21,10,11,10
HR2 0HR,1,1,0,1
HR2 0HS,5,2,3,3
HR2 0HT,13,6,7,6
HR2 0HU,15,7,8,5
HR2 0HW,10,5,5,3
HR2 0HX,61,36,25,23
HR2 0HY,10,5,5,6
HR2 0HZ,95,40,55,39
HR2 0JA,7,4,3,4
HR2 0JB,24,10,14,13
HR2 0JD,19,11,8,7
HR2 0JE,7,3,4,3
HR2 0JF,6,2,4,3
HR2 0JG,15,7,8,7
HR2 0JH,7,4,3,2
HR2 0JJ,6,2,4,3
HR2 0JL,46,21,25,28
HR2 0JN,6,3,3,3
HR2 0JP,2,1,1,1
HR2 0JQ,2,1,1,1
HR2 0JR,7,4,3,3
HR2 0JS,15,9,6,5
HR2 0JT,7,4,3,2
HR2 0JU,16,7,9,5
HR2 0JW,39,18,21,13
HR2 0JX,4,2,2,2
HR2 0JY,9,4,5,4
HR2 0JZ,7,4,3,3
HR2 0LA,22,13,9,7
HR2 0LB,1,0,1,1
HR2 0LD,39,17,22,20
HR2 0LE,17,9,8,10
HR2 0LF,24,13,11,12
HR2 0LG,8,4,4,3
HR2 0LH,1,0,1,1
HR2 0LJ,14,8,6,5
HR2 0LL,10,7,3,3
HR2 0LN,5,3,2,2
HR2 0LP,5,2,3,2
HR2 0LQ,25,13,12,10
HR2 0LR,4,2,2,1
HR2 0LS,22,13,9,9
HR2 0LT,17,5,12,8
HR2 0LU,24,12,12,8
HR2 0LW,18,11,7,7
HR2 0LX,4,2,2,2
HR2 0LY,4,1,3,3
HR2 0LZ,2,1,1,1
HR2 0NA,26,14,12,11
HR2 0NB,11,3,8,6
HR2 0ND,14,7,7,5
HR2 0NE,5,4,1,4
HR2 0NG,2,1,1,1
HR2 0NH,10,5,5,4
HR2 0NL,5,3,2,3
HR2 0NN,8,5,3,2
HR2 0NP,9,5,4,3
HR2 0NQ,5,2,3,3
HR2 0NR,2,1,1,1
HR2 0NS,25,15,10,8
HR2 0NT,3,2,1,2
HR2 0NU,2,1,1,1
HR2 0NW,5,3,2,5
HR2 0NX,31,15,16,11
HR2 0NY,12,7,5,4
HR2 0NZ,13,5,8,7
HR2 0PA,9,4,5,3
HR2 0PB,16,8,8,6
HR2 0PD,31,16,15,14
HR2 0PE,21,10,11,6
HR2 0PF,3,2,1,3
HR2 0PG,2,1,1,1
HR2 0PH,43,21,22,16
HR2 0PJ,5,3,2,2
HR2 0PL,6,3,3,3
HR2 0PN,46,27,19,20
HR2 0PP,16,8,8,5
HR2 0PR,6,3,3,2
HR2 0PS,3,2,1,1
HR2 0PT,36,23,13,14
HR2 0PU,16,8,8,7
HR2 0PW,15,9,6,7
HR2 0PX,13,8,5,4
HR2 0QA,4,2,2,1
HR2 0QB,20,9,11,6
HR2 0QD,11,5,6,4
HR2 0QE,23,11,12,8
HR2 0QF,30,14,16,11
HR2 0QG,31,17,14,12
HR2 0QH,21,11,10,8
HR2 0QJ,5,2,3,2
HR2 0QL,3,2,1,2
HR2 0QN,44,23,21,14
HR2 0QP,10,2,8,3
HR2 0QQ,7,3,4,2
HR2 0QR,14,5,9,6
HR2 0QS,9,7,2,5
HR2 0QT,4,1,3,1
HR2 0QU,8,4,4,4
HR2 0QW,39,15,24,17
HR2 0QY,31,16,15,12
HR2 0RA,7,3,4,3
HR2 0RB,21,10,11,9
HR2 0RD,4,0,4,3
HR2 0RE,24,13,11,9
HR2 0RF,27,14,13,14
HR2 0RG,31,18,13,9
HR2 0RH,7,5,2,1
HR2 0RJ,6,2,4,3
HR2 0RL,58,31,27,32
HR2 0RN,5,2,3,4
HR2 0RP,28,12,16,11
HR2 0RQ,31,13,18,19
HR2 0RR,6,2,4,1
HR2 0RS,108,49,59,44
HR2 0RT,56,24,32,27
HR2 0RU,5,2,3,3
HR2 0RW,28,14,14,11
HR2 0RX,9,3,6,4
HR2 0RY,21,10,11,10
HR2 0RZ,19,11,8,11
HR2 0SB,13,7,6,9
HR2 0SE,113,56,57,41
HR2 0SF,38,21,17,13
HR2 0SG,8,3,5,3
HR2 0SH,26,12,14,11
HR2 0SJ,22,13,9,10
HR2 0SL,9,5,4,4
HR2 0SN,26,15,11,7
HR2 0SP,19,11,8,7
HR2 0SQ,17,9,8,10
HR2 0SR,58,32,26,21
HR2 0SS,13,7,6,7
HR2 0ST,28,14,14,11
HR2 0SU,6,3,3,2
HR2 0SW,2,1,1,1
HR2 0SX,1,1,0,1
HR2 0SY,18,9,9,6
HR2 0TA,31,20,11,7
HR2 0TD,4,2,2,2
HR2 0TE,28,14,14,12
HR2 0TF,28,14,14,12
HR2 0TG,54,27,27,29
HR2 0TQ,163,81,82,74
HR2 0TX,30,11,19,17
HR2 0TY,32,17,15,15
HR2 0TZ,18,9,9,5
HR2 0UB,12,5,7,6
HR2 0UD,12,5,7,6
HR2 0UE,14,8,6,8
HR2 6AA,47,16,31,24
HR2 6AB,46,24,22,18
HR2 6AD,98,60,38,30
HR2 6AE,118,62,56,47
HR2 6AF,25,15,10,10
HR2 6AG,82,40,42,27
HR2 6AH,66,33,33,17
HR2 6AJ,113,49,64,45
HR2 6AL,61,33,28,21
HR2 6AN,75,39,36,26
HR2 6AP,29,16,13,10
HR2 6AQ,40,22,18,13
HR2 6AR,23,10,13,9
HR2 6AS,61,28,33,23
HR2 6AT,63,32,31,21
HR2 6AU,58,29,29,23
HR2 6AW,60,28,32,24
HR2 6AX,19,8,11,11
HR2 6AY,100,46,54,39
HR2 6AZ,67,35,32,19
HR2 6BA,11,6,5,8
HR2 6BB,48,24,24,17
HR2 6BD,35,14,21,15
HR2 6BE,14,7,7,8
HR2 6BG,16,9,7,12
HR2 6BH,11,5,6,3
HR2 6BJ,84,38,46,41
HR2 6BL,30,14,16,16
HR2 6BN,99,52,47,47
HR2 6BP,11,5,6,6
HR2 6BS,42,19,23,19
HR2 6BT,39,22,17,19
HR2 6BU,51,24,27,22
HR2 6BW,88,47,41,37
HR2 6BX,56,23,33,21
HR2 6BY,34,23,11,15
HR2 6BZ,5,3,2,3
HR2 6DA,83,40,43,30
HR2 6DB,63,34,29,25
HR2 6DD,13,8,5,5
HR2 6DE,19,9,10,9
HR2 6DF,45,26,19,19
HR2 6DG,64,28,36,24
HR2 6DH,22,10,12,13
HR2 6DJ,67,31,36,26
HR2 6DL,49,25,24,34
HR2 6DN,42,24,18,16
HR2 6DP,46,23,23,19
HR2 6DQ,6,2,4,4
HR2 6DS,85,40,45,37
HR2 6DT,44,23,21,18
HR2 6DU,28,18,10,11
HR2 6DW,32,15,17,15
HR2 6DX,19,6,13,11
HR2 6DY,29,16,13,11
HR2 6DZ,90,48,42,41
HR2 6EA,70,41,29,25
HR2 6EB,100,42,58,46
HR2 6ED,17,6,11,9
HR2 6EE,7,4,3,1
HR2 6EF,5,2,3,2
HR2 6EG,47,20,27,24
HR2 6EH,8,4,4,3
HR2 6EJ,31,14,17,13
HR2 6EL,47,25,22,19
HR2 6EN,9,6,3,5
HR2 6EP,45,19,26,14
HR2 6ER,23,11,12,7
HR2 6ES,29,12,17,10
HR2 6ET,10,5,5,6
HR2 6EU,134,66,68,64
HR2 6EW,148,72,76,49
HR2 6EX,88,45,43,34
HR2 6EY,49,24,25,22
HR2 6EZ,42,21,21,23
HR2 6FA,28,13,15,14
HR2 6FB,145,78,67,67
HR2 6FD,11,5,6,5
HR2 6FE,86,49,37,28
HR2 6FF,15,8,7,7
HR2 6GA,64,38,26,17
HR2 6GB,40,22,18,10
HR2 6GD,57,28,29,15
HR2 6GE,36,22,14,14
HR2 6GG,84,34,50,18
HR2 6GH,27,12,15,11
HR2 6GN,4,2,2,2
HR2 6GP,47,20,27,19
HR2 6GU,6,4,2,2
HR2 6GW,85,39,46,29
HR2 6HA,36,14,22,15
HR2 6HB,95,50,45,53
HR2 6HD,26,15,11,10
HR2 6HE,106,53,53,38
HR2 6HG,66,35,31,27
HR2 6HH,82,39,43,43
HR2 6HJ,40,15,25,32
HR2 6HL,38,19,19,28
HR2 6HN,94,47,47,40
HR2 6HP,22,9,13,11
HR2 6HQ,59,34,25,27
HR2 6HR,114,64,50,47
HR2 6HS,40,23,17,11
HR2 6HT,34,19,15,10
HR2 6HU,18,11,7,7
HR2 6HW,129,56,73,54
HR2 6HX,32,16,16,9
HR2 6HY,129,57,72,57
HR2 6HZ,150,76,74,54
HR2 6JB,21,9,12,11
HR2 6JL,2,1,1,1
HR2 6JN,9,5,4,5
HR2 6JP,5,4,1,4
HR2 6JT,5,2,3,2
HR2 6JW,8,4,4,3
HR2 6JY,44,20,24,21
HR2 6LA,15,7,8,6
HR2 6LD,8,5,3,4
HR2 6LE,26,15,11,11
HR2 6LF,18,11,7,7
HR2 6LG,27,15,12,9
HR2 6LH,5,3,2,2
HR2 6LJ,32,20,12,17
HR2 6LN,15,11,4,5
HR2 6LP,35,18,17,9
HR2 6LQ,81,35,46,37
HR2 6LS,50,26,24,22
HR2 6LT,69,37,32,25
HR2 6LU,17,10,7,7
HR2 6LW,22,11,11,9
HR2 6LX,11,5,6,6
HR2 6LY,19,8,11,9
HR2 6LZ,4,2,2,2
HR2 6NA,3,2,1,1
HR2 6NB,4,2,2,2
HR2 6ND,11,6,5,5
HR2 6NE,18,9,9,6
HR2 6NF,11,6,5,8
HR2 6NG,25,12,13,10
HR2 6NH,69,34,35,27
HR2 6NJ,3,1,2,2
HR2 6NL,12,5,7,6
HR2 6NN,27,13,14,11
HR2 6NQ,13,7,6,7
HR2 6NR,14,6,8,7
HR2 6NW,2,0,2,1
HR2 6NZ,66,33,33,25
HR2 6PA,3,1,2,1
HR2 6PB,10,6,4,5
HR2 6PD,57,32,25,21
HR2 6PE,7,5,2,3
HR2 6PF,26,12,14,15
HR2 6PG,23,10,13,10
HR2 6PH,85,42,43,40
HR2 6PJ,23,12,11,10
HR2 6PL,112,54,58,51
HR2 6PN,31,17,14,14
HR2 6PP,16,9,7,7
HR2 6PQ,14,9,5,5
HR2 6PR,11,5,6,5
HR2 6PS,76,37,39,31
HR2 6PT,43,25,18,19
HR2 6PU,14,6,8,5
HR2 6PW,7,3,4,4
HR2 6PX,84,39,45,32
HR2 6PY,93,45,48,38
HR2 6PZ,16,8,8,5
HR2 6QA,4,2,2,2
HR2 6QB,6,3,3,4
HR2 6QD,4,2,2,2
HR2 6QE,28,13,15,10
HR2 6QF,8,5,3,3
HR2 6QG,15,6,9,8
HR2 6QH,17,8,9,9
HR2 6QJ,18,5,13,6
HR2 6QL,7,4,3,2
HR2 6QN,16,6,10,7
HR2 6QP,15,5,10,8
HR2 6QQ,16,9,7,8
HR2 6QR,31,15,16,14
HR2 6QS,21,10,11,9
HR2 6QT,6,3,3,4
HR2 6QU,7,2,5,3
HR2 6QW,18,9,9,7
HR2 6QX,3,2,1,1
HR2 6RA,92,40,52,39
HR2 6RB,38,20,18,16
HR2 6RD,104,62,42,41
HR2 6RE,73,37,36,36
HR2 6RF,37,17,20,24
HR2 6RG,60,29,31,24
HR2 6RH,49,28,21,15
HR2 6RJ,191,89,102,66
HR2 6RL,24,14,10,7
HR2 6RN,41,20,21,19
HR2 6RP,8,3,5,4
HR2 6RR,23,10,13,12
HR2 6RS,32,17,15,13
HR2 6RT,24,11,13,7
HR2 6RU,84,47,37,30
HR2 6RW,41,19,22,12
HR2 6RX,47,17,30,15
HR2 6RY,31,17,14,11
HR2 6RZ,15,8,7,7
HR2 6SA,13,6,7,7
HR2 6SB,130,71,59,41
HR2 6SD,79,40,39,41
HR2 6SE,53,29,24,19
HR2 6SG,57,24,33,20
HR2 6SH,30,11,19,14
HR2 6SJ,23,9,14,8
HR2 6SL,23,15,8,12
HR2 6SN,39,17,22,15
HR2 6SP,75,31,44,30
HR2 7AA,17,8,9,7
HR2 7AB,107,55,52,54
HR2 7AD,28,15,13,16
HR2 7AE,65,26,39,33
HR2 7AF,16,4,12,6
HR2 7AG,47,21,26,17
HR2 7AH,138,66,72,49
HR2 7AJ,40,21,19,12
HR2 7AL,43,19,24,17
HR2 7AN,99,49,50,36
HR2 7AP,70,34,36,30
HR2 7AQ,17,9,8,6
HR2 7AR,51,22,29,25
HR2 7AS,46,20,26,22
HR2 7AT,53,28,25,19
HR2 7AU,48,21,27,20
HR2 7AW,19,11,8,8
HR2 7AX,80,39,41,31
HR2 7AY,32,16,16,14
HR2 7AZ,102,52,50,42
HR2 7BA,16,8,8,4
HR2 7BB,52,21,31,24
HR2 7BD,89,41,48,34
HR2 7BE,5,2,3,2
HR2 7BF,76,35,41,27
HR2 7BG,56,26,30,19
HR2 7BH,21,10,11,10
HR2 7BJ,53,24,29,24
HR2 7BL,95,51,44,34
HR2 7BN,17,7,10,6
HR2 7BP,1,1,0,0
HR2 7BQ,43,18,25,16
HR2 7BS,29,16,13,12
HR2 7BT,78,27,51,43
HR2 7BU,71,34,37,22
HR2 7BW,27,14,13,23
HR2 7BX,20,6,14,10
HR2 7BZ,105,61,44,62
HR2 7DA,43,30,13,33
HR2 7DB,6,0,6,4
HR2 7DD,69,31,38,26
HR2 7DE,49,23,26,21
HR2 7DF,86,47,39,33
HR2 7DG,54,24,30,21
HR2 7DH,43,23,20,14
HR2 7DJ,60,27,33,24
HR2 7DL,20,9,11,6
HR2 7DN,58,34,24,19
HR2 7DP,58,29,29,20
HR2 7DQ,41,20,21,15
HR2 7DR,28,13,15,10
HR2 7DS,24,10,14,10
HR2 7DT,73,31,42,26
HR2 7DU,24,12,12,11
HR2 7DW,26,13,13,10
HR2 7DX,49,24,25,20
HR2 7DY,76,39,37,27
HR2 7EA,36,17,19,15
HR2 7EB,34,18,16,15
HR2 7ED,32,16,16,12
HR2 7EE,69,34,35,31
HR2 7EF,35,14,21,11
HR2 7EG,138,69,69,62
HR2 7EH,26,14,12,8
HR2 7EJ,53,23,30,18
HR2 7EL,14,3,11,6
HR2 7EN,37,21,16,17
HR2 7EP,49,24,25,19
HR2 7EQ,31,17,14,8
HR2 7ER,50,23,27,21
HR2 7ES,24,14,10,9
HR2 7ET,70,31,39,32
HR2 7EU,99,57,42,41
HR2 7EW,72,38,34,26
HR2 7EX,139,62,77,47
HR2 7EY,64,32,32,30
HR2 7EZ,35,17,18,19
HR2 7FA,63,35,28,19
HR2 7FD,62,29,33,23
HR2 7FE,3,2,1,1
HR2 7GA,21,8,13,7
HR2 7GB,9,5,4,2
HR2 7HA,44,22,22,19
HR2 7HD,6,2,4,3
HR2 7HE,47,20,27,18
HR2 7HF,45,22,23,19
HR2 7HG,42,19,23,16
HR2 7HH,78,33,45,33
HR2 7HJ,70,30,40,27
HR2 7HL,106,49,57,40
HR2 7HN,106,45,61,39
HR2 7HP,127,68,59,46
HR2 7HQ,37,14,23,16
HR2 7HR,131,54,77,47
HR2 7HS,133,51,82,55
HR2 7HT,57,22,35,25
HR2 7HU,83,37,46,32
HR2 7HW,63,27,36,25
HR2 7HX,95,41,54,35
HR2 7HY,55,26,29,21
HR2 7HZ,72,42,30,43
HR2 7JA,58,23,35,21
HR2 7JB,47,25,22,17
HR2 7JD,45,17,28,31
HR2 7JF,73,40,33,30
HR2 7JG,9,5,4,3
HR2 7JH,93,47,46,52
HR2 7JJ,122,65,57,56
HR2 7JL,5,2,3,2
HR2 7JN,24,12,12,7
HR2 7JP,39,16,23,16
HR2 7JQ,70,35,35,28
HR2 7JR,46,30,16,20
HR2 7JS,150,76,74,62
HR2 7JT,63,35,28,24
HR2 7JU,64,28,36,31
HR2 7JW,52,28,24,19
HR2 7JX,90,42,48,40
HR2 7JY,31,14,17,25
HR2 7LA,10,5,5,6
HR2 7LB,31,14,17,10
HR2 7LD,22,13,9,22
HR2 7LE,31,16,15,11
HR2 7LF,29,14,15,17
HR2 7LG,53,29,24,22
HR2 7LH,45,19,26,18
HR2 7LJ,45,24,21,21
HR2 7LL,28,10,18,12
HR2 7LN,38,16,22,15
HR2 7LP,27,7,20,19
HR2 7LQ,56,27,29,24
HR2 7LR,29,12,17,19
HR2 7LS,19,7,12,13
HR2 7LT,58,28,30,29
HR2 7LU,98,49,49,33
HR2 7LW,28,24,4,23
HR2 7LX,77,30,47,24
HR2 7LY,37,19,18,12
HR2 7LZ,17,8,9,6
HR2 7NA,34,16,18,14
HR2 7NB,59,29,30,24
HR2 7ND,23,13,10,10
HR2 7NE,122,58,64,46
HR2 7NF,76,33,43,29
HR2 7NH,89,46,43,36
HR2 7NJ,25,14,11,10
HR2 7NL,47,24,23,18
HR2 7NN,24,13,11,7
HR2 7NP,22,11,11,6
HR2 7NR,22,8,14,8
HR2 7NS,50,25,25,21
HR2 7NT,87,41,46,28
HR2 7NW,24,11,13,8
HR2 7NX,85,44,41,37
HR2 7NY,39,19,20,16
HR2 7NZ,55,26,29,31
HR2 7PA,99,49,50,40
HR2 7PH,39,21,18,15
HR2 7PJ,26,14,12,9
HR2 7PL,54,30,24,20
HR2 7PN,81,43,38,35
HR2 7PP,37,19,18,13
HR2 7PR,13,4,9,10
HR2 7PS,91,38,53,32
HR2 7PT,74,32,42,29
HR2 7PU,41,22,19,12
HR2 7PW,38,18,20,13
HR2 7PX,5,2,3,3
HR2 7PY,12,6,6,5
HR2 7PZ,54,29,25,26
HR2 7QA,42,20,22,21
HR2 7QB,27,10,17,10
HR2 7QD,41,19,22,17
HR2 7QE,65,32,33,30
HR2 7QF,57,32,25,26
HR2 7QG,17,8,9,9
HR2 7QH,48,21,27,16
HR2 7QJ,42,19,23,21
HR2 7QL,29,15,14,22
HR2 7QN,3,1,2,1
HR2 7QP,12,7,5,6
HR2 7QQ,57,32,25,18
HR2 7QR,37,17,20,17
HR2 7QS,56,28,28,19
HR2 7QT,52,24,28,25
HR2 7QU,26,19,7,24
HR2 7QX,73,32,41,24
HR2 7RA,24,13,11,14
HR2 7RB,5,4,1,2
HR2 7RD,71,46,25,26
HR2 7RE,25,13,12,14
HR2 7RF,89,44,45,33
HR2 7RG,30,20,10,9
HR2 7RH,1,1,0,1
HR2 7RJ,57,28,29,19
HR2 7RL,25,13,12,8
HR2 7RN,40,19,21,16
HR2 7RP,33,19,14,14
HR2 7RQ,39,18,21,20
HR2 7RR,23,8,15,12
HR2 7RS,51,24,27,20
HR2 7RT,86,41,45,30
HR2 7RU,81,35,46,32
HR2 7RW,26,14,12,10
HR2 7RX,47,21,26,19
HR2 7RY,112,52,60,39
HR2 7RZ,38,21,17,14
HR2 7SA,10,7,3,4
HR2 7SB,17,10,7,8
HR2 7SD,27,14,13,15
HR2 7SE,22,9,13,13
HR2 7SF,30,13,17,24
HR2 7SG,33,13,20,32
HR2 7SH,56,32,24,17
HR2 7SJ,26,16,10,10
HR2 7SL,48,26,22,17
HR2 7SN,31,15,16,11
HR2 7SP,77,38,39,34
HR2 7SQ,30,13,17,12
HR2 7SR,34,15,19,12
HR2 7SS,54,27,27,19
HR2 7ST,19,10,9,7
HR2 7SU,12,6,6,7
HR2 7SW,62,31,31,20
HR2 7SX,69,35,34,26
HR2 7SY,29,15,14,13
HR2 7SZ,39,24,15,16
HR2 7TA,104,52,52,40
HR2 7TB,61,27,34,24
HR2 7TD,92,51,41,36
HR2 7TE,14,7,7,6
HR2 7TF,25,14,11,11
HR2 7TH,51,27,24,23
HR2 7TJ,31,16,15,13
HR2 7TL,41,26,15,17
HR2 7TN,39,20,19,19
HR2 7TP,15,10,5,7
HR2 7TR,23,10,13,9
HR2 7TS,24,11,13,9
HR2 7TW,23,12,11,11
HR2 7TY,32,11,21,25
HR2 7TZ,17,8,9,14
HR2 7UA,5,2,3,2
HR2 7UB,87,45,42,34
HR2 7UD,66,31,35,30
HR2 7UE,71,33,38,32
HR2 7UF,30,16,14,15
HR2 7UG,74,38,36,37
HR2 7UH,11,8,3,7
HR2 7UJ,126,71,55,50
HR2 7UL,113,57,56,51
HR2 7UN,20,9,11,7
HR2 7UP,62,32,30,28
HR2 7UQ,63,31,32,29
HR2 7UR,30,16,14,14
HR2 7US,26,13,13,7
HR2 7UT,41,20,21,23
HR2 7UW,31,13,18,19
HR2 7UY,19,11,8,5
HR2 7UZ,48,25,23,21
HR2 7XA,22,9,13,12
HR2 7XB,25,9,16,13
HR2 7XD,35,17,18,15
HR2 7XE,50,20,30,21
HR2 7XF,58,26,32,27
HR2 7XG,14,8,6,4
HR2 7XH,24,10,14,8
HR2 7XJ,46,23,23,25
HR2 7XL,62,29,33,23
HR2 7XN,65,36,29,25
HR2 7XP,37,19,18,12
HR2 7XQ,83,39,44,36
HR2 7XR,19,12,7,12
HR2 7XU,63,41,22,30
HR2 7XW,15,8,7,12
HR2 7XX,42,19,23,17
HR2 7XY,59,33,26,22
HR2 7XZ,188,94,94,76
HR2 7YA,15,10,5,11
HR2 7YB,10,6,4,8
HR2 7YE,27,15,12,11
HR2 7YF,18,10,8,9
HR2 7YG,10,6,4,7
HR2 7YH,72,37,35,38
HR2 7YJ,14,7,7,6
HR2 7YL,68,34,34,36
HR2 7YN,10,5,5,7
HR2 7YQ,13,8,5,9
HR2 7YU,126,63,63,52
HR2 7YW,14,10,4,6
HR2 7YX,155,77,78,57
HR2 7YY,47,24,23,16
HR2 7YZ,38,20,18,13
HR2 7ZA,45,23,22,18
HR2 7ZB,40,16,24,15
HR2 7ZD,29,16,13,11
HR2 7ZE,36,19,17,11
HR2 7ZG,110,59,51,44
HR2 7ZH,82,42,40,34
HR2 7ZJ,51,25,26,20
HR2 7ZL,36,15,21,13
HR2 7ZN,16,7,9,7
HR2 7ZP,172,84,88,69
HR2 7ZW,102,55,47,40
HR2 8AA,19,8,11,10
HR2 8AB,19,8,11,11
HR2 8AD,61,34,27,24
HR2 8AE,20,12,8,5
HR2 8AF,15,8,7,8
HR2 8AG,41,22,19,19
HR2 8AH,20,10,10,7
HR2 8AJ,19,9,10,7
HR2 8AL,101,49,52,42
HR2 8AN,29,19,10,10
HR2 8AP,6,2,4,2
HR2 8AQ,8,4,4,3
HR2 8AR,17,8,9,5
HR2 8AS,13,5,8,5
HR2 8AT,36,18,18,14
HR2 8AU,56,27,29,23
HR2 8AW,150,68,82,59
HR2 8AX,23,11,12,10
HR2 8AY,26,13,13,14
HR2 8AZ,21,12,9,10
HR2 8BA,27,13,14,13
HR2 8BB,95,49,46,40
HR2 8BD,74,37,37,27
HR2 8BE,10,4,6,4
HR2 8BF,3,2,1,1
HR2 8BG,45,21,24,15
HR2 8BH,5,3,2,2
HR2 8BJ,10,5,5,4
HR2 8BL,63,32,31,27
HR2 8BN,18,8,10,5
HR2 8BP,20,9,11,8
HR2 8BQ,9,4,5,3
HR2 8BS,25,14,11,7
HR2 8BU,4,2,2,2
HR2 8BW,13,8,5,6
HR2 8BX,22,12,10,8
HR2 8BY,8,4,4,4
HR2 8BZ,18,10,8,6
HR2 8DA,16,9,7,5
HR2 8DB,10,5,5,6
HR2 8DD,24,11,13,12
HR2 8DE,33,14,19,9
HR2 8DF,2,1,1,1
HR2 8DG,15,9,6,7
HR2 8DH,11,5,6,6
HR2 8DJ,5,2,3,2
HR2 8DL,49,19,30,17
HR2 8DN,26,10,16,11
HR2 8DP,12,6,6,6
HR2 8DQ,91,51,40,42
HR2 8DR,28,13,15,10
HR2 8DS,16,8,8,6
HR2 8DT,6,2,4,1
HR2 8DU,44,22,22,13
HR2 8DW,2,1,1,1
HR2 8DX,23,12,11,9
HR2 8DY,9,3,6,7
HR2 8DZ,6,3,3,4
HR2 8EA,4,1,3,2
HR2 8EB,39,21,18,14
HR2 8ED,18,7,11,9
HR2 8EE,5,3,2,3
HR2 8EF,12,5,7,4
HR2 8EG,47,26,21,20
HR2 8EJ,26,11,15,12
HR2 8EL,42,20,22,19
HR2 8EN,14,8,6,5
HR2 8EP,51,26,25,22
HR2 8EQ,67,34,33,21
HR2 8ER,1,0,1,1
HR2 8ES,19,8,11,8
HR2 8ET,27,15,12,12
HR2 8EU,19,8,11,9
HR2 8EW,19,10,9,5
HR2 8EX,10,4,6,5
HR2 8EY,13,10,3,6
HR2 8EZ,24,13,11,15
HR2 8HA,10,6,4,3
HR2 8HB,1,1,0,1
HR2 8HD,42,18,24,19
HR2 8HE,2,2,0,1
HR2 8HF,13,6,7,5
HR2 8HH,2,1,1,1
HR2 8HJ,32,18,14,12
HR2 8HL,17,9,8,7
HR2 8HN,19,9,10,11
HR2 8HP,24,12,12,10
HR2 8HR,14,7,7,5
HR2 8HS,21,8,13,8
HR2 8HT,60,28,32,24
HR2 8HU,29,14,15,14
HR2 8HW,118,64,54,53
HR2 8HX,65,27,38,35
HR2 8HY,46,23,23,17
HR2 8HZ,23,13,10,11
HR2 8JA,22,13,9,6
HR2 8JB,14,7,7,5
HR2 8JD,9,4,5,4
HR2 8JE,74,38,36,26
HR2 8JF,14,6,8,7
HR2 8JG,15,8,7,7
HR2 8JH,2,1,1,1
HR2 8JJ,33,19,14,17
HR2 8JL,10,5,5,3
HR2 8JN,13,6,7,6
HR2 8JQ,4,3,1,2
HR2 8JR,5,3,2,1
HR2 8JS,30,14,16,15
HR2 8JT,75,40,35,28
HR2 8JU,24,12,12,7
HR2 8JX,1,0,1,1
HR2 8JY,93,53,40,14
HR2 8LA,13,5,8,6
HR2 8LB,3,1,2,2
HR2 8LD,17,7,10,6
HR2 8LE,17,8,9,7
HR2 8LF,15,8,7,5
HR2 8LG,38,17,21,13
HR2 8LH,16,7,9,7
HR2 8LJ,7,2,5,3
HR2 8LL,13,7,6,6
HR2 8LN,52,25,27,16
HR2 8LP,7,4,3,2
HR2 8LQ,26,15,11,7
HR2 8LR,3,2,1,2
HR2 8LS,18,11,7,8
HR2 8LT,6,3,3,2
HR2 8LU,33,19,14,12
HR2 8LW,7,4,3,3
HR2 8LX,14,8,6,7
HR2 8LY,6,2,4,2
HR2 8LZ,11,7,4,5
HR2 8NA,18,11,7,5
HR2 8NB,15,8,7,7
HR2 8ND,19,9,10,8
HR2 8NE,3,1,2,2
HR2 8NF,13,7,6,4
HR2 8NG,12,7,5,5
HR2 8NH,7,4,3,2
HR2 8NJ,3,1,2,2
HR2 8NL,5,2,3,2
HR2 8NN,29,16,13,12
HR2 8NP,21,10,11,8
HR2 8NQ,5,3,2,1
HR2 8NT,6,3,3,4
HR2 8NU,35,14,21,17
HR2 8NX,35,17,18,13
HR2 8NY,2,1,1,1
HR2 8NZ,31,17,14,9
HR2 8PA,2,1,1,1
HR2 8PB,7,2,5,2
HR2 8PD,12,5,7,6
HR2 8PE,36,15,21,12
HR2 8PF,12,6,6,5
HR2 8PG,4,2,2,1
HR2 8PH,7,2,5,2
HR2 8PJ,2,1,1,1
HR2 8PL,4,3,1,4
HR2 8PN,22,14,8,8
HR2 8PP,7,4,3,4
HR2 8PQ,2,1,1,1
HR2 8PS,14,0,14,0
HR2 8PT,2,1,1,1
HR2 8PU,30,16,14,9
HR2 8PW,14,9,5,4
HR2 8PX,2,1,1,1
HR2 8PY,14,7,7,7
HR2 8QA,2,1,1,1
HR2 8QB,11,6,5,4
HR2 8QD,6,4,2,2
HR2 8QE,7,5,2,3
HR2 8QF,20,8,12,8
HR2 8QG,11,5,6,4
HR2 8QH,11,6,5,3
HR2 8QL,18,9,9,7
HR2 8QN,6,4,2,4
HR2 8QP,36,17,19,13
HR2 8QQ,21,14,7,5
HR2 8QR,16,9,7,8
HR2 8QS,8,4,4,3
HR2 8QT,17,7,10,6
HR2 8QU,18,8,10,5
HR2 8QW,22,12,10,6
HR2 8QX,19,7,12,9
HR2 8QY,27,12,15,7
HR2 8QZ,60,31,29,18
HR2 8RA,18,6,12,8
HR2 8RB,4,2,2,2
HR2 8RD,4,2,2,1
HR2 8RE,22,10,12,11
HR2 8RF,20,12,8,10
HR2 8RG,36,19,17,16
HR2 8RH,17,7,10,6
HR2 8RJ,19,11,8,12
HR2 8RL,22,10,12,10
HR2 8RN,15,8,7,4
HR2 8RQ,65,34,31,25
HR2 8RR,19,10,9,8
HR2 8RS,9,5,4,4
HR2 8RT,42,22,20,13
HR2 8RU,17,9,8,6
HR2 8RX,30,17,13,11
HR2 8SA,2,1,1,1
HR2 8SB,3,1,2,1
HR2 8SD,33,16,17,19
HR2 8SE,48,22,26,15
HR2 8SF,65,29,36,22
HR2 8SG,9,5,4,5
HR2 8SH,17,6,11,6
HR2 9AA,23,13,10,9
HR2 9AB,19,7,12,5
HR2 9AD,8,5,3,3
HR2 9AE,4,2,2,2
HR2 9AF,20,10,10,7
HR2 9AG,32,17,15,11
HR2 9AH,20,8,12,9
HR2 9AJ,26,14,12,8
HR2 9AL,8,4,4,3
HR2 9AN,22,13,9,8
HR2 9AP,3,2,1,1
HR2 9AQ,20,10,10,9
HR2 9AR,32,13,19,10
HR2 9AS,30,15,15,14
HR2 9AT,15,8,7,6
HR2 9AU,16,7,9,7
HR2 9AX,29,15,14,12
HR2 9AY,4,1,3,1
HR2 9AZ,4,3,1,1
HR2 9BA,25,11,14,13
HR2 9BB,15,7,8,5
HR2 9BD,6,2,4,3
HR2 9BE,31,17,14,11
HR2 9BG,19,9,10,7
HR2 9BH,8,5,3,4
HR2 9BJ,5,3,2,3
HR2 9BL,3,2,1,2
HR2 9BN,73,39,34,30
HR2 9BP,33,15,18,9
HR2 9BQ,19,10,9,9
HR2 9BS,38,18,20,16
HR2 9BT,5,2,3,2
HR2 9BU,2,1,1,1
HR2 9BW,42,23,19,15
HR2 9BZ,49,22,27,19
HR2 9DA,63,35,28,25
HR2 9DB,13,8,5,8
HR2 9DD,8,4,4,3
HR2 9DE,6,2,4,3
HR2 9DF,5,3,2,2
HR2 9DG,4,3,1,2
HR2 9DH,33,17,16,14
HR2 9DJ,7,4,3,4
HR2 9DL,3,2,1,2
HR2 9DN,80,38,42,34
HR2 9DP,18,10,8,7
HR2 9DQ,13,8,5,6
HR2 9DR,9,4,5,4
HR2 9DS,31,14,17,14
HR2 9DT,8,3,5,3
HR2 9DU,10,4,6,3
HR2 9DW,35,17,18,14
HR2 9DX,60,29,31,22
HR2 9DY,19,8,11,7
HR2 9DZ,12,6,6,5
HR2 9EA,15,8,7,7
HR2 9EB,2,1,1,1
HR2 9ED,13,7,6,5
HR2 9EE,29,16,13,12
HR2 9EF,24,12,12,9
HR2 9EG,1,1,0,1
HR2 9EH,7,4,3,2
HR2 9EJ,9,7,2,2
HR2 9EL,5,2,3,3
HR2 9EP,36,18,18,13
HR2 9EQ,2,1,1,1
HR2 9ER,124,63,61,50
HR2 9ES,48,22,26,16
HR2 9ET,27,9,18,13
HR2 9EU,18,8,10,6
HR2 9EW,121,62,59,40
HR2 9EX,148,76,72,56
HR2 9EY,16,9,7,7
HR2 9EZ,13,5,8,4
HR2 9FA,24,12,12,10
HR2 9FB,70,35,35,24
HR2 9HA,11,5,6,6
HR2 9HB,2,2,0,1
HR2 9HD,64,30,34,24
HR2 9HE,35,17,18,20
HR2 9HF,8,4,4,3
HR2 9HG,24,11,13,10
HR2 9HH,21,11,10,6
HR2 9HJ,12,8,4,4
HR2 9HL,7,6,1,3
HR2 9HN,12,5,7,6
HR2 9HP,3,1,2,2
HR2 9HQ,14,7,7,6
HR2 9HR,141,65,76,40
HR2 9HS,139,73,66,48
HR2 9HT,8,3,5,3
HR2 9HU,16,9,7,5
HR2 9HW,31,14,17,9
HR2 9HX,4,2,2,1
HR2 9HZ,92,44,48,32
HR2 9JA,8,4,4,4
HR2 9JB,24,12,12,10
HR2 9JD,21,10,11,8
HR2 9JE,5,2,3,2
HR2 9JF,21,13,8,8
HR2 9JG,11,7,4,4
HR2 9JJ,27,11,16,8
HR2 9JL,5,3,2,2
HR2 9JN,5,2,3,1
HR2 9JP,9,5,4,4
HR2 9JQ,10,4,6,4
HR2 9JR,6,3,3,2
HR2 9JS,20,10,10,8
HR2 9JT,23,10,13,11
HR2 9JU,63,32,31,31
HR2 9JW,12,4,8,5
HR2 9JX,23,9,14,10
HR2 9JY,23,11,12,9
HR2 9JZ,6,2,4,4
HR2 9LA,18,9,9,7
HR2 9LB,4,2,2,3
HR2 9LD,10,5,5,4
HR2 9LE,16,7,9,7
HR2 9LF,1,1,0,1
HR2 9LG,11,6,5,7
HR2 9LH,9,6,3,5
HR2 9LJ,10,6,4,4
HR2 9LL,24,9,15,12
HR2 9LN,2,2,0,2
HR2 9LP,27,15,12,9
HR2 9LQ,29,14,15,12
HR2 9LR,24,10,14,10
HR2 9LS,28,16,12,12
HR2 9LT,107,56,51,41
HR2 9LU,96,49,47,43
HR2 9LW,90,42,48,39
HR2 9LX,46,24,22,18
HR2 9LY,10,5,5,3
HR2 9LZ,4,2,2,1
HR2 9NA,13,6,7,5
HR2 9NB,8,5,3,3
HR2 9ND,6,3,3,2
HR2 9NE,8,4,4,3
HR2 9NF,20,13,7,6
HR2 9NH,12,7,5,3
HR2 9NJ,27,12,15,11
HR2 9NL,3,1,2,2
HR2 9NN,26,14,12,8
HR2 9NR,5,2,3,3
HR2 9NS,137,63,74,51
HR2 9NT,8,4,4,4
HR2 9NU,17,10,7,5
HR2 9NW,17,8,9,5
HR2 9NX,19,8,11,9
HR2 9NY,9,3,6,3
HR2 9NZ,34,13,21,14
HR2 9PA,13,7,6,6
HR2 9PB,4,2,2,2
HR2 9PD,3,2,1,1
HR2 9PE,5,2,3,2
HR2 9PF,7,3,4,4
HR2 9PG,34,19,15,12
HR2 9PH,46,22,24,15
HR2 9PJ,13,5,8,5
HR2 9PL,13,7,6,6
HR2 9PN,5,2,3,2
HR2 9PP,2,1,1,1
HR2 9PQ,21,10,11,10
HR2 9PR,5,1,4,1
HR2 9PS,2,1,1,1
HR2 9PT,60,32,28,22
HR2 9PU,7,5,2,5
HR2 9PW,20,9,11,8
HR2 9PX,8,3,5,3
HR2 9PY,28,13,15,11
HR2 9PZ,18,10,8,8
HR2 9QA,5,3,2,2
HR2 9QB,11,6,5,5
HR2 9QD,47,22,25,20
HR2 9QE,47,20,27,22
HR2 9QF,30,16,14,12
HR2 9QG,33,19,14,12
HR2 9QH,4,3,1,1
HR2 9QJ,20,9,11,8
HR2 9QL,4,2,2,2
HR2 9QN,63,29,34,27
HR2 9QP,6,2,4,2
HR2 9QQ,8,3,5,5
HR2 9QR,13,7,6,6
HR2 9QS,6,3,3,2
HR2 9QT,39,20,19,15
HR2 9QU,8,5,3,4
HR2 9QW,33,17,16,15
HR2 9QX,40,15,25,17
HR2 9QY,18,8,10,7
HR2 9RA,87,41,46,32
HR2 9RB,37,21,16,22
HR2 9RD,43,24,19,16
HR2 9RE,61,29,32,29
HR2 9RF,102,48,54,43
HR2 9RG,132,70,62,45
HR2 9RH,44,19,25,18
HR2 9RJ,46,17,29,32
HR2 9RL,4,3,1,2
HR2 9RN,43,16,27,26
HR2 9RQ,27,13,14,11
HR2 9RR,21,11,10,7
HR2 9RS,9,7,2,3
HR2 9RT,59,30,29,26
HR2 9RU,22,12,10,10
HR2 9RW,14,5,9,11
HR2 9RX,6,4,2,3
HR2 9RY,3,2,1,3
HR2 9RZ,30,28,2,0
HR2 9SA,14,8,6,5
HR2 9SB,16,7,9,6
HR2 9SD,45,22,23,16
HR2 9SE,59,30,29,28
HR2 9SF,27,13,14,10
HR2 9SG,10,5,5,6
HR2 9SH,20,7,13,13
HR2 9SJ,11,5,6,5
HR2 9SL,28,16,12,12
HR2 9SN,106,49,57,43
HR2 9SP,64,34,30,32
HR2 9SQ,12,7,5,5
HR2 9SR,10,5,5,6
HR2 9SS,21,12,9,12
HR2 9ST,56,25,31,29
HR2 9SU,84,49,35,31
HR2 9SW,86,44,42,38
HR2 9SY,23,9,14,7
HR2 9TE,15,8,7,7
HR2 9TF,4,1,3,3
HR2 9TG,2,1,1,1
HR2 9TH,10,4,6,4
HR2 9TJ,13,5,8,5
HR2 9TL,8,3,5,3
HR2 9TP,26,15,11,9
HR2 9TQ,28,16,12,12
HR2 9TR,7,4,3,3
HR3 5AA,15,6,9,9
HR3 5AB,39,25,14,18
HR3 5AD,11,5,6,7
HR3 5AE,24,14,10,15
HR3 5AF,6,2,4,6
HR3 5AG,4,2,2,1
HR3 5AJ,30,13,17,20
HR3 5AN,29,16,13,19
HR3 5AP,11,6,5,6
HR3 5AQ,4,2,2,2
HR3 5AR,13,6,7,9
HR3 5AS,20,11,9,11
HR3 5AT,8,4,4,6
HR3 5AU,7,5,2,7
HR3 5AW,15,7,8,8
HR3 5AX,8,3,5,5
HR3 5AY,13,8,5,6
HR3 5AZ,21,12,9,11
HR3 5BA,21,14,7,8
HR3 5BB,2,0,2,2
HR3 5BD,16,7,9,10
HR3 5BE,15,9,6,6
HR3 5BG,12,7,5,8
HR3 5BH,39,16,23,22
HR3 5BJ,13,5,8,6
HR3 5BL,14,5,9,7
HR3 5BN,11,6,5,8
HR3 5BP,17,6,11,11
HR3 5BQ,17,7,10,11
HR3 5BS,51,23,28,28
HR3 5BW,8,3,5,4
HR3 5BY,4,0,4,3
HR3 5DA,19,10,9,10
HR3 5DB,66,37,29,37
HR3 5DE,15,7,8,7
HR3 5DF,30,15,15,18
HR3 5DG,4,2,2,3
HR3 5DH,14,6,8,7
HR3 5DL,26,8,18,17
HR3 5DN,3,0,3,3
HR3 5DP,9,5,4,4
HR3 5DQ,31,16,15,14
HR3 5DR,1,1,0,1
HR3 5DS,23,13,10,10
HR3 5DT,8,4,4,4
HR3 5DU,54,24,30,30
HR3 5DW,12,4,8,8
HR3 5DX,15,6,9,9
HR3 5DY,24,11,13,12
HR3 5DZ,9,0,9,9
HR3 5EA,11,4,7,6
HR3 5EB,60,32,28,33
HR3 5ED,6,3,3,2
HR3 5EE,22,13,9,10
HR3 5EF,5,2,3,2
HR3 5EG,168,81,87,68
HR3 5EJ,18,7,11,8
HR3 5EL,144,70,74,61
HR3 5EN,16,6,10,7
HR3 5EP,2,1,1,1
HR3 5EQ,7,5,2,5
HR3 5ER,57,28,29,21
HR3 5ES,6,4,2,4
HR3 5ET,8,4,4,3
HR3 5EU,22,12,10,10
HR3 5EW,11,6,5,4
HR3 5EX,19,10,9,8
HR3 5EY,16,8,8,9
HR3 5EZ,17,9,8,7
HR3 5FA,1,1,0,1
HR3 5FD,5,1,4,3
HR3 5HA,49,24,25,23
HR3 5HB,36,19,17,10
HR3 5HD,5,1,4,3
HR3 5HF,47,22,25,20
HR3 5HG,12,7,5,5
HR3 5HH,8,4,4,4
HR3 5HJ,5,2,3,4
HR3 5HL,4,1,3,2
HR3 5HQ,15,9,6,6
HR3 5HT,3,2,1,1
HR3 5HU,12,6,6,7
HR3 5JA,19,8,11,11
HR3 5JB,14,4,10,9
HR3 5JD,37,13,24,21
HR3 5JE,4,1,3,3
HR3 5JF,2,1,1,1
HR3 5JG,13,4,9,7
HR3 5JH,10,5,5,4
HR3 5JJ,5,2,3,2
HR3 5JL,5,3,2,4
HR3 5JP,8,4,4,2
HR3 5JR,3,2,1,1
HR3 5JS,4,1,3,2
HR3 5JT,11,5,6,6
HR3 5JU,4,2,2,3
HR3 5JW,2,1,1,1
HR3 5JX,11,4,7,5
HR3 5JY,6,3,3,3
HR3 5JZ,44,23,21,18
HR3 5LA,1,0,1,1
HR3 5LB,3,1,2,2
HR3 5LD,5,3,2,2
HR3 5LE,21,11,10,9
HR3 5LF,71,36,35,36
HR3 5LG,12,4,8,5
HR3 5LH,26,12,14,11
HR3 5LJ,16,11,5,7
HR3 5LL,32,16,16,14
HR3 5LN,17,8,9,6
HR3 5LP,42,18,24,21
HR3 5LQ,11,6,5,5
HR3 5LR,6,3,3,2
HR3 5LS,8,4,4,3
HR3 5LT,6,3,3,4
HR3 5LU,17,10,7,8
HR3 5LW,3,1,2,2
HR3 5LX,35,16,19,15
HR3 5LY,5,2,3,1
HR3 5LZ,1,0,1,1
HR3 5NA,8,5,3,3
HR3 5NB,10,5,5,5
HR3 5ND,41,25,16,13
HR3 5NE,5,3,2,2
HR3 5NF,15,8,7,6
HR3 5NG,4,1,3,2
HR3 5NH,44,22,22,17
HR3 5NJ,12,7,5,6
HR3 5NL,10,4,6,6
HR3 5NN,25,10,15,13
HR3 5NP,13,5,8,6
HR3 5NQ,7,3,4,4
HR3 5NR,45,20,25,22
HR3 5NS,5,2,3,3
HR3 5NT,86,45,41,37
HR3 5NW,41,21,20,18
HR3 5NX,36,21,15,16
HR3 5NY,5,3,2,3
HR3 5NZ,50,23,27,21
HR3 5PA,2,1,1,1
HR3 5PB,1,0,1,1
HR3 5PD,2,1,1,1
HR3 5PE,21,11,10,8
HR3 5PF,3,2,1,2
HR3 5PH,34,16,18,18
HR3 5PJ,34,13,21,9
HR3 5PL,4,2,2,2
HR3 5PN,10,5,5,3
HR3 5PP,39,21,18,16
HR3 5PQ,19,8,11,8
HR3 5PR,13,7,6,7
HR3 5PS,13,7,6,5
HR3 5PT,14,9,5,6
HR3 5PU,55,25,30,26
HR3 5PW,11,5,6,3
HR3 5PX,7,4,3,2
HR3 5PY,4,2,2,2
HR3 5PZ,43,16,27,22
HR3 5QA,29,12,17,14
HR3 5QB,7,3,4,3
HR3 5QD,7,5,2,2
HR3 5QE,3,2,1,2
HR3 5QF,26,13,13,10
HR3 5QG,3,2,1,2
HR3 5QH,3,2,1,1
HR3 5QL,9,4,5,2
HR3 5QN,2,2,0,1
HR3 5QP,10,7,3,2
HR3 5QQ,6,3,3,2
HR3 5QR,84,38,46,50
HR3 5QS,81,39,42,32
HR3 5QU,9,5,4,6
HR3 5QX,43,25,18,16
HR3 5QY,13,5,8,6
HR3 5QZ,3,1,2,3
HR3 5RA,4,1,3,2
HR3 5RB,13,8,5,8
HR3 5RD,56,27,29,24
HR3 5RE,4,2,2,3
HR3 5RF,69,36,33,29
HR3 5RH,38,17,21,14
HR3 5RJ,10,6,4,5
HR3 5RL,13,7,6,7
HR3 5RP,34,15,19,12
HR3 5RQ,64,32,32,24
HR3 5RR,15,6,9,7
HR3 5RS,36,20,16,12
HR3 5RT,2,1,1,1
HR3 5RU,9,5,4,3
HR3 5RW,26,11,15,15
HR3 5RX,49,25,24,23
HR3 5RY,1,1,0,1
HR3 5RZ,26,12,14,11
HR3 5SA,20,13,7,12
HR3 5SB,16,10,6,8
HR3 5SD,18,11,7,8
HR3 5SE,25,15,10,8
HR3 5SF,17,8,9,6
HR3 5SG,34,18,16,15
HR3 5SH,4,2,2,1
HR3 5SJ,6,4,2,2
HR3 5SL,9,4,5,3
HR3 5SN,14,8,6,7
HR3 5SP,55,30,25,27
HR3 5SQ,10,5,5,5
HR3 5SR,78,36,42,35
HR3 5SS,15,7,8,7
HR3 5ST,2,0,2,1
HR3 5SU,32,17,15,12
HR3 5SW,7,3,4,3
HR3 5SX,27,12,15,16
HR3 5SY,18,9,9,7
HR3 5SZ,15,7,8,4
HR3 5TA,49,24,25,14
HR3 5TB,22,11,11,8
HR3 5TD,14,7,7,6
HR3 5TE,16,8,8,5
HR3 5TG,6,3,3,3
HR3 5TH,8,4,4,6
HR3 5TR,1,0,1,1
HR3 6AA,7,1,6,3
HR3 6AB,22,10,12,9
HR3 6AD,37,14,23,16
HR3 6AE,15,7,8,6
HR3 6AF,6,3,3,3
HR3 6AG,16,9,7,4
HR3 6AH,13,5,8,5
HR3 6AJ,28,11,17,14
HR3 6AN,28,14,14,11
HR3 6AP,40,23,17,14
HR3 6AQ,2,1,1,1
HR3 6AR,17,8,9,6
HR3 6AS,10,5,5,4
HR3 6AT,27,11,16,11
HR3 6AU,7,5,2,2
HR3 6AW,22,11,11,9
HR3 6AX,15,7,8,4
HR3 6AY,11,4,7,3
HR3 6AZ,3,1,2,2
HR3 6BA,6,4,2,3
HR3 6BB,2,1,1,1
HR3 6BE,29,17,12,12
HR3 6BG,15,9,6,4
HR3 6BH,7,4,3,4
HR3 6BJ,16,8,8,6
HR3 6BL,41,18,23,18
HR3 6BN,5,2,3,3
HR3 6BQ,10,5,5,4
HR3 6BS,7,4,3,4
HR3 6BT,5,2,3,1
HR3 6BU,18,10,8,9
HR3 6BX,4,2,2,2
HR3 6BY,27,13,14,12
HR3 6BZ,70,36,34,30
HR3 6DA,7,4,3,2
HR3 6DB,24,12,12,12
HR3 6DD,51,23,28,15
HR3 6DE,21,9,12,10
HR3 6DH,58,33,25,21
HR3 6DL,2,1,1,1
HR3 6DN,7,5,2,4
HR3 6DP,7,3,4,5
HR3 6DS,3,2,1,2
HR3 6DT,30,16,14,12
HR3 6DX,20,12,8,8
HR3 6EA,115,58,57,49
HR3 6EB,47,23,24,20
HR3 6ED,14,7,7,5
HR3 6EE,16,10,6,6
HR3 6EF,27,17,10,10
HR3 6EG,9,4,5,5
HR3 6EH,22,13,9,9
HR3 6EJ,11,6,5,4
HR3 6EL,2,1,1,1
HR3 6EN,2,0,2,1
HR3 6EQ,17,8,9,10
HR3 6ER,20,9,11,7
HR3 6ES,9,3,6,5
HR3 6ET,12,6,6,4
HR3 6EU,9,5,4,6
HR3 6EW,7,4,3,2
HR3 6EX,18,9,9,7
HR3 6EY,18,8,10,8
HR3 6HA,17,11,6,8
HR3 6HE,17,6,11,8
HR3 6HF,11,6,5,5
HR3 6HG,7,3,4,3
HR3 6HH,9,5,4,3
HR3 6HJ,8,4,4,3
HR3 6HL,6,4,2,5
HR3 6HN,28,15,13,9
HR3 6HP,4,3,1,1
HR3 6HQ,1,1,0,1
HR3 6HS,11,4,7,5
HR3 6HT,10,5,5,5
HR3 6HU,3,2,1,1
HR3 6HW,12,6,6,6
HR3 6HX,10,4,6,7
HR3 6HY,8,4,4,4
HR3 6HZ,4,2,2,2
HR3 6JA,13,6,7,6
HR3 6JB,7,4,3,3
HR3 6JD,16,8,8,8
HR3 6JE,3,2,1,1
HR3 6JF,27,11,16,11
HR3 6JG,12,5,7,5
HR3 6JH,18,10,8,8
HR3 6JJ,2,1,1,1
HR3 6JL,3,1,2,1
HR3 6JN,4,2,2,1
HR3 6JP,11,6,5,5
HR3 6JQ,2,1,1,1
HR3 6JR,9,5,4,4
HR3 6JS,16,11,5,6
HR3 6JT,4,2,2,2
HR3 6JU,10,8,2,7
HR3 6JW,45,23,22,18
HR3 6JX,5,2,3,2
HR3 6JY,14,6,8,6
HR3 6JZ,30,17,13,9
HR3 6LA,17,10,7,5
HR3 6LB,19,11,8,9
HR3 6LD,10,5,5,6
HR3 6LE,69,41,28,25
HR3 6LF,32,16,16,13
HR3 6LG,8,2,6,3
HR3 6LH,26,11,15,13
HR3 6LJ,40,20,20,14
HR3 6LL,7,4,3,1
HR3 6LN,8,4,4,2
HR3 6LP,10,4,6,4
HR3 6LQ,51,24,27,23
HR3 6LR,3,2,1,1
HR3 6LS,9,4,5,4
HR3 6LT,19,9,10,8
HR3 6LU,28,11,17,13
HR3 6LW,2,1,1,1
HR3 6LX,13,4,9,7
HR3 6LY,14,8,6,7
HR3 6LZ,14,6,8,5
HR3 6NA,24,13,11,12
HR3 6NB,26,14,12,10
HR3 6ND,6,3,3,4
HR3 6NE,47,26,21,26
HR3 6NF,18,9,9,10
HR3 6NG,23,11,12,9
HR3 6NH,27,15,12,10
HR3 6NJ,44,21,23,19
HR3 6NL,13,6,7,8
HR3 6NN,16,8,8,8
HR3 6NP,25,11,14,18
HR3 6NQ,27,12,15,13
HR3 6NR,25,10,15,14
HR3 6NS,32,16,16,14
HR3 6NT,32,15,17,14
HR3 6NU,7,3,4,3
HR3 6NW,21,11,10,10
HR3 6NX,15,8,7,6
HR3 6NY,57,27,30,21
HR3 6NZ,4,3,1,1
HR3 6PA,9,5,4,3
HR3 6PB,8,5,3,3
HR3 6PD,27,16,11,10
HR3 6PE,4,3,1,4
HR3 6PF,41,24,17,20
HR3 6PG,9,3,6,2
HR3 6PJ,6,2,4,5
HR3 6PL,50,23,27,21
HR3 6PN,4,2,2,2
HR3 6PP,48,23,25,25
HR3 6PQ,25,13,12,13
HR3 6PR,14,7,7,7
HR3 6PS,4,3,1,2
HR3 6PT,4,2,2,3
HR3 6PU,2,1,1,1
HR3 6PW,42,21,21,19
HR3 6PX,24,14,10,10
HR3 6PY,11,4,7,4
HR3 6QA,21,10,11,11
HR3 6QB,38,17,21,16
HR3 6QD,33,17,16,16
HR3 6QE,3,1,2,2
HR3 6QF,9,3,6,1
HR3 6QG,5,2,3,1
HR3 6QH,29,14,15,8
HR3 6QJ,8,4,4,4
HR3 6QL,28,12,16,11
HR3 6QN,34,19,15,15
HR3 6QP,2,1,1,1
HR3 6QQ,10,4,6,4
HR3 6QR,2,1,1,1
HR3 6QS,23,12,11,9
HR3 6QT,5,3,2,2
HR3 6QU,24,9,15,11
HR3 6QW,17,8,9,7
HR3 6QX,20,9,11,7
HR4 0AA,64,35,29,35
HR4 0AB,6,3,3,4
HR4 0AF,24,7,17,18
HR4 0AH,2,1,1,1
HR4 0AJ,12,8,4,7
HR4 0AL,35,19,16,18
HR4 0AP,41,25,16,20
HR4 0AQ,62,19,43,49
HR4 0AR,9,4,5,6
HR4 0AS,62,26,36,40
HR4 0AT,83,39,44,22
HR4 0AU,17,7,10,12
HR4 0AW,35,18,17,22
HR4 0AY,114,74,40,48
HR4 0BA,38,21,17,19
HR4 0BD,22,11,11,10
HR4 0BE,63,31,32,24
HR4 0BG,20,15,5,9
HR4 0BJ,13,8,5,6
HR4 0BP,6,2,4,6
HR4 0BT,20,12,8,13
HR4 0BX,9,4,5,7
HR4 0BY,5,3,2,2
HR4 0BZ,26,8,18,17
HR4 0DE,37,16,21,13
HR4 0DF,15,8,7,12
HR4 0DG,45,27,18,21
HR4 0DH,39,18,21,27
HR4 0DJ,80,43,37,39
HR4 0DL,9,6,3,3
HR4 0DN,41,23,18,18
HR4 0DP,25,14,11,13
HR4 0DQ,35,20,15,16
HR4 0DR,24,12,12,9
HR4 0DS,46,18,28,21
HR4 0DT,68,35,33,26
HR4 0DU,45,23,22,17
HR4 0DX,26,11,15,15
HR4 0DY,57,32,25,18
HR4 0DZ,71,39,32,23
HR4 0EB,40,11,29,34
HR4 0ED,8,3,5,6
HR4 0EF,35,20,15,25
HR4 0EG,105,56,49,43
HR4 0EJ,19,5,14,16
HR4 0EP,79,41,38,39
HR4 0EQ,34,16,18,13
HR4 0ER,114,52,62,53
HR4 0ET,85,41,44,37
HR4 0EU,72,36,36,33
HR4 0EX,120,60,60,46
HR4 0EY,85,44,41,35
HR4 0EZ,17,8,9,9
HR4 0HA,108,51,57,44
HR4 0HB,94,42,52,40
HR4 0HD,118,55,63,47
HR4 0HE,62,33,29,25
HR4 0HF,49,25,24,22
HR4 0HG,50,25,25,19
HR4 0HH,80,44,36,34
HR4 0HJ,26,11,15,10
HR4 0HN,80,40,40,30
HR4 0HP,43,20,23,27
HR4 0HQ,123,67,56,61
HR4 0HR,43,27,16,28
HR4 0HS,47,18,29,25
HR4 0HT,40,14,26,18
HR4 0HU,69,31,38,33
HR4 0HW,33,17,16,17
HR4 0HX,16,9,7,12
HR4 0HY,20,5,15,9
HR4 0JA,22,10,12,8
HR4 0JB,34,15,19,16
HR4 0JD,46,21,25,20
HR4 0JE,74,34,40,30
HR4 0JF,162,91,71,53
HR4 0JG,67,33,34,28
HR4 0JH,122,66,56,47
HR4 0JJ,140,71,69,50
HR4 0JL,110,58,52,56
HR4 0JN,112,63,49,42
HR4 0JP,92,49,43,39
HR4 0JQ,109,59,50,38
HR4 0JR,29,15,14,17
HR4 0JU,58,30,28,26
HR4 0JW,75,37,38,24
HR4 0JX,85,44,41,35
HR4 0JY,107,47,60,29
HR4 0JZ,110,55,55,40
HR4 0LA,69,38,31,24
HR4 0LB,83,48,35,28
HR4 0LD,72,30,42,27
HR4 0LF,74,37,37,27
HR4 0LG,11,4,7,7
HR4 0LH,51,26,25,23
HR4 0LJ,71,28,43,34
HR4 0LL,6,2,4,3
HR4 0LN,98,59,39,36
HR4 0LP,86,42,44,34
HR4 0LQ,54,25,29,25
HR4 0LR,25,13,12,10
HR4 0LS,88,45,43,52
HR4 0LT,128,65,63,54
HR4 0LU,59,30,29,22
HR4 0LX,12,5,7,7
HR4 0LY,32,15,17,11
HR4 0LZ,23,12,11,12
HR4 0NA,16,7,9,6
HR4 0NB,39,20,19,15
HR4 0ND,54,27,27,20
HR4 0NE,42,24,18,18
HR4 0NF,36,15,21,13
HR4 0NG,48,23,25,21
HR4 0NH,80,37,43,29
HR4 0NJ,18,10,8,5
HR4 0NP,37,20,17,15
HR4 0NQ,68,35,33,26
HR4 0NR,82,43,39,34
HR4 0NS,51,24,27,15
HR4 0NT,72,38,34,26
HR4 0NU,72,38,34,25
HR4 0NW,51,21,30,16
HR4 0NX,47,20,27,14
HR4 0NY,42,19,23,15
HR4 0NZ,8,6,2,7
HR4 0PA,24,12,12,11
HR4 0PB,56,23,33,27
HR4 0PD,35,19,16,26
HR4 0PE,35,17,18,20
HR4 0PF,18,11,7,7
HR4 0PG,29,12,17,12
HR4 0PH,5,3,2,2
HR4 0PJ,10,7,3,5
HR4 0PL,38,20,18,18
HR4 0PN,137,69,68,66
HR4 0PP,88,39,49,46
HR4 0PQ,37,20,17,14
HR4 0PR,188,90,98,82
HR4 0PW,83,42,41,36
HR4 0QA,20,8,12,10
HR4 0QB,71,31,40,31
HR4 0QD,24,12,12,10
HR4 0QE,35,15,20,12
HR4 0QF,50,27,23,19
HR4 0QG,111,52,59,39
HR4 0QH,140,69,71,54
HR4 0QJ,41,18,23,20
HR4 0QL,48,22,26,19
HR4 0QN,39,20,19,19
HR4 0QP,53,27,26,22
HR4 0QQ,85,44,41,31
HR4 0QR,85,46,39,36
HR4 0QS,25,13,12,12
HR4 0QT,52,23,29,20
HR4 0QU,8,4,4,5
HR4 0QW,129,63,66,46
HR4 0QX,53,24,29,30
HR4 0RB,75,30,45,42
HR4 0RD,35,20,15,16
HR4 0RE,14,7,7,10
HR4 0RF,45,22,23,23
HR4 0RG,69,31,38,30
HR4 0RH,105,50,55,44
HR4 0RJ,79,36,43,32
HR4 0RN,44,23,21,18
HR4 0RP,59,26,33,26
HR4 0RQ,43,22,21,20
HR4 0RR,80,40,40,32
HR4 0RS,61,30,31,22
HR4 0RT,31,17,14,12
HR4 0RU,155,71,84,66
HR4 0RW,112,58,54,44
HR4 0RX,127,64,63,53
HR4 0RY,9,3,6,6
HR4 0RZ,13,5,8,9
HR4 0SA,34,16,18,19
HR4 0SB,19,9,10,8
HR4 0SD,40,19,21,16
HR4 0SF,18,11,7,11
HR4 0SG,44,22,22,16
HR4 0SH,36,18,18,16
HR4 0SJ,6,3,3,4
HR4 0SL,40,22,18,20
HR4 0SN,16,8,8,8
HR4 0SP,54,29,25,22
HR4 0SR,95,44,51,40
HR4 0SS,59,31,28,25
HR4 0ST,76,41,35,48
HR4 0SU,74,38,36,43
HR4 0SW,19,9,10,8
HR4 0SX,32,16,16,23
HR4 0SY,17,8,9,10
HR4 0SZ,10,5,5,6
HR4 0TA,56,27,29,25
HR4 0TB,10,6,4,5
HR4 0TD,36,19,17,17
HR4 0TE,62,29,33,26
HR4 0TF,12,5,7,6
HR4 0TG,96,50,46,40
HR4 0TH,48,18,30,26
HR4 0TJ,71,36,35,27
HR4 0TL,11,3,8,5
HR4 0TN,119,59,60,39
HR4 0TP,12,7,5,5
HR4 0TQ,39,21,18,13
HR4 7AA,19,9,10,7
HR4 7AB,17,8,9,8
HR4 7AD,10,7,3,5
HR4 7AE,12,7,5,6
HR4 7AF,3,1,2,2
HR4 7AG,63,27,36,30
HR4 7AH,14,5,9,6
HR4 7AJ,3,1,2,1
HR4 7AL,6,3,3,4
HR4 7AN,27,14,13,13
HR4 7AP,14,8,6,6
HR4 7AR,61,31,30,22
HR4 7AS,16,8,8,7
HR4 7AT,24,12,12,10
HR4 7AU,7,2,5,3
HR4 7AW,20,10,10,9
HR4 7AX,36,19,17,17
HR4 7AZ,18,7,11,12
HR4 7BA,15,9,6,5
HR4 7BB,21,10,11,8
HR4 7BD,17,9,8,5
HR4 7BE,32,18,14,14
HR4 7BG,10,3,7,6
HR4 7BH,45,20,25,17
HR4 7BJ,15,7,8,6
HR4 7BL,29,15,14,12
HR4 7BN,10,6,4,4
HR4 7BP,49,25,24,20
HR4 7BQ,32,16,16,15
HR4 7BT,11,6,5,4
HR4 7BW,31,14,17,12
HR4 7DA,19,10,9,8
HR4 7DB,6,4,2,2
HR4 7DD,67,61,6,0
HR4 7DE,5,2,3,2
HR4 7DF,12,8,4,4
HR4 7DG,58,33,25,17
HR4 7DH,16,7,9,6
HR4 7DJ,28,16,12,9
HR4 7DL,37,16,21,5
HR4 7DN,19,10,9,7
HR4 7DP,100,48,52,26
HR4 7DQ,38,22,16,14
HR4 7DR,59,28,31,20
HR4 7DS,19,12,7,7
HR4 7DT,137,68,69,41
HR4 7DU,95,43,52,26
HR4 7DW,68,35,33,26
HR4 7DX,61,29,32,26
HR4 7DY,30,13,17,16
HR4 7DZ,27,12,15,10
HR4 7EA,21,10,11,8
HR4 7EB,33,17,16,12
HR4 7ED,9,6,3,4
HR4 7EE,73,35,38,29
HR4 7EF,48,27,21,19
HR4 7EG,14,8,6,5
HR4 7EH,10,5,5,5
HR4 7EJ,14,7,7,7
HR4 7EL,195,102,93,71
HR4 7EN,140,67,73,50
HR4 7EQ,18,9,9,9
HR4 7ER,29,14,15,15
HR4 7ES,4,3,1,2
HR4 7ET,71,36,35,36
HR4 7EU,80,40,40,32
HR4 7EW,103,55,48,25
HR4 7EX,99,54,45,39
HR4 7EY,18,9,9,7
HR4 7EZ,4,3,1,1
HR4 7FA,37,18,19,12
HR4 7FB,51,22,29,20
HR4 7FD,28,12,16,12
HR4 7FE,38,18,20,15
HR4 7FF,142,64,78,56
HR4 7FG,70,31,39,19
HR4 7HG,26,14,12,10
HR4 7HH,11,5,6,5
HR4 7HJ,13,5,8,5
HR4 7HL,20,9,11,8
HR4 7HN,27,13,14,9
HR4 7HP,12,5,7,5
HR4 7HQ,80,39,41,37
HR4 7HW,2,1,1,1
HR4 7HX,35,19,16,15
HR4 7HY,16,8,8,8
HR4 7HZ,20,9,11,8
HR4 7JD,9,6,3,7
HR4 7JE,37,17,20,20
HR4 7JF,40,20,20,12
HR4 7JG,11,5,6,6
HR4 7JH,14,7,7,5
HR4 7JJ,7,3,4,2
HR4 7JL,10,5,5,3
HR4 7JN,15,8,7,6
HR4 7JQ,7,4,3,4
HR4 7JT,8,3,5,5
HR4 7JU,24,13,11,8
HR4 7JW,6,3,3,3
HR4 7JY,4,1,3,3
HR4 7JZ,10,4,6,5
HR4 7LA,6,3,3,2
HR4 7LB,11,6,5,6
HR4 7LD,50,24,26,22
HR4 7LE,31,15,16,12
HR4 7LF,7,4,3,2
HR4 7LG,10,5,5,3
HR4 7LL,17,9,8,6
HR4 7LN,15,8,7,7
HR4 7LP,35,16,19,14
HR4 7LR,67,33,34,32
HR4 7LS,15,8,7,5
HR4 7LT,29,13,16,11
HR4 7LU,7,3,4,4
HR4 7LW,24,12,12,13
HR4 7LX,8,4,4,3
HR4 7LY,3,2,1,2
HR4 7LZ,1,1,0,1
HR4 7NA,40,21,19,19
HR4 7NB,17,10,7,10
HR4 7ND,4,2,2,2
HR4 7NE,17,11,6,5
HR4 7NF,41,19,22,22
HR4 7NG,25,13,12,6
HR4 7NH,3,2,1,3
HR4 7NJ,4,3,1,1
HR4 7NL,43,23,20,17
HR4 7PA,5,3,2,2
HR4 7PB,38,21,17,13
HR4 7PD,12,6,6,5
HR4 7PE,8,4,4,3
HR4 7PF,15,7,8,8
HR4 7PG,40,19,21,19
HR4 7PH,7,4,3,4
HR4 7PJ,15,7,8,8
HR4 7PL,46,29,17,19
HR4 7PN,42,19,23,28
HR4 7PP,69,36,33,30
HR4 7PQ,15,8,7,6
HR4 7PR,52,24,28,25
HR4 7PS,10,5,5,5
HR4 7PT,19,9,10,7
HR4 7PU,56,28,28,30
HR4 7PX,34,18,16,12
HR4 7QA,22,11,11,10
HR4 7QB,17,8,9,7
HR4 7QD,35,18,17,13
HR4 7QE,34,16,18,15
HR4 7QF,39,13,26,5
HR4 7QG,6,3,3,2
HR4 7QH,2,1,1,1
HR4 7QJ,23,12,11,11
HR4 7QL,81,39,42,29
HR4 7QN,39,17,22,15
HR4 7QP,30,17,13,10
HR4 7QQ,44,24,20,15
HR4 7QR,14,8,6,7
HR4 7QS,38,22,16,11
HR4 7QT,5,3,2,3
HR4 7QZ,9,4,5,4
HR4 7RA,33,21,12,11
HR4 7RB,61,31,30,26
HR4 7RD,60,30,30,23
HR4 7RE,26,12,14,11
HR4 7RG,9,3,6,3
HR4 7RH,14,7,7,5
HR4 7RJ,16,10,6,8
HR4 7RL,24,11,13,9
HR4 7RN,37,17,20,19
HR4 7RP,10,4,6,4
HR4 7RQ,24,12,12,10
HR4 7RR,119,49,70,38
HR4 7RS,2,1,1,1
HR4 7RT,40,24,16,18
HR4 7RU,11,5,6,5
HR4 7RW,63,33,30,26
HR4 7RX,29,14,15,13
HR4 7RY,15,7,8,4
HR4 7RZ,50,23,27,23
HR4 7SA,72,35,37,40
HR4 7SB,53,25,28,29
HR4 7SD,11,6,5,7
HR4 7SE,8,3,5,3
HR4 7SF,3,1,2,3
HR4 7SG,8,5,3,3
HR4 7SH,25,13,12,10
HR4 7SJ,26,12,14,12
HR4 7SL,3,1,2,2
HR4 7SN,4,2,2,1
HR4 7SP,2,1,1,1
HR4 7SQ,23,12,11,11
HR4 7SR,1,0,1,1
HR4 7SW,88,42,46,58
HR4 8AA,29,13,16,10
HR4 8AB,1,1,0,1
HR4 8AD,53,28,25,18
HR4 8AE,22,13,9,9
HR4 8AF,2,1,1,1
HR4 8AG,18,10,8,8
HR4 8AH,31,19,12,10
HR4 8AJ,8,4,4,4
HR4 8AL,57,28,29,21
HR4 8AN,13,6,7,6
HR4 8AP,54,25,29,27
HR4 8AQ,48,28,20,22
HR4 8AR,15,6,9,10
HR4 8AS,43,23,20,18
HR4 8AT,104,50,54,44
HR4 8AU,41,21,20,15
HR4 8AW,5,2,3,3
HR4 8AX,30,13,17,13
HR4 8AY,68,34,34,27
HR4 8AZ,133,65,68,49
HR4 8BA,19,12,7,4
HR4 8BB,24,12,12,10
HR4 8BD,2,1,1,1
HR4 8BE,24,12,12,8
HR4 8BF,15,11,4,4
HR4 8BG,9,6,3,6
HR4 8BH,6,3,3,3
HR4 8BJ,3,1,2,2
HR4 8BL,35,17,18,15
HR4 8BN,7,3,4,3
HR4 8BP,44,20,24,16
HR4 8BQ,5,3,2,3
HR4 8BS,29,11,18,11
HR4 8BT,41,21,20,20
HR4 8BU,98,51,47,38
HR4 8BW,50,25,25,21
HR4 8BZ,17,7,10,6
HR4 8DA,22,11,11,9
HR4 8DB,68,31,37,27
HR4 8DD,102,53,49,30
HR4 8DE,24,11,13,11
HR4 8DF,133,64,69,44
HR4 8DG,54,30,24,25
HR4 8DH,8,5,3,4
HR4 8DJ,28,15,13,12
HR4 8DL,125,61,64,50
HR4 8DN,123,68,55,48
HR4 8DQ,62,28,34,23
HR4 8DR,12,7,5,3
HR4 8DT,47,26,21,16
HR4 8DU,50,23,27,25
HR4 8DW,120,57,63,42
HR4 8DX,8,5,3,4
HR4 8DZ,7,4,3,2
HR4 8EA,7,3,4,4
HR4 8EB,10,3,7,3
HR4 8ED,33,14,19,15
HR4 8EE,19,11,8,10
HR4 8EF,23,10,13,10
HR4 8EG,8,4,4,4
HR4 8EH,14,8,6,4
HR4 8EJ,18,8,10,7
HR4 8EL,3,0,3,1
HR4 8EN,65,33,32,26
HR4 8EP,1,1,0,1
HR4 8EQ,15,8,7,7
HR4 8ER,28,15,13,10
HR4 8ES,8,2,6,2
HR4 8ET,52,26,26,16
HR4 8EU,5,2,3,2
HR4 8EW,22,12,10,9
HR4 8EX,11,6,5,5
HR4 8EY,4,1,3,3
HR4 8EZ,6,3,3,3
HR4 8FD,12,5,7,4
HR4 8HA,14,6,8,6
HR4 8HB,17,12,5,6
HR4 8HD,5,2,3,2
HR4 8HE,8,4,4,3
HR4 8HF,1,1,0,1
HR4 8HG,15,9,6,5
HR4 8HH,6,4,2,3
HR4 8HJ,10,6,4,4
HR4 8HL,36,14,22,15
HR4 8HN,2,1,1,1
HR4 8HP,2,1,1,1
HR4 8HQ,10,5,5,6
HR4 8HR,19,11,8,7
HR4 8HS,28,12,16,12
HR4 8HT,41,19,22,18
HR4 8HU,22,12,10,14
HR4 8HW,19,10,9,8
HR4 8HX,3,2,1,2
HR4 8HY,6,3,3,4
HR4 8HZ,29,9,20,16
HR4 8JA,10,5,5,3
HR4 8JB,10,6,4,3
HR4 8JD,9,4,5,6
HR4 8JE,7,3,4,3
HR4 8JF,13,7,6,6
HR4 8JG,27,13,14,10
HR4 8JH,16,9,7,6
HR4 8JJ,14,7,7,7
HR4 8JL,10,4,6,4
HR4 8JN,16,6,10,5
HR4 8JP,35,15,20,15
HR4 8JQ,9,3,6,4
HR4 8JS,18,10,8,7
HR4 8JW,73,39,34,31
HR4 8LA,3,2,1,1
HR4 8LB,16,9,7,9
HR4 8LD,32,18,14,12
HR4 8LE,22,9,13,8
HR4 8LF,5,4,1,1
HR4 8LG,43,20,23,16
HR4 8LH,9,4,5,4
HR4 8LJ,12,6,6,5
HR4 8LL,19,8,11,6
HR4 8LN,27,13,14,8
HR4 8LP,50,24,26,14
HR4 8LQ,30,11,19,10
HR4 8LR,12,6,6,7
HR4 8LS,5,2,3,2
HR4 8LT,11,6,5,4
HR4 8LU,5,2,3,4
HR4 8LW,62,34,28,25
HR4 8LX,9,5,4,4
HR4 8LY,9,4,5,6
HR4 8LZ,9,4,5,3
HR4 8NB,2,1,1,1
HR4 8NF,18,7,11,7
HR4 8NG,53,27,26,18
HR4 8NH,9,5,4,5
HR4 8NJ,5,3,2,2
HR4 8NL,8,3,5,3
HR4 8NN,37,17,20,11
HR4 8NP,24,11,13,9
HR4 8NQ,26,16,10,10
HR4 8NR,7,3,4,3
HR4 8NS,13,6,7,6
HR4 8NT,52,23,29,26
HR4 8NU,30,14,16,16
HR4 8NW,4,2,2,1
HR4 8NX,3,1,2,2
HR4 8NY,101,48,53,42
HR4 8NZ,7,4,3,4
HR4 8PA,12,3,9,2
HR4 8PD,15,9,6,6
HR4 8PE,20,10,10,6
HR4 8PF,11,5,6,5
HR4 8PG,10,5,5,6
HR4 8PH,2,1,1,2
HR4 8PJ,12,6,6,7
HR4 8PL,5,2,3,1
HR4 8PN,9,3,6,5
HR4 8PP,10,5,5,3
HR4 8PQ,27,18,9,10
HR4 8PR,3,2,1,1
HR4 8PS,30,16,14,15
HR4 8PT,18,9,9,8
HR4 8PU,19,10,9,5
HR4 8PW,25,14,11,8
HR4 8PX,13,8,5,5
HR4 8PY,8,3,5,3
HR4 8PZ,20,11,9,8
HR4 8QF,4,1,3,1
HR4 8QG,7,4,3,5
HR4 8QH,6,3,3,3
HR4 8QJ,3,2,1,2
HR4 8QL,2,1,1,1
HR4 8QN,4,2,2,1
HR4 8QP,33,18,15,14
HR4 8QQ,7,2,5,3
HR4 8QR,11,7,4,4
HR4 8QS,55,34,21,22
HR4 8QT,24,10,14,12
HR4 8QW,9,3,6,4
HR4 8QX,13,6,7,4
HR4 8QY,24,10,14,8
HR4 8QZ,9,5,4,4
HR4 8RA,7,2,5,2
HR4 8RB,4,2,2,1
HR4 8RD,1,0,1,1
HR4 8RE,4,3,1,3
HR4 8RF,12,6,6,6
HR4 8RG,5,3,2,2
HR4 8RH,19,10,9,7
HR4 8RJ,42,18,24,15
HR4 8RL,15,9,6,8
HR4 8RN,33,17,16,15
HR4 8RP,24,15,9,14
HR4 8RQ,11,4,7,7
HR4 8RR,25,14,11,10
HR4 8RS,3,1,2,2
HR4 8RU,4,2,2,2
HR4 8RW,2,1,1,1
HR4 8RY,9,3,6,3
HR4 8RZ,57,24,33,28
HR4 8SA,53,24,29,23
HR4 8SB,13,8,5,7
HR4 8SD,20,9,11,11
HR4 8SE,10,4,6,5
HR4 8SF,22,9,13,10
HR4 8SG,42,19,23,17
HR4 8SH,23,10,13,13
HR4 8SJ,9,3,6,3
HR4 8SL,21,11,10,12
HR4 8SN,20,9,11,7
HR4 8SP,40,16,24,14
HR4 8SQ,10,5,5,7
HR4 8SR,37,18,19,26
HR4 8SS,13,5,8,8
HR4 8SU,36,21,15,14
HR4 8SW,60,28,32,27
HR4 8SX,40,16,24,15
HR4 8SY,99,52,47,34
HR4 8SZ,78,41,37,25
HR4 8TA,130,57,73,60
HR4 8TB,52,17,35,31
HR4 8TD,54,16,38,31
HR4 8TE,2,1,1,1
HR4 8TF,36,21,15,12
HR4 8TG,20,11,9,9
HR4 9AP,7,5,2,4
HR4 9AR,11,8,3,7
HR4 9BG,5,5,0,0
HR4 9BJ,15,7,8,9
HR4 9BN,2,1,1,1
HR4 9BQ,25,14,11,13
HR4 9BW,5,5,0,4
HR4 9BX,10,6,4,2
HR4 9DF,19,11,8,12
HR4 9DG,29,16,13,11
HR4 9DJ,1,0,1,1
HR4 9DP,22,11,11,15
HR4 9DS,9,6,3,4
HR4 9DW,22,12,10,8
HR4 9EA,21,12,9,15
HR4 9EP,28,18,10,18
HR4 9EW,5,3,2,3
HR4 9EZ,16,11,5,9
HR4 9HB,8,5,3,6
HR4 9HE,11,6,5,4
HR4 9HF,18,6,12,5
HR4 9HG,31,17,14,15
HR4 9HN,19,9,10,8
HR4 9HP,21,11,10,10
HR4 9HS,1,1,0,1
HR4 9HY,131,50,81,61
HR4 9HZ,119,61,58,49
HR4 9JA,56,27,29,28
HR4 9JB,6,3,3,5
HR4 9JD,34,15,19,29
HR4 9JE,99,51,48,48
HR4 9JH,23,16,7,18
HR4 9JJ,67,40,27,36
HR4 9JL,72,44,28,36
HR4 9JN,56,26,30,26
HR4 9JP,51,27,24,27
HR4 9JR,79,42,37,33
HR4 9JS,31,16,15,13
HR4 9JW,22,13,9,11
HR4 9LA,109,56,53,52
HR4 9LB,128,60,68,48
HR4 9LD,59,22,37,20
HR4 9LE,10,5,5,4
HR4 9LF,80,40,40,37
HR4 9LG,36,19,17,17
HR4 9LH,46,22,24,13
HR4 9LJ,58,25,33,25
HR4 9LL,72,46,26,31
HR4 9LS,91,48,43,35
HR4 9LT,41,25,16,17
HR4 9LU,96,45,51,54
HR4 9LW,19,10,9,10
HR4 9LX,73,39,34,46
HR4 9LY,40,22,18,19
HR4 9LZ,39,17,22,22
HR4 9NA,14,5,9,4
HR4 9NB,40,21,19,21
HR4 9ND,13,6,7,9
HR4 9NE,134,77,57,55
HR4 9NF,75,45,30,30
HR4 9NH,37,18,19,13
HR4 9NJ,82,44,38,39
HR4 9NL,34,20,14,23
HR4 9NN,18,6,12,11
HR4 9NP,74,29,45,26
HR4 9NQ,24,13,11,14
HR4 9NR,94,45,49,42
HR4 9NW,81,34,47,37
HR4 9NX,10,3,7,8
HR4 9PD,42,18,24,14
HR4 9PE,41,20,21,14
HR4 9PF,38,19,19,14
HR4 9PG,119,56,63,55
HR4 9PH,32,14,18,13
HR4 9PJ,163,88,75,59
HR4 9PL,22,10,12,8
HR4 9PN,12,7,5,7
HR4 9PP,127,59,68,48
HR4 9PQ,106,50,56,41
HR4 9PR,62,32,30,23
HR4 9PS,73,30,43,28
HR4 9PT,28,15,13,10
HR4 9PW,21,11,10,8
HR4 9PY,36,18,18,16
HR4 9PZ,73,41,32,30
HR4 9QA,20,10,10,11
HR4 9QB,81,38,43,27
HR4 9QD,90,49,41,57
HR4 9QF,8,2,6,6
HR4 9QG,37,20,17,23
HR4 9QH,1,1,0,1
HR4 9QJ,18,7,11,10
HR4 9QN,38,22,16,19
HR4 9QP,17,8,9,11
HR4 9QQ,19,11,8,7
HR4 9QR,11,7,4,4
HR4 9QS,118,56,62,53
HR4 9QT,30,13,17,14
HR4 9QU,35,17,18,16
HR4 9QW,63,29,34,30
HR4 9QX,48,22,26,20
HR4 9QY,45,25,20,17
HR4 9QZ,56,28,28,23
HR4 9RA,15,8,7,7
HR4 9RB,55,22,33,23
HR4 9RD,93,44,49,36
HR4 9RE,39,23,16,16
HR4 9RF,24,14,10,10
HR4 9RG,16,9,7,3
HR4 9RH,11,7,4,6
HR4 9RJ,15,8,7,6
HR4 9RL,50,24,26,24
HR4 9RN,19,10,9,8
HR4 9RR,39,20,19,16
HR4 9RS,3,3,0,0
HR4 9RW,86,37,49,40
HR4 9RX,51,28,23,18
HR4 9RY,28,14,14,12
HR4 9RZ,22,10,12,10
HR4 9SA,42,19,23,13
HR4 9SN,17,6,11,7
HR4 9SP,67,31,36,28
HR4 9TB,77,41,36,33
HR4 9TD,75,49,26,46
HR4 9TE,66,31,35,26
HR4 9TF,22,11,11,9
HR4 9TG,28,15,13,14
HR4 9TH,54,31,23,40
HR4 9TJ,61,32,29,23
HR4 9TL,39,23,16,13
HR4 9TN,13,7,6,7
HR4 9TP,17,14,3,14
HR4 9TQ,46,22,24,23
HR4 9TR,57,31,26,40
HR4 9TS,69,38,31,40
HR4 9TT,39,13,26,18
HR4 9TU,109,57,52,50
HR4 9TW,40,19,21,14
HR4 9TY,107,60,47,38
HR4 9TZ,51,25,26,27
HR4 9UE,60,29,31,32
HR4 9UF,28,11,17,15
HR4 9UG,63,34,29,31
HR4 9UL,43,20,23,35
HR4 9UQ,81,45,36,46
HR4 9XA,105,47,58,62
HR4 9XB,46,20,26,21
HR4 9XD,84,42,42,34
HR4 9XE,44,21,23,22
HR4 9XF,19,10,9,11
HR4 9XG,99,45,54,45
HR4 9XH,22,10,12,10
HR4 9XJ,37,17,20,17
HR4 9YA,34,13,21,31
HR4 9YB,50,30,20,32
HR4 9YD,103,48,55,44
HR4 9YE,38,12,26,32
HR4 9YF,12,5,7,8
HR4 9YG,48,22,26,26
HR4 9YH,40,20,20,17
HR4 9YJ,7,3,4,1
HR4 9YL,52,28,24,28
HR4 9YN,14,7,7,11
HR4 9YQ,13,8,5,7
HR5 3AA,124,50,74,63
HR5 3AB,103,54,49,48
HR5 3AD,35,20,15,16
HR5 3AE,33,15,18,14
HR5 3AF,40,23,17,18
HR5 3AG,26,14,12,14
HR5 3AH,28,12,16,15
HR5 3AJ,30,10,20,11
HR5 3AL,45,22,23,18
HR5 3AN,16,8,8,9
HR5 3AP,28,13,15,9
HR5 3AQ,12,6,6,8
HR5 3AR,39,20,19,14
HR5 3AS,45,20,25,21
HR5 3AT,33,16,17,13
HR5 3AW,51,26,25,17
HR5 3AX,50,26,24,23
HR5 3AY,20,7,13,9
HR5 3AZ,31,12,19,19
HR5 3BA,75,30,45,22
HR5 3BB,3,1,2,2
HR5 3BE,60,32,28,34
HR5 3BG,26,11,15,12
HR5 3BJ,62,23,39,28
HR5 3BL,39,16,23,24
HR5 3BN,6,1,5,5
HR5 3BP,3,2,1,1
HR5 3BQ,2,0,2,0
HR5 3BS,30,17,13,10
HR5 3BT,6,2,4,1
HR5 3BU,13,5,8,8
HR5 3BX,102,40,62,41
HR5 3DA,2,1,1,2
HR5 3DB,85,38,47,39
HR5 3DD,112,51,61,46
HR5 3DE,1,0,1,1
HR5 3DF,14,7,7,8
HR5 3DH,3,3,0,1
HR5 3DJ,21,13,8,12
HR5 3DL,49,24,25,26
HR5 3DN,33,9,24,25
HR5 3DP,34,18,16,14
HR5 3DQ,48,20,28,33
HR5 3DR,24,11,13,13
HR5 3DS,15,7,8,8
HR5 3DT,11,5,6,5
HR5 3DW,24,13,11,13
HR5 3DX,12,6,6,5
HR5 3DY,60,31,29,31
HR5 3DZ,18,8,10,13
HR5 3EA,48,25,23,22
HR5 3EB,4,2,2,3
HR5 3ED,3,2,1,2
HR5 3EE,28,14,14,12
HR5 3EF,8,4,4,4
HR5 3EG,18,8,10,10
HR5 3EH,10,5,5,5
HR5 3EJ,7,2,5,4
HR5 3EL,56,26,30,22
HR5 3EN,31,16,15,14
HR5 3EP,5,2,3,1
HR5 3EQ,12,5,7,5
HR5 3ER,78,37,41,27
HR5 3ES,10,6,4,4
HR5 3ET,19,12,7,7
HR5 3EU,7,3,4,2
HR5 3EW,25,11,14,9
HR5 3EX,10,5,5,4
HR5 3EY,3,1,2,2
HR5 3EZ,14,7,7,4
HR5 3FA,62,29,33,27
HR5 3FB,26,10,16,13
HR5 3FD,49,23,26,23
HR5 3FE,23,14,9,8
HR5 3FF,14,10,4,7
HR5 3FG,21,13,8,11
HR5 3FH,13,5,8,6
HR5 3FJ,131,63,68,53
HR5 3GA,66,34,32,24
HR5 3GB,19,8,11,7
HR5 3GH,6,4,2,3
HR5 3HA,11,6,5,3
HR5 3HB,31,15,16,10
HR5 3HD,15,7,8,7
HR5 3HE,45,20,25,20
HR5 3HF,15,6,9,6
HR5 3HG,8,4,4,2
HR5 3HH,15,9,6,7
HR5 3HJ,26,13,13,9
HR5 3HL,10,5,5,4
HR5 3HN,12,5,7,4
HR5 3HP,10,5,5,5
HR5 3HQ,6,3,3,3
HR5 3HR,19,9,10,7
HR5 3HS,12,6,6,6
HR5 3HT,19,9,10,8
HR5 3HU,4,2,2,2
HR5 3HW,5,3,2,2
HR5 3HX,9,3,6,4
HR5 3HY,6,3,3,2
HR5 3HZ,15,8,7,8
HR5 3JA,11,5,6,3
HR5 3JB,4,1,3,2
HR5 3JD,4,2,2,3
HR5 3JF,22,10,12,7
HR5 3JG,2,1,1,1
HR5 3JH,6,4,2,2
HR5 3JJ,9,5,4,4
HR5 3JL,4,2,2,1
HR5 3JN,61,30,31,23
HR5 3JP,42,18,24,18
HR5 3JQ,17,9,8,7
HR5 3JS,68,34,34,31
HR5 3JT,3,2,1,1
HR5 3JU,23,10,13,7
HR5 3JW,8,5,3,4
HR5 3JX,17,9,8,7
HR5 3JY,4,0,4,2
HR5 3JZ,20,8,12,9
HR5 3LA,8,3,5,3
HR5 3LB,17,8,9,5
HR5 3LD,25,14,11,8
HR5 3LE,5,2,3,3
HR5 3LF,8,3,5,5
HR5 3LG,31,12,19,16
HR5 3LH,37,19,18,14
HR5 3LJ,17,9,8,5
HR5 3LL,13,6,7,8
HR5 3LN,152,66,86,24
HR5 3LP,26,12,14,10
HR5 3LR,13,8,5,4
HR5 3LS,25,13,12,9
HR5 3LT,18,11,7,5
HR5 3LU,4,2,2,2
HR5 3LW,8,5,3,5
HR5 3LX,11,4,7,5
HR5 3LY,15,9,6,5
HR5 3LZ,4,2,2,2
HR5 3NA,1,0,1,1
HR5 3NB,26,12,14,14
HR5 3ND,2,1,1,1
HR5 3NE,3,1,2,2
HR5 3NF,6,3,3,3
HR5 3NG,13,5,8,6
HR5 3NH,16,8,8,8
HR5 3NJ,5,2,3,2
HR5 3NL,34,20,14,12
HR5 3NN,14,7,7,5
HR5 3NP,4,2,2,1
HR5 3NQ,11,5,6,3
HR5 3NR,36,18,18,16
HR5 3NS,17,8,9,6
HR5 3NT,49,26,23,23
HR5 3NU,15,10,5,8
HR5 3NW,14,8,6,4
HR5 3NX,21,9,12,7
HR5 3NY,17,10,7,8
HR5 3NZ,9,5,4,4
HR5 3PA,6,1,5,2
HR5 3PB,2,1,1,1
HR5 3PD,5,4,1,1
HR5 3PE,10,4,6,5
HR5 3PF,8,4,4,2
HR5 3PG,5,3,2,2
HR5 3PH,7,4,3,4
HR5 3PJ,6,3,3,2
HR5 3PL,7,4,3,3
HR5 3PN,2,1,1,1
HR5 3PP,8,5,3,3
HR5 3PQ,12,6,6,6
HR5 3PR,15,9,6,5
HR5 3PT,31,15,16,11
HR5 3PU,3,1,2,2
HR5 3PW,19,12,7,7
HR5 3PX,2,0,2,2
HR5 3PY,7,3,4,4
HR5 3PZ,6,3,3,4
HR5 3QA,11,3,8,6
HR5 3QB,2,1,1,1
HR5 3QD,6,3,3,2
HR5 3QE,11,7,4,5
HR5 3QF,36,19,17,16
HR5 3QG,10,5,5,4
HR5 3QH,6,2,4,2
HR5 3QJ,9,4,5,4
HR5 3QL,6,1,5,2
HR5 3QN,17,9,8,9
HR5 3QP,4,3,1,2
HR5 3QQ,5,4,1,2
HR5 3QR,5,3,2,2
HR5 3QS,14,9,5,6
HR5 3QT,3,1,2,2
HR5 3QU,10,5,5,5
HR5 3QW,10,3,7,3
HR5 3QX,4,3,1,4
HR5 3QZ,3,1,2,1
HR5 3RA,12,6,6,6
HR5 3RE,37,21,16,19
HR5 3RF,26,13,13,11
HR5 3RG,28,15,13,9
HR5 3RH,17,8,9,6
HR5 3RJ,4,2,2,3
HR5 3RL,37,17,20,17
HR5 3RN,22,12,10,8
HR5 3RP,5,2,3,3
HR5 3RR,7,6,1,3
HR5 3RS,15,6,9,7
HR5 3RT,8,5,3,4
HR5 3RU,35,22,13,20
HR5 3RW,19,12,7,6
HR5 3RX,5,3,2,3
HR5 3RY,16,10,6,6
HR5 3RZ,20,9,11,7
HR5 3SA,2,2,0,2
HR5 3SB,11,6,5,5
HR5 3SD,17,7,10,8
HR5 3SE,2,1,1,1
HR5 3SG,2,1,1,2
HR5 3TA,2,1,1,1
HR5 3TB,14,6,8,6
HR5 3TD,9,2,7,6
HR5 3TF,14,5,9,7
HR5 3UA,98,50,48,39
HR5 3UB,5,2,3,3
HR5 3UE,25,9,16,20
HR6 0AA,5,3,2,2
HR6 0AB,16,6,10,6
HR6 0AD,5,2,3,2
HR6 0AE,8,5,3,4
HR6 0AG,25,13,12,13
HR6 0AH,9,4,5,3
HR6 0AJ,34,13,21,14
HR6 0AL,17,7,10,7
HR6 0AN,4,1,3,4
HR6 0AP,12,6,6,6
HR6 0AQ,22,12,10,8
HR6 0AR,8,6,2,2
HR6 0AS,9,6,3,4
HR6 0AT,6,3,3,3
HR6 0AU,34,16,18,14
HR6 0AW,13,6,7,5
HR6 0AX,32,18,14,12
HR6 0AY,11,7,4,5
HR6 0AZ,19,10,9,9
HR6 0BA,42,16,26,23
HR6 0BB,30,16,14,12
HR6 0BD,13,6,7,6
HR6 0BE,8,4,4,4
HR6 0BG,13,7,6,8
HR6 0BH,42,17,25,23
HR6 0BJ,49,22,27,21
HR6 0BL,21,12,9,8
HR6 0BN,40,20,20,16
HR6 0BP,9,5,4,5
HR6 0BQ,34,16,18,17
HR6 0BS,20,8,12,10
HR6 0BT,11,5,6,3
HR6 0BU,34,18,16,11
HR6 0BW,6,3,3,2
HR6 0BX,37,21,16,14
HR6 0BY,5,2,3,2
HR6 0BZ,54,28,26,21
HR6 0DA,16,8,8,7
HR6 0DF,40,21,19,24
HR6 0DG,16,6,10,8
HR6 0DH,26,14,12,14
HR6 0DJ,5,3,2,3
HR6 0DL,12,6,6,5
HR6 0DN,65,35,30,28
HR6 0DP,46,24,22,21
HR6 0DQ,10,4,6,4
HR6 0DR,8,4,4,4
HR6 0DS,17,10,7,9
HR6 0DT,16,10,6,9
HR6 0DU,29,12,17,14
HR6 0DW,13,8,5,6
HR6 0DX,10,5,5,5
HR6 0DY,6,3,3,2
HR6 0DZ,50,24,26,23
HR6 0EA,86,40,46,34
HR6 0EB,123,61,62,53
HR6 0ED,14,7,7,6
HR6 0EE,13,6,7,4
HR6 0EF,24,13,11,10
HR6 0EG,4,2,2,1
HR6 0EJ,38,21,17,17
HR6 0EL,8,5,3,3
HR6 0EN,2,1,1,1
HR6 0EP,27,15,12,13
HR6 0EQ,7,3,4,4
HR6 0ER,10,2,8,8
HR6 0ES,2,1,1,1
HR6 0ET,40,18,22,15
HR6 0EU,3,2,1,1
HR6 0EW,4,2,2,2
HR6 0EX,13,4,9,5
HR6 0HA,3,1,2,2
HR6 0HB,27,14,13,14
HR6 0HE,22,11,11,9
HR6 0HF,11,4,7,5
HR6 0HG,19,8,11,8
HR6 0HH,14,6,8,7
HR6 0HJ,23,11,12,9
HR6 0HL,23,13,10,9
HR6 0HN,7,5,2,2
HR6 0HP,27,13,14,11
HR6 0HQ,38,20,18,12
HR6 0HR,17,9,8,9
HR6 0HS,19,10,9,8
HR6 0HT,8,3,5,2
HR6 0HU,4,2,2,1
HR6 0HW,63,30,33,33
HR6 0HX,13,3,10,5
HR6 0HY,24,13,11,8
HR6 0HZ,25,13,12,12
HR6 0JA,20,8,12,11
HR6 0JB,11,6,5,4
HR6 0JD,2,1,1,1
HR6 0JE,49,23,26,24
HR6 0JF,3,2,1,1
HR6 0JH,31,16,15,9
HR6 0JJ,18,12,6,6
HR6 0JL,41,21,20,14
HR6 0JN,21,11,10,12
HR6 0JP,10,5,5,4
HR6 0JR,24,15,9,9
HR6 0JS,12,6,6,6
HR6 0JT,15,9,6,8
HR6 0JU,9,4,5,3
HR6 0JW,20,8,12,10
HR6 0JX,22,12,10,9
HR6 0JY,12,7,5,6
HR6 0JZ,99,51,48,42
HR6 0LE,12,7,5,4
HR6 0LF,10,2,8,5
HR6 0LG,60,31,29,31
HR6 0LH,37,19,18,13
HR6 0LJ,4,2,2,2
HR6 0LL,7,3,4,3
HR6 0LN,24,12,12,9
HR6 0LP,29,12,17,12
HR6 0LQ,12,6,6,6
HR6 0LR,25,14,11,12
HR6 0LS,2,1,1,1
HR6 0LT,78,35,43,23
HR6 0LU,4,2,2,1
HR6 0LW,4,1,3,3
HR6 0NA,39,18,21,16
HR6 0NB,57,27,30,28
HR6 0ND,22,12,10,10
HR6 0NE,21,12,9,8
HR6 0NF,23,11,12,10
HR6 0NG,34,17,17,12
HR6 0NH,13,5,8,6
HR6 0NJ,28,15,13,11
HR6 0NL,4,2,2,1
HR6 0NN,37,20,17,13
HR6 0NP,28,14,14,10
HR6 0NQ,93,44,49,36
HR6 0NS,12,6,6,5
HR6 0NT,23,11,12,8
HR6 0NU,27,15,12,11
HR6 0NW,5,3,2,2
HR6 0NX,46,18,28,19
HR6 0NY,3,2,1,2
HR6 0NZ,3,2,1,2
HR6 0PA,9,5,4,3
HR6 0PB,12,7,5,5
HR6 0PD,7,4,3,4
HR6 0PE,25,13,12,8
HR6 0PF,46,20,26,24
HR6 0PG,13,6,7,5
HR6 0PJ,44,21,23,21
HR6 0PL,8,3,5,2
HR6 0PN,10,6,4,5
HR6 0PP,41,20,21,20
HR6 0PR,9,4,5,4
HR6 0PS,9,3,6,4
HR6 0PT,59,30,29,17
HR6 0PU,10,5,5,4
HR6 0PW,131,63,68,40
HR6 0PX,44,20,24,21
HR6 0PY,4,1,3,2
HR6 0PZ,2,1,1,1
HR6 0QE,3,1,2,2
HR6 0QJ,24,7,17,3
HR6 0QL,11,6,5,5
HR6 0QN,102,55,47,59
HR6 0QP,11,6,5,4
HR6 0QQ,4,2,2,3
HR6 0QR,19,10,9,7
HR6 0QS,8,3,5,3
HR6 0QT,2,1,1,1
HR6 0QU,15,9,6,7
HR6 0QW,13,6,7,5
HR6 0QX,2,1,1,1
HR6 0QY,11,5,6,4
HR6 0RA,29,15,14,14
HR6 0RB,34,13,21,13
HR6 0RE,47,24,23,21
HR6 0RF,20,10,10,8
HR6 0RG,19,8,11,9
HR6 0RH,3,1,2,2
HR6 0RP,4,2,2,2
HR6 0RQ,19,9,10,8
HR6 0RR,7,3,4,3
HR6 0RS,3,1,2,1
HR6 0RT,12,4,8,6
HR6 0RU,63,34,29,28
HR6 0RX,45,22,23,18
HR6 0RZ,11,7,4,3
HR6 0SA,8,3,5,4
HR6 0SD,26,12,14,10
HR6 0SE,17,7,10,8
HR6 0SF,35,17,18,15
HR6 0SG,16,9,7,7
HR6 0SH,5,2,3,3
HR6 0SJ,11,3,8,6
HR6 0SL,37,20,17,15
HR6 0SN,19,12,7,7
HR6 0SQ,41,19,22,19
HR6 0SS,33,17,16,13
HR6 0ST,31,18,13,13
HR6 0SU,54,31,23,16
HR6 8AA,27,19,8,21
HR6 8AB,2,1,1,1
HR6 8AD,22,9,13,10
HR6 8AE,52,26,26,25
HR6 8AF,38,17,21,17
HR6 8AG,37,18,19,14
HR6 8AJ,4,3,1,2
HR6 8AL,9,5,4,6
HR6 8AN,52,28,24,22
HR6 8AP,57,26,31,29
HR6 8AQ,125,61,64,68
HR6 8AR,3,1,2,2
HR6 8AS,8,3,5,3
HR6 8AT,5,2,3,2
HR6 8AU,9,2,7,7
HR6 8AW,9,6,3,4
HR6 8AX,18,11,7,15
HR6 8AZ,80,33,47,33
HR6 8BB,55,29,26,20
HR6 8BD,56,28,28,20
HR6 8BE,82,36,46,30
HR6 8BG,105,51,54,51
HR6 8BH,75,34,41,34
HR6 8BJ,52,24,28,23
HR6 8BL,54,26,28,24
HR6 8BP,161,87,74,70
HR6 8BQ,100,51,49,46
HR6 8BS,58,33,25,36
HR6 8BT,23,12,11,14
HR6 8BW,170,88,82,66
HR6 8BY,7,3,4,3
HR6 8DD,29,16,13,11
HR6 8DE,51,20,31,24
HR6 8DG,2,2,0,2
HR6 8DH,49,25,24,22
HR6 8DJ,5,2,3,2
HR6 8DL,61,23,38,28
HR6 8DN,14,6,8,8
HR6 8DP,8,3,5,3
HR6 8DQ,55,27,28,26
HR6 8DR,14,8,6,7
HR6 8DS,48,23,25,32
HR6 8DT,73,43,30,29
HR6 8DU,28,14,14,21
HR6 8DW,25,15,10,12
HR6 8DX,40,15,25,22
HR6 8DY,103,40,63,63
HR6 8DZ,58,30,28,29
HR6 8EA,33,20,13,14
HR6 8EB,35,20,15,17
HR6 8ED,2,1,1,1
HR6 8EE,16,7,9,5
HR6 8EF,16,6,10,7
HR6 8EG,1,0,1,1
HR6 8EH,38,20,18,15
HR6 8EJ,144,73,71,50
HR6 8EL,121,63,58,40
HR6 8EN,65,30,35,21
HR6 8EP,19,13,6,13
HR6 8EQ,34,17,17,17
HR6 8ER,124,62,62,44
HR6 8ES,23,13,10,16
HR6 8ET,23,7,16,11
HR6 8EU,2,0,2,2
HR6 8EW,199,94,105,64
HR6 8EX,2,1,1,1
HR6 8EY,121,48,73,32
HR6 8EZ,6,1,5,4
HR6 8FA,63,30,33,21
HR6 8FB,10,4,6,4
HR6 8FD,5,3,2,2
HR6 8FE,1,1,0,1
HR6 8FF,13,6,7,6
HR6 8FG,17,11,6,9
HR6 8FJ,12,3,9,3
HR6 8GA,40,19,21,13
HR6 8GZ,11,5,6,9
HR6 8HA,4,1,3,1
HR6 8HB,13,4,9,6
HR6 8HD,47,24,23,21
HR6 8HE,18,7,11,9
HR6 8HF,121,58,63,45
HR6 8HG,34,15,19,14
HR6 8HH,47,24,23,16
HR6 8HJ,18,10,8,6
HR6 8HL,33,16,17,14
HR6 8HN,50,24,26,20
HR6 8HP,51,26,25,26
HR6 8HQ,71,32,39,25
HR6 8HR,102,47,55,48
HR6 8HS,36,17,19,16
HR6 8HT,120,58,62,46
HR6 8HW,47,25,22,20
HR6 8HX,21,10,11,16
HR6 8HY,49,17,32,20
HR6 8HZ,9,3,6,4
HR6 8JA,19,10,9,8
HR6 8JB,14,6,8,7
HR6 8JD,21,8,13,8
HR6 8JF,77,37,40,40
HR6 8JH,73,36,37,28
HR6 8JL,25,11,14,12
HR6 8JN,16,7,9,7
HR6 8JP,9,5,4,4
HR6 8JQ,37,20,17,19
HR6 8JR,4,3,1,2
HR6 8JS,78,40,38,27
HR6 8JT,56,31,25,29
HR6 8JU,50,25,25,18
HR6 8JW,1,1,0,1
HR6 8JX,21,11,10,9
HR6 8JY,106,54,52,42
HR6 8JZ,49,23,26,24
HR6 8LA,105,42,63,45
HR6 8LB,34,17,17,21
HR6 8LD,9,4,5,2
HR6 8LF,38,19,19,19
HR6 8LG,9,7,2,7
HR6 8LH,2,0,2,2
HR6 8LJ,19,12,7,10
HR6 8LL,12,6,6,10
HR6 8LN,12,6,6,9
HR6 8LP,10,6,4,5
HR6 8LQ,30,11,19,26
HR6 8LR,8,3,5,4
HR6 8LS,10,5,5,5
HR6 8LX,2,1,1,1
HR6 8LY,55,26,29,27
HR6 8LZ,34,22,12,23
HR6 8ND,17,8,9,11
HR6 8NE,40,17,23,23
HR6 8NF,37,19,18,36
HR6 8NG,2,1,1,1
HR6 8NH,10,5,5,5
HR6 8NJ,12,7,5,2
HR6 8NN,41,22,19,23
HR6 8NP,2,1,1,1
HR6 8NQ,19,7,12,8
HR6 8NR,4,1,3,2
HR6 8NT,1,0,1,1
HR6 8NU,54,21,33,26
HR6 8NW,38,20,18,15
HR6 8NY,24,13,11,11
HR6 8NZ,101,51,50,43
HR6 8PA,8,4,4,5
HR6 8PB,12,5,7,5
HR6 8PD,15,11,4,10
HR6 8PE,6,3,3,3
HR6 8PF,65,36,29,31
HR6 8PG,43,21,22,18
HR6 8PH,63,36,27,21
HR6 8PJ,94,45,49,29
HR6 8PL,16,8,8,9
HR6 8PN,41,22,19,16
HR6 8PP,116,56,60,50
HR6 8PQ,20,10,10,12
HR6 8PR,86,39,47,41
HR6 8PS,15,6,9,7
HR6 8PT,33,12,21,12
HR6 8PU,18,10,8,8
HR6 8PW,36,20,16,17
HR6 8PY,35,14,21,17
HR6 8PZ,45,20,25,31
HR6 8QA,12,5,7,6
HR6 8QB,24,12,12,10
HR6 8QD,60,35,25,29
HR6 8QE,6,3,3,4
HR6 8QF,5,2,3,2
HR6 8QG,12,7,5,6
HR6 8QH,28,13,15,14
HR6 8QJ,38,16,22,20
HR6 8QL,1,1,0,1
HR6 8QN,45,24,21,22
HR6 8QP,8,4,4,4
HR6 8QQ,17,9,8,6
HR6 8QR,50,24,26,22
HR6 8QS,126,58,68,43
HR6 8QT,56,26,30,22
HR6 8QU,8,5,3,4
HR6 8QW,10,5,5,6
HR6 8QX,33,12,21,8
HR6 8QY,74,36,38,39
HR6 8QZ,5,2,3,3
HR6 8RA,3,1,2,2
HR6 8RB,10,4,6,5
HR6 8RD,20,8,12,9
HR6 8RE,63,31,32,32
HR6 8RF,85,41,44,37
HR6 8RG,12,5,7,6
HR6 8RJ,51,27,24,28
HR6 8RL,36,19,17,13
HR6 8RN,23,13,10,8
HR6 8RP,7,4,3,3
HR6 8RQ,8,5,3,3
HR6 8RR,5,3,2,2
HR6 8RS,31,15,16,16
HR6 8RW,19,10,9,8
HR6 8RX,9,4,5,6
HR6 8RZ,7,4,3,6
HR6 8SA,234,115,119,86
HR6 8SB,39,17,22,27
HR6 8SD,169,75,94,64
HR6 8SE,33,16,17,19
HR6 8SF,101,50,51,51
HR6 8SG,20,9,11,11
HR6 8SH,146,82,64,61
HR6 8SJ,19,10,9,10
HR6 8SL,135,57,78,48
HR6 8SN,54,24,30,29
HR6 8SP,12,6,6,6
HR6 8SQ,106,50,56,54
HR6 8SR,22,11,11,14
HR6 8SS,41,19,22,20
HR6 8ST,7,4,3,4
HR6 8SU,25,11,14,15
HR6 8SW,11,5,6,6
HR6 8SX,4,1,3,3
HR6 8SY,4,2,2,2
HR6 8SZ,8,4,4,4
HR6 8TA,129,61,68,48
HR6 8TB,124,58,66,54
HR6 8TD,51,16,35,43
HR6 8TE,51,23,28,27
HR6 8TF,78,34,44,33
HR6 8TG,69,32,37,30
HR6 8TH,55,24,31,25
HR6 8TJ,41,19,22,14
HR6 8TL,97,53,44,46
HR6 8TQ,49,23,26,27
HR6 8TT,8,5,3,4
HR6 8UD,93,48,45,42
HR6 8UE,32,16,16,14
HR6 8UF,20,12,8,12
HR6 8UG,12,7,5,8
HR6 8UH,77,40,37,44
HR6 8UJ,85,45,40,35
HR6 8UL,48,22,26,23
HR6 8UN,82,37,45,38
HR6 8UP,121,61,60,46
HR6 8UQ,145,71,74,58
HR6 8UR,80,46,34,29
HR6 8UT,104,47,57,26
HR6 9AA,103,52,51,33
HR6 9AB,72,38,34,35
HR6 9AD,87,48,39,28
HR6 9AE,66,31,35,22
HR6 9AF,32,15,17,15
HR6 9AG,37,16,21,13
HR6 9AH,5,3,2,3
HR6 9AJ,9,3,6,2
HR6 9AL,18,7,11,7
HR6 9AN,1,0,1,1
HR6 9AP,30,15,15,11
HR6 9AQ,10,7,3,3
HR6 9AR,19,10,9,8
HR6 9AS,19,7,12,12
HR6 9AT,2,1,1,1
HR6 9AU,12,5,7,5
HR6 9AW,8,4,4,4
HR6 9AX,9,4,5,4
HR6 9AY,11,5,6,7
HR6 9AZ,22,8,14,11
HR6 9BA,10,4,6,6
HR6 9BB,26,12,14,13
HR6 9BD,20,10,10,10
HR6 9BE,8,4,4,4
HR6 9BG,25,11,14,13
HR6 9BH,6,4,2,2
HR6 9BJ,18,8,10,7
HR6 9BL,58,27,31,20
HR6 9BN,29,13,16,14
HR6 9BP,31,13,18,18
HR6 9BQ,4,2,2,1
HR6 9BS,31,16,15,13
HR6 9BT,9,4,5,5
HR6 9BU,12,6,6,7
HR6 9BW,25,14,11,9
HR6 9BX,17,7,10,8
HR6 9BY,3,1,2,1
HR6 9BZ,15,7,8,10
HR6 9DA,26,15,11,10
HR6 9DB,112,51,61,48
HR6 9DD,24,14,10,10
HR6 9DE,24,10,14,14
HR6 9DF,13,8,5,4
HR6 9DG,5,3,2,3
HR6 9DH,24,10,14,10
HR6 9DJ,17,9,8,8
HR6 9DL,3,2,1,2
HR6 9DN,17,9,8,6
HR6 9DQ,17,5,12,9
HR6 9DR,14,7,7,7
HR6 9DS,3,1,2,2
HR6 9DT,15,7,8,7
HR6 9DU,17,7,10,9
HR6 9DW,8,5,3,2
HR6 9DX,43,23,20,24
HR6 9DY,14,7,7,5
HR6 9DZ,9,3,6,5
HR6 9EA,22,13,9,10
HR6 9EB,19,6,13,11
HR6 9ED,40,20,20,18
HR6 9EE,18,10,8,8
HR6 9EF,15,9,6,6
HR6 9EG,2,0,2,2
HR6 9EH,16,7,9,5
HR6 9EJ,40,22,18,13
HR6 9EL,7,4,3,4
HR6 9EN,26,11,15,7
HR6 9EP,22,11,11,12
HR6 9EQ,36,18,18,14
HR6 9ER,3,3,0,3
HR6 9ES,18,10,8,7
HR6 9ET,31,16,15,12
HR6 9EU,11,3,8,7
HR6 9EW,32,16,16,13
HR6 9EX,8,4,4,3
HR6 9EY,5,1,4,4
HR6 9EZ,2,2,0,2
HR6 9HA,48,22,26,23
HR6 9HB,47,28,19,19
HR6 9HE,27,12,15,9
HR6 9HF,23,9,14,9
HR6 9HG,2,1,1,1
HR6 9HH,22,7,15,10
HR6 9HL,18,10,8,9
HR6 9HN,22,12,10,7
HR6 9HP,19,11,8,9
HR6 9HQ,25,14,11,11
HR6 9HR,34,17,17,19
HR6 9HS,54,30,24,24
HR6 9HT,9,6,3,4
HR6 9HW,13,7,6,5
HR6 9HY,29,18,11,14
HR6 9HZ,8,3,5,5
HR6 9JA,44,23,21,13
HR6 9JB,12,5,7,6
HR6 9JD,6,3,3,1
HR6 9JE,35,16,19,16
HR6 9JF,17,7,10,7
HR6 9JG,12,7,5,5
HR6 9JH,32,19,13,16
HR6 9JJ,22,12,10,8
HR6 9JL,3,2,1,2
HR6 9JN,11,4,7,4
HR6 9JP,5,4,1,2
HR6 9JQ,9,5,4,4
HR6 9JR,30,13,17,11
HR6 9JS,13,7,6,6
HR6 9JW,6,3,3,2
HR6 9JY,16,7,9,7
HR6 9JZ,3,1,2,2
HR6 9LB,7,4,3,3
HR6 9LD,6,4,2,2
HR6 9LE,48,28,20,14
HR6 9LF,11,6,5,4
HR6 9LG,20,10,10,7
HR6 9LH,10,7,3,3
HR6 9LJ,8,4,4,3
HR6 9LL,9,6,3,4
HR6 9LN,2,1,1,1
HR6 9LQ,5,2,3,2
HR6 9LR,17,9,8,6
HR6 9LT,31,15,16,12
HR6 9LU,16,9,7,5
HR6 9LW,3,0,3,1
HR6 9LX,47,25,22,21
HR6 9LY,25,12,13,12
HR6 9LZ,41,19,22,16
HR6 9NB,3,1,2,2
HR6 9ND,16,12,4,6
HR6 9NE,31,16,15,14
HR6 9NF,93,47,46,36
HR6 9NG,92,43,49,37
HR6 9NH,14,5,9,6
HR6 9NJ,6,3,3,3
HR6 9NL,21,11,10,7
HR6 9NN,17,9,8,9
HR6 9NP,5,4,1,1
HR6 9NQ,27,10,17,13
HR6 9NR,13,9,4,4
HR6 9NS,42,22,20,22
HR6 9NT,103,56,47,42
HR6 9NW,65,37,28,17
HR6 9NX,18,10,8,8
HR6 9NY,12,7,5,4
HR6 9NZ,54,26,28,21
HR6 9PA,30,14,16,10
HR6 9PB,10,5,5,4
HR6 9PD,10,5,5,6
HR6 9PE,5,3,2,2
HR6 9PF,3,3,0,1
HR6 9PG,12,6,6,5
HR6 9PH,51,24,27,20
HR6 9PJ,22,10,12,10
HR6 9PN,96,59,37,6
HR6 9PP,17,6,11,7
HR6 9PQ,46,26,20,18
HR6 9PR,11,6,5,5
HR6 9PS,8,5,3,3
HR6 9PT,6,3,3,2
HR6 9PU,32,16,16,11
HR6 9PW,8,4,4,4
HR6 9PX,14,8,6,6
HR6 9PY,19,11,8,8
HR6 9PZ,15,10,5,4
HR6 9QA,7,5,2,2
HR6 9QB,19,9,10,9
HR6 9QD,3,1,2,2
HR6 9QE,8,2,6,3
HR6 9QJ,26,15,11,10
HR6 9QN,31,14,17,13
HR6 9QP,2,0,2,2
HR6 9QR,12,4,8,7
HR6 9QS,84,42,42,40
HR6 9QT,20,10,10,8
HR6 9QU,21,9,12,8
HR6 9QW,5,2,3,3
HR6 9QX,3,2,1,2
HR6 9QY,27,13,14,12
HR6 9QZ,19,12,7,8
HR6 9RA,9,5,4,3
HR6 9RB,5,3,2,1
HR6 9RD,10,4,6,4
HR6 9RF,4,1,3,3
HR6 9RG,14,8,6,7
HR6 9RH,6,2,4,5
HR6 9RJ,29,13,16,14
HR6 9RL,6,3,3,3
HR6 9RN,7,3,4,4
HR6 9RR,17,8,9,6
HR6 9RS,10,4,6,5
HR6 9RT,8,4,4,3
HR6 9RU,62,32,30,33
HR6 9RX,28,11,17,15
HR6 9RY,2,1,1,1
HR6 9RZ,82,37,45,30
HR6 9SA,13,8,5,5
HR6 9SB,16,7,9,5
HR6 9SD,10,4,6,6
HR6 9SE,26,13,13,13
HR6 9SF,18,9,9,8
HR6 9SG,10,4,6,6
HR6 9SH,6,3,3,3
HR6 9SJ,13,4,9,6
HR6 9SL,13,6,7,5
HR6 9SN,35,13,22,19
HR6 9SP,23,12,11,10
HR6 9SQ,12,5,7,5
HR6 9SR,15,8,7,6
HR6 9SS,27,14,13,10
HR6 9ST,30,16,14,14
HR6 9SU,12,5,7,5
HR6 9SW,28,15,13,13
HR6 9SX,17,9,8,6
HR6 9SY,21,10,11,8
HR6 9SZ,20,12,8,10
HR6 9TA,31,12,19,12
HR6 9TG,18,9,9,10
HR6 9TH,4,2,2,3
HR6 9TJ,2,1,1,1
HR6 9TL,22,10,12,7
HR6 9TN,18,9,9,8
HR6 9TP,21,9,12,9
HR6 9TQ,28,15,13,14
HR6 9TR,17,7,10,7
HR6 9TS,18,10,8,8
HR6 9TT,21,13,8,8
HR6 9TU,14,5,9,9
HR6 9TW,14,5,9,6
HR6 9UA,26,10,16,12
HR6 9UB,20,10,10,9
HR6 9UD,18,8,10,9
HR6 9UE,2,0,2,2
HR6 9UF,14,8,6,4
HR6 9UG,3,1,2,2
HR6 9UH,11,6,5,4
HR6 9UJ,46,20,26,19
HR6 9UL,8,4,4,3
HR6 9UN,24,11,13,10
HR6 9UP,12,7,5,5
HR6 9UQ,19,11,8,9
HR6 9UR,23,10,13,10
HR6 9US,23,13,10,12
HR6 9UT,13,8,5,6
HR6 9UU,41,20,21,20
HR6 9UW,96,44,52,34
HR6 9UX,126,60,66,46
HR6 9UY,137,64,73,59
HR6 9UZ,42,24,18,13
HR7 4AA,37,23,14,24
HR7 4AD,38,15,23,30
HR7 4AE,24,13,11,14
HR7 4AH,14,4,10,10
HR7 4AJ,62,31,31,28
HR7 4AL,16,9,7,9
HR7 4AN,18,9,9,8
HR7 4AP,6,4,2,2
HR7 4AR,32,12,20,10
HR7 4AS,99,43,56,44
HR7 4AT,31,16,15,17
HR7 4AW,52,27,25,19
HR7 4AX,28,11,17,13
HR7 4AY,7,4,3,5
HR7 4AZ,79,35,44,41
HR7 4BA,61,31,30,21
HR7 4BB,78,46,32,29
HR7 4BD,12,7,5,5
HR7 4BE,32,14,18,16
HR7 4BF,33,14,19,11
HR7 4BG,61,30,31,27
HR7 4BH,36,18,18,19
HR7 4BJ,20,9,11,7
HR7 4BL,7,3,4,3
HR7 4BN,18,10,8,10
HR7 4BP,22,11,11,11
HR7 4BQ,95,51,44,41
HR7 4BS,33,16,17,20
HR7 4BT,12,7,5,6
HR7 4BU,19,8,11,12
HR7 4BW,2,1,1,2
HR7 4BX,22,13,9,12
HR7 4BY,4,2,2,2
HR7 4DA,36,16,20,16
HR7 4DB,98,46,52,63
HR7 4DD,9,6,3,4
HR7 4DE,65,34,31,45
HR7 4DF,18,7,11,11
HR7 4DG,59,31,28,14
HR7 4DH,13,7,6,5
HR7 4DL,43,19,24,21
HR7 4DN,1,1,0,1
HR7 4DP,55,33,22,22
HR7 4DQ,32,16,16,14
HR7 4DR,31,14,17,24
HR7 4DS,2,1,1,1
HR7 4DT,37,21,16,20
HR7 4DU,13,8,5,5
HR7 4DW,1,1,0,1
HR7 4DY,7,4,3,2
HR7 4DZ,64,30,34,26
HR7 4EA,102,43,59,75
HR7 4EB,27,17,10,15
HR7 4ED,5,3,2,2
HR7 4EE,8,5,3,5
HR7 4EF,117,56,61,52
HR7 4EH,7,2,5,6
HR7 4EJ,15,7,8,7
HR7 4EL,79,38,41,32
HR7 4EN,32,13,19,14
HR7 4EP,7,3,4,4
HR7 4EQ,10,6,4,3
HR7 4ER,16,9,7,3
HR7 4ES,86,35,51,19
HR7 4ET,3,1,2,1
HR7 4EU,31,11,20,12
HR7 4EW,39,20,19,17
HR7 4EX,20,10,10,8
HR7 4EY,21,9,12,12
HR7 4EZ,6,3,3,3
HR7 4FA,14,7,7,4
HR7 4FD,19,8,11,12
HR7 4FE,8,5,3,4
HR7 4FF,6,3,3,3
HR7 4FG,10,7,3,5
HR7 4FH,10,6,4,7
HR7 4FJ,3,2,1,1
HR7 4FN,13,9,4,5
HR7 4HA,16,6,10,6
HR7 4HB,28,17,11,14
HR7 4HD,50,29,21,19
HR7 4HE,39,24,15,14
HR7 4HF,47,22,25,23
HR7 4HG,14,6,8,6
HR7 4HH,16,8,8,6
HR7 4HJ,32,15,17,16
HR7 4HL,11,5,6,4
HR7 4HQ,29,15,14,13
HR7 4HS,3,2,1,1
HR7 4HU,5,1,4,3
HR7 4HW,13,7,6,7
HR7 4HX,37,22,15,12
HR7 4HY,8,4,4,3
HR7 4HZ,25,12,13,9
HR7 4JA,5,3,2,2
HR7 4JB,17,10,7,7
HR7 4JD,5,3,2,3
HR7 4JE,15,8,7,9
HR7 4JF,3,2,1,2
HR7 4JG,5,2,3,3
HR7 4JH,15,7,8,7
HR7 4JJ,15,9,6,8
HR7 4JL,94,43,51,39
HR7 4JN,10,5,5,4
HR7 4JP,2,1,1,1
HR7 4JQ,41,18,23,18
HR7 4JR,2,1,1,1
HR7 4JS,35,21,14,10
HR7 4JT,17,10,7,7
HR7 4JU,18,8,10,7
HR7 4JX,34,16,18,14
HR7 4JY,18,6,12,5
HR7 4JZ,11,6,5,5
HR7 4LA,14,7,7,8
HR7 4LB,18,10,8,8
HR7 4LD,8,3,5,2
HR7 4LE,7,4,3,3
HR7 4LF,3,2,1,2
HR7 4LG,74,33,41,27
HR7 4LH,27,12,15,9
HR7 4LJ,37,19,18,19
HR7 4LN,32,18,14,12
HR7 4LP,27,11,16,13
HR7 4LQ,13,6,7,6
HR7 4LR,5,3,2,2
HR7 4LS,112,71,41,19
HR7 4LT,17,9,8,6
HR7 4LU,27,14,13,8
HR7 4LW,9,6,3,4
HR7 4LX,63,28,35,26
HR7 4LY,66,35,31,32
HR7 4LZ,10,4,6,4
HR7 4NA,14,7,7,6
HR7 4NB,29,16,13,11
HR7 4NE,12,7,5,7
HR7 4NF,11,5,6,4
HR7 4NG,47,21,26,18
HR7 4NH,11,5,6,4
HR7 4NJ,30,14,16,13
HR7 4NL,7,3,4,2
HR7 4NN,12,7,5,5
HR7 4NQ,22,11,11,8
HR7 4NR,6,4,2,6
HR7 4NT,29,14,15,11
HR7 4NU,52,26,26,22
HR7 4NW,12,6,6,5
HR7 4NX,10,5,5,5
HR7 4NY,5,3,2,3
HR7 4NZ,20,11,9,8
HR7 4PA,7,4,3,4
HR7 4PB,31,17,14,13
HR7 4PD,12,5,7,6
HR7 4PE,12,7,5,5
HR7 4PF,14,5,9,6
HR7 4PG,23,12,11,10
HR7 4PJ,23,12,11,8
HR7 4PL,9,5,4,4
HR7 4PN,25,14,11,15
HR7 4PP,56,29,27,21
HR7 4PR,36,14,22,13
HR7 4PS,10,4,6,6
HR7 4PT,13,3,10,4
HR7 4PU,17,10,7,8
HR7 4PW,29,16,13,13
HR7 4PX,33,16,17,11
HR7 4PY,11,8,3,5
HR7 4PZ,20,9,11,9
HR7 4QA,51,29,22,17
HR7 4QB,7,5,2,3
HR7 4QD,3,2,1,2
HR7 4QF,17,10,7,7
HR7 4QG,38,15,23,21
HR7 4QH,10,6,4,5
HR7 4QJ,113,54,59,64
HR7 4QN,18,3,15,0
HR7 4QP,16,9,7,7
HR7 4QQ,7,3,4,2
HR7 4QR,24,10,14,8
HR7 4QU,9,6,3,4
HR7 4QW,7,4,3,5
HR7 4QX,15,9,6,3
HR7 4QY,7,5,2,2
HR7 4QZ,15,8,7,5
HR7 4RA,8,5,3,2
HR7 4RB,4,2,2,3
HR7 4RE,12,6,6,5
HR7 4RF,6,2,4,4
HR7 4RG,30,13,17,11
HR7 4RH,50,30,20,18
HR7 4RJ,10,5,5,5
HR7 4RL,63,28,35,19
HR7 4RN,34,16,18,15
HR7 4RP,16,10,6,5
HR7 4RQ,29,14,15,14
HR7 4RR,8,3,5,3
HR7 4RS,26,12,14,10
HR7 4RT,11,5,6,6
HR7 4RU,4,3,1,1
HR7 4RW,17,8,9,6
HR7 4RX,4,1,3,1
HR7 4RY,5,2,3,2
HR7 4RZ,16,7,9,7
HR7 4SA,2,1,1,1
HR7 4SB,12,6,6,6
HR7 4SD,10,5,5,4
HR7 4SE,11,6,5,6
HR7 4SF,3,1,2,2
HR7 4SG,22,10,12,9
HR7 4SH,42,21,21,21
HR7 4SJ,17,8,9,10
HR7 4SL,59,29,30,21
HR7 4SN,10,4,6,3
HR7 4SP,5,3,2,3
HR7 4SQ,16,5,11,6
HR7 4SR,8,4,4,2
HR7 4SS,12,5,7,5
HR7 4ST,12,4,8,10
HR7 4SW,13,7,6,6
HR7 4SX,24,11,13,11
HR7 4SY,49,26,23,16
HR7 4SZ,10,6,4,4
HR7 4TA,3,1,2,2
HR7 4TB,8,6,2,3
HR7 4TE,19,10,9,8
HR7 4TF,121,60,61,36
HR7 4TG,24,11,13,11
HR7 4TH,50,27,23,21
HR7 4TJ,6,2,4,3
HR7 4TL,9,6,3,2
HR7 4TN,180,86,94,69
HR7 4TP,19,10,9,9
HR7 4TQ,16,9,7,6
HR7 4TR,13,7,6,10
HR7 4TS,32,14,18,12
HR7 4TT,16,7,9,9
HR7 4TU,27,12,15,10
HR7 4TW,31,17,14,14
HR7 4TX,96,44,52,35
HR7 4TY,85,40,45,30
HR7 4TZ,73,33,40,28
HR7 4UA,9,5,4,4
HR7 4UB,25,12,13,16
HR7 4UD,43,20,23,21
HR7 4UE,31,17,14,13
HR7 4UF,6,4,2,4
HR7 4UG,138,74,64,42
HR7 4UH,28,13,15,8
HR7 4UJ,45,20,25,26
HR7 4UL,25,13,12,20
HR7 4UN,44,20,24,24
HR7 4UP,4,1,3,4
HR7 4UQ,29,9,20,22
HR7 4UR,18,6,12,12
HR7 4US,6,3,3,3
HR7 4UT,149,86,63,62
HR7 4UY,18,10,8,15
HR7 4XA,21,8,13,13
HR7 4XB,45,21,24,28
HR7 4XD,17,7,10,10
HR7 4XY,19,10,9,7
HR8 1AA,32,15,17,14
HR8 1AD,41,21,20,15
HR8 1AE,37,15,22,17
HR8 1AF,43,21,22,18
HR8 1AG,8,5,3,4
HR8 1AH,18,6,12,10
HR8 1AJ,34,18,16,14
HR8 1AL,36,17,19,15
HR8 1AN,5,3,2,3
HR8 1AP,23,14,9,13
HR8 1AQ,36,17,19,16
HR8 1AR,41,19,22,15
HR8 1AS,22,12,10,9
HR8 1AT,17,7,10,6
HR8 1AU,24,11,13,11
HR8 1AW,31,13,18,19
HR8 1AX,7,3,4,3
HR8 1AY,22,10,12,9
HR8 1AZ,9,5,4,4
HR8 1BA,7,3,4,4
HR8 1BB,51,29,22,19
HR8 1BD,14,8,6,8
HR8 1BE,74,33,41,37
HR8 1BG,10,5,5,7
HR8 1BH,22,11,11,10
HR8 1BJ,20,10,10,10
HR8 1BN,30,20,10,15
HR8 1BP,30,15,15,18
HR8 1BQ,12,6,6,6
HR8 1BS,67,33,34,43
HR8 1BT,38,18,20,17
HR8 1BW,62,28,34,31
HR8 1BX,36,16,20,19
HR8 1BY,54,20,34,49
HR8 1BZ,53,31,22,25
HR8 1DA,2,2,0,2
HR8 1DB,9,5,4,6
HR8 1DD,41,18,23,19
HR8 1DE,3,2,1,2
HR8 1DF,4,2,2,2
HR8 1DG,9,4,5,4
HR8 1DH,15,9,6,5
HR8 1DJ,11,7,4,6
HR8 1DP,11,5,6,5
HR8 1DQ,35,19,16,21
HR8 1DR,4,2,2,3
HR8 1DS,35,20,15,20
HR8 1DW,12,5,7,7
HR8 1DZ,19,3,16,16
HR8 1EB,40,19,21,34
HR8 1ED,3,3,0,2
HR8 1EE,4,3,1,3
HR8 1EF,3,2,1,1
HR8 1EG,9,5,4,3
HR8 1EH,11,6,5,4
HR8 1EJ,5,3,2,2
HR8 1EL,31,14,17,9
HR8 1EN,9,5,4,3
HR8 1EP,31,17,14,11
HR8 1EQ,9,6,3,3
HR8 1ER,14,7,7,6
HR8 1ES,3,1,2,2
HR8 1ET,40,21,19,20
HR8 1EU,14,8,6,8
HR8 1EW,19,10,9,7
HR8 1EX,24,11,13,9
HR8 1EY,6,3,3,3
HR8 1EZ,17,7,10,6
HR8 1HA,9,4,5,4
HR8 1HB,29,18,11,4
HR8 1HD,11,6,5,4
HR8 1HE,35,20,15,15
HR8 1HF,38,22,16,15
HR8 1HG,11,5,6,6
HR8 1HH,11,6,5,4
HR8 1HJ,6,3,3,3
HR8 1HL,8,3,5,3
HR8 1HN,10,7,3,3
HR8 1HP,25,14,11,9
HR8 1HQ,3,1,2,1
HR8 1HR,89,46,43,35
HR8 1HS,9,5,4,4
HR8 1HT,43,23,20,19
HR8 1HU,2,1,1,1
HR8 1HW,32,13,19,12
HR8 1HX,2,1,1,1
HR8 1HY,9,4,5,4
HR8 1HZ,13,4,9,5
HR8 1JA,35,15,20,17
HR8 1JB,3,2,1,1
HR8 1JD,6,2,4,3
HR8 1JE,6,1,5,3
HR8 1JF,25,14,11,14
HR8 1JG,19,7,12,9
HR8 1JH,25,14,11,11
HR8 1JJ,31,15,16,13
HR8 1JL,13,6,7,8
HR8 1JN,9,5,4,4
HR8 1JP,14,8,6,4
HR8 1JQ,38,23,15,18
HR8 1JR,5,2,3,2
HR8 1JS,16,6,10,9
HR8 1JT,12,7,5,4
HR8 1JU,37,18,19,17
HR8 1JW,5,2,3,2
HR8 1JX,17,8,9,9
HR8 1JY,19,9,10,7
HR8 1JZ,12,5,7,4
HR8 1LA,8,4,4,5
HR8 1LE,40,19,21,20
HR8 1LF,29,12,17,16
HR8 1LG,29,17,12,11
HR8 1LN,15,7,8,7
HR8 1LP,37,15,22,18
HR8 1LR,33,14,19,17
HR8 1LS,38,18,20,19
HR8 1LT,26,10,16,12
HR8 1LU,16,7,9,8
HR8 1LW,17,8,9,7
HR8 1LX,12,8,4,6
HR8 1LY,30,13,17,12
HR8 1LZ,18,10,8,8
HR8 1NA,41,21,20,18
HR8 1NB,39,19,20,16
HR8 1ND,11,6,5,6
HR8 1NE,14,7,7,5
HR8 1NF,36,21,15,8
HR8 1NG,5,2,3,2
HR8 1NH,14,9,5,5
HR8 1NJ,22,14,8,6
HR8 1NL,2,1,1,1
HR8 1NN,7,3,4,3
HR8 1NP,41,23,18,17
HR8 1NQ,36,14,22,17
HR8 1NR,22,10,12,10
HR8 1NT,7,4,3,3
HR8 1NU,9,4,5,3
HR8 1NW,7,4,3,2
HR8 1NX,130,65,65,55
HR8 1NY,18,9,9,7
HR8 1NZ,4,2,2,2
HR8 1PB,22,8,14,10
HR8 1PD,7,3,4,3
HR8 1PE,20,10,10,6
HR8 1PF,15,7,8,7
HR8 1PG,14,6,8,8
HR8 1PJ,6,3,3,4
HR8 1PL,71,33,38,35
HR8 1PP,48,19,29,31
HR8 1PQ,71,38,33,31
HR8 1PR,24,12,12,11
HR8 1PS,4,1,3,2
HR8 1PT,39,20,19,13
HR8 1PU,6,4,2,2
HR8 1PX,35,15,20,19
HR8 1PY,2,1,1,2
HR8 1PZ,16,9,7,7
HR8 1QA,22,10,12,8
HR8 1QB,8,3,5,2
HR8 1QD,32,17,15,19
HR8 1QE,10,5,5,3
HR8 1QF,2,0,2,2
HR8 1QG,6,2,4,3
HR8 1QH,7,3,4,4
HR8 1QJ,9,2,7,2
HR8 1QL,12,7,5,7
HR8 1QN,6,2,4,2
HR8 1QP,5,2,3,2
HR8 1QQ,1,0,1,1
HR8 1QR,14,6,8,5
HR8 1QS,2,0,2,2
HR8 1QT,3,1,2,1
HR8 1QU,92,45,47,44
HR8 1QW,26,13,13,12
HR8 1QX,29,16,13,7
HR8 1QY,6,4,2,2
HR8 1RA,12,5,7,6
HR8 1RB,12,5,7,5
HR8 1RD,10,4,6,4
HR8 1RF,8,4,4,3
HR8 1RL,6,3,3,4
HR8 1RN,1,1,0,1
HR8 1RP,10,5,5,4
HR8 1RQ,6,3,3,2
HR8 1RR,20,12,8,8
HR8 1RS,7,3,4,3
HR8 1RT,18,12,6,7
HR8 1RU,7,1,6,2
HR8 1RW,30,8,22,2
HR8 1RX,14,9,5,5
HR8 1RY,3,1,2,1
HR8 1RZ,29,13,16,13
HR8 1SA,5,2,3,3
HR8 1SB,23,12,11,7
HR8 1SD,30,15,15,10
HR8 1SE,31,13,18,16
HR8 1SF,11,5,6,4
HR8 1SG,6,2,4,2
HR8 1SP,2,2,0,1
HR8 1SU,71,30,41,42
HR8 1SX,116,62,54,53
HR8 1SZ,22,6,16,18
HR8 2AA,33,20,13,18
HR8 2AD,59,28,31,29
HR8 2AE,66,24,42,36
HR8 2AF,90,44,46,44
HR8 2AG,23,12,11,11
HR8 2AH,93,47,46,48
HR8 2AJ,15,7,8,9
HR8 2AL,80,33,47,50
HR8 2AN,51,29,22,19
HR8 2AP,7,2,5,5
HR8 2AQ,46,26,20,0
HR8 2AR,22,13,9,9
HR8 2AS,13,7,6,5
HR8 2AT,18,11,7,9
HR8 2AU,61,28,33,25
HR8 2AW,33,19,14,12
HR8 2AX,72,39,33,25
HR8 2AY,85,42,43,29
HR8 2AZ,75,35,40,28
HR8 2BA,4,2,2,2
HR8 2BB,121,52,69,37
HR8 2BD,20,11,9,8
HR8 2BG,42,20,22,18
HR8 2BH,6,2,4,4
HR8 2BJ,3,1,2,2
HR8 2BL,21,6,15,10
HR8 2BN,28,15,13,9
HR8 2BP,67,34,33,20
HR8 2BQ,15,9,6,6
HR8 2BS,2,1,1,2
HR8 2BT,10,4,6,4
HR8 2BU,5,2,3,3
HR8 2BW,9,3,6,3
HR8 2BX,70,35,35,20
HR8 2BY,123,61,62,43
HR8 2BZ,2,2,0,1
HR8 2DA,23,11,12,11
HR8 2DB,36,15,21,14
HR8 2DD,34,15,19,16
HR8 2DE,22,10,12,8
HR8 2DF,38,20,18,20
HR8 2DG,89,36,53,47
HR8 2DH,100,52,48,45
HR8 2DL,4,1,3,3
HR8 2DN,94,50,44,39
HR8 2DP,5,3,2,3
HR8 2DQ,51,27,24,26
HR8 2DR,3,2,1,2
HR8 2DS,14,7,7,6
HR8 2DT,26,15,11,9
HR8 2DU,73,37,36,37
HR8 2DW,75,39,36,35
HR8 2DX,85,37,48,56
HR8 2DZ,46,27,19,15
HR8 2EA,43,22,21,18
HR8 2EB,46,22,24,24
HR8 2ED,36,15,21,14
HR8 2EE,28,13,15,15
HR8 2EF,45,12,33,40
HR8 2EG,54,26,28,28
HR8 2EH,11,5,6,6
HR8 2EJ,12,7,5,6
HR8 2EL,63,33,30,23
HR8 2EP,45,23,22,18
HR8 2ER,69,36,33,32
HR8 2ET,24,13,11,13
HR8 2EU,66,28,38,37
HR8 2EW,26,9,17,16
HR8 2EX,65,25,40,39
HR8 2EY,53,21,32,28
HR8 2FA,102,51,51,37
HR8 2FB,13,5,8,7
HR8 2FD,27,14,13,10
HR8 2FE,97,42,55,35
HR8 2FF,55,27,28,21
HR8 2FG,52,25,27,17
HR8 2FH,26,14,12,11
HR8 2FJ,73,40,33,26
HR8 2FL,31,16,15,12
HR8 2FN,37,19,18,14
HR8 2FP,40,21,19,14
HR8 2FQ,22,10,12,7
HR8 2FR,18,8,10,9
HR8 2FS,11,4,7,5
HR8 2FT,107,49,58,46
HR8 2FU,54,26,28,20
HR8 2FW,77,38,39,40
HR8 2FX,41,16,25,23
HR8 2FY,79,33,46,37
HR8 2FZ,116,55,61,45
HR8 2GA,119,56,63,45
HR8 2GB,21,10,11,10
HR8 2GD,26,15,11,8
HR8 2GE,10,3,7,7
HR8 2GF,7,3,4,5
HR8 2GG,6,3,3,3
HR8 2GH,62,30,32,18
HR8 2GJ,8,3,5,3
HR8 2GL,14,7,7,4
HR8 2GN,7,4,3,3
HR8 2GP,2,1,1,1
HR8 2HA,12,6,6,7
HR8 2HB,19,6,13,9
HR8 2HD,27,11,16,13
HR8 2HE,22,13,9,12
HR8 2HF,48,22,26,20
HR8 2HG,5,3,2,2
HR8 2HH,45,23,22,22
HR8 2HJ,16,9,7,8
HR8 2HL,16,9,7,5
HR8 2HN,86,40,46,43
HR8 2HP,81,36,45,37
HR8 2HQ,23,9,14,14
HR8 2HR,14,5,9,9
HR8 2HS,16,10,6,5
HR8 2HT,31,14,17,12
HR8 2HW,76,38,38,34
HR8 2HX,38,20,18,18
HR8 2HY,18,10,8,8
HR8 2HZ,4,2,2,1
HR8 2JA,10,5,5,5
HR8 2JB,17,9,8,5
HR8 2JD,21,7,14,10
HR8 2JE,52,28,24,28
HR8 2JF,42,17,25,19
HR8 2JG,49,26,23,18
HR8 2JH,5,2,3,3
HR8 2JJ,25,16,9,9
HR8 2JL,34,21,13,5
HR8 2JN,30,19,11,7
HR8 2JP,20,10,10,7
HR8 2JR,7,4,3,4
HR8 2JS,8,3,5,4
HR8 2JU,11,4,7,3
HR8 2JW,5,2,3,2
HR8 2JX,9,4,5,4
HR8 2JY,35,16,19,11
HR8 2JZ,15,7,8,4
HR8 2LA,39,21,18,12
HR8 2LB,13,8,5,6
HR8 2LD,20,10,10,9
HR8 2LE,35,19,16,14
HR8 2LF,12,4,8,3
HR8 2LG,28,13,15,10
HR8 2LH,25,12,13,7
HR8 2LJ,24,12,12,9
HR8 2LL,21,13,8,9
HR8 2LN,46,22,24,6
HR8 2LP,16,11,5,9
HR8 2LQ,15,7,8,5
HR8 2LR,54,25,29,25
HR8 2LS,31,12,19,15
HR8 2LT,28,14,14,11
HR8 2LW,12,6,6,5
HR8 2LX,9,4,5,3
HR8 2LY,65,29,36,29
HR8 2LZ,23,10,13,9
HR8 2NA,4,3,1,2
HR8 2NB,25,14,11,11
HR8 2ND,27,14,13,10
HR8 2NE,31,14,17,13
HR8 2NF,20,9,11,9
HR8 2NG,35,19,16,13
HR8 2NH,18,12,6,6
HR8 2NJ,26,12,14,12
HR8 2NL,44,22,22,18
HR8 2NN,10,5,5,5
HR8 2NP,18,7,11,8
HR8 2NQ,1,1,0,1
HR8 2NR,7,4,3,3
HR8 2NS,11,5,6,6
HR8 2NT,30,14,16,13
HR8 2NU,33,15,18,11
HR8 2NW,23,14,9,12
HR8 2NX,16,10,6,5
HR8 2NY,19,6,13,11
HR8 2PA,19,10,9,9
HR8 2PB,12,6,6,5
HR8 2PD,48,20,28,21
HR8 2PE,46,25,21,15
HR8 2PF,14,8,6,7
HR8 2PG,17,9,8,7
HR8 2PH,20,11,9,8
HR8 2PJ,7,4,3,4
HR8 2PL,42,23,19,21
HR8 2PN,84,43,41,35
HR8 2PP,26,14,12,14
HR8 2PQ,8,3,5,2
HR8 2PR,22,10,12,9
HR8 2PS,10,5,5,2
HR8 2PT,7,4,3,2
HR8 2PU,8,4,4,3
HR8 2PW,29,12,17,16
HR8 2PX,47,21,26,21
HR8 2PY,11,7,4,3
HR8 2PZ,36,18,18,13
HR8 2QA,14,8,6,8
HR8 2QB,18,7,11,6
HR8 2QD,9,5,4,3
HR8 2QE,14,8,6,7
HR8 2QF,17,10,7,6
HR8 2QG,17,11,6,4
HR8 2QH,51,25,26,17
HR8 2QJ,15,8,7,6
HR8 2QL,14,6,8,5
HR8 2QN,41,19,22,18
HR8 2QP,22,11,11,13
HR8 2QQ,19,10,9,6
HR8 2QR,29,16,13,12
HR8 2QS,12,6,6,5
HR8 2QT,1,0,1,1
HR8 2QU,34,19,15,10
HR8 2QW,12,7,5,6
HR8 2QX,28,13,15,10
HR8 2QY,62,32,30,27
HR8 2QZ,38,17,21,16
HR8 2RA,15,8,7,5
HR8 2RB,43,20,23,21
HR8 2RD,22,13,9,8
HR8 2RE,13,6,7,6
HR8 2RF,37,19,18,16
HR8 2RG,8,4,4,3
HR8 2RH,14,7,7,4
HR8 2RJ,17,7,10,9
HR8 2RL,9,3,6,4
HR8 2RN,13,10,3,1
HR8 2RP,8,4,4,3
HR8 2RQ,18,8,10,7
HR8 2RR,13,7,6,5
HR8 2RS,29,15,14,12
HR8 2RT,6,2,4,2
HR8 2RU,11,7,4,5
HR8 2RW,7,4,3,4
HR8 2RY,53,28,25,25
HR8 2RZ,18,8,10,9
HR8 2SA,12,6,6,5
HR8 2SB,10,6,4,5
HR8 2SD,3,2,1,1
HR8 2SE,32,16,16,14
HR8 2SF,20,9,11,8
HR8 2SG,8,4,4,3
HR8 2SH,23,13,10,7
HR8 2SJ,21,10,11,7
HR8 2SL,4,2,2,4
HR8 2SN,11,6,5,4
HR8 2SP,11,4,7,7
HR8 2SQ,15,7,8,6
HR8 2SU,28,12,16,16
HR8 2SW,12,7,5,6
HR8 2TA,14,6,8,7
HR8 2TB,15,7,8,8
HR8 2TD,54,24,30,19
HR8 2TE,20,11,9,8
HR8 2TF,23,10,13,7
HR8 2TG,24,14,10,10
HR8 2TH,22,10,12,8
HR8 2TJ,12,5,7,5
HR8 2TN,10,5,5,4
HR8 2TP,33,19,14,13
HR8 2TR,3,2,1,1
HR8 2TS,43,21,22,20
HR8 2TT,9,6,3,3
HR8 2TU,8,5,3,4
HR8 2TW,45,20,25,23
HR8 2TX,50,30,20,20
HR8 2TY,14,9,5,7
HR8 2TZ,48,27,21,19
HR8 2UA,5,3,2,2
HR8 2UB,5,3,2,2
HR8 2UD,4,2,2,2
HR8 2UE,12,7,5,5
HR8 2UF,12,5,7,6
HR8 2UG,27,16,11,8
HR8 2UH,9,4,5,5
HR8 2UJ,15,11,4,7
HR8 2UL,19,10,9,8
HR8 2UN,13,6,7,6
HR8 2UP,30,17,13,12
HR8 2UQ,16,7,9,5
HR8 2UR,32,19,13,11
HR8 2US,61,27,34,24
HR8 2UT,39,22,17,13
HR8 2UU,35,18,17,14
HR8 2UW,33,18,15,14
HR8 2UX,28,14,14,12
HR8 2XA,99,42,57,52
HR8 2XB,33,14,19,18
HR8 2XD,64,29,35,34
HR8 2XE,58,30,28,22
HR8 2XF,33,16,17,14
HR8 2XG,46,21,25,20
HR8 2XH,34,12,22,22
HR8 2XJ,63,28,35,37
HR8 2XL,109,51,58,38
HR8 2XN,79,43,36,30
HR8 2XP,58,28,30,30
HR8 2XQ,26,13,13,12
HR8 2XR,102,54,48,40
HR8 2XS,47,13,34,35
HR8 2XT,101,59,42,33
HR8 2XU,47,22,25,16
HR8 2XW,56,27,29,24
HR8 2XX,100,47,53,38
HR8 2XY,53,25,28,15
HR9 5AA,4,0,4,2
HR9 5AB,12,5,7,6
HR9 5AE,14,6,8,7
HR9 5AG,8,4,4,4
HR9 5AH,17,8,9,8
HR9 5AJ,26,12,14,14
HR9 5AL,5,3,2,4
HR9 5AN,8,5,3,2
HR9 5AP,1,1,0,1
HR9 5AQ,18,9,9,11
HR9 5AS,28,14,14,13
HR9 5AT,6,3,3,3
HR9 5AU,38,16,22,16
HR9 5AW,57,20,37,15
HR9 5AX,31,15,16,12
HR9 5AY,35,18,17,15
HR9 5AZ,20,8,12,9
HR9 5BA,26,16,10,10
HR9 5BB,31,13,18,13
HR9 5BD,66,32,34,27
HR9 5BE,25,14,11,10
HR9 5BG,12,4,8,7
HR9 5BH,49,22,27,25
HR9 5BJ,7,3,4,4
HR9 5BL,65,31,34,27
HR9 5BN,55,31,24,19
HR9 5BP,5,2,3,2
HR9 5BQ,41,17,24,15
HR9 5BT,11,6,5,4
HR9 5BU,17,9,8,12
HR9 5BZ,23,14,9,11
HR9 5DB,1,0,1,1
HR9 5GD,45,13,32,38
HR9 5GE,21,6,15,16
HR9 5HB,16,11,5,0
HR9 5HD,6,4,2,4
HR9 5HF,4,2,2,4
HR9 5HG,6,3,3,3
HR9 5HH,11,5,6,4
HR9 5HL,27,13,14,13
HR9 5HN,38,17,21,20
HR9 5HP,3,2,1,1
HR9 5HS,28,13,15,13
HR9 5HT,4,3,1,2
HR9 5HU,119,53,66,57
HR9 5HY,3,0,3,2
HR9 5HZ,4,3,1,0
HR9 5JA,4,2,2,2
HR9 5JB,46,21,25,22
HR9 5JD,41,22,19,13
HR9 5JF,24,9,15,13
HR9 5JG,10,6,4,7
HR9 5JH,34,16,18,17
HR9 5JJ,30,16,14,15
HR9 5JL,89,38,51,43
HR9 5JN,108,50,58,42
HR9 5JP,58,28,30,29
HR9 5JQ,27,13,14,11
HR9 5JR,17,8,9,10
HR9 5JS,14,7,7,9
HR9 5JT,22,7,15,12
HR9 5JU,73,33,40,30
HR9 5JW,5,3,2,3
HR9 5JX,39,17,22,15
HR9 5JY,30,14,16,17
HR9 5JZ,46,20,26,23
HR9 5LE,6,4,2,3
HR9 5LH,5,5,0,0
HR9 5LJ,25,15,10,11
HR9 5LL,7,4,3,5
HR9 5LN,76,36,40,35
HR9 5LP,15,6,9,10
HR9 5LQ,31,12,19,12
HR9 5LR,78,45,33,25
HR9 5LS,25,13,12,12
HR9 5LU,48,21,27,22
HR9 5LW,142,60,82,58
HR9 5LX,16,8,8,6
HR9 5LY,17,9,8,7
HR9 5LZ,63,28,35,30
HR9 5NA,62,28,34,30
HR9 5NB,3,1,2,2
HR9 5ND,63,25,38,31
HR9 5NH,16,8,8,8
HR9 5NJ,73,33,40,26
HR9 5NL,22,10,12,9
HR9 5NN,27,12,15,11
HR9 5NP,14,8,6,6
HR9 5NQ,11,4,7,7
HR9 5NR,18,9,9,8
HR9 5NW,5,3,2,2
HR9 5NX,3,2,1,3
HR9 5NY,2,1,1,1
HR9 5NZ,40,19,21,16
HR9 5PA,4,3,1,3
HR9 5PB,21,13,8,12
HR9 5PD,40,19,21,22
HR9 5PE,5,3,2,5
HR9 5PF,12,4,8,6
HR9 5PG,30,19,11,14
HR9 5PH,81,37,44,30
HR9 5PJ,22,11,11,13
HR9 5PL,17,7,10,8
HR9 5PN,16,7,9,6
HR9 5PP,33,17,16,19
HR9 5PQ,120,50,70,35
HR9 5PR,28,13,15,14
HR9 5PS,54,26,28,26
HR9 5PT,24,12,12,11
HR9 5PU,30,17,13,15
HR9 5PW,28,14,14,16
HR9 5PX,57,30,27,22
HR9 5PY,26,14,12,10
HR9 5PZ,50,19,31,20
HR9 5QA,136,74,62,57
HR9 5QB,162,73,89,59
HR9 5QD,166,82,84,50
HR9 5QE,41,21,20,11
HR9 5QF,13,8,5,12
HR9 5QG,27,13,14,13
HR9 5QH,16,6,10,5
HR9 5QJ,18,9,9,8
HR9 5QL,2,1,1,1
HR9 5QN,11,7,4,5
HR9 5QP,25,11,14,13
HR9 5QQ,25,12,13,11
HR9 5QR,6,4,2,2
HR9 5QS,77,39,38,32
HR9 5QT,30,13,17,14
HR9 5QU,81,42,39,43
HR9 5QW,6,4,2,3
HR9 5QX,112,54,58,41
HR9 5QY,16,5,11,5
HR9 5QZ,32,19,13,14
HR9 5RA,23,12,11,10
HR9 5RB,6,2,4,3
HR9 5RD,15,8,7,7
HR9 5RE,13,6,7,6
HR9 5RF,40,19,21,17
HR9 5RG,2,1,1,1
HR9 5RH,17,8,9,7
HR9 5RJ,16,8,8,7
HR9 5RL,150,68,82,56
HR9 5RN,83,37,46,27
HR9 5RP,90,49,41,31
HR9 5RQ,11,5,6,3
HR9 5RR,18,10,8,7
HR9 5RS,8,4,4,4
HR9 5RT,67,35,32,28
HR9 5RU,15,8,7,6
HR9 5RW,72,38,34,26
HR9 5RX,95,48,47,39
HR9 5RY,38,21,17,12
HR9 5RZ,35,13,22,23
HR9 5SA,38,22,16,15
HR9 5SB,23,9,14,9
HR9 5SD,68,40,28,24
HR9 5SE,38,23,15,15
HR9 5SF,37,16,21,14
HR9 5SG,69,40,29,33
HR9 5SH,39,22,17,17
HR9 5SJ,6,3,3,2
HR9 5SL,8,4,4,4
HR9 5SN,3,1,2,2
HR9 5SP,80,39,41,37
HR9 5SQ,41,22,19,13
HR9 5ST,29,14,15,10
HR9 5SU,4,2,2,1
HR9 5SW,4,2,2,1
HR9 5SX,27,11,16,11
HR9 5SY,44,22,22,17
HR9 5SZ,32,16,16,12
HR9 5TA,36,18,18,15
HR9 5TB,39,21,18,16
HR9 5TD,12,8,4,6
HR9 5TE,48,20,28,22
HR9 5TF,10,6,4,4
HR9 5TG,19,10,9,10
HR9 5TH,41,23,18,18
HR9 5TJ,54,29,25,18
HR9 5TL,35,17,18,16
HR9 5TN,9,5,4,3
HR9 5TP,21,11,10,9
HR9 5TQ,29,14,15,13
HR9 5TR,64,35,29,27
HR9 5TS,8,3,5,3
HR9 5TT,8,4,4,3
HR9 5TU,17,8,9,7
HR9 5TW,4,2,2,2
HR9 5TX,14,8,6,6
HR9 5TY,54,26,28,21
HR9 5TZ,39,19,20,14
HR9 5UA,59,28,31,19
HR9 5UB,53,27,26,21
HR9 5UD,108,49,59,36
HR9 5UE,15,6,9,13
HR9 5UF,48,26,22,24
HR9 5UG,24,11,13,13
HR9 5UH,32,15,17,17
HR9 5UJ,36,17,19,16
HR9 5UL,25,11,14,12
HR9 5UN,67,34,33,27
HR9 5UP,50,24,26,18
HR9 5UQ,52,20,32,36
HR9 5UR,21,11,10,8
HR9 5US,15,9,6,6
HR9 5UT,35,17,18,17
HR9 5UU,34,17,17,12
HR9 5UW,58,27,31,25
HR9 5UX,25,15,10,9
HR9 5UY,64,30,34,29
HR9 5WF,18,11,7,7
HR9 5WG,22,13,9,9
HR9 5XA,17,9,8,9
HR9 5XB,5,2,3,5
HR9 5YU,48,11,37,41
HR9 6AA,28,15,13,14
HR9 6AD,25,14,11,11
HR9 6AE,7,3,4,2
HR9 6AF,12,6,6,5
HR9 6AG,27,13,14,10
HR9 6AH,46,16,30,23
HR9 6AJ,108,51,57,44
HR9 6AL,32,14,18,3
HR9 6AN,33,18,15,13
HR9 6AP,26,15,11,10
HR9 6AQ,12,5,7,5
HR9 6AR,8,3,5,2
HR9 6AS,21,11,10,7
HR9 6AT,39,17,22,16
HR9 6AU,3,2,1,1
HR9 6AW,62,27,35,21
HR9 6AX,24,12,12,9
HR9 6AY,4,0,4,2
HR9 6AZ,4,2,2,1
HR9 6BA,26,14,12,10
HR9 6BB,11,6,5,4
HR9 6BD,5,1,4,2
HR9 6BE,22,10,12,11
HR9 6BG,27,14,13,13
HR9 6BH,12,5,7,6
HR9 6BJ,27,15,12,14
HR9 6BL,70,33,37,32
HR9 6BN,72,36,36,30
HR9 6BP,102,47,55,43
HR9 6BQ,40,19,21,20
HR9 6BS,17,9,8,6
HR9 6BT,18,7,11,9
HR9 6BU,15,8,7,7
HR9 6BW,66,39,27,26
HR9 6BY,3,3,0,2
HR9 6BZ,26,8,18,1
HR9 6DA,21,12,9,10
HR9 6DB,10,5,5,4
HR9 6DD,78,32,46,25
HR9 6DE,5,3,2,2
HR9 6DG,64,32,32,28
HR9 6DH,8,2,6,3
HR9 6DJ,75,33,42,22
HR9 6DL,1,0,1,1
HR9 6DN,25,12,13,9
HR9 6DQ,38,18,20,19
HR9 6DR,2,1,1,1
HR9 6DS,25,8,17,8
HR9 6DT,31,13,18,12
HR9 6DU,21,9,12,11
HR9 6DW,42,25,17,17
HR9 6DX,2,1,1,1
HR9 6DY,53,27,26,19
HR9 6DZ,55,30,25,21
HR9 6EA,50,23,27,29
HR9 6EB,3,2,1,2
HR9 6ED,15,5,10,8
HR9 6EE,30,16,14,10
HR9 6EG,9,4,5,4
HR9 6EH,22,13,9,11
HR9 6EJ,2,1,1,1
HR9 6EL,2,1,1,1
HR9 6EN,9,4,5,3
HR9 6EP,41,22,19,17
HR9 6EQ,6,4,2,4
HR9 6ER,5,2,3,3
HR9 6ES,18,10,8,9
HR9 6ET,40,19,21,19
HR9 6EU,18,8,10,10
HR9 6EW,6,2,4,3
HR9 6EX,86,42,44,33
HR9 6EY,46,22,24,24
HR9 6EZ,129,65,64,51
HR9 6FX,2,1,1,1
HR9 6HA,37,18,19,15
HR9 6HB,20,11,9,6
HR9 6HD,24,13,11,10
HR9 6HE,9,5,4,4
HR9 6HF,26,15,11,10
HR9 6HG,6,2,4,1
HR9 6HH,19,10,9,11
HR9 6HL,4,3,1,2
HR9 6HN,24,14,10,8
HR9 6HP,44,26,18,21
HR9 6HQ,101,49,52,39
HR9 6HR,77,40,37,26
HR9 6HS,6,3,3,2
HR9 6HT,23,13,10,7
HR9 6HU,20,11,9,7
HR9 6HW,4,2,2,2
HR9 6HX,30,14,16,14
HR9 6HY,12,5,7,6
HR9 6HZ,6,4,2,6
HR9 6JA,43,20,23,19
HR9 6JB,31,15,16,11
HR9 6JD,43,19,24,17
HR9 6JE,24,14,10,14
HR9 6JF,16,9,7,8
HR9 6JG,15,10,5,7
HR9 6JH,44,23,21,23
HR9 6JJ,22,11,11,9
HR9 6JL,17,10,7,6
HR9 6JN,29,17,12,12
HR9 6JQ,22,14,8,8
HR9 6JT,6,2,4,4
HR9 6JU,15,7,8,8
HR9 6JW,14,6,8,4
HR9 6JX,16,9,7,8
HR9 6JY,8,4,4,3
HR9 6JZ,102,48,54,47
HR9 6LA,6,4,2,2
HR9 6LB,31,17,14,12
HR9 6LD,60,29,31,28
HR9 6LE,7,2,5,4
HR9 6LF,30,12,18,13
HR9 6LG,22,11,11,8
HR9 6LH,10,5,5,4
HR9 6LJ,17,8,9,6
HR9 6LL,33,17,16,13
HR9 6LN,3,1,2,2
HR9 6LP,35,20,15,14
HR9 6LQ,6,3,3,2
HR9 6LR,2,1,1,1
HR9 6LS,17,8,9,6
HR9 6LT,3,1,2,2
HR9 6LU,9,4,5,3
HR9 6LW,5,3,2,3
HR9 6LX,24,11,13,10
HR9 6LY,29,17,12,13
HR9 6LZ,8,5,3,3
HR9 6NA,15,7,8,8
HR9 6NB,9,2,7,2
HR9 6ND,31,11,20,14
HR9 6NE,14,7,7,6
HR9 6NF,21,8,13,9
HR9 6NG,8,3,5,2
HR9 6NH,53,22,31,22
HR9 6NJ,11,4,7,4
HR9 6NL,11,5,6,5
HR9 6NN,8,3,5,2
HR9 6NP,7,3,4,4
HR9 6NQ,30,14,16,10
HR9 6NR,9,4,5,4
HR9 6NS,11,5,6,3
HR9 6NT,21,9,12,9
HR9 6NU,4,2,2,2
HR9 6NW,6,2,4,3
HR9 6NX,8,5,3,3
HR9 6NY,3,1,2,1
HR9 6NZ,11,5,6,5
HR9 6PA,30,16,14,14
HR9 6PB,21,10,11,2
HR9 6PD,2,1,1,1
HR9 6PE,2,1,1,1
HR9 6PF,17,8,9,7
HR9 6PG,30,13,17,12
HR9 6PH,9,5,4,4
HR9 6PJ,4,2,2,2
HR9 6PL,5,3,2,3
HR9 6PN,9,5,4,3
HR9 6PP,11,4,7,4
HR9 6PQ,10,5,5,2
HR9 6PR,12,4,8,4
HR9 6PW,7,2,5,3
HR9 6PY,5,3,2,2
HR9 6PZ,41,21,20,22
HR9 6QA,53,26,27,21
HR9 6QB,16,9,7,5
HR9 6QD,115,55,60,55
HR9 6QE,20,9,11,9
HR9 6QF,43,23,20,19
HR9 6QG,15,8,7,5
HR9 6QH,12,4,8,5
HR9 6QJ,47,19,28,16
HR9 6QL,15,7,8,5
HR9 6QN,11,6,5,4
HR9 6QP,32,15,17,12
HR9 6QQ,36,16,20,14
HR9 6QR,14,6,8,4
HR9 6QS,23,9,14,8
HR9 6QT,9,4,5,4
HR9 6QU,26,13,13,11
HR9 6QW,5,1,4,4
HR9 6QX,4,1,3,1
HR9 6QY,26,12,14,10
HR9 6QZ,14,8,6,7
HR9 6RA,10,5,5,5
HR9 6RB,2,2,0,0
HR9 6RD,11,6,5,3
HR9 6RE,19,9,10,0
HR9 6RW,26,11,15,10
HR9 7AA,53,27,26,28
HR9 7AB,64,35,29,31
HR9 7AE,4,2,2,3
HR9 7AF,30,14,16,11
HR9 7AG,58,34,24,26
HR9 7AH,4,2,2,2
HR9 7AJ,2,1,1,1
HR9 7AL,11,4,7,5
HR9 7AN,47,22,25,26
HR9 7AP,33,11,22,13
HR9 7AR,5,3,2,3
HR9 7AS,35,21,14,18
HR9 7AT,15,8,7,6
HR9 7AU,38,19,19,15
HR9 7AW,29,14,15,11
HR9 7AX,23,10,13,10
HR9 7AY,2,1,1,1
HR9 7AZ,40,17,23,17
HR9 7BA,1,0,1,1
HR9 7BB,19,9,10,9
HR9 7BD,46,24,22,28
HR9 7BE,31,18,13,10
HR9 7BG,80,36,44,30
HR9 7BH,11,6,5,4
HR9 7BJ,8,4,4,4
HR9 7BL,19,6,13,13
HR9 7BN,60,28,32,28
HR9 7BP,10,5,5,5
HR9 7BQ,69,19,50,12
HR9 7BS,17,11,6,11
HR9 7BT,17,7,10,7
HR9 7BU,9,4,5,4
HR9 7BX,18,7,11,12
HR9 7BY,16,9,7,5
HR9 7BZ,93,40,53,44
HR9 7DA,80,33,47,42
HR9 7DB,45,22,23,19
HR9 7DD,10,3,7,8
HR9 7DE,23,8,15,12
HR9 7DF,47,24,23,20
HR9 7DG,25,10,15,8
HR9 7DH,92,47,45,62
HR9 7DJ,16,6,10,5
HR9 7DL,64,32,32,26
HR9 7DN,13,8,5,6
HR9 7DP,31,17,14,17
HR9 7DQ,52,24,28,29
HR9 7DR,73,39,34,26
HR9 7DS,43,22,21,26
HR9 7DT,37,29,8,28
HR9 7DU,43,17,26,33
HR9 7DW,57,23,34,24
HR9 7DY,15,9,6,10
HR9 7DZ,12,7,5,5
HR9 7EA,27,15,12,14
HR9 7EB,7,5,2,3
HR9 7ED,19,10,9,9
HR9 7EE,30,18,12,18
HR9 7EF,21,10,11,7
HR9 7EG,33,17,16,17
HR9 7EH,79,38,41,35
HR9 7EJ,10,6,4,4
HR9 7EL,19,8,11,9
HR9 7EN,17,10,7,6
HR9 7EP,16,9,7,8
HR9 7EQ,63,34,29,33
HR9 7ER,13,7,6,6
HR9 7ES,39,19,20,14
HR9 7EU,54,24,30,18
HR9 7EW,89,45,44,31
HR9 7EX,139,74,65,45
HR9 7EY,47,24,23,20
HR9 7EZ,30,16,14,13
HR9 7FA,24,12,12,10
HR9 7FB,2,1,1,1
HR9 7FD,3,0,3,3
HR9 7FF,2,2,0,2
HR9 7FG,12,6,6,5
HR9 7FH,12,6,6,4
HR9 7FJ,3,2,1,2
HR9 7FL,5,2,3,2
HR9 7FN,10,4,6,8
HR9 7FP,19,12,7,10
HR9 7FQ,23,10,13,8
HR9 7FR,44,21,23,20
HR9 7FS,14,8,6,9
HR9 7FW,41,18,23,33
HR9 7FZ,9,4,5,4
HR9 7GA,17,9,8,5
HR9 7GD,6,4,2,2
HR9 7GE,5,3,2,5
HR9 7GH,2,1,1,1
HR9 7GJ,27,12,15,11
HR9 7GL,15,5,10,6
HR9 7GP,63,29,34,43
HR9 7GQ,17,8,9,6
HR9 7GX,20,9,11,10
HR9 7HA,28,17,11,19
HR9 7HB,161,80,81,56
HR9 7HD,36,18,18,18
HR9 7HE,63,31,32,31
HR9 7HH,153,76,77,71
HR9 7HJ,44,24,20,20
HR9 7HL,6,1,5,4
HR9 7HN,25,12,13,12
HR9 7HP,36,18,18,16
HR9 7HQ,75,29,46,31
HR9 7HR,56,29,27,25
HR9 7HS,58,26,32,32
HR9 7HT,68,37,31,30
HR9 7HU,70,36,34,33
HR9 7HW,5,3,2,3
HR9 7HX,48,23,25,22
HR9 7HY,49,20,29,18
HR9 7HZ,15,7,8,4
HR9 7JA,51,35,16,12
HR9 7JB,21,10,11,10
HR9 7JD,64,32,32,30
HR9 7JE,54,24,30,17
HR9 7JF,24,13,11,10
HR9 7JG,21,9,12,8
HR9 7JH,29,11,18,10
HR9 7JJ,18,10,8,7
HR9 7JL,10,6,4,3
HR9 7JP,20,10,10,12
HR9 7JQ,7,5,2,2
HR9 7JR,15,8,7,9
HR9 7JS,25,9,16,8
HR9 7JT,33,17,16,12
HR9 7JU,45,13,32,42
HR9 7JW,9,4,5,4
HR9 7JX,6,3,3,4
HR9 7JY,39,21,18,17
HR9 7JZ,64,32,32,22
HR9 7LA,98,55,43,42
HR9 7LB,3,2,1,2
HR9 7LD,28,12,16,14
HR9 7LE,33,16,17,11
HR9 7LF,20,9,11,10
HR9 7LG,22,11,11,8
HR9 7LH,7,2,5,3
HR9 7LJ,2,1,1,1
HR9 7LL,6,4,2,3
HR9 7LN,52,26,26,24
HR9 7LP,7,2,5,2
HR9 7LQ,44,22,22,20
HR9 7LR,15,8,7,6
HR9 7LS,84,41,43,42
HR9 7LT,11,4,7,5
HR9 7LU,6,2,4,1
HR9 7LW,37,19,18,18
HR9 7LX,8,4,4,2
HR9 7LY,5,2,3,2
HR9 7LZ,4,2,2,2
HR9 7NA,18,11,7,12
HR9 7NB,38,19,19,14
HR9 7ND,123,61,62,39
HR9 7NE,34,13,21,27
HR9 7NF,49,21,28,22
HR9 7NG,10,5,5,4
HR9 7NJ,43,20,23,20
HR9 7NL,27,12,15,12
HR9 7NN,14,9,5,5
HR9 7NP,5,3,2,1
HR9 7NQ,35,18,17,13
HR9 7NR,12,6,6,7
HR9 7NS,7,4,3,4
HR9 7NT,11,6,5,4
HR9 7NU,5,3,2,1
HR9 7NW,5,3,2,3
HR9 7NX,24,10,14,9
HR9 7NY,43,21,22,15
HR9 7NZ,7,3,4,3
HR9 7PA,31,14,17,17
HR9 7PB,27,12,15,16
HR9 7PD,46,22,24,33
HR9 7PE,39,22,17,16
HR9 7PF,23,11,12,9
HR9 7PG,31,13,18,13
HR9 7PH,27,14,13,12
HR9 7PJ,23,11,12,11
HR9 7PL,37,19,18,17
HR9 7PN,28,15,13,9
HR9 7PP,16,7,9,6
HR9 7PQ,49,24,25,22
HR9 7PR,37,19,18,18
HR9 7PS,12,6,6,7
HR9 7PT,4,3,1,1
HR9 7PU,24,11,13,10
HR9 7PW,25,12,13,7
HR9 7PX,4,2,2,2
HR9 7PY,8,5,3,3
HR9 7PZ,10,7,3,4
HR9 7QA,19,9,10,9
HR9 7QB,86,53,33,46
HR9 7QD,88,39,49,40
HR9 7QE,40,18,22,17
HR9 7QJ,6,3,3,3
HR9 7QL,28,12,16,10
HR9 7QN,2,1,1,1
HR9 7QP,22,10,12,10
HR9 7QR,6,3,3,3
HR9 7QS,6,3,3,2
HR9 7QT,8,4,4,4
HR9 7QU,24,13,11,15
HR9 7QW,20,11,9,7
HR9 7QX,26,14,12,13
HR9 7QY,4,2,2,2
HR9 7QZ,7,4,3,4
HR9 7RA,5,3,2,2
HR9 7RB,9,5,4,5
HR9 7RD,9,3,6,4
HR9 7RE,33,16,17,13
HR9 7RF,7,4,3,4
HR9 7RG,18,8,10,7
HR9 7RH,41,18,23,14
HR9 7RJ,81,41,40,42
HR9 7RL,49,21,28,24
HR9 7RN,88,43,45,43
HR9 7RP,1,0,1,1
HR9 7RQ,151,73,78,59
HR9 7RR,16,9,7,8
HR9 7RS,42,25,17,19
HR9 7RT,18,6,12,12
HR9 7RU,33,16,17,12
HR9 7RW,36,15,21,11
HR9 7RX,26,7,19,8
HR9 7RY,42,20,22,20
HR9 7RZ,13,7,6,6
HR9 7SA,6,3,3,3
HR9 7SB,31,20,11,14
HR9 7SD,32,17,15,11
HR9 7SE,64,31,33,25
HR9 7SF,47,24,23,18
HR9 7SG,19,10,9,10
HR9 7SH,61,30,31,29
HR9 7SJ,93,49,44,36
HR9 7SL,43,22,21,13
HR9 7SN,43,20,23,19
HR9 7SP,29,12,17,10
HR9 7SQ,11,5,6,6
HR9 7SR,17,10,7,10
HR9 7SS,23,9,14,8
HR9 7ST,10,5,5,5
HR9 7SU,5,2,3,3
HR9 7SW,24,8,16,11
HR9 7SX,4,2,2,3
HR9 7SY,13,7,6,6
HR9 7SZ,12,6,6,6
HR9 7TA,15,7,8,6
HR9 7TB,23,13,10,9
HR9 7TD,13,7,6,6
HR9 7TE,20,11,9,6
HR9 7TF,24,16,8,5
HR9 7TG,25,12,13,11
HR9 7TH,40,22,18,17
HR9 7TJ,15,7,8,6
HR9 7TL,35,18,17,15
HR9 7TN,36,21,15,13
HR9 7TP,14,6,8,6
HR9 7TQ,6,3,3,2
HR9 7TR,3,1,2,2
HR9 7TS,38,19,19,15
HR9 7TT,28,14,14,15
HR9 7TU,41,20,21,15
HR9 7TW,34,19,15,16
HR9 7TX,9,3,6,3
HR9 7TY,2,1,1,1
HR9 7TZ,17,9,8,7
HR9 7UA,21,7,14,8
HR9 7UB,2,1,1,1
HR9 7UD,18,9,9,9
HR9 7UE,34,17,17,13
HR9 7UF,32,16,16,11
HR9 7UG,6,3,3,3
HR9 7UH,3,2,1,2
HR9 7UJ,14,7,7,6
HR9 7UL,23,12,11,7
HR9 7UN,10,5,5,3
HR9 7UP,35,16,19,15
HR9 7UQ,8,4,4,5
HR9 7UR,24,13,11,9
HR9 7UT,11,6,5,3
HR9 7UU,17,10,7,9
HR9 7UW,17,9,8,8
HR9 7UX,27,14,13,10
HR9 7UY,11,6,5,4
HR9 7UZ,55,32,23,22
HR9 7WJ,15,7,8,8
HR9 7XA,31,15,16,21
HR9 7XB,26,14,12,10
HR9 7XD,19,10,9,8
HR9 7XE,28,14,14,13
HR9 7XF,43,20,23,21
HR9 7XG,25,9,16,13
HR9 7XH,40,15,25,23
HR9 7XJ,7,3,4,4
HR9 7XL,40,21,19,22
HR9 7XN,60,28,32,26
HR9 7XQ,35,15,20,21
HR9 7XS,48,24,24,18
HR9 7XW,5,2,3,3
HR9 7XX,43,22,21,21
HR9 7XZ,52,24,28,20
HR9 7YA,6,3,3,6
HU1 1AA,45,27,18,33
HU1 1AZ,6,4,2,6
HU1 1DB,13,10,3,10
HU1 1EA,5,3,2,2
HU1 1HA,48,34,14,35
HU1 1HB,61,37,24,56
HU1 1JG,23,11,12,12
HU1 1LF,29,18,11,17
HU1 1NB,4,3,1,3
HU1 1NE,41,25,16,32
HU1 1NG,29,19,10,20
HU1 1NH,33,25,8,24
HU1 1NP,3,2,1,2
HU1 1NQ,100,51,49,5
HU1 1NR,64,38,26,54
HU1 1PA,48,30,18,39
HU1 1PW,12,8,4,10
HU1 1QE,85,50,35,62
HU1 1RJ,3,3,0,3
HU1 1RP,7,4,3,4
HU1 1RQ,6,5,1,4
HU1 1RR,1,1,0,1
HU1 1SE,82,53,29,58
HU1 1TB,1,1,0,1
HU1 1TF,14,9,5,13
HU1 1TJ,5,5,0,5
HU1 1UD,6,3,3,6
HU1 1UG,1,1,0,1
HU1 1UH,1,1,0,1
HU1 1UJ,11,7,4,10
HU1 1UU,2,2,0,2
HU1 1UZ,49,16,33,43
HU1 1XA,36,18,18,31
HU1 1XD,37,23,14,36
HU1 1XE,17,10,7,13
HU1 1XR,24,13,11,16
HU1 1XW,7,4,3,5
HU1 1YT,9,8,1,8
HU1 1YU,8,4,4,6
HU1 2AJ,45,23,22,40
HU1 2BD,8,4,4,4
HU1 2BE,64,39,25,46
HU1 2BJ,1,0,1,1
HU1 2BP,3,1,2,2
HU1 2DB,4,2,2,2
HU1 2DF,11,6,5,9
HU1 2DG,24,13,11,17
HU1 2DR,48,25,23,31
HU1 2DS,1,0,1,1
HU1 2DX,26,15,11,19
HU1 2DZ,66,46,20,52
HU1 2EA,9,7,2,8
HU1 2EG,8,6,2,7
HU1 2EH,18,10,8,13
HU1 2EJ,29,18,11,20
HU1 2EL,30,13,17,18
HU1 2EP,35,18,17,20
HU1 2ER,2,2,0,2
HU1 2ES,65,30,35,48
HU1 2JA,3,1,2,2
HU1 2JJ,3,3,0,3
HU1 2JN,5,4,1,4
HU1 2JP,30,22,8,26
HU1 2JX,8,5,3,5
HU1 2LG,8,4,4,8
HU1 2LJ,21,15,6,14
HU1 2LP,1,1,0,1
HU1 2LU,8,7,1,7
HU1 2LX,85,60,25,72
HU1 2LY,12,7,5,8
HU1 2LZ,8,4,4,8
HU1 2NA,12,7,5,8
HU1 2NB,46,29,17,34
HU1 2NE,62,23,39,56
HU1 2PG,1,1,0,1
HU1 2PH,19,8,11,12
HU1 2PJ,9,5,4,9
HU1 2PN,16,8,8,10
HU1 2PP,20,13,7,9
HU1 2PZ,16,13,3,0
HU1 2QH,14,7,7,7
HU1 2QJ,17,9,8,9
HU1 2QL,51,32,19,32
HU1 2QN,53,32,21,30
HU1 2QQ,98,86,12,0
HU1 2QW,67,32,35,38
HU1 2QX,41,23,18,31
HU1 2RA,9,8,1,6
HU1 2RD,54,38,16,46
HU1 2RF,49,27,22,23
HU1 2RH,191,112,79,68
HU1 2RJ,42,28,14,36
HU1 2RQ,54,33,21,25
HU1 2RR,5,3,2,4
HU1 2SP,11,7,4,8
HU1 2SR,42,28,14,29
HU1 2SS,85,54,31,41
HU1 2ST,51,31,20,26
HU1 2SU,55,37,18,37
HU1 2SX,23,16,7,15
HU1 2TY,39,24,15,31
HU1 3AA,1,1,0,1
HU1 3AB,8,5,3,6
HU1 3AH,26,16,10,18
HU1 3AJ,6,2,4,2
HU1 3AL,22,15,7,17
HU1 3BA,3,3,0,3
HU1 3BN,14,9,5,8
HU1 3DF,6,4,2,3
HU1 3DL,45,25,20,29
HU1 3DR,137,80,57,78
HU1 3EA,4,3,1,3
HU1 3EJ,16,10,6,12
HU1 3HB,32,20,12,15
HU1 3HE,38,26,12,25
HU1 3HG,7,3,4,5
HU1 3HJ,12,8,4,10
HU1 3HR,5,4,1,5
HU1 3JF,17,10,7,9
HU1 3LX,6,3,3,3
HU1 3ND,1,1,0,1
HU1 3PE,3,2,1,2
HU1 3PY,2,1,1,2
HU1 3QT,1,0,1,1
HU1 3RA,2,0,2,1
HU1 3RF,6,4,2,2
HU1 3RT,8,4,4,8
HU1 3SA,12,7,5,10
HU1 3SQ,1,1,0,1
HU1 3TB,6,3,3,4
HU1 3TG,11,7,4,7
HU1 3TH,6,3,3,5
HU1 3TJ,7,4,3,5
HU1 3TL,5,4,1,5
HU1 3TN,6,5,1,5
HU1 3TQ,5,4,1,5
HU1 3UN,1,0,1,1
HU106AA,90,42,48,28
HU106AB,44,22,22,25
HU106AD,87,42,45,35
HU106AE,66,30,36,22
HU106AF,50,21,29,15
HU106AH,37,17,20,14
HU106AJ,106,48,58,39
HU106AL,51,24,27,24
HU106AN,71,33,38,33
HU106AP,46,23,23,16
HU106AQ,10,6,4,4
HU106AR,77,34,43,30
HU106AS,64,26,38,26
HU106AT,58,31,27,17
HU106AU,21,9,12,8
HU106AW,79,42,37,24
HU106AX,17,8,9,11
HU106AY,30,13,17,16
HU106AZ,42,16,26,23
HU106BA,47,23,24,26
HU106BB,35,14,21,12
HU106BD,21,10,11,9
HU106BE,25,11,14,11
HU106BF,58,20,38,47
HU106BH,74,35,39,28
HU106BJ,163,79,84,66
HU106BL,33,15,18,11
HU106BN,27,14,13,13
HU106BP,45,20,25,23
HU106BQ,20,12,8,11
HU106BT,20,9,11,8
HU106BU,49,23,26,24
HU106BW,10,4,6,6
HU106BX,59,24,35,27
HU106BY,69,21,48,21
HU106BZ,51,28,23,21
HU106DA,70,33,37,30
HU106DB,1,0,1,1
HU106DD,95,42,53,45
HU106DE,28,14,14,12
HU106DF,84,43,41,33
HU106DG,99,48,51,39
HU106DH,49,24,25,20
HU106DN,3,2,1,2
HU106DP,40,21,19,18
HU106DQ,23,10,13,15
HU106DW,9,4,5,4
HU106DY,8,4,4,5
HU106EA,2,1,1,0
HU106ED,50,50,0,0
HU106EF,33,18,15,11
HU106EG,8,6,2,3
HU106EJ,23,10,13,22
HU106EL,40,18,22,30
HU106EN,18,6,12,14
HU106EP,65,28,37,29
HU106ER,9,8,1,1
HU106ES,105,51,54,38
HU106ET,104,55,49,39
HU106EU,109,55,54,47
HU106EX,49,23,26,25
HU106EY,69,33,36,35
HU106EZ,34,15,19,19
HU106FB,1,0,1,1
HU106FD,11,6,5,6
HU106FH,14,6,8,9
HU106FJ,1,0,1,1
HU106FN,19,10,9,13
HU106GA,21,10,11,6
HU106GD,7,4,3,2
HU106HA,16,7,9,11
HU106HB,53,27,26,19
HU106HE,63,32,31,23
HU106HG,66,32,34,30
HU106HH,52,24,28,24
HU106HJ,13,6,7,7
HU106HL,28,13,15,14
HU106HN,38,16,22,22
HU106HP,22,8,14,14
HU106HQ,87,41,46,35
HU106HR,6,2,4,4
HU106HS,46,21,25,21
HU106HT,61,32,29,35
HU106HU,35,15,20,20
HU106HW,46,22,24,20
HU106HX,31,13,18,18
HU106HZ,25,11,14,18
HU106JA,32,16,16,16
HU106JB,15,7,8,8
HU106JD,29,14,15,17
HU106JE,39,18,21,15
HU106JF,28,13,15,11
HU106JG,33,16,17,14
HU106JH,29,12,17,15
HU106JJ,46,24,22,16
HU106JL,29,10,19,13
HU106JN,17,9,8,7
HU106JP,62,25,37,28
HU106JQ,57,27,30,26
HU106JS,66,35,31,21
HU106JT,57,34,23,21
HU106JU,14,8,6,6
HU106JW,126,54,72,37
HU106JX,72,39,33,29
HU106JY,20,10,10,10
HU106JZ,51,25,26,22
HU106LA,69,41,28,33
HU106LB,23,9,14,15
HU106LF,72,39,33,24
HU106LG,25,13,12,12
HU106LH,36,19,17,14
HU106LJ,84,37,47,33
HU106LL,99,55,44,33
HU106LN,33,15,18,11
HU106LP,60,31,29,23
HU106LQ,58,29,29,20
HU106LR,12,6,6,4
HU106LS,74,37,37,29
HU106LT,69,40,29,26
HU106LU,76,35,41,32
HU106LW,173,77,96,65
HU106LX,15,6,9,10
HU106LY,60,30,30,19
HU106LZ,94,51,43,30
HU106NA,40,22,18,16
HU106ND,97,47,50,38
HU106NF,99,51,48,35
HU106NG,57,29,28,23
HU106NH,67,35,32,31
HU106NJ,38,15,23,24
HU106NL,35,14,21,22
HU106NN,20,11,9,16
HU106NP,43,19,24,28
HU106NR,48,20,28,25
HU106NT,9,3,6,4
HU106PA,25,15,10,11
HU106PB,45,22,23,16
HU106PD,115,61,54,45
HU106PF,68,32,36,23
HU106PG,42,21,21,14
HU106PH,43,21,22,26
HU106PJ,50,23,27,27
HU106PL,15,7,8,4
HU106PN,24,10,14,9
HU106PP,67,36,31,22
HU106PR,12,5,7,4
HU106PS,70,36,34,28
HU106PT,106,53,53,37
HU106PU,85,43,42,26
HU106PW,57,31,26,21
HU106PX,44,22,22,20
HU106PY,57,28,29,23
HU106QA,101,47,54,43
HU106QB,74,34,40,34
HU106QD,104,48,56,44
HU106QE,36,21,15,15
HU106QF,57,21,36,22
HU106QG,28,13,15,11
HU106QH,11,5,6,5
HU106QJ,29,14,15,14
HU106QL,25,11,14,10
HU106QN,52,24,28,25
HU106QP,67,34,33,30
HU106QQ,25,11,14,15
HU106QR,30,13,17,12
HU106QS,43,25,18,19
HU106QT,49,25,24,22
HU106QW,30,14,16,12
HU106QX,80,38,42,32
HU106QY,104,50,54,39
HU106QZ,31,16,15,11
HU106RA,6,2,4,2
HU106RB,36,12,24,13
HU106RD,40,20,20,20
HU106RE,69,37,32,27
HU106RF,31,17,14,15
HU106RG,22,10,12,12
HU106SA,36,17,19,19
HU106SB,60,35,25,24
HU106SD,65,24,41,30
HU106SE,57,26,31,26
HU106SF,54,28,26,23
HU106SG,77,39,38,35
HU106SH,61,26,35,35
HU106SJ,39,15,24,30
HU106SN,16,7,9,5
HU106SP,29,17,12,13
HU106SQ,9,1,8,6
HU106SR,61,27,34,20
HU106SS,58,36,22,18
HU106ST,68,35,33,31
HU106SU,127,63,64,48
HU106SW,18,4,14,16
HU106SX,57,27,30,33
HU106SY,28,15,13,10
HU106TA,120,56,64,48
HU106TB,35,15,20,14
HU106TD,59,27,32,29
HU106TE,55,24,31,21
HU106TG,54,21,33,47
HU106TH,52,26,26,22
HU106TJ,58,29,29,31
HU106TL,2,2,0,2
HU106TN,60,26,34,26
HU106TP,25,11,14,11
HU106TQ,36,17,19,15
HU106TW,59,23,36,26
HU106TY,14,5,9,10
HU106TZ,56,26,30,29
HU106UA,31,14,17,14
HU106UB,78,43,35,26
HU106UD,9,6,3,5
HU106UE,2,1,1,1
HU106UF,23,13,10,8
HU106UG,99,51,48,37
HU106UH,84,46,38,37
HU106UJ,23,11,12,12
HU106UL,16,8,8,8
HU106UN,144,65,79,54
HU106UP,68,32,36,25
HU106UQ,92,46,46,35
HU106UR,45,23,22,17
HU106US,125,58,67,52
HU106UT,35,22,13,11
HU106UW,34,14,20,14
HU106UX,8,4,4,4
HU106UY,18,11,7,8
HU106XZ,59,21,38,45
HU107AA,37,20,17,16
HU107AB,88,39,49,38
HU107AD,42,18,24,20
HU107AE,7,4,3,2
HU107AF,101,53,48,41
HU107AG,101,52,49,34
HU107AH,49,22,27,17
HU107AJ,70,29,41,27
HU107AL,24,13,11,10
HU107AN,47,18,29,23
HU107AP,61,33,28,18
HU107AQ,47,21,26,18
HU107AR,42,21,21,18
HU107AS,44,21,23,17
HU107AT,67,32,35,27
HU107AU,18,5,13,12
HU107AW,6,3,3,6
HU107AX,26,15,11,11
HU107AY,45,24,21,20
HU107BA,7,6,1,6
HU107BB,8,3,5,6
HU107BD,23,10,13,11
HU107BE,31,14,17,9
HU107BG,49,26,23,19
HU107BH,18,8,10,7
HU107BL,21,12,9,12
HU107BN,36,19,17,20
HU107BP,25,14,11,9
HU107BQ,104,46,58,18
HU107BS,25,14,11,13
HU107BT,39,16,23,15
HU107BU,31,16,15,13
HU107BW,49,21,28,28
HU107BX,10,4,6,4
HU107BY,11,5,6,10
HU107DB,24,9,15,16
HU107DD,55,24,31,25
HU107DE,20,12,8,11
HU107DF,30,15,15,16
HU107DG,13,7,6,7
HU107DH,49,20,29,37
HU107DP,87,45,42,34
HU107DQ,14,8,6,6
HU107DR,57,29,28,21
HU107DS,54,28,26,18
HU107DT,59,32,27,22
HU107DU,44,21,23,19
HU107DX,9,5,4,5
HU107DY,9,3,6,5
HU107DZ,51,26,25,23
HU107EA,53,28,25,19
HU107EB,8,3,5,5
HU107ED,17,9,8,6
HU107EG,25,12,13,14
HU107EJ,27,14,13,13
HU107EL,5,4,1,2
HU107EP,57,25,32,42
HU107GA,53,18,35,47
HU107HA,99,50,49,34
HU107HB,13,9,4,5
HU107HD,27,15,12,13
HU107HE,41,21,20,15
HU107HF,15,8,7,5
HU107HG,53,24,29,18
HU107HH,76,38,38,34
HU107HJ,30,15,15,16
HU107HL,39,17,22,20
HU107HN,63,30,33,28
HU107HP,42,20,22,11
HU107HQ,44,22,22,16
HU107HR,15,5,10,10
HU107HS,56,28,28,19
HU107HT,65,33,32,25
HU107HU,27,16,11,8
HU107HW,12,6,6,6
HU107HX,70,37,33,33
HU107HY,39,19,20,16
HU107HZ,17,10,7,9
HU107JD,27,13,14,16
HU107JE,19,8,11,11
HU107JF,5,3,2,3
HU107JG,27,9,18,17
HU107JH,66,27,39,35
HU107JJ,53,29,24,26
HU107JL,55,24,31,28
HU107JN,66,27,39,30
HU107JP,57,22,35,27
HU107JS,47,24,23,19
HU107JT,50,26,24,20
HU107JU,43,25,18,16
HU107JW,23,12,11,11
HU107LA,38,18,20,18
HU107LB,53,28,25,22
HU107LD,41,19,22,17
HU107LE,23,10,13,11
HU107LG,29,13,16,14
HU107LH,41,19,22,13
HU107LL,2,1,1,1
HU107LN,55,29,26,20
HU107LP,71,23,48,11
HU107LR,28,13,15,13
HU107LS,39,18,21,18
HU107LT,11,4,7,7
HU107LU,2,1,1,1
HU107LW,61,29,32,21
HU107LY,53,28,25,21
HU107LZ,45,19,26,18
HU107NA,57,29,28,26
HU107NB,51,26,25,22
HU107ND,37,20,17,19
HU107NE,59,26,33,28
HU107NF,29,15,14,8
HU107NG,61,27,34,30
HU107NH,32,16,16,15
HU107NJ,13,6,7,4
HU107NL,40,17,23,15
HU107NN,87,43,44,32
HU107NP,56,28,28,25
HU107NR,11,5,6,5
HU107NS,23,12,11,9
HU107NT,2,1,1,1
HU107NU,12,5,7,8
HU107NX,41,20,21,17
HU107NY,14,6,8,7
HU107PA,11,5,6,6
HU107PB,27,12,15,12
HU107PD,42,19,23,23
HU107PE,27,15,12,9
HU107PF,50,24,26,20
HU107PG,49,24,25,21
HU107PH,64,33,31,23
HU107PJ,48,27,21,17
HU107PL,44,20,24,24
HU107PP,44,23,21,16
HU107PR,60,30,30,23
HU107PS,49,23,26,25
HU107PW,109,63,46,49
HU107QA,25,13,12,11
HU107QB,33,14,19,12
HU107QD,46,22,24,16
HU107QE,37,19,18,13
HU107QG,26,10,16,11
HU107QH,75,38,37,29
HU107QJ,78,45,33,28
HU107QL,34,16,18,13
HU107QN,37,21,16,14
HU107QP,28,14,14,14
HU107QR,21,6,15,7
HU107QS,58,34,24,19
HU107QT,6,5,1,2
HU107QU,62,29,33,24
HU107QY,61,28,33,21
HU107QZ,32,14,18,10
HU107RF,20,7,13,8
HU107RN,38,19,19,14
HU107RP,39,23,16,13
HU107RR,6,3,3,3
HU107RS,18,9,9,7
HU107RT,68,36,32,22
HU107RU,37,17,20,17
HU107RW,18,7,11,8
HU107RX,45,21,24,18
HU107RY,31,17,14,15
HU107SA,45,22,23,20
HU107SB,60,31,29,26
HU107SD,80,37,43,30
HU107SE,5,2,3,3
HU107SF,51,26,25,24
HU107SG,22,13,9,11
HU107SH,10,4,6,4
HU107TA,91,51,40,33
HU107TB,19,10,9,6
HU107TD,54,23,31,19
HU107TE,59,28,31,19
HU107TG,53,18,35,12
HU107TH,23,12,11,8
HU107TJ,1,1,0,1
HU107TL,50,25,25,19
HU107TN,41,21,20,19
HU107TP,53,28,25,22
HU107TQ,4,1,3,3
HU107TR,54,29,25,18
HU107TS,30,17,13,16
HU107TT,4,1,3,2
HU107TW,33,16,17,15
HU107TZ,44,20,24,34
HU107UA,2,0,2,1
HU107UE,11,5,6,4
HU107UG,68,31,37,23
HU107UH,81,40,41,26
HU107UJ,41,18,23,14
HU107UL,98,51,47,51
HU107UN,69,33,36,24
HU107UP,52,25,27,22
HU107UQ,31,13,18,13
HU107UR,27,14,13,16
HU107US,33,15,18,16
HU107UT,53,25,28,21
HU107UU,42,24,18,15
HU107UW,22,13,9,8
HU107UX,64,34,30,24
HU107UY,52,25,27,20
HU107UZ,54,31,23,19
HU107XA,27,14,13,10
HU107XB,36,23,13,12
HU114AA,24,11,13,10
HU114AB,18,9,9,6
HU114AE,164,78,86,69
HU114AF,6,3,3,2
HU114AG,8,4,4,3
HU114AH,126,61,65,56
HU114AJ,129,63,66,53
HU114AN,11,4,7,4
HU114AP,83,40,43,32
HU114AQ,31,14,17,13
HU114AR,40,16,24,19
HU114AS,16,5,11,9
HU114AT,15,11,4,5
HU114AU,31,16,15,13
HU114AW,18,8,10,7
HU114AX,75,42,33,34
HU114AY,57,28,29,29
HU114AZ,11,6,5,7
HU114BA,59,33,26,24
HU114BB,43,20,23,20
HU114BD,35,17,18,16
HU114BE,5,2,3,2
HU114BF,62,31,31,25
HU114BG,63,31,32,28
HU114BH,19,10,9,8
HU114BJ,42,23,19,17
HU114BL,3,1,2,2
HU114BN,104,50,54,47
HU114BP,47,22,25,37
HU114BQ,7,3,4,3
HU114BS,100,49,51,46
HU114BT,44,22,22,18
HU114BU,25,10,15,16
HU114BW,96,46,50,45
HU114BX,35,13,22,14
HU114BY,26,13,13,14
HU114BZ,61,31,30,24
HU114DA,33,14,19,14
HU114DD,21,9,12,8
HU114DE,41,21,20,19
HU114DF,11,1,10,10
HU114DG,7,4,3,3
HU114DH,73,37,36,32
HU114DJ,123,61,62,32
HU114DL,50,27,23,21
HU114DN,52,25,27,18
HU114DP,55,28,27,22
HU114DQ,27,9,18,25
HU114DR,52,23,29,24
HU114DS,50,26,24,19
HU114DT,48,26,22,20
HU114DU,7,3,4,3
HU114DW,23,9,14,13
HU114DX,45,20,25,22
HU114DY,23,12,11,12
HU114DZ,2,1,1,1
HU114EA,87,44,43,34
HU114EB,45,22,23,23
HU114ED,40,16,24,18
HU114EE,35,17,18,18
HU114EF,37,19,18,17
HU114EH,54,27,27,21
HU114EJ,62,36,26,23
HU114EL,24,11,13,13
HU114EN,89,45,44,36
HU114EP,98,51,47,38
HU114EQ,8,4,4,4
HU114ER,47,24,23,22
HU114ES,29,15,14,12
HU114ET,91,44,47,38
HU114EU,18,11,7,9
HU114EW,108,54,54,48
HU114EX,44,20,24,21
HU114EY,42,23,19,19
HU114EZ,75,36,39,23
HU114GA,53,28,25,19
HU114GB,4,2,2,2
HU114GD,8,4,4,3
HU114HA,34,16,18,17
HU114HB,102,53,49,42
HU114HD,12,5,7,7
HU114HE,90,47,43,42
HU114HF,19,10,9,8
HU114HG,31,15,16,15
HU114HH,42,16,26,22
HU114HJ,24,10,14,14
HU114HL,23,10,13,10
HU114HN,46,18,28,21
HU114HP,69,33,36,28
HU114HQ,26,10,16,14
HU114HR,39,17,22,12
HU114HS,44,19,25,26
HU114HT,93,46,47,38
HU114HW,35,16,19,13
HU114JA,8,5,3,4
HU114JB,9,5,4,4
HU114JE,42,21,21,18
HU114JF,4,2,2,2
HU114JG,3,2,1,1
HU114JH,10,6,4,4
HU114JJ,2,2,0,1
HU114JN,59,37,22,17
HU114JP,4,2,2,2
HU114JQ,8,4,4,3
HU114JR,22,11,11,9
HU114JS,18,9,9,9
HU114JT,13,6,7,8
HU114JU,6,2,4,4
HU114JW,16,10,6,5
HU114JX,23,12,11,8
HU114JY,17,8,9,5
HU114JZ,13,5,8,6
HU114LA,24,11,13,14
HU114LB,23,10,13,12
HU114LD,47,23,24,21
HU114LE,6,3,3,4
HU114LL,48,25,23,19
HU114LN,32,16,16,12
HU114LP,40,20,20,16
HU114LR,17,7,10,8
HU114LS,2,1,1,1
HU114LW,12,7,5,6
HU114NA,4,2,2,1
HU114ND,7,4,3,3
HU114NE,35,21,14,15
HU114NF,16,8,8,4
HU114NG,1,1,0,1
HU114NH,4,2,2,1
HU114NJ,3,1,2,2
HU114NL,52,30,22,22
HU114NN,4,2,2,2
HU114NP,6,3,3,4
HU114NQ,13,8,5,6
HU114NR,51,29,22,16
HU114NS,1,0,1,1
HU114NW,5,3,2,2
HU114NZ,33,19,14,12
HU114PA,10,5,5,5
HU114PB,1,0,1,1
HU114PD,21,12,9,8
HU114PE,20,9,11,9
HU114PF,12,5,7,8
HU114PG,90,47,43,30
HU114PJ,32,16,16,13
HU114PL,7,6,1,6
HU114PN,11,5,6,3
HU114PP,36,14,22,21
HU114PQ,3,1,2,2
HU114PR,39,20,19,19
HU114PS,18,9,9,7
HU114PT,9,3,6,3
HU114PU,77,41,36,31
HU114PW,22,8,14,7
HU114PX,80,40,40,33
HU114PY,16,7,9,4
HU114PZ,67,34,33,38
HU114QA,26,15,11,9
HU114QB,31,14,17,14
HU114QD,20,11,9,8
HU114QE,43,19,24,21
HU114QF,2,0,2,1
HU114QG,26,15,11,10
HU114QH,27,12,15,11
HU114QN,48,26,22,21
HU114QP,8,5,3,1
HU114QQ,6,4,2,2
HU114QR,6,5,1,3
HU114QS,14,6,8,4
HU114QT,20,13,7,5
HU114QW,84,46,38,33
HU114RA,107,50,57,41
HU114RB,8,4,4,3
HU114RD,9,5,4,4
HU114RE,12,6,6,5
HU114RF,2,1,1,1
HU114RG,58,26,32,22
HU114RH,63,29,34,33
HU114RJ,23,9,14,8
HU114RL,6,3,3,3
HU114RN,57,28,29,24
HU114RP,68,34,34,29
HU114RQ,48,24,24,21
HU114RR,20,7,13,10
HU114RS,159,80,79,70
HU114RT,64,35,29,26
HU114RU,33,15,18,21
HU114RW,35,17,18,14
HU114RX,35,15,20,15
HU114RY,25,13,12,13
HU114RZ,46,24,22,24
HU114SA,28,14,14,15
HU114SD,20,9,11,9
HU114SF,59,29,30,31
HU114SH,24,11,13,11
HU114SQ,27,13,14,11
HU114TA,36,20,16,17
HU114TB,4,3,1,3
HU114TD,9,6,3,4
HU114TE,6,4,2,4
HU114TF,21,9,12,12
HU114TG,12,6,6,7
HU114TH,24,11,13,12
HU114TJ,61,28,33,35
HU114TL,41,18,23,15
HU114TN,4,2,2,3
HU114TP,12,5,7,4
HU114TQ,3,0,3,2
HU114TR,29,14,15,14
HU114TS,7,3,4,4
HU114TT,31,15,16,15
HU114TU,9,4,5,3
HU114TW,22,11,11,7
HU114TX,21,11,10,9
HU114TY,31,18,13,12
HU114TZ,23,13,10,14
HU114UA,14,7,7,5
HU114UB,10,6,4,4
HU114UG,6,3,3,3
HU114UH,5,3,2,3
HU114UJ,35,22,13,15
HU114UL,46,27,19,20
HU114UN,2,1,1,1
HU114UP,10,5,5,6
HU114UQ,6,4,2,4
HU114UR,14,7,7,8
HU114US,90,48,42,42
HU114UT,24,11,13,8
HU114UU,12,6,6,6
HU114UW,13,9,4,5
HU114UX,4,2,2,2
HU114UY,18,9,9,8
HU114UZ,15,7,8,6
HU114XA,112,54,58,49
HU114XB,85,46,39,36
HU114XD,23,10,13,8
HU114XE,45,21,24,17
HU114XF,33,16,17,16
HU114XG,78,39,39,36
HU114XH,13,7,6,4
HU114XJ,41,18,23,16
HU114XL,42,18,24,15
HU114XQ,61,31,30,31
HU114XS,49,21,28,27
HU114XT,65,32,33,32
HU115AA,45,20,25,19
HU115AB,7,3,4,4
HU115AD,2,1,1,1
HU115AE,45,22,23,16
HU115AG,6,3,3,2
HU115AH,5,3,2,3
HU115AJ,31,16,15,12
HU115AL,39,21,18,20
HU115AN,35,18,17,13
HU115AP,105,52,53,43
HU115AR,20,13,7,10
HU115AS,6,2,4,3
HU115AT,9,5,4,2
HU115AU,33,19,14,14
HU115AW,5,4,1,1
HU115AX,9,4,5,4
HU115BH,73,34,39,33
HU115BJ,18,8,10,8
HU115BL,43,18,25,16
HU115BN,10,4,6,4
HU115BP,10,7,3,3
HU115BS,2,1,1,1
HU115BT,42,20,22,19
HU115BU,7,3,4,4
HU115BW,14,8,6,6
HU115DA,19,8,11,7
HU115DB,13,7,6,6
HU115DF,5,2,3,1
HU115DG,28,14,14,15
HU115DP,4,2,2,3
HU115DQ,39,21,18,16
HU115DR,39,17,22,24
HU115DS,68,32,36,30
HU115DT,21,11,10,8
HU115DU,21,10,11,10
HU115DW,53,27,26,23
HU115DX,103,48,55,42
HU115DY,31,16,15,14
HU115DZ,18,10,8,8
HU115EA,148,76,72,60
HU115EB,48,27,21,17
HU115ED,57,28,29,24
HU115EF,19,10,9,10
HU115EG,10,5,5,5
HU115EH,4,2,2,2
HU115EJ,11,6,5,5
HU115EL,80,46,34,31
HU115EN,24,13,11,12
HU115EP,61,30,31,25
HU115EQ,17,9,8,8
HU115ER,70,34,36,28
HU115ES,54,25,29,22
HU115ET,9,5,4,3
HU115EU,34,14,20,20
HU115EW,105,49,56,46
HU115EX,41,16,25,21
HU115EZ,4,1,3,3
HU115FB,49,22,27,17
HU115FD,20,10,10,7
HU115FE,57,27,30,18
HU115FF,11,5,6,4
HU115GA,84,40,44,31
HU115GB,7,4,3,3
HU115HA,26,7,19,20
HU115HB,3,1,2,2
HU115HE,18,10,8,12
HU115HF,8,3,5,5
HU115HG,13,6,7,7
HU115HH,26,12,14,13
HU115HJ,22,10,12,10
HU115HL,1,0,1,1
HU115HP,64,33,31,28
HU115HQ,15,9,6,7
HU115HS,29,18,11,10
HU115HU,5,3,2,2
HU115HX,16,7,9,5
HU115HY,21,10,11,9
HU115HZ,17,8,9,9
HU115JA,14,8,6,4
HU115JB,25,12,13,12
HU115JD,10,6,4,2
HU115JE,66,31,35,22
HU115JF,116,59,57,47
HU115JH,9,3,6,3
HU115JJ,19,6,13,7
HU115JL,4,1,3,3
HU115JN,40,22,18,16
HU115JP,2,1,1,1
HU115JQ,3,1,2,2
HU115JR,72,32,40,33
HU115JS,15,7,8,10
HU115JT,8,3,5,2
HU115JU,5,3,2,1
HU115JW,16,9,7,8
HU115JY,18,11,7,6
HU115JZ,51,24,27,24
HU115LA,95,47,48,30
HU115LB,5,3,2,2
HU115QA,79,41,38,35
HU115QB,40,18,22,12
HU115QD,31,16,15,12
HU115QE,9,4,5,6
HU115QF,43,21,22,23
HU115QG,31,14,17,16
HU115QH,19,10,9,6
HU115QJ,12,7,5,6
HU115QL,9,5,4,4
HU115QN,27,15,12,10
HU115QP,42,20,22,17
HU115QQ,25,12,13,15
HU115QR,69,35,34,27
HU115QS,2,1,1,1
HU115QW,1,0,1,1
HU115RA,39,17,22,14
HU115RB,19,8,11,7
HU115RD,4,1,3,3
HU115RE,58,28,30,26
HU115RF,17,11,6,8
HU115RG,7,3,4,4
HU115RH,2,1,1,1
HU115RJ,32,16,16,11
HU115RL,6,4,2,2
HU115RN,61,32,29,22
HU115RQ,13,6,7,5
HU115RW,13,6,7,7
HU115SA,6,4,2,2
HU115SB,3,3,0,1
HU115SE,29,12,17,18
HU115SF,8,4,4,4
HU115SG,42,19,23,18
HU115SH,2,1,1,2
HU115SJ,13,7,6,8
HU115SL,9,4,5,4
HU115SN,9,4,5,3
HU115SP,13,6,7,4
HU115SQ,21,10,11,10
HU115SS,28,13,15,11
HU115ST,36,14,22,20
HU115SU,2,1,1,1
HU115SW,8,5,3,2
HU115SX,9,6,3,2
HU115SY,6,2,4,3
HU115SZ,6,3,3,3
HU120AA,31,14,17,14
HU120AB,35,15,20,16
HU120AE,1,1,0,1
HU120AF,7,3,4,4
HU120AG,39,18,21,14
HU120AJ,14,6,8,6
HU120AL,30,15,15,14
HU120AN,13,9,4,5
HU120AP,20,9,11,9
HU120AQ,26,9,17,14
HU120AT,14,7,7,4
HU120BA,13,7,6,7
HU120BE,4,2,2,2
HU120BG,5,2,3,3
HU120BH,16,7,9,8
HU120BJ,87,45,42,36
HU120BL,1,1,0,1
HU120BN,3,2,1,2
HU120BP,63,29,34,20
HU120BS,24,13,11,8
HU120BT,21,10,11,7
HU120BU,10,4,6,5
HU120BX,7,3,4,4
HU120BY,25,10,15,10
HU120BZ,7,3,4,2
HU120DD,12,6,6,5
HU120DE,2,1,1,2
HU120DG,73,41,32,26
HU120DH,18,9,9,6
HU120DJ,24,12,12,11
HU120DN,13,6,7,10
HU120DP,40,21,19,18
HU120DQ,3,0,3,3
HU120DR,20,12,8,10
HU120DS,34,17,17,17
HU120DT,93,45,48,37
HU120DU,5,4,1,2
HU120DX,53,26,27,23
HU120DY,2,1,1,1
HU120DZ,10,7,3,3
HU120ED,27,13,14,10
HU120EE,20,8,12,9
HU120EF,24,14,10,9
HU120FD,20,11,9,7
HU120GA,42,22,20,16
HU120HA,6,2,4,3
HU120HB,80,33,47,33
HU120HD,8,5,3,6
HU120HE,75,38,37,33
HU120HF,17,8,9,6
HU120HG,53,30,23,21
HU120HH,55,32,23,23
HU120HJ,34,16,18,13
HU120HL,7,2,5,4
HU120HN,79,38,41,31
HU120HP,28,13,15,16
HU120HQ,87,45,42,27
HU120HR,35,18,17,15
HU120HS,1,1,0,1
HU120HT,19,10,9,8
HU120HU,24,10,14,13
HU120HW,40,19,21,28
HU120HX,27,13,14,13
HU120HY,3,2,1,1
HU120HZ,4,2,2,2
HU120JA,21,12,9,10
HU120JB,33,17,16,11
HU120JD,4,2,2,2
HU120JE,5,1,4,2
HU120JF,43,19,24,18
HU120JH,10,6,4,4
HU120JQ,49,24,25,27
HU120LA,21,11,10,9
HU120LB,35,15,20,15
HU120LD,39,20,19,16
HU120LE,24,12,12,10
HU120LF,14,10,4,9
HU120LG,4,2,2,2
HU120LH,39,18,21,16
HU120LJ,3,2,1,1
HU120LL,10,5,5,3
HU120LN,15,8,7,5
HU120LP,7,4,3,2
HU120LQ,2,1,1,1
HU120NA,36,23,13,16
HU120NB,28,12,16,16
HU120ND,47,19,28,20
HU120NE,58,30,28,27
HU120NF,47,23,24,18
HU120NG,19,10,9,7
HU120NH,11,6,5,5
HU120NJ,24,14,10,11
HU120NL,3,1,2,3
HU120NN,13,6,7,8
HU120NP,42,24,18,12
HU120NQ,6,3,3,3
HU120NR,17,9,8,10
HU120NS,4,2,2,2
HU120NT,4,1,3,2
HU120NW,51,24,27,21
HU120NX,12,4,8,6
HU120NY,6,2,4,4
HU120NZ,15,6,9,8
HU120PA,57,31,26,23
HU120PB,38,17,21,20
HU120PD,8,5,3,3
HU120PE,40,22,18,13
HU120PF,7,3,4,5
HU120PG,7,3,4,5
HU120PH,76,29,47,56
HU120PJ,99,48,51,42
HU120PL,128,72,56,43
HU120PN,20,11,9,9
HU120PP,5,3,2,2
HU120PQ,13,6,7,5
HU120PR,43,20,23,20
HU120PS,28,14,14,11
HU120PT,121,64,57,17
HU120PU,25,15,10,10
HU120PX,13,7,6,7
HU120PY,17,8,9,8
HU120PZ,7,3,4,4
HU120QA,105,53,52,30
HU120QB,36,20,16,14
HU120QD,63,30,33,17
HU120QE,21,10,11,9
HU120QF,52,26,26,24
HU120QG,32,16,16,13
HU120QJ,21,9,12,11
HU120QL,7,3,4,4
HU120QN,20,9,11,8
HU120QP,47,29,18,21
HU120QR,13,6,7,8
HU120QS,13,7,6,7
HU120QT,2,1,1,1
HU120QW,33,16,17,13
HU120RA,10,8,2,7
HU120RB,19,12,7,8
HU120RD,8,5,3,4
HU120RE,61,34,27,20
HU120RF,55,26,29,26
HU120RG,41,18,23,18
HU120RH,24,12,12,8
HU120RJ,37,17,20,15
HU120RL,106,52,54,41
HU120RN,51,29,22,20
HU120RP,22,13,9,11
HU120RQ,22,13,9,9
HU120RR,5,2,3,4
HU120RS,2,1,1,1
HU120RT,5,3,2,1
HU120RU,27,16,11,8
HU120RW,14,9,5,5
HU120RX,9,4,5,4
HU120RY,40,19,21,22
HU120RZ,11,6,5,5
HU120SA,91,46,45,35
HU120SB,11,4,7,4
HU120SD,3,2,1,1
HU120SE,19,8,11,10
HU120SF,49,24,25,37
HU120SG,8,4,4,4
HU120SH,13,6,7,6
HU120SJ,17,11,6,6
HU120SL,15,7,8,4
HU120SQ,16,10,6,5
HU120SR,17,10,7,5
HU120SW,16,10,6,8
HU120SY,9,3,6,5
HU120SZ,31,15,16,14
HU120TA,39,22,17,15
HU120TB,2,1,1,1
HU120TE,56,27,29,24
HU120TF,16,7,9,8
HU120TG,39,17,22,16
HU120TH,46,21,25,29
HU120TJ,85,40,45,30
HU120TL,13,6,7,5
HU120TN,16,4,12,7
HU120TP,17,9,8,7
HU120TQ,16,12,4,4
HU120TR,15,8,7,8
HU120TS,41,20,21,19
HU120TT,20,7,13,7
HU120TU,5,2,3,2
HU120TW,3,2,1,1
HU120TX,21,9,12,7
HU120TY,56,29,27,25
HU120TZ,5,1,4,4
HU120UA,21,12,9,7
HU120UB,55,30,25,28
HU120UD,2,0,2,2
HU120UE,2,1,1,1
HU120UG,23,12,11,7
HU120UH,7,3,4,3
HU120UP,43,20,23,18
HU120UR,8,4,4,3
HU120US,23,12,11,8
HU120UT,5,3,2,3
HU120UU,17,6,11,7
HU120UX,30,14,16,10
HU120UY,11,6,5,6
HU120UZ,4,2,2,2
HU128AA,19,8,11,6
HU128AB,38,17,21,20
HU128AD,61,29,32,24
HU128AE,33,14,19,20
HU128AF,17,9,8,10
HU128AG,14,7,7,6
HU128AH,31,15,16,16
HU128AJ,15,10,5,9
HU128AL,49,29,20,28
HU128AP,32,16,16,15
HU128AQ,20,10,10,11
HU128AR,29,13,16,12
HU128AS,32,16,16,12
HU128AT,11,6,5,4
HU128AW,83,42,41,32
HU128AX,26,17,9,11
HU128AY,8,3,5,4
HU128AZ,1,0,1,1
HU128BA,21,10,11,9
HU128BB,12,7,5,5
HU128BD,23,12,11,13
HU128BG,147,70,77,76
HU128BH,39,19,20,14
HU128BJ,19,6,13,10
HU128BL,13,5,8,6
HU128BQ,27,13,14,13
HU128BS,51,29,22,19
HU128BT,2,1,1,1
HU128BU,18,9,9,10
HU128BW,91,32,59,26
HU128BX,66,26,40,28
HU128BY,59,24,35,30
HU128BZ,36,17,19,16
HU128DA,69,30,39,28
HU128DB,39,17,22,18
HU128DD,45,21,24,21
HU128DE,7,4,3,3
HU128DF,77,42,35,35
HU128DG,22,10,12,8
HU128DH,41,16,25,21
HU128DJ,16,7,9,7
HU128DL,8,3,5,6
HU128DP,68,36,32,29
HU128DQ,92,48,44,42
HU128DT,6,3,3,4
HU128DU,2,1,1,1
HU128DW,26,12,14,11
HU128DX,2,1,1,1
HU128DY,47,20,27,20
HU128DZ,21,12,9,9
HU128EA,7,4,3,4
HU128EE,9,6,3,3
HU128EF,33,15,18,19
HU128EG,6,2,4,6
HU128EH,10,4,6,6
HU128EJ,18,7,11,12
HU128EL,82,42,40,29
HU128EN,23,12,11,15
HU128EP,24,12,12,13
HU128EQ,84,41,43,33
HU128ER,20,7,13,17
HU128ES,25,12,13,12
HU128ET,8,4,4,4
HU128EU,9,2,7,7
HU128EW,75,36,39,17
HU128EX,5,2,3,3
HU128EZ,8,5,3,7
HU128FE,65,29,36,20
HU128FG,2,1,1,1
HU128FH,39,15,24,26
HU128FJ,50,16,34,37
HU128FL,4,2,2,1
HU128GB,6,2,4,5
HU128GD,13,9,4,4
HU128GE,19,11,8,4
HU128GF,207,101,106,72
HU128GG,55,24,31,23
HU128GH,10,4,6,4
HU128GJ,43,20,23,18
HU128GL,11,4,7,4
HU128GN,13,4,9,4
HU128GP,18,10,8,5
HU128GQ,13,7,6,4
HU128GR,16,7,9,5
HU128GS,41,15,26,19
HU128GT,40,23,17,14
HU128GU,115,53,62,36
HU128GW,20,10,10,10
HU128GY,16,10,6,11
HU128GZ,5,3,2,4
HU128HA,75,36,39,31
HU128HD,73,34,39,34
HU128HE,40,18,22,20
HU128HF,50,24,26,24
HU128HG,34,18,16,16
HU128HH,8,4,4,3
HU128HJ,30,16,14,11
HU128HL,46,22,24,21
HU128HN,66,32,34,27
HU128HQ,76,42,34,36
HU128HR,170,82,88,69
HU128HS,152,76,76,63
HU128HT,72,36,36,36
HU128HU,76,42,34,29
HU128HW,57,28,29,23
HU128HX,12,9,3,12
HU128HY,17,10,7,10
HU128HZ,5,2,3,5
HU128JA,15,7,8,10
HU128JB,20,11,9,9
HU128JF,7,3,4,2
HU128JG,21,11,10,10
HU128JH,97,37,60,42
HU128JJ,5,1,4,1
HU128JL,6,3,3,3
HU128JN,106,36,70,19
HU128JP,3,1,2,2
HU128JQ,9,2,7,2
HU128JR,49,24,25,24
HU128JS,43,23,20,23
HU128JT,57,21,36,22
HU128JU,37,19,18,15
HU128JW,8,4,4,4
HU128JX,18,9,9,6
HU128JY,21,9,12,6
HU128JZ,19,11,8,9
HU128LA,36,18,18,16
HU128LB,44,21,23,14
HU128LD,12,5,7,6
HU128LE,8,3,5,3
HU128LF,54,27,27,17
HU128LG,74,38,36,38
HU128LH,29,11,18,14
HU128LJ,63,31,32,34
HU128LL,53,34,19,35
HU128LN,83,37,46,32
HU128LP,23,10,13,13
HU128LQ,61,26,35,28
HU128LR,29,15,14,14
HU128LS,119,59,60,45
HU128LT,29,18,11,15
HU128LU,31,11,20,13
HU128LW,27,17,10,10
HU128LX,114,59,55,58
HU128LY,49,28,21,23
HU128LZ,75,36,39,40
HU128NA,120,60,60,61
HU128NB,101,49,52,50
HU128ND,11,4,7,6
HU128NE,5,2,3,3
HU128NF,35,16,19,19
HU128NG,52,25,27,27
HU128NH,89,42,47,40
HU128NJ,53,27,26,24
HU128NL,42,18,24,25
HU128NN,34,13,21,20
HU128NP,88,50,38,28
HU128NQ,86,45,41,36
HU128NR,61,30,31,23
HU128NS,120,58,62,47
HU128NT,33,18,15,12
HU128NU,37,16,21,14
HU128NW,25,12,13,8
HU128NX,125,58,67,50
HU128NY,107,56,51,40
HU128NZ,12,9,3,9
HU128PA,37,18,19,15
HU128PD,74,43,31,33
HU128PE,50,25,25,24
HU128PF,39,16,23,15
HU128PG,33,17,16,11
HU128PH,72,33,39,31
HU128PJ,41,21,20,19
HU128PL,45,23,22,16
HU128PQ,26,12,14,13
HU128PR,42,18,24,17
HU128PS,116,56,60,51
HU128PT,43,21,22,19
HU128PU,31,11,20,16
HU128PW,23,10,13,11
HU128PX,44,24,20,28
HU128PY,84,42,42,33
HU128PZ,54,31,23,20
HU128QA,49,21,28,22
HU128QB,10,4,6,5
HU128QD,30,13,17,10
HU128QE,74,38,36,29
HU128QF,12,6,6,6
HU128QG,84,39,45,26
HU128QH,83,39,44,27
HU128QJ,29,11,18,9
HU128QL,12,5,7,6
HU128QP,10,4,6,7
HU128QQ,72,29,43,22
HU128QR,41,20,21,17
HU128QS,11,4,7,6
HU128QT,73,38,35,29
HU128QU,60,31,29,20
HU128QW,27,12,15,13
HU128QX,16,11,5,6
HU128QY,32,16,16,10
HU128QZ,53,24,29,23
HU128RA,35,18,17,17
HU128RB,32,15,17,10
HU128RD,23,9,14,6
HU128RE,18,7,11,7
HU128RF,36,20,16,12
HU128RJ,13,6,7,7
HU128RL,8,4,4,4
HU128RN,70,35,35,23
HU128RP,27,14,13,11
HU128RQ,12,6,6,4
HU128RW,6,2,4,3
HU128RX,23,11,12,9
HU128SA,45,24,21,19
HU128SB,7,4,3,3
HU128SD,29,15,14,15
HU128SE,28,13,15,13
HU128SF,22,12,10,11
HU128SG,17,8,9,7
HU128SH,7,3,4,5
HU128SJ,32,15,17,11
HU128SL,4,3,1,3
HU128SN,58,30,28,20
HU128SP,23,11,12,8
HU128SQ,67,34,33,30
HU128SR,7,2,5,4
HU128SS,2,1,1,1
HU128ST,16,6,10,5
HU128SU,11,5,6,4
HU128SW,14,7,7,4
HU128SX,8,4,4,2
HU128SY,5,2,3,2
HU128SZ,43,20,23,23
HU128TA,21,11,10,8
HU128TB,45,21,24,19
HU128TD,70,37,33,25
HU128TE,3,1,2,2
HU128TF,3,1,2,1
HU128TG,12,7,5,4
HU128TH,20,11,9,8
HU128TL,6,3,3,2
HU128TN,23,7,16,7
HU128TP,45,25,20,14
HU128TQ,13,7,6,6
HU128TR,8,4,4,5
HU128TS,47,25,22,19
HU128TT,48,24,24,22
HU128TU,8,3,5,4
HU128TW,29,15,14,19
HU128TX,6,0,6,0
HU128TY,31,17,14,15
HU128TZ,20,12,8,9
HU128UA,49,23,26,25
HU128UB,26,13,13,9
HU128UD,32,16,16,17
HU128UE,42,20,22,18
HU128UF,70,29,41,29
HU128UG,8,5,3,4
HU128UJ,107,52,55,51
HU128UL,21,6,15,13
HU128UN,63,31,32,29
HU128UP,102,55,47,37
HU128UQ,20,11,9,9
HU128US,20,9,11,13
HU128UT,34,17,17,12
HU128UU,67,31,36,27
HU128UW,76,36,40,37
HU128UX,61,24,37,16
HU128UY,111,48,63,48
HU128XA,20,11,9,15
HU128XB,15,6,9,11
HU128XD,42,18,24,24
HU128XE,43,19,24,23
HU128XF,54,25,29,27
HU128XG,62,30,32,31
HU128XH,101,49,52,42
HU128XJ,47,23,24,20
HU128XL,25,14,11,13
HU128XN,14,6,8,8
HU128XQ,26,15,11,9
HU128XT,41,17,24,13
HU128XU,22,9,13,15
HU128XW,49,26,23,16
HU128XY,12,5,7,7
HU128XZ,55,27,28,31
HU129AA,24,16,8,8
HU129AD,7,3,4,3
HU129AE,17,11,6,6
HU129AF,70,35,35,30
HU129AG,5,2,3,3
HU129AH,31,14,17,11
HU129AJ,39,20,19,11
HU129AL,26,10,16,10
HU129AN,60,30,30,24
HU129AP,63,34,29,22
HU129AR,13,8,5,5
HU129AS,79,37,42,46
HU129AU,35,15,20,17
HU129AW,79,38,41,34
HU129AX,168,81,87,66
HU129AY,46,27,19,21
HU129AZ,27,14,13,12
HU129BA,4,2,2,1
HU129BB,3,2,1,3
HU129BD,5,3,2,3
HU129BE,27,15,12,13
HU129BF,35,21,14,15
HU129BG,28,14,14,12
HU129BH,3,2,1,2
HU129BJ,6,3,3,2
HU129BL,7,3,4,2
HU129BN,19,11,8,8
HU129BP,71,36,35,29
HU129BS,2,1,1,2
HU129BT,19,7,12,6
HU129BU,6,4,2,3
HU129BW,3,2,1,2
HU129BX,13,8,5,7
HU129DA,96,50,46,43
HU129DB,6,3,3,3
HU129DG,12,6,6,6
HU129DH,52,28,24,21
HU129DR,32,20,12,10
HU129DU,2,1,1,1
HU129DY,30,17,13,11
HU129EA,78,40,38,34
HU129EB,114,52,62,44
HU129EE,19,10,9,9
HU129EF,9,3,6,7
HU129EG,69,29,40,29
HU129EH,10,4,6,7
HU129EJ,7,3,4,5
HU129EL,75,38,37,24
HU129EN,31,13,18,18
HU129EP,3,2,1,1
HU129EQ,31,17,14,11
HU129ER,15,6,9,5
HU129ES,7,3,4,5
HU129ET,10,7,3,4
HU129EU,5,4,1,4
HU129EW,36,19,17,14
HU129EY,4,2,2,1
HU129FB,42,21,21,17
HU129FD,27,15,12,9
HU129FE,45,24,21,15
HU129FF,1,1,0,1
HU129GA,16,8,8,6
HU129GB,74,36,38,32
HU129GD,61,32,29,25
HU129GE,78,41,37,26
HU129GF,6,2,4,4
HU129HA,18,10,8,8
HU129HB,1,0,1,1
HU129HD,20,11,9,7
HU129HF,56,33,23,22
HU129HG,18,10,8,10
HU129HH,24,12,12,11
HU129HJ,115,56,59,47
HU129HN,121,62,59,41
HU129HP,168,84,84,63
HU129HQ,49,25,24,19
HU129HR,78,37,41,30
HU129HS,55,25,30,25
HU129HT,9,5,4,3
HU129HU,20,12,8,9
HU129HW,42,21,21,14
HU129HX,102,46,56,36
HU129HY,43,21,22,18
HU129HZ,55,26,29,21
HU129JA,105,49,56,38
HU129JG,62,26,36,24
HU129JH,34,18,16,20
HU129JJ,16,9,7,8
HU129JL,7,4,3,2
HU129JN,41,23,18,14
HU129JQ,26,14,12,12
HU129JR,5,3,2,2
HU129JS,71,37,34,32
HU129JT,5,2,3,3
HU129JU,17,10,7,7
HU129JW,12,6,6,6
HU129JX,13,7,6,5
HU129JY,8,6,2,6
HU129JZ,12,5,7,6
HU129LB,3,0,3,3
HU129LD,57,36,21,25
HU129LE,24,13,11,12
HU129LF,27,14,13,13
HU129LG,36,17,19,16
HU129LJ,25,12,13,10
HU129LN,27,11,16,13
HU129LR,59,24,35,46
HU129LS,67,32,35,28
HU129LT,5,2,3,2
HU129LU,27,13,14,10
HU129LX,3,1,2,2
HU129LY,41,18,23,12
HU129LZ,34,19,15,13
HU129NA,44,24,20,17
HU129NB,15,7,8,7
HU129ND,7,3,4,3
HU129NE,52,23,29,20
HU129NF,5,3,2,3
HU129NG,57,31,26,25
HU129NH,36,19,17,14
HU129NJ,38,19,19,18
HU129NL,11,6,5,3
HU129NN,71,30,41,21
HU129NP,18,9,9,8
HU129NQ,109,57,52,41
HU129NR,35,16,19,16
HU129NS,75,41,34,31
HU129NT,20,9,11,6
HU129NU,46,23,23,22
HU129NX,40,19,21,15
HU129PA,53,26,27,21
HU129PB,6,4,2,2
HU129PD,31,17,14,13
HU129PE,44,20,24,17
HU129PG,92,49,43,35
HU129PH,40,22,18,16
HU129PJ,64,37,27,28
HU129PL,88,41,47,33
HU129PN,49,21,28,23
HU129PP,99,52,47,41
HU129PQ,37,14,23,12
HU129PR,7,4,3,3
HU129PS,61,30,31,24
HU129PT,40,20,20,20
HU129PU,40,21,19,17
HU129PW,134,67,67,54
HU129PX,34,18,16,14
HU129PY,35,18,17,14
HU129PZ,21,11,10,12
HU129QA,70,37,33,29
HU129QB,28,14,14,12
HU129QD,64,32,32,25
HU129QE,9,3,6,4
HU129QG,95,49,46,41
HU129QH,60,30,30,24
HU129QJ,47,26,21,22
HU129QL,103,49,54,41
HU129QN,14,7,7,6
HU129QP,124,65,59,54
HU129QQ,65,35,30,29
HU129QR,5,2,3,2
HU129QW,23,11,12,9
HU129QZ,5,2,3,2
HU129RA,16,8,8,8
HU129RB,10,6,4,5
HU129RD,42,21,21,18
HU129RE,46,24,22,17
HU129RF,12,5,7,8
HU129RG,43,23,20,17
HU129RH,4,1,3,1
HU129RJ,19,9,10,9
HU129RL,15,7,8,6
HU129RN,61,33,28,28
HU129RP,17,7,10,13
HU129RQ,2,1,1,2
HU129RR,30,15,15,12
HU129RS,9,4,5,3
HU129RT,68,35,33,28
HU129RU,49,24,25,23
HU129RW,12,6,6,6
HU129RX,97,54,43,41
HU129RY,47,22,25,25
HU129RZ,25,13,12,16
HU129SA,55,27,28,24
HU129SB,35,17,18,14
HU129SD,17,8,9,7
HU129SE,21,9,12,12
HU129SF,17,5,12,6
HU129SG,31,15,16,14
HU129SH,6,3,3,3
HU129SJ,11,10,1,4
HU129SL,38,19,19,20
HU129SN,102,52,50,45
HU129SP,11,5,6,5
HU129SQ,46,23,23,22
HU129SR,7,5,2,3
HU129ST,70,34,36,26
HU129SU,18,11,7,7
HU129SW,106,47,59,35
HU129SX,23,11,12,11
HU129SY,17,8,9,6
HU129SZ,62,30,32,26
HU129TA,91,40,51,36
HU129TB,37,19,18,15
HU129TD,135,68,67,59
HU129TE,77,36,41,37
HU129TF,15,8,7,7
HU129TG,30,17,13,12
HU129TH,116,62,54,46
HU129TJ,28,15,13,9
HU129TL,32,17,15,11
HU129TN,109,56,53,42
HU129TP,104,54,50,48
HU129TQ,27,14,13,12
HU129TR,19,9,10,6
HU129TS,20,11,9,8
HU129TT,62,28,34,26
HU129TU,34,18,16,12
HU129TW,5,2,3,2
HU129TY,6,4,2,2
HU129TZ,20,6,14,7
HU129UH,106,51,55,33
HU129UJ,81,39,42,30
HU129XF,8,4,4,5
HU130AD,2,1,1,2
HU130AH,7,3,4,4
HU130AJ,67,29,38,27
HU130AL,37,21,16,20
HU130AN,16,10,6,9
HU130AP,86,37,49,44
HU130AR,35,19,16,15
HU130AS,61,29,32,24
HU130AT,40,19,21,16
HU130AU,38,16,22,18
HU130AX,22,10,12,12
HU130AY,30,14,16,16
HU130AZ,92,40,52,39
HU130BA,19,10,9,6
HU130BB,36,16,20,18
HU130BD,30,11,19,15
HU130BE,23,13,10,10
HU130BG,51,26,25,20
HU130BH,33,20,13,13
HU130BJ,33,15,18,15
HU130BL,21,8,13,8
HU130BN,126,66,60,58
HU130BP,23,10,13,9
HU130BS,30,13,17,11
HU130BT,79,38,41,33
HU130BU,37,15,22,12
HU130BW,32,14,18,12
HU130BX,19,10,9,8
HU130BY,10,6,4,5
HU130DJ,55,21,34,29
HU130DL,101,42,59,70
HU130DP,28,12,16,14
HU130DR,14,7,7,9
HU130DS,18,9,9,8
HU130DT,37,16,21,16
HU130DU,21,7,14,11
HU130DW,15,9,6,13
HU130DX,76,39,37,25
HU130DY,43,22,21,15
HU130EB,8,4,4,5
HU130EF,7,5,2,3
HU130EL,92,37,55,25
HU130EP,23,11,12,11
HU130ER,22,10,12,10
HU130ES,41,24,17,8
HU130ET,45,20,25,20
HU130EU,65,31,34,23
HU130EW,73,31,42,14
HU130EX,72,33,39,27
HU130EY,10,5,5,5
HU130GA,11,4,7,4
HU130GZ,11,7,4,3
HU130HA,45,22,23,20
HU130HB,54,25,29,32
HU130HD,26,11,15,12
HU130HE,11,3,8,5
HU130HF,70,36,34,28
HU130HG,15,9,6,11
HU130HJ,117,62,55,54
HU130HN,76,38,38,34
HU130HP,107,48,59,58
HU130HQ,38,20,18,20
HU130HR,10,7,3,1
HU130HS,49,21,28,18
HU130HT,70,22,48,9
HU130HU,62,32,30,24
HU130HX,10,6,4,3
HU130HY,42,20,22,16
HU130HZ,18,9,9,9
HU130JA,12,7,5,4
HU130JB,62,17,45,0
HU130JD,4,2,2,2
HU130JH,92,43,49,29
HU130JJ,46,23,23,17
HU130JL,61,19,42,11
HU130JN,45,23,22,17
HU130JP,66,32,34,27
HU130JR,60,23,37,21
HU130JS,12,5,7,5
HU130JT,45,24,21,16
HU130JU,10,5,5,3
HU130JW,49,23,26,21
HU130JX,13,6,7,4
HU130JY,4,1,3,1
HU130JZ,34,17,17,15
HU130LA,4,2,2,2
HU130LB,43,22,21,19
HU130LE,46,23,23,21
HU130LJ,21,10,11,8
HU130LL,24,14,10,9
HU130LP,87,35,52,34
HU130LR,26,9,17,11
HU130LS,21,9,12,6
HU130LT,59,30,29,20
HU130LU,66,33,33,24
HU130LW,36,16,20,21
HU130LX,28,10,18,10
HU130LY,15,9,6,7
HU130LZ,36,21,15,14
HU130NA,59,32,27,27
HU130NB,75,37,38,29
HU130ND,59,31,28,20
HU130NE,61,26,35,24
HU130NF,18,10,8,6
HU130NG,40,21,19,15
HU130NH,13,7,6,4
HU130NJ,57,28,29,19
HU130NL,50,27,23,18
HU130NN,56,29,27,25
HU130NP,74,34,40,28
HU130NQ,66,30,36,31
HU130NR,9,5,4,4
HU130NS,31,14,17,13
HU130NT,16,6,10,9
HU130NU,10,6,4,5
HU130NW,47,24,23,19
HU130NY,96,46,50,48
HU130PE,35,7,28,31
HU130PG,55,30,25,17
HU130PH,13,6,7,7
HU130PJ,36,18,18,15
HU130PL,63,27,36,27
HU130PN,112,61,51,39
HU130PP,15,7,8,6
HU130PR,30,16,14,9
HU130PS,77,42,35,29
HU130PT,74,35,39,32
HU130PU,27,11,16,10
HU130PX,42,19,23,24
HU130PY,34,16,18,19
HU130PZ,82,38,44,29
HU130QA,36,19,17,12
HU130QB,30,15,15,12
HU130QD,71,34,37,26
HU130QE,30,13,17,10
HU130QG,52,21,31,30
HU130QH,49,24,25,24
HU130QJ,67,32,35,28
HU130QL,98,43,55,45
HU130QN,33,18,15,31
HU130RA,11,5,6,7
HU130RD,15,9,6,7
HU130RE,13,7,6,7
HU130RG,17,8,9,11
HU130RH,49,27,22,15
HU130RL,48,28,20,17
HU130RN,39,24,15,16
HU130RP,61,32,29,27
HU130RQ,10,5,5,8
HU130RR,56,29,27,25
HU130RS,5,4,1,4
HU130RT,59,31,28,37
HU130RU,32,8,24,2
HU130RW,62,34,28,26
HU130RZ,19,8,11,8
HU130SB,16,7,9,6
HU130SD,56,31,25,21
HU130SE,89,40,49,34
HU130SF,10,4,6,6
HU130SG,36,14,22,17
HU130SH,39,20,19,14
HU130SJ,20,11,9,6
HU130SL,49,20,29,35
HU130SP,31,15,16,14
HU130SQ,31,12,19,11
HU130SR,17,8,9,9
HU130SY,34,18,16,29
HU130TA,80,37,43,31
HU130TB,111,56,55,39
HU130TD,37,19,18,15
HU130TE,45,28,17,15
HU130TF,128,66,62,44
HU130TG,17,9,8,5
HU130TH,27,15,12,10
HU130TJ,28,13,15,8
HU130TL,29,14,15,11
HU130TN,10,2,8,8
HU139AA,31,16,15,15
HU139AB,10,6,4,4
HU139AD,2,1,1,1
HU139AE,89,48,41,28
HU139AG,15,7,8,6
HU139AJ,40,21,19,15
HU139AN,46,22,24,21
HU139AP,5,2,3,2
HU139AQ,43,26,17,18
HU139AR,27,14,13,8
HU139AS,60,30,30,25
HU139AT,36,20,16,12
HU139AU,79,39,40,32
HU139AX,124,59,65,50
HU139AY,122,65,57,49
HU139AZ,89,44,45,36
HU139BA,86,46,40,37
HU139BB,74,33,41,30
HU139BD,54,28,26,24
HU139BE,31,14,17,13
HU139BJ,28,10,18,17
HU139BL,21,10,11,8
HU139BN,113,61,52,40
HU139BP,25,11,14,10
HU139BS,26,13,13,11
HU139BT,18,9,9,6
HU139BU,25,12,13,10
HU139BW,144,66,78,49
HU139BX,62,31,31,19
HU139BY,64,29,35,29
HU139BZ,40,23,17,18
HU139DA,31,18,13,16
HU139DB,143,63,80,66
HU139DD,85,43,42,34
HU139DE,89,42,47,38
HU139DF,24,12,12,13
HU139DG,66,26,40,31
HU139DH,36,19,17,16
HU139DJ,73,38,35,37
HU139DL,149,72,77,66
HU139DN,110,54,56,51
HU139DP,100,51,49,39
HU139DQ,59,27,32,30
HU139DR,3,2,1,3
HU139DS,4,3,1,1
HU139DU,26,13,13,13
HU139DW,91,41,50,35
HU139DY,64,30,34,25
HU139EA,43,18,25,20
HU139EB,14,4,10,7
HU139ED,26,12,14,11
HU139EE,20,12,8,8
HU139EF,33,16,17,16
HU139EG,34,17,17,15
HU139EH,133,62,71,54
HU139EJ,125,59,66,51
HU139EL,152,67,85,59
HU139EN,107,53,54,50
HU139EP,50,25,25,16
HU139EQ,44,19,25,17
HU139ER,67,38,29,28
HU139ES,12,6,6,6
HU139ET,43,26,17,18
HU139EU,37,19,18,17
HU139EW,4,2,2,4
HU139EX,67,31,36,25
HU139EY,21,9,12,7
HU139EZ,2,1,1,1
HU139FD,19,8,11,10
HU139FL,41,21,20,18
HU139HA,84,33,51,63
HU139HB,42,19,23,19
HU139HD,20,11,9,9
HU139HE,76,41,35,33
HU139HF,59,29,30,22
HU139HG,81,32,49,27
HU139HH,33,16,17,14
HU139HJ,126,59,67,53
HU139HQ,116,60,56,38
HU139HR,66,32,34,22
HU139HS,70,36,34,24
HU139HT,58,34,24,22
HU139HU,134,67,67,50
HU139HX,15,9,6,7
HU139HY,24,11,13,15
HU139HZ,92,48,44,40
HU139JA,37,19,18,16
HU139JB,57,25,32,22
HU139JE,40,21,19,17
HU139JF,24,10,14,16
HU139JG,126,65,61,47
HU139JH,109,54,55,40
HU139JJ,109,57,52,39
HU139JL,63,29,34,18
HU139JN,54,27,27,22
HU139JP,53,21,32,27
HU139JQ,144,76,68,56
HU139JR,98,50,48,38
HU139JS,59,33,26,26
HU139JT,46,26,20,15
HU139JU,44,23,21,25
HU139JX,11,5,6,8
HU139JY,34,12,22,30
HU139JZ,8,4,4,5
HU139LA,15,6,9,11
HU139LB,12,7,5,4
HU139LD,72,29,43,56
HU139LE,4,2,2,4
HU139LG,5,3,2,4
HU139LH,35,11,24,21
HU139LJ,15,9,6,12
HU139LL,63,34,29,31
HU139LN,23,14,9,11
HU139LP,44,21,23,15
HU139LQ,7,3,4,5
HU139LR,92,44,48,38
HU139LS,27,14,13,13
HU139LT,76,40,36,30
HU139LU,26,13,13,10
HU139LW,102,39,63,31
HU139LX,48,18,30,21
HU139LY,48,24,24,20
HU139NB,23,13,10,11
HU139ND,94,36,58,45
HU139NE,16,8,8,6
HU139NF,52,29,23,21
HU139NG,71,39,32,30
HU139NH,76,37,39,32
HU139NJ,28,15,13,11
HU139NL,82,33,49,31
HU139NN,64,33,31,30
HU139NP,32,11,21,15
HU139NQ,18,12,6,9
HU139NR,19,7,12,10
HU139NU,20,9,11,5
HU139NW,47,19,28,0
HU139NY,18,10,8,8
HU139NZ,8,4,4,4
HU139PE,10,2,8,9
HU139QA,25,8,17,14
HU139QB,45,25,20,19
HU139QD,14,8,6,8
HU139QE,42,14,28,18
HU139QF,21,10,11,9
HU139QG,22,10,12,6
HU139QH,20,12,8,10
HU143AA,72,31,41,35
HU143AB,23,8,15,12
HU143AD,26,14,12,12
HU143AE,16,7,9,7
HU143AF,35,15,20,16
HU143AG,21,9,12,10
HU143AH,53,23,30,21
HU143AJ,33,18,15,19
HU143AL,67,28,39,27
HU143AN,70,38,32,28
HU143AS,47,25,22,19
HU143AT,92,45,47,29
HU143AU,23,14,9,12
HU143AW,74,37,37,32
HU143AX,86,45,41,37
HU143AY,91,44,47,38
HU143AZ,7,3,4,4
HU143BA,38,21,17,13
HU143BB,66,32,34,38
HU143BD,65,33,32,30
HU143BE,74,33,41,29
HU143BG,85,43,42,39
HU143BJ,74,34,40,35
HU143BL,8,3,5,3
HU143BU,25,13,12,11
HU143BW,29,12,17,13
HU143BX,25,11,14,13
HU143BY,31,13,18,19
HU143BZ,17,8,9,7
HU143DA,13,6,7,5
HU143DB,22,14,8,8
HU143DD,61,28,33,22
HU143DE,15,8,7,8
HU143DF,58,28,30,22
HU143DG,52,25,27,21
HU143DH,13,7,6,4
HU143DJ,20,11,9,7
HU143DL,3,3,0,2
HU143DN,35,18,17,16
HU143DP,36,16,20,16
HU143DQ,27,12,15,13
HU143DR,96,53,43,37
HU143DS,96,40,56,42
HU143DT,145,67,78,53
HU143DU,82,40,42,39
HU143DW,55,21,34,23
HU143DX,72,33,39,28
HU143DY,77,40,37,28
HU143DZ,56,26,30,22
HU143EA,12,7,5,6
HU143EB,48,18,30,15
HU143ED,17,5,12,12
HU143EE,27,14,13,9
HU143EF,29,14,15,18
HU143EG,22,10,12,11
HU143EH,12,7,5,4
HU143EJ,40,20,20,15
HU143EL,33,14,19,18
HU143EN,29,16,13,13
HU143EP,44,24,20,23
HU143EQ,10,6,4,4
HU143ER,19,9,10,9
HU143ES,31,13,18,11
HU143ET,36,18,18,15
HU143EU,37,17,20,17
HU143EW,10,5,5,4
HU143EX,59,31,28,24
HU143EY,88,42,46,35
HU143EZ,49,26,23,18
HU143FB,11,5,6,4
HU143FD,6,3,3,2
HU143GA,7,3,4,3
HU143GD,124,67,57,35
HU143GE,16,8,8,6
HU143HA,2,1,1,1
HU143HB,27,14,13,11
HU143HE,64,35,29,25
HU143HG,20,12,8,9
HU143HH,57,34,23,26
HU143HL,8,2,6,4
HU143HP,78,45,33,35
HU143HQ,15,8,7,6
HU143HR,60,29,31,29
HU143HS,62,30,32,24
HU143HT,7,3,4,3
HU143HU,58,32,26,25
HU143HZ,98,46,52,39
HU143JD,26,11,15,14
HU143JE,49,22,27,22
HU143JF,15,9,6,10
HU143JG,38,21,17,17
HU143JJ,22,11,11,9
HU143JL,10,5,5,3
HU143JN,29,13,16,11
HU143JP,27,15,12,12
HU143JQ,11,6,5,5
HU143JR,92,47,45,30
HU143JS,55,29,26,23
HU143JT,40,19,21,14
HU143JU,10,5,5,4
HU143JW,36,16,20,20
HU143JX,46,25,21,15
HU143JY,26,12,14,13
HU143JZ,41,12,29,2
HU143LA,40,21,19,17
HU143LB,33,15,18,13
HU143LD,86,44,42,41
HU143LE,93,45,48,39
HU143LL,37,18,19,13
HU143LQ,15,10,5,5
HU143LR,33,16,17,11
HU143LS,51,26,25,23
HU143LT,3,0,3,2
HU143LU,26,12,14,9
HU143LX,58,32,26,20
HU143LY,50,22,28,20
HU143LZ,73,38,35,27
HU143NA,19,10,9,7
HU143NB,79,44,35,28
HU143ND,37,20,17,14
HU143NE,21,11,10,10
HU143NF,9,5,4,3
HU143NG,19,11,8,8
HU143NH,81,38,43,31
HU143NL,89,41,48,34
HU143NN,45,23,22,14
HU143NP,33,15,18,15
HU143NQ,46,24,22,19
HU143NR,18,10,8,9
HU143NS,20,11,9,10
HU143NT,49,24,25,15
HU143NU,36,19,17,14
HU143NW,13,8,5,8
HU143NY,2,1,1,1
HU143NZ,55,25,30,20
HU143PA,28,12,16,10
HU143PB,76,40,36,29
HU143PD,10,5,5,7
HU143PE,85,30,55,30
HU143PG,37,20,17,15
HU143PH,30,16,14,10
HU143PJ,44,22,22,22
HU143PL,73,34,39,36
HU143PN,66,34,32,30
HU143PP,18,9,9,16
HU143PQ,42,14,28,33
HU143PR,6,3,3,3
HU143PS,4,2,2,3
HU143PT,10,5,5,3
HU143PW,100,52,48,45
HU143PX,45,23,22,14
HU143PY,103,50,53,36
HU143PZ,39,21,18,12
HU143QA,17,9,8,7
HU143QB,66,29,37,32
HU143QD,41,24,17,18
HU143QE,66,34,32,32
HU143QF,103,53,50,42
HU143QG,84,49,35,33
HU143QH,111,54,57,43
HU143QJ,66,35,31,27
HU143QL,67,34,33,27
HU143QN,9,2,7,7
HU143QP,94,47,47,45
HU143QR,106,49,57,48
HU143QS,55,25,30,25
HU143QT,81,40,41,27
HU143QU,25,12,13,13
HU143QW,33,16,17,14
HU143QX,7,4,3,3
HU143QY,52,23,29,23
HU143QZ,8,4,4,4
HU143RA,12,7,5,5
HU143RB,149,74,75,63
HU143RD,27,13,14,13
HU143RE,74,39,35,32
HU143RF,49,28,21,15
HU143RG,114,58,56,48
HU143RH,137,63,74,61
HU143RJ,14,7,7,7
HU143RL,63,33,30,27
HU143RN,9,4,5,8
HU143RQ,64,29,35,33
HU143RR,10,5,5,4
HU143RS,1,1,0,1
HU151AA,128,59,69,50
HU151AD,22,12,10,9
HU151AE,51,22,29,21
HU151AG,80,40,40,26
HU151AH,36,18,18,15
HU151AJ,21,12,9,8
HU151AL,14,8,6,5
HU151AN,59,28,31,21
HU151AP,32,12,20,4
HU151AQ,46,24,22,22
HU151AR,10,4,6,5
HU151AS,38,20,18,16
HU151AT,11,3,8,3
HU151AU,214,107,107,71
HU151AW,48,26,22,18
HU151BA,86,48,38,30
HU151BB,10,5,5,7
HU151BD,146,77,69,66
HU151BE,80,38,42,36
HU151BF,13,3,10,9
HU151BG,74,33,41,33
HU151BH,35,16,19,13
HU151BJ,73,32,41,18
HU151BL,14,6,8,7
HU151BN,44,17,27,27
HU151BP,48,23,25,20
HU151BQ,61,28,33,26
HU151BS,18,8,10,8
HU151BT,61,31,30,24
HU151BU,134,59,75,58
HU151BW,45,24,21,20
HU151BX,93,46,47,45
HU151BY,67,31,36,26
HU151BZ,4,1,3,3
HU151DA,87,40,47,37
HU151DB,72,32,40,32
HU151DD,78,37,41,39
HU151DE,8,4,4,3
HU151DF,138,67,71,63
HU151DG,104,47,57,42
HU151DH,110,53,57,40
HU151DL,17,8,9,6
HU151DN,45,19,26,23
HU151DP,63,30,33,30
HU151DQ,38,19,19,14
HU151DR,44,21,23,18
HU151DS,43,23,20,14
HU151DT,36,19,17,13
HU151DU,6,4,2,2
HU151DW,47,25,22,12
HU151DX,66,28,38,22
HU151DY,30,14,16,14
HU151DZ,40,22,18,20
HU151EA,36,15,21,22
HU151EB,56,29,27,24
HU151EE,83,42,41,32
HU151EG,50,27,23,24
HU151EH,44,27,17,24
HU151EJ,79,37,42,23
HU151EL,57,30,27,24
HU151EN,15,9,6,8
HU151EP,36,19,17,12
HU151ER,116,69,47,67
HU151ES,124,59,65,47
HU151ET,27,14,13,11
HU151EU,64,35,29,33
HU151EW,45,23,22,22
HU151EX,8,4,4,4
HU151FB,54,29,25,29
HU151FD,49,24,25,15
HU151FE,62,28,34,21
HU151FF,37,16,21,11
HU151FG,33,19,14,24
HU151FH,124,64,60,41
HU151FJ,2,0,2,1
HU151FL,62,27,35,24
HU151FN,17,11,6,5
HU151FP,12,5,7,7
HU151FR,100,51,49,30
HU151FS,23,9,14,13
HU151FX,9,4,5,4
HU151GA,34,16,18,13
HU151GB,100,58,42,43
HU151GD,6,3,3,4
HU151GE,24,10,14,11
HU151GF,34,15,19,12
HU151GG,105,48,57,44
HU151GH,40,17,23,20
HU151GJ,60,34,26,24
HU151GL,32,17,15,19
HU151GN,49,23,26,20
HU151GP,79,41,38,36
HU151GQ,62,34,28,20
HU151GR,41,19,22,13
HU151GS,19,7,12,5
HU151GT,27,11,16,14
HU151GU,19,8,11,8
HU151GW,109,52,57,45
HU151GY,114,60,54,56
HU151GZ,10,3,7,3
HU151HA,30,15,15,11
HU151HB,16,9,7,8
HU151HD,18,9,9,7
HU151HE,7,5,2,2
HU151HF,16,8,8,7
HU151HG,11,7,4,6
HU151HH,20,9,11,10
HU151HL,15,8,7,5
HU151HN,44,23,21,17
HU151HP,13,6,7,5
HU151HQ,11,5,6,5
HU151HR,75,36,39,30
HU151HS,25,13,12,10
HU151HT,61,25,36,34
HU151HU,51,27,24,22
HU151HW,90,45,45,42
HU151HX,67,33,34,23
HU151HY,33,15,18,15
HU151HZ,2,1,1,2
HU151JA,114,56,58,45
HU151JB,14,6,8,9
HU151JD,45,20,25,35
HU151JE,18,8,10,11
HU151JF,50,25,25,22
HU151JG,29,14,15,13
HU151JH,48,25,23,21
HU151JJ,15,9,6,4
HU151JL,50,21,29,18
HU151JN,46,25,21,16
HU151JP,36,19,17,16
HU151JQ,136,61,75,63
HU151JR,17,8,9,8
HU151JS,59,28,31,25
HU151JT,64,33,31,29
HU151JU,36,20,16,14
HU151JW,4,1,3,1
HU151JX,80,39,41,41
HU151JY,133,61,72,57
HU151JZ,43,18,25,21
HU151LA,84,40,44,30
HU151LB,73,35,38,35
HU151LD,15,6,9,7
HU151LE,11,5,6,6
HU151LF,94,46,48,32
HU151LG,97,52,45,41
HU151LH,76,38,38,30
HU151LJ,37,17,20,16
HU151LL,195,96,99,64
HU151LN,81,38,43,33
HU151LP,5,2,3,3
HU151LQ,29,10,19,16
HU151LR,18,11,7,13
HU151LT,63,31,32,23
HU151LU,2,1,1,1
HU151LW,62,30,32,27
HU151LX,32,12,20,11
HU151LY,7,5,2,3
HU151LZ,34,13,21,16
HU151NA,42,20,22,22
HU151NB,25,11,14,12
HU151ND,12,6,6,7
HU151NE,19,6,13,17
HU151NF,9,6,3,8
HU151NG,10,4,6,5
HU151NH,25,15,10,13
HU151NJ,12,4,8,8
HU151NL,34,15,19,15
HU151NN,32,15,17,16
HU151NP,49,25,24,22
HU151NQ,14,7,7,9
HU151NR,40,14,26,20
HU151NS,56,27,29,27
HU151NT,31,15,16,12
HU151NU,62,36,26,26
HU151NW,22,8,14,10
HU151NX,40,20,20,17
HU151NY,75,39,36,30
HU151NZ,31,16,15,12
HU151PA,26,12,14,15
HU151PB,10,5,5,5
HU151PD,21,7,14,14
HU151PE,42,22,20,21
HU151PF,11,5,6,6
HU151PG,25,10,15,16
HU151PH,19,13,6,6
HU151PJ,9,4,5,2
HU151PL,11,6,5,8
HU151PN,24,11,13,12
HU151PP,12,5,7,5
HU151PR,8,3,5,3
HU151PT,125,67,58,43
HU151PU,2,1,1,2
HU151PW,6,3,3,2
HU151PX,10,4,6,3
HU151PY,4,2,2,2
HU151PZ,48,26,22,16
HU151QA,4,2,2,1
HU151QB,16,9,7,8
HU151QD,104,58,46,37
HU151QE,4,2,2,1
HU151QF,7,3,4,2
HU151QG,59,28,31,21
HU151QH,5,2,3,4
HU151QJ,5,3,2,3
HU151QL,20,11,9,10
HU151QN,20,10,10,10
HU151QP,6,4,2,2
HU151QQ,10,5,5,4
HU151QR,22,10,12,8
HU151QS,3,2,1,2
HU151QT,17,10,7,9
HU151QU,4,2,2,2
HU151QW,24,10,14,10
HU151QX,34,16,18,16
HU151QY,26,16,10,10
HU151QZ,29,11,18,18
HU151RA,2,1,1,1
HU151RB,455,455,0,0
HU151RD,3,2,1,1
HU151RE,6,3,3,2
HU151RF,15,7,8,6
HU151RG,4,3,1,2
HU151RH,17,8,9,6
HU151RJ,161,76,85,74
HU151RN,1,1,0,1
HU151RP,63,29,34,23
HU151RQ,8,5,3,5
HU151RR,3,2,1,2
HU151RS,4,2,2,3
HU151RT,20,11,9,8
HU151RU,5,2,3,3
HU151RW,8,4,4,5
HU151RX,7,4,3,3
HU151RY,48,24,24,32
HU151RZ,1,0,1,1
HU151SB,15,9,6,6
HU151SD,190,102,88,64
HU151SE,34,14,20,20
HU151SF,32,14,18,9
HU151SG,32,16,16,11
HU151SH,61,31,30,19
HU151SJ,22,10,12,9
HU151SL,54,31,23,17
HU151SN,102,53,49,37
HU151SP,7,4,3,2
HU151SQ,68,36,32,22
HU151SR,230,111,119,79
HU151SS,85,42,43,29
HU151ST,84,37,47,30
HU151SU,46,24,22,16
HU151SW,33,15,18,15
HU151SY,30,14,16,13
HU151SZ,46,24,22,21
HU151TA,80,36,44,24
HU151TB,33,17,16,14
HU151TD,36,17,19,13
HU151TE,61,26,35,17
HU151TF,89,47,42,30
HU151TG,68,32,36,26
HU151TH,79,38,41,29
HU151TJ,88,40,48,28
HU151TL,39,15,24,13
HU151TN,38,14,24,9
HU151TP,35,17,18,9
HU151TQ,49,21,28,17
HU151TR,84,37,47,33
HU151TS,64,30,34,22
HU151TT,63,31,32,19
HU151TU,90,51,39,23
HU151TW,63,29,34,19
HU151TX,35,19,16,13
HU151TY,50,25,25,19
HU151TZ,49,29,20,24
HU151UE,104,46,58,37
HU151UF,36,18,18,13
HU151UG,14,4,10,5
HU151UH,18,7,11,6
HU151UT,1,0,1,1
HU151WL,5,3,2,1
HU152AA,49,24,25,20
HU152AB,10,5,5,4
HU152AD,45,24,21,20
HU152AE,1,1,0,1
HU152AG,49,28,21,18
HU152AH,7,2,5,2
HU152AJ,165,76,89,64
HU152AL,208,104,104,72
HU152AN,105,51,54,32
HU152AP,23,12,11,10
HU152AQ,2,1,1,1
HU152AR,6,3,3,2
HU152AS,44,22,22,16
HU152AT,27,16,11,10
HU152AU,84,40,44,38
HU152AX,27,15,12,9
HU152AY,31,15,16,16
HU152AZ,38,18,20,17
HU152BA,33,16,17,10
HU152BB,93,48,45,41
HU152BE,7,4,3,4
HU152BG,8,4,4,3
HU152BH,29,15,14,11
HU152BJ,49,27,22,21
HU152BL,17,10,7,4
HU152BN,37,17,20,15
HU152BP,21,11,10,10
HU152BQ,51,24,27,19
HU152BS,64,32,32,26
HU152BT,54,26,28,27
HU152BU,33,16,17,14
HU152BW,5,2,3,3
HU152BX,20,10,10,8
HU152BY,9,4,5,4
HU152BZ,10,6,4,4
HU152DA,2,1,1,1
HU152DB,9,4,5,4
HU152DD,26,15,11,11
HU152DE,40,22,18,18
HU152DG,45,22,23,24
HU152DH,48,23,25,25
HU152DN,8,3,5,4
HU152DP,28,12,16,5
HU152DQ,4,1,3,2
HU152DR,19,8,11,7
HU152DS,18,10,8,6
HU152DT,13,6,7,5
HU152DU,11,6,5,4
HU152DW,18,10,8,7
HU152DX,10,5,5,4
HU152DY,10,5,5,4
HU152DZ,16,9,7,8
HU152EA,48,26,22,20
HU152EB,7,4,3,3
HU152ED,11,8,3,8
HU152EE,16,8,8,7
HU152EF,51,18,33,37
HU152EG,13,8,5,6
HU152EH,64,34,30,32
HU152EJ,134,70,64,59
HU152EL,60,31,29,27
HU152EN,27,11,16,10
HU152EP,82,40,42,33
HU152EQ,32,10,22,14
HU152ER,76,29,47,17
HU152ES,175,82,93,68
HU152ET,108,54,54,44
HU152EU,36,16,20,17
HU152EW,130,64,66,50
HU152EX,54,31,23,20
HU152EY,83,34,49,35
HU152EZ,26,12,14,13
HU152FD,26,14,12,8
HU152FE,24,10,14,8
HU152FF,65,33,32,22
HU152FG,62,27,35,18
HU152FH,33,16,17,14
HU152FL,17,9,8,6
HU152FN,32,14,18,9
HU152FP,5,3,2,2
HU152FR,23,12,11,8
HU152GA,9,2,7,4
HU152GB,74,41,33,28
HU152GD,59,33,26,21
HU152GE,43,26,17,19
HU152GJ,1,0,1,1
HU152HA,82,38,44,40
HU152HB,25,12,13,12
HU152HD,46,20,26,23
HU152HE,55,27,28,28
HU152HF,34,19,15,15
HU152HG,77,39,38,33
HU152HH,6,4,2,2
HU152HJ,47,25,22,20
HU152HL,72,37,35,33
HU152HN,19,9,10,7
HU152HP,10,4,6,5
HU152HQ,18,7,11,9
HU152HR,145,72,73,56
HU152HT,78,35,43,31
HU152HU,2,1,1,1
HU152HW,20,10,10,9
HU152HX,11,6,5,4
HU152JA,111,56,55,41
HU152JB,39,15,24,24
HU152JD,53,26,27,27
HU152JE,166,81,85,59
HU152JF,25,11,14,13
HU152JG,52,21,31,25
HU152JH,113,52,61,41
HU152JJ,109,56,53,39
HU152JN,4,2,2,2
HU152JP,5,2,3,2
HU152JQ,4,2,2,2
HU152JS,38,12,26,22
HU152JW,16,10,6,6
HU152JZ,242,242,0,0
HU152LA,63,28,35,32
HU152LB,2,1,1,1
HU152LD,71,43,28,34
HU152LE,26,11,15,12
HU152LF,32,16,16,14
HU152LG,2,0,2,2
HU152LH,5,3,2,2
HU152LJ,105,52,53,44
HU152LL,9,4,5,5
HU152LN,43,20,23,15
HU152LP,3,2,1,2
HU152LQ,43,19,24,31
HU152LR,10,4,6,4
HU152LS,5,1,4,2
HU152LT,130,67,63,53
HU152LU,6,3,3,2
HU152LW,82,44,38,32
HU152LX,5,2,3,2
HU152LY,7,4,3,2
HU152LZ,3,2,1,1
HU152NA,47,19,28,24
HU152NB,44,25,19,14
HU152ND,31,17,14,11
HU152NE,44,21,23,26
HU152NF,8,2,6,6
HU152NG,109,55,54,43
HU152NH,11,4,7,8
HU152NJ,122,61,61,44
HU152NL,8,4,4,4
HU152NN,21,9,12,9
HU152NP,17,9,8,7
HU152NQ,1,1,0,1
HU152NR,27,15,12,8
HU152NS,9,6,3,3
HU152NU,80,42,38,35
HU152NW,16,9,7,7
HU152NX,10,3,7,5
HU152NY,67,34,33,28
HU152NZ,2,2,0,2
HU152PA,9,3,6,4
HU152PB,9,4,5,3
HU152PD,11,6,5,6
HU152PE,36,21,15,13
HU152PF,13,6,7,4
HU152PH,48,22,26,18
HU152PJ,54,29,25,18
HU152PL,32,20,12,13
HU152PN,27,16,11,11
HU152PP,8,4,4,6
HU152PQ,4,3,1,3
HU152PR,50,25,25,19
HU152PU,4,2,2,2
HU152PW,77,40,37,26
HU152PX,74,37,37,32
HU152PY,55,21,34,23
HU152QA,99,47,52,50
HU152QB,73,38,35,30
HU152QD,32,19,13,14
HU152QE,7,2,5,3
HU152QG,2,1,1,1
HU152QH,20,8,12,7
HU152QJ,68,25,43,29
HU152QL,23,10,13,14
HU152QN,115,59,56,59
HU152QQ,9,5,4,4
HU152QS,58,29,29,29
HU152QU,124,63,61,53
HU152QW,56,26,30,27
HU152QX,4,2,2,3
HU152QY,45,25,20,21
HU152QZ,62,30,32,24
HU152RA,10,5,5,4
HU152RB,30,14,16,10
HU152RE,2,1,1,1
HU152RF,25,13,12,12
HU152RG,65,33,32,28
HU152RH,38,22,16,13
HU152RL,71,32,39,31
HU152RN,100,53,47,44
HU152RR,15,9,6,5
HU152RU,18,8,10,8
HU152RX,25,12,13,10
HU152RY,42,21,21,18
HU152SA,10,5,5,4
HU152SD,56,28,28,24
HU152SF,39,17,22,18
HU152SG,93,31,62,22
HU152SH,12,6,6,4
HU152SJ,14,7,7,6
HU152SL,19,9,10,11
HU152SP,11,5,6,3
HU152SS,4,2,2,2
HU152ST,73,33,40,28
HU152SU,54,24,30,25
HU152SW,11,6,5,5
HU152SX,57,25,32,30
HU152SY,49,28,21,18
HU152SZ,21,10,11,9
HU152TA,31,13,18,14
HU152TB,39,24,15,16
HU152TE,21,10,11,10
HU152TF,2,1,1,1
HU152TG,7,3,4,2
HU152TJ,4,1,3,1
HU152TL,29,13,16,12
HU152TN,26,11,15,11
HU152TP,84,42,42,37
HU152TQ,7,2,5,2
HU152TR,17,10,7,8
HU152TT,75,39,36,42
HU152TU,121,57,64,55
HU152TW,68,31,37,37
HU152TX,11,5,6,6
HU152TY,66,35,31,32
HU152TZ,74,37,37,26
HU152UA,44,19,25,21
HU152UB,33,13,20,14
HU152UD,9,4,5,4
HU152UE,12,7,5,4
HU152UF,18,8,10,6
HU152UG,18,8,10,8
HU152UH,54,28,26,25
HU152UJ,50,21,29,22
HU152UL,30,11,19,16
HU152UN,57,27,30,32
HU152UP,33,16,17,13
HU152UQ,47,23,24,25
HU152UR,17,9,8,6
HU152US,13,7,6,4
HU152UT,45,22,23,21
HU152UU,29,15,14,11
HU152UX,8,4,4,4
HU152UY,25,13,12,8
HU152UZ,26,12,14,10
HU152WG,93,44,49,32
HU152XA,77,36,41,34
HU152XB,21,12,9,10
HU152XD,88,42,46,31
HU152XE,31,12,19,15
HU152XF,62,33,29,22
HU152XG,25,14,11,12
HU152XH,111,53,58,45
HU152XJ,7,3,4,4
HU152XL,28,15,13,8
HU152XN,11,8,3,4
HU152XP,27,13,14,7
HU152XQ,94,38,56,35
HU152XR,21,11,10,8
HU152XS,7,3,4,3
HU152XT,139,75,64,68
HU152XU,82,38,44,39
HU152XW,56,31,25,23
HU152XX,15,8,7,8
HU152XY,16,8,8,10
HU152XZ,16,7,9,10
HU152YA,17,7,10,10
HU152YB,70,37,33,22
HU152YD,34,17,17,12
HU152YE,82,43,39,29
HU152YF,38,17,21,13
HU152ZU,5,2,3,3
HU164AA,11,5,6,4
HU164AB,17,9,8,13
HU164AD,15,4,11,12
HU164AE,9,3,6,7
HU164AG,11,6,5,9
HU164AH,46,20,26,24
HU164AJ,3,2,1,1
HU164AL,60,31,29,29
HU164AP,52,29,23,25
HU164AQ,14,8,6,12
HU164AR,41,18,23,21
HU164AS,53,24,29,16
HU164AT,44,19,25,17
HU164AU,88,43,45,44
HU164AW,13,4,9,12
HU164AY,55,27,28,30
HU164AZ,105,45,60,56
HU164BB,30,16,14,16
HU164BD,25,13,12,9
HU164BE,15,4,11,9
HU164BG,18,7,11,13
HU164BH,26,14,12,14
HU164BJ,30,14,16,26
HU164BL,10,4,6,7
HU164BN,16,7,9,14
HU164BP,8,3,5,5
HU164BQ,55,25,30,23
HU164BW,5,3,2,3
HU164DA,2,2,0,2
HU164DB,5,1,4,2
HU164DD,49,15,34,1
HU164DE,22,11,11,12
HU164DF,50,20,30,29
HU164DG,64,31,33,34
HU164DH,60,23,37,36
HU164DJ,69,33,36,25
HU164DL,25,12,13,11
HU164DN,66,29,37,21
HU164DP,45,21,24,20
HU164DR,84,39,45,36
HU164DS,71,37,34,35
HU164DT,68,29,39,22
HU164DU,11,5,6,7
HU164DX,36,19,17,16
HU164DY,37,19,18,15
HU164DZ,4,1,3,2
HU164EA,95,46,49,33
HU164EB,30,8,22,27
HU164EH,10,6,4,4
HU164EJ,67,26,41,28
HU164EL,94,40,54,50
HU164EN,24,11,13,9
HU164EP,62,29,33,29
HU164EQ,11,6,5,5
HU164ER,29,15,14,13
HU164ES,31,15,16,14
HU164ET,80,33,47,36
HU164EU,99,47,52,42
HU164EX,75,35,40,35
HU164EY,27,16,11,23
HU164EZ,11,7,4,7
HU164HA,56,23,33,34
HU164HB,50,24,26,18
HU164HE,11,8,3,7
HU164HG,57,30,27,21
HU164HH,21,13,8,8
HU164HJ,76,36,40,27
HU164HL,57,26,31,24
HU164HN,23,10,13,11
HU164HP,2,1,1,1
HU164HQ,61,27,34,31
HU164HX,6,3,3,3
HU164HY,11,4,7,4
HU164JA,53,10,43,11
HU164JB,22,11,11,8
HU164JD,14,5,9,8
HU164JE,18,8,10,7
HU164JF,21,12,9,8
HU164JH,63,35,28,24
HU164JJ,20,9,11,7
HU164JL,25,12,13,10
HU164JN,22,12,10,9
HU164JP,19,10,9,8
HU164JQ,2,1,1,1
HU164JR,25,13,12,9
HU164JS,19,11,8,7
HU164JT,19,9,10,8
HU164JW,13,7,6,4
HU164LF,17,6,11,7
HU164LH,66,31,35,32
HU164LJ,44,25,19,18
HU164LQ,45,19,26,32
HU164LS,45,23,22,15
HU164LT,9,4,5,2
HU164LU,105,51,54,47
HU164LX,24,15,9,11
HU164LY,38,20,18,13
HU164LZ,80,37,43,36
HU164NA,9,4,5,5
HU164NB,65,35,30,34
HU164ND,38,17,21,22
HU164NE,74,33,41,31
HU164NF,10,4,6,4
HU164NG,51,25,26,24
HU164NH,29,13,16,10
HU164NJ,51,26,25,21
HU164NL,40,20,20,18
HU164NN,53,21,32,25
HU164NP,13,7,6,7
HU164PA,15,8,7,5
HU164PB,34,14,20,10
HU164PD,90,45,45,49
HU164PE,46,22,24,21
HU164PF,65,35,30,31
HU164PJ,4,2,2,2
HU164PL,36,13,23,13
HU164PN,51,26,25,20
HU164PP,73,41,32,27
HU164PR,12,7,5,5
HU164PS,134,68,66,48
HU164PT,13,7,6,4
HU164PU,61,30,31,19
HU164PW,1,0,1,1
HU164PX,111,32,79,13
HU164PY,79,41,38,28
HU164PZ,79,44,35,29
HU164QA,29,15,14,20
HU164QB,34,16,18,10
HU164QD,77,34,43,38
HU164QE,55,28,27,23
HU164QF,13,4,9,11
HU164QG,99,54,45,42
HU164QH,11,4,7,7
HU164QJ,15,8,7,7
HU164QL,85,46,39,40
HU164QN,68,32,36,33
HU164QP,33,14,19,16
HU164QQ,22,12,10,11
HU164QR,77,35,42,33
HU164QT,18,8,10,7
HU164QU,14,7,7,4
HU164QW,20,9,11,12
HU164QX,17,9,8,5
HU164QZ,6,2,4,2
HU164RA,64,31,33,24
HU164RB,5,2,3,2
HU164RF,25,16,9,10
HU164RH,95,43,52,44
HU164RJ,50,28,22,17
HU164RL,67,34,33,25
HU164RN,28,9,19,20
HU164RP,43,23,20,20
HU164RQ,18,8,10,11
HU164RR,112,44,68,29
HU164RS,41,17,24,24
HU164RT,40,19,21,20
HU164RU,45,23,22,25
HU164RX,36,17,19,23
HU164RY,3,2,1,2
HU164RZ,5,1,4,2
HU164SA,46,22,24,17
HU164SB,19,9,10,7
HU164SD,69,35,34,26
HU164SE,18,7,11,6
HU165AA,26,11,15,13
HU165AB,63,31,32,22
HU165AD,158,75,83,66
HU165AE,31,17,14,11
HU165AF,24,13,11,9
HU165AG,41,21,20,15
HU165AH,69,34,35,28
HU165AJ,87,43,44,33
HU165AL,7,4,3,4
HU165AN,41,16,25,20
HU165AP,9,4,5,6
HU165AR,42,17,25,36
HU165AS,48,26,22,24
HU165AT,50,20,30,23
HU165AU,78,31,47,41
HU165AX,76,34,42,34
HU165AY,38,17,21,16
HU165AZ,57,21,36,27
HU165BA,102,50,52,36
HU165BB,60,31,29,23
HU165BD,6,3,3,2
HU165BE,3,1,2,2
HU165BG,76,37,39,33
HU165BH,4,2,2,2
HU165BJ,81,38,43,40
HU165BL,18,6,12,14
HU165BN,42,21,21,24
HU165BP,97,42,55,19
HU165BS,23,9,14,10
HU165BT,17,10,7,6
HU165BU,24,10,14,11
HU165BX,45,21,24,22
HU165BY,70,37,33,30
HU165BZ,108,59,49,38
HU165DA,14,6,8,10
HU165DG,22,11,11,9
HU165DH,51,22,29,24
HU165DJ,37,18,19,17
HU165DL,78,35,43,34
HU165DN,12,6,6,4
HU165DP,21,7,14,12
HU165DQ,54,15,39,44
HU165DR,8,3,5,5
HU165DS,14,7,7,9
HU165DT,18,9,9,10
HU165DU,18,7,11,14
HU165DW,2,1,1,1
HU165DX,19,11,8,12
HU165DY,10,4,6,6
HU165DZ,56,25,31,26
HU165EA,38,18,20,20
HU165EB,61,29,32,24
HU165ED,65,34,31,28
HU165EE,29,15,14,13
HU165EF,35,15,20,13
HU165EG,21,8,13,13
HU165EH,39,20,19,24
HU165EJ,51,24,27,25
HU165EN,21,6,15,14
HU165EP,42,15,27,27
HU165EQ,25,11,14,9
HU165ER,34,17,17,14
HU165ES,10,4,6,6
HU165ET,18,8,10,10
HU165EU,77,42,35,44
HU165EW,37,16,21,16
HU165EX,62,33,29,26
HU165EY,30,16,14,12
HU165EZ,34,11,23,21
HU165FF,2,1,1,1
HU165GA,11,7,4,4
HU165GB,16,4,12,11
HU165HA,40,20,20,14
HU165HB,8,4,4,4
HU165HD,20,10,10,9
HU165HE,17,9,8,12
HU165HG,50,24,26,30
HU165HH,9,6,3,6
HU165HJ,7,2,5,3
HU165HL,97,47,50,65
HU165HN,9,5,4,6
HU165HP,21,9,12,8
HU165HR,39,15,24,22
HU165HS,18,9,9,10
HU165HT,22,9,13,17
HU165HU,14,7,7,10
HU165HW,23,10,13,13
HU165JD,35,16,19,13
HU165JE,6,4,2,4
HU165JF,17,8,9,6
HU165JG,18,6,12,9
HU165JH,20,7,13,14
HU165JJ,61,31,30,27
HU165JL,15,7,8,6
HU165JN,57,24,33,30
HU165JP,12,5,7,6
HU165JQ,29,13,16,17
HU165JR,13,7,6,6
HU165JS,60,28,32,28
HU165JT,13,7,6,6
HU165JU,20,8,12,11
HU165JW,13,4,9,8
HU165JX,33,21,12,19
HU165LA,51,24,27,28
HU165LB,30,14,16,18
HU165LD,12,5,7,6
HU165LE,48,23,25,22
HU165LF,52,22,30,25
HU165LG,39,18,21,18
HU165LH,64,33,31,22
HU165LJ,66,32,34,29
HU165LL,44,20,24,21
HU165LN,21,9,12,8
HU165LP,74,34,40,42
HU165LQ,54,26,28,34
HU165LW,2,1,1,1
HU165NA,51,27,24,19
HU165NB,24,10,14,10
HU165ND,31,13,18,17
HU165NE,33,15,18,18
HU165NF,63,32,31,30
HU165NG,46,21,25,20
HU165NH,64,33,31,24
HU165NJ,137,69,68,54
HU165NL,75,40,35,27
HU165NN,20,10,10,11
HU165NP,53,28,25,22
HU165NQ,49,22,27,21
HU165NR,58,30,28,25
HU165NS,21,10,11,13
HU165NW,51,26,25,19
HU165PA,11,5,6,5
HU165PB,10,5,5,3
HU165PD,56,25,31,24
HU165PE,39,20,19,12
HU165PF,44,17,27,16
HU165PG,20,10,10,10
HU165PH,42,20,22,16
HU165PJ,49,22,27,17
HU165PL,31,16,15,9
HU165PN,48,25,23,19
HU165PP,9,6,3,4
HU165PR,82,43,39,30
HU165PS,14,7,7,6
HU165PT,41,22,19,19
HU165PU,13,7,6,4
HU165PW,23,11,12,12
HU165PY,11,5,6,6
HU165PZ,41,13,28,35
HU165QA,8,6,2,5
HU165QB,25,15,10,21
HU165QD,19,8,11,10
HU165QE,44,25,19,27
HU165QG,2,1,1,1
HU165QH,5,1,4,4
HU165QJ,32,15,17,17
HU165QL,38,18,20,15
HU165QN,1158,637,521,0
HU165QP,61,30,31,28
HU165QQ,17,8,9,11
HU165QR,3,1,2,1
HU165QS,8,5,3,3
HU165QT,22,11,11,14
HU165QU,36,23,13,16
HU165QW,72,37,35,28
HU165QX,11,6,5,6
HU165QY,21,12,9,17
HU165QZ,17,8,9,9
HU165RA,9,4,5,6
HU165RB,7,2,5,6
HU165RD,61,32,29,25
HU165RE,112,55,57,42
HU165RF,42,23,19,17
HU165RG,43,19,24,16
HU165RH,35,18,17,15
HU165RJ,36,15,21,14
HU165RL,69,36,33,30
HU165RN,96,46,50,34
HU165RP,42,19,23,15
HU165RQ,61,32,29,24
HU165RR,7,2,5,6
HU165RS,4,2,2,3
HU165RT,7,4,3,4
HU165RU,26,10,16,20
HU165RW,4,2,2,4
HU165RX,106,54,52,40
HU165RZ,17,5,12,9
HU165SA,4,2,2,2
HU165SB,2,1,1,1
HU165SD,1,1,0,1
HU165SJ,4,1,3,1
HU165SP,16,8,8,8
HU165SR,4,2,2,2
HU165SS,41,10,31,34
HU165ST,145,76,69,45
HU165SW,12,7,5,3
HU165SX,57,25,32,21
HU165TA,17,10,7,7
HU165TB,26,14,12,10
HU165TD,1,0,1,1
HU165TE,2,1,1,1
HU165TF,16,10,6,7
HU165TG,36,17,19,16
HU165TH,66,22,44,16
HU165TJ,37,18,19,15
HU165TL,57,29,28,25
HU165TN,32,19,13,15
HU165TP,5,1,4,2
HU165TQ,25,9,16,13
HU165TR,96,47,49,41
HU165TS,49,24,25,26
HU165TT,51,27,24,24
HU165TU,3,1,2,1
HU165TW,63,33,30,31
HU165TX,54,24,30,24
HU165TY,46,21,25,20
HU165TZ,67,29,38,31
HU165UA,170,80,90,80
HU165UB,15,8,7,6
HU165UD,31,11,20,24
HU165UE,17,9,8,8
HU165UF,103,50,53,40
HU165UG,17,7,10,9
HU165UH,51,25,26,19
HU165UJ,7,3,4,4
HU165UL,11,6,5,4
HU165WG,13,6,7,7
HU165WH,4,2,2,3
HU165YE,52,24,28,21
HU165YF,83,41,42,32
HU165YG,95,40,55,46
HU165YJ,31,14,17,14
HU165YL,19,9,10,10
HU165YQ,48,22,26,24
HU165YR,3,2,1,1
HU165YS,5,3,2,2
HU165YT,25,10,15,10
HU165ZA,29,13,16,13
HU170AA,2,2,0,1
HU170AB,2,1,1,2
HU170AF,27,5,22,22
HU170AG,15,9,6,9
HU170AH,15,8,7,12
HU170AJ,49,22,27,25
HU170AL,60,28,32,29
HU170AN,59,32,27,27
HU170AP,19,8,11,10
HU170AQ,80,47,33,64
HU170AR,12,7,5,4
HU170AT,13,7,6,7
HU170AU,37,15,22,21
HU170AW,31,15,16,21
HU170AX,42,25,17,12
HU170AY,49,26,23,20
HU170AZ,56,28,28,27
HU170BA,33,21,12,12
HU170BB,45,19,26,24
HU170BD,30,16,14,17
HU170BE,183,96,87,64
HU170BF,101,44,57,44
HU170BG,94,49,45,28
HU170BH,96,48,48,40
HU170BJ,51,25,26,22
HU170BL,96,44,52,36
HU170BN,5,2,3,4
HU170BP,82,39,43,24
HU170BQ,23,13,10,19
HU170BS,45,24,21,20
HU170BT,50,25,25,21
HU170BU,33,17,16,16
HU170BW,22,11,11,9
HU170BX,107,53,54,38
HU170DA,8,3,5,5
HU170DB,8,4,4,5
HU170DD,7,3,4,3
HU170DF,19,10,9,9
HU170DG,7,4,3,4
HU170DH,2,2,0,2
HU170DJ,2,1,1,1
HU170DN,65,39,26,35
HU170DR,55,27,28,24
HU170DS,35,22,13,22
HU170DT,50,24,26,26
HU170DW,22,10,12,17
HU170DX,81,42,39,40
HU170DY,45,23,22,24
HU170DZ,12,6,6,8
HU170EA,64,31,33,26
HU170EB,66,36,30,40
HU170ED,78,32,46,34
HU170EE,12,6,6,5
HU170EG,47,23,24,20
HU170EH,22,10,12,10
HU170EJ,71,36,35,29
HU170EL,55,19,36,20
HU170EN,41,20,21,21
HU170EP,139,59,80,60
HU170EQ,24,12,12,12
HU170ER,30,14,16,15
HU170ES,108,55,53,43
HU170ET,74,40,34,29
HU170EU,62,22,40,24
HU170EX,25,10,15,11
HU170EY,34,15,19,12
HU170EZ,21,11,10,10
HU170FB,65,31,34,19
HU170FD,34,18,16,14
HU170FE,5,1,4,5
HU170FG,7,3,4,4
HU170FH,16,7,9,9
HU170FJ,14,7,7,8
HU170FL,30,18,12,18
HU170FN,12,6,6,6
HU170GA,31,16,15,12
HU170GB,31,17,14,13
HU170GD,7,6,1,5
HU170GL,19,11,8,13
HU170GR,8,2,6,4
HU170GZ,6,3,3,4
HU170HA,9,3,6,7
HU170HB,118,59,59,45
HU170HD,59,27,32,20
HU170HE,6,3,3,4
HU170HF,13,6,7,9
HU170HG,6,3,3,3
HU170HH,41,9,32,29
HU170HJ,46,13,33,38
HU170HL,28,14,14,12
HU170HN,49,25,24,28
HU170HP,63,32,31,29
HU170HR,27,14,13,14
HU170HS,97,51,46,32
HU170HT,42,15,27,16
HU170HU,67,32,35,23
HU170HW,66,36,30,27
HU170HX,33,17,16,18
HU170HY,83,42,41,31
HU170HZ,113,52,61,36
HU170JA,81,41,40,32
HU170JB,110,49,61,41
HU170JD,53,26,27,19
HU170JE,26,16,10,15
HU170JF,104,52,52,36
HU170JG,92,47,45,45
HU170JJ,2,1,1,1
HU170JU,50,23,27,21
HU170JX,27,13,14,10
HU170LD,7,5,2,3
HU170LF,1,0,1,1
HU170LL,21,12,9,10
HU170LQ,5,2,3,4
HU170LX,9,3,6,6
HU170LY,44,22,22,16
HU170LZ,1,0,1,1
HU170NA,16,6,10,10
HU170NB,38,13,25,28
HU170ND,87,35,52,55
HU170NE,54,24,30,22
HU170NH,52,25,27,24
HU170NJ,42,24,18,18
HU170NL,89,42,47,48
HU170NP,17,10,7,6
HU170NR,30,13,17,12
HU170NS,86,44,42,42
HU170NT,30,17,13,13
HU170NU,21,10,11,8
HU170NY,43,22,21,20
HU170NZ,31,16,15,14
HU170PA,30,16,14,19
HU170PB,14,5,9,6
HU170PD,60,31,29,25
HU170PE,6,2,4,3
HU170PF,59,30,29,33
HU170PG,12,5,7,5
HU170PH,88,33,55,21
HU170PL,6,4,2,2
HU170PN,33,17,16,13
HU170PP,73,38,35,32
HU170PQ,13,7,6,12
HU170PR,64,30,34,33
HU170PS,27,18,9,18
HU170PT,37,18,19,16
HU170PU,61,32,29,29
HU170PX,61,29,32,31
HU170PY,89,42,47,37
HU170PZ,16,7,9,10
HU170QA,135,66,69,50
HU170QB,18,8,10,7
HU170QE,64,30,34,25
HU170QF,27,17,10,14
HU170QG,60,28,32,26
HU170QH,61,28,33,25
HU170QJ,32,14,18,12
HU170QL,43,23,20,21
HU170QN,70,34,36,32
HU170QP,97,45,52,40
HU170QQ,23,6,17,19
HU170QR,7,2,5,4
HU170QS,22,10,12,10
HU170QT,18,10,8,8
HU170QU,20,11,9,13
HU170QW,103,54,49,50
HU170QX,37,18,19,12
HU170QY,68,35,33,23
HU170QZ,119,60,59,82
HU170RA,129,65,64,49
HU170RB,29,15,14,11
HU170RD,67,30,37,24
HU170RE,44,20,24,15
HU170RF,32,17,15,13
HU170RG,47,24,23,16
HU170RJ,44,25,19,17
HU170RL,5,2,3,3
HU170RN,82,42,40,35
HU170RP,5,2,3,4
HU170RQ,39,20,19,17
HU170RR,78,40,38,36
HU170RS,21,10,11,9
HU170RT,39,17,22,16
HU170RU,47,23,24,19
HU170RW,8,4,4,3
HU170RX,125,61,64,64
HU170RY,15,4,11,10
HU170RZ,29,16,13,13
HU170SA,81,40,41,38
HU170SB,13,6,7,8
HU170SD,22,9,13,8
HU170SE,151,74,77,62
HU170SF,7,4,3,3
HU170SG,11,6,5,5
HU170SH,21,12,9,9
HU170SJ,5,2,3,2
HU170SL,3,2,1,2
HU170SN,22,10,12,8
HU170SQ,63,30,33,26
HU170SS,68,26,42,32
HU170SU,3,1,2,1
HU170SW,11,6,5,4
HU170SY,6,2,4,3
HU170SZ,18,8,10,8
HU170TA,132,64,68,79
HU170TB,52,21,31,25
HU170TD,24,11,13,13
HU170TE,86,44,42,36
HU170TF,49,27,22,17
HU170TG,12,7,5,9
HU170TH,130,69,61,66
HU170TJ,94,52,42,36
HU170TL,64,33,31,35
HU170TN,64,31,33,25
HU170TP,14,9,5,4
HU170TQ,56,24,32,21
HU170TR,75,44,31,29
HU170TS,34,15,19,25
HU170TT,48,23,25,25
HU170TU,4,2,2,3
HU170TW,35,17,18,15
HU170TX,43,21,22,19
HU170TY,8,2,6,5
HU170TZ,9,5,4,5
HU170UA,20,10,10,13
HU170UB,10,2,8,10
HU170UD,17,7,10,14
HU170UE,6,3,3,4
HU170UF,70,32,38,29
HU170UG,5,3,2,3
HU170UH,38,19,19,15
HU170UJ,25,14,11,12
HU170UN,5,3,2,3
HU170UP,58,30,28,23
HU170UQ,88,41,47,48
HU170UR,23,9,14,9
HU170US,28,14,14,11
HU175JY,13,5,8,7
HU175JZ,14,8,6,5
HU175LB,17,8,9,8
HU175LD,41,18,23,19
HU175LE,72,37,35,31
HU175LF,51,27,24,27
HU175LG,116,55,61,52
HU175LH,110,53,57,45
HU175LJ,152,79,73,68
HU175LL,32,16,16,12
HU175LN,110,55,55,47
HU175LP,5,4,1,1
HU175LQ,70,33,37,32
HU175LR,54,28,26,20
HU175LS,12,6,6,5
HU175LT,6,4,2,3
HU175LW,15,7,8,8
HU175LX,116,56,60,54
HU175LY,47,23,24,19
HU175NA,37,19,18,15
HU175NB,17,9,8,8
HU175ND,5,3,2,3
HU175NE,90,42,48,34
HU175NF,41,22,19,16
HU175NG,169,84,85,74
HU175NH,42,21,21,18
HU175NJ,58,27,31,22
HU175NL,86,40,46,37
HU175NN,40,19,21,12
HU175NP,22,8,14,14
HU175NQ,32,16,16,17
HU175NR,102,51,51,43
HU175NS,18,8,10,13
HU175NT,78,40,38,33
HU175NU,81,46,35,38
HU175NW,47,22,25,18
HU175NX,36,15,21,18
HU175NY,35,17,18,17
HU175NZ,32,17,15,17
HU175PA,17,7,10,4
HU175PH,51,26,25,21
HU175PJ,25,13,12,10
HU175PL,59,29,30,22
HU175PN,15,8,7,6
HU175PP,8,4,4,4
HU175PR,31,15,16,9
HU175PS,10,4,6,4
HU175PT,6,3,3,3
HU175PW,32,17,15,12
HU175QA,158,69,89,72
HU175QD,39,18,21,13
HU175QE,56,28,28,19
HU175QF,36,21,15,19
HU177AA,4,2,2,1
HU177AB,77,39,38,33
HU177AD,25,12,13,9
HU177AE,30,14,16,11
HU177AG,69,36,33,28
HU177AH,2,0,2,2
HU177AJ,46,22,24,15
HU177AL,5,2,3,3
HU177AP,54,25,29,26
HU177AR,42,19,23,21
HU177AS,71,25,46,41
HU177AT,55,22,33,25
HU177AU,22,10,12,15
HU177AX,35,20,15,13
HU177AY,44,21,23,17
HU177AZ,59,34,25,21
HU177BA,16,8,8,6
HU177BB,33,14,19,20
HU177BD,19,7,12,11
HU177BE,22,11,11,12
HU177BG,72,38,34,32
HU177BJ,61,30,31,27
HU177BL,23,11,12,10
HU177BN,143,69,74,58
HU177BP,109,52,57,44
HU177BQ,19,7,12,7
HU177BS,67,33,34,29
HU177BU,8,6,2,4
HU177BW,150,77,73,67
HU177BX,1,1,0,1
HU177BY,21,11,10,8
HU177DD,14,7,7,5
HU177DF,14,6,8,8
HU177DG,12,5,7,7
HU177DH,54,19,35,8
HU177DJ,29,14,15,12
HU177DL,27,10,17,16
HU177DN,25,12,13,11
HU177DP,26,10,16,8
HU177DR,25,12,13,15
HU177DU,15,5,10,6
HU177DW,47,19,28,29
HU177DX,33,16,17,13
HU177DY,57,29,28,25
HU177DZ,7,3,4,4
HU177EA,35,15,20,17
HU177EB,34,13,21,18
HU177ED,69,30,39,16
HU177EE,14,7,7,6
HU177EF,23,12,11,9
HU177EG,39,20,19,18
HU177EH,14,6,8,6
HU177EN,62,29,33,34
HU177EP,60,30,30,32
HU177EQ,99,46,53,48
HU177ER,54,25,29,25
HU177ET,59,35,24,24
HU177EU,17,7,10,8
HU177EX,6,2,4,3
HU177GB,9,5,4,3
HU177GD,30,14,16,21
HU177HA,78,30,48,34
HU177HB,57,28,29,26
HU177HD,35,20,15,18
HU177HE,44,20,24,19
HU177HH,17,8,9,8
HU177HJ,76,38,38,32
HU177HL,73,32,41,34
HU177HN,65,32,33,36
HU177HP,82,38,44,32
HU177HQ,59,28,31,28
HU177HR,97,48,49,45
HU177HS,71,31,40,30
HU177HT,88,43,45,31
HU177HU,24,10,14,13
HU177HW,44,20,24,21
HU177HX,24,12,12,12
HU177HY,105,38,67,53
HU177HZ,19,12,7,11
HU177JA,40,18,22,16
HU177JB,22,9,13,11
HU177JD,32,14,18,15
HU177JE,39,18,21,17
HU177JF,9,3,6,5
HU177JG,50,25,25,20
HU177JH,45,23,22,16
HU177JJ,25,10,15,12
HU177JL,159,76,83,63
HU177JN,35,17,18,14
HU177JP,22,9,13,10
HU177JQ,89,46,43,31
HU177JR,40,20,20,20
HU177JS,15,8,7,6
HU177JT,65,33,32,24
HU177JU,36,19,17,15
HU177JX,29,13,16,11
HU177JY,7,3,4,2
HU177JZ,10,5,5,5
HU177LA,66,27,39,29
HU177LB,29,13,16,10
HU177LD,71,29,42,19
HU177LE,99,55,44,35
HU177LF,66,31,35,25
HU177LG,40,24,16,13
HU177LH,61,28,33,21
HU177LJ,4,3,1,3
HU177LL,5,2,3,3
HU177LN,126,61,65,57
HU177LP,11,5,6,5
HU177LQ,108,55,53,30
HU177LS,21,10,11,12
HU177LT,8,5,3,6
HU177LU,9,4,5,4
HU177LW,20,8,12,15
HU177LX,99,94,5,1
HU177LY,50,29,21,20
HU177NA,162,88,74,52
HU177NB,66,31,35,30
HU177ND,82,46,36,35
HU177NF,12,6,6,4
HU177NG,62,25,37,22
HU177NH,118,61,57,50
HU177NJ,9,5,4,3
HU177NL,17,8,9,8
HU177NN,15,6,9,10
HU177NP,49,25,24,20
HU177NQ,71,35,36,29
HU177NR,115,61,54,42
HU177NS,18,11,7,10
HU177NT,58,33,25,22
HU177NU,87,42,45,34
HU177NW,70,35,35,26
HU177NX,81,39,42,36
HU177NY,54,31,23,23
HU177NZ,57,27,30,24
HU177PA,33,15,18,10
HU177PD,4,2,2,1
HU177PE,13,6,7,5
HU177PG,78,41,37,37
HU177PH,5,2,3,3
HU177PJ,70,35,35,27
HU177PL,2,1,1,1
HU177PN,30,15,15,15
HU177PP,16,8,8,5
HU177PQ,114,58,56,53
HU177PR,3,1,2,1
HU177PS,5,2,3,3
HU177PT,45,23,22,21
HU177PU,3,1,2,2
HU177PW,5,2,3,1
HU177PX,4,3,1,1
HU177PY,21,10,11,7
HU177PZ,3,2,1,1
HU177QA,9,5,4,4
HU177QB,6,3,3,2
HU177QD,2,2,0,1
HU177QE,72,29,43,38
HU177QF,62,32,30,21
HU177QG,22,14,8,13
HU177QH,92,46,46,40
HU177QJ,87,43,44,43
HU177QL,8,4,4,6
HU177QN,136,69,67,63
HU177QP,19,10,9,8
HU177QQ,90,41,49,45
HU177QU,9,5,4,3
HU177QW,86,41,45,34
HU177QX,10,4,6,5
HU177QY,4,1,3,2
HU177QZ,9,6,3,4
HU177RA,23,12,11,10
HU177RB,31,19,12,14
HU177RF,147,68,79,59
HU177RG,10,5,5,4
HU177RH,158,67,91,58
HU177RJ,124,61,63,50
HU177RL,157,80,77,73
HU177RN,37,19,18,14
HU177RP,39,19,20,17
HU177RQ,61,27,34,23
HU177RR,84,36,48,34
HU177RS,12,5,7,7
HU177RT,9,5,4,4
HU177RU,8,4,4,3
HU177RW,68,35,33,28
HU177RX,13,7,6,4
HU177RY,17,10,7,6
HU177RZ,10,5,5,4
HU177SA,34,17,17,15
HU177SB,100,48,52,39
HU177SD,124,54,70,47
HU177SG,116,59,57,43
HU177SH,28,15,13,11
HU177SJ,22,13,9,7
HU177SN,68,31,37,26
HU177SR,6,3,3,2
HU178AA,6,4,2,3
HU178AG,9,3,6,5
HU178AP,4,2,2,2
HU178AS,40,19,21,18
HU178AX,6,1,5,3
HU178AZ,1,1,0,1
HU178BB,2,0,2,1
HU178BH,28,18,10,10
HU178BJ,21,7,14,12
HU178BL,11,4,7,5
HU178BN,9,5,4,9
HU178BQ,27,12,15,18
HU178BS,107,45,62,50
HU178BT,36,18,18,12
HU178BX,36,16,20,23
HU178BY,8,3,5,4
HU178BZ,37,16,21,18
HU178DB,6,3,3,5
HU178DD,3,3,0,1
HU178DE,45,17,28,32
HU178DF,29,14,15,12
HU178DG,24,11,13,11
HU178DH,10,5,5,6
HU178DJ,3,1,2,2
HU178DL,17,11,6,11
HU178DN,12,4,8,8
HU178DP,55,23,32,24
HU178DR,84,37,47,51
HU178DS,47,23,24,27
HU178DT,32,15,17,18
HU178DU,4,2,2,2
HU178DX,9,4,5,5
HU178DZ,21,12,9,13
HU178EE,22,14,8,9
HU178EF,1,0,1,1
HU178EG,53,26,27,22
HU178EH,50,23,27,27
HU178EJ,78,39,39,30
HU178EL,7,3,4,4
HU178EN,66,33,33,34
HU178ET,17,8,9,11
HU178EU,38,16,22,20
HU178FD,64,28,36,21
HU178FG,63,32,31,21
HU178FH,10,3,7,4
HU178FJ,10,6,4,3
HU178FL,21,10,11,5
HU178FN,30,10,20,10
HU178FP,36,19,17,9
HU178FQ,79,35,44,27
HU178FR,56,30,26,28
HU178FS,35,19,16,10
HU178GA,12,6,6,4
HU178GD,21,10,11,11
HU178GE,48,22,26,18
HU178GF,19,9,10,7
HU178HA,21,11,10,12
HU178HB,50,23,27,27
HU178HE,10,5,5,5
HU178HF,33,18,15,15
HU178HG,40,16,24,18
HU178HH,24,13,11,10
HU178HJ,15,7,8,8
HU178HN,16,8,8,8
HU178HP,78,39,39,46
HU178HQ,40,15,25,29
HU178HR,89,34,55,57
HU178HS,40,19,21,24
HU178HT,28,12,16,12
HU178HU,76,27,49,24
HU178HW,24,14,10,10
HU178HX,6,3,3,5
HU178HY,83,31,52,58
HU178HZ,21,10,11,16
HU178JA,51,27,24,25
HU178JB,42,18,24,26
HU178JD,36,18,18,19
HU178JE,24,9,15,19
HU178JG,16,9,7,8
HU178JH,39,16,23,23
HU178JL,47,22,25,22
HU178JP,15,5,10,11
HU178JQ,20,12,8,14
HU178JR,56,25,31,29
HU178JS,13,8,5,6
HU178JT,24,13,11,12
HU178JU,58,26,32,33
HU178JY,54,31,23,20
HU178LA,53,28,25,19
HU178LD,31,13,18,13
HU178LE,15,6,9,9
HU178LG,18,7,11,7
HU178LH,61,31,30,24
HU178LJ,41,20,21,17
HU178LL,65,30,35,26
HU178LN,24,12,12,12
HU178LP,44,19,25,19
HU178LR,46,21,25,17
HU178LS,24,12,12,11
HU178LT,11,5,6,4
HU178LU,5,3,2,3
HU178LX,20,12,8,12
HU178LY,31,18,13,12
HU178LZ,12,7,5,5
HU178NA,43,17,26,18
HU178NB,21,10,11,10
HU178ND,57,21,36,28
HU178NE,15,6,9,4
HU178NG,49,24,25,19
HU178NJ,56,23,33,27
HU178NL,31,18,13,12
HU178NN,54,30,24,27
HU178NP,53,27,26,19
HU178NQ,37,20,17,15
HU178NR,29,14,15,12
HU178NS,46,23,23,19
HU178NT,60,30,30,28
HU178NU,56,30,26,24
HU178NW,53,24,29,21
HU178NX,86,43,43,31
HU178NY,34,17,17,15
HU178NZ,24,8,16,18
HU178PA,31,21,10,10
HU178PD,53,24,29,27
HU178PE,125,58,67,54
HU178PF,127,64,63,56
HU178PG,68,31,37,31
HU178PH,4,3,1,1
HU178PJ,109,54,55,46
HU178PL,153,75,78,50
HU178PN,58,30,28,20
HU178PP,38,19,19,15
HU178PQ,80,40,40,39
HU178PR,81,36,45,40
HU178PS,99,49,50,56
HU178PT,42,16,26,26
HU178PU,103,50,53,33
HU178PW,11,5,6,5
HU178PX,97,49,48,37
HU178PY,13,8,5,5
HU178PZ,28,13,15,9
HU178QA,53,27,26,27
HU178QB,21,9,12,9
HU178QD,30,15,15,15
HU178QE,14,3,11,7
HU178QF,25,12,13,14
HU178QG,301,128,173,2
HU178QH,16,9,7,10
HU178QJ,14,6,8,8
HU178QL,63,28,35,29
HU178QP,30,15,15,14
HU178QQ,5,2,3,3
HU178QR,11,4,7,5
HU178QS,11,4,7,8
HU178QT,12,6,6,4
HU178QU,4,2,2,2
HU178QW,42,25,17,19
HU178QX,3,3,0,3
HU178QY,10,3,7,3
HU178RA,47,24,23,18
HU178RF,2,1,1,1
HU178RG,10,6,4,6
HU178RH,3,1,2,1
HU178RJ,13,5,8,6
HU178RN,95,35,60,15
HU178RP,13,6,7,4
HU178RR,16,5,11,8
HU178RS,6,2,4,4
HU178RT,4,3,1,2
HU178RU,7,3,4,4
HU178RW,12,4,8,6
HU178RX,74,34,40,38
HU178RY,52,22,30,27
HU178RZ,69,36,33,28
HU178SA,56,26,30,30
HU178SB,50,19,31,29
HU178SD,35,16,19,15
HU178SE,111,45,66,46
HU178SF,14,7,7,9
HU178SG,15,11,4,12
HU178SH,118,56,62,53
HU178SJ,88,40,48,41
HU178SL,74,32,42,33
HU178SN,23,12,11,13
HU178SP,48,23,25,19
HU178SQ,19,11,8,5
HU178SR,3,2,1,1
HU178SS,3,2,1,2
HU178ST,59,30,29,23
HU178SU,37,19,18,14
HU178SX,112,58,54,48
HU178SY,21,10,11,9
HU178SZ,30,14,16,11
HU178TA,3,1,2,1
HU178TB,4,2,2,1
HU178TD,3,1,2,2
HU178TE,56,30,26,28
HU178TF,53,29,24,19
HU178TG,29,13,16,10
HU178TH,32,17,15,12
HU178TJ,49,26,23,20
HU178TL,10,4,6,5
HU178TN,13,6,7,5
HU178TP,79,38,41,28
HU178TQ,31,15,16,13
HU178TR,98,47,51,37
HU178TS,56,25,31,22
HU178TT,8,3,5,5
HU178TU,26,13,13,7
HU178TW,67,38,29,25
HU178TX,7,4,3,3
HU178TY,8,3,5,4
HU178UA,34,18,16,18
HU178UB,16,7,9,6
HU178UD,16,8,8,10
HU178UE,23,14,9,10
HU178UF,65,27,38,23
HU178UG,12,6,6,9
HU178UH,22,9,13,13
HU178UJ,66,28,38,23
HU178UL,46,20,26,22
HU178UN,5,2,3,2
HU178UP,41,19,22,16
HU178UQ,206,96,110,69
HU178UR,151,70,81,56
HU178US,20,11,9,6
HU178UT,27,14,13,9
HU178UU,82,38,44,37
HU178UW,53,27,26,21
HU178UX,71,37,34,25
HU178UY,111,43,68,44
HU178UZ,144,72,72,58
HU178WA,26,13,13,11
HU178WB,67,33,34,24
HU178WD,128,63,65,48
HU178WE,73,31,42,26
HU178WF,33,21,12,13
HU178WG,37,16,21,14
HU178WH,37,20,17,14
HU178WJ,29,14,15,9
HU178XA,77,36,41,31
HU178XB,39,21,18,14
HU178XD,96,45,51,38
HU178XE,60,33,27,27
HU178XF,117,62,55,46
HU178XG,171,82,89,66
HU178XH,142,74,68,44
HU178XJ,25,13,12,9
HU178XL,112,65,47,35
HU178XN,7,3,4,4
HU178XP,47,24,23,15
HU178XQ,22,9,13,8
HU178XX,88,40,48,28
HU178XY,18,6,12,7
HU178XZ,61,26,35,19
HU178YA,206,102,104,76
HU178YB,65,34,31,24
HU178YD,53,26,27,17
HU178YE,12,7,5,5
HU178YF,31,15,16,8
HU178YG,58,27,31,20
HU178YH,19,10,9,7
HU178YP,54,26,28,22
HU179AA,4,2,2,2
HU179AG,4,3,1,3
HU179AJ,2,1,1,1
HU179AL,9,5,4,7
HU179AR,2,1,1,2
HU179AS,2,0,2,2
HU179AX,3,2,1,2
HU179AY,57,32,25,38
HU179BE,13,6,7,6
HU179BL,13,7,6,7
HU179BN,3,1,2,1
HU179BP,77,31,46,20
HU179BT,32,18,14,16
HU179BW,34,10,24,18
HU179BZ,7,3,4,5
HU179DA,64,27,37,30
HU179DB,21,8,13,10
HU179DG,14,3,11,13
HU179DH,52,25,27,15
HU179DJ,19,9,10,12
HU179DL,16,9,7,11
HU179DN,97,50,47,66
HU179DP,40,21,19,17
HU179DQ,16,5,11,11
HU179DR,7,3,4,4
HU179DS,19,10,9,6
HU179DT,74,40,34,25
HU179DU,48,24,24,21
HU179DW,142,62,80,56
HU179DY,39,18,21,12
HU179DZ,85,35,50,54
HU179EA,14,8,6,12
HU179EB,16,8,8,12
HU179ED,16,10,6,12
HU179EE,9,4,5,7
HU179EG,4,1,3,3
HU179EH,8,4,4,3
HU179EN,16,5,11,12
HU179ER,19,7,12,10
HU179ES,20,11,9,14
HU179ET,3,1,2,2
HU179EY,3,3,0,3
HU179FA,5,4,1,4
HU179FB,31,17,14,23
HU179FE,37,11,26,34
HU179FS,6,4,2,2
HU179GA,191,84,107,69
HU179GB,149,69,80,63
HU179GD,266,132,134,92
HU179GE,125,65,60,59
HU179GF,33,14,19,16
HU179GG,110,53,57,35
HU179GH,111,53,58,35
HU179GJ,224,108,116,78
HU179GL,163,78,85,54
HU179GN,38,20,18,10
HU179GP,3,2,1,2
HU179GQ,57,16,41,0
HU179GR,44,20,24,19
HU179GS,31,13,18,12
HU179GT,31,11,20,12
HU179GU,54,31,23,23
HU179GW,74,35,39,23
HU179GX,64,32,32,29
HU179GY,83,40,43,26
HU179HA,9,4,5,5
HU179HD,26,12,14,19
HU179HE,12,6,6,6
HU179HG,48,24,24,17
HU179HH,149,68,81,50
HU179HJ,45,24,21,24
HU179HL,44,25,19,22
HU179HN,107,43,64,40
HU179HQ,12,7,5,5
HU179HR,91,47,44,37
HU179HS,82,38,44,40
HU179HT,59,32,27,26
HU179HU,46,21,25,25
HU179HW,14,5,9,6
HU179HX,48,23,25,29
HU179HY,9,6,3,4
HU179HZ,38,20,18,14
HU179JA,86,39,47,38
HU179JD,118,57,61,57
HU179JE,59,26,33,23
HU179JF,75,35,40,47
HU179JG,66,33,33,27
HU179JH,118,64,54,65
HU179JJ,8,3,5,3
HU179JL,68,32,36,26
HU179JN,30,16,14,12
HU179JP,42,23,19,21
HU179JQ,27,14,13,10
HU179JR,181,84,97,69
HU179JT,40,23,17,19
HU179JU,139,70,69,58
HU179JX,62,35,27,24
HU179LA,101,50,51,47
HU179LD,13,7,6,5
HU179LE,21,9,12,13
HU179LF,46,17,29,23
HU179LG,46,17,29,20
HU179LH,64,34,30,35
HU179LN,109,59,50,43
HU179LS,11,6,5,5
HU179LW,61,30,31,28
HU179NB,28,12,16,16
HU179ND,25,11,14,15
HU179NE,25,13,12,12
HU179NG,40,20,20,16
HU179NH,26,12,14,8
HU179NJ,14,6,8,7
HU179NL,22,12,10,8
HU179NN,27,10,17,11
HU179NP,65,28,37,23
HU179NS,40,20,20,17
HU179NT,36,15,21,17
HU179NU,58,25,33,24
HU179NX,87,48,39,39
HU179NY,27,13,14,11
HU179NZ,36,15,21,18
HU179PA,45,24,21,22
HU179PB,40,19,21,21
HU179PD,56,27,29,27
HU179PE,81,39,42,39
HU179PF,16,8,8,9
HU179PG,74,38,36,36
HU179PH,62,32,30,28
HU179PJ,38,15,23,20
HU179PL,56,28,28,21
HU179PN,29,14,15,13
HU179PP,26,15,11,12
HU179PR,8,5,3,3
HU179PS,7,2,5,5
HU179PW,33,14,19,17
HU179QE,48,29,19,21
HU179QF,36,18,18,17
HU179QG,43,19,24,21
HU179QH,8,4,4,4
HU179QJ,53,26,27,24
HU179QL,30,14,16,18
HU179QN,85,43,42,33
HU179QP,96,45,51,39
HU179QR,90,49,41,31
HU179QS,67,36,31,26
HU179QT,91,44,47,41
HU179QU,64,29,35,37
HU179QX,52,23,29,26
HU179QY,9,4,5,7
HU179QZ,17,6,11,8
HU179RA,15,7,8,8
HU179RB,64,29,35,32
HU179RD,17,8,9,8
HU179RE,80,41,39,39
HU179RF,60,33,27,28
HU179RG,34,14,20,13
HU179RH,159,76,83,74
HU179RL,18,9,9,5
HU179RN,66,33,33,30
HU179RP,5,2,3,3
HU179RQ,115,58,57,39
HU179RR,64,27,37,29
HU179RS,25,14,11,10
HU179RT,125,63,62,53
HU179RU,4,2,2,2
HU179RW,132,63,69,50
HU179RX,3,2,1,1
HU179RY,12,6,6,5
HU179RZ,173,86,87,74
HU179SD,44,21,23,15
HU179SE,41,26,15,16
HU179SF,19,10,9,9
HU179SG,21,10,11,11
HU179SH,57,32,25,23
HU179SJ,6,4,2,5
HU179SL,71,37,34,29
HU179SN,2,1,1,1
HU179SQ,6,4,2,2
HU179SR,17,8,9,9
HU179SS,35,19,16,14
HU179SW,25,13,12,10
HU179SX,206,97,109,74
HU179SY,92,54,38,31
HU179SZ,20,8,12,11
HU179TA,50,22,28,13
HU179TB,150,74,76,46
HU179TD,15,7,8,5
HU179TE,27,13,14,9
HU179TF,124,60,64,39
HU179TG,55,27,28,15
HU179UJ,14,8,6,5
HU179UL,45,17,28,23
HU179UN,220,101,119,83
HU179UP,20,3,17,13
HU179UQ,84,44,40,38
HU179UR,44,22,22,21
HU179US,47,23,24,22
HU179UT,70,36,34,25
HU179UU,20,9,11,8
HU179UW,43,26,17,17
HU179UX,92,44,48,40
HU181AB,8,3,5,4
HU181AD,60,24,36,34
HU181AE,1,0,1,1
HU181AF,24,10,14,14
HU181AG,14,7,7,12
HU181AH,2,1,1,1
HU181AJ,13,5,8,8
HU181AL,46,25,21,21
HU181AN,27,14,13,12
HU181AP,14,5,9,7
HU181AQ,55,23,32,22
HU181AR,6,4,2,4
HU181AS,9,4,5,3
HU181AT,27,7,20,22
HU181AU,42,22,20,22
HU181AW,19,10,9,8
HU181AX,3,1,2,1
HU181AY,4,3,1,2
HU181AZ,11,5,6,5
HU181BA,16,9,7,9
HU181BB,4,2,2,3
HU181BD,6,4,2,4
HU181BE,6,2,4,4
HU181BF,185,88,97,68
HU181BG,22,8,14,10
HU181BH,3,1,2,2
HU181BJ,10,5,5,7
HU181BL,11,4,7,8
HU181BN,17,9,8,8
HU181BP,66,30,36,28
HU181BQ,14,5,9,8
HU181BS,29,13,16,13
HU181BT,25,12,13,9
HU181BU,4,2,2,3
HU181BW,23,5,18,20
HU181BX,155,76,79,70
HU181BY,14,9,5,6
HU181BZ,19,9,10,11
HU181DA,44,24,20,24
HU181DE,54,27,27,19
HU181DF,4,2,2,2
HU181DG,26,14,12,10
HU181DH,60,29,31,22
HU181DN,28,14,14,13
HU181DP,42,18,24,17
HU181DR,6,3,3,3
HU181DT,33,11,22,17
HU181DU,20,10,10,8
HU181DX,37,15,22,18
HU181DY,16,8,8,12
HU181DZ,24,14,10,12
HU181EA,25,13,12,15
HU181ED,23,12,11,9
HU181EE,38,16,22,19
HU181EF,36,14,22,18
HU181EG,12,6,6,4
HU181EH,10,6,4,3
HU181EJ,8,3,5,4
HU181EL,17,9,8,6
HU181EN,30,14,16,14
HU181EP,43,18,25,26
HU181EQ,57,25,32,22
HU181ER,16,8,8,10
HU181ES,61,25,36,34
HU181ET,19,10,9,8
HU181EU,48,22,26,22
HU181EW,72,38,34,35
HU181EX,40,18,22,22
HU181EY,35,19,16,13
HU181EZ,26,15,11,13
HU181GA,11,3,8,8
HU181HA,58,23,35,31
HU181HB,27,11,16,13
HU181HD,19,7,12,10
HU181HE,60,27,33,28
HU181HF,138,70,68,57
HU181HG,19,7,12,10
HU181HH,30,15,15,15
HU181HJ,53,22,31,35
HU181HL,31,12,19,9
HU181HN,27,13,14,14
HU181HQ,9,4,5,9
HU181HT,19,8,11,12
HU181HU,70,31,39,27
HU181HW,17,11,6,9
HU181HX,43,22,21,14
HU181HY,124,66,58,49
HU181HZ,135,67,68,52
HU181JA,62,29,33,24
HU181JB,70,32,38,26
HU181JD,34,14,20,12
HU181JE,28,14,14,11
HU181JF,47,23,24,23
HU181JG,75,35,40,30
HU181JH,14,10,4,5
HU181JJ,51,24,27,23
HU181JL,27,14,13,15
HU181JN,2,1,1,1
HU181JP,18,9,9,7
HU181JQ,61,34,27,24
HU181JR,2,1,1,1
HU181JU,13,5,8,8
HU181JW,45,22,23,19
HU181JX,22,11,11,13
HU181JY,4,2,2,2
HU181JZ,49,23,26,32
HU181LB,57,31,26,18
HU181LD,52,24,28,19
HU181LE,52,28,24,20
HU181LF,47,25,22,20
HU181LJ,9,5,4,5
HU181LL,42,24,18,17
HU181LN,44,18,26,25
HU181LP,38,13,25,9
HU181LS,27,14,13,11
HU181LT,9,5,4,4
HU181LU,42,19,23,22
HU181LW,55,22,33,24
HU181LX,53,25,28,27
HU181LY,6,3,3,3
HU181LZ,58,25,33,17
HU181NB,32,14,18,11
HU181ND,22,10,12,9
HU181NE,21,10,11,11
HU181NF,21,11,10,13
HU181NG,10,7,3,3
HU181NH,34,14,20,10
HU181NJ,66,26,40,17
HU181NN,6,4,2,4
HU181NQ,98,46,52,37
HU181PA,13,9,4,4
HU181PB,23,10,13,12
HU181PE,3,1,2,2
HU181PF,21,11,10,10
HU181PG,64,34,30,28
HU181PH,53,25,28,21
HU181PJ,36,16,20,21
HU181PL,12,5,7,8
HU181PN,46,23,23,24
HU181PP,7,2,5,4
HU181PQ,53,26,27,19
HU181PR,5,3,2,4
HU181PS,22,14,8,11
HU181PT,23,9,14,11
HU181PU,31,13,18,12
HU181PX,24,12,12,12
HU181PY,21,11,10,18
HU181QB,70,34,36,37
HU181QD,61,28,33,42
HU181QE,50,28,22,24
HU181QP,4,1,3,4
HU181QR,2,1,1,1
HU181QS,109,52,57,29
HU181QT,9,4,5,3
HU181QU,27,17,10,10
HU181QX,39,21,18,14
HU181QY,66,34,32,22
HU181QZ,55,26,29,26
HU181RA,102,49,53,32
HU181RB,82,40,42,33
HU181RD,14,6,8,7
HU181RE,47,21,26,24
HU181RF,28,15,13,17
HU181RH,28,15,13,12
HU181RJ,8,3,5,5
HU181RL,79,40,39,39
HU181RN,60,30,30,30
HU181RP,2,1,1,1
HU181RQ,9,4,5,3
HU181RR,43,21,22,24
HU181RS,33,16,17,18
HU181RT,48,21,27,34
HU181RW,27,12,15,16
HU181RY,41,18,23,22
HU181RZ,31,12,19,13
HU181SG,26,14,12,8
HU181SH,17,11,6,6
HU181SJ,41,20,21,10
HU181SL,19,7,12,6
HU181SN,63,29,34,26
HU181SP,65,34,31,24
HU181SQ,34,17,17,14
HU181SR,60,26,34,25
HU181SS,97,49,48,36
HU181ST,62,22,40,30
HU181SU,43,22,21,16
HU181SW,35,18,17,12
HU181SX,50,27,23,18
HU181SY,83,35,48,37
HU181SZ,46,17,29,26
HU181TA,41,20,21,20
HU181TB,36,15,21,14
HU181TD,18,7,11,8
HU181TE,37,18,19,14
HU181TF,96,48,48,39
HU181TH,9,4,5,3
HU181TN,60,32,28,22
HU181TP,40,19,21,18
HU181TQ,25,11,14,13
HU181TR,185,87,98,90
HU181TS,151,79,72,61
HU181TT,18,8,10,12
HU181TU,22,10,12,9
HU181TW,45,17,28,16
HU181TX,57,26,31,23
HU181TY,25,12,13,10
HU181UA,164,84,80,65
HU181UB,9,6,3,6
HU181UE,51,31,20,20
HU181UF,21,10,11,8
HU181UG,72,35,37,36
HU181UH,44,20,24,15
HU181UJ,19,12,7,9
HU181UL,49,24,25,21
HU181UN,8,3,5,6
HU181UP,41,22,19,21
HU181UQ,68,34,34,34
HU181UR,20,12,8,8
HU181US,57,31,26,30
HU181UW,55,26,29,27
HU181XA,6,5,1,2
HU181XG,63,33,30,27
HU181XH,32,20,12,12
HU181XN,7,3,4,2
HU181XP,55,34,21,2
HU181XQ,7,5,2,2
HU181XR,32,14,18,11
HU181XS,14,5,9,5
HU181XU,15,9,6,7
HU181XX,14,9,5,8
HU181XY,4,2,2,1
HU192AA,42,21,21,23
HU192AB,130,64,66,48
HU192AD,40,17,23,16
HU192AE,22,15,7,9
HU192AF,33,17,16,13
HU192AH,22,9,13,7
HU192AJ,37,15,22,16
HU192AL,34,19,15,13
HU192AN,10,6,4,6
HU192AP,41,22,19,16
HU192AQ,20,12,8,11
HU192AR,65,31,34,30
HU192AS,11,3,8,6
HU192AT,84,45,39,31
HU192AU,64,28,36,30
HU192AW,79,39,40,33
HU192AX,70,39,31,31
HU192AY,125,60,65,49
HU192AZ,61,29,32,32
HU192BA,101,48,53,35
HU192BB,137,64,73,76
HU192BH,14,4,10,6
HU192BT,118,63,55,44
HU192BU,56,29,27,2
HU192BX,41,19,22,11
HU192BY,7,3,4,3
HU192BZ,45,23,22,18
HU192DA,5,2,3,2
HU192DB,17,9,8,6
HU192DD,10,6,4,5
HU192DJ,49,22,27,25
HU192DL,8,6,2,4
HU192DN,3,2,1,2
HU192DP,41,21,20,19
HU192DR,25,13,12,12
HU192DS,7,4,3,3
HU192DT,126,68,58,54
HU192DU,68,37,31,24
HU192DW,51,23,28,28
HU192DX,48,20,28,23
HU192DY,76,41,35,26
HU192DZ,52,25,27,18
HU192EA,76,39,37,35
HU192EB,102,50,52,42
HU192ED,3,2,1,2
HU192EE,92,47,45,32
HU192EF,6,3,3,4
HU192EG,31,15,16,13
HU192EH,12,7,5,4
HU192EJ,16,11,5,6
HU192EL,48,22,26,20
HU192EN,50,22,28,21
HU192EP,64,36,28,32
HU192ER,70,37,33,34
HU192ES,38,20,18,11
HU192ET,20,9,11,11
HU192EW,131,67,64,61
HU192EX,48,21,27,16
HU192EY,23,9,14,11
HU192GA,5,2,3,3
HU192GB,3,2,1,3
HU192GY,17,9,8,9
HU192HA,2,0,2,1
HU192HB,19,10,9,10
HU192HD,36,18,18,15
HU192HE,19,6,13,11
HU192HF,27,14,13,14
HU192HH,52,34,18,26
HU192HL,98,51,47,32
HU192HN,49,26,23,15
HU192HP,45,19,26,19
HU192HQ,18,7,11,17
HU192HR,89,46,43,32
HU192HS,28,13,15,9
HU192HT,19,9,10,7
HU192HU,124,65,59,50
HU192HW,35,19,16,19
HU192HX,89,45,44,37
HU192HY,13,8,5,6
HU192HZ,80,40,40,35
HU192JA,86,49,37,38
HU192JB,7,4,3,5
HU192JD,17,9,8,12
HU192JE,19,11,8,9
HU192JL,56,25,31,29
HU192JN,21,11,10,16
HU192JR,21,14,7,7
HU192JT,53,13,40,9
HU192JU,75,41,34,33
HU192JX,53,25,28,24
HU192JY,19,10,9,8
HU192JZ,87,33,54,45
HU192LA,68,31,37,30
HU192LB,53,22,31,30
HU192LD,63,28,35,30
HU192LE,61,29,32,32
HU192LF,27,15,12,20
HU192LG,28,16,12,8
HU192LH,62,26,36,16
HU192LJ,62,34,28,22
HU192LL,35,20,15,18
HU192LN,74,35,39,33
HU192LP,67,38,29,29
HU192LQ,37,14,23,24
HU192LR,26,15,11,11
HU192LS,81,41,40,42
HU192LT,20,12,8,8
HU192LU,38,21,17,16
HU192LX,73,29,44,30
HU192LY,76,38,38,32
HU192LZ,62,32,30,33
HU192NA,14,5,9,6
HU192NL,13,5,8,8
HU192NP,3,2,1,3
HU192NR,11,6,5,4
HU192NS,21,11,10,10
HU192NT,55,24,31,16
HU192NW,66,32,34,17
HU192NX,35,16,19,19
HU192NY,102,48,54,50
HU192NZ,26,14,12,11
HU192PA,72,32,40,36
HU192PB,60,30,30,24
HU192PD,19,11,8,8
HU192PE,56,26,30,28
HU192PF,11,5,6,8
HU192PG,105,55,50,43
HU192PH,14,7,7,7
HU192PJ,61,27,34,31
HU192PL,82,44,38,37
HU192PP,49,26,23,29
HU192PQ,13,8,5,5
HU192PR,38,18,20,21
HU192PY,50,26,24,21
HU192QD,113,66,47,47
HU192QE,6,3,3,2
HU192QG,3,2,1,2
HU192QH,56,32,24,27
HU192QJ,10,5,5,5
HU192QL,7,3,4,3
HU192QN,37,17,20,15
HU192QP,38,18,20,16
HU192QQ,29,16,13,11
HU192QR,47,23,24,18
HU192QS,46,26,20,19
HU192QT,13,7,6,3
HU192QU,4,2,2,2
HU192QW,17,8,9,8
HU192QX,4,2,2,2
HU192QY,6,2,4,2
HU192QZ,33,21,12,14
HU192RA,16,8,8,6
HU192RB,5,1,4,4
HU192RD,16,8,8,5
HU192RE,17,6,11,7
HU192RS,117,60,57,46
HU192RT,8,3,5,3
HU192RU,8,3,5,4
HU192RX,3,2,1,2
HU192RY,10,5,5,3
HU192RZ,5,3,2,2
HU192SA,6,3,3,3
HU192SB,30,12,18,13
HU192SD,9,6,3,4
HU192SE,4,2,2,2
HU192SF,7,4,3,2
HU192SG,14,9,5,7
HU192SH,3,2,1,1
HU192SL,25,10,15,17
HU192SQ,8,5,3,3
HU192TG,45,21,24,26
HU2 0AJ,107,56,51,54
HU2 0AN,62,31,31,27
HU2 0AQ,5,3,2,2
HU2 0AT,88,51,37,43
HU2 0BA,104,54,50,35
HU2 0BB,87,49,38,42
HU2 0BD,41,14,27,18
HU2 0BE,50,22,28,24
HU2 0BG,87,48,39,50
HU2 0BQ,82,44,38,36
HU2 0DG,53,28,25,27
HU2 0DH,54,25,29,24
HU2 0DT,36,19,17,16
HU2 0DU,112,58,54,42
HU2 0DX,23,11,12,14
HU2 0DY,55,29,26,27
HU2 0DZ,66,37,29,38
HU2 0LB,20,10,10,16
HU2 0LL,16,11,5,1
HU2 0LR,68,38,30,56
HU2 0PA,4,3,1,3
HU2 0PP,6,4,2,2
HU2 8AA,23,15,8,10
HU2 8AE,33,15,18,0
HU2 8AF,46,22,24,38
HU2 8AH,16,6,10,7
HU2 8AL,9,8,1,9
HU2 8AN,9,7,2,4
HU2 8AP,32,20,12,19
HU2 8AR,3,1,2,1
HU2 8AU,64,48,16,40
HU2 8AW,29,19,10,17
HU2 8AX,41,26,15,19
HU2 8AY,55,30,25,32
HU2 8AZ,104,70,34,59
HU2 8BD,45,30,15,21
HU2 8BE,19,8,11,15
HU2 8BG,6,3,3,4
HU2 8BL,19,11,8,15
HU2 8BT,14,6,8,6
HU2 8DA,1,1,0,0
HU2 8DE,12,4,8,5
HU2 8DF,9,5,4,7
HU2 8DG,40,21,19,27
HU2 8DH,28,19,9,15
HU2 8DL,7,4,3,6
HU2 8DQ,1,0,1,1
HU2 8DR,22,16,6,12
HU2 8DT,6,3,3,4
HU2 8DW,1,1,0,1
HU2 8DZ,10,7,3,7
HU2 8EA,13,8,5,8
HU2 8EB,5,3,2,4
HU2 8EF,2,0,2,1
HU2 8EP,9,8,1,8
HU2 8GA,46,22,24,29
HU2 8HD,3,3,0,3
HU2 8HE,69,41,28,51
HU2 8HH,1,0,1,1
HU2 8HL,4,3,1,3
HU2 8HP,11,7,4,6
HU2 8HU,54,29,25,35
HU2 8HZ,66,41,25,43
HU2 8JL,51,39,12,42
HU2 8JR,68,36,32,40
HU2 8JS,48,31,17,34
HU2 8JX,1,0,1,1
HU2 8LD,9,5,4,6
HU2 8LN,2,2,0,0
HU2 8NR,17,12,5,9
HU2 8NY,55,33,22,36
HU2 8QL,1,1,0,1
HU2 8RA,5,2,3,2
HU2 8RB,6,3,3,4
HU2 8RD,144,93,51,68
HU2 8RR,33,24,9,23
HU2 8SH,2,1,1,2
HU2 8TA,43,23,20,26
HU2 8TB,67,32,35,26
HU2 8TJ,16,10,6,10
HU2 9AA,43,24,19,20
HU2 9AB,24,17,7,12
HU2 9AE,36,20,16,27
HU2 9AF,7,2,5,7
HU2 9AN,3,3,0,2
HU2 9AP,47,18,29,22
HU2 9AY,6,4,2,6
HU2 9BB,29,16,13,16
HU2 9BE,110,65,45,69
HU2 9BH,10,5,5,4
HU2 9BJ,12,6,6,6
HU2 9BL,62,30,32,31
HU2 9BP,63,29,34,20
HU2 9BW,3,1,2,2
HU2 9BX,26,13,13,13
HU2 9DA,34,17,17,20
HU2 9JH,98,53,45,37
HU2 9JJ,78,45,33,42
HU2 9JP,37,20,17,11
HU2 9JR,40,20,20,32
HU2 9LE,68,29,39,33
HU2 9LG,73,35,38,31
HU2 9LP,98,52,46,45
HU2 9LW,41,19,22,18
HU2 9PA,29,17,12,10
HU2 9PB,79,36,43,41
HU2 9PD,78,37,41,45
HU2 9PE,74,39,35,37
HU2 9PF,9,3,6,4
HU2 9PG,12,4,8,6
HU2 9PR,24,15,9,11
HU203UA,19,11,8,7
HU203UJ,10,4,6,5
HU203UL,42,18,24,14
HU203UN,4,2,2,2
HU203UP,3,2,1,2
HU203UQ,56,24,32,23
HU203UR,25,13,12,10
HU203US,79,37,42,36
HU203UT,33,17,16,13
HU203UU,74,33,41,34
HU203UW,5,2,3,2
HU203UX,85,44,41,32
HU203UY,7,3,4,4
HU203UZ,7,4,3,3
HU203XA,39,17,22,22
HU203XB,32,17,15,12
HU203XD,47,22,25,27
HU203XE,47,9,38,7
HU203XF,8,4,4,5
HU203XG,74,34,40,24
HU203XH,71,35,36,33
HU203XJ,13,6,7,7
HU203XL,12,5,7,6
HU203XN,21,12,9,12
HU203XP,21,9,12,6
HU203XQ,38,20,18,15
HU203XR,14,7,7,8
HU203XS,9,6,3,3
HU203XT,5,2,3,1
HU203XU,24,13,11,8
HU203XW,12,6,6,5
HU203XX,10,5,5,4
HU3 1AB,74,47,27,42
HU3 1AF,2,2,0,2
HU3 1AG,82,55,27,53
HU3 1AL,12,7,5,9
HU3 1AN,98,51,47,56
HU3 1AP,14,9,5,8
HU3 1AT,45,19,26,24
HU3 1AW,9,5,4,3
HU3 1BH,12,7,5,8
HU3 1BL,17,10,7,8
HU3 1BN,8,7,1,8
HU3 1BU,44,26,18,18
HU3 1BX,90,43,47,36
HU3 1DA,101,48,53,50
HU3 1DF,73,37,36,37
HU3 1DP,27,12,15,12
HU3 1DR,76,36,40,43
HU3 1DS,10,4,6,7
HU3 1DU,73,38,35,28
HU3 1DX,120,62,58,49
HU3 1EJ,5,3,2,3
HU3 1EN,16,9,7,12
HU3 1HS,23,13,10,7
HU3 1JS,87,41,46,40
HU3 1JT,86,45,41,38
HU3 1JU,56,33,23,29
HU3 1JX,58,33,25,23
HU3 1JY,62,28,34,20
HU3 1JZ,62,37,25,36
HU3 1LA,73,42,31,32
HU3 1LB,58,29,29,22
HU3 1LD,134,69,65,61
HU3 1LE,56,29,27,25
HU3 1LF,68,41,27,37
HU3 1LH,49,33,16,20
HU3 1LJ,46,26,20,25
HU3 1LL,58,27,31,22
HU3 1LN,20,11,9,7
HU3 1LP,9,5,4,3
HU3 1LQ,72,36,36,16
HU3 1LS,26,13,13,15
HU3 1LU,20,12,8,12
HU3 1LY,162,104,58,86
HU3 1LZ,92,56,36,41
HU3 1NA,28,16,12,9
HU3 1ND,62,36,26,23
HU3 1NE,64,32,32,38
HU3 1NG,20,11,9,7
HU3 1NJ,15,10,5,9
HU3 1NP,19,10,9,12
HU3 1NR,5,3,2,4
HU3 1NS,135,72,63,58
HU3 1NT,105,53,52,39
HU3 1NU,14,9,5,9
HU3 1NX,23,14,9,8
HU3 1NY,17,6,11,7
HU3 1NZ,20,13,7,8
HU3 1PA,20,16,4,8
HU3 1PB,21,8,13,8
HU3 1PD,15,11,4,6
HU3 1PE,16,10,6,7
HU3 1PF,19,6,13,8
HU3 1PG,13,7,6,8
HU3 1PH,4,2,2,3
HU3 1PJ,111,66,45,64
HU3 1PL,93,59,34,60
HU3 1PN,121,66,55,76
HU3 1PP,118,66,52,49
HU3 1PR,127,73,54,70
HU3 1PS,118,77,41,66
HU3 1QH,28,18,10,15
HU3 1QJ,11,9,2,8
HU3 1QL,195,137,58,97
HU3 1QN,34,21,13,22
HU3 1QQ,14,9,5,12
HU3 1QR,195,114,81,118
HU3 1QS,64,40,24,27
HU3 1QU,60,33,27,29
HU3 1QW,71,44,27,49
HU3 1RB,65,41,24,35
HU3 1RD,104,58,46,49
HU3 1RE,37,17,20,17
HU3 1RF,153,93,60,78
HU3 1RG,109,74,35,49
HU3 1RJ,77,34,43,34
HU3 1RN,6,4,2,4
HU3 1RP,35,15,20,17
HU3 1RQ,8,6,2,6
HU3 1RS,85,43,42,30
HU3 1RU,15,8,7,7
HU3 1RZ,33,21,12,22
HU3 1SA,79,44,35,40
HU3 1SG,11,7,4,7
HU3 1SH,48,20,28,46
HU3 1SJ,40,23,17,20
HU3 1SQ,24,11,13,13
HU3 1SS,64,40,24,42
HU3 1ST,54,22,32,26
HU3 1SU,33,18,15,15
HU3 1SW,25,14,11,12
HU3 1SY,89,49,40,37
HU3 1TA,31,14,17,15
HU3 1TE,14,6,8,7
HU3 1TF,19,7,12,8
HU3 1TG,21,10,11,12
HU3 1TH,45,25,20,23
HU3 1TQ,18,10,8,7
HU3 1TS,28,15,13,16
HU3 1TY,2,1,1,1
HU3 1UD,68,53,15,37
HU3 1UF,32,16,16,17
HU3 1UG,33,20,13,15
HU3 1UP,16,7,9,5
HU3 1UT,63,38,25,28
HU3 1UU,180,89,91,59
HU3 1UX,6,6,0,6
HU3 1XH,21,10,11,10
HU3 1XL,1,1,0,1
HU3 1XR,15,10,5,11
HU3 1YA,16,7,9,11
HU3 1YD,57,35,22,33
HU3 1YE,28,18,10,12
HU3 2AA,13,11,2,12
HU3 2AB,2,2,0,0
HU3 2BT,11,8,3,7
HU3 2DF,2,2,0,0
HU3 2DH,6,6,0,6
HU3 2DT,2,2,0,2
HU3 2EB,70,42,28,55
HU3 2ED,74,49,25,56
HU3 2EE,86,45,41,62
HU3 2EF,71,42,29,60
HU3 2EG,66,46,20,56
HU3 2EJ,12,8,4,10
HU3 2EL,32,17,15,17
HU3 2EP,42,12,30,0
HU3 2EW,20,17,3,15
HU3 2EX,41,23,18,24
HU3 2EY,32,19,13,18
HU3 2EZ,38,17,21,19
HU3 2HA,32,15,17,14
HU3 2HB,1,1,0,1
HU3 2HD,17,11,6,9
HU3 2HF,12,7,5,9
HU3 2HG,92,44,48,63
HU3 2HJ,20,13,7,14
HU3 2HL,26,13,13,14
HU3 2HN,41,18,23,13
HU3 2HP,48,34,14,39
HU3 2HQ,5,3,2,2
HU3 2HR,55,36,19,45
HU3 2HS,31,17,14,16
HU3 2HT,16,10,6,11
HU3 2JZ,11,7,4,10
HU3 2LN,68,31,37,26
HU3 2LP,7,2,5,5
HU3 2LR,10,4,6,6
HU3 2LS,79,56,23,55
HU3 2LT,71,49,22,54
HU3 2LU,74,52,22,52
HU3 2LX,67,48,19,51
HU3 2LY,73,49,24,53
HU3 2LZ,74,42,32,53
HU3 2NA,53,27,26,17
HU3 2NB,31,13,18,16
HU3 2ND,76,42,34,19
HU3 2NE,158,84,74,58
HU3 2NJ,73,39,34,38
HU3 2NL,13,10,3,12
HU3 2NS,19,11,8,11
HU3 2PA,1,1,0,1
HU3 2PB,54,44,10,12
HU3 2PD,124,63,61,57
HU3 2PE,27,16,11,20
HU3 2PF,40,23,17,23
HU3 2PG,1,1,0,1
HU3 2PH,29,20,9,27
HU3 2PJ,23,14,9,12
HU3 2PL,9,4,5,5
HU3 2PN,32,16,16,17
HU3 2PP,14,6,8,5
HU3 2PR,7,5,2,4
HU3 2PS,3,3,0,3
HU3 2PT,29,17,12,17
HU3 2PU,15,6,9,5
HU3 2PW,23,18,5,21
HU3 2PX,42,24,18,21
HU3 2PY,43,20,23,23
HU3 2PZ,13,4,9,5
HU3 2QB,11,5,6,3
HU3 2QE,12,7,5,8
HU3 2QG,29,18,11,14
HU3 2QH,33,18,15,13
HU3 2QJ,40,20,20,19
HU3 2QL,44,20,24,18
HU3 2QN,24,11,13,10
HU3 2QP,33,23,10,27
HU3 2QQ,9,4,5,0
HU3 2QT,51,22,29,26
HU3 2QU,47,23,24,35
HU3 2QX,14,5,9,6
HU3 2QY,51,23,28,28
HU3 2QZ,65,35,30,27
HU3 2RA,44,24,20,21
HU3 2RB,67,40,27,31
HU3 2RD,69,37,32,35
HU3 2RF,53,30,23,18
HU3 2SA,57,24,33,19
HU3 2SB,61,46,15,29
HU3 2SE,22,16,6,11
HU3 2SF,190,124,66,115
HU3 2SG,151,86,65,84
HU3 2SH,68,39,29,34
HU3 2SJ,140,82,58,82
HU3 2SL,108,50,58,39
HU3 2SP,30,16,14,14
HU3 2SQ,103,64,39,68
HU3 2SW,36,20,16,29
HU3 2SY,38,19,19,17
HU3 2SZ,115,56,59,46
HU3 2TA,81,37,44,38
HU3 2TE,88,62,26,55
HU3 2TF,109,58,51,56
HU3 2TG,81,43,38,35
HU3 2TH,14,5,9,7
HU3 2TJ,9,5,4,6
HU3 2TL,25,13,12,10
HU3 2TN,18,11,7,6
HU3 2TP,19,7,12,7
HU3 2TQ,22,10,12,10
HU3 2TR,36,17,19,13
HU3 2TS,74,37,37,27
HU3 2TT,146,81,65,53
HU3 2TU,96,46,50,38
HU3 2TW,22,9,13,11
HU3 2TX,111,54,57,38
HU3 2TY,111,49,62,33
HU3 2TZ,86,53,33,32
HU3 2UA,116,60,56,39
HU3 2UB,76,39,37,30
HU3 2UD,112,56,56,49
HU3 2UE,96,50,46,58
HU3 2UG,17,10,7,13
HU3 3AD,21,13,8,7
HU3 3AF,48,25,23,18
HU3 3AG,37,14,23,4
HU3 3AN,28,15,13,14
HU3 3AP,16,7,9,7
HU3 3AQ,72,36,36,28
HU3 3AR,18,10,8,11
HU3 3AS,33,23,10,31
HU3 3AU,15,10,5,8
HU3 3AW,34,19,15,12
HU3 3AX,16,8,8,9
HU3 3BA,31,14,17,13
HU3 3BB,31,16,15,13
HU3 3BD,42,25,17,15
HU3 3BE,22,14,8,13
HU3 3BH,29,19,10,16
HU3 3BJ,50,23,27,24
HU3 3BL,17,9,8,6
HU3 3BZ,7,3,4,3
HU3 3DA,45,18,27,13
HU3 3DB,2,1,1,2
HU3 3DF,79,39,40,38
HU3 3DL,87,40,47,33
HU3 3DN,37,21,16,12
HU3 3DP,94,42,52,23
HU3 3DW,59,36,23,17
HU3 3EA,1,1,0,1
HU3 3ED,70,39,31,23
HU3 3EG,12,6,6,5
HU3 3EJ,93,46,47,49
HU3 3EL,17,9,8,12
HU3 3EP,12,7,5,7
HU3 3EQ,53,27,26,30
HU3 3ES,55,29,26,28
HU3 3ET,146,71,75,61
HU3 3EZ,12,6,6,7
HU3 3HF,45,21,24,22
HU3 3HJ,57,31,26,24
HU3 3HN,53,28,25,25
HU3 3HP,55,30,25,29
HU3 3HR,7,5,2,4
HU3 3HS,8,5,3,7
HU3 3HT,14,8,6,7
HU3 3HU,12,7,5,8
HU3 3HW,12,7,5,6
HU3 3HX,85,37,48,44
HU3 3HY,10,2,8,5
HU3 3HZ,9,6,3,7
HU3 3JA,10,4,6,8
HU3 3JB,120,60,60,56
HU3 3JD,53,30,23,27
HU3 3JG,6,3,3,5
HU3 3JH,12,7,5,9
HU3 3JJ,50,24,26,23
HU3 3JL,10,3,7,6
HU3 3JN,66,27,39,29
HU3 3JP,7,4,3,3
HU3 3JQ,2,1,1,1
HU3 3JR,16,4,12,8
HU3 3JS,14,3,11,9
HU3 3JT,6,2,4,4
HU3 3JU,24,11,13,12
HU3 3JW,13,4,9,9
HU3 3JX,8,2,6,4
HU3 3LB,13,8,5,10
HU3 3LD,3,2,1,2
HU3 3LE,5,2,3,4
HU3 3NR,120,56,64,51
HU3 3NT,61,25,36,26
HU3 3PB,93,44,49,24
HU3 3PE,83,38,45,34
HU3 3PF,48,20,28,20
HU3 3PN,5,2,3,4
HU3 3PP,5,1,4,4
HU3 3PQ,22,10,12,10
HU3 3PR,119,58,61,43
HU3 3PS,85,37,48,36
HU3 3PT,49,21,28,24
HU3 3PU,47,23,24,26
HU3 3PX,61,26,35,24
HU3 3PY,21,11,10,13
HU3 3QA,35,16,19,12
HU3 3QB,29,15,14,15
HU3 3QD,23,12,11,9
HU3 3QE,124,66,58,50
HU3 3QG,89,41,48,41
HU3 3QH,78,37,41,33
HU3 3QJ,13,6,7,7
HU3 3QN,13,8,5,10
HU3 3QP,18,7,11,12
HU3 3QQ,110,59,51,60
HU3 3QR,38,23,15,27
HU3 3QS,36,20,16,26
HU3 3QT,86,42,44,37
HU3 3QU,36,15,21,15
HU3 3RA,2,0,2,2
HU3 3SA,132,64,68,60
HU3 3SB,9,5,4,3
HU3 3SD,8,4,4,7
HU3 3SE,1,0,1,1
HU3 3SF,13,6,7,9
HU3 3SG,24,15,9,13
HU3 3SH,21,9,12,9
HU3 3SJ,16,8,8,6
HU3 3SL,15,8,7,4
HU3 3SN,31,18,13,14
HU3 3SP,2,1,1,1
HU3 3SQ,108,51,57,38
HU3 3ST,40,9,31,32
HU3 3SW,23,11,12,2
HU3 3TP,68,35,33,28
HU3 4BE,9,4,5,4
HU3 4BJ,1,1,0,1
HU3 4BL,8,4,4,4
HU3 4BQ,3,2,1,2
HU3 4DA,28,14,14,26
HU3 4DL,1,0,1,1
HU3 4EH,1,1,0,1
HU3 4EJ,10,7,3,6
HU3 4SA,2,2,0,1
HU3 4UD,2,2,0,2
HU3 5AB,31,18,13,14
HU3 5AD,23,13,10,14
HU3 5AE,20,7,13,12
HU3 5AF,33,17,16,17
HU3 5AG,26,14,12,10
HU3 5AH,25,14,11,10
HU3 5AJ,30,12,18,14
HU3 5AN,46,22,24,14
HU3 5AP,23,12,11,13
HU3 5AQ,21,8,13,10
HU3 5AR,27,15,12,14
HU3 5AS,10,5,5,9
HU3 5AT,7,4,3,6
HU3 5AU,41,20,21,20
HU3 5AW,8,6,2,8
HU3 5AX,9,3,6,3
HU3 5AY,27,12,15,15
HU3 5BL,4,2,2,3
HU3 5BQ,7,5,2,3
HU3 5DB,41,22,19,27
HU3 5DD,25,12,13,13
HU3 5DG,18,10,8,12
HU3 5DH,28,15,13,22
HU3 5DJ,68,31,37,26
HU3 5DQ,14,7,7,8
HU3 5DR,7,3,4,5
HU3 5DT,64,32,32,24
HU3 5DW,78,33,45,32
HU3 5EA,35,13,22,28
HU3 5EF,17,9,8,8
HU3 5EL,11,5,6,7
HU3 5JU,10,6,4,6
HU3 5LA,20,9,11,9
HU3 5LE,93,45,48,40
HU3 5LF,95,46,49,41
HU3 5LJ,7,4,3,5
HU3 5LW,134,56,78,66
HU3 5LX,2,1,1,1
HU3 5ND,19,10,9,11
HU3 5PA,66,37,29,30
HU3 5PB,40,19,21,17
HU3 5PD,14,7,7,5
HU3 5PE,8,4,4,6
HU3 5PF,13,9,4,7
HU3 5PH,30,15,15,12
HU3 5PJ,44,23,21,18
HU3 5PL,15,10,5,6
HU3 5PN,1,0,1,1
HU3 5PP,8,3,5,5
HU3 5PQ,14,6,8,8
HU3 5PR,14,6,8,7
HU3 5PS,146,71,75,60
HU3 5PT,11,6,5,8
HU3 5PW,9,6,3,7
HU3 5QE,50,14,36,1
HU3 5QF,12,8,4,10
HU3 5QH,44,20,24,27
HU3 5QN,30,17,13,15
HU3 5QP,81,41,40,36
HU3 5QQ,31,12,19,20
HU3 5QR,3,2,1,3
HU3 5QS,19,11,8,7
HU3 5RA,10,5,5,4
HU3 5RB,9,5,4,3
HU3 5RQ,16,8,8,7
HU3 5RS,1,0,1,1
HU3 5RT,1,1,0,1
HU3 5RX,4,2,2,3
HU3 5RZ,4,2,2,1
HU3 6AB,53,30,23,28
HU3 6AG,56,26,30,23
HU3 6AH,102,57,45,38
HU3 6AJ,17,7,10,8
HU3 6AL,14,9,5,7
HU3 6AN,20,8,12,10
HU3 6AP,11,8,3,10
HU3 6AQ,13,6,7,4
HU3 6AT,49,27,22,26
HU3 6AX,23,7,16,10
HU3 6AY,4,3,1,3
HU3 6AZ,13,8,5,9
HU3 6BA,10,4,6,5
HU3 6BB,74,39,35,24
HU3 6BE,63,37,26,26
HU3 6BG,63,32,31,24
HU3 6BH,72,36,36,26
HU3 6BJ,41,16,25,21
HU3 6BL,26,12,14,13
HU3 6BN,46,26,20,18
HU3 6BS,60,28,32,25
HU3 6BU,140,69,71,62
HU3 6BW,13,6,7,6
HU3 6BX,124,60,64,46
HU3 6BY,141,66,75,57
HU3 6BZ,46,29,17,18
HU3 6DD,21,11,10,10
HU3 6DE,37,19,18,17
HU3 6DF,4,2,2,2
HU3 6DG,4,1,3,2
HU3 6DJ,12,8,4,4
HU3 6DL,12,8,4,7
HU3 6DQ,12,6,6,3
HU3 6DT,14,11,3,10
HU3 6EA,102,52,50,45
HU3 6EB,97,57,40,42
HU3 6ED,40,28,12,27
HU3 6EE,27,18,9,13
HU3 6EF,20,12,8,10
HU3 6EG,39,18,21,22
HU3 6EJ,124,62,62,36
HU3 6EL,14,6,8,6
HU3 6EN,24,16,8,18
HU3 6EP,11,10,1,11
HU3 6ES,131,71,60,49
HU3 6ET,128,62,66,49
HU3 6EU,10,3,7,5
HU3 6EX,12,4,8,7
HU3 6EY,22,10,12,8
HU3 6HA,17,8,9,7
HU3 6HB,9,5,4,7
HU3 6HD,3,2,1,2
HU3 6HE,4,3,1,2
HU3 6HF,6,3,3,3
HU3 6HG,55,25,30,24
HU3 6HH,13,5,8,7
HU3 6HJ,10,3,7,5
HU3 6HL,4,3,1,3
HU3 6HN,15,7,8,8
HU3 6HP,10,8,2,8
HU3 6HQ,18,9,9,9
HU3 6HR,87,46,41,27
HU3 6HS,102,53,49,40
HU3 6JA,3,2,1,1
HU3 6JB,11,6,5,7
HU3 6JG,37,17,20,27
HU3 6JP,33,13,20,15
HU3 6JR,59,29,30,25
HU3 6JT,14,7,7,11
HU3 6LB,27,16,11,13
HU3 6LD,36,20,16,15
HU3 6LE,44,23,21,20
HU3 6LF,11,7,4,5
HU3 6LG,13,6,7,6
HU3 6LH,91,45,46,40
HU3 6LJ,60,33,27,24
HU3 6LN,71,32,39,27
HU3 6NA,41,20,21,12
HU3 6NB,26,16,10,11
HU3 6ND,14,6,8,7
HU3 6NE,38,17,21,25
HU3 6NF,11,4,7,6
HU3 6NG,12,7,5,6
HU3 6NH,18,8,10,10
HU3 6NL,37,19,18,12
HU3 6NN,21,10,11,19
HU3 6NP,29,14,15,17
HU3 6NQ,25,13,12,11
HU3 6NR,23,12,11,11
HU3 6NS,17,9,8,5
HU3 6NT,25,17,8,19
HU3 6PA,104,61,43,35
HU3 6PB,2,1,1,1
HU3 6PF,115,66,49,46
HU3 6PG,77,49,28,37
HU3 6PH,64,32,32,27
HU3 6PL,36,20,16,16
HU3 6PN,44,19,25,21
HU3 6PP,41,24,17,18
HU3 6PQ,56,27,29,22
HU3 6PR,32,14,18,18
HU3 6PT,10,5,5,3
HU3 6PU,26,15,11,16
HU3 6PW,21,14,7,18
HU3 6PX,55,29,26,20
HU3 6PY,27,11,16,17
HU3 6PZ,42,24,18,29
HU3 6QA,99,52,47,39
HU3 6QD,51,23,28,18
HU3 6QE,102,40,62,29
HU3 6QF,80,40,40,44
HU3 6QG,73,40,33,28
HU3 6QP,64,46,18,50
HU3 6QQ,41,24,17,16
HU3 6QR,22,14,8,10
HU3 6QT,31,18,13,13
HU3 6QU,204,96,108,62
HU3 6QX,158,76,82,59
HU3 6QY,130,63,67,53
HU3 6QZ,141,71,70,56
HU3 6RA,36,18,18,13
HU3 6RB,83,40,43,25
HU3 6RD,95,46,49,36
HU3 6RE,37,21,16,16
HU3 6RF,43,21,22,21
HU3 6RG,68,46,22,29
HU3 6RH,42,21,21,16
HU3 6RJ,31,15,16,16
HU3 6RL,14,8,6,8
HU3 6RN,18,9,9,8
HU3 6RP,11,5,6,7
HU3 6RQ,97,51,46,35
HU3 6RR,15,7,8,7
HU3 6RS,14,8,6,8
HU3 6RT,15,11,4,8
HU3 6RU,9,6,3,6
HU3 6RW,10,6,4,7
HU3 6RX,6,3,3,3
HU3 6RY,15,8,7,8
HU3 6RZ,17,10,7,10
HU3 6SA,13,9,4,8
HU3 6SB,19,10,9,9
HU3 6SH,35,23,12,19
HU3 6SL,60,32,28,29
HU3 6SP,21,8,13,7
HU3 6SR,16,8,8,7
HU3 6SS,14,7,7,9
HU3 6ST,13,8,5,11
HU3 6SU,21,14,7,14
HU3 6SW,4,2,2,3
HU3 6SX,2,1,1,2
HU3 6SY,28,12,16,15
HU3 6SZ,11,7,4,7
HU3 6TA,5,3,2,5
HU3 6TB,132,65,67,49
HU3 6TF,117,58,59,48
HU3 6TG,80,41,39,29
HU3 6TH,77,39,38,30
HU3 6TL,70,39,31,28
HU3 6TN,66,31,35,25
HU3 6TP,115,62,53,42
HU3 6TR,108,51,57,44
HU3 6UA,43,19,24,17
HU3 6UD,105,50,55,42
HU3 6UF,103,51,52,48
HU3 6UL,44,23,21,18
HU3 6UU,16,9,7,9
HU3 6UZ,37,15,22,18
HU3 6XA,62,28,34,27
HU3 6XB,75,36,39,32
HU3 6XD,120,55,65,61
HU3 6XE,49,20,29,28
HU3 6XG,118,56,62,54
HU3 6XH,125,68,57,61
HU3 6XJ,109,50,59,47
HU3 6XL,94,41,53,34
HU3 6XN,77,32,45,32
HU3 6XP,101,46,55,42
HU3 6XQ,88,40,48,41
HU3 6XW,94,45,49,39
HU4 6AB,64,35,29,39
HU4 6AD,123,59,64,39
HU4 6AE,68,33,35,52
HU4 6AF,68,28,40,52
HU4 6AG,47,17,30,5
HU4 6AH,23,13,10,9
HU4 6AL,119,55,64,47
HU4 6AN,135,65,70,56
HU4 6AP,87,48,39,36
HU4 6AQ,124,60,64,53
HU4 6AR,56,27,29,22
HU4 6AS,128,66,62,43
HU4 6AT,42,26,16,19
HU4 6AZ,27,15,12,24
HU4 6BH,32,16,16,17
HU4 6BJ,107,53,54,49
HU4 6BL,8,3,5,3
HU4 6BP,66,38,28,43
HU4 6BT,89,47,42,33
HU4 6BU,123,58,65,42
HU4 6BX,26,13,13,9
HU4 6BY,98,48,50,47
HU4 6BZ,105,56,49,41
HU4 6DB,29,15,14,14
HU4 6DD,106,48,58,37
HU4 6DE,14,7,7,11
HU4 6DG,39,20,19,14
HU4 6DJ,75,40,35,33
HU4 6DL,46,26,20,17
HU4 6DN,101,52,49,34
HU4 6DP,92,42,50,35
HU4 6DR,88,40,48,35
HU4 6DS,105,51,54,40
HU4 6DU,110,52,58,40
HU4 6DW,99,48,51,30
HU4 6DX,119,61,58,43
HU4 6DY,78,39,39,30
HU4 6DZ,57,29,28,22
HU4 6EA,80,40,40,38
HU4 6EB,95,50,45,42
HU4 6ED,119,63,56,46
HU4 6EE,107,52,55,41
HU4 6EL,31,16,15,26
HU4 6EN,61,28,33,23
HU4 6EP,34,16,18,15
HU4 6EQ,120,56,64,42
HU4 6ER,48,24,24,20
HU4 6ES,53,29,24,28
HU4 6ET,20,10,10,7
HU4 6EW,88,43,45,34
HU4 6EX,69,32,37,28
HU4 6EY,93,39,54,34
HU4 6EZ,99,53,46,31
HU4 6GA,10,4,6,3
HU4 6HA,75,39,36,34
HU4 6HB,34,18,16,9
HU4 6HD,113,61,52,47
HU4 6HF,121,56,65,50
HU4 6HG,22,12,10,9
HU4 6HH,170,74,96,68
HU4 6HJ,17,10,7,5
HU4 6HL,108,47,61,40
HU4 6HN,52,25,27,17
HU4 6HQ,21,10,11,11
HU4 6JA,20,6,14,14
HU4 6JB,123,63,60,48
HU4 6JD,43,21,22,16
HU4 6JE,47,20,27,18
HU4 6JG,53,22,31,19
HU4 6JH,60,32,28,25
HU4 6JJ,69,39,30,28
HU4 6JN,57,27,30,21
HU4 6JP,87,38,49,33
HU4 6JQ,17,9,8,6
HU4 6JR,139,68,71,56
HU4 6JT,5,2,3,2
HU4 6JU,97,52,45,34
HU4 6JW,9,5,4,5
HU4 6JX,130,60,70,51
HU4 6JY,39,20,19,21
HU4 6JZ,46,27,19,21
HU4 6LA,75,33,42,29
HU4 6LB,106,56,50,33
HU4 6LD,88,45,43,30
HU4 6LE,82,39,43,36
HU4 6LF,7,4,3,6
HU4 6LG,5,2,3,2
HU4 6LH,52,25,27,18
HU4 6LJ,54,24,30,20
HU4 6LS,59,30,29,25
HU4 6LT,110,58,52,39
HU4 6LU,81,42,39,32
HU4 6LX,43,21,22,17
HU4 6LY,37,18,19,16
HU4 6LZ,73,41,32,27
HU4 6NA,29,12,17,14
HU4 6NB,70,38,32,25
HU4 6ND,77,38,39,30
HU4 6NE,65,37,28,23
HU4 6NF,64,26,38,33
HU4 6NG,12,7,5,8
HU4 6NH,13,6,7,6
HU4 6NJ,14,9,5,4
HU4 6NL,8,3,5,8
HU4 6NN,38,20,18,13
HU4 6NP,11,6,5,4
HU4 6NQ,24,13,11,12
HU4 6NR,28,14,14,15
HU4 6NT,80,35,45,29
HU4 6NU,83,39,44,36
HU4 6PJ,26,15,11,18
HU4 6PL,148,78,70,67
HU4 6PP,158,86,72,79
HU4 6PR,143,76,67,76
HU4 6PT,111,59,52,56
HU4 6PU,20,9,11,9
HU4 6PX,25,11,14,13
HU4 6PY,15,9,6,7
HU4 6PZ,101,50,51,51
HU4 6QA,23,12,11,11
HU4 6QB,28,14,14,14
HU4 6QD,20,7,13,12
HU4 6QE,18,10,8,10
HU4 6QF,11,10,1,8
HU4 6QG,11,4,7,9
HU4 6QH,148,76,72,77
HU4 6QJ,164,78,86,75
HU4 6QL,126,56,70,56
HU4 6QN,97,49,48,40
HU4 6QP,102,49,53,38
HU4 6QR,40,21,19,14
HU4 6RA,44,18,26,21
HU4 6RB,28,11,17,11
HU4 6RD,20,10,10,10
HU4 6RE,59,24,35,27
HU4 6RG,103,41,62,43
HU4 6RH,59,33,26,25
HU4 6RJ,6,1,5,3
HU4 6RL,16,5,11,13
HU4 6RN,12,5,7,6
HU4 6RP,39,21,18,12
HU4 6RQ,117,59,58,47
HU4 6RR,31,14,17,9
HU4 6RS,41,6,35,36
HU4 6RT,33,18,15,17
HU4 6RU,24,14,10,7
HU4 6RW,31,15,16,24
HU4 6RX,19,10,9,7
HU4 6RZ,30,13,17,23
HU4 6SA,55,32,23,35
HU4 6SB,92,33,59,35
HU4 6SE,39,18,21,23
HU4 6SF,20,10,10,9
HU4 6SJ,21,9,12,9
HU4 6SN,40,20,20,20
HU4 6SP,21,9,12,15
HU4 6SQ,54,27,27,24
HU4 6SR,106,51,55,56
HU4 6SS,20,10,10,12
HU4 6ST,28,16,12,15
HU4 6SU,27,14,13,13
HU4 6SW,29,14,15,17
HU4 6SX,40,21,19,18
HU4 6SY,57,20,37,48
HU4 6SZ,18,6,12,13
HU4 6TA,91,45,46,33
HU4 6TB,105,52,53,40
HU4 6TD,34,16,18,13
HU4 6TE,17,7,10,11
HU4 6TF,43,23,20,25
HU4 6TG,11,6,5,9
HU4 6TH,84,40,44,53
HU4 6TJ,81,38,43,47
HU4 6TL,63,32,31,25
HU4 6TN,73,30,43,57
HU4 6TP,60,28,32,22
HU4 6TR,73,38,35,27
HU4 6TS,78,39,39,35
HU4 6TT,42,20,22,18
HU4 6TU,47,24,23,17
HU4 6TW,31,13,18,10
HU4 6TX,67,36,31,20
HU4 6UA,18,8,10,9
HU4 6UB,7,3,4,4
HU4 6UD,26,12,14,10
HU4 6UE,62,31,31,30
HU4 6UF,33,22,11,11
HU4 6UG,79,43,36,36
HU4 6UH,49,15,34,33
HU4 6UJ,73,31,42,47
HU4 6UL,58,25,33,42
HU4 6UN,66,30,36,43
HU4 6UP,71,33,38,30
HU4 6UQ,20,10,10,9
HU4 6UR,52,25,27,30
HU4 6US,41,19,22,22
HU4 6UT,30,16,14,16
HU4 6UW,56,26,30,35
HU4 6XA,78,24,54,65
HU4 6XB,46,26,20,17
HU4 6XD,26,13,13,10
HU4 6XE,38,21,17,14
HU4 6XG,17,11,6,6
HU4 6XH,29,13,16,11
HU4 6XJ,14,10,4,7
HU4 6XL,51,28,23,20
HU4 6XN,31,14,17,12
HU4 6XP,69,33,36,24
HU4 6XR,63,28,35,29
HU4 6XS,93,48,45,41
HU4 6XT,68,32,36,32
HU4 6XU,115,56,59,49
HU4 6XW,41,21,20,19
HU4 6XX,32,18,14,15
HU4 6XY,25,8,17,13
HU4 6XZ,58,19,39,52
HU4 7AA,29,14,15,10
HU4 7AB,140,74,66,53
HU4 7AD,76,37,39,29
HU4 7AF,89,45,44,35
HU4 7AG,38,21,17,15
HU4 7AH,119,53,66,47
HU4 7AJ,113,53,60,43
HU4 7AL,87,40,47,34
HU4 7AN,116,53,63,46
HU4 7AP,123,59,64,53
HU4 7AQ,86,44,42,40
HU4 7AR,50,28,22,26
HU4 7AS,92,46,46,52
HU4 7AT,11,5,6,8
HU4 7AU,9,6,3,6
HU4 7AW,132,66,66,52
HU4 7AX,38,16,22,19
HU4 7AY,29,14,15,18
HU4 7AZ,22,11,11,6
HU4 7BA,40,13,27,0
HU4 7BE,20,9,11,9
HU4 7BG,21,11,10,11
HU4 7BH,36,15,21,28
HU4 7BJ,36,17,19,14
HU4 7BN,23,10,13,9
HU4 7BP,4,2,2,2
HU4 7BS,37,19,18,15
HU4 7BT,59,44,15,54
HU4 7BU,35,18,17,16
HU4 7BX,62,30,32,32
HU4 7BY,61,33,28,27
HU4 7BZ,35,20,15,12
HU4 7DA,43,22,21,16
HU4 7DB,61,33,28,28
HU4 7DD,35,18,17,15
HU4 7DE,14,9,5,9
HU4 7DG,93,36,57,44
HU4 7DH,51,22,29,33
HU4 7DJ,29,13,16,13
HU4 7DL,31,12,19,10
HU4 7DN,90,47,43,42
HU4 7DP,79,41,38,33
HU4 7DR,85,38,47,36
HU4 7DS,32,12,20,17
HU4 7DT,37,29,8,35
HU4 7DU,54,35,19,42
HU4 7DX,1,0,1,1
HU4 7EH,58,31,27,32
HU4 7EJ,59,29,30,26
HU4 7EL,3,1,2,2
HU4 7EN,37,21,16,14
HU4 7EP,50,23,27,20
HU4 7EQ,6,3,3,5
HU4 7ER,79,33,46,35
HU4 7ES,21,9,12,9
HU4 7ET,59,27,32,22
HU4 7EU,77,30,47,34
HU4 7EW,32,15,17,14
HU4 7EX,131,55,76,53
HU4 7EY,99,51,48,59
HU4 7EZ,32,13,19,12
HU4 7HA,86,44,42,42
HU4 7HB,65,34,31,30
HU4 7HD,67,33,34,29
HU4 7HE,38,17,21,17
HU4 7HG,84,39,45,38
HU4 7HH,81,37,44,35
HU4 7HJ,46,16,30,18
HU4 7HL,80,40,40,33
HU4 7HN,76,41,35,32
HU4 7JB,65,38,27,24
HU4 7JD,27,15,12,18
HU4 7JE,76,33,43,29
HU4 7JF,71,38,33,33
HU4 7JG,72,36,36,24
HU4 7JH,31,14,17,12
HU4 7JJ,71,34,37,31
HU4 7JL,86,41,45,34
HU4 7JN,14,5,9,8
HU4 7JP,32,13,19,14
HU4 7JR,28,16,12,11
HU4 7JS,24,11,13,12
HU4 7JT,120,57,63,53
HU4 7JU,31,14,17,17
HU4 7JX,119,62,57,58
HU4 7JY,45,21,24,20
HU4 7JZ,21,9,12,7
HU4 7LE,32,18,14,14
HU4 7LF,75,34,41,32
HU4 7LG,99,48,51,38
HU4 7LH,72,34,38,28
HU4 7LJ,71,27,44,26
HU4 7LL,31,12,19,20
HU4 7NA,81,43,38,33
HU4 7NB,48,22,26,22
HU4 7ND,57,24,33,19
HU4 7NE,43,22,21,16
HU4 7NG,57,31,26,24
HU4 7NH,77,40,37,36
HU4 7NJ,15,5,10,8
HU4 7NL,37,18,19,13
HU4 7NN,125,55,70,55
HU4 7NP,15,8,7,4
HU4 7NQ,15,10,5,5
HU4 7NR,124,62,62,48
HU4 7NS,66,30,36,28
HU4 7NT,116,59,57,47
HU4 7NU,43,16,27,21
HU4 7NX,95,46,49,36
HU4 7NY,96,49,47,45
HU4 7NZ,98,46,52,42
HU4 7PA,34,18,16,15
HU4 7PL,46,10,36,41
HU4 7PN,42,19,23,16
HU4 7PP,17,8,9,6
HU4 7PR,39,21,18,15
HU4 7PS,105,45,60,36
HU4 7PT,76,36,40,25
HU4 7PU,43,19,24,16
HU4 7PW,24,10,14,9
HU4 7PX,64,32,32,20
HU4 7PY,35,20,15,14
HU4 7PZ,87,40,47,32
HU4 7QA,63,33,30,27
HU4 7QB,53,24,29,19
HU4 7QD,124,59,65,52
HU4 7QE,108,44,64,45
HU4 7QF,120,58,62,48
HU4 7QG,110,54,56,43
HU4 7QH,56,29,27,19
HU4 7QJ,17,8,9,9
HU4 7QL,102,52,50,42
HU4 7QQ,158,75,83,57
HU4 7RA,8,3,5,6
HU4 7RB,102,47,55,39
HU4 7RD,47,23,24,17
HU4 7RE,126,59,67,50
HU4 7RG,100,44,56,46
HU4 7RH,59,30,29,28
HU4 7RJ,76,40,36,27
HU4 7RN,118,63,55,51
HU4 7RP,90,46,44,34
HU4 7RQ,86,43,43,30
HU4 7RR,32,16,16,13
HU4 7RS,13,7,6,8
HU4 7RT,27,11,16,11
HU4 7RU,4,2,2,2
HU4 7RX,9,6,3,5
HU4 7RY,83,46,37,37
HU4 7SA,35,16,19,18
HU4 7SB,22,9,13,11
HU4 7SD,21,7,14,12
HU4 7SE,9,4,5,5
HU4 7SF,24,11,13,10
HU4 7SG,14,7,7,6
HU4 7SH,85,37,48,37
HU4 7SJ,77,44,33,37
HU4 7SL,87,43,44,36
HU4 7SN,78,36,42,40
HU4 7SP,43,21,22,17
HU4 7SQ,39,17,22,12
HU4 7SR,40,17,23,16
HU4 7SS,44,22,22,18
HU4 7ST,77,40,37,27
HU4 7SU,74,31,43,34
HU4 7SW,147,70,77,64
HU4 7SX,121,67,54,52
HU4 7SY,52,23,29,22
HU4 7SZ,100,49,51,39
HU4 7TA,72,33,39,32
HU5 1AA,2,1,1,1
HU5 1AD,1,1,0,1
HU5 1AF,5,4,1,4
HU5 1AG,59,31,28,18
HU5 1AH,13,7,6,9
HU5 1AN,85,54,31,39
HU5 1AS,37,23,14,15
HU5 1AT,18,9,9,11
HU5 1AU,26,15,11,11
HU5 1AW,11,4,7,9
HU5 1AX,43,27,16,28
HU5 1AY,36,15,21,13
HU5 1AZ,16,10,6,7
HU5 1BA,39,27,12,27
HU5 1BD,27,11,16,12
HU5 1BE,71,45,26,27
HU5 1BF,36,27,9,34
HU5 1BG,51,33,18,18
HU5 1BH,117,64,53,47
HU5 1BJ,54,25,29,26
HU5 1BL,18,4,14,8
HU5 1BN,15,7,8,7
HU5 1BP,22,12,10,11
HU5 1BS,20,14,6,13
HU5 1BT,26,15,11,15
HU5 1BU,21,10,11,8
HU5 1BW,21,9,12,9
HU5 1BX,23,10,13,9
HU5 1BY,5,3,2,4
HU5 1DA,156,85,71,51
HU5 1DB,180,93,87,53
HU5 1DD,28,12,16,8
HU5 1DE,145,71,74,53
HU5 1DN,119,60,59,54
HU5 1DU,13,5,8,7
HU5 1DW,15,6,9,11
HU5 1DX,17,10,7,10
HU5 1DY,14,6,8,7
HU5 1DZ,24,14,10,11
HU5 1EA,10,4,6,4
HU5 1EQ,7,4,3,6
HU5 1EY,65,38,27,26
HU5 1EZ,79,44,35,38
HU5 1HB,32,14,18,15
HU5 1HH,75,39,36,36
HU5 1HN,32,18,14,23
HU5 1HP,26,13,13,12
HU5 1HQ,11,5,6,9
HU5 1HR,13,4,9,12
HU5 1HS,41,22,19,13
HU5 1HT,45,19,26,17
HU5 1HU,12,3,9,6
HU5 1HX,4,1,3,1
HU5 1HZ,75,42,33,36
HU5 1JA,51,23,28,31
HU5 1JB,16,10,6,9
HU5 1JD,9,4,5,5
HU5 1JE,8,4,4,4
HU5 1JF,15,7,8,8
HU5 1JG,13,7,6,7
HU5 1JH,18,12,6,10
HU5 1LA,7,4,3,2
HU5 1LD,21,12,9,14
HU5 1LG,106,64,42,49
HU5 1LH,87,45,42,19
HU5 1LL,54,37,17,15
HU5 1LN,12,7,5,9
HU5 1LP,35,27,8,11
HU5 1LQ,2,1,1,1
HU5 1LR,10,8,2,8
HU5 1LS,22,15,7,19
HU5 1LT,202,121,81,53
HU5 1LU,89,56,33,30
HU5 1LW,6,5,1,4
HU5 1LX,81,54,27,38
HU5 1LY,60,36,24,27
HU5 1LZ,40,21,19,12
HU5 1NA,68,35,33,46
HU5 1NB,138,65,73,28
HU5 1ND,33,16,17,14
HU5 1NE,10,4,6,3
HU5 1NF,9,4,5,0
HU5 1NG,126,70,56,32
HU5 1NJ,88,43,45,27
HU5 1NL,12,7,5,11
HU5 1NN,25,12,13,23
HU5 1NQ,43,22,21,13
HU5 1NR,9,9,0,7
HU5 1NW,40,20,20,19
HU5 1NY,7,3,4,5
HU5 1PA,117,74,43,46
HU5 1PB,139,79,60,51
HU5 1PD,68,36,32,30
HU5 1PE,77,41,36,30
HU5 1PF,17,8,9,6
HU5 1PG,30,15,15,12
HU5 1PH,30,14,16,12
HU5 1PJ,127,66,61,40
HU5 1PL,82,45,37,23
HU5 1PN,99,62,37,26
HU5 1PP,117,66,51,38
HU5 1PQ,125,78,47,37
HU5 1PR,95,50,45,30
HU5 1PS,65,33,32,22
HU5 1PT,30,11,19,11
HU5 1PU,25,17,8,13
HU5 1PW,13,8,5,7
HU5 1PX,37,21,16,17
HU5 1PY,39,18,21,16
HU5 1PZ,15,9,6,4
HU5 1QA,106,46,60,38
HU5 1QD,138,75,63,63
HU5 1QE,28,15,13,14
HU5 1QF,51,24,27,24
HU5 1QG,77,38,39,35
HU5 1QH,9,4,5,8
HU5 1QJ,8,4,4,4
HU5 1QL,36,18,18,13
HU5 1QN,55,32,23,18
HU5 1QP,40,23,17,21
HU5 1QR,10,6,4,6
HU5 1QS,14,9,5,6
HU5 1QT,8,4,4,3
HU5 1RN,60,16,44,23
HU5 2AA,2,1,1,1
HU5 2AB,110,57,53,49
HU5 2AD,71,42,29,29
HU5 2AE,98,50,48,37
HU5 2AF,42,23,19,18
HU5 2AH,2,2,0,2
HU5 2AJ,23,10,13,12
HU5 2AL,5,3,2,4
HU5 2AN,83,40,43,34
HU5 2AP,10,4,6,5
HU5 2AQ,6,1,5,6
HU5 2AR,8,4,4,7
HU5 2AS,26,14,12,13
HU5 2AT,31,16,15,13
HU5 2AU,32,18,14,14
HU5 2AW,80,51,29,31
HU5 2AX,23,8,15,12
HU5 2AY,20,10,10,9
HU5 2AZ,76,46,30,28
HU5 2BA,80,38,42,38
HU5 2BB,20,6,14,6
HU5 2BD,11,4,7,6
HU5 2BE,19,9,10,8
HU5 2BG,23,15,8,8
HU5 2BH,22,10,12,7
HU5 2BJ,17,7,10,8
HU5 2BL,20,10,10,8
HU5 2BN,46,22,24,20
HU5 2BP,42,22,20,18
HU5 2BQ,20,9,11,7
HU5 2BS,68,31,37,32
HU5 2BT,147,74,73,58
HU5 2BU,22,13,9,11
HU5 2BW,28,14,14,12
HU5 2BX,96,51,45,36
HU5 2BY,63,30,33,24
HU5 2DA,36,19,17,25
HU5 2DB,72,40,32,37
HU5 2DF,6,3,3,3
HU5 2DG,33,17,16,13
HU5 2DH,86,43,43,23
HU5 2DN,56,30,26,25
HU5 2DQ,30,15,15,10
HU5 2DR,41,18,23,18
HU5 2DS,37,18,19,16
HU5 2DT,51,25,26,23
HU5 2DU,38,22,16,16
HU5 2DW,82,42,40,33
HU5 2DX,56,29,27,19
HU5 2DY,18,6,12,4
HU5 2EG,63,19,44,13
HU5 2EL,32,11,21,12
HU5 2EN,33,12,21,15
HU5 2EP,14,10,4,6
HU5 2ER,14,4,10,8
HU5 2ES,22,15,7,13
HU5 2ET,79,46,33,25
HU5 2EU,82,40,42,45
HU5 2EW,65,20,45,22
HU5 2EX,57,24,33,26
HU5 2EY,61,30,31,26
HU5 2EZ,19,8,11,9
HU5 2HA,20,8,12,10
HU5 2HB,18,7,11,9
HU5 2HD,31,17,14,13
HU5 2HE,17,5,12,7
HU5 2HF,9,5,4,7
HU5 2HG,12,7,5,6
HU5 2HH,48,16,32,24
HU5 2HJ,20,6,14,9
HU5 2HL,18,12,6,9
HU5 2HN,13,7,6,7
HU5 2HP,13,5,8,8
HU5 2HR,19,10,9,9
HU5 2HS,21,13,8,10
HU5 2HW,53,22,31,22
HU5 2HX,20,10,10,9
HU5 2HY,21,11,10,9
HU5 2HZ,97,47,50,38
HU5 2JA,57,27,30,22
HU5 2JB,13,8,5,9
HU5 2JD,20,11,9,9
HU5 2JE,27,12,15,10
HU5 2JF,33,18,15,12
HU5 2JG,23,7,16,8
HU5 2JH,24,11,13,7
HU5 2JN,106,53,53,36
HU5 2JP,59,30,29,14
HU5 2JQ,11,6,5,7
HU5 2JR,49,29,20,20
HU5 2JS,21,10,11,10
HU5 2JT,20,5,15,10
HU5 2JU,12,8,4,9
HU5 2JX,7,4,3,3
HU5 2LB,113,54,59,40
HU5 2LD,47,23,24,14
HU5 2LE,34,20,14,12
HU5 2LF,19,13,6,10
HU5 2LG,22,13,9,10
HU5 2LH,15,7,8,5
HU5 2LJ,59,40,19,23
HU5 2LP,128,73,55,43
HU5 2LR,39,16,23,10
HU5 2LS,152,83,69,40
HU5 2LT,154,76,78,48
HU5 2NA,18,11,7,13
HU5 2NB,65,29,36,37
HU5 2ND,20,14,6,7
HU5 2NE,34,17,17,15
HU5 2NG,15,5,10,12
HU5 2NJ,15,7,8,10
HU5 2NL,58,25,33,20
HU5 2NN,19,12,7,13
HU5 2NP,235,116,119,68
HU5 2NQ,32,18,14,12
HU5 2NR,190,107,83,59
HU5 2NS,88,60,28,34
HU5 2NT,46,21,25,21
HU5 2NX,80,35,45,51
HU5 2NY,34,16,18,31
HU5 2PA,15,7,8,8
HU5 2PB,31,13,18,13
HU5 2PD,22,11,11,11
HU5 2PE,26,12,14,11
HU5 2PF,12,6,6,5
HU5 2PH,104,67,37,43
HU5 2PJ,109,59,50,45
HU5 2PL,98,49,49,40
HU5 2PN,11,8,3,8
HU5 2PP,18,10,8,9
HU5 2PW,14,8,6,6
HU5 2PY,27,19,8,13
HU5 2PZ,38,20,18,18
HU5 2QE,28,14,14,16
HU5 2QG,9,8,1,6
HU5 2QH,75,30,45,42
HU5 2QL,20,8,12,15
HU5 2QP,49,36,13,21
HU5 2QQ,6,2,4,4
HU5 2QS,38,17,21,22
HU5 2QU,21,12,9,12
HU5 2QX,19,12,7,9
HU5 2QY,53,28,25,17
HU5 2QZ,30,18,12,15
HU5 2RA,25,16,9,7
HU5 2RD,68,35,33,31
HU5 2RG,51,19,32,15
HU5 2RH,109,58,51,52
HU5 2RJ,11,6,5,7
HU5 2RL,16,8,8,9
HU5 2RN,23,9,14,9
HU5 2RP,34,17,17,19
HU5 2RQ,7,4,3,6
HU5 2RR,34,18,16,14
HU5 2RS,7,2,5,3
HU5 2RT,12,7,5,6
HU5 2RU,79,45,34,27
HU5 2RY,119,63,56,30
HU5 2SA,125,71,54,45
HU5 2SB,87,48,39,25
HU5 2SD,15,7,8,8
HU5 2SE,62,40,22,19
HU5 2SF,13,7,6,7
HU5 2SG,65,45,20,16
HU5 2SH,108,57,51,28
HU5 2SJ,189,100,89,58
HU5 2SL,10,7,3,10
HU5 2SQ,18,6,12,7
HU5 2ST,11,5,6,0
HU5 2SX,92,58,34,61
HU5 2SY,62,38,24,45
HU5 2SZ,32,8,24,24
HU5 2TA,67,39,28,20
HU5 2TB,63,36,27,22
HU5 2TD,76,36,40,30
HU5 2TG,85,44,41,39
HU5 2TJ,74,42,32,29
HU5 2TL,32,22,10,13
HU5 2TN,20,15,5,8
HU5 2TP,60,19,41,50
HU5 2TQ,61,41,20,33
HU5 2TW,71,35,36,36
HU5 2TX,20,10,10,6
HU5 2TY,11,6,5,7
HU5 2TZ,82,39,43,51
HU5 2UH,48,24,24,20
HU5 2UJ,32,12,20,21
HU5 2UL,36,19,17,21
HU5 2UN,23,10,13,12
HU5 2UP,145,85,60,33
HU5 2UR,168,93,75,57
HU5 2US,131,78,53,45
HU5 2UT,13,9,4,8
HU5 2UX,48,17,31,20
HU5 2UY,78,54,24,29
HU5 2UZ,8,6,2,8
HU5 3AA,7,3,4,4
HU5 3AB,14,11,3,9
HU5 3AE,11,6,5,6
HU5 3AF,26,15,11,15
HU5 3AG,39,23,16,12
HU5 3AH,82,37,45,31
HU5 3AJ,74,37,37,30
HU5 3AL,36,19,17,16
HU5 3AN,33,16,17,15
HU5 3AP,18,8,10,8
HU5 3AR,18,6,12,6
HU5 3AS,23,13,10,12
HU5 3AT,93,44,49,40
HU5 3AU,61,36,25,34
HU5 3AW,31,15,16,16
HU5 3AX,97,50,47,31
HU5 3AY,107,57,50,34
HU5 3AZ,27,14,13,11
HU5 3BA,21,10,11,11
HU5 3BB,30,15,15,12
HU5 3BD,26,8,18,12
HU5 3BE,12,9,3,9
HU5 3BG,7,3,4,5
HU5 3BH,133,72,61,54
HU5 3BJ,38,19,19,18
HU5 3BL,20,9,11,13
HU5 3BN,38,15,23,16
HU5 3BP,40,21,19,17
HU5 3BQ,5,2,3,2
HU5 3BS,40,24,16,18
HU5 3BT,30,11,19,15
HU5 3BU,26,16,10,15
HU5 3BW,30,14,16,17
HU5 3BX,32,21,11,18
HU5 3BY,29,15,14,12
HU5 3BZ,25,13,12,15
HU5 3DA,122,70,52,48
HU5 3DB,14,7,7,9
HU5 3DD,7,3,4,5
HU5 3DE,43,23,20,19
HU5 3DF,8,3,5,4
HU5 3DH,6,4,2,3
HU5 3DJ,20,11,9,10
HU5 3DL,44,26,18,34
HU5 3DN,82,35,47,32
HU5 3DP,58,29,29,19
HU5 3DR,98,56,42,44
HU5 3DS,95,44,51,31
HU5 3DT,32,15,17,13
HU5 3DU,71,33,38,30
HU5 3DW,53,24,29,24
HU5 3DY,90,40,50,34
HU5 3DZ,80,42,38,32
HU5 3EA,30,9,21,13
HU5 3EB,43,20,23,22
HU5 3ED,37,16,21,16
HU5 3EE,26,10,16,10
HU5 3EF,99,54,45,41
HU5 3EG,7,4,3,3
HU5 3EN,54,27,27,19
HU5 3EP,30,14,16,17
HU5 3ER,63,30,33,34
HU5 3ES,70,44,26,28
HU5 3ET,46,27,19,14
HU5 3EU,38,25,13,27
HU5 3EW,62,33,29,37
HU5 3EX,126,60,66,46
HU5 3EY,90,36,54,35
HU5 3EZ,49,26,23,22
HU5 3HA,124,65,59,41
HU5 3HH,66,34,32,48
HU5 3HN,134,78,56,79
HU5 3HR,91,55,36,50
HU5 3HS,84,42,42,48
HU5 3HT,85,55,30,55
HU5 3HU,49,30,19,25
HU5 3HW,50,27,23,18
HU5 3HX,28,13,15,15
HU5 3HY,20,15,5,0
HU5 3HZ,47,24,23,15
HU5 3JA,35,21,14,16
HU5 3JB,69,33,36,31
HU5 3JD,85,43,42,33
HU5 3JE,74,36,38,31
HU5 3JF,37,19,18,23
HU5 3JL,20,13,7,12
HU5 3JN,61,42,19,15
HU5 3JP,87,52,35,55
HU5 3JR,66,34,32,21
HU5 3JS,96,53,43,37
HU5 3JT,60,29,31,25
HU5 3JU,84,45,39,40
HU5 3JX,103,50,53,38
HU5 3JY,22,11,11,9
HU5 3JZ,28,13,15,13
HU5 3LD,59,31,28,27
HU5 3LE,63,29,34,31
HU5 3LF,50,24,26,21
HU5 3LG,63,32,31,23
HU5 3LH,7,5,2,5
HU5 3LP,123,61,62,51
HU5 3LR,121,64,57,50
HU5 3LS,106,52,54,48
HU5 3LT,99,54,45,47
HU5 3LU,16,9,7,4
HU5 3LX,68,35,33,34
HU5 3LY,79,42,37,38
HU5 3LZ,63,32,31,38
HU5 3NA,74,35,39,37
HU5 3NB,50,23,27,23
HU5 3ND,13,6,7,6
HU5 3NE,13,7,6,7
HU5 3NF,46,23,23,26
HU5 3NG,85,40,45,40
HU5 3NH,18,9,9,10
HU5 3NJ,17,10,7,9
HU5 3NL,54,30,24,27
HU5 3NN,28,13,15,18
HU5 3NP,32,10,22,16
HU5 3NQ,71,36,35,40
HU5 3NR,30,14,16,14
HU5 3NS,27,16,11,15
HU5 3NT,14,9,5,9
HU5 3NU,47,21,26,22
HU5 3NX,20,13,7,10
HU5 3NY,4,2,2,4
HU5 3NZ,37,22,15,21
HU5 3PA,15,8,7,8
HU5 3PB,16,7,9,9
HU5 3PD,14,6,8,8
HU5 3PE,67,33,34,27
HU5 3PF,11,6,5,7
HU5 3PG,12,4,8,7
HU5 3PH,13,9,4,7
HU5 3PJ,37,18,19,11
HU5 3PL,107,64,43,48
HU5 3PN,98,47,51,44
HU5 3PP,14,8,6,8
HU5 3PQ,17,7,10,7
HU5 3PR,115,64,51,53
HU5 3PS,143,75,68,56
HU5 3PW,13,8,5,7
HU5 3QA,12,7,5,7
HU5 3QD,67,38,29,36
HU5 3QE,115,62,53,46
HU5 3QG,10,4,6,5
HU5 3QJ,6,4,2,4
HU5 3QN,48,29,19,21
HU5 3QP,6,5,1,4
HU5 3QU,4,2,2,3
HU5 3QW,2,1,1,2
HU5 3QX,17,8,9,10
HU5 3QY,3,2,1,3
HU5 3RA,81,48,33,42
HU5 3RB,64,28,36,34
HU5 3RD,90,45,45,43
HU5 3RE,81,46,35,45
HU5 3RH,96,48,48,43
HU5 3RJ,98,49,49,45
HU5 3RL,119,53,66,47
HU5 3RN,102,48,54,50
HU5 3RU,10,9,1,7
HU5 3RX,42,31,11,25
HU5 3SA,71,38,33,37
HU5 3SB,65,35,30,35
HU5 3SD,11,6,5,7
HU5 3SE,7,5,2,6
HU5 3SF,10,2,8,8
HU5 3SG,60,26,34,31
HU5 3SH,6,3,3,3
HU5 3SQ,83,40,43,39
HU5 3SR,13,7,6,8
HU5 3SS,31,18,13,18
HU5 3ST,50,24,26,20
HU5 3SU,55,30,25,30
HU5 3SX,89,45,44,42
HU5 3SY,46,22,24,20
HU5 3SZ,79,40,39,36
HU5 3TG,24,17,7,18
HU5 3TH,128,60,68,49
HU5 3TJ,18,12,6,10
HU5 3TL,24,13,11,14
HU5 3TN,68,30,38,30
HU5 3TP,25,14,11,13
HU5 3TR,46,20,26,25
HU5 3TS,27,12,15,15
HU5 3TT,11,5,6,7
HU5 3TW,59,26,33,25
HU5 3TX,78,41,37,34
HU5 3TY,92,37,55,45
HU5 3TZ,35,20,15,17
HU5 3UB,81,39,42,35
HU5 3UD,68,26,42,30
HU5 3UE,17,7,10,8
HU5 3UF,16,7,9,9
HU5 3UG,20,12,8,10
HU5 3UH,24,12,12,11
HU5 3UJ,11,5,6,7
HU5 3UL,15,8,7,8
HU5 3UN,91,49,42,38
HU5 3UP,17,9,8,9
HU5 3UQ,13,7,6,8
HU5 3UR,21,11,10,10
HU5 3UW,15,9,6,9
HU5 4AA,76,37,39,27
HU5 4AB,7,3,4,2
HU5 4AD,99,49,50,39
HU5 4AE,73,34,39,30
HU5 4AG,102,52,50,40
HU5 4AH,80,37,43,32
HU5 4AS,27,15,12,9
HU5 4AT,57,24,33,24
HU5 4AU,47,27,20,22
HU5 4AX,4,1,3,1
HU5 4AY,28,17,11,15
HU5 4AZ,100,49,51,41
HU5 4BA,17,7,10,12
HU5 4BB,98,50,48,34
HU5 4BD,97,47,50,36
HU5 4BE,40,20,20,17
HU5 4BG,9,5,4,3
HU5 4BH,114,54,60,48
HU5 4BJ,123,59,64,50
HU5 4BL,49,25,24,16
HU5 4BN,28,11,17,15
HU5 4BP,103,50,53,45
HU5 4BQ,7,1,6,3
HU5 4BS,52,25,27,26
HU5 4BW,26,11,15,18
HU5 4DA,71,36,35,22
HU5 4DB,34,15,19,20
HU5 4DD,65,12,53,56
HU5 4DE,94,47,47,40
HU5 4DG,44,19,25,17
HU5 4DH,23,11,12,11
HU5 4DL,8,3,5,5
HU5 4DN,78,37,41,30
HU5 4DP,109,50,59,45
HU5 4DQ,33,17,16,12
HU5 4DR,53,22,31,23
HU5 4DS,26,13,13,9
HU5 4DT,40,19,21,1
HU5 4DU,92,44,48,39
HU5 4DW,101,54,47,35
HU5 4DY,40,19,21,14
HU5 4DZ,77,41,36,27
HU5 4EA,84,36,48,32
HU5 4EB,18,9,9,7
HU5 4ED,59,29,30,21
HU5 4EE,18,10,8,7
HU5 4EF,1,1,0,1
HU5 4EG,96,47,49,35
HU5 4EP,27,12,15,12
HU5 4EQ,106,50,56,39
HU5 4ES,95,45,50,41
HU5 4ET,83,41,42,31
HU5 4EU,34,16,18,14
HU5 4EX,30,18,12,13
HU5 4EY,31,16,15,13
HU5 4EZ,24,20,4,20
HU5 4GA,93,51,42,34
HU5 4GB,30,15,15,12
HU5 4GD,74,38,36,28
HU5 4GE,7,4,3,4
HU5 4HA,6,1,5,3
HU5 4HB,14,8,6,6
HU5 4HD,102,53,49,34
HU5 4HE,70,35,35,30
HU5 4HG,133,65,68,51
HU5 4HH,39,19,20,17
HU5 4HJ,48,22,26,18
HU5 4HL,23,9,14,7
HU5 4HN,77,42,35,30
HU5 4HP,84,40,44,33
HU5 4HQ,120,59,61,44
HU5 4HR,41,22,19,19
HU5 4HT,13,6,7,5
HU5 4HW,29,9,20,21
HU5 4HX,56,33,23,25
HU5 4HY,43,15,28,36
HU5 4JA,88,42,46,42
HU5 4JB,59,31,28,30
HU5 4JS,72,39,33,25
HU5 4JT,58,34,24,21
HU5 4JU,42,17,25,15
HU5 4JX,107,50,57,40
HU5 4JY,96,49,47,40
HU5 4JZ,14,6,8,8
HU5 4LA,24,13,11,8
HU5 4LB,24,9,15,14
HU5 4LD,16,8,8,12
HU5 4LE,16,5,11,12
HU5 4LF,24,13,11,13
HU5 4LG,17,7,10,6
HU5 4LH,23,10,13,14
HU5 4LJ,36,22,14,19
HU5 4LL,26,14,12,8
HU5 4LN,63,26,37,34
HU5 4LP,61,27,34,28
HU5 4LQ,12,6,6,6
HU5 4LR,21,12,9,9
HU5 4LS,22,12,10,9
HU5 4LT,54,27,27,23
HU5 4LU,29,12,17,12
HU5 4LW,67,36,31,29
HU5 4LX,31,15,16,14
HU5 4LY,20,9,11,9
HU5 4LZ,24,11,13,8
HU5 4NA,89,41,48,33
HU5 4NB,69,39,30,26
HU5 4NH,59,29,30,24
HU5 4NJ,44,19,25,15
HU5 4NL,49,26,23,16
HU5 4NN,105,56,49,49
HU5 4NP,53,27,26,19
HU5 4NR,45,19,26,20
HU5 4NS,39,20,19,13
HU5 4NT,13,7,6,5
HU5 4NU,54,29,25,16
HU5 4NX,39,21,18,16
HU5 4NY,3,0,3,3
HU5 4NZ,32,18,14,13
HU5 4PA,1,0,1,1
HU5 4PB,22,12,10,12
HU5 4PD,29,11,18,12
HU5 4PE,33,10,23,21
HU5 4PF,80,39,41,47
HU5 4PG,32,17,15,12
HU5 4PH,57,27,30,19
HU5 4PJ,31,18,13,14
HU5 4PL,24,14,10,9
HU5 4PN,20,7,13,8
HU5 4PP,49,23,26,17
HU5 4PQ,33,10,23,29
HU5 4PR,43,21,22,16
HU5 4PS,23,9,14,10
HU5 4PT,26,14,12,8
HU5 4PU,19,8,11,10
HU5 4QD,62,33,29,24
HU5 4QE,65,36,29,27
HU5 4QF,27,15,12,9
HU5 4QG,46,24,22,21
HU5 4QJ,18,9,9,7
HU5 4QL,68,32,36,27
HU5 4QN,72,38,34,30
HU5 4QP,93,48,45,31
HU5 4QQ,104,48,56,42
HU5 4QR,50,20,30,23
HU5 4QS,148,76,72,50
HU5 4QT,110,52,58,42
HU5 4QU,24,12,12,9
HU5 4QX,56,28,28,23
HU5 4QY,39,25,14,17
HU5 4QZ,36,19,17,15
HU5 4RA,49,24,25,20
HU5 4RB,67,33,34,31
HU5 4RD,87,50,37,35
HU5 4RJ,9,4,5,8
HU5 4RL,17,8,9,5
HU5 4RN,22,13,9,9
HU5 4RP,92,48,44,50
HU5 4RR,29,8,21,15
HU5 4RT,22,12,10,13
HU5 4RU,12,9,3,10
HU5 4RX,7,6,1,6
HU5 4RY,12,5,7,8
HU5 4RZ,6,3,3,4
HU5 4SA,30,12,18,18
HU5 4SB,18,8,10,9
HU5 4SD,43,20,23,16
HU5 4SE,41,19,22,21
HU5 4SG,60,23,37,30
HU5 4SH,66,30,36,34
HU5 4SJ,41,18,23,18
HU5 4SL,54,24,30,22
HU5 4SN,38,13,25,16
HU5 4SP,27,14,13,10
HU5 4SR,6,3,3,3
HU5 4SS,54,30,24,26
HU5 4ST,10,6,4,4
HU5 4SU,8,4,4,8
HU5 4SX,19,11,8,12
HU5 4SY,30,15,15,12
HU5 4SZ,19,10,9,10
HU5 4TA,44,24,20,18
HU5 4TB,23,15,8,10
HU5 4TD,40,18,22,25
HU5 4TE,64,30,34,31
HU5 4TG,10,5,5,5
HU5 4TH,7,1,6,6
HU5 4TJ,89,43,46,36
HU5 4TL,17,9,8,7
HU5 4TN,66,29,37,22
HU5 5AA,43,21,22,21
HU5 5AB,29,11,18,13
HU5 5AD,117,62,55,59
HU5 5AE,132,63,69,63
HU5 5AF,100,53,47,48
HU5 5AG,133,62,71,60
HU5 5AH,122,56,66,51
HU5 5AJ,102,51,51,45
HU5 5AL,132,61,71,56
HU5 5AN,40,21,19,19
HU5 5AP,103,60,43,43
HU5 5AR,85,40,45,32
HU5 5AS,116,58,58,43
HU5 5AT,100,49,51,43
HU5 5AU,112,65,47,49
HU5 5AW,22,11,11,11
HU5 5AX,91,42,49,35
HU5 5AY,7,4,3,3
HU5 5BA,74,37,37,37
HU5 5BB,41,22,19,21
HU5 5BD,43,20,23,24
HU5 5BE,36,16,20,17
HU5 5BF,19,6,13,14
HU5 5BG,21,8,13,16
HU5 5BH,24,11,13,16
HU5 5BJ,34,17,17,16
HU5 5BL,5,3,2,4
HU5 5BN,109,56,53,43
HU5 5BP,145,77,68,63
HU5 5BS,125,66,59,55
HU5 5BT,87,38,49,38
HU5 5BU,32,15,17,14
HU5 5BX,57,22,35,24
HU5 5BY,17,7,10,8
HU5 5BZ,126,60,66,50
HU5 5DA,131,57,74,75
HU5 5DB,49,22,27,20
HU5 5DD,27,14,13,12
HU5 5DE,43,19,24,20
HU5 5DF,56,30,26,22
HU5 5DG,8,4,4,3
HU5 5DH,61,28,33,29
HU5 5DJ,61,31,30,24
HU5 5DL,8,3,5,5
HU5 5DN,47,27,20,19
HU5 5DP,68,36,32,31
HU5 5DQ,76,39,37,32
HU5 5DR,51,26,25,32
HU5 5DS,58,29,29,29
HU5 5DT,33,15,18,17
HU5 5DU,12,7,5,5
HU5 5DW,46,23,23,20
HU5 5DX,22,11,11,12
HU5 5DY,8,5,3,4
HU5 5DZ,58,26,32,29
HU5 5EA,40,16,24,16
HU5 5ED,51,28,23,22
HU5 5EE,127,68,59,52
HU5 5EF,130,66,64,54
HU5 5EG,19,5,14,12
HU5 5EH,70,37,33,34
HU5 5EJ,27,15,12,12
HU5 5EL,128,60,68,53
HU5 5EN,28,11,17,12
HU5 5EP,6,2,4,2
HU5 5EQ,13,7,6,7
HU5 5ES,84,38,46,33
HU5 5ET,68,32,36,23
HU5 5EU,59,25,34,32
HU5 5EW,32,12,20,15
HU5 5EX,9,4,5,5
HU5 5EZ,108,50,58,45
HU5 5FB,26,12,14,12
HU5 5FD,51,25,26,21
HU5 5GA,93,57,36,31
HU5 5GB,55,31,24,22
HU5 5GD,84,37,47,25
HU5 5HA,40,18,22,18
HU5 5HB,86,46,40,42
HU5 5HD,8,6,2,7
HU5 5HH,135,71,64,58
HU5 5HJ,42,24,18,16
HU5 5HL,71,33,38,32
HU5 5HN,100,48,52,43
HU5 5HP,35,17,18,14
HU5 5HR,74,40,34,30
HU5 5HS,114,53,61,47
HU5 5HT,40,19,21,16
HU5 5HU,75,38,37,33
HU5 5HW,77,32,45,47
HU5 5HX,75,34,41,33
HU5 5HY,68,32,36,29
HU5 5HZ,80,41,39,34
HU5 5JA,115,55,60,53
HU5 5JB,56,25,31,31
HU5 5JD,86,45,41,33
HU5 5JJ,4,2,2,3
HU5 5JL,55,24,31,26
HU5 5JN,81,39,42,30
HU5 5JR,72,36,36,31
HU5 5JT,81,39,42,36
HU5 5JW,54,26,28,26
HU5 5JX,7,4,3,3
HU5 5JY,23,15,8,12
HU5 5JZ,44,21,23,25
HU5 5LA,61,30,31,31
HU5 5LB,7,4,3,3
HU5 5LD,99,46,53,53
HU5 5LE,121,58,63,64
HU5 5LF,35,15,20,20
HU5 5LG,33,16,17,22
HU5 5LH,1,0,1,1
HU5 5LJ,64,40,24,26
HU5 5LL,85,41,44,32
HU5 5LN,104,58,46,41
HU5 5LP,64,32,32,42
HU5 5LQ,10,5,5,5
HU5 5LT,21,12,9,10
HU5 5LU,25,16,9,12
HU5 5LW,28,15,13,24
HU5 5LX,34,16,18,16
HU5 5LY,87,40,47,40
HU5 5LZ,34,17,17,17
HU5 5NA,6,5,1,4
HU5 5NB,49,21,28,24
HU5 5ND,84,38,46,39
HU5 5NE,76,41,35,30
HU5 5NF,33,18,15,16
HU5 5NG,14,8,6,12
HU5 5NH,111,55,56,54
HU5 5NJ,12,5,7,6
HU5 5NL,118,54,64,60
HU5 5NN,27,10,17,16
HU5 5NS,105,49,56,50
HU5 5NT,115,61,54,48
HU5 5NU,66,28,38,27
HU5 5NX,135,61,74,46
HU5 5NY,79,39,40,40
HU5 5NZ,73,36,37,34
HU5 5PA,110,54,56,40
HU5 5PB,32,17,15,12
HU5 5PG,50,21,29,31
HU5 5PH,53,26,27,29
HU5 5PJ,139,69,70,63
HU5 5PL,103,49,54,47
HU5 5PN,71,34,37,32
HU5 5PP,105,59,46,56
HU5 5PR,128,68,60,59
HU5 5PT,96,44,52,50
HU5 5PU,93,48,45,54
HU5 5PW,52,26,26,24
HU5 5PX,21,9,12,8
HU5 5PY,92,46,46,41
HU5 5PZ,54,28,26,37
HU5 5QA,40,20,20,24
HU5 5QD,44,22,22,22
HU5 5QE,71,33,38,34
HU5 5QF,3,2,1,1
HU5 5QG,119,64,55,56
HU5 5QJ,93,51,42,40
HU5 5QL,51,22,29,24
HU5 5QN,62,24,38,29
HU5 5QP,45,24,21,21
HU5 5QQ,12,7,5,5
HU5 5QR,71,35,36,32
HU5 5QS,116,58,58,60
HU5 5QT,15,8,7,7
HU5 5QU,23,9,14,12
HU5 5QW,73,29,44,35
HU5 5QX,53,26,27,23
HU5 5QY,107,52,55,46
HU5 5QZ,47,21,26,26
HU5 5RA,75,36,39,43
HU5 5RB,25,12,13,15
HU5 5RD,100,42,58,55
HU5 5RE,135,59,76,55
HU5 5RG,15,8,7,10
HU5 5RH,61,26,35,54
HU5 5RJ,9,4,5,7
HU5 5RN,102,46,56,55
HU5 5RP,39,17,22,19
HU5 5RR,60,27,33,31
HU5 5RS,13,7,6,5
HU5 5RT,27,9,18,17
HU5 5RU,108,57,51,40
HU5 5RW,21,8,13,15
HU5 5RX,90,49,41,37
HU5 5RY,117,60,57,36
HU5 5RZ,68,42,26,24
HU5 5SA,57,27,30,22
HU5 5SB,58,21,37,36
HU5 5SE,7,2,5,2
HU5 5SG,40,16,24,18
HU5 5SH,49,23,26,22
HU5 5SJ,62,26,36,28
HU5 5SL,115,55,60,53
HU5 5SN,100,53,47,41
HU5 5SP,55,24,31,24
HU5 5SQ,36,12,24,26
HU5 5SR,115,56,59,50
HU5 5SS,93,45,48,47
HU5 5ST,47,18,29,23
HU5 5SU,144,67,77,57
HU5 5SW,28,6,22,28
HU5 5SX,9,3,6,7
HU5 5SY,33,15,18,24
HU5 5TA,19,11,8,6
HU5 5TB,48,21,27,22
HU5 5TD,54,26,28,22
HU5 5TE,94,54,40,47
HU5 5TF,57,27,30,34
HU5 5TG,58,28,30,29
HU5 5TH,38,20,18,19
HU5 5TJ,35,16,19,17
HU5 5TL,42,20,22,19
HU5 5TN,7,3,4,3
HU5 5TP,26,12,14,10
HU5 5TQ,54,24,30,24
HU5 5TR,39,18,21,17
HU5 5TS,119,61,58,54
HU5 5TT,33,18,15,16
HU5 5TU,66,33,33,28
HU5 5TW,14,7,7,14
HU5 5TX,101,51,50,40
HU5 5TY,53,28,25,19
HU5 5TZ,18,7,11,10
HU5 5UA,15,6,9,10
HU5 5UB,6,4,2,5
HU5 5UD,46,21,25,25
HU5 5UE,115,57,58,53
HU5 5UF,20,9,11,8
HU5 5UG,86,40,46,49
HU5 5UH,20,9,11,9
HU5 5UJ,75,37,38,34
HU5 5UL,68,31,37,26
HU5 5UN,71,39,32,31
HU5 5UP,92,46,46,44
HU5 5UQ,26,11,15,12
HU5 5UR,116,51,65,58
HU5 5US,15,8,7,6
HU5 5UU,98,50,48,46
HU5 5UW,38,20,18,13
HU5 5UX,89,46,43,42
HU5 5UY,62,31,31,30
HU5 5UZ,89,45,44,44
HU5 5WZ,26,10,16,19
HU5 5XA,40,20,20,20
HU5 5XB,65,35,30,33
HU5 5XD,27,12,15,14
HU5 5XE,141,67,74,66
HU5 5XF,92,40,52,42
HU5 5XG,18,6,12,10
HU5 5XH,82,39,43,36
HU5 5XJ,104,56,48,46
HU5 5XL,2,0,2,2
HU5 5XN,82,41,41,37
HU5 5XP,123,59,64,63
HU5 5XQ,76,38,38,35
HU5 5XR,52,22,30,23
HU5 5XS,54,27,27,19
HU5 5XT,37,13,24,30
HU5 5XU,32,13,19,21
HU5 5XW,82,43,39,40
HU5 5XX,23,11,12,18
HU5 5XY,34,13,21,26
HU5 5XZ,21,7,14,18
HU5 5YA,55,22,33,33
HU5 5YB,19,7,12,10
HU5 5YD,36,20,16,15
HU5 5YE,135,63,72,61
HU5 5YF,184,92,92,85
HU5 5YG,28,13,15,12
HU5 5YH,47,21,26,25
HU5 5YJ,38,20,18,17
HU5 5YL,13,6,7,7
HU5 5YN,160,78,82,72
HU5 5YP,26,11,15,15
HU5 5YQ,24,12,12,9
HU5 5YR,39,19,20,20
HU5 5YS,19,9,10,7
HU5 5YT,30,13,17,19
HU5 5YU,28,11,17,12
HU5 5YW,27,14,13,13
HU5 5YX,23,13,10,11
HU5 5YY,25,11,14,11
HU5 5YZ,32,12,20,15
HU6 0AA,32,14,18,13
HU6 0AB,58,30,28,23
HU6 0AD,44,23,21,20
HU6 0AE,1,1,0,1
HU6 0AF,5,1,4,4
HU6 0AG,79,42,37,38
HU6 0AH,13,8,5,6
HU6 0AJ,16,8,8,7
HU6 0AL,83,40,43,39
HU6 0AP,5,2,3,1
HU6 0AQ,8,4,4,4
HU6 0AR,23,13,10,13
HU6 0AS,13,7,6,5
HU6 0AT,2,1,1,1
HU6 0AU,96,51,45,42
HU6 0AW,17,8,9,7
HU6 7AA,1,1,0,1
HU6 7AB,43,15,28,8
HU6 7AG,52,26,26,21
HU6 7AH,64,32,32,34
HU6 7AJ,76,39,37,30
HU6 7AL,79,40,39,32
HU6 7AN,34,16,18,18
HU6 7AP,43,21,22,24
HU6 7AR,28,16,12,16
HU6 7AS,30,21,9,25
HU6 7AT,51,21,30,31
HU6 7AU,43,23,20,19
HU6 7AW,105,49,56,54
HU6 7AX,31,14,17,17
HU6 7AY,62,35,27,24
HU6 7AZ,29,16,13,13
HU6 7BA,96,45,51,54
HU6 7BB,55,29,26,26
HU6 7BD,33,16,17,12
HU6 7BE,55,29,26,31
HU6 7BH,16,6,10,7
HU6 7BJ,38,20,18,20
HU6 7BL,47,21,26,27
HU6 7BN,38,15,23,24
HU6 7BP,72,38,34,29
HU6 7BQ,34,19,15,19
HU6 7BS,26,13,13,13
HU6 7BT,57,31,26,26
HU6 7BU,146,78,68,73
HU6 7BW,53,23,30,31
HU6 7BX,114,62,52,61
HU6 7BY,34,17,17,18
HU6 7BZ,153,82,71,69
HU6 7DA,1,0,1,1
HU6 7DB,77,35,42,26
HU6 7DD,80,38,42,43
HU6 7DE,68,38,30,29
HU6 7DG,25,11,14,11
HU6 7DH,99,45,54,38
HU6 7DJ,109,51,58,42
HU6 7DL,84,40,44,42
HU6 7DN,124,61,63,57
HU6 7DP,121,69,52,48
HU6 7DQ,17,8,9,7
HU6 7DR,121,64,57,47
HU6 7DS,95,49,46,40
HU6 7DT,111,58,53,54
HU6 7DU,10,6,4,6
HU6 7DW,106,56,50,46
HU6 7DX,137,66,71,71
HU6 7DY,72,35,37,35
HU6 7DZ,112,55,57,57
HU6 7EA,94,40,54,41
HU6 7EB,85,37,48,35
HU6 7ED,113,55,58,41
HU6 7EE,46,25,21,22
HU6 7EF,24,10,14,11
HU6 7EG,20,15,5,16
HU6 7EH,45,22,23,19
HU6 7ER,12,7,5,4
HU6 7ES,13,8,5,5
HU6 7EX,52,28,24,19
HU6 7EY,11,5,6,4
HU6 7EZ,105,54,51,32
HU6 7FB,158,94,64,54
HU6 7FD,91,48,43,31
HU6 7FE,73,37,36,25
HU6 7HA,75,40,35,30
HU6 7HB,74,39,35,28
HU6 7HD,10,7,3,8
HU6 7HE,78,41,37,29
HU6 7HF,85,39,46,32
HU6 7HG,97,50,47,39
HU6 7HH,11,5,6,5
HU6 7HJ,78,39,39,31
HU6 7HL,71,37,34,27
HU6 7HN,76,35,41,28
HU6 7HP,36,15,21,20
HU6 7HQ,88,37,51,30
HU6 7JG,49,25,24,20
HU6 7JH,76,35,41,26
HU6 7JJ,75,41,34,31
HU6 7JN,32,14,18,12
HU6 7JP,156,74,82,57
HU6 7JR,138,74,64,46
HU6 7JS,90,48,42,32
HU6 7JT,105,58,47,43
HU6 7JU,115,54,61,45
HU6 7JW,6,4,2,2
HU6 7JX,79,34,45,27
HU6 7JY,71,33,38,23
HU6 7JZ,59,38,21,16
HU6 7LD,29,23,6,9
HU6 7LE,17,6,11,7
HU6 7LG,25,21,4,10
HU6 7LH,99,51,48,56
HU6 7LJ,24,10,14,13
HU6 7LL,57,34,23,21
HU6 7LN,145,80,65,40
HU6 7LP,150,85,65,37
HU6 7LR,69,27,42,20
HU6 7LS,176,91,85,39
HU6 7LT,66,31,35,25
HU6 7LW,87,49,38,30
HU6 7LX,70,36,34,25
HU6 7LY,74,32,42,29
HU6 7LZ,91,48,43,34
HU6 7ND,67,36,31,25
HU6 7NE,56,30,26,23
HU6 7NG,1,1,0,1
HU6 7PA,13,8,5,6
HU6 7PB,18,7,11,12
HU6 7PE,3,2,1,2
HU6 7PG,16,7,9,5
HU6 7PY,1,1,0,1
HU6 7QB,19,12,7,7
HU6 7QZ,29,22,7,6
HU6 7RA,28,22,6,11
HU6 7RE,98,57,41,36
HU6 7RG,65,39,26,20
HU6 7RH,64,31,33,9
HU6 7RN,23,12,11,7
HU6 7RP,19,7,12,6
HU6 7RQ,99,53,46,37
HU6 7RR,16,9,7,5
HU6 7RW,14,7,7,4
HU6 7RY,34,17,17,15
HU6 7RZ,53,25,28,20
HU6 7SA,6,2,4,3
HU6 7SB,49,32,17,10
HU6 7SD,17,12,5,4
HU6 7SE,261,116,145,21
HU6 7SF,21,10,11,5
HU6 7SG,76,49,27,17
HU6 7SH,71,40,31,38
HU6 7SJ,80,42,38,38
HU6 7SL,11,6,5,5
HU6 7SN,85,31,54,25
HU6 7SP,98,45,53,26
HU6 7SR,89,41,48,29
HU6 7SS,88,45,43,25
HU6 7ST,72,44,28,26
HU6 7SU,82,48,34,23
HU6 7SW,382,200,182,130
HU6 7SX,36,18,18,13
HU6 7SY,28,16,12,13
HU6 7TA,64,33,31,33
HU6 7TB,45,21,24,21
HU6 7TD,65,27,38,29
HU6 7TE,54,29,25,24
HU6 7TF,40,20,20,34
HU6 7TG,80,39,41,34
HU6 7TH,13,4,9,12
HU6 7TJ,14,7,7,10
HU6 7TL,4,3,1,1
HU6 7TP,25,10,15,14
HU6 7TR,8,5,3,5
HU6 7TS,7,5,2,3
HU6 7TT,103,53,50,39
HU6 7TU,64,38,26,14
HU6 7TX,97,49,48,43
HU6 7TY,92,46,46,37
HU6 7TZ,16,12,4,6
HU6 7UA,21,10,11,6
HU6 7UB,15,8,7,6
HU6 7UD,106,55,51,46
HU6 7UE,112,49,63,51
HU6 7UG,114,57,57,40
HU6 7UH,49,20,29,18
HU6 7UJ,51,27,24,21
HU6 7UL,42,24,18,16
HU6 7UN,51,26,25,24
HU6 7UP,42,23,19,14
HU6 7UW,31,15,16,15
HU6 7WA,40,23,17,16
HU6 7XA,26,11,15,13
HU6 7XB,31,14,17,14
HU6 7XD,40,18,22,25
HU6 7XE,111,54,57,52
HU6 7XF,109,51,58,49
HU6 7XG,29,11,18,22
HU6 7XH,35,17,18,19
HU6 7XJ,27,11,16,15
HU6 7XL,27,12,15,14
HU6 7XN,25,14,11,12
HU6 7XQ,28,14,14,24
HU6 7YA,25,14,11,13
HU6 7YB,39,24,15,19
HU6 7YD,130,60,70,65
HU6 7YE,27,14,13,19
HU6 7YF,18,10,8,14
HU6 7YG,98,48,50,55
HU6 7YH,18,10,8,15
HU6 7YJ,24,11,13,11
HU6 8AA,11,7,4,6
HU6 8AB,37,17,20,25
HU6 8AD,49,19,30,22
HU6 8AE,35,16,19,15
HU6 8AG,22,10,12,16
HU6 8AH,15,5,10,5
HU6 8AJ,18,8,10,6
HU6 8AL,73,36,37,28
HU6 8AN,53,30,23,22
HU6 8AP,47,20,27,22
HU6 8AQ,5,4,1,2
HU6 8AR,16,12,4,13
HU6 8AS,31,16,15,17
HU6 8AT,43,19,24,21
HU6 8AU,42,20,22,20
HU6 8AX,76,42,34,33
HU6 8AY,78,42,36,43
HU6 8AZ,108,53,55,36
HU6 8BA,114,54,60,44
HU6 8BB,136,73,63,48
HU6 8BD,82,38,44,31
HU6 8BG,52,25,27,25
HU6 8BH,17,9,8,15
HU6 8BJ,22,9,13,14
HU6 8BQ,62,30,32,21
HU6 8BS,113,45,68,47
HU6 8BT,21,13,8,8
HU6 8BU,75,43,32,32
HU6 8BX,20,10,10,8
HU6 8BY,68,28,40,31
HU6 8BZ,35,16,19,12
HU6 8DA,81,35,46,51
HU6 8DB,31,14,17,11
HU6 8DD,15,4,11,8
HU6 8DE,26,14,12,8
HU6 8DF,60,44,16,55
HU6 8DG,114,55,59,41
HU6 8DH,128,57,71,47
HU6 8DJ,119,60,59,48
HU6 8DL,97,51,46,38
HU6 8DN,7,5,2,3
HU6 8DP,42,23,19,19
HU6 8DQ,118,54,64,45
HU6 8DR,52,26,26,22
HU6 8DS,15,6,9,10
HU6 8DT,26,9,17,21
HU6 8DW,27,13,14,14
HU6 8DX,83,38,45,40
HU6 8DY,26,10,16,21
HU6 8DZ,41,21,20,23
HU6 8EA,63,28,35,28
HU6 8EB,48,24,24,19
HU6 8EE,47,15,32,20
HU6 8EF,80,39,41,27
HU6 8EG,8,2,6,2
HU6 8EH,47,20,27,30
HU6 8EJ,40,21,19,16
HU6 8EL,9,3,6,3
HU6 8EN,11,7,4,3
HU6 8EP,13,4,9,5
HU6 8EQ,26,12,14,14
HU6 8ER,22,11,11,12
HU6 8ES,2,2,0,2
HU6 8ET,20,10,10,6
HU6 8EU,19,11,8,6
HU6 8EW,30,16,14,12
HU6 8EX,92,38,54,38
HU6 8EY,53,27,26,18
HU6 8EZ,16,7,9,6
HU6 8HA,20,11,9,6
HU6 8HB,66,33,33,26
HU6 8HD,35,14,21,13
HU6 8HE,16,6,10,8
HU6 8HF,128,63,65,44
HU6 8HG,11,4,7,9
HU6 8HH,16,5,11,7
HU6 8HJ,25,17,8,12
HU6 8HL,64,32,32,23
HU6 8HN,28,14,14,13
HU6 8HP,23,13,10,8
HU6 8HQ,7,2,5,7
HU6 8HR,54,22,32,22
HU6 8HS,11,3,8,6
HU6 8HT,56,28,28,22
HU6 8HU,31,13,18,11
HU6 8HW,11,2,9,9
HU6 8HX,24,15,9,9
HU6 8HY,116,51,65,39
HU6 8HZ,22,10,12,8
HU6 8JA,58,29,29,25
HU6 8JB,117,61,56,41
HU6 8JD,47,22,25,38
HU6 8JF,60,28,32,30
HU6 8JG,57,31,26,24
HU6 8JL,39,25,14,22
HU6 8JN,14,5,9,5
HU6 8JP,14,7,7,6
HU6 8JQ,76,34,42,28
HU6 8JR,78,37,41,30
HU6 8JS,22,12,10,11
HU6 8JT,32,12,20,14
HU6 8JU,29,17,12,10
HU6 8JW,12,5,7,6
HU6 8JX,13,7,6,6
HU6 8JY,23,13,10,10
HU6 8JZ,91,49,42,32
HU6 8LB,135,63,72,45
HU6 8LD,46,24,22,20
HU6 8LE,20,11,9,7
HU6 8LF,15,9,6,5
HU6 8LG,25,13,12,8
HU6 8LH,119,61,58,48
HU6 8LJ,65,36,29,29
HU6 8LL,67,40,27,27
HU6 8LN,53,29,24,25
HU6 8LP,125,62,63,60
HU6 8LQ,21,10,11,16
HU6 8LR,71,36,35,34
HU6 8LS,101,50,51,57
HU6 8LT,30,13,17,25
HU6 8LW,21,8,13,13
HU6 8LX,17,6,11,14
HU6 8NA,9,7,2,6
HU6 8NB,21,12,9,11
HU6 8ND,69,27,42,26
HU6 8NE,67,30,37,25
HU6 8NG,20,10,10,8
HU6 8NH,79,37,42,25
HU6 8NJ,132,59,73,42
HU6 8NL,88,41,47,34
HU6 8NN,18,4,14,7
HU6 8NP,62,30,32,36
HU6 8NQ,52,30,22,18
HU6 8NR,99,53,46,43
HU6 8NS,9,6,3,5
HU6 8NT,76,31,45,25
HU6 8NU,83,38,45,26
HU6 8NX,60,24,36,24
HU6 8NY,77,34,43,28
HU6 8NZ,23,14,9,9
HU6 8PA,12,5,7,5
HU6 8PB,45,22,23,18
HU6 8PD,43,21,22,16
HU6 8PE,56,26,30,18
HU6 8PG,38,22,16,16
HU6 8PH,37,17,20,18
HU6 8PJ,62,28,34,23
HU6 8PL,84,42,42,31
HU6 8PN,23,11,12,9
HU6 8PW,12,8,4,4
HU6 8QA,104,51,53,38
HU6 8QE,112,59,53,73
HU6 8QF,68,32,36,32
HU6 8QH,89,44,45,37
HU6 8QJ,55,26,29,23
HU6 8QL,41,18,23,16
HU6 8QN,15,8,7,4
HU6 8QP,6,4,2,2
HU6 8QQ,134,74,60,49
HU6 8QR,22,10,12,8
HU6 8QS,20,7,13,9
HU6 8QT,21,11,10,12
HU6 8QU,113,54,59,47
HU6 8QW,67,34,33,25
HU6 8QX,63,30,33,25
HU6 8QY,99,43,56,38
HU6 8QZ,6,3,3,3
HU6 8RA,70,39,31,29
HU6 8RB,69,31,38,28
HU6 8RD,79,45,34,30
HU6 8RE,70,35,35,30
HU6 8RF,2,1,1,1
HU6 8RG,8,5,3,4
HU6 8SA,93,45,48,35
HU6 8SB,74,33,41,33
HU6 8SD,25,13,12,8
HU6 8SE,26,13,13,11
HU6 8SG,49,25,24,21
HU6 8SH,73,39,34,26
HU6 8SJ,36,19,17,12
HU6 8SL,22,10,12,8
HU6 8SN,7,4,3,3
HU6 8SP,97,42,55,34
HU6 8SQ,10,5,5,3
HU6 8SR,62,30,32,23
HU6 8SS,10,5,5,5
HU6 8ST,28,17,11,10
HU6 8SU,10,5,5,5
HU6 8SW,22,9,13,12
HU6 8SX,11,4,7,5
HU6 8SY,89,48,41,26
HU6 8SZ,60,29,31,23
HU6 8TA,24,10,14,10
HU6 8TB,95,51,44,43
HU6 8TD,97,45,52,43
HU6 8TE,26,14,12,11
HU6 8TG,1,1,0,1
HU6 8TH,11,6,5,4
HU6 8TJ,28,12,16,10
HU6 8TL,78,37,41,31
HU6 8TN,12,6,6,5
HU6 8TQ,6,4,2,4
HU6 8TW,25,16,9,10
HU6 9AB,102,46,56,36
HU6 9AD,72,40,32,30
HU6 9AE,82,32,50,34
HU6 9AF,134,63,71,38
HU6 9AG,70,30,40,22
HU6 9AH,95,39,56,33
HU6 9AJ,127,51,76,46
HU6 9AL,78,35,43,28
HU6 9AN,71,41,30,25
HU6 9AP,69,33,36,24
HU6 9AQ,98,55,43,34
HU6 9AS,36,17,19,9
HU6 9AT,31,18,13,8
HU6 9AU,40,17,23,10
HU6 9AX,57,24,33,18
HU6 9AY,33,14,19,13
HU6 9AZ,42,20,22,17
HU6 9BA,37,15,22,16
HU6 9BB,26,13,13,9
HU6 9BD,33,18,15,12
HU6 9BE,46,25,21,19
HU6 9BG,91,42,49,31
HU6 9BH,84,37,47,43
HU6 9BJ,125,58,67,66
HU6 9BL,60,27,33,36
HU6 9BS,40,17,23,19
HU6 9BT,29,13,16,12
HU6 9BU,57,31,26,26
HU6 9BX,14,10,4,5
HU6 9BY,55,27,28,21
HU6 9BZ,51,28,23,21
HU6 9DA,102,47,55,46
HU6 9DB,70,37,33,37
HU6 9DD,87,43,44,41
HU6 9DE,75,36,39,36
HU6 9DG,53,30,23,24
HU6 9DN,41,21,20,31
HU6 9DP,29,25,4,28
HU6 9DT,2,2,0,2
HU6 9DZ,66,26,40,23
HU6 9EA,70,35,35,32
HU6 9EB,98,49,49,52
HU6 9ED,66,25,41,41
HU6 9EE,53,21,32,23
HU6 9EF,41,17,24,12
HU6 9EG,62,28,34,25
HU6 9EH,22,12,10,21
HU6 9EJ,142,76,66,44
HU6 9EL,25,12,13,21
HU6 9EN,102,43,59,35
HU6 9EP,161,90,71,48
HU6 9ER,116,60,56,38
HU6 9ET,148,68,80,52
HU6 9EU,189,88,101,55
HU6 9EX,35,26,9,30
HU6 9EY,86,37,49,30
HU6 9EZ,109,47,62,39
HU6 9HA,152,72,80,43
HU6 9HB,101,42,59,34
HU6 9HD,22,13,9,9
HU6 9HE,137,64,73,59
HU6 9HG,91,38,53,44
HU6 9HH,43,20,23,22
HU6 9HJ,52,27,25,31
HU6 9HL,51,43,8,40
HU6 9HN,95,39,56,29
HU6 9HS,34,17,17,19
HU6 9HT,43,23,20,23
HU6 9JA,13,6,7,6
HU6 9JB,19,9,10,8
HU6 9JD,26,16,10,8
HU6 9JE,60,31,29,24
HU6 9JG,29,15,14,12
HU6 9JH,59,27,32,21
HU6 9JJ,32,13,19,12
HU6 9JL,27,13,14,8
HU6 9JN,46,19,27,20
HU6 9JP,96,51,45,42
HU6 9JR,63,31,32,24
HU6 9JS,25,13,12,13
HU6 9JT,79,35,44,32
HU6 9JU,20,7,13,9
HU6 9JX,77,31,46,29
HU6 9JY,136,74,62,63
HU6 9LA,32,19,13,14
HU6 9LB,16,7,9,6
HU6 9LD,25,13,12,7
HU6 9LE,69,33,36,30
HU6 9LF,31,13,18,24
HU6 9LG,38,15,23,14
HU6 9LH,64,37,27,24
HU6 9LJ,109,46,63,45
HU6 9LL,50,27,23,20
HU6 9LN,32,18,14,8
HU6 9LP,12,7,5,5
HU6 9LQ,36,19,17,29
HU6 9LR,102,41,61,41
HU6 9LS,106,53,53,40
HU6 9LT,24,10,14,10
HU6 9LU,85,40,45,34
HU6 9LX,78,38,40,30
HU6 9LY,26,10,16,11
HU6 9LZ,25,9,16,10
HU6 9NA,51,20,31,27
HU6 9NB,103,50,53,39
HU6 9ND,20,15,5,18
HU6 9NE,88,38,50,33
HU6 9NG,70,38,32,28
HU6 9NH,65,40,25,22
HU6 9NJ,9,4,5,3
HU6 9NL,26,12,14,8
HU6 9NN,9,7,2,2
HU6 9NP,84,36,48,38
HU6 9NR,113,53,60,35
HU6 9NS,13,6,7,5
HU6 9NT,32,14,18,15
HU6 9NU,2,1,1,1
HU6 9NW,85,47,38,27
HU6 9NX,18,8,10,7
HU6 9NY,40,17,23,18
HU6 9NZ,39,20,19,16
HU6 9PA,20,10,10,13
HU6 9PB,41,10,31,37
HU6 9PD,60,28,32,28
HU6 9PE,7,4,3,3
HU6 9PF,61,30,31,28
HU6 9PG,7,3,4,3
HU6 9PH,55,23,32,29
HU6 9PJ,64,27,37,44
HU6 9PL,26,13,13,9
HU6 9PN,132,65,67,56
HU6 9PP,35,17,18,12
HU6 9PR,85,40,45,34
HU6 9PS,17,10,7,6
HU6 9PW,85,44,41,38
HU6 9QD,52,22,30,24
HU6 9QE,42,19,23,20
HU6 9QF,16,9,7,6
HU6 9QG,1,1,0,1
HU6 9QH,55,31,24,21
HU6 9QJ,68,32,36,24
HU6 9QL,17,11,6,7
HU6 9QN,12,6,6,6
HU6 9QP,78,37,41,30
HU6 9QR,42,23,19,15
HU6 9QS,93,42,51,33
HU6 9QT,21,9,12,4
HU6 9QU,62,28,34,27
HU6 9QW,33,14,19,15
HU6 9QX,30,12,18,8
HU6 9QY,57,26,31,21
HU6 9QZ,32,17,15,10
HU6 9RA,41,20,21,17
HU6 9RB,60,27,33,24
HU6 9RD,20,8,12,16
HU6 9RE,51,27,24,27
HU6 9RF,11,5,6,4
HU6 9RG,16,9,7,8
HU6 9RH,34,17,17,13
HU6 9RJ,34,13,21,22
HU6 9RL,7,2,5,3
HU6 9RN,42,17,25,18
HU6 9RP,2,2,0,1
HU6 9RR,1,1,0,1
HU6 9RT,48,16,32,20
HU6 9RU,3,2,1,1
HU6 9RW,53,24,29,21
HU6 9RX,12,7,5,5
HU6 9RY,63,34,29,26
HU6 9SA,55,28,27,25
HU6 9SB,6,1,5,4
HU6 9SD,107,53,54,44
HU6 9SE,51,29,22,20
HU6 9SG,52,25,27,21
HU6 9SH,77,34,43,33
HU6 9SJ,84,39,45,33
HU6 9SL,15,7,8,6
HU6 9SN,83,36,47,33
HU6 9SP,50,25,25,23
HU6 9SR,71,37,34,31
HU6 9SS,88,41,47,36
HU6 9ST,21,10,11,13
HU6 9SU,54,34,20,42
HU6 9SX,48,36,12,40
HU6 9SZ,93,44,49,31
HU6 9TB,125,61,64,48
HU6 9TD,126,67,59,49
HU6 9TE,83,34,49,35
HU6 9TG,81,45,36,34
HU6 9TH,91,42,49,30
HU6 9TJ,105,56,49,44
HU6 9TL,67,31,36,29
HU6 9TN,92,43,49,44
HU6 9TP,103,51,52,36
HU6 9UA,20,10,10,9
HU6 9UB,30,18,12,16
HU6 9UD,65,24,41,27
HU6 9UE,36,15,21,16
HU6 9UF,126,65,61,57
HU6 9UG,22,11,11,12
HU6 9UH,162,70,92,67
HU7 0AS,58,28,30,25
HU7 0BH,10,6,4,2
HU7 0BN,11,5,6,7
HU7 0BX,60,26,34,33
HU7 0BY,35,18,17,16
HU7 0DE,28,13,15,12
HU7 0DF,27,16,11,13
HU7 0DH,84,44,40,41
HU7 0DN,14,8,6,6
HU7 0DS,100,57,43,52
HU7 0DT,120,62,58,57
HU7 0DU,84,43,41,34
HU7 0DW,170,88,82,73
HU7 0DX,111,58,53,55
HU7 0DY,167,92,75,70
HU7 0DZ,25,14,11,13
HU7 0EA,135,72,63,55
HU7 0EB,82,43,39,31
HU7 0ED,113,60,53,56
HU7 0EE,76,41,35,35
HU7 0EF,50,27,23,21
HU7 0EH,36,21,15,15
HU7 0EJ,52,31,21,24
HU7 0EL,229,111,118,80
HU7 0EN,46,25,21,16
HU7 0XF,6,3,3,2
HU7 0YN,2,1,1,1
HU7 3AD,26,10,16,7
HU7 3AG,43,23,20,17
HU7 3AH,24,17,7,17
HU7 3AL,47,24,23,17
HU7 3AN,108,50,58,53
HU7 3AS,15,7,8,7
HU7 3AU,13,6,7,10
HU7 3BA,66,32,34,25
HU7 3BH,25,13,12,8
HU7 3BN,57,31,26,21
HU7 3BP,1,1,0,1
HU7 3DE,44,21,23,17
HU7 3DF,108,47,61,53
HU7 3DG,67,38,29,35
HU7 3DT,71,34,37,29
HU7 3DU,42,19,23,21
HU7 3DX,34,20,14,15
HU7 3DY,48,24,24,25
HU7 3DZ,154,76,78,52
HU7 3EA,57,34,23,19
HU7 3EB,90,41,49,39
HU7 3ED,30,15,15,15
HU7 3EE,17,8,9,6
HU7 3EF,13,5,8,4
HU7 3EG,21,11,10,10
HU7 3EH,131,74,57,54
HU7 3EJ,43,11,32,0
HU7 3EL,218,116,102,87
HU7 3EN,50,25,25,26
HU7 3EP,66,29,37,27
HU7 3EQ,26,16,10,12
HU7 3ER,30,13,17,11
HU7 3ES,29,14,15,12
HU7 3ET,162,74,88,69
HU7 3EU,75,35,40,27
HU7 3EW,86,44,42,37
HU7 3EX,31,18,13,12
HU7 3EY,9,4,5,5
HU7 3EZ,35,18,17,10
HU7 3FZ,3,2,1,3
HU7 3GA,86,42,44,37
HU7 3GB,148,74,74,56
HU7 3GD,86,46,40,35
HU7 3GE,142,68,74,64
HU7 3GF,148,72,76,62
HU7 3GG,146,70,76,53
HU7 3GH,54,25,29,23
HU7 3GJ,17,8,9,6
HU7 3GL,56,26,30,22
HU7 3GN,42,25,17,21
HU7 3GP,182,86,96,71
HU7 3GQ,97,49,48,33
HU7 3GR,23,13,10,13
HU7 3GS,212,96,116,68
HU7 3GT,91,49,42,29
HU7 3GY,60,30,30,39
HU7 3HA,30,16,14,13
HU7 3HB,69,31,38,28
HU7 3HD,71,34,37,30
HU7 3HE,31,15,16,13
HU7 3HF,136,76,60,51
HU7 3HG,35,19,16,15
HU7 3HH,83,40,43,34
HU7 3HJ,50,27,23,19
HU7 3HL,158,77,81,58
HU7 3HN,64,29,35,23
HU7 3HP,189,109,80,57
HU7 3HQ,38,20,18,15
HU7 3HR,45,24,21,14
HU7 3HS,60,33,27,18
HU7 3HT,41,20,21,10
HU7 3HU,45,25,20,13
HU7 3HW,71,38,33,26
HU7 3HX,28,13,15,12
HU7 3HY,80,41,39,32
HU7 3HZ,36,14,22,13
HU7 3JA,68,36,32,22
HU7 3JB,62,32,30,21
HU7 3JD,32,16,16,15
HU7 3JE,71,42,29,34
HU7 3JF,129,64,65,46
HU7 3JG,101,50,51,41
HU7 3JH,42,19,23,22
HU7 3JJ,61,22,39,22
HU7 3JL,94,43,51,30
HU7 3JN,111,49,62,45
HU7 3JP,47,21,26,15
HU7 3JR,132,63,69,51
HU7 3JS,118,58,60,46
HU7 3JT,102,49,53,35
HU7 3JU,164,77,87,56
HU7 3JW,39,16,23,13
HU7 3JX,67,35,32,24
HU7 3LA,86,42,44,36
HU7 3LD,40,22,18,17
HU7 3LE,61,34,27,26
HU7 3NB,12,6,6,5
HU7 3NE,50,27,23,16
HU7 3NF,50,27,23,19
HU7 3NG,47,28,19,17
HU7 4AA,108,56,52,41
HU7 4AB,44,22,22,18
HU7 4AD,78,38,40,32
HU7 4AE,87,44,43,34
HU7 4AG,147,72,75,54
HU7 4AH,152,75,77,59
HU7 4AJ,68,27,41,24
HU7 4AL,172,90,82,61
HU7 4AN,99,53,46,35
HU7 4AQ,145,72,73,48
HU7 4AR,116,60,56,53
HU7 4AS,85,30,55,61
HU7 4AT,74,36,38,35
HU7 4AU,128,64,64,50
HU7 4AW,95,46,49,34
HU7 4AX,79,40,39,30
HU7 4AY,137,72,65,54
HU7 4BA,57,28,29,27
HU7 4BB,70,34,36,28
HU7 4BD,125,68,57,45
HU7 4BE,124,68,56,50
HU7 4BG,144,76,68,51
HU7 4BH,91,43,48,36
HU7 4BJ,6,3,3,6
HU7 4BL,88,41,47,40
HU7 4BN,179,93,86,67
HU7 4BP,110,57,53,40
HU7 4BQ,174,95,79,61
HU7 4BS,1,1,0,1
HU7 4BT,67,33,34,24
HU7 4BU,102,52,50,52
HU7 4BW,198,104,94,66
HU7 4BX,113,61,52,45
HU7 4BY,117,58,59,45
HU7 4BZ,142,73,69,72
HU7 4DA,99,50,49,35
HU7 4DB,67,29,38,24
HU7 4DD,100,47,53,34
HU7 4DE,24,12,12,11
HU7 4DG,48,26,22,19
HU7 4DH,2,0,2,1
HU7 4DJ,115,56,59,41
HU7 4DL,100,46,54,27
HU7 4DN,38,17,21,13
HU7 4DP,52,26,26,27
HU7 4DQ,30,12,18,14
HU7 4DR,19,11,8,10
HU7 4DS,136,71,65,67
HU7 4DT,57,32,25,19
HU7 4DU,101,50,51,33
HU7 4DX,18,10,8,9
HU7 4DY,82,37,45,32
HU7 4DZ,114,55,59,45
HU7 4EA,64,32,32,29
HU7 4EB,161,68,93,51
HU7 4EE,3,2,1,3
HU7 4EF,1,0,1,1
HU7 4EH,79,42,37,32
HU7 4EJ,84,41,43,34
HU7 4EL,60,21,39,27
HU7 4EN,102,48,54,38
HU7 4EP,70,33,37,35
HU7 4ER,48,27,21,26
HU7 4ES,74,33,41,36
HU7 4ET,110,55,55,39
HU7 4EU,78,38,40,30
HU7 4EW,8,2,6,5
HU7 4EX,103,58,45,46
HU7 4EY,72,32,40,28
HU7 4EZ,65,38,27,35
HU7 4FB,11,4,7,3
HU7 4FD,1,0,1,1
HU7 4FG,102,58,44,0
HU7 4FH,44,24,20,16
HU7 4FL,37,10,27,4
HU7 4FN,33,14,19,11
HU7 4FQ,54,29,25,26
HU7 4HB,64,39,25,49
HU7 4HD,56,36,20,45
HU7 4HF,1,1,0,1
HU7 4HG,95,45,50,34
HU7 4HH,130,66,64,40
HU7 4HJ,97,55,42,37
HU7 4HL,116,54,62,43
HU7 4HN,97,43,54,35
HU7 4HP,58,30,28,27
HU7 4HR,117,59,58,45
HU7 4HT,45,21,24,25
HU7 4HU,39,17,22,16
HU7 4HW,24,10,14,11
HU7 4HX,75,36,39,29
HU7 4HY,93,48,45,33
HU7 4HZ,75,37,38,36
HU7 4JA,44,21,23,22
HU7 4JJ,64,32,32,20
HU7 4JL,19,8,11,9
HU7 4JN,17,12,5,15
HU7 4JR,58,27,31,22
HU7 4JS,32,20,12,9
HU7 4JT,133,64,69,45
HU7 4JU,84,38,46,30
HU7 4LA,88,43,45,39
HU7 4LB,127,63,64,49
HU7 4LD,137,56,81,55
HU7 4LE,71,40,31,27
HU7 4LF,67,30,37,26
HU7 4LG,59,28,31,22
HU7 4LH,86,40,46,25
HU7 4LJ,39,20,19,21
HU7 4LL,44,20,24,21
HU7 4LN,77,37,40,36
HU7 4LP,153,76,77,56
HU7 4LQ,60,32,28,18
HU7 4LR,81,35,46,33
HU7 4LS,98,42,56,52
HU7 4LT,57,27,30,20
HU7 4LU,54,27,27,17
HU7 4LW,80,35,45,33
HU7 4LX,82,37,45,26
HU7 4LY,108,44,64,39
HU7 4LZ,99,45,54,43
HU7 4NA,151,63,88,54
HU7 4NB,93,47,46,33
HU7 4ND,92,41,51,35
HU7 4NE,57,23,34,19
HU7 4NF,142,62,80,53
HU7 4NG,130,61,69,47
HU7 4NH,86,30,56,75
HU7 4NL,118,61,57,39
HU7 4NN,100,49,51,28
HU7 4NP,94,46,48,38
HU7 4NR,122,54,68,52
HU7 4NS,169,74,95,61
HU7 4NT,122,53,69,45
HU7 4NU,112,55,57,32
HU7 4NW,132,70,62,42
HU7 4NX,72,31,41,25
HU7 4NY,159,79,80,49
HU7 4NZ,90,35,55,30
HU7 4PA,46,19,27,33
HU7 4PB,69,34,35,39
HU7 4PD,3,1,2,2
HU7 4PE,27,13,14,10
HU7 4PF,4,2,2,3
HU7 4PG,143,77,66,65
HU7 4PH,90,36,54,37
HU7 4PJ,97,47,50,37
HU7 4PL,91,41,50,41
HU7 4PN,95,48,47,43
HU7 4PP,86,42,44,41
HU7 4PQ,151,79,72,55
HU7 4PR,125,67,58,49
HU7 4PS,71,34,37,40
HU7 4PT,98,55,43,41
HU7 4PU,60,42,18,47
HU7 4PX,48,35,13,41
HU7 4PY,103,53,50,43
HU7 4PZ,110,62,48,42
HU7 4QA,77,39,38,33
HU7 4QB,83,39,44,44
HU7 4QD,48,21,27,20
HU7 4QE,110,51,59,50
HU7 4QF,114,58,56,49
HU7 4QG,80,41,39,34
HU7 4QH,86,38,48,35
HU7 4QJ,65,29,36,26
HU7 4QL,118,59,59,38
HU7 4QN,162,73,89,51
HU7 4QP,92,46,46,32
HU7 4QQ,69,31,38,28
HU7 4QR,45,22,23,23
HU7 4QT,18,10,8,11
HU7 4QW,133,66,67,47
HU7 4RA,114,57,57,42
HU7 4RB,146,75,71,50
HU7 4RD,143,68,75,51
HU7 4RE,69,29,40,27
HU7 4RF,98,42,56,41
HU7 4RG,35,14,21,17
HU7 4RH,116,55,61,48
HU7 4RJ,134,55,79,51
HU7 4RN,128,68,60,53
HU7 4RP,73,31,42,34
HU7 4RQ,114,56,58,48
HU7 4RR,148,80,68,63
HU7 4RS,105,59,46,52
HU7 4RT,105,51,54,41
HU7 4RU,47,25,22,25
HU7 4RW,51,26,25,32
HU7 4RX,88,51,37,34
HU7 4RY,118,53,65,51
HU7 4RZ,64,33,31,32
HU7 4SA,90,44,46,44
HU7 4SB,91,45,46,35
HU7 4SD,111,59,52,49
HU7 4SE,101,56,45,50
HU7 4SF,94,49,45,42
HU7 4SG,133,60,73,46
HU7 4SJ,120,53,67,48
HU7 4SL,41,16,25,26
HU7 4SN,60,26,34,36
HU7 4SP,110,49,61,50
HU7 4SQ,87,38,49,35
HU7 4SR,45,25,20,25
HU7 4SS,25,10,15,24
HU7 4ST,32,16,16,14
HU7 4SU,48,20,28,27
HU7 4SW,75,36,39,36
HU7 4SX,48,24,24,20
HU7 4SY,139,75,64,50
HU7 4SZ,133,60,73,64
HU7 4TA,51,20,31,19
HU7 4TD,37,17,20,20
HU7 4TE,13,5,8,5
HU7 4TF,44,20,24,21
HU7 4TG,43,28,15,22
HU7 4TH,9,2,7,4
HU7 4TJ,34,21,13,17
HU7 4TL,2,1,1,1
HU7 4TN,82,43,39,33
HU7 4TP,55,29,26,20
HU7 4TQ,5,3,2,3
HU7 4TR,54,28,26,21
HU7 4TS,11,6,5,6
HU7 4TT,8,4,4,3
HU7 4TU,2,1,1,2
HU7 4TW,49,27,22,18
HU7 4TX,9,5,4,4
HU7 4TZ,86,45,41,33
HU7 4UA,92,47,45,34
HU7 4UB,73,40,33,30
HU7 4UD,11,5,6,7
HU7 4UE,8,4,4,6
HU7 4UF,6,3,3,6
HU7 4UG,59,28,31,24
HU7 4UH,8,4,4,3
HU7 4UJ,5,3,2,4
HU7 4UL,13,5,8,6
HU7 4UN,13,7,6,7
HU7 4UP,62,17,45,25
HU7 4UQ,54,30,24,24
HU7 4UR,57,28,29,28
HU7 4US,69,21,48,15
HU7 4UT,6,3,3,3
HU7 4UU,6,3,3,3
HU7 4UX,3,1,2,3
HU7 4UY,59,31,28,22
HU7 4UZ,66,34,32,24
HU7 4WA,130,67,63,34
HU7 4WD,7,7,0,7
HU7 4WF,139,64,75,53
HU7 4WG,90,49,41,28
HU7 4WH,107,53,54,35
HU7 4WJ,9,5,4,5
HU7 4WL,215,106,109,67
HU7 4WN,134,73,61,70
HU7 4WY,24,14,10,9
HU7 4WZ,41,16,25,17
HU7 4XA,83,42,41,33
HU7 4XB,22,13,9,10
HU7 4XD,22,13,9,10
HU7 4XE,65,32,33,28
HU7 4XF,142,66,76,58
HU7 4XG,83,34,49,30
HU7 4XH,52,22,30,26
HU7 4XJ,28,13,15,15
HU7 4XL,50,26,24,23
HU7 4XN,34,17,17,17
HU7 4XP,6,4,2,3
HU7 4XQ,68,30,38,34
HU7 4XR,16,7,9,10
HU7 4XS,15,7,8,6
HU7 4XT,34,19,15,16
HU7 4XU,32,16,16,16
HU7 4XW,21,10,11,11
HU7 4XX,72,33,39,27
HU7 4XY,29,16,13,12
HU7 4XZ,138,67,71,63
HU7 4YA,45,22,23,21
HU7 4YB,100,53,47,44
HU7 4YD,20,8,12,10
HU7 4YE,20,14,6,7
HU7 4YF,2,2,0,2
HU7 4YG,38,12,26,4
HU7 4YH,5,2,3,3
HU7 4YJ,12,5,7,5
HU7 4YL,75,24,51,31
HU7 4YN,4,2,2,2
HU7 4YP,11,6,5,4
HU7 4YQ,82,45,37,31
HU7 4YR,35,13,22,3
HU7 4YS,84,42,42,29
HU7 4YT,25,12,13,10
HU7 4YU,54,18,36,18
HU7 4YW,136,67,69,50
HU7 4YX,28,14,14,23
HU7 4YY,94,50,44,35
HU7 4YZ,92,46,46,35
HU7 4ZA,65,29,36,25
HU7 4ZB,38,22,16,19
HU7 4ZD,96,51,45,36
HU7 4ZE,12,2,10,8
HU7 4ZF,33,16,17,17
HU7 4ZG,21,9,12,7
HU7 4ZH,90,43,47,30
HU7 4ZJ,91,39,52,31
HU7 4ZL,59,33,26,24
HU7 4ZN,76,40,36,26
HU7 4ZP,67,36,31,24
HU7 4ZQ,41,24,17,12
HU7 4ZR,102,53,49,37
HU7 4ZZ,5,1,4,1
HU7 5AA,66,31,35,19
HU7 5AB,109,54,55,46
HU7 5AD,102,46,56,35
HU7 5AE,68,33,35,27
HU7 5AF,44,21,23,14
HU7 5AG,148,75,73,52
HU7 5AH,5,3,2,5
HU7 5AJ,80,39,41,29
HU7 5AL,108,57,51,41
HU7 5AN,121,51,70,47
HU7 5AP,209,107,102,70
HU7 5AQ,94,47,47,34
HU7 5AR,157,72,85,68
HU7 5AS,86,37,49,34
HU7 5AT,61,32,29,21
HU7 5AU,70,29,41,31
HU7 5AW,70,33,37,27
HU7 5AX,78,38,40,34
HU7 5AY,46,21,25,23
HU7 5AZ,91,46,45,33
HU7 5BA,71,33,38,29
HU7 5BB,44,24,20,22
HU7 5BD,36,19,17,11
HU7 5BE,137,60,77,48
HU7 5BG,67,34,33,22
HU7 5BH,110,52,58,38
HU7 5BJ,1,0,1,1
HU7 5BL,88,40,48,29
HU7 5BN,50,24,26,24
HU7 5BP,81,40,41,31
HU7 5BQ,71,29,42,28
HU7 5BS,133,57,76,41
HU7 5BT,51,26,25,20
HU7 5BU,107,51,56,41
HU7 5BW,136,61,75,54
HU7 5BX,127,60,67,44
HU7 5BY,78,36,42,27
HU7 5DA,35,17,18,17
HU7 5DB,123,54,69,38
HU7 5DE,68,29,39,29
HU7 5DF,89,44,45,35
HU7 5DG,24,12,12,9
HU7 5DH,66,33,33,22
HU7 5DJ,74,38,36,26
HU7 5DL,18,8,10,9
HU7 5DN,109,48,61,44
HU7 5DQ,16,8,8,10
HU7 5DR,49,17,32,19
HU7 5DW,76,36,40,30
HU7 5EG,25,7,18,23
HU7 5EH,1,1,0,0
HU7 5FB,10,4,6,4
HU7 5FD,21,13,8,6
HU7 5UZ,55,27,28,23
HU7 5XA,5,2,3,2
HU7 5XB,20,11,9,8
HU7 5XD,102,51,51,43
HU7 5XE,20,8,12,12
HU7 5XG,11,3,8,4
HU7 5XH,109,58,51,54
HU7 5XJ,81,39,42,36
HU7 5XL,45,20,25,19
HU7 5XN,60,27,33,28
HU7 5XP,59,28,31,21
HU7 5XR,86,44,42,37
HU7 5XS,26,11,15,11
HU7 5XT,50,28,22,18
HU7 5XU,34,17,17,15
HU7 5XW,78,37,41,33
HU7 5XX,9,5,4,4
HU7 5XY,22,12,10,8
HU7 5XZ,2,1,1,1
HU7 5YS,27,12,15,3
HU7 5YU,87,35,52,39
HU7 5YX,5,2,3,2
HU7 5YY,20,11,9,5
HU7 6AA,54,27,27,30
HU7 6AB,106,48,58,47
HU7 6AD,108,52,56,35
HU7 6AE,109,54,55,51
HU7 6AF,139,75,64,57
HU7 6AG,66,35,31,26
HU7 6AJ,123,55,68,45
HU7 6AL,72,26,46,33
HU7 6AN,107,53,54,43
HU7 6AP,138,69,69,56
HU7 6AQ,53,19,34,21
HU7 6AR,97,44,53,45
HU7 6AS,109,53,56,55
HU7 6AT,110,51,59,48
HU7 6AU,54,25,29,24
HU7 6AW,81,39,42,38
HU7 6AX,152,76,76,62
HU7 6AY,113,52,61,53
HU7 6AZ,148,62,86,49
HU7 6BA,169,79,90,68
HU7 6BB,85,42,43,43
HU7 6BD,72,35,37,42
HU7 6BE,107,50,57,43
HU7 6BG,72,35,37,33
HU7 6BH,117,59,58,62
HU7 6BJ,71,35,36,34
HU7 6BL,25,10,15,12
HU7 6BN,75,36,39,31
HU7 6BP,188,89,99,70
HU7 6BQ,99,44,55,38
HU7 6BS,35,14,21,13
HU7 6BW,42,19,23,17
HU7 6DA,153,80,73,61
HU7 6DB,138,74,64,49
HU7 6DD,109,52,57,54
HU7 6DE,40,20,20,21
HU7 6DF,72,36,36,35
HU7 6DG,123,60,63,57
HU7 6DH,143,62,81,55
HU7 6DJ,110,51,59,47
HU7 6DL,80,38,42,34
HU7 6DN,32,11,21,16
HU7 6DP,45,22,23,24
HU7 6DQ,103,53,50,46
HU7 6DR,87,44,43,47
HU7 6DS,55,27,28,27
HU7 6DT,96,51,45,54
HU7 6DU,44,19,25,26
HU7 6DW,158,88,70,57
HU7 6DX,120,64,56,70
HU7 6DZ,116,57,59,49
HU7 6ED,22,12,10,10
HU7 6EE,133,65,68,56
HU7 6EF,80,38,42,30
HU7 6EG,13,6,7,6
HU7 6EH,40,19,21,12
HU7 6EJ,26,16,10,9
HU7 6EL,86,44,42,31
HU8 0AL,60,27,33,26
HU8 0AU,84,42,42,34
HU8 0AX,54,28,26,25
HU8 0AY,59,34,25,22
HU8 0EB,19,11,8,6
HU8 0ED,13,7,6,8
HU8 0EE,1,1,0,1
HU8 0EF,61,28,33,25
HU8 0EG,87,45,42,37
HU8 0EH,19,7,12,9
HU8 0EJ,67,33,34,24
HU8 0EL,112,56,56,46
HU8 0EN,111,56,55,47
HU8 0EP,82,42,40,33
HU8 0EQ,22,10,12,11
HU8 0ER,69,31,38,25
HU8 0ET,123,64,59,47
HU8 0EU,28,12,16,13
HU8 0EW,142,77,65,57
HU8 0EX,165,80,85,61
HU8 0EY,144,73,71,56
HU8 0EZ,73,37,36,29
HU8 0FD,129,69,60,49
HU8 0FE,55,27,28,26
HU8 0FF,46,26,20,16
HU8 0FG,22,10,12,8
HU8 0HA,87,41,46,32
HU8 0HB,82,42,40,32
HU8 0HD,100,55,45,39
HU8 0HE,61,32,29,26
HU8 0HG,21,10,11,7
HU8 0HH,176,84,92,63
HU8 0HJ,136,56,80,44
HU8 0HL,56,24,32,22
HU8 0HN,63,31,32,23
HU8 0HP,45,20,25,18
HU8 0HR,117,55,62,39
HU8 0HS,29,17,12,13
HU8 0HT,45,26,19,19
HU8 0HU,25,8,17,13
HU8 0HW,48,22,26,22
HU8 0HX,45,22,23,26
HU8 0JA,92,44,48,38
HU8 0JB,19,11,8,6
HU8 0JE,152,68,84,52
HU8 0JF,125,66,59,49
HU8 0JG,76,36,40,33
HU8 0JH,24,9,15,11
HU8 0JJ,21,12,9,8
HU8 0JL,31,15,16,13
HU8 0JN,30,14,16,12
HU8 0JP,53,28,25,22
HU8 0JR,24,11,13,10
HU8 0JS,37,21,16,12
HU8 0JT,33,20,13,13
HU8 0JU,50,27,23,15
HU8 0JW,40,18,22,13
HU8 0JX,34,20,14,14
HU8 0JY,57,31,26,16
HU8 0JZ,104,48,56,51
HU8 0LA,124,64,60,38
HU8 0LB,119,61,58,37
HU8 0LD,25,9,16,15
HU8 0LE,68,33,35,29
HU8 0LG,90,46,44,42
HU8 0LH,16,7,9,6
HU8 0LJ,84,41,43,26
HU8 0LL,79,43,36,28
HU8 0LN,50,25,25,21
HU8 0LP,25,14,11,8
HU8 0LQ,53,27,26,20
HU8 0LR,64,28,36,29
HU8 0LS,51,29,22,17
HU8 0LT,52,27,25,17
HU8 0LU,113,58,55,42
HU8 0LX,44,24,20,14
HU8 0LY,22,9,13,6
HU8 0LZ,74,40,34,27
HU8 0NA,81,44,37,25
HU8 0NB,54,29,25,19
HU8 0ND,124,62,62,50
HU8 0NE,52,24,28,23
HU8 0NG,150,78,72,49
HU8 0NH,57,25,32,27
HU8 0NJ,92,42,50,41
HU8 0NL,55,27,28,26
HU8 0NN,29,11,18,16
HU8 0NP,29,14,15,11
HU8 0NQ,21,11,10,8
HU8 0NU,52,29,23,16
HU8 0NX,2,1,1,1
HU8 0PE,15,5,10,6
HU8 0PF,16,7,9,4
HU8 0PG,32,14,18,14
HU8 0PH,21,11,10,16
HU8 0PJ,28,15,13,14
HU8 0PL,44,24,20,22
HU8 0PN,63,33,30,33
HU8 0PP,88,44,44,30
HU8 0PQ,13,4,9,7
HU8 0PR,19,8,11,9
HU8 0PS,39,20,19,13
HU8 0PT,32,17,15,14
HU8 0PU,34,13,21,18
HU8 0PX,25,11,14,11
HU8 0PY,3,2,1,2
HU8 0PZ,60,33,27,29
HU8 0QB,81,42,39,37
HU8 0QD,78,38,40,36
HU8 0QE,63,28,35,32
HU8 0QG,48,20,28,20
HU8 0QH,95,46,49,40
HU8 0QJ,99,51,48,42
HU8 0QL,114,50,64,57
HU8 0QQ,33,18,15,14
HU8 0QT,75,33,42,29
HU8 0QU,55,29,26,19
HU8 0QX,93,40,53,34
HU8 0QY,23,14,9,9
HU8 0QZ,91,43,48,37
HU8 0RA,1,0,1,1
HU8 0RB,42,22,20,8
HU8 0RD,57,17,40,45
HU8 0RE,55,24,31,41
HU8 0RG,59,30,29,21
HU8 0RH,68,32,36,24
HU8 0RJ,37,19,18,16
HU8 0RL,12,3,9,6
HU8 0RP,24,11,13,10
HU8 0RQ,30,10,20,12
HU8 0RR,30,14,16,13
HU8 0RS,43,20,23,17
HU8 0RT,103,44,59,37
HU8 0RU,27,14,13,14
HU8 0RW,74,37,37,37
HU8 0SA,83,42,41,29
HU8 0SB,91,43,48,36
HU8 0SD,33,20,13,11
HU8 0SE,31,13,18,14
HU8 0SF,21,12,9,7
HU8 0SG,52,24,28,35
HU8 0SH,16,7,9,10
HU8 0SJ,38,20,18,27
HU8 0SN,11,6,5,6
HU8 0SP,58,26,32,25
HU8 0SQ,6,1,5,4
HU8 0SR,91,41,50,42
HU8 0SS,128,61,67,64
HU8 0ST,79,37,42,43
HU8 0SU,9,1,8,6
HU8 0SW,33,14,19,12
HU8 0SX,60,24,36,44
HU8 0SY,50,22,28,43
HU8 0TA,4,2,2,2
HU8 0TH,52,26,26,18
HU8 0TJ,56,25,31,23
HU8 0TL,35,17,18,15
HU8 0TN,31,14,17,11
HU8 0TP,33,13,20,16
HU8 0TR,31,14,17,12
HU8 0TS,54,29,25,21
HU8 0TT,85,37,48,44
HU8 0TU,61,27,34,34
HU8 0TW,27,15,12,11
HU8 7DA,1,1,0,1
HU8 7EY,2,1,1,1
HU8 7FB,1,1,0,1
HU8 7HE,7,5,2,4
HU8 7HG,41,20,21,21
HU8 7HH,9,5,4,4
HU8 7HJ,4,3,1,4
HU8 7HL,34,17,17,17
HU8 7HN,49,29,20,25
HU8 7HP,14,5,9,9
HU8 7HQ,20,12,8,11
HU8 7HR,19,13,6,8
HU8 7HS,28,14,14,13
HU8 7HT,28,14,14,15
HU8 7HU,102,45,57,49
HU8 7HW,21,11,10,15
HU8 7HX,20,9,11,9
HU8 7HY,12,9,3,5
HU8 7HZ,16,12,4,11
HU8 7JA,17,8,9,9
HU8 7LB,1,1,0,1
HU8 7LG,8,6,2,6
HU8 7NA,17,15,2,14
HU8 7NE,12,6,6,10
HU8 7RL,35,12,23,31
HU8 7RP,48,24,24,26
HU8 7RR,13,7,6,10
HU8 7RS,11,3,8,7
HU8 7RU,50,30,20,31
HU8 7RX,13,7,6,9
HU8 7RY,26,15,11,12
HU8 7RZ,8,4,4,7
HU8 7SA,71,33,38,36
HU8 7SB,16,7,9,8
HU8 7SD,23,9,14,11
HU8 7SE,34,17,17,17
HU8 7SF,68,35,33,32
HU8 7SG,79,36,43,35
HU8 7SH,45,30,15,29
HU8 7SJ,107,57,50,50
HU8 7SL,27,15,12,10
HU8 7SN,40,16,24,17
HU8 7SP,26,12,14,12
HU8 7SR,61,28,33,48
HU8 7SS,60,31,29,47
HU8 7ST,17,8,9,12
HU8 7SU,16,8,8,13
HU8 7SX,5,2,3,4
HU8 7SY,30,11,19,18
HU8 7SZ,63,30,33,30
HU8 7TD,3,3,0,2
HU8 7TE,8,6,2,6
HU8 7TF,18,8,10,7
HU8 7TG,8,6,2,5
HU8 7TH,58,32,26,21
HU8 7TJ,109,55,54,48
HU8 7TL,56,29,27,26
HU8 7TN,49,23,26,25
HU8 7TP,66,36,30,26
HU8 7TQ,103,56,47,54
HU8 7TW,86,45,41,41
HU8 8AP,59,30,29,21
HU8 8AQ,29,18,11,10
HU8 8AZ,1,1,0,1
HU8 8DG,2,1,1,2
HU8 8DP,11,6,5,8
HU8 8DR,3,1,2,3
HU8 8DS,121,65,56,56
HU8 8DT,15,9,6,8
HU8 8DU,52,25,27,30
HU8 8DY,148,71,77,65
HU8 8DZ,57,35,22,30
HU8 8EA,64,33,31,24
HU8 8EB,100,47,53,53
HU8 8EF,66,35,31,29
HU8 8EG,62,35,27,34
HU8 8EN,23,12,11,10
HU8 8EP,17,9,8,7
HU8 8EQ,54,27,27,26
HU8 8ER,16,11,5,6
HU8 8ES,20,11,9,10
HU8 8ET,25,15,10,11
HU8 8EU,5,5,0,5
HU8 8EW,23,9,14,9
HU8 8EX,23,10,13,10
HU8 8EY,16,8,8,6
HU8 8EZ,134,60,74,67
HU8 8HL,2,1,1,1
HU8 8HN,70,34,36,31
HU8 8HP,44,26,18,21
HU8 8HQ,61,32,29,32
HU8 8HR,99,51,48,45
HU8 8HS,54,30,24,26
HU8 8HT,26,12,14,15
HU8 8HW,15,7,8,7
HU8 8HX,36,14,22,18
HU8 8HY,27,13,14,15
HU8 8HZ,45,24,21,19
HU8 8JA,48,20,28,28
HU8 8JB,108,52,56,48
HU8 8JD,123,60,63,48
HU8 8JE,101,53,48,51
HU8 8JF,51,21,30,30
HU8 8JG,9,7,2,8
HU8 8JH,12,4,8,7
HU8 8JJ,133,63,70,55
HU8 8JL,125,59,66,65
HU8 8JN,10,4,6,6
HU8 8JP,44,26,18,26
HU8 8JQ,68,38,30,26
HU8 8JR,7,3,4,7
HU8 8JS,8,4,4,5
HU8 8JT,14,10,4,6
HU8 8JX,187,99,88,66
HU8 8JY,102,50,52,38
HU8 8JZ,11,5,6,5
HU8 8LA,11,6,5,4
HU8 8LB,22,10,12,8
HU8 8LD,55,28,27,22
HU8 8LE,48,23,25,24
HU8 8LF,55,26,29,19
HU8 8LG,55,29,26,22
HU8 8LH,73,37,36,29
HU8 8LJ,76,36,40,27
HU8 8LL,56,29,27,21
HU8 8LN,132,64,68,46
HU8 8LP,162,80,82,60
HU8 8LQ,47,21,26,23
HU8 8LR,159,87,72,70
HU8 8LS,26,16,10,7
HU8 8LT,49,23,26,21
HU8 8LU,111,56,55,43
HU8 8LX,57,25,32,25
HU8 8LY,34,17,17,15
HU8 8LZ,105,56,49,38
HU8 8NA,86,46,40,33
HU8 8NB,63,34,29,23
HU8 8ND,106,54,52,38
HU8 8NE,95,39,56,40
HU8 8NG,52,24,28,16
HU8 8NH,150,74,76,51
HU8 8NJ,12,6,6,7
HU8 8NL,14,7,7,6
HU8 8NN,134,65,69,55
HU8 8NP,112,59,53,46
HU8 8NR,82,38,44,36
HU8 8NS,1,0,1,1
HU8 8NW,109,51,58,45
HU8 8PA,66,29,37,27
HU8 8PB,65,33,32,39
HU8 8PD,6,1,5,6
HU8 8PE,58,25,33,26
HU8 8PF,71,34,37,28
HU8 8PG,5,1,4,4
HU8 8PH,55,29,26,22
HU8 8PJ,58,27,31,22
HU8 8PL,44,23,21,20
HU8 8PN,44,22,22,16
HU8 8PP,67,33,34,29
HU8 8PQ,17,7,10,10
HU8 8PR,6,1,5,5
HU8 8PS,29,16,13,10
HU8 8PT,51,24,27,23
HU8 8PU,93,43,50,35
HU8 8PY,47,24,23,23
HU8 8PZ,42,21,21,17
HU8 8QA,11,6,5,5
HU8 8QB,49,25,24,24
HU8 8QD,41,18,23,15
HU8 8QE,25,16,9,20
HU8 8QG,35,16,19,13
HU8 8QH,61,30,31,26
HU8 8QJ,42,17,25,19
HU8 8QL,76,33,43,32
HU8 8QN,11,5,6,5
HU8 8QP,65,36,29,23
HU8 8QQ,15,8,7,11
HU8 8QR,7,4,3,6
HU8 8QS,19,9,10,7
HU8 8QT,41,20,21,20
HU8 8QW,15,7,8,6
HU8 8QX,32,1,31,1
HU8 8QY,5,4,1,1
HU8 8RA,137,72,65,49
HU8 8RB,119,65,54,48
HU8 8RD,5,4,1,5
HU8 8RE,79,38,41,40
HU8 8RF,109,56,53,46
HU8 8RG,14,6,8,13
HU8 8RH,18,10,8,16
HU8 8RJ,5,2,3,2
HU8 8RQ,46,21,25,20
HU8 8RS,15,12,3,7
HU8 8RW,16,8,8,6
HU8 8RX,29,10,19,17
HU8 8RY,48,23,25,16
HU8 8RZ,32,18,14,15
HU8 8SB,8,4,4,4
HU8 8SE,165,88,77,71
HU8 8SF,113,55,58,58
HU8 8SG,118,59,59,49
HU8 8SH,4,3,1,4
HU8 8SR,2,2,0,2
HU8 8TA,8,5,3,5
HU8 8TB,5,3,2,5
HU8 8TE,8,5,3,5
HU8 8TG,108,51,57,46
HU8 8TH,109,59,50,51
HU8 8TJ,99,44,55,55
HU8 8TL,82,34,48,46
HU8 8TN,65,32,33,35
HU8 8TP,10,5,5,8
HU8 8TQ,116,59,57,57
HU8 8TR,15,9,6,8
HU8 8TS,58,33,25,31
HU8 8TT,17,9,8,9
HU8 8TU,13,6,7,9
HU8 8TW,26,15,11,12
HU8 8TX,73,39,34,27
HU8 8TY,40,20,20,20
HU8 8TZ,52,23,29,30
HU8 8UA,32,18,14,13
HU8 8UB,129,74,55,58
HU8 8UD,41,18,23,24
HU8 8UE,12,7,5,8
HU8 8UF,15,11,4,14
HU8 8UG,9,4,5,9
HU8 8UJ,29,16,13,12
HU8 9AA,30,19,11,15
HU8 9AD,118,53,65,43
HU8 9AE,125,69,56,49
HU8 9AG,136,69,67,52
HU8 9AH,32,12,20,25
HU8 9AJ,9,5,4,4
HU8 9AL,10,7,3,8
HU8 9AN,41,17,24,19
HU8 9AP,27,11,16,24
HU8 9AQ,117,57,60,45
HU8 9AR,39,14,25,9
HU8 9AS,70,41,29,26
HU8 9AT,35,15,20,14
HU8 9AU,77,39,38,31
HU8 9AX,54,25,29,23
HU8 9AY,9,3,6,4
HU8 9AZ,29,19,10,16
HU8 9BA,40,20,20,6
HU8 9BB,93,43,50,37
HU8 9BD,68,31,37,28
HU8 9BE,85,43,42,35
HU8 9BG,58,28,30,21
HU8 9BH,53,29,24,21
HU8 9BJ,90,46,44,31
HU8 9BL,49,23,26,20
HU8 9BN,81,39,42,32
HU8 9BP,72,38,34,36
HU8 9BQ,2,1,1,1
HU8 9BS,88,50,38,37
HU8 9BT,91,47,44,39
HU8 9BU,40,23,17,16
HU8 9BW,69,39,30,42
HU8 9DA,32,17,15,13
HU8 9DB,93,46,47,46
HU8 9DD,99,48,51,50
HU8 9DE,87,42,45,51
HU8 9DF,119,59,60,56
HU8 9DG,102,48,54,52
HU8 9DH,128,64,64,63
HU8 9DJ,109,52,57,39
HU8 9DL,26,12,14,13
HU8 9DN,33,17,16,13
HU8 9DP,28,16,12,15
HU8 9DQ,124,61,63,54
HU8 9DR,1,1,0,1
HU8 9DS,72,37,35,32
HU8 9DT,71,40,31,28
HU8 9DU,237,100,137,71
HU8 9DW,58,32,26,20
HU8 9DX,102,41,61,50
HU8 9DY,57,24,33,26
HU8 9DZ,92,44,48,51
HU8 9EA,43,18,25,27
HU8 9EB,93,54,39,33
HU8 9ED,7,5,2,2
HU8 9EE,43,18,25,27
HU8 9EF,26,12,14,13
HU8 9EG,69,32,37,39
HU8 9EH,38,17,21,20
HU8 9EL,11,6,5,5
HU8 9EN,83,35,48,34
HU8 9EP,66,31,35,26
HU8 9EQ,294,152,142,98
HU8 9ER,67,31,36,27
HU8 9ES,147,69,78,60
HU8 9ET,56,28,28,21
HU8 9EU,98,38,60,37
HU8 9EW,67,30,37,29
HU8 9EY,30,14,16,17
HU8 9EZ,24,6,18,16
HU8 9FD,37,18,19,18
HU8 9FE,49,25,24,23
HU8 9FF,47,24,23,26
HU8 9FG,98,53,45,35
HU8 9FH,46,22,24,16
HU8 9GA,56,25,31,22
HU8 9HB,1,1,0,1
HU8 9HF,2,1,1,2
HU8 9HG,12,3,9,2
HU8 9HH,45,25,20,16
HU8 9HJ,38,19,19,12
HU8 9HN,12,7,5,7
HU8 9HR,18,9,9,7
HU8 9HS,12,9,3,6
HU8 9HT,8,3,5,5
HU8 9HU,10,3,7,8
HU8 9HW,51,27,24,18
HU8 9HX,9,4,5,8
HU8 9HY,8,5,3,7
HU8 9HZ,9,3,6,8
HU8 9JA,8,3,5,7
HU8 9JB,38,20,18,16
HU8 9JD,35,16,19,14
HU8 9JE,37,17,20,30
HU8 9JG,90,37,53,37
HU8 9JH,65,28,37,29
HU8 9JJ,44,21,23,20
HU8 9JL,15,8,7,6
HU8 9JN,13,6,7,7
HU8 9JP,64,32,32,36
HU8 9JQ,135,58,77,51
HU8 9JR,89,48,41,45
HU8 9JS,52,31,21,26
HU8 9JT,94,48,46,50
HU8 9JU,64,32,32,27
HU8 9JW,51,24,27,32
HU8 9JX,13,7,6,4
HU8 9JY,146,69,77,72
HU8 9JZ,109,62,47,44
HU8 9LA,116,62,54,46
HU8 9LD,57,30,27,25
HU8 9LE,103,53,50,45
HU8 9LF,73,32,41,36
HU8 9LG,19,9,10,9
HU8 9LH,42,18,24,17
HU8 9LJ,125,60,65,54
HU8 9LL,105,51,54,45
HU8 9LN,43,16,27,20
HU8 9LP,3,1,2,1
HU8 9LQ,127,61,66,44
HU8 9LR,3,1,2,2
HU8 9LS,59,26,33,16
HU8 9LT,40,21,19,20
HU8 9LU,32,13,19,16
HU8 9LW,69,34,35,29
HU8 9LX,11,6,5,6
HU8 9LY,55,26,29,25
HU8 9LZ,36,14,22,18
HU8 9NA,88,46,42,36
HU8 9NB,60,35,25,21
HU8 9ND,24,14,10,10
HU8 9NE,46,21,25,21
HU8 9NF,43,23,20,20
HU8 9NG,24,10,14,11
HU8 9NH,20,11,9,11
HU8 9NJ,30,15,15,11
HU8 9NL,40,23,17,21
HU8 9NN,33,15,18,15
HU8 9NP,92,41,51,37
HU8 9NQ,67,35,32,31
HU8 9NR,40,16,24,17
HU8 9NS,20,10,10,8
HU8 9NT,38,12,26,17
HU8 9NU,54,24,30,16
HU8 9NW,130,69,61,50
HU8 9NX,74,30,44,30
HU8 9NY,26,11,15,13
HU8 9NZ,41,19,22,12
HU8 9PA,23,11,12,12
HU8 9PB,88,35,53,36
HU8 9PD,25,14,11,13
HU8 9PE,58,33,25,23
HU8 9PF,37,16,21,16
HU8 9PG,13,4,9,5
HU8 9PH,10,3,7,8
HU8 9PJ,27,16,11,13
HU8 9PL,24,11,13,11
HU8 9PN,20,7,13,11
HU8 9PP,13,6,7,7
HU8 9PQ,84,44,40,37
HU8 9PR,23,13,10,9
HU8 9PS,34,20,14,14
HU8 9PT,42,13,29,22
HU8 9PU,27,15,12,16
HU8 9PW,47,20,27,35
HU8 9PX,120,47,73,46
HU8 9PY,31,12,19,11
HU8 9PZ,17,9,8,4
HU8 9QB,2,1,1,2
HU8 9QD,124,57,67,51
HU8 9QE,152,71,81,57
HU8 9QF,39,21,18,11
HU8 9QG,73,30,43,36
HU8 9QH,19,8,11,7
HU8 9QJ,122,60,62,41
HU8 9QL,50,21,29,19
HU8 9QN,52,22,30,20
HU8 9QP,67,30,37,34
HU8 9QQ,67,35,32,30
HU8 9QR,31,13,18,18
HU8 9QS,13,8,5,5
HU8 9QT,93,43,50,39
HU8 9QU,36,18,18,21
HU8 9QX,38,17,21,17
HU8 9QY,50,21,29,23
HU8 9QZ,55,23,32,27
HU8 9RA,96,45,51,42
HU8 9RB,52,28,24,15
HU8 9RD,81,42,39,30
HU8 9RE,26,13,13,8
HU8 9RG,15,7,8,5
HU8 9RH,50,29,21,21
HU8 9RJ,23,12,11,10
HU8 9RL,13,9,4,4
HU8 9RN,76,34,42,35
HU8 9RP,50,17,33,21
HU8 9RQ,59,27,32,23
HU8 9RR,50,27,23,20
HU8 9RS,39,19,20,13
HU8 9RT,55,29,26,24
HU8 9RU,22,10,12,10
HU8 9RX,16,7,9,6
HU8 9RY,33,17,16,16
HU8 9RZ,95,52,43,40
HU8 9SA,32,12,20,14
HU8 9SB,18,11,7,9
HU8 9SD,62,30,32,25
HU8 9SE,8,4,4,6
HU8 9SG,16,7,9,7
HU8 9SH,23,9,14,13
HU8 9SJ,101,45,56,41
HU8 9SL,43,24,19,14
HU8 9SN,29,19,10,14
HU8 9SP,27,12,15,12
HU8 9SR,90,42,48,28
HU8 9SS,122,51,71,58
HU8 9ST,92,50,42,40
HU8 9SU,37,17,20,22
HU8 9SX,22,11,11,11
HU8 9SY,31,9,22,13
HU8 9SZ,35,20,15,14
HU8 9TA,18,9,9,6
HU8 9TB,44,19,25,14
HU8 9TD,51,23,28,23
HU8 9TE,32,14,18,11
HU8 9TG,42,21,21,19
HU8 9TH,68,28,40,22
HU8 9TJ,67,34,33,26
HU8 9TL,105,49,56,40
HU8 9TN,42,26,16,20
HU8 9TP,21,10,11,9
HU8 9TQ,24,10,14,8
HU8 9TR,29,17,12,11
HU8 9TS,60,30,30,24
HU8 9TT,17,8,9,8
HU8 9TU,37,17,20,17
HU8 9TW,30,16,14,10
HU8 9TX,12,7,5,4
HU8 9TY,67,30,37,24
HU8 9TZ,76,38,38,32
HU8 9UA,29,15,14,11
HU8 9UB,149,74,75,76
HU8 9UD,36,19,17,16
HU8 9UE,9,5,4,4
HU8 9UF,33,14,19,12
HU8 9UG,29,17,12,14
HU8 9UH,37,22,15,15
HU8 9UJ,7,4,3,3
HU8 9UL,34,20,14,12
HU8 9UN,26,15,11,9
HU8 9UP,20,8,12,7
HU8 9UQ,23,11,12,10
HU8 9UR,39,18,21,16
HU8 9US,25,13,12,12
HU8 9UT,54,23,31,21
HU8 9UU,26,12,14,10
HU8 9UW,50,26,24,23
HU8 9UX,15,7,8,5
HU8 9UY,22,12,10,12
HU8 9UZ,38,13,25,26
HU8 9WA,99,56,43,50
HU8 9WB,15,6,9,9
HU8 9WD,22,13,9,11
HU8 9XA,28,16,12,15
HU8 9XB,35,19,16,14
HU8 9XD,82,42,40,34
HU8 9XE,52,24,28,21
HU8 9XF,31,16,15,10
HU8 9XG,30,16,14,11
HU8 9XH,30,14,16,11
HU8 9XJ,21,8,13,10
HU8 9XN,20,10,10,7
HU8 9XP,98,50,48,38
HU8 9XQ,61,33,28,28
HU8 9XR,35,17,18,15
HU8 9XS,56,30,26,25
HU8 9XT,66,33,33,27
HU8 9XU,19,10,9,10
HU8 9XW,38,18,20,13
HU8 9XX,36,18,18,12
HU8 9XY,20,9,11,8
HU8 9XZ,74,33,41,32
HU9 1AF,19,14,5,0
HU9 1AT,6,3,3,5
HU9 1BE,1,1,0,1
HU9 1BL,7,4,3,4
HU9 1BY,3,2,1,2
HU9 1DN,5,1,4,3
HU9 1DP,2,1,1,1
HU9 1DS,20,12,8,13
HU9 1DU,12,8,4,5
HU9 1ED,2,2,0,2
HU9 1EE,26,15,11,14
HU9 1EF,9,7,2,6
HU9 1EG,1,1,0,1
HU9 1EH,4,2,2,2
HU9 1EJ,136,75,61,69
HU9 1EL,77,43,34,45
HU9 1EP,14,9,5,7
HU9 1ER,6,3,3,3
HU9 1ES,48,22,26,20
HU9 1EU,5,3,2,1
HU9 1EX,25,15,10,14
HU9 1EY,2,1,1,1
HU9 1FB,142,83,59,87
HU9 1HB,68,36,32,26
HU9 1HD,139,78,61,69
HU9 1HF,26,12,14,20
HU9 1HL,46,22,24,21
HU9 1HN,7,4,3,5
HU9 1HR,21,13,8,9
HU9 1HS,66,34,32,24
HU9 1HU,25,12,13,15
HU9 1HW,15,8,7,10
HU9 1HY,19,12,7,11
HU9 1JA,27,17,10,12
HU9 1JB,19,12,7,14
HU9 1JD,2,1,1,1
HU9 1JF,12,6,6,8
HU9 1JG,5,3,2,3
HU9 1JJ,13,8,5,5
HU9 1JL,18,10,8,9
HU9 1JN,11,5,6,5
HU9 1JP,10,9,1,1
HU9 1JQ,49,28,21,19
HU9 1JR,60,32,28,26
HU9 1JS,17,7,10,8
HU9 1JT,14,7,7,9
HU9 1JU,16,7,9,10
HU9 1JX,18,10,8,11
HU9 1JY,8,2,6,4
HU9 1JZ,64,33,31,33
HU9 1LA,56,32,24,31
HU9 1LB,17,5,12,8
HU9 1LE,21,12,9,12
HU9 1LN,3,2,1,1
HU9 1NQ,5,3,2,5
HU9 1NU,6,5,1,4
HU9 1PJ,87,41,46,47
HU9 1PL,157,71,86,60
HU9 1PN,35,20,15,22
HU9 1PQ,25,17,8,16
HU9 1PR,60,42,18,43
HU9 1PS,144,76,68,60
HU9 1PT,37,18,19,18
HU9 1PU,57,28,29,26
HU9 1PW,45,30,15,36
HU9 1PX,50,28,22,36
HU9 1PY,70,36,34,23
HU9 1PZ,81,45,36,34
HU9 1QA,103,54,49,34
HU9 1QB,32,16,16,13
HU9 1QD,83,47,36,57
HU9 1QE,10,7,3,5
HU9 1QF,38,20,18,22
HU9 1QG,26,15,11,17
HU9 1QH,85,45,40,51
HU9 1QJ,34,22,12,27
HU9 1RA,22,13,9,9
HU9 1RE,7,3,4,4
HU9 1RL,4,1,3,1
HU9 1SD,8,7,1,8
HU9 1SJ,38,30,8,36
HU9 1SL,42,32,10,36
HU9 1SP,77,56,21,60
HU9 1SQ,1,1,0,1
HU9 1SR,15,9,6,12
HU9 1ST,165,84,81,77
HU9 1SU,24,9,15,10
HU9 1SW,166,84,82,76
HU9 1SY,124,61,63,56
HU9 1SZ,45,13,32,36
HU9 1TE,41,20,21,14
HU9 1TF,55,33,22,27
HU9 1TG,69,35,34,32
HU9 1TH,60,33,27,33
HU9 1TL,118,70,48,49
HU9 1TW,20,12,8,9
HU9 1TX,56,26,30,27
HU9 1TY,1,1,0,1
HU9 1UA,5,2,3,1
HU9 1UB,3,2,1,1
HU9 1UE,13,8,5,8
HU9 1UF,59,28,31,23
HU9 1UG,18,10,8,7
HU9 1UH,79,40,39,32
HU9 1UJ,101,59,42,48
HU9 1UL,44,22,22,16
HU9 1UN,167,90,77,55
HU9 2AE,12,5,7,9
HU9 2AG,24,13,11,22
HU9 2AJ,15,7,8,12
HU9 2AL,7,4,3,4
HU9 2AN,37,18,19,18
HU9 2AR,53,27,26,25
HU9 2AS,21,8,13,10
HU9 2AT,53,31,22,30
HU9 2AU,73,41,32,35
HU9 2AW,40,20,20,18
HU9 2AX,83,41,42,59
HU9 2AY,44,11,33,44
HU9 2AZ,36,16,20,31
HU9 2BA,9,3,6,9
HU9 2BD,23,9,14,11
HU9 2BE,30,13,17,16
HU9 2BF,18,6,12,8
HU9 2BG,26,20,6,12
HU9 2BH,75,51,24,0
HU9 2BQ,56,30,26,37
HU9 2DR,38,23,15,25
HU9 2EP,83,37,46,40
HU9 2EU,7,5,2,6
HU9 2EW,111,64,47,59
HU9 2EX,155,77,78,78
HU9 2EY,145,71,74,71
HU9 2HX,4,2,2,3
HU9 2JB,98,48,50,40
HU9 2JD,24,11,13,11
HU9 2JE,14,10,4,7
HU9 2JF,16,8,8,8
HU9 2JG,13,6,7,9
HU9 2JH,17,11,6,12
HU9 2JJ,21,11,10,12
HU9 2JL,29,12,17,14
HU9 2JN,23,17,6,9
HU9 2JP,18,5,13,10
HU9 2JQ,12,5,7,7
HU9 2JR,16,7,9,12
HU9 2JS,15,10,5,11
HU9 2JT,14,7,7,9
HU9 2JU,17,9,8,7
HU9 2JW,19,11,8,10
HU9 2LA,102,54,48,37
HU9 2LB,108,60,48,37
HU9 2LD,19,11,8,6
HU9 2LE,12,8,4,6
HU9 2LF,16,11,5,6
HU9 2LH,4,2,2,2
HU9 2LJ,67,36,31,30
HU9 2LL,12,9,3,7
HU9 2LP,58,35,23,24
HU9 2LR,53,32,21,31
HU9 2LS,13,7,6,6
HU9 2LT,9,6,3,7
HU9 2LU,15,8,7,8
HU9 2LX,26,11,15,13
HU9 2LY,34,17,17,14
HU9 2LZ,17,8,9,8
HU9 2NH,27,12,15,11
HU9 2NJ,98,51,47,40
HU9 2NL,96,53,43,39
HU9 2NN,15,6,9,8
HU9 2NP,17,7,10,8
HU9 2NR,24,11,13,8
HU9 2NS,15,6,9,8
HU9 2NT,15,11,4,8
HU9 2NU,24,14,10,18
HU9 2NW,9,4,5,6
HU9 2NX,37,16,21,18
HU9 2NY,25,14,11,10
HU9 2PA,97,56,41,42
HU9 2PB,90,44,46,47
HU9 2PD,15,7,8,7
HU9 2PE,126,67,59,52
HU9 2PF,98,50,48,55
HU9 2PG,148,72,76,63
HU9 2PH,151,71,80,58
HU9 2PJ,80,41,39,34
HU9 2PL,93,48,45,39
HU9 2PN,69,38,31,32
HU9 2PP,123,63,60,50
HU9 2PS,122,54,68,55
HU9 2PT,60,25,35,38
HU9 2PU,26,14,12,14
HU9 2PX,16,9,7,7
HU9 2PY,19,8,11,10
HU9 2PZ,16,6,10,8
HU9 2QA,13,7,6,7
HU9 2QB,12,4,8,8
HU9 2QD,12,7,5,8
HU9 2QJ,16,7,9,8
HU9 2QL,16,8,8,8
HU9 2QN,70,36,34,37
HU9 2QP,14,8,6,5
HU9 2QR,16,9,7,8
HU9 2QS,14,6,8,8
HU9 2QT,24,13,11,8
HU9 2QU,22,13,9,13
HU9 2QW,76,41,35,34
HU9 2QX,23,14,9,9
HU9 2QY,13,5,8,8
HU9 2QZ,16,8,8,8
HU9 2RA,7,3,4,5
HU9 2RB,39,18,21,18
HU9 2RD,7,5,2,4
HU9 2RE,6,4,2,2
HU9 2RF,18,7,11,9
HU9 2RG,9,5,4,7
HU9 2RH,71,35,36,39
HU9 2RJ,71,34,37,38
HU9 2RL,118,68,50,65
HU9 2RN,47,24,23,23
HU9 2RP,81,37,44,35
HU9 2RQ,33,18,15,18
HU9 2RR,82,44,38,36
HU9 2RS,80,39,41,47
HU9 2RT,39,17,22,14
HU9 2RU,16,8,8,8
HU9 2RW,43,23,20,21
HU9 2RX,22,10,12,10
HU9 2RY,26,14,12,10
HU9 2RZ,13,5,8,8
HU9 2SA,15,6,9,8
HU9 2SB,20,11,9,7
HU9 2SD,8,3,5,3
HU9 2SE,16,7,9,8
HU9 2SF,16,6,10,6
HU9 2SG,15,10,5,7
HU9 2SH,20,11,9,8
HU9 2SJ,14,8,6,10
HU9 2SL,8,5,3,6
HU9 2SN,14,8,6,7
HU9 2SQ,22,6,16,8
HU9 2SW,4,3,1,4
HU9 2TA,58,27,31,26
HU9 2TB,15,6,9,8
HU9 2TD,96,46,50,35
HU9 2TE,94,42,52,39
HU9 2TF,68,35,33,32
HU9 2TG,82,36,46,37
HU9 2TH,12,7,5,5
HU9 2TJ,12,5,7,7
HU9 2TL,13,4,9,7
HU9 2TN,14,8,6,7
HU9 2TP,10,4,6,6
HU9 2TQ,16,7,9,7
HU9 2TR,15,12,3,7
HU9 2TS,12,7,5,6
HU9 2TT,11,6,5,5
HU9 2TU,10,4,6,7
HU9 2TW,8,5,3,5
HU9 2TX,11,7,4,8
HU9 2TY,23,12,11,8
HU9 2TZ,18,9,9,9
HU9 2UA,23,8,15,8
HU9 2UB,10,6,4,7
HU9 2UD,18,8,10,8
HU9 2UE,19,9,10,8
HU9 2UF,15,8,7,7
HU9 3AA,32,14,18,9
HU9 3AB,7,5,2,5
HU9 3AD,61,27,34,30
HU9 3AG,20,10,10,11
HU9 3AH,50,23,27,22
HU9 3AJ,91,33,58,18
HU9 3AL,47,23,24,26
HU9 3AN,92,41,51,40
HU9 3AP,17,11,6,12
HU9 3AQ,76,36,40,36
HU9 3AR,59,27,32,46
HU9 3AS,5,2,3,4
HU9 3AT,90,45,45,31
HU9 3AU,122,62,60,48
HU9 3AX,23,12,11,10
HU9 3AY,24,12,12,11
HU9 3BA,132,64,68,49
HU9 3BB,165,88,77,66
HU9 3BD,105,52,53,40
HU9 3BE,112,56,56,48
HU9 3BG,84,41,43,32
HU9 3BH,78,38,40,26
HU9 3BJ,102,53,49,41
HU9 3BN,37,19,18,14
HU9 3BP,77,39,38,25
HU9 3BS,53,27,26,21
HU9 3BT,139,68,71,55
HU9 3DA,1,1,0,1
HU9 3DF,19,9,10,9
HU9 3DG,80,39,41,48
HU9 3DH,10,5,5,5
HU9 3DJ,50,26,24,21
HU9 3DL,12,8,4,6
HU9 3DP,14,6,8,9
HU9 3DQ,12,10,2,11
HU9 3DR,11,5,6,8
HU9 3DS,15,9,6,4
HU9 3DT,9,7,2,6
HU9 3DU,160,81,79,61
HU9 3DW,84,33,51,25
HU9 3DX,41,25,16,15
HU9 3DY,69,31,38,32
HU9 3DZ,94,48,46,48
HU9 3EA,10,4,6,7
HU9 3EB,12,8,4,5
HU9 3ED,47,22,25,34
HU9 3EE,45,22,23,18
HU9 3EF,102,48,54,37
HU9 3EG,104,54,50,37
HU9 3EH,101,52,49,41
HU9 3EJ,90,45,45,38
HU9 3EL,82,39,43,32
HU9 3EN,123,60,63,47
HU9 3EP,14,6,8,10
HU9 3EQ,16,7,9,5
HU9 3ES,14,6,8,8
HU9 3ET,39,23,16,10
HU9 3EU,52,21,31,10
HU9 3EX,22,8,14,8
HU9 3EY,28,12,16,8
HU9 3EZ,21,13,8,8
HU9 3HA,55,31,24,23
HU9 3HB,21,10,11,6
HU9 3HD,77,39,38,26
HU9 3HE,31,16,15,14
HU9 3HF,36,20,16,16
HU9 3HG,76,40,36,33
HU9 3HH,66,31,35,27
HU9 3HL,79,41,38,32
HU9 3HN,92,48,44,33
HU9 3HP,63,30,33,22
HU9 3HR,12,9,3,8
HU9 3HS,107,51,56,34
HU9 3HT,100,40,60,34
HU9 3HU,59,29,30,20
HU9 3HW,56,29,27,16
HU9 3HX,91,40,51,33
HU9 3JA,8,5,3,5
HU9 3JB,60,32,28,22
HU9 3JD,59,27,32,19
HU9 3JE,65,37,28,25
HU9 3JF,47,23,24,18
HU9 3JG,18,9,9,11
HU9 3JH,11,4,7,6
HU9 3JJ,36,17,19,13
HU9 3JL,8,3,5,5
HU9 3JN,17,8,9,11
HU9 3JP,29,16,13,9
HU9 3JQ,97,52,45,44
HU9 3JR,24,10,14,10
HU9 3JS,102,43,59,40
HU9 3JU,79,40,39,30
HU9 3JY,21,9,12,14
HU9 3JZ,34,11,23,26
HU9 3LB,35,13,22,16
HU9 3LE,92,43,49,40
HU9 3LF,53,21,32,40
HU9 3LG,44,17,27,34
HU9 3LH,53,10,43,50
HU9 3LL,2,1,1,1
HU9 3LN,32,16,16,12
HU9 3LP,51,15,36,9
HU9 3NA,11,5,6,7
HU9 3NB,56,33,23,45
HU9 3ND,31,20,11,24
HU9 3NF,50,28,22,18
HU9 3NG,48,24,24,19
HU9 3NH,68,34,34,26
HU9 3NJ,62,36,26,25
HU9 3NL,58,30,28,22
HU9 3NN,22,10,12,10
HU9 3NP,43,18,25,21
HU9 3NR,39,19,20,15
HU9 3NS,30,15,15,13
HU9 3NT,46,22,24,17
HU9 3NU,18,7,11,8
HU9 3NW,38,19,19,19
HU9 3NX,30,13,17,12
HU9 3PA,30,15,15,21
HU9 3PB,40,13,27,30
HU9 3PE,83,45,38,40
HU9 3PF,22,13,9,14
HU9 3PG,11,4,7,10
HU9 3PH,13,6,7,9
HU9 3PJ,28,11,17,22
HU9 3PL,48,15,33,36
HU9 3PN,42,10,32,40
HU9 3PR,96,42,54,41
HU9 3PS,87,41,46,27
HU9 3PU,68,40,28,25
HU9 3PW,10,5,5,5
HU9 3PX,13,5,8,4
HU9 3PY,24,14,10,13
HU9 3QG,22,10,12,12
HU9 3QJ,2,0,2,1
HU9 3QP,99,45,54,28
HU9 3QR,14,4,10,5
HU9 3QS,60,28,32,18
HU9 3QU,55,25,30,17
HU9 3QX,90,35,55,28
HU9 3QZ,66,33,33,22
HU9 3RA,34,15,19,13
HU9 3RB,21,6,15,11
HU9 3RD,81,39,42,22
HU9 3RE,38,21,17,16
HU9 3RF,16,6,10,7
HU9 3RG,96,51,45,46
HU9 3RN,101,48,53,41
HU9 3RP,19,11,8,6
HU9 3RR,96,44,52,32
HU9 3RS,55,23,32,21
HU9 3RU,62,35,27,20
HU9 3RW,25,15,10,11
HU9 3RX,57,26,31,19
HU9 3RY,46,21,25,20
HU9 3RZ,136,64,72,50
HU9 3SA,7,5,2,3
HU9 3SB,93,47,46,42
HU9 3SD,20,12,8,10
HU9 3SE,66,36,30,25
HU9 3SG,27,15,12,10
HU9 3SN,46,23,23,17
HU9 3SP,74,37,37,26
HU9 3SR,84,42,42,25
HU9 3SS,66,28,38,17
HU9 3ST,15,6,9,6
HU9 3SU,28,11,17,6
HU9 3SX,47,22,25,14
HU9 3SY,108,53,55,26
HU9 3SZ,57,26,31,19
HU9 3TA,23,13,10,6
HU9 3TB,57,24,33,22
HU9 3TN,8,6,2,5
HU9 3TP,58,35,23,26
HU9 3TQ,61,12,49,19
HU9 3TR,31,19,12,15
HU9 3TS,5,2,3,5
HU9 3TU,2,0,2,2
HU9 3TW,9,5,4,3
HU9 3TX,20,9,11,12
HU9 3TY,42,24,18,17
HU9 3UA,37,19,18,18
HU9 3UB,21,11,10,9
HU9 3UD,98,43,55,50
HU9 3UE,41,18,23,22
HU9 3UF,44,25,19,20
HU9 3UG,69,35,34,34
HU9 3UH,16,7,9,6
HU9 3UJ,94,49,45,45
HU9 3UL,58,27,31,29
HU9 3UN,42,18,24,13
HU9 3UP,70,28,42,27
HU9 3UQ,36,18,18,19
HU9 3UR,37,19,18,14
HU9 3US,91,45,46,38
HU9 3UT,29,9,20,16
HU9 3UU,87,43,44,32
HU9 3UX,63,29,34,29
HU9 3UY,59,27,32,28
HU9 3UZ,44,21,23,18
HU9 4AA,23,13,10,10
HU9 4AB,76,35,41,33
HU9 4AD,12,9,3,5
HU9 4AE,66,28,38,32
HU9 4AF,53,22,31,28
HU9 4AG,47,23,24,17
HU9 4AH,50,24,26,18
HU9 4AJ,13,8,5,9
HU9 4AN,23,9,14,18
HU9 4AP,11,6,5,4
HU9 4AQ,7,3,4,4
HU9 4AR,5,1,4,3
HU9 4AS,39,14,25,36
HU9 4AT,43,20,23,18
HU9 4AU,59,26,33,26
HU9 4AX,13,7,6,4
HU9 4AY,91,43,48,39
HU9 4AZ,37,16,21,19
HU9 4BA,41,18,23,19
HU9 4BB,65,30,35,25
HU9 4BD,68,30,38,26
HU9 4BE,27,13,14,12
HU9 4BG,59,26,33,26
HU9 4BH,21,11,10,9
HU9 4BJ,74,35,39,30
HU9 4BL,97,46,51,38
HU9 4BN,34,15,19,13
HU9 4BP,26,14,12,12
HU9 4BS,111,56,55,49
HU9 4BT,119,49,70,52
HU9 4BU,64,31,33,23
HU9 4BW,70,33,37,31
HU9 4BX,50,25,25,20
HU9 4BY,53,28,25,22
HU9 4BZ,44,27,17,27
HU9 4DA,24,16,8,14
HU9 4DB,97,46,51,42
HU9 4DD,85,43,42,36
HU9 4DJ,153,59,94,63
HU9 4DL,27,10,17,14
HU9 4DN,27,13,14,11
HU9 4DP,131,63,68,54
HU9 4DR,106,51,55,49
HU9 4DS,105,46,59,42
HU9 4DT,37,19,18,18
HU9 4DU,2,0,2,2
HU9 4DX,52,36,16,44
HU9 4DY,47,37,10,45
HU9 4DZ,52,36,16,46
HU9 4EB,13,7,6,9
HU9 4ED,22,14,8,10
HU9 4EF,33,18,15,24
HU9 4EG,119,56,63,58
HU9 4EH,94,42,52,32
HU9 4EJ,77,34,43,30
HU9 4EL,4,2,2,2
HU9 4EN,25,11,14,12
HU9 4EP,47,13,34,38
HU9 4EQ,160,69,91,70
HU9 4ER,21,8,13,15
HU9 4ES,15,7,8,12
HU9 4ET,37,16,21,25
HU9 4EU,45,18,27,14
HU9 4EW,35,16,19,18
HU9 4EX,54,27,27,21
HU9 4EY,8,4,4,3
HU9 4EZ,62,27,35,48
HU9 4HA,57,27,30,20
HU9 4HB,85,39,46,32
HU9 4HD,3,2,1,3
HU9 4HG,6,3,3,6
HU9 4HH,94,43,51,39
HU9 4HJ,30,13,17,20
HU9 4HL,24,13,11,12
HU9 4HN,32,18,14,15
HU9 4HP,90,40,50,33
HU9 4HQ,22,10,12,13
HU9 4HR,155,81,74,64
HU9 4HS,70,35,35,28
HU9 4HT,8,5,3,8
HU9 4HU,64,30,34,31
HU9 4HW,27,16,11,11
HU9 4HX,12,5,7,4
HU9 4HY,11,7,4,8
HU9 4HZ,23,17,6,6
HU9 4JA,5,3,2,5
HU9 4JB,16,12,4,13
HU9 4JD,29,16,13,14
HU9 4JE,39,19,20,19
HU9 4JG,67,35,32,28
HU9 4JH,23,11,12,18
HU9 4JJ,14,9,5,14
HU9 4JL,52,25,27,25
HU9 4JN,88,34,54,48
HU9 4JT,6,1,5,5
HU9 4JU,24,16,8,16
HU9 4JY,4,1,3,1
HU9 4JZ,4,2,2,2
HU9 4LA,73,33,40,30
HU9 4LB,101,49,52,35
HU9 4LD,85,34,51,27
HU9 4LE,58,25,33,19
HU9 4LH,47,19,28,15
HU9 4LJ,54,29,25,17
HU9 4LL,35,17,18,28
HU9 4LN,32,15,17,14
HU9 4LP,69,32,37,26
HU9 4LQ,70,30,40,30
HU9 4LR,109,57,52,39
HU9 4LS,17,7,10,7
HU9 4LT,40,20,20,16
HU9 4LU,58,28,30,20
HU9 4LX,31,16,15,9
HU9 4LY,41,19,22,21
HU9 4LZ,36,20,16,19
HU9 4NA,83,34,49,35
HU9 4NB,52,22,30,28
HU9 4ND,44,21,23,18
HU9 4NE,33,14,19,22
HU9 4NG,55,20,35,26
HU9 4NH,46,23,23,17
HU9 4NJ,82,45,37,29
HU9 4NL,93,45,48,39
HU9 4NN,15,8,7,7
HU9 4NP,102,50,52,40
HU9 4NR,69,33,36,32
HU9 4NS,39,15,24,16
HU9 4NT,11,4,7,6
HU9 4PA,17,8,9,6
HU9 4PB,38,20,18,15
HU9 4PD,75,39,36,27
HU9 4PE,29,14,15,13
HU9 4PG,142,68,74,57
HU9 4PH,65,34,31,24
HU9 4PJ,38,13,25,14
HU9 4PL,169,78,91,55
HU9 4PN,22,9,13,8
HU9 4PP,118,57,61,47
HU9 4PR,40,20,20,18
HU9 4PS,40,21,19,20
HU9 4PT,29,12,17,10
HU9 4PU,56,32,24,20
HU9 4PX,32,14,18,12
HU9 4PY,35,16,19,14
HU9 4PZ,21,11,10,11
HU9 4QA,21,8,13,9
HU9 4QB,71,33,38,28
HU9 4QD,82,43,39,29
HU9 4QE,142,63,79,52
HU9 4QF,103,58,45,28
HU9 4QG,109,49,60,37
HU9 4QH,26,12,14,12
HU9 4QJ,37,19,18,14
HU9 4QL,49,22,27,22
HU9 4QN,25,16,9,22
HU9 4QP,8,3,5,5
HU9 4QQ,30,11,19,11
HU9 4QR,101,39,62,37
HU9 4QS,87,40,47,42
HU9 4QT,32,20,12,16
HU9 4QU,32,16,16,19
HU9 4QX,43,26,17,19
HU9 4QY,32,18,14,12
HU9 4QZ,42,18,24,16
HU9 4RA,31,13,18,12
HU9 4RB,106,57,49,44
HU9 4RD,96,38,58,44
HU9 4RE,54,17,37,18
HU9 4RG,37,17,20,11
HU9 4RH,103,41,62,33
HU9 4RJ,50,25,25,17
HU9 4RL,122,58,64,48
HU9 4RN,88,37,51,30
HU9 4RP,34,15,19,23
HU9 4RR,105,42,63,42
HU9 4RS,116,58,58,44
HU9 4RT,53,30,23,25
HU9 4RU,106,49,57,36
HU9 4RX,93,45,48,37
HU9 4RY,16,6,10,11
HU9 4SA,12,2,10,11
HU9 4SB,13,6,7,6
HU9 4SD,22,10,12,8
HU9 4SE,56,25,31,25
HU9 4SF,29,8,21,23
HU9 4SG,27,12,15,13
HU9 4SH,12,5,7,7
HU9 4SJ,29,18,11,19
HU9 4SL,17,8,9,8
HU9 4SN,112,58,54,46
HU9 4SP,129,65,64,58
HU9 4SQ,38,16,22,25
HU9 4SR,88,44,44,44
HU9 4SS,26,9,17,15
HU9 4ST,28,11,17,12
HU9 4SU,126,67,59,58
HU9 4SW,115,61,54,58
HU9 4SX,122,57,65,49
HU9 4SY,93,45,48,45
HU9 4SZ,71,41,30,49
HU9 4TA,98,53,45,48
HU9 4TB,125,60,65,58
HU9 4TD,46,23,23,16
HU9 4TE,34,15,19,11
HU9 4TF,47,19,28,15
HU9 4TG,32,17,15,13
HU9 4TH,125,67,58,41
HU9 4TJ,76,27,49,27
HU9 4TL,73,38,35,32
HU9 4TN,34,20,14,10
HU9 4TP,26,13,13,17
HU9 4TQ,37,20,17,13
HU9 4TR,12,5,7,4
HU9 4TS,62,32,30,32
HU9 4TT,96,37,59,59
HU9 4TU,46,19,27,25
HU9 4TW,77,41,36,61
HU9 4TX,43,20,23,22
HU9 4TY,31,11,20,18
HU9 4TZ,36,20,16,14
HU9 4UA,40,18,22,19
HU9 4UB,23,13,10,9
HU9 4UD,66,28,38,35
HU9 4UE,82,33,49,38
HU9 4UF,46,21,25,20
HU9 4UG,149,70,79,64
HU9 4UH,44,22,22,24
HU9 4UJ,33,14,19,20
HU9 4UL,88,42,46,42
HU9 4UN,24,14,10,12
HU9 4UP,49,20,29,23
HU9 4UR,51,25,26,20
HU9 4US,26,11,15,18
HU9 4UT,37,23,14,18
HU9 4UU,14,7,7,7
HU9 4UW,1,0,1,1
HU9 4UX,14,9,5,9
HU9 4UY,105,36,69,15
HU9 4UZ,27,11,16,13
HU9 4XA,75,36,39,36
HU9 4XB,11,2,9,6
HU9 5AA,2,1,1,1
HU9 5AB,14,5,9,7
HU9 5AD,10,2,8,7
HU9 5AF,26,13,13,14
HU9 5AH,10,6,4,7
HU9 5AJ,25,13,12,16
HU9 5AN,14,3,11,10
HU9 5AQ,17,11,6,7
HU9 5AR,46,26,20,32
HU9 5AS,67,39,28,23
HU9 5AT,70,34,36,25
HU9 5AU,30,12,18,14
HU9 5AW,11,3,8,10
HU9 5AX,75,37,38,28
HU9 5AY,72,32,40,27
HU9 5AZ,58,31,27,20
HU9 5BA,26,12,14,10
HU9 5BB,64,29,35,28
HU9 5BD,94,46,48,41
HU9 5BG,26,13,13,9
HU9 5BH,50,24,26,26
HU9 5BJ,47,24,23,18
HU9 5BL,46,24,22,19
HU9 5BN,102,54,48,38
HU9 5BU,134,58,76,55
HU9 5BW,38,15,23,34
HU9 5BX,28,15,13,13
HU9 5BY,24,6,18,10
HU9 5BZ,36,16,20,15
HU9 5DA,19,8,11,8
HU9 5DB,51,27,24,17
HU9 5DD,28,10,18,11
HU9 5DE,59,35,24,27
HU9 5DG,18,9,9,8
HU9 5DH,34,14,20,13
HU9 5DJ,67,28,39,27
HU9 5DL,34,19,15,13
HU9 5DN,59,27,32,21
HU9 5DP,18,9,9,8
HU9 5DR,83,43,40,34
HU9 5DS,107,51,56,42
HU9 5DT,40,22,18,16
HU9 5DU,17,10,7,6
HU9 5DY,119,55,64,44
HU9 5DZ,8,3,5,5
HU9 5EA,51,25,26,20
HU9 5EB,35,16,19,13
HU9 5ED,30,14,16,10
HU9 5EE,65,33,32,28
HU9 5EF,26,11,15,9
HU9 5EG,6,4,2,3
HU9 5EH,27,13,14,12
HU9 5EJ,77,43,34,27
HU9 5EL,56,30,26,17
HU9 5EN,44,19,25,21
HU9 5EP,28,14,14,14
HU9 5ER,67,36,31,24
HU9 5ES,22,12,10,6
HU9 5ET,21,8,13,7
HU9 5EU,29,9,20,16
HU9 5EX,21,11,10,7
HU9 5EY,53,27,26,22
HU9 5EZ,58,23,35,26
HU9 5HA,27,14,13,15
HU9 5HB,17,9,8,8
HU9 5HD,17,7,10,8
HU9 5HF,25,14,11,7
HU9 5HH,63,20,43,1
HU9 5HJ,23,12,11,19
HU9 5HT,11,5,6,4
HU9 5HU,84,34,50,35
HU9 5HX,17,10,7,5
HU9 5HZ,23,12,11,10
HU9 5JA,20,8,12,11
HU9 5JB,66,36,30,26
HU9 5JD,77,42,35,29
HU9 5JE,24,14,10,6
HU9 5JG,22,10,12,12
HU9 5JH,25,11,14,11
HU9 5JJ,32,16,16,13
HU9 5JL,81,44,37,29
HU9 5JN,95,45,50,33
HU9 5JS,91,41,50,33
HU9 5JT,126,66,60,38
HU9 5JU,154,64,90,55
HU9 5JX,47,27,20,24
HU9 5JY,78,39,39,36
HU9 5JZ,118,51,67,48
HU9 5LA,90,48,42,35
HU9 5LD,87,42,45,32
HU9 5LE,32,17,15,15
HU9 5LG,41,22,19,20
HU9 5LH,67,34,33,26
HU9 5LJ,81,36,45,47
HU9 5LR,9,7,2,3
HU9 5LS,648,647,1,0
HU9 5LU,1,1,0,1
HU9 5LY,19,9,10,10
HU9 5PL,1,1,0,1
HU9 5QJ,66,39,27,33
HU9 5QP,55,30,25,26
HU9 5QR,34,14,20,15
HU9 5QS,23,15,8,13
HU9 5QT,18,10,8,10
HU9 5QU,40,27,13,22
HU9 5QX,39,22,17,22
HU9 5QZ,27,14,13,15
HU9 5RB,18,9,9,8
HU9 5RD,98,48,50,45
HU9 5RE,90,44,46,43
HU9 5RF,16,9,7,8
HU9 5RG,7,2,5,6
HU9 5RH,16,7,9,6
HU9 5RJ,39,25,14,17
HU9 5RL,3,1,2,1
HU9 5RN,37,22,15,17
HU9 5RQ,15,6,9,8
HU9 5RX,5,1,4,1
HU9 5SA,60,39,21,28
HU9 5SB,58,30,28,30
HU9 5SE,171,83,88,72
HU9 5SJ,38,16,22,24
HU9 5SL,77,38,39,29
HU9 5SP,34,17,17,13
HU9 5SQ,36,17,19,28
HU9 5SR,37,15,22,14
HU9 5SS,34,16,18,16
HU9 5ST,92,43,49,43
HU9 5SU,2,1,1,1
HU9 5SW,10,3,7,6
HU9 5SY,156,73,83,77
HU9 5SZ,84,38,46,42
HU9 5TB,23,10,13,11
HU9 5TD,11,5,6,5
HU9 5TF,2,1,1,1
HU9 5TG,16,5,11,8
HU9 5TH,9,4,5,4
HU9 5TJ,74,35,39,31
HU9 5TL,31,11,20,12
HU9 5TN,100,52,48,34
HU9 5TP,54,25,29,16
HU9 5TQ,6,2,4,5
HU9 5TR,29,16,13,8
HU9 5TS,91,46,45,38
HU9 5TT,78,35,43,37
HU9 5TU,92,41,51,42
HU9 5TW,47,19,28,41
HU9 5TX,41,22,19,17
HU9 5TY,70,23,47,30
HU9 5UA,63,31,32,32
HU9 5UG,81,42,39,51
HU9 5UH,80,41,39,38
HU9 5UJ,39,17,22,21
HU9 5UL,28,12,16,12
HU9 5UN,66,31,35,22
HU9 5UP,11,5,6,4
HU9 5UR,48,29,19,23
HU9 5US,84,41,43,32
HU9 5UT,23,9,14,8
HU9 5UU,41,14,27,16
HU9 5UW,72,37,35,24
HU9 5UX,96,42,54,33
HU9 5WE,21,9,12,10
HU9 5XA,12,6,6,6
HU9 5XB,72,37,35,32
HU9 5XD,5,2,3,4
HU9 5XS,43,19,24,14
HU9 5XU,77,31,46,36
HU9 5XZ,61,32,29,31
HU9 5YA,69,34,35,33
HX1 1BX,2,0,2,2
HX1 1DJ,2,1,1,1
HX1 1DL,3,0,3,2
HX1 1DS,2,1,1,1
HX1 1HA,1,0,1,1
HX1 1HF,1,1,0,1
HX1 1HS,1,0,1,1
HX1 1JB,20,13,7,16
HX1 1JF,6,4,2,3
HX1 1NX,1,0,1,1
HX1 1PB,2,1,1,2
HX1 1PE,1,1,0,0
HX1 1PR,1,1,0,1
HX1 1PU,1,0,1,1
HX1 1QE,5,2,3,0
HX1 1QH,18,10,8,13
HX1 1QP,14,11,3,9
HX1 1QR,13,8,5,13
HX1 1QS,2,2,0,2
HX1 1QY,29,22,7,19
HX1 1QZ,7,4,3,5
HX1 1RB,7,4,3,2
HX1 1RL,1,0,1,1
HX1 1RN,12,11,1,10
HX1 1SA,9,6,3,8
HX1 1SN,2,0,2,2
HX1 1SP,1,0,1,1
HX1 1SZ,1,1,0,1
HX1 1TD,10,5,5,8
HX1 1TJ,1,1,0,1
HX1 1TN,2,1,1,1
HX1 1TQ,1,1,0,1
HX1 1TT,1,1,0,1
HX1 1TW,24,14,10,18
HX1 1UG,20,10,10,16
HX1 1UP,34,19,15,20
HX1 1UQ,1,1,0,1
HX1 1UU,21,13,8,16
HX1 1UZ,1,1,0,1
HX1 1XB,1,0,1,1
HX1 1XF,2,0,2,2
HX1 1XH,12,5,7,2
HX1 1XQ,4,3,1,3
HX1 1YN,48,19,29,36
HX1 1YP,78,30,48,65
HX1 1YQ,1,1,0,1
HX1 1YS,20,12,8,9
HX1 1YW,52,22,30,44
HX1 2AD,7,4,3,4
HX1 2AF,4,4,0,4
HX1 2AL,7,5,2,5
HX1 2AR,19,9,10,7
HX1 2AZ,27,4,23,25
HX1 2BA,98,42,56,30
HX1 2BB,3,1,2,1
HX1 2BD,31,18,13,9
HX1 2BE,5,2,3,3
HX1 2BG,65,37,28,49
HX1 2BH,20,11,9,9
HX1 2BJ,76,32,44,42
HX1 2BL,35,19,16,15
HX1 2BN,23,11,12,14
HX1 2BQ,11,5,6,6
HX1 2BS,9,6,3,3
HX1 2BT,122,62,60,51
HX1 2BU,7,5,2,7
HX1 2BX,131,56,75,45
HX1 2BZ,48,6,42,1
HX1 2DA,143,76,67,49
HX1 2DB,9,5,4,7
HX1 2DD,14,9,5,5
HX1 2ED,19,12,7,12
HX1 2EE,6,4,2,4
HX1 2EJ,3,1,2,2
HX1 2EN,126,56,70,27
HX1 2EP,8,4,4,5
HX1 2ER,44,26,18,14
HX1 2ET,4,3,1,2
HX1 2EU,73,34,39,30
HX1 2EW,11,3,8,6
HX1 2EX,58,28,30,25
HX1 2EY,46,26,20,16
HX1 2EZ,80,44,36,33
HX1 2HA,59,29,30,20
HX1 2HF,14,7,7,4
HX1 2HH,48,24,24,24
HX1 2HQ,39,23,16,30
HX1 2HX,6,4,2,4
HX1 2JD,1,1,0,1
HX1 2JF,13,11,2,10
HX1 2JH,103,41,62,59
HX1 2JP,17,9,8,10
HX1 2JR,28,19,9,26
HX1 2JT,15,11,4,11
HX1 2JU,9,5,4,4
HX1 2JX,52,29,23,20
HX1 2JY,3,2,1,3
HX1 2LB,19,13,6,11
HX1 2LE,28,16,12,18
HX1 2LF,7,4,3,4
HX1 2LG,1,1,0,1
HX1 2LH,33,25,8,16
HX1 2LJ,2,1,1,2
HX1 2LL,15,9,6,9
HX1 2LN,25,18,7,19
HX1 2LP,1,1,0,1
HX1 2LR,7,6,1,0
HX1 2LS,12,5,7,8
HX1 2LW,4,2,2,3
HX1 2LX,2,1,1,1
HX1 2LY,9,5,4,6
HX1 2LZ,10,3,7,7
HX1 2NA,49,21,28,37
HX1 2NB,57,26,31,40
HX1 2NF,24,11,13,19
HX1 2NG,1,1,0,1
HX1 2NH,15,9,6,7
HX1 2NJ,22,9,13,18
HX1 2NL,23,13,10,13
HX1 2NN,14,9,5,9
HX1 2NP,20,12,8,12
HX1 2NQ,5,3,2,2
HX1 2NR,6,2,4,4
HX1 2NS,21,10,11,13
HX1 2NT,17,9,8,13
HX1 2NU,20,6,14,13
HX1 2NW,25,13,12,20
HX1 2NX,30,16,14,18
HX1 2NY,44,17,27,30
HX1 2NZ,91,41,50,29
HX1 2PJ,2,1,1,1
HX1 2PL,125,59,66,47
HX1 2PN,37,22,15,13
HX1 2PP,66,35,31,21
HX1 2PQ,46,23,23,19
HX1 2PR,8,3,5,4
HX1 2PW,62,36,26,23
HX1 2PX,19,10,9,10
HX1 2PY,16,9,7,6
HX1 2QA,44,27,17,25
HX1 2QB,87,44,43,38
HX1 2QD,49,23,26,34
HX1 2QH,10,7,3,7
HX1 2QJ,16,10,6,7
HX1 2QP,5,3,2,3
HX1 2QQ,14,9,5,8
HX1 2QU,20,9,11,7
HX1 2QW,28,20,8,20
HX1 2QX,58,28,30,22
HX1 2QY,3,1,2,2
HX1 2RA,7,5,2,3
HX1 2RB,8,5,3,6
HX1 2RE,30,16,14,9
HX1 2RZ,1,0,1,1
HX1 2SA,21,10,11,10
HX1 2SH,6,3,3,5
HX1 2SR,1,1,0,1
HX1 2ST,2,2,0,2
HX1 2TA,17,14,3,12
HX1 2TD,37,21,16,29
HX1 2TE,13,8,5,5
HX1 2TH,30,18,12,7
HX1 2TL,16,10,6,8
HX1 2TN,67,37,30,22
HX1 2TP,14,7,7,13
HX1 2TR,121,74,47,39
HX1 2TS,44,24,20,12
HX1 2TW,88,49,39,26
HX1 2XE,9,5,4,3
HX1 2XF,59,28,31,23
HX1 2XG,21,11,10,14
HX1 2XH,23,4,19,3
HX1 2XJ,65,36,29,27
HX1 2XL,47,21,26,15
HX1 2XN,20,10,10,8
HX1 2XP,5,3,2,2
HX1 2XQ,36,19,17,15
HX1 2XR,74,38,36,36
HX1 2XS,38,18,20,10
HX1 2XW,18,8,10,4
HX1 2YD,17,3,14,17
HX1 2YE,13,6,7,5
HX1 2YF,6,5,1,3
HX1 2YG,12,5,7,6
HX1 2YH,38,20,18,16
HX1 2YJ,25,12,13,12
HX1 2YL,41,18,23,15
HX1 2YN,93,40,53,35
HX1 2YQ,10,6,4,6
HX1 2YR,17,9,8,7
HX1 2YW,4,2,2,1
HX1 2YZ,24,10,14,14
HX1 3AA,40,15,25,31
HX1 3AB,3,1,2,1
HX1 3AG,35,14,21,11
HX1 3AH,63,31,32,20
HX1 3AJ,10,5,5,4
HX1 3AL,50,21,29,24
HX1 3AN,41,21,20,21
HX1 3AP,87,47,40,52
HX1 3AQ,8,3,5,3
HX1 3AR,8,3,5,3
HX1 3AS,11,6,5,7
HX1 3AU,63,31,32,34
HX1 3AW,41,18,23,18
HX1 3AY,18,9,9,8
HX1 3AZ,6,2,4,2
HX1 3BA,81,43,38,33
HX1 3BB,111,49,62,67
HX1 3BD,89,39,50,62
HX1 3BG,3,2,1,2
HX1 3BL,17,8,9,8
HX1 3BN,39,17,22,20
HX1 3BX,54,28,26,22
HX1 3DT,11,7,4,8
HX1 3DU,38,22,16,22
HX1 3DW,5,1,4,4
HX1 3DX,22,8,14,11
HX1 3DZ,16,7,9,6
HX1 3EA,67,34,33,20
HX1 3EB,64,36,28,20
HX1 3ED,32,16,16,15
HX1 3EE,47,22,25,25
HX1 3EF,22,11,11,14
HX1 3EG,146,76,70,44
HX1 3EH,15,11,4,8
HX1 3EL,4,2,2,2
HX1 3EN,5,1,4,2
HX1 3EP,44,22,22,34
HX1 3EQ,18,8,10,14
HX1 3ER,21,10,11,12
HX1 3ES,10,4,6,7
HX1 3ET,11,6,5,4
HX1 3EU,10,5,5,5
HX1 3EW,46,20,26,18
HX1 3EX,60,32,28,21
HX1 3EY,20,6,14,15
HX1 3HA,6,4,2,5
HX1 3HE,18,7,11,9
HX1 3HF,34,22,12,22
HX1 3HG,21,14,7,12
HX1 3JL,17,11,6,7
HX1 3JP,8,4,4,4
HX1 3JY,47,25,22,15
HX1 3JZ,77,37,40,19
HX1 3LB,79,44,35,19
HX1 3LD,96,46,50,42
HX1 3LE,90,39,51,29
HX1 3LG,120,62,58,26
HX1 3LH,142,73,69,34
HX1 3LJ,56,31,25,14
HX1 3LL,32,17,15,9
HX1 3LN,78,44,34,26
HX1 3LR,20,9,11,14
HX1 3LS,29,18,11,7
HX1 3LT,49,27,22,14
HX1 3NH,21,13,8,9
HX1 3NP,7,3,4,4
HX1 3NS,51,28,23,18
HX1 3NU,36,15,21,14
HX1 3PA,16,11,5,9
HX1 3PB,11,5,6,6
HX1 3PD,19,9,10,12
HX1 3PE,21,11,10,12
HX1 3PF,31,15,16,28
HX1 3PH,33,21,12,17
HX1 3PJ,19,10,9,5
HX1 3PL,9,6,3,4
HX1 3PN,9,4,5,5
HX1 3PP,15,9,6,8
HX1 3PR,17,9,8,7
HX1 3PS,15,8,7,8
HX1 3PT,10,5,5,5
HX1 3PU,23,17,6,7
HX1 3PW,27,13,14,12
HX1 3PX,40,23,17,15
HX1 3PY,56,32,24,10
HX1 3PZ,8,6,2,4
HX1 3QA,19,13,6,8
HX1 3QB,13,6,7,6
HX1 3QD,16,8,8,12
HX1 3QE,8,3,5,5
HX1 3QF,21,11,10,14
HX1 3QH,31,15,16,10
HX1 3QJ,86,46,40,21
HX1 3QL,143,67,76,43
HX1 3QN,32,14,18,12
HX1 3QP,14,6,8,5
HX1 3QQ,53,31,22,15
HX1 3QR,52,29,23,16
HX1 3QS,60,24,36,30
HX1 3QT,42,25,17,18
HX1 3QU,47,24,23,9
HX1 3QW,27,16,11,12
HX1 3QX,25,10,15,10
HX1 3QY,23,14,9,2
HX1 3QZ,27,13,14,10
HX1 3RB,31,17,14,18
HX1 3RP,23,13,10,11
HX1 3RR,13,9,4,6
HX1 3RS,63,31,32,27
HX1 3RT,12,8,4,5
HX1 3RU,28,13,15,17
HX1 3RX,106,49,57,35
HX1 3RY,20,11,9,10
HX1 3RZ,45,22,23,20
HX1 3SA,18,10,8,11
HX1 3SB,12,5,7,9
HX1 3SD,47,27,20,25
HX1 3SE,32,13,19,11
HX1 3SG,19,12,7,8
HX1 3SH,10,6,4,5
HX1 3SJ,8,7,1,5
HX1 3SS,13,9,4,6
HX1 3SU,88,36,52,34
HX1 3SX,6,2,4,4
HX1 3SY,20,11,9,9
HX1 3TA,18,9,9,3
HX1 3TB,36,21,15,13
HX1 3TF,51,24,27,18
HX1 3TG,63,29,34,27
HX1 3TH,33,20,13,19
HX1 3TJ,7,6,1,2
HX1 3TQ,51,25,26,22
HX1 3TW,84,46,38,32
HX1 3TX,60,35,25,13
HX1 3TY,4,3,1,2
HX1 3TZ,59,30,29,16
HX1 3UA,251,118,133,67
HX1 3UE,188,90,98,56
HX1 3UF,53,29,24,21
HX1 3UG,169,84,85,50
HX1 3UH,143,62,81,43
HX1 3UJ,37,20,17,16
HX1 3UL,185,84,101,54
HX1 3UQ,3,2,1,3
HX1 3UW,39,13,26,13
HX1 3XA,65,35,30,16
HX1 3XB,116,54,62,26
HX1 3XD,93,41,52,21
HX1 3XE,176,84,92,32
HX1 3XF,63,34,29,22
HX1 3XG,45,28,17,9
HX1 3XH,50,32,18,24
HX1 3XJ,71,34,37,19
HX1 3XL,57,27,30,11
HX1 3XN,29,16,13,9
HX1 3XP,46,25,21,14
HX1 3XQ,41,20,21,10
HX1 3XR,45,20,25,16
HX1 3XS,175,90,85,46
HX1 3XT,37,18,19,11
HX1 3XU,120,60,60,34
HX1 3XW,72,30,42,19
HX1 3XX,51,25,26,17
HX1 3XY,73,41,32,23
HX1 3XZ,41,16,25,16
HX1 3YA,123,62,61,19
HX1 3YD,45,26,19,14
HX1 3YH,32,18,14,9
HX1 3YL,76,36,40,19
HX1 3YN,29,14,15,23
HX1 3YQ,40,16,24,8
HX1 3ZA,32,15,17,7
HX1 4AL,4,1,3,1
HX1 4AN,53,28,25,14
HX1 4AP,45,23,22,17
HX1 4AR,32,17,15,13
HX1 4AS,26,13,13,6
HX1 4AW,43,19,24,17
HX1 4BA,27,12,15,9
HX1 4BB,46,22,24,19
HX1 4BD,29,15,14,10
HX1 4BE,6,3,3,3
HX1 4BQ,26,18,8,9
HX1 4BS,23,13,10,14
HX1 4BW,59,30,29,15
HX1 4DF,18,8,10,5
HX1 4DG,21,14,7,7
HX1 4DH,1,1,0,1
HX1 4DJ,68,37,31,19
HX1 4DN,77,33,44,23
HX1 4DP,6,2,4,1
HX1 4DQ,34,14,20,7
HX1 4DR,170,86,84,35
HX1 4DS,93,48,45,26
HX1 4DT,57,29,28,17
HX1 4DW,70,37,33,21
HX1 4DY,227,114,113,41
HX1 4DZ,97,48,49,19
HX1 4EG,58,29,29,15
HX1 4EJ,11,6,5,2
HX1 4EN,22,12,10,6
HX1 4ER,27,15,12,12
HX1 4ES,57,24,33,22
HX1 4EX,10,6,4,5
HX1 4GG,1,1,0,1
HX1 4HA,4,3,1,1
HX1 4HB,36,18,18,12
HX1 4HD,49,25,24,13
HX1 4HE,147,77,70,28
HX1 4HG,104,53,51,16
HX1 4HH,33,15,18,10
HX1 4HJ,2,2,0,1
HX1 4HL,22,11,11,3
HX1 4HN,48,23,25,15
HX1 4HP,58,31,27,17
HX1 4HQ,86,43,43,20
HX1 4HR,40,17,23,15
HX1 4HS,45,21,24,15
HX1 4HT,26,9,17,9
HX1 4HU,1,1,0,1
HX1 4HW,87,41,46,25
HX1 4JG,120,57,63,40
HX1 4JL,169,71,98,40
HX1 4JN,142,66,76,30
HX1 4JQ,87,45,42,27
HX1 4JS,14,7,7,3
HX1 4JT,54,25,29,19
HX1 4JU,112,53,59,31
HX1 4JW,116,53,63,22
HX1 4JX,15,11,4,4
HX1 4JZ,24,14,10,13
HX1 4LA,1,0,1,1
HX1 4LD,23,11,12,16
HX1 4LE,19,10,9,6
HX1 4LG,190,97,93,47
HX1 4LH,122,61,61,37
HX1 4LJ,53,30,23,12
HX1 4LL,38,14,24,10
HX1 4LN,83,44,39,22
HX1 4LQ,94,43,51,31
HX1 4LT,7,5,2,3
HX1 4LU,14,7,7,4
HX1 4LY,4,3,1,1
HX1 4ND,24,14,10,9
HX1 4NE,25,12,13,10
HX1 4NF,20,8,12,8
HX1 4NG,50,31,19,15
HX1 4NH,4,3,1,2
HX1 4NJ,65,35,30,16
HX1 4NL,15,6,9,5
HX1 4NN,9,6,3,2
HX1 4NP,48,20,28,17
HX1 4NQ,66,27,39,12
HX1 4NR,3,2,1,2
HX1 4NS,15,6,9,2
HX1 4NW,18,10,8,7
HX1 4NY,23,19,4,22
HX1 4PH,96,48,48,15
HX1 4PJ,51,28,23,13
HX1 4PL,1,0,1,1
HX1 4PQ,77,35,42,61
HX1 4PT,15,8,7,6
HX1 4PU,10,3,7,3
HX1 4PY,41,21,20,10
HX1 4PZ,62,31,31,22
HX1 4QD,29,17,12,13
HX1 4QE,38,18,20,11
HX1 4QF,96,50,46,29
HX1 4QG,121,64,57,30
HX1 4QL,56,22,34,17
HX1 4QN,38,19,19,12
HX1 4QP,51,29,22,19
HX1 4QQ,47,24,23,16
HX1 4QR,20,9,11,8
HX1 4QS,27,15,12,13
HX1 4QT,36,16,20,14
HX1 4QU,9,3,6,4
HX1 4QW,67,31,36,23
HX1 4QY,43,21,22,17
HX1 4QZ,29,17,12,15
HX1 4RA,12,7,5,8
HX1 4RB,70,33,37,26
HX1 4RD,61,36,25,24
HX1 4RE,17,10,7,7
HX1 4RF,38,24,14,22
HX1 4RH,106,56,50,32
HX1 4RJ,64,29,35,22
HX1 4RL,59,29,30,22
HX1 4RN,124,60,64,38
HX1 4RQ,46,22,24,17
HX1 4RR,2,1,1,1
HX1 4RS,40,14,26,12
HX1 4RT,59,30,29,19
HX1 4RU,49,27,22,18
HX1 4RW,8,7,1,8
HX1 4RX,35,14,21,17
HX1 4RY,48,22,26,20
HX1 4RZ,11,6,5,4
HX1 4SA,9,5,4,5
HX1 4SB,6,4,2,1
HX1 4SD,44,32,12,26
HX1 4SE,15,5,10,5
HX1 4SG,27,15,12,22
HX1 4SQ,12,5,7,9
HX1 4TA,116,60,56,32
HX1 4TB,23,13,10,10
HX1 4TD,88,39,49,32
HX1 4TE,20,9,11,5
HX1 4TF,56,24,32,25
HX1 4TG,40,19,21,14
HX1 4TH,76,37,39,19
HX1 4TJ,34,21,13,12
HX1 4TN,32,16,16,7
HX1 4TQ,80,39,41,23
HX1 4TR,68,36,32,21
HX1 4TW,59,27,32,21
HX1 4TX,1,0,1,1
HX1 4TY,3,2,1,1
HX1 5AB,2,2,0,2
HX1 5AE,34,21,13,19
HX1 5AF,32,18,14,21
HX1 5AG,12,8,4,7
HX1 5AR,4,2,2,3
HX1 5AS,47,31,16,18
HX1 5AY,5,2,3,2
HX1 5BA,4,1,3,1
HX1 5BP,29,14,15,12
HX1 5DE,105,51,54,27
HX1 5DG,95,49,46,33
HX1 5DH,14,10,4,12
HX1 5DL,6,2,4,3
HX1 5DN,27,18,9,9
HX1 5DQ,6,5,1,5
HX1 5DR,53,32,21,46
HX1 5DS,47,34,13,42
HX1 5DT,1,0,1,1
HX1 5DU,73,34,39,16
HX1 5EF,12,6,6,4
HX1 5EG,22,10,12,5
HX1 5EH,6,5,1,2
HX1 5EJ,16,7,9,3
HX1 5EN,27,13,14,19
HX1 5EQ,43,19,24,8
HX1 5ER,28,14,14,10
HX1 5ET,98,53,45,19
HX1 5EU,22,12,10,7
HX1 5EW,152,71,81,29
HX1 5EX,57,30,27,15
HX1 5HJ,69,32,37,48
HX1 5HL,5,4,1,3
HX1 5HN,5,3,2,3
HX1 5HW,1,1,0,1
HX1 5JL,39,18,21,11
HX1 5JN,27,13,14,9
HX1 5JS,16,7,9,5
HX1 5JT,25,13,12,7
HX1 5JW,21,9,12,7
HX1 5JX,1,1,0,1
HX1 5JY,9,3,6,2
HX1 5JZ,19,6,13,4
HX1 5LD,152,76,76,36
HX1 5LE,45,25,20,10
HX1 5LF,74,35,39,15
HX1 5LG,143,74,69,43
HX1 5LJ,149,74,75,30
HX1 5LL,138,69,69,27
HX1 5LN,114,55,59,30
HX1 5LQ,158,80,78,40
HX1 5LT,97,50,47,19
HX1 5LY,8,6,2,6
HX1 5LZ,34,19,15,24
HX1 5NA,96,55,41,53
HX1 5NP,67,35,32,52
HX1 5NX,91,47,44,20
HX1 5PA,51,23,28,13
HX1 5PB,113,61,52,34
HX1 5PD,14,7,7,6
HX1 5PE,5,5,0,4
HX1 5PG,21,13,8,7
HX1 5PH,42,21,21,12
HX1 5PJ,48,23,25,19
HX1 5PL,96,47,49,21
HX1 5PN,37,17,20,35
HX1 5PP,18,13,5,5
HX1 5PS,85,40,45,21
HX1 5PT,15,10,5,6
HX1 5PU,37,15,22,10
HX1 5PW,107,58,49,25
HX1 5QB,36,16,20,9
HX1 5QF,83,45,38,44
HX1 5QR,62,32,30,54
HX1 5QZ,24,13,11,5
HX1 5RD,71,16,55,2
HX1 5RE,48,30,18,18
HX1 5RF,47,25,22,23
HX1 5RG,92,48,44,25
HX1 5RP,68,43,25,18
HX1 5RR,119,63,56,32
HX1 5RS,24,10,14,4
HX1 5RU,13,7,6,3
HX1 5RX,38,20,18,12
HX1 5RY,33,16,17,14
HX1 5RZ,39,14,25,11
HX1 5SA,20,9,11,6
HX1 5SD,45,21,24,13
HX1 5SP,1,1,0,1
HX1 5SS,5,4,1,4
HX1 5SU,8,3,5,4
HX1 5SZ,110,56,54,29
HX1 5TL,9,4,5,4
HX1 5TN,116,50,66,36
HX1 5TX,27,18,9,21
HX1 5TY,39,24,15,30
HX2 0AA,23,13,10,11
HX2 0AD,35,14,21,12
HX2 0AE,26,9,17,16
HX2 0AG,29,15,14,16
HX2 0AH,36,17,19,14
HX2 0AJ,33,16,17,14
HX2 0AL,27,12,15,13
HX2 0AN,8,5,3,4
HX2 0AQ,19,8,11,9
HX2 0AS,10,7,3,5
HX2 0AT,54,30,24,26
HX2 0AU,44,24,20,23
HX2 0AX,62,33,29,20
HX2 0BB,96,45,51,38
HX2 0BD,76,38,38,35
HX2 0BE,29,15,14,10
HX2 0BG,64,37,27,28
HX2 0BH,89,37,52,39
HX2 0BQ,36,19,17,12
HX2 0BT,61,27,34,23
HX2 0BU,19,11,8,8
HX2 0BX,15,7,8,6
HX2 0BZ,29,13,16,11
HX2 0DA,16,10,6,7
HX2 0DD,58,31,27,24
HX2 0DE,74,38,36,32
HX2 0DF,53,25,28,24
HX2 0DG,6,3,3,4
HX2 0DH,144,67,77,61
HX2 0DJ,30,12,18,23
HX2 0DL,77,40,37,32
HX2 0DN,50,26,24,22
HX2 0DQ,51,23,28,22
HX2 0DR,52,25,27,19
HX2 0DS,7,4,3,4
HX2 0DT,33,17,16,16
HX2 0DU,30,7,23,28
HX2 0DW,118,55,63,63
HX2 0ED,7,5,2,6
HX2 0EE,10,7,3,7
HX2 0EF,28,16,12,16
HX2 0EG,16,9,7,6
HX2 0EH,59,27,32,24
HX2 0EL,22,10,12,12
HX2 0EN,15,8,7,6
HX2 0EP,49,24,25,18
HX2 0EQ,32,19,13,13
HX2 0ER,68,34,34,25
HX2 0ET,54,28,26,25
HX2 0EU,36,15,21,21
HX2 0EW,75,40,35,32
HX2 0EX,20,6,14,18
HX2 0EY,16,6,10,8
HX2 0EZ,11,3,8,4
HX2 0HB,48,26,22,21
HX2 0HE,8,4,4,5
HX2 0HF,40,23,17,17
HX2 0HG,46,20,26,24
HX2 0HH,43,21,22,35
HX2 0HN,5,2,3,3
HX2 0HP,9,4,5,5
HX2 0HQ,9,5,4,6
HX2 0HS,33,14,19,17
HX2 0HT,39,16,23,19
HX2 0HU,105,45,60,44
HX2 0HX,41,20,21,16
HX2 0HY,23,11,12,13
HX2 0HZ,6,3,3,3
HX2 0JA,20,12,8,13
HX2 0JB,59,27,32,22
HX2 0JD,58,26,32,28
HX2 0JE,15,8,7,7
HX2 0JF,41,15,26,21
HX2 0JG,11,7,4,4
HX2 0JH,6,2,4,2
HX2 0JJ,4,1,3,2
HX2 0JL,12,5,7,6
HX2 0JN,10,5,5,2
HX2 0JP,53,22,31,13
HX2 0JQ,2,0,2,2
HX2 0JW,3,1,2,2
HX2 0LA,166,78,88,66
HX2 0LB,27,15,12,13
HX2 0LD,53,28,25,20
HX2 0LE,91,44,47,34
HX2 0LF,68,38,30,28
HX2 0LG,20,9,11,8
HX2 0LH,115,67,48,45
HX2 0LJ,19,10,9,8
HX2 0LL,6,3,3,2
HX2 0LN,34,16,18,18
HX2 0LP,106,51,55,54
HX2 0LQ,61,32,29,22
HX2 0LR,41,22,19,14
HX2 0LS,5,1,4,3
HX2 0LT,41,24,17,17
HX2 0LU,91,36,55,39
HX2 0LW,68,35,33,29
HX2 0LX,35,19,16,21
HX2 0LY,66,32,34,34
HX2 0LZ,36,12,24,14
HX2 0NG,65,30,35,22
HX2 0NH,54,25,29,26
HX2 0NJ,23,10,13,10
HX2 0NL,76,37,39,28
HX2 0NN,149,74,75,56
HX2 0NP,40,21,19,11
HX2 0NQ,82,41,41,32
HX2 0NR,33,17,16,14
HX2 0NS,93,46,47,34
HX2 0NT,147,61,86,61
HX2 0NU,105,50,55,52
HX2 0NW,70,34,36,26
HX2 0NX,96,49,47,44
HX2 0PA,93,46,47,47
HX2 0PD,28,15,13,12
HX2 0PG,15,6,9,7
HX2 0PJ,91,44,47,37
HX2 0PL,42,17,25,20
HX2 0PN,95,45,50,36
HX2 0PP,42,19,23,21
HX2 0PR,92,40,52,30
HX2 0PS,40,15,25,20
HX2 0PT,12,6,6,9
HX2 0PU,111,50,61,41
HX2 0PW,27,11,16,12
HX2 0PX,37,23,14,28
HX2 0PY,45,18,27,22
HX2 0PZ,56,23,33,24
HX2 0QA,20,13,7,15
HX2 0QB,138,71,67,47
HX2 0QE,12,2,10,5
HX2 0QF,2,1,1,2
HX2 0QG,14,8,6,6
HX2 0QH,14,5,9,7
HX2 0QJ,20,8,12,10
HX2 0QL,59,29,30,23
HX2 0QN,26,10,16,9
HX2 0QP,174,81,93,83
HX2 0QR,103,48,55,49
HX2 0QS,23,9,14,10
HX2 0QT,105,45,60,54
HX2 0QW,31,14,17,12
HX2 0RA,18,8,10,7
HX2 0RB,97,46,51,39
HX2 0RD,26,11,15,11
HX2 0RF,31,15,16,16
HX2 0RG,42,19,23,22
HX2 0RH,42,22,20,22
HX2 0RJ,44,20,24,22
HX2 0RL,66,28,38,33
HX2 0RN,100,47,53,41
HX2 0RP,12,6,6,9
HX2 0RQ,19,9,10,7
HX2 0RR,6,3,3,3
HX2 0RS,37,18,19,17
HX2 0RT,34,17,17,15
HX2 0RU,59,29,30,25
HX2 0RW,41,20,21,20
HX2 0RX,26,4,22,2
HX2 0RY,13,6,7,6
HX2 0RZ,29,14,15,12
HX2 0SA,20,7,13,11
HX2 0SB,62,28,34,25
HX2 0SD,53,28,25,23
HX2 0SE,59,28,31,22
HX2 0SF,13,6,7,6
HX2 0SH,27,10,17,8
HX2 0SJ,34,19,15,11
HX2 0SL,32,15,17,11
HX2 0SN,4,2,2,1
HX2 0SP,18,9,9,11
HX2 0SQ,39,20,19,12
HX2 0SR,17,9,8,6
HX2 0SS,135,66,69,43
HX2 0ST,10,5,5,3
HX2 0SU,4,1,3,2
HX2 0SX,3,1,2,1
HX2 0TA,15,8,7,9
HX2 0TB,5,3,2,1
HX2 0TD,5,1,4,3
HX2 0TE,16,8,8,6
HX2 0TF,33,14,19,15
HX2 0TG,6,4,2,2
HX2 0TH,5,3,2,2
HX2 0TJ,68,31,37,26
HX2 0TN,14,9,5,5
HX2 0TP,14,7,7,4
HX2 0TQ,84,45,39,26
HX2 0TR,13,7,6,4
HX2 0TS,12,6,6,5
HX2 0TT,3,1,2,1
HX2 0TU,4,3,1,2
HX2 0TW,27,14,13,11
HX2 0TX,36,14,22,16
HX2 0TZ,4,2,2,1
HX2 0UA,11,5,6,4
HX2 0UB,12,6,6,5
HX2 0UD,10,5,5,3
HX2 0UE,17,8,9,5
HX2 0UF,5,4,1,2
HX2 0UG,31,18,13,12
HX2 0UH,61,28,33,21
HX2 0UJ,37,16,21,20
HX2 0UL,38,20,18,17
HX2 0UN,37,22,15,14
HX2 0UP,87,38,49,44
HX2 0UQ,10,6,4,2
HX2 0US,109,55,54,41
HX2 0UT,49,27,22,20
HX2 0UU,7,3,4,4
HX2 0UW,13,5,8,4
HX2 0UX,5,2,3,2
HX2 0UY,5,2,3,1
HX2 0UZ,51,23,28,20
HX2 0XA,93,47,46,33
HX2 6AA,45,23,22,20
HX2 6AB,9,2,7,4
HX2 6AD,22,9,13,10
HX2 6AE,12,6,6,7
HX2 6AF,21,11,10,9
HX2 6AG,7,2,5,2
HX2 6AH,33,16,17,11
HX2 6AJ,26,11,15,13
HX2 6AL,1,0,1,1
HX2 6AN,28,13,15,10
HX2 6AR,20,13,7,9
HX2 6AS,26,13,13,10
HX2 6AT,87,38,49,37
HX2 6AU,29,15,14,12
HX2 6AW,21,9,12,8
HX2 6AX,11,5,6,3
HX2 6AY,12,5,7,6
HX2 6AZ,34,16,18,12
HX2 6BA,20,13,7,6
HX2 6BB,22,8,14,12
HX2 6BE,50,28,22,18
HX2 6BG,58,24,34,26
HX2 6BH,44,26,18,16
HX2 6BJ,72,37,35,30
HX2 6BL,42,21,21,15
HX2 6BN,113,51,62,53
HX2 6BP,17,6,11,10
HX2 6BQ,19,10,9,6
HX2 6BT,4,2,2,2
HX2 6BU,12,5,7,5
HX2 6BW,33,17,16,13
HX2 6BX,15,7,8,5
HX2 6BY,5,1,4,2
HX2 6BZ,23,12,11,10
HX2 6DA,16,8,8,7
HX2 6DB,17,9,8,8
HX2 6DD,11,7,4,5
HX2 6DE,159,73,86,60
HX2 6DG,14,7,7,4
HX2 6DH,22,9,13,9
HX2 6DJ,12,4,8,3
HX2 6DP,2,1,1,1
HX2 6EH,2,2,0,2
HX2 6EN,6,2,4,2
HX2 6EP,9,4,5,5
HX2 6ET,17,7,10,8
HX2 6EU,44,19,25,18
HX2 6EW,2,1,1,1
HX2 6EX,29,12,17,10
HX2 6EY,3,1,2,2
HX2 6EZ,12,7,5,4
HX2 6GQ,2,1,1,1
HX2 6HA,13,5,8,6
HX2 6HB,4,2,2,2
HX2 6HD,23,12,11,11
HX2 6HE,11,7,4,5
HX2 6HF,4,1,3,3
HX2 6HG,27,14,13,11
HX2 6HH,18,8,10,9
HX2 6HJ,11,7,4,6
HX2 6HL,10,4,6,5
HX2 6HN,3,1,2,2
HX2 6HP,2,1,1,1
HX2 6HQ,4,2,2,2
HX2 6HR,9,4,5,5
HX2 6HS,35,16,19,15
HX2 6HT,6,3,3,4
HX2 6HU,23,10,13,9
HX2 6HW,4,2,2,2
HX2 6HX,3,2,1,2
HX2 6HY,12,7,5,4
HX2 6HZ,3,0,3,1
HX2 6JA,5,4,1,2
HX2 6JD,4,1,3,1
HX2 6JE,7,4,3,3
HX2 6JF,20,10,10,7
HX2 6JG,4,1,3,3
HX2 6JH,10,5,5,5
HX2 6JJ,41,18,23,13
HX2 6JN,13,7,6,6
HX2 6JP,13,7,6,5
HX2 6JQ,26,11,15,10
HX2 6JR,8,3,5,3
HX2 6JS,21,10,11,9
HX2 6JT,21,10,11,8
HX2 6JU,11,7,4,4
HX2 6JW,15,9,6,5
HX2 6JX,14,9,5,6
HX2 6JY,1,1,0,1
HX2 6JZ,8,3,5,4
HX2 6LA,3,1,2,1
HX2 6LB,22,5,17,3
HX2 6LD,8,3,5,4
HX2 6LE,23,10,13,9
HX2 6LF,7,4,3,3
HX2 6LG,19,11,8,6
HX2 6NH,18,10,8,10
HX2 6NL,11,7,4,5
HX2 6NN,50,21,29,21
HX2 6NP,108,51,57,49
HX2 6NQ,13,6,7,3
HX2 6NR,143,61,82,67
HX2 6NS,86,41,45,42
HX2 6NU,45,23,22,22
HX2 6NW,5,2,3,2
HX2 6NX,68,33,35,34
HX2 6NY,5,2,3,3
HX2 6NZ,62,34,28,19
HX2 6PA,33,16,17,17
HX2 6PB,55,27,28,25
HX2 6PD,91,45,46,52
HX2 6PE,26,13,13,8
HX2 6PF,42,20,22,12
HX2 6PG,37,17,20,14
HX2 6PH,11,8,3,5
HX2 6PJ,5,3,2,3
HX2 6PL,30,16,14,12
HX2 6PN,29,10,19,13
HX2 6PP,36,18,18,16
HX2 6PQ,14,7,7,7
HX2 6PR,23,13,10,10
HX2 6PS,6,3,3,2
HX2 6PT,34,15,19,12
HX2 6PU,26,11,15,15
HX2 6PW,15,8,7,7
HX2 6PX,33,17,16,16
HX2 6PY,5,3,2,2
HX2 6PZ,18,8,10,10
HX2 6QA,11,6,5,5
HX2 6QB,29,13,16,17
HX2 6QD,27,13,14,10
HX2 6QE,19,12,7,9
HX2 6QF,9,4,5,4
HX2 6QG,9,5,4,3
HX2 6QH,10,5,5,3
HX2 6QJ,4,3,1,2
HX2 6QL,16,9,7,6
HX2 6QN,4,2,2,2
HX2 6QP,8,4,4,3
HX2 6QQ,4,2,2,3
HX2 6QR,5,3,2,2
HX2 6QS,11,7,4,4
HX2 6QT,7,4,3,4
HX2 6QU,5,3,2,2
HX2 6QW,6,3,3,3
HX2 6QX,23,9,14,10
HX2 6QY,6,3,3,3
HX2 6QZ,13,7,6,6
HX2 6RB,2,1,1,1
HX2 6RD,22,10,12,7
HX2 6RE,6,3,3,3
HX2 6RF,28,15,13,10
HX2 6RG,7,5,2,2
HX2 6RH,21,10,11,9
HX2 6RJ,103,53,50,34
HX2 6RL,65,38,27,44
HX2 6RN,12,7,5,7
HX2 6RP,3,1,2,1
HX2 6RQ,40,21,19,22
HX2 6RW,97,49,48,33
HX2 6SJ,24,12,12,9
HX2 6SL,6,3,3,3
HX2 6SN,7,3,4,4
HX2 6SP,23,11,12,11
HX2 6SR,5,3,2,2
HX2 6SS,9,3,6,5
HX2 6ST,26,13,13,12
HX2 6SU,18,10,8,7
HX2 6SW,25,16,9,11
HX2 6SX,10,6,4,4
HX2 6SY,35,18,17,18
HX2 6SZ,5,2,3,3
HX2 6TA,8,3,5,5
HX2 6TB,30,17,13,14
HX2 6TD,4,2,2,2
HX2 6TE,6,3,3,2
HX2 6TF,1,1,0,1
HX2 6TG,14,6,8,4
HX2 6TH,16,11,5,9
HX2 6TJ,48,19,29,23
HX2 6TL,4,3,1,1
HX2 6TN,8,4,4,3
HX2 6TP,27,13,14,9
HX2 6TQ,15,8,7,4
HX2 6TS,8,6,2,2
HX2 6TT,11,4,7,7
HX2 6TU,23,10,13,11
HX2 6TW,42,20,22,22
HX2 6TX,3,2,1,1
HX2 6TY,9,4,5,3
HX2 6TZ,16,10,6,10
HX2 6UB,3,2,1,2
HX2 6UD,3,2,1,3
HX2 6UE,26,10,16,12
HX2 6UF,26,16,10,13
HX2 6UG,9,3,6,3
HX2 6UH,20,7,13,9
HX2 6UJ,89,47,42,41
HX2 6UL,15,8,7,6
HX2 6UN,3,2,1,1
HX2 6UP,9,5,4,3
HX2 6UQ,15,8,7,6
HX2 6UR,10,6,4,5
HX2 6US,4,2,2,1
HX2 6UT,26,14,12,7
HX2 6UU,9,5,4,4
HX2 6UW,14,7,7,6
HX2 6UX,65,33,32,27
HX2 6UY,7,3,4,3
HX2 6UZ,13,8,5,6
HX2 6XA,11,6,5,3
HX2 6XB,37,16,21,15
HX2 6XD,5,2,3,2
HX2 6XE,19,10,9,8
HX2 6XF,6,3,3,2
HX2 6XG,4,1,3,2
HX2 7AE,21,9,12,12
HX2 7AS,1,1,0,1
HX2 7AW,5,2,3,3
HX2 7BW,4,2,2,2
HX2 7DA,13,6,7,7
HX2 7DB,11,5,6,6
HX2 7DD,23,12,11,11
HX2 7DE,31,14,17,12
HX2 7DF,35,13,22,12
HX2 7DG,58,23,35,24
HX2 7DH,75,43,32,34
HX2 7DJ,77,33,44,33
HX2 7DL,54,28,26,27
HX2 7DN,20,11,9,8
HX2 7DQ,34,13,21,16
HX2 7DR,62,28,34,26
HX2 7DS,16,5,11,9
HX2 7DT,25,11,14,13
HX2 7DU,82,42,40,41
HX2 7DW,34,19,15,13
HX2 7DZ,39,18,21,15
HX2 7EA,12,5,7,5
HX2 7EB,5,1,4,4
HX2 7ED,9,3,6,5
HX2 7EE,12,5,7,7
HX2 7EF,12,5,7,6
HX2 7EG,17,9,8,8
HX2 7EH,3,1,2,1
HX2 7EJ,16,6,10,8
HX2 7EL,16,9,7,5
HX2 7EN,22,10,12,9
HX2 7EQ,6,3,3,4
HX2 7EW,10,7,3,7
HX2 7FW,3,1,2,1
HX2 7HA,4,2,2,1
HX2 7HB,38,22,16,17
HX2 7HD,3,2,1,2
HX2 7HE,74,27,47,59
HX2 7HF,72,35,37,35
HX2 7HG,74,36,38,39
HX2 7HH,91,47,44,35
HX2 7HJ,34,21,13,18
HX2 7HL,76,36,40,31
HX2 7HN,84,40,44,33
HX2 7HP,117,60,57,48
HX2 7HQ,42,19,23,20
HX2 7HR,25,12,13,12
HX2 7HS,64,31,33,29
HX2 7HT,69,30,39,35
HX2 7HU,29,17,12,16
HX2 7HW,60,24,36,36
HX2 7JB,31,15,16,18
HX2 7JD,27,11,16,13
HX2 7JF,13,7,6,5
HX2 7JG,38,21,17,14
HX2 7JH,14,6,8,9
HX2 7JJ,52,22,30,26
HX2 7JL,31,10,21,16
HX2 7JN,118,53,65,60
HX2 7JP,65,25,40,35
HX2 7JQ,3,1,2,2
HX2 7JR,19,7,12,8
HX2 7JS,4,2,2,2
HX2 7JT,103,48,55,36
HX2 7JU,111,54,57,47
HX2 7JW,85,45,40,57
HX2 7JX,109,53,56,49
HX2 7JY,96,42,54,41
HX2 7JZ,90,47,43,32
HX2 7LA,25,12,13,10
HX2 7LB,11,3,8,8
HX2 7LD,13,6,7,11
HX2 7LJ,16,10,6,6
HX2 7LL,6,2,4,2
HX2 7LN,12,5,7,6
HX2 7LP,62,31,31,26
HX2 7LQ,42,20,22,24
HX2 7LR,11,5,6,6
HX2 7LS,51,30,21,22
HX2 7LT,21,10,11,10
HX2 7LU,38,18,20,19
HX2 7LW,116,60,56,48
HX2 7LX,14,6,8,12
HX2 7LY,20,10,10,7
HX2 7LZ,10,4,6,6
HX2 7NA,2,1,1,1
HX2 7NB,21,10,11,9
HX2 7ND,8,4,4,3
HX2 7NF,78,42,36,32
HX2 7NG,27,17,10,10
HX2 7NH,20,9,11,8
HX2 7NJ,23,12,11,14
HX2 7NL,41,19,22,13
HX2 7NN,60,26,34,31
HX2 7NP,73,34,39,28
HX2 7NQ,35,16,19,18
HX2 7NR,55,27,28,23
HX2 7NW,42,21,21,18
HX2 7PJ,10,4,6,6
HX2 7PL,50,22,28,21
HX2 7PN,8,4,4,3
HX2 7PP,19,8,11,5
HX2 7PQ,2,0,2,2
HX2 7PR,56,31,25,27
HX2 7PS,41,19,22,18
HX2 7PT,58,24,34,23
HX2 7PU,26,14,12,9
HX2 7PW,44,21,23,17
HX2 7PX,37,21,16,13
HX2 7PY,48,28,20,21
HX2 7PZ,28,16,12,8
HX2 7QA,10,6,4,5
HX2 7QB,30,16,14,9
HX2 7QD,4,2,2,2
HX2 7QJ,8,6,2,4
HX2 7QL,101,48,53,35
HX2 7QN,65,36,29,34
HX2 7QP,12,6,6,4
HX2 7QT,3,2,1,1
HX2 7QW,14,7,7,5
HX2 7RA,116,57,59,50
HX2 7RB,92,43,49,42
HX2 7RD,61,30,31,29
HX2 7RE,53,29,24,25
HX2 7RF,8,4,4,5
HX2 7RG,2,1,1,1
HX2 7RH,8,4,4,4
HX2 7RJ,4,2,2,1
HX2 7RL,20,9,11,7
HX2 7RN,3,1,2,2
HX2 7RP,73,32,41,35
HX2 7RQ,8,4,4,2
HX2 7RR,19,10,9,9
HX2 7RS,45,25,20,19
HX2 7RT,28,14,14,12
HX2 7RU,12,7,5,7
HX2 7RW,28,16,12,17
HX2 7RX,4,2,2,3
HX2 7RY,8,4,4,6
HX2 7RZ,22,10,12,13
HX2 7SA,61,27,34,33
HX2 7SB,5,2,3,3
HX2 7SD,21,9,12,10
HX2 7SE,4,3,1,3
HX2 7SF,12,4,8,6
HX2 7SG,22,8,14,7
HX2 7SH,7,3,4,5
HX2 7SJ,16,7,9,6
HX2 7SL,6,4,2,2
HX2 7SN,6,3,3,3
HX2 7SP,3,1,2,1
HX2 7SQ,5,2,3,3
HX2 7SR,8,5,3,4
HX2 7SS,19,10,9,8
HX2 7ST,9,4,5,4
HX2 7SU,13,7,6,7
HX2 7SW,17,6,11,6
HX2 7SX,2,1,1,1
HX2 7SY,6,3,3,1
HX2 7SZ,19,8,11,6
HX2 7TA,8,4,4,5
HX2 7TB,29,18,11,11
HX2 7TD,8,3,5,2
HX2 7TE,23,8,15,10
HX2 7TF,6,4,2,3
HX2 7TG,3,2,1,1
HX2 7TH,21,11,10,9
HX2 7TJ,13,8,5,6
HX2 7TL,9,5,4,5
HX2 7TN,13,8,5,6
HX2 7TP,4,2,2,1
HX2 7TQ,9,4,5,5
HX2 7TR,106,57,49,33
HX2 7TS,16,10,6,8
HX2 7TT,4,2,2,2
HX2 7TU,19,9,10,7
HX2 7TW,11,7,4,6
HX2 7TX,19,9,10,6
HX2 7TZ,7,3,4,2
HX2 7UA,28,15,13,11
HX2 7UB,7,4,3,3
HX2 7UD,14,6,8,6
HX2 7UE,6,3,3,2
HX2 7UF,13,8,5,4
HX2 7UG,14,7,7,6
HX2 7UH,4,2,2,3
HX2 7UJ,10,5,5,4
HX2 7UL,2,1,1,1
HX2 7UN,15,5,10,6
HX2 7UQ,14,9,5,6
HX2 7UW,24,12,12,12
HX2 8AA,40,20,20,18
HX2 8AD,8,2,6,0
HX2 8AE,20,11,9,10
HX2 8AF,22,13,9,9
HX2 8AG,31,15,16,13
HX2 8AJ,13,7,6,5
HX2 8AL,43,19,24,22
HX2 8AQ,37,14,23,32
HX2 8AR,11,6,5,4
HX2 8AS,11,5,6,5
HX2 8AT,10,5,5,6
HX2 8AU,3,1,2,2
HX2 8AW,3,1,2,1
HX2 8AX,1,1,0,1
HX2 8AY,5,3,2,3
HX2 8AZ,16,9,7,10
HX2 8BA,19,15,4,6
HX2 8BB,3,1,2,2
HX2 8BD,10,8,2,7
HX2 8BE,20,8,12,11
HX2 8BG,69,29,40,24
HX2 8BP,8,4,4,4
HX2 8DA,81,49,32,34
HX2 8DF,119,61,58,61
HX2 8DG,101,46,55,35
HX2 8DH,14,11,3,4
HX2 8DJ,123,52,71,47
HX2 8DL,21,8,13,11
HX2 8DN,11,4,7,5
HX2 8DP,25,13,12,10
HX2 8DQ,101,52,49,37
HX2 8DR,55,28,27,18
HX2 8DS,175,84,91,62
HX2 8DT,29,13,16,14
HX2 8DU,38,23,15,17
HX2 8DW,12,6,6,6
HX2 8DX,15,7,8,6
HX2 8DY,15,7,8,6
HX2 8DZ,18,6,12,16
HX2 8EA,5,1,4,3
HX2 8EB,38,14,24,14
HX2 8ED,15,8,7,4
HX2 8EE,31,17,14,13
HX2 8EF,55,33,22,26
HX2 8EG,64,31,33,23
HX2 8EH,36,19,17,15
HX2 8EQ,31,14,17,12
HX2 8HA,39,21,18,19
HX2 8HB,115,54,61,41
HX2 8HD,53,23,30,20
HX2 8HE,10,6,4,5
HX2 8HF,13,7,6,4
HX2 8HG,14,4,10,9
HX2 8HH,4,1,3,2
HX2 8HJ,27,10,17,10
HX2 8HL,38,21,17,13
HX2 8HN,29,13,16,14
HX2 8HP,70,36,34,29
HX2 8HQ,96,54,42,37
HX2 8HR,6,5,1,2
HX2 8HS,121,56,65,50
HX2 8HT,5,1,4,3
HX2 8HU,7,3,4,2
HX2 8HW,13,6,7,6
HX2 8HX,17,7,10,6
HX2 8HY,8,6,2,3
HX2 8HZ,2,1,1,1
HX2 8JA,16,10,6,6
HX2 8JB,4,1,3,2
HX2 8JD,36,19,17,15
HX2 8JE,27,15,12,13
HX2 8JF,36,13,23,18
HX2 8JG,16,9,7,6
HX2 8JH,35,15,20,13
HX2 8JQ,24,13,11,10
HX2 8JT,44,16,28,33
HX2 8JU,8,2,6,4
HX2 8JX,3,2,1,3
HX2 8JZ,17,6,11,8
HX2 8LA,121,52,69,38
HX2 8LB,129,52,77,37
HX2 8LD,59,29,30,21
HX2 8LE,6,1,5,2
HX2 8LF,59,26,33,20
HX2 8LG,40,15,25,27
HX2 8LH,29,13,16,9
HX2 8LJ,96,39,57,35
HX2 8LQ,20,12,8,9
HX2 8LR,52,22,30,17
HX2 8LS,70,34,36,21
HX2 8LX,106,47,59,35
HX2 8LZ,12,7,5,4
HX2 8NA,7,4,3,4
HX2 8NB,10,6,4,4
HX2 8ND,7,2,5,4
HX2 8NE,52,24,28,16
HX2 8NF,97,60,37,76
HX2 8NL,22,6,16,7
HX2 8NS,53,31,22,42
HX2 8NT,67,46,21,41
HX2 8PA,46,30,16,37
HX2 8PB,36,26,10,27
HX2 8PD,20,8,12,7
HX2 8PE,2,1,1,1
HX2 8PF,85,32,53,32
HX2 8PG,85,37,48,23
HX2 8PH,17,8,9,6
HX2 8PJ,66,33,33,25
HX2 8PL,13,5,8,6
HX2 8PQ,96,37,59,31
HX2 8PU,23,8,15,8
HX2 8PX,6,3,3,4
HX2 8PY,61,33,28,40
HX2 8PZ,39,16,23,15
HX2 8QA,37,21,16,16
HX2 8QB,33,15,18,16
HX2 8QD,28,12,16,10
HX2 8QE,83,44,39,42
HX2 8QF,60,20,40,40
HX2 8QH,37,24,13,29
HX2 8QJ,45,39,6,38
HX2 8QL,54,36,18,46
HX2 8QN,61,44,17,48
HX2 8RA,47,22,25,21
HX2 8RB,134,63,71,56
HX2 8RE,119,59,60,53
HX2 8RF,37,14,23,24
HX2 8RG,23,13,10,10
HX2 8RH,18,11,7,6
HX2 8RJ,101,47,54,36
HX2 8RL,96,38,58,42
HX2 8RN,47,24,23,15
HX2 8RP,73,32,41,22
HX2 8RQ,15,6,9,7
HX2 8RR,49,19,30,19
HX2 8RS,80,40,40,30
HX2 8RT,23,10,13,9
HX2 8RU,38,18,20,12
HX2 8RW,119,57,62,35
HX2 8RX,73,42,31,31
HX2 8SB,66,32,34,25
HX2 8SE,49,26,23,19
HX2 8SF,16,8,8,8
HX2 8SG,54,31,23,24
HX2 8SH,38,17,21,14
HX2 8SJ,12,7,5,3
HX2 8SL,43,17,26,25
HX2 8SN,79,41,38,31
HX2 8SP,105,41,64,40
HX2 8SQ,51,28,23,23
HX2 8SR,53,28,25,22
HX2 8SS,25,12,13,13
HX2 8ST,59,31,28,18
HX2 8SU,44,20,24,19
HX2 8SW,64,29,35,27
HX2 8SX,11,6,5,3
HX2 8SY,39,17,22,20
HX2 8SZ,101,46,55,36
HX2 8TA,80,40,40,22
HX2 8TB,15,7,8,6
HX2 8TD,46,24,22,16
HX2 8TE,80,39,41,27
HX2 8TF,121,48,73,33
HX2 8TL,113,51,62,53
HX2 8TN,14,10,4,6
HX2 8TP,29,13,16,11
HX2 8TR,13,6,7,5
HX2 8TS,42,21,21,16
HX2 8TW,34,16,18,20
HX2 8TX,5,3,2,2
HX2 8TY,19,11,8,8
HX2 8TZ,17,8,9,7
HX2 8UA,22,10,12,12
HX2 8UB,72,31,41,34
HX2 8UE,1,1,0,1
HX2 8UF,19,11,8,8
HX2 8UJ,40,16,24,15
HX2 8UL,54,25,29,26
HX2 8UN,1,0,1,1
HX2 8UQ,26,10,16,9
HX2 8WH,4,2,2,2
HX2 8XA,18,12,6,7
HX2 8XB,18,7,11,10
HX2 8XD,11,6,5,3
HX2 8XE,11,6,5,7
HX2 8XF,8,4,4,4
HX2 8XG,36,21,15,17
HX2 8XH,2,1,1,1
HX2 8XJ,13,5,8,9
HX2 8XL,13,5,8,6
HX2 8XN,14,7,7,4
HX2 8XP,18,9,9,6
HX2 8XQ,12,4,8,4
HX2 8XS,12,6,6,6
HX2 8XT,39,16,23,16
HX2 8XU,11,5,6,5
HX2 8XW,16,8,8,7
HX2 8XX,5,2,3,3
HX2 8XY,8,5,3,4
HX2 8XZ,16,6,10,5
HX2 8YB,13,6,7,7
HX2 8YD,5,2,3,1
HX2 9AA,17,10,7,8
HX2 9AD,30,19,11,12
HX2 9AE,2,1,1,1
HX2 9AF,5,2,3,3
HX2 9AH,12,6,6,6
HX2 9AJ,26,11,15,13
HX2 9AL,26,12,14,11
HX2 9AN,11,4,7,6
HX2 9AQ,6,2,4,3
HX2 9AR,116,63,53,51
HX2 9AS,104,53,51,41
HX2 9AT,27,13,14,12
HX2 9AU,80,35,45,29
HX2 9AW,19,6,13,16
HX2 9AZ,30,13,17,15
HX2 9BA,13,6,7,6
HX2 9BB,22,12,10,15
HX2 9BD,46,23,23,18
HX2 9BE,24,10,14,12
HX2 9BQ,18,10,8,5
HX2 9BS,37,16,21,14
HX2 9BT,36,19,17,14
HX2 9BU,26,13,13,10
HX2 9BW,9,3,6,3
HX2 9BX,22,5,17,20
HX2 9BY,12,7,5,3
HX2 9BZ,62,34,28,21
HX2 9DA,106,51,55,46
HX2 9DB,57,25,32,32
HX2 9DD,16,8,8,10
HX2 9DE,16,7,9,7
HX2 9DF,28,13,15,9
HX2 9DG,40,18,22,13
HX2 9DH,22,10,12,10
HX2 9DJ,79,42,37,27
HX2 9DL,35,14,21,26
HX2 9DN,71,34,37,28
HX2 9DP,101,51,50,50
HX2 9DQ,17,10,7,7
HX2 9DR,3,1,2,2
HX2 9DS,50,27,23,22
HX2 9DT,118,57,61,49
HX2 9DU,32,13,19,10
HX2 9DW,74,34,40,37
HX2 9DX,26,14,12,10
HX2 9DY,25,13,12,10
HX2 9DZ,33,15,18,14
HX2 9EA,8,2,6,3
HX2 9EB,13,4,9,7
HX2 9ED,9,2,7,3
HX2 9EE,75,32,43,29
HX2 9EF,91,37,54,36
HX2 9EG,37,19,18,14
HX2 9EH,50,26,24,27
HX2 9EJ,32,14,18,21
HX2 9EL,7,2,5,2
HX2 9EN,47,19,28,20
HX2 9EP,65,35,30,34
HX2 9EQ,46,19,27,20
HX2 9ER,27,13,14,13
HX2 9ES,9,3,6,6
HX2 9EU,55,25,30,18
HX2 9EW,27,9,18,20
HX2 9EY,2,0,2,1
HX2 9EZ,82,39,43,31
HX2 9HA,40,18,22,28
HX2 9HB,6,4,2,2
HX2 9HD,64,27,37,27
HX2 9HE,23,9,14,11
HX2 9HF,18,10,8,5
HX2 9HR,20,12,8,8
HX2 9HS,27,15,12,14
HX2 9HT,25,10,15,11
HX2 9HU,34,15,19,15
HX2 9HX,15,7,8,6
HX2 9HY,6,4,2,3
HX2 9HZ,9,5,4,3
HX2 9JA,30,15,15,14
HX2 9JB,4,2,2,2
HX2 9JD,21,11,10,8
HX2 9JE,25,12,13,10
HX2 9JF,24,11,13,7
HX2 9JG,35,18,17,20
HX2 9JH,19,9,10,8
HX2 9JJ,47,25,22,18
HX2 9JL,32,16,16,14
HX2 9JQ,70,36,34,30
HX2 9JT,71,34,37,29
HX2 9JU,43,19,24,16
HX2 9JX,50,22,28,16
HX2 9JY,41,22,19,13
HX2 9JZ,20,8,12,8
HX2 9LG,17,9,8,6
HX2 9LH,38,23,15,27
HX2 9LJ,5,3,2,2
HX2 9LL,28,15,13,13
HX2 9LN,2,1,1,1
HX2 9LP,143,66,77,52
HX2 9LQ,37,22,15,25
HX2 9LR,107,48,59,52
HX2 9LS,65,35,30,32
HX2 9LT,144,74,70,61
HX2 9LU,52,21,31,26
HX2 9LW,61,30,31,29
HX2 9LX,96,46,50,33
HX2 9LY,50,27,23,24
HX2 9LZ,66,31,35,26
HX2 9NB,59,24,35,21
HX2 9ND,69,34,35,26
HX2 9NE,39,16,23,13
HX2 9NG,224,108,116,81
HX2 9NH,10,5,5,5
HX2 9NJ,47,22,25,20
HX2 9NL,14,4,10,6
HX2 9NR,11,5,6,4
HX2 9NS,16,6,10,4
HX2 9NT,19,11,8,9
HX2 9NU,36,18,18,12
HX2 9NW,11,5,6,5
HX2 9NX,16,10,6,4
HX2 9PA,7,5,2,4
HX2 9PB,17,9,8,6
HX2 9PD,11,7,4,5
HX2 9PE,31,14,17,15
HX2 9PG,7,3,4,3
HX2 9PQ,25,12,13,16
HX2 9PU,11,4,7,5
HX2 9PX,100,51,49,41
HX2 9PY,32,19,13,14
HX2 9PZ,87,46,41,36
HX2 9QA,31,15,16,13
HX2 9QB,29,15,14,11
HX2 9QD,42,19,23,18
HX2 9QE,42,21,21,17
HX2 9QF,36,15,21,13
HX2 9QG,89,42,47,35
HX2 9QH,25,11,14,12
HX2 9QJ,66,32,34,30
HX2 9QL,85,41,44,36
HX2 9QN,26,12,14,13
HX2 9QP,10,2,8,7
HX2 9QQ,13,3,10,6
HX2 9QR,13,8,5,7
HX2 9QS,35,17,18,24
HX2 9QW,49,27,22,19
HX2 9RD,39,14,25,14
HX2 9RE,38,15,23,12
HX2 9RF,29,10,19,11
HX2 9RG,13,2,11,11
HX2 9RH,34,16,18,14
HX2 9RJ,128,61,67,43
HX2 9RL,31,18,13,11
HX2 9RN,52,21,31,24
HX2 9RP,54,25,29,18
HX2 9RQ,40,21,19,19
HX2 9RR,98,52,46,40
HX2 9RS,51,27,24,20
HX2 9RT,73,39,34,25
HX2 9RU,71,32,39,24
HX2 9RW,17,9,8,6
HX2 9RX,76,38,38,37
HX2 9RY,16,7,9,8
HX2 9RZ,39,21,18,17
HX2 9SA,11,4,7,6
HX2 9SB,2,1,1,1
HX2 9SD,59,21,38,34
HX2 9SE,100,57,43,29
HX2 9SF,24,12,12,10
HX2 9SG,77,41,36,31
HX2 9SH,80,48,32,31
HX2 9SJ,89,47,42,27
HX2 9SL,40,19,21,12
HX2 9SN,36,18,18,11
HX2 9SP,62,31,31,20
HX2 9SQ,134,65,69,53
HX2 9SR,75,32,43,35
HX2 9SS,5,2,3,2
HX2 9ST,42,21,21,18
HX2 9SW,35,16,19,18
HX2 9SX,31,16,15,18
HX2 9SZ,28,16,12,12
HX2 9TB,6,4,2,4
HX2 9TE,7,3,4,6
HX2 9TF,6,6,0,2
HX2 9TH,18,9,9,9
HX2 9TJ,49,18,31,6
HX2 9TR,36,17,19,12
HX2 9TW,39,21,18,15
HX2 9TX,8,5,3,3
HX2 9UA,13,8,5,10
HX2 9UD,4,2,2,2
HX2 9UF,6,3,3,2
HX2 9UG,7,4,3,4
HX2 9UH,6,2,4,2
HX2 9UL,31,12,19,13
HX2 9UN,96,53,43,38
HX2 9UP,34,15,19,13
HX2 9UQ,2,1,1,1
HX2 9UR,50,30,20,18
HX2 9UT,7,3,4,5
HX2 9UU,19,7,12,7
HX2 9UW,8,5,3,3
HX2 9UX,18,10,8,7
HX2 9UY,25,15,10,11
HX2 9UZ,44,17,27,21
HX2 9XA,12,7,5,5
HX2 9XB,122,64,58,51
HX2 9XD,76,36,40,41
HX2 9XE,5,3,2,1
HX2 9XF,8,4,4,3
HX2 9XG,12,5,7,3
HX2 9XH,41,16,25,21
HX2 9XJ,153,75,78,63
HX2 9XL,8,3,5,5
HX2 9XN,53,25,28,22
HX2 9XQ,11,6,5,4
HX3 0AB,19,11,8,8
HX3 0AD,30,13,17,13
HX3 0AE,49,26,23,29
HX3 0AG,14,10,4,7
HX3 0AH,54,29,25,19
HX3 0AJ,117,55,62,49
HX3 0AL,104,50,54,48
HX3 0AN,52,23,29,32
HX3 0AP,112,57,55,47
HX3 0AS,54,29,25,19
HX3 0AT,18,9,9,6
HX3 0AU,30,15,15,15
HX3 0AW,106,51,55,50
HX3 0AZ,18,9,9,13
HX3 0BA,1,1,0,1
HX3 0BB,39,19,20,14
HX3 0BD,26,17,9,13
HX3 0BE,27,14,13,10
HX3 0BH,21,9,12,11
HX3 0BJ,30,17,13,14
HX3 0BL,38,20,18,17
HX3 0BN,4,3,1,2
HX3 0BQ,15,5,10,5
HX3 0BS,87,36,51,24
HX3 0BT,59,28,31,24
HX3 0BU,3,1,2,1
HX3 0BW,13,7,6,5
HX3 0BX,50,26,24,17
HX3 0BY,2,1,1,1
HX3 0BZ,3,2,1,2
HX3 0DA,20,5,15,13
HX3 0DB,5,4,1,4
HX3 0DD,37,19,18,24
HX3 0DE,10,2,8,8
HX3 0DF,18,7,11,11
HX3 0DH,6,1,5,0
HX3 0DJ,15,9,6,5
HX3 0DL,65,41,24,23
HX3 0DN,18,9,9,7
HX3 0DP,52,29,23,17
HX3 0DR,76,33,43,29
HX3 0DS,45,25,20,15
HX3 0DT,77,38,39,29
HX3 0DU,16,8,8,7
HX3 0DX,39,23,16,10
HX3 0DY,55,32,23,16
HX3 0DZ,36,13,23,15
HX3 0EA,59,32,27,18
HX3 0EB,5,3,2,3
HX3 0ED,14,6,8,7
HX3 0EE,16,10,6,5
HX3 0EF,7,3,4,5
HX3 0EH,29,13,16,10
HX3 0EJ,5,2,3,2
HX3 0EL,14,8,6,3
HX3 0EN,19,9,10,8
HX3 0EQ,26,11,15,9
HX3 0EW,21,9,12,12
HX3 0GY,29,14,15,12
HX3 0GZ,20,11,9,15
HX3 0HA,18,8,10,8
HX3 0HB,5,3,2,2
HX3 0HD,99,46,53,60
HX3 0HE,13,7,6,5
HX3 0HF,2,1,1,1
HX3 0HH,2,1,1,1
HX3 0HJ,5,3,2,2
HX3 0HL,11,7,4,5
HX3 0HN,37,18,19,13
HX3 0HP,23,11,12,17
HX3 0HQ,18,3,15,16
HX3 0HR,35,18,17,18
HX3 0HT,21,7,14,10
HX3 0HU,14,6,8,8
HX3 0HW,22,8,14,11
HX3 0HX,22,10,12,10
HX3 0HY,8,3,5,4
HX3 0HZ,22,10,12,9
HX3 0JA,6,4,2,4
HX3 0JB,11,5,6,6
HX3 0JD,5,2,3,3
HX3 0JE,8,4,4,2
HX3 0JF,86,39,47,42
HX3 0JG,7,4,3,3
HX3 0JH,8,3,5,3
HX3 0JJ,4,2,2,2
HX3 0JL,5,2,3,2
HX3 0JN,45,21,24,15
HX3 0JP,32,16,16,13
HX3 0JQ,34,17,17,14
HX3 0JR,5,2,3,3
HX3 0JS,39,17,22,27
HX3 0JU,127,69,58,43
HX3 0JW,6,4,2,2
HX3 0JX,29,18,11,10
HX3 0JY,21,8,13,15
HX3 0JZ,25,14,11,7
HX3 0LA,12,1,11,12
HX3 0LB,1,1,0,1
HX3 0LD,24,13,11,10
HX3 0LE,25,7,18,7
HX3 0LF,13,9,4,5
HX3 0LG,8,3,5,2
HX3 0LH,24,13,11,10
HX3 0LJ,18,7,11,6
HX3 0LL,25,11,14,8
HX3 0LN,4,2,2,2
HX3 0LP,29,12,17,8
HX3 0LQ,9,4,5,6
HX3 0LR,41,20,21,16
HX3 0LS,14,6,8,5
HX3 0LT,65,34,31,22
HX3 0LU,9,5,4,4
HX3 0LW,8,6,2,3
HX3 0LX,39,14,25,16
HX3 0LY,12,5,7,5
HX3 0LZ,102,49,53,38
HX3 0NA,43,23,20,10
HX3 0NB,77,35,42,29
HX3 0ND,122,57,65,44
HX3 0NE,28,12,16,12
HX3 0NF,17,8,9,10
HX3 0NG,17,8,9,11
HX3 0NJ,12,5,7,4
HX3 0NN,15,7,8,6
HX3 0NP,17,7,10,6
HX3 0NR,50,6,44,1
HX3 0NS,51,23,28,26
HX3 0NT,28,12,16,12
HX3 0NU,28,12,16,8
HX3 0NW,38,16,22,15
HX3 0PA,35,15,20,12
HX3 0PB,49,29,20,19
HX3 0PD,68,33,35,30
HX3 0PE,31,19,12,13
HX3 0PF,36,18,18,15
HX3 0PG,15,9,6,4
HX3 0PH,53,24,29,19
HX3 0PJ,26,12,14,11
HX3 0PL,28,13,15,10
HX3 0PN,8,5,3,2
HX3 0PP,10,7,3,3
HX3 0PQ,53,22,31,27
HX3 0PR,28,14,14,17
HX3 0PS,35,17,18,17
HX3 0PT,17,9,8,11
HX3 0PU,47,24,23,20
HX3 0PX,4,2,2,2
HX3 0PZ,5,1,4,4
HX3 0QA,15,8,7,9
HX3 0QD,1,1,0,1
HX3 0QH,4,4,0,2
HX3 0QJ,5,2,3,3
HX3 0QL,28,14,14,13
HX3 0QN,66,30,36,25
HX3 0QP,13,7,6,11
HX3 0QR,70,29,41,24
HX3 0QT,4,1,3,3
HX3 0QW,6,1,5,3
HX3 0QZ,14,7,7,6
HX3 0RB,15,8,7,6
HX3 0RG,1,0,1,1
HX3 0RN,48,22,26,29
HX3 0RP,1,0,1,1
HX3 0RQ,4,3,1,2
HX3 0RS,4,2,2,3
HX3 0RT,83,40,43,32
HX3 0RU,75,30,45,32
HX3 0RW,39,18,21,23
HX3 0RX,47,23,24,28
HX3 0RY,6,2,4,5
HX3 0SA,18,8,10,9
HX3 0SB,19,8,11,12
HX3 0SD,87,44,43,38
HX3 0SE,8,4,4,4
HX3 0SF,37,16,21,16
HX3 0SG,9,3,6,5
HX3 0SH,119,60,59,48
HX3 0SL,41,17,24,19
HX3 0SN,97,38,59,45
HX3 0SP,85,40,45,33
HX3 0SQ,6,3,3,2
HX3 0SR,108,47,61,43
HX3 0SS,18,8,10,7
HX3 0ST,41,22,19,16
HX3 0SU,29,11,18,14
HX3 0SW,115,57,58,44
HX3 0SX,33,14,19,13
HX3 0TE,71,30,41,24
HX3 0TF,4,2,2,2
HX3 0TG,62,33,29,36
HX3 0TH,30,16,14,13
HX3 0TJ,19,13,6,7
HX3 0TL,11,7,4,4
HX3 0TN,5,2,3,2
HX3 0TP,2,1,1,1
HX3 0TQ,134,62,72,63
HX3 0TR,7,3,4,6
HX3 0TS,27,16,11,11
HX3 0TT,30,16,14,11
HX3 0TU,22,15,7,9
HX3 0TW,24,15,9,8
HX3 0TX,21,8,13,12
HX3 0TY,44,18,26,22
HX3 0TZ,22,10,12,12
HX3 0UA,16,7,9,6
HX3 0UB,76,37,39,26
HX3 0UD,6,3,3,3
HX3 0UE,68,34,34,31
HX3 0UF,13,5,8,6
HX3 0UH,79,34,45,36
HX3 0UJ,92,44,48,40
HX3 0UL,27,12,15,21
HX3 0UN,95,46,49,35
HX3 0UQ,49,27,22,26
HX3 0UR,3,1,2,2
HX3 0US,141,67,74,49
HX3 0UT,129,66,63,59
HX3 0UU,53,23,30,22
HX3 0UW,13,5,8,8
HX3 0UX,70,34,36,43
HX3 0UY,33,12,21,29
HX3 0UZ,25,11,14,20
HX3 5AA,45,24,21,18
HX3 5AB,9,5,4,6
HX3 5AE,64,34,30,30
HX3 5AS,2,2,0,2
HX3 5AT,5,4,1,3
HX3 5AU,18,10,8,6
HX3 5BJ,42,22,20,19
HX3 5BL,11,5,6,4
HX3 5BN,5,2,3,2
HX3 5BQ,59,32,27,22
HX3 5BT,59,27,32,25
HX3 5BU,98,43,55,47
HX3 5BW,43,21,22,23
HX3 5BX,20,6,14,1
HX3 5BY,60,34,26,25
HX3 5BZ,47,25,22,25
HX3 5DA,43,24,19,21
HX3 5DD,17,10,7,8
HX3 5DF,24,9,15,11
HX3 5DH,22,11,11,11
HX3 5DJ,11,7,4,6
HX3 5DL,12,6,6,6
HX3 5DN,4,1,3,2
HX3 5DP,7,4,3,4
HX3 5DQ,39,21,18,19
HX3 5DR,73,38,35,32
HX3 5DT,79,35,44,32
HX3 5DU,22,11,11,12
HX3 5DX,14,8,6,6
HX3 5DY,60,27,33,29
HX3 5EA,54,31,23,28
HX3 5EB,34,18,16,18
HX3 5ED,62,30,32,26
HX3 5EE,22,11,11,13
HX3 5EF,7,3,4,3
HX3 5EG,15,7,8,8
HX3 5EH,23,11,12,11
HX3 5EJ,15,6,9,8
HX3 5EL,19,9,10,9
HX3 5EN,112,57,55,40
HX3 5EQ,29,15,14,14
HX3 5ER,42,17,25,16
HX3 5ES,30,11,19,15
HX3 5ET,6,2,4,4
HX3 5EW,26,10,16,8
HX3 5FB,96,48,48,28
HX3 5HG,76,32,44,23
HX3 5HL,17,8,9,5
HX3 5HN,23,13,10,9
HX3 5HP,50,31,19,21
HX3 5HS,38,14,24,30
HX3 5HT,65,29,36,18
HX3 5HU,61,27,34,20
HX3 5HX,66,34,32,23
HX3 5HY,71,37,34,27
HX3 5JB,61,33,28,20
HX3 5JD,2,1,1,1
HX3 5JE,2,1,1,1
HX3 5JF,7,3,4,3
HX3 5JG,7,4,3,4
HX3 5JH,71,39,32,24
HX3 5JJ,59,32,27,23
HX3 5JL,44,20,24,20
HX3 5JN,52,26,26,27
HX3 5JP,39,18,21,18
HX3 5JQ,4,1,3,2
HX3 5JR,129,60,69,49
HX3 5JS,22,11,11,11
HX3 5JT,9,5,4,3
HX3 5JU,56,27,29,27
HX3 5JW,21,9,12,10
HX3 5JX,67,37,30,24
HX3 5JY,14,6,8,7
HX3 5JZ,102,51,51,40
HX3 5LA,24,10,14,10
HX3 5LB,35,13,22,15
HX3 5LD,18,8,10,8
HX3 5LE,8,5,3,3
HX3 5LF,5,3,2,2
HX3 5LG,7,5,2,3
HX3 5LH,15,8,7,9
HX3 5LJ,14,7,7,12
HX3 5LL,8,3,5,4
HX3 5LP,9,5,4,5
HX3 5LQ,7,2,5,4
HX3 5LR,47,27,20,21
HX3 5LS,62,26,36,29
HX3 5LT,39,19,20,16
HX3 5LU,46,19,27,14
HX3 5LZ,46,22,24,17
HX3 5NF,74,31,43,39
HX3 5NG,28,13,15,11
HX3 5NH,98,39,59,35
HX3 5NJ,55,28,27,18
HX3 5NL,150,69,81,59
HX3 5NN,123,61,62,43
HX3 5NP,37,17,20,17
HX3 5NQ,144,72,72,62
HX3 5NR,2,1,1,1
HX3 5NS,1,1,0,1
HX3 5NT,26,13,13,20
HX3 5NU,14,7,7,8
HX3 5NW,21,7,14,9
HX3 5NX,85,41,44,31
HX3 5PA,124,59,65,61
HX3 5PB,116,53,63,47
HX3 5PD,49,27,22,22
HX3 5PE,44,18,26,35
HX3 5PF,72,36,36,33
HX3 5PG,141,80,61,54
HX3 5PH,31,15,16,12
HX3 5PN,38,19,19,17
HX3 5PP,6,3,3,3
HX3 5PQ,68,39,29,22
HX3 5PR,3,2,1,2
HX3 5PS,2,1,1,2
HX3 5PT,18,9,9,8
HX3 5PU,6,4,2,4
HX3 5PW,40,21,19,15
HX3 5PX,20,13,7,18
HX3 5QA,21,11,10,8
HX3 5QB,29,17,12,15
HX3 5QD,33,14,19,15
HX3 5QE,23,14,9,11
HX3 5QF,43,21,22,19
HX3 5QG,51,13,38,20
HX3 5QH,2,1,1,1
HX3 5QN,12,6,6,6
HX3 5QP,8,4,4,4
HX3 5QR,26,11,15,19
HX3 5QS,78,32,46,35
HX3 5QT,86,41,45,30
HX3 5QU,85,35,50,25
HX3 5QY,109,48,61,44
HX3 5QZ,56,20,36,19
HX3 5RA,62,29,33,23
HX3 5RB,59,28,31,40
HX3 5RD,68,31,37,26
HX3 5RE,69,37,32,23
HX3 5RG,125,52,73,48
HX3 5RH,24,11,13,9
HX3 5RJ,26,16,10,12
HX3 5RL,18,9,9,7
HX3 5RN,156,86,70,75
HX3 5RP,98,48,50,41
HX3 5RQ,8,3,5,3
HX3 5RR,48,22,26,17
HX3 5RW,103,57,46,36
HX3 5SA,23,9,14,9
HX3 5SB,22,12,10,15
HX3 5SD,120,54,66,53
HX3 5SE,9,4,5,8
HX3 5SF,33,17,16,15
HX3 5SG,97,51,46,24
HX3 5SH,43,16,27,26
HX3 5SJ,34,16,18,31
HX3 5SL,117,59,58,39
HX3 5SP,92,45,47,33
HX3 5SQ,16,11,5,9
HX3 5SR,58,31,27,25
HX3 5SS,55,27,28,22
HX3 5ST,49,30,19,23
HX3 5SU,28,14,14,15
HX3 5SW,110,56,54,49
HX3 5SY,53,26,27,23
HX3 5SZ,59,29,30,25
HX3 5TA,26,16,10,4
HX3 5TB,15,10,5,9
HX3 5TJ,39,15,24,12
HX3 6AA,41,21,20,24
HX3 6AD,30,16,14,22
HX3 6AF,24,14,10,17
HX3 6AH,3,2,1,2
HX3 6AJ,3,2,1,2
HX3 6AL,18,8,10,10
HX3 6AN,16,8,8,8
HX3 6AP,76,40,36,30
HX3 6AR,6,4,2,2
HX3 6AS,96,43,53,47
HX3 6AT,17,10,7,8
HX3 6AW,86,43,43,32
HX3 6AX,4,2,2,2
HX3 6AY,11,7,4,4
HX3 6AZ,9,5,4,6
HX3 6BA,57,26,31,28
HX3 6BB,59,28,31,24
HX3 6BD,21,11,10,13
HX3 6BE,95,43,52,38
HX3 6BG,19,10,9,10
HX3 6BH,13,4,9,10
HX3 6BJ,14,8,6,5
HX3 6BL,44,21,23,21
HX3 6BN,13,7,6,6
HX3 6BP,63,33,30,40
HX3 6BQ,8,3,5,6
HX3 6DB,8,5,3,6
HX3 6DD,24,12,12,8
HX3 6DE,56,23,33,40
HX3 6DF,62,32,30,46
HX3 6DG,48,35,13,39
HX3 6DH,61,34,27,39
HX3 6DJ,57,41,16,41
HX3 6DL,3,2,1,2
HX3 6DN,15,7,8,7
HX3 6DP,18,11,7,6
HX3 6DQ,54,34,20,43
HX3 6DR,34,15,19,14
HX3 6DS,13,8,5,7
HX3 6DT,34,14,20,12
HX3 6DU,16,10,6,7
HX3 6DW,6,3,3,5
HX3 6DX,37,17,20,17
HX3 6DY,21,10,11,11
HX3 6DZ,9,4,5,5
HX3 6ED,2,1,1,1
HX3 6EE,8,3,5,4
HX3 6EF,15,5,10,8
HX3 6EG,89,44,45,41
HX3 6EH,131,62,69,63
HX3 6EJ,130,65,65,55
HX3 6EL,73,35,38,37
HX3 6EN,12,6,6,6
HX3 6EQ,165,83,82,68
HX3 6ER,54,21,33,24
HX3 6ES,2,1,1,2
HX3 6ET,61,28,33,26
HX3 6EU,26,16,10,9
HX3 6EW,38,23,15,18
HX3 6EZ,20,9,11,12
HX3 6FB,50,28,22,19
HX3 6HD,3,1,2,2
HX3 6HG,40,16,24,12
HX3 6HH,2,0,2,2
HX3 6HJ,127,64,63,70
HX3 6HL,24,11,13,11
HX3 6HN,37,23,14,10
HX3 6HP,145,73,72,69
HX3 6HQ,16,9,7,5
HX3 6HR,114,59,55,60
HX3 6HS,68,32,36,27
HX3 6HT,15,6,9,4
HX3 6HU,14,7,7,6
HX3 6HW,21,10,11,9
HX3 6HX,2,1,1,1
HX3 6HY,14,9,5,7
HX3 6JB,6,4,2,4
HX3 6JD,22,13,9,20
HX3 6JE,11,4,7,5
HX3 6JF,84,47,37,48
HX3 6JG,20,8,12,9
HX3 6JH,22,8,14,12
HX3 6JJ,10,5,5,7
HX3 6JL,109,54,55,48
HX3 6JN,24,9,15,9
HX3 6JP,108,55,53,49
HX3 6JQ,104,51,53,49
HX3 6JR,15,9,6,8
HX3 6JT,30,15,15,13
HX3 6JW,8,4,4,5
HX3 6JX,14,6,8,7
HX3 6JY,9,4,5,3
HX3 6JZ,3,1,2,1
HX3 6LB,36,16,20,11
HX3 6LD,68,36,32,37
HX3 6LE,31,20,11,16
HX3 6LF,45,21,24,17
HX3 6LG,84,39,45,29
HX3 6LH,19,12,7,11
HX3 6LJ,16,8,8,10
HX3 6LL,15,5,10,6
HX3 6LN,20,14,6,14
HX3 6LP,42,23,19,17
HX3 6LQ,27,10,17,8
HX3 6LR,12,5,7,5
HX3 6LS,102,53,49,38
HX3 6LT,18,10,8,8
HX3 6LU,21,10,11,10
HX3 6LW,30,11,19,25
HX3 6LX,20,10,10,10
HX3 6LY,18,10,8,9
HX3 6LZ,46,24,22,22
HX3 6NA,57,29,28,21
HX3 6NB,22,13,9,9
HX3 6ND,78,40,38,40
HX3 6NE,29,16,13,16
HX3 6NF,19,8,11,10
HX3 6NG,17,9,8,9
HX3 6NH,8,4,4,3
HX3 6NL,23,12,11,17
HX3 6NP,26,14,12,11
HX3 6NQ,10,3,7,6
HX3 6NR,24,9,15,13
HX3 6NS,14,7,7,7
HX3 6NU,8,4,4,5
HX3 6NW,4,2,2,2
HX3 6NX,32,15,17,14
HX3 6NZ,14,9,5,9
HX3 6PA,9,3,6,4
HX3 6PB,8,5,3,6
HX3 6PD,11,5,6,5
HX3 6PG,80,39,41,50
HX3 6PJ,15,6,9,7
HX3 6PL,27,14,13,15
HX3 6PW,123,65,58,63
HX3 6PX,63,34,29,29
HX3 6PY,59,24,35,26
HX3 6PZ,24,11,13,11
HX3 6QA,52,25,27,14
HX3 6QB,18,7,11,9
HX3 6QR,21,11,10,13
HX3 6QS,5,4,1,4
HX3 6QT,10,5,5,4
HX3 6QU,79,43,36,37
HX3 6QX,18,10,8,9
HX3 6QY,33,20,13,13
HX3 6QZ,3,2,1,1
HX3 6RB,32,16,16,16
HX3 6RD,10,3,7,6
HX3 6RE,22,13,9,9
HX3 6RF,2,1,1,1
HX3 6RG,12,7,5,6
HX3 6RH,15,8,7,8
HX3 6RJ,83,37,46,34
HX3 6RQ,18,10,8,12
HX3 6RR,33,20,13,18
HX3 6RT,16,11,5,7
HX3 6RU,12,8,4,8
HX3 6RX,9,3,6,2
HX3 6RY,23,12,11,14
HX3 6RZ,19,12,7,11
HX3 6SA,10,3,7,5
HX3 6SB,12,7,5,7
HX3 6SE,74,45,29,54
HX3 6SN,19,13,6,8
HX3 6SR,15,6,9,5
HX3 6SS,14,7,7,7
HX3 6SU,7,6,1,2
HX3 6TB,14,3,11,8
HX3 6TD,1,1,0,1
HX3 6TF,16,10,6,7
HX3 6TG,8,5,3,3
HX3 6TL,11,6,5,6
HX3 6TN,7,4,3,6
HX3 6TS,11,6,5,5
HX3 6TU,75,30,45,27
HX3 6TW,1,1,0,1
HX3 6TX,20,11,9,11
HX3 6TY,6,2,4,2
HX3 6TZ,11,7,4,7
HX3 6UA,10,4,6,5
HX3 6UB,3,1,2,1
HX3 6UD,26,14,12,10
HX3 6UE,13,7,6,6
HX3 6UF,33,16,17,12
HX3 6UG,42,19,23,14
HX3 6UH,2,1,1,1
HX3 6UJ,56,26,30,23
HX3 6UL,55,26,29,48
HX3 6UQ,15,6,9,5
HX3 6UW,46,31,15,30
HX3 6UX,4,2,2,3
HX3 6XG,5,2,3,2
HX3 6XH,63,32,31,34
HX3 6XJ,45,21,24,28
HX3 6XL,15,7,8,8
HX3 6XN,17,9,8,6
HX3 6XP,11,5,6,4
HX3 6XQ,20,10,10,10
HX3 6XR,5,4,1,2
HX3 6XW,2,1,1,1
HX3 6XX,2,1,1,1
HX3 7AB,79,42,37,32
HX3 7AF,79,38,41,37
HX3 7AG,13,6,7,6
HX3 7AH,9,2,7,7
HX3 7AJ,28,13,15,12
HX3 7AL,10,4,6,5
HX3 7AN,14,6,8,6
HX3 7AP,61,32,29,26
HX3 7AQ,5,2,3,3
HX3 7AR,8,4,4,3
HX3 7AT,9,5,4,6
HX3 7AU,34,23,11,18
HX3 7AW,81,40,41,36
HX3 7AX,21,11,10,9
HX3 7AY,84,44,40,30
HX3 7BA,9,5,4,5
HX3 7BP,122,60,62,50
HX3 7BQ,89,44,45,52
HX3 7BS,73,39,34,27
HX3 7BT,101,47,54,41
HX3 7BU,67,35,32,22
HX3 7BW,19,9,10,6
HX3 7BX,13,7,6,5
HX3 7BY,99,48,51,39
HX3 7BZ,35,18,17,19
HX3 7DA,4,3,1,2
HX3 7DB,19,8,11,12
HX3 7DD,13,6,7,8
HX3 7DE,20,10,10,9
HX3 7DF,148,69,79,66
HX3 7DG,149,66,83,68
HX3 7DH,16,10,6,6
HX3 7DJ,23,10,13,10
HX3 7DL,12,8,4,6
HX3 7DN,27,12,15,15
HX3 7DQ,14,8,6,6
HX3 7DU,12,5,7,7
HX3 7DX,52,24,28,24
HX3 7DY,8,5,3,3
HX3 7DZ,23,11,12,15
HX3 7EA,1,0,1,1
HX3 7EB,125,59,66,50
HX3 7ED,9,4,5,3
HX3 7EE,88,42,46,45
HX3 7EF,20,10,10,8
HX3 7EG,22,9,13,10
HX3 7EH,7,3,4,3
HX3 7EJ,55,19,36,27
HX3 7EL,70,35,35,32
HX3 7EN,64,28,36,28
HX3 7EP,43,18,25,26
HX3 7EQ,5,1,4,5
HX3 7ER,78,36,42,34
HX3 7ES,12,5,7,4
HX3 7ET,235,113,122,71
HX3 7EU,15,6,9,5
HX3 7EX,56,31,25,17
HX3 7EY,41,24,17,14
HX3 7HA,12,7,5,4
HX3 7HD,13,7,6,4
HX3 7HE,13,8,5,4
HX3 7HF,20,10,10,6
HX3 7HG,57,30,27,22
HX3 7HH,58,31,27,33
HX3 7HJ,82,42,40,32
HX3 7HL,13,5,8,9
HX3 7HP,25,10,15,6
HX3 7HQ,80,39,41,32
HX3 7HS,84,36,48,35
HX3 7HT,37,17,20,13
HX3 7HU,64,32,32,25
HX3 7HW,15,7,8,8
HX3 7HX,64,36,28,30
HX3 7HY,11,7,4,5
HX3 7HZ,129,63,66,56
HX3 7JA,69,36,33,25
HX3 7JB,76,36,40,33
HX3 7JD,49,24,25,24
HX3 7JE,76,29,47,41
HX3 7JF,124,60,64,54
HX3 7JG,41,19,22,18
HX3 7JH,40,19,21,15
HX3 7JP,15,8,7,5
HX3 7JQ,5,2,3,4
HX3 7JS,69,20,49,53
HX3 7JT,58,27,31,22
HX3 7JU,9,5,4,4
HX3 7JW,12,4,8,3
HX3 7JX,106,53,53,33
HX3 7JY,31,14,17,14
HX3 7JZ,25,10,15,10
HX3 7LA,5,2,3,1
HX3 7LB,120,61,59,51
HX3 7LD,11,5,6,3
HX3 7LE,55,23,32,20
HX3 7LF,32,16,16,16
HX3 7LG,31,17,14,15
HX3 7LH,28,11,17,14
HX3 7LJ,11,5,6,5
HX3 7LL,30,15,15,13
HX3 7LN,62,25,37,40
HX3 7LP,27,10,17,12
HX3 7LQ,56,24,32,24
HX3 7LR,54,25,29,17
HX3 7LS,24,11,13,10
HX3 7LT,88,44,44,36
HX3 7LU,100,44,56,49
HX3 7LW,48,20,28,24
HX3 7LY,44,19,25,32
HX3 7LZ,36,17,19,26
HX3 7NA,123,59,64,53
HX3 7NB,9,7,2,3
HX3 7ND,56,28,28,24
HX3 7NE,73,36,37,30
HX3 7NF,85,40,45,32
HX3 7NG,26,13,13,9
HX3 7NH,93,48,45,33
HX3 7NJ,127,64,63,47
HX3 7NL,94,46,48,32
HX3 7NN,19,10,9,7
HX3 7NP,25,13,12,7
HX3 7NQ,20,9,11,6
HX3 7NR,21,10,11,12
HX3 7NS,39,19,20,23
HX3 7NT,14,9,5,6
HX3 7NU,11,6,5,6
HX3 7NW,46,22,24,17
HX3 7NX,100,45,55,43
HX3 7NY,32,15,17,14
HX3 7NZ,26,12,14,13
HX3 7PB,28,14,14,16
HX3 7PD,7,2,5,4
HX3 7PF,26,17,9,12
HX3 7PG,15,5,10,5
HX3 7PH,3,2,1,2
HX3 7PJ,15,4,11,11
HX3 7PL,72,32,40,37
HX3 7PN,69,35,34,30
HX3 7PP,108,51,57,53
HX3 7PQ,55,23,32,32
HX3 7PR,83,43,40,32
HX3 7PS,11,5,6,4
HX3 7PT,22,9,13,9
HX3 7PU,35,20,15,22
HX3 7PW,61,28,33,31
HX3 7PX,10,7,3,6
HX3 7PY,22,13,9,8
HX3 7PZ,32,14,18,12
HX3 7QA,42,19,23,16
HX3 7QB,51,23,28,20
HX3 7QD,37,14,23,16
HX3 7QE,14,10,4,5
HX3 7QF,6,2,4,4
HX3 7QG,57,27,30,21
HX3 7QH,40,21,19,26
HX3 7QJ,37,21,16,15
HX3 7QL,73,35,38,44
HX3 7QN,18,10,8,5
HX3 7QP,31,14,17,13
HX3 7QR,32,16,16,11
HX3 7QS,48,20,28,26
HX3 7QT,81,39,42,38
HX3 7QU,18,10,8,6
HX3 7QW,36,17,19,15
HX3 7QX,2,1,1,1
HX3 7QY,65,30,35,33
HX3 7QZ,58,30,28,20
HX3 7RA,103,49,54,45
HX3 7RB,48,25,23,23
HX3 7RD,111,52,59,53
HX3 7RE,69,37,32,30
HX3 7RF,31,15,16,14
HX3 7RG,84,45,39,32
HX3 7RH,20,9,11,7
HX3 7RJ,48,20,28,25
HX3 7RL,48,24,24,18
HX3 7RN,74,42,32,27
HX3 7RP,82,43,39,39
HX3 7RQ,26,11,15,9
HX3 7RR,35,16,19,13
HX3 7RS,6,3,3,2
HX3 7RU,21,11,10,14
HX3 7RW,16,9,7,8
HX3 7RX,4,3,1,1
HX3 7RY,4,2,2,1
HX3 7RZ,19,8,11,7
HX3 7SA,97,47,50,44
HX3 7SB,10,5,5,4
HX3 7SD,31,14,17,19
HX3 7SF,3,2,1,2
HX3 7SG,15,8,7,7
HX3 7SH,7,2,5,3
HX3 7SJ,23,12,11,8
HX3 7SL,23,8,15,8
HX3 7SN,16,8,8,6
HX3 7SP,18,7,11,9
HX3 7SQ,15,9,6,5
HX3 7SR,4,2,2,1
HX3 7SS,15,9,6,5
HX3 7ST,33,17,16,14
HX3 7SU,9,3,6,2
HX3 7SX,8,5,3,4
HX3 7SY,3,2,1,1
HX3 7SZ,4,2,2,2
HX3 7TA,4,2,2,2
HX3 7TB,21,11,10,7
HX3 7TD,11,6,5,6
HX3 7TE,14,6,8,5
HX3 7TF,30,15,15,10
HX3 7TG,7,4,3,4
HX3 7TH,43,22,21,22
HX3 7TJ,4,2,2,1
HX3 7TP,4,3,1,2
HX3 7TQ,7,5,2,4
HX3 7TR,43,19,24,20
HX3 7TS,27,12,15,11
HX3 7TT,9,5,4,4
HX3 7TU,6,3,3,3
HX3 7TW,18,7,11,7
HX3 7TX,13,7,6,4
HX3 7TY,8,2,6,2
HX3 7TZ,36,18,18,14
HX3 7UA,16,7,9,5
HX3 7UD,13,8,5,4
HX3 7UL,34,19,15,13
HX3 7UN,14,6,8,8
HX3 7UP,6,2,4,2
HX3 7UR,2,1,1,1
HX3 7US,7,3,4,2
HX3 7UT,46,24,22,22
HX3 7UW,12,6,6,6
HX3 7WA,37,19,18,23
HX3 7WB,25,13,12,15
HX3 7WE,13,5,8,7
HX3 7WF,123,63,60,36
HX3 7WG,32,14,18,10
HX3 7WH,40,20,20,12
HX3 7WJ,53,25,28,17
HX3 7WL,68,36,32,21
HX3 7WN,86,46,40,21
HX3 7XA,4,2,2,2
HX3 8AA,43,22,21,21
HX3 8AB,29,9,20,22
HX3 8AD,12,6,6,6
HX3 8AE,81,28,53,60
HX3 8AF,7,2,5,4
HX3 8AG,15,7,8,6
HX3 8AH,18,9,9,7
HX3 8AJ,1,0,1,1
HX3 8AL,14,8,6,5
HX3 8AN,24,11,13,12
HX3 8AP,54,27,27,25
HX3 8AQ,47,24,23,17
HX3 8AR,34,15,19,12
HX3 8AS,43,19,24,16
HX3 8AT,27,15,12,10
HX3 8AU,41,23,18,15
HX3 8AW,105,48,57,43
HX3 8AX,7,3,4,4
HX3 8AY,15,6,9,6
HX3 8AZ,16,9,7,7
HX3 8BA,19,11,8,12
HX3 8BB,16,11,5,10
HX3 8BD,44,22,22,20
HX3 8BE,8,5,3,3
HX3 8BG,29,20,9,17
HX3 8BH,12,7,5,6
HX3 8BJ,13,6,7,4
HX3 8BL,23,11,12,11
HX3 8BN,16,9,7,4
HX3 8BP,5,2,3,2
HX3 8BQ,7,5,2,3
HX3 8BT,13,6,7,7
HX3 8BU,19,8,11,7
HX3 8BW,5,2,3,2
HX3 8BX,13,5,8,9
HX3 8BY,8,4,4,4
HX3 8BZ,2,1,1,1
HX3 8DB,10,4,6,2
HX3 8DD,64,30,34,32
HX3 8DF,8,2,6,4
HX3 8DH,52,25,27,18
HX3 8DS,10,6,4,4
HX3 8DU,4,2,2,3
HX3 8DW,90,44,46,29
HX3 8DX,27,14,13,14
HX3 8DY,48,22,26,22
HX3 8DZ,31,14,17,13
HX3 8EA,23,11,12,8
HX3 8EB,8,4,4,4
HX3 8ED,30,13,17,11
HX3 8EE,29,13,16,16
HX3 8EG,12,5,7,3
HX3 8EH,29,12,17,14
HX3 8EJ,31,14,17,20
HX3 8EP,13,5,8,3
HX3 8EQ,4,2,2,2
HX3 8ER,8,3,5,5
HX3 8ES,13,5,8,6
HX3 8ET,28,15,13,9
HX3 8EU,58,28,30,28
HX3 8EW,45,24,21,24
HX3 8EX,9,4,5,5
HX3 8EY,6,3,3,3
HX3 8EZ,81,36,45,34
HX3 8FG,50,22,28,23
HX3 8FL,25,11,14,20
HX3 8HA,8,5,3,4
HX3 8HB,59,33,26,20
HX3 8HD,12,7,5,3
HX3 8HF,3,2,1,2
HX3 8HG,60,35,25,24
HX3 8HH,5,3,2,4
HX3 8HJ,27,17,10,16
HX3 8HL,1,1,0,1
HX3 8HN,6,2,4,4
HX3 8HP,47,17,30,21
HX3 8HQ,13,7,6,8
HX3 8HR,9,3,6,4
HX3 8HS,20,11,9,7
HX3 8HT,5,4,1,4
HX3 8HU,13,6,7,4
HX3 8HW,4,1,3,1
HX3 8HX,37,20,17,16
HX3 8HY,9,4,5,3
HX3 8HZ,16,9,7,9
HX3 8JA,5,2,3,2
HX3 8JB,42,20,22,17
HX3 8JD,8,4,4,6
HX3 8JH,20,9,11,7
HX3 8JJ,49,24,25,26
HX3 8JL,7,4,3,4
HX3 8JN,160,81,79,65
HX3 8JP,15,7,8,5
HX3 8JQ,15,9,6,6
HX3 8JR,11,5,6,3
HX3 8JS,28,17,11,17
HX3 8JT,32,18,14,16
HX3 8JU,6,2,4,3
HX3 8JW,89,42,47,43
HX3 8JX,7,2,5,3
HX3 8JY,17,8,9,8
HX3 8JZ,8,4,4,3
HX3 8LA,24,16,8,8
HX3 8LB,22,10,12,8
HX3 8LD,28,16,12,12
HX3 8LE,6,2,4,2
HX3 8LF,22,11,11,7
HX3 8LG,33,12,21,6
HX3 8LL,7,4,3,7
HX3 8LP,48,5,43,14
HX3 8LQ,11,7,4,8
HX3 8LS,105,52,53,31
HX3 8LY,10,5,5,7
HX3 8NA,4,2,2,1
HX3 8NB,50,28,22,26
HX3 8NE,16,9,7,8
HX3 8NG,11,6,5,6
HX3 8NH,33,17,16,13
HX3 8NJ,114,53,61,49
HX3 8NL,17,10,7,6
HX3 8NN,121,58,63,46
HX3 8NP,84,38,46,31
HX3 8NQ,71,36,35,28
HX3 8NR,22,10,12,10
HX3 8NS,77,38,39,37
HX3 8NT,33,21,12,12
HX3 8NU,18,10,8,7
HX3 8NW,29,14,15,15
HX3 8NX,43,24,19,19
HX3 8NY,7,4,3,4
HX3 8NZ,13,11,2,2
HX3 8PA,27,18,9,8
HX3 8PB,10,5,5,5
HX3 8PD,9,4,5,5
HX3 8PE,6,4,2,2
HX3 8PJ,44,24,20,16
HX3 8PL,20,12,8,9
HX3 8PN,2,1,1,1
HX3 8PP,7,2,5,5
HX3 8PR,20,12,8,11
HX3 8PS,45,24,21,19
HX3 8PT,5,2,3,3
HX3 8PU,44,19,25,17
HX3 8PX,21,10,11,10
HX3 8PY,8,3,5,4
HX3 8PZ,12,6,6,5
HX3 8QA,9,5,4,4
HX3 8QB,2,1,1,2
HX3 8QD,16,6,10,10
HX3 8QE,32,17,15,13
HX3 8QF,18,10,8,9
HX3 8QG,80,44,36,37
HX3 8QH,8,2,6,4
HX3 8QL,67,36,31,38
HX3 8QN,7,5,2,2
HX3 8QP,5,2,3,3
HX3 8QQ,12,4,8,6
HX3 8QR,16,9,7,9
HX3 8QS,5,2,3,3
HX3 8QT,14,7,7,6
HX3 8QU,6,3,3,4
HX3 8QW,8,5,3,5
HX3 8QX,24,11,13,10
HX3 8QY,14,9,5,5
HX3 8QZ,7,3,4,3
HX3 8RA,33,17,16,17
HX3 8RB,4,2,2,2
HX3 8RD,15,7,8,7
HX3 8RE,3,1,2,2
HX3 8RF,10,5,5,5
HX3 8RG,2,1,1,1
HX3 8RH,15,7,8,6
HX3 8RQ,18,10,8,12
HX3 8RY,25,12,13,9
HX3 8SD,20,9,11,7
HX3 8SE,46,22,24,19
HX3 8SF,18,9,9,5
HX3 8SH,23,11,12,11
HX3 8SJ,10,4,6,4
HX3 8SL,35,16,19,14
HX3 8SN,36,17,19,13
HX3 8SQ,81,36,45,35
HX3 8SR,52,23,29,24
HX3 8SS,57,25,32,23
HX3 8ST,54,29,25,22
HX3 8SU,9,6,3,3
HX3 8SW,28,16,12,11
HX3 8SX,16,10,6,7
HX3 8SY,32,20,12,16
HX3 8SZ,5,2,3,4
HX3 8TA,12,5,7,4
HX3 8TB,32,16,16,13
HX3 8TD,11,5,6,4
HX3 8TE,29,15,14,18
HX3 8TH,161,70,91,44
HX3 8TJ,120,55,65,49
HX3 8TL,26,11,15,10
HX3 8TN,58,27,31,25
HX3 8TP,73,30,43,30
HX3 8TR,24,11,13,11
HX3 8TS,13,7,6,6
HX3 8TT,12,6,6,7
HX3 8TU,55,26,29,28
HX3 8TW,62,31,31,31
HX3 8TX,5,1,4,3
HX3 8TY,52,26,26,23
HX3 8TZ,48,24,24,20
HX3 8UA,59,28,31,29
HX3 8UB,11,4,7,5
HX3 8UD,36,19,17,16
HX3 8UF,2,0,2,2
HX3 8UJ,65,30,35,33
HX3 8UL,58,23,35,26
HX3 8UN,101,49,52,41
HX3 8UP,71,32,39,29
HX3 8UR,37,20,17,16
HX3 8UT,172,78,94,59
HX3 8UU,7,3,4,2
HX3 8UW,34,14,20,25
HX3 8UX,98,47,51,33
HX3 8UY,55,19,36,31
HX3 8UZ,86,39,47,43
HX3 8XA,84,44,40,35
HX3 8XB,72,49,23,55
HX3 8XD,63,32,31,39
HX3 8XE,47,26,21,21
HX3 8XF,13,8,5,4
HX3 8XG,9,5,4,4
HX3 8XH,51,29,22,19
HX3 8XJ,34,16,18,15
HX3 8XL,88,40,48,33
HX3 8XN,10,3,7,5
HX3 8XP,32,16,16,15
HX3 8XQ,4,2,2,2
HX3 8XW,18,9,9,10
HX3 9AB,20,13,7,14
HX3 9AD,83,44,39,41
HX3 9AE,22,9,13,13
HX3 9AF,32,16,16,13
HX3 9AG,20,11,9,12
HX3 9AH,29,14,15,12
HX3 9AJ,11,5,6,6
HX3 9AL,40,21,19,21
HX3 9AN,61,28,33,26
HX3 9AP,44,19,25,25
HX3 9AQ,38,18,20,20
HX3 9AR,20,11,9,9
HX3 9AS,53,23,30,28
HX3 9AT,6,4,2,5
HX3 9AU,30,13,17,18
HX3 9AW,54,24,30,20
HX3 9AX,20,9,11,11
HX3 9AY,7,3,4,5
HX3 9AZ,17,8,9,7
HX3 9BA,84,40,44,41
HX3 9BB,67,27,40,36
HX3 9BD,18,9,9,8
HX3 9BE,3,2,1,2
HX3 9BG,12,7,5,4
HX3 9BH,20,12,8,12
HX3 9BJ,65,29,36,34
HX3 9BN,25,14,11,14
HX3 9BP,154,82,72,72
HX3 9BQ,62,36,26,32
HX3 9BS,36,15,21,14
HX3 9BT,59,27,32,21
HX3 9BW,35,18,17,12
HX3 9DA,58,25,33,47
HX3 9DE,52,21,31,18
HX3 9DF,9,6,3,5
HX3 9DG,35,18,17,11
HX3 9DH,103,58,45,43
HX3 9DJ,9,5,4,3
HX3 9DL,52,31,21,22
HX3 9DN,4,2,2,3
HX3 9DP,1,1,0,1
HX3 9DQ,28,18,10,14
HX3 9DR,68,34,34,26
HX3 9DS,84,40,44,37
HX3 9DT,112,60,52,52
HX3 9DU,48,24,24,28
HX3 9DW,9,7,2,6
HX3 9DX,52,26,26,20
HX3 9DY,121,47,74,51
HX3 9DZ,23,9,14,18
HX3 9EA,67,32,35,34
HX3 9EB,140,67,73,50
HX3 9ED,33,18,15,16
HX3 9EE,116,55,61,54
HX3 9EF,10,5,5,6
HX3 9EG,3,1,2,1
HX3 9EJ,59,31,28,26
HX3 9EL,38,22,16,14
HX3 9EN,77,42,35,23
HX3 9EP,121,58,63,38
HX3 9EQ,192,92,100,73
HX3 9ER,43,14,29,17
HX3 9EX,2,2,0,1
HX3 9EY,2,1,1,1
HX3 9EZ,2,1,1,1
HX3 9GY,34,22,12,18
HX3 9HB,5,4,1,4
HX3 9HP,19,10,9,11
HX3 9HR,9,3,6,2
HX3 9HT,5,2,3,4
HX3 9HU,15,9,6,7
HX3 9HX,20,10,10,10
HX3 9HY,14,9,5,4
HX3 9JA,10,3,7,6
HX3 9JB,43,21,22,25
HX3 9JD,12,6,6,8
HX3 9JE,29,16,13,13
HX3 9JF,9,4,5,6
HX3 9JG,7,4,3,3
HX3 9JH,7,4,3,5
HX3 9JJ,5,2,3,1
HX3 9JL,5,3,2,3
HX3 9JN,28,10,18,2
HX3 9JP,18,9,9,7
HX3 9JQ,7,3,4,4
HX3 9JS,95,46,49,44
HX3 9JU,28,14,14,11
HX3 9JW,1,1,0,1
HX3 9JX,12,7,5,8
HX3 9JZ,4,2,2,1
HX3 9LB,21,12,9,9
HX3 9LD,38,23,15,20
HX3 9LE,48,21,27,20
HX3 9LH,16,8,8,6
HX3 9LJ,10,4,6,5
HX3 9LL,21,9,12,10
HX3 9LP,31,13,18,10
HX3 9LQ,22,13,9,12
HX3 9LR,17,9,8,10
HX3 9LS,59,27,32,34
HX3 9NG,10,4,6,6
HX3 9NH,2,1,1,1
HX3 9NJ,41,17,24,19
HX3 9NL,31,16,15,16
HX3 9NN,8,4,4,5
HX3 9NP,44,23,21,18
HX3 9NQ,14,6,8,5
HX3 9NR,28,14,14,12
HX3 9NS,18,11,7,8
HX3 9NT,26,12,14,14
HX3 9NU,18,7,11,8
HX3 9NW,24,11,13,7
HX3 9NX,44,21,23,23
HX3 9PA,45,20,25,17
HX3 9PB,29,12,17,10
HX3 9PD,28,14,14,12
HX3 9PE,148,74,74,67
HX3 9PF,126,66,60,60
HX3 9PG,44,21,23,19
HX3 9PH,20,11,9,8
HX3 9PL,54,27,27,24
HX3 9PQ,98,52,46,41
HX3 9PS,162,85,77,64
HX3 9PT,7,3,4,3
HX3 9PU,13,7,6,5
HX3 9PW,4,3,1,2
HX3 9PX,3,1,2,1
HX3 9PY,4,2,2,2
HX3 9PZ,5,2,3,2
HX3 9QD,61,29,32,20
HX3 9QG,11,7,4,5
HX3 9QH,39,21,18,19
HX3 9QJ,31,16,15,16
HX3 9QL,2,1,1,1
HX3 9QN,35,17,18,14
HX3 9QP,7,2,5,4
HX3 9QQ,14,7,7,6
HX3 9QR,54,23,31,20
HX3 9QT,64,26,38,29
HX3 9QU,41,18,23,15
HX3 9QW,73,33,40,31
HX3 9QX,40,22,18,13
HX3 9QY,51,25,26,23
HX3 9QZ,36,17,19,18
HX3 9RA,14,7,7,7
HX3 9RB,11,8,3,6
HX3 9RD,32,17,15,16
HX3 9RE,10,3,7,8
HX3 9RG,9,5,4,3
HX3 9RH,9,6,3,4
HX3 9RJ,13,4,9,4
HX3 9RL,70,36,34,29
HX3 9RN,33,17,16,10
HX3 9RR,20,10,10,9
HX3 9RS,42,19,23,16
HX3 9RT,48,25,23,18
HX3 9RU,41,23,18,12
HX3 9RX,38,20,18,15
HX3 9RY,38,21,17,21
HX3 9RZ,31,14,17,16
HX3 9SB,43,26,17,19
HX3 9SD,74,38,36,33
HX3 9SE,104,54,50,42
HX3 9SF,52,22,30,21
HX3 9SG,103,46,57,49
HX3 9SH,31,18,13,18
HX3 9SJ,21,9,12,10
HX3 9SL,22,8,14,7
HX3 9SN,95,43,52,36
HX3 9SP,74,40,34,54
HX3 9SQ,118,62,56,52
HX3 9SS,11,5,6,8
HX3 9ST,2,2,0,1
HX3 9SW,12,5,7,9
HX3 9SX,25,12,13,14
HX3 9SZ,31,17,14,12
HX3 9TA,6,2,4,2
HX3 9TB,18,9,9,9
HX3 9TD,52,28,24,26
HX3 9TE,31,19,12,13
HX3 9TF,28,12,16,10
HX3 9TH,20,9,11,11
HX3 9TJ,13,5,8,9
HX3 9TL,31,14,17,14
HX3 9TP,5,4,1,2
HX3 9TQ,8,5,3,4
HX3 9TR,6,2,4,3
HX3 9TT,17,6,11,7
HX3 9TU,19,9,10,6
HX3 9TX,2,1,1,1
HX3 9TZ,3,2,1,2
HX3 9UB,7,4,3,2
HX3 9UD,9,6,3,3
HX3 9UE,36,18,18,18
HX3 9UF,32,14,18,11
HX3 9UG,22,9,13,7
HX3 9UH,29,17,12,10
HX3 9XA,25,15,10,9
HX3 9XB,1,0,1,1
HX3 9XE,76,38,38,26
HX3 9XF,56,29,27,21
HX3 9XL,3,2,1,1
HX3 9XP,23,10,13,9
HX3 9XW,8,3,5,4
HX3 9XY,25,15,10,8
HX4 0AA,8,3,5,2
HX4 0AB,11,4,7,4
HX4 0AD,6,3,3,2
HX4 0AE,12,6,6,6
HX4 0AF,1,1,0,1
HX4 0AG,22,12,10,8
HX4 0AH,103,40,63,47
HX4 0AJ,45,18,27,17
HX4 0AL,4,4,0,3
HX4 0AN,8,5,3,4
HX4 0AP,13,6,7,5
HX4 0AQ,118,62,56,55
HX4 0AR,29,15,14,13
HX4 0AS,13,7,6,4
HX4 0AT,9,5,4,3
HX4 0AU,11,7,4,4
HX4 0AW,6,3,3,3
HX4 0AX,39,20,19,16
HX4 0AY,4,2,2,1
HX4 0AZ,9,3,6,2
HX4 0BA,6,4,2,2
HX4 0BB,5,4,1,1
HX4 0BD,2,1,1,1
HX4 0BE,16,9,7,8
HX4 0BG,38,19,19,15
HX4 0BH,5,1,4,4
HX4 0BJ,10,7,3,5
HX4 0BL,4,3,1,3
HX4 0BN,17,9,8,6
HX4 0BP,4,3,1,1
HX4 0BQ,2,2,0,2
HX4 0BS,6,3,3,2
HX4 0BT,2,1,1,1
HX4 0BU,13,8,5,6
HX4 0BW,6,5,1,2
HX4 0BX,2,1,1,1
HX4 0BY,3,1,2,2
HX4 0BZ,35,17,18,12
HX4 0DA,7,3,4,4
HX4 0DB,19,10,9,8
HX4 0DD,43,23,20,16
HX4 0DE,108,55,53,51
HX4 0DF,5,2,3,4
HX4 0DG,8,4,4,4
HX4 0DH,7,4,3,4
HX4 0DJ,16,10,6,6
HX4 0DL,1,0,1,1
HX4 0DN,1,0,1,1
HX4 0DP,4,1,3,2
HX4 0DQ,8,3,5,3
HX4 0DR,4,2,2,2
HX4 0DS,9,5,4,4
HX4 0DT,17,9,8,5
HX4 0DU,12,4,8,5
HX4 0DW,5,2,3,2
HX4 0DX,11,6,5,4
HX4 0DY,11,7,4,4
HX4 0DZ,3,2,1,2
HX4 0EA,18,11,7,6
HX4 0EB,11,5,6,4
HX4 0ED,4,3,1,4
HX4 0EE,2,1,1,1
HX4 0EF,9,3,6,4
HX4 0EG,6,3,3,3
HX4 0EH,4,2,2,2
HX4 0EJ,17,9,8,6
HX4 0EL,29,13,16,10
HX4 0EN,5,1,4,3
HX4 0EP,11,6,5,5
HX4 0EQ,30,16,14,13
HX4 0ER,16,10,6,7
HX4 0ES,6,3,3,4
HX4 0ET,16,11,5,5
HX4 0EU,24,12,12,9
HX4 0EW,16,8,8,6
HX4 0EX,14,7,7,6
HX4 0EY,53,30,23,20
HX4 0FA,8,3,5,5
HX4 0FB,14,6,8,6
HX4 0FD,3,2,1,1
HX4 0FE,11,7,4,4
HX4 0FF,2,1,1,1
HX4 0FG,6,4,2,2
HX4 0FH,4,1,3,1
HX4 0FJ,2,1,1,1
HX4 0FL,3,1,2,2
HX4 0HB,25,9,16,10
HX4 0HD,219,97,122,78
HX4 0HE,4,1,3,1
HX4 0HF,27,13,14,16
HX4 0HG,29,16,13,19
HX4 0HL,21,10,11,7
HX4 0HQ,24,16,8,16
HX4 0HS,16,10,6,5
HX4 0HU,5,1,4,2
HX4 0JA,46,21,25,15
HX4 0JD,4,2,2,2
HX4 0JE,17,9,8,5
HX4 8AB,14,7,7,6
HX4 8AD,5,3,2,4
HX4 8AF,6,2,4,3
HX4 8AG,69,46,23,34
HX4 8AH,51,25,26,22
HX4 8AJ,2,1,1,1
HX4 8AL,4,2,2,2
HX4 8AN,12,7,5,7
HX4 8AP,63,32,31,28
HX4 8AR,51,29,22,28
HX4 8AS,12,7,5,4
HX4 8AT,17,8,9,7
HX4 8AU,26,11,15,7
HX4 8AW,49,23,26,17
HX4 8AX,9,6,3,6
HX4 8AY,15,7,8,7
HX4 8BA,12,9,3,9
HX4 8BD,44,23,21,24
HX4 8BH,98,49,49,53
HX4 8BJ,30,16,14,13
HX4 8BL,107,57,50,45
HX4 8BN,29,14,15,13
HX4 8BP,49,24,25,25
HX4 8BQ,107,41,66,30
HX4 8BS,11,4,7,3
HX4 8BT,9,5,4,3
HX4 8BU,4,2,2,3
HX4 8BW,12,7,5,8
HX4 8BX,7,3,4,3
HX4 8BY,22,11,11,12
HX4 8BZ,13,8,5,7
HX4 8DA,22,11,11,9
HX4 8DB,84,37,47,37
HX4 8DD,5,4,1,4
HX4 8DE,101,49,52,42
HX4 8DF,25,13,12,12
HX4 8DG,6,1,5,3
HX4 8DH,15,9,6,8
HX4 8DJ,21,14,7,14
HX4 8DL,13,5,8,6
HX4 8DN,23,12,11,10
HX4 8DP,44,23,21,21
HX4 8DQ,7,4,3,3
HX4 8DR,11,6,5,7
HX4 8DS,60,32,28,26
HX4 8DT,92,38,54,38
HX4 8DU,173,65,108,75
HX4 8DW,88,50,38,39
HX4 8DX,36,11,25,29
HX4 8DY,205,110,95,71
HX4 8DZ,4,2,2,2
HX4 8EA,21,11,10,11
HX4 8EB,68,31,37,24
HX4 8EE,24,7,17,20
HX4 8EF,31,5,26,30
HX4 8EH,5,4,1,5
HX4 8EJ,9,4,5,4
HX4 8EL,11,6,5,6
HX4 8EN,5,3,2,3
HX4 8EQ,16,9,7,6
HX4 8HD,20,10,10,7
HX4 8HE,65,33,32,30
HX4 8HF,2,1,1,1
HX4 8HH,42,20,22,21
HX4 8HJ,12,5,7,5
HX4 8HL,7,4,3,4
HX4 8HN,75,40,35,33
HX4 8HP,58,27,31,27
HX4 8HQ,14,6,8,5
HX4 8HR,77,40,37,29
HX4 8HS,51,22,29,21
HX4 8HT,23,11,12,11
HX4 8HU,100,47,53,44
HX4 8HW,93,43,50,37
HX4 8HX,65,26,39,24
HX4 8HY,100,47,53,43
HX4 8HZ,25,10,15,12
HX4 8JA,107,55,52,44
HX4 8JB,144,67,77,62
HX4 8JD,140,69,71,56
HX4 8JE,109,51,58,51
HX4 8JF,35,17,18,15
HX4 8JG,82,46,36,42
HX4 8JH,11,5,6,5
HX4 8JJ,44,22,22,20
HX4 8JL,37,21,16,17
HX4 8JN,42,20,22,13
HX4 8JP,117,55,62,44
HX4 8JQ,7,3,4,3
HX4 8JR,14,7,7,7
HX4 8JS,15,8,7,8
HX4 8JT,61,33,28,30
HX4 8JU,45,22,23,19
HX4 8JW,6,2,4,4
HX4 8JX,47,18,29,19
HX4 8JY,1,1,0,1
HX4 8JZ,30,17,13,16
HX4 8LA,88,41,47,28
HX4 8LB,24,12,12,9
HX4 8LD,48,24,24,17
HX4 8LE,67,33,34,33
HX4 8LF,51,28,23,17
HX4 8LG,25,14,11,9
HX4 8LJ,122,58,64,40
HX4 8LN,16,8,8,4
HX4 8LP,1,1,0,1
HX4 8LQ,7,2,5,4
HX4 8LT,4,3,1,1
HX4 8LW,13,8,5,4
HX4 8LZ,151,76,75,69
HX4 8NA,33,18,15,16
HX4 8NB,50,20,30,22
HX4 8ND,126,62,64,55
HX4 8NE,34,14,20,18
HX4 8NF,108,47,61,51
HX4 8NG,11,6,5,4
HX4 8NL,7,3,4,2
HX4 8NN,156,84,72,64
HX4 8NP,33,17,16,14
HX4 8NQ,21,12,9,11
HX4 8NR,7,4,3,3
HX4 8NS,6,3,3,2
HX4 8NT,11,6,5,4
HX4 8NU,8,5,3,4
HX4 8NW,14,7,7,6
HX4 8NX,5,4,1,1
HX4 8NZ,73,31,42,17
HX4 8PA,5,3,2,2
HX4 8PB,4,2,2,3
HX4 8PD,4,3,1,3
HX4 8PE,35,17,18,12
HX4 8PF,24,14,10,11
HX4 8PG,28,11,17,11
HX4 8PH,7,4,3,3
HX4 8PJ,7,4,3,3
HX4 8PL,5,2,3,2
HX4 8PN,12,4,8,5
HX4 8PP,7,4,3,4
HX4 8PQ,6,3,3,3
HX4 8PR,27,16,11,9
HX4 8PS,9,6,3,3
HX4 8PT,20,10,10,8
HX4 8PU,39,20,19,14
HX4 8PW,10,5,5,4
HX4 8PX,12,4,8,6
HX4 8PZ,27,11,16,12
HX4 8QA,11,7,4,5
HX4 8QB,10,6,4,5
HX4 8QD,104,51,53,46
HX4 8QE,104,51,53,41
HX4 8QF,175,92,83,74
HX4 8QL,39,15,24,14
HX4 8QQ,7,4,3,3
HX4 8QW,12,5,7,5
HX4 9AA,54,28,26,22
HX4 9AB,22,12,10,10
HX4 9AD,19,9,10,10
HX4 9AE,40,23,17,15
HX4 9AF,18,8,10,9
HX4 9AH,18,10,8,6
HX4 9AJ,93,50,43,46
HX4 9AL,20,8,12,11
HX4 9AN,2,1,1,1
HX4 9AP,6,2,4,2
HX4 9AQ,33,19,14,16
HX4 9AR,14,6,8,12
HX4 9AS,44,19,25,17
HX4 9AT,13,5,8,8
HX4 9AU,20,8,12,7
HX4 9AW,62,29,33,33
HX4 9AX,27,10,17,12
HX4 9AY,72,31,41,31
HX4 9AZ,9,5,4,4
HX4 9BA,2,0,2,2
HX4 9BB,20,13,7,10
HX4 9BD,5,2,3,3
HX4 9BE,21,9,12,8
HX4 9BF,45,23,22,16
HX4 9BG,8,3,5,4
HX4 9BL,17,9,8,8
HX4 9BQ,14,6,8,5
HX4 9BR,12,7,5,9
HX4 9BS,45,23,22,18
HX4 9BT,27,12,15,13
HX4 9BU,13,7,6,5
HX4 9BW,4,1,3,2
HX4 9BX,10,6,4,6
HX4 9BY,15,6,9,10
HX4 9BZ,11,3,8,4
HX4 9DA,48,23,25,16
HX4 9DB,8,4,4,4
HX4 9DE,51,21,30,21
HX4 9DF,55,21,34,21
HX4 9DG,5,2,3,3
HX4 9DH,10,8,2,4
HX4 9DN,163,76,87,64
HX4 9DP,16,9,7,6
HX4 9DQ,16,9,7,7
HX4 9DS,27,15,12,11
HX4 9DW,8,2,6,4
HX4 9DX,11,4,7,3
HX4 9DY,33,19,14,13
HX4 9DZ,49,21,28,16
HX4 9EA,155,76,79,52
HX4 9EB,39,20,19,12
HX4 9EE,42,23,19,15
HX4 9EF,33,14,19,17
HX4 9EG,23,12,11,6
HX4 9EH,121,57,64,44
HX4 9EJ,15,8,7,5
HX4 9EL,5,3,2,3
HX4 9EN,135,77,58,50
HX4 9EP,122,55,67,57
HX4 9EQ,4,2,2,2
HX4 9ER,63,26,37,24
HX4 9ES,16,7,9,8
HX4 9ET,30,14,16,11
HX4 9EU,22,12,10,10
HX4 9EW,106,39,67,38
HX4 9EX,9,6,3,5
HX4 9EY,29,11,18,13
HX4 9EZ,36,20,16,16
HX4 9FD,7,2,5,5
HX4 9FE,11,4,7,3
HX4 9FF,6,4,2,3
HX4 9FN,28,13,15,17
HX4 9GA,28,15,13,9
HX4 9HB,21,13,8,12
HX4 9HD,16,9,7,7
HX4 9HE,1,0,1,1
HX4 9HF,78,40,38,31
HX4 9HG,10,4,6,3
HX4 9HH,7,5,2,4
HX4 9HJ,6,3,3,4
HX4 9HN,24,11,13,9
HX4 9HP,5,3,2,2
HX4 9HQ,10,5,5,3
HX4 9HR,11,5,6,5
HX4 9HS,12,3,9,6
HX4 9HT,53,25,28,22
HX4 9HW,22,10,12,10
HX4 9HX,7,2,5,4
HX4 9HY,9,3,6,4
HX4 9HZ,6,4,2,3
HX4 9JA,6,2,4,2
HX4 9JB,4,2,2,2
HX4 9JD,26,14,12,13
HX4 9JF,8,4,4,3
HX4 9JG,26,12,14,13
HX4 9JH,108,56,52,34
HX4 9JJ,10,5,5,7
HX4 9JL,49,26,23,21
HX4 9JN,7,3,4,4
HX4 9JP,42,21,21,17
HX4 9JQ,10,5,5,4
HX4 9JR,2,1,1,2
HX4 9JS,34,16,18,17
HX4 9JT,6,3,3,3
HX4 9JU,16,9,7,6
HX4 9JW,15,8,7,9
HX4 9JX,10,4,6,6
HX4 9JY,18,9,9,9
HX4 9JZ,15,8,7,6
HX4 9LA,15,9,6,5
HX4 9LB,40,20,20,18
HX4 9LD,18,10,8,6
HX4 9LE,15,8,7,5
HX4 9LF,30,15,15,11
HX4 9LG,27,13,14,12
HX4 9LJ,8,4,4,4
HX4 9LL,12,4,8,4
HX4 9LN,13,7,6,7
HX4 9LP,6,4,2,4
HX4 9LQ,13,7,6,4
HX4 9LR,15,7,8,6
HX4 9LS,8,3,5,6
HX4 9LT,19,7,12,12
HX4 9NB,25,12,13,12
HX4 9ND,5,3,2,3
HX4 9PA,74,32,42,45
HX4 9PB,92,41,51,48
HX4 9PD,8,4,4,5
HX4 9PE,3,2,1,2
HX4 9PF,58,27,31,23
HX4 9PG,30,14,16,14
HX4 9PH,9,5,4,4
HX4 9PJ,13,5,8,6
HX4 9PL,17,9,8,7
HX4 9PN,38,19,19,17
HX4 9PP,10,5,5,5
HX4 9PQ,35,18,17,12
HX4 9PR,10,6,4,5
HX4 9PS,22,10,12,11
HX4 9PT,15,9,6,9
HX4 9PU,21,10,11,10
HX4 9PW,8,3,5,5
HX4 9PX,2,1,1,1
HX4 9PZ,13,4,9,4
HX4 9QA,30,16,14,13
HX4 9QB,9,5,4,4
HX4 9QD,4,2,2,2
HX4 9QE,14,8,6,6
HX4 9QF,5,3,2,2
HX4 9QG,10,5,5,5
HX4 9QJ,14,9,5,5
HX4 9QL,57,23,34,20
HX4 9QN,53,23,30,18
HX4 9QP,73,34,39,29
HX4 9QQ,25,10,15,11
HX4 9QW,48,24,24,15
HX5 0AB,7,4,3,4
HX5 0AG,74,37,37,40
HX5 0AJ,16,10,6,8
HX5 0AL,5,1,4,3
HX5 0AN,30,13,17,14
HX5 0AP,3,1,2,2
HX5 0AS,30,17,13,15
HX5 0AT,5,2,3,3
HX5 0AW,11,2,9,4
HX5 0AX,12,5,7,8
HX5 0AY,16,4,12,12
HX5 0AZ,152,70,82,56
HX5 0BA,113,55,58,47
HX5 0BB,107,53,54,38
HX5 0BD,20,8,12,19
HX5 0BE,21,9,12,12
HX5 0BG,38,19,19,16
HX5 0BH,18,9,9,12
HX5 0BJ,1,0,1,1
HX5 0BL,18,9,9,12
HX5 0BQ,42,24,18,20
HX5 0BS,13,3,10,5
HX5 0BT,41,21,20,18
HX5 0BU,43,15,28,31
HX5 0BW,24,13,11,10
HX5 0BX,11,6,5,5
HX5 0BY,9,2,7,5
HX5 0BZ,42,19,23,16
HX5 0DA,15,3,12,12
HX5 0DB,36,22,14,17
HX5 0DE,23,9,14,14
HX5 0DF,43,23,20,17
HX5 0DH,32,20,12,9
HX5 0DJ,90,34,56,48
HX5 0DL,82,39,43,65
HX5 0DN,77,39,38,60
HX5 0DQ,10,5,5,5
HX5 0EA,5,3,2,3
HX5 0ED,11,6,5,8
HX5 0EE,73,36,37,39
HX5 0EG,78,38,40,31
HX5 0EJ,6,5,1,5
HX5 0EP,11,7,4,7
HX5 0EW,6,4,2,4
HX5 0EX,3,1,2,1
HX5 0EY,55,22,33,30
HX5 0EZ,66,36,30,34
HX5 0HA,11,7,4,8
HX5 0HB,12,8,4,6
HX5 0HG,4,2,2,1
HX5 0HH,2,1,1,2
HX5 0HP,14,5,9,9
HX5 0HQ,20,10,10,10
HX5 0HR,26,12,14,10
HX5 0HS,27,14,13,16
HX5 0HT,9,5,4,3
HX5 0HU,67,29,38,37
HX5 0HX,83,42,41,30
HX5 0HZ,17,8,9,10
HX5 0JA,61,28,33,29
HX5 0JB,114,64,50,36
HX5 0JD,19,8,11,11
HX5 0JE,57,26,31,23
HX5 0JF,32,16,16,10
HX5 0JG,23,11,12,14
HX5 0JH,125,61,64,58
HX5 0JJ,41,20,21,22
HX5 0JL,115,59,56,47
HX5 0JN,10,5,5,7
HX5 0JP,22,5,17,20
HX5 0JQ,3,2,1,1
HX5 0JT,110,52,58,38
HX5 0JU,48,14,34,40
HX5 0JW,14,7,7,5
HX5 0JY,10,6,4,7
HX5 0LA,27,12,15,10
HX5 0LB,16,8,8,6
HX5 0LD,104,58,46,41
HX5 0LE,18,6,12,9
HX5 0LF,32,15,17,14
HX5 0LG,19,11,8,13
HX5 0LH,50,26,24,16
HX5 0LJ,9,3,6,7
HX5 0LL,49,26,23,23
HX5 0LN,57,32,25,22
HX5 0LP,2,1,1,1
HX5 0LQ,35,14,21,18
HX5 0LR,29,14,15,15
HX5 0LS,108,51,57,46
HX5 0LT,147,67,80,57
HX5 0LU,55,19,36,14
HX5 0LW,24,11,13,14
HX5 0LX,23,11,12,15
HX5 0LY,36,21,15,13
HX5 0LZ,85,48,37,34
HX5 0NA,12,7,5,5
HX5 0NB,47,26,21,21
HX5 0ND,74,40,34,26
HX5 0NE,40,16,24,18
HX5 0NG,8,5,3,3
HX5 0NH,15,6,9,7
HX5 0NJ,9,2,7,5
HX5 0NL,81,41,40,34
HX5 0NN,22,8,14,10
HX5 0NP,70,35,35,24
HX5 0NR,40,16,24,26
HX5 0NS,32,16,16,14
HX5 0NT,23,10,13,12
HX5 0NW,55,26,29,20
HX5 0NX,8,4,4,4
HX5 0PA,112,56,56,45
HX5 0PB,12,6,6,5
HX5 0PE,29,13,16,14
HX5 0PF,81,37,44,38
HX5 0PH,18,9,9,5
HX5 0PL,70,32,38,53
HX5 0PS,5,4,1,5
HX5 0PU,18,12,6,2
HX5 0PX,84,46,38,34
HX5 0PY,43,19,24,16
HX5 0PZ,14,6,8,6
HX5 0QA,89,35,54,38
HX5 0QB,6,3,3,3
HX5 0QD,25,9,16,14
HX5 0QE,9,4,5,4
HX5 0QF,136,54,82,43
HX5 0QH,71,34,37,26
HX5 0QJ,25,11,14,8
HX5 0QL,31,14,17,13
HX5 0QN,14,8,6,6
HX5 0QP,46,23,23,23
HX5 0QQ,27,12,15,10
HX5 0QR,22,10,12,10
HX5 0QS,37,19,18,15
HX5 0QT,23,11,12,12
HX5 0QU,24,12,12,11
HX5 0QW,2,1,1,1
HX5 0QX,35,16,19,17
HX5 0QY,63,35,28,22
HX5 0QZ,23,9,14,10
HX5 0RN,79,29,50,33
HX5 0RP,32,14,18,10
HX5 0RR,41,17,24,12
HX5 0RS,3,2,1,2
HX5 0RU,11,4,7,5
HX5 0RW,38,18,20,8
HX5 0RY,13,5,8,8
HX5 0SH,7,3,4,2
HX5 0SL,5,3,2,3
HX5 0SN,27,12,15,18
HX5 0SP,44,23,21,19
HX5 0SQ,1,1,0,1
HX5 0SW,116,60,56,53
HX5 0TB,61,32,29,22
HX5 0TD,6,3,3,2
HX5 0TE,24,12,12,12
HX5 0TF,9,4,5,5
HX5 0TQ,9,4,5,5
HX5 9AA,43,21,22,19
HX5 9AG,96,52,44,63
HX5 9AH,8,5,3,5
HX5 9AL,72,40,32,43
HX5 9AP,2,1,1,1
HX5 9AR,117,67,50,68
HX5 9AT,85,39,46,39
HX5 9AU,14,7,7,5
HX5 9AW,13,6,7,5
HX5 9AY,209,96,113,86
HX5 9BD,20,10,10,12
HX5 9BE,11,7,4,7
HX5 9BG,35,17,18,14
HX5 9BH,15,7,8,6
HX5 9BL,42,22,20,24
HX5 9BN,123,54,69,58
HX5 9BS,14,8,6,6
HX5 9BT,26,15,11,8
HX5 9BU,43,19,24,16
HX5 9DP,3,1,2,1
HX5 9DU,64,33,31,28
HX5 9DW,3,3,0,3
HX5 9ED,64,32,32,32
HX5 9EE,70,32,38,23
HX5 9EF,31,15,16,9
HX5 9EG,129,59,70,46
HX5 9EH,122,65,57,42
HX5 9EJ,33,15,18,17
HX5 9EL,23,11,12,14
HX5 9EN,86,41,45,35
HX5 9EP,23,9,14,12
HX5 9EQ,20,10,10,6
HX5 9ER,74,35,39,37
HX5 9ES,84,38,46,35
HX5 9ET,21,6,15,13
HX5 9EU,29,12,17,18
HX5 9EW,90,43,47,31
HX5 9GY,131,68,63,74
HX5 9GZ,90,47,43,50
HX5 9HA,129,62,67,59
HX5 9HG,23,15,8,13
HX5 9HJ,6,3,3,3
HX5 9HP,11,5,6,6
HX5 9HR,28,13,15,11
HX5 9HS,93,46,47,41
HX5 9HU,17,7,10,6
HX5 9HZ,125,65,60,64
HX5 9JB,51,34,17,39
HX5 9JF,22,14,8,16
HX5 9JR,16,9,7,5
HX5 9JS,5,3,2,3
HX5 9JT,5,2,3,2
HX5 9JU,41,20,21,20
HX5 9JX,5,3,2,2
HX5 9JY,9,4,5,4
HX5 9JZ,51,24,27,34
HX5 9PA,5,4,1,4
HX5 9PB,23,12,11,11
HX5 9PD,9,6,3,4
HX5 9PF,11,6,5,4
HX5 9PG,4,2,2,1
HX5 9PH,8,4,4,3
HX5 9PJ,27,13,14,10
HX5 9PL,158,75,83,65
HX5 9PN,126,66,60,48
HX5 9PQ,9,4,5,4
HX5 9PR,62,29,33,28
HX5 9PS,8,3,5,4
HX5 9PT,42,16,26,19
HX5 9PU,52,25,27,18
HX5 9PW,206,105,101,73
HX5 9QA,3,1,2,1
HX5 9QB,54,26,28,23
HX5 9QD,13,5,8,7
HX5 9QE,8,5,3,3
HX5 9QH,125,64,61,40
HX5 9QJ,106,54,52,36
HX5 9QL,11,5,6,5
HX5 9QN,39,18,21,12
HX5 9QP,76,38,38,25
HX5 9QR,57,30,27,20
HX5 9QW,59,24,35,17
HX6 1AD,57,30,27,23
HX6 1AE,12,6,6,4
HX6 1AF,65,34,31,28
HX6 1AG,30,15,15,15
HX6 1AX,10,3,7,3
HX6 1AY,4,3,1,1
HX6 1AZ,14,10,4,5
HX6 1BA,3,2,1,2
HX6 1BB,21,9,12,10
HX6 1BD,2,2,0,1
HX6 1BE,7,3,4,4
HX6 1BG,5,3,2,3
HX6 1BH,21,8,13,0
HX6 1BJ,5,4,1,4
HX6 1BL,61,32,29,19
HX6 1BN,35,18,17,12
HX6 1BP,43,18,25,17
HX6 1BQ,74,37,37,26
HX6 1BS,71,34,37,31
HX6 1BT,131,64,67,54
HX6 1BU,52,27,25,25
HX6 1BW,45,22,23,20
HX6 1BX,87,48,39,31
HX6 1BY,75,42,33,28
HX6 1BZ,73,35,38,31
HX6 1DA,35,14,21,12
HX6 1DB,55,23,32,26
HX6 1DD,21,8,13,14
HX6 1DE,79,29,50,56
HX6 1DF,29,11,18,14
HX6 1DH,68,33,35,32
HX6 1DJ,73,29,44,35
HX6 1DL,99,48,51,46
HX6 1DN,10,5,5,5
HX6 1DP,74,33,41,29
HX6 1DQ,21,11,10,18
HX6 1DR,4,2,2,2
HX6 1DS,15,7,8,5
HX6 1DT,16,9,7,5
HX6 1DU,20,10,10,8
HX6 1DW,59,28,31,34
HX6 1DX,9,5,4,5
HX6 1DY,14,8,6,7
HX6 1DZ,60,28,32,26
HX6 1EA,45,22,23,20
HX6 1EB,53,25,28,21
HX6 1EE,9,6,3,6
HX6 1EF,14,6,8,6
HX6 1EH,33,17,16,14
HX6 1EJ,53,23,30,17
HX6 1EL,63,28,35,16
HX6 1EN,98,44,54,38
HX6 1EQ,21,10,11,8
HX6 1HA,36,19,17,15
HX6 1HD,19,9,10,12
HX6 1HE,87,48,39,34
HX6 1HG,75,33,42,22
HX6 1HH,117,53,64,41
HX6 1HJ,56,27,29,25
HX6 1HL,73,30,43,28
HX6 1HN,70,34,36,29
HX6 1HP,117,48,69,42
HX6 1HQ,97,52,45,26
HX6 1HR,78,33,45,32
HX6 1HS,49,22,27,26
HX6 1HT,15,8,7,11
HX6 1HU,5,1,4,2
HX6 1HW,21,11,10,13
HX6 1HX,8,5,3,4
HX6 1HZ,18,7,11,5
HX6 1JA,2,0,2,2
HX6 1JB,5,2,3,3
HX6 1JD,5,3,2,3
HX6 1JE,9,3,6,4
HX6 1JF,14,5,9,7
HX6 1JG,39,19,20,17
HX6 1JH,4,2,2,3
HX6 1JJ,13,8,5,4
HX6 1JL,26,10,16,10
HX6 1JN,19,10,9,11
HX6 1JP,6,3,3,2
HX6 1JQ,8,2,6,3
HX6 1JS,4,1,3,2
HX6 1JT,15,7,8,4
HX6 1JU,8,4,4,5
HX6 1JW,13,7,6,9
HX6 1JX,15,3,12,6
HX6 1JY,8,3,5,3
HX6 1JZ,14,7,7,4
HX6 1LA,47,23,24,24
HX6 1LB,23,6,17,17
HX6 1LD,17,6,11,12
HX6 1LE,61,31,30,29
HX6 1LF,54,26,28,25
HX6 1LG,15,10,5,5
HX6 1LH,4,2,2,2
HX6 1LJ,52,21,31,34
HX6 1LN,10,5,5,10
HX6 1LP,13,6,7,4
HX6 1LQ,50,26,24,18
HX6 1NA,6,3,3,2
HX6 1NB,15,6,9,6
HX6 1NE,13,5,8,4
HX6 1NF,10,4,6,5
HX6 1NG,44,22,22,21
HX6 1NH,19,9,10,7
HX6 1NJ,27,14,13,14
HX6 1NL,7,3,4,4
HX6 1NN,23,11,12,10
HX6 1NP,11,7,4,3
HX6 1NQ,16,8,8,8
HX6 1NR,41,19,22,20
HX6 1NS,11,6,5,4
HX6 1NT,16,8,8,5
HX6 1NU,8,3,5,4
HX6 1NW,11,5,6,7
HX6 1NX,29,14,15,13
HX6 1PA,39,23,16,16
HX6 1PB,19,10,9,6
HX6 1PD,19,9,10,8
HX6 1PE,37,20,17,13
HX6 1PF,18,11,7,7
HX6 1PH,13,10,3,5
HX6 1PJ,8,5,3,3
HX6 1PL,38,22,16,16
HX6 1PN,8,3,5,3
HX6 1PP,4,3,1,1
HX6 1PQ,12,7,5,5
HX6 2AB,47,16,31,18
HX6 2AD,22,12,10,16
HX6 2AE,14,9,5,7
HX6 2AF,13,8,5,7
HX6 2AG,10,7,3,4
HX6 2AL,9,5,4,5
HX6 2AN,58,28,30,24
HX6 2AP,11,6,5,7
HX6 2AQ,32,17,15,21
HX6 2AR,19,10,9,8
HX6 2AS,19,10,9,14
HX6 2AU,6,3,3,5
HX6 2AW,8,3,5,6
HX6 2AX,41,26,15,21
HX6 2AY,5,3,2,4
HX6 2AZ,71,40,31,31
HX6 2BA,1,1,0,1
HX6 2BB,100,47,53,40
HX6 2BD,17,7,10,11
HX6 2BE,2,1,1,2
HX6 2BF,7,1,6,4
HX6 2BG,33,17,16,15
HX6 2BH,57,25,32,24
HX6 2BJ,53,25,28,30
HX6 2BL,14,8,6,5
HX6 2BN,8,4,4,5
HX6 2BP,38,22,16,21
HX6 2BQ,19,9,10,8
HX6 2BS,33,20,13,15
HX6 2BT,31,17,14,12
HX6 2BU,43,22,21,19
HX6 2BW,16,5,11,11
HX6 2BX,6,3,3,3
HX6 2DA,50,25,25,20
HX6 2DB,32,15,17,14
HX6 2DD,59,36,23,21
HX6 2DE,43,20,23,18
HX6 2DF,43,18,25,20
HX6 2DG,49,23,26,19
HX6 2DH,31,14,17,14
HX6 2DJ,31,18,13,12
HX6 2DP,64,34,30,24
HX6 2DQ,44,20,24,19
HX6 2DR,13,7,6,10
HX6 2DS,9,3,6,5
HX6 2DU,55,31,24,21
HX6 2DW,99,47,52,38
HX6 2EA,25,12,13,14
HX6 2EB,1,0,1,1
HX6 2ED,8,4,4,5
HX6 2EE,4,1,3,2
HX6 2EF,16,10,6,13
HX6 2EG,1,1,0,1
HX6 2EH,1,1,0,1
HX6 2EJ,4,3,1,4
HX6 2EN,5,2,3,3
HX6 2EP,6,3,3,2
HX6 2EQ,11,4,7,8
HX6 2ER,20,8,12,11
HX6 2ES,17,6,11,6
HX6 2ET,18,12,6,8
HX6 2EU,39,22,17,12
HX6 2EW,14,8,6,7
HX6 2EY,12,8,4,4
HX6 2EZ,8,3,5,4
HX6 2FN,11,6,5,8
HX6 2FX,17,8,9,5
HX6 2HA,19,11,8,10
HX6 2HB,10,5,5,5
HX6 2HD,28,14,14,15
HX6 2HE,20,11,9,8
HX6 2HF,21,13,8,8
HX6 2HG,18,12,6,10
HX6 2HH,14,7,7,6
HX6 2HJ,34,16,18,15
HX6 2HL,6,3,3,4
HX6 2HN,7,3,4,2
HX6 2HP,38,19,19,15
HX6 2HQ,4,2,2,1
HX6 2HR,31,17,14,16
HX6 2HS,37,18,19,19
HX6 2HT,22,8,14,8
HX6 2HU,34,14,20,15
HX6 2HW,13,7,6,7
HX6 2HX,20,11,9,5
HX6 2HY,15,7,8,5
HX6 2HZ,38,15,23,13
HX6 2JA,30,15,15,12
HX6 2JB,6,3,3,2
HX6 2JD,16,7,9,7
HX6 2JE,11,5,6,8
HX6 2JF,8,3,5,5
HX6 2JG,32,18,14,12
HX6 2JH,27,16,11,11
HX6 2JJ,12,5,7,5
HX6 2JL,2,1,1,1
HX6 2JN,43,25,18,19
HX6 2JQ,10,5,5,5
HX6 2JR,25,13,12,14
HX6 2JS,11,4,7,6
HX6 2JW,2,1,1,2
HX6 2LA,16,8,8,11
HX6 2LB,8,7,1,7
HX6 2LD,9,4,5,6
HX6 2LE,22,11,11,9
HX6 2LG,22,10,12,8
HX6 2LH,14,7,7,8
HX6 2LJ,24,14,10,11
HX6 2LL,19,8,11,10
HX6 2LN,13,8,5,12
HX6 2LP,21,10,11,6
HX6 2LQ,11,8,3,7
HX6 2LR,9,4,5,2
HX6 2LS,46,24,22,18
HX6 2LT,8,4,4,3
HX6 2LU,26,13,13,11
HX6 2LW,27,15,12,20
HX6 2LX,42,16,26,18
HX6 2LY,47,26,21,22
HX6 2LZ,21,10,11,10
HX6 2NA,27,14,13,9
HX6 2ND,27,14,13,13
HX6 2NE,9,4,5,5
HX6 2NF,19,11,8,11
HX6 2NG,38,19,19,15
HX6 2NH,21,12,9,9
HX6 2NJ,95,46,49,43
HX6 2NL,64,33,31,27
HX6 2NN,27,12,15,12
HX6 2NP,59,29,30,22
HX6 2NQ,11,5,6,6
HX6 2NR,33,18,15,13
HX6 2NS,33,17,16,14
HX6 2NT,40,21,19,21
HX6 2NU,36,18,18,12
HX6 2NX,90,44,46,44
HX6 2NY,4,1,3,2
HX6 2PA,82,41,41,41
HX6 2PB,49,30,19,32
HX6 2PD,42,25,17,25
HX6 2PE,45,25,20,16
HX6 2PF,10,4,6,5
HX6 2PH,1,1,0,1
HX6 2PJ,9,5,4,6
HX6 2PL,3,2,1,2
HX6 2PN,28,8,20,13
HX6 2PP,35,17,18,17
HX6 2PQ,11,5,6,4
HX6 2PR,11,5,6,9
HX6 2PS,9,2,7,7
HX6 2PU,24,16,8,8
HX6 2PX,51,25,26,29
HX6 2QG,13,7,6,5
HX6 2QH,4,1,3,2
HX6 2QJ,19,6,13,7
HX6 2QL,26,15,11,6
HX6 2QN,37,19,18,11
HX6 2QP,53,31,22,41
HX6 2QR,49,22,27,43
HX6 2QS,48,24,24,43
HX6 2QT,22,11,11,10
HX6 2QU,9,5,4,5
HX6 2QW,58,24,34,44
HX6 2QX,22,11,11,13
HX6 2QY,58,32,26,27
HX6 2QZ,20,11,9,11
HX6 2RA,59,28,31,24
HX6 2RB,209,107,102,83
HX6 2RF,2,1,1,2
HX6 2RG,1,1,0,1
HX6 2RH,4,2,2,2
HX6 2RJ,29,17,12,15
HX6 2RL,6,2,4,3
HX6 2RN,8,6,2,5
HX6 2RP,41,19,22,19
HX6 2RQ,8,2,6,4
HX6 2RR,14,9,5,5
HX6 2RS,77,25,52,15
HX6 2RT,3,2,1,2
HX6 2RU,42,25,17,15
HX6 2RW,15,6,9,6
HX6 2RX,40,24,16,17
HX6 2RY,24,9,15,10
HX6 2RZ,112,51,61,64
HX6 2SA,20,8,12,7
HX6 2SB,49,25,24,17
HX6 2SD,26,17,9,15
HX6 2SE,9,5,4,5
HX6 2SF,23,11,12,11
HX6 2SG,5,3,2,2
HX6 2SH,20,10,10,9
HX6 2SJ,8,4,4,3
HX6 2SL,16,7,9,9
HX6 2SN,28,16,12,11
HX6 2SP,33,18,15,15
HX6 2SQ,113,58,55,45
HX6 2SR,27,12,15,13
HX6 2SS,15,5,10,9
HX6 2ST,26,15,11,14
HX6 2SU,46,21,25,24
HX6 2SW,2,2,0,1
HX6 2SX,43,18,25,33
HX6 2SY,37,17,20,18
HX6 2SZ,43,23,20,21
HX6 2TA,40,22,18,17
HX6 2TB,19,7,12,8
HX6 2TD,25,11,14,10
HX6 2TE,17,11,6,6
HX6 2TF,17,8,9,6
HX6 2TG,14,7,7,6
HX6 2TH,16,10,6,8
HX6 2TJ,42,23,19,17
HX6 2TL,13,8,5,5
HX6 2TP,21,12,9,9
HX6 2TQ,14,6,8,8
HX6 2TR,11,6,5,5
HX6 2TS,24,10,14,9
HX6 2TT,21,11,10,8
HX6 2TU,11,4,7,4
HX6 2TW,38,18,20,24
HX6 2TX,10,3,7,5
HX6 2TY,75,38,37,32
HX6 2TZ,9,3,6,3
HX6 2UA,51,24,27,22
HX6 2UB,20,8,12,8
HX6 2UD,7,3,4,4
HX6 2UE,17,10,7,12
HX6 2UG,16,9,7,10
HX6 2UJ,56,25,31,23
HX6 2UL,38,19,19,11
HX6 2UN,88,43,45,35
HX6 2UQ,6,4,2,4
HX6 2UR,12,7,5,4
HX6 2US,3,2,1,1
HX6 2UX,53,24,29,22
HX6 3AH,7,5,2,5
HX6 3AN,17,8,9,10
HX6 3AS,9,3,6,7
HX6 3AT,18,9,9,8
HX6 3AW,1,1,0,1
HX6 3AZ,67,32,35,36
HX6 3BD,16,9,7,6
HX6 3BG,7,3,4,2
HX6 3BH,19,6,13,12
HX6 3BJ,57,30,27,23
HX6 3BL,32,17,15,14
HX6 3BN,14,7,7,12
HX6 3BQ,26,14,12,11
HX6 3BR,2,1,1,1
HX6 3BT,8,4,4,2
HX6 3BU,5,3,2,2
HX6 3BX,2,1,1,2
HX6 3DA,36,18,18,19
HX6 3DG,7,1,6,5
HX6 3DH,7,3,4,4
HX6 3DJ,9,6,3,4
HX6 3DN,4,2,2,1
HX6 3DP,41,15,26,14
HX6 3DQ,5,3,2,2
HX6 3DR,8,4,4,3
HX6 3DS,5,3,2,3
HX6 3DT,2,0,2,2
HX6 3DU,42,19,23,15
HX6 3DW,3,2,1,2
HX6 3DX,3,2,1,2
HX6 3DY,38,21,17,19
HX6 3DZ,6,3,3,3
HX6 3EA,14,7,7,7
HX6 3EB,12,7,5,5
HX6 3ED,52,27,25,26
HX6 3EE,2,1,1,1
HX6 3EF,7,3,4,4
HX6 3EG,5,3,2,2
HX6 3EH,4,1,3,1
HX6 3EJ,3,2,1,1
HX6 3EL,16,8,8,8
HX6 3EN,22,10,12,10
HX6 3EP,4,0,4,3
HX6 3EQ,10,3,7,4
HX6 3ER,15,6,9,6
HX6 3ES,10,5,5,5
HX6 3ET,5,3,2,2
HX6 3EU,9,6,3,5
HX6 3EW,10,5,5,4
HX6 3EX,9,5,4,5
HX6 3EY,13,4,9,6
HX6 3EZ,34,19,15,12
HX6 3GA,8,4,4,3
HX6 3GB,25,11,14,11
HX6 3GD,17,7,10,6
HX6 3GE,7,2,5,6
HX6 3HA,13,6,7,8
HX6 3HB,48,24,24,27
HX6 3HD,8,4,4,4
HX6 3HF,3,2,1,1
HX6 3HH,26,13,13,13
HX6 3HN,96,46,50,36
HX6 3HP,7,2,5,3
HX6 3HR,43,19,24,20
HX6 3HS,93,45,48,33
HX6 3HT,28,15,13,10
HX6 3HU,35,19,16,15
HX6 3HW,54,28,26,24
HX6 3HX,6,4,2,2
HX6 3HY,17,11,6,6
HX6 3HZ,25,13,12,12
HX6 3JA,30,13,17,15
HX6 3JB,14,4,10,8
HX6 3JD,2,1,1,1
HX6 3JG,14,6,8,11
HX6 3JH,68,36,32,40
HX6 3JN,33,13,20,13
HX6 3JX,17,8,9,6
HX6 3JY,15,10,5,12
HX6 3LF,13,6,7,5
HX6 3LG,2,1,1,1
HX6 3LH,4,1,3,1
HX6 3LL,1,1,0,1
HX6 3LN,20,13,7,9
HX6 3LP,14,6,8,6
HX6 3LQ,15,7,8,5
HX6 3LR,6,3,3,3
HX6 3LS,8,4,4,5
HX6 3LT,6,3,3,4
HX6 3LU,8,4,4,4
HX6 3LW,4,2,2,2
HX6 3LX,65,33,32,38
HX6 3LY,56,30,26,36
HX6 3LZ,8,4,4,4
HX6 3NA,5,3,2,3
HX6 3NB,5,2,3,2
HX6 3ND,2,1,1,1
HX6 3NE,37,20,17,17
HX6 3NF,9,4,5,3
HX6 3NG,7,4,3,5
HX6 3NH,8,5,3,4
HX6 3NJ,4,1,3,1
HX6 3NN,63,25,38,36
HX6 3NP,48,25,23,18
HX6 3NQ,2,1,1,1
HX6 3NR,13,5,8,5
HX6 3NS,12,6,6,3
HX6 3NT,16,7,9,6
HX6 3NW,33,17,16,18
HX6 3NX,10,6,4,4
HX6 3PA,9,1,8,6
HX6 3PB,21,12,9,10
HX6 3PD,39,16,23,18
HX6 3PE,59,28,31,31
HX6 3PF,16,9,7,7
HX6 3PG,12,8,4,4
HX6 3PH,5,2,3,3
HX6 3PJ,47,23,24,20
HX6 3PL,11,4,7,3
HX6 3PN,22,15,7,8
HX6 3PP,4,2,2,2
HX6 3PQ,34,12,22,15
HX6 3PR,19,10,9,8
HX6 3PS,3,3,0,3
HX6 3PT,5,4,1,3
HX6 3PU,9,5,4,3
HX6 3PW,16,7,9,8
HX6 3PX,4,2,2,2
HX6 3PY,6,3,3,3
HX6 3PZ,5,3,2,2
HX6 3QA,21,11,10,8
HX6 3QB,14,7,7,5
HX6 3QD,28,14,14,12
HX6 3QE,26,17,9,7
HX6 3QF,4,1,3,3
HX6 3QG,6,4,2,2
HX6 3QH,13,4,9,7
HX6 3QJ,2,1,1,1
HX6 3QL,9,4,5,5
HX6 3QN,10,4,6,4
HX6 3QP,24,14,10,10
HX6 3QQ,48,26,22,15
HX6 3QR,10,5,5,5
HX6 3QS,35,15,20,15
HX6 3QT,6,3,3,2
HX6 3QU,46,25,21,17
HX6 3QW,4,3,1,3
HX6 3QX,10,3,7,4
HX6 3QY,17,7,10,6
HX6 3QZ,15,6,9,6
HX6 3RA,11,6,5,5
HX6 3RB,12,6,6,5
HX6 3RD,13,7,6,4
HX6 3RE,15,7,8,6
HX6 3RF,12,5,7,4
HX6 3RG,8,4,4,3
HX6 3RH,8,5,3,4
HX6 3RJ,6,3,3,2
HX6 3RL,7,4,3,4
HX6 3RN,20,9,11,8
HX6 3RP,29,14,15,9
HX6 3RQ,34,18,16,16
HX6 3RR,21,8,13,12
HX6 3RS,7,2,5,2
HX6 3RU,11,7,4,4
HX6 3RW,8,4,4,4
HX6 3RX,5,3,2,2
HX6 3RY,8,5,3,3
HX6 3RZ,6,4,2,2
HX6 3SA,23,12,11,5
HX6 3SB,17,10,7,10
HX6 3SD,27,14,13,13
HX6 3SE,15,7,8,11
HX6 3SF,15,11,4,10
HX6 3SG,8,4,4,4
HX6 3SQ,4,2,2,2
HX6 3SX,5,2,3,2
HX6 4AA,5,3,2,2
HX6 4AB,43,21,22,16
HX6 4AD,7,3,4,3
HX6 4AE,59,29,30,23
HX6 4AF,37,16,21,18
HX6 4AG,88,38,50,40
HX6 4AH,95,47,48,44
HX6 4AL,32,11,21,25
HX6 4AN,144,60,84,62
HX6 4AP,4,2,2,2
HX6 4AQ,11,5,6,4
HX6 4AR,4,0,4,4
HX6 4AS,5,1,4,4
HX6 4AT,7,2,5,5
HX6 4AU,4,1,3,4
HX6 4AX,6,1,5,5
HX6 4AY,8,3,5,3
HX6 4AZ,8,3,5,3
HX6 4BA,12,6,6,6
HX6 4BB,20,10,10,6
HX6 4BD,21,9,12,7
HX6 4BE,18,10,8,8
HX6 4BG,15,10,5,11
HX6 4BH,25,5,20,22
HX6 4BJ,4,1,3,2
HX6 4BL,21,12,9,12
HX6 4BN,23,12,11,6
HX6 4BQ,4,3,1,2
HX6 4BU,60,26,34,30
HX6 4BY,48,22,26,32
HX6 4DA,9,5,4,8
HX6 4DB,38,19,19,19
HX6 4DD,43,21,22,13
HX6 4DE,16,7,9,7
HX6 4DF,4,4,0,3
HX6 4DG,40,17,23,18
HX6 4DJ,5,2,3,2
HX6 4DL,4,2,2,3
HX6 4DN,25,17,8,12
HX6 4DP,65,28,37,28
HX6 4DQ,5,1,4,2
HX6 4DR,8,5,3,7
HX6 4DS,74,36,38,32
HX6 4DT,24,10,14,15
HX6 4DU,19,9,10,9
HX6 4DX,5,2,3,2
HX6 4DZ,51,24,27,23
HX6 4EA,31,14,17,13
HX6 4EB,108,56,52,38
HX6 4EE,34,17,17,12
HX6 4EG,8,4,4,5
HX6 4EH,21,9,12,11
HX6 4EN,44,22,22,20
HX6 4EP,24,10,14,9
HX6 4ER,11,5,6,6
HX6 4ES,3,2,1,1
HX6 4ET,12,7,5,5
HX6 4EU,8,4,4,4
HX6 4EX,62,32,30,20
HX6 4EY,7,4,3,4
HX6 4EZ,17,6,11,7
HX6 4FB,47,20,27,18
HX6 4FD,47,28,19,29
HX6 4FE,15,8,7,5
HX6 4FF,26,12,14,11
HX6 4HA,22,11,11,8
HX6 4HD,8,4,4,3
HX6 4HE,3,1,2,1
HX6 4HF,7,4,3,2
HX6 4HG,8,3,5,2
HX6 4HH,5,3,2,3
HX6 4HJ,13,6,7,4
HX6 4HL,11,5,6,5
HX6 4HN,10,3,7,4
HX6 4HP,54,29,25,26
HX6 4HQ,20,9,11,7
HX6 4HR,10,5,5,4
HX6 4HS,1,1,0,1
HX6 4HT,23,13,10,16
HX6 4HW,29,13,16,14
HX6 4HY,74,43,31,42
HX6 4HZ,6,2,4,3
HX6 4JE,66,32,34,25
HX6 4JF,41,18,23,14
HX6 4JG,8,3,5,3
HX6 4JH,194,103,91,67
HX6 4JJ,6,3,3,3
HX6 4JL,14,7,7,6
HX6 4JN,7,2,5,4
HX6 4JQ,45,23,22,13
HX6 4JR,21,9,12,8
HX6 4JS,32,15,17,13
HX6 4JT,44,19,25,18
HX6 4JU,91,45,46,36
HX6 4JW,141,66,75,43
HX6 4JX,17,5,12,7
HX6 4JY,19,9,10,10
HX6 4JZ,48,22,26,15
HX6 4LA,28,13,15,15
HX6 4LB,12,8,4,3
HX6 4LD,23,12,11,11
HX6 4LE,9,5,4,5
HX6 4LF,22,12,10,9
HX6 4LG,21,9,12,9
HX6 4LH,17,11,6,7
HX6 4LJ,7,3,4,3
HX6 4LL,52,24,28,25
HX6 4LN,9,5,4,2
HX6 4LP,18,9,9,6
HX6 4LQ,21,11,10,9
HX6 4LR,31,16,15,11
HX6 4LS,14,7,7,6
HX6 4LT,26,12,14,9
HX6 4LU,19,7,12,7
HX6 4LW,8,5,3,2
HX6 4LX,20,10,10,11
HX6 4LY,1,1,0,1
HX6 4NA,17,8,9,7
HX6 4NB,61,27,34,26
HX6 4ND,20,11,9,7
HX6 4NE,19,11,8,8
HX6 4NF,8,3,5,2
HX6 4NG,13,6,7,8
HX6 4NH,16,7,9,5
HX6 4NJ,15,7,8,7
HX6 4NL,7,4,3,5
HX6 4NN,30,13,17,11
HX6 4NP,50,25,25,18
HX6 4NQ,40,20,20,12
HX6 4NR,23,10,13,10
HX6 4NS,5,2,3,3
HX6 4NT,24,12,12,7
HX6 4NU,25,14,11,9
HX6 4NW,11,4,7,5
HX6 4NX,28,15,13,11
HX6 4NY,223,114,109,74
HX6 4NZ,12,5,7,8
HX6 4PA,33,14,19,14
HX6 4PD,32,18,14,16
HX6 4PE,18,7,11,5
HX6 4PW,3,2,1,1
HX6 4PY,6,4,2,3
HX6 4QA,88,50,38,2
HX6 4QB,63,30,33,32
HX6 4QD,27,12,15,10
HX6 4QE,5,3,2,3
HX6 4QG,35,17,18,15
HX6 4QH,27,16,11,10
HX6 4QJ,37,15,22,14
HX6 4QL,19,9,10,7
HX6 4QN,14,6,8,5
HX6 4QP,68,36,32,25
HX6 4QQ,18,12,6,5
HX6 4QR,30,15,15,12
HX6 4QS,29,14,15,10
HX6 4QU,48,25,23,23
HX6 4QW,5,3,2,3
HX6 4QX,4,2,2,2
HX6 4QY,1,1,0,1
HX6 4QZ,4,3,1,2
HX6 4RA,32,19,13,14
HX6 4RB,5,3,2,2
HX6 4RD,13,7,6,6
HX6 4RE,23,12,11,11
HX6 4RF,35,19,16,14
HX6 4RG,13,4,9,3
HX6 4RH,26,12,14,12
HX6 4RJ,8,4,4,2
HX6 4RL,106,62,44,55
HX6 4RN,38,16,22,17
HX6 4RP,53,29,24,18
HX6 4RQ,13,7,6,6
HX6 4RR,29,13,16,12
HX6 4RS,84,40,44,31
HX6 4RT,5,2,3,1
HX6 4RU,5,2,3,2
HX6 4RW,26,12,14,12
HX6 4RX,4,2,2,3
HX6 4RY,78,47,31,53
HX6 4RZ,53,27,26,31
HX6 4SA,15,7,8,5
HX6 4SB,9,4,5,3
HX6 4SD,7,4,3,3
HX7 5AA,28,13,15,9
HX7 5AB,30,12,18,17
HX7 5AE,34,20,14,12
HX7 5AF,44,20,24,20
HX7 5AG,26,11,15,11
HX7 5AH,57,29,28,25
HX7 5AJ,116,58,58,52
HX7 5AL,2,1,1,1
HX7 5AN,24,12,12,7
HX7 5AP,23,12,11,10
HX7 5AR,162,68,94,68
HX7 5AS,30,13,17,15
HX7 5AT,12,4,8,6
HX7 5AU,6,3,3,2
HX7 5AW,11,5,6,5
HX7 5AX,1,0,1,1
HX7 5AY,47,22,25,23
HX7 5AZ,82,38,44,36
HX7 5BA,37,17,20,16
HX7 5BB,12,2,10,7
HX7 5BD,55,25,30,19
HX7 5BG,15,5,10,7
HX7 5BH,60,24,36,31
HX7 5BJ,128,60,68,53
HX7 5BL,36,15,21,15
HX7 5BN,19,9,10,9
HX7 5BP,5,2,3,2
HX7 5BQ,10,5,5,6
HX7 5BS,37,18,19,13
HX7 5BT,26,9,17,7
HX7 5DF,18,11,7,7
HX7 5DG,11,6,5,4
HX7 5DL,27,15,12,14
HX7 5DP,6,3,3,2
HX7 5DQ,14,5,9,8
HX7 5DR,5,3,2,5
HX7 5DS,19,10,9,11
HX7 5DT,10,7,3,5
HX7 5DU,22,12,10,13
HX7 5DW,12,6,6,6
HX7 5DY,26,7,19,18
HX7 5DZ,39,18,21,25
HX7 5EB,7,4,3,2
HX7 5ED,64,30,34,22
HX7 5EE,4,1,3,2
HX7 5EF,3,1,2,2
HX7 5EG,59,29,30,20
HX7 5EJ,6,3,3,5
HX7 5EN,27,13,14,12
HX7 5EP,7,3,4,4
HX7 5EQ,6,4,2,2
HX7 5ER,12,6,6,7
HX7 5ES,39,13,26,30
HX7 5ET,10,6,4,6
HX7 5EU,9,2,7,6
HX7 5EW,11,8,3,6
HX7 5EX,11,4,7,6
HX7 5EZ,37,21,16,14
HX7 5FB,19,6,13,8
HX7 5HA,8,5,3,4
HX7 5HB,2,1,1,1
HX7 5HD,15,9,6,5
HX7 5HE,10,5,5,4
HX7 5HF,2,1,1,1
HX7 5HG,6,1,5,4
HX7 5HH,5,3,2,2
HX7 5HJ,4,0,4,4
HX7 5HL,19,9,10,9
HX7 5HN,30,16,14,10
HX7 5HP,29,12,17,13
HX7 5HQ,41,16,25,18
HX7 5HS,11,8,3,5
HX7 5HT,2,1,1,1
HX7 5HU,26,6,20,14
HX7 5HW,9,5,4,4
HX7 5JA,9,5,4,5
HX7 5JB,12,4,8,4
HX7 5JD,6,2,4,5
HX7 5JE,85,34,51,40
HX7 5JF,17,7,10,8
HX7 5JG,24,10,14,12
HX7 5JH,17,5,12,9
HX7 5JJ,18,10,8,8
HX7 5JL,7,3,4,4
HX7 5JN,8,3,5,4
HX7 5JP,6,3,3,2
HX7 5JQ,14,7,7,7
HX7 5JR,10,7,3,4
HX7 5JS,11,6,5,3
HX7 5JU,6,3,3,3
HX7 5JW,6,4,2,3
HX7 5JX,65,23,42,44
HX7 5JY,82,31,51,66
HX7 5JZ,5,3,2,3
HX7 5LE,6,2,4,3
HX7 5LG,172,94,78,96
HX7 5LH,12,6,6,5
HX7 5LL,1,1,0,1
HX7 5LN,30,19,11,13
HX7 5LP,3,2,1,3
HX7 5LR,23,10,13,17
HX7 5LS,15,6,9,9
HX7 5LW,18,6,12,10
HX7 5LX,29,15,14,12
HX7 5LZ,4,2,2,3
HX7 5NA,9,5,4,4
HX7 5NB,62,29,33,24
HX7 5ND,24,10,14,12
HX7 5NE,33,18,15,14
HX7 5NF,21,11,10,10
HX7 5NG,133,73,60,50
HX7 5NH,35,17,18,11
HX7 5NJ,29,13,16,19
HX7 5NL,29,11,18,13
HX7 5NN,45,19,26,23
HX7 5NP,27,13,14,14
HX7 5NQ,39,23,16,12
HX7 5NR,29,17,12,13
HX7 5NS,10,6,4,5
HX7 5NT,11,6,5,6
HX7 5NU,16,10,6,6
HX7 5NW,38,19,19,14
HX7 5NX,17,11,6,10
HX7 5PA,53,23,30,25
HX7 5PB,44,24,20,23
HX7 5PD,46,19,27,23
HX7 5PE,14,5,9,5
HX7 5PF,6,4,2,3
HX7 5PH,60,28,32,31
HX7 5PJ,44,18,26,16
HX7 5PL,52,23,29,22
HX7 5PN,5,4,1,3
HX7 5PP,39,19,20,16
HX7 5PQ,30,11,19,20
HX7 5PR,6,3,3,5
HX7 5PS,29,14,15,11
HX7 5PW,24,13,11,18
HX7 5QH,8,5,3,2
HX7 5QL,8,5,3,3
HX7 5QP,36,17,19,18
HX7 5QR,111,59,52,50
HX7 5QS,20,10,10,7
HX7 5QT,15,7,8,6
HX7 5QU,11,4,7,6
HX7 5QX,10,7,3,3
HX7 5QY,32,19,13,13
HX7 5QZ,16,9,7,9
HX7 5RA,4,1,3,2
HX7 5RB,20,9,11,8
HX7 5RD,3,1,2,1
HX7 5RE,2,1,1,1
HX7 5RF,28,13,15,9
HX7 5RJ,5,3,2,3
HX7 5RL,7,3,4,2
HX7 5RN,8,3,5,3
HX7 5RP,4,2,2,1
HX7 5RS,6,3,3,4
HX7 5RT,22,13,9,9
HX7 5RU,34,15,19,13
HX7 5RX,36,20,16,17
HX7 5RY,2,0,2,2
HX7 5RZ,4,2,2,2
HX7 5SA,18,8,10,7
HX7 5SB,15,7,8,7
HX7 5SD,13,6,7,8
HX7 5SE,4,2,2,2
HX7 5SF,9,6,3,4
HX7 5SG,5,3,2,2
HX7 5SH,22,12,10,10
HX7 5SJ,8,3,5,4
HX7 5SL,15,7,8,5
HX7 5SN,8,4,4,4
HX7 5SP,9,6,3,4
HX7 5SQ,28,13,15,10
HX7 5SR,11,6,5,6
HX7 5SS,8,4,4,5
HX7 5ST,6,4,2,3
HX7 5SU,23,12,11,10
HX7 5SX,2,0,2,2
HX7 5SY,13,7,6,5
HX7 5SZ,3,2,1,1
HX7 5TA,22,13,9,8
HX7 5TB,51,25,26,22
HX7 5TD,13,6,7,6
HX7 5TE,12,5,7,4
HX7 5TF,16,8,8,8
HX7 5TG,7,3,4,5
HX7 5TH,11,3,8,4
HX7 5TJ,39,22,17,17
HX7 5TL,13,7,6,8
HX7 5TN,12,7,5,6
HX7 5TP,9,2,7,4
HX7 5TQ,2,2,0,2
HX7 5TR,2,1,1,1
HX7 5TS,6,2,4,3
HX7 5TT,15,7,8,5
HX7 5TU,34,17,17,13
HX7 5TW,12,5,7,4
HX7 5TX,53,29,24,16
HX7 5TY,4,2,2,2
HX7 5TZ,6,3,3,2
HX7 6AA,32,14,18,18
HX7 6AB,36,18,18,13
HX7 6AF,6,3,3,6
HX7 6AH,53,32,21,26
HX7 6AJ,34,17,17,16
HX7 6AL,18,10,8,13
HX7 6AN,6,2,4,5
HX7 6AQ,12,4,8,5
HX7 6AR,80,32,48,29
HX7 6AS,53,23,30,25
HX7 6AT,76,39,37,34
HX7 6AU,14,3,11,11
HX7 6AW,17,8,9,10
HX7 6AX,7,4,3,4
HX7 6AY,4,2,2,2
HX7 6AZ,12,8,4,6
HX7 6BB,11,4,7,5
HX7 6BD,9,4,5,9
HX7 6BE,22,12,10,10
HX7 6BG,7,3,4,3
HX7 6BH,23,11,12,12
HX7 6BJ,20,9,11,14
HX7 6BQ,32,18,14,16
HX7 6BT,36,15,21,15
HX7 6BU,24,15,9,10
HX7 6BX,10,6,4,5
HX7 6BY,20,12,8,8
HX7 6BZ,22,10,12,8
HX7 6DA,16,7,9,5
HX7 6DB,22,9,13,9
HX7 6DE,10,6,4,3
HX7 6DF,8,3,5,4
HX7 6DG,24,10,14,11
HX7 6DH,14,8,6,7
HX7 6DJ,76,35,41,25
HX7 6DL,40,22,18,16
HX7 6DN,7,3,4,3
HX7 6DP,8,4,4,4
HX7 6DQ,16,10,6,6
HX7 6DR,16,4,12,6
HX7 6DS,11,4,7,5
HX7 6DT,29,10,19,28
HX7 6DU,8,4,4,3
HX7 6DW,10,6,4,4
HX7 6DX,49,15,34,43
HX7 6DY,17,8,9,7
HX7 6EN,6,1,5,3
HX7 6EU,27,15,12,13
HX7 6EZ,7,3,4,7
HX7 6HA,2,2,0,2
HX7 6HD,13,8,5,5
HX7 6HE,25,10,15,12
HX7 6HF,9,6,3,7
HX7 6HH,36,15,21,20
HX7 6HJ,10,6,4,5
HX7 6HN,8,5,3,4
HX7 6HP,13,6,7,6
HX7 6HR,13,7,6,6
HX7 6HS,9,2,7,3
HX7 6HT,9,6,3,4
HX7 6HU,16,8,8,8
HX7 6HW,166,67,99,72
HX7 6HX,13,5,8,7
HX7 6HY,14,5,9,9
HX7 6HZ,10,6,4,5
HX7 6JA,3,2,1,2
HX7 6JB,79,43,36,44
HX7 6JD,74,41,33,36
HX7 6JF,7,3,4,4
HX7 6JG,38,19,19,17
HX7 6JH,23,8,15,9
HX7 6JJ,10,5,5,7
HX7 6JL,14,7,7,6
HX7 6JN,15,6,9,8
HX7 6JP,27,14,13,11
HX7 6JQ,5,1,4,2
HX7 6JR,16,7,9,11
HX7 6JW,9,4,5,5
HX7 6LH,3,1,2,2
HX7 6LL,32,18,14,18
HX7 6LN,28,13,15,15
HX7 6LP,8,5,3,5
HX7 6LR,26,15,11,12
HX7 6LS,47,18,29,19
HX7 6LT,9,6,3,5
HX7 6LU,1,1,0,1
HX7 6LW,27,13,14,13
HX7 6LX,20,8,12,10
HX7 6LZ,21,7,14,12
HX7 6NA,12,6,6,5
HX7 6NB,13,8,5,6
HX7 6ND,27,16,11,10
HX7 6NE,7,4,3,4
HX7 6NF,12,6,6,8
HX7 6NG,36,19,17,17
HX7 6NH,22,11,11,9
HX7 6NJ,7,2,5,5
HX7 6NL,7,3,4,3
HX7 6NN,11,6,5,6
HX7 6NP,26,11,15,11
HX7 6NR,23,14,9,8
HX7 6NT,4,2,2,2
HX7 6NU,8,3,5,4
HX7 6NW,4,3,1,3
HX7 6NX,15,5,10,5
HX7 6PA,32,12,20,12
HX7 6PB,10,7,3,3
HX7 6PD,11,5,6,6
HX7 6PE,13,5,8,4
HX7 6PF,7,4,3,2
HX7 6PG,7,3,4,3
HX7 6PH,4,2,2,1
HX7 6PJ,23,12,11,13
HX7 6PN,8,4,4,4
HX7 6PP,61,31,30,29
HX7 6PQ,37,16,21,12
HX7 6PR,15,5,10,5
HX7 6PS,23,13,10,11
HX7 6PT,9,4,5,1
HX7 6PU,11,6,5,4
HX7 6PX,25,12,13,9
HX7 6PY,9,4,5,6
HX7 6PZ,1,1,0,1
HX7 7AA,52,26,26,18
HX7 7AB,36,15,21,15
HX7 7AD,10,5,5,5
HX7 7AE,23,10,13,8
HX7 7AF,5,3,2,3
HX7 7AG,7,2,5,5
HX7 7AH,6,3,3,2
HX7 7AJ,15,8,7,8
HX7 7AL,18,9,9,6
HX7 7AP,11,5,6,5
HX7 7AQ,14,8,6,6
HX7 7AS,13,8,5,4
HX7 7AT,33,17,16,8
HX7 7AU,6,3,3,2
HX7 7AW,15,10,5,7
HX7 7AX,19,9,10,6
HX7 7AY,11,5,6,5
HX7 7AZ,52,25,27,22
HX7 7BB,11,3,8,6
HX7 7BS,4,2,2,1
HX7 7BT,47,21,26,26
HX7 7BX,13,7,6,6
HX7 7DD,39,16,23,14
HX7 7DE,28,14,14,16
HX7 7DF,17,8,9,7
HX7 7DG,22,10,12,14
HX7 7DH,8,4,4,5
HX7 7DJ,60,29,31,29
HX7 7DL,38,20,18,25
HX7 7DP,6,2,4,4
HX7 7DQ,5,3,2,4
HX7 7DR,11,6,5,5
HX7 7DS,22,12,10,10
HX7 7DT,19,9,10,8
HX7 7DU,27,14,13,9
HX7 7DW,17,7,10,8
HX7 7DX,4,2,2,2
HX7 7DY,15,6,9,7
HX7 7DZ,20,10,10,9
HX7 7EB,37,18,19,14
HX7 7ED,17,7,10,7
HX7 7EL,9,4,5,4
HX7 7EN,4,2,2,2
HX7 7EP,24,9,15,6
HX7 7ER,5,3,2,4
HX7 7ES,4,2,2,2
HX7 7EU,8,3,5,6
HX7 7EW,15,5,10,7
HX7 7EX,22,9,13,12
HX7 7EY,4,2,2,3
HX7 7EZ,25,14,11,10
HX7 7HA,59,28,31,23
HX7 7HB,3,2,1,1
HX7 7HD,27,13,14,13
HX7 7HE,12,8,4,4
HX7 7HF,6,3,3,2
HX7 7HG,7,3,4,4
HX7 7HH,27,15,12,11
HX7 7HJ,37,18,19,18
HX7 7HL,10,3,7,4
HX7 7HN,49,23,26,19
HX7 7HP,21,10,11,9
HX7 7HQ,6,2,4,2
HX7 7HR,23,10,13,8
HX7 7HS,15,4,11,6
HX7 7HT,2,2,0,1
HX7 7HU,2,1,1,1
HX7 7HW,11,3,8,4
HX7 7HX,9,4,5,5
HX7 7HY,11,4,7,7
HX7 7HZ,14,8,6,6
HX7 7JA,32,20,12,12
HX7 7JB,65,36,29,24
HX7 7JD,7,2,5,3
HX7 7JE,5,2,3,2
HX7 7JF,41,20,21,16
HX7 7JG,13,7,6,6
HX7 7JH,16,8,8,7
HX7 7JJ,4,2,2,2
HX7 7JL,8,5,3,3
HX7 7JN,6,2,4,3
HX7 7JP,42,23,19,14
HX7 7JQ,4,2,2,3
HX7 7JR,40,21,19,12
HX7 7JS,14,8,6,6
HX7 7JT,5,2,3,2
HX7 7JU,42,22,20,16
HX7 7JW,6,3,3,3
HX7 7JX,24,14,10,10
HX7 7JY,7,3,4,3
HX7 7LA,4,1,3,1
HX7 7LB,33,12,21,22
HX7 7LJ,64,36,28,17
HX7 7LL,7,4,3,3
HX7 7LN,2,1,1,1
HX7 7LR,84,37,47,44
HX7 7LS,130,64,66,50
HX7 7LU,50,22,28,22
HX7 7LW,33,19,14,17
HX7 7LX,23,9,14,11
HX7 7LY,2,2,0,2
HX7 7LZ,1,0,1,1
HX7 7NA,3,2,1,2
HX7 7NB,43,23,20,22
HX7 7ND,45,19,26,21
HX7 7NE,5,3,2,3
HX7 7NF,4,3,1,2
HX7 7NG,16,8,8,7
HX7 7NH,4,2,2,3
HX7 7NJ,9,4,5,2
HX7 7NL,5,3,2,2
HX7 7NN,6,3,3,4
HX7 7NP,9,4,5,4
HX7 7NQ,5,3,2,2
HX7 7NR,19,9,10,10
HX7 7NS,43,19,24,18
HX7 7NT,4,2,2,1
HX7 7NU,18,10,8,7
HX7 7NW,10,5,5,6
HX7 7NX,54,31,23,26
HX7 7NY,6,1,5,3
HX7 7PA,14,6,8,7
HX7 7PB,7,4,3,5
HX7 7PD,51,29,22,19
HX7 7PE,10,4,6,4
HX7 7PF,26,12,14,10
HX7 7PG,33,17,16,15
HX7 7PH,24,11,13,9
HX7 7PJ,24,13,11,10
HX7 7PL,3,1,2,1
HX7 7PQ,11,5,6,3
HX7 7QD,6,3,3,3
HX7 8AA,1,1,0,1
HX7 8AB,23,15,8,16
HX7 8AD,23,11,12,11
HX7 8AF,14,6,8,10
HX7 8AG,10,6,4,5
HX7 8AH,16,8,8,10
HX7 8AJ,4,2,2,4
HX7 8AQ,1,1,0,1
HX7 8AS,12,4,8,8
HX7 8AT,5,3,2,4
HX7 8AU,25,9,16,14
HX7 8AX,14,8,6,4
HX7 8AY,6,3,3,3
HX7 8BA,6,3,3,4
HX7 8BB,4,3,1,4
HX7 8BD,14,9,5,5
HX7 8BE,14,6,8,9
HX7 8BG,8,5,3,3
HX7 8BH,9,3,6,5
HX7 8BJ,22,12,10,8
HX7 8BL,42,18,24,18
HX7 8BN,16,10,6,8
HX7 8BP,10,4,6,3
HX7 8BQ,2,1,1,1
HX7 8BS,11,6,5,6
HX7 8BT,1,0,1,1
HX7 8BU,44,22,22,17
HX7 8BW,9,4,5,3
HX7 8BX,7,2,5,4
HX7 8BY,17,9,8,10
HX7 8BZ,11,5,6,3
HX7 8DA,4,1,3,2
HX7 8DB,68,33,35,23
HX7 8DD,11,3,8,9
HX7 8DE,33,12,21,19
HX7 8DF,37,18,19,16
HX7 8DG,27,14,13,11
HX7 8DH,16,6,10,7
HX7 8DJ,14,3,11,6
HX7 8DL,74,33,41,28
HX7 8DN,138,63,75,59
HX7 8DP,15,6,9,8
HX7 8DQ,21,9,12,8
HX7 8DS,35,14,21,16
HX7 8DT,4,2,2,2
HX7 8DW,83,38,45,40
HX7 8EF,2,1,1,1
HX7 8EH,27,19,8,18
HX7 8EJ,13,9,4,8
HX7 8EN,28,11,17,19
HX7 8ES,2,2,0,1
HX7 8ET,3,2,1,3
HX7 8EX,9,5,4,7
HX7 8HA,78,40,38,32
HX7 8HB,36,10,26,20
HX7 8HF,26,12,14,19
HX7 8HG,7,3,4,4
HX7 8HH,9,4,5,2
HX7 8HJ,38,18,20,25
HX7 8HL,4,3,1,2
HX7 8HP,2,1,1,1
HX7 8HQ,67,30,37,34
HX7 8HR,26,13,13,10
HX7 8HS,2,2,0,1
HX7 8HT,16,7,9,5
HX7 8HU,14,7,7,5
HX7 8HW,43,21,22,21
HX7 8HX,11,5,6,5
HX7 8HY,8,4,4,2
HX7 8HZ,18,7,11,8
HX7 8JA,13,6,7,9
HX7 8JB,5,2,3,4
HX7 8JD,20,8,12,15
HX7 8JE,16,9,7,13
HX7 8JN,5,2,3,3
HX7 8JP,5,4,1,4
HX7 8JR,4,3,1,3
HX7 8JX,23,10,13,16
HX7 8JY,44,19,25,23
HX7 8JZ,25,13,12,13
HX7 8LA,77,37,40,36
HX7 8LB,8,6,2,4
HX7 8LE,22,10,12,18
HX7 8LF,65,31,34,23
HX7 8LG,19,8,11,8
HX7 8LH,8,3,5,4
HX7 8LJ,30,13,17,11
HX7 8LL,16,8,8,7
HX7 8LQ,17,9,8,11
HX7 8LR,64,32,32,38
HX7 8LW,14,7,7,6
HX7 8NA,32,15,17,13
HX7 8NB,12,5,7,4
HX7 8ND,4,3,1,2
HX7 8NE,6,2,4,1
HX7 8NJ,7,5,2,4
HX7 8NL,29,16,13,14
HX7 8NN,6,3,3,4
HX7 8NR,6,3,3,2
HX7 8NT,23,12,11,9
HX7 8NU,14,6,8,7
HX7 8NW,12,6,6,6
HX7 8NY,14,6,8,7
HX7 8NZ,10,2,8,3
HX7 8PA,6,4,2,2
HX7 8PD,14,8,6,5
HX7 8PE,6,4,2,2
HX7 8PF,5,2,3,2
HX7 8PG,14,8,6,5
HX7 8PH,11,6,5,5
HX7 8PJ,8,4,4,4
HX7 8PL,12,7,5,6
HX7 8PN,6,3,3,3
HX7 8PP,17,8,9,7
HX7 8PQ,3,2,1,1
HX7 8PR,13,7,6,5
HX7 8PS,23,11,12,9
HX7 8PU,25,17,8,8
HX7 8QH,2,1,1,1
HX7 8QJ,19,10,9,7
HX7 8QL,6,2,4,4
HX7 8QN,58,27,31,24
HX7 8QP,6,4,2,3
HX7 8QR,10,5,5,4
HX7 8QS,13,6,7,7
HX7 8QT,5,0,5,3
HX7 8QU,11,6,5,7
HX7 8QW,4,2,2,3
HX7 8QX,34,22,12,17
HX7 8QY,57,24,33,29
HX7 8QZ,17,7,10,8
HX7 8RA,7,5,2,2
HX7 8RB,50,26,24,16
HX7 8RD,23,13,10,10
HX7 8RE,9,4,5,4
HX7 8RF,10,6,4,4
HX7 8RG,44,23,21,16
HX7 8RP,3,1,2,1
HX7 8RQ,4,2,2,3
HX7 8RR,2,1,1,1
HX7 8RT,64,33,31,26
HX7 8RU,69,29,40,30
HX7 8RW,7,4,3,3
HX7 8RX,13,6,7,7
HX7 8RY,31,17,14,13
HX7 8RZ,6,2,4,4
HX7 8SA,13,6,7,7
HX7 8SB,5,3,2,2
HX7 8SD,10,5,5,5
HX7 8SE,11,5,6,7
HX7 8SF,12,6,6,5
HX7 8SG,79,37,42,47
HX7 8SH,97,44,53,40
HX7 8SJ,23,11,12,11
HX7 8SL,10,4,6,5
HX7 8SN,15,7,8,6
HX7 8SP,20,9,11,11
HX7 8SQ,15,8,7,7
HX7 8SS,55,27,28,24
HX7 8ST,12,6,6,6
HX7 8SU,11,5,6,6
HX7 8SX,11,5,6,6
HX7 8SY,14,6,8,6
HX7 8SZ,3,2,1,2
HX7 8TA,37,20,17,17
HX7 8TB,8,5,3,5
HX7 8TD,10,3,7,7
HX7 8TE,27,15,12,10
HX7 8TF,21,13,8,7
HX7 8TG,19,10,9,7
HX7 8TH,5,2,3,3
HX7 8TJ,10,4,6,5
HX7 8TL,12,6,6,5
HX7 8TN,30,12,18,10
HX7 8TP,4,1,3,2
HX7 8TQ,6,3,3,3
HX7 8TR,1,1,0,1
HX7 8TS,5,2,3,1
HX7 8TW,14,7,7,6
IG1 1BA,2,1,1,1
IG1 1BE,102,52,50,31
IG1 1BN,4,1,3,2
IG1 1DE,26,17,9,9
IG1 1DG,3,2,1,1
IG1 1DN,16,11,5,5
IG1 1DS,5,2,3,1
IG1 1DT,34,17,17,9
IG1 1DU,34,13,21,23
IG1 1ED,15,6,9,5
IG1 1EJ,180,95,85,50
IG1 1EL,133,61,72,42
IG1 1EN,143,79,64,36
IG1 1ER,159,86,73,40
IG1 1ES,118,58,60,30
IG1 1ET,145,69,76,36
IG1 1EU,195,95,100,57
IG1 1EW,4,2,2,2
IG1 1EX,131,70,61,42
IG1 1EY,71,43,28,23
IG1 1EZ,69,40,29,21
IG1 1GH,15,8,7,6
IG1 1HA,104,49,55,26
IG1 1HB,91,40,51,25
IG1 1HD,91,32,59,26
IG1 1HE,208,97,111,59
IG1 1HF,98,51,47,24
IG1 1HG,210,99,111,52
IG1 1HJ,101,46,55,68
IG1 1HN,94,42,52,26
IG1 1HQ,208,105,103,60
IG1 1HS,117,60,57,31
IG1 1HT,126,60,66,32
IG1 1HU,188,97,91,48
IG1 1HW,8,3,5,3
IG1 1HX,194,108,86,57
IG1 1HY,56,26,30,15
IG1 1HZ,64,43,21,14
IG1 1JA,135,62,73,39
IG1 1JB,179,104,75,43
IG1 1JD,148,79,69,45
IG1 1JE,129,63,66,37
IG1 1JF,96,55,41,35
IG1 1JG,69,34,35,17
IG1 1JH,15,9,6,7
IG1 1JJ,90,48,42,22
IG1 1JL,75,34,41,27
IG1 1JN,207,108,99,57
IG1 1JP,43,29,14,16
IG1 1JQ,64,33,31,23
IG1 1JR,30,18,12,8
IG1 1JS,42,22,20,12
IG1 1JT,90,48,42,26
IG1 1JU,26,18,8,9
IG1 1JW,197,99,98,44
IG1 1JX,47,26,21,15
IG1 1JY,135,70,65,44
IG1 1JZ,143,71,72,40
IG1 1LA,153,75,78,49
IG1 1LB,155,78,77,37
IG1 1LD,84,35,49,25
IG1 1LE,63,34,29,18
IG1 1LG,62,32,30,24
IG1 1LX,27,9,18,9
IG1 1NA,39,21,18,16
IG1 1NB,122,55,67,53
IG1 1ND,24,9,15,13
IG1 1NG,66,40,26,28
IG1 1NH,217,114,103,77
IG1 1NL,236,128,108,85
IG1 1NR,59,37,22,26
IG1 1PA,145,73,72,34
IG1 1PB,222,113,109,50
IG1 1PD,139,77,62,35
IG1 1PE,168,97,71,53
IG1 1PF,165,71,94,44
IG1 1PG,156,75,81,49
IG1 1PH,58,31,27,16
IG1 1PJ,95,56,39,26
IG1 1PL,87,41,46,26
IG1 1PN,171,103,68,51
IG1 1PP,159,77,82,45
IG1 1PQ,132,73,59,29
IG1 1PR,147,79,68,36
IG1 1PS,130,61,69,39
IG1 1PT,177,96,81,44
IG1 1PU,177,101,76,43
IG1 1PW,178,90,88,41
IG1 1QF,23,16,7,7
IG1 1QN,35,16,19,18
IG1 1QP,11,5,6,5
IG1 1QT,6,1,5,3
IG1 1QU,153,72,81,46
IG1 1QW,2,1,1,1
IG1 1QX,152,84,68,36
IG1 1QY,164,83,81,50
IG1 1RB,37,16,21,12
IG1 1RE,28,19,9,23
IG1 1RF,107,61,46,30
IG1 1RG,84,40,44,27
IG1 1RH,56,29,27,15
IG1 1RJ,140,64,76,44
IG1 1RL,10,6,4,4
IG1 1RN,3,1,2,2
IG1 1RQ,84,34,50,25
IG1 1RW,145,72,73,46
IG1 1SB,112,57,55,26
IG1 1SD,113,56,57,30
IG1 1SE,45,19,26,10
IG1 1SF,138,74,64,39
IG1 1SG,75,39,36,20
IG1 1SH,51,42,9,7
IG1 1SJ,53,23,30,19
IG1 1SL,66,34,32,19
IG1 1SN,75,38,37,12
IG1 1SP,132,61,71,32
IG1 1SQ,48,28,20,12
IG1 1SR,115,59,56,36
IG1 1SS,104,46,58,32
IG1 1SU,83,37,46,23
IG1 1SW,1,0,1,1
IG1 1SX,6,5,1,6
IG1 1SY,25,14,11,6
IG1 1SZ,136,66,70,41
IG1 1TA,13,6,7,4
IG1 1TE,24,21,3,9
IG1 1TF,39,30,9,12
IG1 1TG,83,48,35,27
IG1 1TH,7,7,0,3
IG1 1TJ,10,8,2,4
IG1 1TL,107,51,56,43
IG1 1TR,49,30,19,24
IG1 1TS,188,85,103,63
IG1 1TT,149,70,79,49
IG1 1TU,16,8,8,5
IG1 1TW,17,11,6,1
IG1 1TX,46,20,26,21
IG1 1TZ,53,27,26,26
IG1 1UE,9,2,7,3
IG1 1XD,8,3,5,7
IG1 1XG,82,49,33,29
IG1 1XJ,30,13,17,12
IG1 1XL,24,12,12,8
IG1 1XN,19,11,8,9
IG1 1XR,95,53,42,36
IG1 1XU,121,59,62,38
IG1 1XW,29,13,16,13
IG1 1XX,116,53,63,34
IG1 1XY,25,13,12,6
IG1 1XZ,129,73,56,33
IG1 1YA,98,44,54,23
IG1 1YB,84,41,43,25
IG1 1YD,16,8,8,7
IG1 1YE,34,21,13,26
IG1 1YF,60,25,35,22
IG1 1YH,59,31,28,14
IG1 1YJ,107,62,45,31
IG1 1YL,79,43,36,21
IG1 1YN,120,57,63,32
IG1 1YQ,166,95,71,46
IG1 1YS,154,82,72,68
IG1 1YT,182,96,86,76
IG1 1YW,153,83,70,47
IG1 2AF,16,12,4,5
IG1 2AG,27,21,6,11
IG1 2AQ,155,65,90,73
IG1 2AT,32,20,12,14
IG1 2BE,111,46,65,35
IG1 2BF,167,75,92,55
IG1 2BG,185,76,109,73
IG1 2BH,125,55,70,39
IG1 2BJ,110,30,80,0
IG1 2BN,130,67,63,56
IG1 2BQ,127,51,76,61
IG1 2BS,124,53,71,35
IG1 2DH,98,48,50,36
IG1 2DY,171,87,84,51
IG1 2DZ,55,32,23,17
IG1 2EA,130,62,68,60
IG1 2EB,66,36,30,14
IG1 2ED,30,15,15,8
IG1 2EE,74,33,41,20
IG1 2EF,58,36,22,16
IG1 2EG,11,6,5,3
IG1 2EH,193,120,73,45
IG1 2EJ,32,14,18,11
IG1 2EL,61,21,40,44
IG1 2EN,44,23,21,33
IG1 2EP,72,33,39,23
IG1 2EQ,181,105,76,58
IG1 2ER,260,137,123,65
IG1 2ES,149,78,71,34
IG1 2ET,236,132,104,66
IG1 2EU,172,86,86,47
IG1 2EW,189,94,95,42
IG1 2EX,163,85,78,47
IG1 2EY,186,101,85,48
IG1 2EZ,31,11,20,20
IG1 2FB,183,98,85,68
IG1 2FH,131,59,72,56
IG1 2FJ,156,81,75,64
IG1 2FR,75,37,38,27
IG1 2FT,70,32,38,31
IG1 2GZ,116,61,55,47
IG1 2HA,175,104,71,44
IG1 2HB,141,75,66,40
IG1 2HD,13,7,6,7
IG1 2HE,24,12,12,9
IG1 2HH,220,109,111,57
IG1 2HJ,120,57,63,34
IG1 2HL,7,5,2,4
IG1 2HN,49,25,24,18
IG1 2HP,126,64,62,41
IG1 2HR,111,57,54,39
IG1 2HS,145,73,72,35
IG1 2HT,8,6,2,2
IG1 2HU,100,50,50,27
IG1 2HW,129,58,71,40
IG1 2HX,20,10,10,6
IG1 2HY,232,121,111,62
IG1 2HZ,123,43,80,49
IG1 2JA,228,122,106,61
IG1 2JB,236,119,117,67
IG1 2JE,31,15,16,10
IG1 2JF,78,34,44,23
IG1 2JH,120,48,72,32
IG1 2JJ,49,35,14,7
IG1 2JL,280,151,129,69
IG1 2JQ,17,10,7,6
IG1 2JR,120,58,62,36
IG1 2JU,78,36,42,27
IG1 2JW,134,55,79,49
IG1 2JX,84,33,51,31
IG1 2JY,6,4,2,3
IG1 2JZ,54,45,9,6
IG1 2LA,33,30,3,8
IG1 2LB,74,33,41,19
IG1 2LD,36,23,13,13
IG1 2LE,12,8,4,7
IG1 2LF,78,33,45,17
IG1 2LH,87,37,50,24
IG1 2LJ,16,10,6,7
IG1 2LN,34,15,19,14
IG1 2LQ,52,21,31,17
IG1 2LR,27,10,17,12
IG1 2LS,68,31,37,25
IG1 2LT,10,7,3,5
IG1 2LU,80,44,36,24
IG1 2LX,16,15,1,6
IG1 2LZ,8,7,1,3
IG1 2NB,22,17,5,8
IG1 2NF,84,35,49,32
IG1 2NG,142,71,71,41
IG1 2NH,124,65,59,38
IG1 2NJ,134,61,73,38
IG1 2NL,106,51,55,36
IG1 2NN,103,52,51,36
IG1 2NP,125,65,60,36
IG1 2NQ,126,56,70,41
IG1 2NR,109,56,53,34
IG1 2NS,206,97,109,63
IG1 2NT,111,49,62,58
IG1 2NW,109,45,64,37
IG1 2NX,108,41,67,33
IG1 2NY,49,26,23,11
IG1 2NZ,125,72,53,40
IG1 2PA,127,67,60,41
IG1 2PB,151,82,69,42
IG1 2PD,123,74,49,38
IG1 2PE,35,17,18,13
IG1 2PF,46,21,25,10
IG1 2PH,64,30,34,21
IG1 2PJ,137,65,72,37
IG1 2PN,172,88,84,51
IG1 2PQ,112,61,51,31
IG1 2PW,152,72,80,41
IG1 2PZ,148,69,79,56
IG1 2QA,34,22,12,17
IG1 2QB,216,97,119,66
IG1 2QD,149,84,65,66
IG1 2QE,80,31,49,54
IG1 2QF,146,85,61,39
IG1 2QG,128,69,59,28
IG1 2QH,82,49,33,26
IG1 2QJ,64,37,27,18
IG1 2QL,142,72,70,42
IG1 2QN,126,66,60,34
IG1 2QQ,116,41,75,33
IG1 2QW,134,70,64,36
IG1 2RB,21,12,9,10
IG1 2RE,78,33,45,33
IG1 2RG,63,32,31,22
IG1 2RH,35,19,16,15
IG1 2RJ,31,16,15,9
IG1 2RL,104,46,58,39
IG1 2RN,21,13,8,8
IG1 2RP,28,14,14,6
IG1 2RR,25,16,9,8
IG1 2RT,12,6,6,3
IG1 2RU,26,19,7,8
IG1 2RZ,26,14,12,10
IG1 2SA,29,16,13,7
IG1 2SB,20,14,6,7
IG1 2SD,37,20,17,12
IG1 2SE,46,26,20,21
IG1 2SF,17,10,7,5
IG1 2SG,80,44,36,36
IG1 2SH,23,13,10,8
IG1 2SJ,44,26,18,11
IG1 2SL,31,20,11,8
IG1 2SN,36,22,14,12
IG1 2SP,10,5,5,4
IG1 2SQ,72,38,34,36
IG1 2SR,131,55,76,30
IG1 2SU,18,10,8,7
IG1 2SW,99,49,50,31
IG1 2SX,228,111,117,53
IG1 2SY,284,152,132,65
IG1 2SZ,103,57,46,33
IG1 2TA,100,51,49,37
IG1 2TB,139,76,63,37
IG1 2TD,137,72,65,31
IG1 2TE,98,50,48,30
IG1 2TF,116,53,63,37
IG1 2TG,162,77,85,50
IG1 2TH,128,53,75,32
IG1 2TJ,88,46,42,25
IG1 2TL,95,55,40,29
IG1 2TN,115,48,67,29
IG1 2TP,160,94,66,44
IG1 2TQ,9,4,5,5
IG1 2TR,178,85,93,46
IG1 2TS,113,53,60,34
IG1 2TT,219,112,107,53
IG1 2TU,131,68,63,35
IG1 2TW,123,60,63,30
IG1 2TX,125,66,59,30
IG1 2UA,34,13,21,19
IG1 2UD,161,76,85,45
IG1 2UE,41,24,17,13
IG1 2UF,79,47,32,22
IG1 2UG,170,81,89,46
IG1 2UH,107,51,56,31
IG1 2UJ,90,43,47,28
IG1 2UL,119,55,64,30
IG1 2UN,179,102,77,52
IG1 2UP,157,79,78,43
IG1 2UQ,150,78,72,40
IG1 2UR,29,14,15,11
IG1 2UT,7,5,2,3
IG1 2UU,92,41,51,26
IG1 2UW,136,69,67,41
IG1 2UX,91,45,46,26
IG1 2UY,179,85,94,47
IG1 2UZ,29,17,12,9
IG1 2XA,130,65,65,40
IG1 2XB,42,19,23,14
IG1 2XD,51,32,19,13
IG1 2XE,4,3,1,3
IG1 2XF,30,14,16,10
IG1 2XG,52,30,22,18
IG1 2XH,48,20,28,18
IG1 2XL,89,49,40,26
IG1 2XN,30,8,22,9
IG1 2XP,76,32,44,18
IG1 2XR,67,31,36,18
IG1 2XS,49,25,24,16
IG1 2XT,60,34,26,20
IG1 2XW,92,37,55,20
IG1 3AA,14,11,3,4
IG1 3AB,15,8,7,13
IG1 3AD,105,65,40,33
IG1 3AE,46,25,21,15
IG1 3AF,137,68,69,48
IG1 3AH,130,68,62,54
IG1 3AJ,158,91,67,58
IG1 3AL,61,41,20,23
IG1 3AP,196,98,98,79
IG1 3AQ,74,44,30,21
IG1 3AW,242,131,111,77
IG1 3AZ,130,67,63,57
IG1 3BA,80,46,34,36
IG1 3BB,119,66,53,58
IG1 3BD,120,57,63,55
IG1 3BE,89,43,46,21
IG1 3BF,12,4,8,10
IG1 3BG,152,79,73,62
IG1 3BH,76,35,41,33
IG1 3BJ,123,68,55,53
IG1 3BL,63,32,31,18
IG1 3BN,18,8,10,6
IG1 3BP,219,108,111,86
IG1 3BQ,75,40,35,31
IG1 3BS,119,64,55,56
IG1 3BW,177,98,79,57
IG1 3DB,102,60,42,34
IG1 3DD,163,84,79,49
IG1 3DE,155,75,80,62
IG1 3DF,179,85,94,51
IG1 3DG,123,62,61,39
IG1 3DH,151,85,66,44
IG1 3DJ,171,89,82,54
IG1 3DL,160,89,71,41
IG1 3DN,122,67,55,47
IG1 3DP,77,38,39,31
IG1 3DQ,140,78,62,34
IG1 3DR,140,71,69,39
IG1 3DW,153,90,63,48
IG1 3EA,173,94,79,53
IG1 3EB,150,72,78,54
IG1 3ED,130,67,63,46
IG1 3EE,118,63,55,33
IG1 3EF,88,42,46,33
IG1 3EG,184,90,94,46
IG1 3EH,127,70,57,43
IG1 3EJ,155,94,61,58
IG1 3EL,157,83,74,59
IG1 3EN,98,56,42,25
IG1 3EQ,140,80,60,51
IG1 3EX,26,17,9,9
IG1 3EY,31,22,9,15
IG1 3EZ,46,28,18,15
IG1 3HA,17,7,10,6
IG1 3HB,31,15,16,16
IG1 3HD,44,22,22,17
IG1 3HE,15,9,6,7
IG1 3HF,26,16,10,9
IG1 3HG,59,34,25,20
IG1 3HH,55,32,23,16
IG1 3HQ,124,65,59,34
IG1 3HT,51,22,29,14
IG1 3HU,44,28,16,18
IG1 3HX,31,12,19,17
IG1 3HY,36,23,13,14
IG1 3HZ,70,34,36,24
IG1 3JA,11,3,8,4
IG1 3JB,26,14,12,7
IG1 3JD,21,13,8,7
IG1 3JE,14,9,5,4
IG1 3JF,34,18,16,7
IG1 3JG,19,11,8,7
IG1 3JH,46,20,26,11
IG1 3JJ,156,80,76,49
IG1 3JL,214,105,109,60
IG1 3JN,158,85,73,50
IG1 3JP,81,39,42,27
IG1 3JQ,25,14,11,4
IG1 3JR,171,83,88,55
IG1 3JS,44,25,19,40
IG1 3JW,120,62,58,38
IG1 3LA,106,53,53,29
IG1 3LB,76,37,39,21
IG1 3LD,168,78,90,46
IG1 3LE,48,23,25,11
IG1 3LF,64,28,36,19
IG1 3LG,33,13,20,13
IG1 3LH,170,85,85,49
IG1 3LJ,138,63,75,44
IG1 3LL,53,26,27,17
IG1 3LN,157,73,84,50
IG1 3LP,131,75,56,43
IG1 3LQ,221,119,102,70
IG1 3LZ,94,47,47,27
IG1 3NA,137,66,71,36
IG1 3NB,97,52,45,27
IG1 3ND,101,50,51,28
IG1 3NE,45,21,24,14
IG1 3NF,118,65,53,37
IG1 3NG,171,80,91,46
IG1 3NH,38,21,17,12
IG1 3NJ,90,41,49,23
IG1 3NL,55,30,25,14
IG1 3NN,19,9,10,6
IG1 3NP,18,5,13,4
IG1 3NQ,24,13,11,8
IG1 3NW,33,14,19,12
IG1 3NZ,86,41,45,31
IG1 3PA,82,34,48,26
IG1 3PB,60,28,32,18
IG1 3PD,84,41,43,24
IG1 3PE,138,71,67,45
IG1 3PF,120,59,61,43
IG1 3PG,122,55,67,29
IG1 3PH,22,10,12,11
IG1 3PJ,62,31,31,16
IG1 3PL,24,14,10,7
IG1 3PN,84,38,46,26
IG1 3PP,25,8,17,9
IG1 3PQ,150,81,69,42
IG1 3PR,25,14,11,7
IG1 3PS,16,9,7,4
IG1 3PW,29,13,16,9
IG1 3QA,29,14,15,23
IG1 3QB,147,65,82,46
IG1 3QD,108,59,49,31
IG1 3QE,116,56,60,34
IG1 3QF,60,25,35,19
IG1 3QG,123,70,53,36
IG1 3QH,80,36,44,21
IG1 3QJ,127,75,52,37
IG1 3QL,85,40,45,26
IG1 3QN,95,47,48,27
IG1 3QP,54,27,27,21
IG1 3QQ,118,69,49,34
IG1 3QR,45,25,20,15
IG1 3QS,8,3,5,2
IG1 3QT,85,38,47,29
IG1 3QW,4,3,1,2
IG1 3RD,14,5,9,4
IG1 3RG,24,15,9,11
IG1 3RH,36,16,20,11
IG1 3RJ,34,19,15,9
IG1 3RL,68,59,9,24
IG1 3RN,69,47,22,22
IG1 3RR,159,98,61,64
IG1 3RS,102,54,48,28
IG1 3RW,43,26,17,11
IG1 3RZ,80,51,29,27
IG1 3SB,92,60,32,28
IG1 3SD,83,48,35,26
IG1 3SE,98,49,49,25
IG1 3SF,133,68,65,35
IG1 3SG,72,29,43,17
IG1 3SH,156,71,85,40
IG1 3SJ,46,27,19,16
IG1 3SL,93,51,42,29
IG1 3SN,56,26,30,18
IG1 3SP,106,51,55,36
IG1 3SQ,29,18,11,23
IG1 3SS,33,21,12,6
IG1 3ST,67,37,30,26
IG1 3SU,22,11,11,14
IG1 3SW,63,33,30,14
IG1 3SX,102,44,58,32
IG1 3SY,127,64,63,36
IG1 3TG,165,76,89,45
IG1 3TH,88,46,42,25
IG1 3TJ,64,33,31,21
IG1 3TL,62,36,26,21
IG1 3TN,81,48,33,23
IG1 3TP,66,33,33,21
IG1 3TQ,97,48,49,28
IG1 3TR,170,89,81,49
IG1 3TS,100,43,57,29
IG1 3TT,254,138,116,69
IG1 3TU,41,22,19,14
IG1 3TW,91,47,44,23
IG1 3TX,51,35,16,12
IG1 3TY,85,42,43,24
IG1 3TZ,19,14,5,4
IG1 3UA,48,22,26,11
IG1 3UB,9,7,2,0
IG1 4AA,53,26,27,22
IG1 4AB,69,35,34,19
IG1 4AD,97,54,43,24
IG1 4AE,36,18,18,10
IG1 4AF,68,40,28,20
IG1 4AG,84,41,43,22
IG1 4AH,89,43,46,25
IG1 4AJ,121,65,56,27
IG1 4AL,80,41,39,22
IG1 4AN,61,36,25,22
IG1 4AP,50,22,28,14
IG1 4AR,169,81,88,44
IG1 4AS,40,27,13,14
IG1 4AT,146,67,79,39
IG1 4AU,62,31,31,15
IG1 4AX,71,33,38,23
IG1 4AZ,209,106,103,79
IG1 4BA,83,45,38,25
IG1 4BB,68,31,37,23
IG1 4BD,81,39,42,23
IG1 4BE,60,29,31,17
IG1 4BF,129,57,72,37
IG1 4BG,94,46,48,34
IG1 4BH,85,43,42,31
IG1 4BL,130,73,57,41
IG1 4BN,95,48,47,28
IG1 4BP,130,65,65,41
IG1 4BQ,23,10,13,11
IG1 4BS,1,0,1,1
IG1 4BT,83,48,35,31
IG1 4BW,51,25,26,24
IG1 4BX,114,66,48,37
IG1 4DA,89,46,43,29
IG1 4DB,72,36,36,27
IG1 4DE,175,91,84,60
IG1 4DF,128,56,72,52
IG1 4DL,4,2,2,1
IG1 4DW,4,2,2,1
IG1 4EJ,17,5,12,13
IG1 4EQ,73,32,41,54
IG1 4EU,164,82,82,43
IG1 4EW,56,14,42,48
IG1 4EX,157,78,79,49
IG1 4EY,146,80,66,42
IG1 4EZ,165,89,76,44
IG1 4FE,101,48,53,40
IG1 4GF,74,42,32,28
IG1 4GS,125,70,55,35
IG1 4GZ,172,83,89,63
IG1 4HA,200,90,110,52
IG1 4HB,174,85,89,45
IG1 4HD,164,78,86,44
IG1 4HE,151,73,78,43
IG1 4HF,132,58,74,38
IG1 4HG,156,82,74,43
IG1 4HP,77,49,28,34
IG1 4HR,105,48,57,45
IG1 4HS,66,28,38,18
IG1 4HU,156,78,78,43
IG1 4HX,102,57,45,30
IG1 4HY,12,7,5,5
IG1 4HZ,116,57,59,38
IG1 4JA,141,69,72,35
IG1 4JB,127,64,63,35
IG1 4JD,68,41,27,20
IG1 4JE,32,14,18,11
IG1 4JF,33,20,13,15
IG1 4JG,154,73,81,48
IG1 4JT,37,22,15,14
IG1 4JU,35,14,21,14
IG1 4JX,121,60,61,42
IG1 4JY,25,10,15,8
IG1 4JZ,167,85,82,52
IG1 4LA,135,72,63,38
IG1 4LB,145,73,72,53
IG1 4LD,55,27,28,16
IG1 4LE,137,68,69,45
IG1 4LF,129,62,67,40
IG1 4LG,49,27,22,14
IG1 4LJ,185,101,84,61
IG1 4LL,119,64,55,33
IG1 4LN,120,57,63,37
IG1 4LQ,4,3,1,2
IG1 4LW,16,10,6,3
IG1 4LX,8,6,2,7
IG1 4LZ,11,8,3,4
IG1 4NH,18,13,5,6
IG1 4NW,57,41,16,25
IG1 4PA,27,14,13,10
IG1 4PG,13,8,5,4
IG1 4PT,16,8,8,4
IG1 4QR,138,74,64,67
IG1 4QT,179,84,95,57
IG1 4QU,12,7,5,5
IG1 4QX,57,24,33,22
IG1 4QY,143,69,74,35
IG1 4QZ,102,47,55,26
IG1 4RA,88,41,47,27
IG1 4RB,51,25,26,17
IG1 4RD,84,36,48,35
IG1 4RE,111,51,60,31
IG1 4RF,158,75,83,53
IG1 4RG,186,97,89,51
IG1 4RH,171,79,92,48
IG1 4RQ,159,76,83,43
IG1 4RS,134,63,71,47
IG1 4RT,65,30,35,31
IG1 4RU,6,4,2,4
IG1 4RX,184,93,91,60
IG1 4RY,194,94,100,61
IG1 4RZ,154,73,81,54
IG1 4SA,172,89,83,66
IG1 4SB,3,1,2,1
IG1 4SD,106,54,52,27
IG1 4SE,115,57,58,40
IG1 4SF,88,51,37,30
IG1 4SG,72,39,33,25
IG1 4SH,148,65,83,53
IG1 4SJ,38,21,17,14
IG1 4SL,94,44,50,28
IG1 4SP,63,31,32,16
IG1 4SQ,163,81,82,52
IG1 4SR,89,45,44,26
IG1 4SS,48,19,29,12
IG1 4ST,16,7,9,3
IG1 4TA,7,4,3,5
IG1 4TD,21,16,5,10
IG1 4TG,20,10,10,9
IG1 4TL,3,2,1,1
IG1 4TS,21,11,10,7
IG1 4TT,66,32,34,21
IG1 4TU,66,27,39,19
IG1 4TX,37,16,21,12
IG1 4UA,17,9,8,13
IG1 4UD,30,17,13,7
IG1 4UE,22,11,11,6
IG1 4UF,42,23,19,8
IG1 4UG,40,25,15,13
IG1 4UH,39,18,21,10
IG1 4UL,18,10,8,2
IG1 4UN,19,7,12,7
IG1 4UQ,29,18,11,14
IG1 4UR,92,40,52,32
IG1 4UT,36,17,19,11
IG1 4UU,27,15,12,7
IG1 4UW,28,14,14,9
IG1 4UX,24,14,10,8
IG1 4UY,27,13,14,8
IG1 4UZ,54,27,27,14
IG1 4XA,66,27,39,20
IG1 4XB,15,9,6,4
IG1 4XE,51,26,25,12
IG1 4XF,65,35,30,19
IG101AD,17,8,9,7
IG101AE,5,3,2,2
IG101AF,90,49,41,33
IG101AG,36,19,17,14
IG101AH,1,1,0,1
IG101AL,29,17,12,14
IG101AN,60,28,32,21
IG101AQ,68,27,41,34
IG101BA,7,3,4,2
IG101BB,13,8,5,6
IG101BF,75,37,38,34
IG101BH,3,3,0,2
IG101BJ,8,5,3,3
IG101BL,64,30,34,30
IG101BN,53,28,25,18
IG101BP,18,9,9,6
IG101BS,111,48,63,32
IG101BT,94,45,49,29
IG101BU,53,27,26,18
IG101BW,71,35,36,24
IG101BX,45,20,25,18
IG101BY,37,19,18,14
IG101BZ,97,51,46,33
IG101DA,81,41,40,28
IG101DF,11,5,6,6
IG101DN,13,6,7,10
IG101DX,18,10,8,11
IG101DZ,3,2,1,2
IG101EA,38,21,17,20
IG101EB,10,4,6,6
IG101ED,14,9,5,6
IG101EE,44,17,27,26
IG101EF,71,32,39,39
IG101EG,55,20,35,35
IG101EQ,45,17,28,26
IG101ET,3,1,2,2
IG101EZ,2,1,1,2
IG101HA,2,1,1,2
IG101HB,74,40,34,26
IG101HE,93,44,49,33
IG101HF,86,43,43,34
IG101HG,53,25,28,20
IG101HH,22,9,13,7
IG101HJ,62,31,31,20
IG101HL,46,21,25,21
IG101HN,69,33,36,32
IG101HP,22,9,13,10
IG101HQ,64,33,31,24
IG101HR,75,36,39,30
IG101HS,18,6,12,9
IG101HT,8,4,4,5
IG101HU,9,4,5,5
IG101HX,33,14,19,12
IG101HY,1,0,1,1
IG101HZ,52,30,22,21
IG101JA,25,15,10,8
IG101JB,39,18,21,13
IG101JD,8,5,3,3
IG101JE,9,5,4,3
IG101JF,6,3,3,4
IG101JG,37,18,19,16
IG101JQ,6,2,4,2
IG101LA,27,13,14,15
IG101LB,70,37,33,37
IG101LH,8,5,3,3
IG101LJ,21,9,12,9
IG101LL,3,1,2,3
IG101LN,24,10,14,12
IG101LP,101,55,46,31
IG101LQ,43,26,17,17
IG101LR,125,55,70,43
IG101LS,68,32,36,22
IG101LT,133,70,63,43
IG101LU,13,6,7,7
IG101LW,76,37,39,26
IG101LX,7,4,3,4
IG101NH,92,45,47,34
IG101NJ,24,14,10,8
IG101NL,32,15,17,12
IG101NN,4,2,2,2
IG101NP,15,6,9,5
IG101NQ,91,44,47,28
IG101NR,6,5,1,2
IG101NS,14,8,6,5
IG101NT,26,12,14,9
IG101NU,12,5,7,4
IG101NW,18,9,9,5
IG101NX,37,18,19,14
IG101NY,72,37,35,19
IG101NZ,48,22,26,21
IG101PA,56,29,27,17
IG101PB,56,28,28,16
IG101PD,89,49,40,25
IG101PE,20,6,14,16
IG101PF,31,9,22,6
IG101PR,67,33,34,52
IG101PS,70,34,36,53
IG101PT,51,31,20,19
IG101PU,78,35,43,28
IG101PW,10,4,6,3
IG101PX,130,67,63,45
IG101PY,58,25,33,22
IG101PZ,62,29,33,21
IG101QA,35,12,23,14
IG101QB,69,36,33,21
IG101QD,77,43,34,27
IG101QE,96,46,50,30
IG101QN,12,5,7,4
IG101QP,87,39,48,32
IG101QR,23,9,14,6
IG101RB,56,36,20,29
IG101RJ,13,6,7,7
IG101RL,26,14,12,12
IG101RN,81,37,44,36
IG101RP,1,1,0,1
IG101RR,133,66,67,57
IG101RS,99,48,51,37
IG101RT,20,9,11,7
IG101RU,30,14,16,12
IG101RW,33,11,22,20
IG101RX,16,7,9,9
IG101RZ,79,41,38,30
IG101SA,17,10,7,6
IG101SB,31,17,14,13
IG101SD,27,10,17,13
IG101SE,19,9,10,5
IG101SF,68,34,34,29
IG101SH,85,45,40,39
IG101SJ,34,16,18,19
IG101SL,24,9,15,10
IG101SN,39,21,18,15
IG101SP,20,12,8,10
IG101SQ,22,15,7,8
IG101SU,20,10,10,18
IG101SW,65,29,36,27
IG101SZ,32,16,16,13
IG101TA,19,10,9,8
IG101TB,20,11,9,6
IG101TD,46,22,24,13
IG101TE,1,0,1,1
IG101TF,3,1,2,2
IG101TG,87,46,41,34
IG101TH,89,43,46,31
IG101TJ,135,55,80,53
IG101TL,30,16,14,14
IG101TN,33,14,19,17
IG101TP,34,18,16,12
IG101TR,42,21,21,16
IG101TS,157,78,79,57
IG101TT,35,15,20,12
IG101TU,135,63,72,52
IG101TW,73,35,38,23
IG101TX,37,14,23,9
IG101TZ,18,10,8,7
IG101UB,31,15,16,10
IG102AA,67,40,27,21
IG102AB,64,29,35,20
IG102AD,105,60,45,36
IG102AE,71,29,42,25
IG102AF,25,6,19,12
IG102AG,22,12,10,9
IG102AH,16,9,7,7
IG102AJ,40,19,21,32
IG102AL,49,31,18,28
IG102AN,93,40,53,37
IG102AP,38,15,23,15
IG102AQ,45,21,24,21
IG102AR,15,9,6,8
IG102AS,105,41,64,49
IG102AT,49,29,20,20
IG102AU,37,17,20,17
IG102AW,20,9,11,8
IG102AX,114,58,56,61
IG102AY,43,22,21,26
IG102AZ,11,5,6,11
IG102BA,63,31,32,31
IG102BB,48,11,37,46
IG102BP,27,9,18,10
IG102BQ,2,2,0,1
IG102BS,71,36,35,37
IG102BT,33,19,14,13
IG102BU,17,11,6,8
IG102BW,41,18,23,21
IG102BX,71,39,32,34
IG102BY,25,10,15,16
IG102BZ,11,6,5,6
IG102DA,62,30,32,34
IG102DB,110,50,60,39
IG102DD,136,68,68,56
IG102DE,95,48,47,45
IG102DG,48,21,27,23
IG102DH,72,32,40,25
IG102DL,97,51,46,23
IG102DQ,103,49,54,39
IG102DU,33,15,18,10
IG102DX,82,43,39,34
IG102DY,124,62,62,61
IG102EA,71,35,36,39
IG102EB,67,38,29,28
IG102ED,36,16,20,15
IG102EE,40,16,24,15
IG102EF,46,20,26,23
IG102EG,25,13,12,12
IG102EH,11,5,6,7
IG102EL,52,17,35,25
IG102EN,14,6,8,6
IG102EP,38,20,18,28
IG102EQ,74,36,38,32
IG102ER,53,27,26,28
IG102ES,28,13,15,13
IG102ET,23,10,13,11
IG102EU,130,63,67,54
IG102EW,63,31,32,30
IG102EX,61,30,31,23
IG102GE,5,2,3,3
IG102HE,86,48,38,53
IG102HF,75,39,36,51
IG102HG,66,36,30,34
IG102HH,57,30,27,20
IG102HJ,85,46,39,32
IG102HL,25,11,14,10
IG102HN,94,49,45,35
IG102HP,108,56,52,38
IG102HQ,45,24,21,19
IG102HS,78,40,38,28
IG102HT,48,23,25,21
IG102HU,36,20,16,12
IG102HW,14,7,7,8
IG102HX,1,1,0,1
IG102HY,50,24,26,20
IG102HZ,29,13,16,12
IG102JA,38,17,21,16
IG102JB,19,11,8,8
IG102JD,97,41,56,36
IG102JE,45,17,28,28
IG102JF,104,47,57,51
IG102JG,37,19,18,14
IG102JH,16,9,7,7
IG102JS,37,16,21,14
IG102JT,38,19,19,15
IG102JU,6,1,5,6
IG102JW,6,2,4,3
IG102JX,87,39,48,31
IG102JY,61,28,33,18
IG102JZ,67,35,32,26
IG102LA,68,35,33,24
IG102LB,91,53,38,28
IG102LD,8,3,5,2
IG102LE,100,43,57,43
IG102LF,17,4,13,12
IG102LG,66,36,30,18
IG102LH,22,9,13,10
IG102LJ,76,40,36,31
IG102LL,58,27,31,22
IG102LN,25,14,11,8
IG102LP,25,7,18,10
IG102LQ,85,36,49,34
IG102LR,50,25,25,21
IG102LT,74,35,39,22
IG102LU,17,9,8,8
IG102LW,20,11,9,8
IG102LX,26,12,14,8
IG102LY,93,50,43,38
IG102LZ,59,27,32,33
IG102NA,82,49,33,49
IG102NB,129,69,60,61
IG102NE,90,43,47,41
IG102NG,65,35,30,32
IG102NH,106,50,56,50
IG102NL,39,20,19,16
IG102NN,38,13,25,15
IG102NP,41,23,18,14
IG102NR,8,3,5,3
IG102NS,74,33,41,32
IG102NT,48,26,22,17
IG102NU,23,11,12,14
IG102NW,147,66,81,58
IG102NX,2,2,0,1
IG102NY,34,16,18,13
IG102NZ,5,3,2,2
IG102PA,44,16,28,24
IG102PB,37,15,22,10
IG102PD,24,8,16,12
IG102PG,49,24,25,20
IG102PH,25,11,14,9
IG102PJ,9,2,7,3
IG102PN,15,9,6,9
IG102PP,111,52,59,57
IG102PR,94,48,46,48
IG102PS,156,78,78,60
IG102PT,31,18,13,15
IG102PU,82,39,43,34
IG102PW,23,14,9,8
IG102PX,59,21,38,26
IG102PY,54,33,21,39
IG102PZ,54,31,23,27
IG102QH,53,26,27,34
IG102QJ,46,23,23,13
IG102QL,104,58,46,40
IG102QN,127,59,68,50
IG102QP,45,23,22,21
IG102QQ,118,55,63,39
IG102QR,103,47,56,41
IG102QS,37,17,20,14
IG102QT,14,5,9,7
IG102QU,11,3,8,7
IG102QW,19,8,11,9
IG102QX,59,26,33,24
IG102RD,38,10,28,37
IG102RE,117,58,59,31
IG102RS,36,21,15,16
IG102RT,34,14,20,18
IG102RU,31,14,17,10
IG102RW,6,4,2,3
IG102RX,10,4,6,6
IG102RY,2,1,1,1
IG102RZ,53,26,27,18
IG102SA,78,40,38,33
IG102SB,114,58,56,42
IG102SD,3,2,1,2
IG102SE,21,12,9,7
IG102SF,40,20,20,16
IG102SG,51,26,25,17
IG102SL,16,7,9,9
IG102SN,21,11,10,9
IG102SQ,26,11,15,10
IG102SW,6,2,4,6
IG103AA,4,2,2,4
IG103AB,51,21,30,31
IG103AD,63,32,31,25
IG103AE,62,38,24,22
IG103AF,51,23,28,21
IG103AG,43,25,18,18
IG103AH,51,26,25,20
IG103AJ,64,25,39,23
IG103AL,50,21,29,20
IG103AN,35,18,17,13
IG103AP,106,46,60,42
IG103AQ,45,20,25,16
IG103AR,66,30,36,32
IG103AS,52,27,25,18
IG103AT,69,34,35,30
IG103AU,37,20,17,18
IG103AW,58,26,32,27
IG103AX,23,9,14,11
IG103AY,22,11,11,11
IG103AZ,37,19,18,18
IG103BA,63,28,35,25
IG103BB,78,38,40,32
IG103BD,40,17,23,16
IG103BE,20,10,10,15
IG103BF,26,12,14,15
IG103BG,128,61,67,52
IG103BH,64,32,32,35
IG103BQ,61,33,28,24
IG103BS,155,75,80,59
IG103BT,7,4,3,4
IG103BU,131,60,71,44
IG103BX,132,63,69,53
IG103BY,49,19,30,17
IG103BZ,68,31,37,32
IG103DA,13,8,5,7
IG103DB,53,21,32,28
IG103DD,46,25,21,18
IG103DE,121,50,71,47
IG103DF,34,19,15,14
IG103DG,24,12,12,10
IG103DH,20,8,12,9
IG103DJ,111,56,55,40
IG103DL,90,49,41,30
IG103DN,151,74,77,58
IG103DP,31,17,14,9
IG103DQ,61,27,34,26
IG103DW,33,14,19,14
IG103ED,60,29,31,23
IG103EF,52,27,25,21
IG103EG,87,46,41,32
IG103EH,106,56,50,37
IG103EJ,51,28,23,21
IG103EN,7,4,3,3
IG103EP,50,25,25,20
IG103EQ,86,43,43,28
IG103ER,66,31,35,32
IG103ES,22,11,11,9
IG103ET,55,20,35,22
IG103EU,96,41,55,49
IG103EW,133,61,72,54
IG103EX,10,5,5,4
IG103EY,53,24,29,32
IG103EZ,47,23,24,16
IG103FD,78,39,39,40
IG103FF,104,47,57,38
IG103FJ,170,72,98,57
IG103GT,57,20,37,16
IG103HA,38,16,22,18
IG103HB,15,4,11,9
IG103HD,12,6,6,6
IG103HE,55,27,28,20
IG103HF,77,35,42,33
IG103HG,31,17,14,16
IG103HH,67,34,33,26
IG103HJ,1,0,1,1
IG103HL,32,14,18,15
IG103HN,3,2,1,2
IG103HP,38,18,20,14
IG103HQ,49,23,26,16
IG103HS,132,65,67,55
IG103HT,121,63,58,42
IG103HU,60,30,30,25
IG103HZ,2,1,1,1
IG103JB,118,59,59,29
IG103JD,106,48,58,33
IG103JE,18,7,11,5
IG103JF,61,26,35,21
IG103JG,41,22,19,12
IG103JH,68,40,28,22
IG103JJ,35,20,15,15
IG103JL,24,8,16,12
IG103JN,104,55,49,35
IG103JP,38,21,17,15
IG103JQ,75,39,36,27
IG103JR,36,20,16,22
IG103JS,45,25,20,12
IG103JT,29,12,17,12
IG103JU,31,12,19,12
IG103JW,155,75,80,53
IG103LG,94,44,50,34
IG103LH,92,46,46,38
IG103LJ,92,49,43,34
IG103LL,81,34,47,38
IG103LN,71,26,45,44
IG103LP,35,16,19,25
IG103LQ,57,31,26,21
IG103LR,72,35,37,31
IG103LS,73,37,36,31
IG103LT,53,26,27,30
IG103LU,71,33,38,38
IG103LW,41,19,22,16
IG103LX,87,35,52,37
IG103LY,89,44,45,36
IG103LZ,55,28,27,44
IG103NA,82,31,51,36
IG103NB,73,37,36,31
IG103ND,89,41,48,44
IG103NG,20,8,12,7
IG103NH,103,34,69,50
IG103NJ,21,10,11,8
IG103NL,20,9,11,9
IG103NN,54,25,29,17
IG103NP,17,9,8,5
IG103NQ,105,45,60,36
IG103NR,13,6,7,7
IG103NS,12,4,8,9
IG103NT,47,24,23,21
IG103NU,34,14,20,11
IG103NW,13,6,7,5
IG103NY,5,2,3,3
IG103PD,95,50,45,44
IG103PE,16,7,9,9
IG103PF,32,13,19,14
IG103PG,52,26,26,25
IG103PH,48,22,26,17
IG103PJ,57,26,31,20
IG103PL,45,16,29,14
IG103PN,38,22,16,12
IG103PP,60,28,32,29
IG103PR,100,50,50,36
IG103PS,72,33,39,27
IG103PT,52,19,33,21
IG103PU,46,23,23,18
IG103PW,22,12,10,6
IG103PX,12,8,4,5
IG103PY,77,36,41,31
IG103PZ,41,20,21,18
IG103QA,22,7,15,8
IG103QB,117,45,72,42
IG103QD,121,54,67,57
IG103QE,62,32,30,30
IG103QF,49,26,23,28
IG103QQ,56,24,32,24
IG103QT,43,22,21,19
IG103QU,44,21,23,26
IG103QX,36,19,17,12
IG103QY,14,11,3,8
IG103QZ,47,19,28,18
IG103RA,29,15,14,12
IG103RB,44,21,23,25
IG103RE,42,20,22,20
IG103RF,84,42,42,27
IG103RG,36,17,19,13
IG103RH,14,6,8,7
IG103RJ,115,53,62,44
IG103RL,77,30,47,31
IG103RN,20,12,8,8
IG103RP,33,16,17,14
IG103RQ,7,3,4,4
IG103RR,56,27,29,19
IG103RS,25,14,11,11
IG103RT,11,7,4,4
IG103RU,14,3,11,0
IG103RW,18,9,9,11
IG103RZ,9,4,5,4
IG103SB,52,27,25,23
IG103SE,34,21,13,27
IG103SP,51,21,30,17
IG103SS,31,17,14,12
IG103ST,6,5,1,2
IG103SX,98,47,51,36
IG103SY,88,36,52,38
IG103TA,85,35,50,66
IG103TB,94,46,48,40
IG103TD,82,38,44,63
IG103TE,61,28,33,17
IG103TF,53,27,26,25
IG103TP,2,1,1,1
IG103TT,52,24,28,26
IG103TU,78,39,39,37
IG103TX,77,34,43,44
IG103TY,99,44,55,37
IG103UA,88,51,37,48
IG104AA,7,2,5,3
IG104AB,11,6,5,5
IG104AD,43,19,24,15
IG104AE,8,4,4,2
IG104AF,5,1,4,2
IG104AG,15,11,4,5
IG104AH,64,32,32,29
IG104AJ,24,12,12,9
IG104AL,61,35,26,30
IG104AP,77,38,39,31
IG104AQ,29,17,12,12
IG104AW,61,30,31,41
IG104BE,5,4,1,2
IG104BL,80,42,38,36
IG104BN,81,42,39,31
IG104BP,64,29,35,33
IG104BS,67,31,36,33
IG104BT,16,8,8,8
IG104BU,68,29,39,36
IG104BW,46,19,27,21
IG104BX,45,23,22,24
IG104DG,18,9,9,6
IG104DL,8,4,4,5
IG104DN,5,4,1,5
IG104DP,52,25,27,21
IG104DS,41,16,25,11
IG104DU,39,23,16,12
IG104DW,94,51,43,34
IG104DX,65,35,30,25
IG104DY,22,10,12,8
IG104DZ,11,5,6,3
IG104EA,13,8,5,3
IG104EB,29,16,13,12
IG104ED,7,4,3,3
IG104EE,63,31,32,26
IG104EF,22,13,9,10
IG104EG,35,17,18,12
IG104EH,13,8,5,4
IG104EL,12,7,5,7
IG104EN,31,16,15,12
IG104EQ,63,31,32,24
IG104ES,63,31,32,23
IG104ET,102,47,55,40
IG104EW,35,20,15,13
IG104EY,22,11,11,10
IG104EZ,24,11,13,14
IG104HH,10,7,3,9
IG104HX,101,49,52,41
IG104HY,96,47,49,37
IG104JA,11,6,5,6
IG104JD,13,5,8,4
IG104JE,57,32,25,29
IG104JF,49,26,23,19
IG104JG,97,46,51,32
IG104JH,26,12,14,16
IG104JJ,24,12,12,9
IG104JQ,9,4,5,4
IG104LF,9,5,4,5
IG104LG,1,1,0,1
IG104LT,16,9,7,5
IG104NA,89,43,46,32
IG104NB,65,31,34,28
IG104ND,34,14,20,10
IG104NE,88,43,45,36
IG104NF,23,11,12,6
IG104NG,97,53,44,36
IG104NH,36,16,20,24
IG104NJ,22,7,15,14
IG104NL,20,9,11,14
IG104NP,13,8,5,6
IG104NQ,9,4,5,4
IG104NX,78,36,42,22
IG104NZ,31,19,12,12
IG104PN,24,10,14,9
IG104PP,49,26,23,19
IG104PQ,21,8,13,7
IG104PR,15,6,9,5
IG104PT,69,32,37,22
IG104PU,76,39,37,32
IG104PW,21,11,10,7
IG104PX,65,29,36,19
IG104PY,119,67,52,39
IG104PZ,45,23,22,25
IG104QA,31,16,15,12
IG104QB,33,18,15,12
IG104QD,90,47,43,29
IG104QE,106,48,58,33
IG104QG,19,10,9,6
IG104QH,65,27,38,23
IG104QN,25,11,14,11
IG104QP,138,69,69,50
IG104QQ,58,29,29,20
IG104QR,8,4,4,4
IG104QS,24,11,13,11
IG104QT,14,8,6,6
IG104QU,65,23,42,44
IG104QW,80,38,42,33
IG104QX,23,8,15,15
IG104QY,52,24,28,28
IG104QZ,30,16,14,15
IG104RA,71,31,40,19
IG104RB,84,45,39,28
IG104RD,51,25,26,18
IG104RE,29,15,14,12
IG104RF,17,9,8,5
IG104RG,4,2,2,2
IG104RH,23,10,13,9
IG104RJ,14,8,6,5
IG104RL,22,12,10,7
IG104RN,5,3,2,3
IG104RP,37,19,18,14
IG104RQ,13,4,9,4
IG104RS,51,14,37,43
IG104RZ,28,14,14,9
IG110AD,1,1,0,1
IG110AY,3,2,1,2
IG110BH,121,60,61,43
IG110BJ,165,91,74,55
IG110BL,185,92,93,63
IG110BN,108,56,52,31
IG110BQ,87,45,42,23
IG110BW,78,39,39,21
IG110DG,1,1,0,1
IG110EA,2,1,1,1
IG110EG,1,1,0,1
IG110EH,15,4,11,13
IG110ES,39,13,26,37
IG110EY,13,6,7,3
IG110FD,10,4,6,4
IG110FE,10,7,3,6
IG110FF,16,5,11,7
IG110FH,108,47,61,47
IG110GD,25,12,13,11
IG110GE,58,33,25,22
IG110GF,54,29,25,17
IG110GG,65,32,33,23
IG110GH,103,54,49,41
IG110GJ,90,48,42,35
IG110GL,8,3,5,6
IG110GN,57,37,20,20
IG110GP,49,25,24,19
IG110GQ,118,58,60,40
IG110GR,28,11,17,12
IG110GS,34,19,15,12
IG110GT,60,25,35,18
IG110GU,149,71,78,50
IG110GW,71,32,39,22
IG110GX,156,81,75,52
IG110GY,86,48,38,26
IG110GZ,25,13,12,8
IG110HA,52,28,24,16
IG110HF,16,8,8,10
IG110HZ,5,2,3,2
IG110JX,10,4,6,6
IG110JY,132,77,55,41
IG110JZ,63,39,24,48
IG110LA,108,51,57,43
IG110LB,38,20,18,17
IG110LD,50,28,22,23
IG110LE,139,70,69,53
IG110LF,152,77,75,59
IG110LG,1,1,0,1
IG110LH,68,30,38,32
IG110LJ,113,49,64,39
IG110LL,39,22,17,14
IG110LP,29,13,16,10
IG110LQ,21,10,11,7
IG110LR,165,80,85,51
IG110LS,78,42,36,50
IG110LX,191,90,101,64
IG110LY,98,52,46,35
IG110NF,45,21,24,15
IG110NG,95,49,46,38
IG110NH,43,21,22,18
IG110NJ,93,49,44,33
IG110NL,172,83,89,58
IG110NN,73,44,29,41
IG110NP,88,44,44,32
IG110NQ,59,34,25,22
IG110NR,96,45,51,40
IG110NS,104,47,57,38
IG110NU,141,73,68,54
IG110NW,181,89,92,63
IG110NX,56,22,34,24
IG110NY,55,25,30,22
IG110NZ,40,21,19,20
IG110PF,50,23,27,24
IG110PG,173,76,97,53
IG110PH,83,37,46,31
IG110PJ,58,28,30,23
IG110PL,82,31,51,27
IG110PN,86,40,46,35
IG110PP,84,37,47,39
IG110PQ,79,48,31,48
IG110PS,126,62,64,42
IG110PT,114,51,63,40
IG110PU,160,71,89,59
IG110PW,72,36,36,22
IG110PX,31,13,18,12
IG110PY,95,43,52,28
IG110PZ,77,32,45,24
IG110QA,151,68,83,45
IG110QG,48,25,23,23
IG110QH,30,15,15,8
IG110QJ,127,56,71,45
IG110QL,68,32,36,24
IG110QN,52,27,25,15
IG110QQ,46,23,23,14
IG110QX,77,42,35,35
IG110QY,68,38,30,30
IG110QZ,21,13,8,7
IG110RB,180,84,96,60
IG110RD,53,25,28,22
IG110RE,36,17,19,15
IG110RJ,1,1,0,1
IG110SR,2,2,0,1
IG110TY,119,56,63,36
IG110UA,72,36,36,24
IG110UB,40,17,23,15
IG110UD,137,68,69,42
IG110UE,58,27,31,28
IG110UG,40,21,19,12
IG110UH,142,68,74,44
IG110UJ,74,42,32,22
IG110UL,89,51,38,36
IG110UQ,40,17,23,15
IG110XE,21,11,10,7
IG110XG,99,40,59,41
IG110XH,109,47,62,51
IG110XJ,94,41,53,41
IG110XL,97,45,52,31
IG110XN,114,56,58,46
IG110XP,87,53,34,32
IG110XQ,115,50,65,40
IG110XR,136,68,68,45
IG110XS,136,62,74,51
IG110XT,9,4,5,3
IG110XU,21,9,12,11
IG110XW,192,102,90,59
IG110XY,76,30,46,29
IG110XZ,51,21,30,21
IG110YA,46,24,22,22
IG117AB,119,56,63,44
IG117AD,96,46,50,35
IG117AE,75,33,42,29
IG117AF,218,112,106,92
IG117AG,34,14,20,14
IG117AH,37,15,22,15
IG117AJ,102,51,51,31
IG117AL,70,33,37,23
IG117BA,6,6,0,1
IG117BB,106,60,46,52
IG117BD,15,8,7,4
IG117BE,62,31,31,23
IG117BF,47,21,26,22
IG117BH,107,54,53,22
IG117BJ,8,4,4,2
IG117BT,8,6,2,2
IG117BU,57,31,26,23
IG117BX,45,21,24,22
IG117DA,49,22,27,16
IG117DH,75,35,40,29
IG117DJ,20,11,9,8
IG117DL,98,52,46,34
IG117DN,50,29,21,16
IG117DP,69,36,33,29
IG117DS,141,74,67,45
IG117DU,58,31,27,15
IG117DW,41,20,21,20
IG117DX,109,65,44,34
IG117DY,106,57,49,36
IG117DZ,33,20,13,9
IG117EA,122,56,66,34
IG117EB,102,52,50,36
IG117ED,111,56,55,38
IG117EE,142,89,53,51
IG117EF,145,72,73,42
IG117EG,105,53,52,33
IG117EH,116,59,57,39
IG117EJ,88,48,40,32
IG117EL,98,48,50,37
IG117EQ,87,48,39,36
IG117FD,72,43,29,29
IG117FE,39,19,20,18
IG117FF,19,6,13,7
IG117FG,41,24,17,18
IG117FH,15,6,9,7
IG117FJ,51,25,26,13
IG117FL,36,17,19,16
IG117FS,105,50,55,40
IG117GF,87,41,46,34
IG117GH,179,89,90,82
IG117GJ,87,50,37,35
IG117GL,37,19,18,19
IG117GN,110,58,52,47
IG117GP,70,31,39,32
IG117GS,167,101,66,71
IG117GT,151,88,63,64
IG117GU,190,99,91,84
IG117GW,151,72,79,55
IG117HA,57,33,24,24
IG117HS,63,29,34,22
IG117HT,78,39,39,24
IG117HU,70,37,33,24
IG117HX,76,35,41,23
IG117HY,65,37,28,22
IG117HZ,58,29,29,24
IG117JA,314,162,152,113
IG117JB,53,29,24,22
IG117JD,67,36,31,24
IG117JE,74,34,40,24
IG117JF,59,31,28,26
IG117JG,142,79,63,40
IG117JH,71,39,32,25
IG117JJ,64,32,32,23
IG117JL,61,29,32,18
IG117JN,55,31,24,24
IG117JP,132,65,67,50
IG117JQ,53,29,24,21
IG117JR,55,24,31,21
IG117JS,167,84,83,58
IG117JT,138,63,75,56
IG117JU,70,32,38,26
IG117JW,137,63,74,47
IG117JX,117,56,61,38
IG117JY,93,39,54,26
IG117JZ,67,36,31,30
IG117LD,141,74,67,54
IG117LE,100,44,56,39
IG117LF,83,36,47,28
IG117LG,17,7,10,6
IG117LH,2,1,1,1
IG117LJ,41,22,19,18
IG117LP,100,49,51,43
IG117LR,93,45,48,41
IG117LS,4,0,4,2
IG117LZ,44,22,22,21
IG117NB,1,1,0,1
IG117NP,32,22,10,11
IG117NT,21,10,11,13
IG117NX,59,29,30,19
IG117NY,16,7,9,5
IG117PG,21,12,9,10
IG117PJ,45,20,25,24
IG117PL,88,37,51,49
IG117PN,47,29,18,24
IG117PP,28,17,11,21
IG117PQ,86,40,46,24
IG117PR,22,15,7,9
IG117PS,172,96,76,89
IG117PU,20,13,7,12
IG117PW,36,10,26,32
IG117PX,136,86,50,69
IG117PY,63,36,27,31
IG117PZ,13,7,6,7
IG117QB,161,95,66,48
IG117QD,172,100,72,53
IG117QE,203,104,99,63
IG117QF,193,96,97,55
IG117QL,121,63,58,47
IG117QN,185,98,87,60
IG117QP,140,74,66,46
IG117QQ,31,15,16,15
IG117QR,88,43,45,31
IG117QS,36,14,22,10
IG117QT,115,56,59,43
IG117QU,94,48,46,31
IG117QW,119,65,54,43
IG117QX,145,69,76,49
IG117QY,101,43,58,42
IG117QZ,136,78,58,42
IG117RA,118,60,58,39
IG117RB,102,43,59,38
IG117RD,115,60,55,37
IG117RE,7,5,2,3
IG117RF,66,36,30,24
IG117RJ,58,29,29,21
IG117RP,50,21,29,17
IG117RR,45,21,24,17
IG117RW,28,17,11,12
IG117SN,55,34,21,26
IG117SP,35,15,20,28
IG117SR,62,33,29,23
IG117SS,103,42,61,34
IG117ST,100,46,54,36
IG117SU,74,43,31,27
IG117SW,102,52,50,42
IG117SX,80,42,38,29
IG117SY,70,46,24,24
IG117SZ,39,17,22,18
IG117TA,39,19,20,14
IG117TD,19,11,8,12
IG117TE,106,55,51,30
IG117TF,108,42,66,33
IG117TG,80,35,45,28
IG117TH,56,33,23,23
IG117TJ,56,25,31,18
IG117TL,34,15,19,13
IG117TN,34,14,20,14
IG117TP,41,14,27,13
IG117TQ,89,41,48,30
IG117TR,39,15,24,19
IG117TS,17,9,8,5
IG117TT,115,63,52,36
IG117TU,87,43,44,35
IG117TW,30,12,18,13
IG117TX,81,41,40,38
IG117TY,62,30,32,26
IG117TZ,15,8,7,7
IG117UA,66,33,33,27
IG117UB,56,25,31,26
IG117UD,9,5,4,4
IG117UE,58,26,32,24
IG117UF,17,8,9,7
IG117UG,21,13,8,14
IG117UH,95,50,45,31
IG117UL,40,20,20,18
IG117UN,33,15,18,12
IG117UP,69,28,41,27
IG117UQ,43,24,19,21
IG117UR,80,41,39,31
IG117UT,75,41,34,24
IG117UU,51,26,25,18
IG117UW,13,7,6,9
IG117UX,77,41,36,26
IG117XA,139,66,73,47
IG117XD,90,47,43,30
IG117XE,194,112,82,50
IG117XF,152,79,73,60
IG117XG,138,66,72,44
IG117XH,93,47,46,34
IG117XJ,92,48,44,29
IG117XL,171,73,98,56
IG117XN,95,47,48,37
IG117XP,22,11,11,9
IG117XQ,38,15,23,14
IG117XR,15,7,8,5
IG117XS,45,23,22,22
IG117XT,87,52,35,37
IG117XU,24,10,14,14
IG117XW,63,31,32,22
IG117XX,16,6,10,10
IG117XY,18,9,9,9
IG117XZ,103,43,60,43
IG117YA,32,15,17,19
IG117YB,32,19,13,11
IG117YD,58,25,33,27
IG117YE,31,12,19,14
IG117YF,33,15,18,12
IG117YG,169,94,75,58
IG117YH,118,58,60,43
IG117YL,62,34,28,28
IG117YQ,121,55,66,38
IG118AF,35,12,23,13
IG118AG,6,4,2,2
IG118AJ,34,22,12,11
IG118AW,4,2,2,1
IG118BQ,106,53,53,40
IG118BS,114,56,58,43
IG118DB,29,20,9,16
IG118DD,109,49,60,34
IG118DN,3,1,2,2
IG118DR,15,13,2,8
IG118DY,2,1,1,1
IG118EB,2,1,1,1
IG118ED,17,14,3,5
IG118EG,18,11,7,4
IG118EJ,8,3,5,3
IG118EN,28,13,15,11
IG118EQ,40,25,15,16
IG118ER,36,21,15,10
IG118EU,10,7,3,4
IG118FL,46,23,23,19
IG118GH,72,37,35,28
IG118GN,87,45,42,63
IG118GR,57,29,28,52
IG118HG,1,1,0,1
IG118JA,4,2,2,1
IG118JD,5,3,2,4
IG118JF,48,24,24,25
IG118JG,131,64,67,36
IG118JH,86,40,46,41
IG118JJ,18,8,10,11
IG118JL,22,9,13,12
IG118JN,34,20,14,13
IG118JP,34,15,19,15
IG118JQ,4,4,0,2
IG118JR,47,23,24,15
IG118JS,120,65,55,33
IG118JT,52,26,26,18
IG118JW,28,18,10,12
IG118JX,166,85,81,64
IG118JY,164,83,81,66
IG118JZ,179,90,89,67
IG118LA,24,13,11,12
IG118LB,162,88,74,67
IG118LD,84,42,42,33
IG118LE,57,24,33,31
IG118LF,90,56,34,34
IG118LG,102,59,43,33
IG118LH,160,95,65,51
IG118LJ,116,58,58,31
IG118LL,97,54,43,40
IG118LN,95,47,48,26
IG118LP,55,31,24,24
IG118LQ,210,108,102,61
IG118LR,43,20,23,18
IG118LS,71,38,33,26
IG118LT,67,35,32,28
IG118LU,57,35,22,23
IG118LW,85,38,47,30
IG118LX,49,22,27,17
IG118LY,78,41,37,25
IG118LZ,78,43,35,26
IG118NA,108,48,60,35
IG118NB,161,90,71,51
IG118ND,38,19,19,11
IG118NE,131,68,63,53
IG118NR,5,4,1,1
IG118NZ,110,58,52,40
IG118PA,12,8,4,6
IG118PE,59,25,34,0
IG118PF,78,36,42,36
IG118PG,140,77,63,45
IG118PL,18,12,6,17
IG118PQ,133,63,70,49
IG118PS,77,57,20,21
IG118PU,61,27,34,26
IG118PX,85,43,42,34
IG118PY,190,113,77,61
IG118PZ,189,99,90,68
IG118QA,9,6,3,3
IG118QF,52,27,25,12
IG118QG,127,68,59,35
IG118QJ,63,28,35,14
IG118QL,14,9,5,6
IG118QP,98,49,49,63
IG118QQ,118,71,47,42
IG118QR,80,43,37,54
IG118QS,45,31,14,27
IG118QT,84,31,53,23
IG118QU,256,131,125,75
IG118QX,188,108,80,56
IG118QY,138,78,60,37
IG118QZ,224,127,97,56
IG118RA,72,43,29,20
IG118RB,73,47,26,21
IG118RD,217,131,86,62
IG118RF,137,82,55,41
IG118RG,95,59,36,40
IG118RH,18,11,7,6
IG118RJ,88,42,46,34
IG118RL,150,78,72,34
IG118RN,83,29,54,38
IG118RQ,133,81,52,34
IG118RR,182,99,83,86
IG118SF,73,42,31,18
IG118SL,33,19,14,12
IG118SN,19,7,12,4
IG118SP,39,21,18,8
IG118SS,24,11,13,5
IG118ST,27,10,17,7
IG118SU,29,14,15,13
IG118SY,17,9,8,5
IG118TA,4,2,2,2
IG118TB,29,24,5,11
IG118TG,19,13,6,6
IG118TN,16,9,7,8
IG118TQ,38,19,19,14
IG118UA,24,10,14,18
IG118UB,80,22,58,63
IG118UD,4,2,2,1
IG118UG,59,33,26,35
IG118UN,6,2,4,1
IG118UP,84,35,49,33
IG118UR,34,16,18,15
IG118UW,3,2,1,1
IG119AA,32,14,18,13
IG119AB,33,13,20,10
IG119AD,30,12,18,9
IG119AE,28,16,12,7
IG119AF,129,69,60,33
IG119AH,100,46,54,34
IG119AJ,113,55,58,37
IG119AL,133,68,65,41
IG119AN,147,67,80,42
IG119AP,99,51,48,37
IG119AR,60,27,33,29
IG119AS,99,46,53,39
IG119AT,116,56,60,37
IG119AU,90,45,45,32
IG119AW,82,33,49,27
IG119AX,32,16,16,8
IG119AY,20,12,8,10
IG119AZ,50,28,22,28
IG119BA,93,50,43,41
IG119BB,39,19,20,15
IG119BH,89,43,46,20
IG119BJ,59,28,31,19
IG119BL,151,73,78,34
IG119BN,97,45,52,30
IG119BP,115,55,60,33
IG119BS,152,73,79,39
IG119BT,136,59,77,43
IG119BU,135,70,65,37
IG119BW,120,51,69,33
IG119BX,29,17,12,9
IG119BY,2,2,0,1
IG119BZ,79,39,40,34
IG119DA,33,17,16,12
IG119DB,7,4,3,4
IG119DD,41,19,22,12
IG119DE,36,23,13,11
IG119DF,26,14,12,9
IG119DG,35,15,20,21
IG119DH,52,31,21,30
IG119DJ,94,42,52,49
IG119DQ,39,20,19,21
IG119DR,87,45,42,25
IG119DS,33,14,19,10
IG119DU,181,90,91,47
IG119DX,115,61,54,33
IG119DY,117,59,58,43
IG119DZ,100,48,52,30
IG119EA,91,35,56,48
IG119EB,32,14,18,23
IG119ED,66,32,34,29
IG119EE,47,24,23,22
IG119EF,52,28,24,30
IG119EG,64,32,32,30
IG119EH,86,45,41,41
IG119EJ,65,34,31,29
IG119EL,105,66,39,56
IG119EN,55,29,26,28
IG119EQ,87,43,44,48
IG119ER,141,62,79,44
IG119ES,100,53,47,34
IG119ET,22,9,13,8
IG119EU,25,18,7,18
IG119EX,16,8,8,8
IG119EY,205,99,106,53
IG119EZ,92,42,50,32
IG119HA,85,38,47,30
IG119HB,54,23,31,14
IG119HD,156,74,82,47
IG119HE,149,74,75,43
IG119HF,140,72,68,41
IG119HG,64,35,29,22
IG119HH,67,36,31,18
IG119HJ,92,38,54,29
IG119HQ,58,28,30,18
IG119HR,46,26,20,16
IG119HS,147,73,74,45
IG119HT,156,78,78,45
IG119HU,9,4,5,3
IG119HX,162,85,77,40
IG119HY,175,92,83,55
IG119HZ,76,37,39,22
IG119JA,61,29,32,19
IG119JB,18,7,11,6
IG119JD,141,70,71,37
IG119JE,94,48,46,30
IG119JF,47,22,25,15
IG119JG,45,20,25,18
IG119JH,130,66,64,41
IG119JJ,21,12,9,8
IG119JL,77,37,40,23
IG119JN,116,62,54,32
IG119JP,14,8,6,10
IG119JQ,6,3,3,2
IG119JU,43,17,26,18
IG119JW,57,26,31,20
IG119JX,21,8,13,9
IG119JY,147,68,79,41
IG119JZ,2,1,1,1
IG119LA,25,12,13,13
IG119LB,32,13,19,8
IG119LD,150,66,84,42
IG119LE,18,8,10,5
IG119LF,14,7,7,6
IG119LG,2,1,1,1
IG119LL,79,35,44,41
IG119LP,6,2,4,1
IG119LQ,10,4,6,7
IG119LR,92,43,49,29
IG119LT,11,3,8,3
IG119LW,70,31,39,14
IG119LZ,20,11,9,12
IG119NA,40,19,21,19
IG119NB,20,5,15,9
IG119ND,24,11,13,13
IG119NE,23,13,10,8
IG119NF,20,13,7,9
IG119NG,34,16,18,14
IG119NH,17,5,12,6
IG119NJ,28,11,17,12
IG119NL,14,8,6,6
IG119NN,34,17,17,9
IG119NP,131,57,74,42
IG119NQ,38,17,21,16
IG119NR,41,22,19,13
IG119NT,61,30,31,22
IG119NU,60,24,36,24
IG119NW,151,72,79,45
IG119NX,117,66,51,45
IG119NY,139,72,67,52
IG119NZ,52,26,26,20
IG119PB,130,66,64,38
IG119PD,75,38,37,31
IG119PE,174,96,78,65
IG119PH,98,31,67,69
IG119PJ,112,61,51,48
IG119PL,127,57,70,45
IG119PN,38,18,20,15
IG119PP,19,10,9,9
IG119PQ,46,22,24,15
IG119PR,72,33,39,27
IG119PS,91,41,50,41
IG119PT,56,28,28,20
IG119PU,81,43,38,36
IG119PX,141,65,76,52
IG119PY,69,30,39,32
IG119PZ,100,40,60,48
IG119QA,81,34,47,27
IG119QB,92,41,51,30
IG119QD,24,12,12,11
IG119QE,67,29,38,30
IG119QF,33,18,15,16
IG119QH,33,16,17,15
IG119QJ,16,7,9,8
IG119QL,18,7,11,12
IG119QN,35,20,15,12
IG119QP,64,27,37,23
IG119QQ,113,56,57,42
IG119QR,65,34,31,24
IG119QS,97,50,47,32
IG119QT,59,31,28,20
IG119QU,38,18,20,13
IG119QW,20,9,11,12
IG119QX,17,9,8,6
IG119QY,14,7,7,5
IG119QZ,63,34,29,20
IG119RA,29,12,17,9
IG119RB,59,33,26,26
IG119RH,79,39,40,30
IG119RJ,66,38,28,28
IG119RQ,55,27,28,34
IG119RS,32,21,11,14
IG119RT,62,33,29,20
IG119RU,109,53,56,39
IG119RX,58,33,25,20
IG119RY,38,21,17,14
IG119SA,45,24,21,14
IG119SB,87,38,49,29
IG119SD,140,69,71,53
IG119SE,26,17,9,8
IG119SF,44,23,21,16
IG119SG,122,54,68,41
IG119SH,124,58,66,40
IG119SJ,68,32,36,24
IG119SL,41,25,16,15
IG119SN,60,30,30,21
IG119SP,44,21,23,16
IG119SQ,40,24,16,14
IG119SR,95,48,47,28
IG119SS,97,52,45,32
IG119ST,57,30,27,25
IG119SU,20,6,14,7
IG119SW,77,41,36,19
IG119SZ,13,6,7,4
IG119TA,11,6,5,8
IG119TB,31,14,17,10
IG119TD,33,19,14,11
IG119TE,38,18,20,9
IG119TF,91,54,37,24
IG119TG,66,28,38,23
IG119TH,143,78,65,45
IG119TJ,121,63,58,33
IG119TL,168,82,86,45
IG119TN,181,93,88,51
IG119TP,218,121,97,61
IG119TQ,107,51,56,32
IG119TR,132,69,63,36
IG119TS,13,6,7,4
IG119TT,134,63,71,40
IG119TU,109,60,49,29
IG119TW,36,19,17,10
IG119TX,168,87,81,55
IG119TY,94,56,38,48
IG119TZ,98,52,46,32
IG119UA,91,50,41,23
IG119UB,23,11,12,9
IG119UG,134,76,58,33
IG119UJ,75,35,40,23
IG119UL,74,44,30,23
IG119UN,88,43,45,26
IG119UP,105,52,53,33
IG119UQ,110,53,57,30
IG119UR,56,23,33,14
IG119UT,96,54,42,34
IG119UU,31,13,18,14
IG119UW,122,62,60,34
IG119UX,93,48,45,29
IG119UY,118,49,69,30
IG119UZ,156,73,83,45
IG119XA,124,61,63,34
IG119XB,116,50,66,35
IG119XE,154,75,79,76
IG119XF,76,40,36,36
IG119XH,158,88,70,38
IG119XJ,146,85,61,41
IG119XL,136,70,66,43
IG119XN,119,66,53,35
IG119XP,56,27,29,18
IG119XQ,108,62,46,33
IG119XR,94,49,45,28
IG119XS,116,61,55,35
IG119XT,111,54,57,32
IG119XU,108,48,60,32
IG119XW,135,68,67,38
IG119XX,94,50,44,27
IG119XY,82,40,42,24
IG119XZ,115,61,54,35
IG119YA,102,45,57,37
IG119YB,152,76,76,45
IG2 6AA,77,39,38,22
IG2 6AB,137,68,69,38
IG2 6AD,106,56,50,28
IG2 6AF,112,61,51,32
IG2 6AG,51,23,28,15
IG2 6AH,154,78,76,45
IG2 6AJ,200,105,95,53
IG2 6AL,178,95,83,47
IG2 6AN,109,43,66,30
IG2 6AP,58,25,33,15
IG2 6AR,93,42,51,27
IG2 6AS,85,43,42,31
IG2 6AU,31,19,12,10
IG2 6AW,170,87,83,45
IG2 6AX,15,5,10,6
IG2 6AY,14,3,11,6
IG2 6BF,54,24,30,29
IG2 6BJ,31,13,18,14
IG2 6BL,20,13,7,9
IG2 6BN,136,59,77,19
IG2 6BX,46,26,20,14
IG2 6DA,85,46,39,29
IG2 6DB,35,16,19,12
IG2 6DE,33,22,11,13
IG2 6DF,43,24,19,16
IG2 6DG,83,43,40,26
IG2 6DH,126,64,62,36
IG2 6DJ,114,62,52,31
IG2 6DL,105,49,56,37
IG2 6DN,123,64,59,37
IG2 6DP,63,36,27,18
IG2 6DQ,47,27,20,13
IG2 6DR,70,28,42,19
IG2 6DS,67,35,32,20
IG2 6DU,36,17,19,10
IG2 6DW,36,16,20,9
IG2 6DX,132,60,72,36
IG2 6DY,70,37,33,20
IG2 6DZ,75,38,37,24
IG2 6EA,11,7,4,3
IG2 6EB,24,11,13,6
IG2 6EH,43,24,19,17
IG2 6EJ,34,13,21,10
IG2 6EP,47,27,20,16
IG2 6EQ,38,14,24,15
IG2 6ER,73,46,27,21
IG2 6EW,23,11,12,9
IG2 6EZ,38,24,14,21
IG2 6FE,57,25,32,30
IG2 6FF,96,46,50,48
IG2 6FG,177,94,83,79
IG2 6FH,96,43,53,53
IG2 6HE,39,20,19,17
IG2 6HX,5,3,2,3
IG2 6JB,19,13,6,8
IG2 6JD,112,63,49,45
IG2 6JE,10,3,7,5
IG2 6JF,115,57,58,33
IG2 6JG,52,26,26,17
IG2 6JH,165,55,110,24
IG2 6JL,28,8,20,24
IG2 6JQ,97,50,47,38
IG2 6JS,106,58,48,62
IG2 6JU,11,5,6,3
IG2 6JZ,2,1,1,1
IG2 6LE,1,1,0,1
IG2 6LH,6,5,1,3
IG2 6LJ,4,2,2,4
IG2 6LL,11,6,5,6
IG2 6LQ,181,101,80,92
IG2 6LR,17,8,9,10
IG2 6LS,116,52,64,38
IG2 6LT,36,16,20,12
IG2 6LU,65,31,34,24
IG2 6LX,103,46,57,32
IG2 6LY,116,60,56,31
IG2 6LZ,118,62,56,53
IG2 6NA,86,48,38,25
IG2 6NB,73,33,40,25
IG2 6ND,29,16,13,9
IG2 6NE,39,25,14,14
IG2 6NT,111,59,52,33
IG2 6NU,97,55,42,55
IG2 6PE,15,8,7,4
IG2 6PF,100,50,50,27
IG2 6PH,90,46,44,25
IG2 6PJ,88,46,42,24
IG2 6PL,51,23,28,17
IG2 6PQ,83,40,43,23
IG2 6PR,36,19,17,21
IG2 6PT,101,55,46,31
IG2 6PU,140,73,67,42
IG2 6PW,10,3,7,3
IG2 6PX,74,39,35,23
IG2 6PY,14,5,9,5
IG2 6PZ,24,13,11,8
IG2 6QA,69,40,29,26
IG2 6QB,155,83,72,45
IG2 6QD,96,50,46,32
IG2 6QJ,140,66,74,42
IG2 6QL,127,62,65,45
IG2 6QN,38,18,20,12
IG2 6QP,119,58,61,40
IG2 6QR,78,36,42,23
IG2 6QS,114,64,50,30
IG2 6QT,74,41,33,22
IG2 6QU,141,63,78,45
IG2 6QW,178,85,93,55
IG2 6QX,59,30,29,21
IG2 6QY,118,60,58,40
IG2 6RD,28,16,12,12
IG2 6RE,13,8,5,7
IG2 6RF,22,9,13,8
IG2 6RH,38,13,25,27
IG2 6RJ,32,15,17,10
IG2 6RR,98,41,57,35
IG2 6RU,50,25,25,20
IG2 6RZ,114,54,60,43
IG2 6SA,27,11,16,10
IG2 6SB,118,53,65,35
IG2 6SD,121,68,53,37
IG2 6SE,116,61,55,34
IG2 6SF,119,55,64,36
IG2 6SG,103,48,55,35
IG2 6SH,92,47,45,27
IG2 6SJ,105,49,56,37
IG2 6SL,167,85,82,45
IG2 6SN,72,39,33,23
IG2 6SQ,59,25,34,19
IG2 6SU,34,11,23,13
IG2 6SX,16,6,10,8
IG2 6SY,43,19,24,18
IG2 6SZ,21,12,9,9
IG2 6TA,52,24,28,26
IG2 6TB,75,38,37,30
IG2 6TD,3,1,2,1
IG2 6TE,20,10,10,8
IG2 6TF,74,39,35,21
IG2 6TG,180,91,89,50
IG2 6TH,105,41,64,38
IG2 6TJ,47,21,26,19
IG2 6TL,185,89,96,56
IG2 6TN,108,56,52,35
IG2 6TP,89,50,39,24
IG2 6TQ,27,15,12,9
IG2 6TR,110,54,56,37
IG2 6TS,213,120,93,64
IG2 6TT,150,71,79,42
IG2 6TU,58,29,29,22
IG2 6TW,95,46,49,30
IG2 6UF,70,51,19,24
IG2 6UH,32,12,20,7
IG2 6UJ,163,84,79,41
IG2 6UL,37,18,19,14
IG2 6UN,140,70,70,42
IG2 6UR,33,15,18,10
IG2 6UT,120,61,59,35
IG2 6UU,42,26,16,11
IG2 6UW,23,9,14,6
IG2 6UX,43,24,19,13
IG2 6UY,72,36,36,20
IG2 6XA,11,7,4,3
IG2 6XB,36,16,20,9
IG2 6XD,34,15,19,7
IG2 6XE,23,13,10,8
IG2 6XF,24,10,14,9
IG2 6XG,9,4,5,5
IG2 6XH,5,2,3,2
IG2 6XQ,23,14,9,9
IG2 6XS,65,35,30,23
IG2 6XT,131,65,66,40
IG2 6XU,162,78,84,52
IG2 6XX,179,88,91,49
IG2 6XY,49,25,24,16
IG2 6XZ,145,80,65,48
IG2 6YA,2,1,1,1
IG2 6YB,175,95,80,55
IG2 6YD,142,72,70,43
IG2 6YE,107,56,51,37
IG2 6YF,111,61,50,35
IG2 6YG,85,41,44,28
IG2 6YH,65,33,32,19
IG2 6YQ,131,67,64,43
IG2 7AA,68,37,31,21
IG2 7AB,127,53,74,35
IG2 7AD,81,41,40,27
IG2 7AG,89,43,46,28
IG2 7AH,163,89,74,43
IG2 7AJ,65,34,31,20
IG2 7AL,114,56,58,34
IG2 7AN,119,60,59,35
IG2 7AP,76,41,35,24
IG2 7AQ,20,10,10,5
IG2 7AR,110,51,59,29
IG2 7AS,116,57,59,36
IG2 7AT,76,36,40,20
IG2 7AU,71,36,35,21
IG2 7AW,92,47,45,26
IG2 7AX,135,62,73,36
IG2 7AY,102,53,49,29
IG2 7AZ,188,94,94,54
IG2 7BA,118,59,59,35
IG2 7BB,142,72,70,34
IG2 7BD,88,40,48,30
IG2 7BQ,31,13,18,26
IG2 7BS,113,64,49,25
IG2 7BY,79,41,38,20
IG2 7DB,104,53,51,26
IG2 7DE,20,14,6,6
IG2 7DF,131,71,60,35
IG2 7DG,107,51,56,28
IG2 7DH,151,76,75,42
IG2 7DJ,44,20,24,20
IG2 7DL,159,80,79,46
IG2 7DN,132,63,69,42
IG2 7DP,74,33,41,20
IG2 7DQ,83,38,45,21
IG2 7DR,87,45,42,25
IG2 7DS,66,38,28,32
IG2 7DU,145,73,72,49
IG2 7DW,84,47,37,23
IG2 7DX,129,64,65,33
IG2 7DY,156,73,83,45
IG2 7DZ,87,44,43,25
IG2 7EA,128,67,61,42
IG2 7EB,92,45,47,49
IG2 7ED,162,84,78,70
IG2 7EH,118,69,49,36
IG2 7EJ,83,39,44,26
IG2 7EL,107,53,54,31
IG2 7EN,97,55,42,29
IG2 7EP,91,41,50,30
IG2 7EQ,51,18,33,46
IG2 7ER,78,33,45,28
IG2 7ES,84,41,43,22
IG2 7ET,107,52,55,33
IG2 7EU,32,14,18,10
IG2 7EW,143,71,72,39
IG2 7EY,96,50,46,32
IG2 7EZ,49,23,26,12
IG2 7FE,9,5,4,5
IG2 7HA,7,3,4,4
IG2 7HB,78,35,43,24
IG2 7HD,82,39,43,24
IG2 7HE,131,67,64,33
IG2 7HF,28,12,16,10
IG2 7HG,48,24,24,17
IG2 7HQ,43,19,24,12
IG2 7HR,172,86,86,72
IG2 7HS,186,84,102,80
IG2 7HU,6,4,2,1
IG2 7HY,127,64,63,48
IG2 7HZ,12,5,7,3
IG2 7JB,48,22,26,17
IG2 7JD,44,24,20,20
IG2 7JE,123,60,63,35
IG2 7JF,42,18,24,14
IG2 7JG,141,73,68,42
IG2 7JH,57,26,31,16
IG2 7JJ,43,21,22,12
IG2 7JL,66,30,36,21
IG2 7JN,147,64,83,38
IG2 7JP,39,22,17,12
IG2 7JQ,64,30,34,17
IG2 7JR,79,40,39,29
IG2 7JW,70,34,36,18
IG2 7JY,129,65,64,57
IG2 7JZ,64,41,23,22
IG2 7LB,70,38,32,27
IG2 7LD,51,25,26,20
IG2 7LF,139,80,59,52
IG2 7LH,9,6,3,4
IG2 7LP,66,31,35,29
IG2 7LQ,3,2,1,1
IG2 7LR,97,46,51,20
IG2 7LS,60,28,32,22
IG2 7LT,34,18,16,12
IG2 7LU,23,11,12,12
IG2 7LW,59,24,35,22
IG2 7LX,25,7,18,8
IG2 7LY,21,10,11,8
IG2 7LZ,77,39,38,26
IG2 7NA,107,50,57,36
IG2 7NB,92,46,46,25
IG2 7ND,50,21,29,25
IG2 7NE,79,28,51,18
IG2 7NF,52,24,28,19
IG2 7NG,39,20,19,14
IG2 7NH,40,17,23,21
IG2 7NJ,90,42,48,36
IG2 7NL,37,20,17,19
IG2 7NN,3,1,2,1
IG2 7NP,109,54,55,40
IG2 7NQ,58,29,29,26
IG2 7NR,69,34,35,31
IG2 7NS,16,5,11,6
IG2 7NT,107,46,61,31
IG2 7NW,79,29,50,25
IG2 7NX,30,20,10,9
IG2 7NY,74,38,36,29
IG2 7NZ,83,44,39,28
IG2 7PD,131,68,63,51
IG2 7PJ,103,54,49,31
IG2 7PL,161,72,89,52
IG2 7PN,92,45,47,31
IG2 7PP,34,17,17,10
IG2 7PR,3,1,2,1
IG2 7PS,115,65,50,60
IG2 7PT,86,42,44,23
IG2 7PU,76,39,37,24
IG2 7PW,60,28,32,15
IG2 7PX,43,14,29,12
IG2 7PY,104,47,57,38
IG2 7PZ,16,9,7,4
IG2 7QB,31,14,17,10
IG2 7QD,11,8,3,4
IG2 7QE,9,7,2,4
IG2 7QF,16,7,9,7
IG2 7QG,79,35,44,26
IG2 7QH,135,66,69,43
IG2 7QL,85,41,44,44
IG2 7QN,87,42,45,48
IG2 7QQ,67,34,33,23
IG2 7QR,115,61,54,37
IG2 7QX,86,35,51,27
IG2 7RD,75,33,42,28
IG2 7RE,18,8,10,7
IG2 7RF,19,9,10,7
IG2 7RG,16,8,8,5
IG2 7RP,101,51,50,32
IG2 7RR,87,36,51,28
IG2 7RS,40,19,21,11
IG2 7RT,65,38,27,21
IG2 7RU,104,58,46,28
IG2 7RW,24,12,12,7
IG2 7RX,103,53,50,28
IG2 7RY,24,11,13,8
IG2 7RZ,65,34,31,17
IG2 7SA,122,59,63,40
IG2 7SB,96,45,51,30
IG2 7SD,168,85,83,50
IG2 7SE,82,40,42,32
IG2 7SF,81,34,47,31
IG2 7SG,11,6,5,5
IG2 7SR,33,15,18,13
IG2 7ST,67,23,44,21
IG2 7SU,5,4,1,1
IG2 7SX,138,65,73,39
IG2 7SY,76,44,32,22
IG2 7SZ,76,35,41,28
IG2 7TA,79,40,39,32
IG2 7TD,5,2,3,4
IG2 7TE,2,1,1,1
IG2 7TF,8,3,5,3
IG2 7TG,80,44,36,31
IG2 7TH,66,34,32,26
IG2 7TJ,137,61,76,47
IG2 7TL,58,31,27,27
IG2 7TN,190,96,94,55
IG2 7TP,141,69,72,51
IG2 7TQ,89,39,50,32
IG2 7TR,161,82,79,49
IG2 7TW,115,58,57,37
IG2 7ZS,22,12,10,10
IG3 8AA,185,83,102,56
IG3 8AB,23,13,10,6
IG3 8AD,28,17,11,12
IG3 8AE,43,20,23,12
IG3 8AF,35,16,19,7
IG3 8AG,12,6,6,3
IG3 8AH,102,53,49,30
IG3 8AJ,139,71,68,40
IG3 8AL,149,78,71,49
IG3 8AN,15,10,5,6
IG3 8AP,41,16,25,11
IG3 8AQ,78,36,42,28
IG3 8AR,40,25,15,12
IG3 8AS,10,6,4,5
IG3 8AT,40,19,21,11
IG3 8AU,29,18,11,9
IG3 8AX,129,57,72,34
IG3 8AY,74,37,37,20
IG3 8AZ,81,41,40,27
IG3 8BA,83,39,44,27
IG3 8BB,142,78,64,42
IG3 8BD,143,78,65,37
IG3 8BE,53,28,25,19
IG3 8BQ,105,41,64,27
IG3 8BU,1,1,0,1
IG3 8BY,44,31,13,16
IG3 8DF,62,37,25,17
IG3 8DG,59,35,24,14
IG3 8DH,40,21,19,9
IG3 8DJ,154,67,87,43
IG3 8DL,147,79,68,42
IG3 8DN,123,61,62,43
IG3 8DP,81,45,36,25
IG3 8DQ,97,44,53,25
IG3 8DR,131,72,59,42
IG3 8DS,134,76,58,37
IG3 8DU,106,60,46,29
IG3 8DW,77,39,38,21
IG3 8EG,14,10,4,5
IG3 8ER,109,51,58,32
IG3 8ET,27,13,14,6
IG3 8EU,8,5,3,6
IG3 8EX,128,67,61,55
IG3 8EY,136,70,66,65
IG3 8EZ,31,14,17,12
IG3 8FD,7,3,4,2
IG3 8FE,93,43,50,40
IG3 8FF,105,51,54,51
IG3 8FG,82,40,42,33
IG3 8HA,53,23,30,12
IG3 8HB,20,9,11,9
IG3 8HD,2,1,1,1
IG3 8HE,10,5,5,4
IG3 8HF,99,45,54,28
IG3 8HG,21,10,11,6
IG3 8HP,45,19,26,10
IG3 8HR,24,12,12,6
IG3 8HS,55,26,29,16
IG3 8HT,94,60,34,27
IG3 8HU,47,24,23,13
IG3 8HW,45,18,27,16
IG3 8HX,38,21,17,13
IG3 8HY,57,24,33,20
IG3 8HZ,19,9,10,8
IG3 8JA,27,19,8,11
IG3 8JB,5,4,1,3
IG3 8JD,29,13,16,8
IG3 8JE,67,30,37,23
IG3 8JF,117,59,58,31
IG3 8JG,36,14,22,10
IG3 8JH,100,55,45,31
IG3 8JJ,60,28,32,25
IG3 8JL,71,35,36,22
IG3 8JN,48,22,26,12
IG3 8JP,154,72,82,47
IG3 8JQ,89,48,41,30
IG3 8JR,60,34,26,18
IG3 8JS,88,48,40,22
IG3 8JT,78,37,41,23
IG3 8JW,24,12,12,5
IG3 8LA,19,13,6,9
IG3 8LB,72,44,28,20
IG3 8LF,47,15,32,22
IG3 8LG,82,45,37,25
IG3 8LH,195,102,93,55
IG3 8LJ,156,76,80,53
IG3 8LL,292,154,138,102
IG3 8LN,174,82,92,62
IG3 8LP,5,3,2,5
IG3 8LQ,226,120,106,71
IG3 8LT,80,57,23,23
IG3 8LU,167,100,67,66
IG3 8LW,254,125,129,83
IG3 8LX,147,71,76,37
IG3 8LY,179,89,90,52
IG3 8LZ,188,94,94,53
IG3 8NA,172,86,86,47
IG3 8NB,183,104,79,51
IG3 8ND,146,74,72,37
IG3 8NE,121,68,53,36
IG3 8NF,169,83,86,48
IG3 8NG,144,77,67,48
IG3 8NL,161,89,72,45
IG3 8NN,172,85,87,47
IG3 8NP,170,77,93,50
IG3 8NQ,160,71,89,45
IG3 8NR,45,29,16,13
IG3 8NS,45,17,28,11
IG3 8NT,29,11,18,11
IG3 8NW,182,99,83,47
IG3 8NY,68,33,35,18
IG3 8NZ,29,14,15,8
IG3 8PA,24,13,11,8
IG3 8PB,99,50,49,32
IG3 8PD,128,63,65,34
IG3 8PE,41,19,22,14
IG3 8PF,177,81,96,48
IG3 8PG,91,46,45,30
IG3 8PH,179,83,96,53
IG3 8PP,60,26,34,15
IG3 8PQ,176,87,89,55
IG3 8PR,73,35,38,22
IG3 8PS,56,22,34,15
IG3 8PT,63,26,37,23
IG3 8PU,55,31,24,17
IG3 8PW,232,117,115,67
IG3 8PX,179,101,78,48
IG3 8PY,164,82,82,46
IG3 8PZ,18,9,9,6
IG3 8QA,78,44,34,23
IG3 8QB,53,27,26,18
IG3 8QD,73,39,34,32
IG3 8QH,47,25,22,14
IG3 8QJ,48,22,26,12
IG3 8QL,37,22,15,16
IG3 8QN,36,17,19,8
IG3 8QP,63,27,36,27
IG3 8QQ,130,72,58,46
IG3 8QR,89,46,43,31
IG3 8QW,127,64,63,42
IG3 8RA,40,34,6,13
IG3 8RG,64,54,10,18
IG3 8RH,29,25,4,13
IG3 8RL,8,5,3,5
IG3 8RN,15,9,6,7
IG3 8RQ,24,20,4,6
IG3 8RU,2,1,1,1
IG3 8RW,24,12,12,8
IG3 8RY,57,29,28,16
IG3 8RZ,160,82,78,47
IG3 8SA,166,71,95,42
IG3 8SB,80,43,37,19
IG3 8SD,137,69,68,42
IG3 8SE,142,65,77,49
IG3 8SF,99,50,49,30
IG3 8SG,140,75,65,38
IG3 8SH,147,84,63,38
IG3 8SJ,166,90,76,54
IG3 8SQ,132,65,67,36
IG3 8SX,50,26,24,20
IG3 8SY,5,3,2,3
IG3 8TA,57,45,12,17
IG3 8TD,8,7,1,3
IG3 8TF,43,18,25,21
IG3 8TG,18,7,11,8
IG3 8TH,51,29,22,20
IG3 8TJ,9,4,5,6
IG3 8TN,107,39,68,29
IG3 8TR,190,115,75,63
IG3 8TT,189,104,85,49
IG3 8TU,38,22,16,12
IG3 8TW,87,46,41,28
IG3 8TX,40,20,20,16
IG3 8TZ,82,42,40,22
IG3 8UA,33,15,18,12
IG3 8UB,185,85,100,56
IG3 8UD,183,85,98,51
IG3 8UE,229,124,105,65
IG3 8UJ,30,15,15,7
IG3 8UL,104,52,52,31
IG3 8UP,9,2,7,6
IG3 8UQ,5,2,3,2
IG3 8UR,32,17,15,13
IG3 8UT,57,30,27,19
IG3 8UU,90,37,53,41
IG3 8UW,53,22,31,19
IG3 8UX,105,53,52,30
IG3 8UZ,96,50,46,29
IG3 8XA,110,52,58,44
IG3 8XB,58,30,28,23
IG3 8XD,74,37,37,21
IG3 8XE,81,44,37,37
IG3 8XF,127,66,61,43
IG3 8XG,54,25,29,19
IG3 8XH,8,5,3,2
IG3 8XJ,101,53,48,0
IG3 8XN,56,31,25,14
IG3 8XP,41,23,18,12
IG3 8XQ,2,1,1,1
IG3 8XR,71,34,37,26
IG3 8XS,3,1,2,2
IG3 8XU,13,8,5,8
IG3 8XW,122,62,60,36
IG3 8YA,105,48,57,50
IG3 8YU,19,13,6,13
IG3 8ZA,75,44,31,40
IG3 9AA,111,51,60,28
IG3 9AB,68,33,35,26
IG3 9AD,79,44,35,30
IG3 9AE,58,32,26,20
IG3 9AG,16,9,7,6
IG3 9AH,33,19,14,8
IG3 9AJ,29,12,17,9
IG3 9AL,68,31,37,21
IG3 9AP,3,1,2,3
IG3 9AQ,53,30,23,11
IG3 9AS,99,49,50,28
IG3 9AT,112,63,49,39
IG3 9AU,32,17,15,9
IG3 9AX,9,4,5,3
IG3 9AZ,77,43,34,27
IG3 9BA,89,49,40,25
IG3 9BB,25,14,11,10
IG3 9BD,127,62,65,38
IG3 9BE,183,86,97,49
IG3 9BF,3,2,1,2
IG3 9BG,60,30,30,18
IG3 9BH,105,49,56,35
IG3 9BJ,111,61,50,37
IG3 9BL,28,15,13,8
IG3 9BQ,77,35,42,17
IG3 9BT,145,68,77,46
IG3 9BU,144,71,73,47
IG3 9BX,123,61,62,36
IG3 9BY,14,9,5,5
IG3 9BZ,49,24,25,13
IG3 9DA,60,34,26,19
IG3 9DB,134,65,69,39
IG3 9DD,80,37,43,27
IG3 9DE,92,46,46,31
IG3 9DF,89,45,44,28
IG3 9DG,84,38,46,27
IG3 9DH,28,15,13,11
IG3 9DJ,31,19,12,14
IG3 9DL,93,43,50,27
IG3 9DN,94,44,50,28
IG3 9DP,86,46,40,27
IG3 9DQ,22,9,13,7
IG3 9DR,60,31,29,18
IG3 9DS,73,33,40,22
IG3 9DU,78,42,36,25
IG3 9DW,88,50,38,26
IG3 9DX,72,41,31,25
IG3 9ED,136,68,68,37
IG3 9EE,142,75,67,38
IG3 9EF,135,63,72,41
IG3 9EG,97,45,52,35
IG3 9EH,212,112,100,54
IG3 9EJ,138,75,63,38
IG3 9EL,120,59,61,37
IG3 9EN,155,76,79,40
IG3 9EP,148,64,84,41
IG3 9EQ,104,56,48,33
IG3 9ER,118,56,62,38
IG3 9ES,54,25,29,18
IG3 9ET,85,46,39,30
IG3 9EW,70,33,37,20
IG3 9FD,54,29,25,21
IG3 9FE,128,68,60,48
IG3 9FF,11,9,2,6
IG3 9FG,124,66,58,36
IG3 9FL,43,21,22,14
IG3 9FP,19,9,10,7
IG3 9FX,27,8,19,22
IG3 9FZ,18,6,12,10
IG3 9HA,113,65,48,25
IG3 9HB,163,92,71,43
IG3 9HD,52,25,27,15
IG3 9HE,100,47,53,30
IG3 9HF,1,1,0,1
IG3 9HG,91,40,51,21
IG3 9HH,63,33,30,19
IG3 9HJ,72,42,30,26
IG3 9HL,82,40,42,25
IG3 9HN,55,26,29,21
IG3 9HP,131,67,64,38
IG3 9HQ,16,9,7,5
IG3 9HR,21,9,12,5
IG3 9HS,72,33,39,22
IG3 9HT,70,33,37,16
IG3 9HU,108,52,56,26
IG3 9HW,65,39,26,19
IG3 9HY,41,18,23,13
IG3 9JA,44,23,21,13
IG3 9JB,41,18,23,17
IG3 9JE,34,18,16,13
IG3 9JF,123,63,60,34
IG3 9JG,113,67,46,33
IG3 9JH,89,44,45,29
IG3 9JJ,22,13,9,6
IG3 9JL,103,51,52,30
IG3 9JN,89,46,43,28
IG3 9JP,130,76,54,35
IG3 9JQ,105,59,46,28
IG3 9JR,30,15,15,10
IG3 9JS,23,13,10,10
IG3 9JU,36,23,13,12
IG3 9JW,125,62,63,35
IG3 9JX,21,13,8,11
IG3 9JZ,18,9,9,7
IG3 9LA,5,2,3,1
IG3 9LB,194,103,91,50
IG3 9LD,41,21,20,12
IG3 9LF,42,24,18,7
IG3 9LG,48,19,29,15
IG3 9LH,33,18,15,5
IG3 9LJ,43,17,26,8
IG3 9LL,32,17,15,9
IG3 9LN,25,12,13,7
IG3 9LQ,41,19,22,9
IG3 9LU,63,33,30,17
IG3 9LW,79,42,37,23
IG3 9LX,60,32,28,21
IG3 9LY,184,87,97,47
IG3 9LZ,103,49,54,29
IG3 9NA,79,41,38,21
IG3 9NB,83,40,43,23
IG3 9ND,46,21,25,12
IG3 9NE,105,50,55,25
IG3 9NF,105,51,54,38
IG3 9NG,100,50,50,31
IG3 9NH,152,79,73,42
IG3 9NJ,17,8,9,7
IG3 9NL,125,60,65,39
IG3 9NN,17,7,10,7
IG3 9NP,74,30,44,31
IG3 9NQ,26,13,13,9
IG3 9NR,24,13,11,10
IG3 9NX,89,46,43,29
IG3 9NY,95,38,57,31
IG3 9NZ,56,30,26,18
IG3 9PA,12,5,7,6
IG3 9PB,80,34,46,30
IG3 9PD,45,22,23,11
IG3 9PE,44,19,25,11
IG3 9PF,149,68,81,37
IG3 9PG,58,28,30,15
IG3 9PH,30,15,15,9
IG3 9PJ,233,114,119,65
IG3 9PL,17,11,6,7
IG3 9PN,38,22,16,21
IG3 9PP,15,8,7,5
IG3 9PQ,115,52,63,34
IG3 9PR,46,22,24,11
IG3 9PS,26,14,12,9
IG3 9PT,16,9,7,4
IG3 9PU,34,14,20,12
IG3 9PW,134,75,59,38
IG3 9PX,23,14,9,5
IG3 9PZ,23,12,11,7
IG3 9QA,45,22,23,12
IG3 9QD,182,95,87,62
IG3 9QE,85,44,41,45
IG3 9QF,32,16,16,9
IG3 9QH,120,62,58,32
IG3 9QJ,134,66,68,34
IG3 9QL,134,62,72,35
IG3 9QN,137,77,60,37
IG3 9QP,151,74,77,36
IG3 9QQ,98,52,46,50
IG3 9QR,127,64,63,35
IG3 9QS,96,51,45,28
IG3 9QT,145,82,63,48
IG3 9QU,145,74,71,39
IG3 9QW,144,77,67,37
IG3 9QX,35,20,15,9
IG3 9QZ,152,73,79,45
IG3 9RA,88,41,47,31
IG3 9RB,77,33,44,21
IG3 9RD,164,83,81,84
IG3 9RE,35,21,14,17
IG3 9RH,102,55,47,36
IG3 9RJ,37,18,19,16
IG3 9RN,39,16,23,15
IG3 9RQ,67,36,31,21
IG3 9RS,43,24,19,33
IG3 9RU,29,18,11,8
IG3 9RX,13,11,2,8
IG3 9RY,25,11,14,8
IG3 9RZ,22,9,13,7
IG3 9SA,103,50,53,28
IG3 9SB,124,70,54,33
IG3 9SD,15,9,6,3
IG3 9SE,15,9,6,6
IG3 9SH,111,52,59,38
IG3 9SJ,114,57,57,38
IG3 9SL,71,39,32,19
IG3 9SN,55,26,29,16
IG3 9SP,107,55,52,29
IG3 9SQ,67,37,30,26
IG3 9SU,24,14,10,23
IG3 9SW,107,57,50,29
IG3 9SX,130,67,63,43
IG3 9SY,24,13,11,6
IG3 9SZ,151,64,87,40
IG3 9TA,150,85,65,47
IG3 9TB,140,73,67,40
IG3 9TD,90,52,38,25
IG3 9TE,38,19,19,10
IG3 9TF,42,18,24,10
IG3 9TG,33,15,18,12
IG3 9TH,21,17,4,10
IG3 9TL,66,28,38,23
IG3 9TN,6,3,3,2
IG3 9TP,128,61,67,53
IG3 9TQ,35,20,15,12
IG3 9TS,98,45,53,37
IG3 9TU,191,93,98,49
IG3 9TX,185,103,82,53
IG3 9TY,196,96,100,54
IG3 9UB,5,3,2,3
IG3 9UD,11,9,2,7
IG3 9UF,10,6,4,4
IG3 9UH,36,19,17,13
IG3 9UN,34,18,16,11
IG3 9UT,45,23,22,22
IG3 9UZ,31,20,11,14
IG3 9XD,167,91,76,43
IG3 9XE,126,61,65,47
IG3 9XF,119,61,58,30
IG3 9XG,79,35,44,19
IG3 9XH,118,53,65,33
IG3 9XJ,134,71,63,37
IG3 9XL,21,9,12,8
IG3 9XQ,86,45,41,23
IG3 9XW,96,47,49,36
IG3 9XY,100,64,36,36
IG3 9XZ,119,60,59,40
IG3 9YA,36,19,17,5
IG3 9YB,118,48,70,43
IG3 9YD,125,62,63,38
IG4 5AA,121,53,68,34
IG4 5AB,73,39,34,21
IG4 5AD,89,51,38,27
IG4 5AE,168,92,76,48
IG4 5AF,79,42,37,21
IG4 5AG,26,14,12,9
IG4 5AH,104,52,52,32
IG4 5AJ,27,12,15,6
IG4 5AL,36,14,22,14
IG4 5AN,27,12,15,10
IG4 5AP,29,14,15,7
IG4 5AR,30,17,13,7
IG4 5AS,30,17,13,9
IG4 5AT,75,39,36,19
IG4 5AW,119,51,68,30
IG4 5BG,6,4,2,2
IG4 5BH,23,10,13,6
IG4 5BJ,32,16,16,8
IG4 5BL,28,15,13,8
IG4 5BN,91,37,54,24
IG4 5BP,118,62,56,29
IG4 5BQ,33,20,13,11
IG4 5BS,74,38,36,26
IG4 5BT,55,26,29,17
IG4 5BU,32,17,15,9
IG4 5BW,85,44,41,18
IG4 5BX,40,20,20,13
IG4 5BY,27,13,14,8
IG4 5BZ,202,97,105,53
IG4 5DA,111,58,53,33
IG4 5DB,103,51,52,33
IG4 5DD,59,26,33,26
IG4 5DE,82,36,46,35
IG4 5DF,28,14,14,12
IG4 5DG,90,41,49,34
IG4 5DP,93,51,42,28
IG4 5DR,14,8,6,5
IG4 5DT,6,2,4,6
IG4 5DU,53,34,19,28
IG4 5DX,33,15,18,12
IG4 5DY,151,76,75,36
IG4 5DZ,49,26,23,13
IG4 5EA,78,39,39,25
IG4 5EB,68,30,38,20
IG4 5ED,22,10,12,9
IG4 5EE,91,47,44,29
IG4 5EF,67,24,43,55
IG4 5EG,21,10,11,12
IG4 5EL,73,23,50,59
IG4 5EP,16,9,7,6
IG4 5ER,18,12,6,4
IG4 5ES,78,40,38,20
IG4 5ET,23,14,9,8
IG4 5EU,42,16,26,12
IG4 5EX,38,23,15,10
IG4 5EY,46,23,23,13
IG4 5EZ,36,18,18,13
IG4 5HA,100,54,46,28
IG4 5HB,45,24,21,31
IG4 5HD,142,71,71,38
IG4 5HE,93,49,44,36
IG4 5HF,18,9,9,6
IG4 5HG,132,67,65,33
IG4 5HH,91,40,51,25
IG4 5HJ,104,51,53,33
IG4 5HL,99,49,50,29
IG4 5HN,171,75,96,46
IG4 5HP,94,46,48,24
IG4 5HQ,136,74,62,36
IG4 5HR,86,46,40,26
IG4 5HW,2,1,1,1
IG4 5JB,89,46,43,29
IG4 5JD,159,76,83,43
IG4 5JE,77,39,38,23
IG4 5JF,154,77,77,40
IG4 5JG,21,8,13,5
IG4 5JH,39,25,14,11
IG4 5JJ,95,46,49,32
IG4 5JL,108,57,51,33
IG4 5JN,57,28,29,18
IG4 5JP,84,49,35,24
IG4 5JQ,32,16,16,7
IG4 5JR,34,21,13,9
IG4 5JT,168,85,83,47
IG4 5JU,142,74,68,39
IG4 5JW,149,77,72,44
IG4 5JX,139,65,74,40
IG4 5JY,102,48,54,24
IG4 5LE,33,16,17,10
IG4 5LF,162,74,88,45
IG4 5LG,141,66,75,46
IG4 5LH,105,54,51,29
IG4 5LJ,14,7,7,6
IG4 5LL,61,32,29,17
IG4 5LN,2,0,2,1
IG4 5LP,3,2,1,1
IG4 5LQ,10,6,4,5
IG4 5LR,21,9,12,5
IG4 5LS,41,15,26,24
IG4 5LT,99,48,51,29
IG4 5LU,109,52,57,32
IG4 5LY,38,19,19,8
IG4 5LZ,107,49,58,33
IG4 5NA,146,76,70,41
IG4 5NB,80,36,44,24
IG4 5ND,76,41,35,22
IG4 5NE,193,102,91,47
IG4 5NF,99,48,51,24
IG4 5NP,81,31,50,36
IG4 5NR,48,24,24,17
IG4 5NW,51,17,34,27
IG4 5NX,19,11,8,7
IG4 5NY,26,14,12,11
IG4 5NZ,21,11,10,9
IG4 5PA,13,8,5,5
IG4 5PB,18,7,11,5
IG4 5PD,110,54,56,40
IG4 5PE,17,10,7,5
IG4 5PF,18,8,10,6
IG4 5PG,101,50,51,46
IG4 5PH,84,40,44,34
IG4 5PJ,150,77,73,42
IG4 5PL,11,6,5,5
IG4 5PN,73,37,36,32
IG4 5PP,81,40,41,27
IG4 5PQ,78,37,41,25
IG4 5PR,28,13,15,9
IG4 5PT,158,84,74,48
IG4 5PU,172,95,77,46
IG4 5PX,33,16,17,12
IG4 5PY,94,51,43,28
IG5 0AA,79,38,41,24
IG5 0AB,126,71,55,36
IG5 0AD,101,53,48,31
IG5 0AE,192,102,90,48
IG5 0AG,123,58,65,42
IG5 0AH,46,27,19,15
IG5 0AJ,66,29,37,17
IG5 0AL,143,72,71,43
IG5 0AN,167,78,89,51
IG5 0AQ,108,58,50,33
IG5 0AW,142,65,77,45
IG5 0AY,108,53,55,33
IG5 0AZ,101,52,49,23
IG5 0BA,85,46,39,24
IG5 0BB,120,62,58,34
IG5 0BD,26,15,11,7
IG5 0BE,26,15,11,7
IG5 0BG,132,69,63,42
IG5 0BH,58,25,33,15
IG5 0BJ,18,11,7,7
IG5 0BL,32,13,19,16
IG5 0BN,123,61,62,35
IG5 0BP,166,81,85,48
IG5 0BQ,106,58,48,24
IG5 0BW,168,79,89,55
IG5 0DA,79,35,44,27
IG5 0DE,102,52,50,33
IG5 0DF,127,62,65,39
IG5 0DG,103,52,51,32
IG5 0DH,135,67,68,38
IG5 0DJ,133,65,68,41
IG5 0DL,49,24,25,20
IG5 0DN,163,86,77,48
IG5 0DP,72,35,37,22
IG5 0DQ,146,75,71,42
IG5 0DW,120,60,60,38
IG5 0EA,15,7,8,8
IG5 0EB,103,49,54,25
IG5 0ED,59,28,31,18
IG5 0EE,40,19,21,8
IG5 0EF,35,16,19,8
IG5 0EG,93,47,46,24
IG5 0EH,101,48,53,36
IG5 0EJ,59,31,28,17
IG5 0EL,114,59,55,35
IG5 0EN,8,4,4,5
IG5 0EP,105,51,54,54
IG5 0EQ,60,34,26,19
IG5 0ER,138,68,70,46
IG5 0ES,18,9,9,6
IG5 0ET,20,9,11,6
IG5 0EU,22,9,13,7
IG5 0EW,21,14,7,9
IG5 0HA,36,14,22,18
IG5 0HB,7,4,3,4
IG5 0HE,134,76,58,37
IG5 0HF,130,57,73,33
IG5 0HG,105,59,46,27
IG5 0HH,83,42,41,26
IG5 0HJ,78,42,36,23
IG5 0HL,77,43,34,19
IG5 0HN,152,78,74,43
IG5 0HP,127,64,63,39
IG5 0HQ,100,55,45,28
IG5 0HR,34,12,22,16
IG5 0HW,14,7,7,5
IG5 0HX,74,26,48,58
IG5 0HY,38,17,21,21
IG5 0JA,55,24,31,26
IG5 0JB,96,50,46,33
IG5 0JD,77,33,44,22
IG5 0JE,64,32,32,20
IG5 0JF,61,32,29,15
IG5 0JG,66,33,33,18
IG5 0JH,7,2,5,3
IG5 0JJ,132,68,64,41
IG5 0JL,167,78,89,50
IG5 0JN,97,47,50,36
IG5 0JP,41,21,20,11
IG5 0JQ,128,58,70,37
IG5 0JR,11,6,5,4
IG5 0JS,96,48,48,35
IG5 0JW,77,36,41,20
IG5 0JX,37,16,21,24
IG5 0LA,93,53,40,32
IG5 0LB,39,19,20,13
IG5 0LD,104,54,50,29
IG5 0LE,107,46,61,34
IG5 0LF,139,67,72,37
IG5 0LG,95,46,49,28
IG5 0LH,55,25,30,21
IG5 0LJ,50,23,27,24
IG5 0LL,45,22,23,24
IG5 0LQ,40,21,19,14
IG5 0LU,120,62,58,38
IG5 0LX,152,68,84,43
IG5 0LY,86,43,43,33
IG5 0NA,159,77,82,44
IG5 0NB,221,113,108,59
IG5 0ND,79,41,38,30
IG5 0NF,96,50,46,36
IG5 0NH,43,21,22,30
IG5 0NJ,6,3,3,2
IG5 0NL,18,8,10,5
IG5 0NN,76,42,34,27
IG5 0NP,86,46,40,28
IG5 0NQ,106,58,48,32
IG5 0NW,68,32,36,22
IG5 0NY,45,21,24,23
IG5 0NZ,91,46,45,29
IG5 0PA,52,25,27,20
IG5 0PB,81,40,41,33
IG5 0PD,48,24,24,23
IG5 0PE,61,32,29,19
IG5 0PF,120,53,67,41
IG5 0PG,13,8,5,12
IG5 0PH,76,32,44,26
IG5 0PJ,98,51,47,29
IG5 0PL,97,52,45,31
IG5 0PN,130,72,58,39
IG5 0PP,71,35,36,23
IG5 0PQ,56,28,28,16
IG5 0PS,119,56,63,45
IG5 0PT,121,60,61,35
IG5 0PU,29,15,14,15
IG5 0PW,50,25,25,12
IG5 0PX,69,22,47,49
IG5 0PY,16,8,8,9
IG5 0PZ,37,19,18,13
IG5 0QA,142,80,62,45
IG5 0QB,127,61,66,44
IG5 0QD,50,22,28,19
IG5 0QE,84,40,44,26
IG5 0QF,119,56,63,39
IG5 0QG,107,46,61,39
IG5 0QH,38,16,22,14
IG5 0QJ,81,37,44,29
IG5 0QL,107,53,54,32
IG5 0QN,152,72,80,52
IG5 0QP,94,38,56,41
IG5 0QQ,21,11,10,8
IG5 0QR,36,20,16,15
IG5 0QS,22,12,10,11
IG5 0QZ,39,21,18,27
IG5 0RA,23,10,13,12
IG5 0RB,82,41,41,31
IG5 0RD,63,27,36,29
IG5 0RE,7,2,5,4
IG5 0RF,11,3,8,5
IG5 0RG,66,31,35,21
IG5 0RH,50,22,28,19
IG5 0RL,31,15,16,12
IG5 0RN,26,11,15,7
IG5 0RP,112,52,60,58
IG5 0RQ,75,39,36,24
IG5 0RR,59,30,29,20
IG5 0RS,24,8,16,12
IG5 0RU,120,51,69,60
IG5 0RW,34,17,17,12
IG5 0RX,110,50,60,38
IG5 0RY,50,24,26,17
IG5 0RZ,61,30,31,23
IG5 0SA,126,57,69,54
IG5 0SB,14,6,8,7
IG5 0SD,25,17,8,6
IG5 0SE,23,9,14,9
IG5 0SF,13,6,7,3
IG5 0SG,14,6,8,5
IG5 0SH,68,33,35,20
IG5 0SJ,96,49,47,30
IG5 0SL,15,7,8,4
IG5 0SQ,18,8,10,5
IG5 0SR,12,6,6,3
IG5 0SS,131,57,74,45
IG5 0ST,105,46,59,42
IG5 0SU,32,20,12,21
IG5 0SW,28,12,16,6
IG5 0SX,101,45,56,37
IG5 0SY,100,48,52,41
IG5 0SZ,123,62,61,42
IG5 0TA,42,9,33,0
IG5 0TB,49,23,26,44
IG5 0TD,22,12,10,12
IG5 0TE,77,36,41,21
IG5 0TF,26,15,11,13
IG5 0TG,197,101,96,58
IG5 0TH,45,18,27,15
IG5 0TJ,122,61,61,47
IG5 0TL,39,21,18,13
IG5 0TN,132,72,60,53
IG5 0TP,44,19,25,17
IG5 0TQ,69,33,36,25
IG5 0TR,15,8,7,3
IG5 0TS,18,8,10,5
IG5 0TW,55,28,27,18
IG5 0TZ,22,11,11,7
IG5 0UA,82,41,41,31
IG5 0UB,102,61,41,32
IG5 0UD,153,68,85,46
IG5 0UE,142,69,73,47
IG5 0UG,70,30,40,28
IG5 0UH,55,20,35,19
IG5 0UJ,75,34,41,26
IG5 0UL,63,33,30,26
IG5 0UN,59,32,27,21
IG5 0UP,65,34,31,25
IG5 0UQ,95,49,46,27
IG5 0UR,24,14,10,8
IG5 0UW,32,16,16,11
IG5 0XA,81,35,46,39
IG5 0XB,39,16,23,16
IG5 0XD,108,48,60,52
IG5 0XE,96,47,49,44
IG5 0XF,68,26,42,32
IG5 0XG,55,22,33,28
IG5 0XH,160,82,78,53
IG5 0XJ,27,14,13,11
IG5 0XL,28,8,20,14
IG5 0XN,116,54,62,34
IG5 0XP,16,8,8,7
IG5 0XQ,72,37,35,26
IG5 0XR,40,20,20,10
IG5 0XW,29,14,15,9
IG6 1AA,60,28,32,23
IG6 1AB,74,30,44,27
IG6 1AD,140,71,69,44
IG6 1AE,158,81,77,44
IG6 1AF,142,71,71,49
IG6 1AG,80,39,41,33
IG6 1AH,94,42,52,27
IG6 1AJ,6,3,3,1
IG6 1AL,126,61,65,39
IG6 1AN,56,28,28,17
IG6 1AP,74,38,36,29
IG6 1AQ,46,21,25,16
IG6 1AR,43,22,21,17
IG6 1AS,37,12,25,17
IG6 1AT,12,6,6,4
IG6 1AU,1,1,0,1
IG6 1AW,172,87,85,52
IG6 1AY,46,18,28,41
IG6 1BE,52,23,29,21
IG6 1BG,39,20,19,12
IG6 1BH,87,45,42,24
IG6 1BJ,69,33,36,24
IG6 1BL,43,17,26,14
IG6 1BP,30,17,13,14
IG6 1BQ,9,5,4,6
IG6 1BS,116,53,63,36
IG6 1BT,94,45,49,32
IG6 1BW,49,22,27,15
IG6 1BY,2,1,1,1
IG6 1DA,13,6,7,6
IG6 1DB,91,42,49,23
IG6 1DD,10,4,6,4
IG6 1DE,15,7,8,4
IG6 1DF,123,64,59,38
IG6 1DG,24,10,14,8
IG6 1DP,74,39,35,26
IG6 1DQ,34,15,19,8
IG6 1DR,40,22,18,20
IG6 1DS,46,25,21,12
IG6 1DU,91,47,44,29
IG6 1DX,101,58,43,26
IG6 1DZ,70,29,41,21
IG6 1EA,120,65,55,32
IG6 1EB,172,89,83,50
IG6 1ED,33,18,15,8
IG6 1EE,103,50,53,28
IG6 1EF,56,29,27,18
IG6 1EG,76,39,37,23
IG6 1EH,56,30,26,16
IG6 1EJ,94,44,50,28
IG6 1EL,50,22,28,26
IG6 1EN,65,28,37,34
IG6 1EP,16,9,7,5
IG6 1EQ,26,16,10,20
IG6 1ER,41,20,21,18
IG6 1ES,77,36,41,34
IG6 1ET,109,56,53,40
IG6 1EU,50,26,24,21
IG6 1EW,156,70,86,56
IG6 1EX,119,60,59,43
IG6 1EY,39,12,27,33
IG6 1EZ,10,5,5,6
IG6 1GE,21,8,13,10
IG6 1HA,38,16,22,15
IG6 1HB,38,16,22,25
IG6 1HD,15,8,7,10
IG6 1HE,37,20,17,18
IG6 1HF,24,11,13,9
IG6 1HG,7,5,2,4
IG6 1HJ,27,14,13,8
IG6 1HN,37,15,22,22
IG6 1HP,20,10,10,10
IG6 1HR,115,50,65,47
IG6 1HS,81,36,45,34
IG6 1HT,9,5,4,3
IG6 1HU,19,8,11,7
IG6 1HY,8,4,4,3
IG6 1JA,20,9,11,5
IG6 1JB,28,13,15,8
IG6 1JD,13,6,7,8
IG6 1JE,6,3,3,4
IG6 1JF,88,42,46,27
IG6 1JG,69,35,34,17
IG6 1JH,81,38,43,29
IG6 1JJ,32,15,17,12
IG6 1JL,66,37,29,25
IG6 1JN,65,28,37,25
IG6 1JP,38,15,23,26
IG6 1JQ,66,29,37,42
IG6 1JU,92,43,49,31
IG6 1JW,53,25,28,16
IG6 1JX,84,45,39,24
IG6 1JY,119,64,55,36
IG6 1JZ,139,67,72,41
IG6 1LA,109,52,57,33
IG6 1LB,109,55,54,34
IG6 1LD,48,24,24,22
IG6 1LE,25,11,14,10
IG6 1LF,77,38,39,32
IG6 1LG,115,55,60,37
IG6 1LH,77,39,38,31
IG6 1LJ,21,8,13,10
IG6 1LL,70,36,34,20
IG6 1LN,60,30,30,25
IG6 1LQ,98,51,47,37
IG6 1LT,88,41,47,43
IG6 1LU,25,14,11,10
IG6 1LZ,17,8,9,8
IG6 1NB,3,1,2,2
IG6 1NE,41,19,22,17
IG6 1NF,135,60,75,39
IG6 1NG,90,47,43,27
IG6 1NH,21,12,9,4
IG6 1NJ,90,48,42,27
IG6 1NL,160,80,80,54
IG6 1NN,130,48,82,45
IG6 1NQ,48,27,21,16
IG6 1NT,65,37,28,27
IG6 1NU,25,14,11,10
IG6 1NX,56,29,27,19
IG6 1NY,51,23,28,16
IG6 1NZ,79,46,33,24
IG6 1PA,46,21,25,15
IG6 1PB,117,57,60,37
IG6 1PD,24,14,10,8
IG6 1PE,152,73,79,59
IG6 1PF,101,49,52,32
IG6 1PG,116,56,60,36
IG6 1PH,33,15,18,9
IG6 1PJ,131,69,62,45
IG6 1PL,97,46,51,30
IG6 1PN,25,10,15,10
IG6 1PP,19,9,10,7
IG6 1PQ,37,18,19,15
IG6 1PR,51,20,31,17
IG6 1PS,67,31,36,17
IG6 1PT,20,8,12,6
IG6 1PU,46,25,21,20
IG6 1PW,32,19,13,10
IG6 1QE,20,9,11,9
IG6 1QF,40,19,21,12
IG6 1QJ,54,29,25,16
IG6 1RA,23,4,19,19
IG6 1RB,5,2,3,4
IG6 1RD,7,4,3,5
IG6 1RE,7,4,3,5
IG6 1RF,4,0,4,4
IG6 1RG,3,1,2,3
IG6 1RH,5,1,4,4
IG6 1RJ,6,3,3,4
IG6 1RL,7,4,3,5
IG6 1RN,5,2,3,4
IG6 1RP,4,2,2,4
IG6 1RQ,5,2,3,4
IG6 1RR,12,4,8,11
IG6 2AA,20,14,6,9
IG6 2AD,9,4,5,5
IG6 2AG,69,29,40,24
IG6 2AH,5,3,2,2
IG6 2AJ,55,27,28,25
IG6 2AP,29,13,16,12
IG6 2AR,45,27,18,14
IG6 2AS,31,18,13,13
IG6 2AT,15,8,7,6
IG6 2AU,12,4,8,7
IG6 2AX,29,18,11,10
IG6 2AY,22,16,6,9
IG6 2AZ,94,48,46,31
IG6 2BA,42,16,26,13
IG6 2BB,42,19,23,15
IG6 2BD,81,42,39,28
IG6 2BE,5,3,2,3
IG6 2BG,106,48,58,36
IG6 2BH,11,5,6,4
IG6 2BJ,74,37,37,26
IG6 2BL,91,42,49,42
IG6 2BN,78,36,42,26
IG6 2BP,26,14,12,9
IG6 2BQ,71,34,37,23
IG6 2BS,89,41,48,57
IG6 2BW,108,54,54,34
IG6 2BX,11,5,6,6
IG6 2DA,8,5,3,4
IG6 2DB,28,15,13,9
IG6 2DD,8,6,2,5
IG6 2DE,16,11,5,7
IG6 2DF,1,1,0,1
IG6 2DG,14,9,5,4
IG6 2DH,49,23,26,17
IG6 2DJ,15,6,9,8
IG6 2DP,14,9,5,7
IG6 2DQ,1,1,0,1
IG6 2DS,32,14,18,10
IG6 2DZ,29,15,14,9
IG6 2EB,66,33,33,16
IG6 2ED,84,39,45,29
IG6 2EE,106,56,50,35
IG6 2EF,65,27,38,24
IG6 2EG,165,77,88,58
IG6 2EH,27,12,15,12
IG6 2EJ,15,4,11,8
IG6 2EL,42,26,16,20
IG6 2EN,110,54,56,33
IG6 2EQ,50,25,25,25
IG6 2EW,4,2,2,1
IG6 2EZ,36,20,16,15
IG6 2FD,21,9,12,12
IG6 2FE,10,6,4,2
IG6 2FF,17,9,8,8
IG6 2FH,28,12,16,10
IG6 2GD,42,17,25,19
IG6 2GE,54,23,31,20
IG6 2GG,81,41,40,29
IG6 2GH,71,33,38,35
IG6 2GL,56,24,32,16
IG6 2GN,47,22,25,40
IG6 2GP,72,39,33,18
IG6 2GQ,29,15,14,9
IG6 2GW,17,10,7,7
IG6 2GX,10,5,5,5
IG6 2GY,47,26,21,14
IG6 2HA,20,12,8,8
IG6 2HB,19,8,11,8
IG6 2HD,126,55,71,42
IG6 2HE,20,9,11,6
IG6 2HF,24,12,12,7
IG6 2HH,69,34,35,22
IG6 2HJ,36,18,18,15
IG6 2HL,85,39,46,41
IG6 2HN,3,1,2,2
IG6 2HP,35,16,19,19
IG6 2HQ,15,4,11,11
IG6 2HR,62,26,36,23
IG6 2HU,15,4,11,7
IG6 2HW,44,21,23,18
IG6 2HX,21,5,16,14
IG6 2HY,13,6,7,6
IG6 2HZ,56,24,32,21
IG6 2JA,89,45,44,29
IG6 2JD,5,1,4,1
IG6 2JE,71,34,37,32
IG6 2JF,53,24,29,26
IG6 2JG,93,43,50,39
IG6 2JH,40,21,19,32
IG6 2JJ,62,30,32,28
IG6 2JN,1,1,0,1
IG6 2JP,1,0,1,1
IG6 2JQ,73,32,41,24
IG6 2JR,7,5,2,3
IG6 2JT,8,4,4,3
IG6 2JU,3,1,2,1
IG6 2JX,84,38,46,27
IG6 2JY,88,43,45,27
IG6 2JZ,37,19,18,12
IG6 2LA,37,21,16,12
IG6 2LB,6,5,1,5
IG6 2LD,28,11,17,9
IG6 2LE,19,7,12,8
IG6 2LF,79,36,43,34
IG6 2LG,63,34,29,22
IG6 2LH,123,64,59,43
IG6 2LL,189,91,98,60
IG6 2LN,119,48,71,45
IG6 2LP,11,5,6,7
IG6 2LQ,93,44,49,32
IG6 2LR,44,23,21,14
IG6 2LS,69,29,40,23
IG6 2LT,89,41,48,35
IG6 2LU,43,17,26,20
IG6 2LW,89,47,42,28
IG6 2LX,81,41,40,29
IG6 2LY,86,47,39,24
IG6 2LZ,29,18,11,9
IG6 2NA,28,14,14,10
IG6 2NB,6,2,4,1
IG6 2ND,20,9,11,7
IG6 2NE,148,65,83,50
IG6 2NF,132,70,62,41
IG6 2NG,17,8,9,6
IG6 2NH,129,60,69,45
IG6 2NJ,93,44,49,32
IG6 2NL,120,65,55,45
IG6 2NN,113,46,67,39
IG6 2NP,127,66,61,45
IG6 2NQ,105,51,54,37
IG6 2NR,89,31,58,39
IG6 2NS,49,27,22,46
IG6 2NT,35,15,20,26
IG6 2NW,99,45,54,37
IG6 2PA,62,27,35,30
IG6 2PE,36,13,23,21
IG6 2PH,108,57,51,50
IG6 2PJ,156,79,77,51
IG6 2PL,126,65,61,55
IG6 2QB,11,8,3,4
IG6 2QE,12,7,5,4
IG6 2QF,17,9,8,11
IG6 2QG,52,26,26,23
IG6 2QH,19,8,11,6
IG6 2QJ,15,7,8,5
IG6 2QL,26,13,13,9
IG6 2QN,50,25,25,25
IG6 2QP,57,37,20,19
IG6 2QQ,36,15,21,11
IG6 2QR,38,19,19,13
IG6 2QS,139,70,69,47
IG6 2QT,34,16,18,17
IG6 2QU,117,63,54,42
IG6 2QX,93,51,42,41
IG6 2QY,128,53,75,58
IG6 2QZ,32,18,14,11
IG6 2RA,130,69,61,48
IG6 2RB,74,40,34,28
IG6 2RH,32,17,15,10
IG6 2RJ,31,17,14,12
IG6 2RL,47,20,27,14
IG6 2RN,63,32,31,20
IG6 2RP,72,36,36,30
IG6 2RQ,6,3,3,2
IG6 2RR,74,37,37,25
IG6 2RS,39,17,22,18
IG6 2RT,23,9,14,9
IG6 2RU,90,44,46,45
IG6 2RW,36,19,17,13
IG6 2RX,22,14,8,6
IG6 2RY,37,15,22,12
IG6 2RZ,39,21,18,13
IG6 2SA,13,7,6,6
IG6 2SB,49,27,22,16
IG6 2SD,95,48,47,31
IG6 2SE,14,8,6,5
IG6 2SG,72,38,34,31
IG6 2SH,94,44,50,39
IG6 2SJ,87,43,44,28
IG6 2SL,40,15,25,15
IG6 2SN,24,11,13,9
IG6 2SP,22,12,10,11
IG6 2SQ,112,52,60,39
IG6 2SR,126,56,70,71
IG6 2SS,11,5,6,4
IG6 2ST,86,36,50,31
IG6 2SX,116,67,49,41
IG6 2SY,18,7,11,8
IG6 2SZ,89,41,48,54
IG6 2TB,29,8,21,17
IG6 2TD,46,22,24,26
IG6 2TE,29,9,20,17
IG6 2TF,6,4,2,2
IG6 2TG,63,28,35,31
IG6 2TH,31,14,17,12
IG6 2TJ,89,47,42,32
IG6 2TL,21,9,12,6
IG6 2TN,65,33,32,22
IG6 2TP,78,39,39,29
IG6 2TQ,89,33,56,42
IG6 2TS,46,22,24,17
IG6 2TT,97,47,50,35
IG6 2TW,89,46,43,29
IG6 2UA,15,10,5,7
IG6 2UD,28,14,14,16
IG6 2UE,40,23,17,18
IG6 2UF,99,46,53,47
IG6 2UG,72,38,34,34
IG6 2UH,44,20,24,15
IG6 2UJ,95,45,50,40
IG6 2UP,6,4,2,2
IG6 2UQ,91,43,48,48
IG6 2UT,97,50,47,37
IG6 2UU,134,64,70,47
IG6 2UX,25,12,13,15
IG6 2UY,22,12,10,9
IG6 2XG,31,12,19,8
IG6 2XH,10,7,3,5
IG6 2XJ,52,24,28,23
IG6 2XL,108,56,52,32
IG6 2XN,97,47,50,34
IG6 2XP,34,18,16,20
IG6 2XQ,41,22,19,15
IG6 2XW,33,17,16,12
IG6 3AA,26,14,12,12
IG6 3AB,38,20,18,20
IG6 3AD,5,3,2,2
IG6 3AE,75,35,40,24
IG6 3AF,86,41,45,32
IG6 3AG,27,12,15,9
IG6 3AH,164,83,81,58
IG6 3AJ,132,59,73,46
IG6 3AL,125,56,69,41
IG6 3AN,34,18,16,12
IG6 3AP,31,17,14,11
IG6 3AQ,27,13,14,10
IG6 3AR,150,66,84,52
IG6 3AS,151,65,86,37
IG6 3AT,159,76,83,53
IG6 3AU,93,43,50,39
IG6 3AW,90,49,41,38
IG6 3AX,78,39,39,41
IG6 3AZ,89,43,46,42
IG6 3BA,74,32,42,39
IG6 3BB,9,5,4,6
IG6 3BD,35,20,15,15
IG6 3BE,110,51,59,40
IG6 3BG,19,9,10,6
IG6 3BH,69,29,40,33
IG6 3BJ,112,58,54,44
IG6 3BL,54,28,26,17
IG6 3BN,79,42,37,28
IG6 3BP,53,24,29,27
IG6 3BQ,68,33,35,38
IG6 3BS,62,34,28,22
IG6 3BT,12,6,6,5
IG6 3BW,45,22,23,14
IG6 3BZ,9,6,3,3
IG6 3DA,74,34,40,29
IG6 3DB,53,28,25,21
IG6 3DD,23,8,15,8
IG6 3DE,41,17,24,19
IG6 3DF,147,72,75,46
IG6 3DG,104,42,62,60
IG6 3DH,19,6,13,15
IG6 3DJ,64,26,38,24
IG6 3DN,38,16,22,18
IG6 3DP,22,5,17,11
IG6 3DQ,56,25,31,29
IG6 3DR,78,39,39,40
IG6 3DS,27,11,16,8
IG6 3DU,46,27,19,36
IG6 3DW,25,12,13,9
IG6 3DX,40,19,21,10
IG6 3DY,52,29,23,27
IG6 3DZ,97,46,51,45
IG6 3EA,92,43,49,49
IG6 3EB,46,22,24,18
IG6 3ED,63,24,39,32
IG6 3EE,81,38,43,33
IG6 3EF,56,30,26,16
IG6 3EG,51,24,27,26
IG6 3EH,69,35,34,22
IG6 3EJ,30,13,17,12
IG6 3EN,135,61,74,51
IG6 3EP,90,45,45,38
IG6 3EQ,13,5,8,6
IG6 3ER,69,36,33,37
IG6 3EW,40,17,23,24
IG6 3EY,29,13,16,15
IG6 3FB,3,1,2,1
IG6 3GJ,12,3,9,6
IG6 3GN,16,5,11,7
IG6 3GT,34,13,21,12
IG6 3HA,110,50,60,37
IG6 3HB,1,0,1,1
IG6 3HD,9,5,4,5
IG6 3HE,15,5,10,7
IG6 3HH,26,15,11,10
IG6 3HJ,6,4,2,3
IG6 3HN,2,2,0,2
IG6 3HQ,24,11,13,8
IG6 3HW,28,13,15,13
IG6 3JB,76,35,41,30
IG6 3SN,120,60,60,51
IG6 3SP,136,62,74,52
IG6 3SR,92,38,54,37
IG6 3SS,34,20,14,13
IG6 3ST,31,14,17,14
IG6 3SU,81,32,49,34
IG6 3SW,79,33,46,29
IG6 3SX,123,60,63,45
IG6 3SY,74,29,45,32
IG6 3TA,14,8,6,9
IG6 3TB,136,65,71,50
IG6 3TE,39,19,20,17
IG6 3TF,130,59,71,47
IG6 3TG,132,55,77,47
IG6 3TH,35,15,20,17
IG6 3TJ,87,44,43,38
IG6 3TL,143,65,78,55
IG6 3TN,130,65,65,57
IG6 3TQ,24,12,12,10
IG6 3TW,56,28,28,20
IG6 3XL,48,26,22,37
IG6 3XN,104,57,47,61
IG6 3XP,60,25,35,20
IG6 3XQ,36,15,21,18
IG6 3XR,20,11,9,8
IG6 3XS,22,10,12,10
IG6 3XT,71,35,36,25
IG6 3XW,138,69,69,52
IG7 4AA,36,19,17,18
IG7 4AB,119,59,60,55
IG7 4AD,112,48,64,51
IG7 4AE,33,17,16,17
IG7 4AF,24,9,15,11
IG7 4AG,14,4,10,6
IG7 4AH,81,42,39,35
IG7 4AJ,93,44,49,31
IG7 4AL,14,6,8,6
IG7 4AN,19,10,9,7
IG7 4AP,33,11,22,12
IG7 4AQ,24,13,11,7
IG7 4AR,31,15,16,12
IG7 4AS,50,23,27,17
IG7 4AT,38,19,19,13
IG7 4AU,28,13,15,11
IG7 4AW,59,28,31,26
IG7 4AX,100,56,44,38
IG7 4AY,86,39,47,41
IG7 4AZ,87,44,43,42
IG7 4BA,130,64,66,52
IG7 4BL,25,15,10,18
IG7 4BN,33,15,18,16
IG7 4BP,6,3,3,2
IG7 4BS,95,46,49,36
IG7 4BT,64,28,36,30
IG7 4BU,49,21,28,19
IG7 4BW,29,11,18,11
IG7 4BY,44,18,26,17
IG7 4DB,9,4,5,5
IG7 4DF,1,1,0,1
IG7 4DG,42,20,22,17
IG7 4DH,40,17,23,19
IG7 4DN,6,3,3,4
IG7 4DP,66,32,34,29
IG7 4DQ,23,9,14,11
IG7 4DR,66,28,38,20
IG7 4DS,21,10,11,8
IG7 4DU,54,22,32,21
IG7 4DW,39,24,15,16
IG7 4DX,17,6,11,7
IG7 4DY,42,20,22,18
IG7 4DZ,21,12,9,8
IG7 4EA,73,38,35,23
IG7 4EB,64,32,32,25
IG7 4ED,22,13,9,8
IG7 4EE,14,7,7,12
IG7 4EF,44,11,33,34
IG7 4EH,44,21,23,19
IG7 4EJ,38,17,21,17
IG7 4EL,133,60,73,49
IG7 4EN,107,51,56,50
IG7 4EP,59,30,29,16
IG7 4ER,107,51,56,34
IG7 4ES,98,48,50,31
IG7 4ET,55,24,31,18
IG7 4EU,60,28,32,27
IG7 4EX,124,63,61,39
IG7 4EY,72,31,41,38
IG7 4EZ,80,36,44,29
IG7 4HA,77,38,39,36
IG7 4HB,104,47,57,40
IG7 4HD,61,30,31,21
IG7 4HE,57,29,28,28
IG7 4HF,35,16,19,17
IG7 4HG,61,28,33,24
IG7 4HH,19,10,9,18
IG7 4HJ,16,10,6,5
IG7 4HL,48,23,25,21
IG7 4HN,84,40,44,30
IG7 4HP,60,26,34,19
IG7 4HQ,46,20,26,22
IG7 4HT,14,8,6,7
IG7 4HW,91,44,47,36
IG7 4JB,81,35,46,42
IG7 4JD,89,36,53,44
IG7 4JE,97,44,53,40
IG7 4JF,29,16,13,17
IG7 4JG,95,48,47,41
IG7 4JH,77,39,38,27
IG7 4JJ,113,54,59,56
IG7 4JL,11,6,5,7
IG7 4JQ,10,6,4,4
IG7 4JU,9,5,4,3
IG7 4JY,12,7,5,6
IG7 4LH,23,10,13,8
IG7 4LJ,55,26,29,21
IG7 4LN,59,25,34,22
IG7 4LP,15,6,9,11
IG7 4LR,38,18,20,13
IG7 4LS,84,40,44,29
IG7 4LT,75,30,45,29
IG7 4LU,95,50,45,40
IG7 4LW,74,35,39,27
IG7 4LX,93,44,49,32
IG7 4LY,57,22,35,24
IG7 4LZ,62,32,30,28
IG7 4NA,118,55,63,46
IG7 4NB,46,21,25,21
IG7 4ND,62,26,36,27
IG7 4NE,44,20,24,13
IG7 4NF,81,42,39,30
IG7 4NG,61,30,31,18
IG7 4NH,95,44,51,37
IG7 4NJ,51,22,29,20
IG7 4NL,92,50,42,33
IG7 4NQ,92,43,49,27
IG7 4NY,137,66,71,50
IG7 4NZ,36,20,16,14
IG7 4PA,17,7,10,15
IG7 4PB,42,19,23,14
IG7 4PD,39,16,23,17
IG7 4PE,36,20,16,18
IG7 4PF,47,21,26,17
IG7 4PG,40,17,23,15
IG7 4PH,46,22,24,18
IG7 4PJ,39,17,22,19
IG7 4PL,52,24,28,24
IG7 4PN,53,31,22,20
IG7 4PP,18,8,10,7
IG7 4PQ,40,23,17,15
IG7 4PR,15,10,5,4
IG7 4PW,86,39,47,40
IG7 4QB,61,30,31,21
IG7 4QD,5,1,4,3
IG7 4QE,15,5,10,8
IG7 4QF,24,11,13,9
IG7 4QG,32,16,16,11
IG7 4QH,48,21,27,19
IG7 4QJ,34,17,17,15
IG7 4QN,12,5,7,4
IG7 4QP,42,25,17,21
IG7 4QQ,43,22,21,17
IG7 4QS,42,21,21,14
IG7 4QT,26,9,17,7
IG7 4QU,53,24,29,21
IG7 4QW,3,2,1,1
IG7 4QX,27,13,14,11
IG7 4QY,67,34,33,33
IG7 4QZ,51,23,28,20
IG7 5AA,24,15,9,10
IG7 5AB,1,1,0,1
IG7 5AD,2,1,1,1
IG7 5AE,53,27,26,20
IG7 5AF,59,32,27,19
IG7 5AJ,26,13,13,25
IG7 5AL,23,15,8,12
IG7 5AR,8,4,4,5
IG7 5AS,16,7,9,7
IG7 5AT,21,9,12,6
IG7 5AU,18,10,8,9
IG7 5AX,101,47,54,32
IG7 5AY,80,40,40,26
IG7 5AZ,39,19,20,11
IG7 5BA,65,33,32,22
IG7 5BB,55,31,24,18
IG7 5BD,130,67,63,41
IG7 5BE,25,12,13,11
IG7 5BG,70,32,38,23
IG7 5BJ,37,18,19,11
IG7 5BN,15,6,9,11
IG7 5BP,92,50,42,30
IG7 5BQ,50,24,26,15
IG7 5BS,4,3,1,1
IG7 5BT,3,1,2,1
IG7 5BW,53,23,30,17
IG7 5BX,174,85,89,59
IG7 5BY,81,44,37,24
IG7 5DH,94,47,47,26
IG7 5DJ,15,7,8,7
IG7 5DL,128,64,64,36
IG7 5DN,25,13,12,9
IG7 5DP,81,23,58,1
IG7 5DQ,42,24,18,11
IG7 5DR,32,19,13,10
IG7 5DS,18,10,8,4
IG7 5DU,66,35,31,19
IG7 5DX,9,5,4,4
IG7 5DY,99,41,58,21
IG7 5DZ,44,21,23,19
IG7 5EA,53,24,29,32
IG7 5EB,31,18,13,14
IG7 5ED,99,43,56,30
IG7 5EP,141,74,67,40
IG7 5ER,98,46,52,31
IG7 5ES,29,18,11,13
IG7 5ET,76,34,42,30
IG7 5EU,57,26,31,27
IG7 5EW,37,12,25,25
IG7 5EX,15,5,10,9
IG7 5EY,20,8,12,10
IG7 5EZ,34,17,17,15
IG7 5GT,28,12,16,17
IG7 5HA,84,44,40,30
IG7 5HB,23,13,10,9
IG7 5HD,59,26,33,19
IG7 5HE,21,10,11,7
IG7 5HF,83,38,45,30
IG7 5HG,61,30,31,26
IG7 5HH,63,32,31,21
IG7 5HJ,90,41,49,41
IG7 5HQ,30,17,13,13
IG7 5HX,84,41,43,35
IG7 5HY,60,29,31,24
IG7 5HZ,85,42,43,37
IG7 5JA,98,42,56,33
IG7 5JB,96,44,52,24
IG7 5JD,110,58,52,39
IG7 5JF,86,35,51,27
IG7 5JG,137,60,77,71
IG7 5JH,22,13,9,13
IG7 5JN,100,49,51,60
IG7 5JP,114,51,63,66
IG7 5JQ,19,8,11,6
IG7 5JR,18,10,8,7
IG7 5JS,83,38,45,33
IG7 5JT,65,34,31,23
IG7 5JU,104,47,57,39
IG7 5JW,115,60,55,43
IG7 5JX,65,29,36,25
IG7 5JY,105,48,57,38
IG7 5JZ,22,11,11,12
IG7 5LA,81,33,48,31
IG7 5LB,77,38,39,31
IG7 5LD,62,24,38,25
IG7 5LE,62,24,38,27
IG7 5LF,14,8,6,5
IG7 5LH,27,10,17,8
IG7 5LN,36,17,19,15
IG7 5LR,59,27,32,24
IG7 5LS,22,10,12,9
IG7 5LT,94,43,51,34
IG7 5LU,65,31,34,25
IG7 5LW,34,16,18,11
IG7 5LX,82,39,43,33
IG7 5LY,30,14,16,11
IG7 5LZ,41,23,18,21
IG7 5NA,73,39,34,28
IG7 5NB,87,36,51,33
IG7 5ND,66,30,36,27
IG7 5NE,66,28,38,22
IG7 5NF,93,38,55,37
IG7 5NH,98,36,62,40
IG7 5NJ,102,45,57,40
IG7 5NL,45,16,29,18
IG7 5NN,25,14,11,13
IG7 5NP,58,29,29,21
IG7 5NQ,76,39,37,33
IG7 5NR,110,53,57,40
IG7 5NS,97,47,50,36
IG7 5NT,45,21,24,21
IG7 5NU,49,24,25,24
IG7 5NW,65,34,31,28
IG7 5NX,96,45,51,37
IG7 5NY,79,41,38,28
IG7 5PD,55,23,32,15
IG7 5PE,39,20,19,10
IG7 5PF,22,11,11,7
IG7 5PG,31,14,17,9
IG7 5PH,46,25,21,11
IG7 5PL,32,14,18,10
IG7 5PN,32,16,16,11
IG7 5PQ,47,26,21,14
IG7 5PR,30,17,13,9
IG7 5PS,10,8,2,7
IG7 5PT,15,6,9,9
IG7 5PU,27,13,14,21
IG7 5PW,8,5,3,4
IG7 5PX,41,24,17,14
IG7 5PY,35,17,18,20
IG7 5PZ,11,7,4,4
IG7 5QA,18,9,9,10
IG7 5QB,15,6,9,8
IG7 5QL,27,17,10,9
IG7 5QN,67,29,38,16
IG7 5QP,37,20,17,11
IG7 5QR,66,34,32,23
IG7 5QS,66,31,35,16
IG7 5QT,43,20,23,14
IG7 5QU,33,12,21,11
IG7 5QW,17,9,8,5
IG7 5QX,24,11,13,6
IG7 5QY,33,18,15,11
IG7 5QZ,17,8,9,6
IG7 5RA,17,7,10,5
IG7 5RB,36,17,19,9
IG7 5RD,74,36,38,26
IG7 5RE,22,10,12,6
IG7 5RF,48,25,23,24
IG7 5RG,37,20,17,18
IG7 6AA,27,12,15,11
IG7 6AB,45,26,19,14
IG7 6AD,73,36,37,24
IG7 6AF,63,35,28,18
IG7 6AG,68,35,33,20
IG7 6AH,52,25,27,21
IG7 6AJ,59,24,35,16
IG7 6AL,49,23,26,15
IG7 6AN,11,6,5,4
IG7 6AP,87,41,46,28
IG7 6AQ,53,26,27,15
IG7 6AR,23,9,14,17
IG7 6AT,33,15,18,11
IG7 6AW,38,20,18,14
IG7 6BD,2,1,1,2
IG7 6BE,27,12,15,6
IG7 6BH,8,4,4,2
IG7 6BJ,13,5,8,4
IG7 6BN,5,2,3,1
IG7 6BQ,5,4,1,1
IG7 6BX,8,5,3,4
IG7 6BY,53,29,24,18
IG7 6BZ,55,29,26,19
IG7 6DA,53,28,25,24
IG7 6DB,6,4,2,4
IG7 6DE,52,19,33,27
IG7 6DF,42,19,23,17
IG7 6DG,42,22,20,15
IG7 6DH,3,1,2,1
IG7 6DJ,10,5,5,3
IG7 6DL,38,20,18,14
IG7 6DN,15,7,8,6
IG7 6DP,34,9,25,6
IG7 6DQ,62,31,31,23
IG7 6DR,46,29,17,22
IG7 6DW,8,5,3,3
IG7 6DZ,36,19,17,10
IG7 6EB,29,14,15,13
IG7 6EE,42,24,18,20
IG7 6EF,24,11,13,8
IG7 6EG,30,16,14,10
IG7 6EH,32,10,22,12
IG7 6EJ,24,10,14,11
IG7 6EL,113,54,59,56
IG7 6EN,34,17,17,19
IG7 6EP,49,25,24,21
IG7 6EQ,61,29,32,27
IG7 6ES,111,53,58,49
IG7 6ET,40,18,22,18
IG7 6EU,106,47,59,40
IG7 6EW,14,6,8,5
IG7 6EX,42,21,21,16
IG7 6EY,53,25,28,26
IG7 6EZ,26,13,13,10
IG7 6HA,9,6,3,4
IG7 6HB,32,17,15,13
IG7 6HG,44,21,23,15
IG7 6HH,19,9,10,0
IG7 6HJ,8,3,5,4
IG7 6HL,19,8,11,11
IG7 6HN,70,36,34,25
IG7 6HP,32,18,14,13
IG7 6HR,41,22,19,18
IG7 6HS,124,53,71,50
IG7 6HT,11,3,8,6
IG7 6HU,66,30,36,25
IG7 6HW,49,27,22,17
IG7 6HX,46,22,24,18
IG7 6HZ,3,1,2,2
IG7 6JA,68,34,34,29
IG7 6JB,2,1,1,1
IG7 6JD,23,12,11,8
IG7 6JE,24,11,13,12
IG7 6JF,9,5,4,4
IG7 6JJ,26,13,13,10
IG7 6JL,48,27,21,18
IG7 6JN,20,12,8,6
IG7 6JP,22,13,9,7
IG7 6JQ,12,7,5,4
IG7 6JR,39,18,21,15
IG7 6JS,9,5,4,4
IG7 6JT,25,11,14,8
IG7 6JU,15,7,8,4
IG7 6JW,16,8,8,8
IG7 6LA,28,15,13,8
IG7 6LH,14,5,9,5
IG7 6LJ,22,10,12,8
IG7 6LL,35,15,20,12
IG7 6LN,13,8,5,8
IG7 6LP,59,35,24,19
IG7 6LQ,14,9,5,3
IG7 6LR,90,45,45,27
IG7 6LS,60,34,26,15
IG7 6LT,6,2,4,4
IG7 6LU,15,8,7,6
IG7 6LW,38,16,22,14
IG7 6LX,5,4,1,2
IG7 6LY,9,3,6,2
IG7 6LZ,6,3,3,2
IG7 6NA,12,6,6,6
IG7 6NB,88,44,44,46
IG7 6ND,96,51,45,49
IG7 6NF,54,29,25,18
IG7 6NG,56,28,28,22
IG7 6NN,10,3,7,5
IG7 6NQ,39,13,26,14
IG7 6NT,3,2,1,2
IG7 6NU,1,0,1,1
IG7 6NY,79,36,43,32
IG7 6NZ,27,13,14,11
IG7 6PA,54,29,25,19
IG7 6PB,11,5,6,6
IG7 6PF,3,2,1,1
IG7 6PH,29,12,17,14
IG7 6PJ,12,7,5,5
IG7 6PL,8,5,3,4
IG7 6PN,26,15,11,9
IG7 6PP,9,5,4,3
IG7 6PQ,21,10,11,10
IG7 6PR,69,36,33,23
IG7 6PS,9,5,4,3
IG7 6PT,24,13,11,8
IG7 6PU,21,9,12,12
IG7 6PW,40,20,20,14
IG7 6PY,27,12,15,17
IG7 6PZ,8,3,5,6
IG7 6QA,9,3,6,4
IG7 6QB,26,15,11,10
IG7 6QF,28,16,12,6
IG7 6QG,4,2,2,3
IG7 6QQ,42,22,20,19
IG7 6QT,21,9,12,7
IG7 6QU,22,11,11,9
IG7 6QX,44,21,23,14
IG8 0AA,16,7,9,11
IG8 0AL,37,20,17,15
IG8 0AN,30,13,17,16
IG8 0AP,25,10,15,11
IG8 0AR,49,18,31,20
IG8 0AS,34,16,18,12
IG8 0AT,38,17,21,12
IG8 0AU,41,19,22,16
IG8 0AW,36,15,21,15
IG8 0AX,52,28,24,16
IG8 0AY,65,32,33,24
IG8 0AZ,48,21,27,17
IG8 0BA,33,16,17,10
IG8 0BB,13,6,7,6
IG8 0BD,93,42,51,32
IG8 0BE,121,65,56,42
IG8 0BF,3,1,2,1
IG8 0BH,22,15,7,6
IG8 0BJ,20,9,11,8
IG8 0BL,17,6,11,7
IG8 0BN,159,81,78,53
IG8 0BP,42,23,19,12
IG8 0BQ,124,61,63,54
IG8 0BS,72,27,45,13
IG8 0BU,35,18,17,14
IG8 0BW,32,16,16,12
IG8 0DB,12,7,5,8
IG8 0DE,17,7,10,11
IG8 0DF,48,19,29,26
IG8 0DG,78,41,37,38
IG8 0DH,35,16,19,18
IG8 0DJ,30,13,17,18
IG8 0DL,92,42,50,45
IG8 0DN,59,27,32,36
IG8 0DP,101,32,69,13
IG8 0DQ,43,21,22,20
IG8 0DR,53,25,28,31
IG8 0DS,79,42,37,28
IG8 0DU,97,48,49,37
IG8 0DW,65,34,31,22
IG8 0DZ,13,8,5,4
IG8 0EA,102,52,50,51
IG8 0EB,78,45,33,54
IG8 0EF,70,40,30,29
IG8 0EG,119,56,63,48
IG8 0EJ,12,7,5,5
IG8 0EL,28,17,11,8
IG8 0EN,7,3,4,4
IG8 0EP,21,9,12,11
IG8 0ER,80,38,42,26
IG8 0ES,15,6,9,7
IG8 0ET,51,28,23,19
IG8 0EU,80,42,38,29
IG8 0EW,10,4,6,5
IG8 0EX,87,45,42,24
IG8 0EY,75,39,36,28
IG8 0EZ,14,7,7,6
IG8 0FB,5,2,3,4
IG8 0GD,19,7,12,13
IG8 0HA,21,8,13,8
IG8 0HB,23,12,11,10
IG8 0HD,28,14,14,14
IG8 0HE,2,1,1,2
IG8 0HG,4,2,2,2
IG8 0HL,31,17,14,18
IG8 0HQ,30,18,12,16
IG8 0HS,43,23,20,20
IG8 0JA,85,48,37,53
IG8 0JD,73,35,38,24
IG8 0JE,117,60,57,36
IG8 0JF,59,33,26,20
IG8 0JG,60,26,34,21
IG8 0JH,39,20,19,15
IG8 0JJ,50,20,30,16
IG8 0JL,62,30,32,25
IG8 0JN,64,28,36,21
IG8 0JP,43,24,19,17
IG8 0JQ,94,53,41,33
IG8 0JR,73,41,32,23
IG8 0JW,63,28,35,19
IG8 0LD,70,32,38,28
IG8 0LE,45,23,22,18
IG8 0LF,67,34,33,24
IG8 0LG,67,30,37,19
IG8 0LH,38,13,25,16
IG8 0LJ,18,9,9,7
IG8 0LL,78,40,38,22
IG8 0LN,70,29,41,23
IG8 0LP,61,33,28,20
IG8 0LQ,39,19,20,11
IG8 0LR,6,3,3,1
IG8 0LS,11,8,3,3
IG8 0LT,101,50,51,31
IG8 0LU,64,37,27,24
IG8 0LW,56,31,25,16
IG8 0LX,85,44,41,29
IG8 0NF,24,7,17,7
IG8 0NH,10,4,6,4
IG8 0NJ,43,22,21,16
IG8 0NN,112,55,57,33
IG8 0NP,4,2,2,2
IG8 0NR,9,5,4,4
IG8 0NS,64,31,33,23
IG8 0NU,31,13,18,13
IG8 0NW,88,43,45,24
IG8 0NX,14,6,8,4
IG8 0NY,81,38,43,32
IG8 0NZ,76,32,44,24
IG8 0PA,67,33,34,21
IG8 0PB,86,43,43,32
IG8 0PL,10,6,4,5
IG8 0PN,51,22,29,25
IG8 0PP,66,30,36,23
IG8 0PS,6,3,3,1
IG8 0PT,33,15,18,14
IG8 0PU,38,24,14,17
IG8 0PW,7,2,5,5
IG8 0PX,15,9,6,6
IG8 0PZ,16,5,11,4
IG8 0QA,97,50,47,36
IG8 0QB,39,20,19,14
IG8 0QD,19,9,10,6
IG8 0QE,50,24,26,16
IG8 0QF,60,31,29,18
IG8 0QG,61,24,37,25
IG8 0QH,20,7,13,7
IG8 0QJ,41,18,23,12
IG8 0QL,54,26,28,17
IG8 0QN,19,11,8,6
IG8 0QQ,67,32,35,21
IG8 0QW,8,4,4,3
IG8 0RA,13,8,5,3
IG8 0RB,20,15,5,4
IG8 0RD,28,12,16,15
IG8 0RE,15,8,7,6
IG8 0RF,2,1,1,1
IG8 0RG,12,6,6,5
IG8 0RH,53,30,23,29
IG8 0RJ,26,11,15,15
IG8 0RL,16,9,7,7
IG8 0RN,76,40,36,31
IG8 0RQ,142,76,66,46
IG8 0RR,3,2,1,2
IG8 0RS,91,48,43,37
IG8 0RU,74,36,38,33
IG8 0RW,89,42,47,46
IG8 0RX,8,3,5,5
IG8 0RY,7,4,3,4
IG8 0RZ,40,18,22,16
IG8 0SA,25,12,13,9
IG8 0SB,14,6,8,7
IG8 0SD,4,2,2,2
IG8 0SE,92,47,45,29
IG8 0SF,7,3,4,5
IG8 0SG,31,16,15,12
IG8 0SJ,57,27,30,33
IG8 0SL,53,21,32,33
IG8 0SN,37,19,18,24
IG8 0SP,3,2,1,1
IG8 0SR,28,13,15,17
IG8 0SS,15,6,9,10
IG8 0ST,20,10,10,11
IG8 0SU,16,10,6,10
IG8 0SW,25,12,13,12
IG8 0SX,8,4,4,4
IG8 0SY,50,21,29,31
IG8 0SZ,54,25,29,29
IG8 0TA,2,1,1,1
IG8 0TD,31,14,17,9
IG8 0TE,33,17,16,15
IG8 0TF,30,13,17,11
IG8 0TG,10,6,4,6
IG8 0TH,16,10,6,6
IG8 0TJ,68,35,33,39
IG8 0TL,60,25,35,21
IG8 0TN,40,21,19,16
IG8 0TQ,27,13,14,15
IG8 0TR,52,27,25,18
IG8 0TS,60,30,30,19
IG8 0TT,33,14,19,8
IG8 0TW,64,28,36,21
IG8 0TY,70,32,38,39
IG8 0TZ,28,14,14,9
IG8 0UA,28,12,16,15
IG8 0UB,8,3,5,5
IG8 0UE,58,28,30,34
IG8 0UG,14,11,3,7
IG8 0UH,38,19,19,24
IG8 0UJ,27,14,13,12
IG8 0UL,55,29,26,27
IG8 0UN,25,16,9,10
IG8 0UP,16,8,8,7
IG8 0US,7,2,5,6
IG8 0UW,44,20,24,24
IG8 0XA,3,1,2,1
IG8 0XE,18,11,7,10
IG8 0XG,8,5,3,3
IG8 0XQ,9,6,3,4
IG8 0XS,23,12,11,10
IG8 7AA,94,43,51,34
IG8 7AB,76,41,35,26
IG8 7AD,131,61,70,45
IG8 7AE,68,30,38,22
IG8 7AF,70,37,33,23
IG8 7AG,57,32,25,18
IG8 7AQ,53,27,26,23
IG8 7AX,84,37,47,23
IG8 7AY,114,57,57,29
IG8 7AZ,61,27,34,22
IG8 7BA,144,61,83,40
IG8 7BB,199,91,108,64
IG8 7BD,208,100,108,66
IG8 7BE,210,95,115,64
IG8 7BF,14,10,4,9
IG8 7BG,199,77,122,67
IG8 7BH,82,56,26,51
IG8 7BJ,82,46,36,58
IG8 7BL,76,49,27,48
IG8 7BQ,102,66,36,58
IG8 7BT,14,8,6,5
IG8 7BX,34,15,19,15
IG8 7BY,116,61,55,46
IG8 7BZ,2,1,1,1
IG8 7DA,88,46,42,30
IG8 7DB,63,29,34,19
IG8 7DD,60,27,33,22
IG8 7DE,18,10,8,11
IG8 7DF,59,34,25,27
IG8 7DG,112,54,58,44
IG8 7DH,42,19,23,18
IG8 7DJ,79,39,40,26
IG8 7DL,38,20,18,12
IG8 7DN,104,48,56,32
IG8 7DP,69,33,36,23
IG8 7DR,34,19,15,11
IG8 7DS,27,14,13,15
IG8 7DU,66,32,34,24
IG8 7DW,38,18,20,12
IG8 7DX,52,23,29,20
IG8 7EH,23,11,12,9
IG8 7EN,83,42,41,30
IG8 7EP,93,49,44,38
IG8 7EQ,23,9,14,12
IG8 7ER,27,13,14,8
IG8 7ES,54,33,21,29
IG8 7ET,99,44,55,31
IG8 7EU,89,40,49,34
IG8 7EW,63,33,30,32
IG8 7EX,128,63,65,49
IG8 7EY,6,3,3,2
IG8 7EZ,133,63,70,50
IG8 7GE,10,7,3,9
IG8 7GF,18,8,10,5
IG8 7GG,14,7,7,3
IG8 7GJ,24,10,14,7
IG8 7GL,25,10,15,7
IG8 7GN,24,14,10,7
IG8 7HA,74,33,41,28
IG8 7HB,11,7,4,4
IG8 7HD,35,15,20,13
IG8 7HE,28,19,9,9
IG8 7HF,76,42,34,22
IG8 7HG,104,46,58,38
IG8 7HH,55,24,31,26
IG8 7HQ,71,34,37,23
IG8 7HS,67,35,32,29
IG8 7HT,2,1,1,1
IG8 7HU,9,5,4,4
IG8 7HX,20,12,8,11
IG8 7HY,31,16,15,13
IG8 7HZ,15,8,7,8
IG8 7JA,11,9,2,8
IG8 7JB,38,16,22,23
IG8 7JD,13,8,5,6
IG8 7JE,57,25,32,25
IG8 7JF,87,41,46,30
IG8 7JH,77,38,39,28
IG8 7JJ,62,33,29,24
IG8 7JL,46,25,21,25
IG8 7JP,53,25,28,20
IG8 7JQ,4,2,2,1
IG8 7JR,78,34,44,28
IG8 7JS,50,15,35,18
IG8 7JT,59,29,30,23
IG8 7JU,140,66,74,51
IG8 7JW,59,29,30,18
IG8 7JX,5,1,4,4
IG8 7JY,46,20,26,16
IG8 7JZ,54,25,29,24
IG8 7LA,34,15,19,14
IG8 7LD,136,73,63,58
IG8 7LE,66,31,35,31
IG8 7LF,103,53,50,44
IG8 7LJ,63,30,33,27
IG8 7LL,90,43,47,33
IG8 7LN,131,63,68,48
IG8 7LP,31,13,18,12
IG8 7LR,65,34,31,24
IG8 7LS,104,50,54,33
IG8 7LW,71,29,42,21
IG8 7LX,29,12,17,12
IG8 7LY,26,8,18,12
IG8 7LZ,7,4,3,3
IG8 7NA,81,50,31,40
IG8 7NB,44,21,23,39
IG8 7ND,171,85,86,74
IG8 7NE,30,17,13,22
IG8 7NF,140,68,72,54
IG8 7NG,44,22,22,19
IG8 7NH,87,51,36,33
IG8 7NJ,44,21,23,28
IG8 7NL,25,11,14,7
IG8 7NN,28,15,13,15
IG8 7NP,101,45,56,50
IG8 7NQ,78,41,37,34
IG8 7NR,107,47,60,51
IG8 7NS,46,19,27,22
IG8 7NT,39,21,18,16
IG8 7NU,49,25,24,25
IG8 7NW,124,61,63,54
IG8 7NX,18,10,8,7
IG8 7NZ,45,24,21,26
IG8 7PA,36,20,16,21
IG8 7PB,83,36,47,32
IG8 7PE,72,33,39,28
IG8 7PG,22,11,11,16
IG8 7PJ,22,11,11,9
IG8 7PL,147,61,86,46
IG8 7QF,16,8,8,7
IG8 7QG,21,12,9,9
IG8 7QH,83,38,45,35
IG8 7QJ,59,27,32,22
IG8 7QL,56,29,27,21
IG8 7QN,20,10,10,8
IG8 7QP,18,7,11,8
IG8 7QQ,10,4,6,5
IG8 7QR,33,18,15,15
IG8 7QS,24,10,14,8
IG8 7QT,12,5,7,6
IG8 7QU,59,29,30,20
IG8 7QW,24,10,14,12
IG8 7QX,11,5,6,4
IG8 7QY,7,4,3,4
IG8 7QZ,60,32,28,20
IG8 7RA,33,13,20,12
IG8 7RB,58,31,27,20
IG8 7RD,35,16,19,12
IG8 7RE,57,26,31,20
IG8 7RF,41,21,20,12
IG8 7RG,41,21,20,18
IG8 7RH,70,39,31,23
IG8 7RJ,33,18,15,12
IG8 7RL,50,25,25,16
IG8 7RN,47,22,25,16
IG8 7RQ,32,15,17,12
IG8 8AA,23,12,11,8
IG8 8AB,124,62,62,48
IG8 8AF,11,4,7,6
IG8 8AG,134,64,70,47
IG8 8AJ,37,17,20,15
IG8 8AL,19,9,10,11
IG8 8AN,49,29,20,30
IG8 8AP,28,11,17,24
IG8 8AQ,21,10,11,12
IG8 8AR,17,10,7,11
IG8 8AS,55,29,26,19
IG8 8AT,5,3,2,4
IG8 8AU,61,19,42,21
IG8 8AW,4,3,1,4
IG8 8AY,6,2,4,2
IG8 8AZ,63,31,32,26
IG8 8BA,65,34,31,24
IG8 8BB,62,33,29,20
IG8 8BD,112,45,67,50
IG8 8BE,144,61,83,57
IG8 8BF,17,10,7,10
IG8 8BG,11,6,5,5
IG8 8BH,72,36,36,32
IG8 8BJ,40,15,25,21
IG8 8BL,80,33,47,36
IG8 8BN,2,1,1,2
IG8 8BP,15,8,7,8
IG8 8BQ,29,10,19,12
IG8 8BS,10,5,5,4
IG8 8BT,5,4,1,2
IG8 8BU,6,4,2,5
IG8 8BW,17,8,9,12
IG8 8BX,8,5,3,3
IG8 8DD,42,17,25,17
IG8 8DE,22,12,10,11
IG8 8DF,53,24,29,22
IG8 8DG,16,8,8,8
IG8 8DH,86,44,42,31
IG8 8DJ,111,55,56,39
IG8 8DL,102,45,57,35
IG8 8DN,72,33,39,27
IG8 8DP,85,36,49,28
IG8 8DQ,15,8,7,7
IG8 8DR,88,33,55,33
IG8 8DS,38,17,21,12
IG8 8DU,156,71,85,52
IG8 8DW,134,69,65,44
IG8 8DX,35,19,16,16
IG8 8DY,62,31,31,23
IG8 8DZ,48,26,22,24
IG8 8EA,117,56,61,46
IG8 8EB,50,26,24,16
IG8 8ED,115,48,67,65
IG8 8EE,43,21,22,20
IG8 8EF,30,16,14,15
IG8 8EH,63,32,31,28
IG8 8EJ,34,19,15,21
IG8 8EN,29,14,15,11
IG8 8EP,11,3,8,7
IG8 8EQ,26,12,14,15
IG8 8ER,7,0,7,0
IG8 8EU,2,1,1,1
IG8 8FD,67,37,30,28
IG8 8FE,1,1,0,1
IG8 8GG,4,3,1,3
IG8 8GJ,20,11,9,11
IG8 8GN,72,35,37,21
IG8 8GP,17,8,9,10
IG8 8GQ,12,7,5,6
IG8 8GR,27,12,15,15
IG8 8GS,31,15,16,16
IG8 8GT,103,51,52,29
IG8 8GU,90,43,47,31
IG8 8GW,54,28,26,16
IG8 8HP,30,14,16,14
IG8 8HU,49,24,25,20
IG8 8HW,65,34,31,42
IG8 8HX,65,35,30,24
IG8 8HY,38,21,17,16
IG8 8HZ,33,12,21,14
IG8 8JA,121,56,65,42
IG8 8JB,100,49,51,42
IG8 8JD,88,42,46,37
IG8 8JE,55,23,32,20
IG8 8JF,73,31,42,32
IG8 8JG,79,36,43,32
IG8 8JH,90,46,44,31
IG8 8JJ,89,48,41,33
IG8 8JL,61,31,30,25
IG8 8JN,77,30,47,33
IG8 8JP,92,49,43,34
IG8 8JQ,79,42,37,28
IG8 8JR,112,56,56,45
IG8 8JW,86,41,45,35
IG8 8JX,10,5,5,4
IG8 8LE,14,7,7,4
IG8 8LG,6,4,2,2
IG8 8LH,178,76,102,54
IG8 8LJ,110,51,59,40
IG8 8LL,85,41,44,25
IG8 8LN,35,19,16,14
IG8 8LP,42,21,21,19
IG8 8LQ,20,8,12,7
IG8 8LR,77,40,37,23
IG8 8LS,87,49,38,29
IG8 8LT,79,37,42,26
IG8 8LU,87,43,44,26
IG8 8LW,45,22,23,22
IG8 8LX,146,73,73,49
IG8 8NA,4,0,4,2
IG8 8NF,17,10,7,9
IG8 8NG,49,26,23,19
IG8 8NH,69,35,34,30
IG8 8NJ,15,9,6,9
IG8 8NL,63,38,25,32
IG8 8NN,74,35,39,24
IG8 8NQ,27,15,12,12
IG8 8NR,57,26,31,28
IG8 8NS,34,18,16,20
IG8 8NT,28,16,12,17
IG8 8NW,30,15,15,10
IG8 8PA,52,25,27,19
IG8 8PB,53,26,27,21
IG8 8PD,53,26,27,18
IG8 8PE,18,8,10,7
IG8 8PF,43,19,24,15
IG8 8PH,79,31,48,35
IG8 8PJ,82,41,41,37
IG8 8PL,103,55,48,41
IG8 8PP,70,38,32,27
IG8 8PT,49,20,29,15
IG8 8PX,86,40,46,27
IG8 8QB,26,13,13,18
IG8 8QD,32,15,17,12
IG8 8QE,21,14,7,8
IG8 8QF,61,26,35,33
IG8 8QG,70,30,40,28
IG8 8QH,116,61,55,34
IG8 8QJ,18,8,10,7
IG8 8QL,17,8,9,6
IG8 8QN,37,17,20,16
IG8 8QP,92,51,41,29
IG8 8QQ,89,44,45,37
IG8 8QR,36,15,21,13
IG8 8QS,90,47,43,30
IG8 8QT,88,44,44,27
IG8 8QU,29,15,14,11
IG8 8QW,82,40,42,30
IG8 8RD,11,4,7,5
IG8 8RE,24,12,12,11
IG8 8RF,17,10,7,8
IG8 8RG,15,9,6,8
IG8 8RH,12,5,7,7
IG8 8RJ,31,18,13,18
IG8 8RL,22,15,7,11
IG8 8RN,49,23,26,25
IG8 8RP,18,6,12,8
IG8 8RQ,26,13,13,11
IG8 8RR,6,5,1,2
IG8 8RT,38,21,17,22
IG8 8RW,31,15,16,13
IG8 8RZ,118,63,55,33
IG8 8SA,7,3,4,3
IG8 9AA,90,47,43,30
IG8 9AB,107,49,58,46
IG8 9AD,42,17,25,16
IG8 9AE,62,32,30,20
IG8 9AF,123,54,69,57
IG8 9AH,47,23,24,20
IG8 9AJ,50,27,23,17
IG8 9AL,82,42,40,32
IG8 9AN,75,36,39,27
IG8 9AP,136,69,67,48
IG8 9AQ,31,16,15,19
IG8 9AR,27,11,16,9
IG8 9AS,18,11,7,7
IG8 9AT,43,24,19,24
IG8 9AU,36,19,17,13
IG8 9AW,43,22,21,17
IG8 9AX,48,23,25,17
IG8 9AY,71,26,45,58
IG8 9BH,5,1,4,4
IG8 9BJ,13,5,8,3
IG8 9BN,116,57,59,53
IG8 9BP,73,29,44,26
IG8 9BS,73,33,40,23
IG8 9BT,40,23,17,11
IG8 9BU,83,40,43,29
IG8 9BW,60,26,34,22
IG8 9BX,51,24,27,16
IG8 9BY,8,3,5,2
IG8 9BZ,74,39,35,25
IG8 9DA,98,41,57,31
IG8 9DB,25,11,14,15
IG8 9DD,167,78,89,57
IG8 9DE,96,46,50,36
IG8 9DF,14,5,9,5
IG8 9DG,87,47,40,31
IG8 9DP,13,8,5,5
IG8 9DQ,112,58,54,39
IG8 9DR,33,16,17,12
IG8 9DS,41,16,25,17
IG8 9DU,4,1,3,1
IG8 9DX,14,7,7,6
IG8 9DY,151,66,85,50
IG8 9DZ,104,55,49,34
IG8 9EA,114,61,53,40
IG8 9EB,56,32,24,19
IG8 9EF,83,39,44,38
IG8 9EH,127,65,62,49
IG8 9EL,67,37,30,22
IG8 9EQ,118,67,51,47
IG8 9EY,46,22,24,30
IG8 9EZ,14,8,6,7
IG8 9FB,37,16,21,22
IG8 9GT,72,38,34,31
IG8 9GX,41,22,19,14
IG8 9HA,34,16,18,15
IG8 9HB,59,30,29,24
IG8 9HD,12,7,5,5
IG8 9HE,38,21,17,20
IG8 9HF,119,64,55,54
IG8 9HH,25,13,12,16
IG8 9HJ,14,8,6,4
IG8 9HL,69,38,31,25
IG8 9HN,51,24,27,17
IG8 9HP,91,43,48,31
IG8 9HQ,38,24,14,19
IG8 9HR,58,30,28,18
IG8 9HS,61,31,30,20
IG8 9HT,89,46,43,32
IG8 9HU,14,8,6,5
IG8 9HW,89,42,47,32
IG8 9HX,18,10,8,6
IG8 9HY,55,27,28,20
IG8 9HZ,33,16,17,13
IG8 9JH,17,9,8,8
IG8 9JJ,11,8,3,6
IG8 9JL,53,27,26,24
IG8 9JN,106,49,57,39
IG8 9JP,40,14,26,12
IG8 9JR,67,38,29,26
IG8 9JS,25,6,19,11
IG8 9JT,86,42,44,46
IG8 9JU,51,18,33,46
IG8 9JW,46,23,23,31
IG8 9LA,4,1,3,1
IG8 9LB,5,2,3,1
IG8 9LD,35,14,21,20
IG8 9LF,120,44,76,54
IG8 9LG,117,61,56,37
IG8 9LH,7,4,3,6
IG8 9LL,47,20,27,22
IG8 9LP,10,5,5,4
IG8 9LQ,125,63,62,40
IG8 9LR,30,14,16,12
IG8 9LS,22,15,7,10
IG8 9LU,7,3,4,3
IG8 9LW,12,4,8,10
IG8 9LX,23,11,12,12
IG8 9LY,19,10,9,11
IG8 9LZ,112,54,58,42
IG8 9NB,130,53,77,35
IG8 9ND,54,31,23,21
IG8 9NE,110,54,56,39
IG8 9NF,154,78,76,51
IG8 9NG,153,80,73,49
IG8 9NH,16,9,7,9
IG8 9NQ,21,10,11,11
IG8 9NR,74,42,32,29
IG8 9NS,28,14,14,11
IG8 9NT,50,26,24,16
IG8 9NU,88,44,44,25
IG8 9NX,5,4,1,3
IG8 9NZ,14,8,6,6
IG8 9PA,59,24,35,23
IG8 9PB,57,17,40,36
IG8 9PD,57,28,29,18
IG8 9PE,16,5,11,12
IG8 9PF,14,10,4,11
IG8 9PG,14,7,7,5
IG8 9PH,52,25,27,20
IG8 9PJ,67,28,39,24
IG8 9PL,66,31,35,25
IG8 9PN,33,17,16,11
IG8 9PQ,52,25,27,17
IG8 9PR,102,52,50,33
IG8 9PS,4,2,2,2
IG8 9PT,107,48,59,37
IG8 9PU,57,30,27,23
IG8 9PW,76,33,43,27
IG8 9PX,37,17,20,14
IG8 9PY,93,41,52,31
IG8 9QH,19,10,9,7
IG8 9QL,16,4,12,6
IG8 9QN,85,30,55,43
IG8 9QP,12,5,7,7
IG8 9QQ,45,8,37,42
IG8 9QR,81,37,44,25
IG8 9QS,70,38,32,38
IG8 9QT,76,34,42,36
IG8 9QU,70,34,36,19
IG8 9QW,7,4,3,4
IG8 9QX,99,49,50,36
IG8 9QY,101,40,61,44
IG8 9QZ,67,33,34,24
IG8 9RA,66,30,36,21
IG8 9RB,72,33,39,26
IG8 9RD,54,26,28,16
IG8 9RE,86,42,44,31
IG8 9RF,28,12,16,9
IG8 9RG,100,53,47,32
IG8 9RS,98,48,50,37
IG8 9RT,16,6,10,8
IG8 9RU,19,10,9,9
IG8 9RX,15,8,7,8
IG8 9RY,1,1,0,1
IG8 9RZ,15,7,8,9
IG8 9SA,11,8,3,9
IG8 9SB,9,9,0,8
IG8 9SD,9,3,6,8
IG8 9SE,9,8,1,8
IG8 9SF,7,4,3,2
IG8 9SG,7,3,4,4
IG8 9SH,6,3,3,4
IG8 9SJ,11,4,7,4
IG8 9SL,7,2,5,4
IG8 9SN,11,5,6,9
IG8 9SP,14,5,9,9
IG8 9SQ,8,6,2,5
IG8 9SR,14,8,6,9
IG8 9SS,34,20,14,11
IG8 9ST,37,19,18,14
IG8 9SW,8,5,3,7
IG8 9SX,20,9,11,6
IG8 9SY,35,20,15,9
IG8 9SZ,85,37,48,31
IG8 9TA,29,13,16,12
IG8 9TB,15,9,6,6
IG8 9TD,26,15,11,18
IG8 9TE,65,30,35,35
IG8 9TF,11,3,8,6
IG8 9TG,60,26,34,20
IG8 9TL,16,4,12,7
IG9 5AA,84,44,40,27
IG9 5AB,109,58,51,34
IG9 5AD,74,38,36,28
IG9 5AE,74,33,41,31
IG9 5AF,30,14,16,12
IG9 5AG,68,33,35,28
IG9 5AH,89,50,39,32
IG9 5AJ,13,4,9,5
IG9 5AQ,20,12,8,8
IG9 5AT,18,3,15,11
IG9 5AX,24,11,13,9
IG9 5AY,24,10,14,14
IG9 5AZ,44,24,20,22
IG9 5BD,31,16,15,16
IG9 5BF,13,7,6,6
IG9 5BH,52,23,29,24
IG9 5BJ,33,14,19,13
IG9 5BL,27,15,12,11
IG9 5BN,26,16,10,15
IG9 5BS,44,20,24,15
IG9 5BU,13,7,6,8
IG9 5BW,28,16,12,14
IG9 5BY,39,22,17,22
IG9 5BZ,18,14,4,12
IG9 5DJ,60,29,31,24
IG9 5DN,51,24,27,29
IG9 5DP,35,17,18,16
IG9 5DR,58,24,34,22
IG9 5DS,34,18,16,15
IG9 5DT,25,13,12,16
IG9 5DU,28,14,14,12
IG9 5DW,38,18,20,16
IG9 5DX,56,30,26,26
IG9 5DY,13,7,6,7
IG9 5DZ,130,60,70,53
IG9 5EA,9,3,6,6
IG9 5EB,10,8,2,8
IG9 5EE,73,38,35,35
IG9 5EF,27,10,17,10
IG9 5EG,19,10,9,8
IG9 5EH,7,3,4,3
IG9 5ER,24,11,13,12
IG9 5ES,60,32,28,26
IG9 5EW,11,2,9,10
IG9 5HA,23,10,13,8
IG9 5HD,29,13,16,18
IG9 5HE,10,5,5,4
IG9 5HF,16,6,10,6
IG9 5HG,35,12,23,9
IG9 5HH,42,19,23,20
IG9 5HL,17,8,9,6
IG9 5HN,34,15,19,19
IG9 5HP,59,28,31,27
IG9 5HQ,13,7,6,4
IG9 5HR,13,9,4,9
IG9 5HS,27,13,14,12
IG9 5HT,10,5,5,4
IG9 5HW,98,45,53,60
IG9 5HY,17,9,8,12
IG9 5HZ,22,9,13,8
IG9 5JA,31,16,15,11
IG9 5JB,33,13,20,14
IG9 5JD,35,16,19,22
IG9 5JE,65,31,34,40
IG9 5JG,77,36,41,30
IG9 5JH,30,15,15,9
IG9 5JJ,16,9,7,9
IG9 5JL,49,25,24,16
IG9 5JN,41,19,22,17
IG9 5JP,8,5,3,6
IG9 5JQ,10,5,5,5
IG9 5JR,17,9,8,8
IG9 5JS,7,5,2,3
IG9 5JT,39,21,18,12
IG9 5JU,30,15,15,19
IG9 5JW,45,21,24,16
IG9 5JZ,74,33,41,29
IG9 5LF,97,41,56,35
IG9 5LG,58,40,18,20
IG9 5LH,27,13,14,11
IG9 5LJ,7,5,2,6
IG9 5LL,4,2,2,2
IG9 5LN,25,16,9,14
IG9 5LP,42,23,19,17
IG9 5LS,20,7,13,12
IG9 5LT,21,11,10,8
IG9 5LU,29,14,15,15
IG9 5LW,47,18,29,15
IG9 5NE,10,5,5,6
IG9 5NF,44,23,21,16
IG9 5NG,11,7,4,3
IG9 5NH,45,22,23,21
IG9 5NJ,31,10,21,27
IG9 5NL,21,10,11,15
IG9 5NN,15,10,5,9
IG9 5NP,63,35,28,21
IG9 5NQ,37,17,20,19
IG9 5NR,52,24,28,23
IG9 5NS,62,34,28,29
IG9 5NT,15,5,10,9
IG9 5NU,13,6,7,10
IG9 5NW,42,18,24,15
IG9 5NX,30,12,18,16
IG9 5NZ,41,17,24,25
IG9 5PA,59,29,30,25
IG9 5PD,70,41,29,23
IG9 5PE,71,35,36,26
IG9 5PF,57,26,31,21
IG9 5PG,103,52,51,35
IG9 5PH,25,15,10,15
IG9 5PJ,16,7,9,7
IG9 5PL,73,35,38,29
IG9 5PN,11,5,6,3
IG9 5PQ,74,33,41,31
IG9 5PW,55,23,32,22
IG9 5QB,20,9,11,7
IG9 5QE,68,34,34,25
IG9 5QF,98,50,48,39
IG9 5QG,4,2,2,2
IG9 5QH,20,11,9,11
IG9 5QJ,84,41,43,29
IG9 5QL,73,18,55,1
IG9 5QN,44,23,21,17
IG9 5QP,21,10,11,8
IG9 5QQ,72,36,36,25
IG9 5QR,17,8,9,8
IG9 5QS,6,3,3,3
IG9 5QT,20,9,11,11
IG9 5QU,53,26,27,21
IG9 5QW,97,51,46,33
IG9 5QX,83,40,43,27
IG9 5QZ,22,12,10,16
IG9 5RA,36,15,21,17
IG9 5RB,90,39,51,29
IG9 5RD,61,20,41,16
IG9 5RF,34,19,15,20
IG9 5RH,41,18,23,30
IG9 5RL,9,5,4,5
IG9 5RN,31,17,14,20
IG9 5RP,21,10,11,7
IG9 5RQ,22,11,11,8
IG9 5RR,27,14,13,9
IG9 5RS,81,40,41,32
IG9 5RT,10,4,6,6
IG9 5RU,51,24,27,17
IG9 5RW,26,11,15,7
IG9 5RX,26,13,13,9
IG9 5RY,66,33,33,30
IG9 5SA,67,29,38,24
IG9 5SB,113,49,64,38
IG9 5SF,6,2,4,3
IG9 5SG,90,45,45,29
IG9 5SH,46,20,26,36
IG9 5SJ,10,5,5,3
IG9 5SL,36,19,17,11
IG9 5SN,19,8,11,7
IG9 5SP,65,27,38,36
IG9 5SQ,56,23,33,35
IG9 5SR,32,14,18,15
IG9 5SS,20,10,10,14
IG9 5SW,126,51,75,59
IG9 5TB,29,11,18,9
IG9 5TD,69,34,35,29
IG9 5TE,76,40,36,45
IG9 5TF,136,62,74,50
IG9 5TG,6,3,3,2
IG9 5TJ,33,18,15,22
IG9 5TL,61,32,29,23
IG9 5TN,91,37,54,33
IG9 5TP,15,6,9,7
IG9 5TQ,21,6,15,7
IG9 5TR,15,8,7,7
IG9 5TS,51,23,28,28
IG9 5TT,25,13,12,14
IG9 5TW,37,16,21,10
IG9 5TY,25,10,15,13
IG9 5TZ,43,24,19,19
IG9 5UA,14,7,7,5
IG9 5UB,10,3,7,6
IG9 5UE,72,40,32,41
IG9 5UF,44,20,24,28
IG9 5UG,39,22,17,23
IG9 6AA,32,17,15,12
IG9 6AB,97,43,54,38
IG9 6AD,35,18,17,12
IG9 6AE,31,13,18,17
IG9 6AF,53,23,30,21
IG9 6AG,33,19,14,10
IG9 6AH,67,32,35,22
IG9 6AJ,12,6,6,7
IG9 6AL,18,8,10,6
IG9 6AN,11,4,7,6
IG9 6AP,133,67,66,50
IG9 6AQ,75,35,40,25
IG9 6AR,75,28,47,30
IG9 6AS,100,46,54,37
IG9 6AW,146,73,73,60
IG9 6BA,15,10,5,8
IG9 6BB,39,20,19,12
IG9 6BD,52,12,40,50
IG9 6BF,49,21,28,20
IG9 6BH,5,4,1,4
IG9 6BJ,92,47,45,33
IG9 6BL,38,17,21,15
IG9 6BN,43,20,23,15
IG9 6BP,66,31,35,30
IG9 6BQ,36,14,22,16
IG9 6BS,41,22,19,16
IG9 6BT,97,53,44,34
IG9 6BU,98,49,49,32
IG9 6BW,53,23,30,17
IG9 6BX,112,44,68,38
IG9 6BY,117,60,57,40
IG9 6BZ,88,46,42,39
IG9 6DA,15,6,9,6
IG9 6DF,32,18,14,21
IG9 6DH,26,12,14,14
IG9 6DJ,84,33,51,45
IG9 6DL,22,10,12,16
IG9 6DN,53,22,31,24
IG9 6DP,53,24,29,28
IG9 6DS,114,43,71,18
IG9 6DT,17,6,11,6
IG9 6DU,61,26,35,23
IG9 6DW,69,29,40,40
IG9 6DX,45,20,25,26
IG9 6DY,58,29,29,22
IG9 6EA,18,8,10,10
IG9 6ED,57,31,26,22
IG9 6EF,73,25,48,59
IG9 6EG,77,37,40,66
IG9 6EH,41,21,20,22
IG9 6EJ,116,57,59,69
IG9 6EL,115,51,64,39
IG9 6EN,88,41,47,28
IG9 6EP,119,58,61,42
IG9 6ER,59,26,33,24
IG9 6ES,82,42,40,35
IG9 6ET,50,30,20,20
IG9 6EU,12,9,3,6
IG9 6EW,73,38,35,27
IG9 6EX,112,59,53,39
IG9 6EZ,106,55,51,35
IG9 6GQ,20,10,10,11
IG9 6HD,33,20,13,21
IG9 6HH,10,7,3,7
IG9 6HJ,63,35,28,22
IG9 6HL,28,13,15,12
IG9 6HN,25,10,15,14
IG9 6HP,139,67,72,52
IG9 6HR,63,32,31,25
IG9 6HS,83,43,40,30
IG9 6HT,78,44,34,28
IG9 6HU,80,37,43,27
IG9 6HW,49,20,29,19
IG9 6HX,102,49,53,37
IG9 6HY,34,23,11,10
IG9 6HZ,23,10,13,10
IG9 6JA,7,2,5,6
IG9 6JB,128,62,66,50
IG9 6JD,12,8,4,5
IG9 6JF,106,49,57,51
IG9 6JG,80,43,37,26
IG9 6JS,59,27,32,26
IG9 6JT,105,46,59,55
IG9 6JU,35,20,15,17
IG9 6JX,75,41,34,35
IG9 6JY,51,24,27,22
IG9 6JZ,21,7,14,15
IG9 6LA,41,18,23,25
IG9 6LL,34,17,17,18
IG9 6LN,37,18,19,24
IP1 1AF,81,49,32,46
IP1 1AG,43,18,25,37
IP1 1BJ,1,1,0,1
IP1 1BP,5,2,3,3
IP1 1BX,1,0,1,1
IP1 1DD,4,1,3,2
IP1 1DP,1,0,1,1
IP1 1DR,1,0,1,1
IP1 1DT,2,2,0,2
IP1 1EG,1,1,0,1
IP1 1EN,12,3,9,11
IP1 1EW,9,5,4,6
IP1 1EY,41,22,19,25
IP1 1JQ,5,4,1,3
IP1 1LS,3,2,1,2
IP1 1NA,66,45,21,44
IP1 1NB,82,46,36,58
IP1 1PN,3,3,0,3
IP1 1PS,25,12,13,12
IP1 1QT,7,5,2,5
IP1 1RJ,11,7,4,7
IP1 1SL,5,3,2,4
IP1 1SS,1,1,0,1
IP1 1SW,5,3,2,3
IP1 1TF,16,9,7,7
IP1 1TG,23,13,10,13
IP1 1TH,5,4,1,4
IP1 1TJ,6,5,1,4
IP1 1TS,21,12,9,11
IP1 1TW,12,5,7,6
IP1 1XB,12,8,4,9
IP1 1XE,2,2,0,2
IP1 1XF,19,12,7,10
IP1 1XG,3,1,2,1
IP1 2AA,1,1,0,1
IP1 2AB,6,0,6,6
IP1 2AH,20,9,11,8
IP1 2AL,12,8,4,3
IP1 2AQ,22,13,9,10
IP1 2AR,8,5,3,3
IP1 2BB,22,12,10,10
IP1 2BF,141,74,67,58
IP1 2BG,76,31,45,27
IP1 2BH,7,3,4,5
IP1 2BL,1,0,1,1
IP1 2BN,41,28,13,26
IP1 2BP,49,33,16,36
IP1 2BQ,65,33,32,25
IP1 2BS,22,15,7,15
IP1 2BT,23,19,4,15
IP1 2BU,30,22,8,22
IP1 2DT,5,4,1,4
IP1 2DU,146,75,71,67
IP1 2DW,5,4,1,1
IP1 2EF,47,29,18,36
IP1 2EG,176,99,77,77
IP1 2EH,11,8,3,3
IP1 2EP,55,30,25,24
IP1 2ES,7,6,1,5
IP1 2ET,20,11,9,10
IP1 2EU,132,67,65,68
IP1 2EX,49,32,17,15
IP1 2EY,92,47,45,49
IP1 2EZ,33,24,9,14
IP1 2FA,6,4,2,6
IP1 2FD,11,6,5,5
IP1 2GL,32,15,17,16
IP1 2HB,74,41,33,34
IP1 2HD,12,8,4,6
IP1 2HE,46,28,18,21
IP1 2HF,89,53,36,60
IP1 2HG,46,27,19,22
IP1 2HH,85,52,33,40
IP1 2HJ,23,11,12,13
IP1 2HL,74,43,31,37
IP1 2HN,114,65,49,52
IP1 2HP,50,30,20,24
IP1 2HQ,64,35,29,29
IP1 2HR,25,11,14,12
IP1 2HS,58,28,30,31
IP1 2HT,59,33,26,29
IP1 2HU,42,21,21,37
IP1 2HW,55,26,29,27
IP1 2HZ,32,25,7,27
IP1 2JA,37,28,9,32
IP1 2JB,66,39,27,35
IP1 2JD,51,30,21,23
IP1 2JE,42,22,20,17
IP1 2JF,26,16,10,13
IP1 2JH,2,0,2,2
IP1 2JJ,35,16,19,14
IP1 2JL,14,8,6,6
IP1 2JN,8,5,3,5
IP1 2JP,34,19,15,13
IP1 2JQ,44,28,16,28
IP1 2JR,85,45,40,40
IP1 2JS,26,14,12,15
IP1 2JT,27,15,12,14
IP1 2JU,44,19,25,17
IP1 2JW,33,18,15,14
IP1 2JX,69,44,25,32
IP1 2LB,102,52,50,40
IP1 2LD,149,83,66,61
IP1 2LE,109,60,49,48
IP1 2LF,113,63,50,43
IP1 2LH,2,1,1,1
IP1 2LJ,4,2,2,3
IP1 2LL,42,21,21,20
IP1 2LP,8,4,4,4
IP1 2LQ,112,52,60,46
IP1 2LS,5,2,3,2
IP1 2LT,27,13,14,10
IP1 2LU,15,10,5,6
IP1 2LW,10,5,5,6
IP1 2LX,64,36,28,30
IP1 2LY,50,24,26,24
IP1 2LZ,29,16,13,12
IP1 2NA,5,3,2,2
IP1 2ND,17,9,8,6
IP1 2NE,43,20,23,12
IP1 2NF,99,60,39,56
IP1 2NG,14,10,4,9
IP1 2NJ,3,1,2,3
IP1 2NL,22,13,9,7
IP1 2NN,38,18,20,35
IP1 2NP,96,58,38,53
IP1 2NR,15,10,5,12
IP1 2NS,102,67,35,70
IP1 2NT,11,6,5,4
IP1 2NU,468,339,129,73
IP1 2NW,46,27,19,39
IP1 2NX,6,3,3,4
IP1 2NY,100,54,46,38
IP1 2NZ,20,6,14,10
IP1 2PA,55,44,11,42
IP1 2PB,16,8,8,5
IP1 2PD,32,12,20,14
IP1 2PE,18,10,8,7
IP1 2PF,13,7,6,5
IP1 2PG,25,14,11,8
IP1 2PH,26,11,15,14
IP1 2PP,75,46,29,49
IP1 2PQ,22,9,13,9
IP1 2PR,30,15,15,13
IP1 2PS,21,12,9,9
IP1 2PT,69,40,29,27
IP1 2PX,8,5,3,4
IP1 2PY,1,0,1,0
IP1 2QB,62,38,24,37
IP1 2QE,51,26,25,30
IP1 2QG,75,44,31,34
IP1 2QH,51,34,17,34
IP1 2QR,15,9,6,9
IP1 2QX,82,28,54,71
IP1 3BN,3,2,1,2
IP1 3BW,3,1,2,2
IP1 3BX,7,2,5,2
IP1 3BY,4,2,2,3
IP1 3DB,2,1,1,1
IP1 3DX,1,1,0,1
IP1 3EA,4,2,2,2
IP1 3EL,32,18,14,19
IP1 3EP,18,9,9,9
IP1 3ES,10,6,4,7
IP1 3EU,1,1,0,1
IP1 3EW,40,20,20,9
IP1 3HD,20,11,9,11
IP1 3JB,1,0,1,1
IP1 3JG,52,25,27,26
IP1 3JH,28,14,14,17
IP1 3JJ,5,4,1,4
IP1 3JL,28,19,9,0
IP1 3JN,66,30,36,39
IP1 3JP,79,46,33,51
IP1 3JQ,7,4,3,2
IP1 3JR,44,24,20,28
IP1 3JX,2,2,0,1
IP1 3LH,52,27,25,22
IP1 3LJ,25,18,7,10
IP1 3LN,83,45,38,44
IP1 3LU,80,32,48,36
IP1 3NA,26,20,6,15
IP1 3NB,16,9,7,10
IP1 3NE,22,16,6,14
IP1 3NF,60,30,30,47
IP1 3NG,101,47,54,0
IP1 3NL,4,1,3,1
IP1 3NP,150,71,79,57
IP1 3NQ,18,9,9,13
IP1 3NS,44,23,21,24
IP1 3NU,2,1,1,2
IP1 3NW,150,69,81,56
IP1 3NX,38,22,16,18
IP1 3NY,83,40,43,37
IP1 3NZ,93,44,49,41
IP1 3PA,104,45,59,28
IP1 3PB,26,12,14,9
IP1 3PD,112,50,62,59
IP1 3PE,68,35,33,31
IP1 3PF,69,32,37,31
IP1 3PG,21,12,9,8
IP1 3PH,9,5,4,5
IP1 3PJ,43,22,21,22
IP1 3PN,8,4,4,4
IP1 3PP,43,23,20,18
IP1 3PQ,50,29,21,15
IP1 3PR,16,8,8,8
IP1 3PS,51,25,26,24
IP1 3PT,11,8,3,5
IP1 3PU,12,6,6,7
IP1 3PW,30,20,10,15
IP1 3PX,21,7,14,6
IP1 3PZ,24,12,12,12
IP1 3QB,10,6,4,9
IP1 3QE,47,25,22,17
IP1 3QF,26,16,10,9
IP1 3QG,26,12,14,10
IP1 3QH,21,11,10,7
IP1 3QJ,37,18,19,20
IP1 3QL,18,8,10,9
IP1 3QN,33,16,17,12
IP1 3QP,26,14,12,16
IP1 3QR,44,21,23,18
IP1 3QT,20,8,12,8
IP1 3QU,102,51,51,32
IP1 3QW,34,18,16,16
IP1 3QX,8,2,6,3
IP1 3QY,18,10,8,7
IP1 3QZ,18,11,7,8
IP1 3RA,11,5,6,6
IP1 3RB,10,3,7,6
IP1 3RD,13,9,4,5
IP1 3RE,32,18,14,13
IP1 3RG,43,23,20,22
IP1 3RH,19,7,12,6
IP1 3RL,25,12,13,10
IP1 3RN,17,7,10,8
IP1 3RP,29,16,13,15
IP1 3RQ,12,7,5,5
IP1 3RS,7,2,5,5
IP1 3RT,17,7,10,8
IP1 3RW,4,1,3,3
IP1 3RX,20,11,9,9
IP1 3RY,4,2,2,4
IP1 3RZ,2,1,1,2
IP1 3SA,29,11,18,12
IP1 3SB,21,12,9,8
IP1 3SD,59,32,27,38
IP1 3SE,59,32,27,36
IP1 3SF,9,4,5,3
IP1 3SG,35,22,13,1
IP1 3SH,4,2,2,1
IP1 3SJ,33,14,19,14
IP1 3SL,27,12,15,7
IP1 3SN,26,8,18,2
IP1 3SP,25,11,14,13
IP1 3SR,9,5,4,4
IP1 3SS,33,18,15,21
IP1 3ST,51,11,40,5
IP1 3SU,42,24,18,20
IP1 3SW,11,4,7,5
IP1 3SX,47,30,17,25
IP1 3SY,22,10,12,10
IP1 3SZ,30,16,14,9
IP1 3TA,59,25,34,28
IP1 3TB,17,7,10,6
IP1 3TD,18,8,10,6
IP1 3TE,72,35,37,26
IP1 4AA,43,22,21,15
IP1 4AB,25,15,10,11
IP1 4AD,114,51,63,41
IP1 4AE,20,7,13,8
IP1 4AF,55,27,28,22
IP1 4AG,24,12,12,12
IP1 4AH,62,38,24,29
IP1 4AL,10,5,5,3
IP1 4AN,115,53,62,50
IP1 4AP,110,55,55,46
IP1 4AQ,19,10,9,9
IP1 4AR,217,116,101,93
IP1 4AS,20,9,11,8
IP1 4AT,52,30,22,19
IP1 4AU,24,13,11,10
IP1 4AW,39,19,20,10
IP1 4AX,155,70,85,69
IP1 4AY,21,13,8,12
IP1 4AZ,44,26,18,18
IP1 4BA,50,25,25,19
IP1 4BB,36,13,23,17
IP1 4BD,45,20,25,19
IP1 4BE,58,23,35,23
IP1 4BF,23,13,10,12
IP1 4BG,74,38,36,31
IP1 4BH,2,2,0,2
IP1 4BJ,51,27,24,22
IP1 4BN,20,10,10,5
IP1 4BP,12,8,4,9
IP1 4BQ,103,54,49,46
IP1 4BS,29,18,11,10
IP1 4BT,25,14,11,10
IP1 4BU,32,19,13,15
IP1 4BW,35,21,14,19
IP1 4BX,1,1,0,1
IP1 4BY,86,48,38,37
IP1 4BZ,49,24,25,19
IP1 4DA,64,30,34,23
IP1 4DB,66,34,32,25
IP1 4DD,17,9,8,6
IP1 4DE,32,12,20,15
IP1 4DF,21,10,11,10
IP1 4DG,163,84,79,67
IP1 4DH,18,9,9,5
IP1 4DJ,25,13,12,9
IP1 4DL,111,56,55,43
IP1 4DP,102,51,51,43
IP1 4DQ,69,40,29,30
IP1 4DR,30,12,18,12
IP1 4DS,28,14,14,13
IP1 4DT,165,84,81,65
IP1 4DW,62,32,30,31
IP1 4DX,65,32,33,26
IP1 4EA,47,27,20,24
IP1 4EB,41,20,21,20
IP1 4ED,26,14,12,8
IP1 4EE,39,14,25,18
IP1 4EF,26,13,13,16
IP1 4EG,4,2,2,2
IP1 4EH,194,96,98,68
IP1 4EJ,72,38,34,28
IP1 4EL,82,45,37,30
IP1 4EN,204,104,100,75
IP1 4EP,35,18,17,16
IP1 4EQ,102,49,53,42
IP1 4ER,49,25,24,21
IP1 4ES,61,26,35,25
IP1 4ET,36,16,20,21
IP1 4EU,25,11,14,14
IP1 4EW,95,47,48,38
IP1 4EX,55,24,31,24
IP1 4EY,19,11,8,7
IP1 4FB,127,57,70,44
IP1 4FD,69,32,37,30
IP1 4FF,6,4,2,2
IP1 4HA,63,24,39,19
IP1 4HB,46,30,16,15
IP1 4HD,67,35,32,28
IP1 4HG,14,6,8,5
IP1 4HH,138,60,78,48
IP1 4HJ,107,53,54,41
IP1 4HL,93,47,46,35
IP1 4HN,49,20,29,19
IP1 4HP,89,48,41,35
IP1 4HQ,130,62,68,49
IP1 4HR,109,55,54,43
IP1 4HS,28,12,16,17
IP1 4HT,106,52,54,24
IP1 4HU,82,43,39,30
IP1 4HW,21,10,11,9
IP1 4HX,26,10,16,11
IP1 4HY,7,3,4,3
IP1 4HZ,21,8,13,15
IP1 4JD,39,18,21,15
IP1 4JE,77,40,37,37
IP1 4JF,60,28,32,26
IP1 4JG,56,28,28,24
IP1 4JQ,41,18,23,23
IP1 4JR,95,50,45,42
IP1 4JX,126,58,68,42
IP1 4JY,53,22,31,32
IP1 4JZ,52,23,29,31
IP1 4LA,139,74,65,62
IP1 4LB,89,39,50,42
IP1 4LD,68,34,34,27
IP1 4LH,25,12,13,11
IP1 4LJ,25,14,11,11
IP1 4LL,57,27,30,24
IP1 4LN,142,69,73,54
IP1 4LP,46,25,21,18
IP1 4LR,75,34,41,36
IP1 4LS,9,4,5,4
IP1 4LT,86,42,44,38
IP1 4LU,142,71,71,54
IP1 4LW,88,39,49,32
IP1 4LX,38,19,19,21
IP1 4LY,6,4,2,2
IP1 4NE,41,19,22,14
IP1 4NF,6,3,3,2
IP1 4NG,16,8,8,7
IP1 4NH,24,9,15,9
IP1 4NJ,9,5,4,3
IP1 4NL,33,15,18,14
IP1 4NN,37,17,20,12
IP1 4NP,41,20,21,19
IP1 4NQ,17,10,7,7
IP1 4NR,31,15,16,16
IP1 4NS,33,19,14,12
IP1 4NT,18,9,9,7
IP1 4NU,39,20,19,13
IP1 4NW,15,7,8,10
IP1 4NX,21,11,10,7
IP1 4NZ,32,17,15,15
IP1 4PA,50,27,23,17
IP1 4PB,18,6,12,8
IP1 4PD,53,24,29,20
IP1 4PE,19,10,9,9
IP1 4PF,10,5,5,4
IP1 4PG,31,13,18,12
IP1 4PH,3,1,2,2
IP1 4PJ,22,9,13,8
IP1 4PP,11,5,6,0
IP1 4PQ,43,21,22,17
IP1 4QA,77,35,42,30
IP1 4QB,42,21,21,17
IP1 4QD,45,26,19,15
IP1 4QE,69,31,38,23
IP1 4QF,64,33,31,28
IP1 4QG,36,17,19,15
IP1 5AA,69,34,35,23
IP1 5AB,20,12,8,8
IP1 5AD,42,19,23,16
IP1 5AE,72,42,30,36
IP1 5AH,122,67,55,60
IP1 5AJ,74,41,33,43
IP1 5AL,32,18,14,19
IP1 5AQ,11,6,5,5
IP1 5AR,43,20,23,16
IP1 5AS,15,10,5,9
IP1 5AT,138,70,68,64
IP1 5AU,148,72,76,67
IP1 5AW,108,53,55,50
IP1 5AX,16,9,7,7
IP1 5AY,34,21,13,14
IP1 5AZ,39,19,20,18
IP1 5BA,60,28,32,36
IP1 5BD,86,46,40,30
IP1 5BE,90,46,44,38
IP1 5BG,45,22,23,29
IP1 5BH,107,55,52,40
IP1 5BJ,88,44,44,38
IP1 5BN,12,6,6,8
IP1 5BP,12,5,7,6
IP1 5BQ,136,62,74,45
IP1 5BS,111,54,57,50
IP1 5BT,158,82,76,63
IP1 5BU,78,39,39,30
IP1 5BW,132,59,73,63
IP1 5BX,35,23,12,14
IP1 5BY,57,29,28,31
IP1 5BZ,85,45,40,35
IP1 5DA,99,51,48,41
IP1 5DB,20,9,11,9
IP1 5DD,61,29,32,23
IP1 5DE,67,32,35,25
IP1 5DF,99,49,50,44
IP1 5DG,157,77,80,71
IP1 5DH,47,22,25,20
IP1 5DL,26,12,14,11
IP1 5DN,9,6,3,5
IP1 5DQ,36,13,23,35
IP1 5DR,17,9,8,7
IP1 5DS,16,7,9,6
IP1 5DT,8,6,2,3
IP1 5DU,41,19,22,14
IP1 5DW,24,14,10,9
IP1 5DX,23,13,10,9
IP1 5DY,58,29,29,24
IP1 5DZ,107,57,50,39
IP1 5EA,53,29,24,26
IP1 5EB,31,11,20,13
IP1 5ED,94,49,45,31
IP1 5EE,55,26,29,22
IP1 5EF,13,6,7,8
IP1 5EG,59,32,27,21
IP1 5EH,77,39,38,33
IP1 5EJ,62,36,26,25
IP1 5EL,78,42,36,37
IP1 5EP,98,55,43,36
IP1 5EQ,74,41,33,31
IP1 5ER,134,64,70,50
IP1 5ES,12,5,7,6
IP1 5EW,57,29,28,27
IP1 5EZ,3,2,1,2
IP1 5FA,23,7,16,13
IP1 5FB,9,6,3,6
IP1 5FE,29,15,14,13
IP1 5HA,86,47,39,36
IP1 5HB,85,43,42,34
IP1 5HD,44,24,20,19
IP1 5HE,60,27,33,23
IP1 5HF,125,63,62,48
IP1 5HG,127,64,63,47
IP1 5HH,38,20,18,14
IP1 5HJ,85,41,44,39
IP1 5HL,40,21,19,22
IP1 5HN,136,62,74,53
IP1 5HP,40,20,20,18
IP1 5HQ,140,66,74,50
IP1 5HR,75,37,38,34
IP1 5HS,163,78,85,62
IP1 5HT,64,30,34,33
IP1 5HU,99,43,56,45
IP1 5HW,23,9,14,10
IP1 5HX,31,13,18,16
IP1 5HZ,7,3,4,4
IP1 5JD,39,17,22,22
IP1 5JE,54,30,24,19
IP1 5JF,42,22,20,17
IP1 5JG,36,17,19,13
IP1 5JH,62,33,29,24
IP1 5JJ,51,25,26,17
IP1 5JL,125,59,66,34
IP1 5JN,4,1,3,2
IP1 5JP,12,7,5,6
IP1 5JQ,13,7,6,3
IP1 5JR,10,6,4,6
IP1 5JS,23,9,14,10
IP1 5JT,45,20,25,24
IP1 5JU,27,16,11,11
IP1 5JW,94,44,50,36
IP1 5JX,36,16,20,13
IP1 5JY,76,36,40,44
IP1 5JZ,67,33,34,34
IP1 5LA,25,15,10,13
IP1 5LB,37,21,16,15
IP1 5LD,58,24,34,24
IP1 5LE,88,41,47,28
IP1 5LF,76,32,44,26
IP1 5LG,58,28,30,24
IP1 5LQ,118,69,49,47
IP1 5LR,47,29,18,30
IP1 5LS,81,42,39,24
IP1 5LW,31,13,18,23
IP1 5NA,29,13,16,14
IP1 5NB,40,18,22,14
IP1 5ND,23,12,11,9
IP1 5NE,126,58,68,53
IP1 5NF,91,46,45,33
IP1 5NG,107,58,49,34
IP1 5NH,123,55,68,44
IP1 5NJ,134,58,76,74
IP1 5NL,98,52,46,33
IP1 5NN,87,44,43,27
IP1 5NQ,90,46,44,45
IP1 5NS,27,12,15,12
IP1 5NU,43,15,28,13
IP1 5NW,81,40,41,33
IP1 5PE,19,4,15,6
IP1 5PG,6,4,2,4
IP1 5PH,6,3,3,3
IP1 5PJ,31,15,16,14
IP1 5PL,112,59,53,48
IP1 5PN,71,36,35,31
IP1 5PQ,39,17,22,17
IP1 5PR,53,29,24,23
IP1 5PS,133,65,68,73
IP1 5PW,59,27,32,31
IP1 5PY,81,48,33,38
IP1 5QA,81,34,47,36
IP1 5QB,40,24,16,10
IP1 5QD,48,25,23,18
IP1 5QE,32,17,15,14
IP1 5QF,50,25,25,15
IP1 5QG,104,51,53,44
IP1 5QH,54,26,28,17
IP1 5QJ,15,8,7,8
IP1 5RA,40,18,22,19
IP1 5RB,68,37,31,28
IP1 6AA,46,23,23,17
IP1 6AB,45,27,18,22
IP1 6AD,149,68,81,58
IP1 6AE,174,82,92,62
IP1 6AF,138,72,66,50
IP1 6AG,41,23,18,18
IP1 6AH,59,29,30,21
IP1 6AJ,33,18,15,14
IP1 6AL,48,23,25,22
IP1 6AN,81,38,43,31
IP1 6AP,146,76,70,64
IP1 6AQ,84,39,45,43
IP1 6AR,78,33,45,37
IP1 6AT,11,5,6,4
IP1 6AW,77,41,36,33
IP1 6BA,57,28,29,22
IP1 6BB,53,22,31,18
IP1 6BD,98,42,56,40
IP1 6BE,86,44,42,34
IP1 6BG,53,28,25,21
IP1 6BH,101,51,50,39
IP1 6BJ,72,38,34,28
IP1 6BL,24,12,12,10
IP1 6BN,110,53,57,41
IP1 6BP,70,34,36,26
IP1 6BQ,84,40,44,29
IP1 6BS,64,31,33,24
IP1 6BT,96,46,50,35
IP1 6BW,152,70,82,52
IP1 6DA,67,31,36,34
IP1 6DB,99,53,46,38
IP1 6DD,25,13,12,11
IP1 6DE,39,19,20,16
IP1 6DF,7,4,3,3
IP1 6DG,48,27,21,19
IP1 6DH,108,53,55,64
IP1 6DJ,92,47,45,38
IP1 6DL,61,25,36,17
IP1 6DN,134,64,70,58
IP1 6DP,14,7,7,6
IP1 6DQ,1,0,1,1
IP1 6DR,27,15,12,10
IP1 6DS,101,55,46,44
IP1 6DT,36,18,18,12
IP1 6DU,121,61,60,49
IP1 6DW,82,44,38,39
IP1 6EB,4,2,2,3
IP1 6ED,10,5,5,6
IP1 6EE,27,14,13,10
IP1 6EF,100,44,56,35
IP1 6EG,97,41,56,57
IP1 6EH,71,35,36,23
IP1 6EJ,48,25,23,17
IP1 6EL,66,34,32,26
IP1 6EN,52,26,26,16
IP1 6EP,22,7,15,10
IP1 6EQ,76,33,43,55
IP1 6ER,143,64,79,40
IP1 6ES,105,48,57,31
IP1 6ET,100,46,54,32
IP1 6EU,106,52,54,34
IP1 6EW,147,74,73,45
IP1 6EX,113,51,62,31
IP1 6EY,52,28,24,15
IP1 6EZ,185,97,88,59
IP1 6HA,18,8,10,7
IP1 6HB,20,8,12,8
IP1 6HD,6,3,3,3
IP1 6HH,35,18,17,14
IP1 6HJ,24,9,15,11
IP1 6HL,81,42,39,30
IP1 6HN,68,33,35,25
IP1 6HP,144,67,77,45
IP1 6HR,70,37,33,24
IP1 6HS,25,13,12,8
IP1 6HT,35,18,17,11
IP1 6HU,107,52,55,32
IP1 6HW,48,26,22,17
IP1 6HX,33,17,16,11
IP1 6HY,37,21,16,10
IP1 6HZ,52,25,27,18
IP1 6JA,155,77,78,44
IP1 6JB,110,56,54,37
IP1 6JD,86,43,43,26
IP1 6JE,22,9,13,11
IP1 6JF,127,60,67,40
IP1 6JG,143,71,72,49
IP1 6JH,72,42,30,25
IP1 6JJ,51,23,28,18
IP1 6JL,67,26,41,24
IP1 6JQ,35,18,17,13
IP1 6JR,62,30,32,22
IP1 6JS,55,26,29,22
IP1 6JT,75,39,36,30
IP1 6JU,75,37,38,30
IP1 6JX,2,1,1,1
IP1 6JY,63,34,29,23
IP1 6LA,15,6,9,6
IP1 6LB,25,14,11,14
IP1 6LE,28,14,14,13
IP1 6LF,7,5,2,2
IP1 6LG,8,5,3,2
IP1 6LH,16,10,6,7
IP1 6LJ,20,10,10,11
IP1 6LL,63,26,37,42
IP1 6LN,57,27,30,19
IP1 6LP,106,53,53,41
IP1 6LQ,7,2,5,3
IP1 6LR,39,16,23,14
IP1 6LS,6,4,2,2
IP1 6LT,6,3,3,3
IP1 6LU,28,15,13,12
IP1 6LW,59,30,29,18
IP1 6LY,42,19,23,15
IP1 6NA,73,46,27,20
IP1 6NB,137,66,71,54
IP1 6ND,106,53,53,43
IP1 6NE,53,25,28,20
IP1 6NF,27,12,15,10
IP1 6NG,36,14,22,14
IP1 6NH,10,4,6,4
IP1 6NJ,41,22,19,32
IP1 6NL,64,32,32,25
IP1 6NN,29,14,15,16
IP1 6NP,148,74,74,48
IP1 6NQ,87,38,49,45
IP1 6NR,59,30,29,24
IP1 6NS,85,42,43,36
IP1 6NT,66,33,33,29
IP1 6NW,54,25,29,16
IP1 6NX,55,18,37,44
IP1 6PA,20,8,12,12
IP1 6PB,4,3,1,3
IP1 6PD,13,7,6,6
IP1 6PE,20,10,10,9
IP1 6PF,40,18,22,20
IP1 6PG,41,18,23,21
IP1 6PH,8,4,4,4
IP1 6PJ,151,80,71,56
IP1 6PL,121,61,60,45
IP1 6PN,76,33,43,29
IP1 6PP,72,35,37,31
IP1 6PQ,50,24,26,20
IP1 6PR,43,21,22,21
IP1 6PS,23,12,11,11
IP1 6PT,7,3,4,3
IP1 6PU,49,27,22,25
IP1 6PW,6,1,5,5
IP1 6PX,55,31,24,24
IP1 6PY,76,37,39,31
IP1 6QB,56,19,37,45
IP1 6QE,11,5,6,8
IP1 6QF,18,10,8,5
IP1 6QG,28,10,18,16
IP1 6QH,19,10,9,10
IP1 6QJ,24,9,15,14
IP1 6QL,19,11,8,10
IP1 6QN,35,15,20,19
IP1 6QP,43,22,21,21
IP1 6QQ,20,13,7,13
IP1 6QR,26,13,13,11
IP1 6QS,33,17,16,11
IP1 6QT,23,13,10,9
IP1 6QU,17,6,11,8
IP1 6QW,51,27,24,16
IP1 6QX,58,29,29,23
IP1 6QY,101,48,53,44
IP1 6QZ,41,20,21,19
IP1 6RA,147,72,75,59
IP1 6RB,51,23,28,21
IP1 6RD,9,4,5,5
IP1 6RE,133,68,65,57
IP1 6RF,14,8,6,9
IP1 6RG,80,39,41,34
IP1 6RL,56,28,28,22
IP1 6RN,33,17,16,18
IP1 6RP,36,15,21,16
IP1 6RR,2,1,1,1
IP1 6RS,36,14,22,21
IP1 6RU,64,28,36,26
IP1 6RW,20,10,10,11
IP1 6RX,61,27,34,30
IP1 6RY,16,8,8,7
IP1 6RZ,49,25,24,22
IP1 6SA,21,11,10,8
IP1 6SB,44,20,24,20
IP1 6SD,104,51,53,43
IP1 6SE,43,19,24,25
IP1 6SF,21,10,11,8
IP1 6SH,8,6,2,4
IP1 6SJ,76,38,38,28
IP1 6SL,64,28,36,34
IP1 6SN,64,23,41,33
IP1 6SP,122,62,60,44
IP1 6SQ,23,9,14,11
IP1 6SR,53,27,26,17
IP1 6SS,72,31,41,29
IP1 6ST,13,7,6,6
IP1 6SU,83,44,39,37
IP1 6SW,23,8,15,15
IP1 6SX,61,33,28,25
IP1 6SY,107,53,54,47
IP1 6TA,4,3,1,2
IP1 6TB,38,18,20,19
IP1 6TD,2,1,1,1
IP1 6TE,10,6,4,4
IP1 6TF,17,10,7,8
IP1 6TG,17,10,7,5
IP1 6TH,19,9,10,7
IP1 6TJ,63,16,47,6
IP1 6TQ,20,11,9,9
IP100AA,46,24,22,18
IP100AB,11,6,5,3
IP100AD,10,4,6,5
IP100AE,13,7,6,7
IP100AG,3,2,1,2
IP100AH,2,1,1,1
IP100AL,12,8,4,3
IP100AN,8,3,5,2
IP100AP,3,1,2,2
IP100AQ,11,7,4,7
IP100AR,2,1,1,2
IP100AS,2,1,1,1
IP100AT,3,1,2,2
IP100AU,13,7,6,5
IP100AW,1,1,0,1
IP100AY,8,2,6,3
IP100AZ,10,4,6,3
IP100BA,8,4,4,4
IP100BB,11,5,6,4
IP100BD,7,4,3,3
IP100BE,3,2,1,1
IP100BH,5,3,2,3
IP100BJ,13,6,7,3
IP100BN,7,3,4,3
IP100BP,12,6,6,3
IP100BS,2,1,1,2
IP100BT,18,10,8,8
IP100BU,13,5,8,5
IP100BW,11,7,4,5
IP100BX,4,2,2,2
IP100BY,5,3,2,3
IP100DA,8,1,7,4
IP100DB,11,5,6,5
IP100DE,71,39,32,28
IP100DF,49,24,25,20
IP100DG,26,14,12,13
IP100DH,2,2,0,1
IP100DJ,6,2,4,2
IP100DN,35,19,16,14
IP100DP,2,1,1,1
IP100DQ,25,15,10,8
IP100DR,32,12,20,14
IP100DT,19,11,8,7
IP100DU,44,20,24,16
IP100DW,3,1,2,2
IP100DX,10,4,6,6
IP100DY,43,23,20,19
IP100DZ,144,71,73,67
IP100EA,48,22,26,21
IP100EE,38,22,16,20
IP100EF,7,3,4,4
IP100EG,20,6,14,6
IP100EH,20,12,8,8
IP100EJ,14,7,7,6
IP100EL,8,4,4,3
IP100EP,13,6,7,8
IP100EQ,15,7,8,8
IP100ER,70,50,20,5
IP100ES,14,8,6,6
IP100ET,25,15,10,16
IP100EU,57,28,29,23
IP100EW,10,5,5,4
IP100EX,8,4,4,3
IP100EY,2,1,1,1
IP100EZ,7,3,4,3
IP100GA,16,8,8,6
IP100HA,4,2,2,3
IP100HB,3,2,1,1
IP100HD,14,6,8,6
IP100HE,20,9,11,9
IP100HF,30,12,18,17
IP100HG,18,9,9,5
IP100HL,2,1,1,1
IP100HN,9,4,5,3
IP100HP,3,2,1,1
IP100HQ,24,12,12,10
IP100HR,5,2,3,3
IP100HS,52,25,27,23
IP100HW,2,2,0,1
IP100HX,18,8,10,5
IP100HY,5,2,3,2
IP100HZ,2,1,1,1
IP100JA,3,2,1,1
IP100JB,8,4,4,4
IP100JD,2,1,1,2
IP100JF,3,2,1,2
IP100JG,8,3,5,4
IP100JH,3,2,1,1
IP100JJ,4,2,2,2
IP100JL,4,1,3,2
IP100JN,1,1,0,1
IP100JQ,8,4,4,4
IP100JR,3,3,0,2
IP100JS,16,9,7,10
IP100JT,6,3,3,4
IP100JU,91,39,52,55
IP100JW,3,1,2,1
IP100JX,65,32,33,37
IP100LA,2,1,1,1
IP100LE,34,16,18,13
IP100LF,8,4,4,5
IP100LG,19,9,10,9
IP100LH,7,4,3,2
IP100LJ,7,3,4,2
IP100LL,8,3,5,2
IP100LN,2,1,1,1
IP100LP,3,2,1,2
IP100LQ,14,7,7,8
IP100LR,4,2,2,1
IP100LS,2,2,0,2
IP100LT,4,1,3,2
IP100LW,4,2,2,2
IP100LX,2,1,1,1
IP100LY,40,22,18,16
IP100LZ,45,17,28,20
IP100NA,48,24,24,21
IP100NH,12,4,8,4
IP100NJ,28,13,15,15
IP100NL,6,4,2,4
IP100NN,16,7,9,8
IP100NP,36,22,14,12
IP100NQ,24,13,11,12
IP100NR,5,3,2,2
IP100NS,31,17,14,15
IP100NT,10,5,5,5
IP100NU,3,1,2,2
IP100NW,40,21,19,14
IP100NX,33,16,17,11
IP100NY,13,7,6,4
IP100PA,16,10,6,8
IP100PB,21,14,7,10
IP100PD,28,15,13,11
IP100PE,44,20,24,19
IP100PF,39,20,19,18
IP100PG,4,3,1,3
IP100PH,3,1,2,2
IP100PJ,6,3,3,2
IP100PN,49,28,21,24
IP100PP,150,70,80,59
IP100PQ,3,2,1,3
IP100PS,13,6,7,7
IP100PT,23,12,11,9
IP100PU,5,2,3,3
IP100PW,8,3,5,4
IP100PX,27,14,13,11
IP100PY,94,49,45,37
IP100PZ,62,28,34,29
IP100QA,112,60,52,48
IP100QB,35,17,18,18
IP100QD,12,3,9,4
IP100QE,5,2,3,2
IP100QF,5,3,2,3
IP100QG,4,2,2,2
IP100QH,16,7,9,6
IP100QJ,36,17,19,12
IP100QN,22,12,10,8
IP100QP,20,10,10,6
IP100QQ,1,0,1,1
IP100QR,17,9,8,8
IP100QS,1,1,0,1
IP100QT,21,9,12,10
IP100QU,25,12,13,10
IP100QW,14,6,8,7
IP100QX,6,5,1,2
IP100QY,40,20,20,20
IP100QZ,12,7,5,3
IP100RA,17,8,9,8
IP100RE,34,16,18,15
IP100TL,11,6,5,4
IP110FA,94,54,40,41
IP110FB,14,9,5,6
IP110FE,55,32,23,26
IP110FF,64,29,35,23
IP110GA,25,13,12,10
IP110QA,13,7,6,6
IP110QH,139,73,66,52
IP110QJ,71,29,42,22
IP110QL,52,22,30,30
IP110QX,49,21,28,13
IP110RB,29,13,16,11
IP110RD,32,18,14,12
IP110RF,9,3,6,4
IP110RG,59,30,29,27
IP110RH,12,6,6,7
IP110RJ,17,8,9,7
IP110RL,48,25,23,19
IP110RN,69,29,40,34
IP110RP,93,39,54,41
IP110RQ,10,6,4,5
IP110RR,139,76,63,51
IP110RS,8,6,2,2
IP110RT,26,11,15,14
IP110RU,52,30,22,24
IP110RW,108,55,53,42
IP110RX,8,5,3,6
IP110RY,11,6,5,4
IP110RZ,24,10,14,12
IP110SA,32,16,16,13
IP110SB,5,3,2,3
IP110SD,4,1,3,2
IP110SE,11,4,7,5
IP110SF,3,1,2,2
IP110SG,13,6,7,6
IP110SH,5,3,2,3
IP110SJ,5,3,2,2
IP110SL,35,14,21,30
IP110SN,9,4,5,4
IP110SP,9,6,3,4
IP110SQ,14,7,7,5
IP110SR,16,8,8,7
IP110SS,29,14,15,12
IP110ST,24,11,13,8
IP110SU,50,27,23,16
IP110SW,19,8,11,7
IP110SX,42,19,23,17
IP110SY,27,8,19,3
IP110SZ,41,23,18,15
IP110TA,37,16,21,15
IP110TB,38,19,19,17
IP110TD,38,17,21,22
IP110TE,107,44,63,58
IP110TF,80,32,48,37
IP110TG,17,8,9,11
IP110TH,20,7,13,14
IP110TJ,56,24,32,22
IP110TL,9,4,5,3
IP110TN,24,11,13,9
IP110TP,16,7,9,9
IP110TQ,54,30,24,21
IP110TR,23,12,11,10
IP110TS,48,24,24,18
IP110TT,99,49,50,38
IP110TU,9,4,5,3
IP110TW,54,28,26,22
IP110TX,129,65,64,46
IP110TY,85,44,41,50
IP110TZ,90,45,45,42
IP110UA,65,34,31,27
IP110UB,19,10,9,9
IP110UD,101,51,50,44
IP110UG,10,4,6,3
IP110UH,6,3,3,5
IP110UJ,34,18,16,16
IP110UL,70,37,33,32
IP110UN,34,18,16,14
IP110UP,56,26,30,22
IP110UQ,65,34,31,25
IP110UT,4,2,2,2
IP110UU,68,33,35,29
IP110UW,11,4,7,4
IP110UX,48,25,23,23
IP110UY,79,46,33,49
IP110UZ,27,15,12,14
IP110XA,37,20,17,13
IP110XB,18,7,11,6
IP110XD,14,6,8,4
IP110XE,60,26,34,27
IP110XF,67,33,34,27
IP110XG,91,43,48,33
IP110XH,99,50,49,36
IP110XJ,13,8,5,7
IP110XL,111,60,51,40
IP110XN,42,22,20,20
IP110XP,2,1,1,1
IP110XQ,128,65,63,45
IP110XR,22,8,14,15
IP110XS,27,12,15,16
IP110XT,11,4,7,6
IP110XU,39,18,21,20
IP110XW,87,40,47,47
IP110XX,22,12,10,6
IP110XY,66,32,34,26
IP110XZ,62,30,32,31
IP110YA,40,24,16,26
IP110YB,4,2,2,2
IP110YD,64,34,30,33
IP110YE,52,24,28,22
IP110YF,32,13,19,12
IP110YG,22,14,8,14
IP110YH,60,31,29,23
IP110YJ,35,19,16,12
IP110YL,115,57,58,40
IP110YN,82,42,40,33
IP110YP,11,7,4,5
IP110YQ,20,13,7,12
IP110YR,111,56,55,51
IP110YS,38,16,22,11
IP110YT,39,23,16,22
IP110YU,22,9,13,8
IP110YW,82,46,36,38
IP110YX,22,12,10,11
IP110YZ,63,32,31,24
IP112AA,44,19,25,18
IP112AD,5,2,3,4
IP112AF,21,11,10,12
IP112AH,22,14,8,14
IP112AJ,11,6,5,6
IP112AL,2,1,1,1
IP112AN,29,14,15,11
IP112AP,2,2,0,1
IP112AQ,13,7,6,6
IP112AR,56,28,28,24
IP112AS,31,16,15,13
IP112AT,69,39,30,33
IP112AU,34,19,15,19
IP112AW,24,14,10,6
IP112AX,47,25,22,17
IP112AZ,66,34,32,26
IP112BA,64,32,32,18
IP112BB,43,20,23,17
IP112BD,60,30,30,27
IP112BE,20,13,7,11
IP112BG,49,24,25,16
IP112BH,36,19,17,18
IP112BJ,3,1,2,1
IP112BL,35,13,22,5
IP112BN,14,4,10,6
IP112BP,18,11,7,9
IP112BQ,28,12,16,8
IP112BS,8,5,3,2
IP112BT,9,3,6,3
IP112BW,19,9,10,8
IP112BX,61,24,37,33
IP112BZ,26,16,10,17
IP112DA,33,11,22,29
IP112DD,42,22,20,20
IP112DE,106,62,44,31
IP112DF,5,4,1,4
IP112DG,64,32,32,24
IP112DH,4,2,2,2
IP112DJ,38,19,19,16
IP112DL,2,1,1,2
IP112DQ,50,28,22,24
IP112DR,59,26,33,35
IP112DS,35,20,15,15
IP112DT,31,16,15,15
IP112DU,11,5,6,5
IP112DW,13,5,8,4
IP112DY,9,3,6,4
IP112DZ,17,13,4,7
IP112EA,35,16,19,20
IP112EB,20,9,11,8
IP112ED,65,37,28,22
IP112EE,62,27,35,21
IP112EJ,27,13,14,9
IP112EL,22,11,11,9
IP112EN,47,27,20,23
IP112EP,17,8,9,10
IP112ES,10,4,6,6
IP112ET,28,16,12,12
IP112EU,22,12,10,9
IP112EW,36,17,19,12
IP112EX,32,17,15,14
IP112EY,36,24,12,20
IP112FA,87,46,41,54
IP112FB,45,23,22,16
IP112FD,77,42,35,36
IP112FE,77,36,41,32
IP112FF,76,30,46,26
IP112FG,72,35,37,33
IP112FH,28,13,15,12
IP112FJ,57,29,28,29
IP112FL,71,34,37,33
IP112FN,39,12,27,30
IP112FP,24,12,12,17
IP112FQ,76,37,39,35
IP112FR,74,36,38,45
IP112FT,9,2,7,4
IP112FW,109,55,54,62
IP112FX,32,10,22,13
IP112FY,19,8,11,7
IP112FZ,23,21,2,21
IP112HB,1,0,1,1
IP112HN,27,13,14,11
IP112HP,21,9,12,10
IP112HR,20,9,11,9
IP112HS,29,15,14,14
IP112HT,10,5,5,6
IP112HW,40,17,23,15
IP112HY,55,27,28,30
IP112JA,10,5,5,3
IP112JB,1,1,0,1
IP112JD,19,10,9,8
IP112JE,44,20,24,16
IP112JF,30,14,16,18
IP112JG,8,3,5,4
IP112JH,36,13,23,10
IP112JJ,29,17,12,10
IP112JL,34,12,22,10
IP112JN,58,30,28,26
IP112JP,43,22,21,20
IP112JQ,29,15,14,10
IP112JR,20,9,11,9
IP112JS,17,9,8,6
IP112JT,31,16,15,12
IP112JU,21,12,9,6
IP112JW,61,30,31,18
IP112JX,20,11,9,6
IP112JY,17,11,6,15
IP112JZ,33,20,13,17
IP112LB,36,18,18,20
IP112LD,3,2,1,2
IP112LE,13,5,8,9
IP112LF,55,24,31,31
IP112LG,128,56,72,66
IP112LH,19,9,10,4
IP112LL,57,31,26,31
IP112LN,67,34,33,35
IP112LP,6,2,4,4
IP112LQ,34,15,19,29
IP112LR,108,53,55,42
IP112LS,38,18,20,20
IP112LT,45,22,23,22
IP112LU,73,36,37,25
IP112LW,14,4,10,11
IP112LX,28,13,15,10
IP112LY,72,37,35,24
IP112LZ,59,26,33,36
IP112NA,26,10,16,20
IP112NB,41,23,18,22
IP112ND,25,14,11,13
IP112NE,35,15,20,16
IP112NF,113,55,58,52
IP112NG,51,27,24,27
IP112NH,25,12,13,15
IP112NJ,16,9,7,5
IP112NL,28,11,17,17
IP112NN,20,6,14,14
IP112NP,41,18,23,16
IP112NQ,14,9,5,6
IP112NR,110,44,66,42
IP112NS,78,37,41,39
IP112NT,71,33,38,32
IP112NU,70,26,44,33
IP112NW,18,8,10,13
IP112NX,97,44,53,36
IP112NY,86,36,50,35
IP112NZ,86,36,50,38
IP112PA,102,54,48,39
IP112PB,66,24,42,29
IP112PD,9,5,4,3
IP112PE,23,9,14,16
IP112PF,72,37,35,30
IP112PG,62,27,35,20
IP112PH,10,4,6,8
IP112PJ,30,17,13,17
IP112PL,99,49,50,50
IP112PN,5,3,2,2
IP112PP,53,28,25,27
IP112PQ,111,55,56,44
IP112PR,22,18,4,9
IP112PU,17,7,10,9
IP112PW,37,19,18,19
IP112PX,35,14,21,14
IP112PY,28,14,14,15
IP112PZ,51,24,27,14
IP112QA,46,23,23,18
IP112QB,32,14,18,16
IP112QD,36,17,19,15
IP112QF,46,15,31,4
IP112QG,14,7,7,4
IP112QJ,41,16,25,15
IP112QQ,19,8,11,9
IP112QR,4,1,3,1
IP112QY,35,16,19,19
IP112TP,192,86,106,70
IP112TS,2,1,1,1
IP112TZ,9,3,6,5
IP112UA,33,17,16,12
IP112UB,24,10,14,9
IP112UD,61,29,32,20
IP112UE,41,21,20,18
IP112UF,104,53,51,39
IP112UG,95,47,48,35
IP112UH,104,53,51,45
IP112UJ,159,78,81,61
IP112UL,132,62,70,44
IP112UP,52,31,21,28
IP112UQ,73,46,27,26
IP112UR,20,7,13,8
IP112XD,2,2,0,1
IP112XJ,17,10,7,5
IP112XL,33,20,13,10
IP112XN,24,10,14,8
IP112XP,75,40,35,30
IP112XR,10,4,6,3
IP112XS,27,15,12,10
IP112XT,12,5,7,5
IP112XU,22,11,11,13
IP112XW,24,13,11,13
IP112XX,27,14,13,12
IP112XY,19,10,9,6
IP112XZ,75,35,40,30
IP112YA,8,3,5,3
IP112YB,20,10,10,8
IP112YD,37,21,16,15
IP112YE,33,20,13,13
IP112YF,30,18,12,10
IP112YG,87,40,47,28
IP112YH,30,15,15,11
IP112YJ,88,50,38,53
IP112YL,96,50,46,35
IP112YN,32,18,14,13
IP112YP,97,51,46,44
IP112YQ,32,13,19,11
IP112YR,20,10,10,13
IP112YS,68,36,32,28
IP112YT,27,15,12,13
IP112YW,34,17,17,17
IP112YY,28,13,15,15
IP112YZ,21,12,9,6
IP113HH,2,1,1,1
IP113QE,2,1,1,1
IP113QU,3,2,1,1
IP113SY,4,2,2,1
IP113TW,1,0,1,1
IP114BB,2,1,1,1
IP114SF,4,1,3,1
IP114ST,2,1,1,1
IP117AB,9,6,3,6
IP117AD,1,1,0,1
IP117AE,39,18,21,14
IP117AN,4,4,0,2
IP117AP,29,15,14,13
IP117AQ,24,13,11,13
IP117AS,12,10,2,7
IP117AU,5,4,1,5
IP117AX,27,13,14,14
IP117BE,2,1,1,1
IP117BL,15,12,3,10
IP117BP,69,32,37,26
IP117BT,16,10,6,9
IP117BU,91,42,49,34
IP117BW,14,5,9,5
IP117BX,19,9,10,4
IP117BY,4,1,3,1
IP117BZ,85,42,43,42
IP117DB,3,3,0,2
IP117DD,7,5,2,4
IP117DE,54,13,41,9
IP117DF,3,2,1,1
IP117DG,6,2,4,3
IP117DJ,16,6,10,12
IP117DN,10,6,4,8
IP117DR,5,3,2,3
IP117DS,3,1,2,1
IP117DT,5,3,2,2
IP117DU,10,5,5,5
IP117DX,8,7,1,0
IP117EB,27,11,16,11
IP117ED,21,11,10,6
IP117EE,50,19,31,24
IP117EF,51,28,23,19
IP117EG,55,27,28,27
IP117EH,51,14,37,37
IP117EJ,2,1,1,1
IP117EL,22,11,11,10
IP117EN,8,4,4,4
IP117EP,7,5,2,4
IP117EQ,39,15,24,20
IP117ER,4,1,3,2
IP117ES,17,5,12,11
IP117ET,46,25,21,33
IP117EW,79,46,33,41
IP117EX,26,10,16,17
IP117EY,6,3,3,1
IP117EZ,16,8,8,10
IP117HA,68,30,38,35
IP117HB,20,6,14,16
IP117HD,7,2,5,3
IP117HE,3,2,1,2
IP117HF,53,27,26,20
IP117HH,5,2,3,3
IP117HL,65,30,35,33
IP117HN,53,23,30,22
IP117HP,23,13,10,8
IP117HQ,46,11,35,8
IP117HR,32,17,15,14
IP117HS,63,29,34,24
IP117HT,51,22,29,20
IP117HU,89,49,40,27
IP117HW,24,15,9,7
IP117HX,35,12,23,20
IP117HY,75,37,38,26
IP117HZ,23,14,9,7
IP117JA,35,16,19,15
IP117JB,31,16,15,10
IP117JD,119,58,61,56
IP117JF,32,13,19,24
IP117JH,35,19,16,15
IP117JJ,123,64,59,44
IP117JL,72,36,36,26
IP117JN,49,25,24,18
IP117JP,31,13,18,15
IP117JQ,6,2,4,4
IP117JR,43,23,20,23
IP117JS,12,5,7,6
IP117JT,51,25,26,21
IP117JU,84,42,42,32
IP117JW,114,58,56,42
IP117JX,35,16,19,15
IP117JY,21,9,12,12
IP117JZ,5,3,2,2
IP117LA,30,13,17,13
IP117LB,15,6,9,9
IP117LD,46,25,21,20
IP117LE,41,21,20,22
IP117LF,72,35,37,25
IP117LG,45,25,20,20
IP117LH,7,4,3,5
IP117LN,10,3,7,7
IP117LQ,14,6,8,5
IP117LR,7,3,4,3
IP117LS,6,3,3,3
IP117LU,36,11,25,5
IP117LW,16,5,11,11
IP117LZ,14,10,4,5
IP117NA,44,20,24,22
IP117NB,47,20,27,23
IP117ND,14,6,8,7
IP117NE,48,25,23,23
IP117NF,24,11,13,10
IP117NG,7,2,5,5
IP117NH,19,8,11,12
IP117NJ,33,19,14,16
IP117NN,10,4,6,5
IP117NP,105,51,54,46
IP117NR,57,19,38,19
IP117NS,3,1,2,3
IP117NT,11,5,6,9
IP117NU,11,5,6,8
IP117NX,28,12,16,12
IP117NY,18,6,12,16
IP117NZ,5,3,2,3
IP117PA,55,23,32,29
IP117PB,1,0,1,1
IP117PD,13,6,7,6
IP117PE,73,43,30,31
IP117PF,4,3,1,0
IP117PG,58,29,29,34
IP117PH,16,7,9,9
IP117PJ,25,11,14,10
IP117PL,73,34,39,33
IP117PN,5,4,1,1
IP117PP,13,0,13,0
IP117PQ,35,17,18,22
IP117PR,4,2,2,3
IP117PS,7,3,4,3
IP117PT,39,16,23,21
IP117PU,54,18,36,15
IP117PW,3,2,1,1
IP117PX,7,5,2,4
IP117PY,57,22,35,13
IP117PZ,62,31,31,26
IP117QA,26,14,12,11
IP117QB,18,7,11,11
IP117QD,14,7,7,7
IP117QE,9,4,5,6
IP117QH,23,9,14,8
IP117QJ,22,10,12,12
IP117QL,47,22,25,21
IP117QN,59,28,31,18
IP117QP,30,13,17,15
IP117QR,10,5,5,4
IP117QS,17,7,10,6
IP117QT,60,26,34,28
IP117QU,32,17,15,16
IP117QW,46,25,21,21
IP117QX,13,6,7,6
IP117QY,55,23,32,23
IP117QZ,58,28,30,23
IP117RA,17,8,9,10
IP117RB,15,7,8,7
IP117RD,4,2,2,2
IP117RE,29,16,13,13
IP117RG,9,6,3,3
IP117RH,42,24,18,19
IP117RJ,6,4,2,2
IP117RL,22,5,17,5
IP117RN,18,9,9,5
IP117RP,63,33,30,25
IP117RQ,18,8,10,8
IP117RR,39,17,22,17
IP117RS,73,32,41,32
IP117RT,16,8,8,9
IP117RU,30,15,15,9
IP117RW,37,13,24,7
IP117RX,41,18,23,19
IP117RY,13,6,7,5
IP117RZ,37,19,18,13
IP117SA,22,12,10,9
IP117SB,40,24,16,16
IP117SD,17,6,11,12
IP117SE,6,3,3,4
IP117SG,46,15,31,37
IP117SH,12,5,7,6
IP117SJ,23,16,7,11
IP117SL,1,0,1,1
IP117SP,66,25,41,49
IP117SR,26,14,12,21
IP117ST,66,21,45,51
IP117SZ,43,17,26,33
IP117TB,146,72,74,62
IP117TD,109,54,55,46
IP117TE,23,10,13,8
IP117TF,14,6,8,9
IP117TG,28,12,16,18
IP117TP,22,11,11,9
IP117TU,9,4,5,5
IP117TW,22,10,12,11
IP117UA,8,4,4,4
IP119AA,14,9,5,6
IP119AB,23,12,11,9
IP119AD,36,15,21,12
IP119AE,90,38,52,37
IP119AF,76,38,38,28
IP119AG,52,22,30,20
IP119AH,100,50,50,35
IP119AJ,18,10,8,7
IP119AL,28,14,14,13
IP119AN,3,2,1,2
IP119AP,50,25,25,32
IP119AQ,65,36,29,26
IP119AR,2,1,1,1
IP119AS,38,20,18,19
IP119AT,38,14,24,15
IP119AU,38,17,21,18
IP119AW,21,9,12,7
IP119AX,45,19,26,36
IP119AZ,23,8,15,18
IP119BA,31,15,16,23
IP119BB,75,36,39,27
IP119BD,65,33,32,30
IP119BE,104,52,52,35
IP119BF,3,1,2,2
IP119BH,75,40,35,40
IP119BJ,42,20,22,20
IP119BL,110,54,56,46
IP119BN,15,8,7,6
IP119BP,78,43,35,28
IP119BQ,26,15,11,12
IP119BS,55,27,28,20
IP119BT,65,24,41,26
IP119BU,98,42,56,39
IP119BW,26,16,10,7
IP119BX,18,7,11,9
IP119BY,33,16,17,10
IP119BZ,20,11,9,17
IP119DA,113,52,61,42
IP119DB,42,17,25,13
IP119DD,25,14,11,15
IP119DE,20,10,10,18
IP119DF,22,16,6,18
IP119DG,45,23,22,19
IP119DH,96,47,49,42
IP119DJ,144,76,68,57
IP119DL,43,22,21,13
IP119DN,28,13,15,10
IP119DP,15,8,7,7
IP119DQ,36,18,18,18
IP119DR,44,19,25,24
IP119DS,34,13,21,25
IP119DU,34,16,18,14
IP119DW,69,30,39,44
IP119DX,101,49,52,43
IP119DY,91,49,42,40
IP119DZ,14,7,7,7
IP119EA,8,4,4,3
IP119EB,14,7,7,7
IP119ED,102,51,51,40
IP119EE,128,63,65,64
IP119EG,44,18,26,16
IP119EH,17,10,7,8
IP119EJ,101,50,51,39
IP119EL,8,2,6,2
IP119EN,37,22,15,13
IP119EP,108,52,56,52
IP119EQ,68,31,37,28
IP119ER,59,32,27,25
IP119EW,124,52,72,66
IP119EZ,61,25,36,49
IP119HA,36,16,20,16
IP119HB,47,20,27,25
IP119HD,109,55,54,49
IP119HE,60,32,28,27
IP119HF,72,34,38,37
IP119HG,70,40,30,28
IP119HH,45,21,24,25
IP119HJ,17,7,10,8
IP119HL,12,6,6,6
IP119HN,51,24,27,24
IP119HP,53,27,26,27
IP119HQ,27,11,16,10
IP119HR,38,14,24,18
IP119HS,86,44,42,47
IP119HT,11,4,7,7
IP119HU,26,13,13,11
IP119HW,14,2,12,12
IP119HX,64,29,35,31
IP119HZ,6,4,2,4
IP119JB,21,11,10,7
IP119JD,64,32,32,25
IP119JE,50,22,28,31
IP119JG,16,8,8,8
IP119JJ,35,16,19,18
IP119JL,71,32,39,39
IP119JN,25,12,13,11
IP119JP,44,19,25,18
IP119JQ,47,21,26,19
IP119JR,13,7,6,5
IP119JS,63,30,33,26
IP119JT,15,8,7,8
IP119JU,7,3,4,3
IP119JW,23,9,14,12
IP119JZ,87,36,51,43
IP119LA,20,9,11,10
IP119LB,37,19,18,14
IP119LD,92,42,50,41
IP119LE,55,24,31,27
IP119LF,59,25,34,26
IP119LG,21,10,11,10
IP119LH,49,23,26,20
IP119LJ,16,6,10,7
IP119LL,34,21,13,13
IP119LN,31,14,17,15
IP119LP,38,17,21,16
IP119LQ,37,18,19,20
IP119LR,36,17,19,18
IP119LS,112,53,59,62
IP119LT,23,10,13,8
IP119LU,45,23,22,21
IP119LW,8,4,4,4
IP119LX,8,5,3,3
IP119LY,59,31,28,26
IP119LZ,4,2,2,4
IP119NA,6,4,2,5
IP119NB,14,8,6,13
IP119ND,10,5,5,4
IP119NE,3,2,1,3
IP119NF,78,40,38,30
IP119NG,19,9,10,10
IP119NH,16,8,8,8
IP119NJ,50,20,30,29
IP119NL,28,14,14,12
IP119NN,15,6,9,9
IP119NP,20,10,10,10
IP119NQ,53,25,28,26
IP119NR,106,48,58,47
IP119NS,27,14,13,11
IP119NT,29,16,13,10
IP119NU,22,9,13,13
IP119NW,9,6,3,7
IP119NX,53,23,30,22
IP119NY,25,10,15,12
IP119NZ,45,22,23,19
IP119PA,61,26,35,23
IP119PB,56,19,37,44
IP119PD,97,48,49,39
IP119PE,33,10,23,30
IP119PF,42,18,24,13
IP119PH,2,1,1,1
IP119PJ,29,17,12,12
IP119PL,83,36,47,39
IP119PN,45,24,21,17
IP119PP,18,10,8,9
IP119PQ,37,14,23,19
IP119PR,6,2,4,2
IP119PS,18,12,6,9
IP119PT,30,14,16,11
IP119PU,69,21,48,10
IP119PW,11,5,6,6
IP119QB,153,69,84,64
IP119QD,5,2,3,4
IP119QE,34,18,16,19
IP119QF,47,23,24,22
IP119QG,42,21,21,22
IP119QH,57,21,36,32
IP119QJ,50,22,28,20
IP119QL,31,18,13,17
IP119QN,32,13,19,13
IP119QP,18,7,11,6
IP119QR,3,2,1,1
IP119QS,9,4,5,4
IP119QT,17,7,10,8
IP119QU,7,3,4,5
IP119QX,66,28,38,25
IP119QY,107,55,52,44
IP119QZ,3,1,2,1
IP119RA,10,5,5,4
IP119RB,4,2,2,1
IP119RD,5,2,3,2
IP119RE,3,1,2,2
IP119RF,5,3,2,3
IP119RG,10,5,5,3
IP119RH,3,2,1,2
IP119RJ,3,2,1,2
IP119RL,19,10,9,6
IP119RN,26,12,14,7
IP119RQ,9,3,6,5
IP119RR,13,6,7,6
IP119RS,7,4,3,3
IP119RT,11,4,7,6
IP119RU,19,10,9,9
IP119RW,5,3,2,2
IP119RX,12,5,7,5
IP119RY,2,1,1,1
IP119RZ,47,24,23,32
IP119SA,29,16,13,16
IP119SB,45,24,21,17
IP119SD,13,7,6,7
IP119SE,18,8,10,9
IP119SF,61,29,32,30
IP119SG,27,13,14,16
IP119SH,8,4,4,4
IP119SJ,16,10,6,7
IP119SL,63,29,34,26
IP119SN,42,19,23,21
IP119SP,31,14,17,15
IP119SQ,28,15,13,15
IP119SR,31,15,16,11
IP119SS,40,17,23,16
IP119ST,4,2,2,2
IP119SU,22,11,11,10
IP119SW,24,14,10,12
IP119SX,13,6,7,8
IP119SY,6,3,3,3
IP119TA,21,9,12,10
IP119TB,58,28,30,26
IP119TD,20,10,10,8
IP119TE,30,16,14,11
IP119TF,8,4,4,4
IP119TG,20,9,11,9
IP119TH,14,6,8,6
IP119TJ,35,17,18,14
IP119TL,60,30,30,26
IP119TN,4,2,2,1
IP119TP,27,14,13,12
IP119TQ,9,5,4,3
IP119TR,23,9,14,14
IP119TS,6,3,3,3
IP119TT,18,10,8,8
IP119TW,7,3,4,4
IP119TX,37,18,19,21
IP119UG,11,3,8,3
IP119UJ,6,3,3,4
IP121AA,9,4,5,4
IP121AE,52,24,28,37
IP121AG,4,2,2,2
IP121AH,30,16,14,20
IP121AL,38,13,25,20
IP121AN,16,11,5,13
IP121AQ,3,1,2,2
IP121AR,1,0,1,1
IP121AS,35,14,21,18
IP121AT,9,4,5,5
IP121AW,7,3,4,4
IP121AX,65,28,37,26
IP121AY,17,5,12,12
IP121AZ,77,30,47,42
IP121BA,11,5,6,6
IP121BB,28,13,15,16
IP121BD,14,5,9,10
IP121BE,30,12,18,22
IP121BF,25,10,15,11
IP121BG,31,17,14,14
IP121BH,8,4,4,5
IP121BJ,9,5,4,4
IP121BN,9,4,5,5
IP121BS,21,10,11,12
IP121BT,18,7,11,9
IP121BU,34,12,22,22
IP121BW,25,14,11,18
IP121BX,31,18,13,18
IP121BY,5,2,3,3
IP121DA,10,6,4,6
IP121DB,4,1,3,2
IP121DD,14,8,6,8
IP121DE,1,1,0,1
IP121DF,3,2,1,2
IP121DH,25,14,11,14
IP121DQ,3,0,3,3
IP121DR,12,6,6,8
IP121DS,26,16,10,12
IP121DT,4,1,3,3
IP121DU,13,7,6,5
IP121DW,3,2,1,2
IP121DX,41,23,18,28
IP121DY,10,7,3,7
IP121DZ,56,21,35,32
IP121EA,10,6,4,5
IP121EB,35,18,17,23
IP121ED,20,11,9,9
IP121EE,17,4,13,10
IP121EF,23,10,13,12
IP121EG,31,15,16,21
IP121EH,26,12,14,13
IP121EJ,30,12,18,22
IP121EL,90,46,44,40
IP121EN,30,9,21,3
IP121EP,12,4,8,6
IP121EQ,38,20,18,24
IP121ES,5,2,3,1
IP121ET,22,9,13,9
IP121EU,10,6,4,8
IP121EW,2,1,1,1
IP121EX,25,8,17,6
IP121EY,10,5,5,4
IP121EZ,23,9,14,17
IP121FA,11,5,6,9
IP121FB,18,9,9,14
IP121FE,32,16,16,19
IP121FF,16,9,7,7
IP121FG,28,12,16,17
IP121FH,20,12,8,6
IP121GN,24,11,13,11
IP121GP,7,3,4,4
IP121GZ,70,32,38,31
IP121HA,95,52,43,58
IP121HB,34,9,25,28
IP121HD,4,0,4,3
IP121HE,22,13,9,11
IP121HF,23,15,8,11
IP121HH,19,8,11,8
IP121HJ,32,17,15,14
IP121HL,127,55,72,58
IP121HN,39,23,16,30
IP121HP,29,11,18,17
IP121HQ,17,5,12,11
IP121HR,9,4,5,5
IP121HS,20,7,13,11
IP121HT,12,4,8,7
IP121HU,58,26,32,28
IP121HW,30,13,17,12
IP121HX,2,1,1,1
IP121HZ,22,9,13,14
IP121JA,69,30,39,28
IP121JB,52,26,26,20
IP121JD,180,94,86,64
IP121JE,65,33,32,27
IP121JF,6,2,4,3
IP121JG,27,7,20,1
IP121JH,60,33,27,26
IP121JJ,69,34,35,33
IP121JL,60,27,33,28
IP121JN,96,47,49,30
IP121JP,26,11,15,14
IP121JQ,86,41,45,31
IP121JR,132,68,64,45
IP121JS,122,61,61,51
IP121JT,31,15,16,10
IP121JU,12,7,5,6
IP121JW,98,52,46,45
IP121JX,99,50,49,38
IP121JY,54,26,28,28
IP121JZ,12,6,6,5
IP121LA,93,51,42,31
IP121LB,141,66,75,55
IP121LD,167,87,80,70
IP121LE,121,58,63,52
IP121LF,60,30,30,24
IP121LG,154,76,78,59
IP121LH,10,6,4,3
IP121LJ,22,9,13,10
IP121LL,3,1,2,2
IP121LN,4,2,2,2
IP121LQ,79,39,40,32
IP121LU,7,1,6,4
IP121LW,22,8,14,9
IP121LX,9,5,4,4
IP121LY,3,2,1,1
IP121LZ,13,5,8,5
IP121NA,7,3,4,4
IP121ND,11,4,7,2
IP121NH,50,23,27,20
IP121NJ,8,5,3,4
IP121NL,12,6,6,10
IP121NN,23,13,10,10
IP121NQ,3,1,2,2
IP121NR,4,3,1,2
IP121NS,5,3,2,2
IP121NT,4,2,2,2
IP121NW,17,10,7,6
IP121NX,42,18,24,17
IP121NY,15,7,8,4
IP121NZ,4,2,2,2
IP121PA,7,5,2,2
IP121PD,21,10,11,10
IP121PE,26,11,15,14
IP121PF,11,2,9,4
IP121PH,19,6,13,11
IP121PJ,100,42,58,49
IP121PL,41,22,19,22
IP121PP,17,7,10,6
IP121PQ,3,1,2,2
IP121PR,16,7,9,10
IP121PS,2,1,1,2
IP121PT,3,2,1,2
IP121PU,3,2,1,1
IP121PW,44,21,23,19
IP121PX,28,13,15,13
IP121PY,3,3,0,2
IP121PZ,170,69,101,74
IP121QA,24,11,13,17
IP121QD,5,1,4,1
IP121QE,24,15,9,6
IP121QF,9,5,4,6
IP121QG,19,12,7,6
IP121QH,3,1,2,1
IP121QJ,34,18,16,15
IP121QL,1,1,0,1
IP121QN,3,2,1,1
IP121QP,15,10,5,6
IP121QR,24,13,11,8
IP121QS,5,4,1,2
IP121QU,102,40,62,57
IP121QX,72,32,40,36
IP121QY,36,21,15,15
IP121QZ,27,6,21,27
IP121RB,1,0,1,1
IP121RD,111,55,56,47
IP121RE,6,4,2,4
IP121RF,11,6,5,4
IP121RG,20,12,8,13
IP121RL,102,50,52,46
IP121RN,44,22,22,27
IP121RP,50,25,25,22
IP121RQ,20,10,10,14
IP121RW,74,35,39,34
IP121RX,29,12,17,11
IP121SA,33,16,17,15
IP121SB,24,12,12,11
IP121SD,55,26,29,22
IP121SE,22,12,10,9
IP121SF,31,15,16,16
IP121SG,13,7,6,6
IP121SH,8,4,4,5
IP121SJ,35,17,18,19
IP121SL,15,9,6,6
IP121SR,19,8,11,11
IP121SS,29,15,14,12
IP121SX,39,14,25,21
IP121SY,23,9,14,7
IP121SZ,84,41,43,32
IP121TD,112,58,54,43
IP121TE,52,25,27,20
IP121TJ,25,12,13,8
IP121TL,13,7,6,3
IP121TN,8,3,5,6
IP121TP,73,34,39,31
IP121TQ,19,9,10,11
IP121XA,11,5,6,7
IP121XB,43,8,35,35
IP122AA,6,3,3,3
IP122AB,3,1,2,1
IP122AD,2,1,1,1
IP122AE,1,1,0,1
IP122AF,2,1,1,1
IP122AG,8,4,4,1
IP122AJ,38,20,18,17
IP122AL,17,7,10,7
IP122AN,1,1,0,1
IP122AP,3,1,2,2
IP122AR,3,2,1,1
IP122AS,2,1,1,1
IP122AT,29,17,12,17
IP122AU,5,1,4,3
IP122AW,5,3,2,2
IP122AX,23,12,11,13
IP122AY,3,2,1,2
IP122AZ,7,4,3,3
IP122BA,32,14,18,14
IP122BB,12,5,7,7
IP122BD,6,2,4,2
IP122BE,34,17,17,17
IP122BF,33,12,21,13
IP122BH,6,2,4,2
IP122BJ,4,2,2,2
IP122BL,6,2,4,4
IP122BN,6,2,4,2
IP122BP,4,2,2,2
IP122BQ,21,10,11,7
IP122BS,10,4,6,4
IP122BT,12,7,5,3
IP122BU,9,5,4,3
IP122BW,1,0,1,1
IP122BX,18,7,11,8
IP122DA,14,6,8,3
IP122DB,10,8,2,2
IP122DD,2,0,2,2
IP122DE,5,3,2,2
IP122DF,12,7,5,3
IP122DG,17,6,11,6
IP122DH,6,4,2,3
IP122DJ,1,1,0,1
IP122DN,4,3,1,2
IP122DP,16,7,9,8
IP122DQ,5,2,3,4
IP122DR,1,0,1,1
IP122DS,4,3,1,1
IP122DT,1,0,1,1
IP122DU,4,2,2,2
IP122DW,2,1,1,1
IP122DX,6,4,2,4
IP122DY,18,8,10,11
IP122DZ,11,5,6,5
IP122EA,30,16,14,14
IP122EB,4,2,2,2
IP122ED,23,9,14,12
IP122EE,3,2,1,2
IP122EF,1,1,0,1
IP122EG,5,3,2,3
IP122EH,2,2,0,1
IP122EJ,1,1,0,1
IP122EN,6,4,2,2
IP122EP,17,7,10,8
IP122EQ,12,7,5,7
IP122ER,5,2,3,4
IP122ES,4,2,2,2
IP122EU,7,4,3,5
IP122EW,38,17,21,13
IP122EX,15,9,6,5
IP122EY,21,11,10,10
IP122EZ,2,1,1,1
IP122FE,70,36,34,25
IP122GA,91,45,46,30
IP122GB,84,43,41,32
IP122GD,112,54,58,43
IP122GE,43,20,23,16
IP122GF,58,27,31,19
IP122GG,50,23,27,16
IP122GH,49,26,23,18
IP122GL,85,43,42,33
IP122GN,28,11,17,9
IP122GP,105,51,54,40
IP122GQ,12,4,8,5
IP122GR,111,49,62,34
IP122GS,50,24,26,15
IP122GT,59,30,29,20
IP122GU,18,10,8,6
IP122GW,39,19,20,22
IP122GX,28,18,10,21
IP122GY,45,21,24,22
IP122GZ,96,42,54,32
IP122HA,7,4,3,1
IP122HD,7,3,4,3
IP122HE,13,6,7,4
IP122HF,13,8,5,4
IP122HH,5,3,2,2
IP122HJ,2,1,1,1
IP122HN,8,4,4,3
IP122HQ,6,4,2,2
IP122HR,16,7,9,9
IP122HW,12,7,5,7
IP122HX,54,32,22,20
IP122HZ,10,3,7,4
IP122JA,19,10,9,10
IP122JB,16,5,11,6
IP122JD,58,32,26,23
IP122JE,55,30,25,21
IP122JF,8,4,4,4
IP122JH,4,2,2,1
IP122JJ,104,50,54,38
IP122JL,15,5,10,9
IP122JN,27,12,15,11
IP122JP,4,2,2,1
IP122JQ,24,8,16,11
IP122JR,25,12,13,11
IP122JS,6,4,2,3
IP122JT,5,3,2,3
IP122JU,4,1,3,4
IP122JW,2,1,1,1
IP122JX,5,1,4,2
IP122JY,5,2,3,2
IP122JZ,5,2,3,2
IP122LA,2,1,1,1
IP122LB,10,6,4,6
IP122LE,3,1,2,2
IP122LG,9,6,3,6
IP122LH,12,6,6,4
IP122LL,7,3,4,5
IP122LN,26,12,14,15
IP122LQ,3,2,1,2
IP122LR,7,3,4,4
IP122LS,66,32,34,32
IP122LT,12,6,6,6
IP122LU,4,3,1,1
IP122LW,2,1,1,1
IP122LX,39,21,18,18
IP122LY,12,5,7,9
IP122LZ,8,2,6,4
IP122NA,3,2,1,2
IP122NB,4,2,2,4
IP122NE,2,1,1,1
IP122NF,4,1,3,3
IP122NG,13,7,6,8
IP122NH,19,10,9,9
IP122NJ,2,1,1,1
IP122NL,2,1,1,2
IP122NN,11,5,6,5
IP122NP,20,10,10,7
IP122NQ,27,13,14,13
IP122NR,40,17,23,20
IP122NT,9,4,5,7
IP122NU,42,20,22,23
IP122NW,22,9,13,10
IP122NX,3,1,2,2
IP122PA,22,11,11,6
IP122PB,12,4,8,5
IP122PF,2,1,1,1
IP122PG,4,3,1,1
IP122PH,6,3,3,3
IP122PJ,18,6,12,10
IP122PL,11,4,7,6
IP122PN,12,8,4,4
IP122PP,32,12,20,14
IP122PQ,32,15,17,10
IP122PR,13,7,6,7
IP122PS,3,2,1,2
IP122PT,11,4,7,2
IP122PU,3,1,2,2
IP122PW,4,2,2,3
IP122PX,54,25,29,21
IP122PY,8,4,4,3
IP122PZ,7,4,3,4
IP122QA,47,20,27,20
IP122QB,11,3,8,3
IP122QD,4,2,2,2
IP122QE,16,8,8,6
IP122QF,28,15,13,13
IP122QG,84,44,40,36
IP122QH,10,5,5,4
IP122QJ,2,1,1,1
IP122QL,12,8,4,4
IP122QN,5,3,2,2
IP122QP,9,4,5,3
IP122QQ,5,2,3,3
IP122QR,4,1,3,2
IP122QS,42,20,22,19
IP122QT,28,15,13,14
IP122QW,18,7,11,7
IP122QX,2,1,1,1
IP122QY,25,14,11,7
IP122QZ,8,4,4,3
IP122RB,5,2,3,2
IP122RD,5,2,3,2
IP122RE,12,7,5,3
IP122RF,4,3,1,1
IP122RG,13,7,6,3
IP122RJ,9,3,6,2
IP122RL,5,1,4,2
IP122RN,13,7,6,6
IP122RP,3,1,2,1
IP122RR,1,0,1,1
IP122RS,7,4,3,2
IP122RT,4,2,2,2
IP122RU,6,4,2,2
IP122RW,19,7,12,9
IP122RY,18,9,9,7
IP122SA,7,3,4,4
IP122SB,4,2,2,1
IP122SF,4,2,2,1
IP122SJ,11,6,5,4
IP122SP,14,5,9,4
IP122SQ,13,7,6,6
IP122SS,64,33,31,28
IP122SY,8,4,4,4
IP122TA,136,69,67,56
IP122TB,40,20,20,16
IP122TD,44,20,24,26
IP122TE,82,42,40,31
IP122TF,102,54,48,40
IP122TG,62,31,31,33
IP122TH,44,20,24,17
IP122TJ,90,43,47,45
IP122TN,96,46,50,34
IP122TP,125,52,73,30
IP122TQ,62,32,30,24
IP122TX,28,15,13,8
IP122TY,7,4,3,6
IP122UA,49,31,18,40
IP122UD,37,17,20,17
IP122UE,28,10,18,12
IP122UF,178,78,100,77
IP122UG,20,9,11,7
IP122UH,40,20,20,16
IP122UJ,36,17,19,13
IP122UL,88,40,48,36
IP122UN,59,33,26,21
IP122UP,25,11,14,8
IP122UQ,23,9,14,11
IP122UR,43,23,20,16
IP122US,3,2,1,2
IP122UT,105,51,54,38
IP122UW,44,20,24,18
IP123AA,8,4,4,3
IP123AB,9,4,5,3
IP123AD,6,3,3,2
IP123AE,6,3,3,4
IP123AF,6,3,3,3
IP123AG,5,2,3,2
IP123AH,55,26,29,29
IP123AJ,37,15,22,17
IP123AL,8,3,5,3
IP123AN,25,13,12,7
IP123AP,26,13,13,12
IP123AQ,17,6,11,6
IP123AR,3,2,1,2
IP123AS,12,7,5,8
IP123AT,5,3,2,1
IP123AU,8,4,4,3
IP123AW,36,18,18,13
IP123AZ,18,13,5,0
IP123BA,7,3,4,3
IP123BB,13,7,6,5
IP123BD,2,1,1,1
IP123BE,28,11,17,13
IP123BG,1,1,0,1
IP123BH,7,3,4,3
IP123BL,98,50,48,46
IP123BN,9,7,2,3
IP123BS,17,8,9,10
IP123BT,2,1,1,1
IP123BU,12,4,8,6
IP123BW,7,3,4,5
IP123BX,34,17,17,13
IP123BY,6,3,3,3
IP123BZ,68,29,39,26
IP123DA,91,45,46,41
IP123DB,7,3,4,2
IP123DE,8,2,6,3
IP123DG,12,6,6,6
IP123DH,1,1,0,1
IP123DJ,16,5,11,7
IP123DL,20,9,11,8
IP123DN,7,4,3,3
IP123DP,4,2,2,2
IP123DQ,13,5,8,5
IP123DR,14,7,7,6
IP123DT,10,4,6,3
IP123DU,50,27,23,20
IP123DW,4,3,1,2
IP123DX,6,4,2,2
IP123DY,4,2,2,2
IP123DZ,17,8,9,7
IP123EA,54,23,31,26
IP123ED,3,2,1,1
IP123EE,13,7,6,5
IP123EF,2,1,1,1
IP123EG,9,3,6,5
IP123EH,3,2,1,1
IP123EJ,1,0,1,1
IP123EN,3,2,1,2
IP123EP,9,3,6,3
IP123EQ,23,11,12,10
IP123ER,2,1,1,1
IP123ES,2,1,1,1
IP123ET,58,27,31,23
IP123EU,11,7,4,5
IP123EW,3,1,2,2
IP123EY,9,3,6,3
IP123EZ,3,2,1,2
IP123HA,4,2,2,3
IP123HB,7,4,3,4
IP123HD,9,4,5,5
IP123HE,2,1,1,1
IP123HF,30,18,12,12
IP123HG,16,7,9,8
IP123HH,2,1,1,1
IP123HJ,2,2,0,2
IP123HL,18,8,10,5
IP123HN,6,2,4,2
IP123HP,11,5,6,4
IP123HS,7,3,4,3
IP123HT,2,1,1,1
IP123HU,3,0,3,1
IP123HW,3,2,1,1
IP123JD,9,3,6,4
IP123JE,7,4,3,2
IP123JG,43,25,18,17
IP123JJ,1,0,1,1
IP123JL,23,12,11,10
IP123JQ,21,11,10,6
IP123JR,1,0,1,1
IP123JS,68,29,39,20
IP123JT,6,3,3,4
IP123JW,444,444,0,0
IP123JX,4,3,1,1
IP123JY,127,66,61,52
IP123JZ,135,71,64,46
IP123LA,25,13,12,10
IP123LB,19,9,10,6
IP123LD,15,6,9,6
IP123LE,5,3,2,3
IP123LF,3,1,2,2
IP123LG,5,3,2,2
IP123LH,30,15,15,14
IP123LL,21,12,9,8
IP123LN,4,1,3,1
IP123LP,24,14,10,8
IP123LQ,29,17,12,19
IP123LR,4,2,2,2
IP123LU,369,356,13,5
IP123LW,22,10,12,10
IP123NA,15,8,7,6
IP123NB,2,1,1,1
IP123ND,2,1,1,1
IP123NE,6,4,2,2
IP123NF,22,9,13,11
IP123NG,5,2,3,2
IP123NH,3,1,2,1
IP123NJ,5,1,4,1
IP123NL,5,3,2,3
IP123NN,6,4,2,2
IP123NP,10,5,5,6
IP123NQ,13,9,4,7
IP123NS,4,2,2,1
IP123NT,7,4,3,2
IP123NU,40,22,18,15
IP123NY,3,1,2,2
IP123PA,6,3,3,3
IP123PB,19,7,12,9
IP123PD,5,1,4,2
IP123PE,3,1,2,2
IP123PF,1,1,0,1
IP123PG,8,4,4,3
IP123PJ,7,3,4,3
IP123PN,4,2,2,1
IP123PP,10,4,6,5
IP123PQ,1,1,0,1
IP123PR,4,2,2,3
IP123PS,21,12,9,10
IP123PT,13,5,8,5
IP123PU,34,15,19,14
IP123PW,11,8,3,4
IP123PX,10,5,5,4
IP123PY,9,5,4,3
IP123PZ,3,2,1,2
IP123QA,3,3,0,1
IP123QB,3,2,1,1
IP123QD,26,12,14,11
IP123QE,3,2,1,2
IP123QF,21,7,14,7
IP123QG,8,4,4,3
IP123QJ,121,59,62,54
IP123QL,31,13,18,15
IP123QN,13,9,4,4
IP123QP,82,40,42,45
IP123QR,9,5,4,4
IP123QS,17,8,9,8
IP123QU,57,28,29,26
IP123QW,6,3,3,3
IP123QX,16,8,8,9
IP123QY,14,9,5,6
IP123QZ,17,10,7,7
IP123RA,11,5,6,7
IP123RB,67,36,31,30
IP123RD,18,10,8,6
IP123RE,18,9,9,8
IP123RF,13,8,5,4
IP123RG,2,1,1,1
IP123RH,47,24,23,25
IP123RJ,4,2,2,1
IP123RL,2,1,1,1
IP123RN,7,3,4,4
IP123RP,27,12,15,9
IP123RQ,13,8,5,6
IP123RR,33,17,16,17
IP123RS,3,1,2,1
IP123RT,3,1,2,1
IP123RU,45,22,23,17
IP123RY,1,0,1,1
IP123SD,8,4,4,4
IP123SF,6,3,3,3
IP123TA,171,99,72,58
IP123TB,53,27,26,15
IP123TD,78,35,43,31
IP123TE,9,6,3,4
IP123TF,30,19,11,10
IP123TG,36,20,16,11
IP123TH,15,6,9,8
IP123TJ,26,18,8,10
IP123TL,116,55,61,35
IP123TN,14,13,1,7
IP123TP,122,57,65,52
IP123TQ,41,23,18,14
IP123TR,90,45,45,37
IP123TS,42,23,19,18
IP123TT,88,45,43,41
IP123TU,30,15,15,12
IP123TX,45,25,20,16
IP123TY,14,9,5,3
IP123TZ,36,19,17,9
IP124AB,24,11,13,13
IP124AD,37,18,19,19
IP124AE,1,0,1,1
IP124AG,12,6,6,7
IP124AH,21,11,10,13
IP124AP,4,2,2,3
IP124AQ,11,4,7,7
IP124AR,14,7,7,7
IP124AS,6,3,3,1
IP124AT,9,4,5,5
IP124AU,50,23,27,32
IP124AW,2,1,1,2
IP124AX,20,11,9,15
IP124AY,15,6,9,9
IP124AZ,38,16,22,30
IP124BA,2,1,1,1
IP124BD,10,4,6,7
IP124BE,42,17,25,24
IP124BF,61,20,41,43
IP124BG,2,1,1,1
IP124BH,16,8,8,4
IP124BJ,9,5,4,5
IP124BL,32,14,18,19
IP124BN,7,2,5,5
IP124BP,19,7,12,11
IP124BQ,33,7,26,28
IP124BS,23,13,10,7
IP124BT,41,22,19,15
IP124BU,35,18,17,13
IP124BW,72,12,60,8
IP124BX,12,6,6,7
IP124BY,36,14,22,17
IP124DA,13,7,6,5
IP124DD,51,23,28,21
IP124DE,85,45,40,39
IP124DF,11,5,6,9
IP124DG,10,7,3,5
IP124DH,31,19,12,13
IP124DJ,3,1,2,2
IP124DL,55,26,29,19
IP124DN,19,9,10,6
IP124DP,2,1,1,1
IP124DQ,53,22,31,29
IP124DR,16,10,6,6
IP124DS,24,11,13,8
IP124DT,11,7,4,7
IP124DU,41,21,20,15
IP124DW,24,12,12,9
IP124DX,85,41,44,35
IP124DY,22,11,11,11
IP124DZ,26,13,13,10
IP124EA,107,46,61,50
IP124EB,22,11,11,11
IP124ED,28,13,15,13
IP124EE,31,14,17,12
IP124EF,36,16,20,15
IP124EG,12,6,6,6
IP124EH,41,21,20,17
IP124EJ,29,14,15,12
IP124EL,23,12,11,10
IP124EN,19,10,9,8
IP124EP,22,11,11,8
IP124EQ,60,30,30,19
IP124ER,41,21,20,13
IP124ES,61,30,31,27
IP124ET,74,33,41,33
IP124EU,48,23,25,18
IP124EW,25,13,12,16
IP124EX,43,18,25,18
IP124EY,27,10,17,13
IP124EZ,65,33,32,26
IP124FB,2,1,1,1
IP124HA,122,56,66,50
IP124HB,58,24,34,30
IP124HD,44,20,24,18
IP124HE,41,22,19,18
IP124HF,70,35,35,23
IP124HG,23,9,14,11
IP124HH,36,21,15,17
IP124HJ,19,12,7,8
IP124HN,24,11,13,12
IP124HP,43,22,21,16
IP124HQ,37,22,15,17
IP124HR,85,41,44,40
IP124HS,35,15,20,17
IP124HT,78,32,46,30
IP124HU,74,36,38,26
IP124HW,20,9,11,7
IP124HX,13,4,9,8
IP124HY,7,3,4,3
IP124HZ,35,16,19,19
IP124JA,51,22,29,20
IP124JB,128,67,61,47
IP124JD,37,18,19,14
IP124JE,34,4,30,31
IP124JF,20,9,11,9
IP124JH,36,17,19,3
IP124JJ,56,22,34,13
IP124JL,10,4,6,4
IP124JN,61,28,33,28
IP124JP,98,50,48,44
IP124JQ,21,7,14,7
IP124JR,8,5,3,2
IP124JS,25,11,14,10
IP124JT,17,7,10,8
IP124JU,131,67,64,50
IP124JW,40,19,21,16
IP124JY,7,3,4,2
IP124JZ,20,8,12,9
IP124LA,51,24,27,22
IP124LB,150,77,73,61
IP124LD,19,8,11,8
IP124LE,11,6,5,5
IP124LF,42,21,21,20
IP124LG,22,10,12,10
IP124LJ,24,11,13,11
IP124LL,28,15,13,14
IP124LP,12,4,8,7
IP124LQ,5,3,2,2
IP124LR,11,4,7,8
IP124LS,47,25,22,17
IP124LU,24,10,14,15
IP124LX,1,1,0,1
IP124LY,72,32,40,35
IP124LZ,52,25,27,28
IP124NA,15,8,7,10
IP124NB,52,15,37,30
IP124ND,14,4,10,10
IP124NE,43,16,27,22
IP124NF,50,27,23,23
IP124NG,43,15,28,27
IP124NH,37,17,20,23
IP124NJ,14,6,8,7
IP124NN,13,7,6,12
IP124NP,61,34,27,24
IP124NQ,22,9,13,20
IP124NR,47,26,21,17
IP124NS,57,31,26,24
IP124NT,5,1,4,2
IP124NU,30,12,18,13
IP124NY,19,10,9,7
IP124NZ,8,4,4,5
IP124PA,17,7,10,6
IP124PB,7,4,3,2
IP124PD,2,0,2,2
IP124PE,2,1,1,1
IP124PF,13,5,8,4
IP124PG,4,2,2,2
IP124PH,5,3,2,2
IP124PJ,13,6,7,5
IP124PL,4,2,2,2
IP124PP,10,4,6,5
IP124PQ,35,17,18,17
IP124PR,7,2,5,3
IP124PS,28,15,13,13
IP124PT,14,7,7,5
IP124PW,15,6,9,6
IP124PX,3,2,1,2
IP124PY,23,13,10,11
IP124PZ,8,3,5,6
IP124QA,30,15,15,13
IP124QB,3,1,2,2
IP124QD,6,4,2,2
IP124QE,4,2,2,2
IP124QF,13,6,7,6
IP124QG,8,3,5,4
IP124QH,3,1,2,2
IP124QL,104,55,49,48
IP124QN,31,14,17,14
IP124QP,22,10,12,6
IP124QR,74,38,36,32
IP124QS,17,7,10,6
IP124QT,13,4,9,8
IP124QU,6,3,3,4
IP124QW,38,17,21,18
IP124QX,25,14,11,12
IP124QY,20,12,8,8
IP124QZ,13,7,6,6
IP124RA,3,2,1,2
IP124RB,14,9,5,7
IP124RD,2,1,1,1
IP124RG,13,6,7,7
IP124RH,4,3,1,2
IP124RL,15,7,8,6
IP124RN,4,3,1,2
IP124RP,4,2,2,2
IP124RQ,9,5,4,3
IP124RR,38,21,17,20
IP124RS,11,7,4,6
IP124RT,130,70,60,44
IP124RU,17,9,8,7
IP124RW,51,26,25,19
IP124RX,12,8,4,3
IP124RY,48,26,22,17
IP124SA,6,3,3,2
IP124SB,2,1,1,1
IP124SD,10,6,4,6
IP124SE,50,26,24,17
IP124SF,66,29,37,21
IP124SG,48,24,24,17
IP124SH,13,6,7,7
IP124SJ,15,7,8,5
IP124SL,9,5,4,3
IP124SN,26,11,15,8
IP124SP,33,16,17,13
IP124SQ,14,5,9,4
IP124SR,43,16,27,20
IP124SS,14,6,8,6
IP124ST,43,23,20,20
IP124SU,29,14,15,17
IP124SW,38,19,19,18
IP124SX,12,5,7,5
IP124SY,18,8,10,8
IP124SZ,30,13,17,11
IP124TA,29,15,14,14
IP124TB,22,11,11,12
IP124TD,8,4,4,5
IP124TE,10,5,5,2
IP124TF,44,24,20,18
IP124TG,89,48,41,42
IP124TJ,71,30,41,30
IP124TL,24,13,11,10
IP124TN,21,10,11,12
IP124TP,28,12,16,20
IP124TQ,20,9,11,14
IP124TS,9,7,2,4
IP124TT,19,11,8,7
IP124TU,44,16,28,18
IP124TX,13,6,7,5
IP124TZ,9,4,5,4
IP124UA,6,2,4,4
IP124UD,10,4,6,3
IP124UH,89,44,45,31
IP124UL,74,39,35,31
IP124UN,15,7,8,3
IP124UP,5,2,3,3
IP124UU,44,16,28,18
IP124UX,32,12,20,10
IP124UY,42,22,20,16
IP124UZ,33,13,20,14
IP130AA,13,6,7,6
IP130AB,14,9,5,7
IP130AD,8,5,3,3
IP130AE,16,7,9,4
IP130AG,16,6,10,7
IP130AH,25,13,12,9
IP130AJ,11,4,7,5
IP130AL,26,10,16,13
IP130AN,6,3,3,3
IP130AP,3,1,2,2
IP130AR,5,1,4,3
IP130AS,4,2,2,3
IP130AT,20,10,10,7
IP130AU,2,1,1,1
IP130AW,2,1,1,1
IP130AX,35,20,15,11
IP130AY,4,2,2,2
IP130AZ,10,4,6,5
IP130BA,42,19,23,16
IP130BB,2,1,1,1
IP130BD,20,10,10,11
IP130BE,17,7,10,8
IP130BF,3,2,1,1
IP130BG,18,5,13,9
IP130BH,7,3,4,4
IP130BJ,8,2,6,4
IP130BL,2,1,1,1
IP130BN,2,1,1,1
IP130BP,6,2,4,2
IP130BQ,44,21,23,11
IP130BS,14,7,7,6
IP130BT,4,2,2,2
IP130BU,5,2,3,1
IP130BW,5,3,2,3
IP130BX,4,3,1,2
IP130BY,14,9,5,6
IP130BZ,6,2,4,2
IP130DA,13,6,7,5
IP130DE,9,4,5,4
IP130DG,2,1,1,1
IP130DH,2,1,1,1
IP130DJ,2,2,0,1
IP130DL,26,12,14,7
IP130DN,7,3,4,3
IP130DP,19,9,10,7
IP130DQ,10,5,5,4
IP130DR,64,30,34,24
IP130DS,14,8,6,7
IP130DT,69,34,35,27
IP130DU,7,2,5,4
IP130DW,10,4,6,6
IP130DX,4,0,4,3
IP130DY,9,3,6,6
IP130DZ,2,1,1,1
IP130EA,20,10,10,7
IP130EB,4,3,1,2
IP130ED,57,28,29,28
IP130EE,14,6,8,6
IP130EF,20,8,12,10
IP130EG,2,1,1,2
IP130EH,15,5,10,6
IP130EJ,38,18,20,10
IP130EL,8,4,4,2
IP130EN,12,7,5,6
IP130ER,5,3,2,2
IP130ES,39,16,23,12
IP130ET,28,14,14,10
IP130EU,17,9,8,10
IP130EW,30,17,13,11
IP130EX,9,5,4,3
IP130EY,3,1,2,1
IP130EZ,3,2,1,2
IP130FG,2,1,1,1
IP130GZ,3,2,1,2
IP130HA,33,14,19,16
IP130HB,5,3,2,4
IP130HE,32,16,16,18
IP130HH,12,6,6,4
IP130HJ,6,3,3,2
IP130HL,1,0,1,1
IP130HP,33,17,16,11
IP130HQ,3,1,2,2
IP130HR,4,2,2,2
IP130HS,2,1,1,1
IP130HT,1,1,0,1
IP130HU,17,9,8,7
IP130HW,4,2,2,1
IP130HX,3,2,1,1
IP130HY,2,1,1,1
IP130HZ,12,6,6,3
IP130JA,4,1,3,2
IP130JB,15,6,9,5
IP130JD,4,2,2,1
IP130JE,2,1,1,1
IP130JG,3,1,2,2
IP130JH,13,5,8,6
IP130JJ,12,7,5,5
IP130JL,14,6,8,7
IP130JN,4,2,2,1
IP130JP,9,4,5,3
IP130JQ,11,6,5,4
IP130JR,7,4,3,4
IP130JS,5,4,1,1
IP130JT,8,4,4,3
IP130JU,4,3,1,1
IP130JW,2,1,1,1
IP130JX,3,1,2,2
IP130JY,29,16,13,13
IP130JZ,2,1,1,1
IP130LA,9,4,5,5
IP130LD,4,2,2,3
IP130LE,11,3,8,4
IP130LF,7,3,4,2
IP130LG,11,4,7,3
IP130LH,3,2,1,2
IP130LL,3,1,2,2
IP130LN,11,7,4,5
IP130LP,1,0,1,1
IP130LQ,1,1,0,1
IP130LR,8,3,5,3
IP130LS,4,2,2,1
IP130LT,10,4,6,2
IP130LU,5,3,2,2
IP130LW,4,2,2,1
IP130LX,2,1,1,1
IP130LY,7,5,2,2
IP130LZ,12,7,5,6
IP130NA,13,6,7,6
IP130NB,3,2,1,2
IP130ND,4,3,1,2
IP130NE,2,1,1,1
IP130NF,4,3,1,1
IP130NG,9,5,4,4
IP130NH,2,1,1,1
IP130NJ,17,10,7,3
IP130NL,7,5,2,2
IP130NQ,10,6,4,3
IP130NR,7,3,4,2
IP130NS,9,4,5,4
IP130NW,7,3,4,3
IP130NX,8,3,5,4
IP130NZ,5,3,2,4
IP130PB,26,16,10,10
IP130PD,11,5,6,4
IP130PE,2,0,2,1
IP130PF,7,4,3,3
IP130PG,11,4,7,5
IP130PH,7,3,4,4
IP130PJ,4,2,2,1
IP130PL,59,30,29,24
IP130PN,9,4,5,3
IP130PP,7,6,1,4
IP130PR,13,5,8,5
IP130PS,42,19,23,14
IP130PT,9,4,5,3
IP130PU,4,1,3,0
IP130PW,24,14,10,8
IP130PX,37,10,27,2
IP130PZ,3,2,1,2
IP130QA,5,3,2,2
IP130QB,26,12,14,12
IP130QD,5,1,4,1
IP130QE,4,1,3,1
IP130QF,4,3,1,1
IP130QG,21,12,9,6
IP130QH,6,2,4,2
IP130QJ,4,2,2,2
IP130QL,5,2,3,2
IP130QN,5,2,3,2
IP130QQ,8,4,4,4
IP130QR,7,2,5,3
IP130QS,17,8,9,8
IP130QT,2,1,1,1
IP130QU,39,14,25,20
IP130QY,38,18,20,21
IP130RA,69,30,39,35
IP130RB,8,4,4,4
IP130RD,54,25,29,26
IP130RE,14,7,7,7
IP130RF,60,29,31,38
IP130RH,5,2,3,4
IP130RJ,45,23,22,27
IP130RL,41,20,21,19
IP130RN,42,16,26,26
IP130RP,43,22,21,22
IP130RQ,38,19,19,19
IP130RR,22,10,12,14
IP130RS,18,6,12,10
IP130RT,17,9,8,7
IP130RU,40,18,22,23
IP130RW,83,39,44,35
IP130RX,39,17,22,14
IP130RY,29,14,15,13
IP130RZ,23,11,12,11
IP130SA,15,6,9,6
IP130SB,6,3,3,2
IP130SD,98,39,59,59
IP130SE,90,49,41,37
IP130SF,16,5,11,8
IP130SG,50,19,31,7
IP130SH,5,2,3,1
IP130SJ,13,6,7,5
IP130SL,83,46,37,30
IP130SN,18,10,8,6
IP130SP,7,4,3,5
IP130SQ,10,6,4,3
IP130SR,201,98,103,73
IP130SS,143,69,74,66
IP130ST,125,58,67,50
IP130SU,86,45,41,24
IP130SW,3,1,2,2
IP130SX,71,38,33,26
IP130SY,78,43,35,27
IP130SZ,23,11,12,12
IP130TB,14,7,7,6
IP130TD,9,3,6,5
IP130TE,10,5,5,5
IP130TH,38,22,16,11
IP130UA,17,6,11,6
IP130UB,11,5,6,7
IP130UD,56,25,31,24
IP136AA,8,3,5,4
IP136AB,5,2,3,3
IP136AD,9,5,4,3
IP136AF,3,2,1,2
IP136AG,3,1,2,2
IP136AH,27,10,17,10
IP136AJ,4,2,2,2
IP136AL,4,3,1,1
IP136AN,13,6,7,6
IP136AP,9,5,4,4
IP136AQ,11,6,5,3
IP136AR,32,16,16,13
IP136AS,6,4,2,2
IP136AT,4,2,2,1
IP136AU,4,1,3,2
IP136AW,23,12,11,11
IP136AX,73,42,31,27
IP136AY,5,3,2,2
IP136AZ,13,8,5,4
IP136BA,8,3,5,4
IP136BD,17,8,9,8
IP136BE,20,9,11,10
IP136BH,3,1,2,2
IP136BJ,6,5,1,1
IP136BL,3,2,1,2
IP136BN,5,3,2,2
IP136BP,4,2,2,1
IP136BQ,3,2,1,2
IP136BS,5,3,2,2
IP136BT,5,2,3,2
IP136BU,14,9,5,4
IP136BW,9,3,6,2
IP136BX,9,3,6,3
IP136BY,59,29,30,20
IP136BZ,13,7,6,4
IP136DA,13,6,7,6
IP136DB,2,1,1,1
IP136DD,26,13,13,9
IP136DE,10,5,5,4
IP136DH,21,10,11,10
IP136DL,21,11,10,12
IP136DN,4,2,2,2
IP136DP,23,12,11,12
IP136DQ,7,5,2,4
IP136DR,34,17,17,16
IP136DS,24,12,12,13
IP136DT,27,16,11,9
IP136DU,11,6,5,7
IP136DW,32,15,17,15
IP136DX,73,39,34,37
IP136DZ,7,4,3,3
IP136EA,9,5,4,4
IP136EB,32,15,17,14
IP136ED,17,8,9,6
IP136EE,2,1,1,1
IP136EF,39,24,15,16
IP136EG,9,5,4,6
IP136EH,2,1,1,1
IP136EJ,47,25,22,23
IP136EL,16,8,8,6
IP136EN,4,1,3,2
IP136EP,32,19,13,10
IP136EQ,49,24,25,20
IP136ES,114,52,62,48
IP136EU,14,7,7,4
IP136EX,35,18,17,14
IP136EY,62,31,31,18
IP136EZ,12,5,7,6
IP136GA,20,13,7,6
IP136GB,19,7,12,6
IP136HA,1,0,1,1
IP136HB,18,11,7,7
IP136HD,5,2,3,1
IP136HE,4,2,2,1
IP136HF,16,6,10,5
IP136HG,2,1,1,1
IP136HH,2,1,1,1
IP136HJ,21,10,11,8
IP136HL,2,1,1,1
IP136HN,10,6,4,4
IP136HQ,27,12,15,10
IP136HR,11,5,6,5
IP136HS,5,3,2,2
IP136HU,3,2,1,1
IP136HW,10,5,5,3
IP136HX,21,11,10,6
IP136HY,11,5,6,6
IP136HZ,5,3,2,3
IP136JA,48,23,25,17
IP136JB,4,2,2,2
IP136JD,55,27,28,24
IP136JE,12,5,7,4
IP136JF,6,4,2,4
IP136JG,39,22,17,15
IP136JH,5,3,2,2
IP136JJ,5,3,2,1
IP136JL,13,7,6,5
IP136JN,18,10,8,6
IP136JP,6,3,3,2
IP136JQ,9,4,5,3
IP136JR,2,2,0,1
IP136JS,7,2,5,2
IP136JT,2,1,1,1
IP136JU,4,2,2,2
IP136JW,9,4,5,3
IP136JX,3,0,3,1
IP136JY,3,2,1,1
IP136JZ,2,1,1,1
IP136LA,49,27,22,24
IP136LG,5,3,2,2
IP136LH,14,5,9,6
IP136LJ,17,10,7,5
IP136LL,14,6,8,5
IP136LN,10,6,4,4
IP136LP,6,2,4,3
IP136LR,33,15,18,15
IP136LS,17,8,9,10
IP136LT,36,19,17,16
IP136LU,5,3,2,1
IP136LW,37,16,21,15
IP136LX,82,39,43,34
IP136LY,2,1,1,1
IP136LZ,26,13,13,14
IP136NA,2,1,1,1
IP136NB,6,3,3,4
IP136ND,70,33,37,25
IP136NE,4,1,3,1
IP136NF,9,4,5,8
IP136NG,12,4,8,6
IP136NH,14,5,9,6
IP136NJ,13,7,6,5
IP136NL,26,13,13,13
IP136NN,14,4,10,6
IP136NP,2,1,1,1
IP136NR,2,1,1,1
IP136NS,11,5,6,3
IP136NT,8,5,3,1
IP136NW,50,29,21,17
IP136NX,2,1,1,1
IP136NY,13,6,7,5
IP136NZ,3,1,2,1
IP136PA,7,4,3,4
IP136PB,52,29,23,19
IP136PE,24,12,12,10
IP136PF,6,3,3,2
IP136PG,30,17,13,10
IP136PH,13,6,7,5
IP136PJ,2,1,1,1
IP136PL,25,14,11,8
IP136PN,6,2,4,4
IP136PP,4,3,1,1
IP136PQ,19,9,10,5
IP136PS,19,10,9,6
IP136PT,5,3,2,2
IP136PU,22,10,12,10
IP136PW,5,3,2,2
IP136PX,12,7,5,4
IP136PY,5,3,2,2
IP136PZ,5,3,2,2
IP136QA,22,10,12,7
IP136QB,29,12,17,12
IP136QD,6,3,3,2
IP136QE,5,2,3,2
IP136QF,2,1,1,1
IP136QG,3,2,1,1
IP136QH,5,3,2,3
IP136QJ,4,2,2,2
IP136QL,21,11,10,7
IP136QN,8,4,4,4
IP136QP,90,44,46,29
IP136QQ,20,11,9,6
IP136QR,6,4,2,2
IP136QS,3,1,2,2
IP136QU,2,1,1,1
IP136QW,43,21,22,20
IP136QX,16,9,7,4
IP136QZ,12,9,3,3
IP136RA,21,10,11,8
IP136RB,2,1,1,1
IP136RD,83,35,48,30
IP136RE,3,2,1,2
IP136RF,4,3,1,2
IP136RG,12,6,6,3
IP136RH,1,1,0,1
IP136RJ,3,1,2,2
IP136RL,8,5,3,4
IP136RN,2,1,1,1
IP136RP,10,5,5,5
IP136RQ,11,6,5,3
IP136RR,3,2,1,1
IP136RS,4,1,3,2
IP136RT,8,4,4,3
IP136RU,2,1,1,1
IP136RW,1,1,0,1
IP136RX,2,1,1,1
IP136RY,17,10,7,7
IP136RZ,6,3,3,2
IP136SA,9,5,4,3
IP136SB,7,3,4,2
IP136SD,4,2,2,2
IP136SE,5,4,1,2
IP136SF,7,3,4,2
IP136SG,7,2,5,2
IP136SH,12,6,6,5
IP136SJ,67,35,32,24
IP136SL,26,13,13,11
IP136SN,10,5,5,4
IP136SP,7,3,4,3
IP136SQ,7,1,6,2
IP136SR,5,2,3,2
IP136SS,9,4,5,4
IP136ST,6,2,4,4
IP136SU,46,22,24,22
IP136SW,8,4,4,3
IP136SX,2,1,1,1
IP136SY,17,8,9,5
IP136SZ,51,28,23,26
IP136TA,38,20,18,17
IP136TB,7,4,3,3
IP136TD,40,19,21,17
IP136TE,7,5,2,4
IP136TF,8,2,6,3
IP136TG,26,11,15,12
IP136TH,35,18,17,18
IP136TJ,31,16,15,13
IP136TL,4,2,2,2
IP136TN,10,4,6,3
IP136TP,21,8,13,8
IP136TQ,6,2,4,4
IP136TR,9,4,5,4
IP136TS,5,3,2,3
IP136TT,11,6,5,6
IP136TU,13,6,7,5
IP136TW,2,1,1,1
IP136TX,2,0,2,2
IP136TY,23,9,14,9
IP136TZ,25,13,12,7
IP136UA,106,47,59,45
IP136UB,24,11,13,14
IP136UD,20,9,11,8
IP136UE,22,11,11,9
IP136UF,53,24,29,20
IP136UG,3,1,2,1
IP136UH,2,0,2,2
IP136UJ,7,4,3,3
IP136UL,9,6,3,3
IP136UN,8,4,4,4
IP136UP,130,68,62,60
IP136UQ,26,14,12,9
IP136UR,3,1,2,2
IP136UT,17,8,9,10
IP136UU,15,9,6,8
IP136UW,6,3,3,3
IP136UX,20,10,10,10
IP136UY,7,3,4,3
IP136UZ,16,5,11,10
IP136XA,166,79,87,68
IP136XB,27,12,15,11
IP136XD,14,7,7,8
IP136XE,12,6,6,5
IP136XH,66,29,37,25
IP136XJ,18,9,9,6
IP136XL,8,6,2,5
IP137AA,13,7,6,5
IP137AB,5,2,3,2
IP137AD,22,9,13,11
IP137AE,24,12,12,13
IP137AF,8,5,3,4
IP137AG,2,1,1,1
IP137AH,27,15,12,2
IP137AJ,2,1,1,1
IP137AL,3,1,2,1
IP137AN,29,13,16,15
IP137AP,43,20,23,15
IP137AQ,11,6,5,4
IP137AR,36,16,20,15
IP137AS,14,7,7,6
IP137AT,4,2,2,1
IP137AU,5,3,2,3
IP137AW,19,8,11,7
IP137AX,4,2,2,2
IP137AY,6,4,2,2
IP137AZ,11,5,6,4
IP137BA,8,4,4,3
IP137BB,11,5,6,4
IP137BD,5,2,3,3
IP137BE,4,3,1,2
IP137BG,50,25,25,20
IP137BH,6,3,3,2
IP137BJ,27,15,12,14
IP137BL,15,9,6,6
IP137BN,9,2,7,4
IP137BP,5,4,1,1
IP137BQ,10,5,5,6
IP137BS,4,2,2,3
IP137BT,12,7,5,4
IP137BU,4,1,3,2
IP137BW,6,3,3,3
IP137BY,9,5,4,2
IP137BZ,15,8,7,4
IP137DA,10,4,6,6
IP137DD,43,20,23,17
IP137DE,9,4,5,4
IP137DF,16,8,8,6
IP137DG,2,1,1,1
IP137DJ,8,4,4,3
IP137DL,2,1,1,1
IP137DN,5,4,1,1
IP137DP,18,9,9,7
IP137DQ,2,1,1,1
IP137DR,6,3,3,3
IP137DU,8,3,5,3
IP137DW,8,4,4,3
IP137EA,12,7,5,6
IP137EB,14,4,10,7
IP137ED,4,2,2,3
IP137EE,37,17,20,16
IP137EF,14,7,7,6
IP137EG,9,5,4,2
IP137EH,13,7,6,5
IP137EJ,10,5,5,4
IP137EL,6,4,2,4
IP137EN,29,16,13,15
IP137EP,9,5,4,4
IP137EQ,2,1,1,1
IP137ER,15,8,7,6
IP137ES,5,2,3,2
IP137ET,4,2,2,1
IP137EU,5,4,1,4
IP137EW,2,1,1,1
IP137EX,20,9,11,9
IP137EY,18,10,8,7
IP137EZ,23,11,12,8
IP137GZ,8,4,4,4
IP137HA,3,2,1,2
IP137HB,5,3,2,2
IP137HD,2,1,1,1
IP137HE,4,1,3,1
IP137HF,15,6,9,4
IP137HG,6,3,3,2
IP137HH,56,24,32,26
IP137HJ,5,3,2,2
IP137HL,2,1,1,1
IP137HN,65,28,37,24
IP137HP,18,11,7,9
IP137HR,18,8,10,8
IP137HS,6,4,2,2
IP137HT,13,5,8,6
IP137HW,13,5,8,6
IP137HX,108,59,49,40
IP137HY,6,2,4,3
IP137HZ,24,11,13,12
IP137JA,12,6,6,8
IP137JB,6,3,3,3
IP137JD,33,14,19,15
IP137JE,13,6,7,7
IP137JF,13,5,8,6
IP137JG,20,14,6,4
IP137JH,30,15,15,14
IP137JJ,20,10,10,11
IP137JL,36,21,15,14
IP137JN,6,2,4,3
IP137JP,20,8,12,7
IP137JQ,23,13,10,9
IP137JR,6,2,4,3
IP137JS,4,2,2,2
IP137JT,8,4,4,3
IP137JU,10,4,6,4
IP137JW,18,10,8,6
IP137JX,16,6,10,6
IP137JY,14,6,8,5
IP137JZ,18,8,10,9
IP137LA,4,2,2,2
IP137LB,4,2,2,2
IP137LD,6,3,3,3
IP137LE,34,15,19,16
IP137LF,12,4,8,5
IP137LG,2,1,1,1
IP137LH,4,2,2,2
IP137LJ,1,0,1,1
IP137LL,11,7,4,5
IP137LN,6,2,4,2
IP137LP,69,38,31,26
IP137LQ,10,4,6,4
IP137LR,13,8,5,4
IP137LS,5,4,1,2
IP137LT,2,2,0,1
IP137LU,9,4,5,5
IP137LW,13,8,5,6
IP137LX,9,4,5,4
IP137LY,4,4,0,1
IP137LZ,2,1,1,1
IP137NA,6,4,2,2
IP137NB,6,3,3,2
IP137ND,6,3,3,3
IP137NE,2,1,1,1
IP137NF,11,5,6,3
IP137NG,2,1,1,1
IP137NH,14,7,7,6
IP137NJ,6,3,3,3
IP137NL,2,1,1,1
IP137NN,7,5,2,1
IP137NP,12,4,8,4
IP137NQ,10,2,8,3
IP137NR,2,1,1,1
IP137NS,27,11,16,10
IP137NT,28,14,14,13
IP137NU,77,40,37,37
IP137NW,1,1,0,1
IP137NX,4,3,1,2
IP137NY,16,9,7,6
IP137NZ,2,1,1,1
IP137PA,15,8,7,5
IP137PB,2,1,1,1
IP137PD,43,19,24,16
IP137PE,11,7,4,4
IP137PF,9,4,5,3
IP137PG,63,29,34,24
IP137PJ,10,5,5,6
IP137PL,9,6,3,3
IP137PN,10,5,5,4
IP137PP,14,7,7,4
IP137PQ,16,8,8,5
IP137PR,39,18,21,13
IP137PS,4,1,3,1
IP137PT,14,5,9,4
IP137PU,15,5,10,7
IP137PW,18,9,9,8
IP137PX,16,8,8,7
IP137PY,33,16,17,13
IP137PZ,38,23,15,16
IP137QA,2,1,1,1
IP137QB,34,15,19,13
IP137QD,11,6,5,5
IP137QE,20,10,10,11
IP137QF,19,10,9,7
IP137QG,18,10,8,6
IP137QH,6,3,3,3
IP137QJ,11,8,3,2
IP137QL,4,2,2,2
IP137QN,3,2,1,2
IP137QP,6,3,3,2
IP137QQ,1,0,1,1
IP137QR,9,2,7,2
IP137QS,5,1,4,2
IP137QT,17,7,10,7
IP137QU,2,1,1,1
IP137QW,4,1,3,2
IP137QX,3,1,2,2
IP137QY,10,4,6,4
IP137QZ,5,2,3,4
IP137RA,11,6,5,5
IP137RB,6,3,3,3
IP137RD,6,4,2,2
IP137RE,3,1,2,3
IP137RF,1,0,1,1
IP137RG,41,21,20,15
IP137RJ,8,5,3,4
IP137RL,12,6,6,6
IP137RN,57,33,24,20
IP137RP,13,7,6,5
IP137RQ,30,18,12,9
IP137RR,5,2,3,2
IP137RS,2,0,2,1
IP137RT,24,10,14,13
IP137RU,68,38,30,26
IP137RW,6,2,4,4
IP137RX,19,9,10,9
IP137RY,20,11,9,9
IP137RZ,13,7,6,4
IP137SA,76,41,35,32
IP137SB,7,3,4,3
IP137SD,6,3,3,2
IP137SF,2,1,1,1
IP137SG,18,9,9,5
IP137SH,15,5,10,5
IP137SJ,7,4,3,3
IP137SL,16,9,7,6
IP137SN,3,1,2,2
IP137SP,6,3,3,2
IP137SQ,32,16,16,12
IP137SW,11,6,5,4
IP137SY,15,7,8,5
IP138AA,15,7,8,6
IP138AB,9,2,7,6
IP138AD,8,2,6,4
IP138AE,35,16,19,17
IP138AF,7,5,2,3
IP138AG,6,4,2,2
IP138AH,18,7,11,8
IP138AJ,8,4,4,2
IP138AL,7,5,2,3
IP138AN,17,8,9,7
IP138AP,82,35,47,37
IP138AQ,10,5,5,3
IP138AR,3,2,1,2
IP138AS,6,4,2,1
IP138AT,16,8,8,5
IP138AU,9,4,5,3
IP138AW,1,0,1,1
IP138AX,3,2,1,1
IP138AY,6,3,3,3
IP138AZ,10,5,5,3
IP138BA,10,7,3,4
IP138BB,18,7,11,8
IP138BD,45,26,19,13
IP138BE,10,6,4,4
IP138BF,6,2,4,2
IP138BG,13,5,8,6
IP138BH,3,1,2,1
IP138BJ,9,5,4,4
IP138BL,48,20,28,16
IP138BN,2,1,1,1
IP138BP,5,2,3,3
IP138BQ,14,7,7,7
IP138BS,2,1,1,1
IP138BT,6,3,3,3
IP138BU,5,3,2,1
IP138BW,3,1,2,1
IP138BX,18,9,9,6
IP138BY,39,20,19,15
IP138BZ,13,8,5,7
IP138DA,9,4,5,3
IP138DB,75,30,45,30
IP138DE,18,6,12,9
IP138DG,57,28,29,23
IP138DJ,7,5,2,3
IP138DL,13,6,7,7
IP138DN,18,10,8,9
IP138DP,17,7,10,9
IP138DQ,47,23,24,24
IP138DR,5,3,2,2
IP138DS,4,3,1,3
IP138DT,32,14,18,14
IP138DU,21,9,12,10
IP138DW,6,3,3,3
IP138DX,15,6,9,8
IP138DY,14,4,10,12
IP138DZ,38,21,17,17
IP138EA,73,36,37,26
IP138EB,123,69,54,59
IP138ED,26,11,15,21
IP138EE,52,25,27,25
IP138EG,1,1,0,1
IP138EH,5,3,2,3
IP138EJ,5,2,3,2
IP138EL,1,1,0,1
IP138EN,6,4,2,3
IP138EP,8,4,4,3
IP138EQ,32,18,14,13
IP138ER,21,11,10,8
IP138ES,1,0,1,1
IP138ET,9,6,3,3
IP138EU,17,8,9,8
IP138EW,23,13,10,9
IP138EX,2,2,0,1
IP138EY,6,3,3,2
IP138EZ,33,16,17,14
IP138HA,1,1,0,1
IP138HB,2,1,1,1
IP138HD,33,19,14,12
IP138HE,14,8,6,4
IP138HF,23,13,10,9
IP138HG,7,4,3,3
IP138HH,5,2,3,2
IP138HJ,29,15,14,10
IP138HN,4,2,2,2
IP138HP,4,2,2,2
IP138HT,14,8,6,6
IP138HU,1,1,0,1
IP138HX,2,1,1,1
IP138HY,2,1,1,1
IP138HZ,7,4,3,4
IP138JA,22,11,11,9
IP138JB,10,5,5,4
IP138JF,99,52,47,39
IP138JG,5,3,2,3
IP138JH,10,4,6,6
IP138JJ,11,6,5,6
IP138JL,5,1,4,3
IP138JN,20,9,11,6
IP138JP,12,5,7,4
IP138JQ,7,2,5,2
IP138JR,2,1,1,1
IP138JS,51,25,26,24
IP138JT,5,4,1,2
IP138JU,3,2,1,2
IP138JW,4,2,2,2
IP138JX,33,16,17,16
IP138JY,4,1,3,1
IP138JZ,4,1,3,3
IP138LA,12,7,5,5
IP138LB,8,4,4,1
IP138LD,27,12,15,11
IP138LE,6,3,3,2
IP138LF,38,21,17,15
IP138LG,14,8,6,6
IP138LH,10,7,3,4
IP138LJ,11,7,4,3
IP138LL,1,0,1,1
IP138LN,12,6,6,4
IP138LQ,5,1,4,2
IP138LR,5,2,3,2
IP138LS,9,4,5,4
IP138LT,7,3,4,2
IP138LU,32,18,14,12
IP138LW,6,3,3,1
IP138LX,2,1,1,1
IP138LY,19,11,8,7
IP138LZ,12,6,6,4
IP138NA,14,6,8,4
IP138NB,17,9,8,4
IP138ND,6,3,3,2
IP138NE,12,4,8,4
IP138NF,6,3,3,4
IP139AA,17,6,11,9
IP139AB,10,6,4,5
IP139AD,15,10,5,7
IP139AE,3,2,1,1
IP139AF,3,2,1,1
IP139AG,1,0,1,1
IP139AH,11,5,6,4
IP139AJ,17,6,11,9
IP139AN,20,9,11,12
IP139AX,37,15,22,18
IP139BA,14,6,8,7
IP139BB,4,2,2,3
IP139BH,8,3,5,3
IP139BJ,8,4,4,5
IP139BN,69,33,36,32
IP139BP,16,6,10,10
IP139BQ,7,4,3,4
IP139BS,29,16,13,12
IP139BT,5,2,3,5
IP139BU,16,7,9,9
IP139BX,38,17,21,18
IP139BY,22,10,12,10
IP139BZ,10,4,6,3
IP139DA,6,3,3,2
IP139DB,6,2,4,3
IP139DD,50,23,27,24
IP139DE,3,2,1,2
IP139DF,62,24,38,15
IP139DG,1,1,0,1
IP139DH,74,32,42,37
IP139DJ,14,6,8,6
IP139DL,102,46,56,52
IP139DN,6,3,3,2
IP139DP,3,2,1,3
IP139DQ,20,10,10,6
IP139DS,7,3,4,3
IP139DT,20,11,9,7
IP139DU,25,17,8,8
IP139DW,6,2,4,4
IP139DY,43,20,23,19
IP139DZ,8,4,4,7
IP139EB,4,2,2,2
IP139ED,32,15,17,16
IP139EE,71,32,39,27
IP139EF,26,9,17,11
IP139EG,123,62,61,48
IP139EH,28,11,17,21
IP139EJ,20,14,6,8
IP139EL,12,3,9,4
IP139EN,22,13,9,11
IP139EP,27,11,16,12
IP139EQ,46,23,23,21
IP139ER,27,11,16,12
IP139ES,20,10,10,11
IP139ET,13,6,7,6
IP139EU,40,17,23,24
IP139EW,26,9,17,14
IP139EY,239,141,98,12
IP139GA,7,2,5,5
IP139GB,7,2,5,4
IP139HA,83,44,39,30
IP139HB,8,6,2,4
IP139HD,158,76,82,65
IP139HE,12,7,5,6
IP139HF,17,9,8,7
IP139HG,20,12,8,7
IP139HH,82,36,46,35
IP139HJ,29,16,13,11
IP139HL,17,9,8,7
IP139HN,12,6,6,8
IP139HP,68,30,38,28
IP139HQ,21,11,10,8
IP139HR,31,13,18,11
IP139HS,47,21,26,24
IP139HT,77,34,43,29
IP139HW,14,7,7,11
IP139HX,7,4,3,2
IP139HY,8,4,4,3
IP139HZ,9,5,4,4
IP139JA,5,2,3,1
IP139JB,7,5,2,3
IP139JD,19,10,9,8
IP139JE,11,5,6,5
IP139JF,2,1,1,1
IP139JG,6,3,3,2
IP139JH,2,1,1,1
IP139JJ,10,4,6,5
IP139JL,4,2,2,2
IP139JN,9,6,3,3
IP139JP,1,1,0,1
IP139JQ,15,7,8,5
IP139JR,9,5,4,4
IP139JS,7,3,4,2
IP139JT,1,0,1,1
IP139JU,33,13,20,17
IP139JW,2,1,1,1
IP139JX,9,4,5,4
IP139JY,2,1,1,1
IP139LA,9,4,5,6
IP139LB,74,31,43,36
IP139LD,18,6,12,15
IP139LE,16,9,7,9
IP139LF,12,5,7,5
IP139LG,9,5,4,5
IP139LH,11,5,6,7
IP139LJ,2,1,1,1
IP139LL,20,11,9,6
IP139LN,2,2,0,1
IP139LP,4,3,1,1
IP139LQ,13,9,4,3
IP139LR,3,2,1,2
IP139LS,5,2,3,1
IP139LU,5,3,2,2
IP139LW,7,2,5,2
IP139LX,5,3,2,1
IP139LY,11,6,5,5
IP139LZ,21,12,9,9
IP139NA,24,13,11,11
IP139NB,32,17,15,11
IP139ND,3,2,1,1
IP139NE,14,6,8,7
IP139NF,7,1,6,3
IP139NG,6,3,3,2
IP139NH,7,2,5,3
IP139NL,8,3,5,4
IP139NN,3,2,1,1
IP139NP,9,5,4,3
IP139NQ,4,2,2,2
IP139NR,3,1,2,2
IP139NS,5,1,4,1
IP139NT,3,2,1,1
IP139NU,10,5,5,5
IP139NW,33,13,20,11
IP139NX,11,6,5,4
IP139NY,9,6,3,3
IP139NZ,42,21,21,17
IP139PA,3,2,1,2
IP139PB,54,27,27,22
IP139PD,24,12,12,12
IP139PE,3,1,2,2
IP139PF,1,0,1,1
IP139PG,2,1,1,1
IP139PH,15,9,6,5
IP139PJ,7,3,4,2
IP139PP,1,1,0,1
IP139PQ,8,5,3,3
IP139PR,2,1,1,1
IP139PT,9,4,5,4
IP139PU,6,3,3,2
IP139PW,1,1,0,1
IP139PX,6,3,3,3
IP139PY,4,2,2,2
IP139PZ,2,1,1,1
IP139QA,4,3,1,2
IP139QB,37,17,20,14
IP139QD,3,2,1,2
IP139QE,62,27,35,27
IP139QF,9,4,5,2
IP139QG,9,5,4,3
IP139QH,16,10,6,6
IP139QJ,5,2,3,3
IP139QL,9,5,4,3
IP139QN,12,8,4,4
IP139QP,7,4,3,3
IP139QQ,4,2,2,2
IP139QR,2,0,2,1
IP139QS,9,5,4,2
IP139QT,14,7,7,5
IP139QU,3,2,1,2
IP139QX,11,7,4,4
IP139QY,70,22,48,4
IP139QZ,6,3,3,2
IP139RA,6,1,5,3
IP139RB,27,15,12,12
IP139RD,10,6,4,2
IP139RE,3,2,1,2
IP139RF,18,9,9,7
IP139RG,2,1,1,1
IP139RH,28,14,14,9
IP139RJ,12,7,5,7
IP139RL,9,3,6,4
IP139RN,46,23,23,18
IP139RP,2,1,1,1
IP139RQ,3,1,2,1
IP139RR,5,3,2,1
IP139RS,2,0,2,2
IP139RT,2,1,1,1
IP139RU,6,4,2,2
IP139RW,4,1,3,1
IP139RX,2,1,1,1
IP139RY,3,1,2,1
IP139RZ,6,4,2,1
IP139SA,14,5,9,4
IP139SB,23,11,12,8
IP139SD,21,10,11,10
IP139SE,36,17,19,19
IP139SF,24,12,12,12
IP139SG,19,9,10,6
IP139SH,33,17,16,12
IP139SJ,51,26,25,25
IP139SL,31,17,14,8
IP139SN,17,7,10,8
IP139SP,43,20,23,20
IP139SQ,25,11,14,12
IP139SR,32,13,19,14
IP139SS,56,26,30,26
IP139ST,32,15,17,13
IP139TA,12,7,5,4
IP139TB,6,2,4,1
IP139TD,24,11,13,15
IP139TE,32,14,18,18
IP141AD,14,8,6,5
IP141AF,18,8,10,7
IP141AG,13,5,8,6
IP141AH,13,8,5,8
IP141AP,13,7,6,9
IP141AR,23,12,11,13
IP141AS,22,12,10,8
IP141AT,76,30,46,21
IP141AU,6,3,3,3
IP141AW,19,10,9,7
IP141AX,34,17,17,15
IP141AZ,9,4,5,4
IP141BB,21,11,10,11
IP141BD,22,13,9,5
IP141BF,13,4,9,6
IP141BH,14,7,7,6
IP141BJ,14,8,6,6
IP141BL,46,22,24,20
IP141BN,25,13,12,9
IP141BP,151,77,74,62
IP141BQ,76,39,37,34
IP141BS,58,32,26,29
IP141BT,138,64,74,65
IP141BU,44,22,22,20
IP141BW,17,8,9,10
IP141BX,57,30,27,27
IP141BY,7,2,5,2
IP141BZ,21,8,13,9
IP141DA,100,43,57,52
IP141DB,40,17,23,18
IP141DD,25,13,12,10
IP141DG,4,3,1,2
IP141DL,7,1,6,4
IP141DP,2,1,1,2
IP141DT,3,2,1,2
IP141EF,22,15,7,13
IP141EG,8,6,2,3
IP141EJ,32,18,14,19
IP141EL,30,15,15,16
IP141EQ,6,4,2,4
IP141ES,7,1,6,7
IP141ET,27,9,18,19
IP141EX,31,18,13,14
IP141FA,5,4,1,2
IP141GA,19,11,8,8
IP141HA,26,14,12,14
IP141HB,66,34,32,26
IP141HD,65,31,34,33
IP141HE,12,6,6,7
IP141HF,42,19,23,20
IP141HH,9,6,3,5
IP141HJ,30,13,17,24
IP141HL,97,27,70,0
IP141HP,25,14,11,15
IP141HQ,14,9,5,11
IP141HR,84,44,40,42
IP141HS,17,7,10,7
IP141HT,27,14,13,18
IP141HU,13,6,7,5
IP141HW,20,9,11,13
IP141HX,42,22,20,19
IP141HY,47,18,29,23
IP141HZ,61,28,33,34
IP141JA,19,11,8,6
IP141JB,58,28,30,18
IP141JD,30,16,14,16
IP141JE,8,6,2,4
IP141JF,11,7,4,7
IP141JG,27,14,13,10
IP141JH,39,10,29,34
IP141JJ,11,4,7,6
IP141JL,12,6,6,11
IP141JP,58,21,37,21
IP141JR,16,7,9,4
IP141JT,9,6,3,4
IP141JU,137,66,71,53
IP141JW,77,49,28,48
IP141JX,97,43,54,49
IP141JY,31,12,19,22
IP141JZ,22,12,10,11
IP141LA,22,10,12,12
IP141LB,88,42,46,35
IP141LD,61,30,31,26
IP141LE,74,35,39,39
IP141LF,18,9,9,10
IP141LG,26,12,14,10
IP141LH,33,16,17,15
IP141LJ,106,51,55,50
IP141LL,109,44,65,35
IP141LN,49,27,22,20
IP141LP,74,38,36,33
IP141LQ,44,22,22,19
IP141LR,60,31,29,28
IP141LS,36,16,20,14
IP141LT,51,26,25,19
IP141LU,36,16,20,11
IP141LW,37,14,23,14
IP141LX,17,10,7,6
IP141LY,33,15,18,11
IP141LZ,3,1,2,1
IP141NA,16,9,7,10
IP141NB,51,19,32,43
IP141ND,22,6,16,18
IP141NE,24,13,11,10
IP141NG,130,61,69,56
IP141NH,29,10,19,2
IP141NL,9,4,5,3
IP141NP,41,22,19,14
IP141NQ,104,47,57,39
IP141NR,29,13,16,14
IP141NS,12,7,5,4
IP141NT,89,47,42,37
IP141NU,71,30,41,32
IP141NW,185,82,103,55
IP141NX,19,8,11,12
IP141NY,18,8,10,13
IP141NZ,21,8,13,7
IP141PA,53,23,30,24
IP141PD,81,42,39,26
IP141PH,14,10,4,7
IP141PJ,11,6,5,4
IP141PL,10,5,5,5
IP141PN,32,15,17,11
IP141PP,50,29,21,24
IP141PR,8,5,3,3
IP141PS,54,23,31,20
IP141PT,6,3,3,3
IP141PU,36,17,19,19
IP141PW,67,28,39,10
IP141PX,11,7,4,4
IP141PY,8,4,4,4
IP141PZ,2,1,1,1
IP141QA,8,5,3,3
IP141QB,31,13,18,11
IP141QD,22,12,10,9
IP141QE,12,6,6,7
IP141QF,11,5,6,5
IP141QG,15,7,8,5
IP141QH,19,10,9,13
IP141QJ,52,29,23,25
IP141QL,9,5,4,5
IP141QN,39,15,24,18
IP141QP,80,47,33,35
IP141QQ,15,9,6,11
IP141QS,47,22,25,22
IP141QT,11,5,6,5
IP141QU,42,21,21,23
IP141QW,21,11,10,8
IP141QX,28,14,14,12
IP141QY,80,40,40,36
IP141QZ,53,26,27,27
IP141RB,35,18,17,19
IP141RD,7,3,4,4
IP141RE,133,67,66,49
IP141RG,32,14,18,11
IP141RH,41,21,20,18
IP141RJ,136,73,63,65
IP141RN,37,10,27,30
IP141RR,40,15,25,28
IP141RY,25,7,18,20
IP141RZ,77,37,40,30
IP141SA,67,32,35,34
IP141SB,22,10,12,10
IP141SD,94,50,44,40
IP141SE,50,32,18,21
IP141SF,16,8,8,12
IP141SG,39,20,19,17
IP141SH,75,31,44,35
IP141SJ,22,11,11,9
IP141SL,72,27,45,57
IP141SN,38,16,22,18
IP141SP,20,12,8,9
IP141SQ,30,16,14,19
IP141SR,41,23,18,24
IP141SS,138,65,73,66
IP141ST,36,17,19,24
IP141SU,49,17,32,37
IP141SW,63,34,29,36
IP141SX,12,6,6,5
IP141TA,30,15,15,11
IP141TB,39,21,18,15
IP141TD,61,31,30,26
IP141TE,57,27,30,28
IP141TF,15,7,8,9
IP141TG,34,14,20,22
IP141TH,85,41,44,32
IP141TJ,49,23,26,14
IP141TL,41,21,20,13
IP141TN,81,41,40,36
IP141TP,12,7,5,4
IP141TQ,39,22,17,26
IP141TR,111,55,56,40
IP141TS,160,80,80,62
IP141TT,142,74,68,57
IP141TU,64,32,32,22
IP141TW,88,43,45,40
IP141TX,70,40,30,23
IP141TY,49,22,27,17
IP141TZ,66,33,33,23
IP141UA,106,56,50,36
IP141UB,162,76,86,60
IP141UD,72,32,40,29
IP141UE,80,42,38,29
IP141UF,122,63,59,39
IP141UJ,41,23,18,17
IP141UL,28,16,12,12
IP141UN,80,34,46,39
IP141UP,67,34,33,34
IP141UQ,196,95,101,78
IP141UR,60,32,28,24
IP141UT,35,15,20,18
IP141UW,29,15,14,16
IP142AA,76,34,42,35
IP142AB,24,12,12,12
IP142AF,36,14,22,10
IP142AL,55,27,28,19
IP142AN,39,19,20,16
IP142AP,6,2,4,3
IP142AR,1,1,0,1
IP142AS,53,28,25,22
IP142AT,82,39,43,30
IP142AU,65,34,31,28
IP142AW,5,3,2,3
IP142AX,164,79,85,61
IP142AY,26,14,12,10
IP142AZ,23,12,11,13
IP142BA,137,62,75,59
IP142BB,14,7,7,7
IP142BD,57,28,29,28
IP142BE,10,6,4,4
IP142BF,9,5,4,5
IP142BG,53,25,28,23
IP142BH,35,20,15,18
IP142BJ,47,17,30,23
IP142BL,72,34,38,31
IP142BN,8,5,3,6
IP142BP,6,2,4,2
IP142BQ,26,12,14,16
IP142BS,20,10,10,11
IP142BT,65,37,28,25
IP142BU,15,7,8,9
IP142BW,1,0,1,1
IP142BX,20,7,13,15
IP142BY,20,8,12,12
IP142BZ,2,1,1,1
IP142DA,23,8,15,13
IP142DB,46,24,22,17
IP142DD,47,23,24,14
IP142DE,28,10,18,9
IP142DF,10,6,4,3
IP142DG,50,23,27,22
IP142DH,48,25,23,17
IP142DJ,101,52,49,35
IP142DL,6,3,3,3
IP142DN,125,66,59,42
IP142DP,38,17,21,14
IP142DQ,86,42,44,45
IP142DR,31,14,17,14
IP142DS,38,16,22,12
IP142DT,35,19,16,12
IP142DU,46,24,22,20
IP142DW,84,46,38,26
IP142DX,15,7,8,7
IP142DY,82,40,42,31
IP142DZ,148,69,79,50
IP142EA,19,10,9,5
IP142EB,11,3,8,5
IP142EE,3,1,2,1
IP142EF,110,50,60,45
IP142EG,71,31,40,42
IP142EH,16,7,9,6
IP142EJ,8,3,5,4
IP142EL,36,20,16,15
IP142EP,6,2,4,4
IP142EQ,32,16,16,15
IP142ER,5,3,2,2
IP142ES,22,14,8,10
IP142ET,7,4,3,3
IP142EW,7,3,4,3
IP142EX,27,10,17,10
IP142EY,26,13,13,11
IP142EZ,8,4,4,4
IP142FA,31,16,15,14
IP142FB,12,5,7,5
IP142HA,4,2,2,2
IP142HB,144,55,89,53
IP142HD,26,12,14,11
IP142HE,22,10,12,11
IP142HF,10,6,4,4
IP142HG,7,4,3,4
IP142HH,2,1,1,1
IP142HJ,6,3,3,4
IP142HL,14,6,8,5
IP142HN,28,12,16,9
IP142HP,33,17,16,13
IP142HQ,11,6,5,5
IP142HR,21,11,10,8
IP142HS,13,6,7,4
IP142HT,8,4,4,3
IP142HU,25,13,12,8
IP142HW,15,7,8,7
IP142HX,12,8,4,4
IP142HZ,49,25,24,19
IP142JA,25,13,12,10
IP142JB,11,6,5,5
IP142JD,37,18,19,12
IP142JE,136,64,72,50
IP142JF,7,4,3,2
IP142JG,21,10,11,10
IP142JH,8,3,5,4
IP142JJ,189,89,100,51
IP142JN,64,34,30,31
IP142JP,10,4,6,5
IP142JR,14,9,5,5
IP142JS,50,28,22,20
IP142JT,24,15,9,9
IP142JU,16,9,7,7
IP142JW,16,7,9,5
IP142JX,40,21,19,18
IP142JY,39,15,24,16
IP142JZ,39,20,19,19
IP142LA,15,9,6,9
IP142LB,12,7,5,6
IP142LD,9,5,4,4
IP142LE,4,2,2,1
IP142LF,14,8,6,5
IP142LG,18,9,9,7
IP142LH,19,10,9,9
IP142LJ,13,7,6,6
IP142LL,24,10,14,8
IP142LN,15,8,7,4
IP142LP,15,8,7,7
IP142LR,2,2,0,1
IP142LS,8,3,5,3
IP142LT,51,27,24,17
IP142LU,6,2,4,3
IP142LW,35,13,22,10
IP142LX,3,2,1,2
IP142LY,20,13,7,7
IP142LZ,59,32,27,25
IP142NA,15,9,6,7
IP142NB,28,13,15,13
IP142ND,5,3,2,4
IP142NE,4,2,2,2
IP142NF,22,11,11,8
IP142NG,5,3,2,2
IP142NH,4,2,2,2
IP142NJ,21,11,10,8
IP142NL,14,7,7,5
IP142NP,74,37,37,28
IP142NQ,11,5,6,4
IP142NR,27,10,17,15
IP142NS,72,33,39,43
IP142NT,66,29,37,30
IP142NU,30,14,16,14
IP142NW,32,16,16,17
IP142NX,20,11,9,11
IP142NY,58,28,30,24
IP142NZ,29,15,14,11
IP142PA,21,6,15,12
IP142PB,78,33,45,47
IP142PD,174,86,88,63
IP142PE,81,35,46,33
IP142PF,99,52,47,30
IP142PG,90,41,49,41
IP142PH,23,13,10,9
IP142PJ,101,56,45,44
IP142PL,60,37,23,22
IP142PN,17,7,10,6
IP142PP,48,25,23,21
IP142PQ,36,17,19,15
IP142PR,92,50,42,35
IP142PS,36,17,19,18
IP142PT,77,44,33,33
IP142PU,24,15,9,9
IP142PW,124,63,61,54
IP142PX,19,8,11,8
IP142PY,45,26,19,20
IP142QA,4,2,2,2
IP142QB,9,6,3,4
IP142QE,12,6,6,4
IP142QF,62,32,30,33
IP142QG,20,9,11,8
IP142QJ,18,12,6,4
IP142QT,49,22,27,15
IP142RA,46,26,20,15
IP142RB,59,28,31,23
IP142RD,49,24,25,21
IP142RE,27,14,13,13
IP142RF,19,9,10,7
IP142RJ,111,51,60,32
IP142RL,70,33,37,22
IP142RN,9,4,5,3
IP142RP,2,1,1,1
IP142RS,7,3,4,2
IP142SA,67,31,36,24
IP143AA,31,13,18,13
IP143AB,11,5,6,7
IP143AD,19,12,7,7
IP143AE,28,15,13,9
IP143AF,32,16,16,10
IP143AG,18,9,9,7
IP143AH,112,57,55,33
IP143AJ,39,20,19,16
IP143AL,24,14,10,12
IP143AN,10,5,5,4
IP143AP,30,12,18,9
IP143AQ,78,33,45,34
IP143AR,8,4,4,4
IP143AS,25,13,12,10
IP143AT,10,6,4,4
IP143AU,13,8,5,7
IP143AW,6,3,3,4
IP143AX,45,19,26,23
IP143AY,46,10,36,23
IP143BA,16,11,5,6
IP143BB,7,3,4,4
IP143BD,20,9,11,6
IP143BE,24,11,13,11
IP143BF,38,18,20,16
IP143BG,4,2,2,2
IP143BH,7,3,4,4
IP143BJ,7,4,3,4
IP143BL,11,6,5,4
IP143BN,23,12,11,10
IP143BQ,8,4,4,3
IP143BS,6,2,4,2
IP143BT,17,9,8,6
IP143BU,15,7,8,5
IP143BX,24,12,12,9
IP143BY,22,11,11,9
IP143BZ,14,6,8,4
IP143DA,5,2,3,2
IP143DB,14,6,8,6
IP143DD,7,3,4,2
IP143DE,4,2,2,2
IP143DF,2,1,1,1
IP143DG,12,6,6,5
IP143DH,17,7,10,7
IP143DJ,28,13,15,12
IP143DL,3,1,2,1
IP143DN,13,8,5,6
IP143DP,9,5,4,4
IP143DQ,10,4,6,3
IP143DR,10,6,4,5
IP143DS,58,30,28,22
IP143DT,43,18,25,18
IP143DU,6,4,2,2
IP143DW,39,17,22,13
IP143DX,19,11,8,9
IP143DY,14,7,7,5
IP143DZ,12,5,7,4
IP143EA,68,31,37,26
IP143EB,24,11,13,10
IP143ED,13,8,5,4
IP143EE,18,7,11,6
IP143EF,50,21,29,1
IP143EH,8,4,4,4
IP143EJ,10,6,4,3
IP143EL,2,1,1,1
IP143EN,6,4,2,3
IP143EP,29,14,15,13
IP143EQ,52,28,24,31
IP143ER,24,11,13,8
IP143ES,5,4,1,2
IP143ET,16,7,9,10
IP143EU,11,5,6,5
IP143EW,25,12,13,11
IP143EX,11,5,6,4
IP143EY,4,3,1,1
IP143EZ,50,24,26,20
IP143GL,10,6,4,4
IP143GQ,32,9,23,30
IP143HA,71,32,39,29
IP143HB,90,46,44,34
IP143HD,59,33,26,23
IP143HE,75,36,39,26
IP143HF,32,18,14,11
IP143HG,19,8,11,8
IP143HH,6,4,2,2
IP143HJ,24,12,12,12
IP143HL,16,9,7,6
IP143HN,7,4,3,4
IP143HP,18,8,10,8
IP143HQ,4,2,2,2
IP143HR,18,11,7,9
IP143HT,16,6,10,10
IP143HU,16,8,8,7
IP143HW,4,1,3,1
IP143HX,9,4,5,2
IP143HY,25,10,15,14
IP143HZ,20,10,10,11
IP143JA,16,8,8,5
IP143JB,1,1,0,1
IP143JE,15,7,8,8
IP143JF,5,3,2,1
IP143JG,11,7,4,4
IP143JH,11,5,6,6
IP143JJ,5,2,3,2
IP143JL,4,1,3,1
IP143JN,42,17,25,14
IP143JP,52,26,26,20
IP143JQ,12,5,7,4
IP143JS,34,18,16,15
IP143JT,57,26,31,29
IP143JX,2,1,1,1
IP143JY,3,1,2,1
IP143LA,21,11,10,8
IP143LB,29,16,13,13
IP143LD,5,2,3,3
IP143LE,52,24,28,22
IP143LG,1,0,1,1
IP143LH,2,1,1,1
IP143LL,7,4,3,3
IP143LN,42,21,21,23
IP143LQ,3,1,2,2
IP143LR,11,6,5,4
IP143LS,23,11,12,10
IP143LT,14,8,6,5
IP143LU,18,10,8,7
IP143LW,2,1,1,1
IP143LX,15,8,7,6
IP143LY,14,7,7,5
IP143LZ,5,2,3,3
IP143NA,6,3,3,2
IP143NB,44,22,22,13
IP143ND,8,4,4,2
IP143NE,1,0,1,1
IP143NF,13,7,6,6
IP143NG,7,5,2,2
IP143NH,10,4,6,4
IP143NJ,12,6,6,7
IP143NN,7,3,4,4
IP143NP,3,3,0,2
IP143NQ,23,13,10,10
IP143NR,3,3,0,2
IP143NS,35,17,18,18
IP143NT,59,31,28,29
IP143NU,53,24,29,22
IP143NW,69,31,38,32
IP143NX,45,21,24,25
IP143NZ,96,50,46,33
IP143PA,38,19,19,17
IP143PB,41,21,20,25
IP143PD,6,3,3,2
IP143PE,35,18,17,13
IP143PF,34,18,16,11
IP143PG,49,24,25,24
IP143PH,46,22,24,16
IP143PJ,42,23,19,19
IP143PL,13,6,7,7
IP143PN,54,28,26,17
IP143PP,53,26,27,34
IP143PQ,18,8,10,6
IP143PR,63,27,36,22
IP143PS,31,17,14,14
IP143PT,36,14,22,19
IP143PU,110,51,59,40
IP143PW,20,12,8,9
IP143PX,12,4,8,8
IP143PZ,23,12,11,10
IP143QB,8,4,4,3
IP143QD,4,3,1,1
IP143QE,3,2,1,2
IP143QF,15,8,7,5
IP143QH,8,4,4,2
IP143QJ,6,3,3,3
IP143QL,10,5,5,5
IP143QN,18,10,8,6
IP143QP,27,13,14,6
IP143QQ,9,3,6,5
IP143QR,12,5,7,3
IP143QS,52,24,28,23
IP143QT,2,1,1,1
IP143QU,4,1,3,2
IP143QW,2,1,1,1
IP143QX,12,6,6,7
IP143QY,4,2,2,1
IP143RA,34,21,13,11
IP143RB,14,8,6,6
IP143RE,19,8,11,5
IP143RF,3,2,1,1
IP143RG,6,2,4,2
IP143RH,15,9,6,6
IP143RJ,15,8,7,7
IP143RL,25,14,11,12
IP143RN,8,5,3,4
IP143RP,14,8,6,6
IP143RQ,43,23,20,16
IP143RR,51,25,26,21
IP143RU,6,3,3,3
IP143RW,7,5,2,2
IP143RX,12,5,7,4
IP143RY,15,10,5,4
IP143SA,33,17,16,19
IP143TA,31,13,18,14
IP143XA,12,6,6,5
IP144AA,4,2,2,1
IP144AB,28,15,13,14
IP144AD,14,8,6,9
IP144AE,22,10,12,9
IP144AF,8,4,4,3
IP144AG,4,3,1,2
IP144AH,5,1,4,3
IP144AJ,4,2,2,2
IP144AL,11,6,5,5
IP144AN,8,4,4,4
IP144AP,76,42,34,33
IP144AQ,5,3,2,3
IP144AR,43,18,25,16
IP144AS,144,75,69,58
IP144AT,11,6,5,4
IP144AW,61,30,31,21
IP144AX,13,8,5,4
IP144AY,8,4,4,4
IP144AZ,1,0,1,1
IP144BA,11,5,6,4
IP144BB,9,5,4,3
IP144BD,2,1,1,1
IP144BE,5,2,3,2
IP144BG,29,16,13,13
IP144BH,12,5,7,5
IP144BJ,16,11,5,8
IP144BL,16,8,8,7
IP144BN,8,4,4,3
IP144BP,145,72,73,68
IP144BQ,63,31,32,30
IP144BS,61,33,28,25
IP144BT,24,8,16,21
IP144BU,2,1,1,1
IP144BW,37,9,28,34
IP144BX,13,8,5,5
IP144BY,38,19,19,15
IP144BZ,38,17,21,14
IP144DA,82,41,41,28
IP144DB,111,56,55,42
IP144DD,54,27,27,25
IP144DE,4,3,1,1
IP144DF,8,4,4,4
IP144DG,90,50,40,39
IP144DH,13,5,8,8
IP144DJ,32,19,13,16
IP144DL,55,27,28,26
IP144DN,40,22,18,22
IP144DP,78,40,38,33
IP144DQ,21,10,11,11
IP144DR,90,44,46,52
IP144DS,2,1,1,1
IP144DW,31,14,17,19
IP144DX,17,8,9,7
IP144DY,68,37,31,27
IP144DZ,9,4,5,5
IP144EA,8,5,3,4
IP144EB,29,16,13,12
IP144ED,131,67,64,53
IP144EE,36,16,20,16
IP144EF,5,3,2,1
IP144EG,91,43,48,38
IP144EH,52,25,27,16
IP144EJ,79,40,39,44
IP144EL,8,5,3,3
IP144EN,16,5,11,11
IP144EQ,14,7,7,7
IP144ER,34,13,21,18
IP144ES,9,3,6,4
IP144EU,13,6,7,6
IP144EX,6,2,4,2
IP144EY,1,0,1,1
IP144EZ,42,20,22,15
IP144HB,3,2,1,1
IP144HD,14,6,8,4
IP144HE,26,13,13,11
IP144HF,50,26,24,20
IP144HG,22,11,11,6
IP144HH,16,9,7,6
IP144HJ,40,19,21,13
IP144HL,3,1,2,1
IP144HN,11,4,7,4
IP144HP,33,14,19,12
IP144HQ,14,5,9,7
IP144HR,19,8,11,5
IP144HS,7,5,2,3
IP144HT,67,36,31,25
IP144HU,16,9,7,5
IP144HW,14,7,7,5
IP144HX,5,3,2,2
IP144HY,33,16,17,14
IP144HZ,50,25,25,21
IP144JA,30,15,15,13
IP144JB,17,8,9,7
IP144JD,4,3,1,1
IP144JE,12,5,7,4
IP144JF,7,4,3,3
IP144JG,17,6,11,9
IP144JH,7,4,3,3
IP144JJ,13,6,7,4
IP144JL,2,1,1,1
IP144JN,27,13,14,10
IP144JP,89,47,42,39
IP144JQ,14,7,7,5
IP144JR,6,3,3,3
IP144JS,41,17,24,24
IP144JU,6,4,2,4
IP144JW,2,2,0,2
IP144JX,9,5,4,4
IP144JY,21,9,12,8
IP144JZ,7,2,5,3
IP144LA,7,4,3,4
IP144LB,2,1,1,1
IP144LD,8,6,2,3
IP144LE,63,34,29,23
IP144LF,42,18,24,19
IP144LG,9,4,5,4
IP144LH,2,1,1,1
IP144LJ,32,13,19,9
IP144LL,22,9,13,12
IP144LN,23,9,14,9
IP144LP,114,62,52,45
IP144LQ,8,5,3,2
IP144LR,10,4,6,4
IP144LS,100,50,50,41
IP144LT,68,37,31,28
IP144LU,21,11,10,8
IP144LX,20,11,9,6
IP144LY,17,11,6,7
IP144LZ,5,2,3,4
IP144NA,9,5,4,3
IP144NB,7,3,4,3
IP144ND,32,15,17,14
IP144NE,3,1,2,1
IP144NF,4,2,2,1
IP144NG,12,6,6,5
IP144NH,21,10,11,9
IP144NJ,14,6,8,7
IP144NL,9,4,5,4
IP144NN,21,12,9,7
IP144NP,2,1,1,1
IP144NQ,73,40,33,29
IP144NR,13,5,8,5
IP144NS,37,18,19,18
IP144NT,67,37,30,28
IP144NU,8,3,5,2
IP144NW,19,7,12,14
IP144NX,24,11,13,10
IP144NY,127,65,62,57
IP144NZ,15,7,8,5
IP144PA,4,2,2,2
IP144PD,11,4,7,4
IP144PE,6,2,4,2
IP144PF,8,4,4,2
IP144PH,11,6,5,4
IP144PJ,7,5,2,3
IP144PL,3,1,2,2
IP144PN,7,5,2,2
IP144PP,78,42,36,32
IP144PQ,9,4,5,5
IP144PR,23,14,9,9
IP144PS,4,2,2,2
IP144PT,18,10,8,6
IP144PU,4,2,2,2
IP144PW,12,7,5,5
IP144PX,7,4,3,3
IP144PY,5,3,2,2
IP144PZ,11,6,5,5
IP144QA,6,3,3,2
IP144QB,31,18,13,11
IP144QD,2,1,1,1
IP144QE,7,3,4,4
IP144QF,2,1,1,1
IP144QG,2,1,1,2
IP144QH,24,13,11,12
IP144QJ,25,12,13,10
IP144QL,26,14,12,10
IP144QN,23,12,11,9
IP144QP,6,3,3,3
IP144QQ,12,7,5,5
IP144QR,44,21,23,19
IP144QS,19,10,9,8
IP144QT,6,2,4,4
IP144QU,7,3,4,2
IP144QW,3,1,2,2
IP144QX,21,13,8,9
IP144QZ,4,2,2,2
IP144RA,21,12,9,10
IP144RB,16,8,8,7
IP144RD,20,9,11,9
IP144RE,2,0,2,2
IP144RF,21,10,11,8
IP144RG,15,8,7,7
IP144RH,2,2,0,1
IP144RJ,5,2,3,1
IP144RL,2,1,1,1
IP144RN,9,5,4,3
IP144RP,15,7,8,8
IP144RQ,9,4,5,4
IP144RT,7,3,4,4
IP144RW,14,9,5,5
IP144RY,11,6,5,4
IP144RZ,8,3,5,2
IP144SA,12,7,5,4
IP144SB,48,25,23,16
IP144SD,28,16,12,8
IP144SE,28,16,12,9
IP144SF,13,8,5,4
IP144SG,55,28,27,20
IP144SH,45,25,20,18
IP144SJ,61,29,32,24
IP144SL,18,12,6,5
IP144SN,18,7,11,8
IP144SP,54,28,26,16
IP144SQ,31,15,16,10
IP144SR,9,4,5,4
IP144SS,16,2,14,0
IP144ST,7,4,3,2
IP144SU,71,35,36,33
IP144SW,19,10,9,8
IP144SX,22,11,11,6
IP144SY,30,14,16,11
IP144SZ,8,4,4,4
IP144TA,4,3,1,1
IP144TD,2,1,1,1
IP144TE,4,2,2,2
IP144TF,5,3,2,3
IP144TG,7,4,3,3
IP144TH,15,7,8,8
IP144TJ,7,4,3,2
IP144TL,3,2,1,1
IP144TN,52,24,28,19
IP144TP,15,9,6,6
IP144TQ,4,2,2,2
IP144TR,9,5,4,4
IP144TS,13,7,6,4
IP144TU,6,3,3,3
IP144TW,43,21,22,19
IP144TX,12,6,6,4
IP144UA,29,13,16,14
IP144UB,9,6,3,4
IP144UH,13,8,5,4
IP144UP,35,13,22,15
IP144UR,37,18,19,18
IP145AA,140,65,75,60
IP145AB,11,5,6,7
IP145AD,6,4,2,2
IP145AE,63,34,29,26
IP145AF,38,19,19,12
IP145AG,59,32,27,23
IP145AJ,159,74,85,68
IP145AL,28,13,15,11
IP145AN,76,38,38,23
IP145AP,94,47,47,32
IP145AR,54,26,28,18
IP145AU,85,43,42,39
IP145AW,19,9,10,7
IP145AX,133,67,66,47
IP145AZ,19,8,11,6
IP145BB,90,54,36,39
IP145BD,83,37,46,35
IP145BF,61,31,30,30
IP145BH,19,14,5,10
IP145BJ,34,18,16,12
IP145BL,22,13,9,10
IP145BN,13,7,6,4
IP145BP,20,11,9,7
IP145BQ,31,13,18,17
IP145BS,17,8,9,8
IP145BT,80,35,45,25
IP145BW,5,2,3,2
IP145BX,82,40,42,25
IP145BY,63,34,29,23
IP145DA,93,43,50,39
IP145DB,7,4,3,2
IP145DD,15,7,8,7
IP145DE,2,1,1,1
IP145DF,30,14,16,11
IP145DG,2,1,1,1
IP145DH,1,1,0,1
IP145DJ,6,4,2,2
IP145DL,14,10,4,3
IP145DN,11,4,7,4
IP145DP,25,13,12,11
IP145DR,2,1,1,1
IP145DS,18,10,8,8
IP145DT,20,8,12,8
IP145DU,5,2,3,2
IP145DW,12,8,4,4
IP145DX,13,6,7,5
IP145DY,6,3,3,1
IP145DZ,2,1,1,1
IP145EA,10,5,5,4
IP145EE,10,4,6,4
IP145EF,25,12,13,10
IP145EG,11,7,4,4
IP145EH,3,2,1,2
IP145EJ,11,8,3,3
IP145EL,22,12,10,8
IP145EN,28,14,14,11
IP145EQ,1,0,1,1
IP145ER,39,21,18,12
IP145ES,17,7,10,6
IP145ET,23,11,12,8
IP145EU,34,16,18,16
IP145EW,21,9,12,9
IP145EX,16,6,10,6
IP145EY,2,1,1,1
IP145EZ,18,9,9,6
IP145FA,7,4,3,4
IP145FB,123,62,61,48
IP145FD,24,13,11,8
IP145FF,22,7,15,6
IP145FG,27,11,16,7
IP145FH,66,29,37,25
IP145FJ,31,18,13,10
IP145FL,38,16,22,15
IP145FN,62,33,29,25
IP145FP,89,33,56,36
IP145FQ,86,44,42,40
IP145FR,17,7,10,5
IP145FS,41,22,19,13
IP145FT,43,24,19,19
IP145FW,36,18,18,12
IP145FX,9,5,4,5
IP145FY,8,4,4,5
IP145FZ,42,20,22,15
IP145GA,24,12,12,8
IP145GB,16,8,8,5
IP145GD,16,9,7,12
IP145GE,15,7,8,5
IP145GF,85,48,37,40
IP145GG,15,9,6,6
IP145GH,44,21,23,14
IP145GJ,86,38,48,33
IP145GL,6,4,2,2
IP145GN,89,40,49,29
IP145GP,59,34,25,21
IP145GQ,117,52,65,48
IP145GR,25,12,13,12
IP145GS,86,44,42,45
IP145GU,51,22,29,19
IP145GW,30,15,15,11
IP145GX,64,33,31,25
IP145GY,113,61,52,38
IP145HA,3,2,1,1
IP145HB,16,9,7,7
IP145HE,5,1,4,2
IP145HF,3,1,2,1
IP145HG,6,2,4,4
IP145HH,7,3,4,3
IP145HJ,11,5,6,6
IP145HL,28,15,13,11
IP145HN,11,6,5,4
IP145HP,10,4,6,4
IP145HQ,1,1,0,1
IP145HR,6,2,4,2
IP145HS,7,2,5,2
IP145HT,8,3,5,3
IP145HU,24,11,13,10
IP145HW,2,1,1,1
IP145HX,19,11,8,5
IP145HY,8,4,4,4
IP145HZ,31,19,12,12
IP145JA,58,30,28,24
IP145JD,41,21,20,16
IP145JH,43,21,22,17
IP145JJ,20,9,11,7
IP145JL,103,57,46,36
IP145JN,33,15,18,12
IP145JP,5,3,2,3
IP145JR,5,2,3,2
IP145JS,27,13,14,10
IP145JT,51,22,29,19
IP145JU,9,6,3,4
IP145JW,12,7,5,5
IP145JX,3,2,1,2
IP145JY,14,6,8,7
IP145JZ,1,0,1,1
IP145LA,11,8,3,4
IP145LB,9,6,3,4
IP145LD,4,3,1,1
IP145LE,4,1,3,1
IP145LF,18,8,10,8
IP145LG,9,6,3,3
IP145LH,25,13,12,10
IP145LJ,3,3,0,3
IP145LL,7,6,1,2
IP145LN,8,2,6,2
IP145LP,25,15,10,9
IP145LQ,5,3,2,3
IP145LR,33,17,16,14
IP145LS,67,34,33,18
IP145LT,15,4,11,5
IP145LU,3,2,1,1
IP145LW,28,16,12,10
IP145LX,32,17,15,14
IP145LY,7,3,4,1
IP145LZ,1,1,0,1
IP145NB,74,40,34,27
IP145NE,2,0,2,2
IP145NF,16,6,10,5
IP145NG,62,34,28,31
IP145NH,12,4,8,4
IP145NJ,10,5,5,4
IP145NL,8,4,4,4
IP145NN,25,15,10,9
IP145NP,5,3,2,3
IP145NQ,6,3,3,2
IP145NR,13,8,5,4
IP145NS,2,1,1,1
IP145NT,76,39,37,19
IP145NU,15,7,8,7
IP145NX,9,3,6,4
IP145NY,16,7,9,5
IP145PA,5,3,2,3
IP145PB,11,6,5,4
IP145PD,19,11,8,7
IP145PE,24,12,12,10
IP145PF,6,3,3,1
IP145PG,1,0,1,1
IP145PH,33,18,15,12
IP145PJ,1,0,1,1
IP145PL,110,60,50,39
IP145PN,16,7,9,7
IP145PP,32,14,18,14
IP145PQ,6,4,2,5
IP145PR,10,7,3,3
IP145PS,3,3,0,1
IP145PT,7,4,3,2
IP145PU,10,7,3,7
IP145PW,9,5,4,4
IP145PX,23,9,14,10
IP145PY,12,8,4,6
IP145PZ,11,5,6,3
IP145QA,32,17,15,10
IP145QB,12,5,7,5
IP145QD,3,1,2,1
IP145QE,15,6,9,8
IP145QF,51,28,23,18
IP145QG,11,7,4,4
IP145QH,58,26,32,22
IP145QJ,32,17,15,10
IP145QL,4,2,2,2
IP145QQ,4,1,3,2
IP145QS,70,30,40,33
IP145QT,75,40,35,25
IP145QU,99,55,44,34
IP145QW,43,19,24,14
IP145QY,6,3,3,3
IP145RA,2,1,1,1
IP145RB,12,3,9,5
IP145RD,16,7,9,5
IP145RE,6,3,3,3
IP145RF,22,10,12,11
IP145RG,44,21,23,20
IP145RH,6,2,4,3
IP145RJ,19,10,9,7
IP145RL,21,10,11,6
IP145RN,17,9,8,8
IP145RP,13,5,8,4
IP145RQ,99,60,39,30
IP145RR,15,8,7,7
IP145RS,5,3,2,2
IP145RT,25,13,12,10
IP145RU,27,16,11,8
IP145RW,18,8,10,7
IP145RX,34,17,17,15
IP145RY,55,30,25,28
IP145RZ,36,18,18,16
IP145SA,47,22,25,22
IP145SB,56,27,29,27
IP145SD,54,27,27,21
IP145SE,41,13,28,24
IP145SF,21,11,10,9
IP145SG,18,8,10,8
IP145SH,86,36,50,38
IP145SJ,19,10,9,7
IP145SL,3,2,1,2
IP145SN,2,2,0,1
IP145SP,10,4,6,3
IP145SQ,54,24,30,25
IP145SR,16,10,6,4
IP145SS,3,1,2,2
IP145ST,2,1,1,1
IP145SU,7,6,1,4
IP145SW,5,2,3,2
IP145SX,1,0,1,1
IP145SY,6,3,3,3
IP145SZ,12,7,5,7
IP145TA,25,12,13,11
IP145TB,4,2,2,2
IP145TD,17,6,11,5
IP145TE,29,14,15,10
IP145TF,4,3,1,1
IP145TG,4,2,2,1
IP145TH,16,10,6,13
IP145TJ,23,10,13,17
IP145TL,109,52,57,46
IP145TP,16,9,7,8
IP145TQ,7,2,5,3
IP145TT,23,14,9,10
IP145TW,59,28,31,21
IP145TY,10,5,5,4
IP145TZ,29,12,17,15
IP145UA,73,33,40,30
IP145UB,84,46,38,28
IP145UD,30,12,18,10
IP145UE,147,69,78,55
IP145UF,60,24,36,23
IP145UG,84,46,38,31
IP145UH,46,19,27,15
IP145UJ,72,35,37,28
IP145UL,41,22,19,18
IP145UN,50,22,28,21
IP145UP,50,23,27,16
IP145UQ,40,22,18,12
IP145UR,12,4,8,6
IP145US,58,29,29,19
IP145UT,102,49,53,36
IP145UU,19,7,12,9
IP145UW,73,29,44,38
IP145WF,7,4,3,4
IP146AA,19,11,8,7
IP146AB,45,26,19,15
IP146AD,12,6,6,3
IP146AE,25,11,14,12
IP146AF,14,7,7,6
IP146AG,16,8,8,8
IP146AH,17,9,8,7
IP146AJ,31,17,14,11
IP146AL,46,23,23,18
IP146AN,5,3,2,2
IP146AP,2,1,1,1
IP146AQ,38,17,21,17
IP146AR,16,7,9,6
IP146AS,48,22,26,14
IP146AT,4,2,2,3
IP146AU,10,6,4,5
IP146AW,13,5,8,5
IP146AX,9,5,4,3
IP146AY,2,1,1,1
IP146AZ,33,16,17,13
IP146BA,4,2,2,1
IP146BB,5,3,2,2
IP146BD,15,6,9,7
IP146BE,9,4,5,4
IP146BF,5,2,3,3
IP146BG,18,9,9,8
IP146BH,19,11,8,6
IP146BJ,7,4,3,3
IP146BL,2,1,1,1
IP146BN,14,8,6,4
IP146BP,3,1,2,2
IP146BQ,48,23,25,16
IP146BS,7,4,3,3
IP146BT,1,0,1,1
IP146BU,16,8,8,6
IP146BW,4,2,2,1
IP146BX,15,9,6,4
IP146BY,4,3,1,1
IP146BZ,8,5,3,4
IP146DA,64,31,33,28
IP146DB,2,1,1,1
IP146DD,3,1,2,1
IP146DE,22,11,11,6
IP146DF,37,20,17,10
IP146DG,40,28,12,16
IP146DH,32,12,20,15
IP146DJ,28,12,16,13
IP146DL,4,2,2,1
IP146DN,4,3,1,2
IP146DR,5,2,3,2
IP146DT,9,5,4,3
IP146DU,8,4,4,3
IP146DW,11,7,4,4
IP146DX,8,5,3,4
IP146DY,7,3,4,2
IP146DZ,4,3,1,2
IP146EA,7,3,4,3
IP146EB,12,6,6,3
IP146ED,10,6,4,4
IP146EE,8,4,4,3
IP146EG,11,6,5,5
IP146EH,15,7,8,4
IP146EJ,8,4,4,3
IP146EL,21,8,13,8
IP146EN,9,2,7,2
IP146EP,47,24,23,18
IP146EQ,6,2,4,2
IP146ER,12,9,3,4
IP146ES,5,2,3,3
IP146ET,21,11,10,9
IP146EW,24,10,14,10
IP146EX,5,3,2,3
IP146EY,9,3,6,4
IP146EZ,23,11,12,10
IP146HA,4,2,2,1
IP146HB,17,9,8,7
IP146HD,3,1,2,1
IP146HE,20,3,17,8
IP146HF,10,6,4,4
IP146HG,52,24,28,21
IP146HH,14,9,5,4
IP146HJ,12,6,6,3
IP146HL,5,2,3,1
IP146HN,13,7,6,5
IP146HP,14,7,7,6
IP146HQ,16,9,7,8
IP146HR,11,4,7,5
IP146HS,25,16,9,11
IP146HT,3,1,2,2
IP146HU,19,8,11,6
IP146HW,4,2,2,2
IP146HX,9,7,2,4
IP146JB,20,9,11,7
IP146JD,1,0,1,1
IP146JE,7,3,4,3
IP146JF,7,2,5,2
IP146JG,13,8,5,5
IP146JH,29,15,14,13
IP146JJ,21,10,11,7
IP146JL,25,9,16,10
IP146JN,65,32,33,20
IP146JP,9,4,5,4
IP146JQ,20,11,9,6
IP146JR,4,2,2,1
IP146JS,12,8,4,4
IP146JT,2,1,1,1
IP146JU,11,4,7,5
IP146JW,26,13,13,10
IP146JY,3,2,1,1
IP146JZ,5,2,3,2
IP146LA,40,14,26,12
IP146LB,19,8,11,8
IP146LD,24,12,12,10
IP146LE,2,1,1,1
IP146LF,4,2,2,3
IP146LG,15,5,10,5
IP146LH,8,3,5,2
IP146LJ,10,4,6,3
IP146LL,11,6,5,3
IP146LN,12,5,7,3
IP146LP,4,2,2,2
IP146LQ,2,1,1,1
IP146LR,26,16,10,9
IP146LS,12,6,6,6
IP146LT,5,3,2,1
IP146LU,17,10,7,6
IP146LW,4,2,2,1
IP146LX,71,32,39,35
IP146LY,50,27,23,16
IP146LZ,15,7,8,7
IP146NA,17,8,9,5
IP146NB,1,1,0,1
IP146ND,8,5,3,3
IP146NE,13,7,6,6
IP146NF,6,3,3,2
IP146NG,7,4,3,4
IP146NH,17,9,8,5
IP146NJ,3,1,2,1
IP146NP,7,3,4,2
IP146NR,8,3,5,3
IP146NS,1,1,0,1
IP146NT,6,3,3,3
IP146NU,6,4,2,3
IP146NX,10,6,4,2
IP146NY,11,5,6,5
IP146NZ,7,5,2,3
IP146PA,10,4,6,6
IP146PB,7,3,4,2
IP146PD,2,1,1,1
IP146PG,12,5,7,5
IP146PH,41,20,21,14
IP146PL,4,3,1,1
IP146PN,3,1,2,2
IP146PP,1,1,0,1
IP146PR,13,7,6,6
IP146PS,2,1,1,1
IP146PT,2,1,1,1
IP146PU,1,0,1,1
IP146PW,13,6,7,4
IP146PX,17,11,6,7
IP146PY,100,47,53,41
IP146PZ,25,11,14,13
IP146QA,55,21,34,24
IP146QB,26,13,13,11
IP146QD,31,16,15,17
IP146QE,39,15,24,33
IP146QF,4,1,3,3
IP146QH,1,1,0,1
IP146QJ,22,13,9,11
IP146QL,21,10,11,7
IP146QN,15,8,7,9
IP146QP,15,7,8,6
IP146QQ,69,24,45,31
IP146QR,4,1,3,2
IP146QS,21,12,9,11
IP146QT,14,8,6,7
IP146QU,38,19,19,16
IP146QW,21,10,11,14
IP146QX,29,14,15,11
IP146QY,100,46,54,57
IP146QZ,12,6,6,6
IP146RA,21,9,12,12
IP146RB,1,0,1,1
IP146RD,36,18,18,22
IP146RE,44,20,24,23
IP146RF,4,2,2,4
IP146RG,19,11,8,10
IP146RH,77,35,42,35
IP146RJ,129,58,71,55
IP146RL,24,13,11,7
IP146RN,34,17,17,12
IP146RQ,83,36,47,30
IP146RR,30,16,14,17
IP146RS,51,23,28,14
IP146RT,34,18,16,18
IP146RU,53,25,28,23
IP146RW,36,15,21,18
IP146RX,26,14,12,14
IP146RY,17,10,7,8
IP146RZ,84,43,41,37
IP146SA,7,4,3,4
IP146SB,28,13,15,13
IP146SD,7,2,5,3
IP146SE,15,6,9,6
IP146SG,14,6,8,5
IP146SH,57,25,32,19
IP146SJ,109,57,52,37
IP146SL,63,28,35,18
IP146SN,63,34,29,20
IP146SP,12,6,6,3
IP146SQ,19,11,8,11
IP146TA,14,8,6,4
IP146TB,17,8,9,5
IP155AB,14,10,4,10
IP155AE,3,1,2,2
IP155AG,2,0,2,2
IP155AJ,14,9,5,10
IP155AL,5,1,4,5
IP155AN,14,7,7,8
IP155AP,2,0,2,1
IP155AQ,7,4,3,5
IP155AR,5,3,2,5
IP155AT,5,2,3,3
IP155AU,6,4,2,6
IP155AX,1,0,1,1
IP155AY,2,1,1,1
IP155BA,7,4,3,4
IP155BB,21,6,15,16
IP155BD,5,0,5,0
IP155BE,1,0,1,1
IP155BF,16,7,9,9
IP155BG,20,9,11,7
IP155BJ,10,4,6,7
IP155BN,7,4,3,3
IP155BP,7,2,5,4
IP155BQ,8,5,3,5
IP155BS,8,7,1,7
IP155BT,18,8,10,13
IP155BW,14,9,5,10
IP155BX,2,1,1,1
IP155BY,7,2,5,5
IP155BZ,2,1,1,2
IP155DD,8,4,4,4
IP155DF,21,11,10,15
IP155DG,11,5,6,6
IP155DJ,10,3,7,6
IP155DN,2,1,1,2
IP155DP,12,6,6,7
IP155DQ,17,7,10,8
IP155DR,4,1,3,3
IP155DT,10,6,4,5
IP155DU,22,11,11,11
IP155DW,3,2,1,1
IP155DX,7,2,5,5
IP155DY,14,4,10,9
IP155DZ,28,12,16,13
IP155EA,6,2,4,4
IP155ED,4,2,2,4
IP155EE,21,8,13,13
IP155EF,6,3,3,5
IP155EG,10,2,8,9
IP155EH,10,4,6,6
IP155EJ,7,3,4,5
IP155EL,7,2,5,5
IP155EN,51,10,41,7
IP155EP,16,8,8,9
IP155ER,2,0,2,2
IP155ET,11,6,5,7
IP155EW,8,3,5,5
IP155EX,12,6,6,8
IP155EY,18,8,10,9
IP155EZ,5,2,3,3
IP155GA,4,2,2,2
IP155GY,12,5,7,6
IP155HD,16,10,6,11
IP155HF,8,4,4,5
IP155HG,37,17,20,19
IP155HJ,13,6,7,9
IP155HL,12,3,9,9
IP155HN,1,1,0,1
IP155HP,2,1,1,1
IP155HQ,24,13,11,16
IP155HR,1,0,1,1
IP155HS,27,14,13,18
IP155HT,2,1,1,2
IP155HW,31,17,14,18
IP155HZ,1,0,1,1
IP155JA,32,15,17,17
IP155JB,3,1,2,2
IP155JD,6,3,3,3
IP155JE,41,18,23,18
IP155JF,76,31,45,32
IP155JG,39,23,16,20
IP155JH,54,24,30,24
IP155JJ,13,5,8,6
IP155JL,72,31,41,44
IP155JN,83,47,36,27
IP155JP,24,9,15,10
IP155JQ,43,21,22,21
IP155JR,15,8,7,6
IP155JS,54,27,27,24
IP155JT,151,77,74,61
IP155JU,24,10,14,10
IP155JW,35,14,21,25
IP155JX,12,5,7,8
IP155JY,18,8,10,10
IP155JZ,13,3,10,11
IP155LA,12,6,6,7
IP155LB,7,2,5,4
IP155LD,6,3,3,4
IP155LE,20,6,14,15
IP155LF,9,2,7,6
IP155LH,16,7,9,9
IP155LJ,1,0,1,1
IP155LL,21,6,15,15
IP155LN,5,2,3,3
IP155LP,5,1,4,4
IP155LQ,10,5,5,8
IP155LR,14,8,6,10
IP155LT,12,6,6,8
IP155LU,31,11,20,22
IP155LW,37,13,24,22
IP155LX,1,0,1,1
IP155LZ,5,2,3,3
IP155NB,17,6,11,10
IP155PA,9,3,6,5
IP155PB,15,10,5,4
IP155PD,51,25,26,24
IP155PE,28,12,16,13
IP155PG,19,9,10,8
IP155PJ,4,2,2,2
IP155PL,5,1,4,3
IP155PN,10,4,6,5
IP155PP,17,7,10,13
IP155PQ,3,1,2,2
IP155PR,16,8,8,12
IP155PS,54,23,31,27
IP155PT,7,3,4,3
IP155PW,9,4,5,4
IP155PX,36,15,21,16
IP155PY,14,7,7,8
IP155QA,4,2,2,2
IP155QB,15,7,8,9
IP155QD,19,8,11,11
IP155QE,35,15,20,14
IP155QF,31,13,18,17
IP155QG,72,35,37,27
IP155QH,63,32,31,33
IP155QQ,84,42,42,44
IP164AB,19,10,9,11
IP164AD,4,2,2,2
IP164AG,28,11,17,14
IP164AH,25,12,13,17
IP164AJ,14,9,5,6
IP164AL,68,36,32,35
IP164AN,38,21,17,16
IP164AP,52,29,23,22
IP164AQ,58,27,31,28
IP164AR,41,22,19,14
IP164AS,6,2,4,2
IP164AT,109,49,60,58
IP164AW,6,3,3,2
IP164AX,89,40,49,33
IP164AY,127,64,63,49
IP164AZ,22,8,14,13
IP164BA,7,3,4,6
IP164BB,91,38,53,28
IP164BD,26,11,15,10
IP164BE,39,22,17,15
IP164BF,5,4,1,2
IP164BH,94,49,45,34
IP164BJ,53,24,29,36
IP164BL,22,10,12,6
IP164BN,28,11,17,11
IP164BQ,93,45,48,36
IP164BT,18,8,10,7
IP164BU,10,7,3,7
IP164BW,116,57,59,45
IP164BX,29,15,14,16
IP164BY,33,12,21,29
IP164BZ,68,25,43,37
IP164DA,92,39,53,34
IP164DB,30,10,20,13
IP164DD,153,76,77,65
IP164DE,16,10,6,8
IP164DF,6,3,3,3
IP164DG,34,17,17,21
IP164DH,45,25,20,18
IP164DJ,81,38,43,25
IP164DN,90,45,45,38
IP164DP,51,27,24,26
IP164DQ,39,18,21,15
IP164DR,1,0,1,1
IP164DS,60,33,27,26
IP164DT,63,29,34,25
IP164DU,53,27,26,19
IP164DW,67,30,37,28
IP164DX,3,3,0,2
IP164DY,6,3,3,2
IP164DZ,9,6,3,4
IP164EA,2,1,1,1
IP164EB,2,1,1,1
IP164ED,41,19,22,17
IP164EE,7,2,5,5
IP164EF,95,45,50,35
IP164EG,11,5,6,9
IP164EH,97,45,52,38
IP164EJ,4,2,2,1
IP164EL,21,12,9,13
IP164EN,19,11,8,9
IP164EP,1,0,1,1
IP164EQ,25,12,13,12
IP164ER,1,1,0,1
IP164ES,2,2,0,2
IP164ET,8,2,6,6
IP164EW,20,14,6,17
IP164EX,37,19,18,18
IP164EY,63,31,32,22
IP164EZ,49,24,25,25
IP164FB,4,2,2,2
IP164FD,1,0,1,1
IP164GL,3,2,1,2
IP164GU,42,21,21,24
IP164GW,13,8,5,7
IP164GX,7,3,4,5
IP164GY,7,3,4,3
IP164GZ,8,4,4,6
IP164HA,80,36,44,32
IP164HB,5,2,3,1
IP164HD,53,27,26,18
IP164HE,82,37,45,40
IP164HG,1,1,0,1
IP164HH,18,10,8,6
IP164HJ,28,12,16,15
IP164HN,96,47,49,38
IP164HP,59,32,27,21
IP164HQ,22,10,12,14
IP164HR,127,63,64,45
IP164HS,79,42,37,27
IP164HT,8,5,3,4
IP164HU,54,25,29,22
IP164HW,24,10,14,8
IP164HX,79,43,36,42
IP164HY,66,37,29,0
IP164HZ,20,10,10,7
IP164JA,183,96,87,73
IP164JB,28,16,12,13
IP164JE,63,30,33,33
IP164JF,34,11,23,20
IP164JG,103,57,46,40
IP164JH,2,1,1,1
IP164JJ,23,9,14,10
IP164JL,52,26,26,16
IP164JN,35,18,17,12
IP164JP,62,31,31,30
IP164JR,24,12,12,9
IP164JT,37,17,20,17
IP164JU,10,6,4,6
IP164JW,41,23,18,16
IP164JX,51,22,29,20
IP164JY,15,7,8,6
IP164JZ,15,5,10,6
IP164LA,16,7,9,7
IP164LB,17,7,10,10
IP164LD,26,13,13,12
IP164LE,57,27,30,23
IP164LF,77,40,37,33
IP164LG,68,35,33,25
IP164LH,78,34,44,34
IP164LJ,3,2,1,2
IP164LN,2,1,1,1
IP164LP,48,13,35,41
IP164LQ,23,9,14,12
IP164LR,9,5,4,3
IP164LS,9,4,5,5
IP164LT,8,4,4,5
IP164LU,5,3,2,2
IP164LX,5,3,2,3
IP164LY,15,5,10,11
IP164LZ,35,17,18,16
IP164NA,6,4,2,5
IP164NB,2,1,1,1
IP164ND,1,0,1,1
IP164NE,3,2,1,2
IP164NF,4,2,2,3
IP164NG,3,2,1,2
IP164NJ,28,12,16,13
IP164NN,4,3,1,3
IP164NP,3,1,2,2
IP164NQ,14,5,9,10
IP164NR,9,5,4,5
IP164NS,4,2,2,1
IP164NT,2,1,1,1
IP164NU,4,3,1,2
IP164NW,6,3,3,5
IP164NX,5,2,3,3
IP164NY,4,1,3,3
IP164NZ,6,4,2,2
IP164PA,1,1,0,1
IP164PB,3,1,2,2
IP164PD,22,9,13,13
IP164PE,7,4,3,2
IP164PF,6,3,3,3
IP164PH,3,0,3,3
IP164PJ,5,2,3,3
IP164PL,7,4,3,4
IP164PN,6,2,4,2
IP164PP,6,4,2,4
IP164PR,23,10,13,12
IP164PS,25,6,19,20
IP164PT,15,8,7,8
IP164PU,17,7,10,11
IP164PX,6,4,2,2
IP164PY,2,0,2,2
IP164PZ,47,25,22,17
IP164QA,2,0,2,2
IP164QB,41,25,16,19
IP164QD,2,1,1,1
IP164QE,14,6,8,6
IP164QF,37,12,25,5
IP164QG,2,1,1,1
IP164QH,33,17,16,19
IP164QJ,28,12,16,13
IP164QL,15,8,7,8
IP164QN,7,4,3,3
IP164QP,2,1,1,1
IP164QQ,9,5,4,5
IP164QR,17,9,8,8
IP164QS,3,1,2,1
IP164QT,29,9,20,21
IP164QW,5,3,2,2
IP164QX,8,4,4,6
IP164QY,5,3,2,2
IP164QZ,47,22,25,21
IP164RA,5,2,3,2
IP164RE,49,21,28,21
IP164RF,21,7,14,2
IP164RG,2,1,1,1
IP164RJ,4,2,2,1
IP164RL,7,2,5,4
IP164RN,6,5,1,3
IP164RP,9,4,5,3
IP164RQ,3,2,1,1
IP164RR,3,1,2,2
IP164RS,2,1,1,1
IP164RT,42,18,24,16
IP164RU,29,16,13,14
IP164RW,3,1,2,2
IP164RX,16,8,8,8
IP164RY,14,5,9,4
IP164RZ,7,3,4,3
IP164SA,22,10,12,10
IP164SB,10,6,4,6
IP164SD,3,2,1,2
IP164SE,5,3,2,2
IP164SF,22,14,8,10
IP164SG,12,5,7,8
IP164SH,4,3,1,1
IP164SJ,15,8,7,9
IP164SL,7,3,4,3
IP164SN,14,7,7,5
IP164SP,5,2,3,3
IP164SR,4,2,2,2
IP164ST,6,4,2,2
IP164SW,2,2,0,2
IP164TA,43,18,25,16
IP164TB,3,2,1,2
IP164TD,6,3,3,2
IP164TE,4,3,1,2
IP164TF,11,6,5,4
IP164TG,2,1,1,1
IP164TJ,2,1,1,1
IP164TL,2,1,1,1
IP164TN,3,1,2,3
IP164TP,4,2,2,1
IP164TQ,4,1,3,3
IP164TR,10,4,6,4
IP164TS,10,5,5,4
IP164TT,3,1,2,2
IP164TU,2,1,1,1
IP164TW,17,8,9,8
IP164TX,6,3,3,3
IP164TY,3,1,2,2
IP164TZ,2,1,1,1
IP164UA,8,5,3,3
IP164UB,12,7,5,7
IP164UD,2,1,1,1
IP164UH,15,10,5,9
IP164UJ,6,2,4,2
IP164UL,9,5,4,6
IP164UN,7,4,3,3
IP164UP,5,2,3,3
IP164UW,6,4,2,2
IP164UX,21,7,14,7
IP164UZ,47,19,28,27
IP164WA,22,11,11,11
IP164WB,5,4,1,1
IP164WD,9,4,5,2
IP164WG,2,1,1,1
IP164WH,7,3,4,4
IP164WL,4,1,3,1
IP164XA,9,4,5,4
IP164XB,20,12,8,9
IP164XD,39,24,15,20
IP164XE,79,37,42,46
IP164XF,14,6,8,10
IP171AB,14,8,6,12
IP171AF,1,1,0,0
IP171AG,16,9,7,11
IP171AH,3,2,1,3
IP171AJ,3,2,1,2
IP171AL,5,2,3,4
IP171AP,12,6,6,6
IP171AQ,13,6,7,3
IP171AR,10,5,5,4
IP171AS,14,5,9,6
IP171AT,4,2,2,2
IP171AU,8,6,2,5
IP171AX,17,8,9,8
IP171AY,2,0,2,0
IP171AZ,25,16,9,11
IP171BA,79,34,45,39
IP171BB,41,16,25,22
IP171BD,58,27,31,29
IP171BE,28,10,18,14
IP171BF,33,14,19,13
IP171BG,8,2,6,7
IP171BH,20,8,12,11
IP171BJ,20,10,10,11
IP171BL,53,29,24,26
IP171BN,46,22,24,21
IP171BP,9,3,6,5
IP171BQ,11,7,4,10
IP171BT,9,6,3,9
IP171BU,113,59,54,33
IP171BW,33,18,15,14
IP171BX,127,65,62,41
IP171BY,138,61,77,47
IP171BZ,111,54,57,33
IP171DD,9,6,3,5
IP171DF,11,3,8,5
IP171DG,30,10,20,15
IP171DJ,55,23,32,17
IP171DL,12,4,8,8
IP171DN,2,1,1,1
IP171DP,68,30,38,35
IP171DQ,34,17,17,14
IP171DR,107,44,63,40
IP171DS,17,11,6,14
IP171DT,30,15,15,12
IP171DW,22,10,12,8
IP171DX,6,4,2,3
IP171DY,6,3,3,3
IP171DZ,46,23,23,20
IP171EA,31,10,21,16
IP171EB,39,19,20,16
IP171ED,115,55,60,48
IP171EE,59,26,33,38
IP171EF,115,50,65,60
IP171EG,16,7,9,8
IP171EJ,13,5,8,1
IP171EN,21,8,13,15
IP171EP,14,8,6,9
IP171EQ,10,6,4,6
IP171ER,12,5,7,5
IP171ES,6,3,3,4
IP171ET,51,23,28,22
IP171EU,2,2,0,1
IP171EX,31,12,19,14
IP171EY,72,29,43,52
IP171EZ,61,28,33,23
IP171FA,10,4,6,4
IP171FB,10,4,6,6
IP171FD,6,3,3,3
IP171FH,16,8,8,10
IP171GA,34,17,17,13
IP171GB,26,11,15,10
IP171GD,74,34,40,31
IP171GE,29,14,15,13
IP171GZ,4,1,3,3
IP171HA,25,12,13,9
IP171HB,9,4,5,5
IP171HD,3,1,2,2
IP171HE,17,10,7,9
IP171HF,12,5,7,6
IP171HG,34,17,17,17
IP171HH,21,9,12,8
IP171HJ,11,6,5,4
IP171HL,31,14,17,16
IP171HN,28,14,14,12
IP171HP,6,4,2,2
IP171HQ,25,12,13,9
IP171HR,10,5,5,4
IP171HS,14,8,6,5
IP171HT,28,12,16,16
IP171HU,25,12,13,14
IP171HW,18,8,10,7
IP171HX,4,1,3,1
IP171HY,4,2,2,1
IP171HZ,2,1,1,1
IP171JA,6,3,3,3
IP171JB,11,6,5,5
IP171JD,9,4,5,6
IP171JE,25,13,12,12
IP171JF,14,6,8,5
IP171JG,5,3,2,2
IP171JH,20,9,11,11
IP171JJ,16,7,9,5
IP171JL,10,5,5,4
IP171JN,6,4,2,4
IP171JP,19,8,11,11
IP171JQ,9,3,6,3
IP171JR,23,10,13,10
IP171JU,17,8,9,8
IP171JX,7,2,5,3
IP171JY,15,7,8,4
IP171JZ,33,15,18,14
IP171LA,12,6,6,6
IP171LB,21,10,11,10
IP171LE,13,6,7,6
IP171LF,57,30,27,21
IP171LG,2,1,1,1
IP171LH,22,11,11,7
IP171LJ,8,4,4,4
IP171LL,38,17,21,20
IP171LN,7,2,5,4
IP171LP,11,4,7,7
IP171LQ,17,9,8,6
IP171LS,6,4,2,4
IP171LT,5,4,1,2
IP171LU,11,7,4,4
IP171LW,19,7,12,8
IP171LX,2,1,1,1
IP171LY,5,3,2,2
IP171ND,19,7,12,10
IP171NE,4,1,3,2
IP171NF,2,1,1,1
IP171NG,5,3,2,3
IP171NH,4,2,2,2
IP171NJ,3,2,1,2
IP171NL,3,2,1,2
IP171NN,9,4,5,5
IP171NP,48,20,28,18
IP171NQ,6,2,4,2
IP171NR,4,3,1,2
IP171NS,5,3,2,2
IP171NW,27,14,13,13
IP171NX,10,4,6,3
IP171NY,8,4,4,2
IP171NZ,4,2,2,1
IP171PD,18,8,10,8
IP171PE,8,4,4,3
IP171PF,2,1,1,1
IP171PG,6,3,3,3
IP171PH,24,11,13,11
IP171PJ,22,13,9,12
IP171PL,19,9,10,10
IP171PP,21,10,11,11
IP171PR,6,3,3,3
IP171PS,3,2,1,1
IP171PT,3,1,2,2
IP171PU,41,16,25,13
IP171PW,46,24,22,21
IP171PX,4,2,2,2
IP171PY,2,0,2,2
IP171PZ,10,5,5,5
IP171QA,39,19,20,22
IP171QB,8,4,4,4
IP171QE,3,2,1,1
IP171QF,85,41,44,42
IP171QG,15,4,11,9
IP171QH,3,1,2,1
IP171QJ,9,7,2,2
IP171QL,14,8,6,7
IP171QN,2,1,1,1
IP171QQ,1,1,0,1
IP171QR,7,3,4,2
IP171QS,8,3,5,3
IP171QT,2,1,1,1
IP171QU,7,2,5,4
IP171QW,45,17,28,17
IP171QX,17,10,7,7
IP171QY,16,7,9,5
IP171RB,6,2,4,3
IP171RD,12,7,5,6
IP171RE,19,10,9,7
IP171RF,5,2,3,3
IP171RG,12,6,6,6
IP171RH,76,37,39,31
IP171RJ,7,3,4,4
IP171RN,6,1,5,5
IP171RP,2,1,1,1
IP171RQ,4,2,2,2
IP171RR,9,4,5,4
IP171RS,16,9,7,7
IP171RT,8,3,5,4
IP171RU,2,2,0,1
IP171RX,3,1,2,1
IP171RY,6,4,2,2
IP171SA,15,7,8,5
IP171SB,10,5,5,4
IP171SD,33,18,15,16
IP171SE,20,12,8,9
IP171SF,9,3,6,5
IP171SG,7,5,2,4
IP171SH,8,3,5,5
IP171SJ,15,6,9,7
IP171SL,1,1,0,1
IP171SP,7,4,3,2
IP171SQ,3,0,3,3
IP171SS,6,1,5,1
IP171ST,18,8,10,9
IP171SU,13,4,9,8
IP171SX,8,3,5,4
IP171SY,16,6,10,7
IP171SZ,8,2,6,5
IP171TA,38,19,19,16
IP171TD,9,5,4,3
IP171TG,3,1,2,2
IP171TH,13,6,7,6
IP171TJ,27,14,13,11
IP171TL,11,3,8,3
IP171TN,3,1,2,2
IP171TP,10,5,5,4
IP171TQ,1,0,1,1
IP171TR,3,1,2,2
IP171TS,39,23,16,16
IP171TT,42,23,19,14
IP171TU,57,27,30,23
IP171TW,7,3,4,4
IP171TX,4,2,2,2
IP171TY,5,3,2,2
IP171TZ,16,7,9,5
IP171UA,10,5,5,3
IP171UB,3,2,1,2
IP171UD,19,11,8,9
IP171UE,7,3,4,4
IP171UF,20,8,12,13
IP171UG,12,5,7,6
IP171UH,8,4,4,3
IP171UJ,13,7,6,5
IP171UL,3,1,2,2
IP171UN,8,4,4,4
IP171UP,16,9,7,5
IP171UQ,95,41,54,29
IP171UR,36,17,19,15
IP171US,7,3,4,4
IP171UT,34,17,17,15
IP171UW,5,2,3,2
IP171UX,86,43,43,31
IP171UY,97,49,48,40
IP171UZ,9,5,4,5
IP171WB,34,16,18,11
IP171WE,75,39,36,28
IP171WF,60,25,35,23
IP171WG,106,52,54,37
IP171WH,31,15,16,13
IP171WJ,35,18,17,10
IP171WL,130,64,66,52
IP171WN,33,17,16,14
IP171WP,10,7,3,5
IP171WQ,7,3,4,4
IP171WR,103,54,49,37
IP171WS,7,3,4,3
IP171WT,44,19,25,25
IP171WU,89,43,46,40
IP171WW,21,12,9,9
IP171XA,1,0,1,1
IP171XE,2,0,2,1
IP171XF,15,8,7,6
IP171XG,13,8,5,6
IP171XH,23,11,12,13
IP171XJ,81,35,46,46
IP171XL,26,12,14,15
IP171XN,44,21,23,19
IP171XP,11,6,5,3
IP171XR,10,6,4,4
IP171XS,4,2,2,3
IP171XT,37,18,19,16
IP171XU,44,24,20,20
IP171XW,51,24,27,25
IP171XX,17,10,7,7
IP171XY,46,25,21,17
IP171YA,51,28,23,33
IP171YB,43,25,18,20
IP171YD,6,3,3,3
IP171YH,10,4,6,4
IP171YS,14,8,6,8
IP171YT,46,20,26,20
IP172AA,4,2,2,2
IP172AB,2,1,1,1
IP172AD,7,4,3,3
IP172AE,6,4,2,4
IP172AF,11,5,6,6
IP172AG,36,17,19,15
IP172AH,55,31,24,24
IP172AL,5,2,3,2
IP172AN,4,2,2,2
IP172AP,3,1,2,2
IP172AQ,17,9,8,7
IP172AR,1,0,1,1
IP172AS,4,2,2,2
IP172AT,2,1,1,1
IP172AU,9,4,5,4
IP172AW,2,1,1,1
IP172AX,10,3,7,5
IP172AY,11,5,6,5
IP172AZ,12,6,6,7
IP172BA,8,4,4,3
IP172BB,15,8,7,7
IP172BD,2,1,1,1
IP172BE,2,1,1,1
IP172BG,13,7,6,5
IP172BH,8,3,5,3
IP172BJ,5,2,3,1
IP172BL,27,15,12,16
IP172BN,13,7,6,6
IP172BP,1,1,0,1
IP172BQ,38,17,21,18
IP172BS,4,2,2,2
IP172BT,12,7,5,5
IP172BU,8,3,5,3
IP172BW,34,16,18,15
IP172BX,12,5,7,7
IP172BY,10,5,5,4
IP172DA,21,10,11,12
IP172DB,23,15,8,8
IP172DE,8,4,4,3
IP172DF,9,6,3,4
IP172DG,6,4,2,5
IP172DH,37,18,19,13
IP172DJ,2,1,1,1
IP172DL,5,2,3,3
IP172DN,23,10,13,9
IP172DP,8,4,4,4
IP172DQ,13,5,8,5
IP172DT,15,8,7,6
IP172DW,49,22,27,22
IP172DX,46,24,22,19
IP172DY,3,1,2,2
IP172EA,4,2,2,3
IP172EB,15,6,9,5
IP172ED,2,1,1,1
IP172EE,12,5,7,3
IP172EF,8,4,4,4
IP172EG,18,9,9,7
IP172EH,22,11,11,11
IP172EL,2,1,1,2
IP172EN,7,3,4,3
IP172EQ,16,7,9,8
IP172ER,4,3,1,2
IP172ET,4,2,2,2
IP172EU,2,0,2,2
IP172EW,28,11,17,14
IP172EX,3,2,1,2
IP172EY,1,1,0,1
IP172EZ,2,1,1,1
IP172HA,5,3,2,2
IP172HB,11,6,5,4
IP172HD,6,3,3,2
IP172HE,34,17,17,14
IP172HF,4,3,1,1
IP172HG,19,10,9,7
IP172HJ,35,18,17,16
IP172HL,18,8,10,9
IP172HN,10,5,5,4
IP172HP,4,2,2,3
IP172HR,3,1,2,2
IP172HS,32,16,16,13
IP172HU,22,8,14,10
IP172HW,4,2,2,2
IP172HZ,1,1,0,1
IP172JA,9,5,4,5
IP172JB,5,3,2,4
IP172JD,9,5,4,6
IP172JE,5,2,3,3
IP172JF,2,1,1,1
IP172JG,2,1,1,1
IP172JH,25,12,13,14
IP172JJ,3,2,1,1
IP172JL,15,9,6,6
IP172JN,10,4,6,3
IP172JP,10,3,7,4
IP172JQ,15,7,8,10
IP172JR,7,4,3,4
IP172JS,8,4,4,2
IP172JT,8,5,3,3
IP172JU,8,4,4,4
IP172JW,10,5,5,4
IP172JX,6,4,2,2
IP172JY,13,7,6,4
IP172JZ,8,4,4,5
IP172LF,6,3,3,2
IP172LG,12,5,7,4
IP172LH,28,15,13,15
IP172LJ,11,8,3,3
IP172LL,41,22,19,14
IP172LN,35,16,19,19
IP172LP,6,5,1,4
IP172LS,32,20,12,14
IP172LU,4,1,3,3
IP172LW,51,26,25,22
IP172LX,7,5,2,3
IP172LY,1,1,0,1
IP172LZ,15,9,6,7
IP172NB,9,4,5,4
IP172ND,9,4,5,4
IP172NE,15,7,8,5
IP172NH,17,10,7,7
IP172NJ,17,9,8,8
IP172NL,1,0,1,1
IP172NN,9,4,5,5
IP172NP,83,40,43,43
IP172NQ,11,5,6,4
IP172NR,42,22,20,28
IP172NS,17,7,10,7
IP172NT,48,22,26,20
IP172NU,26,12,14,10
IP172NW,176,85,91,71
IP172NX,4,1,3,3
IP172NY,1,0,1,1
IP172NZ,10,5,5,5
IP172PA,29,14,15,14
IP172PB,17,9,8,8
IP172PD,13,9,4,7
IP172PE,5,2,3,4
IP172PF,2,0,2,1
IP172PG,2,1,1,1
IP172PH,46,24,22,20
IP172PJ,8,3,5,4
IP172PL,4,2,2,2
IP172PN,1,0,1,1
IP172PQ,11,6,5,6
IP172PR,12,4,8,5
IP172PU,9,4,5,4
IP172PW,8,4,4,2
IP172PY,37,20,17,15
IP172QA,2,1,1,1
IP172QB,6,3,3,3
IP172QD,9,5,4,5
IP172QE,36,19,17,17
IP172QF,11,5,6,7
IP172QG,2,0,2,2
IP172QH,10,4,6,4
IP172QJ,3,1,2,2
IP172QL,4,3,1,3
IP172QN,38,17,21,14
IP172QP,10,4,6,4
IP172QQ,5,3,2,2
IP172QR,1,1,0,1
IP172QS,13,7,6,6
IP172QT,18,9,9,10
IP172QU,7,4,3,4
IP172QW,2,1,1,1
IP172QX,2,1,1,1
IP172QY,7,4,3,5
IP172QZ,17,9,8,9
IP172RA,45,23,22,18
IP172RD,19,9,10,6
IP172RE,10,6,4,4
IP172RF,5,3,2,1
IP172RG,11,4,7,5
IP172RH,8,5,3,3
IP172RJ,12,6,6,4
IP172RL,7,4,3,3
IP172RN,4,2,2,2
IP172RP,2,1,1,1
IP172RQ,7,6,1,1
IP172RR,10,4,6,4
IP172RS,3,1,2,2
IP172RW,3,2,1,2
IP172RX,7,3,4,4
IP173AA,4,3,1,4
IP173AB,3,2,1,1
IP173AD,11,5,6,6
IP173AE,5,2,3,4
IP173AF,5,2,3,3
IP173AG,5,3,2,2
IP173AH,12,7,5,8
IP173AL,16,7,9,9
IP173AN,14,5,9,6
IP173AP,2,1,1,1
IP173AQ,13,7,6,6
IP173AR,1,1,0,1
IP173AS,30,14,16,14
IP173AT,53,24,29,20
IP173AU,4,2,2,2
IP173AW,9,3,6,6
IP173AX,14,7,7,7
IP173AY,7,3,4,3
IP173AZ,32,14,18,17
IP173BA,4,2,2,2
IP173BB,2,1,1,1
IP173BD,22,13,9,10
IP173BE,14,7,7,8
IP173BJ,9,4,5,5
IP173BL,4,2,2,2
IP173BN,4,2,2,2
IP173BP,6,2,4,2
IP173BS,7,2,5,4
IP173BT,2,1,1,1
IP173BU,2,1,1,1
IP173BW,16,6,10,8
IP173BY,8,4,4,4
IP173BZ,8,5,3,3
IP173DA,4,2,2,1
IP173DB,2,1,1,1
IP173DD,1,0,1,1
IP173DE,4,2,2,2
IP173DF,3,2,1,2
IP173DG,1,1,0,1
IP173DJ,3,2,1,1
IP173DL,6,1,5,6
IP173DN,12,7,5,6
IP173DP,4,2,2,2
IP173DQ,14,7,7,8
IP173DR,3,2,1,3
IP173DS,3,2,1,2
IP173DT,8,5,3,4
IP173DU,10,6,4,6
IP173DW,14,6,8,8
IP173DX,3,1,2,2
IP173DZ,2,0,2,2
IP173EA,5,2,3,3
IP173EB,2,1,1,1
IP173ED,10,6,4,5
IP173EE,4,2,2,2
IP173EF,8,5,3,2
IP173EJ,38,18,20,23
IP173EL,4,2,2,2
IP173EP,28,12,16,14
IP173EQ,11,7,4,5
IP173ER,8,2,6,5
IP173ES,3,3,0,2
IP173ET,4,2,2,2
IP173EU,59,33,26,27
IP173EX,30,13,17,13
IP173EZ,9,4,5,5
IP173GZ,25,12,13,12
IP173HA,10,3,7,5
IP173HB,11,6,5,7
IP173HD,3,1,2,3
IP173HE,20,8,12,14
IP173HF,6,3,3,3
IP173HH,4,1,3,1
IP173HJ,2,1,1,1
IP173HL,16,7,9,7
IP173HN,9,4,5,5
IP173HP,23,13,10,11
IP173HQ,7,3,4,2
IP173HR,4,2,2,3
IP173HS,6,3,3,3
IP173HT,41,20,21,19
IP173HU,4,2,2,2
IP173HW,10,5,5,4
IP173HX,2,2,0,1
IP173HY,9,4,5,2
IP173HZ,3,2,1,2
IP173JA,53,26,27,18
IP173JB,47,24,23,19
IP173JD,3,1,2,2
IP173JE,4,3,1,3
IP173JF,9,6,3,3
IP173JG,3,1,2,2
IP173JH,2,0,2,2
IP173JJ,7,1,6,5
IP173JL,15,10,5,6
IP173JN,4,2,2,1
IP173JP,11,7,4,4
IP173JQ,14,5,9,9
IP173JR,15,8,7,6
IP173JS,58,31,27,21
IP173JU,65,31,34,31
IP173JW,2,1,1,1
IP173JZ,20,5,15,0
IP173LA,4,2,2,2
IP173LD,12,5,7,6
IP173LE,1,0,1,1
IP173LF,6,3,3,2
IP173LG,12,6,6,6
IP173LH,10,4,6,4
IP173LJ,8,4,4,4
IP173LL,2,2,0,1
IP173LN,20,9,11,13
IP173LP,4,2,2,2
IP173LR,3,2,1,2
IP173LS,2,1,1,1
IP173LT,6,3,3,3
IP173LU,7,4,3,3
IP173LW,8,4,4,5
IP173LX,2,0,2,2
IP173LY,8,4,4,4
IP173LZ,3,2,1,1
IP173NA,5,2,3,3
IP173NB,1,1,0,1
IP173ND,12,6,6,5
IP173NF,3,2,1,2
IP173NG,33,15,18,17
IP173NH,19,7,12,6
IP173NJ,16,7,9,7
IP173NL,3,1,2,2
IP173NN,7,3,4,4
IP173NP,10,5,5,5
IP173NQ,11,5,6,5
IP173NR,39,16,23,19
IP173NS,15,9,6,9
IP173NT,12,7,5,4
IP173NU,8,3,5,4
IP173NW,14,7,7,8
IP173NX,2,1,1,1
IP173NY,27,14,13,14
IP173NZ,6,3,3,3
IP173PA,25,10,15,12
IP173PH,31,17,14,11
IP173PL,2,2,0,2
IP173PN,8,3,5,3
IP173PP,5,2,3,3
IP173PR,6,3,3,3
IP173PS,4,2,2,2
IP173PT,5,2,3,3
IP173PU,10,6,4,5
IP173PW,3,1,2,2
IP173PX,1,0,1,1
IP173PY,19,8,11,11
IP173QA,57,27,30,32
IP173QB,5,3,2,3
IP173QD,48,12,36,5
IP173QE,12,7,5,7
IP173QF,17,11,6,7
IP173QG,1,1,0,1
IP173QH,7,3,4,2
IP173QL,12,7,5,6
IP173QN,5,3,2,3
IP173QP,10,6,4,5
IP173QQ,12,6,6,6
IP173QS,6,4,2,2
IP173QT,4,2,2,2
IP173QU,4,3,1,1
IP173QW,10,5,5,3
IP173QZ,2,1,1,1
IP173RB,5,2,3,3
IP173RD,3,2,1,1
IP173RE,4,2,2,1
IP173RG,7,3,4,3
IP173RH,2,1,1,2
IP173RJ,10,3,7,3
IP173RN,18,9,9,9
IP173RQ,1,0,1,1
IP186AB,7,3,4,4
IP186AD,6,2,4,2
IP186AE,13,7,6,6
IP186AF,3,1,2,2
IP186AG,6,3,3,5
IP186AH,12,6,6,5
IP186AJ,33,7,26,15
IP186AL,8,4,4,4
IP186AN,12,5,7,8
IP186AP,9,4,5,5
IP186AQ,6,3,3,3
IP186AR,10,5,5,5
IP186AS,8,3,5,6
IP186AT,12,5,7,8
IP186AU,7,3,4,6
IP186AX,21,11,10,10
IP186AY,8,4,4,7
IP186AZ,16,9,7,9
IP186BA,2,2,0,1
IP186BF,2,1,1,1
IP186BG,56,26,30,27
IP186BH,17,8,9,8
IP186BJ,2,2,0,2
IP186BL,20,9,11,13
IP186BP,23,11,12,14
IP186BQ,25,12,13,15
IP186BS,45,22,23,22
IP186BT,1,1,0,1
IP186BU,44,15,29,27
IP186BW,3,1,2,2
IP186BX,19,7,12,13
IP186BY,7,3,4,3
IP186BZ,31,15,16,17
IP186DA,4,2,2,3
IP186DB,10,5,5,6
IP186DD,10,2,8,8
IP186DE,26,5,21,18
IP186DJ,4,2,2,2
IP186DL,4,1,3,3
IP186DN,4,2,2,3
IP186DP,2,1,1,1
IP186DS,1,0,1,1
IP186DX,3,2,1,2
IP186DZ,1,0,1,1
IP186ED,1,1,0,1
IP186EE,2,1,1,1
IP186EH,8,2,6,7
IP186EJ,6,4,2,2
IP186EL,1,0,1,1
IP186EN,4,1,3,3
IP186EP,9,5,4,7
IP186EQ,2,1,1,1
IP186ER,2,1,1,1
IP186ES,2,1,1,1
IP186ET,9,5,4,4
IP186EU,2,1,1,1
IP186EW,7,4,3,4
IP186EX,2,0,2,2
IP186EY,5,2,3,3
IP186EZ,3,1,2,3
IP186GB,3,1,2,2
IP186GH,5,3,2,3
IP186GL,9,3,6,5
IP186GZ,6,3,3,3
IP186HB,6,3,3,5
IP186HD,3,1,2,2
IP186HE,1,1,0,1
IP186HF,6,1,5,4
IP186HG,1,1,0,1
IP186HJ,6,3,3,3
IP186HL,16,5,11,12
IP186HN,15,7,8,6
IP186HP,2,1,1,2
IP186HQ,9,3,6,6
IP186HR,4,2,2,3
IP186HS,6,1,5,5
IP186HT,23,9,14,11
IP186HW,9,2,7,6
IP186HX,1,1,0,1
IP186HY,2,1,1,1
IP186HZ,10,3,7,8
IP186JA,16,6,10,10
IP186JB,9,4,5,6
IP186JE,6,3,3,2
IP186JF,12,6,6,7
IP186JG,14,5,9,9
IP186JH,6,3,3,4
IP186JJ,8,4,4,4
IP186JL,18,7,11,13
IP186JN,8,5,3,5
IP186JP,4,1,3,3
IP186JQ,19,10,9,13
IP186JR,2,1,1,1
IP186JT,4,1,3,3
IP186JZ,34,12,22,14
IP186LA,14,6,8,8
IP186LB,30,14,16,17
IP186LD,29,14,15,15
IP186LE,8,3,5,4
IP186LF,1,1,0,1
IP186LG,8,3,5,5
IP186LJ,8,3,5,5
IP186LL,7,2,5,4
IP186LN,8,5,3,5
IP186LP,9,4,5,5
IP186LQ,35,17,18,21
IP186LR,24,11,13,13
IP186LS,16,5,11,14
IP186LT,18,8,10,10
IP186LU,1,0,1,1
IP186LW,1,1,0,1
IP186LX,6,2,4,5
IP186LY,4,0,4,3
IP186NB,2,1,1,2
IP186NF,6,2,4,4
IP186NG,4,2,2,4
IP186NH,33,16,17,14
IP186NJ,9,4,5,4
IP186NL,28,14,14,15
IP186NN,4,2,2,2
IP186NP,24,12,12,11
IP186NQ,27,10,17,13
IP186NR,41,20,21,16
IP186NS,12,4,8,7
IP186NT,51,26,25,23
IP186NU,3,1,2,1
IP186NW,17,6,11,9
IP186NX,20,10,10,7
IP186NY,5,3,2,4
IP186NZ,31,14,17,13
IP186PA,42,16,26,34
IP186PB,7,4,3,4
IP186PD,21,7,14,14
IP186PE,20,9,11,10
IP186PF,9,7,2,4
IP186PG,32,17,15,11
IP186PH,23,13,10,10
IP186PJ,28,14,14,9
IP186PN,68,31,37,41
IP186PP,19,9,10,10
IP186PQ,160,80,80,57
IP186PR,33,18,15,12
IP186PS,5,2,3,3
IP186PT,10,4,6,6
IP186PU,28,11,17,13
IP186PW,3,2,1,1
IP186PX,21,8,13,10
IP186PY,52,25,27,22
IP186PZ,12,5,7,4
IP186QA,23,10,13,11
IP186QB,61,26,35,33
IP186QD,12,6,6,6
IP186QE,18,8,10,9
IP186QF,3,2,1,2
IP186QG,25,13,12,15
IP186QH,11,6,5,5
IP186QJ,14,5,9,9
IP186QL,6,4,2,2
IP186QN,10,4,6,5
IP186QP,73,34,39,31
IP186QQ,16,10,6,10
IP186QR,28,14,14,10
IP186QS,15,10,5,6
IP186QT,1,0,1,1
IP186QU,5,1,4,4
IP186QW,15,5,10,8
IP186QX,98,52,46,37
IP186QY,16,9,7,9
IP186QZ,16,7,9,9
IP186RA,11,5,6,6
IP186RB,5,1,4,3
IP186RD,33,8,25,4
IP186RE,41,18,23,24
IP186RF,31,15,16,14
IP186RG,36,11,25,18
IP186RH,18,9,9,9
IP186RJ,20,6,14,15
IP186RL,37,18,19,18
IP186RN,10,5,5,4
IP186RP,9,4,5,4
IP186RQ,2,1,1,1
IP186RR,28,14,14,13
IP186RS,13,6,7,8
IP186RT,43,22,21,20
IP186RU,44,22,22,15
IP186RW,18,8,10,8
IP186RY,24,9,15,19
IP186SB,7,3,4,2
IP186SD,88,46,42,10
IP186SF,2,1,1,1
IP186SG,5,4,1,3
IP186SJ,10,4,6,5
IP186SL,8,4,4,5
IP186SN,6,2,4,2
IP186SP,26,11,15,11
IP186SQ,3,1,2,2
IP186SR,14,6,8,5
IP186SS,5,2,3,2
IP186ST,7,3,4,4
IP186SU,5,1,4,3
IP186SW,9,3,6,5
IP186SX,1,1,0,1
IP186TA,4,2,2,2
IP186TD,3,0,3,3
IP186TE,8,4,4,3
IP186TF,5,2,3,2
IP186TG,16,5,11,11
IP186TH,4,2,2,2
IP186TL,6,2,4,4
IP186TN,7,3,4,3
IP186TP,4,1,3,3
IP186TQ,6,3,3,2
IP186TR,5,2,3,4
IP186TS,12,5,7,6
IP186TT,2,0,2,2
IP186TU,8,5,3,5
IP186TW,7,4,3,4
IP186TX,13,6,7,6
IP186TZ,6,2,4,3
IP186UA,4,1,3,2
IP186UB,12,5,7,6
IP186UD,21,9,12,12
IP186UE,8,3,5,5
IP186UF,11,4,7,4
IP186UG,10,3,7,7
IP186UH,15,7,8,7
IP186UJ,18,8,10,10
IP186UL,13,7,6,7
IP186UN,11,5,6,5
IP186UP,15,6,9,9
IP186UQ,25,11,14,15
IP186UR,39,19,20,16
IP186UT,1,1,0,1
IP186UW,6,4,2,2
IP186UX,13,4,9,9
IP186UY,6,2,4,4
IP186UZ,35,17,18,17
IP186WF,9,5,4,4
IP186WG,72,34,38,23
IP186XA,27,9,18,15
IP186XB,15,8,7,8
IP186XD,2,1,1,1
IP186XE,27,13,14,7
IP186XF,27,12,15,13
IP186XH,14,6,8,8
IP186XJ,6,3,3,4
IP186XL,83,42,41,43
IP186XN,22,12,10,12
IP186XW,28,12,16,14
IP186YA,12,6,6,6
IP186YB,53,29,24,27
IP186YD,12,6,6,7
IP186YE,36,17,19,18
IP186YF,25,11,14,10
IP186YS,53,24,29,27
IP190AA,10,4,6,3
IP190AB,1,1,0,1
IP190AD,5,3,2,2
IP190AE,43,25,18,19
IP190AG,2,1,1,1
IP190AJ,1,0,1,1
IP190AL,4,2,2,1
IP190AN,5,2,3,2
IP190AP,10,4,6,4
IP190AQ,17,8,9,7
IP190AR,15,7,8,8
IP190AS,2,1,1,1
IP190AT,6,3,3,3
IP190AU,7,4,3,4
IP190AW,5,3,2,2
IP190AX,5,2,3,2
IP190AY,1,0,1,1
IP190AZ,12,4,8,6
IP190BA,5,3,2,3
IP190BB,57,29,28,24
IP190BE,5,4,1,3
IP190BG,8,4,4,2
IP190BL,15,7,8,9
IP190BN,14,7,7,7
IP190BP,5,3,2,2
IP190BS,19,10,9,8
IP190BT,5,1,4,1
IP190BU,16,8,8,6
IP190BW,5,1,4,1
IP190BX,3,1,2,1
IP190BY,10,7,3,3
IP190BZ,3,2,1,1
IP190DA,2,0,2,1
IP190DB,2,0,2,1
IP190DD,2,1,1,1
IP190DE,2,1,1,1
IP190DF,4,1,3,1
IP190DH,28,13,15,10
IP190DJ,20,8,12,11
IP190DL,19,8,11,8
IP190DN,9,5,4,4
IP190DP,8,5,3,3
IP190DR,12,8,4,5
IP190DS,11,7,4,4
IP190DT,24,12,12,8
IP190DU,9,5,4,4
IP190DW,3,2,1,2
IP190DZ,6,2,4,2
IP190EA,28,11,17,10
IP190EB,1,1,0,1
IP190EE,4,2,2,2
IP190EF,3,1,2,1
IP190EG,13,6,7,3
IP190EJ,7,2,5,4
IP190EL,15,6,9,5
IP190EP,25,12,13,12
IP190ER,2,1,1,1
IP190ES,5,3,2,3
IP190ET,6,3,3,3
IP190EU,3,2,1,1
IP190EX,5,3,2,2
IP190EY,21,8,13,9
IP190EZ,2,0,2,1
IP190HA,11,5,6,4
IP190HB,26,15,11,11
IP190HD,4,2,2,2
IP190HE,4,2,2,1
IP190HF,9,5,4,3
IP190HG,8,4,4,5
IP190HH,13,6,7,5
IP190HJ,9,4,5,3
IP190HL,19,10,9,8
IP190HN,21,12,9,10
IP190HP,41,16,25,14
IP190HQ,5,3,2,2
IP190HR,15,7,8,5
IP190HS,12,6,6,7
IP190HT,26,14,12,8
IP190HU,9,4,5,3
IP190HW,2,1,1,1
IP190HX,13,8,5,6
IP190HY,5,3,2,1
IP190HZ,4,3,1,1
IP190JA,6,3,3,6
IP190JD,46,26,20,17
IP190JE,34,15,19,17
IP190JF,4,1,3,2
IP190JG,25,11,14,10
IP190JH,26,10,16,12
IP190JJ,6,3,3,3
IP190JN,4,2,2,2
IP190JP,4,2,2,3
IP190JQ,27,14,13,8
IP190JR,7,3,4,4
IP190JT,14,8,6,7
IP190JU,20,13,7,7
IP190JW,1,1,0,1
IP190JX,26,13,13,11
IP190JY,33,16,17,12
IP190LA,11,5,6,5
IP190LB,26,13,13,14
IP190LD,3,2,1,2
IP190LE,19,10,9,8
IP190LF,2,1,1,1
IP190LG,3,1,2,2
IP190LH,5,2,3,2
IP190LJ,6,4,2,2
IP190LL,6,4,2,2
IP190LN,10,5,5,4
IP190LP,4,2,2,2
IP190LQ,4,2,2,2
IP190LR,6,3,3,2
IP190LS,3,1,2,2
IP190LT,13,7,6,5
IP190LU,6,2,4,3
IP190LW,19,9,10,7
IP190LX,20,9,11,10
IP190LY,1,1,0,1
IP190NA,3,1,2,2
IP190NB,36,21,15,16
IP190ND,5,0,5,2
IP190NE,7,5,2,1
IP190NF,12,6,6,5
IP190NG,4,2,2,1
IP190NH,4,2,2,1
IP190NJ,22,10,12,10
IP190NL,14,7,7,4
IP190NN,44,23,21,18
IP190NQ,4,1,3,3
IP190NR,12,8,4,5
IP190NS,26,13,13,11
IP190NT,7,3,4,2
IP190NU,6,3,3,3
IP190NW,11,6,5,3
IP190NX,18,9,9,6
IP190NY,12,6,6,3
IP190NZ,21,10,11,9
IP190PA,16,7,9,6
IP190PB,7,3,4,3
IP190PD,11,4,7,3
IP190PE,16,8,8,10
IP190PH,7,4,3,3
IP190PJ,2,1,1,1
IP190PL,9,4,5,3
IP190PN,2,1,1,2
IP190PP,1,1,0,1
IP190PR,7,2,5,5
IP190PS,6,3,3,4
IP190PT,37,20,17,16
IP190PU,20,7,13,8
IP190PW,8,4,4,3
IP190PX,8,3,5,2
IP190PY,9,5,4,4
IP190PZ,10,6,4,4
IP190QB,12,5,7,6
IP190QD,10,5,5,5
IP190QE,2,1,1,1
IP190QF,2,1,1,1
IP190QG,11,6,5,5
IP190QH,15,8,7,5
IP190QJ,32,18,14,18
IP190QL,6,2,4,4
IP190QN,16,7,9,7
IP190QP,33,15,18,12
IP190QQ,20,11,9,6
IP190QR,20,12,8,6
IP190QW,4,3,1,2
IP190RA,19,10,9,10
IP190RB,11,7,4,6
IP190RD,22,11,11,13
IP190RE,3,1,2,2
IP190RF,16,9,7,6
IP190RG,5,3,2,3
IP190RH,13,6,7,4
IP190RJ,13,8,5,6
IP190RL,23,12,11,11
IP190RN,39,19,20,19
IP190RP,3,1,2,2
IP190RQ,11,7,4,5
IP190RR,8,4,4,4
IP190RS,14,8,6,4
IP190RT,2,1,1,1
IP190RU,5,3,2,2
IP190RW,32,16,16,13
IP198AB,15,10,5,12
IP198AD,7,5,2,5
IP198AE,7,3,4,5
IP198AF,6,3,3,3
IP198AH,18,7,11,13
IP198AN,20,5,15,16
IP198AP,2,0,2,2
IP198AQ,10,6,4,6
IP198AR,23,13,10,17
IP198AW,7,1,6,7
IP198AY,4,3,1,3
IP198BA,17,10,7,9
IP198BD,16,7,9,10
IP198BE,57,24,33,37
IP198BF,14,6,8,5
IP198BJ,75,38,37,38
IP198BL,2,1,1,1
IP198BN,5,2,3,4
IP198BP,1,0,1,1
IP198BQ,64,23,41,17
IP198BS,25,11,14,13
IP198BT,43,19,24,22
IP198BW,16,8,8,8
IP198BX,12,6,6,7
IP198BY,17,10,7,9
IP198BZ,31,12,19,18
IP198DA,32,13,19,12
IP198DB,45,20,25,24
IP198DG,5,2,3,3
IP198DH,4,2,2,1
IP198DJ,12,4,8,8
IP198DL,52,23,29,22
IP198DN,74,39,35,30
IP198DP,29,11,18,16
IP198DR,100,47,53,49
IP198DS,58,24,34,33
IP198DT,16,6,10,10
IP198DU,10,5,5,4
IP198DW,7,2,5,5
IP198DX,34,15,19,12
IP198DY,32,13,19,14
IP198DZ,40,22,18,13
IP198EA,75,35,40,30
IP198EB,55,29,26,23
IP198ED,74,40,34,35
IP198EE,107,49,58,46
IP198EF,63,32,31,26
IP198EG,33,16,17,14
IP198EH,23,10,13,14
IP198EJ,89,42,47,45
IP198EL,36,18,18,21
IP198EP,6,1,5,6
IP198EQ,67,31,36,32
IP198ER,10,3,7,7
IP198ES,35,20,15,15
IP198ET,31,17,14,14
IP198EX,42,24,18,31
IP198EY,19,8,11,12
IP198EZ,36,14,22,18
IP198GY,12,6,6,6
IP198HA,19,8,11,9
IP198HB,6,3,3,3
IP198HD,4,2,2,2
IP198HE,3,2,1,1
IP198HF,55,26,29,26
IP198HG,50,21,29,23
IP198HH,4,1,3,3
IP198HL,13,4,9,9
IP198HN,13,9,4,5
IP198HQ,38,22,16,21
IP198HR,7,3,4,3
IP198HS,43,22,21,22
IP198HT,2,2,0,1
IP198HU,2,1,1,1
IP198HW,70,35,35,26
IP198HX,3,2,1,2
IP198HY,4,2,2,2
IP198HZ,7,3,4,2
IP198JA,23,10,13,7
IP198JB,96,44,52,38
IP198JD,51,23,28,17
IP198JE,12,6,6,4
IP198JF,72,45,27,32
IP198JG,10,5,5,6
IP198JH,27,12,15,10
IP198JJ,56,29,27,26
IP198JL,65,33,32,34
IP198JN,52,29,23,17
IP198JP,10,5,5,3
IP198JQ,81,42,39,29
IP198JR,4,2,2,1
IP198JS,18,7,11,10
IP198JT,114,59,55,50
IP198JU,7,5,2,3
IP198JW,65,28,37,25
IP198JX,46,25,21,20
IP198JY,9,2,7,6
IP198JZ,22,8,14,10
IP198LA,54,25,29,24
IP198LB,16,8,8,6
IP198LD,23,10,13,12
IP198LE,9,7,2,4
IP198LH,6,1,5,5
IP198LJ,12,6,6,6
IP198LL,9,3,6,7
IP198LP,31,7,24,0
IP198LQ,2,2,0,2
IP198LR,67,34,33,24
IP198LS,55,20,35,29
IP198LT,35,14,21,29
IP198LW,32,13,19,15
IP198LX,177,85,92,66
IP198LY,7,4,3,3
IP198LZ,7,4,3,3
IP198NA,62,30,32,30
IP198NB,45,21,24,16
IP198ND,66,32,34,35
IP198NE,7,4,3,3
IP198NF,32,14,18,18
IP198NG,6,3,3,3
IP198NH,24,12,12,11
IP198NL,3,2,1,1
IP198NN,7,4,3,2
IP198NP,6,3,3,2
IP198NQ,17,10,7,7
IP198NR,4,2,2,2
IP198NS,8,3,5,3
IP198NT,3,2,1,2
IP198NU,13,7,6,5
IP198NW,8,4,4,3
IP198NX,3,2,1,1
IP198NY,5,2,3,3
IP198NZ,2,1,1,1
IP198PA,7,3,4,3
IP198PB,63,31,32,29
IP198PD,7,2,5,3
IP198PE,9,3,6,4
IP198PF,6,2,4,2
IP198PG,61,27,34,31
IP198PH,12,5,7,7
IP198PJ,9,3,6,5
IP198PL,56,26,30,24
IP198PN,29,13,16,16
IP198PP,17,8,9,9
IP198PR,1,0,1,1
IP198PS,8,5,3,5
IP198PT,42,21,21,20
IP198PU,16,5,11,8
IP198PW,28,13,15,10
IP198PX,20,9,11,9
IP198PY,3,2,1,2
IP198PZ,32,14,18,13
IP198QA,11,6,5,5
IP198QB,3,2,1,1
IP198QD,4,2,2,1
IP198QE,6,3,3,3
IP198QF,3,1,2,2
IP198QJ,18,6,12,7
IP198QL,3,2,1,1
IP198QN,5,3,2,1
IP198QP,26,14,12,10
IP198QQ,6,3,3,3
IP198QS,4,2,2,2
IP198QT,4,2,2,1
IP198QU,15,9,6,6
IP198QW,13,7,6,6
IP198QX,8,4,4,2
IP198QY,2,1,1,1
IP198QZ,10,4,6,4
IP198RA,15,9,6,7
IP198RD,63,29,34,26
IP198RE,27,14,13,14
IP198RF,39,20,19,15
IP198RG,10,5,5,7
IP198RH,36,20,16,14
IP198RJ,10,5,5,6
IP198RL,5,4,1,1
IP198RN,2,1,1,1
IP198RP,61,31,30,24
IP198RQ,58,33,25,25
IP198RR,71,39,32,33
IP198RS,28,15,13,11
IP198RT,15,5,10,9
IP198RU,15,7,8,6
IP198RW,2,1,1,1
IP198RY,11,5,6,6
IP198RZ,7,3,4,4
IP198SA,122,59,63,57
IP198SB,67,30,37,50
IP198SD,23,11,12,10
IP198SE,47,18,29,24
IP198SH,28,11,17,20
IP198SJ,54,25,29,29
IP198SL,47,25,22,13
IP198SP,19,8,11,17
IP198SR,38,19,19,14
IP198SS,28,13,15,20
IP198SW,5,4,1,3
IP198SY,21,9,12,11
IP198TB,51,24,27,28
IP198TF,4,2,2,2
IP198TG,18,7,11,12
IP198TH,8,4,4,5
IP198TJ,48,22,26,20
IP198TL,98,46,52,58
IP198TN,28,16,12,14
IP198TP,38,19,19,20
IP198TQ,41,17,24,25
IP198TR,47,20,27,26
IP198TT,15,6,9,8
IP198TU,19,9,10,10
IP198TW,42,20,22,22
IP199AA,15,9,6,6
IP199AB,76,57,19,12
IP199AD,13,7,6,4
IP199AE,4,2,2,1
IP199AF,5,3,2,2
IP199AG,13,6,7,5
IP199AH,3,1,2,2
IP199AJ,6,4,2,2
IP199AN,16,5,11,6
IP199AP,22,14,8,10
IP199AQ,7,2,5,2
IP199AR,9,4,5,3
IP199AS,10,5,5,6
IP199AT,8,4,4,4
IP199AU,19,9,10,7
IP199AX,10,5,5,5
IP199AZ,49,27,22,21
IP199BA,7,3,4,4
IP199BB,1,0,1,1
IP199BD,2,1,1,1
IP199BE,15,7,8,5
IP199BF,7,4,3,3
IP199BG,37,21,16,16
IP199BH,2,1,1,1
IP199BJ,9,5,4,3
IP199BL,22,9,13,10
IP199BN,10,5,5,5
IP199BP,2,1,1,1
IP199BQ,23,13,10,11
IP199BS,23,13,10,12
IP199BT,7,2,5,4
IP199BU,13,5,8,7
IP199BW,9,5,4,4
IP199BX,7,3,4,2
IP199BY,8,3,5,3
IP199DA,4,2,2,3
IP199DB,5,3,2,2
IP199DD,10,5,5,3
IP199DE,12,5,7,5
IP199DF,9,6,3,4
IP199DG,6,2,4,2
IP199DH,8,4,4,4
IP199DJ,10,6,4,5
IP199DP,22,10,12,13
IP199DQ,2,1,1,1
IP199DR,8,4,4,4
IP199DS,19,9,10,11
IP199DT,14,6,8,7
IP199DU,21,9,12,7
IP199DX,10,5,5,3
IP199DY,27,14,13,15
IP199DZ,23,13,10,13
IP199EA,12,6,6,5
IP199EB,3,1,2,2
IP199ED,3,1,2,2
IP199EE,7,3,4,5
IP199EF,11,5,6,8
IP199EG,6,3,3,4
IP199EH,70,32,38,37
IP199EJ,37,18,19,21
IP199EL,15,6,9,5
IP199EN,1,1,0,1
IP199EP,51,24,27,22
IP199EQ,17,8,9,7
IP199ER,6,3,3,2
IP199ES,2,1,1,1
IP199ET,17,9,8,7
IP199EU,20,11,9,8
IP199EW,27,13,14,12
IP199EX,3,2,1,2
IP199EY,4,2,2,2
IP199EZ,12,6,6,7
IP199HA,21,12,9,11
IP199HB,9,4,5,5
IP199HD,38,17,21,17
IP199HE,13,5,8,5
IP199HF,9,3,6,5
IP199HH,26,10,16,8
IP199HJ,13,8,5,5
IP199HL,3,1,2,1
IP199HN,5,3,2,3
IP199HP,11,6,5,5
IP199HR,32,17,15,14
IP199HS,8,4,4,3
IP199HT,70,36,34,31
IP199HU,5,3,2,4
IP199HW,7,4,3,3
IP199HY,2,1,1,1
IP199HZ,14,7,7,6
IP199JA,6,2,4,4
IP199JB,60,27,33,27
IP199JD,13,7,6,6
IP199JF,14,8,6,5
IP199JG,9,5,4,2
IP199JH,10,4,6,5
IP199JJ,11,6,5,4
IP199JL,8,3,5,4
IP199JP,4,1,3,1
IP199JQ,12,7,5,6
IP199JR,36,22,14,14
IP199JS,4,2,2,2
IP199JT,2,1,1,1
IP199JU,34,16,18,16
IP199JX,9,3,6,5
IP199JY,2,1,1,1
IP199JZ,5,3,2,1
IP199LA,5,2,3,3
IP199LB,12,7,5,7
IP199LD,7,5,2,2
IP199LG,4,2,2,2
IP199LH,2,1,1,1
IP199LL,5,3,2,3
IP199LN,6,3,3,3
IP199LP,16,6,10,6
IP199LQ,9,6,3,4
IP199LR,12,5,7,5
IP199LS,12,8,4,7
IP199LT,32,14,18,16
IP199LU,7,4,3,5
IP199LW,14,5,9,6
IP199LX,51,23,28,22
IP199LY,28,15,13,10
IP199LZ,2,1,1,1
IP199NA,6,3,3,2
IP199NB,6,3,3,3
IP199NE,2,1,1,1
IP199NF,3,2,1,2
IP199NG,1,1,0,1
IP199NH,37,17,20,11
IP199NJ,8,4,4,4
IP199NT,18,8,10,8
IP2 0AB,48,23,25,26
IP2 0AD,74,39,35,34
IP2 0AF,72,32,40,26
IP2 0AH,51,26,25,18
IP2 0AR,110,61,49,70
IP2 0AT,36,15,21,9
IP2 0AU,2,0,2,2
IP2 0AX,42,23,19,12
IP2 0AY,20,9,11,12
IP2 0AZ,5,3,2,3
IP2 0BG,34,12,22,16
IP2 0BH,4,2,2,2
IP2 0BP,29,16,13,0
IP2 0BS,2,1,1,1
IP2 0BT,37,19,18,15
IP2 0BU,10,4,6,4
IP2 0DA,23,10,13,12
IP2 0DB,19,11,8,6
IP2 0DE,25,15,10,12
IP2 0DF,31,16,15,15
IP2 0DG,110,43,67,25
IP2 0DH,21,14,7,8
IP2 0DL,41,20,21,20
IP2 0DP,10,6,4,6
IP2 0DR,15,9,6,7
IP2 0DS,42,19,23,18
IP2 0DT,12,5,7,6
IP2 0DU,23,8,15,8
IP2 0EA,14,6,8,5
IP2 0EB,5,4,1,1
IP2 0ED,82,46,36,42
IP2 0EE,11,5,6,5
IP2 0EH,118,60,58,61
IP2 0EJ,83,48,35,49
IP2 0EL,100,56,44,66
IP2 0EN,165,80,85,51
IP2 0EP,44,25,19,16
IP2 0ER,64,31,33,26
IP2 0ES,86,42,44,51
IP2 0ET,116,74,42,70
IP2 0HH,26,12,14,11
IP2 0JH,84,45,39,35
IP2 0JJ,33,12,21,12
IP2 0JL,28,14,14,12
IP2 0JN,47,26,21,18
IP2 0JP,112,57,55,39
IP2 0JR,59,25,34,24
IP2 0JS,83,41,42,30
IP2 0JT,79,40,39,32
IP2 0JU,100,43,57,36
IP2 0JW,103,51,52,35
IP2 0JX,126,53,73,48
IP2 0JZ,18,11,7,11
IP2 0LA,49,28,21,30
IP2 0LB,118,59,59,47
IP2 0LD,120,58,62,47
IP2 0LF,16,5,11,10
IP2 0LG,7,3,4,5
IP2 0LH,32,16,16,10
IP2 0LJ,56,26,30,19
IP2 0LL,31,16,15,12
IP2 0LN,77,34,43,32
IP2 0LP,72,34,38,23
IP2 0LQ,86,44,42,30
IP2 0LR,22,10,12,8
IP2 0LS,67,33,34,36
IP2 0LT,16,9,7,7
IP2 0LU,67,35,32,22
IP2 0LX,17,8,9,8
IP2 0LZ,71,32,39,25
IP2 0NA,169,86,83,72
IP2 0NB,53,29,24,19
IP2 0ND,12,8,4,4
IP2 0NE,82,37,45,24
IP2 0NF,131,65,66,36
IP2 0NG,130,62,68,46
IP2 0NH,14,7,7,7
IP2 0NJ,28,14,14,13
IP2 0NL,5,2,3,2
IP2 0NN,80,38,42,30
IP2 0NP,30,14,16,12
IP2 0NQ,110,50,60,38
IP2 0NR,2,1,1,2
IP2 0NS,85,42,43,27
IP2 0NT,6,4,2,2
IP2 0NU,33,16,17,18
IP2 0NW,79,32,47,34
IP2 0NX,108,53,55,41
IP2 0NY,32,19,13,9
IP2 0NZ,74,34,40,34
IP2 0PA,12,7,5,7
IP2 0PB,74,33,41,33
IP2 0PD,76,36,40,44
IP2 0PE,51,21,30,21
IP2 0PF,25,11,14,10
IP2 0PG,58,25,33,21
IP2 0PH,15,7,8,6
IP2 0PJ,6,2,4,4
IP2 0PL,87,45,42,30
IP2 0PN,23,10,13,14
IP2 0PP,43,27,16,18
IP2 0PQ,53,29,24,18
IP2 0PR,16,7,9,9
IP2 0PS,73,41,32,22
IP2 0PT,36,15,21,12
IP2 0PU,18,11,7,8
IP2 0PW,50,26,24,18
IP2 0PX,19,7,12,10
IP2 0PY,24,11,13,8
IP2 0PZ,105,51,54,55
IP2 0QA,26,15,11,7
IP2 0QB,34,15,19,13
IP2 0QD,41,21,20,13
IP2 0QE,44,20,24,26
IP2 0QF,48,23,25,17
IP2 0QG,58,27,31,20
IP2 0QH,95,41,54,42
IP2 0QJ,79,40,39,44
IP2 0QL,16,7,9,7
IP2 0QN,78,31,47,29
IP2 0QP,22,13,9,14
IP2 0QQ,3,2,1,2
IP2 0QW,29,13,16,13
IP2 0QX,10,5,5,3
IP2 0QY,6,4,2,3
IP2 0QZ,54,27,27,24
IP2 0RA,28,11,17,13
IP2 0RB,41,24,17,16
IP2 0RD,36,18,18,13
IP2 0RG,36,17,19,10
IP2 0RH,30,15,15,13
IP2 0RJ,31,15,16,12
IP2 0RL,34,17,17,13
IP2 0RN,84,40,44,36
IP2 0RP,44,16,28,18
IP2 0RQ,130,58,72,47
IP2 0RR,64,34,30,24
IP2 0RS,88,40,48,37
IP2 0RT,52,26,26,23
IP2 0RU,113,54,59,49
IP2 0RW,64,31,33,28
IP2 0RX,52,27,25,19
IP2 0RY,28,13,15,12
IP2 0RZ,31,14,17,13
IP2 0SA,115,58,57,46
IP2 0SB,79,42,37,36
IP2 0SE,40,21,19,15
IP2 0SF,93,38,55,57
IP2 0SG,20,9,11,9
IP2 0SH,39,21,18,15
IP2 0SJ,94,45,49,41
IP2 0SN,53,23,30,30
IP2 0SQ,4,3,1,1
IP2 0SS,34,19,15,11
IP2 0ST,16,7,9,8
IP2 0SU,22,9,13,14
IP2 0SW,42,18,24,23
IP2 0SX,29,12,17,16
IP2 0SY,24,8,16,13
IP2 0SZ,11,5,6,7
IP2 0TA,17,8,9,11
IP2 0TB,7,4,3,2
IP2 0TD,63,30,33,28
IP2 0TE,37,17,20,16
IP2 0TF,84,40,44,36
IP2 0TG,97,41,56,50
IP2 0TH,28,15,13,12
IP2 0TJ,22,10,12,12
IP2 0TL,40,16,24,15
IP2 0TN,134,65,69,52
IP2 0TP,79,39,40,31
IP2 0TR,15,8,7,8
IP2 0TS,49,24,25,20
IP2 0TT,34,19,15,13
IP2 0TU,39,18,21,16
IP2 0TW,15,5,10,9
IP2 0TX,29,18,11,10
IP2 0TY,91,44,47,37
IP2 0TZ,44,19,25,18
IP2 0UD,3,2,1,2
IP2 0XA,41,21,20,19
IP2 0XB,58,26,32,24
IP2 0XD,21,11,10,9
IP2 0XE,45,23,22,21
IP2 0XF,70,33,37,28
IP2 0XG,30,16,14,11
IP2 0XQ,39,15,24,17
IP2 8AA,23,9,14,6
IP2 8AB,97,49,48,53
IP2 8AD,87,52,35,69
IP2 8AH,48,23,25,36
IP2 8AP,69,40,29,45
IP2 8AR,16,7,9,9
IP2 8AS,1,1,0,1
IP2 8AT,22,13,9,20
IP2 8AU,21,7,14,13
IP2 8AW,6,4,2,3
IP2 8AX,21,14,7,8
IP2 8AY,29,18,11,14
IP2 8AZ,8,4,4,5
IP2 8BA,5,3,2,4
IP2 8BB,28,17,11,6
IP2 8BD,29,14,15,13
IP2 8BE,15,9,6,3
IP2 8BG,4,2,2,2
IP2 8BH,37,20,17,14
IP2 8BJ,78,37,41,38
IP2 8BL,19,7,12,10
IP2 8BN,19,9,10,9
IP2 8BQ,95,47,48,41
IP2 8BW,6,3,3,1
IP2 8BX,31,20,11,26
IP2 8BZ,17,12,5,13
IP2 8DA,1,0,1,1
IP2 8DB,8,4,4,8
IP2 8DD,37,28,9,33
IP2 8DE,29,18,11,25
IP2 8DF,81,46,35,45
IP2 8DG,34,14,20,14
IP2 8DH,21,12,9,12
IP2 8DJ,5,2,3,2
IP2 8DL,45,24,21,22
IP2 8DN,71,37,34,34
IP2 8DP,47,26,21,27
IP2 8DQ,84,42,42,40
IP2 8DR,53,26,27,22
IP2 8DS,79,36,43,40
IP2 8DT,20,13,7,14
IP2 8DU,68,39,29,26
IP2 8DW,1,1,0,1
IP2 8DX,25,13,12,8
IP2 8DY,44,23,21,13
IP2 8DZ,38,19,19,10
IP2 8EA,40,25,15,25
IP2 8EB,58,29,29,27
IP2 8EE,17,7,10,9
IP2 8EF,81,42,39,41
IP2 8EG,13,7,6,8
IP2 8EH,58,25,33,33
IP2 8EJ,50,23,27,17
IP2 8EN,63,25,38,29
IP2 8EP,18,14,4,14
IP2 8EQ,122,57,65,53
IP2 8ET,5,2,3,3
IP2 8EU,44,25,19,33
IP2 8EW,43,26,17,28
IP2 8EX,1,0,1,1
IP2 8EZ,39,24,15,16
IP2 8FB,2,2,0,2
IP2 8GA,23,12,11,12
IP2 8GR,85,39,46,36
IP2 8GS,84,41,43,35
IP2 8GT,25,15,10,14
IP2 8GU,17,9,8,6
IP2 8GW,38,23,15,24
IP2 8GX,72,34,38,38
IP2 8GY,18,9,9,12
IP2 8HA,91,46,45,41
IP2 8HD,12,5,7,4
IP2 8HE,9,6,3,8
IP2 8HF,31,22,9,14
IP2 8HH,52,28,24,26
IP2 8HJ,37,19,18,18
IP2 8HN,4,2,2,2
IP2 8HW,5,2,3,2
IP2 8HX,24,12,12,10
IP2 8HY,23,16,7,14
IP2 8HZ,42,21,21,20
IP2 8JB,81,55,26,53
IP2 8JD,40,30,10,34
IP2 8JF,2,1,1,1
IP2 8JG,15,8,7,5
IP2 8JH,57,32,25,20
IP2 8JJ,18,12,6,7
IP2 8JL,23,12,11,6
IP2 8JP,46,26,20,19
IP2 8JQ,8,3,5,4
IP2 8JR,91,49,42,51
IP2 8JS,92,44,48,48
IP2 8JT,20,8,12,11
IP2 8JU,102,67,35,31
IP2 8JW,20,11,9,8
IP2 8JX,3,3,0,1
IP2 8JY,95,50,45,45
IP2 8JZ,33,16,17,18
IP2 8LA,42,23,19,20
IP2 8LB,17,9,8,7
IP2 8LD,76,36,40,28
IP2 8LE,75,34,41,30
IP2 8LF,41,23,18,17
IP2 8LG,73,36,37,31
IP2 8LH,46,21,25,24
IP2 8LJ,52,26,26,17
IP2 8LL,6,3,3,3
IP2 8LN,80,38,42,30
IP2 8LP,78,41,37,34
IP2 8LQ,64,32,32,29
IP2 8LR,21,11,10,12
IP2 8LS,5,2,3,4
IP2 8LT,6,3,3,2
IP2 8LU,23,13,10,18
IP2 8LW,35,19,16,17
IP2 8LX,3,2,1,1
IP2 8LZ,7,2,5,3
IP2 8NA,60,27,33,32
IP2 8ND,51,23,28,21
IP2 8NG,17,10,7,8
IP2 8NH,8,3,5,5
IP2 8NJ,3,1,2,1
IP2 8NL,69,33,36,28
IP2 8NP,76,39,37,32
IP2 8NQ,44,27,17,20
IP2 8NR,53,24,29,27
IP2 8NS,28,16,12,17
IP2 8NT,31,17,14,15
IP2 8NX,98,45,53,52
IP2 8NY,35,20,15,12
IP2 8NZ,37,15,22,13
IP2 8PA,4,3,1,1
IP2 8PB,17,8,9,5
IP2 8PD,65,33,32,27
IP2 8PE,94,50,44,27
IP2 8PF,46,19,27,19
IP2 8PG,1,1,0,1
IP2 8PH,17,6,11,6
IP2 8PJ,16,5,11,7
IP2 8PP,27,10,17,23
IP2 8PQ,24,11,13,13
IP2 8PR,39,22,17,14
IP2 8PS,34,18,16,14
IP2 8PT,17,8,9,8
IP2 8PU,68,34,34,27
IP2 8PX,6,3,3,3
IP2 8PY,51,13,38,4
IP2 8PZ,11,4,7,6
IP2 8QA,60,32,28,30
IP2 8QB,54,27,27,30
IP2 8QD,11,6,5,4
IP2 8QE,17,8,9,6
IP2 8QF,34,16,18,13
IP2 8QG,35,13,22,14
IP2 8QH,46,21,25,21
IP2 8QJ,40,20,20,15
IP2 8QL,27,15,12,6
IP2 8QN,34,14,20,13
IP2 8QP,31,12,19,13
IP2 8QQ,90,40,50,45
IP2 8QR,58,32,26,21
IP2 8QS,22,12,10,7
IP2 8QT,58,24,34,23
IP2 8QU,57,25,32,29
IP2 8QW,59,25,34,20
IP2 8QX,7,3,4,4
IP2 8QY,25,8,17,16
IP2 8QZ,19,14,5,11
IP2 8RA,14,6,8,6
IP2 8RB,24,12,12,6
IP2 8RD,6,3,3,3
IP2 8RE,39,19,20,16
IP2 8RF,18,9,9,9
IP2 8RG,115,51,64,59
IP2 8RP,22,11,11,12
IP2 8RQ,21,12,9,8
IP2 8RR,16,11,5,7
IP2 8RS,289,124,165,50
IP2 8RT,95,43,52,55
IP2 8RU,40,18,22,14
IP2 8RW,17,11,6,11
IP2 8RX,19,10,9,7
IP2 8SA,6,3,3,3
IP2 8SN,44,25,19,28
IP2 8TA,94,46,48,24
IP2 8TD,44,20,24,14
IP2 8TE,16,6,10,5
IP2 8TH,27,14,13,10
IP2 8TJ,105,49,56,37
IP2 9AA,9,4,5,3
IP2 9AB,84,44,40,50
IP2 9AD,62,37,25,32
IP2 9AE,30,17,13,18
IP2 9AF,2,2,0,1
IP2 9AH,8,5,3,4
IP2 9AJ,103,52,51,39
IP2 9AL,60,28,32,19
IP2 9AP,10,7,3,3
IP2 9AQ,10,4,6,4
IP2 9AR,7,4,3,3
IP2 9AS,58,28,30,22
IP2 9AT,18,9,9,9
IP2 9AU,33,15,18,15
IP2 9AW,9,4,5,2
IP2 9AX,46,22,24,28
IP2 9AY,24,11,13,11
IP2 9AZ,73,38,35,32
IP2 9BA,102,47,55,42
IP2 9BB,39,16,23,18
IP2 9BD,34,14,20,19
IP2 9BE,8,4,4,4
IP2 9BG,47,21,26,18
IP2 9BH,75,44,31,29
IP2 9BJ,22,10,12,9
IP2 9BL,6,3,3,4
IP2 9BN,21,11,10,9
IP2 9BP,43,23,20,16
IP2 9BQ,60,29,31,30
IP2 9BS,73,38,35,28
IP2 9BT,25,12,13,12
IP2 9BU,42,24,18,18
IP2 9BW,11,5,6,3
IP2 9BX,42,18,24,13
IP2 9BY,51,25,26,24
IP2 9BZ,55,28,27,21
IP2 9DA,89,46,43,42
IP2 9DB,105,56,49,40
IP2 9DD,29,16,13,17
IP2 9DE,56,27,29,19
IP2 9DF,128,60,68,67
IP2 9DG,29,15,14,12
IP2 9DH,41,19,22,17
IP2 9DJ,77,33,44,33
IP2 9DL,141,78,63,51
IP2 9DN,60,28,32,22
IP2 9DP,172,85,87,63
IP2 9DQ,22,11,11,7
IP2 9DR,39,25,14,1
IP2 9DS,19,8,11,6
IP2 9DT,80,37,43,44
IP2 9DU,69,33,36,34
IP2 9DW,27,15,12,11
IP2 9DX,12,3,9,4
IP2 9DY,10,4,6,2
IP2 9DZ,87,39,48,46
IP2 9EA,80,41,39,34
IP2 9EB,36,18,18,12
IP2 9ED,27,15,12,11
IP2 9EE,112,50,62,46
IP2 9EF,85,39,46,34
IP2 9EH,29,13,16,12
IP2 9EJ,59,31,28,31
IP2 9EN,118,60,58,47
IP2 9EP,8,5,3,4
IP2 9EQ,142,70,72,49
IP2 9ER,48,24,24,22
IP2 9ES,84,44,40,29
IP2 9ET,56,30,26,24
IP2 9EU,18,8,10,9
IP2 9EW,12,7,5,5
IP2 9EX,70,36,34,26
IP2 9EY,113,58,55,44
IP2 9GA,125,64,61,36
IP2 9GX,32,18,14,12
IP2 9HB,7,3,4,4
IP2 9HD,37,17,20,16
IP2 9HF,6,5,1,5
IP2 9HJ,62,34,28,42
IP2 9HL,7,3,4,2
IP2 9HP,116,68,48,70
IP2 9HR,60,30,30,33
IP2 9HT,75,37,38,27
IP2 9HU,85,41,44,36
IP2 9HX,41,18,23,23
IP2 9HY,27,15,12,13
IP2 9HZ,15,5,10,12
IP2 9JA,103,49,54,47
IP2 9JB,77,46,31,62
IP2 9JD,27,11,16,12
IP2 9JE,51,25,26,20
IP2 9JF,54,28,26,21
IP2 9JG,45,18,27,24
IP2 9JH,46,24,22,25
IP2 9JJ,14,6,8,5
IP2 9JL,27,15,12,10
IP2 9JN,90,45,45,38
IP2 9JP,29,14,15,12
IP2 9JQ,35,15,20,18
IP2 9JR,17,9,8,6
IP2 9JU,31,13,18,12
IP2 9JW,53,27,26,22
IP2 9JX,33,14,19,12
IP2 9JY,18,10,8,6
IP2 9JZ,19,9,10,7
IP2 9LA,7,3,4,4
IP2 9LB,60,36,24,46
IP2 9LD,76,40,36,36
IP2 9LE,54,29,25,16
IP2 9LF,24,10,14,7
IP2 9LG,22,10,12,8
IP2 9LH,31,11,20,18
IP2 9LJ,10,6,4,9
IP2 9LN,99,50,49,35
IP2 9LP,17,4,13,15
IP2 9LS,30,15,15,12
IP2 9LT,40,19,21,18
IP2 9LU,45,21,24,22
IP2 9LW,109,63,46,64
IP2 9LX,13,7,6,10
IP2 9LY,26,12,14,11
IP2 9LZ,41,21,20,18
IP2 9NA,35,16,19,16
IP2 9NB,64,33,31,40
IP2 9ND,58,24,34,24
IP2 9NE,53,28,25,31
IP2 9NF,130,70,60,57
IP2 9NG,37,19,18,18
IP2 9NH,42,23,19,36
IP2 9NJ,40,24,16,22
IP2 9NL,36,15,21,31
IP2 9NN,50,28,22,24
IP2 9NP,80,41,39,49
IP2 9NQ,62,27,35,32
IP2 9NR,44,24,20,18
IP2 9NS,52,21,31,23
IP2 9NT,33,15,18,15
IP2 9NU,54,27,27,25
IP2 9NW,35,19,16,30
IP2 9NX,56,37,19,48
IP2 9NY,64,24,40,38
IP2 9NZ,38,20,18,24
IP2 9PA,4,2,2,2
IP2 9PB,20,9,11,9
IP2 9PD,154,78,76,54
IP2 9PE,35,16,19,13
IP2 9PF,35,19,16,13
IP2 9PH,17,9,8,7
IP2 9PJ,17,9,8,7
IP2 9PL,40,16,24,28
IP2 9PN,25,12,13,12
IP2 9PP,40,20,20,20
IP2 9PR,63,34,29,26
IP2 9PS,94,46,48,42
IP2 9PT,20,11,9,8
IP2 9PU,42,21,21,23
IP2 9PW,116,54,62,42
IP2 9PX,13,6,7,4
IP2 9PY,30,17,13,17
IP2 9PZ,43,21,22,18
IP2 9QA,55,29,26,29
IP2 9QB,21,9,12,10
IP2 9QD,42,17,25,23
IP2 9QE,97,48,49,36
IP2 9QF,62,30,32,24
IP2 9QG,19,10,9,7
IP2 9QH,44,24,20,17
IP2 9QJ,67,34,33,31
IP2 9QL,31,12,19,16
IP2 9QN,8,4,4,4
IP2 9QP,69,30,39,38
IP2 9QQ,66,33,33,26
IP2 9QR,104,47,57,36
IP2 9QU,59,35,24,19
IP2 9QX,42,24,18,18
IP2 9QY,18,10,8,6
IP2 9QZ,93,51,42,36
IP2 9RA,3,1,2,2
IP2 9RB,38,18,20,15
IP2 9RD,74,36,38,27
IP2 9RE,53,26,27,23
IP2 9RF,68,36,32,27
IP2 9RG,52,26,26,19
IP2 9RH,70,35,35,27
IP2 9RJ,38,20,18,19
IP2 9RL,45,21,24,17
IP2 9RN,22,10,12,9
IP2 9RP,13,6,7,4
IP2 9RQ,24,12,12,9
IP2 9RR,24,12,12,9
IP2 9RT,46,25,21,15
IP2 9RU,118,65,53,47
IP2 9RW,20,6,14,9
IP2 9RX,105,54,51,47
IP2 9RY,99,53,46,36
IP2 9RZ,99,46,53,45
IP2 9SA,110,55,55,36
IP2 9SB,18,7,11,11
IP2 9SD,79,35,44,31
IP2 9SE,40,18,22,19
IP2 9SF,10,5,5,4
IP2 9SG,92,43,49,42
IP2 9SH,52,24,28,19
IP2 9SJ,17,9,8,8
IP2 9SL,51,22,29,23
IP2 9SN,62,33,29,25
IP2 9SP,100,49,51,39
IP2 9SQ,61,34,27,28
IP2 9SR,88,47,41,30
IP2 9ST,180,90,90,61
IP2 9SU,58,35,23,35
IP2 9SW,131,59,72,50
IP2 9SX,33,18,15,13
IP2 9SY,76,37,39,51
IP2 9SZ,64,31,33,22
IP2 9TA,162,86,76,62
IP2 9TB,22,12,10,10
IP2 9TD,111,55,56,38
IP2 9TE,85,46,39,33
IP2 9TH,2,1,1,1
IP2 9TJ,30,17,13,12
IP2 9TN,9,4,5,4
IP2 9TP,59,24,35,40
IP2 9TR,26,13,13,10
IP2 9TS,53,28,25,23
IP2 9TU,6,3,3,3
IP2 9TW,2,1,1,1
IP2 9UA,74,40,34,34
IP2 9UB,33,11,22,26
IP2 9UD,49,23,26,26
IP2 9UE,168,78,90,71
IP2 9UF,74,43,31,36
IP2 9UG,88,42,46,34
IP2 9UH,20,8,12,17
IP2 9UJ,93,44,49,39
IP2 9UL,69,30,39,27
IP2 9UN,51,25,26,20
IP2 9UQ,82,42,40,47
IP2 9UU,26,16,10,22
IP2 9UW,33,17,16,14
IP2 9UX,46,20,26,21
IP2 9UY,36,18,18,16
IP2 9WH,7,3,4,4
IP2 9XG,41,18,23,28
IP2 9XL,39,13,26,26
IP2 9XQ,43,21,22,19
IP2 9XS,81,42,39,34
IP2 9XT,27,13,14,12
IP2 9XU,34,12,22,13
IP2 9XX,70,37,33,27
IP2 9XY,45,20,25,19
IP2 9XZ,36,14,22,12
IP2 9YA,97,48,49,46
IP2 9YB,72,37,35,29
IP2 9YD,66,32,34,29
IP2 9YE,29,15,14,12
IP2 9YF,49,27,22,20
IP2 9YG,85,44,41,47
IP2 9YH,81,44,37,37
IP2 9YJ,55,20,35,25
IP2 9YL,46,14,32,39
IP2 9YN,52,25,27,28
IP2 9YP,46,19,27,28
IP2 9YQ,52,25,27,31
IP2 9YR,69,30,39,38
IP2 9YS,96,49,47,47
IP2 9YT,82,34,48,34
IP2 9YW,70,39,31,40
IP2 9YX,70,38,32,28
IP2 9YY,91,35,56,39
IP200AA,4,3,1,2
IP200AB,21,9,12,8
IP200AD,12,7,5,4
IP200AE,21,8,13,10
IP200AH,8,4,4,3
IP200AJ,11,4,7,4
IP200AL,12,8,4,6
IP200AN,44,23,21,20
IP200AQ,29,11,18,9
IP200AU,5,2,3,3
IP200AW,5,2,3,3
IP200AX,5,2,3,3
IP200AY,27,14,13,12
IP200AZ,18,6,12,5
IP200BA,26,10,16,13
IP200BB,42,20,22,18
IP200BD,38,17,21,20
IP200BE,29,14,15,17
IP200BL,1,1,0,1
IP200BP,2,1,1,1
IP200BS,5,3,2,3
IP200BT,29,11,18,11
IP200BW,12,5,7,4
IP200BX,27,12,15,12
IP200BY,5,2,3,3
IP200BZ,34,16,18,14
IP200DA,49,26,23,19
IP200DB,3,2,1,1
IP200DF,52,27,25,19
IP200DG,16,8,8,6
IP200DH,3,2,1,2
IP200DJ,20,10,10,7
IP200DL,26,13,13,7
IP200DN,29,14,15,13
IP200DP,39,19,20,19
IP200DS,27,13,14,9
IP200DT,9,4,5,4
IP200EF,75,40,35,32
IP200EG,16,8,8,11
IP200EJ,7,3,4,4
IP200EL,2,1,1,1
IP200EN,75,40,35,32
IP200EP,13,8,5,5
IP200ET,60,30,30,28
IP200EU,47,26,21,19
IP200EX,14,5,9,7
IP200HA,41,19,22,19
IP200HB,9,4,5,4
IP200HE,27,15,12,13
IP200HG,42,19,23,18
IP200HH,65,29,36,27
IP200HJ,105,50,55,50
IP200HP,16,9,7,7
IP200HQ,5,1,4,1
IP200HR,42,25,17,15
IP200HS,7,4,3,4
IP200JB,43,25,18,17
IP200JD,8,4,4,3
IP200JE,17,6,11,9
IP200JF,32,21,11,11
IP200JG,38,18,20,19
IP200JH,13,3,10,6
IP200JJ,2,1,1,1
IP200JL,25,11,14,8
IP200JN,18,7,11,6
IP200JP,8,4,4,3
IP200JQ,5,3,2,1
IP200JR,17,9,8,5
IP200JX,12,7,5,5
IP200JY,20,10,10,8
IP200JZ,17,9,8,7
IP200LA,30,15,15,15
IP200LB,39,20,19,24
IP200LE,4,1,3,2
IP200LG,6,1,5,6
IP200LH,68,33,35,32
IP200LJ,10,4,6,4
IP200LL,19,10,9,10
IP200LN,14,7,7,5
IP200LP,39,21,18,15
IP200LQ,36,16,20,16
IP200LR,4,2,2,2
IP200LS,10,5,5,4
IP200LT,16,9,7,8
IP200LU,5,3,2,2
IP200LX,16,11,5,4
IP200LY,32,15,17,13
IP200NH,63,27,36,21
IP200NJ,14,6,8,8
IP200NL,6,3,3,2
IP200NN,8,5,3,2
IP200NP,19,11,8,11
IP200NR,27,14,13,10
IP200NS,12,6,6,6
IP200NT,7,4,3,3
IP200NU,20,7,13,6
IP200NX,18,9,9,9
IP200NZ,11,5,6,5
IP200PA,21,10,11,8
IP200PB,13,6,7,4
IP200PD,13,7,6,5
IP200PE,38,21,17,15
IP200PF,2,1,1,1
IP200PG,10,6,4,3
IP200PH,16,9,7,6
IP200PJ,28,13,15,13
IP200PL,1,0,1,1
IP200PN,49,24,25,18
IP200PQ,2,1,1,1
IP200PR,14,6,8,7
IP200PS,34,17,17,14
IP200PX,5,3,2,2
IP200PY,10,5,5,4
IP200PZ,14,8,6,5
IP209AH,1,1,0,1
IP209AJ,13,6,7,7
IP209AL,13,7,6,6
IP209AN,32,15,17,17
IP209AP,22,10,12,9
IP209AR,30,14,16,21
IP209AS,10,5,5,5
IP209AT,19,11,8,10
IP209AW,3,2,1,2
IP209AX,2,1,1,2
IP209AY,4,3,1,2
IP209AZ,60,32,28,32
IP209BA,10,4,6,5
IP209BB,13,6,7,9
IP209BD,5,4,1,4
IP209BE,25,11,14,11
IP209BG,10,7,3,9
IP209BH,49,22,27,21
IP209BJ,5,3,2,2
IP209BL,5,3,2,3
IP209BN,23,10,13,12
IP209BQ,11,7,4,5
IP209BS,13,7,6,5
IP209BT,13,5,8,9
IP209BU,30,7,23,25
IP209BW,33,19,14,17
IP209BX,8,3,5,5
IP209BY,120,57,63,47
IP209BZ,17,9,8,9
IP209DA,5,3,2,2
IP209DB,36,14,22,19
IP209DD,54,27,27,25
IP209DE,43,19,24,24
IP209DF,15,5,10,15
IP209DG,29,13,16,16
IP209DH,99,44,55,39
IP209DJ,11,7,4,8
IP209DL,35,18,17,12
IP209DN,59,29,30,33
IP209DQ,28,13,15,15
IP209DR,45,23,22,20
IP209DS,21,10,11,10
IP209DT,28,13,15,14
IP209DU,94,54,40,42
IP209DW,61,29,32,18
IP209DX,12,7,5,8
IP209DY,34,16,18,16
IP209DZ,31,16,15,15
IP209ED,17,7,10,9
IP209EE,26,12,14,12
IP209EF,71,31,40,28
IP209EG,3,1,2,2
IP209EJ,18,8,10,11
IP209EL,54,26,28,25
IP209EN,27,16,11,11
IP209EP,7,5,2,3
IP209EQ,30,17,13,14
IP209ER,5,3,2,1
IP209ES,88,40,48,46
IP209ET,86,41,45,31
IP209EU,5,2,3,4
IP209EX,29,10,19,17
IP209EY,77,32,45,42
IP209EZ,58,27,31,22
IP209FB,130,62,68,55
IP209FD,24,14,10,10
IP209FE,142,77,65,64
IP209FF,9,3,6,4
IP209HA,7,5,2,5
IP209HB,49,20,29,24
IP209HD,21,13,8,10
IP209HE,77,44,33,32
IP209HF,48,19,29,20
IP209HG,107,60,47,40
IP209HH,67,34,33,28
IP209HJ,62,31,31,31
IP209HL,76,32,44,30
IP209HP,2,1,1,1
IP209HQ,58,24,34,28
IP209HR,104,42,62,63
IP209HS,61,31,30,35
IP209HT,89,50,39,37
IP209HU,43,24,19,13
IP209HW,81,33,48,35
IP209HX,82,43,39,32
IP209HY,29,16,13,13
IP209HZ,9,4,5,5
IP209JA,49,16,33,16
IP209JB,23,11,12,12
IP209JE,4,3,1,4
IP209JG,7,3,4,4
IP209JH,13,6,7,7
IP209JJ,20,9,11,10
IP209JL,11,6,5,5
IP209JN,65,33,32,27
IP209JP,46,14,32,35
IP209JR,8,4,4,4
IP209JT,106,49,57,48
IP209JU,60,30,30,30
IP209JW,18,6,12,12
IP209JY,76,36,40,37
IP209LA,12,5,7,3
IP209LB,125,67,58,61
IP209LD,8,2,6,3
IP209LE,5,2,3,3
IP209LF,41,19,22,18
IP209LG,66,32,34,29
IP209LH,3,2,1,2
IP209LJ,5,2,3,2
IP209LL,8,4,4,3
IP209LN,4,1,3,2
IP209LP,41,18,23,24
IP209LQ,16,8,8,6
IP209LR,15,9,6,6
IP209LS,29,15,14,13
IP209LT,1,1,0,1
IP209LW,5,3,2,2
IP209LX,2,2,0,2
IP209ND,3,1,2,2
IP209NE,32,17,15,14
IP209NF,3,2,1,1
IP209NG,3,1,2,2
IP209NH,35,21,14,15
IP209NJ,30,15,15,16
IP209NL,5,2,3,3
IP209NN,29,14,15,10
IP209NP,1,0,1,1
IP209NQ,12,7,5,7
IP209NR,12,5,7,3
IP209NT,8,3,5,3
IP209NU,1,0,1,1
IP209NW,5,3,2,2
IP209NY,19,13,6,7
IP209NZ,5,3,2,2
IP209PB,1,1,0,1
IP209PD,18,8,10,6
IP209PE,6,2,4,3
IP209PF,20,11,9,9
IP209PG,13,6,7,6
IP209PH,10,5,5,5
IP209PJ,35,20,15,12
IP209PL,11,4,7,5
IP209PN,6,3,3,2
IP209PP,3,1,2,2
IP209PQ,1,1,0,1
IP209PR,2,1,1,1
IP209PS,3,1,2,2
IP209PT,18,11,7,8
IP209PU,8,3,5,3
IP209PW,14,7,7,4
IP209PX,26,10,16,8
IP209PY,81,34,47,33
IP209PZ,7,1,6,5
IP209QA,67,30,37,32
IP209QB,73,40,33,38
IP209QD,34,17,17,17
IP209QE,144,65,79,59
IP209QG,43,24,19,19
IP209QH,110,51,59,49
IP209QJ,6,4,2,2
IP209QN,26,16,10,12
IP209QP,3,1,2,1
IP209QR,21,10,11,9
IP209QS,8,3,5,5
IP209QT,15,9,6,8
IP209QU,17,8,9,7
IP209QW,37,19,18,12
IP214AA,6,3,3,2
IP214AB,82,45,37,37
IP214AD,23,14,9,10
IP214AE,6,4,2,2
IP214AF,24,11,13,9
IP214AG,4,2,2,2
IP214AH,11,5,6,4
IP214AJ,10,5,5,5
IP214AL,3,0,3,1
IP214AN,2,1,1,1
IP214AP,58,28,30,24
IP214AQ,99,49,50,40
IP214AR,2,1,1,1
IP214AS,2,1,1,1
IP214AT,9,4,5,3
IP214AU,5,3,2,3
IP214AW,4,3,1,3
IP214AX,32,15,17,16
IP214AY,4,3,1,2
IP214AZ,14,6,8,6
IP214BB,6,4,2,3
IP214BD,2,1,1,1
IP214BE,23,10,13,10
IP214BF,10,5,5,3
IP214BH,4,3,1,1
IP214BJ,8,4,4,4
IP214BL,12,6,6,5
IP214BN,11,5,6,7
IP214BP,9,4,5,5
IP214BQ,7,4,3,2
IP214BS,2,1,1,1
IP214BT,8,4,4,2
IP214BU,41,19,22,18
IP214BW,7,5,2,2
IP214BX,29,13,16,13
IP214BY,4,2,2,2
IP214BZ,15,8,7,3
IP214DB,8,3,5,5
IP214DD,10,4,6,5
IP214DF,13,5,8,8
IP214DG,28,11,17,11
IP214DH,41,19,22,21
IP214DJ,19,8,11,9
IP214DL,36,16,20,17
IP214DN,34,15,19,15
IP214DP,26,14,12,9
IP214DQ,30,16,14,13
IP214DR,23,15,8,10
IP214DS,8,5,3,5
IP214DT,23,12,11,12
IP214DU,77,39,38,38
IP214DW,111,53,58,37
IP214DX,51,31,20,19
IP214DY,50,27,23,26
IP214DZ,18,12,6,8
IP214EA,111,58,53,44
IP214EB,105,51,54,53
IP214ED,39,19,20,15
IP214EE,28,7,21,3
IP214EF,60,31,29,31
IP214EG,52,26,26,28
IP214EH,45,21,24,20
IP214EJ,7,3,4,2
IP214EL,30,13,17,13
IP214EP,17,7,10,8
IP214EQ,5,3,2,2
IP214ER,14,6,8,4
IP214ES,13,4,9,5
IP214ET,32,19,13,14
IP214EW,8,3,5,4
IP214EY,18,9,9,9
IP214EZ,9,4,5,4
IP214FB,8,4,4,3
IP214HB,4,1,3,1
IP214HE,11,4,7,5
IP214HG,9,5,4,3
IP214HH,15,7,8,6
IP214HJ,9,4,5,4
IP214HL,19,9,10,9
IP214HN,2,1,1,1
IP214HP,36,18,18,15
IP214HR,13,7,6,6
IP214HS,22,14,8,8
IP214HT,2,1,1,1
IP214HU,20,7,13,8
IP214HW,9,5,4,4
IP214HX,62,29,33,24
IP214HY,2,1,1,1
IP214HZ,5,2,3,3
IP214JA,17,8,9,8
IP214JB,25,12,13,12
IP214JD,11,7,4,5
IP214JE,12,6,6,7
IP214JG,32,15,17,18
IP214JH,61,34,27,21
IP214JJ,62,32,30,21
IP214JL,50,27,23,20
IP214JP,62,32,30,25
IP214JR,21,9,12,9
IP214JS,5,3,2,1
IP214JT,10,3,7,3
IP214JU,6,3,3,3
IP214JW,6,3,3,4
IP214JX,2,1,1,1
IP214JY,89,44,45,45
IP214JZ,5,3,2,3
IP214LA,9,4,5,5
IP214LB,35,15,20,14
IP214LD,32,15,17,18
IP214LH,12,5,7,5
IP214LL,25,14,11,11
IP214LN,14,9,5,9
IP214LP,10,5,5,4
IP214LQ,7,3,4,3
IP214LR,14,8,6,5
IP214LS,3,2,1,2
IP214LT,69,33,36,33
IP214LU,11,7,4,5
IP214LW,17,7,10,7
IP214LX,2,1,1,1
IP214LY,2,1,1,1
IP214LZ,5,3,2,3
IP214NA,17,7,10,6
IP214NB,8,4,4,3
IP214ND,10,3,7,4
IP214NG,17,8,9,6
IP214NH,23,8,15,9
IP214NJ,46,19,27,18
IP214NL,67,34,33,33
IP214NN,31,17,14,13
IP214NP,12,8,4,5
IP214NQ,56,34,22,23
IP214NR,77,39,38,34
IP214NS,67,25,42,20
IP214NT,22,10,12,11
IP214NW,101,50,51,41
IP214NX,94,45,49,36
IP214NY,78,40,38,28
IP214NZ,89,46,43,40
IP214PA,18,9,9,9
IP214PB,108,56,52,43
IP214PD,20,13,7,10
IP214PE,6,4,2,2
IP214PF,9,4,5,5
IP214PG,2,1,1,1
IP214PH,29,20,9,15
IP214PJ,21,10,11,12
IP214PL,82,39,43,34
IP214PP,45,23,22,20
IP214PQ,2,1,1,1
IP214PR,14,7,7,6
IP214PS,6,3,3,2
IP214PT,2,1,1,1
IP214PW,33,19,14,12
IP214PX,89,40,49,29
IP214PY,35,18,17,11
IP214QA,9,3,6,4
IP214QB,26,14,12,12
IP214QD,17,11,6,8
IP214QE,8,4,4,2
IP214QF,30,12,18,10
IP214QG,3,2,1,2
IP214QJ,3,2,1,2
IP214QL,18,7,11,10
IP214QN,21,9,12,11
IP214QP,8,5,3,5
IP214QQ,15,8,7,6
IP214QR,16,9,7,7
IP214QS,65,34,31,24
IP214QT,103,59,44,45
IP214QU,36,18,18,19
IP214QW,28,17,11,9
IP214QX,87,48,39,35
IP214QY,33,17,16,17
IP214QZ,50,26,24,20
IP214RA,94,45,49,40
IP214RB,10,6,4,6
IP214RD,52,31,21,21
IP214RE,5,3,2,3
IP214RF,8,3,5,4
IP214RG,6,2,4,3
IP214RH,9,5,4,3
IP214RJ,8,4,4,3
IP214RL,16,11,5,8
IP214RN,1,1,0,1
IP214RP,2,1,1,1
IP214RR,30,16,14,11
IP214RT,54,29,25,24
IP214RU,32,16,16,14
IP214RX,26,17,9,12
IP214RZ,14,7,7,7
IP214SJ,3,2,1,2
IP214SL,6,1,5,4
IP214SN,9,4,5,5
IP214SP,26,13,13,12
IP214SR,3,1,2,2
IP214SS,25,14,11,15
IP214SU,20,9,11,11
IP214SW,27,10,17,16
IP214SX,23,9,14,13
IP214SY,8,5,3,4
IP214SZ,12,5,7,7
IP214TA,5,3,2,2
IP214TB,14,9,5,6
IP214TD,18,11,7,10
IP214TE,15,7,8,8
IP214TF,10,6,4,4
IP214TG,52,24,28,21
IP214TH,17,7,10,10
IP214TJ,86,36,50,38
IP214TL,17,8,9,8
IP214TN,67,32,35,29
IP214TP,34,15,19,17
IP214TQ,25,9,16,18
IP214TR,20,8,12,9
IP214UA,16,8,8,6
IP214UB,17,8,9,8
IP214UD,5,2,3,2
IP214UE,2,1,1,1
IP214UF,4,2,2,2
IP214UH,11,6,5,5
IP214UJ,18,9,9,8
IP214UL,8,4,4,3
IP214UU,9,6,3,4
IP214WZ,3,2,1,2
IP214XA,9,6,3,3
IP214XB,4,2,2,1
IP214XD,10,5,5,5
IP214XE,9,4,5,4
IP214XF,14,6,8,7
IP214XG,105,52,53,39
IP214XH,21,10,11,9
IP214XJ,40,21,19,14
IP214XL,9,7,2,3
IP214XN,7,5,2,2
IP214XP,21,12,9,11
IP214XQ,5,2,3,2
IP214XR,11,5,6,4
IP214XS,3,1,2,1
IP214XT,26,12,14,11
IP214XU,17,9,8,7
IP214XW,6,3,3,3
IP214XX,13,6,7,7
IP214XY,40,24,16,17
IP214XZ,3,1,2,1
IP214YA,8,3,5,4
IP214YB,23,14,9,10
IP214YD,6,3,3,3
IP214YE,6,3,3,3
IP214YF,11,6,5,5
IP214YG,25,15,10,8
IP214YH,24,12,12,9
IP214YJ,60,35,25,35
IP214YL,2,1,1,1
IP215AA,25,13,12,11
IP215AB,22,9,13,10
IP215AD,14,6,8,3
IP215AE,13,7,6,6
IP215AF,64,30,34,23
IP215AG,17,5,12,14
IP215AH,77,40,37,31
IP215AJ,35,16,19,21
IP215AL,31,14,17,13
IP215AN,22,9,13,11
IP215AP,8,4,4,4
IP215AQ,23,12,11,21
IP215AR,43,22,21,21
IP215AS,48,23,25,23
IP215AT,22,9,13,12
IP215AU,1,0,1,1
IP215AW,13,8,5,4
IP215AX,15,6,9,8
IP215AY,2,1,1,1
IP215AZ,29,15,14,11
IP215BA,27,16,11,11
IP215BB,29,13,16,12
IP215BD,42,24,18,17
IP215BE,48,22,26,23
IP215BJ,37,15,22,14
IP215BL,17,8,9,8
IP215BP,3,1,2,2
IP215BS,5,3,2,2
IP215BT,17,12,5,8
IP215BX,32,15,17,1
IP215BY,10,5,5,5
IP215BZ,14,7,7,5
IP215DA,7,3,4,2
IP215DB,21,11,10,7
IP215DE,23,11,12,9
IP215DF,87,40,47,35
IP215DG,2,2,0,2
IP215DH,20,12,8,7
IP215DJ,13,9,4,5
IP215DL,4,2,2,2
IP215DN,15,4,11,4
IP215DP,4,2,2,1
IP215DR,24,10,14,8
IP215DT,2,1,1,1
IP215DX,111,58,53,44
IP215DY,16,9,7,8
IP215DZ,13,8,5,4
IP215EA,6,4,2,2
IP215ED,13,5,8,5
IP215EE,32,15,17,12
IP215EF,22,11,11,6
IP215EG,17,6,11,6
IP215EH,31,14,17,13
IP215EJ,8,4,4,4
IP215EL,14,6,8,5
IP215EP,11,4,7,3
IP215EQ,8,4,4,6
IP215ER,18,9,9,6
IP215ES,5,3,2,4
IP215ET,19,9,10,9
IP215EU,29,14,15,9
IP215EW,7,4,3,4
IP215EX,25,10,15,10
IP215HB,70,33,37,32
IP215HD,8,4,4,5
IP215HE,25,15,10,11
IP215HG,60,29,31,29
IP215HH,29,11,18,12
IP215HJ,7,3,4,2
IP215HN,17,10,7,8
IP215HP,84,43,41,34
IP215HQ,67,32,35,35
IP215HR,1,0,1,1
IP215HS,20,9,11,10
IP215HT,40,17,23,16
IP215HU,30,14,16,14
IP215HW,14,8,6,6
IP215HX,36,19,17,19
IP215HY,9,4,5,3
IP215HZ,73,35,38,37
IP215JA,28,13,15,12
IP215JB,7,3,4,5
IP215JD,39,20,19,16
IP215JE,6,3,3,2
IP215JF,33,18,15,12
IP215JG,65,30,35,30
IP215JH,18,12,6,14
IP215JJ,31,15,16,10
IP215JL,2,1,1,1
IP215JN,113,57,56,52
IP215JP,24,12,12,9
IP215JQ,52,24,28,27
IP215JR,49,28,21,18
IP215JS,14,9,5,5
IP215JT,29,15,14,11
IP215JU,5,2,3,3
IP215JW,21,15,6,8
IP215JX,11,4,7,4
IP215JY,11,5,6,4
IP215LA,11,6,5,4
IP215LB,14,7,7,4
IP215LD,25,10,15,8
IP215LE,24,12,12,11
IP215LF,6,2,4,3
IP215LG,11,6,5,5
IP215LH,16,8,8,7
IP215LJ,14,8,6,3
IP215LL,4,2,2,2
IP215LN,7,3,4,3
IP215LP,3,0,3,1
IP215LQ,38,17,21,18
IP215LR,17,7,10,7
IP215LS,16,9,7,7
IP215LT,30,16,14,13
IP215LU,11,5,6,5
IP215LW,8,4,4,3
IP215LX,15,8,7,7
IP215LY,15,9,6,5
IP215NA,4,1,3,3
IP215NB,9,6,3,2
IP215ND,14,7,7,5
IP215NE,33,18,15,11
IP215NF,16,8,8,7
IP215NG,14,7,7,5
IP215NH,32,14,18,14
IP215NJ,37,18,19,13
IP215NL,24,12,12,9
IP215NN,4,2,2,2
IP215NP,8,4,4,4
IP215NQ,14,6,8,7
IP215NR,10,6,4,4
IP215NZ,10,5,5,5
IP215PA,29,14,15,11
IP215PE,17,8,9,7
IP215PF,18,9,9,9
IP215PG,85,42,43,36
IP215PH,19,10,9,9
IP215PJ,5,3,2,2
IP215PL,28,13,15,14
IP215PN,17,7,10,9
IP215PP,14,8,6,6
IP215PQ,53,28,25,20
IP215PR,16,7,9,7
IP215PS,8,5,3,7
IP215PT,46,25,21,22
IP215PU,10,6,4,2
IP215PW,4,2,2,2
IP215PX,16,6,10,5
IP215PY,44,22,22,16
IP215PZ,20,10,10,7
IP215QA,20,10,10,9
IP215QB,18,8,10,9
IP215QD,41,21,20,20
IP215QE,1,0,1,1
IP215QF,11,7,4,4
IP215QG,18,8,10,8
IP215QH,36,18,18,22
IP215QN,29,15,14,12
IP215QQ,43,20,23,16
IP215QR,5,3,2,2
IP215QS,6,3,3,3
IP215QT,27,14,13,10
IP215QW,29,13,16,12
IP215QX,11,4,7,3
IP215QY,5,3,2,3
IP215QZ,5,1,4,2
IP215RA,24,13,11,8
IP215RB,66,27,39,23
IP215RD,68,31,37,23
IP215RE,26,14,12,10
IP215RF,19,10,9,7
IP215RG,17,11,6,9
IP215RH,14,7,7,8
IP215RL,10,4,6,4
IP215RP,12,5,7,4
IP215RQ,9,4,5,3
IP215RR,5,3,2,1
IP215RS,46,24,22,18
IP215RT,9,4,5,4
IP215RU,4,2,2,2
IP215SA,27,10,17,10
IP215SB,3,2,1,1
IP215SD,22,14,8,8
IP215SE,10,6,4,4
IP215SF,7,4,3,3
IP215SG,13,6,7,7
IP215SH,12,4,8,4
IP215SJ,9,5,4,3
IP215SL,14,7,7,5
IP215SN,2,1,1,1
IP215SP,24,12,12,10
IP215ST,27,16,11,12
IP215SW,33,15,18,14
IP215SX,6,3,3,3
IP215SY,7,3,4,4
IP215SZ,2,1,1,1
IP215TA,3,1,2,2
IP215TB,8,4,4,5
IP215TD,12,6,6,5
IP215TE,24,12,12,11
IP215TF,14,6,8,7
IP215TG,12,7,5,5
IP215TH,19,9,10,7
IP215TJ,12,6,6,6
IP215TL,58,29,29,19
IP215TN,22,12,10,13
IP215TP,7,3,4,3
IP215TQ,10,7,3,4
IP215TR,30,16,14,10
IP215TS,48,23,25,24
IP215TT,12,6,6,5
IP215TU,40,23,17,19
IP215TX,3,1,2,3
IP215TY,3,2,1,2
IP215TZ,2,1,1,1
IP215UA,7,3,4,3
IP215UB,2,1,1,1
IP215UE,16,8,8,7
IP215UF,4,2,2,2
IP215UH,4,1,3,3
IP215UJ,18,11,7,7
IP215UL,17,8,9,9
IP215UX,4,3,1,3
IP215UY,8,5,3,3
IP221AA,6,3,3,3
IP221AB,60,26,34,26
IP221AD,13,7,6,8
IP221AE,35,17,18,17
IP221AG,68,33,35,29
IP221AH,6,3,3,3
IP221AJ,16,6,10,9
IP221AL,73,34,39,27
IP221AN,29,14,15,14
IP221AP,57,26,31,24
IP221AQ,27,14,13,12
IP221AR,15,8,7,11
IP221AS,12,5,7,6
IP221AT,18,9,9,7
IP221AU,25,12,13,8
IP221AW,46,23,23,22
IP221AX,18,9,9,9
IP221AY,20,10,10,7
IP221AZ,35,19,16,10
IP221BA,52,22,30,4
IP221BB,2,1,1,1
IP221BD,8,2,6,2
IP221BE,51,28,23,17
IP221BF,24,10,14,9
IP221BG,19,7,12,8
IP221BH,20,11,9,11
IP221BL,11,5,6,6
IP221BN,41,19,22,20
IP221BP,18,7,11,9
IP221BQ,2,1,1,1
IP221BS,45,27,18,20
IP221BT,10,4,6,5
IP221BU,26,13,13,10
IP221BW,15,9,6,5
IP221BX,35,18,17,13
IP221BY,5,3,2,2
IP221BZ,25,11,14,9
IP221DA,65,24,41,33
IP221DB,20,13,7,8
IP221DD,20,8,12,10
IP221DE,7,3,4,2
IP221DF,24,9,15,21
IP221DG,24,10,14,15
IP221DH,16,8,8,7
IP221DJ,26,11,15,17
IP221DL,40,18,22,17
IP221DN,6,3,3,3
IP221DP,13,6,7,7
IP221DR,9,3,6,3
IP221DS,68,33,35,29
IP221DT,72,34,38,29
IP221DU,8,4,4,3
IP221DW,64,34,30,30
IP221DX,2,1,1,1
IP221DY,80,43,37,34
IP221DZ,4,1,3,1
IP221EA,58,30,28,24
IP221EB,7,2,5,3
IP221ED,3,1,2,2
IP221EF,26,12,14,9
IP221EG,147,64,83,67
IP221EH,32,13,19,11
IP221EJ,5,3,2,3
IP221EL,31,13,18,13
IP221EN,137,69,68,70
IP221EP,13,6,7,6
IP221EQ,5,3,2,2
IP221ER,162,79,83,68
IP221ES,8,3,5,4
IP221ET,22,14,8,14
IP221EU,11,4,7,5
IP221EW,7,4,3,4
IP221EX,10,3,7,4
IP221EZ,32,14,18,13
IP221FJ,7,4,3,4
IP221FW,9,5,4,3
IP221HA,42,26,16,14
IP221HB,6,4,2,4
IP221HD,10,5,5,5
IP221HE,9,2,7,7
IP221HF,126,67,59,50
IP221HG,16,11,5,7
IP221HH,2,1,1,1
IP221HJ,12,6,6,5
IP221HL,35,20,15,12
IP221HN,40,20,20,15
IP221HP,44,18,26,15
IP221HQ,29,15,14,13
IP221HR,2,2,0,1
IP221HS,23,12,11,8
IP221HT,14,6,8,5
IP221HU,7,4,3,3
IP221HW,37,21,16,15
IP221HX,113,50,63,43
IP221HY,7,3,4,3
IP221HZ,9,4,5,3
IP221JA,2,1,1,1
IP221JE,7,3,4,3
IP221JF,10,4,6,5
IP221JG,17,9,8,5
IP221JH,4,2,2,3
IP221JJ,30,15,15,13
IP221JL,37,16,21,14
IP221JN,42,20,22,17
IP221JP,4,3,1,2
IP221JQ,2,1,1,1
IP221JR,16,10,6,4
IP221JS,7,4,3,3
IP221JT,3,1,2,1
IP221JU,6,3,3,3
IP221JW,13,6,7,6
IP221JX,12,7,5,5
IP221JY,18,9,9,6
IP221JZ,5,2,3,3
IP221LD,10,4,6,4
IP221LE,13,6,7,5
IP221LF,16,7,9,6
IP221LG,25,10,15,9
IP221LH,6,4,2,2
IP221LJ,7,3,4,2
IP221LL,10,5,5,3
IP221LN,9,3,6,3
IP221LP,23,10,13,9
IP221LQ,5,2,3,2
IP221LR,4,3,1,1
IP221LS,7,4,3,4
IP221LT,6,3,3,3
IP221LU,4,2,2,2
IP221LW,5,3,2,3
IP221LX,37,23,14,13
IP221LY,26,13,13,11
IP221LZ,33,18,15,12
IP221NA,3,2,1,1
IP221NB,6,3,3,2
IP221ND,8,4,4,3
IP221NE,25,13,12,15
IP221NF,44,22,22,17
IP221NG,6,3,3,3
IP221NH,41,20,21,16
IP221NJ,9,3,6,5
IP221NL,21,11,10,13
IP221NN,6,2,4,3
IP221NP,7,4,3,6
IP221NQ,3,1,2,3
IP221NR,6,1,5,3
IP221NS,49,27,22,22
IP221NT,31,16,15,12
IP221NU,38,17,21,17
IP221NW,16,8,8,6
IP221NX,14,7,7,6
IP221NY,12,4,8,3
IP221NZ,26,14,12,13
IP221PA,23,11,12,9
IP221PB,25,13,12,11
IP221PD,11,5,6,6
IP221PF,6,3,3,3
IP221PJ,9,4,5,4
IP221PL,13,7,6,4
IP221PN,28,14,14,10
IP221PP,49,21,28,22
IP221PQ,20,12,8,7
IP221PR,18,9,9,8
IP221PS,32,16,16,13
IP221PT,12,7,5,5
IP221PU,122,68,54,48
IP221PW,16,7,9,7
IP221PX,35,17,18,16
IP221PY,29,16,13,13
IP221QA,5,3,2,1
IP221QB,2,1,1,1
IP221QD,33,19,14,10
IP221QE,36,20,16,13
IP221QF,8,3,5,3
IP221QG,15,7,8,7
IP221QH,11,6,5,4
IP221QJ,4,2,2,1
IP221QL,29,14,15,12
IP221QN,10,6,4,6
IP221QP,28,11,17,12
IP221QQ,22,12,10,12
IP221QU,1,0,1,1
IP221QX,8,2,6,4
IP221RA,10,6,4,6
IP221RD,26,13,13,12
IP221RE,22,14,8,6
IP221RF,22,6,16,8
IP221RG,52,20,32,16
IP221RH,8,2,6,3
IP221RJ,3,2,1,2
IP221RL,50,22,28,17
IP221RN,12,5,7,6
IP221RP,23,10,13,9
IP221RQ,8,4,4,4
IP221RR,52,25,27,24
IP221RS,3,1,2,2
IP221RT,4,2,2,2
IP221RU,23,10,13,12
IP221RW,66,34,32,29
IP221RX,83,37,46,34
IP221RY,103,53,50,42
IP221RZ,7,4,3,3
IP221SA,17,7,10,8
IP221SD,3,0,3,2
IP221SE,21,11,10,8
IP221SF,7,3,4,3
IP221SG,31,16,15,14
IP221SH,15,5,10,7
IP221SJ,4,2,2,1
IP221SL,36,17,19,11
IP221SN,23,11,12,8
IP221SP,16,8,8,7
IP221SQ,22,11,11,9
IP221SR,15,5,10,4
IP221SS,15,10,5,8
IP221ST,26,11,15,12
IP221SU,13,6,7,5
IP221SW,3,2,1,2
IP221SX,10,5,5,4
IP221SY,13,6,7,10
IP221TB,2,1,1,1
IP221TD,32,16,16,14
IP221TG,77,40,37,33
IP221TH,13,5,8,5
IP221TQ,13,6,7,5
IP221WH,6,3,3,2
IP222AA,19,11,8,7
IP222AD,20,12,8,6
IP222AE,10,5,5,3
IP222AF,17,10,7,8
IP222AG,19,10,9,9
IP222AH,4,1,3,1
IP222AJ,26,17,9,10
IP222AL,3,2,1,2
IP222AN,9,4,5,3
IP222AP,17,9,8,8
IP222AQ,19,8,11,11
IP222AR,31,15,16,13
IP222AS,6,3,3,3
IP222AT,119,53,66,52
IP222AU,9,4,5,4
IP222AW,12,9,3,2
IP222AX,70,34,36,28
IP222AY,38,15,23,17
IP222AZ,17,7,10,8
IP222BA,22,7,15,9
IP222BB,113,59,54,40
IP222BD,14,7,7,5
IP222BE,10,5,5,5
IP222BF,10,4,6,7
IP222BG,6,3,3,2
IP222BH,6,4,2,2
IP222BJ,11,7,4,3
IP222BL,69,35,34,27
IP222BN,9,4,5,4
IP222BP,29,12,17,11
IP222BQ,11,7,4,6
IP222BW,13,8,5,6
IP222BX,7,2,5,4
IP222BZ,1,1,0,1
IP222DD,9,4,5,4
IP222DE,42,21,21,12
IP222DG,36,18,18,18
IP222DH,18,7,11,8
IP222DJ,48,26,22,23
IP222DL,13,5,8,7
IP222DN,2,1,1,2
IP222DP,64,35,29,28
IP222DQ,38,23,15,15
IP222DR,19,10,9,8
IP222DS,4,2,2,1
IP222DU,19,10,9,7
IP222DW,31,12,19,12
IP222DX,15,7,8,7
IP222DY,3,1,2,1
IP222DZ,61,31,30,20
IP222EA,28,13,15,10
IP222EB,16,7,9,8
IP222ED,54,25,29,23
IP222EE,54,25,29,22
IP222EF,14,7,7,6
IP222EG,8,3,5,2
IP222EH,29,14,15,14
IP222EJ,50,25,25,16
IP222EL,7,3,4,4
IP222EN,13,9,4,5
IP222EP,23,10,13,10
IP222EQ,15,8,7,6
IP222ER,33,18,15,11
IP222ES,1,0,1,1
IP222ET,10,4,6,6
IP222EU,25,15,10,8
IP222EW,25,11,14,10
IP222EX,6,3,3,2
IP222EY,2,1,1,1
IP222EZ,19,8,11,5
IP222FB,11,5,6,4
IP222FD,4,2,2,1
IP222GA,3,2,1,2
IP222HA,6,3,3,2
IP222HB,6,3,3,4
IP222HD,17,7,10,4
IP222HF,10,4,6,4
IP222HG,22,11,11,6
IP222HL,51,28,23,24
IP222HN,21,8,13,6
IP222HP,8,5,3,3
IP222HQ,8,4,4,3
IP222HR,4,2,2,2
IP222HS,31,11,20,13
IP222HT,57,29,28,26
IP222HU,7,4,3,3
IP222HW,25,13,12,9
IP222HZ,14,8,6,7
IP222JA,14,8,6,7
IP222JB,89,43,46,35
IP222JD,3,0,3,3
IP222JE,6,4,2,4
IP222JF,42,25,17,16
IP222JG,7,4,3,5
IP222JH,44,25,19,19
IP222JJ,16,9,7,9
IP222JL,2,0,2,1
IP222JN,11,5,6,5
IP222JP,7,5,2,4
IP222JQ,6,3,3,3
IP222JR,21,12,9,11
IP222JS,16,6,10,8
IP222JT,4,2,2,2
IP222JU,8,4,4,3
IP222JW,7,4,3,2
IP222JX,16,7,9,6
IP222JY,11,6,5,5
IP222LA,6,3,3,2
IP222LE,5,2,3,2
IP222LF,4,2,2,1
IP222LG,10,4,6,5
IP222LH,37,19,18,15
IP222LJ,12,6,6,5
IP222LL,15,8,7,5
IP222LN,42,20,22,18
IP222LP,40,22,18,17
IP222LR,39,21,18,14
IP222LS,22,11,11,10
IP222LT,22,12,10,11
IP222LU,63,30,33,26
IP222LW,13,7,6,5
IP222LX,8,3,5,6
IP222LZ,39,21,18,16
IP222NA,6,2,4,1
IP222NB,46,24,22,18
IP222ND,71,31,40,30
IP222NE,50,31,19,21
IP222NF,63,36,27,22
IP222NG,17,9,8,9
IP222NH,13,6,7,3
IP222NJ,19,11,8,6
IP222NL,25,12,13,9
IP222NN,6,3,3,3
IP222NP,3,2,1,2
IP222NQ,20,11,9,9
IP222NR,7,3,4,2
IP222NT,8,4,4,5
IP222NU,36,12,24,15
IP222NX,83,46,37,37
IP222NZ,19,11,8,10
IP222PA,15,8,7,6
IP222PB,14,8,6,5
IP222PD,17,9,8,7
IP222PE,18,10,8,8
IP222PF,6,5,1,3
IP222PG,49,24,25,16
IP222PH,17,8,9,7
IP222PJ,7,3,4,5
IP222PL,13,7,6,5
IP222PN,40,21,19,16
IP222PP,15,7,8,4
IP222PQ,21,12,9,10
IP222PR,41,21,20,19
IP222PS,188,86,102,75
IP222PT,1,1,0,1
IP222PU,19,10,9,9
IP222PW,2,1,1,1
IP222PX,54,28,26,23
IP222PY,21,8,13,7
IP222PZ,7,4,3,3
IP222QA,29,15,14,9
IP222QB,9,5,4,4
IP222QD,9,3,6,4
IP222QE,14,9,5,6
IP222QF,57,26,31,32
IP222QG,12,6,6,5
IP222QH,40,18,22,16
IP222QJ,36,16,20,17
IP222QL,35,9,26,25
IP222QN,100,54,46,39
IP222QP,21,14,7,9
IP222QQ,6,2,4,4
IP222QR,48,24,24,26
IP222QS,5,3,2,3
IP222QT,5,1,4,2
IP222QU,66,28,38,26
IP222QW,23,13,10,16
IP222QX,113,52,61,49
IP222QY,27,13,14,12
IP222QZ,130,75,55,53
IP222RA,4,3,1,3
IP222RB,1,0,1,1
IP222RD,4,3,1,1
IP222RE,7,2,5,2
IP222RF,65,32,33,27
IP222RG,7,4,3,3
IP222RH,8,6,2,3
IP222RJ,9,5,4,3
IP222RL,4,2,2,2
IP222RN,1,0,1,1
IP222RP,18,9,9,5
IP222RQ,11,5,6,5
IP222RR,27,9,18,11
IP222RY,89,48,41,38
IP222RZ,11,6,5,5
IP222SA,4,2,2,2
IP222SB,17,7,10,9
IP222SD,105,50,55,49
IP222SE,36,15,21,15
IP222SF,10,6,4,4
IP222SG,21,9,12,8
IP222SH,1,1,0,1
IP222SJ,35,18,17,15
IP222SL,21,12,9,7
IP222SN,20,14,6,5
IP222SP,7,4,3,4
IP222SQ,9,4,5,3
IP222SR,11,7,4,4
IP222SS,31,17,14,15
IP222ST,14,6,8,6
IP222SU,2,1,1,1
IP222SW,23,11,12,9
IP222SX,15,7,8,4
IP222SY,2,1,1,1
IP222SZ,23,10,13,8
IP222TA,13,5,8,1
IP222TB,4,2,2,3
IP222TD,18,11,7,6
IP222TE,26,15,11,11
IP222TG,4,2,2,1
IP222TH,5,3,2,2
IP222TJ,4,2,2,1
IP222TL,19,9,10,11
IP222TN,11,6,5,4
IP222TP,2,1,1,1
IP222TQ,15,8,7,9
IP222TW,5,1,4,2
IP224AB,2,2,0,2
IP224AD,3,2,1,2
IP224AG,8,4,4,3
IP224AN,25,13,12,11
IP224AQ,18,6,12,8
IP224AR,51,22,29,23
IP224AS,3,1,2,1
IP224AW,7,4,3,3
IP224AZ,26,12,14,10
IP224BA,15,5,10,5
IP224BB,11,4,7,6
IP224BD,51,26,25,22
IP224BE,100,42,58,47
IP224BG,19,7,12,11
IP224BH,9,5,4,4
IP224BL,20,10,10,7
IP224BN,61,31,30,28
IP224BQ,59,27,32,32
IP224BS,36,19,17,12
IP224BT,24,12,12,8
IP224BU,27,12,15,10
IP224BW,61,35,26,22
IP224BX,36,19,17,24
IP224BY,27,16,11,17
IP224BZ,1,1,0,1
IP224DA,4,2,2,1
IP224DB,71,34,37,32
IP224DD,16,11,5,9
IP224DE,47,25,22,19
IP224DF,97,42,55,42
IP224DG,7,4,3,4
IP224DJ,73,32,41,31
IP224DL,25,10,15,15
IP224DN,90,43,47,49
IP224DP,42,19,23,27
IP224DR,29,5,24,25
IP224DS,130,61,69,59
IP224DT,63,33,30,24
IP224DW,21,9,12,11
IP224DX,51,27,24,25
IP224DY,25,12,13,12
IP224DZ,33,15,18,12
IP224EA,111,55,56,44
IP224EB,23,7,16,13
IP224ED,56,30,26,21
IP224EE,10,4,6,5
IP224EF,19,11,8,11
IP224EG,51,27,24,20
IP224EH,75,33,42,41
IP224EJ,14,4,10,9
IP224EL,9,5,4,6
IP224EN,12,8,4,6
IP224EP,8,3,5,4
IP224EQ,52,26,26,24
IP224ET,56,26,30,22
IP224EW,12,5,7,8
IP224EX,13,6,7,8
IP224EY,11,5,6,7
IP224EZ,26,8,18,20
IP224FH,45,19,26,21
IP224FJ,86,44,42,42
IP224FL,44,20,24,17
IP224FY,13,6,7,4
IP224GB,21,9,12,9
IP224GE,3,2,1,2
IP224GJ,51,29,22,22
IP224GL,141,73,68,51
IP224GN,65,27,38,33
IP224GP,201,103,98,84
IP224HA,6,1,5,6
IP224HB,47,24,23,35
IP224HD,11,4,7,5
IP224HE,23,12,11,11
IP224HG,8,6,2,5
IP224HJ,32,17,15,14
IP224HL,109,50,59,51
IP224HR,44,18,26,20
IP224HS,33,13,20,18
IP224HT,38,17,21,13
IP224HU,28,13,15,11
IP224HW,68,45,23,29
IP224HX,102,48,54,49
IP224HZ,22,10,12,9
IP224JA,40,19,21,21
IP224JB,107,54,53,66
IP224JE,54,30,24,23
IP224JF,66,29,37,28
IP224JG,135,71,64,63
IP224JH,21,9,12,11
IP224JN,22,7,15,12
IP224JP,41,21,20,17
IP224JQ,43,17,26,22
IP224JR,65,39,26,40
IP224JS,62,36,26,29
IP224JW,7,2,5,6
IP224JX,80,37,43,29
IP224JZ,18,12,6,9
IP224LB,27,14,13,16
IP224LE,66,34,32,25
IP224LF,57,30,27,30
IP224LG,24,8,16,12
IP224LL,8,3,5,4
IP224LN,60,36,24,28
IP224LP,52,26,26,24
IP224LQ,8,4,4,3
IP224LR,89,43,46,31
IP224LS,19,8,11,11
IP224LT,72,33,39,36
IP224LU,32,15,17,19
IP224LW,87,49,38,33
IP224LX,54,23,31,27
IP224LY,17,6,11,6
IP224LZ,32,15,17,18
IP224NA,102,51,51,49
IP224NB,15,7,8,11
IP224ND,14,5,9,10
IP224NE,19,10,9,7
IP224NF,73,29,44,38
IP224NH,4,0,4,4
IP224NJ,47,12,35,38
IP224NL,48,25,23,19
IP224NN,137,64,73,59
IP224NP,117,60,57,47
IP224NQ,11,4,7,5
IP224NR,34,15,19,23
IP224NT,23,10,13,9
IP224NU,53,22,31,26
IP224NW,89,48,41,43
IP224NZ,26,6,20,25
IP224PA,82,43,39,33
IP224PB,49,23,26,22
IP224PD,92,43,49,46
IP224PE,36,20,16,19
IP224PG,31,15,16,13
IP224PH,97,47,50,52
IP224PJ,27,12,15,10
IP224PL,7,3,4,4
IP224PN,94,47,47,55
IP224PP,27,9,18,11
IP224PQ,63,31,32,30
IP224PR,23,9,14,9
IP224PS,83,43,40,34
IP224PT,67,36,31,29
IP224PU,52,22,30,29
IP224PW,95,44,51,36
IP224PX,52,26,26,25
IP224PY,58,24,34,29
IP224PZ,59,26,33,30
IP224QA,63,33,30,29
IP224QG,71,28,43,36
IP224QH,57,11,46,53
IP224QL,52,27,25,26
IP224QN,69,35,34,28
IP224QP,13,7,6,6
IP224QQ,47,23,24,21
IP224QW,54,24,30,29
IP224QZ,74,42,32,28
IP224RA,125,65,60,54
IP224SY,6,3,3,3
IP224TL,63,28,35,28
IP224WX,13,6,7,4
IP224WZ,37,23,14,19
IP224XQ,40,20,20,17
IP224XS,15,9,6,6
IP224XU,4,2,2,2
IP224XW,5,2,3,2
IP224XX,11,5,6,4
IP224XY,6,3,3,4
IP224YB,14,8,6,7
IP224YD,48,24,24,22
IP224YF,63,33,30,33
IP224YG,21,11,10,9
IP224YH,5,4,1,4
IP224YJ,24,11,13,11
IP224YL,65,29,36,27
IP224YN,27,13,14,13
IP224YP,25,11,14,10
IP224YQ,4,2,2,2
IP224YR,79,45,34,38
IP224YW,63,33,30,24
IP224YX,82,43,39,35
IP224YY,31,13,18,18
IP224ZA,28,15,13,13
IP224ZB,66,33,33,24
IP224ZD,77,34,43,28
IP225BJ,85,41,44,37
IP225FY,6,3,3,4
IP225PF,2,1,1,1
IP225QR,31,16,15,14
IP225QS,22,12,10,10
IP225QT,30,13,17,14
IP225QU,17,7,10,6
IP225QW,25,13,12,11
IP225QX,11,8,3,5
IP225QY,40,16,24,25
IP225RB,79,38,41,28
IP225RD,3,1,2,1
IP225RE,51,23,28,25
IP225RF,3,2,1,2
IP225RG,47,27,20,17
IP225RH,51,25,26,23
IP225RJ,16,6,10,6
IP225RL,65,31,34,24
IP225RN,87,38,49,36
IP225RP,6,3,3,2
IP225RQ,166,99,67,52
IP225RR,16,9,7,6
IP225RS,23,10,13,12
IP225RT,19,11,8,6
IP225RU,13,7,6,8
IP225RW,11,5,6,7
IP225RX,13,6,7,8
IP225RY,37,19,18,13
IP225RZ,21,11,10,10
IP225SA,16,9,7,5
IP225SB,53,26,27,28
IP225SD,20,9,11,9
IP225SE,32,15,17,15
IP225SF,4,2,2,2
IP225SG,13,6,7,5
IP225SH,51,25,26,18
IP225SJ,42,22,20,13
IP225SL,49,24,25,16
IP225SN,78,41,37,29
IP225SP,48,22,26,19
IP225SQ,124,55,69,39
IP225SR,83,32,51,22
IP225SS,4,2,2,2
IP225ST,13,7,6,8
IP225SU,3,1,2,2
IP225SW,40,22,18,19
IP225SX,51,25,26,17
IP225SY,12,3,9,4
IP225SZ,8,3,5,3
IP225TA,50,24,26,15
IP225TB,27,16,11,11
IP225TD,41,19,22,17
IP225TE,26,13,13,8
IP225TG,17,10,7,8
IP225TH,24,10,14,10
IP225TJ,37,17,20,14
IP225TL,7,4,3,3
IP225TN,3,2,1,1
IP225TP,35,19,16,15
IP225TQ,5,2,3,2
IP225TR,32,12,20,14
IP225TS,11,5,6,5
IP225TU,19,8,11,12
IP225TW,16,8,8,6
IP225TX,23,12,11,8
IP225TY,9,5,4,3
IP225TZ,44,21,23,18
IP225UA,44,24,20,15
IP225UB,19,11,8,8
IP225UD,53,27,26,19
IP225UE,8,6,2,3
IP225UF,38,19,19,12
IP225UG,14,5,9,5
IP225UH,5,2,3,2
IP225UJ,26,13,13,12
IP225UL,2,1,1,1
IP225UN,14,9,5,5
IP225UP,8,3,5,4
IP225UQ,4,3,1,2
IP225UR,34,18,16,15
IP225UT,2,1,1,1
IP225UU,18,9,9,1
IP225UW,21,10,11,9
IP225UX,18,8,10,8
IP225UY,11,4,7,4
IP225UZ,15,7,8,6
IP225XA,3,1,2,2
IP225XB,16,8,8,8
IP225XD,58,30,28,26
IP225XE,2,1,1,1
IP225XJ,15,8,7,6
IP225XL,36,15,21,14
IP225XN,16,8,8,6
IP225XP,10,3,7,3
IP225XR,4,2,2,2
IP225XT,3,1,2,1
IP225XW,42,22,20,16
IP225ZF,42,23,19,15
IP237AB,16,9,7,11
IP237AE,12,7,5,5
IP237AF,24,15,9,15
IP237AG,46,23,23,22
IP237AJ,79,41,38,36
IP237AN,34,16,18,22
IP237AP,50,25,25,23
IP237AQ,24,12,12,13
IP237AR,12,4,8,4
IP237AS,71,31,40,36
IP237AT,3,2,1,1
IP237AU,32,14,18,23
IP237AW,74,35,39,30
IP237AY,24,7,17,9
IP237AZ,29,14,15,18
IP237BA,6,4,2,2
IP237BB,10,5,5,7
IP237BD,67,32,35,41
IP237BE,41,15,26,11
IP237BF,12,7,5,5
IP237BG,18,5,13,13
IP237BJ,32,12,20,14
IP237BL,61,29,32,23
IP237BN,35,18,17,14
IP237BP,41,19,22,22
IP237BQ,14,6,8,9
IP237BS,75,39,36,30
IP237BT,3,1,2,1
IP237BW,65,28,37,28
IP237BX,14,7,7,5
IP237BY,111,54,57,40
IP237BZ,14,10,4,9
IP237DA,149,76,73,59
IP237DB,5,2,3,2
IP237DE,101,45,56,47
IP237DJ,14,7,7,8
IP237DN,3,1,2,2
IP237DP,8,2,6,2
IP237DR,9,5,4,3
IP237DS,46,22,24,14
IP237DT,7,4,3,2
IP237DU,7,4,3,3
IP237DW,57,28,29,27
IP237DY,12,8,4,4
IP237DZ,12,6,6,5
IP237EA,7,3,4,2
IP237EB,9,5,4,4
IP237ED,21,13,8,8
IP237EE,60,28,32,19
IP237EF,10,4,6,4
IP237EH,10,4,6,4
IP237EJ,34,17,17,13
IP237EL,5,2,3,2
IP237EN,4,3,1,2
IP237EP,74,33,41,27
IP237EQ,6,3,3,3
IP237ER,9,4,5,3
IP237ES,12,6,6,5
IP237ET,15,7,8,4
IP237EU,15,9,6,7
IP237EW,77,41,36,31
IP237EX,12,5,7,5
IP237HA,5,3,2,2
IP237HB,9,4,5,5
IP237HD,9,5,4,4
IP237HF,31,13,18,17
IP237HG,2,1,1,1
IP237HH,27,13,14,10
IP237HJ,61,32,29,28
IP237HL,51,26,25,22
IP237HN,4,3,1,2
IP237HP,33,12,21,21
IP237HR,44,19,25,20
IP237HW,27,15,12,13
IP237HX,6,1,5,2
IP237HY,12,6,6,5
IP237HZ,21,11,10,7
IP237JA,9,5,4,4
IP237JD,3,2,1,1
IP237JE,4,3,1,1
IP237JF,19,8,11,6
IP237JG,70,31,39,25
IP237JH,18,9,9,8
IP237JJ,40,19,21,19
IP237JL,37,19,18,14
IP237JN,79,40,39,37
IP237JP,7,4,3,2
IP237JR,109,51,58,42
IP237JS,4,2,2,2
IP237JT,1,0,1,1
IP237JU,6,3,3,2
IP237JW,61,31,30,26
IP237JX,30,14,16,11
IP237JY,6,1,5,3
IP237JZ,19,9,10,8
IP237LA,8,3,5,3
IP237LB,8,5,3,4
IP237LD,81,39,42,26
IP237LE,77,41,36,28
IP237LF,39,18,21,14
IP237LG,10,5,5,5
IP237LH,22,10,12,7
IP237LJ,11,7,4,5
IP237LL,20,10,10,9
IP237LN,13,9,4,3
IP237LP,8,4,4,3
IP237LQ,79,40,39,33
IP237LR,31,14,17,14
IP237LS,6,3,3,3
IP237LT,4,2,2,2
IP237LU,28,14,14,13
IP237LW,9,3,6,4
IP237LX,112,54,58,44
IP237LY,18,7,11,7
IP237LZ,13,5,8,4
IP237NH,26,13,13,13
IP237NJ,45,21,24,19
IP237NL,19,10,9,6
IP237NN,2,1,1,1
IP237NP,2,1,1,1
IP237NR,9,5,4,4
IP237NS,8,4,4,3
IP237NT,15,5,10,6
IP237NU,7,4,3,3
IP237NW,16,9,7,9
IP237NX,29,12,17,10
IP237NZ,6,3,3,2
IP237PA,5,4,1,2
IP237PB,15,7,8,7
IP237PD,38,19,19,16
IP237PE,1,0,1,1
IP237PF,19,11,8,6
IP237PG,58,34,24,26
IP237PH,12,6,6,4
IP237PJ,11,7,4,5
IP237PL,25,10,15,14
IP237PN,65,36,29,24
IP237PP,13,5,8,7
IP237PQ,32,17,15,12
IP237PR,15,7,8,5
IP237PS,31,16,15,15
IP237PT,12,7,5,4
IP237PU,14,4,10,4
IP237PW,20,10,10,9
IP237PX,8,4,4,3
IP237PY,23,11,12,9
IP237PZ,22,9,13,9
IP237QB,13,6,7,6
IP237QD,14,7,7,7
IP237QE,41,18,23,14
IP237QF,2,1,1,1
IP237QG,39,18,21,14
IP237QH,6,3,3,2
IP237QJ,37,18,19,16
IP237QL,4,3,1,1
IP237QN,2,1,1,1
IP237QP,10,6,4,4
IP237QR,30,13,17,14
IP237QS,13,5,8,7
IP237QT,20,8,12,8
IP237QU,23,12,11,13
IP237QW,10,4,6,4
IP237QY,3,2,1,2
IP237TN,7,5,2,3
IP238AA,3,0,3,2
IP238AD,14,8,6,7
IP238AE,28,15,13,9
IP238AF,28,15,13,12
IP238AG,30,15,15,16
IP238AH,36,18,18,16
IP238AJ,2,2,0,0
IP238AL,20,8,12,9
IP238AN,11,6,5,5
IP238AP,14,7,7,5
IP238AR,8,4,4,4
IP238AS,2,1,1,1
IP238AT,21,14,7,7
IP238AZ,19,11,8,5
IP238BA,4,3,1,2
IP238BE,11,6,5,4
IP238BG,11,5,6,6
IP238BH,44,21,23,15
IP238BJ,37,18,19,13
IP238BL,2,1,1,2
IP238BP,29,16,13,13
IP238BS,2,1,1,1
IP238BT,18,10,8,7
IP238BU,76,29,47,17
IP238BX,30,18,12,12
IP238BY,25,15,10,10
IP238BZ,19,10,9,5
IP238DA,13,5,8,4
IP238DB,94,49,45,36
IP238DD,48,25,23,19
IP238DE,1,0,1,1
IP238DF,2,1,1,1
IP238DG,7,4,3,3
IP238DH,70,37,33,24
IP238DJ,28,14,14,16
IP238DN,23,10,13,9
IP238DP,63,32,31,24
IP238DQ,35,16,19,17
IP238DR,20,10,10,8
IP238DS,19,10,9,8
IP238DT,5,2,3,3
IP238DU,36,18,18,19
IP238DX,3,2,1,1
IP238DY,135,59,76,43
IP238DZ,7,3,4,4
IP238EA,12,5,7,6
IP238EB,39,19,20,15
IP238ED,5,2,3,2
IP238EE,50,29,21,20
IP238EF,65,31,34,24
IP238EJ,13,8,5,4
IP238EL,12,6,6,4
IP238EN,12,6,6,5
IP238EP,2,1,1,1
IP238ER,2,1,1,1
IP238ES,25,9,16,12
IP238ET,12,6,6,4
IP238EU,1,1,0,1
IP238EX,5,3,2,3
IP238EY,8,3,5,5
IP238FE,3,1,2,2
IP238GH,9,4,5,5
IP238GZ,22,10,12,8
IP238HA,20,10,10,10
IP238HB,75,37,38,32
IP238HD,1,1,0,0
IP238HE,12,7,5,7
IP238HF,2,1,1,1
IP238HG,5,1,4,2
IP238HH,15,7,8,9
IP238HL,38,21,17,15
IP238HN,11,6,5,3
IP238HP,25,13,12,12
IP238HQ,6,3,3,4
IP238HR,26,16,10,10
IP238HS,42,17,25,17
IP238HT,58,29,29,28
IP238HU,10,5,5,5
IP238HW,4,2,2,2
IP238HX,103,54,49,46
IP238HY,96,49,47,32
IP238HZ,99,52,47,32
IP238JA,66,34,32,27
IP238JB,14,8,6,8
IP238JD,37,17,20,18
IP238JE,11,6,5,4
IP238JF,7,4,3,3
IP238JG,22,10,12,10
IP238JH,43,21,22,16
IP238JJ,6,2,4,2
IP238JL,8,5,3,3
IP238JP,22,12,10,10
IP238JQ,13,6,7,5
IP238JR,30,17,13,14
IP238JS,17,8,9,6
IP238JT,99,49,50,39
IP238JU,23,13,10,9
IP238JW,15,9,6,4
IP238JX,18,7,11,9
IP238JY,11,4,7,5
IP238JZ,10,5,5,4
IP238LH,8,5,3,3
IP238LJ,3,2,1,2
IP238LL,5,2,3,3
IP238LP,45,23,22,19
IP238LR,5,3,2,3
IP238LS,5,3,2,3
IP238LT,27,12,15,10
IP238LU,11,7,4,4
IP238LX,48,23,25,22
IP238LY,22,11,11,9
IP238LZ,22,11,11,8
IP238NA,8,4,4,3
IP238NB,34,18,16,12
IP238ND,5,2,3,3
IP238NE,36,18,18,17
IP238NF,13,7,6,5
IP238NG,6,3,3,2
IP238NH,19,8,11,6
IP238NQ,15,6,9,10
IP241AA,19,7,12,7
IP241AD,17,7,10,5
IP241AE,13,6,7,6
IP241AF,77,42,35,31
IP241AG,46,21,25,19
IP241AH,64,32,32,25
IP241AJ,39,19,20,14
IP241AN,39,17,22,15
IP241AP,20,11,9,8
IP241AQ,40,21,19,20
IP241AR,48,25,23,28
IP241AS,11,6,5,4
IP241AT,27,19,8,18
IP241AU,56,25,31,34
IP241AW,37,15,22,16
IP241AX,41,20,21,15
IP241AY,53,26,27,20
IP241AZ,4,1,3,3
IP241BA,5,2,3,4
IP241BB,6,3,3,3
IP241BD,17,7,10,8
IP241BE,5,3,2,3
IP241BF,8,3,5,4
IP241BG,39,19,20,23
IP241BH,28,12,16,10
IP241BJ,23,18,5,16
IP241BN,12,7,5,3
IP241BQ,33,14,19,16
IP241BX,47,23,24,22
IP241BY,63,35,28,28
IP241BZ,57,21,36,40
IP241DB,105,48,57,39
IP241DD,90,45,45,29
IP241DE,86,38,48,29
IP241DF,114,51,63,37
IP241DG,112,56,56,34
IP241DH,146,78,68,44
IP241DJ,118,56,62,33
IP241DL,213,104,109,67
IP241DN,86,40,46,27
IP241DP,101,46,55,32
IP241DQ,93,45,48,29
IP241DR,160,68,92,45
IP241DS,194,97,97,64
IP241DT,94,34,60,29
IP241DU,90,41,49,29
IP241DW,117,59,58,55
IP241DX,136,72,64,52
IP241DY,29,11,18,20
IP241DZ,123,54,69,43
IP241EA,38,19,19,17
IP241EB,17,4,13,1
IP241ED,65,34,31,18
IP241EE,40,20,20,17
IP241EF,38,15,23,16
IP241EG,87,48,39,42
IP241EH,80,40,40,36
IP241EJ,51,21,30,15
IP241EL,66,39,27,27
IP241EN,94,41,53,35
IP241EP,63,31,32,24
IP241EQ,35,21,14,11
IP241ER,122,65,57,39
IP241ES,46,25,21,15
IP241EU,33,15,18,19
IP241EW,56,29,27,26
IP241EX,43,22,21,20
IP241EY,23,12,11,10
IP241EZ,58,27,31,24
IP241FB,25,16,9,16
IP241FD,40,22,18,11
IP241FE,65,35,30,17
IP241FF,46,22,24,22
IP241FG,7,2,5,5
IP241FH,175,90,85,61
IP241HE,1,1,0,1
IP241HS,6,3,3,2
IP241HW,71,33,38,24
IP241HZ,6,4,2,1
IP241JD,5,3,2,3
IP241JE,49,25,24,22
IP241JF,40,19,21,16
IP241JG,73,36,37,33
IP241JH,63,30,33,24
IP241JJ,64,31,33,33
IP241JL,74,38,36,31
IP241JN,87,40,47,35
IP241JP,36,19,17,13
IP241JQ,36,17,19,15
IP241JR,68,34,34,32
IP241JS,44,22,22,21
IP241JT,13,7,6,4
IP241JU,55,29,26,20
IP241JW,66,31,35,24
IP241JX,70,37,33,25
IP241JY,31,15,16,12
IP241JZ,35,19,16,16
IP241LA,51,23,28,20
IP241LB,148,81,67,57
IP241LD,176,87,89,71
IP241LE,28,15,13,12
IP241LF,76,41,35,28
IP241LG,50,26,24,18
IP241LH,10,6,4,5
IP241LJ,14,8,6,5
IP241LL,21,12,9,10
IP241LN,81,43,38,36
IP241LQ,46,24,22,18
IP241LR,12,8,4,3
IP241LS,4,2,2,1
IP241LT,2,0,2,2
IP241LU,9,5,4,3
IP241LW,29,12,17,14
IP241LY,2,1,1,1
IP241LZ,5,3,2,1
IP241NB,3,1,2,2
IP241NE,30,13,17,16
IP241NF,6,3,3,4
IP241NG,33,16,17,12
IP241NH,44,22,22,18
IP241NJ,64,30,34,28
IP241NL,50,25,25,21
IP241NN,27,16,11,13
IP241NP,19,12,7,10
IP241NQ,15,10,5,4
IP241NR,9,4,5,4
IP241NS,7,3,4,3
IP241NT,45,24,21,19
IP241NU,2,1,1,1
IP241NW,11,7,4,4
IP241NX,6,4,2,3
IP241NY,14,6,8,9
IP241NZ,10,5,5,5
IP241PA,19,10,9,4
IP241PB,84,39,45,33
IP241PD,3,1,2,1
IP241PE,72,38,34,33
IP241PF,91,32,59,40
IP241PH,44,20,24,18
IP241PJ,13,6,7,6
IP241PL,2,1,1,1
IP241PN,83,36,47,40
IP241PP,6,4,2,4
IP241PR,16,8,8,8
IP241PS,15,8,7,7
IP241PT,23,10,13,9
IP241PU,21,7,14,10
IP241PW,4,2,2,1
IP241PX,17,10,7,10
IP241PY,4,2,2,3
IP241PZ,2,1,1,1
IP241QA,3,0,3,1
IP241QB,6,2,4,2
IP241QD,17,8,9,6
IP241QE,24,12,12,8
IP241QF,16,10,6,9
IP241QG,5,2,3,3
IP241QH,1,1,0,1
IP241QJ,111,64,47,55
IP241QL,78,42,36,44
IP241QQ,14,7,7,5
IP241QR,19,8,11,6
IP241QS,31,14,17,15
IP241QT,24,10,14,9
IP241QX,13,5,8,5
IP241QY,5,4,1,2
IP241QZ,31,13,18,6
IP241RA,13,7,6,6
IP241RB,12,8,4,2
IP241RD,7,4,3,4
IP241RE,9,5,4,3
IP241RF,8,5,3,3
IP241RG,5,3,2,2
IP241RH,36,16,20,17
IP241RJ,17,6,11,10
IP241RL,29,14,15,10
IP241RN,4,2,2,1
IP241RP,2,1,1,1
IP241RR,8,4,4,4
IP241RS,12,5,7,5
IP241RT,6,2,4,3
IP241RU,12,5,7,5
IP241RW,8,4,4,3
IP241RX,17,12,5,3
IP241RZ,2,1,1,1
IP241SD,25,11,14,8
IP241SE,32,16,16,12
IP241SQ,1,0,1,1
IP241SS,11,5,6,6
IP241TA,26,16,10,11
IP241TB,124,63,61,52
IP241TD,61,35,26,17
IP241TE,4,2,2,2
IP241TF,135,75,60,51
IP241TG,85,42,43,36
IP241TH,38,19,19,15
IP241TJ,138,66,72,38
IP241TL,58,30,28,21
IP241TN,97,53,44,33
IP241TP,70,33,37,32
IP241TQ,82,40,42,26
IP241TR,96,45,51,42
IP241TS,27,13,14,16
IP241TT,32,15,17,20
IP241TU,75,36,39,29
IP241TW,8,4,4,3
IP241TX,22,10,12,10
IP241TY,67,29,38,25
IP241TZ,44,22,22,19
IP241UA,33,13,20,14
IP241UB,86,41,45,33
IP241UD,4,2,2,2
IP241UE,21,13,8,12
IP241UF,113,58,55,45
IP241UG,31,16,15,11
IP241UH,5,2,3,3
IP241UJ,20,10,10,11
IP241UL,24,13,11,11
IP241UN,13,8,5,4
IP241UP,25,14,11,10
IP241UQ,63,29,34,24
IP241UR,51,32,19,20
IP241UT,77,43,34,35
IP241UW,15,7,8,6
IP242AB,23,13,10,13
IP242AD,48,26,22,21
IP242AE,38,22,16,19
IP242AF,24,11,13,9
IP242AH,4,2,2,1
IP242AJ,4,2,2,2
IP242AL,21,14,7,8
IP242AN,8,4,4,5
IP242AP,12,6,6,7
IP242AQ,31,7,24,26
IP242AU,9,6,3,3
IP242BF,10,8,2,3
IP242BL,12,5,7,5
IP242BN,68,33,35,31
IP242BP,96,53,43,40
IP242BQ,5,2,3,1
IP242BS,13,6,7,8
IP242BT,24,9,15,14
IP242BU,82,41,41,28
IP242BW,4,2,2,1
IP242DA,36,15,21,24
IP242DB,46,22,24,20
IP242DD,33,14,19,12
IP242DE,26,11,15,13
IP242DF,28,14,14,11
IP242DG,49,25,24,20
IP242DH,24,12,12,16
IP242DL,42,16,26,19
IP242DN,87,42,45,24
IP242DP,20,10,10,11
IP242DQ,22,12,10,12
IP242DR,44,24,20,21
IP242DT,16,8,8,8
IP242DW,37,17,20,22
IP242DZ,298,146,152,97
IP242EA,75,29,46,13
IP242EE,28,13,15,10
IP242EF,7,3,4,2
IP242EG,28,11,17,11
IP242EH,12,5,7,6
IP242EJ,8,3,5,5
IP242EL,15,7,8,6
IP242EP,92,29,63,21
IP242EQ,88,45,43,48
IP242ER,37,17,20,13
IP242ET,10,4,6,3
IP242EU,71,39,32,29
IP242EX,27,11,16,11
IP242EY,14,8,6,7
IP242EZ,26,14,12,7
IP242FB,35,20,15,22
IP242HA,111,51,60,49
IP242HB,87,47,40,41
IP242HD,27,13,14,14
IP242HE,35,18,17,14
IP242HF,33,17,16,19
IP242HG,24,10,14,11
IP242HH,82,46,36,36
IP242HJ,26,12,14,13
IP242HL,13,7,6,9
IP242HT,73,38,35,33
IP242HW,22,10,12,9
IP242HY,41,24,17,20
IP242JA,38,17,21,18
IP242JB,109,60,49,47
IP242JE,51,27,24,21
IP242JF,48,27,21,18
IP242JG,13,6,7,7
IP242JH,121,59,62,54
IP242JJ,60,31,29,21
IP242JL,48,23,25,18
IP242JN,30,17,13,15
IP242JP,78,37,41,22
IP242JR,54,30,24,16
IP242JS,66,34,32,22
IP242JT,30,14,16,11
IP242JU,36,20,16,13
IP242JW,52,24,28,23
IP242JZ,73,38,35,31
IP242LA,44,23,21,15
IP242LB,18,8,10,7
IP242LD,109,62,47,40
IP242LE,34,16,18,18
IP242LF,91,50,41,35
IP242LH,47,24,23,14
IP242LJ,123,65,58,42
IP242LL,33,15,18,12
IP242LN,125,70,55,43
IP242LP,77,40,37,30
IP242LQ,10,6,4,3
IP242LR,1,1,0,1
IP242LS,52,29,23,18
IP242LT,42,13,29,33
IP242LU,34,21,13,21
IP242LW,84,44,40,37
IP242LX,11,7,4,4
IP242LY,125,63,62,49
IP242LZ,30,15,15,13
IP242NA,74,35,39,31
IP242NB,11,7,4,4
IP242ND,11,5,6,5
IP242NE,21,10,11,10
IP242NF,22,11,11,12
IP242NG,25,12,13,9
IP242NH,31,13,18,14
IP242NJ,27,17,10,11
IP242NL,32,17,15,11
IP242NN,32,14,18,14
IP242NP,26,11,15,10
IP242NQ,77,34,43,35
IP242NR,26,15,11,9
IP242NS,11,4,7,4
IP242NT,25,13,12,6
IP242NW,50,26,24,20
IP242NX,16,8,8,5
IP242PA,20,9,11,8
IP242PB,1,1,0,1
IP242PD,5,2,3,3
IP242PE,13,6,7,6
IP242PF,2,1,1,1
IP242PJ,13,8,5,8
IP242PL,28,12,16,9
IP242PN,8,5,3,4
IP242PP,21,10,11,7
IP242PQ,3,2,1,1
IP242PR,3,2,1,1
IP242PY,20,9,11,11
IP242PZ,20,11,9,10
IP242QA,11,5,6,4
IP242QB,12,8,4,4
IP242QE,32,14,18,10
IP242QF,8,2,6,6
IP242QG,18,11,7,7
IP242QH,3,0,3,3
IP242QJ,2,1,1,1
IP242QL,12,3,9,5
IP242QN,18,6,12,7
IP242QP,1,1,0,1
IP242QQ,23,10,13,10
IP242QR,4,1,3,1
IP242QS,14,7,7,4
IP242QT,7,2,5,3
IP242QU,16,7,9,8
IP242QW,21,11,10,10
IP242QX,92,41,51,34
IP242QY,25,10,15,10
IP242RF,19,7,12,3
IP242RG,2,1,1,1
IP242RJ,5,2,3,2
IP242RL,44,22,22,20
IP242RN,1,1,0,1
IP242RP,10,7,3,4
IP242RQ,5,3,2,2
IP242RR,10,6,4,3
IP242RS,29,15,14,11
IP242RU,13,6,7,5
IP242RW,11,6,5,6
IP242RX,3,1,2,2
IP242RY,2,1,1,1
IP242RZ,4,1,3,3
IP242SA,5,3,2,2
IP242SB,26,12,14,10
IP242SD,1,0,1,1
IP242SE,11,5,6,6
IP242SF,9,5,4,5
IP242SG,2,1,1,1
IP242SH,4,2,2,2
IP242SJ,5,2,3,3
IP242SL,6,4,2,2
IP242SN,10,7,3,5
IP242SP,14,9,5,4
IP242TA,106,52,54,39
IP242TB,36,17,19,17
IP242TD,40,21,19,18
IP242TE,40,18,22,14
IP242TF,34,17,17,11
IP242TG,27,10,17,12
IP242TH,24,13,11,8
IP242TJ,58,29,29,19
IP242TL,40,20,20,14
IP242TN,63,29,34,26
IP242TP,74,37,37,36
IP242TQ,53,24,29,20
IP242TR,80,35,45,33
IP242TS,7,3,4,4
IP242TU,82,42,40,35
IP242TW,9,6,3,4
IP242TX,125,68,57,47
IP242TY,74,38,36,22
IP242TZ,81,44,37,31
IP242UA,33,18,15,11
IP242UB,148,72,76,53
IP242UD,75,37,38,23
IP242UE,62,27,35,19
IP242UF,42,22,20,14
IP242UG,31,16,15,11
IP242UH,53,25,28,24
IP242UJ,45,26,19,21
IP242UL,142,83,59,49
IP242UN,43,23,20,15
IP242UP,28,13,15,11
IP242UQ,144,70,74,61
IP242UR,27,13,14,11
IP242US,14,6,8,6
IP242UT,36,19,17,11
IP242UU,168,86,82,66
IP242UW,29,14,15,9
IP242UX,11,7,4,6
IP242UY,19,11,8,6
IP242WX,112,61,51,43
IP242XA,36,20,16,10
IP242XB,13,8,5,4
IP242XD,81,42,39,34
IP242XE,48,25,23,17
IP242XF,39,22,17,14
IP242XG,21,10,11,12
IP242XH,101,46,55,32
IP242XJ,9,3,6,4
IP242XL,53,23,30,22
IP242XN,3,1,2,2
IP242XP,31,14,17,15
IP242XQ,18,8,10,10
IP242XR,29,13,16,14
IP242XS,29,17,12,17
IP242XT,85,48,37,27
IP242XU,30,15,15,12
IP242XW,6,3,3,2
IP242XX,30,14,16,11
IP242XZ,115,64,51,42
IP242YA,124,59,65,59
IP242YB,112,60,52,63
IP242YD,254,137,117,88
IP242YE,35,18,17,13
IP242YF,96,53,43,48
IP242YG,106,54,52,49
IP242YH,59,27,32,26
IP242YJ,55,22,33,25
IP242YL,128,59,69,47
IP242YN,124,65,59,43
IP242YP,28,14,14,10
IP242YQ,79,32,47,30
IP242YR,30,16,14,11
IP242YS,18,11,7,8
IP242YW,20,11,9,7
IP242YX,60,30,30,21
IP242YY,39,18,21,17
IP243AA,4,1,3,3
IP243AG,7,4,3,2
IP243AJ,7,2,5,3
IP243AL,25,13,12,9
IP243AN,6,2,4,3
IP243AR,30,15,15,18
IP243AS,46,25,21,20
IP243AT,102,40,62,36
IP243AU,38,20,18,17
IP243AW,4,2,2,2
IP243AY,15,8,7,8
IP243AZ,23,15,8,8
IP243BA,58,27,31,24
IP243BB,68,34,34,32
IP243BD,30,19,11,22
IP243BE,39,19,20,17
IP243BF,41,18,23,31
IP243BG,59,32,27,28
IP243BH,57,26,31,18
IP243BJ,77,33,44,30
IP243BN,4,3,1,1
IP243BQ,77,33,44,32
IP243BT,35,18,17,16
IP243BU,5,3,2,1
IP243BW,70,30,40,35
IP243BX,3,2,1,1
IP243BY,42,26,16,16
IP243BZ,87,46,41,30
IP243DB,17,9,8,7
IP243DD,44,21,23,24
IP243DE,36,19,17,21
IP243DF,24,10,14,11
IP243DG,93,35,58,36
IP243DL,69,29,40,32
IP243DN,9,4,5,4
IP243DP,67,29,38,30
IP243DQ,22,14,8,12
IP243DR,70,33,37,25
IP243DS,21,13,8,7
IP243DT,29,14,15,13
IP243DU,16,9,7,6
IP243DW,30,14,16,12
IP243DX,34,18,16,14
IP243DY,50,20,30,19
IP243DZ,77,37,40,32
IP243EA,31,17,14,13
IP243EB,96,48,48,31
IP243ED,28,12,16,13
IP243EF,15,6,9,5
IP243EG,52,24,28,20
IP243EH,68,36,32,36
IP243EJ,46,19,27,26
IP243EL,89,48,41,38
IP243EN,144,72,72,54
IP243EP,174,86,88,71
IP243EQ,25,15,10,18
IP243ER,10,4,6,8
IP243ET,26,14,12,19
IP243EU,86,36,50,28
IP243EW,45,16,29,26
IP243EX,88,50,38,31
IP243EY,61,30,31,18
IP243EZ,106,48,58,36
IP243HA,18,8,10,5
IP243HB,15,8,7,4
IP243HD,57,26,31,26
IP243HE,63,27,36,19
IP243HF,51,26,25,18
IP243HG,129,69,60,41
IP243HH,47,24,23,17
IP243HJ,35,21,14,12
IP243HL,37,19,18,17
IP243HN,83,37,46,27
IP243HP,30,16,14,9
IP243HQ,53,30,23,21
IP243HR,13,7,6,6
IP243HS,66,18,48,45
IP243HT,22,9,13,8
IP243HU,19,10,9,9
IP243HW,101,53,48,38
IP243HX,29,13,16,10
IP243HZ,2,1,1,1
IP243JA,10,7,3,0
IP243JD,15,8,7,5
IP243JE,56,25,31,22
IP243JF,47,26,21,19
IP243JG,38,23,15,12
IP243JH,46,23,23,19
IP243JJ,45,23,22,17
IP243JL,45,22,23,19
IP243JN,29,13,16,9
IP243JP,69,32,37,25
IP243JQ,63,32,31,20
IP243JS,49,24,25,17
IP243JT,46,24,22,18
IP243JU,41,18,23,18
IP243JW,22,10,12,8
IP243JX,67,42,25,23
IP243JY,44,21,23,14
IP243JZ,36,19,17,15
IP243LA,48,23,25,17
IP243LD,57,33,24,22
IP243LE,51,23,28,31
IP243LF,25,15,10,10
IP243LH,47,23,24,20
IP243LJ,35,19,16,11
IP243LL,40,25,15,12
IP243LN,36,17,19,14
IP243LU,17,7,10,8
IP243LW,3,1,2,1
IP243ND,62,30,32,21
IP243NE,11,6,5,4
IP243NF,29,15,14,13
IP243NG,23,10,13,10
IP243NH,82,36,46,35
IP243NJ,43,22,21,18
IP243NL,12,6,6,6
IP243NN,48,22,26,19
IP243NP,69,34,35,26
IP243NQ,40,19,21,19
IP243NR,82,39,43,28
IP243NS,52,26,26,21
IP243NT,140,57,83,43
IP243NU,125,61,64,41
IP243NW,78,34,44,28
IP243NX,66,35,31,23
IP243NY,54,26,28,21
IP243NZ,71,34,37,26
IP243PA,92,47,45,33
IP243PB,94,53,41,37
IP243PD,43,17,26,20
IP243PE,91,40,51,35
IP243PF,69,33,36,28
IP243PG,44,20,24,11
IP243PJ,3,1,2,1
IP243PN,7,4,3,3
IP243PP,66,36,30,24
IP243PT,53,35,18,33
IP243PU,4,2,2,1
IP243PW,168,90,78,67
IP243PX,75,33,42,26
IP243PY,79,39,40,28
IP243PZ,78,41,37,27
IP243QA,70,33,37,25
IP243QB,94,48,46,33
IP243QD,46,23,23,20
IP243QE,26,15,11,15
IP243QF,74,37,37,26
IP243QG,30,14,16,24
IP243QH,16,9,7,4
IP243QJ,4,2,2,1
IP243QL,6,6,0,0
IP243QP,9,5,4,2
IP243QQ,49,27,22,16
IP243QR,48,28,20,15
IP243QW,15,6,9,3
IP243RE,4,4,0,1
IP243RQ,4,2,2,2
IP243RR,4,4,0,1
IP243RW,33,15,18,14
IP243RX,17,9,8,4
IP243ST,4,2,2,2
IP243SU,4,1,3,1
IP243SX,7,4,3,4
IP243SY,7,5,2,2
IP243SZ,3,2,1,2
IP243TA,12,5,7,4
IP243TB,6,4,2,4
IP243TD,21,12,9,6
IP243TE,9,5,4,3
IP243TF,23,11,12,13
IP243TG,19,11,8,7
IP243TH,6,2,4,4
IP243TJ,8,4,4,4
IP243TL,9,4,5,3
IP243TN,7,3,4,4
IP243TP,33,18,15,11
IP243TS,6,3,3,2
IP243TT,34,18,16,14
IP243TW,36,21,15,18
IP243TX,6,4,2,1
IP256AB,40,22,18,17
IP256AE,32,16,16,17
IP256AG,16,11,5,8
IP256AH,47,27,20,23
IP256AJ,9,4,5,5
IP256AL,92,43,49,34
IP256AN,46,24,22,15
IP256AP,34,19,15,15
IP256AQ,4,3,1,3
IP256AS,79,46,33,27
IP256AT,14,6,8,6
IP256AU,78,41,37,35
IP256AW,22,11,11,11
IP256AX,50,25,25,23
IP256AY,40,20,20,12
IP256AZ,91,44,47,40
IP256BA,81,38,43,28
IP256BB,79,34,45,40
IP256BD,45,22,23,21
IP256BE,17,9,8,9
IP256BF,7,3,4,5
IP256BG,17,7,10,7
IP256BH,27,13,14,10
IP256BJ,97,44,53,47
IP256BL,116,56,60,47
IP256BN,17,8,9,8
IP256BP,46,23,23,23
IP256BS,7,4,3,2
IP256BT,32,17,15,15
IP256BU,10,5,5,5
IP256BW,2,1,1,1
IP256BX,19,9,10,8
IP256BY,43,19,24,20
IP256BZ,60,25,35,33
IP256DA,71,35,36,26
IP256DB,69,34,35,33
IP256DD,13,6,7,9
IP256DF,5,3,2,2
IP256DG,12,7,5,5
IP256DH,116,45,71,30
IP256DJ,8,4,4,4
IP256DL,70,38,32,27
IP256DN,78,36,42,38
IP256DP,66,34,32,34
IP256DQ,35,15,20,13
IP256DS,10,3,7,6
IP256DU,24,15,9,9
IP256DW,42,22,20,16
IP256DX,14,6,8,14
IP256DY,37,18,19,16
IP256DZ,20,6,14,15
IP256EA,34,18,16,17
IP256EB,24,15,9,14
IP256ED,50,23,27,28
IP256EE,29,13,16,15
IP256EF,43,21,22,20
IP256EG,48,22,26,26
IP256EH,82,43,39,34
IP256EL,89,46,43,43
IP256EN,46,21,25,26
IP256EP,2,1,1,1
IP256EQ,60,28,32,27
IP256ER,56,29,27,29
IP256ES,9,5,4,4
IP256ET,31,5,26,0
IP256EU,56,21,35,49
IP256EW,96,42,54,47
IP256EX,38,17,21,20
IP256EY,36,17,19,20
IP256EZ,88,43,45,36
IP256FA,31,16,15,16
IP256FB,16,6,10,13
IP256FD,5,3,2,3
IP256FE,10,6,4,3
IP256FG,20,10,10,8
IP256FH,35,17,18,12
IP256FJ,32,13,19,16
IP256FL,4,3,1,1
IP256FN,74,40,34,30
IP256FP,98,49,49,23
IP256FQ,38,18,20,9
IP256FR,38,15,23,13
IP256FS,30,16,14,9
IP256FW,92,43,49,27
IP256FX,18,8,10,5
IP256GA,99,46,53,43
IP256GD,35,20,15,16
IP256GE,30,14,16,11
IP256GL,6,3,3,1
IP256GP,28,15,13,7
IP256GQ,59,32,27,23
IP256GR,44,21,23,15
IP256GS,14,7,7,5
IP256GT,20,6,14,8
IP256GU,34,18,16,10
IP256GW,132,63,69,46
IP256GX,51,29,22,22
IP256GY,194,99,95,78
IP256GZ,12,9,3,8
IP256HA,77,37,40,31
IP256HB,11,4,7,6
IP256HD,8,2,6,5
IP256HE,39,20,19,14
IP256HF,13,9,4,5
IP256HG,68,33,35,27
IP256HH,59,25,34,31
IP256HJ,11,9,2,8
IP256HL,253,126,127,98
IP256HP,22,5,17,2
IP256HQ,15,8,7,8
IP256HR,16,8,8,6
IP256HS,2,1,1,1
IP256HT,8,5,3,3
IP256HU,27,19,8,5
IP256HW,5,4,1,3
IP256HX,79,38,41,21
IP256HY,131,69,62,47
IP256HZ,88,44,44,32
IP256JA,47,21,26,16
IP256JB,2,1,1,1
IP256JD,59,35,24,23
IP256JE,17,9,8,6
IP256JF,15,7,8,7
IP256JG,21,11,10,6
IP256JH,28,16,12,8
IP256JJ,43,23,20,19
IP256JL,22,13,9,13
IP256JN,42,23,19,20
IP256JP,34,15,19,12
IP256JQ,35,18,17,12
IP256JR,70,37,33,27
IP256JS,82,40,42,28
IP256JW,59,27,32,22
IP256JY,12,5,7,9
IP256JZ,9,4,5,5
IP256LA,68,29,39,33
IP256LB,100,59,41,40
IP256LD,37,19,18,16
IP256LE,16,8,8,7
IP256LF,40,18,22,19
IP256LG,80,37,43,45
IP256LH,50,24,26,28
IP256LJ,25,14,11,9
IP256LL,66,31,35,31
IP256LN,36,19,17,13
IP256LP,135,74,61,47
IP256LQ,10,4,6,7
IP256LR,3,2,1,1
IP256LS,7,4,3,3
IP256LT,13,7,6,5
IP256LU,7,2,5,4
IP256LX,8,4,4,4
IP256LY,5,2,3,3
IP256LZ,25,14,11,13
IP256NA,85,44,41,33
IP256NB,2,1,1,1
IP256ND,25,11,14,11
IP256NE,6,4,2,4
IP256NF,29,13,16,13
IP256NG,1,1,0,1
IP256NH,35,16,19,14
IP256NJ,57,31,26,21
IP256NL,48,23,25,21
IP256NN,20,9,11,9
IP256NP,38,19,19,19
IP256NQ,40,19,21,18
IP256NS,4,2,2,2
IP256NT,14,7,7,6
IP256NU,18,9,9,5
IP256NZ,52,26,26,22
IP256PB,24,11,13,6
IP256PD,8,5,3,3
IP256PE,43,20,23,18
IP256PF,26,13,13,14
IP256PG,25,10,15,10
IP256PH,101,43,58,53
IP256PJ,43,22,21,19
IP256PL,13,5,8,10
IP256PN,18,9,9,10
IP256PP,14,6,8,5
IP256PQ,138,68,70,63
IP256PR,6,2,4,2
IP256PS,6,3,3,2
IP256PT,38,18,20,17
IP256PU,2,2,0,1
IP256PW,2,0,2,1
IP256PX,10,2,8,6
IP256PY,36,17,19,13
IP256PZ,61,33,28,25
IP256QA,91,38,53,19
IP256QD,27,17,10,14
IP256QE,48,21,27,22
IP256QF,11,8,3,5
IP256QG,7,3,4,2
IP256QH,10,7,3,5
IP256QJ,16,8,8,8
IP256QL,12,5,7,5
IP256QN,2,1,1,1
IP256QP,11,5,6,6
IP256QQ,8,5,3,3
IP256QR,16,8,8,6
IP256QS,10,4,6,4
IP256QT,10,4,6,4
IP256QU,20,9,11,7
IP256QW,4,1,3,1
IP256QX,14,8,6,6
IP256QY,18,8,10,10
IP256RA,10,6,4,5
IP256RB,60,27,33,26
IP256RD,26,14,12,12
IP256RE,131,62,69,74
IP256RF,51,24,27,25
IP256RG,17,10,7,6
IP256RH,7,3,4,4
IP256RJ,21,8,13,13
IP256RL,859,855,4,0
IP256RN,40,19,21,13
IP256RP,3,3,0,1
IP256RQ,23,13,10,6
IP256RR,21,11,10,8
IP256RS,13,8,5,4
IP256RT,55,26,29,26
IP256RU,21,10,11,8
IP256RW,86,47,39,34
IP256RX,48,23,25,16
IP256RY,17,10,7,6
IP256RZ,4,2,2,2
IP256SA,28,13,15,11
IP256SB,9,3,6,5
IP256SD,28,13,15,10
IP256SE,11,6,5,4
IP256SF,4,1,3,2
IP256SG,4,2,2,3
IP256SH,21,11,10,7
IP256SJ,51,28,23,18
IP256SL,1,1,0,1
IP256SN,13,6,7,6
IP256SP,20,10,10,8
IP256SQ,21,11,10,9
IP256SR,26,12,14,15
IP256SS,50,26,24,23
IP256ST,39,21,18,14
IP256SU,4,1,3,1
IP256SW,55,27,28,24
IP256SX,4,2,2,2
IP256SY,9,4,5,3
IP256SZ,29,14,15,13
IP256TA,5,4,1,3
IP256TD,126,62,64,45
IP256TE,48,20,28,18
IP256TF,21,8,13,10
IP256TG,13,6,7,5
IP256TH,7,3,4,3
IP256TJ,15,9,6,6
IP256TN,9,4,5,5
IP256TQ,14,5,9,7
IP256TR,2,2,0,2
IP256TS,13,6,7,7
IP256TT,22,12,10,12
IP256TU,64,32,32,32
IP256TW,56,26,30,34
IP256TX,192,92,100,68
IP256TY,75,39,36,30
IP256TZ,27,15,12,10
IP256UA,28,16,12,12
IP256UB,16,8,8,7
IP256UD,19,11,8,10
IP256UE,48,23,25,17
IP256UF,50,26,24,18
IP256UH,52,25,27,22
IP256UJ,61,28,33,26
IP256UL,77,37,40,37
IP256UN,16,6,10,9
IP256US,35,18,17,12
IP256UT,20,9,11,14
IP256UW,20,12,8,9
IP256UY,14,7,7,5
IP256WL,10,6,4,0
IP256XA,35,16,19,15
IP256XB,18,11,7,7
IP256XD,10,4,6,6
IP256XF,14,12,2,13
IP256XH,54,21,33,25
IP256XJ,42,18,24,18
IP256XL,27,12,15,14
IP256XN,31,14,17,18
IP256XP,13,8,5,9
IP256XQ,46,19,27,29
IP256XR,26,16,10,11
IP256XS,170,85,85,70
IP256XT,4,1,3,3
IP256XW,22,12,10,17
IP256XY,12,5,7,5
IP257AA,6,2,4,3
IP257AB,8,4,4,3
IP257AD,2,1,1,1
IP257AF,7,4,3,3
IP257AG,11,7,4,6
IP257AH,6,3,3,2
IP257AJ,32,15,17,10
IP257AL,106,47,59,58
IP257AN,114,62,52,36
IP257AP,9,5,4,2
IP257AQ,45,18,27,9
IP257AR,85,41,44,47
IP257AS,33,15,18,11
IP257AT,37,18,19,18
IP257AU,16,6,10,6
IP257AW,56,29,27,28
IP257AX,59,33,26,29
IP257AY,179,85,94,70
IP257AZ,17,8,9,6
IP257BA,15,8,7,6
IP257BB,22,10,12,10
IP257BD,6,3,3,4
IP257BE,6,3,3,2
IP257BF,12,2,10,6
IP257BG,13,6,7,5
IP257BH,51,26,25,27
IP257BJ,48,22,26,27
IP257BL,42,20,22,20
IP257BN,12,5,7,6
IP257BP,14,8,6,5
IP257BQ,116,55,61,61
IP257BS,8,5,3,4
IP257BT,45,23,22,17
IP257BU,2,1,1,1
IP257BX,6,4,2,2
IP257BY,18,9,9,7
IP257BZ,6,3,3,2
IP257DA,35,14,21,21
IP257DB,11,5,6,6
IP257DD,31,17,14,19
IP257DE,80,40,40,39
IP257DG,41,18,23,22
IP257DJ,47,22,25,19
IP257DL,9,4,5,6
IP257DN,9,4,5,4
IP257DP,70,36,34,26
IP257DR,34,12,22,13
IP257DS,19,8,11,10
IP257DU,16,6,10,9
IP257DW,28,14,14,15
IP257DX,20,8,12,5
IP257DY,48,25,23,19
IP257DZ,40,18,22,14
IP257EA,12,4,8,5
IP257EB,21,9,12,10
IP257ED,15,9,6,4
IP257EE,11,5,6,4
IP257EF,4,1,3,2
IP257EH,69,34,35,36
IP257EL,35,17,18,12
IP257EN,51,28,23,27
IP257EP,5,2,3,3
IP257EQ,9,3,6,4
IP257ER,34,16,18,14
IP257ES,21,10,11,9
IP257ET,36,19,17,16
IP257EU,27,13,14,13
IP257EW,104,47,57,50
IP257EX,68,33,35,27
IP257EY,6,3,3,4
IP257EZ,90,42,48,35
IP257FB,4,2,2,2
IP257GE,3,2,1,2
IP257HA,53,24,29,23
IP257HB,7,3,4,3
IP257HD,86,46,40,38
IP257HE,36,17,19,17
IP257HF,40,18,22,20
IP257HG,45,19,26,24
IP257HH,10,4,6,7
IP257HJ,16,5,11,6
IP257HL,67,33,34,23
IP257HN,19,5,14,11
IP257HP,5,2,3,2
IP257HQ,69,31,38,33
IP257HR,42,24,18,20
IP257HS,78,42,36,27
IP257HT,39,20,19,15
IP257HU,55,25,30,33
IP257HW,87,43,44,53
IP257HX,9,4,5,4
IP257HY,17,8,9,6
IP257HZ,8,4,4,4
IP257JA,29,13,16,10
IP257JF,40,22,18,16
IP257JG,5,2,3,3
IP257JJ,9,6,3,4
IP257JL,7,4,3,3
IP257JN,41,21,20,17
IP257JR,8,3,5,3
IP257JW,11,4,7,7
IP257JX,11,5,6,4
IP257JY,7,4,3,5
IP257JZ,2,1,1,2
IP257LA,48,25,23,19
IP257LB,133,53,80,44
IP257LD,2,1,1,1
IP257LE,7,4,3,3
IP257LF,59,29,30,25
IP257LG,71,30,41,27
IP257LH,62,32,30,24
IP257LJ,20,10,10,7
IP257LL,42,17,25,21
IP257LN,40,22,18,17
IP257LP,32,14,18,14
IP257LQ,33,14,19,14
IP257LR,52,24,28,22
IP257LS,22,9,13,12
IP257LT,58,25,33,25
IP257LU,35,17,18,15
IP257LW,54,22,32,34
IP257LX,27,10,17,13
IP257LY,79,42,37,35
IP257LZ,78,35,43,36
IP257NA,51,24,27,24
IP257NB,38,18,20,26
IP257ND,22,10,12,11
IP257NE,51,26,25,21
IP257NF,28,12,16,14
IP257NG,5,2,3,1
IP257NH,12,7,5,7
IP257NJ,14,8,6,5
IP257NL,6,4,2,1
IP257NN,13,6,7,5
IP257NP,28,15,13,15
IP257NQ,9,5,4,4
IP257NR,26,15,11,11
IP257NS,9,3,6,6
IP257NW,1,1,0,1
IP257PA,99,51,48,34
IP257PD,95,41,54,49
IP257PF,13,6,7,5
IP257PG,5,2,3,2
IP257PH,103,50,53,36
IP257PJ,80,39,41,30
IP257PL,34,18,16,16
IP257PN,7,3,4,3
IP257PP,6,3,3,3
IP257PQ,23,12,11,9
IP257PR,1,0,1,1
IP257PS,5,2,3,2
IP257PT,19,9,10,7
IP257PU,24,12,12,13
IP257PX,28,13,15,10
IP257PZ,97,46,51,46
IP257QA,27,12,15,11
IP257QB,17,8,9,8
IP257QD,2,1,1,1
IP257QE,20,10,10,8
IP257QF,11,5,6,5
IP257QG,12,8,4,5
IP257QH,5,2,3,1
IP257QJ,4,2,2,1
IP257QL,70,34,36,33
IP257QN,104,51,53,46
IP257QP,10,5,5,4
IP257QQ,24,9,15,12
IP257QR,10,6,4,3
IP257QS,24,9,15,8
IP257QT,2,1,1,1
IP257QU,41,20,21,18
IP257QW,110,54,56,35
IP257QX,36,19,17,17
IP257QY,54,26,28,24
IP257QZ,28,16,12,11
IP257RA,79,42,37,35
IP257RB,26,11,15,16
IP257RD,15,6,9,6
IP257RE,9,4,5,2
IP257RF,16,7,9,6
IP257RG,4,2,2,2
IP257RH,20,11,9,7
IP257RL,4,2,2,2
IP257RP,26,14,12,9
IP257RQ,6,3,3,2
IP257RR,20,11,9,11
IP257RW,18,9,9,10
IP257RX,27,14,13,9
IP257SA,4,2,2,2
IP257SD,2,1,1,1
IP257SG,3,1,2,1
IP257SH,48,26,22,18
IP257SJ,65,30,35,31
IP257SL,6,3,3,2
IP257SQ,13,6,7,5
IP257SU,49,23,26,19
IP257SX,39,21,18,17
IP257SY,2,1,1,1
IP257SZ,12,7,5,4
IP257TA,1,0,1,1
IP257TB,10,6,4,2
IP257TD,4,2,2,1
IP257TE,6,3,3,3
IP257TF,14,6,8,6
IP257TG,22,12,10,9
IP257TH,16,7,9,5
IP257TJ,16,8,8,9
IP257TL,8,4,4,3
IP257TQ,2,1,1,1
IP264AA,3,1,2,1
IP264AB,44,23,21,20
IP264AD,40,22,18,17
IP264AE,2,1,1,1
IP264AF,76,41,35,33
IP264AG,13,4,9,3
IP264AH,43,20,23,17
IP264AJ,40,17,23,16
IP264AL,30,16,14,12
IP264AN,12,3,9,8
IP264AP,12,6,6,5
IP264AQ,11,7,4,2
IP264AR,106,46,60,46
IP264AS,22,10,12,12
IP264AT,31,14,17,14
IP264AU,28,13,15,15
IP264AW,5,3,2,2
IP264AX,73,35,38,33
IP264AY,151,81,70,61
IP264AZ,51,19,32,25
IP264BA,40,21,19,15
IP264BB,59,29,30,26
IP264BD,8,3,5,5
IP264BE,28,12,16,16
IP264BG,21,13,8,9
IP264BH,16,9,7,8
IP264BJ,99,54,45,36
IP264BL,41,14,27,17
IP264BP,65,32,33,26
IP264BQ,2,1,1,1
IP264BS,22,12,10,7
IP264BT,23,14,9,9
IP264BU,38,20,18,16
IP264BX,27,15,12,9
IP264BY,58,27,31,26
IP264BZ,18,8,10,8
IP264DB,67,36,31,22
IP264DD,30,16,14,14
IP264DE,44,22,22,18
IP264DF,83,42,41,29
IP264DG,36,20,16,17
IP264DH,26,15,11,10
IP264DJ,80,37,43,42
IP264DL,102,50,52,41
IP264DN,14,8,6,5
IP264DP,40,24,16,26
IP264DQ,44,25,19,20
IP264DR,38,11,27,6
IP264DT,11,5,6,5
IP264DU,38,15,23,14
IP264DW,54,25,29,27
IP264DX,3,1,2,1
IP264DY,24,11,13,12
IP264EE,22,12,10,12
IP264EF,34,15,19,12
IP264EG,6,3,3,2
IP264EH,3,1,2,1
IP264EJ,17,9,8,4
IP264EL,17,7,10,6
IP264EN,9,4,5,3
IP264EP,6,5,1,3
IP264EQ,8,4,4,4
IP264ER,21,11,10,4
IP264ET,9,6,3,3
IP264EW,4,3,1,1
IP264HA,2,1,1,1
IP264HB,16,9,7,4
IP264HD,42,20,22,15
IP264HE,57,30,27,16
IP264HF,27,11,16,7
IP264HG,16,7,9,4
IP264HH,34,18,16,16
IP264HJ,99,45,54,41
IP264HN,34,18,16,8
IP264HP,90,47,43,22
IP264HQ,39,18,21,15
IP264HW,61,25,36,14
IP264HZ,46,22,24,20
IP264JA,9,7,2,4
IP264JB,11,4,7,4
IP264JD,22,12,10,11
IP264JE,59,31,28,26
IP264JF,2,1,1,1
IP264JG,139,68,71,59
IP264JH,11,4,7,4
IP264JJ,2,1,1,1
IP264JL,4,4,0,3
IP264JN,5,3,2,3
IP264JP,6,3,3,3
IP264JQ,30,17,13,11
IP264JR,13,6,7,6
IP264JW,58,32,26,21
IP264JY,14,10,4,4
IP264LA,31,14,17,15
IP264LB,20,10,10,10
IP264LD,35,16,19,12
IP264LE,15,9,6,7
IP264LF,30,11,19,15
IP264LG,15,6,9,9
IP264LH,59,24,35,26
IP264LJ,13,6,7,8
IP264LL,35,18,17,17
IP264LN,20,11,9,8
IP264LP,6,5,1,2
IP264LQ,22,10,12,10
IP264LR,65,32,33,29
IP264LS,25,10,15,12
IP264LT,3,1,2,2
IP264LU,79,36,43,32
IP264LW,40,20,20,20
IP264LX,16,8,8,9
IP264LY,15,7,8,8
IP264LZ,4,2,2,3
IP264NA,13,6,7,6
IP264NB,39,17,22,11
IP264ND,54,30,24,27
IP264NE,21,13,8,9
IP264NF,2,1,1,1
IP264NG,4,2,2,2
IP264NH,30,11,19,15
IP264NJ,13,6,7,6
IP264NQ,13,7,6,5
IP264NR,33,18,15,13
IP264NS,15,6,9,8
IP264NT,53,23,30,18
IP264NU,11,6,5,5
IP264NW,13,9,4,5
IP264NX,42,16,26,25
IP264NY,23,12,11,9
IP264NZ,35,18,17,17
IP264PA,64,33,31,25
IP264PB,1,1,0,1
IP264PD,8,5,3,2
IP264PE,48,26,22,19
IP264PF,5,2,3,2
IP264PG,6,2,4,2
IP264PH,55,28,27,18
IP264PJ,8,4,4,3
IP264PL,5,3,2,2
IP264PN,7,3,4,3
IP264PP,51,24,27,21
IP264PQ,85,44,41,36
IP264PR,7,4,3,4
IP264PS,38,15,23,20
IP264PU,47,22,25,17
IP264PW,71,40,31,32
IP264PX,38,21,17,14
IP264PY,105,56,49,33
IP264PZ,28,14,14,10
IP264QA,24,10,14,7
IP264QB,10,4,6,4
IP264QD,25,10,15,6
IP264QE,25,10,15,11
IP264QH,32,16,16,9
IP264QJ,41,25,16,17
IP264QL,14,6,8,7
IP264QN,10,7,3,6
IP264QP,42,20,22,20
IP264QQ,51,26,25,20
IP264QR,45,20,25,18
IP264QT,4,2,2,1
IP264QU,29,16,13,13
IP264QW,5,3,2,3
IP264QX,9,6,3,4
IP264QY,2,1,1,1
IP264QZ,7,3,4,2
IP264RA,10,5,5,3
IP264RB,61,27,34,26
IP264RD,25,12,13,9
IP264RE,21,10,11,10
IP264RF,31,13,18,14
IP264RG,1,0,1,1
IP264RH,15,8,7,8
IP264RJ,22,12,10,8
IP264RL,11,7,4,4
IP264RN,12,5,7,5
IP264RP,7,3,4,4
IP264RQ,39,17,22,18
IP264RR,5,2,3,3
IP265AA,63,35,28,29
IP265AB,65,32,33,25
IP265AD,22,9,13,8
IP265AF,18,9,9,7
IP265AG,9,5,4,3
IP265AH,30,17,13,9
IP265AJ,69,39,30,29
IP265AL,28,17,11,11
IP265AN,50,22,28,27
IP265AP,4,2,2,2
IP265AQ,7,5,2,3
IP265AR,14,6,8,5
IP265AS,1,1,0,1
IP265AT,15,5,10,9
IP265AU,8,5,3,2
IP265AW,27,9,18,10
IP265AX,26,13,13,8
IP265BG,24,13,11,10
IP265BJ,15,8,7,5
IP265BN,98,50,48,43
IP265BQ,2,1,1,1
IP265BS,8,3,5,2
IP265BT,12,5,7,5
IP265BU,12,6,6,6
IP265BW,31,17,14,12
IP265BX,24,12,12,9
IP265BY,3,2,1,2
IP265BZ,15,5,10,4
IP265DA,1,1,0,1
IP265DB,21,10,11,8
IP265DD,8,2,6,2
IP265DE,5,2,3,1
IP265DL,25,10,15,14
IP265DN,3,1,2,2
IP265DP,2,0,2,2
IP265DR,39,17,22,21
IP265DS,153,84,69,57
IP265DT,100,50,50,44
IP265DU,59,29,30,22
IP265DW,35,20,15,17
IP265DX,10,4,6,6
IP265DY,7,4,3,3
IP265DZ,51,24,27,28
IP265EA,4,3,1,2
IP265EB,25,12,13,9
IP265ED,4,3,1,3
IP265EE,112,56,56,55
IP265EF,45,18,27,26
IP265EG,78,40,38,39
IP265EH,22,11,11,8
IP265EJ,15,7,8,5
IP265EL,3,0,3,1
IP265EN,7,4,3,5
IP265EP,61,50,11,4
IP265EQ,15,8,7,6
IP265ER,3,2,1,2
IP265ES,9,4,5,5
IP265ET,16,9,7,8
IP265EU,4,2,2,2
IP265EW,4,3,1,1
IP265EX,21,11,10,4
IP265EY,10,3,7,4
IP265HB,6,3,3,2
IP265HF,13,5,8,4
IP265HG,94,41,53,28
IP265HH,15,8,7,4
IP265HJ,179,89,90,66
IP265HN,12,6,6,6
IP265HQ,53,25,28,20
IP265HR,64,33,31,27
IP265HS,17,9,8,8
IP265HT,1,0,1,1
IP265HU,2,1,1,1
IP265HW,17,9,8,12
IP265HX,17,9,8,8
IP265HY,8,5,3,3
IP265JA,142,75,67,60
IP265JD,37,13,24,18
IP265JG,2,1,1,2
IP265JH,16,8,8,7
IP265JJ,13,4,9,7
IP265JL,15,7,8,7
IP265JN,26,10,16,10
IP265JP,2,1,1,1
IP265JQ,17,12,5,5
IP265JR,8,4,4,4
IP265JS,43,22,21,17
IP265JT,19,10,9,12
IP265JU,127,65,62,56
IP265JX,9,4,5,4
IP265JY,26,13,13,12
IP265LA,70,34,36,31
IP265LB,18,11,7,6
IP265LD,4,2,2,2
IP265LE,120,55,65,49
IP265LF,3,1,2,2
IP265LG,59,26,33,22
IP265LH,19,11,8,8
IP265LJ,23,14,9,9
IP265LL,36,20,16,16
IP265LN,68,35,33,27
IP265LP,2,1,1,1
IP265LQ,29,17,12,4
IP265LR,6,4,2,2
IP265LS,24,14,10,13
IP265LT,2,1,1,1
IP265LU,7,3,4,3
IP265LW,9,5,4,2
IP265LX,11,5,6,4
IP265LY,47,19,28,24
IP265LZ,12,6,6,7
IP265NA,21,9,12,10
IP265NB,52,25,27,23
IP265ND,10,5,5,7
IP265NF,48,28,20,20
IP265NG,2,0,2,2
IP265NH,25,13,12,10
IP265NJ,5,3,2,1
IP265NL,44,24,20,24
IP265NN,64,31,33,24
IP265NP,5,4,1,2
IP265NQ,17,6,11,9
IP265NR,7,4,3,4
IP270AA,17,10,7,6
IP270AB,174,90,84,76
IP270AD,5,2,3,3
IP270AE,5,2,3,3
IP270AG,6,2,4,2
IP270AH,48,22,26,22
IP270AN,159,79,80,67
IP270AP,17,9,8,7
IP270AQ,46,25,21,22
IP270AR,15,5,10,5
IP270AS,1,1,0,1
IP270AU,29,21,8,12
IP270AW,13,7,6,6
IP270AX,22,13,9,13
IP270BD,18,8,10,11
IP270BE,34,19,15,13
IP270BG,38,19,19,15
IP270BJ,2,1,1,1
IP270BL,64,24,40,38
IP270BN,104,55,49,40
IP270BP,14,10,4,5
IP270BS,62,31,31,24
IP270BT,90,49,41,36
IP270BU,32,19,13,21
IP270BX,20,7,13,13
IP270BY,32,17,15,14
IP270BZ,41,19,22,20
IP270DA,117,59,58,40
IP270DB,96,48,48,39
IP270DD,68,33,35,29
IP270DF,80,43,37,32
IP270DG,6,3,3,3
IP270DH,5,2,3,3
IP270DJ,67,34,33,35
IP270DL,28,16,12,13
IP270DN,25,12,13,14
IP270DP,47,24,23,23
IP270DQ,22,12,10,13
IP270DR,17,8,9,10
IP270DS,41,22,19,20
IP270DT,98,45,53,38
IP270DU,106,51,55,37
IP270DW,26,13,13,12
IP270DX,86,43,43,39
IP270DY,29,14,15,15
IP270DZ,30,11,19,16
IP270EA,35,19,16,14
IP270EB,8,5,3,5
IP270ED,3,1,2,2
IP270EE,209,98,111,65
IP270EF,74,37,37,20
IP270EG,151,77,74,52
IP270EH,110,51,59,39
IP270EJ,24,16,8,19
IP270EL,116,59,57,50
IP270EN,52,27,25,17
IP270EP,77,41,36,24
IP270ER,47,26,21,21
IP270ES,23,11,12,10
IP270EU,35,16,19,21
IP270EW,62,28,34,25
IP270EX,118,64,54,59
IP270EY,82,44,38,26
IP270EZ,82,39,43,36
IP270FB,7,4,3,2
IP270GA,8,5,3,3
IP270GB,11,7,4,4
IP270GD,14,8,6,5
IP270GE,9,4,5,3
IP270GY,8,3,5,4
IP270HA,74,38,36,31
IP270HB,70,36,34,28
IP270HD,25,17,8,9
IP270HE,15,7,8,9
IP270HF,76,33,43,34
IP270HG,39,23,16,18
IP270HH,26,12,14,13
IP270HJ,70,37,33,47
IP270HL,32,14,18,29
IP270HP,123,67,56,38
IP270HQ,30,14,16,13
IP270HR,51,19,32,38
IP270HS,25,16,9,11
IP270HT,21,10,11,8
IP270HU,7,1,6,7
IP270HX,8,4,4,4
IP270HY,22,15,7,14
IP270HZ,9,4,5,2
IP270JA,21,10,11,12
IP270JB,16,9,7,10
IP270JD,16,10,6,8
IP270JE,9,5,4,4
IP270JF,40,20,20,29
IP270JG,41,25,16,12
IP270JH,58,28,30,27
IP270JJ,33,17,16,16
IP270JL,62,26,36,20
IP270JN,89,46,43,46
IP270JP,73,35,38,33
IP270JQ,18,9,9,10
IP270JR,38,19,19,16
IP270JS,23,12,11,10
IP270JT,21,9,12,7
IP270JU,39,21,18,21
IP270JW,57,26,31,23
IP270JX,12,3,9,6
IP270JY,61,28,33,32
IP270JZ,125,58,67,61
IP270LA,51,19,32,21
IP270LB,16,7,9,7
IP270LE,32,18,14,15
IP270LF,3,1,2,2
IP270LG,90,47,43,39
IP270LH,40,22,18,21
IP270LJ,26,12,14,14
IP270LL,8,4,4,6
IP270LN,69,34,35,28
IP270LP,91,47,44,36
IP270LR,49,26,23,19
IP270LS,122,63,59,48
IP270LT,57,29,28,17
IP270LU,81,34,47,28
IP270LW,8,5,3,4
IP270LX,19,8,11,11
IP270LY,61,32,29,34
IP270LZ,13,7,6,8
IP270NG,21,13,8,7
IP270NH,69,35,34,31
IP270NL,27,14,13,15
IP270NN,65,27,38,29
IP270NP,34,20,14,16
IP270NQ,7,4,3,3
IP270NR,60,28,32,27
IP270NS,50,27,23,27
IP270NT,57,30,27,23
IP270NU,44,23,21,19
IP270NW,54,23,31,28
IP270NX,36,16,20,14
IP270PF,46,21,25,18
IP270PH,31,17,14,11
IP270PJ,14,6,8,6
IP270PL,15,7,8,5
IP270PP,12,6,6,3
IP270PS,18,7,11,6
IP270PT,9,4,5,3
IP270PU,107,50,57,51
IP270PW,18,10,8,9
IP270PX,70,28,42,27
IP270PY,49,25,24,21
IP270PZ,18,10,8,6
IP270QA,24,12,12,9
IP270QB,11,6,5,4
IP270QD,72,34,38,32
IP270QE,15,8,7,8
IP270QF,9,5,4,5
IP270QG,18,12,6,9
IP270QH,45,22,23,30
IP270QJ,21,11,10,13
IP270QL,59,29,30,26
IP270QN,79,38,41,40
IP270QP,26,12,14,11
IP270QQ,2,1,1,1
IP270QR,35,20,15,14
IP270QS,4,2,2,3
IP270QT,100,49,51,44
IP270QU,52,26,26,19
IP270QW,7,4,3,3
IP270QX,23,12,11,15
IP270QY,51,21,30,24
IP270QZ,126,67,59,51
IP270RA,6,2,4,3
IP270RB,6,3,3,3
IP270RD,14,9,5,4
IP270RE,14,8,6,7
IP270RG,68,32,36,32
IP270RH,112,58,54,48
IP270RJ,58,30,28,22
IP270RL,139,69,70,73
IP270RN,10,4,6,3
IP270RP,21,9,12,7
IP270RQ,103,57,46,46
IP270RR,64,38,26,34
IP270RS,74,39,35,41
IP270RT,112,58,54,44
IP270RU,67,35,32,26
IP270RW,20,9,11,7
IP270RX,22,10,12,9
IP270SA,9,4,5,3
IP270SD,23,11,12,10
IP270SE,16,8,8,8
IP270SF,11,6,5,4
IP270SJ,9,4,5,3
IP270SP,42,21,21,18
IP270SR,15,8,7,7
IP270SS,11,6,5,5
IP270SU,49,19,30,4
IP270SW,5,3,2,3
IP270SX,75,37,38,36
IP270SY,23,12,11,10
IP270SZ,56,29,27,25
IP270TB,25,13,12,13
IP270TD,55,22,33,21
IP270TE,7,3,4,2
IP270TF,5,1,4,2
IP270TG,65,30,35,29
IP270TH,22,11,11,12
IP270TL,28,14,14,15
IP270TN,4,2,2,3
IP270TP,4,2,2,3
IP270TQ,20,9,11,7
IP270TR,5,2,3,2
IP270TT,2,1,1,1
IP270TU,17,7,10,6
IP270TW,60,29,31,21
IP270TX,5,2,3,2
IP270TZ,55,25,30,33
IP270UA,43,21,22,21
IP270UB,15,6,9,9
IP270UD,65,31,34,31
IP270UE,34,19,15,15
IP270UF,43,22,21,21
IP270UG,32,15,17,15
IP270UH,57,25,32,34
IP270UJ,65,36,29,29
IP270UL,60,30,30,32
IP270UN,28,13,15,13
IP270UP,136,69,67,64
IP270UQ,22,12,10,10
IP270UR,31,15,16,15
IP270UT,57,28,29,25
IP270UU,20,11,9,8
IP270UW,37,14,23,19
IP270UX,54,23,31,26
IP270UZ,62,27,35,32
IP270WB,4,1,3,2
IP270XA,135,69,66,66
IP270XB,137,73,64,51
IP270XD,34,20,14,14
IP270XE,83,43,40,36
IP270XF,5,3,2,3
IP270XG,64,34,30,34
IP270XH,137,73,64,54
IP270XL,22,11,11,12
IP270XN,7,3,4,3
IP270XP,17,10,7,7
IP270XQ,49,25,24,19
IP270XS,33,18,15,14
IP270YA,36,15,21,18
IP270YB,29,14,15,17
IP270YD,3,1,2,2
IP270YE,30,14,16,13
IP270YF,25,12,13,12
IP270YG,26,12,14,13
IP270YJ,36,20,16,18
IP270YL,78,40,38,39
IP270YP,81,42,39,34
IP270YQ,42,18,24,24
IP270YR,36,17,19,15
IP279AA,12,6,6,4
IP279AB,40,20,20,9
IP279AD,8,5,3,3
IP279AF,36,18,18,17
IP279AG,120,67,53,50
IP279AH,64,33,31,23
IP279AJ,18,10,8,7
IP279AL,98,51,47,50
IP279AN,13,6,7,6
IP279AP,56,35,21,21
IP279AQ,59,33,26,25
IP279AR,20,12,8,10
IP279AS,4,2,2,2
IP279AT,39,20,19,17
IP279AU,134,72,62,61
IP279AW,53,28,25,18
IP279AX,7,4,3,3
IP279AY,12,6,6,5
IP279AZ,8,4,4,2
IP279BA,5,2,3,1
IP279BB,13,7,6,7
IP279BD,26,14,12,8
IP279BE,16,8,8,7
IP279BF,52,22,30,22
IP279BG,37,19,18,13
IP279BH,33,16,17,14
IP279BJ,15,9,6,5
IP279BL,3,1,2,1
IP279BN,5,2,3,2
IP279BQ,8,4,4,6
IP279BS,4,2,2,2
IP279BT,40,18,22,15
IP279BU,1,0,1,1
IP279BW,11,5,6,3
IP279BX,28,13,15,8
IP279BY,103,51,52,40
IP279BZ,12,6,6,6
IP279DA,66,26,40,35
IP279DB,8,4,4,3
IP279DD,61,33,28,31
IP279DE,65,40,25,34
IP279DF,29,12,17,16
IP279DG,17,9,8,10
IP279DH,63,37,26,28
IP279DJ,33,17,16,15
IP279DN,13,6,7,4
IP279DP,34,18,16,17
IP279DS,56,26,30,27
IP279DT,17,6,11,8
IP279DU,52,30,22,22
IP279DW,23,11,12,9
IP279DX,46,23,23,20
IP279DY,60,26,34,23
IP279DZ,40,22,18,20
IP279EA,50,26,24,20
IP279EB,12,5,7,7
IP279ED,40,20,20,18
IP279EE,103,49,54,41
IP279EF,38,19,19,21
IP279EG,49,23,26,24
IP279EH,44,19,25,22
IP279EJ,78,38,40,31
IP279EL,20,10,10,10
IP279EN,2,1,1,1
IP279EP,29,16,13,14
IP279EQ,34,20,14,20
IP279ES,35,21,14,18
IP279ET,31,18,13,14
IP279EU,27,13,14,11
IP279EW,68,34,34,29
IP279EX,57,29,28,24
IP279EY,25,14,11,14
IP279EZ,18,9,9,9
IP279FD,524,273,251,129
IP279FE,18,12,6,10
IP279FS,3,2,1,2
IP279FT,25,11,14,8
IP279GA,66,30,36,17
IP279GG,96,46,50,26
IP279GH,142,74,68,37
IP279GN,21,12,9,7
IP279GQ,5,3,2,2
IP279GX,7,4,3,2
IP279GY,2,1,1,2
IP279HA,45,24,21,20
IP279HB,65,34,31,27
IP279HD,3,2,1,1
IP279HE,29,14,15,14
IP279HF,43,13,30,10
IP279HG,27,13,14,13
IP279HH,39,18,21,17
IP279HJ,67,32,35,31
IP279HL,99,48,51,42
IP279HP,99,45,54,40
IP279HR,78,36,42,40
IP279HS,66,34,32,28
IP279HT,55,28,27,28
IP279HU,17,10,7,10
IP279HW,103,52,51,36
IP279HX,5,3,2,2
IP279HY,20,9,11,8
IP279HZ,12,7,5,6
IP279JA,51,26,25,20
IP279JB,50,26,24,19
IP279JD,37,16,21,14
IP279JE,26,14,12,12
IP279JF,19,9,10,8
IP279JG,61,33,28,26
IP279JH,21,12,9,12
IP279JJ,18,9,9,9
IP279JL,31,16,15,18
IP279JN,50,22,28,29
IP279JP,25,14,11,14
IP279JQ,120,57,63,57
IP279JR,45,23,22,21
IP279JS,32,11,21,15
IP279JT,12,6,6,4
IP279JU,9,4,5,4
IP279JW,29,17,12,12
IP279JX,22,11,11,9
IP279JY,18,8,10,11
IP279JZ,1,0,1,1
IP279LA,23,12,11,10
IP279LB,12,7,5,5
IP279LD,22,8,14,20
IP279LE,17,8,9,6
IP279LF,28,16,12,14
IP279LG,33,19,14,16
IP279LH,15,9,6,6
IP279LN,2,2,0,1
IP279LP,27,14,13,12
IP279LQ,35,18,17,16
IP279LR,43,22,21,21
IP279LS,14,6,8,5
IP279LT,4,2,2,3
IP279LU,10,4,6,5
IP279LX,14,6,8,7
IP279LY,14,6,8,4
IP279LZ,14,6,8,6
IP279NP,20,9,11,5
IP279NR,35,21,14,13
IP279NS,13,7,6,6
IP279NW,49,24,25,16
IP279NZ,3,1,2,1
IP279PN,1032,722,310,0
IP279QD,16,7,9,6
IP279QE,7,2,5,3
IP279QF,6,4,2,4
IP279QG,19,11,8,6
IP279QH,12,6,6,4
IP279QJ,12,6,6,4
IP279QL,13,6,7,4
IP279QN,25,15,10,7
IP279QP,30,16,14,10
IP279QR,75,38,37,23
IP279QS,20,9,11,8
IP279QT,16,9,7,5
IP279QU,47,22,25,15
IP279QW,35,19,16,8
IP279QX,8,4,4,4
IP279QY,2,1,1,1
IP279QZ,22,10,12,7
IP279RA,47,20,27,14
IP279RB,74,39,35,22
IP279RD,45,22,23,13
IP279RE,37,17,20,10
IP279RF,23,13,10,7
IP279RG,20,9,11,5
IP279RH,12,7,5,3
IP279RJ,70,36,34,20
IP279RL,14,8,6,5
IP279RN,30,14,16,8
IP279RP,32,16,16,9
IP279RQ,26,13,13,8
IP279RR,52,24,28,16
IP279RS,11,6,5,4
IP279RT,35,17,18,11
IP279RU,16,11,5,3
IP279RW,19,7,12,5
IP279SA,67,32,35,33
IP279SB,74,41,33,34
IP279SD,56,28,28,25
IP279SH,12,8,4,3
IP279TA,57,29,28,27
IP286AA,144,71,73,58
IP286AE,6,2,4,2
IP286AF,10,6,4,3
IP286AG,16,6,10,7
IP286AJ,62,26,36,20
IP286AN,34,16,18,17
IP286AP,11,5,6,4
IP286AQ,16,8,8,7
IP286AR,64,27,37,35
IP286AS,10,6,4,3
IP286AT,42,20,22,20
IP286AU,14,7,7,7
IP286AW,65,41,24,18
IP286AX,59,30,29,26
IP286AY,66,36,30,27
IP286AZ,9,5,4,4
IP286BA,22,12,10,10
IP286BB,8,4,4,6
IP286BD,64,37,27,27
IP286BH,45,23,22,18
IP286BJ,1,1,0,1
IP286BL,14,8,6,4
IP286BN,5,2,3,2
IP286BQ,20,10,10,9
IP286BS,11,6,5,4
IP286BT,2,1,1,1
IP286BW,7,5,2,2
IP286BY,74,28,46,36
IP286DA,111,58,53,40
IP286DB,2,2,0,2
IP286DD,2,1,1,1
IP286DE,5,2,3,2
IP286DF,4,2,2,2
IP286DN,49,23,26,19
IP286DP,44,22,22,19
IP286DR,20,10,10,10
IP286DS,24,14,10,9
IP286DT,22,13,9,11
IP286DW,10,4,6,5
IP286DX,29,9,20,2
IP286DY,6,3,3,2
IP286DZ,2,1,1,1
IP286EA,70,37,33,30
IP286EG,43,19,24,18
IP286EH,44,19,25,20
IP286EJ,7,3,4,4
IP286EL,34,18,16,17
IP286EN,10,5,5,4
IP286EQ,9,3,6,4
IP286ER,33,17,16,17
IP286ES,27,11,16,13
IP286ET,12,7,5,6
IP286EU,13,8,5,6
IP286EX,25,14,11,11
IP286EY,18,8,10,7
IP286EZ,30,16,14,15
IP286HA,2,1,1,1
IP286HB,12,5,7,6
IP286HD,1,1,0,1
IP286HE,8,4,4,4
IP286HF,7,4,3,3
IP286HL,20,10,10,6
IP286HN,2,1,1,1
IP286HP,30,15,15,12
IP286HR,61,30,31,25
IP286HS,2,1,1,1
IP286HT,11,6,5,4
IP286HW,54,29,25,22
IP286HX,4,3,1,1
IP286HY,24,11,13,10
IP286HZ,71,36,35,26
IP286JA,2,1,1,1
IP286JF,3,1,2,2
IP286JH,1,1,0,1
IP286JJ,22,11,11,9
IP286JL,103,50,53,47
IP286JN,11,5,6,6
IP286JP,107,55,52,49
IP286JR,46,24,22,21
IP286JS,69,28,41,36
IP286JT,39,19,20,17
IP286JU,22,3,19,19
IP286JX,37,20,17,17
IP286JY,14,7,7,5
IP286JZ,2,1,1,1
IP286LA,19,8,11,8
IP286LB,8,3,5,4
IP286LD,39,15,24,15
IP286LE,41,20,21,16
IP286LF,30,14,16,15
IP286LG,10,7,3,4
IP286LH,21,7,14,8
IP286LN,47,25,22,17
IP286LP,4,0,4,2
IP286LR,25,11,14,13
IP286LS,40,19,21,20
IP286LT,23,12,11,10
IP286LU,4,2,2,3
IP286LW,16,6,10,6
IP286LX,14,7,7,7
IP286LY,7,4,3,1
IP286LZ,17,8,9,10
IP286NA,7,3,4,3
IP286NB,23,15,8,8
IP286NH,2,1,1,1
IP286NJ,30,16,14,13
IP286NL,16,8,8,7
IP286NN,2,1,1,1
IP286NS,4,2,2,2
IP286NT,3,2,1,1
IP286NU,14,8,6,6
IP286NW,13,9,4,5
IP286NX,8,3,5,3
IP286NY,61,33,28,26
IP286NZ,8,4,4,3
IP286PA,26,11,15,7
IP286PB,19,10,9,11
IP286PE,13,7,6,6
IP286PH,12,7,5,4
IP286PL,35,15,20,17
IP286PN,12,5,7,4
IP286PP,18,8,10,7
IP286PS,91,47,44,39
IP286PU,57,29,28,32
IP286PW,12,5,7,4
IP286PX,7,3,4,4
IP286PY,13,7,6,4
IP286PZ,21,12,9,10
IP286QA,13,8,5,5
IP286QB,112,62,50,45
IP286QD,13,6,7,6
IP286QE,1,0,1,1
IP286QH,45,25,20,20
IP286QJ,11,4,7,2
IP286QL,8,4,4,4
IP286QN,92,50,42,42
IP286QP,18,9,9,4
IP286QR,34,14,20,11
IP286QS,26,12,14,15
IP286QT,7,1,6,2
IP286QU,106,55,51,40
IP286QW,10,4,6,3
IP286RA,29,11,18,10
IP286RB,9,4,5,2
IP286RD,11,6,5,6
IP286RE,12,6,6,5
IP286RF,16,9,7,6
IP286RG,16,9,7,8
IP286RH,24,15,9,13
IP286RL,56,29,27,17
IP286RN,58,28,30,19
IP286RP,10,5,5,5
IP286RQ,58,31,27,22
IP286RR,5,3,2,3
IP286RS,90,30,60,4
IP286RT,35,17,18,19
IP286RW,63,27,36,31
IP286SA,120,59,61,48
IP286SB,6,3,3,3
IP286SD,71,34,37,28
IP286SE,67,35,32,28
IP286SG,35,18,17,13
IP286SH,26,13,13,14
IP286SJ,6,3,3,4
IP286SL,14,9,5,4
IP286SN,6,3,3,3
IP286SP,9,4,5,3
IP286SQ,59,30,29,26
IP286SR,11,6,5,3
IP286SS,12,6,6,4
IP286ST,89,46,43,34
IP286SU,3,2,1,2
IP286SW,26,16,10,10
IP286SX,11,4,7,2
IP286SZ,2,1,1,2
IP286TA,4,3,1,3
IP286TB,15,10,5,4
IP286TD,2,1,1,1
IP286TH,5,1,4,2
IP286TJ,19,8,11,8
IP286TN,37,17,20,12
IP286TP,42,22,20,17
IP286TQ,11,5,6,4
IP286TR,63,31,32,32
IP286TS,11,6,5,5
IP286TT,17,7,10,6
IP286TU,40,19,21,13
IP286TW,87,43,44,37
IP286TX,170,94,76,2
IP286TY,2,1,1,1
IP286TZ,4,3,1,4
IP286UA,21,10,11,8
IP286UB,7,4,3,4
IP286UD,12,7,5,5
IP286UE,5,2,3,2
IP286UF,11,5,6,4
IP286UG,40,20,20,19
IP286UH,30,13,17,11
IP286UL,5,2,3,2
IP286UN,5,2,3,2
IP286UP,15,7,8,5
IP286UQ,45,25,20,21
IP286UR,2,0,2,2
IP286US,38,18,20,16
IP286UT,1,1,0,1
IP286UU,26,13,13,13
IP286UW,2,0,2,1
IP286UX,15,10,5,7
IP286UY,9,5,4,3
IP286UZ,2,1,1,1
IP286WF,18,11,7,10
IP286WG,11,6,5,8
IP286WJ,5,3,2,2
IP286XA,40,22,18,18
IP286XB,25,12,13,14
IP286XE,43,18,25,21
IP286XF,79,37,42,33
IP287AA,49,23,26,21
IP287AB,57,29,28,24
IP287AD,33,18,15,18
IP287AE,8,5,3,0
IP287AF,66,32,34,29
IP287AG,7,5,2,4
IP287AH,21,11,10,10
IP287AJ,9,4,5,4
IP287AL,47,23,24,18
IP287AQ,39,24,15,17
IP287BA,148,68,80,63
IP287BG,4,2,2,3
IP287BH,14,8,6,10
IP287BN,22,11,11,14
IP287BP,143,75,68,63
IP287BS,24,15,9,9
IP287BT,48,24,24,20
IP287BU,14,3,11,7
IP287BW,39,22,17,16
IP287BX,81,37,44,30
IP287BY,69,32,37,23
IP287BZ,77,37,40,35
IP287DA,117,55,62,48
IP287DG,59,30,29,25
IP287DL,38,17,21,28
IP287DP,69,40,29,41
IP287DQ,47,23,24,21
IP287DR,9,5,4,4
IP287DS,2,1,1,1
IP287DT,6,4,2,3
IP287DX,17,11,6,7
IP287DY,25,14,11,11
IP287EA,35,13,22,10
IP287ED,48,25,23,23
IP287EE,16,6,10,10
IP287EF,20,10,10,10
IP287EH,12,7,5,6
IP287EJ,2,1,1,1
IP287EL,27,12,15,13
IP287EN,7,5,2,4
IP287EP,10,5,5,4
IP287EQ,29,15,14,9
IP287ER,9,4,5,5
IP287ET,24,11,13,9
IP287EU,54,27,27,24
IP287EW,19,12,7,9
IP287EY,2,1,1,1
IP287EZ,35,20,15,16
IP287FB,39,15,24,14
IP287FE,131,75,56,75
IP287FF,136,63,73,52
IP287FG,44,25,19,19
IP287GA,62,27,35,25
IP287GB,11,8,3,5
IP287GY,18,11,7,6
IP287HA,5,2,3,4
IP287HB,36,23,13,20
IP287HF,51,23,28,20
IP287HH,83,50,33,31
IP287HJ,70,32,38,29
IP287HL,50,25,25,21
IP287HN,31,15,16,15
IP287HP,45,27,18,19
IP287HQ,46,24,22,29
IP287HR,52,28,24,19
IP287HS,35,17,18,11
IP287HT,43,22,21,18
IP287HU,27,13,14,11
IP287HW,35,20,15,18
IP287HX,45,27,18,21
IP287HY,55,27,28,24
IP287HZ,36,22,14,17
IP287JA,106,57,49,44
IP287JB,17,8,9,9
IP287JD,21,12,9,6
IP287JF,96,50,46,40
IP287JG,25,16,9,15
IP287JJ,54,33,21,27
IP287JL,52,21,31,27
IP287JN,48,22,26,19
IP287JP,24,11,13,13
IP287JQ,4,2,2,1
IP287JR,33,13,20,16
IP287JS,48,21,27,26
IP287JT,43,24,19,20
IP287JU,100,43,57,27
IP287JW,52,25,27,29
IP287JY,87,47,40,38
IP287JZ,11,6,5,6
IP287LA,116,57,59,55
IP287LB,20,10,10,9
IP287LD,25,13,12,11
IP287LE,78,41,37,32
IP287LF,102,51,51,49
IP287LG,31,14,17,12
IP287LH,25,8,17,19
IP287LJ,7,2,5,5
IP287LL,111,52,59,50
IP287LN,47,22,25,24
IP287LP,49,15,34,29
IP287LQ,22,7,15,7
IP287LR,90,48,42,35
IP287LS,109,49,60,45
IP287LT,61,32,29,23
IP287LU,56,28,28,21
IP287LW,91,42,49,34
IP287LX,34,12,22,18
IP287LY,78,38,40,26
IP287LZ,64,29,35,31
IP287NA,95,47,48,27
IP287NB,9,4,5,7
IP287ND,71,28,43,37
IP287NE,21,11,10,12
IP287NF,65,26,39,26
IP287NG,33,17,16,18
IP287NH,52,28,24,20
IP287NJ,81,43,38,34
IP287NL,6,3,3,3
IP287NN,53,21,32,31
IP287NP,69,37,32,27
IP287NQ,85,40,45,31
IP287NR,69,36,33,22
IP287NS,95,49,46,33
IP287NT,86,47,39,28
IP287NU,81,41,40,37
IP287NW,84,43,41,30
IP287NX,91,49,42,27
IP287NY,46,25,21,19
IP287NZ,75,34,41,23
IP287PA,47,24,23,22
IP287PB,150,83,67,56
IP287PD,109,55,54,46
IP287PE,145,70,75,62
IP287PF,112,67,45,41
IP287PG,2,1,1,1
IP287PH,14,10,4,6
IP287PJ,44,21,23,18
IP287PL,76,38,38,38
IP287PN,14,6,8,7
IP287PP,78,38,40,36
IP287PQ,2,1,1,2
IP287PR,54,21,33,33
IP287PS,66,32,34,23
IP287PT,115,49,66,56
IP287PW,7,3,4,3
IP287PX,77,28,49,43
IP287PY,53,33,20,34
IP287PZ,10,4,6,4
IP287QA,88,49,39,33
IP287QB,135,73,62,50
IP287QD,5,3,2,3
IP287QF,55,21,34,24
IP287QG,7,3,4,6
IP287QJ,10,4,6,4
IP287QP,30,18,12,16
IP287QR,30,18,12,15
IP287QS,19,10,9,11
IP287QY,48,11,37,42
IP287QZ,8,5,3,3
IP287RB,80,44,36,28
IP287RH,36,21,15,23
IP287RJ,115,52,63,58
IP287RN,22,10,12,6
IP287RP,89,46,43,29
IP287RS,151,78,73,58
IP287RW,16,6,10,5
IP287SA,94,45,49,29
IP287SB,26,17,9,9
IP287SD,56,28,28,21
IP287SE,95,47,48,31
IP287SF,94,48,46,37
IP287SG,74,36,38,34
IP287SH,36,18,18,13
IP287SJ,49,23,26,21
IP287SL,33,16,17,16
IP288AA,85,41,44,30
IP288AB,66,39,27,23
IP288AD,67,36,31,30
IP288AE,35,20,15,18
IP288AF,151,72,79,60
IP288AG,5,3,2,3
IP288AJ,53,30,23,19
IP288AL,50,25,25,22
IP288AN,48,21,27,27
IP288AP,62,32,30,18
IP288AQ,3,2,1,2
IP288AS,13,4,9,4
IP288AT,51,27,24,21
IP288AU,25,14,11,7
IP288AW,23,12,11,9
IP288AX,14,7,7,8
IP288AY,120,62,58,70
IP288AZ,8,3,5,2
IP288BA,4,2,2,1
IP288BB,12,8,4,5
IP288BD,13,7,6,5
IP288BE,48,24,24,20
IP288BF,8,3,5,4
IP288BG,23,11,12,16
IP288BH,63,32,31,27
IP288BJ,39,18,21,17
IP288BL,31,16,15,11
IP288BN,19,10,9,8
IP288BP,2,1,1,1
IP288BQ,8,5,3,6
IP288BS,3,1,2,2
IP288BT,29,14,15,12
IP288BU,15,7,8,6
IP288BW,16,8,8,4
IP288BX,9,5,4,4
IP288BZ,121,57,64,45
IP288DA,2,1,1,1
IP288DB,49,23,26,19
IP288DD,13,6,7,7
IP288DE,14,7,7,4
IP288DF,16,5,11,6
IP288DG,13,7,6,5
IP288DH,38,22,16,11
IP288DJ,16,10,6,9
IP288DL,12,5,7,7
IP288DN,15,6,9,7
IP288DP,30,16,14,11
IP288DQ,9,5,4,4
IP288DR,13,7,6,4
IP288DS,29,14,15,14
IP288DT,17,9,8,7
IP288DU,26,15,11,10
IP288DW,19,7,12,6
IP288DX,8,4,4,4
IP288DY,9,3,6,3
IP288DZ,26,14,12,9
IP288EA,7,4,3,2
IP288EB,14,7,7,6
IP288ED,9,4,5,4
IP288EE,7,4,3,3
IP288EF,11,4,7,3
IP288EG,4,2,2,2
IP288EH,16,7,9,6
IP288EJ,14,8,6,4
IP288EL,199,103,96,78
IP288EN,9,4,5,4
IP288EP,54,23,31,26
IP288EQ,4,3,1,1
IP288ER,11,7,4,4
IP288ES,11,10,1,2
IP288ET,30,17,13,8
IP288EU,5,1,4,1
IP288EX,74,37,37,21
IP288EY,57,32,25,15
IP288EZ,14,10,4,7
IP288FA,54,28,26,20
IP288FB,26,13,13,13
IP288FD,20,13,7,6
IP288FE,68,29,39,27
IP288FF,14,5,9,7
IP288FG,20,7,13,7
IP288FH,65,34,31,23
IP288FJ,49,23,26,20
IP288FN,14,7,7,7
IP288FP,53,28,25,18
IP288FQ,93,43,50,43
IP288FR,35,17,18,17
IP288FS,7,3,4,3
IP288FT,48,24,24,26
IP288FW,65,32,33,29
IP288FX,23,11,12,12
IP288FY,172,85,87,67
IP288FZ,15,5,10,6
IP288GA,106,55,51,50
IP288GB,20,8,12,4
IP288GD,93,42,51,37
IP288GE,58,27,31,26
IP288GF,42,18,24,16
IP288GH,20,7,13,9
IP288GJ,9,4,5,4
IP288GL,30,15,15,11
IP288GN,13,5,8,5
IP288GP,41,19,22,22
IP288GQ,54,31,23,20
IP288GR,27,14,13,10
IP288GS,31,17,14,11
IP288GT,15,8,7,6
IP288GU,39,21,18,16
IP288GW,19,8,11,8
IP288GX,47,19,28,13
IP288GY,14,5,9,6
IP288GZ,31,15,16,13
IP288HA,13,5,8,4
IP288HB,44,20,24,12
IP288HD,20,9,11,5
IP288HE,10,7,3,2
IP288HF,21,12,9,5
IP288HG,2,1,1,1
IP288HH,60,30,30,28
IP288HJ,3,2,1,2
IP288HL,119,60,59,52
IP288HN,21,12,9,10
IP288HQ,2,1,1,1
IP288HR,10,6,4,3
IP288HS,60,28,32,26
IP288HT,38,21,17,15
IP288HU,25,12,13,12
IP288HW,39,21,18,15
IP288HX,11,6,5,4
IP288HY,45,26,19,17
IP288HZ,37,18,19,18
IP288JA,18,9,9,10
IP288JB,43,24,19,18
IP288JD,36,18,18,14
IP288JE,2,1,1,1
IP288JF,14,8,6,7
IP288JG,19,8,11,8
IP288JH,16,9,7,8
IP288JJ,9,3,6,3
IP288JL,46,27,19,18
IP288JN,44,21,23,21
IP288JP,21,11,10,11
IP288JQ,43,20,23,18
IP288JR,37,16,21,13
IP288JS,43,25,18,11
IP288JT,40,21,19,16
IP288JU,48,27,21,18
IP288JW,14,8,6,9
IP288JX,5,4,1,1
IP288JZ,67,35,32,25
IP288LA,32,23,9,24
IP288LB,9,6,3,4
IP288LD,9,5,4,3
IP288LE,2,1,1,1
IP288LF,22,12,10,9
IP288LG,55,29,26,25
IP288LH,29,15,14,12
IP288LJ,24,8,16,12
IP288LL,4,3,1,4
IP288LN,65,37,28,29
IP288LP,18,8,10,8
IP288LQ,14,7,7,5
IP288LR,106,54,52,50
IP288LS,69,31,38,33
IP288LT,92,41,51,35
IP288LU,14,5,9,4
IP288LW,15,8,7,6
IP288LX,15,7,8,5
IP288LY,14,8,6,5
IP288LZ,21,12,9,8
IP288NA,10,5,5,4
IP288NB,6,3,3,4
IP288NE,9,6,3,5
IP288NF,132,98,34,0
IP288NG,2,1,1,1
IP288NH,7,4,3,3
IP288NJ,31,17,14,12
IP288NL,14,7,7,6
IP288NN,11,4,7,4
IP288NP,38,23,15,16
IP288NQ,130,68,62,48
IP288NR,17,8,9,7
IP288NS,11,6,5,3
IP288NT,15,8,7,5
IP288NU,6,3,3,3
IP288NX,19,9,10,7
IP288NY,29,17,12,13
IP288NZ,21,12,9,9
IP288PA,71,37,34,26
IP288PB,58,26,32,29
IP288PD,30,14,16,14
IP288PE,9,6,3,3
IP288PF,87,47,40,34
IP288PG,46,25,21,18
IP288PH,37,20,17,20
IP288PJ,88,50,38,36
IP288PL,107,49,58,40
IP288PN,9,4,5,3
IP288PP,40,20,20,21
IP288PQ,101,56,45,39
IP288PR,5,3,2,1
IP288PS,16,9,7,6
IP288PT,46,23,23,23
IP288PU,28,17,11,9
IP288PW,35,20,15,17
IP288PX,4,2,2,2
IP288PY,78,36,42,32
IP288PZ,44,23,21,17
IP288QA,61,33,28,24
IP288QB,23,9,14,6
IP288QD,29,17,12,12
IP288QE,16,9,7,9
IP288QF,4,1,3,2
IP288QG,13,8,5,4
IP288QH,40,19,21,16
IP288QJ,21,8,13,9
IP288QL,11,6,5,6
IP288QN,4,2,2,2
IP288QP,13,7,6,5
IP288QQ,6,3,3,3
IP288QS,2,1,1,1
IP288QT,3,2,1,2
IP288QU,1,1,0,1
IP288QW,13,7,6,4
IP288QX,27,12,15,7
IP288QZ,5,2,3,3
IP288RA,8,5,3,4
IP288RB,6,3,3,2
IP288RD,19,10,9,6
IP288RE,9,4,5,4
IP288RF,28,13,15,11
IP288RG,7,4,3,3
IP288RH,5,2,3,2
IP288RJ,4,2,2,1
IP288RN,7,3,4,2
IP288RP,44,23,21,17
IP288RQ,2,1,1,1
IP288RU,97,41,56,41
IP288RX,28,14,14,11
IP288RY,28,16,12,8
IP288RZ,15,7,8,5
IP288SA,18,7,11,9
IP288SB,30,16,14,13
IP288SD,16,7,9,7
IP288SE,17,6,11,7
IP288SF,60,29,31,23
IP288SG,79,44,35,34
IP288SH,21,11,10,9
IP288SJ,10,6,4,4
IP288SL,38,23,15,17
IP288SN,17,8,9,5
IP288SP,15,5,10,11
IP288SQ,20,12,8,8
IP288SR,4,1,3,2
IP288SS,18,10,8,5
IP288ST,76,37,39,20
IP288SU,87,45,42,29
IP288SW,15,10,5,8
IP288SX,12,4,8,3
IP288TA,37,17,20,13
IP288TB,38,18,20,16
IP288TD,4,3,1,1
IP288TE,59,27,32,29
IP288TF,31,15,16,14
IP288TG,14,7,7,6
IP288TH,37,15,22,16
IP288TJ,79,47,32,31
IP288TL,50,23,27,29
IP288TN,42,19,23,16
IP288TP,103,50,53,50
IP288TQ,28,15,13,15
IP288TR,11,7,4,7
IP288TT,25,17,8,11
IP288TW,80,43,37,34
IP288TX,147,77,70,59
IP288TY,102,47,55,44
IP288TZ,13,6,7,5
IP288UA,114,58,56,47
IP288UB,38,14,24,14
IP288UD,62,35,27,24
IP288UE,46,22,24,20
IP288UF,7,4,3,4
IP288UG,13,7,6,6
IP288UJ,17,8,9,7
IP288UN,6,3,3,2
IP288UQ,20,9,11,5
IP288UR,5,3,2,3
IP288US,58,26,32,20
IP288UT,8,4,4,4
IP288UU,11,6,5,7
IP288UX,4,2,2,2
IP288UY,17,7,10,8
IP288UZ,86,43,43,39
IP288WH,5,4,1,1
IP288WJ,14,7,7,8
IP288WP,63,32,31,29
IP288WS,34,18,16,16
IP288WW,37,18,19,16
IP288XE,1,0,1,1
IP288XG,1,1,0,1
IP288YA,26,17,9,16
IP288YB,29,16,13,7
IP288YH,128,69,59,47
IP288YL,50,23,27,19
IP294AA,16,7,9,9
IP294AB,11,6,5,4
IP294AD,8,4,4,2
IP294AF,22,11,11,8
IP294AG,18,6,12,8
IP294AH,22,14,8,8
IP294AJ,12,6,6,6
IP294AL,16,9,7,8
IP294AN,21,10,11,6
IP294AP,8,4,4,2
IP294AQ,9,5,4,3
IP294AR,23,12,11,8
IP294AS,57,27,30,24
IP294AT,7,4,3,3
IP294AU,14,10,4,6
IP294AW,8,4,4,3
IP294AX,8,5,3,1
IP294AY,6,3,3,4
IP294AZ,7,4,3,3
IP294BA,52,25,27,18
IP294BB,8,4,4,4
IP294BE,51,26,25,21
IP294BG,55,29,26,21
IP294BH,6,2,4,2
IP294BP,12,6,6,4
IP294BQ,12,6,6,3
IP294BS,23,14,9,7
IP294BT,13,6,7,5
IP294BU,15,9,6,7
IP294BX,15,6,9,6
IP294BY,68,34,34,31
IP294BZ,8,5,3,3
IP294DA,24,12,12,10
IP294DH,64,34,30,26
IP294DJ,46,23,23,23
IP294DL,63,31,32,23
IP294DN,10,6,4,4
IP294DR,35,15,20,15
IP294DS,13,5,8,4
IP294DT,4,3,1,1
IP294DW,2,1,1,1
IP294DZ,3,2,1,2
IP294EA,11,7,4,4
IP294ED,32,15,17,14
IP294EE,2,1,1,1
IP294EF,6,3,3,2
IP294EG,23,10,13,9
IP294EH,2,1,1,1
IP294EJ,2,1,1,1
IP294EL,16,9,7,5
IP294EQ,23,11,12,10
IP294ES,15,7,8,10
IP294ET,13,4,9,7
IP294EU,1,0,1,1
IP294EX,5,2,3,2
IP294EY,11,5,6,5
IP294FH,3,1,2,2
IP294HB,12,6,6,5
IP294HD,8,5,3,3
IP294HE,14,5,9,5
IP294HF,11,5,6,5
IP294HG,16,5,11,7
IP294HH,11,8,3,6
IP294HJ,13,6,7,6
IP294HL,26,15,11,9
IP294HN,19,11,8,9
IP294HP,26,11,15,14
IP294HQ,6,3,3,3
IP294HR,4,2,2,1
IP294HS,78,41,37,32
IP294HT,40,21,19,14
IP294HU,24,9,15,8
IP294HW,14,7,7,4
IP294HX,12,5,7,6
IP294HY,4,1,3,1
IP294HZ,34,15,19,12
IP294JA,19,11,8,8
IP294JB,4,1,3,2
IP294JD,3,3,0,3
IP294JE,3,2,1,1
IP294JN,16,7,9,5
IP294JP,21,9,12,11
IP294JR,5,2,3,1
IP294JS,3,1,2,1
IP294JT,13,5,8,5
IP294JU,13,8,5,5
IP294JX,7,4,3,2
IP294JY,18,9,9,7
IP294JZ,1,1,0,1
IP294LD,8,4,4,3
IP294LG,3,2,1,1
IP294LH,26,12,14,8
IP294LJ,6,3,3,2
IP294LL,6,4,2,3
IP294LN,14,7,7,5
IP294LQ,32,15,17,14
IP294LW,5,3,2,2
IP294NA,35,20,15,14
IP294ND,43,27,16,20
IP294NE,12,6,6,3
IP294NF,14,7,7,7
IP294NH,4,1,3,1
IP294NJ,13,7,6,6
IP294NL,4,1,3,1
IP294NN,27,11,16,13
IP294NP,21,11,10,9
IP294NW,28,15,13,10
IP294NZ,8,5,3,4
IP294PA,28,15,13,13
IP294PB,27,12,15,12
IP294PE,74,36,38,27
IP294PF,7,2,5,3
IP294PG,17,9,8,4
IP294PH,15,9,6,6
IP294PJ,51,18,33,14
IP294PL,65,38,27,28
IP294PN,81,37,44,31
IP294PP,8,5,3,3
IP294PQ,27,10,17,17
IP294PR,14,7,7,7
IP294PS,26,13,13,8
IP294PT,6,4,2,2
IP294PU,36,13,23,12
IP294PW,91,48,43,36
IP294PX,41,17,24,14
IP294PY,21,10,11,10
IP294PZ,43,20,23,17
IP294QA,35,20,15,16
IP294QB,26,12,14,12
IP294QD,24,13,11,7
IP294QE,21,11,10,8
IP294QF,18,8,10,8
IP294QG,27,13,14,10
IP294QH,6,2,4,3
IP294QJ,23,12,11,11
IP294QL,19,9,10,9
IP294QT,3,1,2,2
IP294QU,27,16,11,9
IP294RA,12,6,6,4
IP294RB,10,5,5,3
IP294RD,15,8,7,7
IP294RE,13,6,7,6
IP294RF,21,10,11,12
IP294RG,26,13,13,10
IP294RH,44,23,21,22
IP294RJ,18,11,7,8
IP294RL,3,2,1,2
IP294RN,53,24,29,18
IP294RQ,16,8,8,9
IP294RR,8,4,4,5
IP294RS,40,21,19,17
IP294RT,62,31,31,31
IP294RU,14,5,9,9
IP294RW,29,16,13,9
IP294RX,11,5,6,4
IP294RZ,1,1,0,1
IP294SA,15,6,9,7
IP294SB,5,2,3,2
IP294SD,4,2,2,2
IP294SE,11,4,7,5
IP294SF,16,10,6,6
IP294SG,10,3,7,2
IP294SJ,2,1,1,1
IP294SP,23,13,10,9
IP294SR,8,3,5,4
IP294SS,26,13,13,12
IP294ST,41,19,22,16
IP294SU,22,8,14,8
IP294SY,6,4,2,2
IP294SZ,10,5,5,5
IP294TA,5,2,3,2
IP294TB,12,5,7,7
IP294TD,18,10,8,9
IP294TE,35,14,21,16
IP294TF,19,7,12,8
IP294TG,8,4,4,4
IP294TH,8,4,4,2
IP294TJ,6,2,4,2
IP294TL,22,11,11,7
IP294TN,13,6,7,7
IP294TP,11,7,4,4
IP294TQ,10,5,5,3
IP294TR,4,2,2,2
IP294TW,50,23,27,20
IP294TY,32,17,15,13
IP294UA,46,21,25,24
IP294UB,45,22,23,20
IP294UD,7,4,3,3
IP294UE,16,7,9,8
IP294UG,15,8,7,7
IP294UH,44,22,22,19
IP294UJ,47,21,26,18
IP294UL,19,10,9,7
IP294UN,99,43,56,49
IP294UP,13,5,8,5
IP294UQ,47,26,21,17
IP294UR,12,4,8,4
IP294UT,11,5,6,6
IP294UW,40,19,21,18
IP294UX,17,7,10,6
IP294UY,85,45,40,38
IP294XA,10,6,4,4
IP294XB,70,38,32,26
IP294XD,25,12,13,9
IP295AA,60,31,29,26
IP295AB,27,13,14,12
IP295AD,44,21,23,21
IP295AE,33,16,17,12
IP295AF,75,37,38,30
IP295AG,81,34,47,35
IP295AJ,15,7,8,5
IP295AL,57,29,28,27
IP295AN,61,26,35,29
IP295AP,58,33,25,21
IP295AS,7,3,4,3
IP295AT,11,7,4,6
IP295AU,4,3,1,1
IP295AW,19,7,12,10
IP295AX,21,8,13,7
IP295AY,14,8,6,6
IP295AZ,19,6,13,10
IP295BA,15,7,8,5
IP295BB,2,1,1,1
IP295BE,24,11,13,7
IP295BG,37,20,17,15
IP295BS,69,33,36,28
IP295BT,2,1,1,1
IP295BU,7,5,2,6
IP295BX,20,8,12,10
IP295BY,35,16,19,18
IP295DA,39,20,19,13
IP295DB,15,6,9,4
IP295DD,48,24,24,22
IP295DE,47,23,24,17
IP295DF,38,19,19,15
IP295DG,107,54,53,35
IP295DH,28,10,18,22
IP295DJ,74,34,40,30
IP295DL,95,46,49,34
IP295DN,103,43,60,35
IP295DP,16,8,8,12
IP295DQ,29,13,16,14
IP295DS,25,9,16,16
IP295DT,31,13,18,12
IP295DU,54,22,32,16
IP295DX,44,20,24,18
IP295DY,54,27,27,28
IP295DZ,41,19,22,17
IP295ED,11,7,4,4
IP295EE,4,2,2,2
IP295EF,24,12,12,10
IP295EG,15,6,9,6
IP295EH,11,3,8,3
IP295EJ,2,1,1,1
IP295EL,11,5,6,4
IP295EN,21,14,7,8
IP295EP,12,6,6,5
IP295EQ,32,15,17,12
IP295EW,28,12,16,13
IP295EZ,10,6,4,3
IP295HA,4,2,2,1
IP295HD,5,3,2,2
IP295HE,22,10,12,9
IP295HF,7,3,4,2
IP295HH,14,8,6,7
IP295HJ,4,2,2,2
IP295HL,7,3,4,2
IP295HP,48,26,22,19
IP295HR,75,38,37,24
IP295HS,15,9,6,7
IP295HT,32,16,16,12
IP295HU,1,1,0,1
IP295HX,24,13,11,8
IP295HY,39,18,21,16
IP295HZ,9,3,6,5
IP295JB,3,1,2,1
IP295JD,4,2,2,2
IP295JL,7,4,3,4
IP295JN,13,7,6,6
IP295JP,24,14,10,12
IP295JR,87,46,41,37
IP295JS,5,3,2,2
IP295JT,9,4,5,5
IP295JU,4,2,2,2
IP295JW,31,16,15,15
IP295LA,30,19,11,11
IP295LB,7,3,4,2
IP295LD,9,3,6,6
IP295LE,6,4,2,3
IP295LF,5,3,2,1
IP295LG,3,1,2,1
IP295LH,26,13,13,12
IP295LJ,2,1,1,1
IP295LP,5,2,3,3
IP295LQ,4,2,2,2
IP295LT,20,12,8,7
IP295LU,17,9,8,3
IP295LY,35,18,17,11
IP295LZ,25,11,14,12
IP295NA,14,9,5,4
IP295NB,10,4,6,4
IP295ND,6,3,3,2
IP295NE,6,2,4,4
IP295NF,5,1,4,4
IP295NH,6,3,3,3
IP295NJ,39,18,21,17
IP295NL,10,5,5,3
IP295NN,3,2,1,2
IP295NP,29,16,13,10
IP295NR,19,10,9,9
IP295NS,77,37,40,35
IP295NT,16,8,8,8
IP295NU,94,42,52,21
IP295NW,11,7,4,4
IP295NX,5,3,2,1
IP295NY,25,11,14,13
IP295NZ,4,2,2,1
IP295PE,7,3,4,3
IP295PH,5,2,3,2
IP295PJ,8,6,2,3
IP295PL,9,5,4,3
IP295PN,16,10,6,6
IP295PP,32,18,14,14
IP295PQ,48,19,29,25
IP295PR,19,8,11,9
IP295PS,33,16,17,13
IP295PT,2,1,1,1
IP295PU,21,9,12,10
IP295PW,16,8,8,8
IP295PX,3,1,2,1
IP295PY,54,28,26,22
IP295QB,4,2,2,1
IP295QE,12,4,8,6
IP295QF,19,11,8,8
IP295QG,1,0,1,1
IP295QH,35,16,19,17
IP295QJ,26,14,12,9
IP295QL,67,37,30,25
IP295QN,20,7,13,10
IP295QP,24,13,11,10
IP295QQ,11,3,8,5
IP295QR,38,18,20,17
IP295QS,15,10,5,5
IP295QT,3,2,1,3
IP295QU,13,9,4,4
IP295QW,7,1,6,5
IP295QX,16,6,10,6
IP295QY,37,21,16,14
IP295QZ,23,12,11,9
IP295RA,7,4,3,3
IP295RB,13,7,6,7
IP295RD,16,7,9,7
IP295RE,4,2,2,2
IP295RF,10,5,5,3
IP295RG,17,8,9,5
IP295RH,7,3,4,3
IP295RJ,3,2,1,1
IP295RL,8,6,2,2
IP295RN,34,19,15,13
IP295RP,36,14,22,17
IP295RQ,4,2,2,1
IP295RU,15,10,5,8
IP295RW,39,19,20,18
IP295RX,8,4,4,4
IP295RY,9,4,5,4
IP295RZ,26,12,14,9
IP295SA,25,12,13,11
IP295SB,63,34,29,22
IP295SD,31,13,18,12
IP295SE,39,19,20,16
IP295SF,55,26,29,20
IP295SG,19,10,9,8
IP295SH,30,17,13,11
IP295SJ,24,13,11,10
IP295SL,43,22,21,20
IP295SN,39,19,20,17
IP295SP,49,25,24,24
IP295SQ,48,25,23,16
IP295SR,23,11,12,12
IP295SS,75,35,40,35
IP295ST,31,15,16,13
IP295SW,36,18,18,19
IP295SZ,39,21,18,17
IP3 0AE,16,8,8,4
IP3 0AG,452,193,259,15
IP3 0AH,75,47,28,40
IP3 0AL,50,27,23,22
IP3 0AN,47,22,25,22
IP3 0AP,10,7,3,5
IP3 0AR,51,35,16,27
IP3 0AT,3,1,2,3
IP3 0AU,93,58,35,45
IP3 0AX,6,1,5,3
IP3 0AY,3,2,1,1
IP3 0BB,106,65,41,64
IP3 0BF,63,32,31,33
IP3 0BL,91,57,34,51
IP3 0BN,100,54,46,54
IP3 0BP,57,39,18,36
IP3 0BU,55,29,26,32
IP3 0BW,71,41,30,36
IP3 0BX,54,33,21,27
IP3 0BY,55,34,21,31
IP3 0DA,24,12,12,14
IP3 0DJ,22,12,10,13
IP3 0DN,34,14,20,23
IP3 0DQ,22,12,10,8
IP3 0DR,33,18,15,16
IP3 0DS,25,17,8,13
IP3 0DT,35,25,10,23
IP3 0DU,73,35,38,43
IP3 0DW,16,9,7,9
IP3 0DX,31,14,17,12
IP3 0DY,33,20,13,19
IP3 0DZ,24,11,13,12
IP3 0EA,7,5,2,6
IP3 0EE,32,16,16,18
IP3 0EF,94,48,46,65
IP3 0EG,70,37,33,35
IP3 0EH,40,12,28,34
IP3 0EJ,75,31,44,29
IP3 0EL,15,7,8,8
IP3 0EN,37,25,12,11
IP3 0EQ,7,3,4,4
IP3 0EU,4,2,2,3
IP3 0EW,117,61,56,40
IP3 0EX,35,15,20,12
IP3 0EY,100,54,46,42
IP3 0EZ,34,16,18,13
IP3 0FA,25,11,14,11
IP3 0FB,31,16,15,16
IP3 0FD,36,19,17,18
IP3 0FE,39,27,12,22
IP3 0FF,18,7,11,8
IP3 0FG,32,17,15,15
IP3 0FH,26,13,13,15
IP3 0FJ,36,22,14,17
IP3 0FL,14,8,6,3
IP3 0HA,103,49,54,44
IP3 0HB,31,15,16,14
IP3 0HD,48,24,24,22
IP3 0HE,53,21,32,20
IP3 0HF,29,13,16,10
IP3 0HG,91,42,49,28
IP3 0HH,52,22,30,23
IP3 0HJ,56,24,32,20
IP3 0HL,20,12,8,9
IP3 0HN,106,47,59,41
IP3 0HP,41,23,18,15
IP3 0HQ,44,17,27,16
IP3 0HR,34,19,15,13
IP3 0HS,109,45,64,44
IP3 0HT,66,30,36,29
IP3 0HU,86,36,50,30
IP3 0HW,66,28,38,24
IP3 0HX,29,11,18,8
IP3 0JA,27,12,15,10
IP3 0JB,39,17,22,22
IP3 0JD,111,45,66,40
IP3 0JE,26,14,12,14
IP3 0JG,15,6,9,5
IP3 0JH,2,1,1,1
IP3 0JJ,15,7,8,6
IP3 0JL,11,6,5,9
IP3 0JN,46,26,20,13
IP3 0JP,16,9,7,5
IP3 0JQ,23,14,9,12
IP3 0JR,97,45,52,34
IP3 0JS,26,15,11,9
IP3 0JT,30,18,12,11
IP3 0JU,107,60,47,36
IP3 0JW,89,44,45,28
IP3 0JX,158,73,85,59
IP3 0JY,48,22,26,18
IP3 0LA,79,38,41,25
IP3 0LB,9,4,5,4
IP3 0LD,185,91,94,68
IP3 0LE,16,9,7,7
IP3 0LF,192,92,100,63
IP3 0LG,27,13,14,8
IP3 0LH,81,38,43,26
IP3 0LJ,39,21,18,16
IP3 0LL,28,18,10,11
IP3 0LN,97,48,49,37
IP3 0LP,74,33,41,32
IP3 0LQ,136,68,68,47
IP3 0LR,39,18,21,12
IP3 0LS,29,12,17,12
IP3 0LT,108,57,51,38
IP3 0LU,14,7,7,8
IP3 0LW,25,12,13,8
IP3 0LX,87,41,46,32
IP3 0LY,141,66,75,44
IP3 0LZ,53,29,24,20
IP3 0NE,54,26,28,20
IP3 0NF,14,7,7,5
IP3 0NG,28,16,12,17
IP3 0NH,90,44,46,44
IP3 0NJ,80,43,37,41
IP3 0NL,32,18,14,18
IP3 0NN,14,6,8,5
IP3 0NP,85,43,42,39
IP3 0NQ,59,30,29,20
IP3 0NR,35,17,18,15
IP3 0NS,44,20,24,22
IP3 0NT,48,22,26,16
IP3 0NU,46,24,22,19
IP3 0NW,34,18,16,17
IP3 0NX,106,54,52,44
IP3 0PA,35,19,16,13
IP3 0PB,138,68,70,51
IP3 0PD,73,33,40,29
IP3 0PE,59,18,41,48
IP3 0PF,16,4,12,14
IP3 0PG,4,2,2,2
IP3 0PH,101,50,51,40
IP3 0PJ,37,19,18,16
IP3 0PL,5,2,3,1
IP3 0PQ,24,13,11,9
IP3 0PS,21,8,13,9
IP3 0PT,47,25,22,18
IP3 0PU,95,48,47,36
IP3 0PX,23,11,12,12
IP3 0PY,45,19,26,22
IP3 0PZ,38,18,20,17
IP3 0QA,21,8,13,11
IP3 0QB,76,33,43,31
IP3 0QD,157,82,75,56
IP3 0QE,107,59,48,43
IP3 0QF,86,46,40,43
IP3 0QG,14,8,6,8
IP3 0QH,123,65,58,51
IP3 0QJ,41,17,24,21
IP3 0QL,105,52,53,42
IP3 0QN,30,12,18,13
IP3 0QP,42,21,21,16
IP3 0QQ,14,7,7,9
IP3 0QR,93,50,43,42
IP3 0QU,82,43,39,30
IP3 0QW,35,16,19,16
IP3 0QZ,11,3,8,7
IP3 0RA,69,34,35,27
IP3 0RB,78,38,40,33
IP3 0RD,48,26,22,20
IP3 0RE,101,48,53,60
IP3 0RF,99,51,48,39
IP3 0RG,26,13,13,9
IP3 0RH,71,33,38,25
IP3 0RJ,86,36,50,29
IP3 0RL,33,19,14,12
IP3 0RN,109,54,55,39
IP3 0RP,55,28,27,23
IP3 0RQ,51,25,26,20
IP3 0RR,69,36,33,33
IP3 0RS,108,55,53,46
IP3 0RT,50,24,26,19
IP3 0RU,49,26,23,26
IP3 0RW,55,28,27,18
IP3 0RX,19,9,10,10
IP3 0RY,27,11,16,12
IP3 0RZ,17,8,9,6
IP3 0SA,58,30,28,26
IP3 0SB,6,1,5,2
IP3 0SD,73,41,32,32
IP3 0SE,43,20,23,16
IP3 0SF,34,18,16,15
IP3 0SG,94,46,48,39
IP3 0SH,8,4,4,4
IP3 0SJ,48,25,23,19
IP3 0SL,123,65,58,46
IP3 0SN,12,6,6,6
IP3 0SQ,14,4,10,8
IP3 0SS,9,5,4,4
IP3 0SW,19,8,11,10
IP3 8AA,45,23,22,15
IP3 8AB,5,4,1,4
IP3 8AD,18,8,10,9
IP3 8AF,39,23,16,23
IP3 8AH,29,13,16,11
IP3 8AJ,100,47,53,48
IP3 8AN,34,15,19,29
IP3 8AP,46,24,22,22
IP3 8AR,26,11,15,11
IP3 8AS,37,20,17,17
IP3 8AT,163,87,76,67
IP3 8AU,67,34,33,30
IP3 8AW,61,31,30,27
IP3 8AY,18,10,8,5
IP3 8AZ,35,21,14,9
IP3 8BA,11,6,5,4
IP3 8BD,33,16,17,15
IP3 8BE,31,17,14,12
IP3 8BF,76,38,38,40
IP3 8BG,148,67,81,61
IP3 8BQ,151,70,81,65
IP3 8BS,28,18,10,15
IP3 8BT,32,13,19,21
IP3 8BU,61,27,34,29
IP3 8BW,35,18,17,11
IP3 8BX,131,73,58,55
IP3 8BY,5,1,4,2
IP3 8BZ,109,54,55,45
IP3 8DB,58,23,35,24
IP3 8DE,24,10,14,11
IP3 8DH,48,22,26,24
IP3 8DL,37,20,17,17
IP3 8DN,73,37,36,28
IP3 8DP,25,15,10,8
IP3 8DS,25,12,13,14
IP3 8DT,21,14,7,8
IP3 8DU,58,27,31,25
IP3 8DX,26,11,15,10
IP3 8DY,23,11,12,11
IP3 8DZ,31,15,16,19
IP3 8EA,28,12,16,13
IP3 8EB,19,11,8,11
IP3 8EE,21,12,9,13
IP3 8EF,46,22,24,25
IP3 8EG,55,23,32,21
IP3 8EH,17,7,10,7
IP3 8EJ,14,8,6,7
IP3 8EL,30,18,12,25
IP3 8EN,26,14,12,10
IP3 8EP,27,12,15,16
IP3 8EQ,63,32,31,25
IP3 8ER,37,18,19,19
IP3 8ES,25,14,11,9
IP3 8ET,165,86,79,67
IP3 8EU,127,59,68,53
IP3 8EW,9,6,3,4
IP3 8EX,27,16,11,14
IP3 8EY,127,67,60,58
IP3 8EZ,68,39,29,38
IP3 8GA,43,18,25,11
IP3 8GB,29,16,13,12
IP3 8GD,190,92,98,69
IP3 8GE,38,18,20,19
IP3 8GF,125,62,63,44
IP3 8GG,102,54,48,48
IP3 8GH,66,31,35,27
IP3 8GJ,58,30,28,22
IP3 8GL,78,42,36,28
IP3 8GN,120,63,57,50
IP3 8GP,165,75,90,62
IP3 8GQ,52,22,30,22
IP3 8GZ,4,2,2,2
IP3 8HA,29,15,14,11
IP3 8HB,52,23,29,17
IP3 8HD,70,36,34,27
IP3 8HE,72,37,35,29
IP3 8HF,39,22,17,16
IP3 8HG,71,37,34,29
IP3 8HL,54,32,22,22
IP3 8HN,83,45,38,34
IP3 8HQ,83,47,36,44
IP3 8HR,38,22,16,18
IP3 8HS,19,12,7,8
IP3 8HT,44,20,24,18
IP3 8HU,84,47,37,35
IP3 8HW,63,33,30,27
IP3 8HX,63,31,32,31
IP3 8HY,27,12,15,14
IP3 8HZ,156,83,73,61
IP3 8JA,16,6,10,8
IP3 8JB,22,10,12,8
IP3 8JE,62,28,34,20
IP3 8JF,61,33,28,23
IP3 8JG,10,4,6,4
IP3 8JH,152,69,83,59
IP3 8JJ,74,37,37,32
IP3 8JL,49,26,23,18
IP3 8JN,180,82,98,71
IP3 8JQ,143,65,78,59
IP3 8JU,69,45,24,37
IP3 8JW,118,48,70,49
IP3 8JX,42,21,21,14
IP3 8JZ,25,17,8,9
IP3 8LA,56,26,30,21
IP3 8LB,11,6,5,8
IP3 8LD,7,2,5,2
IP3 8LG,31,14,17,12
IP3 8LH,26,14,12,9
IP3 8LJ,38,19,19,19
IP3 8LL,24,16,8,7
IP3 8LN,79,37,42,27
IP3 8LP,25,10,15,22
IP3 8LQ,20,11,9,11
IP3 8LR,34,19,15,12
IP3 8LS,35,29,6,0
IP3 8LT,4,3,1,2
IP3 8LW,40,16,24,13
IP3 8LX,5,3,2,2
IP3 8LY,1,1,0,0
IP3 8NA,31,13,18,14
IP3 8NB,12,7,5,5
IP3 8ND,9,4,5,4
IP3 8NE,26,16,10,12
IP3 8NF,22,12,10,10
IP3 8NG,36,16,20,17
IP3 8NH,81,52,29,48
IP3 8NL,67,38,29,30
IP3 8NP,72,36,36,27
IP3 8NQ,53,25,28,19
IP3 8NR,14,7,7,5
IP3 8NS,87,45,42,43
IP3 8NT,63,34,29,26
IP3 8NU,49,27,22,20
IP3 8NW,58,31,27,37
IP3 8NX,76,41,35,33
IP3 8NY,75,34,41,29
IP3 8NZ,50,24,26,20
IP3 8PA,77,34,43,34
IP3 8PB,96,49,47,44
IP3 8PD,58,25,33,25
IP3 8PE,43,21,22,17
IP3 8PF,33,17,16,12
IP3 8PG,43,21,22,18
IP3 8PH,20,8,12,10
IP3 8PJ,23,11,12,9
IP3 8PL,23,10,13,9
IP3 8PQ,41,19,22,15
IP3 8PR,22,13,9,7
IP3 8PT,66,30,36,33
IP3 8PU,43,18,25,20
IP3 8PX,28,12,16,15
IP3 8PY,11,3,8,8
IP3 8PZ,18,8,10,10
IP3 8QA,39,19,20,19
IP3 8QB,12,8,4,8
IP3 8QD,50,27,23,21
IP3 8QE,13,6,7,5
IP3 8QF,25,13,12,14
IP3 8QG,25,13,12,13
IP3 8QH,28,11,17,13
IP3 8QJ,44,20,24,18
IP3 8QL,17,10,7,9
IP3 8QN,28,15,13,14
IP3 8QP,36,14,22,23
IP3 8QQ,29,14,15,12
IP3 8QR,9,5,4,6
IP3 8QS,12,4,8,6
IP3 8QT,9,6,3,4
IP3 8QU,24,11,13,11
IP3 8QW,69,32,37,25
IP3 8QX,74,34,40,30
IP3 8QY,79,38,41,29
IP3 8QZ,25,12,13,13
IP3 8RA,45,24,21,22
IP3 8RB,103,50,53,39
IP3 8RD,85,45,40,36
IP3 8RE,56,26,30,22
IP3 8RF,76,38,38,31
IP3 8RG,11,5,6,6
IP3 8RH,32,17,15,15
IP3 8RJ,113,57,56,48
IP3 8RL,39,19,20,12
IP3 8RN,18,8,10,8
IP3 8RP,21,9,12,12
IP3 8RQ,109,51,58,53
IP3 8RR,28,12,16,17
IP3 8RS,35,15,20,17
IP3 8RT,28,12,16,11
IP3 8RU,19,11,8,9
IP3 8RW,27,12,15,17
IP3 8RX,16,9,7,7
IP3 8RY,76,42,34,27
IP3 8RZ,59,26,33,26
IP3 8SA,48,26,22,22
IP3 8SB,25,15,10,8
IP3 8SD,29,17,12,11
IP3 8SE,11,6,5,4
IP3 8SF,48,20,28,20
IP3 8SG,36,15,21,17
IP3 8SJ,21,12,9,10
IP3 8SL,29,12,17,18
IP3 8SN,67,31,36,33
IP3 8SP,44,23,21,16
IP3 8SQ,53,20,33,30
IP3 8SR,39,19,20,16
IP3 8SS,62,27,35,23
IP3 8ST,59,27,32,25
IP3 8SU,22,14,8,8
IP3 8SW,56,30,26,17
IP3 8SX,56,30,26,20
IP3 8SY,3,1,2,3
IP3 8SZ,46,17,29,15
IP3 8TA,13,6,7,6
IP3 8TB,50,24,26,18
IP3 8TD,30,15,15,10
IP3 8TE,61,32,29,19
IP3 8TF,52,24,28,32
IP3 8TH,68,30,38,47
IP3 8TJ,27,14,13,11
IP3 8TL,20,9,11,8
IP3 8TN,27,14,13,10
IP3 8TP,42,22,20,15
IP3 8TR,20,13,7,7
IP3 8TS,31,17,14,12
IP3 8TT,31,15,16,12
IP3 8TU,48,28,20,13
IP3 8TW,23,11,12,12
IP3 8TX,14,7,7,6
IP3 8TY,29,13,16,15
IP3 8TZ,29,14,15,11
IP3 8UA,8,2,6,5
IP3 8UB,21,10,11,7
IP3 8UD,4,2,2,1
IP3 8UE,24,8,16,10
IP3 8UF,56,29,27,24
IP3 8UG,8,3,5,2
IP3 8UL,23,12,11,9
IP3 8UN,16,8,8,7
IP3 8UR,37,18,19,12
IP3 8US,63,28,35,19
IP3 8UT,104,56,48,56
IP3 8UU,40,22,18,16
IP3 8UX,61,35,26,18
IP3 8UY,21,12,9,18
IP3 8UZ,57,27,30,23
IP3 8XB,37,16,21,13
IP3 8XD,45,24,21,16
IP3 8XE,21,11,10,7
IP3 9AA,28,13,15,12
IP3 9AB,59,29,30,25
IP3 9AD,38,19,19,13
IP3 9AE,40,24,16,14
IP3 9AF,159,77,82,53
IP3 9AG,95,52,43,40
IP3 9AH,112,52,60,41
IP3 9AJ,25,17,8,12
IP3 9AL,59,28,31,25
IP3 9AN,85,44,41,37
IP3 9AP,41,22,19,23
IP3 9AQ,82,42,40,33
IP3 9AR,55,30,25,19
IP3 9AS,57,27,30,18
IP3 9AT,54,26,28,25
IP3 9AU,84,40,44,30
IP3 9AW,34,16,18,15
IP3 9AX,58,29,29,23
IP3 9AY,41,20,21,18
IP3 9AZ,32,16,16,15
IP3 9BA,65,38,27,31
IP3 9BB,30,14,16,12
IP3 9BD,10,6,4,6
IP3 9BG,12,3,9,8
IP3 9BH,85,45,40,32
IP3 9BJ,9,6,3,4
IP3 9BN,34,13,21,13
IP3 9BT,21,11,10,8
IP3 9BU,40,22,18,14
IP3 9BX,89,43,46,38
IP3 9BY,83,37,46,37
IP3 9BZ,37,15,22,17
IP3 9DA,15,9,6,8
IP3 9DB,65,30,35,29
IP3 9DD,122,64,58,51
IP3 9DE,110,54,56,48
IP3 9DF,18,8,10,8
IP3 9DG,30,15,15,11
IP3 9DH,40,20,20,16
IP3 9DJ,17,8,9,6
IP3 9DL,12,6,6,5
IP3 9DN,21,10,11,9
IP3 9DP,86,41,45,26
IP3 9DQ,55,27,28,21
IP3 9DR,73,37,36,28
IP3 9DS,21,10,11,8
IP3 9DT,30,16,14,11
IP3 9DU,45,23,22,16
IP3 9DW,26,17,9,10
IP3 9DX,70,35,35,21
IP3 9DY,34,19,15,8
IP3 9DZ,12,8,4,6
IP3 9EA,14,5,9,6
IP3 9EB,105,53,52,42
IP3 9ED,34,21,13,12
IP3 9EF,7,4,3,3
IP3 9EG,16,4,12,4
IP3 9EH,36,22,14,12
IP3 9EN,82,40,42,34
IP3 9EP,21,8,13,9
IP3 9ER,22,7,15,11
IP3 9ES,18,6,12,6
IP3 9ET,60,35,25,21
IP3 9EU,54,24,30,16
IP3 9EW,15,7,8,8
IP3 9EX,29,14,15,19
IP3 9EY,123,57,66,41
IP3 9EZ,40,17,23,12
IP3 9FG,4,3,1,1
IP3 9FL,11,3,8,7
IP3 9GA,27,14,13,14
IP3 9GB,6,4,2,3
IP3 9GD,210,104,106,92
IP3 9GE,71,29,42,23
IP3 9GF,61,31,30,25
IP3 9GG,49,28,21,22
IP3 9GH,44,19,25,14
IP3 9GJ,85,43,42,34
IP3 9GL,27,11,16,12
IP3 9GN,36,21,15,13
IP3 9GP,76,37,39,21
IP3 9GQ,84,37,47,33
IP3 9GR,104,54,50,33
IP3 9GS,72,34,38,22
IP3 9GT,39,21,18,16
IP3 9GW,2,0,2,1
IP3 9HA,28,11,17,9
IP3 9HB,42,24,18,12
IP3 9HD,38,19,19,13
IP3 9HE,29,14,15,12
IP3 9HF,34,16,18,13
IP3 9HG,95,42,53,30
IP3 9HH,67,37,30,20
IP3 9HJ,24,12,12,8
IP3 9HL,22,10,12,6
IP3 9HN,31,17,14,10
IP3 9HP,37,15,22,18
IP3 9HQ,48,22,26,15
IP3 9HR,76,38,38,27
IP3 9HS,71,28,43,24
IP3 9HT,34,9,25,30
IP3 9HU,92,37,55,35
IP3 9HW,58,31,27,24
IP3 9HX,14,8,6,5
IP3 9HY,90,50,40,42
IP3 9HZ,55,29,26,26
IP3 9JA,69,36,33,33
IP3 9JB,60,30,30,25
IP3 9JD,5,3,2,3
IP3 9JH,49,25,24,25
IP3 9JJ,39,21,18,18
IP3 9JL,12,5,7,3
IP3 9JN,87,41,46,37
IP3 9JP,24,15,9,10
IP3 9JR,41,21,20,18
IP3 9JS,50,27,23,17
IP3 9JT,144,75,69,55
IP3 9JU,20,7,13,10
IP3 9JW,36,15,21,18
IP3 9JX,49,27,22,21
IP3 9JY,82,39,43,34
IP3 9JZ,96,46,50,41
IP3 9LA,117,62,55,47
IP3 9LB,116,60,56,43
IP3 9LD,74,33,41,35
IP3 9LE,71,35,36,29
IP3 9LF,88,42,46,35
IP3 9LG,44,20,24,17
IP3 9LH,85,46,39,36
IP3 9LJ,125,65,60,47
IP3 9LL,28,14,14,12
IP3 9LN,44,18,26,31
IP3 9LQ,14,7,7,3
IP3 9LR,32,14,18,14
IP3 9LS,54,24,30,18
IP3 9LT,80,43,37,30
IP3 9LU,82,40,42,37
IP3 9LW,14,5,9,8
IP3 9LX,41,23,18,18
IP3 9LY,16,6,10,10
IP3 9LZ,49,22,27,16
IP3 9NA,49,34,15,25
IP3 9ND,33,15,18,13
IP3 9NE,19,11,8,6
IP3 9NF,14,7,7,7
IP3 9NG,56,27,29,27
IP3 9NH,16,5,11,10
IP3 9NJ,14,6,8,8
IP3 9NL,68,37,31,34
IP3 9NP,112,55,57,40
IP3 9NQ,14,6,8,9
IP3 9NR,57,25,32,28
IP3 9NS,48,24,24,19
IP3 9NT,38,17,21,16
IP3 9NU,43,17,26,18
IP3 9NW,16,9,7,7
IP3 9NX,60,21,39,26
IP3 9NY,42,21,21,16
IP3 9NZ,15,6,9,10
IP3 9PA,110,56,54,46
IP3 9PB,20,11,9,10
IP3 9PD,141,70,71,56
IP3 9PE,15,5,10,9
IP3 9PF,29,13,16,12
IP3 9PG,133,68,65,57
IP3 9PH,61,23,38,26
IP3 9PP,3,1,2,2
IP3 9PQ,25,12,13,17
IP3 9PR,31,15,16,8
IP3 9PS,67,36,31,23
IP3 9PT,50,26,24,14
IP3 9PU,43,24,19,17
IP3 9PX,43,24,19,12
IP3 9PY,61,31,30,23
IP3 9QA,52,23,29,20
IP3 9QB,50,22,28,14
IP3 9QD,54,27,27,21
IP3 9QE,86,41,45,38
IP3 9QF,36,21,15,21
IP3 9QJ,87,48,39,43
IP3 9QS,23,12,11,9
IP3 9QT,71,37,34,21
IP3 9QU,77,44,33,31
IP3 9QX,104,49,55,33
IP3 9QY,28,12,16,9
IP3 9QZ,47,20,27,18
IP3 9RA,101,47,54,39
IP3 9RB,38,26,12,29
IP3 9RE,156,74,82,60
IP3 9RF,33,15,18,16
IP3 9RG,20,9,11,8
IP3 9RH,88,34,54,34
IP3 9RJ,147,67,80,56
IP3 9RL,41,22,19,24
IP3 9RQ,114,51,63,34
IP3 9RW,33,13,20,9
IP3 9RZ,1,1,0,1
IP3 9SJ,3,2,1,1
IP3 9SS,5,4,1,2
IP3 9TD,61,21,40,22
IP3 9TE,55,28,27,22
IP3 9TF,34,16,18,15
IP3 9TG,53,18,35,27
IP3 9TH,63,32,31,20
IP3 9TJ,57,32,25,24
IP3 9TL,60,28,32,26
IP3 9TN,24,13,11,7
IP3 9TP,20,8,12,9
IP3 9TQ,102,56,46,38
IP3 9TR,131,66,65,57
IP3 9TS,124,58,66,59
IP3 9TU,23,13,10,13
IP3 9UB,31,11,20,12
IP3 9UD,124,59,65,46
IP3 9UE,139,64,75,80
IP3 9UF,6,2,4,3
IP3 9UG,9,1,8,2
IP3 9UL,41,24,17,22
IP3 9UN,144,73,71,50
IP3 9UP,19,11,8,14
IP3 9UQ,20,12,8,12
IP3 9UR,67,31,36,33
IP3 9US,79,36,43,22
IP3 9UT,68,31,37,26
IP3 9UU,1,1,0,1
IP3 9UW,61,26,35,22
IP3 9UX,75,35,40,33
IP3 9UY,10,4,6,3
IP300AA,5,3,2,2
IP300AB,48,22,26,16
IP300AD,27,16,11,8
IP300AF,10,3,7,5
IP300AG,23,12,11,6
IP300AH,5,2,3,3
IP300AJ,16,9,7,6
IP300AL,2,1,1,1
IP300AN,2,1,1,1
IP300AQ,13,8,5,6
IP300AS,23,11,12,11
IP300AU,65,38,27,32
IP300AW,14,6,8,5
IP300AX,71,37,34,24
IP300AY,41,18,23,20
IP300AZ,24,14,10,13
IP300BA,8,4,4,4
IP300BB,3,2,1,2
IP300BD,4,3,1,2
IP300BE,16,8,8,6
IP300BG,15,10,5,6
IP300BP,11,4,7,4
IP300BQ,6,3,3,3
IP300BS,34,16,18,15
IP300BT,33,13,20,13
IP300BU,13,8,5,5
IP300BX,8,2,6,4
IP300DA,29,16,13,13
IP300DB,16,7,9,7
IP300DG,36,17,19,15
IP300DH,15,7,8,5
IP300DJ,5,2,3,1
IP300DL,5,3,2,2
IP300DQ,12,6,6,4
IP300DR,21,11,10,9
IP300DS,4,1,3,2
IP300DT,26,13,13,8
IP300DU,13,7,6,6
IP300DX,11,5,6,5
IP300DY,9,4,5,3
IP300DZ,5,3,2,1
IP300ED,33,21,12,15
IP300EE,3,1,2,1
IP300EF,12,4,8,7
IP300EG,6,2,4,2
IP300EH,15,8,7,6
IP300EJ,11,6,5,5
IP300EL,11,6,5,6
IP300EN,4,2,2,1
IP300EP,7,3,4,2
IP300EQ,27,15,12,13
IP300ER,26,11,15,14
IP300ES,3,1,2,2
IP300ET,3,2,1,1
IP300EU,4,2,2,2
IP300EW,11,5,6,4
IP300HA,47,23,24,20
IP300HB,16,7,9,6
IP300HD,2,1,1,1
IP300HE,44,25,19,19
IP300HG,15,7,8,6
IP300HH,2,1,1,1
IP300HJ,23,11,12,11
IP300HL,105,51,54,50
IP300HN,13,7,6,6
IP300HP,16,8,8,7
IP300HQ,41,25,16,13
IP300HR,61,31,30,25
IP300HS,14,6,8,6
IP300HT,7,2,5,5
IP300HU,12,5,7,5
IP300HW,16,6,10,8
IP300HX,33,15,18,13
IP300HY,31,14,17,11
IP300HZ,21,12,9,12
IP300JA,7,3,4,3
IP300JB,27,16,11,12
IP300JD,7,4,3,2
IP300JE,15,10,5,6
IP300JF,18,9,9,6
IP300JG,2,0,2,1
IP300JH,2,1,1,1
IP300JJ,4,2,2,2
IP300JL,11,5,6,4
IP300JN,5,3,2,3
IP300JP,12,8,4,5
IP300JQ,12,7,5,6
IP300JR,8,6,2,3
IP300JW,8,4,4,4
IP300LA,13,9,4,4
IP300LB,31,18,13,17
IP300LG,74,40,34,34
IP300LH,5,3,2,1
IP300LJ,5,3,2,2
IP300LL,3,1,2,2
IP300LN,2,1,1,1
IP300LP,50,28,22,21
IP300LQ,26,14,12,13
IP300LR,29,13,16,12
IP300LS,17,8,9,5
IP300LU,22,12,10,12
IP300LW,24,12,12,10
IP300LX,1,0,1,1
IP300LY,68,34,34,31
IP300ND,5,1,4,1
IP300NG,29,11,18,11
IP300NH,12,6,6,6
IP300NJ,34,15,19,13
IP300NN,6,3,3,3
IP300NP,10,5,5,4
IP300NQ,4,1,3,3
IP300NR,41,17,24,17
IP300NS,6,3,3,3
IP300NT,20,8,12,9
IP300NU,3,2,1,2
IP300NW,25,11,14,13
IP300NX,4,3,1,1
IP300NZ,21,9,12,8
IP300PA,11,5,6,3
IP300PB,2,1,1,1
IP300PD,2,1,1,1
IP300PH,2,1,1,1
IP300PJ,20,9,11,9
IP300PL,37,20,17,17
IP300PN,22,9,13,6
IP300PP,42,18,24,16
IP300PQ,13,6,7,6
IP300PR,5,3,2,1
IP300PS,14,9,5,6
IP300PT,5,2,3,3
IP300PU,8,4,4,3
IP300PW,4,2,2,2
IP300PX,4,2,2,2
IP300PY,4,2,2,2
IP300PZ,5,2,3,2
IP300QA,2,1,1,1
IP300QB,30,16,14,10
IP300QD,19,10,9,10
IP300QE,46,20,26,19
IP300QF,12,6,6,5
IP300QG,13,6,7,5
IP300QH,7,1,6,6
IP300QJ,70,33,37,29
IP300QL,29,16,13,14
IP300QN,7,4,3,3
IP300QP,33,17,16,10
IP300QQ,3,2,1,2
IP300QR,20,9,11,10
IP300QS,66,36,30,24
IP300QW,12,7,5,6
IP300QX,7,4,3,4
IP300QY,18,9,9,7
IP300QZ,46,26,20,20
IP300RA,74,40,34,30
IP300RD,12,7,5,4
IP300RE,13,6,7,6
IP300RF,15,6,9,4
IP300RG,6,2,4,3
IP300RH,20,8,12,7
IP300RJ,8,4,4,4
IP300RL,21,10,11,13
IP300RN,26,14,12,10
IP300RP,7,4,3,3
IP300RQ,12,6,6,5
IP300RR,20,8,12,9
IP300RS,7,4,3,4
IP300RT,46,23,23,23
IP300RU,5,3,2,2
IP300RW,4,3,1,2
IP300RX,40,22,18,18
IP300RY,13,6,7,4
IP300RZ,19,13,6,6
IP300SA,14,7,7,6
IP300SB,11,5,6,5
IP300SD,3,1,2,1
IP300SE,14,6,8,4
IP300SF,8,3,5,3
IP300SG,17,7,10,5
IP300SH,7,3,4,2
IP300SJ,110,50,60,44
IP300SN,36,20,16,12
IP300SP,35,15,20,14
IP300SQ,14,6,8,8
IP300SR,44,22,22,16
IP300SS,8,4,4,4
IP300ST,10,5,5,4
IP300SU,33,17,16,14
IP300SW,75,37,38,33
IP300SX,28,15,13,13
IP300SY,17,10,7,6
IP300SZ,21,11,10,9
IP300TA,5,3,2,3
IP300TH,8,4,4,5
IP300TJ,52,27,25,21
IP300TL,44,20,24,14
IP300TN,128,67,61,48
IP300TP,71,34,37,26
IP300TR,39,16,23,18
IP300TS,18,9,9,7
IP300TT,31,14,17,12
IP300TU,1,1,0,1
IP300TW,86,41,45,38
IP300TX,77,39,38,33
IP300TY,17,6,11,6
IP300TZ,7,5,2,4
IP300UA,28,15,13,8
IP300UB,35,17,18,14
IP300UD,2,1,1,1
IP300UE,13,5,8,5
IP300UF,24,14,10,9
IP300UG,16,8,8,6
IP300UH,3,1,2,2
IP300UN,3,1,2,1
IP300UP,24,10,14,21
IP300UQ,2,1,1,1
IP300UX,39,20,19,15
IP300UY,18,10,8,6
IP309AA,33,17,16,14
IP309AB,78,38,40,30
IP309AD,55,26,29,28
IP309AE,68,39,29,25
IP309AF,73,38,35,27
IP309AG,51,27,24,21
IP309AH,9,4,5,3
IP309AJ,6,2,4,2
IP309AL,68,33,35,27
IP309AN,104,52,52,36
IP309AP,20,7,13,8
IP309AQ,29,16,13,12
IP309AR,12,7,5,4
IP309AS,15,8,7,5
IP309AT,32,15,17,15
IP309AU,7,4,3,4
IP309AW,44,23,21,17
IP309AX,20,10,10,10
IP309AY,12,5,7,7
IP309AZ,33,12,21,14
IP309BA,16,8,8,8
IP309BB,9,3,6,4
IP309BD,8,4,4,6
IP309BE,25,10,15,12
IP309BF,23,12,11,9
IP309BG,32,18,14,13
IP309BH,9,4,5,2
IP309BJ,56,26,30,28
IP309BL,44,21,23,18
IP309BN,22,8,14,6
IP309BP,59,28,31,17
IP309BQ,23,10,13,8
IP309BS,13,5,8,6
IP309BT,90,46,44,37
IP309BW,31,17,14,13
IP309BX,69,37,32,23
IP309BZ,12,3,9,9
IP309DA,54,28,26,39
IP309DB,24,12,12,12
IP309DD,40,22,18,18
IP309DE,26,11,15,13
IP309DF,52,29,23,17
IP309DG,34,19,15,16
IP309DH,71,37,34,29
IP309DJ,7,2,5,4
IP309DL,103,51,52,46
IP309DN,80,39,41,34
IP309DP,180,87,93,71
IP309DQ,65,30,35,33
IP309DR,42,22,20,18
IP309DS,90,51,39,31
IP309DT,69,35,34,30
IP309DU,33,16,17,9
IP309DW,29,14,15,14
IP309DX,18,6,12,7
IP309DY,80,42,38,40
IP309DZ,9,5,4,5
IP309EA,10,4,6,5
IP309EB,22,7,15,10
IP309ED,81,37,44,35
IP309EE,9,5,4,6
IP309EF,5,2,3,4
IP309EG,11,5,6,7
IP309EH,46,23,23,16
IP309EJ,105,49,56,39
IP309EL,36,21,15,14
IP309EN,5,3,2,2
IP309EP,2,1,1,1
IP309EQ,27,16,11,10
IP309ER,5,3,2,1
IP309ES,11,5,6,5
IP309ET,114,56,58,43
IP309EU,36,13,23,30
IP309EW,11,5,6,4
IP309EX,72,36,36,38
IP309EY,28,15,13,10
IP309EZ,37,17,20,17
IP309FA,33,20,13,12
IP309FB,93,47,46,37
IP309FD,4,2,2,2
IP309FE,12,7,5,4
IP309FF,12,6,6,7
IP309FG,71,34,37,26
IP309FH,3,2,1,1
IP309FJ,2,1,1,1
IP309FL,27,12,15,13
IP309GB,5,2,3,2
IP309GE,22,10,12,9
IP309GF,116,47,69,32
IP309GG,48,21,27,18
IP309GH,141,72,69,57
IP309GJ,37,16,21,14
IP309GL,27,13,14,10
IP309GX,13,6,7,5
IP309GY,32,13,19,16
IP309GZ,14,6,8,7
IP309HA,24,11,13,10
IP309HB,19,12,7,17
IP309HD,67,36,31,24
IP309HG,117,59,58,48
IP309HH,32,16,16,14
IP309HJ,72,37,35,32
IP309HL,18,14,4,5
IP309HN,16,10,6,7
IP309HP,3,1,2,1
IP309HS,24,11,13,10
IP309HT,9,5,4,5
IP309HU,31,16,15,14
IP309HW,7,3,4,2
IP309HX,5,2,3,4
IP309HY,22,12,10,8
IP309HZ,17,8,9,9
IP309JB,141,65,76,53
IP309JD,26,15,11,11
IP309JE,40,19,21,15
IP309JF,53,22,31,21
IP309JG,11,6,5,4
IP309JJ,15,9,6,3
IP309JL,15,9,6,13
IP309JN,8,4,4,4
IP309JP,49,26,23,22
IP309JQ,36,17,19,16
IP309JR,6,2,4,2
IP309JS,5,2,3,2
IP309JT,7,4,3,4
IP309JU,6,4,2,2
IP309JW,8,4,4,2
IP309JX,28,13,15,11
IP309JY,13,7,6,3
IP309JZ,16,10,6,10
IP309LA,106,43,63,36
IP309LB,11,5,6,6
IP309LD,4,2,2,1
IP309LE,97,47,50,39
IP309LF,13,8,5,6
IP309LG,31,16,15,12
IP309LH,13,7,6,6
IP309LJ,23,14,9,8
IP309LL,13,6,7,8
IP309LN,6,3,3,3
IP309LP,16,7,9,7
IP309LQ,2,1,1,1
IP309LR,9,6,3,3
IP309LS,7,4,3,3
IP309LT,7,3,4,2
IP309LW,17,10,7,7
IP309LX,5,4,1,3
IP309LZ,20,10,10,8
IP309NA,17,9,8,6
IP309NB,10,6,4,2
IP309NE,12,6,6,4
IP309NF,1,1,0,1
IP309NG,1,1,0,1
IP309NJ,78,39,39,31
IP309NL,33,14,19,17
IP309NQ,67,29,38,26
IP309NR,14,9,5,5
IP309NU,7,3,4,4
IP309NX,8,4,4,6
IP309NY,42,21,21,20
IP309NZ,35,19,16,16
IP309PA,50,22,28,15
IP309PB,14,8,6,6
IP309PD,11,5,6,3
IP309PE,26,12,14,10
IP309PF,5,2,3,2
IP309PG,27,16,11,9
IP309PH,6,1,5,2
IP309PJ,37,17,20,16
IP309PL,6,2,4,3
IP309PN,41,19,22,20
IP309PQ,3,2,1,1
IP309PR,13,6,7,4
IP309PS,2,1,1,1
IP309PT,27,14,13,10
IP309PU,13,6,7,5
IP309PW,7,3,4,3
IP309PX,18,8,10,10
IP309PY,54,25,29,21
IP309PZ,7,4,3,4
IP309QB,36,17,19,13
IP309QD,5,4,1,4
IP309QE,6,3,3,2
IP309QF,10,5,5,4
IP309QG,5,1,4,4
IP309QH,8,3,5,5
IP309QJ,9,3,6,6
IP309QL,16,6,10,7
IP309QN,13,7,6,8
IP309QP,11,5,6,6
IP309QQ,4,3,1,3
IP309QR,35,19,16,16
IP309QS,66,33,33,24
IP309QT,18,8,10,9
IP309QU,23,10,13,9
IP309QW,21,11,10,9
IP309QX,83,41,42,34
IP309QY,18,10,8,13
IP309QZ,14,7,7,9
IP309RA,34,16,18,14
IP309RB,49,26,23,18
IP309RD,42,20,22,21
IP309RE,137,70,67,47
IP309RF,28,14,14,15
IP309RG,15,7,8,6
IP309RJ,16,7,9,4
IP309RL,50,23,27,22
IP309RN,68,37,31,30
IP309RP,19,8,11,6
IP309RQ,78,39,39,35
IP309RR,7,3,4,3
IP309RS,6,2,4,2
IP309RT,50,26,24,19
IP309RU,70,37,33,25
IP309RW,66,31,35,24
IP309RX,97,49,48,40
IP309SA,60,32,28,28
IP309SB,27,11,16,10
IP309SD,135,64,71,57
IP309SE,43,21,22,19
IP309SF,21,12,9,7
IP309SG,32,14,18,17
IP309SH,24,12,12,13
IP309SJ,97,48,49,36
IP309SL,15,7,8,5
IP309SN,42,18,24,20
IP309SP,10,6,4,5
IP309SQ,46,19,27,20
IP309SR,30,14,16,11
IP309SS,16,8,8,6
IP309ST,12,6,6,5
IP309SU,9,3,6,4
IP309SW,13,6,7,5
IP309SX,26,11,15,10
IP309SY,10,4,6,4
IP309SZ,24,14,10,15
IP309TA,31,16,15,12
IP309TD,56,24,32,22
IP309TE,30,13,17,12
IP309TF,22,11,11,9
IP309TG,15,7,8,5
IP309TH,6,3,3,3
IP309TJ,7,3,4,4
IP309TL,101,52,49,41
IP309TN,28,13,15,13
IP309TP,42,21,21,20
IP309TQ,10,5,5,4
IP309TR,3,2,1,2
IP309TS,27,12,15,12
IP309TT,12,7,5,4
IP309TU,32,17,15,16
IP309TW,14,6,8,4
IP309TX,39,17,22,13
IP309TY,110,56,54,48
IP309TZ,31,15,16,11
IP309UA,48,28,20,19
IP309UB,65,33,32,27
IP309UD,55,29,26,27
IP309UE,123,59,64,41
IP309UF,73,37,36,29
IP309UG,88,43,45,34
IP309UH,152,73,79,62
IP309UJ,54,27,27,26
IP309UL,60,27,33,16
IP309UP,2,1,1,1
IP309UU,47,27,20,17
IP309UX,23,9,14,8
IP309UZ,16,9,7,6
IP309WH,56,28,28,22
IP309XE,17,7,10,6
IP311AA,52,29,23,17
IP311AB,14,5,9,6
IP311AD,66,30,36,33
IP311AE,4,2,2,1
IP311AF,39,18,21,19
IP311AH,49,24,25,22
IP311AJ,68,36,32,25
IP311AL,37,20,17,18
IP311AN,93,45,48,38
IP311AP,2,1,1,1
IP311AQ,14,8,6,5
IP311AR,75,41,34,28
IP311AS,73,35,38,29
IP311AT,2,0,2,1
IP311AU,32,16,16,12
IP311AW,36,19,17,15
IP311AX,37,20,17,14
IP311AY,3,1,2,2
IP311AZ,2,1,1,1
IP311BA,54,31,23,16
IP311BB,2,1,1,1
IP311BD,3,0,3,1
IP311BG,14,8,6,6
IP311BL,13,3,10,5
IP311BP,73,32,41,29
IP311BS,6,2,4,4
IP311BT,24,11,13,13
IP311BU,147,76,71,54
IP311BX,97,51,46,33
IP311BY,21,11,10,10
IP311BZ,127,66,61,55
IP311DB,7,4,3,5
IP311DD,31,13,18,15
IP311DE,62,32,30,25
IP311DF,82,43,39,33
IP311DG,12,6,6,6
IP311DH,23,11,12,9
IP311DJ,5,3,2,1
IP311DL,16,8,8,9
IP311DN,90,45,45,37
IP311DP,22,9,13,13
IP311DQ,6,3,3,2
IP311DR,6,3,3,3
IP311DS,44,20,24,21
IP311DT,21,7,14,9
IP311DW,25,15,10,11
IP311DX,118,64,54,45
IP311DY,48,25,23,20
IP311EA,6,1,5,2
IP311EB,3,2,1,2
IP311ED,3,1,2,1
IP311EE,709,673,36,0
IP311EH,5,3,2,2
IP311EJ,14,6,8,5
IP311EL,18,9,9,9
IP311EN,13,8,5,6
IP311EP,39,20,19,17
IP311EQ,34,18,16,14
IP311ER,16,5,11,6
IP311ES,40,18,22,21
IP311ET,21,9,12,8
IP311EU,6,3,3,2
IP311EW,47,25,22,15
IP311EX,45,21,24,16
IP311EY,14,6,8,4
IP311EZ,49,23,26,19
IP311HA,36,20,16,19
IP311HG,142,70,72,53
IP311HH,13,7,6,5
IP311HJ,4,2,2,2
IP311HL,4,3,1,1
IP311HP,4,2,2,2
IP311HQ,11,8,3,5
IP311HS,21,13,8,8
IP311HT,13,5,8,5
IP311HU,6,4,2,3
IP311HX,6,2,4,3
IP311HY,13,6,7,6
IP311HZ,15,7,8,8
IP311JA,3,1,2,2
IP311JB,3,2,1,2
IP311JD,8,5,3,3
IP311JF,10,5,5,5
IP311JG,5,2,3,3
IP311JH,6,3,3,2
IP311JJ,10,6,4,7
IP311JL,31,12,19,11
IP311JN,21,8,13,10
IP311JQ,5,2,3,2
IP311JR,16,7,9,7
IP311JS,5,2,3,2
IP311JT,15,7,8,7
IP311JU,38,16,22,20
IP311JX,39,18,21,16
IP311JY,18,10,8,10
IP311LA,7,5,2,2
IP311LH,137,68,69,46
IP311LJ,129,72,57,47
IP311LN,47,26,21,16
IP311LP,23,14,9,8
IP311LR,16,7,9,5
IP311LS,24,15,9,8
IP311LT,37,17,20,11
IP311LU,33,17,16,11
IP311LW,28,12,16,10
IP311LX,120,63,57,41
IP311LY,168,76,92,51
IP311LZ,152,76,76,50
IP311NA,83,42,41,19
IP311ND,2,1,1,1
IP311NG,80,42,38,33
IP311NH,5,3,2,2
IP311NJ,53,23,30,21
IP311NL,33,16,17,16
IP311NN,35,19,16,14
IP311NP,86,42,44,37
IP311NQ,20,10,10,9
IP311NR,6,2,4,2
IP311NS,25,12,13,6
IP311NU,4,2,2,2
IP311NW,58,31,27,20
IP311NX,16,8,8,6
IP311NY,29,12,17,12
IP311NZ,6,4,2,2
IP311PA,5,2,3,3
IP311PB,5,4,1,4
IP311PJ,9,4,5,2
IP311PL,14,8,6,8
IP311PP,15,6,9,5
IP311PR,5,3,2,2
IP311PT,3,2,1,2
IP311PU,15,7,8,5
IP311PW,6,3,3,1
IP311PX,6,1,5,3
IP311PY,4,4,0,2
IP311PZ,1,0,1,1
IP311QA,3,2,1,1
IP311QH,19,9,10,6
IP311QJ,6,4,2,4
IP311QL,5,3,2,3
IP311QN,13,7,6,5
IP311QP,9,6,3,2
IP311QR,11,5,6,4
IP311QW,4,2,2,2
IP311QX,7,5,2,4
IP311QY,64,32,32,26
IP311QZ,2,1,1,2
IP311RB,15,8,7,6
IP311RD,46,25,21,17
IP311RE,23,9,14,12
IP311RF,14,3,11,6
IP311RG,15,6,9,7
IP311RH,48,23,25,21
IP311RJ,7,5,2,2
IP311RL,14,7,7,10
IP311RQ,11,6,5,3
IP311RR,19,11,8,8
IP311RS,14,7,7,8
IP311RT,15,7,8,9
IP311RU,25,14,11,10
IP311RX,53,25,28,22
IP311RY,25,12,13,9
IP311RZ,4,3,1,2
IP311SA,9,5,4,4
IP311SB,71,35,36,29
IP311SJ,1,0,1,1
IP311SL,13,6,7,5
IP311SN,70,33,37,33
IP311SP,12,7,5,7
IP311SR,76,23,53,2
IP311SS,52,27,25,19
IP311ST,16,7,9,9
IP311SU,18,7,11,8
IP311SW,52,26,26,25
IP311SX,3,1,2,1
IP311SY,4,3,1,3
IP311TA,57,30,27,27
IP311TB,51,25,26,19
IP311TD,44,25,19,18
IP311TE,43,22,21,15
IP311TF,40,21,19,16
IP311TH,9,6,3,4
IP312AA,61,34,27,19
IP312AB,60,31,29,30
IP312AD,47,22,25,11
IP312AE,41,18,23,14
IP312AF,81,43,38,32
IP312AG,10,3,7,6
IP312AH,3,2,1,2
IP312AJ,17,8,9,8
IP312AL,61,32,29,32
IP312AN,5,1,4,3
IP312AP,32,16,16,12
IP312AQ,30,10,20,18
IP312AT,15,8,7,6
IP312AW,4,2,2,2
IP312AX,17,5,12,14
IP312AY,79,40,39,46
IP312AZ,45,23,22,29
IP312BA,17,8,9,7
IP312BB,10,7,3,4
IP312BD,1,0,1,1
IP312BH,75,43,32,20
IP312BJ,104,49,55,31
IP312BL,34,16,18,11
IP312BN,116,51,65,70
IP312BP,56,26,30,23
IP312BS,17,9,8,6
IP312BU,10,5,5,4
IP312BW,57,30,27,35
IP312BX,27,14,13,13
IP312BY,22,11,11,10
IP312BZ,59,33,26,27
IP312DA,11,5,6,4
IP312DB,9,5,4,5
IP312DD,9,4,5,5
IP312DE,4,3,1,2
IP312DF,32,18,14,15
IP312DG,37,21,16,12
IP312DH,14,7,7,4
IP312DJ,16,6,10,7
IP312DL,20,10,10,7
IP312DN,13,6,7,3
IP312DP,11,4,7,6
IP312DQ,19,11,8,7
IP312DR,2,1,1,1
IP312DS,2,1,1,1
IP312DT,23,13,10,9
IP312DU,21,10,11,9
IP312DW,30,13,17,11
IP312DX,21,13,8,11
IP312DY,42,23,19,17
IP312DZ,10,4,6,6
IP312EA,11,4,7,4
IP312EB,73,39,34,25
IP312ED,104,44,60,43
IP312EE,154,73,81,59
IP312EF,118,61,57,45
IP312EG,4,3,1,1
IP312EH,34,16,18,15
IP312EJ,55,29,26,24
IP312EL,4,1,3,2
IP312EN,125,63,62,47
IP312EP,33,17,16,16
IP312EQ,24,15,9,9
IP312ER,42,20,22,20
IP312ES,22,13,9,11
IP312ET,50,22,28,28
IP312EU,44,23,21,18
IP312EW,9,5,4,4
IP312EX,7,2,5,4
IP312EY,5,2,3,3
IP312EZ,65,27,38,21
IP312FX,47,26,21,11
IP312GJ,42,21,21,15
IP312GL,6,3,3,3
IP312GY,50,23,27,17
IP312HA,77,35,42,44
IP312HB,39,14,25,13
IP312HD,71,26,45,8
IP312HE,44,25,19,20
IP312HF,20,10,10,9
IP312HG,5,2,3,3
IP312HH,42,18,24,22
IP312HJ,126,55,71,38
IP312HL,10,5,5,5
IP312HN,75,29,46,36
IP312HP,35,16,19,13
IP312HQ,5,3,2,2
IP312HR,5,2,3,2
IP312HS,8,4,4,3
IP312HT,12,8,4,6
IP312HU,6,2,4,5
IP312HW,13,4,9,8
IP312HX,30,14,16,12
IP312HY,32,13,19,13
IP312HZ,42,19,23,16
IP312JA,45,17,28,22
IP312JB,51,31,20,19
IP312JD,25,12,13,11
IP312JE,100,51,49,40
IP312JF,9,4,5,4
IP312JH,15,8,7,5
IP312JJ,16,9,7,6
IP312JL,17,11,6,5
IP312JN,8,4,4,4
IP312JP,27,13,14,9
IP312JQ,145,71,74,50
IP312JR,16,7,9,4
IP312JS,56,28,28,17
IP312JT,3,0,3,2
IP312JU,91,45,46,44
IP312JX,21,10,11,9
IP312JY,29,14,15,8
IP312JZ,7,3,4,4
IP312LA,4,2,2,3
IP312LB,48,24,24,20
IP312LE,112,61,51,45
IP312LF,71,34,37,33
IP312LG,11,7,4,4
IP312LH,24,9,15,12
IP312LJ,4,2,2,2
IP312LL,14,9,5,5
IP312LN,15,7,8,6
IP312LP,45,23,22,17
IP312LQ,7,3,4,4
IP312LR,2,1,1,1
IP312LS,75,37,38,31
IP312LT,29,13,16,13
IP312LW,10,6,4,3
IP312LX,6,3,3,3
IP312LY,8,3,5,4
IP312LZ,37,20,17,13
IP312NA,14,7,7,6
IP312NB,22,8,14,10
IP312ND,33,13,20,15
IP312NE,9,5,4,4
IP312NF,14,6,8,4
IP312NG,23,12,11,7
IP312NH,208,104,104,65
IP312NJ,39,20,19,12
IP312NP,45,26,19,19
IP312NR,40,23,17,14
IP312NS,40,18,22,23
IP312NT,5,1,4,4
IP312NU,3,3,0,2
IP312NX,14,9,5,7
IP312NY,25,14,11,11
IP312NZ,6,3,3,3
IP312PB,34,18,16,15
IP312PD,29,12,17,10
IP312PE,38,18,20,18
IP312PF,9,4,5,5
IP312PH,34,22,12,13
IP312PL,31,17,14,11
IP312PN,12,5,7,8
IP312PP,79,38,41,37
IP312PQ,2,1,1,1
IP312PR,4,2,2,2
IP312PS,9,4,5,4
IP312PT,7,5,2,1
IP312PU,5,3,2,2
IP312PW,58,28,30,26
IP312PX,6,4,2,2
IP312PY,10,6,4,5
IP312PZ,23,10,13,10
IP312QB,8,4,4,3
IP312QD,10,6,4,3
IP312QE,46,24,22,18
IP312QF,14,9,5,5
IP312QG,23,12,11,14
IP312QH,8,2,6,3
IP312QP,22,10,12,9
IP312QQ,23,12,11,9
IP312QR,13,6,7,5
IP312QS,5,3,2,1
IP312QT,15,6,9,6
IP312QU,12,7,5,4
IP312QX,13,7,6,4
IP312QY,42,22,20,13
IP312QZ,42,22,20,17
IP312RA,10,5,5,4
IP312RB,1,1,0,1
IP312RD,30,13,17,16
IP312RE,2,1,1,2
IP312RF,91,35,56,39
IP312RG,2,1,1,1
IP312RH,4,1,3,1
IP312RJ,17,9,8,7
IP312RL,55,26,29,22
IP312RN,12,6,6,6
IP312RP,72,37,35,31
IP312RQ,33,15,18,13
IP312RT,8,4,4,3
IP312RU,51,28,23,18
IP312RW,6,4,2,3
IP312RX,33,19,14,14
IP312RY,23,14,9,8
IP312RZ,58,28,30,23
IP312SA,18,8,10,6
IP312SB,71,33,38,28
IP312SD,6,3,3,2
IP312SE,2,1,1,1
IP312SF,9,3,6,5
IP312SG,18,11,7,8
IP312SH,14,6,8,5
IP312SJ,7,4,3,3
IP312SL,9,4,5,4
IP312SN,24,14,10,9
IP312SQ,6,3,3,2
IP312ST,2,1,1,1
IP312SU,83,39,44,29
IP312SW,77,39,38,26
IP312SX,53,26,27,22
IP312SY,36,21,15,11
IP312SZ,45,20,25,14
IP312TA,7,4,3,3
IP312TD,30,13,17,13
IP312TE,5,2,3,3
IP312TF,13,9,4,6
IP312TG,25,14,11,11
IP312TH,11,7,4,4
IP312TJ,18,9,9,8
IP312TL,24,13,11,10
IP312TN,12,6,6,5
IP312TP,16,7,9,7
IP312TQ,28,16,12,12
IP312TR,16,8,8,7
IP312TS,17,8,9,9
IP312TT,108,57,51,38
IP312TW,43,22,21,20
IP312TX,13,4,9,5
IP312TY,11,6,5,5
IP312UA,33,17,16,13
IP312UB,5,3,2,3
IP312UH,41,22,19,26
IP312UJ,133,70,63,40
IP312UL,35,19,16,11
IP312UN,71,37,34,23
IP312UQ,83,40,43,24
IP312XA,48,25,23,20
IP312XB,21,9,12,14
IP312XD,48,21,27,23
IP312XE,28,16,12,15
IP312XF,8,2,6,4
IP312XG,71,34,37,38
IP312XH,16,7,9,9
IP312XJ,25,10,15,12
IP312XL,27,16,11,13
IP312XT,29,13,16,12
IP313AA,55,30,25,29
IP313AB,42,21,21,20
IP313AD,17,9,8,5
IP313AE,75,35,40,35
IP313AF,25,12,13,9
IP313AH,30,16,14,14
IP313AJ,2,1,1,1
IP313AL,3,2,1,1
IP313AN,10,5,5,4
IP313AP,27,13,14,11
IP313AR,3,1,2,1
IP313AS,17,8,9,7
IP313AW,6,3,3,3
IP313AY,14,9,5,5
IP313AZ,62,29,33,30
IP313BB,6,1,5,6
IP313BD,174,86,88,73
IP313BE,4,3,1,1
IP313BG,14,9,5,5
IP313BH,2,1,1,1
IP313BJ,12,6,6,6
IP313BL,6,4,2,3
IP313BN,7,4,3,3
IP313BP,69,30,39,27
IP313BQ,55,28,27,22
IP313BS,12,6,6,6
IP313BT,21,10,11,8
IP313BU,20,9,11,8
IP313BW,25,13,12,10
IP313BX,16,10,6,6
IP313BY,9,5,4,4
IP313BZ,120,64,56,43
IP313DA,25,12,13,12
IP313DB,51,27,24,16
IP313DE,31,17,14,13
IP313DF,39,17,22,19
IP313DG,48,24,24,15
IP313DH,47,21,26,19
IP313DJ,23,12,11,13
IP313DL,18,9,9,5
IP313DN,60,24,36,27
IP313DP,52,23,29,15
IP313DQ,9,3,6,3
IP313DR,4,2,2,2
IP313DS,10,5,5,4
IP313DT,22,9,13,8
IP313DU,5,3,2,3
IP313DW,80,41,39,27
IP313DX,9,4,5,5
IP313DY,14,6,8,4
IP313DZ,18,12,6,5
IP313EA,13,7,6,5
IP313EB,9,3,6,5
IP313ED,9,5,4,5
IP313EE,32,14,18,13
IP313EG,16,5,11,6
IP313EH,6,2,4,3
IP313EJ,9,5,4,4
IP313EL,64,33,31,23
IP313EN,23,9,14,11
IP313EP,16,8,8,8
IP313EQ,8,3,5,4
IP313ER,6,3,3,3
IP313ET,44,21,23,26
IP313EU,25,8,17,10
IP313EW,1,1,0,1
IP313EX,4,3,1,1
IP313EY,6,3,3,3
IP313FE,50,18,32,20
IP313FG,27,11,16,15
IP313GA,18,9,9,7
IP313HA,27,13,14,13
IP313HD,3,2,1,2
IP313HE,33,15,18,12
IP313HF,9,4,5,3
IP313HG,5,2,3,2
IP313HH,50,26,24,20
IP313HJ,21,10,11,9
IP313HL,12,7,5,4
IP313HN,20,11,9,8
IP313HP,12,6,6,4
IP313HQ,75,38,37,22
IP313HR,24,10,14,10
IP313HS,13,8,5,6
IP313HT,31,17,14,12
IP313HU,1,1,0,1
IP313HW,12,8,4,4
IP313HX,12,6,6,7
IP313HY,8,4,4,5
IP313HZ,10,4,6,4
IP313JA,53,29,24,23
IP313JB,2,1,1,1
IP313JD,21,10,11,11
IP313JE,12,5,7,5
IP313JF,32,15,17,11
IP313JG,39,18,21,13
IP313JH,11,6,5,3
IP313JL,73,40,33,33
IP313JN,26,14,12,12
IP313JP,38,18,20,18
IP313JQ,8,4,4,4
IP313JR,5,2,3,3
IP313JS,39,22,17,16
IP313JT,13,3,10,5
IP313JU,4,1,3,1
IP313JW,19,10,9,8
IP313JX,25,11,14,10
IP313JY,27,12,15,5
IP313JZ,34,16,18,11
IP313LB,10,6,4,4
IP313LE,91,37,54,36
IP313LF,39,23,16,14
IP313LG,33,18,15,12
IP313LH,6,3,3,3
IP313LJ,56,26,30,22
IP313LL,8,5,3,2
IP313LN,16,8,8,6
IP313LP,29,10,19,11
IP313LQ,2,1,1,1
IP313LR,50,23,27,22
IP313LS,9,4,5,5
IP313LT,25,15,10,12
IP313LU,88,41,47,27
IP313LW,21,8,13,9
IP313LX,11,6,5,4
IP313LY,31,13,18,12
IP313LZ,29,11,18,15
IP313NA,44,28,16,16
IP313NB,22,11,11,10
IP313ND,9,4,5,3
IP313NE,1,0,1,1
IP313NF,28,15,13,10
IP313NH,99,51,48,34
IP313NJ,91,44,47,34
IP313NL,1,0,1,1
IP313NN,98,48,50,37
IP313NP,10,5,5,3
IP313NQ,10,5,5,4
IP313NR,41,18,23,14
IP313NS,16,10,6,5
IP313NT,11,7,4,4
IP313NU,14,6,8,11
IP313NW,25,12,13,11
IP313NX,25,13,12,8
IP313NZ,46,22,24,18
IP313PA,41,24,17,16
IP313PB,51,25,26,18
IP313PD,53,27,26,23
IP313PE,39,21,18,14
IP313PF,56,27,29,22
IP313PG,46,22,24,21
IP313PH,16,10,6,5
IP313PJ,47,24,23,20
IP313PL,8,5,3,4
IP313PN,23,10,13,9
IP313PP,141,68,73,60
IP313PQ,15,9,6,5
IP313PR,63,31,32,28
IP313PS,110,52,58,39
IP313PT,10,5,5,6
IP313PU,23,12,11,11
IP313PW,24,9,15,8
IP313PX,102,49,53,45
IP313PY,139,81,58,51
IP313PZ,78,37,41,34
IP313QA,29,14,15,13
IP313QB,16,13,3,2
IP313QD,2,1,1,1
IP313QE,19,11,8,7
IP313QF,33,17,16,14
IP313QG,24,8,16,12
IP313QH,12,4,8,3
IP313QJ,28,12,16,6
IP313QL,63,33,30,25
IP313QQ,13,8,5,4
IP313QS,8,6,2,3
IP313QT,20,11,9,10
IP313QU,57,28,29,31
IP313QW,32,15,17,15
IP313QX,10,5,5,6
IP313QY,62,31,31,21
IP313QZ,9,4,5,3
IP313RA,5,3,2,2
IP313RB,5,2,3,2
IP313RD,6,3,3,3
IP313RE,7,3,4,4
IP313RF,6,3,3,4
IP313RG,28,15,13,9
IP313RH,2,1,1,1
IP313RJ,1,0,1,1
IP313RL,11,5,6,5
IP313RN,12,6,6,5
IP313RP,16,8,8,8
IP313RQ,6,2,4,3
IP313RR,11,4,7,10
IP313RS,18,10,8,6
IP313RT,13,7,6,5
IP313RU,16,8,8,9
IP313RW,10,5,5,3
IP313RX,163,73,90,62
IP313RY,29,18,11,8
IP313RZ,38,17,21,20
IP313SA,57,29,28,25
IP313SB,72,36,36,28
IP313SD,44,20,24,15
IP313SE,71,34,37,31
IP313SF,29,16,13,12
IP313SG,13,7,6,5
IP313SH,3,2,1,2
IP313SJ,17,8,9,7
IP313SL,31,12,19,11
IP313SN,6,3,3,3
IP313SP,2,1,1,1
IP313SQ,1,0,1,1
IP313SR,11,5,6,5
IP313SS,13,5,8,6
IP313ST,6,2,4,4
IP313SU,20,10,10,10
IP313SW,7,3,4,5
IP313SX,112,53,59,48
IP313SY,20,10,10,8
IP313SZ,7,4,3,4
IP313TA,15,6,9,4
IP313TD,64,32,32,22
IP313TE,88,40,48,37
IP313TF,100,50,50,36
IP313TG,32,13,19,18
IP313TH,14,7,7,8
IP313TJ,110,59,51,43
IP313TL,40,16,24,30
IP313TP,67,36,31,25
IP313TQ,34,13,21,10
IP313TR,47,22,25,15
IP313TS,15,8,7,6
IP326AD,3,3,0,2
IP326AG,49,23,26,28
IP326AH,29,14,15,14
IP326AN,57,29,28,22
IP326AP,38,19,19,17
IP326AR,36,18,18,22
IP326AS,24,9,15,12
IP326AT,6,4,2,3
IP326AU,126,65,61,57
IP326AW,130,64,66,49
IP326AX,7,3,4,4
IP326AY,53,27,26,21
IP326AZ,40,18,22,16
IP326BA,126,58,68,60
IP326BB,87,43,44,28
IP326BD,22,12,10,17
IP326BE,4,2,2,2
IP326BF,84,43,41,38
IP326BG,9,4,5,5
IP326BH,32,12,20,12
IP326BJ,19,10,9,10
IP326BL,23,13,10,7
IP326BP,76,44,32,45
IP326BQ,21,11,10,10
IP326BS,80,34,46,37
IP326BT,32,9,23,28
IP326BU,42,22,20,21
IP326BX,30,15,15,13
IP326BY,45,22,23,19
IP326BZ,6,3,3,3
IP326DA,5,1,4,3
IP326DB,42,16,26,18
IP326DD,8,5,3,2
IP326DE,66,37,29,21
IP326DF,90,45,45,36
IP326DG,5,2,3,2
IP326DH,29,16,13,15
IP326DJ,67,37,30,26
IP326DL,98,51,47,34
IP326DN,68,37,31,25
IP326DP,15,8,7,8
IP326DQ,57,27,30,23
IP326DR,13,6,7,3
IP326DS,59,24,35,20
IP326DT,7,4,3,2
IP326DU,51,24,27,21
IP326DW,76,34,42,32
IP326DX,23,13,10,12
IP326DY,23,7,16,12
IP326DZ,54,30,24,19
IP326EA,104,49,55,43
IP326EB,21,9,12,12
IP326ED,131,59,72,56
IP326EF,44,13,31,34
IP326EG,6,3,3,4
IP326EH,41,21,20,21
IP326EJ,43,19,24,17
IP326EL,32,17,15,10
IP326EN,2,1,1,1
IP326EX,8,3,5,5
IP326EY,113,57,56,63
IP326EZ,79,40,39,40
IP326HA,17,8,9,8
IP326HB,39,18,21,13
IP326HD,10,6,4,3
IP326HE,9,5,4,4
IP326HF,33,20,13,14
IP326HG,28,13,15,12
IP326HH,22,8,14,6
IP326HJ,15,9,6,8
IP326HL,25,13,12,9
IP326HN,51,25,26,20
IP326HP,9,5,4,4
IP326HR,69,34,35,24
IP326HS,22,10,12,9
IP326HT,28,13,15,11
IP326HU,38,21,17,10
IP326HW,43,17,26,14
IP326HX,49,22,27,20
IP326HY,18,10,8,12
IP326HZ,22,12,10,7
IP326JA,55,31,24,26
IP326JE,17,7,10,8
IP326JF,65,33,32,23
IP326JG,17,7,10,8
IP326JJ,14,6,8,8
IP326JL,18,4,14,8
IP326JN,73,35,38,26
IP326JP,86,44,42,29
IP326JQ,44,21,23,19
IP326JR,16,7,9,8
IP326JS,96,45,51,34
IP326JT,17,9,8,12
IP326JU,28,13,15,10
IP326JW,14,7,7,8
IP326JX,23,10,13,10
IP326JY,78,37,41,22
IP326JZ,46,23,23,17
IP326LA,48,23,25,22
IP326LL,53,24,29,18
IP326LN,60,24,36,24
IP326LP,88,44,44,30
IP326LR,104,55,49,38
IP326LS,95,41,54,32
IP326LT,18,6,12,7
IP326LU,91,50,41,32
IP326LW,78,26,52,32
IP326LX,57,30,27,16
IP326LY,24,12,12,12
IP326LZ,34,15,19,12
IP326NA,15,7,8,6
IP326ND,124,64,60,50
IP326NE,21,8,13,7
IP326NF,151,87,64,49
IP326NG,69,34,35,24
IP326PA,24,14,10,8
IP326PB,39,19,20,18
IP326PD,30,15,15,13
IP326PE,29,14,15,10
IP326PF,49,26,23,14
IP326PG,46,21,25,18
IP326PH,56,31,25,23
IP326PJ,53,27,26,19
IP326PL,22,12,10,10
IP326PN,28,15,13,9
IP326PP,65,32,33,26
IP326PQ,59,30,29,19
IP326PR,30,18,12,11
IP326PS,59,30,29,22
IP326PT,29,17,12,14
IP326PU,77,37,40,32
IP326PW,40,17,23,15
IP326PX,46,22,24,20
IP326PY,17,9,8,7
IP326PZ,24,14,10,10
IP326QA,18,12,6,9
IP326QB,22,15,7,8
IP326QD,40,21,19,16
IP326QE,52,30,22,35
IP326QF,24,12,12,10
IP326QG,48,27,21,15
IP326QH,94,44,50,39
IP326QJ,45,20,25,21
IP326QL,80,37,43,56
IP326QN,30,16,14,24
IP326QP,84,42,42,38
IP326QQ,29,14,15,12
IP326QR,31,15,16,16
IP326QS,48,26,22,17
IP326QT,45,24,21,20
IP326QU,21,10,11,8
IP326QX,17,9,8,10
IP326QY,31,14,17,10
IP326QZ,77,43,34,34
IP326RB,23,9,14,6
IP326RD,22,9,13,11
IP326RE,42,18,24,17
IP326RG,48,22,26,19
IP326RH,4,3,1,2
IP326RJ,61,33,28,26
IP326RL,41,16,25,18
IP326RN,31,15,16,13
IP326RP,41,25,16,23
IP326RQ,14,6,8,4
IP326RR,38,16,22,14
IP326RS,99,46,53,33
IP326RT,37,15,22,17
IP326RU,59,29,30,22
IP326RX,34,16,18,15
IP326RY,72,36,36,28
IP326RZ,36,18,18,14
IP326SA,99,50,49,39
IP326SB,28,12,16,10
IP326SD,36,17,19,12
IP326SE,23,10,13,6
IP326SF,35,16,19,13
IP326SG,24,11,13,7
IP326SH,64,29,35,22
IP326SJ,56,28,28,18
IP326SL,30,17,13,12
IP326SN,13,7,6,6
IP326SP,17,10,7,7
IP326SQ,27,9,18,8
IP326ST,21,11,10,8
IP326SU,65,37,28,26
IP326SW,13,7,6,5
IP326SX,62,31,31,50
IP326SZ,31,11,20,13
IP326TA,38,18,20,16
IP326TB,66,31,35,34
IP326TE,78,40,38,36
IP326TF,66,30,36,34
IP326TG,108,57,51,48
IP326TH,76,39,37,34
IP326TL,18,9,9,10
IP327AA,38,22,16,21
IP327AB,32,19,13,11
IP327AG,11,6,5,4
IP327AL,7,3,4,4
IP327AU,20,9,11,9
IP327AW,31,14,17,13
IP327AX,72,40,32,25
IP327AY,83,31,52,53
IP327AZ,44,24,20,17
IP327BA,2,1,1,1
IP327BD,7,5,2,2
IP327BE,24,13,11,7
IP327BF,6,4,2,4
IP327BH,12,6,6,6
IP327BJ,10,5,5,1
IP327BL,10,6,4,4
IP327BN,13,4,9,0
IP327DA,60,33,27,25
IP327DB,51,28,23,21
IP327DD,66,37,29,24
IP327DE,95,48,47,45
IP327DG,90,45,45,36
IP327DH,63,29,34,22
IP327DJ,29,17,12,9
IP327DL,23,12,11,13
IP327DN,85,38,47,34
IP327DP,51,29,22,22
IP327DQ,23,9,14,11
IP327DR,54,25,29,22
IP327DT,90,48,42,30
IP327DW,63,35,28,23
IP327EB,13,7,6,7
IP327ED,31,13,18,11
IP327EF,49,24,25,20
IP327EG,94,48,46,36
IP327EH,82,40,42,35
IP327EN,84,40,44,38
IP327EP,75,33,42,33
IP327EQ,32,18,14,18
IP327ER,33,18,15,23
IP327ES,125,64,61,49
IP327ET,77,38,39,35
IP327EU,75,43,32,29
IP327EW,7,4,3,4
IP327EX,105,48,57,40
IP327GA,92,47,45,29
IP327GD,34,21,13,13
IP327GE,18,10,8,7
IP327GF,275,151,124,97
IP327GG,24,12,12,8
IP327GH,37,20,17,15
IP327GJ,29,13,16,9
IP327GN,102,40,62,34
IP327GP,151,77,74,54
IP327GQ,116,48,68,51
IP327GR,26,14,12,9
IP327GS,21,12,9,5
IP327GT,176,86,90,62
IP327GU,22,12,10,6
IP327GW,92,40,52,27
IP327GX,63,34,29,22
IP327GY,5,4,1,1
IP327HD,41,23,18,11
IP327HE,133,62,71,65
IP327HF,77,37,40,32
IP327HG,110,59,51,37
IP327HH,26,14,12,11
IP327HJ,28,13,15,17
IP327HL,91,48,43,39
IP327HN,91,50,41,43
IP327HP,23,12,11,6
IP327HQ,120,59,61,44
IP327HR,86,42,44,30
IP327HS,70,41,29,34
IP327HU,110,60,50,35
IP327JA,10,5,5,3
IP327JB,15,7,8,6
IP327JD,48,27,21,17
IP327JF,78,34,44,34
IP327JG,32,16,16,14
IP327JH,106,62,44,38
IP327JJ,107,53,54,41
IP327JL,106,51,55,37
IP327JN,93,47,46,43
IP327JP,93,43,50,43
IP327JQ,142,77,65,74
IP327JR,78,33,45,36
IP327JT,33,19,14,11
IP327JU,104,52,52,39
IP327JW,120,63,57,57
IP327JY,39,17,22,15
IP327LD,50,22,28,22
IP327LE,66,31,35,29
IP327LG,90,51,39,43
IP327LH,39,20,19,14
IP327LJ,138,66,72,49
IP327LL,49,27,22,19
IP327LN,126,65,61,48
IP327LP,62,29,33,20
IP327LQ,99,50,49,37
IP327LR,103,53,50,37
IP327LT,101,48,53,49
IP327LU,30,15,15,14
IP327LW,27,13,14,11
IP327LX,37,18,19,13
IP327LY,23,7,16,8
IP327LZ,57,32,25,20
IP327NH,57,25,32,20
IP327NL,56,24,32,21
IP327NN,66,26,40,26
IP327PA,28,15,13,6
IP327PB,49,23,26,20
IP327PD,50,25,25,21
IP327PE,82,41,41,30
IP327PG,111,63,48,40
IP327PH,100,53,47,41
IP327PJ,83,43,40,31
IP327PL,115,55,60,50
IP327PN,31,14,17,12
IP327PP,113,60,53,45
IP327PQ,73,35,38,29
IP327PR,25,11,14,8
IP327PS,8,5,3,2
IP327PT,104,43,61,46
IP327PU,19,11,8,5
IP327PW,170,84,86,62
IP327PX,35,18,17,15
IP327QA,139,65,74,49
IP331AF,119,57,62,51
IP331AG,57,29,28,25
IP331AH,36,17,19,18
IP331AJ,31,14,17,12
IP331AL,13,9,4,8
IP331AP,8,5,3,5
IP331AY,39,25,14,28
IP331AZ,6,2,4,4
IP331BE,3,1,2,2
IP331BJ,5,3,2,4
IP331EA,2,0,2,1
IP331EB,16,7,9,8
IP331EF,25,14,11,15
IP331EH,61,27,34,24
IP331EL,28,10,18,21
IP331EP,63,16,47,51
IP331EQ,90,45,45,44
IP331ER,2,1,1,1
IP331ES,27,14,13,15
IP331EZ,59,28,31,30
IP331GZ,20,12,8,11
IP331HA,21,8,13,12
IP331HB,55,30,25,26
IP331HG,39,24,15,26
IP331HH,24,13,11,13
IP331HN,10,3,7,8
IP331HP,60,22,38,37
IP331HQ,38,19,19,20
IP331HR,38,6,32,17
IP331HS,58,20,38,1
IP331HT,14,7,7,11
IP331HU,18,7,11,10
IP331HY,84,44,40,43
IP331HZ,8,2,6,8
IP331JD,19,12,7,10
IP331JE,5,3,2,4
IP331JF,55,27,28,29
IP331JH,65,34,31,40
IP331JJ,13,2,11,12
IP331JL,34,15,19,18
IP331JN,33,18,15,20
IP331JP,6,3,3,4
IP331JQ,63,35,28,27
IP331JR,34,17,17,17
IP331JS,41,19,22,38
IP331JT,57,30,27,36
IP331JU,110,51,59,48
IP331JW,30,19,11,18
IP331JX,45,16,29,24
IP331JY,9,3,6,6
IP331JZ,2,1,1,1
IP331LS,8,2,6,6
IP331LW,19,7,12,12
IP331LY,21,10,11,11
IP331LZ,21,13,8,10
IP331NE,34,20,14,21
IP331NH,43,17,26,24
IP331NJ,26,11,15,20
IP331NL,62,28,34,34
IP331NN,8,3,5,3
IP331NP,66,30,36,37
IP331NR,20,10,10,13
IP331NU,9,3,6,6
IP331NW,18,8,10,17
IP331NX,34,16,18,17
IP331PQ,10,4,6,9
IP331PR,24,14,10,10
IP331QD,62,27,35,28
IP331QE,13,7,6,4
IP331QF,68,32,36,33
IP331QG,101,66,35,41
IP331QQ,7,3,4,4
IP331QR,10,5,5,4
IP331QU,62,27,35,28
IP331QX,37,21,16,21
IP331QZ,12,6,6,8
IP331RD,7,5,2,3
IP331RE,58,24,34,37
IP331RF,11,7,4,7
IP331RG,39,21,18,23
IP331RH,38,19,19,22
IP331RL,25,13,12,15
IP331RS,31,15,16,11
IP331RT,26,10,16,13
IP331RY,24,12,12,13
IP331SA,13,8,5,6
IP331SD,3,2,1,2
IP331SJ,21,12,9,11
IP331SN,25,17,8,14
IP331SP,50,31,19,28
IP331SQ,6,2,4,4
IP331ST,47,30,17,39
IP331SW,65,33,32,27
IP331SX,54,31,23,36
IP331SY,95,47,48,46
IP331SZ,28,12,16,11
IP331TA,1,1,0,1
IP331TD,34,17,17,16
IP331TE,58,25,33,25
IP331TF,10,7,3,7
IP331TG,59,28,31,27
IP331TH,70,36,34,26
IP331TP,14,9,5,7
IP331TQ,84,41,43,34
IP331TZ,30,18,12,16
IP331UE,29,19,10,5
IP331UF,26,10,16,23
IP331UN,16,5,11,11
IP331UQ,31,11,20,29
IP331UY,28,17,11,16
IP331UZ,29,12,17,16
IP331XG,26,7,19,23
IP331XL,26,14,12,12
IP331XP,25,13,12,11
IP331XR,32,18,14,23
IP331XS,11,3,8,8
IP331XU,32,16,16,13
IP331XW,1,0,1,1
IP331XX,92,52,40,60
IP331XZ,12,7,5,8
IP331YA,40,5,35,0
IP331YD,78,42,36,47
IP331YE,78,38,40,43
IP331YF,35,21,14,25
IP331YG,15,7,8,9
IP331YH,30,14,16,19
IP331YP,38,20,18,21
IP331YQ,65,25,40,44
IP331YR,67,28,39,38
IP331YW,81,41,40,36
IP332AB,21,11,10,10
IP332AD,29,11,18,16
IP332AE,22,10,12,12
IP332AF,93,46,47,49
IP332AG,5,0,5,5
IP332AJ,23,10,13,10
IP332AN,42,25,17,28
IP332AR,82,46,36,44
IP332AS,30,18,12,20
IP332AT,13,6,7,7
IP332AW,3,2,1,2
IP332AX,15,6,9,7
IP332AY,38,17,21,13
IP332AZ,72,41,31,32
IP332BB,36,15,21,22
IP332BE,5,3,2,2
IP332BF,18,7,11,11
IP332BG,12,6,6,7
IP332BH,5,2,3,4
IP332BJ,87,41,46,40
IP332BL,16,8,8,12
IP332BN,40,16,24,17
IP332BP,58,30,28,26
IP332BQ,10,5,5,5
IP332BS,46,23,23,18
IP332BT,8,4,4,4
IP332BU,85,33,52,32
IP332BW,31,14,17,15
IP332BX,20,9,11,11
IP332BY,1,0,1,1
IP332DA,125,62,63,49
IP332DB,67,28,39,25
IP332DD,70,40,30,51
IP332DE,4,2,2,1
IP332DF,11,9,2,10
IP332DG,43,18,25,23
IP332DH,72,35,37,26
IP332DJ,3,1,2,1
IP332DL,36,19,17,18
IP332DN,40,15,25,20
IP332DP,49,23,26,23
IP332DQ,71,36,35,25
IP332DR,71,35,36,30
IP332DS,50,27,23,19
IP332DT,41,22,19,16
IP332DU,38,21,17,16
IP332DW,61,28,33,29
IP332DX,48,24,24,19
IP332DY,27,12,15,15
IP332DZ,33,15,18,14
IP332EA,9,4,5,4
IP332EE,21,9,12,6
IP332EF,55,26,29,28
IP332EG,30,16,14,12
IP332EH,71,36,35,30
IP332EJ,61,34,27,20
IP332EL,31,14,17,13
IP332EN,38,20,18,18
IP332EP,70,32,38,27
IP332EQ,41,16,25,19
IP332ER,38,15,23,15
IP332ES,54,23,31,21
IP332ET,83,46,37,38
IP332EU,62,28,34,30
IP332EW,144,74,70,52
IP332EX,64,27,37,17
IP332EY,32,15,17,14
IP332EZ,23,9,14,10
IP332FB,123,54,69,68
IP332GA,15,9,6,5
IP332GB,24,13,11,10
IP332GF,13,5,8,6
IP332GG,23,11,12,9
IP332HA,19,11,8,8
IP332HB,16,10,6,5
IP332HD,59,28,31,26
IP332HE,9,4,5,4
IP332HF,82,42,40,40
IP332HG,31,15,16,12
IP332HH,42,20,22,17
IP332HJ,43,19,24,16
IP332HL,78,41,37,29
IP332HN,52,21,31,20
IP332HP,100,49,51,46
IP332HQ,40,22,18,20
IP332HR,47,25,22,16
IP332HS,59,29,30,23
IP332HT,64,31,33,24
IP332HU,58,34,24,17
IP332HW,48,20,28,18
IP332HX,59,28,31,33
IP332HY,48,25,23,21
IP332HZ,27,11,16,10
IP332JA,118,60,58,48
IP332JB,65,30,35,36
IP332JD,83,40,43,33
IP332JE,45,23,22,17
IP332JF,26,10,16,14
IP332JG,50,23,27,18
IP332JP,18,9,9,12
IP332JR,28,13,15,10
IP332JS,40,17,23,21
IP332JT,51,26,25,12
IP332JU,25,14,11,16
IP332JX,12,5,7,9
IP332JY,8,3,5,5
IP332JZ,60,29,31,24
IP332LA,13,7,6,7
IP332LB,40,22,18,21
IP332LE,41,16,25,20
IP332LF,27,12,15,14
IP332LG,49,24,25,21
IP332LH,57,27,30,27
IP332LJ,65,33,32,27
IP332LL,46,21,25,22
IP332LN,61,29,32,25
IP332LP,46,23,23,22
IP332LR,28,13,15,15
IP332LS,40,17,23,26
IP332LT,49,23,26,27
IP332LU,22,8,14,13
IP332LW,73,35,38,38
IP332LX,15,8,7,7
IP332LY,41,22,19,22
IP332LZ,41,21,20,16
IP332NA,49,22,27,22
IP332NB,44,22,22,21
IP332ND,15,6,9,6
IP332NH,18,11,7,6
IP332NJ,111,59,52,44
IP332NL,48,22,26,22
IP332NN,10,5,5,3
IP332NP,67,31,36,23
IP332NR,20,9,11,9
IP332NS,71,33,38,33
IP332NT,45,21,24,18
IP332NU,32,19,13,16
IP332NW,40,20,20,15
IP332NX,64,35,29,29
IP332NY,25,13,12,9
IP332NZ,19,11,8,9
IP332PA,136,71,65,45
IP332PB,11,5,6,3
IP332PD,72,34,38,32
IP332PE,138,76,62,53
IP332PF,16,8,8,7
IP332PG,57,24,33,23
IP332PH,100,45,55,36
IP332PJ,76,38,38,35
IP332PL,57,30,27,19
IP332PN,9,5,4,4
IP332PP,78,38,40,25
IP332PQ,131,61,70,49
IP332PR,139,76,63,49
IP332PS,29,11,18,12
IP332PT,33,13,20,29
IP332PU,76,41,35,23
IP332PW,75,43,32,35
IP332PX,22,9,13,8
IP332PY,27,13,14,12
IP332PZ,17,10,7,8
IP332QA,38,18,20,17
IP332QB,55,31,24,19
IP332QD,37,17,20,15
IP332QE,44,23,21,20
IP332QF,37,16,21,17
IP332QG,48,29,19,22
IP332QJ,61,30,31,25
IP332QL,113,51,62,42
IP332QQ,3,2,1,2
IP332QS,104,54,50,42
IP332QT,65,33,32,27
IP332QU,59,29,30,25
IP332QZ,65,29,36,8
IP332RA,73,35,38,33
IP332RB,51,26,25,24
IP332RD,2,1,1,1
IP332RH,21,12,9,9
IP332RN,69,40,29,39
IP332RR,27,12,15,12
IP332RS,5,3,2,4
IP332SA,36,19,17,20
IP332SB,91,45,46,47
IP332SD,108,53,55,54
IP332SE,94,38,56,50
IP332SN,48,20,28,18
IP332SY,66,30,36,38
IP332TA,12,5,7,4
IP332TB,24,12,12,11
IP332TD,47,22,25,18
IP332TE,48,23,25,20
IP332TF,44,21,23,18
IP332TG,29,16,13,11
IP332TH,20,8,12,9
IP332TJ,12,7,5,6
IP332TN,18,6,12,14
IP332TQ,19,11,8,6
IP332TS,21,10,11,7
IP332UA,74,39,35,26
IP332UB,74,37,37,29
IP333AA,55,38,17,24
IP333AB,39,15,24,20
IP333AD,47,13,34,33
IP333AE,5,5,0,5
IP333AF,1,0,1,1
IP333AG,38,19,19,18
IP333AJ,27,12,15,21
IP333AN,52,32,20,21
IP333AP,34,22,12,17
IP333AQ,47,14,33,39
IP333AR,137,66,71,65
IP333AS,40,20,20,19
IP333AT,72,37,35,48
IP333AU,63,28,35,28
IP333AW,12,6,6,5
IP333AY,53,28,25,25
IP333AZ,37,18,19,19
IP333BB,85,41,44,33
IP333BD,97,46,51,42
IP333BE,39,19,20,11
IP333BG,115,63,52,41
IP333BJ,52,27,25,18
IP333BL,69,34,35,31
IP333BN,74,33,41,33
IP333BP,24,10,14,14
IP333BQ,78,44,34,31
IP333BS,23,11,12,12
IP333BT,20,12,8,17
IP333BU,25,11,14,13
IP333BW,68,35,33,30
IP333DA,7,3,4,4
IP333DB,33,12,21,11
IP333DD,35,8,27,28
IP333DE,8,3,5,5
IP333DF,14,7,7,7
IP333DJ,52,23,29,26
IP333DN,10,5,5,4
IP333DP,58,28,30,29
IP333DQ,21,9,12,12
IP333DR,66,35,31,34
IP333DS,62,30,32,28
IP333DT,15,7,8,8
IP333DU,48,22,26,34
IP333DW,39,17,22,26
IP333DX,35,16,19,15
IP333DY,37,15,22,16
IP333DZ,36,20,16,13
IP333EA,30,18,12,15
IP333EB,10,7,3,4
IP333ED,7,4,3,4
IP333EE,74,41,33,29
IP333EF,57,27,30,36
IP333EG,90,47,43,39
IP333EH,5,2,3,2
IP333EJ,66,35,31,26
IP333EL,38,20,18,16
IP333EN,42,19,23,14
IP333EP,99,52,47,39
IP333EQ,60,30,30,22
IP333ER,21,9,12,10
IP333ES,98,45,53,42
IP333EW,85,47,38,31
IP333EY,13,9,4,7
IP333EZ,22,9,13,17
IP333FE,22,14,8,16
IP333FF,14,10,4,12
IP333FG,21,13,8,14
IP333FH,17,13,4,15
IP333FN,6,3,3,3
IP333GA,6,6,0,6
IP333GH,6,2,4,4
IP333GY,7,3,4,4
IP333GZ,8,3,5,5
IP333HA,59,27,32,20
IP333HE,49,26,23,13
IP333HF,22,11,11,8
IP333HG,34,18,16,13
IP333HH,71,35,36,31
IP333HJ,9,4,5,5
IP333HL,54,29,25,21
IP333HN,33,17,16,14
IP333HP,20,12,8,9
IP333HQ,123,60,63,41
IP333HR,56,30,26,19
IP333HS,8,4,4,4
IP333HT,24,11,13,9
IP333HU,39,20,19,13
IP333HW,20,11,9,8
IP333HX,24,14,10,9
IP333HY,31,9,22,22
IP333HZ,54,23,31,29
IP333JA,44,17,27,17
IP333JB,25,12,13,10
IP333JD,24,13,11,9
IP333JE,33,16,17,14
IP333JF,33,17,16,13
IP333JG,122,55,67,50
IP333JH,44,20,24,19
IP333JJ,42,21,21,17
IP333JL,22,10,12,11
IP333JN,75,33,42,32
IP333JP,60,32,28,36
IP333JQ,134,56,78,54
IP333JT,12,5,7,6
IP333JU,103,57,46,43
IP333JW,12,4,8,7
IP333JY,41,25,16,13
IP333JZ,27,14,13,8
IP333LB,31,14,17,15
IP333LD,49,22,27,24
IP333LE,18,8,10,9
IP333LF,51,23,28,27
IP333LG,35,16,19,18
IP333LH,18,9,9,9
IP333LJ,22,11,11,13
IP333LL,47,28,19,24
IP333LN,130,61,69,46
IP333LP,40,19,21,20
IP333LQ,42,21,21,20
IP333LR,28,16,12,10
IP333LS,5,1,4,2
IP333LT,60,32,28,21
IP333LU,75,39,36,35
IP333LW,59,34,25,21
IP333LX,81,40,41,31
IP333LY,51,20,31,32
IP333LZ,103,53,50,39
IP333NA,63,37,26,21
IP333NB,34,17,17,13
IP333NG,76,43,33,42
IP333NH,75,27,48,5
IP333NJ,72,35,37,34
IP333NL,53,25,28,22
IP333NN,102,54,48,40
IP333NP,14,5,9,8
IP333NQ,56,26,30,24
IP333NS,16,7,9,8
IP333NT,79,35,44,37
IP333NU,73,34,39,35
IP333NW,8,2,6,2
IP333NX,45,22,23,21
IP333NY,93,47,46,44
IP333NZ,52,23,29,28
IP333PB,101,47,54,62
IP333PD,57,26,31,14
IP333PG,51,28,23,28
IP333PH,47,29,18,24
IP333PJ,26,16,10,13
IP333PP,6,3,3,3
IP333PQ,25,10,15,16
IP333PS,6,3,3,3
IP333PX,29,10,19,19
IP333PY,77,31,46,39
IP333PZ,44,24,20,20
IP333QA,27,13,14,17
IP333QB,56,26,30,21
IP333QD,12,4,8,6
IP333QE,43,23,20,17
IP333QF,38,19,19,15
IP333QG,36,14,22,15
IP333QJ,51,26,25,26
IP333QL,61,29,32,23
IP333QN,27,13,14,14
IP333QP,9,4,5,5
IP333QQ,13,5,8,6
IP333QR,17,9,8,10
IP333QS,67,31,36,34
IP333QT,62,31,31,31
IP333QU,22,10,12,11
IP333QW,95,43,52,34
IP333QX,15,7,8,6
IP333QY,5,2,3,3
IP333RA,26,12,14,10
IP333RB,5,2,3,3
IP333RD,68,39,29,41
IP333RG,3,0,3,3
IP333RJ,111,50,61,34
IP333RQ,42,20,22,19
IP333RR,46,27,19,18
IP333RS,56,27,29,20
IP333RU,81,43,38,35
IP333RW,51,26,25,21
IP333RX,50,23,27,19
IP333RY,34,15,19,15
IP333RZ,37,19,18,17
IP333SA,48,25,23,23
IP333SD,83,39,44,35
IP333SE,56,25,31,22
IP333SH,58,33,25,38
IP333SL,6,3,3,3
IP333SN,87,43,44,39
IP333ST,45,16,29,22
IP333SU,39,15,24,24
IP333SW,1,1,0,1
IP333SY,41,21,20,21
IP333TF,53,26,27,21
IP333TH,19,8,11,9
IP333TJ,45,19,26,20
IP333TL,24,12,12,11
IP333TN,18,9,9,5
IP333TQ,20,9,11,8
IP333TR,14,6,8,5
IP333TT,2,1,1,1
IP333TY,24,15,9,8
IP333UA,37,19,18,13
IP333UB,111,58,53,42
IP333UD,25,10,15,10
IP333UE,42,25,17,22
IP333UF,64,30,34,31
IP333UG,10,4,6,8
IP333UH,73,30,43,40
IP333UJ,13,5,8,6
IP333UL,16,9,7,6
IP333UN,55,28,27,25
IP333UP,13,5,8,8
IP333UQ,46,24,22,20
IP333UR,17,8,9,10
IP333UT,8,3,5,3
IP333UU,34,14,20,20
IP333UW,73,37,36,36
IP333UX,30,15,15,16
IP333UY,22,13,9,9
IP333UZ,46,26,20,19
IP333WB,2,1,1,1
IP333XA,33,15,18,16
IP333XB,55,29,26,21
IP333XD,102,46,56,42
IP333XE,7,3,4,4
IP333XH,72,33,39,33
IP333XL,27,12,15,20
IP333XN,14,7,7,9
IP333XP,20,10,10,12
IP333XQ,70,32,38,40
IP333XS,49,23,26,30
IP333XT,67,35,32,43
IP333XU,56,25,31,32
IP333XW,84,40,44,46
IP333YD,4,2,2,2
IP333ZA,102,53,49,53
IP333ZB,43,23,20,23
IP333ZD,11,9,2,5
IP333ZE,100,48,52,45
IP333ZF,17,9,8,9
IP333ZG,26,15,11,13
IP4 1AD,2,2,0,2
IP4 1AG,13,7,6,5
IP4 1AL,2,1,1,2
IP4 1AP,9,7,2,4
IP4 1AQ,13,9,4,11
IP4 1AR,17,11,6,8
IP4 1AS,1,1,0,1
IP4 1AU,7,6,1,4
IP4 1AY,1,1,0,1
IP4 1BA,1,0,1,1
IP4 1BB,15,10,5,11
IP4 1BD,6,5,1,6
IP4 1BE,53,24,29,39
IP4 1BF,12,6,6,8
IP4 1BN,12,5,7,12
IP4 1BP,9,5,4,6
IP4 1BQ,3,1,2,2
IP4 1BS,43,24,19,23
IP4 1BU,1,1,0,1
IP4 1BZ,6,1,5,5
IP4 1DJ,99,54,45,65
IP4 1DL,19,14,5,3
IP4 1DQ,22,9,13,12
IP4 1DR,2,0,2,2
IP4 1DT,36,18,18,18
IP4 1DX,2,2,0,2
IP4 1DY,75,36,39,34
IP4 1EB,13,8,5,6
IP4 1EG,1,1,0,1
IP4 1EJ,2,2,0,2
IP4 1EW,1,1,0,1
IP4 1FF,31,19,12,22
IP4 1FG,8,4,4,6
IP4 1FP,88,48,40,65
IP4 1FT,38,23,15,25
IP4 1FW,36,20,16,26
IP4 1HA,1,1,0,1
IP4 1HB,2,2,0,2
IP4 1HH,1,0,1,1
IP4 1HJ,10,9,1,4
IP4 1HN,8,5,3,4
IP4 1HP,8,5,3,5
IP4 1HR,9,6,3,6
IP4 1HT,7,5,2,3
IP4 1HW,8,3,5,5
IP4 1HY,153,81,72,96
IP4 1JA,13,5,8,8
IP4 1JB,3,2,1,3
IP4 1JD,58,31,27,34
IP4 1JE,13,10,3,8
IP4 1JF,101,56,45,29
IP4 1JG,40,19,21,19
IP4 1JH,24,18,6,17
IP4 1JL,6,4,2,3
IP4 1JP,11,7,4,8
IP4 1JS,26,15,11,17
IP4 1JU,7,4,3,6
IP4 1JW,7,3,4,5
IP4 1JX,1,1,0,1
IP4 1JY,20,12,8,14
IP4 1JZ,67,48,19,37
IP4 1LB,2,1,1,1
IP4 1LE,15,7,8,8
IP4 1LN,19,5,14,0
IP4 1LP,17,7,10,9
IP4 1LS,37,18,19,20
IP4 1LW,1,1,0,1
IP4 1NA,24,13,11,16
IP4 1NB,76,36,40,27
IP4 1ND,24,14,10,13
IP4 1NE,50,36,14,31
IP4 1NL,161,81,80,53
IP4 1NN,24,12,12,11
IP4 1NP,118,53,65,43
IP4 1NR,16,9,7,6
IP4 1NS,42,20,22,15
IP4 1NT,56,29,27,24
IP4 1NW,13,3,10,4
IP4 1NX,39,21,18,14
IP4 1NY,86,43,43,32
IP4 1NZ,55,30,25,17
IP4 1PA,51,24,27,20
IP4 1PB,43,20,23,18
IP4 1PD,40,16,24,17
IP4 1PE,88,38,50,35
IP4 1PG,50,18,32,21
IP4 1PH,56,30,26,28
IP4 1PJ,88,42,46,30
IP4 1PL,49,25,24,18
IP4 1PN,168,75,93,61
IP4 1PP,54,26,28,20
IP4 1PR,89,41,48,41
IP4 1PS,109,55,54,58
IP4 1PT,115,57,58,46
IP4 1PU,118,60,58,51
IP4 1QB,65,28,37,26
IP4 1QD,53,26,27,20
IP4 1QE,38,18,20,13
IP4 1QF,32,16,16,15
IP4 1QH,83,45,38,56
IP4 2AA,31,14,17,16
IP4 2AB,61,34,27,19
IP4 2AE,108,46,62,59
IP4 2AF,8,3,5,6
IP4 2AH,5,4,1,3
IP4 2AP,1,1,0,1
IP4 2AR,9,6,3,5
IP4 2AS,13,7,6,11
IP4 2BA,3,3,0,2
IP4 2BB,7,1,6,3
IP4 2BD,1,1,0,1
IP4 2BF,39,20,19,16
IP4 2BG,5,3,2,2
IP4 2BN,4,2,2,3
IP4 2BS,13,8,5,6
IP4 2BT,40,20,20,20
IP4 2BX,70,35,35,33
IP4 2BY,13,8,5,5
IP4 2BZ,113,54,59,56
IP4 2DB,20,10,10,15
IP4 2DD,43,26,17,17
IP4 2DE,55,28,27,31
IP4 2DF,45,23,22,23
IP4 2DH,79,46,33,43
IP4 2DJ,45,24,21,19
IP4 2DL,45,19,26,36
IP4 2DN,104,49,55,46
IP4 2DQ,36,9,27,31
IP4 2DR,24,12,12,12
IP4 2DU,37,24,13,29
IP4 2DX,30,19,11,25
IP4 2DY,22,18,4,19
IP4 2DZ,18,16,2,18
IP4 2EA,1,1,0,1
IP4 2EB,2,1,1,1
IP4 2ED,27,15,12,15
IP4 2EG,50,29,21,21
IP4 2EJ,41,21,20,17
IP4 2EL,29,14,15,12
IP4 2EN,67,39,28,55
IP4 2EP,27,11,16,15
IP4 2EQ,12,4,8,3
IP4 2ER,24,13,11,12
IP4 2ES,55,29,26,29
IP4 2ET,126,64,62,59
IP4 2EU,100,51,49,40
IP4 2EZ,80,33,47,42
IP4 2GA,33,15,18,16
IP4 2GB,7,5,2,3
IP4 2HB,101,45,56,55
IP4 2HE,53,27,26,25
IP4 2HF,83,43,40,34
IP4 2HG,105,52,53,44
IP4 2HH,29,14,15,17
IP4 2HL,106,48,58,48
IP4 2HN,53,29,24,27
IP4 2HP,68,28,40,33
IP4 2HQ,30,12,18,13
IP4 2HR,13,7,6,10
IP4 2HS,51,21,30,25
IP4 2HT,132,64,68,59
IP4 2HU,15,6,9,7
IP4 2HX,28,19,9,13
IP4 2HZ,88,47,41,49
IP4 2JA,53,28,25,20
IP4 2JB,14,7,7,9
IP4 2JL,9,8,1,7
IP4 2JZ,17,13,4,11
IP4 2LA,11,9,2,6
IP4 2LB,10,8,2,6
IP4 2LE,20,10,10,10
IP4 2LH,60,32,28,26
IP4 2LJ,29,15,14,11
IP4 2LN,55,27,28,24
IP4 2LP,3,1,2,3
IP4 2LR,72,35,37,38
IP4 2LS,15,8,7,7
IP4 2LX,51,28,23,26
IP4 2NA,8,3,5,4
IP4 2NB,47,31,16,34
IP4 2NE,16,12,4,8
IP4 2NG,21,11,10,8
IP4 2NH,25,14,11,19
IP4 2NJ,16,13,3,13
IP4 2NL,32,19,13,18
IP4 2NN,19,12,7,10
IP4 2NP,6,5,1,3
IP4 2NR,15,8,7,7
IP4 2NS,35,17,18,15
IP4 2NU,80,42,38,36
IP4 2NW,21,10,11,12
IP4 2NY,41,18,23,25
IP4 2PA,72,34,38,24
IP4 2PB,41,19,22,22
IP4 2PD,28,16,12,9
IP4 2PE,34,11,23,15
IP4 2PF,21,9,12,13
IP4 2PG,6,3,3,4
IP4 2PH,123,64,59,57
IP4 2PJ,26,8,18,23
IP4 2PL,50,21,29,23
IP4 2PN,28,19,9,15
IP4 2PP,66,31,35,29
IP4 2PU,25,11,14,7
IP4 2PW,17,10,7,11
IP4 2QD,54,26,28,21
IP4 2QE,95,53,42,31
IP4 2QH,27,13,14,11
IP4 2QJ,3,2,1,2
IP4 2QN,10,5,5,4
IP4 2QP,2,1,1,1
IP4 2QQ,50,27,23,21
IP4 2QR,31,13,18,15
IP4 2QS,12,7,5,6
IP4 2QT,72,40,32,27
IP4 2QU,17,4,13,9
IP4 2RA,7,4,3,3
IP4 2RD,114,57,57,47
IP4 2RE,72,30,42,35
IP4 2RF,51,26,25,36
IP4 2RG,83,45,38,37
IP4 2RH,30,14,16,15
IP4 2RJ,79,41,38,35
IP4 2RL,60,30,30,29
IP4 2RN,46,22,24,14
IP4 2RP,38,16,22,16
IP4 2RR,70,35,35,30
IP4 2RS,67,27,40,29
IP4 2RT,21,10,11,9
IP4 2RU,33,17,16,15
IP4 2RX,20,12,8,7
IP4 2SA,26,13,13,6
IP4 2SG,35,17,18,16
IP4 2SH,16,9,7,5
IP4 2SJ,5,4,1,1
IP4 2SL,13,5,8,5
IP4 2SN,57,25,32,15
IP4 2SP,36,21,15,13
IP4 2SR,31,13,18,13
IP4 2ST,40,16,24,15
IP4 2SU,31,17,14,10
IP4 2SX,24,14,10,8
IP4 2SY,52,20,32,20
IP4 2SZ,33,14,19,15
IP4 2TE,29,13,16,15
IP4 2TF,15,6,9,6
IP4 2TG,9,4,5,3
IP4 2TH,43,23,20,14
IP4 2TJ,28,14,14,10
IP4 2TL,33,15,18,14
IP4 2TN,58,30,28,26
IP4 2TP,116,55,61,47
IP4 2TR,39,21,18,15
IP4 2TS,83,42,41,28
IP4 2TT,47,27,20,17
IP4 2TU,33,17,16,12
IP4 2TZ,4,2,2,2
IP4 2UA,22,11,11,8
IP4 2UB,84,42,42,27
IP4 2UE,55,24,31,21
IP4 2UG,22,11,11,8
IP4 2UJ,68,28,40,24
IP4 2UL,21,12,9,9
IP4 2UN,12,8,4,3
IP4 2UP,40,22,18,16
IP4 2UQ,8,3,5,3
IP4 2UR,43,19,24,18
IP4 2UT,46,17,29,13
IP4 2UU,16,7,9,5
IP4 2UW,96,49,47,43
IP4 2UX,24,11,13,13
IP4 2UZ,91,44,47,27
IP4 2XA,72,36,36,23
IP4 2XB,55,27,28,22
IP4 2XD,147,76,71,53
IP4 2XE,22,12,10,8
IP4 2XG,61,27,34,18
IP4 2XN,54,27,27,17
IP4 2XP,33,16,17,11
IP4 2XR,6,4,2,2
IP4 2XT,36,17,19,22
IP4 2XW,12,5,7,5
IP4 3AA,9,5,4,5
IP4 3AB,25,13,12,11
IP4 3AE,11,4,7,5
IP4 3AF,32,18,14,10
IP4 3AH,64,31,33,28
IP4 3AJ,64,34,30,25
IP4 3AP,41,10,31,35
IP4 3AS,36,14,22,22
IP4 3AT,106,52,54,45
IP4 3AU,19,10,9,11
IP4 3AX,9,4,5,3
IP4 3AY,47,20,27,25
IP4 3AZ,11,4,7,7
IP4 3BA,17,5,12,14
IP4 3BB,33,17,16,18
IP4 3BD,22,10,12,10
IP4 3BE,31,12,19,13
IP4 3BG,11,5,6,5
IP4 3BH,50,19,31,20
IP4 3BJ,136,76,60,50
IP4 3BL,33,11,22,13
IP4 3BT,84,46,38,32
IP4 3BX,39,20,19,17
IP4 3BY,53,27,26,19
IP4 3BZ,24,12,12,8
IP4 3DA,21,10,11,10
IP4 3DB,16,6,10,6
IP4 3DG,37,15,22,16
IP4 3DH,66,19,47,6
IP4 3DN,35,20,15,12
IP4 3DP,13,6,7,6
IP4 3DQ,32,15,17,14
IP4 3DR,73,39,34,33
IP4 3DS,78,41,37,31
IP4 3DT,11,5,6,5
IP4 3DU,6,4,2,3
IP4 3DW,35,15,20,16
IP4 3DX,11,6,5,6
IP4 3DY,77,38,39,39
IP4 3DZ,80,39,41,34
IP4 3EA,74,31,43,45
IP4 3EB,40,14,26,29
IP4 3ED,6,3,3,5
IP4 3EE,88,41,47,35
IP4 3EF,12,5,7,8
IP4 3EG,35,13,22,18
IP4 3EH,39,23,16,16
IP4 3EJ,63,32,31,22
IP4 3EL,42,20,22,18
IP4 3EQ,43,21,22,16
IP4 3ES,32,15,17,14
IP4 3ET,67,33,34,26
IP4 3EU,114,52,62,39
IP4 3EX,27,14,13,10
IP4 3EY,36,17,19,11
IP4 3EZ,41,18,23,16
IP4 3HA,48,19,29,34
IP4 3HB,34,16,18,12
IP4 3HD,10,5,5,4
IP4 3HE,27,13,14,9
IP4 3HF,51,31,20,18
IP4 3HH,38,19,19,11
IP4 3HJ,50,22,28,21
IP4 3HL,46,26,20,14
IP4 3HN,48,23,25,18
IP4 3HP,62,32,30,21
IP4 3HR,9,3,6,4
IP4 3HS,84,41,43,28
IP4 3HT,33,18,15,12
IP4 3HW,44,25,19,15
IP4 3HX,31,16,15,10
IP4 3HY,47,26,21,14
IP4 3HZ,19,6,13,8
IP4 3JA,12,6,6,7
IP4 3JB,49,23,26,16
IP4 3JD,21,11,10,9
IP4 3JG,27,13,14,12
IP4 3JH,44,22,22,14
IP4 3JJ,44,23,21,17
IP4 3JL,22,11,11,9
IP4 3JN,13,3,10,2
IP4 3JP,51,27,24,29
IP4 3JQ,44,20,24,16
IP4 3JR,25,13,12,9
IP4 3JS,21,11,10,9
IP4 3LA,6,2,4,4
IP4 3LB,6,2,4,3
IP4 3LD,9,6,3,3
IP4 3LE,11,5,6,5
IP4 3LG,2,1,1,2
IP4 3LH,17,11,6,7
IP4 3LJ,37,17,20,17
IP4 3LL,60,28,32,26
IP4 3LN,19,10,9,7
IP4 3LP,36,19,17,15
IP4 3LQ,16,8,8,9
IP4 3LR,16,9,7,7
IP4 3LS,52,25,27,24
IP4 3LT,33,16,17,15
IP4 3LU,18,9,9,7
IP4 3NA,10,6,4,5
IP4 3NB,75,34,41,28
IP4 3ND,32,14,18,14
IP4 3NE,65,36,29,29
IP4 3NF,23,11,12,9
IP4 3NG,85,39,46,45
IP4 3NH,65,29,36,26
IP4 3NJ,25,13,12,8
IP4 3NL,39,18,21,18
IP4 3NP,31,15,16,12
IP4 3NR,56,28,28,23
IP4 3NS,5,3,2,3
IP4 3NT,56,29,27,19
IP4 3NU,35,19,16,15
IP4 3NX,92,34,58,41
IP4 3NY,87,37,50,30
IP4 3NZ,22,13,9,11
IP4 3PA,37,15,22,15
IP4 3PD,38,19,19,16
IP4 3PE,53,27,26,21
IP4 3PF,21,11,10,11
IP4 3PG,3,1,2,2
IP4 3PH,18,10,8,9
IP4 3PJ,15,7,8,9
IP4 3PL,32,21,11,16
IP4 3PN,18,8,10,9
IP4 3PP,89,44,45,39
IP4 3PR,25,12,13,15
IP4 3PS,45,20,25,25
IP4 3PX,12,8,4,5
IP4 3PY,37,15,22,16
IP4 3QA,24,10,14,17
IP4 3QB,19,10,9,13
IP4 3QD,3,2,1,2
IP4 3QE,4,3,1,1
IP4 3QG,3,2,1,2
IP4 3QH,15,8,7,7
IP4 3QL,2,1,1,1
IP4 3QZ,9,3,6,5
IP4 4AA,21,9,12,10
IP4 4AB,72,34,38,32
IP4 4AD,170,77,93,60
IP4 4AE,40,22,18,14
IP4 4AF,143,68,75,51
IP4 4AG,98,48,50,36
IP4 4AH,54,26,28,23
IP4 4AJ,27,14,13,12
IP4 4AS,1,1,0,1
IP4 4AW,13,6,7,7
IP4 4AX,24,11,13,11
IP4 4BA,49,14,35,45
IP4 4BD,7,1,6,2
IP4 4BG,18,10,8,7
IP4 4BH,79,41,38,44
IP4 4BL,46,20,26,22
IP4 4BN,26,12,14,11
IP4 4BP,120,64,56,44
IP4 4BS,53,28,25,22
IP4 4BT,49,21,28,19
IP4 4BU,165,80,85,59
IP4 4BX,98,51,47,36
IP4 4BZ,43,20,23,14
IP4 4DA,62,32,30,20
IP4 4DB,140,66,74,51
IP4 4DD,40,20,20,16
IP4 4DE,96,47,49,33
IP4 4DG,92,44,48,37
IP4 4DH,71,37,34,30
IP4 4DJ,14,7,7,8
IP4 4DL,94,50,44,34
IP4 4DS,44,22,22,21
IP4 4DT,27,12,15,15
IP4 4DU,81,41,40,34
IP4 4DY,80,45,35,44
IP4 4DZ,33,19,14,17
IP4 4EA,33,19,14,17
IP4 4EB,42,25,17,17
IP4 4ED,40,18,22,22
IP4 4EE,12,5,7,5
IP4 4EF,60,29,31,29
IP4 4EH,8,3,5,3
IP4 4EJ,8,3,5,3
IP4 4EL,24,11,13,7
IP4 4EN,28,6,22,1
IP4 4EP,57,29,28,19
IP4 4EQ,82,40,42,44
IP4 4ER,54,28,26,18
IP4 4ES,38,20,18,19
IP4 4ET,4,2,2,1
IP4 4EU,31,12,19,17
IP4 4EX,80,37,43,35
IP4 4EY,31,18,13,16
IP4 4EZ,45,24,21,23
IP4 4HA,53,24,29,19
IP4 4HB,49,24,25,19
IP4 4HD,94,47,47,36
IP4 4HE,50,24,26,19
IP4 4HF,93,45,48,32
IP4 4HG,16,8,8,8
IP4 4HJ,40,17,23,26
IP4 4HL,61,29,32,20
IP4 4HN,36,16,20,30
IP4 4HQ,49,25,24,20
IP4 4HS,18,9,9,7
IP4 4HT,34,18,16,9
IP4 4HU,18,8,10,6
IP4 4HW,44,20,24,33
IP4 4HX,26,16,10,7
IP4 4HY,42,22,20,12
IP4 4HZ,8,5,3,3
IP4 4JA,43,24,19,14
IP4 4JB,17,7,10,8
IP4 4JE,12,5,7,4
IP4 4JF,2,2,0,1
IP4 4JH,67,33,34,22
IP4 4JJ,68,35,33,24
IP4 4JN,60,29,31,22
IP4 4JU,2,2,0,2
IP4 4JW,47,24,23,12
IP4 4JX,39,24,15,14
IP4 4JY,15,11,4,5
IP4 4JZ,11,6,5,4
IP4 4LA,78,38,40,30
IP4 4LB,7,6,1,3
IP4 4LD,44,20,24,20
IP4 4LE,20,12,8,8
IP4 4LG,38,17,21,13
IP4 4LH,64,34,30,22
IP4 4LP,111,51,60,43
IP4 4LQ,38,22,16,15
IP4 4LR,18,8,10,11
IP4 4LS,95,49,46,33
IP4 4LT,20,9,11,8
IP4 4LU,68,36,32,23
IP4 4LW,47,21,26,14
IP4 4LX,42,17,25,14
IP4 4LY,142,61,81,72
IP4 4LZ,39,18,21,33
IP4 4NB,40,23,17,22
IP4 4ND,99,53,46,46
IP4 4NE,16,9,7,9
IP4 4NG,101,48,53,43
IP4 4NJ,103,48,55,42
IP4 4NN,32,17,15,14
IP4 4NP,101,54,47,38
IP4 4NR,76,44,32,30
IP4 4NS,53,27,26,19
IP4 4NT,128,72,56,42
IP4 4NX,34,20,14,17
IP4 4PA,20,12,8,5
IP4 4PD,28,12,16,11
IP4 4PE,6,3,3,2
IP4 4PG,42,23,19,16
IP4 4PH,19,10,9,10
IP4 4PL,71,31,40,26
IP4 4PN,20,5,15,4
IP4 4PP,55,30,25,24
IP4 4PQ,49,23,26,20
IP4 4PR,52,24,28,27
IP4 4PS,12,5,7,6
IP4 4PT,46,22,24,19
IP4 4PU,26,15,11,10
IP4 4PX,14,8,6,8
IP4 4PZ,67,31,36,30
IP4 4QA,35,16,19,16
IP4 4QB,22,14,8,9
IP4 4QD,22,13,9,10
IP4 4QE,28,15,13,13
IP4 4QG,35,20,15,19
IP4 4QN,26,11,15,4
IP4 4QP,64,31,33,22
IP4 4QQ,58,31,27,17
IP4 4QR,23,12,11,8
IP4 4QS,86,47,39,30
IP4 4QU,31,13,18,12
IP4 4QX,19,7,12,9
IP4 4QY,24,11,13,10
IP4 4QZ,48,22,26,13
IP4 4RA,44,21,23,16
IP4 4RB,56,29,27,21
IP4 4RD,41,20,21,14
IP4 4RE,53,27,26,19
IP4 4RF,78,36,42,29
IP4 4RH,67,32,35,25
IP4 4RL,25,9,16,7
IP4 4RN,89,39,50,38
IP4 4RP,91,50,41,40
IP4 4RQ,90,42,48,34
IP4 4RR,61,34,27,26
IP4 4RS,37,17,20,11
IP4 4RT,22,8,14,7
IP4 4RW,9,5,4,4
IP4 4RX,45,22,23,15
IP4 4RZ,54,25,29,20
IP4 4SD,45,19,26,24
IP4 4SE,12,4,8,3
IP4 4SF,44,24,20,18
IP4 4SG,15,10,5,7
IP4 4SH,21,12,9,7
IP4 4SJ,54,30,24,18
IP4 4SL,34,16,18,15
IP4 4SN,44,22,22,14
IP4 4SP,44,23,21,27
IP4 4SQ,18,12,6,7
IP4 4ST,66,33,33,20
IP4 4SU,14,8,6,7
IP4 4SW,79,40,39,30
IP4 4SY,99,51,48,31
IP4 5AA,70,46,24,21
IP4 5AB,41,20,21,24
IP4 5AD,6,4,2,2
IP4 5AE,29,12,17,17
IP4 5AF,27,12,15,12
IP4 5AG,19,13,6,10
IP4 5AH,54,26,28,22
IP4 5AJ,40,20,20,15
IP4 5AL,38,22,16,30
IP4 5AN,77,42,35,26
IP4 5AQ,49,21,28,21
IP4 5AR,69,33,36,30
IP4 5AS,66,32,34,30
IP4 5AT,66,37,29,24
IP4 5AU,12,4,8,4
IP4 5AX,54,22,32,21
IP4 5AY,27,9,18,22
IP4 5AZ,8,4,4,4
IP4 5BA,29,14,15,13
IP4 5BB,50,29,21,17
IP4 5BD,17,9,8,7
IP4 5BE,45,26,19,15
IP4 5BH,133,68,65,46
IP4 5BL,25,13,12,11
IP4 5BN,3,1,2,2
IP4 5BP,15,8,7,8
IP4 5BQ,39,19,20,14
IP4 5BS,18,10,8,9
IP4 5BT,138,63,75,68
IP4 5BU,19,7,12,7
IP4 5BX,96,45,51,42
IP4 5BY,20,8,12,4
IP4 5BZ,35,19,16,23
IP4 5DA,46,23,23,22
IP4 5DB,74,37,37,32
IP4 5DD,32,14,18,16
IP4 5DE,36,20,16,15
IP4 5DF,24,11,13,11
IP4 5DG,48,26,22,19
IP4 5DN,25,13,12,8
IP4 5DP,11,5,6,6
IP4 5DQ,36,18,18,16
IP4 5DR,63,33,30,25
IP4 5DS,24,10,14,12
IP4 5DT,61,35,26,26
IP4 5DU,30,14,16,12
IP4 5DW,22,11,11,8
IP4 5DX,47,25,22,15
IP4 5DZ,24,14,10,18
IP4 5EA,67,26,41,35
IP4 5EB,76,44,32,34
IP4 5EE,84,36,48,41
IP4 5EF,53,27,26,34
IP4 5EG,72,35,37,27
IP4 5EH,29,14,15,10
IP4 5EJ,96,51,45,33
IP4 5EL,75,25,50,64
IP4 5EN,126,59,67,52
IP4 5EP,104,52,52,45
IP4 5EQ,102,52,50,40
IP4 5ES,60,35,25,20
IP4 5ET,151,86,65,68
IP4 5EX,59,28,31,23
IP4 5EY,76,36,40,26
IP4 5EZ,8,3,5,4
IP4 5GA,43,19,24,15
IP4 5GB,13,6,7,4
IP4 5GE,14,7,7,6
IP4 5HA,33,20,13,17
IP4 5HB,122,57,65,39
IP4 5HE,93,38,55,43
IP4 5HF,125,60,65,50
IP4 5HG,106,56,50,38
IP4 5HH,13,5,8,6
IP4 5HJ,16,7,9,5
IP4 5HL,19,12,7,7
IP4 5HN,24,14,10,12
IP4 5HP,53,22,31,22
IP4 5HR,35,17,18,18
IP4 5HS,50,13,37,9
IP4 5HU,19,9,10,8
IP4 5HX,41,18,23,13
IP4 5HY,86,43,43,36
IP4 5HZ,30,16,14,13
IP4 5JA,50,23,27,17
IP4 5JB,61,30,31,25
IP4 5JD,49,16,33,9
IP4 5JE,37,16,21,17
IP4 5JF,21,11,10,16
IP4 5JG,78,45,33,35
IP4 5JH,51,19,32,26
IP4 5JJ,35,18,17,13
IP4 5JL,43,23,20,14
IP4 5JN,30,15,15,19
IP4 5JP,58,30,28,23
IP4 5JQ,116,55,61,54
IP4 5JR,4,2,2,2
IP4 5JS,41,15,26,32
IP4 5JT,21,9,12,18
IP4 5JU,60,26,34,40
IP4 5JW,39,9,30,31
IP4 5JX,24,12,12,8
IP4 5JY,10,5,5,4
IP4 5JZ,27,11,16,10
IP4 5LA,67,30,37,25
IP4 5LB,148,74,74,61
IP4 5LD,116,63,53,43
IP4 5LE,34,13,21,14
IP4 5LG,30,13,17,10
IP4 5LJ,88,46,42,36
IP4 5LL,96,51,45,34
IP4 5LN,32,16,16,12
IP4 5LP,44,23,21,16
IP4 5LQ,117,53,64,38
IP4 5LR,104,47,57,38
IP4 5LS,88,47,41,32
IP4 5LT,78,37,41,29
IP4 5LU,97,50,47,39
IP4 5LW,70,37,33,19
IP4 5LX,64,35,29,23
IP4 5LY,36,20,16,14
IP4 5LZ,69,30,39,27
IP4 5NA,37,21,16,17
IP4 5NB,37,15,22,19
IP4 5ND,48,21,27,25
IP4 5NE,49,19,30,25
IP4 5NF,42,24,18,15
IP4 5NG,46,21,25,22
IP4 5NH,23,12,11,12
IP4 5NJ,8,4,4,5
IP4 5NL,27,15,12,14
IP4 5NN,55,29,26,23
IP4 5NP,9,5,4,5
IP4 5NQ,62,32,30,26
IP4 5NR,40,20,20,20
IP4 5NS,42,19,23,19
IP4 5NT,10,5,5,6
IP4 5NU,48,24,24,14
IP4 5NW,42,25,17,13
IP4 5NX,12,6,6,11
IP4 5NY,69,36,33,26
IP4 5NZ,49,23,26,44
IP4 5PA,18,9,9,6
IP4 5PB,47,18,29,2
IP4 5PG,10,4,6,5
IP4 5PH,38,18,20,18
IP4 5PJ,5,3,2,4
IP4 5PL,19,9,10,7
IP4 5PN,13,6,7,4
IP4 5PP,133,69,64,53
IP4 5PQ,99,48,51,34
IP4 5PR,29,16,13,13
IP4 5PS,83,39,44,40
IP4 5PT,11,7,4,6
IP4 5PU,13,7,6,8
IP4 5PW,38,22,16,12
IP4 5PX,15,9,6,8
IP4 5PZ,29,16,13,12
IP4 5QA,80,36,44,33
IP4 5QB,19,12,7,8
IP4 5QD,89,47,42,30
IP4 5QE,12,6,6,6
IP4 5QF,29,12,17,10
IP4 5QG,41,24,17,16
IP4 5QH,13,8,5,5
IP4 5QJ,22,10,12,11
IP4 5QL,62,32,30,19
IP4 5QN,27,16,11,12
IP4 5QP,25,12,13,10
IP4 5QR,11,6,5,4
IP4 5QT,48,22,26,13
IP4 5QU,67,30,37,24
IP4 5QW,23,13,10,10
IP4 5QX,25,13,12,8
IP4 5QY,69,37,32,21
IP4 5QZ,42,22,20,18
IP4 5RA,54,27,27,22
IP4 5RB,17,8,9,8
IP4 5RD,28,13,15,15
IP4 5RF,27,15,12,10
IP4 5RG,21,13,8,5
IP4 5RH,25,13,12,11
IP4 5RJ,58,33,25,24
IP4 5RL,20,10,10,9
IP4 5RN,5,1,4,4
IP4 5RP,33,17,16,11
IP4 5RQ,32,17,15,13
IP4 5RR,62,30,32,23
IP4 5RS,71,26,45,31
IP4 5RT,89,38,51,27
IP4 5RW,30,14,16,13
IP4 5RX,27,13,14,13
IP4 5RY,37,15,22,15
IP4 5RZ,53,23,30,21
IP4 5SA,50,22,28,20
IP4 5SB,8,4,4,5
IP4 5SD,16,7,9,8
IP4 5SE,25,11,14,15
IP4 5SF,30,15,15,15
IP4 5SG,13,5,8,9
IP4 5SH,87,42,45,39
IP4 5SJ,23,12,11,10
IP4 5SL,40,20,20,16
IP4 5SP,22,10,12,6
IP4 5SQ,16,7,9,9
IP4 5SR,59,28,31,25
IP4 5SS,87,39,48,30
IP4 5ST,77,42,35,27
IP4 5SU,87,48,39,32
IP4 5SX,10,5,5,3
IP4 5SY,5,1,4,1
IP4 5SZ,36,13,23,24
IP4 5TA,18,9,9,9
IP4 5TB,25,10,15,9
IP4 5TD,31,17,14,14
IP4 5TE,17,9,8,7
IP4 5TF,16,7,9,8
IP4 5TG,16,9,7,10
IP4 5TH,10,5,5,5
IP4 5TJ,88,42,46,37
IP4 5TL,5,3,2,2
IP4 5TN,59,29,30,27
IP4 5TP,110,54,56,38
IP4 5TQ,97,43,54,70
IP4 5TR,58,33,25,19
IP4 5TS,16,8,8,6
IP4 5TT,8,5,3,3
IP4 5TU,19,10,9,9
IP4 5TW,70,36,34,28
IP4 5TX,52,26,26,22
IP4 5TY,41,24,17,14
IP4 5UA,9,5,4,4
IP4 5UD,124,64,60,54
IP4 5UE,59,32,27,25
IP4 5UF,15,8,7,7
IP4 5UG,73,30,43,26
IP4 5UH,73,37,36,23
IP4 5UL,123,61,62,41
IP4 5UN,64,27,37,27
IP4 5UP,56,26,30,19
IP4 5UQ,107,52,55,41
IP4 5UR,24,9,15,8
IP4 5UT,22,12,10,7
IP4 5UU,29,14,15,10
IP4 5UW,97,48,49,32
IP4 5UX,53,28,25,20
IP4 5UY,51,27,24,22
IP4 5WA,97,50,47,33
IP4 5XA,113,60,53,40
IP4 5XB,81,40,41,36
IP4 5XD,71,32,39,30
IP4 5XE,88,41,47,33
IP4 5XF,86,42,44,32
IP4 5YD,34,15,19,11
IP5 1AA,2,1,1,1
IP5 1AB,5,2,3,2
IP5 1AD,35,18,17,19
IP5 1AE,7,3,4,3
IP5 1AF,29,18,11,11
IP5 1AG,47,23,24,17
IP5 1AH,14,9,5,6
IP5 1AJ,63,32,31,33
IP5 1AL,9,4,5,6
IP5 1AN,110,48,62,49
IP5 1AP,10,5,5,5
IP5 1AQ,29,12,17,13
IP5 1AR,14,6,8,6
IP5 1AS,63,30,33,26
IP5 1AT,17,7,10,8
IP5 1AU,48,21,27,25
IP5 1AW,43,17,26,19
IP5 1AX,3,2,1,2
IP5 1AY,62,29,33,30
IP5 1AZ,41,17,24,22
IP5 1BA,71,33,38,37
IP5 1BE,2,1,1,1
IP5 1BG,26,11,15,13
IP5 1BH,19,9,10,10
IP5 1BJ,3,1,2,3
IP5 1BL,3,2,1,2
IP5 1BN,10,8,2,4
IP5 1BP,39,16,23,25
IP5 1BQ,28,15,13,10
IP5 1BT,13,8,5,4
IP5 1BW,4,2,2,2
IP5 1BX,14,7,7,5
IP5 1BY,16,7,9,9
IP5 1DA,11,5,6,4
IP5 1DB,5,4,1,2
IP5 1DD,17,10,7,9
IP5 1DE,90,47,43,34
IP5 1DG,52,24,28,20
IP5 1DH,35,17,18,17
IP5 1DJ,13,8,5,5
IP5 1DL,5,3,2,4
IP5 1DN,95,41,54,56
IP5 1DQ,17,8,9,7
IP5 1DR,12,6,6,5
IP5 1DS,14,6,8,4
IP5 1DT,11,4,7,5
IP5 1DU,8,4,4,4
IP5 1DW,68,37,31,27
IP5 1DX,19,11,8,7
IP5 1DY,3,3,0,3
IP5 1EA,60,34,26,24
IP5 1EB,73,38,35,38
IP5 1ED,96,53,43,35
IP5 1EE,69,39,30,26
IP5 1EF,17,10,7,7
IP5 1EG,39,18,21,15
IP5 1EH,29,16,13,14
IP5 1EJ,71,34,37,34
IP5 1EL,31,18,13,11
IP5 1EN,45,25,20,18
IP5 1EP,59,26,33,27
IP5 1EQ,27,12,15,13
IP5 1ER,4,1,3,3
IP5 1ES,31,14,17,17
IP5 1ET,34,15,19,18
IP5 1EU,28,12,16,18
IP5 1EW,90,47,43,35
IP5 1EX,18,9,9,9
IP5 1EY,53,25,28,25
IP5 1EZ,54,27,27,28
IP5 1GX,46,21,25,18
IP5 1HA,41,20,21,20
IP5 1HB,55,21,34,25
IP5 1HD,26,12,14,13
IP5 1HE,33,17,16,13
IP5 1HF,26,12,14,15
IP5 1HG,84,35,49,39
IP5 1HH,10,3,7,5
IP5 1HJ,15,9,6,6
IP5 1HL,41,21,20,13
IP5 1HN,15,7,8,8
IP5 1HP,124,64,60,47
IP5 1HQ,19,7,12,9
IP5 1HR,24,9,15,12
IP5 1HS,79,34,45,44
IP5 1HU,19,7,12,9
IP5 1HW,29,16,13,13
IP5 1HX,165,79,86,66
IP5 1HZ,12,8,4,3
IP5 1JB,126,57,69,55
IP5 1JD,43,20,23,18
IP5 1JE,14,6,8,6
IP5 1JF,2,1,1,1
IP5 1JH,37,18,19,14
IP5 1JJ,32,16,16,14
IP5 1JL,37,18,19,12
IP5 1JN,40,20,20,16
IP5 1JP,57,29,28,28
IP5 1JQ,74,40,34,25
IP5 1JR,22,11,11,12
IP5 1JS,35,15,20,14
IP5 1JT,29,16,13,17
IP5 1JU,55,27,28,26
IP5 1JW,16,6,10,8
IP5 1JX,7,5,2,5
IP5 1JY,26,13,13,17
IP5 1JZ,128,70,58,47
IP5 1LA,46,23,23,19
IP5 1LB,59,32,27,29
IP5 1LE,41,20,21,19
IP5 1LF,15,9,6,5
IP5 1LG,27,10,17,12
IP5 1LH,20,11,9,9
IP5 1LJ,23,11,12,12
IP5 1LL,17,9,8,9
IP5 1LN,12,7,5,6
IP5 1LP,23,14,9,12
IP5 1LQ,26,14,12,13
IP5 1LR,9,3,6,5
IP5 1LS,12,5,7,7
IP5 1LT,23,11,12,10
IP5 1LU,33,13,20,18
IP5 1LW,24,11,13,10
IP5 1LX,50,24,26,27
IP5 1LY,23,10,13,9
IP5 1LZ,31,13,18,16
IP5 1NA,58,32,26,20
IP5 1NB,11,6,5,6
IP5 1ND,6,3,3,3
IP5 1NE,24,12,12,8
IP5 1NF,56,29,27,26
IP5 1NG,70,35,35,33
IP5 1NH,90,45,45,47
IP5 1NJ,89,40,49,29
IP5 1NL,86,38,48,57
IP5 1NN,20,10,10,9
IP5 1NQ,90,45,45,34
IP5 1NX,29,14,15,8
IP5 1NZ,94,49,45,28
IP5 1WA,31,14,17,12
IP5 1WE,139,67,72,47
IP5 2AD,35,18,17,12
IP5 2AE,75,39,36,29
IP5 2BA,196,92,104,70
IP5 2BB,31,22,9,25
IP5 2BD,35,16,19,8
IP5 2BE,22,12,10,8
IP5 2BG,39,21,18,20
IP5 2BJ,23,11,12,12
IP5 2BL,37,13,24,13
IP5 2BR,31,17,14,9
IP5 2BS,115,57,58,34
IP5 2BT,64,27,37,20
IP5 2BU,28,13,15,9
IP5 2BW,24,9,15,9
IP5 2BX,48,21,27,14
IP5 2BY,2,1,1,2
IP5 2BZ,35,15,20,10
IP5 2DA,186,87,99,62
IP5 2DB,105,53,52,42
IP5 2DD,99,53,46,45
IP5 2DE,80,40,40,27
IP5 2DF,98,46,52,30
IP5 2DG,30,14,16,9
IP5 2DH,13,5,8,5
IP5 2DJ,79,43,36,25
IP5 2DL,6,2,4,4
IP5 2DN,56,28,28,19
IP5 2DP,27,10,17,8
IP5 2DQ,131,60,71,36
IP5 2DR,136,64,72,43
IP5 2DS,214,99,115,67
IP5 2DT,74,38,36,23
IP5 2DU,123,59,64,42
IP5 2DW,33,14,19,12
IP5 2DX,40,19,21,15
IP5 2DY,83,42,41,34
IP5 2DZ,69,33,36,19
IP5 2EA,63,35,28,22
IP5 2EB,162,78,84,52
IP5 2ED,27,12,15,10
IP5 2EE,63,30,33,19
IP5 2EF,25,12,13,10
IP5 2EG,31,13,18,13
IP5 2EH,6,4,2,2
IP5 2EJ,41,23,18,13
IP5 2EL,186,89,97,58
IP5 2EN,7,4,3,3
IP5 2EP,153,83,70,49
IP5 2EQ,35,23,12,27
IP5 2ER,36,20,16,8
IP5 2EU,19,8,11,8
IP5 2EW,98,51,47,32
IP5 2EX,36,17,19,10
IP5 2EY,89,38,51,30
IP5 2FA,135,68,67,57
IP5 2FB,163,80,83,53
IP5 2FD,28,14,14,8
IP5 2FE,36,18,18,11
IP5 2FF,120,54,66,41
IP5 2FG,103,47,56,34
IP5 2FH,73,39,34,24
IP5 2FJ,122,63,59,46
IP5 2FL,92,46,46,30
IP5 2FN,45,23,22,13
IP5 2FP,58,33,25,16
IP5 2FQ,58,31,27,22
IP5 2FR,43,22,21,26
IP5 2FS,34,19,15,18
IP5 2FT,10,5,5,3
IP5 2FW,32,16,16,18
IP5 2FX,115,62,53,38
IP5 2FY,46,24,22,12
IP5 2FZ,104,52,52,43
IP5 2GA,77,25,52,1
IP5 2GB,60,30,30,22
IP5 2GD,23,7,16,0
IP5 2GE,74,35,39,25
IP5 2GF,28,15,13,13
IP5 2GG,31,16,15,10
IP5 2GH,72,31,41,25
IP5 2GJ,131,67,64,51
IP5 2GL,135,59,76,60
IP5 2GN,25,16,9,14
IP5 2GP,38,19,19,11
IP5 2GQ,41,19,22,18
IP5 2GR,38,16,22,19
IP5 2GS,33,16,17,9
IP5 2GT,79,42,37,26
IP5 2GU,35,12,23,25
IP5 2GW,160,83,77,68
IP5 2GX,110,58,52,40
IP5 2GY,47,23,24,16
IP5 2GZ,113,60,53,37
IP5 2HA,141,74,67,45
IP5 2HB,98,46,52,35
IP5 2HD,77,36,41,26
IP5 2HE,20,11,9,5
IP5 2HF,31,14,17,12
IP5 2HG,40,18,22,13
IP5 2HH,38,17,21,14
IP5 2HJ,47,13,34,39
IP5 2HL,7,3,4,3
IP5 2HN,158,77,81,48
IP5 2HP,58,26,32,19
IP5 2HQ,17,8,9,8
IP5 2HR,111,55,56,43
IP5 2HS,39,19,20,19
IP5 2NP,19,9,10,9
IP5 2NQ,12,7,5,4
IP5 2NR,110,53,57,45
IP5 2NS,20,10,10,7
IP5 2NT,4,3,1,1
IP5 2NU,17,7,10,6
IP5 2NX,44,18,26,17
IP5 2NY,48,21,27,21
IP5 2NZ,83,41,42,34
IP5 2PA,49,24,25,26
IP5 2PD,3,1,2,2
IP5 2PF,28,14,14,11
IP5 2PH,7,3,4,4
IP5 2PL,51,24,27,24
IP5 2PN,5,3,2,1
IP5 2PP,61,32,29,31
IP5 2PR,22,10,12,8
IP5 2PS,8,4,4,2
IP5 2PT,33,15,18,12
IP5 2PW,143,62,81,66
IP5 2PX,91,44,47,46
IP5 2PY,43,24,19,18
IP5 2PZ,23,10,13,15
IP5 2QA,28,15,13,13
IP5 2QB,16,6,10,8
IP5 2QD,41,26,15,15
IP5 2QE,23,9,14,11
IP5 2QF,47,18,29,22
IP5 2QG,149,73,76,47
IP5 2QH,17,9,8,8
IP5 2QJ,23,12,11,14
IP5 2QL,56,27,29,17
IP5 2QP,20,9,11,16
IP5 2QR,6,3,3,3
IP5 2QS,7,3,4,4
IP5 2QT,26,10,16,12
IP5 2QU,12,6,6,6
IP5 2QW,8,6,2,1
IP5 2TX,44,20,24,14
IP5 2TZ,71,29,42,25
IP5 2WH,135,61,74,50
IP5 2WS,11,6,5,4
IP5 2WW,12,8,4,11
IP5 2WX,154,70,84,48
IP5 2WZ,23,9,14,11
IP5 2XA,38,20,18,17
IP5 2XE,49,26,23,16
IP5 2XF,109,58,51,35
IP5 2XG,76,37,39,35
IP5 2XH,22,11,11,14
IP5 2XJ,15,9,6,4
IP5 2XL,47,21,26,28
IP5 2XN,72,33,39,34
IP5 2XP,11,6,5,3
IP5 2XQ,33,16,17,11
IP5 2XR,66,29,37,23
IP5 2XS,58,31,27,20
IP5 2XT,32,13,19,11
IP5 2XU,32,9,23,30
IP5 2XW,10,5,5,3
IP5 2XX,65,37,28,22
IP5 2XY,77,39,38,23
IP5 2XZ,8,6,2,2
IP5 2YA,50,24,26,16
IP5 2YB,23,7,16,11
IP5 2YD,29,13,16,12
IP5 2YE,47,29,18,23
IP5 2YF,52,30,22,19
IP5 2YH,84,48,36,42
IP5 2YJ,76,38,38,33
IP5 2YL,47,15,32,27
IP5 2YN,38,17,21,17
IP5 2YP,39,20,19,14
IP5 2YR,28,14,14,9
IP5 2YS,87,41,46,36
IP5 2YT,17,9,8,6
IP5 2YU,90,50,40,32
IP5 2YW,31,19,12,12
IP5 2YX,56,31,25,18
IP5 2YY,31,16,15,11
IP5 2YZ,30,15,15,9
IP5 3PH,16,10,6,12
IP5 3PJ,29,16,13,14
IP5 3PL,21,8,13,15
IP5 3QJ,17,9,8,9
IP5 3QL,36,18,18,19
IP5 3QP,165,77,88,60
IP5 3QR,31,15,16,14
IP5 3QT,27,12,15,17
IP5 3QW,23,12,11,13
IP5 3QX,5,3,2,0
IP5 3QY,10,5,5,3
IP5 3QZ,49,29,20,35
IP5 3RF,5,4,1,2
IP5 3RG,1,1,0,1
IP5 3RL,83,41,42,42
IP5 3RN,21,9,12,14
IP5 3RP,19,11,8,12
IP5 3RR,48,25,23,25
IP5 3RS,44,19,25,26
IP5 3RT,41,22,19,27
IP5 3RW,11,5,6,8
IP5 3RZ,43,20,23,24
IP5 3SA,65,28,37,29
IP5 3SB,73,40,33,32
IP5 3SD,63,32,31,26
IP5 3SE,73,37,36,27
IP5 3SF,55,25,30,21
IP5 3SG,33,15,18,21
IP5 3SH,80,42,38,32
IP5 3SJ,171,93,78,67
IP5 3SL,8,5,3,5
IP5 3SN,105,56,49,42
IP5 3SP,10,4,6,3
IP5 3SQ,25,15,10,13
IP5 3SR,30,12,18,13
IP5 3SS,100,53,47,41
IP5 3ST,95,54,41,41
IP5 3SU,139,70,69,53
IP5 3SW,69,31,38,29
IP5 3SX,83,45,38,32
IP5 3SY,124,59,65,51
IP5 3SZ,47,28,19,40
IP5 3TA,122,63,59,64
IP5 3TB,68,32,36,34
IP5 3TD,33,16,17,12
IP5 3TE,7,3,4,3
IP5 3TF,10,4,6,3
IP5 3TG,6,4,2,2
IP5 3TH,7,4,3,3
IP5 3TJ,104,46,58,43
IP5 3TL,61,26,35,30
IP5 3TN,25,11,14,9
IP5 3TP,56,27,29,26
IP5 3TQ,15,9,6,8
IP5 3TR,50,24,26,25
IP5 3TS,8,3,5,2
IP5 3TT,7,3,4,3
IP5 3TU,66,31,35,24
IP5 3TW,9,4,5,4
IP5 3TY,8,4,4,3
IP5 3TZ,33,16,17,12
IP5 3UA,80,39,41,31
IP5 3UB,120,65,55,53
IP5 3UD,25,13,12,13
IP5 3UE,23,10,13,7
IP5 3UF,25,9,16,8
IP5 3UG,50,27,23,19
IP5 3UH,55,26,29,38
IP5 3UJ,22,9,13,7
IP5 3UL,12,4,8,5
IP5 3UN,69,29,40,31
IP5 3UP,33,18,15,13
IP5 3UQ,19,10,9,8
IP5 3UR,97,54,43,41
IP5 3UT,29,15,14,14
IP5 3UU,16,6,10,11
IP5 3UW,20,10,10,9
IP5 3UX,84,42,42,36
IP5 3UY,43,12,31,37
IP5 3UZ,23,8,15,9
IP6 0AA,9,6,3,3
IP6 0AB,44,26,18,18
IP6 0AD,23,10,13,10
IP6 0AE,22,12,10,5
IP6 0AG,8,2,6,3
IP6 0AH,6,3,3,3
IP6 0AL,28,15,13,13
IP6 0AN,43,23,20,22
IP6 0AP,12,6,6,6
IP6 0AQ,79,39,40,31
IP6 0AR,38,23,15,12
IP6 0AS,33,17,16,12
IP6 0AT,47,25,22,16
IP6 0AU,26,11,15,12
IP6 0AW,21,10,11,8
IP6 0AX,44,22,22,17
IP6 0AY,9,5,4,5
IP6 0AZ,46,23,23,24
IP6 0BA,13,7,6,5
IP6 0BB,30,14,16,14
IP6 0BD,46,22,24,19
IP6 0BF,75,34,41,25
IP6 0BG,23,13,10,10
IP6 0BH,68,34,34,33
IP6 0BJ,50,25,25,26
IP6 0BL,34,12,22,19
IP6 0BP,60,28,32,22
IP6 0BQ,35,18,17,16
IP6 0BS,26,13,13,8
IP6 0BT,26,14,12,13
IP6 0BU,22,9,13,9
IP6 0BX,31,16,15,15
IP6 0BZ,51,27,24,17
IP6 0DA,41,16,25,13
IP6 0DB,198,105,93,58
IP6 0DD,31,16,15,10
IP6 0DF,71,35,36,33
IP6 0DG,34,17,17,13
IP6 0DH,42,16,26,18
IP6 0DJ,14,6,8,5
IP6 0DL,109,59,50,34
IP6 0DN,6,3,3,3
IP6 0DP,82,40,42,41
IP6 0DQ,43,21,22,16
IP6 0DR,76,35,41,42
IP6 0DS,39,20,19,14
IP6 0DT,60,30,30,27
IP6 0DU,58,26,32,28
IP6 0DW,61,30,31,16
IP6 0DX,53,25,28,27
IP6 0DZ,144,70,74,64
IP6 0EA,3,2,1,1
IP6 0EB,12,8,4,9
IP6 0ED,16,7,9,10
IP6 0EF,2,1,1,1
IP6 0EG,9,5,4,5
IP6 0EH,2,1,1,1
IP6 0EJ,8,5,3,3
IP6 0EL,9,3,6,2
IP6 0EN,20,12,8,10
IP6 0EP,6,3,3,1
IP6 0EQ,14,7,7,6
IP6 0ER,2,1,1,1
IP6 0ES,2,1,1,1
IP6 0ET,50,17,33,38
IP6 0EU,21,10,11,6
IP6 0EX,16,9,7,7
IP6 0EY,43,24,19,13
IP6 0GA,5,3,2,3
IP6 0GB,15,7,8,4
IP6 0GD,2,0,2,1
IP6 0HE,15,7,8,6
IP6 0HG,17,6,11,5
IP6 0HH,11,7,4,5
IP6 0HJ,4,2,2,2
IP6 0HL,7,4,3,3
IP6 0HP,50,26,24,24
IP6 0HQ,57,32,25,22
IP6 0HR,19,10,9,7
IP6 0HS,86,42,44,40
IP6 0HT,44,22,22,20
IP6 0HU,114,59,55,43
IP6 0HW,166,82,84,76
IP6 0HY,16,7,9,9
IP6 0HZ,33,12,21,27
IP6 0JA,31,17,14,12
IP6 0JB,18,10,8,6
IP6 0JH,24,13,11,10
IP6 0JJ,17,7,10,6
IP6 0JN,16,8,8,8
IP6 0JP,12,8,4,6
IP6 0JQ,17,9,8,8
IP6 0JR,5,2,3,2
IP6 0JS,20,12,8,6
IP6 0JU,10,6,4,4
IP6 0JZ,38,23,15,13
IP6 0LG,2,1,1,1
IP6 0LH,18,9,9,7
IP6 0LJ,2,1,1,1
IP6 0LL,32,16,16,12
IP6 0LN,15,8,7,5
IP6 0LP,22,12,10,12
IP6 0LQ,13,5,8,4
IP6 0LR,16,6,10,6
IP6 0LS,18,7,11,9
IP6 0LT,73,37,36,38
IP6 0LU,26,12,14,12
IP6 0LX,7,3,4,2
IP6 0LY,14,8,6,5
IP6 0LZ,15,7,8,10
IP6 0NA,33,16,17,15
IP6 0NB,3,2,1,2
IP6 0ND,94,45,49,53
IP6 0NE,44,20,24,20
IP6 0NF,7,3,4,2
IP6 0NG,28,15,13,11
IP6 0NJ,12,5,7,7
IP6 0NN,41,22,19,14
IP6 0NP,56,28,28,24
IP6 0NQ,72,33,39,31
IP6 0NU,10,6,4,5
IP6 0NZ,7,3,4,3
IP6 0PA,22,13,9,9
IP6 0PB,39,18,21,13
IP6 0PD,7,3,4,2
IP6 0PE,47,25,22,18
IP6 0PF,22,12,10,7
IP6 0PG,6,2,4,3
IP6 0PH,20,10,10,5
IP6 0PJ,7,4,3,4
IP6 0PL,4,2,2,3
IP6 0PN,3,2,1,1
IP6 0PP,15,8,7,8
IP6 0PQ,30,15,15,14
IP6 0PR,3,2,1,2
IP6 0PS,39,12,27,3
IP6 0PT,9,4,5,4
IP6 0PU,22,11,11,8
IP6 0PW,4,2,2,2
IP6 0PX,4,2,2,1
IP6 0PY,77,42,35,31
IP6 0QA,2,1,1,1
IP6 0QB,1,0,1,1
IP6 0QD,1,1,0,1
IP6 0QF,18,10,8,7
IP6 0QG,2,1,1,2
IP6 0QH,2,1,1,1
IP6 0QJ,4,2,2,1
IP6 0QL,19,11,8,6
IP6 0QN,9,4,5,6
IP6 0QP,2,1,1,1
IP6 0QQ,14,7,7,9
IP6 0QR,4,2,2,2
IP6 0QS,19,10,9,5
IP6 0QT,57,30,27,21
IP6 0QU,2,1,1,1
IP6 0QW,5,2,3,1
IP6 0QX,15,7,8,5
IP6 0QY,23,13,10,6
IP6 0QZ,35,16,19,14
IP6 0RA,27,16,11,8
IP6 0RB,38,18,20,10
IP6 0RD,15,10,5,5
IP6 0RE,23,12,11,6
IP6 0RG,7,5,2,3
IP6 0RH,55,27,28,21
IP6 0RJ,14,8,6,8
IP6 0RN,25,12,13,11
IP6 0RP,24,10,14,10
IP6 0RQ,54,25,29,19
IP6 0RR,2,1,1,1
IP6 0RS,9,5,4,5
IP6 0RT,4,2,2,4
IP6 0RU,36,17,19,12
IP6 0RW,12,6,6,4
IP6 0RX,50,26,24,18
IP6 0RZ,72,36,36,30
IP6 0SA,14,8,6,7
IP6 0SB,4,2,2,2
IP6 0SD,20,11,9,9
IP6 0SE,6,4,2,1
IP6 0SF,8,5,3,4
IP6 0SG,6,2,4,1
IP6 0SH,5,2,3,1
IP6 0SJ,15,8,7,6
IP6 0SN,41,22,19,17
IP6 0SP,23,15,8,7
IP6 0SQ,23,6,17,10
IP6 0TA,76,33,43,40
IP6 0TB,17,5,12,5
IP6 0TD,25,10,15,8
IP6 0TE,29,17,12,16
IP6 0TF,100,48,52,45
IP6 0TG,30,15,15,15
IP6 8AA,47,25,22,19
IP6 8AD,8,3,5,3
IP6 8AE,29,17,12,14
IP6 8AG,39,23,16,20
IP6 8AH,32,12,20,17
IP6 8AJ,45,20,25,26
IP6 8AL,53,26,27,24
IP6 8AN,19,9,10,11
IP6 8AP,50,29,21,25
IP6 8AQ,37,14,23,21
IP6 8AS,11,6,5,7
IP6 8AU,11,4,7,8
IP6 8AW,26,15,11,16
IP6 8AX,64,19,45,26
IP6 8AY,6,3,3,5
IP6 8AZ,61,25,36,23
IP6 8BA,25,13,12,10
IP6 8BB,60,30,30,28
IP6 8BD,29,16,13,18
IP6 8BE,27,12,15,19
IP6 8BF,96,39,57,37
IP6 8BG,50,22,28,31
IP6 8BH,90,45,45,36
IP6 8BJ,95,50,45,36
IP6 8BL,33,21,12,10
IP6 8BN,23,13,10,12
IP6 8BP,27,12,15,15
IP6 8BQ,27,7,20,24
IP6 8BS,46,21,25,22
IP6 8BT,7,4,3,3
IP6 8BU,27,12,15,12
IP6 8BX,21,10,11,7
IP6 8BZ,12,6,6,7
IP6 8DA,89,43,46,39
IP6 8DB,54,26,28,27
IP6 8DD,64,29,35,30
IP6 8DE,22,8,14,19
IP6 8DF,20,9,11,12
IP6 8DG,13,5,8,7
IP6 8DH,22,10,12,11
IP6 8DN,4,2,2,2
IP6 8DP,42,16,26,22
IP6 8DQ,27,13,14,16
IP6 8DR,18,9,9,7
IP6 8DS,101,45,56,47
IP6 8DT,17,9,8,7
IP6 8DU,30,14,16,14
IP6 8DW,22,9,13,10
IP6 8DX,54,27,27,19
IP6 8DY,24,11,13,9
IP6 8DZ,7,5,2,2
IP6 8EA,40,23,17,15
IP6 8EB,123,53,70,58
IP6 8ED,40,21,19,19
IP6 8EE,160,85,75,67
IP6 8EF,39,21,18,17
IP6 8EG,14,9,5,6
IP6 8EH,45,18,27,21
IP6 8EJ,7,4,3,3
IP6 8EN,27,13,14,14
IP6 8EP,31,15,16,14
IP6 8EQ,20,9,11,10
IP6 8ER,56,33,23,20
IP6 8ES,168,79,89,75
IP6 8ET,37,19,18,18
IP6 8EU,32,18,14,18
IP6 8EW,1,0,1,1
IP6 8EX,6,2,4,4
IP6 8EY,28,15,13,11
IP6 8EZ,40,21,19,20
IP6 8HA,56,29,27,29
IP6 8HB,118,54,64,56
IP6 8HD,32,14,18,13
IP6 8HE,32,16,16,13
IP6 8HF,90,38,52,57
IP6 8HG,16,8,8,8
IP6 8HH,9,5,4,5
IP6 8HJ,62,22,40,9
IP6 8HL,22,10,12,9
IP6 8HN,5,2,3,2
IP6 8HP,62,32,30,27
IP6 8HR,9,5,4,5
IP6 8HS,27,14,13,12
IP6 8HT,22,11,11,8
IP6 8HU,64,32,32,28
IP6 8HW,6,3,3,4
IP6 8HY,24,13,11,10
IP6 8HZ,28,13,15,12
IP6 8JA,1,1,0,1
IP6 8JB,9,5,4,4
IP6 8JD,9,6,3,4
IP6 8JE,16,6,10,5
IP6 8JF,59,30,29,32
IP6 8JG,26,15,11,10
IP6 8JH,59,29,30,28
IP6 8JJ,148,75,73,61
IP6 8JL,31,19,12,14
IP6 8JP,19,9,10,9
IP6 8JQ,46,22,24,18
IP6 8JR,90,48,42,36
IP6 8JS,27,14,13,13
IP6 8JT,31,18,13,12
IP6 8JU,2,1,1,1
IP6 8JW,17,9,8,7
IP6 8JX,3,2,1,2
IP6 8JY,10,5,5,4
IP6 8JZ,4,4,0,3
IP6 8LA,21,10,11,6
IP6 8LB,9,4,5,5
IP6 8LD,5,3,2,2
IP6 8LE,12,7,5,6
IP6 8LG,5,2,3,3
IP6 8LH,2,1,1,2
IP6 8LJ,16,8,8,8
IP6 8LL,23,11,12,12
IP6 8LU,23,12,11,15
IP6 8LX,11,5,6,4
IP6 8LY,79,41,38,33
IP6 8LZ,58,29,29,29
IP6 8NA,39,19,20,14
IP6 8NB,18,9,9,8
IP6 8ND,7,4,3,3
IP6 8NF,145,74,71,55
IP6 8NG,7,3,4,3
IP6 8NH,41,16,25,21
IP6 8NJ,6,3,3,2
IP6 8NL,12,6,6,6
IP6 8NN,10,5,5,5
IP6 8NP,3,2,1,2
IP6 8NQ,2,1,1,1
IP6 8NR,10,3,7,3
IP6 8NT,1,1,0,1
IP6 8NU,20,8,12,9
IP6 8NX,4,2,2,1
IP6 8NY,3,2,1,1
IP6 8PA,17,9,8,7
IP6 8PB,3,1,2,1
IP6 8PD,3,2,1,1
IP6 8PE,5,1,4,1
IP6 8PF,13,6,7,5
IP6 8PG,7,3,4,2
IP6 8PH,24,11,13,10
IP6 8PJ,18,5,13,11
IP6 8PL,2,1,1,2
IP6 8PN,15,7,8,8
IP6 8PP,17,8,9,7
IP6 8PQ,5,2,3,2
IP6 8PR,3,2,1,0
IP6 8PS,7,2,5,2
IP6 8PT,9,4,5,3
IP6 8PU,9,4,5,3
IP6 8PW,15,9,6,5
IP6 8PX,6,2,4,3
IP6 8PY,3,1,2,1
IP6 8PZ,11,6,5,3
IP6 8QA,6,4,2,3
IP6 8QB,2,1,1,1
IP6 8QD,14,7,7,6
IP6 8QE,8,5,3,2
IP6 8QF,2,1,1,1
IP6 8QG,6,2,4,2
IP6 8QH,1,0,1,1
IP6 8QJ,1,0,1,1
IP6 8QL,3,2,1,2
IP6 8QN,1,0,1,1
IP6 8QP,45,23,22,16
IP6 8QQ,6,4,2,2
IP6 8QR,85,43,42,32
IP6 8QS,15,7,8,7
IP6 8QT,20,10,10,7
IP6 8QU,11,5,6,4
IP6 8QW,7,5,2,5
IP6 8QX,16,7,9,6
IP6 8QY,4,1,3,2
IP6 8QZ,26,13,13,9
IP6 8RA,29,15,14,12
IP6 8RB,10,4,6,5
IP6 8RD,2,1,1,1
IP6 8RE,3,2,1,1
IP6 8RF,11,7,4,3
IP6 8RH,39,16,23,12
IP6 8RJ,23,11,12,8
IP6 8RL,1,1,0,1
IP6 8RN,5,2,3,2
IP6 8RP,14,9,5,6
IP6 8RR,8,5,3,2
IP6 8RS,17,7,10,6
IP6 8RT,6,4,2,2
IP6 8RU,1,0,1,1
IP6 8RX,3,2,1,1
IP6 8RY,4,2,2,1
IP6 8RZ,15,7,8,7
IP6 8SA,38,22,16,24
IP6 8SB,2,1,1,1
IP6 8SD,1,1,0,1
IP6 8SJ,5,3,2,3
IP6 8SZ,36,7,29,35
IP6 8TA,57,25,32,21
IP6 8TB,40,18,22,17
IP6 8TD,51,24,27,22
IP6 8TE,29,13,16,16
IP6 8TF,41,16,25,15
IP6 8TH,45,18,27,20
IP6 8TJ,57,31,26,20
IP6 8TL,6,2,4,4
IP6 8TW,4,1,3,2
IP6 8UA,64,28,36,34
IP6 8UB,159,76,83,66
IP6 8UD,7,3,4,3
IP6 8XA,24,10,14,13
IP6 8XB,10,6,4,4
IP6 8XD,52,28,24,23
IP6 8XE,13,6,7,8
IP6 8XF,47,29,18,26
IP6 8XG,71,36,35,28
IP6 8XQ,27,11,16,13
IP6 9AA,27,14,13,11
IP6 9AD,7,2,5,2
IP6 9AE,13,5,8,7
IP6 9AF,5,3,2,2
IP6 9AG,23,10,13,12
IP6 9AH,40,20,20,18
IP6 9AJ,76,39,37,32
IP6 9AL,8,5,3,4
IP6 9AN,8,3,5,4
IP6 9AP,27,13,14,7
IP6 9AQ,15,6,9,9
IP6 9AR,97,48,49,45
IP6 9AS,6,3,3,3
IP6 9AT,11,4,7,4
IP6 9AX,19,9,10,6
IP6 9BA,14,6,8,5
IP6 9BD,25,13,12,9
IP6 9BE,34,17,17,15
IP6 9BG,5,3,2,2
IP6 9BH,47,21,26,22
IP6 9BJ,46,23,23,21
IP6 9BL,8,3,5,5
IP6 9BN,29,12,17,17
IP6 9BP,4,1,3,2
IP6 9BQ,15,8,7,6
IP6 9BS,8,5,3,5
IP6 9BT,56,28,28,27
IP6 9BU,3,2,1,2
IP6 9BW,10,5,5,5
IP6 9BX,4,2,2,2
IP6 9BY,18,11,7,7
IP6 9BZ,39,19,20,15
IP6 9DA,8,3,5,3
IP6 9DB,20,9,11,9
IP6 9DD,10,6,4,4
IP6 9DE,4,2,2,2
IP6 9DG,1,0,1,1
IP6 9DH,13,7,6,6
IP6 9DJ,3,1,2,2
IP6 9DL,8,3,5,3
IP6 9DN,16,9,7,7
IP6 9DP,15,7,8,6
IP6 9DR,29,14,15,14
IP6 9DS,33,19,14,9
IP6 9DT,12,6,6,7
IP6 9DU,13,7,6,5
IP6 9DW,3,3,0,1
IP6 9DX,11,5,6,6
IP6 9DY,15,7,8,5
IP6 9DZ,10,6,4,3
IP6 9EA,9,5,4,3
IP6 9EB,5,3,2,3
IP6 9ED,21,9,12,8
IP6 9EE,3,1,2,1
IP6 9EH,24,12,12,11
IP6 9EJ,6,3,3,2
IP6 9EL,34,17,17,12
IP6 9EN,6,3,3,3
IP6 9ER,8,3,5,3
IP6 9ES,60,26,34,31
IP6 9ET,157,79,78,68
IP6 9EU,12,7,5,6
IP6 9EW,118,57,61,45
IP6 9EX,22,10,12,9
IP6 9EY,2,0,2,1
IP6 9EZ,13,7,6,6
IP6 9FW,2,1,1,1
IP6 9HB,23,12,11,9
IP6 9HG,82,32,50,23
IP6 9HH,5,2,3,3
IP6 9HJ,5,2,3,2
IP6 9HL,19,11,8,8
IP6 9HN,63,30,33,26
IP6 9HP,2,1,1,1
IP6 9HR,16,6,10,8
IP6 9HS,18,12,6,6
IP6 9HT,12,6,6,5
IP6 9HU,2,1,1,2
IP6 9HX,9,6,3,3
IP6 9HY,5,2,3,2
IP6 9HZ,3,1,2,1
IP6 9JA,6,3,3,3
IP6 9JB,15,8,7,8
IP6 9JD,19,12,7,8
IP6 9JE,11,6,5,4
IP6 9JF,3,1,2,1
IP6 9JH,21,8,13,8
IP6 9JJ,11,5,6,4
IP6 9JL,6,3,3,2
IP6 9JN,14,8,6,7
IP6 9JP,5,3,2,2
IP6 9JS,11,7,4,4
IP6 9JT,23,10,13,8
IP6 9JU,12,7,5,6
IP6 9JW,18,10,8,6
IP6 9JX,96,53,43,36
IP6 9JY,28,15,13,12
IP6 9JZ,27,12,15,12
IP6 9LB,6,3,3,2
IP6 9LD,7,5,2,2
IP6 9LF,10,5,5,3
IP6 9LG,19,11,8,8
IP6 9LH,6,1,5,2
IP6 9LJ,9,4,5,3
IP6 9LL,24,13,11,9
IP6 9LP,43,23,20,17
IP6 9LR,37,18,19,18
IP6 9LS,2,1,1,1
IP6 9LT,9,4,5,5
IP6 9LU,10,6,4,3
IP6 9LW,32,15,17,15
IP6 9LX,3,1,2,2
IP6 9LY,7,4,3,3
IP6 9LZ,4,3,1,1
IP6 9NA,10,4,6,4
IP6 9ND,4,2,2,1
IP6 9NE,7,3,4,2
IP6 9NF,4,2,2,3
IP6 9NG,15,9,6,5
IP6 9NH,7,4,3,4
IP6 9NJ,17,8,9,6
IP6 9NL,29,18,11,11
IP6 9NP,80,40,40,28
IP6 9NQ,9,4,5,4
IP6 9NR,48,25,23,21
IP6 9NS,45,25,20,18
IP6 9NT,61,29,32,27
IP6 9NU,29,14,15,11
IP6 9NW,12,6,6,5
IP6 9NX,104,49,55,37
IP6 9NY,64,31,33,28
IP6 9NZ,27,13,14,11
IP6 9PA,18,11,7,7
IP6 9PB,17,9,8,8
IP6 9PD,7,3,4,2
IP6 9PE,11,6,5,5
IP6 9PF,3,1,2,2
IP6 9PG,3,2,1,2
IP6 9PN,63,34,29,33
IP6 9PP,9,5,4,4
IP6 9PQ,17,7,10,5
IP6 9PR,36,19,17,17
IP6 9PS,65,31,34,24
IP6 9PT,38,22,16,18
IP6 9PU,84,45,39,31
IP6 9PW,6,2,4,2
IP6 9PX,9,4,5,4
IP6 9PY,22,10,12,7
IP6 9PZ,12,7,5,6
IP6 9QA,3,2,1,2
IP6 9QD,3,1,2,1
IP6 9QE,4,2,2,2
IP6 9QF,7,4,3,2
IP6 9QG,35,16,19,10
IP6 9QN,6,2,4,2
IP6 9QP,19,10,9,8
IP6 9QQ,12,5,7,7
IP6 9QR,15,9,6,6
IP6 9QT,6,2,4,4
IP6 9QW,3,2,1,2
IP6 9QY,21,9,12,7
IP6 9QZ,9,2,7,3
IP6 9RA,7,5,2,2
IP6 9RB,18,11,7,5
IP6 9RD,6,4,2,3
IP6 9RE,5,3,2,1
IP6 9RF,14,7,7,6
IP6 9RG,2,1,1,1
IP6 9RH,11,6,5,5
IP6 9RJ,52,24,28,19
IP6 9RL,8,4,4,4
IP6 9RN,8,3,5,3
IP6 9RP,14,6,8,4
IP6 9RQ,5,4,1,3
IP6 9RR,19,10,9,6
IP6 9RS,11,4,7,2
IP6 9RT,14,7,7,5
IP6 9RU,4,1,3,2
IP6 9RW,3,2,1,2
IP6 9RX,3,1,2,2
IP6 9RZ,67,37,30,23
IP6 9SA,2,1,1,1
IP6 9SB,10,5,5,4
IP6 9SD,12,5,7,5
IP6 9SE,28,15,13,9
IP6 9SF,2,1,1,1
IP6 9SG,52,29,23,15
IP6 9SH,13,8,5,4
IP6 9SJ,7,4,3,3
IP6 9SL,9,4,5,3
IP6 9SN,11,6,5,3
IP6 9SQ,20,10,10,7
IP6 9SR,16,5,11,9
IP6 9SU,16,9,7,5
IP6 9SW,7,4,3,4
IP6 9SY,21,12,9,10
IP6 9SZ,96,55,41,36
IP6 9TA,64,28,36,23
IP6 9TB,1,0,1,1
IP6 9TD,79,37,42,33
IP6 9TE,20,10,10,8
IP6 9TF,14,7,7,5
IP6 9TG,18,9,9,7
IP6 9TH,10,5,5,5
IP6 9TJ,8,3,5,3
IP6 9TL,2,1,1,1
IP6 9TN,13,6,7,6
IP6 9TP,3,1,2,2
IP6 9TW,8,4,4,3
IP6 9TX,8,5,3,5
IP6 9TY,3,2,1,1
IP6 9TZ,4,1,3,1
IP6 9UA,3,2,1,1
IP6 9UB,21,8,13,8
IP6 9UD,4,2,2,2
IP6 9UE,4,2,2,2
IP6 9UG,4,0,4,2
IP6 9UJ,4,3,1,2
IP6 9UL,6,3,3,2
IP6 9UN,25,12,13,10
IP7 5AB,3,2,1,1
IP7 5AD,43,16,27,30
IP7 5AF,7,4,3,4
IP7 5AG,3,2,1,2
IP7 5AH,26,14,12,11
IP7 5AJ,18,7,11,13
IP7 5AL,7,3,4,5
IP7 5AN,5,2,3,1
IP7 5AP,30,12,18,10
IP7 5AQ,18,6,12,14
IP7 5AR,115,54,61,55
IP7 5AS,29,15,14,12
IP7 5AT,95,47,48,40
IP7 5AW,11,5,6,6
IP7 5AX,30,14,16,14
IP7 5AY,29,12,17,17
IP7 5AZ,30,17,13,10
IP7 5BA,70,38,32,30
IP7 5BB,9,3,6,5
IP7 5BD,37,18,19,19
IP7 5BE,21,9,12,10
IP7 5BF,8,6,2,5
IP7 5BJ,10,5,5,5
IP7 5BL,55,28,27,27
IP7 5BN,40,19,21,16
IP7 5BP,22,8,14,11
IP7 5BQ,80,35,45,32
IP7 5BS,99,46,53,42
IP7 5BT,35,16,19,22
IP7 5BU,60,33,27,26
IP7 5BW,10,3,7,9
IP7 5BX,8,4,4,4
IP7 5BY,57,28,29,29
IP7 5BZ,32,15,17,17
IP7 5DA,72,35,37,38
IP7 5DB,32,11,21,17
IP7 5DD,27,14,13,9
IP7 5DE,21,8,13,10
IP7 5DF,26,14,12,13
IP7 5DH,20,10,10,7
IP7 5DJ,47,21,26,23
IP7 5DL,14,7,7,11
IP7 5DN,7,3,4,3
IP7 5DP,25,8,17,16
IP7 5DR,4,1,3,3
IP7 5DS,47,27,20,28
IP7 5DT,11,6,5,5
IP7 5DU,8,2,6,2
IP7 5DW,21,7,14,12
IP7 5DX,34,10,24,23
IP7 5DY,9,4,5,2
IP7 5DZ,18,9,9,10
IP7 5EA,3,1,2,3
IP7 5EB,18,6,12,8
IP7 5ED,8,6,2,5
IP7 5EF,6,3,3,3
IP7 5EJ,17,9,8,12
IP7 5EL,44,22,22,21
IP7 5EP,110,59,51,40
IP7 5EQ,25,18,7,15
IP7 5ER,132,66,66,56
IP7 5ES,40,21,19,19
IP7 5ET,58,27,31,22
IP7 5EU,61,36,25,20
IP7 5EW,46,21,25,26
IP7 5EX,111,49,62,43
IP7 5EY,88,41,47,56
IP7 5EZ,7,2,5,5
IP7 5FD,7,3,4,4
IP7 5FH,23,7,16,13
IP7 5FJ,4,1,3,3
IP7 5HA,61,27,34,20
IP7 5HD,97,49,48,35
IP7 5HE,31,14,17,15
IP7 5HF,35,13,22,15
IP7 5HG,15,9,6,5
IP7 5HH,26,11,15,14
IP7 5HJ,11,6,5,10
IP7 5HL,26,12,14,11
IP7 5HN,50,28,22,18
IP7 5HP,55,25,30,24
IP7 5HR,35,17,18,12
IP7 5HS,49,21,28,19
IP7 5HT,75,34,41,30
IP7 5HU,62,29,33,31
IP7 5HW,126,64,62,44
IP7 5HX,25,14,11,10
IP7 5HY,7,3,4,2
IP7 5HZ,110,55,55,41
IP7 5JA,89,44,45,33
IP7 5JB,53,25,28,19
IP7 5JD,8,5,3,4
IP7 5JE,18,6,12,12
IP7 5JF,46,23,23,17
IP7 5JG,154,79,75,57
IP7 5JH,28,13,15,16
IP7 5JJ,36,10,26,31
IP7 5JL,195,94,101,68
IP7 5JN,39,18,21,20
IP7 5JP,6,4,2,2
IP7 5JQ,170,95,75,63
IP7 5JR,10,5,5,4
IP7 5JS,6,3,3,2
IP7 5JT,35,21,14,13
IP7 5JU,2,0,2,1
IP7 5JW,44,19,25,19
IP7 5JX,31,16,15,12
IP7 5JY,6,3,3,3
IP7 5JZ,75,40,35,33
IP7 5LA,4,2,2,1
IP7 5LB,14,5,9,8
IP7 5LD,22,11,11,8
IP7 5LE,2,1,1,1
IP7 5LF,9,4,5,3
IP7 5LG,4,3,1,1
IP7 5LH,10,5,5,6
IP7 5LJ,39,21,18,14
IP7 5LL,4,2,2,2
IP7 5LN,3,2,1,2
IP7 5LP,13,5,8,8
IP7 5LQ,7,3,4,5
IP7 5LR,16,8,8,6
IP7 5LS,64,31,33,33
IP7 5LT,14,7,7,4
IP7 5LU,26,11,15,9
IP7 5LW,92,40,52,39
IP7 5LX,172,81,91,76
IP7 5LY,10,5,5,4
IP7 5LZ,23,13,10,11
IP7 5NA,24,11,13,13
IP7 5NB,20,10,10,7
IP7 5ND,5,2,3,1
IP7 5NE,3,2,1,2
IP7 5NF,3,2,1,1
IP7 5NG,6,2,4,3
IP7 5NH,36,21,15,11
IP7 5NL,10,6,4,5
IP7 5NN,33,15,18,11
IP7 5NP,9,6,3,4
IP7 5NR,16,9,7,9
IP7 5NS,8,3,5,2
IP7 5NT,1,0,1,1
IP7 5NU,9,6,3,2
IP7 5NX,8,3,5,2
IP7 5NY,34,17,17,14
IP7 5NZ,10,5,5,3
IP7 5PA,8,3,5,3
IP7 5PB,2,1,1,2
IP7 5PD,3,2,1,1
IP7 5PE,1,0,1,1
IP7 5PF,7,4,3,2
IP7 5PH,6,3,3,2
IP7 5PJ,11,6,5,4
IP7 5PL,4,2,2,2
IP7 5PP,6,3,3,4
IP7 5PQ,23,12,11,8
IP7 5PR,5,1,4,1
IP7 5PS,11,6,5,4
IP7 5PT,6,3,3,2
IP7 5PU,2,1,1,1
IP7 5PW,11,7,4,5
IP7 5PX,3,2,1,1
IP7 5PY,5,2,3,2
IP7 5PZ,4,2,2,1
IP7 5QA,6,3,3,2
IP7 5QB,4,2,2,2
IP7 5QD,18,10,8,8
IP7 5QE,6,4,2,2
IP7 5QF,2,1,1,1
IP7 5QH,4,2,2,2
IP7 5QJ,9,5,4,2
IP7 5QL,20,9,11,9
IP7 5QN,7,4,3,4
IP7 5QP,11,3,8,3
IP7 5QQ,68,38,30,27
IP7 5QR,10,5,5,3
IP7 5QS,2,2,0,2
IP7 5QT,6,3,3,3
IP7 5QU,5,2,3,2
IP7 5QW,8,3,5,3
IP7 5QX,18,10,8,7
IP7 5QY,2,1,1,1
IP7 5QZ,8,4,4,3
IP7 5RA,9,5,4,3
IP7 5RB,61,32,29,24
IP7 5RD,3,1,2,1
IP7 5RE,7,4,3,3
IP7 5RF,3,1,2,2
IP7 5RG,8,5,3,3
IP7 5RJ,2,1,1,1
IP7 5RL,2,1,1,1
IP7 5RN,3,2,1,2
IP7 5RP,7,3,4,4
IP7 5RQ,19,6,13,6
IP7 5RR,7,4,3,3
IP7 5RU,40,19,21,17
IP7 5RW,16,9,7,5
IP7 5RX,17,7,10,12
IP7 5RY,51,24,27,16
IP7 5RZ,61,28,33,39
IP7 5SA,97,48,49,33
IP7 5SB,24,11,13,11
IP7 5SD,14,7,7,4
IP7 5SE,59,25,34,35
IP7 5SG,29,14,15,10
IP7 5SH,135,65,70,66
IP7 5SJ,55,28,27,30
IP7 5SL,17,10,7,7
IP7 5SN,59,24,35,24
IP7 5SP,25,12,13,9
IP7 5SQ,79,36,43,35
IP7 5SR,19,9,10,9
IP7 5SS,68,32,36,28
IP7 5ST,11,5,6,5
IP7 5SW,65,31,34,33
IP7 5SX,67,36,31,26
IP7 5SY,49,24,25,17
IP7 5TF,3,0,3,2
IP7 5TG,34,17,17,17
IP7 5TJ,16,5,11,8
IP7 5TQ,8,4,4,5
IP7 6AA,13,5,8,4
IP7 6AB,6,3,3,2
IP7 6AD,34,15,19,14
IP7 6AE,44,22,22,18
IP7 6AF,32,18,14,14
IP7 6AG,10,6,4,3
IP7 6AH,6,1,5,5
IP7 6AJ,12,6,6,7
IP7 6AL,5,3,2,3
IP7 6AN,53,28,25,29
IP7 6AQ,12,6,6,6
IP7 6AR,15,8,7,6
IP7 6AT,10,4,6,2
IP7 6AW,150,70,80,46
IP7 6AX,5,2,3,3
IP7 6AY,106,51,55,37
IP7 6BB,28,13,15,10
IP7 6BE,10,3,7,4
IP7 6BF,40,23,17,12
IP7 6BG,11,6,5,2
IP7 6BH,5,2,3,2
IP7 6BJ,105,58,47,37
IP7 6BL,5,3,2,4
IP7 6BN,26,15,11,9
IP7 6BP,71,39,32,27
IP7 6BS,39,18,21,14
IP7 6BT,107,60,47,46
IP7 6BU,32,16,16,11
IP7 6BW,9,2,7,5
IP7 6BX,29,14,15,14
IP7 6BY,25,12,13,9
IP7 6DA,1,0,1,1
IP7 6DB,29,15,14,17
IP7 6DD,34,13,21,16
IP7 6DE,21,11,10,10
IP7 6DF,62,24,38,12
IP7 6DJ,112,53,59,42
IP7 6DL,7,3,4,4
IP7 6DN,28,14,14,9
IP7 6DR,11,5,6,3
IP7 6DS,2,1,1,1
IP7 6DT,14,7,7,4
IP7 6DU,6,3,3,5
IP7 6DW,13,8,5,5
IP7 6DX,6,2,4,2
IP7 6DY,44,22,22,18
IP7 6DZ,16,7,9,7
IP7 6EA,2,1,1,2
IP7 6EB,13,8,5,7
IP7 6ED,12,4,8,7
IP7 6EE,12,5,7,7
IP7 6EG,9,6,3,3
IP7 6EH,62,34,28,30
IP7 6EJ,3,2,1,2
IP7 6EL,8,4,4,3
IP7 6EN,3,1,2,2
IP7 6EP,13,7,6,5
IP7 6EQ,1,0,1,1
IP7 6ER,4,2,2,2
IP7 6ES,15,8,7,6
IP7 6ET,4,2,2,2
IP7 6EU,11,6,5,5
IP7 6EW,4,2,2,2
IP7 6EX,2,1,1,1
IP7 6EY,46,22,24,15
IP7 6EZ,5,4,1,2
IP7 6GA,44,18,26,11
IP7 6GB,34,20,14,9
IP7 6GD,38,23,15,11
IP7 6GE,44,20,24,13
IP7 6GF,44,23,21,12
IP7 6GG,28,11,17,10
IP7 6GH,142,74,68,58
IP7 6GZ,10,2,8,3
IP7 6HA,2,1,1,1
IP7 6HB,32,16,16,14
IP7 6HD,2,1,1,1
IP7 6HE,143,73,70,41
IP7 6HF,36,18,18,17
IP7 6HG,62,29,33,28
IP7 6HH,7,4,3,2
IP7 6HL,2,1,1,1
IP7 6HN,11,5,6,5
IP7 6HR,3,2,1,1
IP7 6HS,8,4,4,3
IP7 6HT,7,4,3,3
IP7 6HW,7,4,3,3
IP7 6HX,6,2,4,2
IP7 6HY,3,2,1,1
IP7 6HZ,4,2,2,2
IP7 6JA,5,2,3,2
IP7 6JB,14,7,7,7
IP7 6JD,5,0,5,3
IP7 6JF,15,7,8,5
IP7 6JG,3,1,2,1
IP7 6JH,44,23,21,19
IP7 6JJ,6,3,3,3
IP7 6JL,34,16,18,20
IP7 6JN,24,13,11,11
IP7 6JP,51,28,23,21
IP7 6JQ,22,10,12,10
IP7 6JR,17,8,9,7
IP7 6JW,24,9,15,11
IP7 6LA,4,2,2,1
IP7 6LD,49,27,22,14
IP7 6LE,3,1,2,2
IP7 6LF,3,1,2,1
IP7 6LG,15,6,9,6
IP7 6LH,15,9,6,5
IP7 6LJ,16,7,9,6
IP7 6LL,18,10,8,5
IP7 6LN,1,1,0,1
IP7 6LP,35,17,18,11
IP7 6LQ,2,1,1,1
IP7 6LS,35,14,21,11
IP7 6LT,19,10,9,7
IP7 6LU,9,4,5,2
IP7 6LW,11,4,7,3
IP7 6LX,5,1,4,1
IP7 6LY,18,9,9,8
IP7 6LZ,28,12,16,11
IP7 6NA,14,6,8,6
IP7 6NB,52,22,30,29
IP7 6ND,118,55,63,55
IP7 6NE,2,1,1,1
IP7 6NF,2,1,1,1
IP7 6NG,5,2,3,1
IP7 6NH,55,27,28,22
IP7 6NJ,4,2,2,2
IP7 6NL,3,2,1,2
IP7 6NN,3,2,1,1
IP7 6NP,8,3,5,5
IP7 6NQ,9,4,5,5
IP7 6NR,28,17,11,11
IP7 6NS,14,7,7,4
IP7 6NT,5,2,3,2
IP7 6NU,6,2,4,2
IP7 6NW,5,3,2,3
IP7 6NX,6,3,3,3
IP7 6NY,52,27,25,22
IP7 6NZ,30,13,17,20
IP7 6PA,26,11,15,11
IP7 6PB,8,4,4,2
IP7 6PE,4,2,2,1
IP7 6PF,19,9,10,8
IP7 6PG,1,1,0,1
IP7 6PH,10,5,5,3
IP7 6PJ,2,1,1,1
IP7 6PL,11,5,6,4
IP7 6PN,35,19,16,13
IP7 6PP,101,54,47,37
IP7 6PQ,3,2,1,2
IP7 6PR,9,3,6,3
IP7 6PS,20,9,11,6
IP7 6PT,7,3,4,4
IP7 6PU,20,8,12,6
IP7 6PW,17,10,7,9
IP7 6PX,11,4,7,3
IP7 6PY,4,2,2,2
IP7 6PZ,1,0,1,1
IP7 6QA,11,6,5,4
IP7 6QB,1,0,1,1
IP7 6QD,28,13,15,12
IP7 6QE,44,23,21,21
IP7 6QF,11,6,5,6
IP7 6QG,5,1,4,1
IP7 6QH,70,36,34,27
IP7 6QJ,7,4,3,3
IP7 6QL,58,27,31,21
IP7 6QN,67,32,35,29
IP7 6QP,6,4,2,2
IP7 6QR,7,3,4,4
IP7 6QS,13,9,4,5
IP7 6QT,1,0,1,1
IP7 6QU,25,12,13,8
IP7 6QW,51,30,21,21
IP7 6QX,13,7,6,5
IP7 6QY,3,2,1,1
IP7 6QZ,38,23,15,14
IP7 6RA,9,4,5,6
IP7 6RB,66,34,32,30
IP7 6RE,198,99,99,55
IP7 6RF,84,42,42,26
IP7 6RG,30,13,17,7
IP7 6RJ,3,2,1,1
IP7 6RY,6,3,3,2
IP7 6SA,91,46,45,38
IP7 6SB,94,45,49,37
IP7 6SH,13,4,9,8
IP7 7AA,6,3,3,3
IP7 7AB,21,7,14,11
IP7 7AD,26,12,14,11
IP7 7AF,7,3,4,3
IP7 7AG,1,1,0,1
IP7 7AH,6,3,3,3
IP7 7AJ,8,4,4,3
IP7 7AL,35,17,18,15
IP7 7AN,19,9,10,9
IP7 7AP,3,2,1,2
IP7 7AQ,13,6,7,6
IP7 7AR,4,3,1,1
IP7 7AU,95,50,45,45
IP7 7AW,13,7,6,3
IP7 7AX,21,8,13,9
IP7 7AY,5,3,2,2
IP7 7AZ,8,3,5,4
IP7 7BA,46,20,26,22
IP7 7BB,11,6,5,3
IP7 7BD,13,7,6,8
IP7 7BF,63,33,30,25
IP7 7BG,54,30,24,23
IP7 7BH,9,4,5,3
IP7 7BJ,15,7,8,5
IP7 7BL,8,3,5,2
IP7 7BN,20,12,8,9
IP7 7BP,9,3,6,3
IP7 7BQ,15,6,9,10
IP7 7BS,15,9,6,7
IP7 7BT,12,5,7,4
IP7 7BU,5,3,2,3
IP7 7BW,13,8,5,5
IP7 7BX,7,3,4,4
IP7 7BY,8,6,2,3
IP7 7BZ,70,35,35,44
IP7 7DA,12,5,7,6
IP7 7DB,4,2,2,1
IP7 7DD,8,3,5,4
IP7 7DE,18,10,8,6
IP7 7DF,16,10,6,4
IP7 7DG,8,4,4,3
IP7 7DH,27,16,11,10
IP7 7DJ,11,5,6,5
IP7 7DL,5,3,2,2
IP7 7DN,29,14,15,13
IP7 7DP,16,11,5,7
IP7 7DQ,7,3,4,3
IP7 7DR,6,4,2,4
IP7 7DU,10,4,6,4
IP7 7DW,101,46,55,61
IP7 7DX,18,11,7,8
IP7 7DY,45,24,21,20
IP7 7EA,47,24,23,21
IP7 7EB,31,18,13,10
IP7 7ED,13,6,7,7
IP7 7EE,4,2,2,2
IP7 7EF,29,12,17,17
IP7 7EG,85,46,39,33
IP7 7EH,43,19,24,14
IP7 7EJ,177,96,81,65
IP7 7EL,23,13,10,9
IP7 7EN,9,4,5,5
IP7 7EP,46,22,24,23
IP7 7EQ,2,1,1,1
IP7 7ER,20,8,12,10
IP7 7ES,67,30,37,33
IP7 7ET,13,4,9,12
IP7 7EW,26,15,11,11
IP7 7EX,36,18,18,14
IP7 7EY,21,11,10,10
IP7 7EZ,18,10,8,8
IP7 7FA,35,20,15,14
IP7 7GA,7,3,4,2
IP7 7GZ,21,9,12,6
IP7 7HD,12,6,6,4
IP7 7HE,6,3,3,1
IP7 7HF,4,2,2,3
IP7 7HG,9,5,4,4
IP7 7HH,17,7,10,7
IP7 7HJ,30,16,14,12
IP7 7HL,2,1,1,1
IP7 7HN,9,3,6,2
IP7 7HP,7,4,3,2
IP7 7HQ,5,3,2,3
IP7 7HR,71,32,39,30
IP7 7HS,5,3,2,2
IP7 7HT,8,4,4,4
IP7 7HU,73,36,37,32
IP7 7HW,48,24,24,20
IP7 7HX,14,6,8,6
IP7 7HY,7,3,4,4
IP7 7HZ,3,2,1,1
IP7 7JA,23,10,13,11
IP7 7JB,2,1,1,1
IP7 7JD,3,2,1,2
IP7 7JE,18,7,11,9
IP7 7JF,3,2,1,2
IP7 7JG,21,9,12,8
IP7 7JH,74,34,40,34
IP7 7JJ,33,17,16,16
IP7 7JL,5,4,1,2
IP7 7JN,8,3,5,4
IP7 7JP,5,3,2,2
IP7 7JQ,24,10,14,13
IP7 7JR,3,1,2,2
IP7 7JS,10,5,5,4
IP7 7JT,10,4,6,5
IP7 7JU,6,4,2,2
IP7 7JW,8,5,3,5
IP7 7JX,53,29,24,16
IP7 7JY,6,4,2,2
IP7 7JZ,10,6,4,4
IP7 7LA,6,3,3,4
IP7 7LB,5,2,3,2
IP7 7LD,1,1,0,1
IP7 7LG,8,4,4,3
IP7 7LH,47,24,23,28
IP7 7LJ,21,12,9,9
IP7 7LL,9,3,6,4
IP7 7LN,45,23,22,19
IP7 7LP,4,3,1,1
IP7 7LQ,9,5,4,4
IP7 7LR,4,1,3,2
IP7 7LS,20,10,10,7
IP7 7LT,4,2,2,2
IP7 7LU,13,7,6,5
IP7 7LW,36,14,22,25
IP7 7LX,18,9,9,9
IP7 7LY,18,10,8,8
IP7 7LZ,15,10,5,4
IP7 7NA,7,4,3,2
IP7 7ND,11,6,5,5
IP7 7NE,60,29,31,27
IP7 7NF,92,47,45,39
IP7 7NG,52,25,27,21
IP7 7NH,2,0,2,1
IP7 7NJ,2,1,1,1
IP7 7NL,31,16,15,9
IP7 7NN,11,4,7,5
IP7 7NP,27,14,13,12
IP7 7NQ,25,13,12,11
IP7 7NR,2,1,1,1
IP7 7NT,33,17,16,12
IP7 7NU,11,6,5,4
IP7 7NW,3,1,2,2
IP7 7NY,8,3,5,4
IP7 7NZ,15,7,8,6
IP7 7PA,19,11,8,9
IP7 7PB,16,10,6,5
IP7 7PD,5,3,2,1
IP7 7PE,1,0,1,1
IP7 7PF,17,10,7,6
IP7 7PG,1,0,1,1
IP7 7PH,82,54,28,1
IP7 7PJ,7,4,3,3
IP7 7PL,11,4,7,4
IP7 7PN,2,1,1,1
IP7 7PP,11,5,6,4
IP7 7PQ,1,1,0,1
IP7 7PR,14,5,9,5
IP7 7PS,3,2,1,2
IP7 7PT,6,3,3,2
IP7 7PU,9,5,4,5
IP7 7PW,4,2,2,3
IP7 7PX,11,5,6,4
IP7 7PY,10,7,3,5
IP7 7PZ,6,4,2,2
IP7 7QA,45,23,22,19
IP7 7QB,18,9,9,8
IP7 7QD,3,2,1,1
IP7 7QE,1,0,1,1
IP7 7QF,1,0,1,1
IP7 7QG,3,2,1,1
IP7 7QH,11,5,6,4
IP7 7QP,99,48,51,49
IP7 7QQ,12,5,7,5
IP7 7QR,54,34,20,16
IP7 7QT,19,10,9,10
IP7 7RA,741,699,42,0
IP7 7RD,44,21,23,19
IP7 7RF,40,21,19,17
IP7 7RH,57,27,30,22
IP7 7RJ,36,22,14,11
IP7 7RL,11,5,6,5
IP7 7RP,26,16,10,9
IP7 7RQ,186,90,96,61
IP7 7RR,30,15,15,9
IP7 7RS,41,24,17,16
IP7 7RW,22,12,10,7
IP7 7SA,4,2,2,3
IP7 7SB,6,2,4,3
IP7 7SD,162,82,80,45
IP7 7SE,48,25,23,13
IP7 7SF,26,14,12,9
IP7 7SG,57,31,26,19
IP7 7SQ,20,11,9,5
IP7 7TG,57,28,29,26
IP7 7TQ,70,36,34,28
IP8 3AA,58,30,28,25
IP8 3AB,3,1,2,1
IP8 3AD,2,1,1,1
IP8 3AE,11,6,5,4
IP8 3AF,50,24,26,22
IP8 3AH,36,18,18,22
IP8 3AJ,73,42,31,53
IP8 3AL,7,3,4,3
IP8 3AN,1,0,1,1
IP8 3AP,12,6,6,5
IP8 3AQ,14,7,7,7
IP8 3AR,3,3,0,1
IP8 3AS,7,4,3,3
IP8 3AT,2,1,1,1
IP8 3AU,4,2,2,2
IP8 3AX,5,2,3,1
IP8 3AY,20,8,12,10
IP8 3AZ,29,16,13,10
IP8 3BA,25,12,13,12
IP8 3BB,10,3,7,5
IP8 3BD,5,1,4,3
IP8 3BE,96,42,54,44
IP8 3BG,60,27,33,23
IP8 3BH,19,7,12,12
IP8 3BJ,85,41,44,29
IP8 3BL,22,14,8,11
IP8 3BN,6,3,3,3
IP8 3BP,3,1,2,2
IP8 3BQ,44,19,25,20
IP8 3BS,6,4,2,4
IP8 3BW,8,6,2,2
IP8 3DA,1,1,0,1
IP8 3DB,25,13,12,8
IP8 3DD,5,4,1,2
IP8 3DE,2,1,1,1
IP8 3DF,19,9,10,8
IP8 3DG,31,19,12,11
IP8 3DH,16,9,7,6
IP8 3DJ,37,17,20,15
IP8 3DL,4,2,2,2
IP8 3DN,46,19,27,20
IP8 3DP,9,5,4,3
IP8 3DR,3,1,2,1
IP8 3DS,7,3,4,5
IP8 3DT,15,7,8,5
IP8 3DU,28,12,16,12
IP8 3DW,7,4,3,3
IP8 3DX,7,4,3,3
IP8 3DY,9,4,5,2
IP8 3DZ,15,8,7,7
IP8 3EA,2,1,1,1
IP8 3EB,2,1,1,1
IP8 3ED,10,4,6,5
IP8 3EE,3,2,1,2
IP8 3EF,2,1,1,1
IP8 3EG,11,7,4,2
IP8 3EJ,2,2,0,1
IP8 3EL,13,5,8,6
IP8 3EN,13,7,6,3
IP8 3EQ,3,2,1,2
IP8 3ER,6,3,3,4
IP8 3ES,11,5,6,4
IP8 3ET,36,20,16,16
IP8 3EU,122,56,66,43
IP8 3EW,30,14,16,9
IP8 3EX,34,18,16,16
IP8 3EY,27,14,13,9
IP8 3EZ,28,16,12,12
IP8 3GL,17,9,8,5
IP8 3HA,11,5,6,4
IP8 3HB,15,8,7,6
IP8 3HD,6,3,3,2
IP8 3HE,6,3,3,3
IP8 3HF,6,5,1,3
IP8 3HG,3,2,1,2
IP8 3HH,3,2,1,2
IP8 3HJ,1,1,0,1
IP8 3HL,15,8,7,5
IP8 3HN,11,5,6,4
IP8 3HQ,20,10,10,9
IP8 3HR,28,14,14,13
IP8 3HS,53,28,25,25
IP8 3HT,2,1,1,1
IP8 3HU,8,4,4,5
IP8 3HX,3,2,1,2
IP8 3HY,32,15,17,9
IP8 3HZ,83,39,44,42
IP8 3JA,27,14,13,12
IP8 3JB,4,1,3,2
IP8 3JD,82,33,49,14
IP8 3JE,25,11,14,8
IP8 3JF,67,35,32,28
IP8 3JH,8,5,3,4
IP8 3JJ,5,4,1,2
IP8 3JL,5,3,2,2
IP8 3JN,17,10,7,4
IP8 3JP,3,2,1,2
IP8 3JQ,41,18,23,19
IP8 3JR,9,4,5,3
IP8 3JS,15,8,7,6
IP8 3JT,4,3,1,1
IP8 3JU,6,3,3,2
IP8 3JW,14,8,6,5
IP8 3JY,4,2,2,2
IP8 3JZ,8,5,3,4
IP8 3LA,3,1,2,2
IP8 3LB,24,14,10,8
IP8 3LE,7,5,2,2
IP8 3LF,66,31,35,27
IP8 3LG,145,71,74,64
IP8 3LH,15,5,10,8
IP8 3LJ,7,2,5,2
IP8 3LL,2,1,1,1
IP8 3LN,7,3,4,2
IP8 3LP,29,15,14,13
IP8 3LR,41,23,18,21
IP8 3LS,10,5,5,4
IP8 3LU,45,20,25,23
IP8 3LW,4,1,3,2
IP8 3LX,6,2,4,2
IP8 3LY,19,9,10,8
IP8 3LZ,14,8,6,6
IP8 3NB,9,4,5,5
IP8 3NG,43,21,22,20
IP8 3NH,58,31,27,24
IP8 3NJ,48,25,23,18
IP8 3NL,6,4,2,3
IP8 3NN,5,2,3,2
IP8 3NQ,26,12,14,15
IP8 3NR,2,1,1,1
IP8 3NS,11,8,3,3
IP8 3NT,9,6,3,3
IP8 3NU,4,2,2,1
IP8 3NW,9,4,5,5
IP8 3NX,24,14,10,9
IP8 3NY,11,6,5,5
IP8 3NZ,2,1,1,1
IP8 3PA,19,10,9,9
IP8 3PB,13,5,8,6
IP8 3PD,6,3,3,2
IP8 3PF,5,2,3,2
IP8 3PG,15,6,9,4
IP8 3PH,44,27,17,24
IP8 3PJ,31,15,16,15
IP8 3PL,30,16,14,11
IP8 3PN,6,3,3,3
IP8 3PP,28,10,18,8
IP8 3PR,5,2,3,3
IP8 3PS,94,44,50,50
IP8 3PT,4,2,2,1
IP8 3PU,3,1,2,2
IP8 3PW,27,14,13,11
IP8 3PX,14,7,7,6
IP8 3PY,27,13,14,10
IP8 3PZ,18,9,9,7
IP8 3QA,3,2,1,2
IP8 3QB,4,2,2,1
IP8 3QD,10,3,7,5
IP8 3QE,22,10,12,9
IP8 3QF,35,17,18,15
IP8 3QG,24,12,12,10
IP8 3QH,17,9,8,4
IP8 3QJ,17,8,9,7
IP8 3QL,11,6,5,4
IP8 3QN,19,11,8,7
IP8 3QP,96,48,48,38
IP8 3QQ,10,4,6,4
IP8 3QR,91,44,47,38
IP8 3QS,63,27,36,26
IP8 3QT,30,18,12,16
IP8 3QU,80,36,44,39
IP8 3QW,7,2,5,3
IP8 3QX,42,19,23,21
IP8 3QY,79,33,46,28
IP8 3QZ,28,13,15,7
IP8 3RA,40,23,17,19
IP8 3RB,79,42,37,31
IP8 3RD,61,29,32,34
IP8 3RE,27,13,14,11
IP8 3RF,37,19,18,15
IP8 3RG,73,36,37,38
IP8 3RH,76,33,43,45
IP8 3RJ,48,24,24,27
IP8 3RL,114,55,59,70
IP8 3RN,33,16,17,16
IP8 3RP,14,2,12,7
IP8 3RQ,47,18,29,21
IP8 3RR,73,39,34,41
IP8 3RS,159,84,75,59
IP8 3RT,30,16,14,9
IP8 3RW,71,35,36,31
IP8 3RX,107,51,56,53
IP8 3RY,16,9,7,6
IP8 3RZ,28,16,12,13
IP8 3SA,12,7,5,5
IP8 3SB,28,15,13,12
IP8 3SD,67,32,35,36
IP8 3SE,126,59,67,68
IP8 3SF,66,31,35,26
IP8 3SG,116,66,50,44
IP8 3SJ,38,14,24,21
IP8 3SN,5,3,2,2
IP8 3SP,136,65,71,60
IP8 3SQ,10,5,5,4
IP8 3SR,51,27,24,26
IP8 3ST,139,70,69,44
IP8 3SW,26,16,10,12
IP8 3SY,26,13,13,12
IP8 3SZ,54,29,25,19
IP8 3TA,72,38,34,27
IP8 3TD,24,8,16,12
IP8 3TE,51,26,25,20
IP8 3TF,63,31,32,27
IP8 3TG,37,18,19,13
IP8 3TH,58,31,27,22
IP8 3TJ,67,28,39,31
IP8 3TL,41,20,21,20
IP8 3TN,63,32,31,28
IP8 3UA,54,26,28,20
IP8 3UB,45,19,26,21
IP8 3UD,48,25,23,22
IP8 3UE,32,16,16,12
IP8 3UF,10,5,5,4
IP8 3UG,21,14,7,6
IP8 3UJ,130,64,66,43
IP8 3UN,45,19,26,15
IP8 4AA,11,7,4,6
IP8 4AB,16,10,6,7
IP8 4AD,48,21,27,24
IP8 4AE,30,18,12,10
IP8 4AF,30,14,16,12
IP8 4AG,15,6,9,4
IP8 4AH,35,20,15,16
IP8 4AJ,6,3,3,3
IP8 4AL,15,7,8,8
IP8 4AN,27,16,11,11
IP8 4AP,4,3,1,1
IP8 4AR,9,4,5,4
IP8 4AS,5,2,3,1
IP8 4AT,9,3,6,3
IP8 4AU,21,10,11,10
IP8 4AX,8,4,4,4
IP8 4AY,7,4,3,2
IP8 4AZ,6,3,3,4
IP8 4BA,7,4,3,2
IP8 4BB,16,8,8,5
IP8 4BD,18,9,9,7
IP8 4BE,5,2,3,2
IP8 4BF,32,23,9,23
IP8 4BG,12,8,4,4
IP8 4BH,4,3,1,2
IP8 4BJ,2,1,1,1
IP8 4BL,29,16,13,11
IP8 4BN,72,36,36,29
IP8 4BP,60,27,33,26
IP8 4BQ,10,3,7,6
IP8 4BS,53,25,28,22
IP8 4BT,18,9,9,6
IP8 4BU,18,9,9,10
IP8 4BX,14,7,7,4
IP8 4BY,20,10,10,8
IP8 4DB,7,3,4,1
IP8 4DD,1,0,1,1
IP8 4DE,1,1,0,1
IP8 4DG,6,3,3,3
IP8 4DJ,7,4,3,3
IP8 4DL,69,32,37,28
IP8 4DP,21,9,12,8
IP8 4DR,71,33,38,33
IP8 4DS,35,15,20,29
IP8 4DT,2,0,2,1
IP8 4DU,31,13,18,18
IP8 4DX,26,12,14,15
IP8 4DY,3,1,2,2
IP8 4EA,16,8,8,7
IP8 4EB,39,19,20,24
IP8 4ED,23,12,11,12
IP8 4EE,29,13,16,10
IP8 4EG,15,5,10,11
IP8 4EH,4,2,2,2
IP8 4EJ,9,5,4,4
IP8 4EL,32,16,16,9
IP8 4EN,28,19,9,10
IP8 4EP,8,3,5,4
IP8 4ER,56,29,27,24
IP8 4ES,62,36,26,35
IP8 4ET,56,24,32,25
IP8 4EU,13,7,6,8
IP8 4EW,10,7,3,4
IP8 4EX,72,38,34,39
IP8 4EY,53,26,27,24
IP8 4EZ,17,8,9,8
IP8 4HA,44,21,23,22
IP8 4HB,2,1,1,1
IP8 4HD,33,13,20,18
IP8 4HE,11,4,7,7
IP8 4HG,44,21,23,24
IP8 4HH,24,12,12,12
IP8 4HJ,15,7,8,8
IP8 4HL,10,4,6,5
IP8 4HN,15,8,7,9
IP8 4HP,35,18,17,14
IP8 4HQ,5,3,2,2
IP8 4HR,87,37,50,43
IP8 4HS,24,11,13,13
IP8 4HT,21,11,10,13
IP8 4HU,58,24,34,32
IP8 4HW,9,4,5,5
IP8 4HZ,68,38,30,24
IP8 4JA,7,3,4,2
IP8 4JB,8,5,3,3
IP8 4JD,25,13,12,9
IP8 4JE,35,19,16,17
IP8 4JF,72,37,35,30
IP8 4JG,39,14,25,16
IP8 4JH,5,3,2,4
IP8 4JJ,2,1,1,1
IP8 4JN,2,1,1,1
IP8 4JP,3,1,2,2
IP8 4JR,7,5,2,3
IP8 4JS,25,12,13,9
IP8 4JT,12,7,5,4
IP8 4JU,8,4,4,4
IP8 4JX,29,12,17,13
IP8 4JY,11,6,5,5
IP8 4JZ,14,5,9,6
IP8 4LA,9,4,5,5
IP8 4LB,3,2,1,2
IP8 4LD,22,12,10,8
IP8 4LE,9,4,5,3
IP8 4LF,9,4,5,4
IP8 4LG,27,12,15,10
IP8 4LH,21,12,9,8
IP8 4LJ,22,11,11,7
IP8 4LL,16,8,8,6
IP8 4LN,12,7,5,4
IP8 4LP,16,8,8,6
IP8 4LR,6,3,3,2
IP8 4LS,4,2,2,2
IP8 4LT,26,16,10,10
IP8 4LU,8,5,3,3
IP8 4LX,141,64,77,54
IP8 4LZ,12,6,6,5
IP8 4NF,11,8,3,5
IP8 4NG,15,9,6,6
IP8 4NH,11,4,7,4
IP8 4NJ,5,2,3,3
IP8 4NN,4,2,2,2
IP8 4NP,2,1,1,1
IP8 4NQ,11,6,5,2
IP8 4NS,18,11,7,4
IP8 4PA,69,33,36,26
IP8 4PB,21,10,11,8
IP8 4PD,16,9,7,5
IP8 4PE,38,22,16,14
IP8 4PF,57,29,28,22
IP8 4PG,83,42,41,42
IP8 4PH,64,28,36,26
IP8 4PJ,8,4,4,3
IP8 4PL,5,1,4,4
IP8 4PN,19,8,11,10
IP8 4PP,33,19,14,13
IP8 4PQ,97,47,50,41
IP8 4PR,4,2,2,2
IP8 4PS,8,4,4,3
IP8 4PT,9,5,4,4
IP8 4PU,17,9,8,6
IP8 4PW,14,6,8,8
IP8 4PX,35,18,17,19
IP8 4PY,4,3,1,2
IP8 4QA,22,11,11,11
IP8 4QB,6,2,4,2
IP8 4QD,1,1,0,1
IP8 4QE,20,10,10,9
IP8 4QF,10,6,4,4
IP8 4QG,22,11,11,8
IP8 4QH,2,1,1,2
IP8 4QJ,4,3,1,3
IP8 4QL,16,8,8,7
IP8 4QN,7,3,4,3
IP8 4QP,4,2,2,2
IP8 4QR,16,7,9,9
IP8 4QS,29,12,17,11
IP8 4QT,14,6,8,7
IP8 4QX,3,1,2,2
IP8 4QZ,8,3,5,1
IP8 4RA,15,7,8,7
IP8 4RB,9,5,4,5
IP8 4RG,9,4,5,4
IP8 4RH,34,16,18,18
IP8 4RL,1,0,1,1
IP8 4RN,13,6,7,5
IP8 4RP,10,5,5,4
IP8 4RQ,43,25,18,17
IP8 4RR,35,16,19,14
IP8 4RS,26,13,13,12
IP8 4RT,6,3,3,3
IP8 4RU,6,5,1,3
IP8 4RW,2,1,1,1
IP8 4RX,4,2,2,2
IP8 4RZ,24,15,9,11
IP8 4SD,2,1,1,1
IP8 4SE,21,11,10,8
IP8 4SF,45,25,20,18
IP8 4SG,7,4,3,3
IP8 4SH,4,2,2,2
IP8 4SJ,4,3,1,2
IP8 4SL,9,5,4,3
IP8 4SN,84,41,43,33
IP8 4SP,32,15,17,14
IP8 4SR,61,32,29,22
IP8 4SS,47,25,22,20
IP9 1AA,11,6,5,7
IP9 1AB,8,5,3,5
IP9 1AD,6,3,3,3
IP9 1AE,11,6,5,3
IP9 1AF,43,24,19,19
IP9 1AG,11,3,8,3
IP9 1AH,15,11,4,5
IP9 1AJ,4,2,2,2
IP9 1AL,37,17,20,14
IP9 1AN,2,1,1,1
IP9 1AP,8,4,4,3
IP9 1AQ,7,3,4,3
IP9 1AR,47,21,26,20
IP9 1AU,1,1,0,1
IP9 1AW,13,6,7,4
IP9 1AX,73,25,48,18
IP9 1AY,10,5,5,3
IP9 1AZ,6,5,1,2
IP9 1BA,25,12,13,13
IP9 1BB,12,7,5,5
IP9 1BD,6,5,1,3
IP9 1BE,1,0,1,1
IP9 1BH,12,6,6,3
IP9 1BJ,25,13,12,11
IP9 1BL,52,29,23,25
IP9 1BN,23,11,12,13
IP9 1BP,37,16,21,16
IP9 1BS,20,10,10,9
IP9 1BT,27,13,14,11
IP9 1BU,1,1,0,1
IP9 1BW,6,3,3,3
IP9 1BX,2,0,2,1
IP9 1BY,8,3,5,4
IP9 1BZ,5,3,2,2
IP9 1DA,15,5,10,4
IP9 1DB,4,1,3,2
IP9 1DD,2,1,1,1
IP9 1DE,18,7,11,6
IP9 1DF,6,6,0,1
IP9 1DG,8,4,4,3
IP9 1DN,5,3,2,3
IP9 1DP,9,6,3,4
IP9 1DQ,10,4,6,3
IP9 1DR,23,12,11,9
IP9 1DS,4,3,1,1
IP9 1DT,30,12,18,19
IP9 1DU,150,70,80,72
IP9 1DW,27,12,15,8
IP9 1DX,59,27,32,26
IP9 1DY,12,5,7,6
IP9 1DZ,19,12,7,5
IP9 1EA,12,6,6,7
IP9 1EB,16,9,7,8
IP9 1ED,7,3,4,3
IP9 1EE,55,29,26,20
IP9 1EF,5,2,3,3
IP9 1EG,6,3,3,2
IP9 1EH,1,0,1,1
IP9 1EJ,3,1,2,2
IP9 1EL,10,6,4,6
IP9 1EN,7,4,3,2
IP9 1EP,15,7,8,7
IP9 1EQ,8,6,2,4
IP9 1ER,12,6,6,7
IP9 1ES,3,2,1,1
IP9 1ET,2,1,1,1
IP9 1EU,18,10,8,7
IP9 1EW,5,2,3,3
IP9 1EX,3,1,2,1
IP9 1EY,18,10,8,7
IP9 1EZ,1,0,1,1
IP9 1HA,3,1,2,2
IP9 1HB,2,1,1,1
IP9 1HD,11,6,5,4
IP9 1HH,18,8,10,9
IP9 1HJ,50,24,26,23
IP9 1HL,5,1,4,1
IP9 1HN,10,5,5,4
IP9 1HP,12,6,6,5
IP9 1HQ,19,13,6,13
IP9 1HR,4,2,2,3
IP9 1HS,58,27,31,27
IP9 1HT,12,5,7,4
IP9 1HU,106,54,52,53
IP9 1HW,5,4,1,2
IP9 1HX,93,44,49,48
IP9 1HY,22,10,12,8
IP9 1HZ,9,5,4,4
IP9 1JA,8,3,5,4
IP9 1JB,32,18,14,13
IP9 1JD,7,2,5,4
IP9 1JE,16,6,10,7
IP9 1JF,7,4,3,3
IP9 1JG,5,1,4,2
IP9 1JH,3,1,2,2
IP9 1JJ,5,3,2,3
IP9 1JL,10,5,5,5
IP9 1JN,14,7,7,7
IP9 1JP,17,10,7,7
IP9 1JQ,2,1,1,2
IP9 1JR,7,3,4,4
IP9 1JS,8,3,5,5
IP9 1JT,2,1,1,1
IP9 1JU,21,11,10,9
IP9 1JW,31,15,16,15
IP9 1JX,4,3,1,2
IP9 1JY,7,3,4,2
IP9 1LD,17,6,11,11
IP9 1LE,23,13,10,11
IP9 1LF,11,6,5,6
IP9 1LG,9,5,4,4
IP9 1LH,4,1,3,1
IP9 1LJ,25,10,15,14
IP9 1LL,13,6,7,5
IP9 1LN,19,8,11,7
IP9 1LP,32,17,15,10
IP9 1LQ,7,5,2,3
IP9 1LR,5,2,3,2
IP9 1LW,10,4,6,3
IP9 1LX,66,33,33,29
IP9 1LZ,41,20,21,24
IP9 1NA,15,9,6,6
IP9 1NB,104,53,51,48
IP9 1ND,91,42,49,36
IP9 1NE,43,20,23,24
IP9 1NF,16,7,9,6
IP9 1NG,11,8,3,4
IP9 1NH,4,2,2,2
IP9 1NJ,4,2,2,2
IP9 1NL,16,6,10,8
IP9 1NN,2,1,1,1
IP9 1NP,56,31,25,21
IP9 1NQ,54,31,23,23
IP9 1NS,5,2,3,2
IP9 1NT,32,16,16,17
IP9 1NU,10,3,7,4
IP9 1NW,79,38,41,37
IP9 1NX,29,13,16,10
IP9 1NY,117,59,58,39
IP9 1NZ,107,52,55,38
IP9 1PA,25,13,12,14
IP9 1PB,19,9,10,9
IP9 1PG,8,4,4,4
IP9 1PH,15,8,7,8
IP9 1PJ,2,1,1,1
IP9 1PL,1,0,1,1
IP9 1PN,10,5,5,5
IP9 1PP,22,13,9,8
IP9 1PQ,5,4,1,1
IP9 1PR,23,12,11,10
IP9 1PS,7,3,4,3
IP9 1PU,75,38,37,26
IP9 1PW,13,7,6,4
IP9 1PX,3,1,2,2
IP9 1PY,24,13,11,14
IP9 1PZ,38,19,19,19
IP9 1QA,53,25,28,22
IP9 1QB,41,16,25,27
IP9 1QD,21,12,9,7
IP9 1QE,71,40,31,29
IP9 1QF,29,14,15,10
IP9 1QG,83,44,39,25
IP9 1QH,27,14,13,12
IP9 1QP,53,31,22,39
IP9 1RJ,115,51,64,46
IP9 1RL,124,57,67,49
IP9 1RN,79,39,40,26
IP9 1RP,94,44,50,40
IP9 1RR,35,18,17,17
IP9 1RS,58,25,33,23
IP9 1RT,34,16,18,13
IP9 1RW,75,38,37,29
IP9 2AA,3,2,1,2
IP9 2AB,8,4,4,2
IP9 2AD,6,4,2,1
IP9 2AE,46,15,31,3
IP9 2AF,9,5,4,2
IP9 2AG,8,5,3,3
IP9 2AH,14,7,7,7
IP9 2AJ,2,1,1,1
IP9 2AL,2,1,1,1
IP9 2AN,5,2,3,2
IP9 2AP,10,6,4,5
IP9 2AR,6,4,2,2
IP9 2AS,7,3,4,2
IP9 2AT,4,3,1,2
IP9 2AU,2,1,1,1
IP9 2AW,3,1,2,2
IP9 2AX,4,3,1,1
IP9 2AY,2,1,1,1
IP9 2AZ,2,1,1,1
IP9 2BD,4,2,2,2
IP9 2BF,4,2,2,2
IP9 2BG,70,30,40,27
IP9 2BH,11,7,4,4
IP9 2BL,39,20,19,16
IP9 2BN,41,19,22,23
IP9 2BP,115,60,55,47
IP9 2BS,96,49,47,43
IP9 2BT,4,2,2,1
IP9 2BU,2,1,1,1
IP9 2BW,29,14,15,10
IP9 2BX,20,11,9,8
IP9 2BY,12,6,6,7
IP9 2BZ,8,4,4,4
IP9 2DA,14,8,6,7
IP9 2DB,38,20,18,16
IP9 2DD,46,22,24,22
IP9 2DF,17,8,9,6
IP9 2DG,21,11,10,11
IP9 2DH,11,6,5,4
IP9 2DJ,45,21,24,24
IP9 2DL,21,11,10,8
IP9 2DN,18,11,7,7
IP9 2DP,30,16,14,14
IP9 2DQ,27,11,16,10
IP9 2DR,11,4,7,6
IP9 2DS,5,3,2,2
IP9 2DU,22,12,10,9
IP9 2DW,35,16,19,16
IP9 2EA,35,20,15,14
IP9 2EB,33,13,20,16
IP9 2EE,30,13,17,16
IP9 2EF,33,20,13,17
IP9 2EG,31,14,17,17
IP9 2EH,32,15,17,16
IP9 2EL,46,27,19,18
IP9 2EQ,34,16,18,17
IP9 2ER,11,4,7,7
IP9 2ES,50,27,23,18
IP9 2ET,16,6,10,8
IP9 2EU,8,4,4,4
IP9 2EX,53,26,27,21
IP9 2EY,22,10,12,10
IP9 2EZ,15,6,9,7
IP9 2GA,32,12,20,12
IP9 2GZ,5,2,3,3
IP9 2HA,19,12,7,7
IP9 2HB,43,18,25,24
IP9 2HD,8,2,6,4
IP9 2HE,12,5,7,4
IP9 2HF,21,6,15,13
IP9 2HG,10,5,5,4
IP9 2HH,49,27,22,22
IP9 2HJ,56,26,30,24
IP9 2HL,71,34,37,29
IP9 2HN,35,14,21,11
IP9 2HP,30,18,12,14
IP9 2HQ,9,5,4,4
IP9 2HR,51,26,25,18
IP9 2HS,61,30,31,27
IP9 2HT,46,18,28,15
IP9 2HW,52,24,28,20
IP9 2HX,23,10,13,13
IP9 2HY,11,5,6,5
IP9 2HZ,99,48,51,43
IP9 2JA,38,23,15,13
IP9 2JB,34,19,15,12
IP9 2JD,1,0,1,1
IP9 2JE,39,22,17,14
IP9 2JF,52,24,28,16
IP9 2JG,13,5,8,6
IP9 2JH,13,6,7,6
IP9 2JJ,46,24,22,20
IP9 2JL,8,6,2,2
IP9 2JN,15,8,7,6
IP9 2JQ,11,5,6,5
IP9 2JR,95,51,44,35
IP9 2JS,10,5,5,4
IP9 2JT,11,8,3,2
IP9 2JU,31,17,14,11
IP9 2JX,14,8,6,8
IP9 2JY,4,2,2,2
IP9 2JZ,6,3,3,4
IP9 2LA,16,8,8,6
IP9 2LB,9,5,4,4
IP9 2LD,4,3,1,1
IP9 2LE,25,16,9,7
IP9 2LF,11,5,6,5
IP9 2LG,6,3,3,3
IP9 2LH,22,11,11,10
IP9 2LJ,14,7,7,7
IP9 2LL,5,3,2,2
IP9 2LP,9,5,4,3
IP9 2LQ,18,10,8,5
IP9 2LR,22,12,10,6
IP9 2LS,15,10,5,7
IP9 2LT,8,5,3,3
IP9 2LU,5,2,3,2
IP9 2LW,3,2,1,2
IP9 2LX,72,40,32,30
IP9 2LY,32,17,15,14
IP9 2LZ,17,10,7,7
IP9 2NA,35,15,20,17
IP9 2NB,29,15,14,12
IP9 2ND,65,29,36,23
IP9 2NE,5,3,2,3
IP9 2NF,23,11,12,11
IP9 2NG,2,1,1,1
IP9 2NH,17,8,9,9
IP9 2NJ,23,11,12,9
IP9 2NN,17,8,9,6
IP9 2NP,7,3,4,2
IP9 2NQ,22,12,10,9
IP9 2NR,7,3,4,3
IP9 2NS,6,3,3,2
IP9 2NT,15,6,9,9
IP9 2NU,40,23,17,13
IP9 2NW,4,3,1,1
IP9 2NX,14,8,6,6
IP9 2NY,17,10,7,6
IP9 2NZ,6,3,3,3
IP9 2PA,9,4,5,4
IP9 2PB,4,2,2,2
IP9 2PD,39,13,26,20
IP9 2PE,13,6,7,8
IP9 2PG,16,8,8,4
IP9 2PH,2,1,1,1
IP9 2PJ,7,4,3,3
IP9 2PL,6,3,3,3
IP9 2PN,8,6,2,4
IP9 2PP,73,33,40,26
IP9 2PQ,21,12,9,8
IP9 2PR,20,8,12,15
IP9 2PS,53,14,39,2
IP9 2PT,18,7,11,6
IP9 2PU,5,3,2,2
IP9 2PW,6,4,2,2
IP9 2PX,19,10,9,6
IP9 2PY,77,35,42,36
IP9 2PZ,94,42,52,43
IP9 2QA,5,3,2,2
IP9 2QB,50,28,22,21
IP9 2QD,24,9,15,10
IP9 2QE,58,28,30,24
IP9 2QF,16,6,10,6
IP9 2QG,12,5,7,4
IP9 2QH,62,27,35,25
IP9 2QJ,17,7,10,8
IP9 2QL,80,37,43,37
IP9 2QN,5,3,2,3
IP9 2QP,13,5,8,4
IP9 2QQ,2,1,1,1
IP9 2QR,33,12,21,14
IP9 2QS,5,3,2,2
IP9 2QT,83,40,43,29
IP9 2QW,9,4,5,3
IP9 2QX,21,10,11,10
IP9 2QY,46,20,26,20
IP9 2QZ,26,14,12,8
IP9 2RA,8,3,5,4
IP9 2RB,4,1,3,2
IP9 2RD,6,4,2,2
IP9 2RE,3,1,2,2
IP9 2RF,3,2,1,2
IP9 2RG,12,5,7,7
IP9 2RJ,39,21,18,20
IP9 2RL,1,1,0,1
IP9 2RN,25,11,14,9
IP9 2RP,7,2,5,3
IP9 2RQ,25,10,15,10
IP9 2RR,51,20,31,32
IP9 2RS,39,10,29,37
IP9 2RT,173,91,82,55
IP9 2RU,26,12,14,9
IP9 2RW,10,5,5,3
IP9 2RX,564,315,249,27
IP9 2RY,97,57,40,35
IP9 2RZ,57,23,34,30
IP9 2SA,4,2,2,2
IP9 2SB,1,0,1,1
IP9 2SD,20,7,13,6
IP9 2SE,14,9,5,4
IP9 2SF,10,3,7,4
IP9 2SG,81,33,48,37
IP9 2SH,10,5,5,6
IP9 2SJ,41,19,22,22
IP9 2SN,32,12,20,17
IP9 2SP,87,43,44,43
IP9 2SQ,30,13,17,15
IP9 2SR,16,7,9,6
IP9 2SS,9,3,6,6
IP9 2ST,12,5,7,5
IP9 2SU,4,2,2,2
IP9 2SW,36,18,18,16
IP9 2SX,1,0,1,1
IP9 2SY,6,2,4,2
IP9 2SZ,8,5,3,6
IP9 2TA,25,15,10,13
IP9 2TB,13,7,6,7
IP9 2TD,10,4,6,4
IP9 2TE,37,19,18,16
IP9 2TF,48,18,30,21
IP9 2TG,34,16,18,12
IP9 2TH,2,0,2,2
IP9 2TJ,5,3,2,3
IP9 2TL,10,6,4,4
IP9 2TP,32,18,14,15
IP9 2TQ,7,4,3,4
IP9 2TR,27,12,15,14
IP9 2TS,37,17,20,18
IP9 2TT,2,0,2,2
IP9 2UA,59,33,26,21
IP9 2UB,36,17,19,13
IP9 2UD,26,11,15,10
IP9 2UE,18,7,11,7
IP9 2UF,17,7,10,7
IP9 2UG,32,16,16,10
IP9 2UH,20,10,10,7
IP9 2UJ,51,27,24,19
IP9 2UL,62,26,36,26
IP9 2UN,27,14,13,9
IP9 2UP,7,3,4,4
IP9 2UQ,21,12,9,10
IP9 2UR,13,5,8,8
IP9 2UT,115,58,57,43
IP9 2UU,20,10,10,9
IP9 2UW,12,7,5,4
IP9 2UX,52,27,25,21
IP9 2UY,26,11,15,10
IP9 2UZ,59,34,25,25
IP9 2WE,15,7,8,5
IP9 2XA,54,28,26,23
IP9 2XB,45,22,23,20
IP9 2XD,63,31,32,22
IP9 2XE,12,6,6,6
IP9 2XF,18,10,8,7
IP9 2XG,8,4,4,5
IP9 2XH,25,14,11,9
IP9 2XJ,16,9,7,7
IP9 2XL,14,8,6,6
IP9 2XN,20,8,12,8
IP9 2XP,42,20,22,15
IP9 2XQ,33,15,18,11
IP9 2XR,17,8,9,8
IP9 2XS,57,27,30,22
IP9 2XW,15,8,7,8
KT1 1AZ,34,18,16,20
KT1 1BB,17,9,8,8
KT1 1BQ,2,2,0,2
KT1 1BW,2,0,2,1
KT1 1DJ,5,3,2,1
KT1 1EE,9,4,5,3
KT1 1HG,7,3,4,5
KT1 1HH,18,12,6,13
KT1 1HL,3,1,2,1
KT1 1HN,16,11,5,10
KT1 1HR,43,24,19,24
KT1 1HS,137,71,66,85
KT1 1HU,38,26,12,17
KT1 1HX,156,77,79,77
KT1 1HY,9,4,5,4
KT1 1JB,6,1,5,4
KT1 1JE,22,9,13,13
KT1 1JH,7,4,3,2
KT1 1JP,5,5,0,1
KT1 1JQ,9,5,4,6
KT1 1JT,10,8,2,5
KT1 1LQ,1,1,0,1
KT1 1NA,19,10,9,7
KT1 1NB,37,17,20,16
KT1 1NP,4,1,3,1
KT1 1NR,5,3,2,1
KT1 1PE,5,3,2,3
KT1 1PH,3,2,1,2
KT1 1PL,55,30,25,26
KT1 1PY,3,1,2,2
KT1 1QL,21,9,12,13
KT1 1QN,6,3,3,3
KT1 1RF,9,9,0,3
KT1 1RJ,2,1,1,1
KT1 1RP,4,3,1,4
KT1 1SA,24,16,8,17
KT1 1SF,29,23,6,10
KT1 1SP,9,7,2,4
KT1 1SS,14,9,5,10
KT1 1ST,18,12,6,8
KT1 1SU,23,8,15,9
KT1 1SW,4,2,2,2
KT1 1SZ,3,2,1,3
KT1 1TY,241,100,141,49
KT1 2AB,32,16,16,15
KT1 2AE,14,7,7,8
KT1 2AJ,28,15,13,8
KT1 2AN,151,73,78,84
KT1 2AP,34,16,18,16
KT1 2AQ,17,10,7,0
KT1 2AR,31,15,16,10
KT1 2AS,20,6,14,8
KT1 2AU,103,52,51,32
KT1 2AX,16,6,10,6
KT1 2AY,76,40,36,25
KT1 2AZ,32,15,17,8
KT1 2BP,25,15,10,0
KT1 2BT,1,1,0,1
KT1 2BZ,5,0,5,1
KT1 2DD,50,20,30,21
KT1 2DF,28,16,12,14
KT1 2DG,75,36,39,34
KT1 2DH,37,16,21,16
KT1 2DQ,13,6,7,6
KT1 2DR,18,5,13,13
KT1 2EF,6,3,3,3
KT1 2EG,107,45,62,45
KT1 2EH,119,51,68,48
KT1 2EL,24,13,11,13
KT1 2EN,24,10,14,9
KT1 2EP,65,30,35,27
KT1 2EQ,13,12,1,4
KT1 2ER,52,26,26,25
KT1 2ES,36,19,17,24
KT1 2ET,40,21,19,27
KT1 2EU,20,10,10,9
KT1 2EW,43,31,12,22
KT1 2GA,8,3,5,3
KT1 2HD,34,16,18,16
KT1 2HE,40,29,11,20
KT1 2HG,98,43,55,26
KT1 2HP,86,43,43,43
KT1 2HR,42,17,25,12
KT1 2HS,25,10,15,12
KT1 2HT,41,16,25,17
KT1 2HW,39,21,18,21
KT1 2HX,45,21,24,27
KT1 2HY,11,8,3,6
KT1 2HZ,16,11,5,6
KT1 2JA,27,16,11,10
KT1 2JB,24,14,10,12
KT1 2JD,21,9,12,9
KT1 2JE,27,18,9,12
KT1 2JF,51,21,30,19
KT1 2JG,51,28,23,19
KT1 2JH,40,23,17,30
KT1 2JN,6,2,4,4
KT1 2JP,47,26,21,17
KT1 2JQ,18,5,13,6
KT1 2JR,5,2,3,4
KT1 2JS,33,14,19,14
KT1 2JT,6,0,6,0
KT1 2JU,61,32,29,26
KT1 2JW,2,2,0,1
KT1 2JX,29,18,11,10
KT1 2JY,11,5,6,6
KT1 2JZ,11,3,8,5
KT1 2LA,13,9,4,8
KT1 2LB,26,13,13,9
KT1 2LD,10,6,4,7
KT1 2LE,22,12,10,12
KT1 2LF,6,2,4,3
KT1 2LG,15,9,6,5
KT1 2LH,105,57,48,68
KT1 2LJ,14,7,7,8
KT1 2LL,94,51,43,48
KT1 2LN,53,26,27,28
KT1 2LP,43,20,23,16
KT1 2LQ,39,15,24,18
KT1 2LR,66,30,36,35
KT1 2LS,15,10,5,10
KT1 2LT,13,7,6,9
KT1 2LU,19,11,8,7
KT1 2LX,15,6,9,12
KT1 2LZ,36,16,20,21
KT1 2NA,5,2,3,4
KT1 2ND,22,11,11,15
KT1 2NE,11,7,4,8
KT1 2NG,24,8,16,14
KT1 2NJ,60,27,33,27
KT1 2NN,9,6,3,6
KT1 2NP,32,17,15,12
KT1 2NR,26,15,11,12
KT1 2NS,16,6,10,5
KT1 2NY,29,15,14,16
KT1 2PT,40,20,20,20
KT1 2PU,67,32,35,21
KT1 2PW,28,11,17,15
KT1 2PX,49,26,23,20
KT1 2PY,25,13,12,9
KT1 2PZ,10,4,6,4
KT1 2QA,71,35,36,28
KT1 2QF,1,0,1,1
KT1 2QH,66,32,34,30
KT1 2QL,47,21,26,20
KT1 2QN,78,42,36,32
KT1 2QP,38,20,18,15
KT1 2QR,6,5,1,6
KT1 2QS,47,26,21,17
KT1 2QT,34,16,18,12
KT1 2QU,115,49,66,39
KT1 2QW,45,14,31,16
KT1 2QZ,2,1,1,1
KT1 2RA,18,13,5,8
KT1 2RB,105,47,58,36
KT1 2RD,64,29,35,29
KT1 2RE,17,9,8,12
KT1 2RF,76,42,34,31
KT1 2RG,79,42,37,33
KT1 2RH,2,1,1,1
KT1 2RJ,5,3,2,3
KT1 2RL,45,19,26,13
KT1 2RN,33,15,18,11
KT1 2RP,71,24,47,36
KT1 2RS,34,17,17,9
KT1 2RT,10,3,7,7
KT1 2RU,33,18,15,20
KT1 2RW,22,13,9,16
KT1 2RX,14,5,9,6
KT1 2RY,14,9,5,8
KT1 2RZ,57,27,30,23
KT1 2SA,98,47,51,52
KT1 2SB,40,15,25,24
KT1 2SD,53,24,29,22
KT1 2SE,39,17,22,16
KT1 2SF,31,19,12,14
KT1 2SG,63,29,34,24
KT1 2SH,128,70,58,48
KT1 2SJ,174,84,90,0
KT1 2SL,31,14,17,12
KT1 2SN,14,9,5,8
KT1 2SP,77,37,40,29
KT1 2SR,60,25,35,23
KT1 2SS,87,40,47,43
KT1 2ST,98,50,48,33
KT1 2SU,50,22,28,19
KT1 2SW,109,50,59,46
KT1 2SY,41,32,9,34
KT1 2TA,28,12,16,12
KT1 2TB,41,12,29,31
KT1 2TD,112,52,60,59
KT1 2TE,80,41,39,46
KT1 2TF,70,38,32,30
KT1 2TG,14,8,6,7
KT1 2TH,101,62,39,50
KT1 2TJ,23,11,12,6
KT1 2TL,125,69,56,37
KT1 2TN,168,89,79,75
KT1 2TP,11,5,6,6
KT1 2TQ,91,39,52,33
KT1 2TR,23,13,10,18
KT1 2TS,28,15,13,9
KT1 2TT,25,12,13,12
KT1 2TW,98,44,54,30
KT1 2TY,92,47,45,41
KT1 2TZ,71,35,36,30
KT1 2UA,119,61,58,42
KT1 2UB,89,41,48,32
KT1 2UD,40,21,19,14
KT1 2UF,38,20,18,21
KT1 2UG,14,5,9,4
KT1 2UH,31,16,15,17
KT1 2UJ,18,10,8,11
KT1 2UL,11,6,5,7
KT1 2UN,75,30,45,31
KT1 2UP,3,1,2,1
KT1 2UQ,20,9,11,10
KT1 2UR,46,26,20,25
KT1 2UW,43,21,22,19
KT1 3AA,89,40,49,34
KT1 3AB,96,54,42,33
KT1 3AD,66,32,34,20
KT1 3AE,128,62,66,45
KT1 3AF,84,42,42,33
KT1 3AG,90,45,45,36
KT1 3AH,3,1,2,3
KT1 3AJ,53,26,27,17
KT1 3AL,66,35,31,20
KT1 3AP,114,61,53,38
KT1 3AQ,77,35,42,27
KT1 3AR,38,18,20,17
KT1 3AT,61,26,35,26
KT1 3AU,89,45,44,37
KT1 3AY,59,26,33,22
KT1 3BA,8,5,3,4
KT1 3BB,73,44,29,26
KT1 3BD,71,34,37,30
KT1 3BE,32,17,15,17
KT1 3BF,26,11,15,8
KT1 3BG,77,35,42,39
KT1 3BH,47,24,23,20
KT1 3BJ,54,20,34,18
KT1 3BN,10,5,5,5
KT1 3BP,19,5,14,0
KT1 3BQ,57,29,28,23
KT1 3BT,27,18,9,10
KT1 3BU,23,10,13,18
KT1 3BX,9,3,6,2
KT1 3BY,5,3,2,2
KT1 3BZ,6,4,2,3
KT1 3DA,7,3,4,3
KT1 3DB,5,3,2,2
KT1 3DD,8,4,4,3
KT1 3DE,3,1,2,2
KT1 3DF,4,1,3,2
KT1 3DH,56,32,24,24
KT1 3DJ,49,25,24,26
KT1 3DP,10,4,6,7
KT1 3DQ,61,33,28,29
KT1 3DR,3,2,1,3
KT1 3DS,97,58,39,40
KT1 3DW,108,50,58,40
KT1 3DX,30,18,12,15
KT1 3DY,112,64,48,43
KT1 3DZ,44,24,20,24
KT1 3EA,114,60,54,47
KT1 3EB,6,3,3,2
KT1 3ED,6,3,3,2
KT1 3EF,23,12,11,12
KT1 3EG,81,40,41,29
KT1 3EH,20,10,10,12
KT1 3EJ,34,16,18,13
KT1 3EL,72,32,40,28
KT1 3EN,51,23,28,21
KT1 3EP,45,24,21,18
KT1 3EQ,45,21,24,18
KT1 3ER,128,64,64,77
KT1 3ES,30,16,14,11
KT1 3ET,76,32,44,30
KT1 3EU,65,25,40,24
KT1 3EX,50,24,26,21
KT1 3EY,10,2,8,4
KT1 3EZ,4,1,3,1
KT1 3GA,41,22,19,18
KT1 3GB,90,42,48,40
KT1 3GD,107,53,54,38
KT1 3GE,33,21,12,8
KT1 3GF,62,36,26,33
KT1 3GG,52,26,26,25
KT1 3GQ,69,37,32,37
KT1 3GW,8,3,5,4
KT1 3GY,45,18,27,15
KT1 3HA,28,12,16,15
KT1 3HB,29,12,17,12
KT1 3HD,77,32,45,38
KT1 3HE,83,36,47,35
KT1 3HF,23,14,9,9
KT1 3HG,60,30,30,24
KT1 3HH,2,1,1,1
KT1 3HJ,86,37,49,40
KT1 3HL,34,16,18,14
KT1 3HN,70,38,32,30
KT1 3HP,44,32,12,24
KT1 3HR,95,51,44,44
KT1 3HS,72,38,34,30
KT1 3HT,48,28,20,20
KT1 3HU,128,57,71,63
KT1 3HW,121,63,58,65
KT1 3HX,42,22,20,17
KT1 3HY,129,70,59,62
KT1 3HZ,116,51,65,43
KT1 3JA,47,24,23,15
KT1 3JB,36,19,17,8
KT1 3JD,49,20,29,14
KT1 3JE,80,35,45,33
KT1 3JF,121,68,53,45
KT1 3JG,14,7,7,5
KT1 3JH,38,17,21,19
KT1 3JJ,64,28,36,24
KT1 3JL,39,22,17,17
KT1 3JN,72,41,31,25
KT1 3JQ,70,35,35,27
KT1 3JR,23,11,12,12
KT1 3JW,47,25,22,16
KT1 3JX,10,4,6,5
KT1 3JY,37,25,12,19
KT1 3JZ,66,31,35,29
KT1 3LD,27,21,6,21
KT1 3LE,37,17,20,16
KT1 3LJ,87,40,47,29
KT1 3LL,92,48,44,28
KT1 3LN,86,38,48,25
KT1 3LP,64,30,34,22
KT1 3LR,24,10,14,8
KT1 3LS,14,7,7,4
KT1 3LT,13,5,8,6
KT1 3LU,26,11,15,9
KT1 3LW,74,35,39,24
KT1 3LX,21,8,13,8
KT1 3LY,4,2,2,4
KT1 3LZ,10,7,3,5
KT1 3NE,41,25,16,16
KT1 3NF,87,46,41,39
KT1 3NG,35,16,19,16
KT1 3NH,21,7,14,16
KT1 3NJ,45,20,25,17
KT1 3NL,75,35,40,31
KT1 3NN,90,43,47,35
KT1 3NP,106,43,63,29
KT1 3NQ,23,16,7,11
KT1 3NR,75,36,39,28
KT1 3NS,6,2,4,2
KT1 3NW,81,37,44,30
KT1 3NX,20,11,9,9
KT1 3NY,44,21,23,15
KT1 3PA,54,25,29,19
KT1 3PB,70,33,37,27
KT1 3PE,41,19,22,15
KT1 3PL,86,37,49,33
KT1 3PN,69,37,32,21
KT1 3PP,35,17,18,16
KT1 3PR,64,33,31,22
KT1 3PS,119,62,57,39
KT1 3PT,46,26,20,13
KT1 3PU,18,10,8,6
KT1 3PW,134,63,71,47
KT1 3PX,78,39,39,26
KT1 3PY,128,60,68,42
KT1 3PZ,39,15,24,12
KT1 3QA,227,115,112,76
KT1 3QB,104,44,60,34
KT1 3QD,116,63,53,37
KT1 3QE,109,42,67,34
KT1 3QF,34,18,16,11
KT1 3QN,57,25,32,19
KT1 3QP,96,47,49,34
KT1 3QR,61,35,26,26
KT1 3QS,50,23,27,19
KT1 3QT,17,12,5,5
KT1 3QU,9,5,4,3
KT1 3QW,50,25,25,16
KT1 3QX,103,58,45,39
KT1 3QY,81,39,42,26
KT1 3QZ,25,10,15,11
KT1 3RA,42,20,22,14
KT1 3RB,26,16,10,9
KT1 3RD,29,19,10,9
KT1 3RE,2,1,1,1
KT1 3RF,25,9,16,11
KT1 3RG,58,26,32,26
KT1 3RH,25,11,14,14
KT1 3RJ,13,8,5,9
KT1 3RL,48,28,20,24
KT1 3RN,26,7,19,8
KT1 3RP,55,24,31,22
KT1 3RQ,18,7,11,8
KT1 3RR,71,37,34,21
KT1 3RS,92,46,46,31
KT1 3RT,28,15,13,11
KT1 3RU,19,7,12,7
KT1 3RW,11,6,5,4
KT1 3RX,54,27,27,22
KT1 3RY,62,26,36,21
KT1 3RZ,80,40,40,29
KT1 3SA,69,35,34,23
KT1 3SB,84,37,47,30
KT1 3SD,105,49,56,39
KT1 3SE,28,14,14,12
KT1 3SF,27,15,12,12
KT1 3SG,36,20,16,17
KT1 3SH,10,8,2,7
KT1 3SJ,23,15,8,1
KT1 3SL,107,45,62,34
KT1 3SN,4,1,3,2
KT1 3SP,53,25,28,14
KT1 3SR,88,40,48,30
KT1 3SS,110,50,60,37
KT1 3ST,58,29,29,25
KT1 3SW,85,42,43,29
KT1 4AA,6,3,3,2
KT1 4AB,10,5,5,4
KT1 4AE,30,15,15,12
KT1 4AF,1,1,0,1
KT1 4AG,199,86,113,34
KT1 4AL,63,32,31,33
KT1 4AN,61,27,34,33
KT1 4AR,31,15,16,21
KT1 4AS,109,50,59,49
KT1 4AT,24,16,8,22
KT1 4AU,66,27,39,32
KT1 4AW,14,9,5,6
KT1 4AX,73,38,35,38
KT1 4AY,59,26,33,22
KT1 4BA,49,22,27,32
KT1 4BB,20,10,10,9
KT1 4BE,135,66,69,50
KT1 4BG,52,30,22,20
KT1 4BH,67,37,30,40
KT1 4BJ,20,13,7,11
KT1 4BU,19,11,8,6
KT1 4BY,1,1,0,1
KT1 4DA,21,12,9,12
KT1 4DB,41,24,17,16
KT1 4DE,3,2,1,2
KT1 4DF,14,7,7,12
KT1 4DG,58,25,33,31
KT1 4DH,16,9,7,11
KT1 4DJ,9,4,5,3
KT1 4DL,18,8,10,8
KT1 4DP,24,13,11,14
KT1 4DQ,47,26,21,18
KT1 4DR,4,2,2,2
KT1 4DT,20,15,5,16
KT1 4DU,13,9,4,8
KT1 4DW,56,24,32,26
KT1 4DY,21,13,8,12
KT1 4DZ,24,11,13,12
KT1 4EB,73,38,35,31
KT1 4ED,65,26,39,32
KT1 4EE,98,44,54,60
KT1 4EF,102,51,51,51
KT1 4EG,36,20,16,14
KT1 4EJ,27,12,15,16
KT1 4EQ,26,11,15,20
KT1 4ER,93,55,38,60
KT1 4EU,51,24,27,35
KT1 4EW,22,11,11,18
KT1 4HB,4,4,0,2
KT1 4HD,11,6,5,3
KT1 4HE,15,6,9,10
KT1 4HF,18,8,10,12
KT1 4HG,76,38,38,16
KT1 4HH,3,3,0,3
KT1 4HJ,23,12,11,13
KT1 4HL,13,5,8,8
KT1 4HN,49,25,24,25
KT1 4HP,89,39,50,30
KT1 4HQ,76,46,30,44
KT1 4HR,22,11,11,14
KT1 4HS,88,45,43,41
KT1 4HT,13,9,4,4
KT1 4HU,35,17,18,16
KT1 4HW,55,30,25,23
KT1 4HX,8,4,4,4
KT1 4HY,21,8,13,14
KT1 4HZ,15,7,8,10
KT1 4JB,16,10,6,13
KT1 4JD,26,6,20,23
KT1 4JF,25,12,13,11
KT100AA,88,49,39,32
KT100AB,54,29,25,21
KT100AD,103,51,52,30
KT100AE,6,2,4,3
KT100AF,38,7,31,34
KT100AG,31,18,13,9
KT100AH,55,29,26,17
KT100AJ,85,39,46,31
KT100AL,81,43,38,28
KT100AN,72,32,40,23
KT100AP,19,10,9,7
KT100AQ,67,36,31,24
KT100AR,32,13,19,21
KT100AT,64,19,45,52
KT100AU,64,33,31,22
KT100AW,47,9,38,42
KT100AX,86,40,46,28
KT100AY,54,32,22,21
KT100AZ,42,22,20,16
KT100BA,58,33,25,19
KT100BB,65,36,29,20
KT100BD,65,28,37,18
KT100BE,8,2,6,3
KT100BF,4,3,1,1
KT100BG,51,22,29,18
KT100BH,55,26,29,19
KT100BJ,76,41,35,30
KT100BP,42,21,21,18
KT100BQ,56,32,24,18
KT100BS,41,18,23,16
KT100BT,18,8,10,6
KT100BU,55,26,29,21
KT100BX,83,39,44,33
KT100BY,45,23,22,15
KT100BZ,96,48,48,35
KT100DA,115,58,57,40
KT100DB,68,33,35,29
KT100DD,88,34,54,39
KT100DE,64,34,30,20
KT100DF,37,16,21,13
KT100DG,30,15,15,10
KT100DL,68,38,30,27
KT100DN,27,12,15,11
KT100DP,54,26,28,24
KT100DR,72,36,36,25
KT100DS,43,22,21,15
KT100DT,104,52,52,39
KT100DU,41,22,19,14
KT100DW,131,67,64,53
KT100DX,4,2,2,1
KT100DY,66,32,34,29
KT100DZ,53,25,28,22
KT100EA,22,10,12,8
KT100EB,70,31,39,28
KT100ED,14,5,9,6
KT100EG,69,26,43,29
KT100EH,39,18,21,16
KT100EJ,4,1,3,3
KT100EL,114,59,55,37
KT100EN,29,15,14,9
KT100EP,47,21,26,19
KT100EQ,49,24,25,19
KT100ER,59,28,31,22
KT100ES,104,53,51,36
KT100ET,29,15,14,12
KT100EU,89,40,49,35
KT100EW,9,5,4,4
KT100EX,24,12,12,10
KT100EY,39,19,20,13
KT100GJ,9,4,5,3
KT100HA,18,9,9,6
KT100HB,80,44,36,24
KT100HD,8,4,4,3
KT100HE,36,16,20,12
KT100HF,35,13,22,28
KT100HG,53,25,28,22
KT100HH,41,21,20,17
KT100HJ,51,22,29,26
KT100HL,61,30,31,19
KT100HP,47,25,22,27
KT100HQ,93,47,46,27
KT100HR,59,27,32,25
KT100HS,39,20,19,15
KT100HT,35,14,21,13
KT100HU,100,46,54,37
KT100HW,19,9,10,8
KT100HX,9,5,4,4
KT100HY,30,17,13,8
KT100HZ,66,33,33,26
KT100JD,28,8,20,21
KT100JF,23,16,7,8
KT100JG,8,4,4,5
KT100JH,18,8,10,8
KT100JJ,10,4,6,4
KT100JL,6,4,2,2
KT100JN,12,6,6,6
KT100JP,34,17,17,10
KT100JQ,14,7,7,11
KT100JR,60,32,28,24
KT100JS,48,29,19,17
KT100JT,14,6,8,10
KT100JU,16,5,11,5
KT100JW,15,8,7,8
KT100JX,43,20,23,14
KT100JY,34,14,20,12
KT100JZ,68,36,32,31
KT100LA,74,31,43,27
KT100LB,79,41,38,29
KT100LD,14,9,5,6
KT100LE,86,38,48,32
KT100LF,83,38,45,40
KT100LG,93,52,41,38
KT100LH,52,27,25,24
KT100LJ,105,48,57,44
KT100LL,72,36,36,28
KT100LN,28,13,15,10
KT100LQ,67,32,35,29
KT100LR,28,11,17,20
KT100LT,18,8,10,5
KT100LU,81,38,43,28
KT100LX,15,7,8,4
KT100LY,20,9,11,7
KT100LZ,5,1,4,1
KT100NA,14,7,7,6
KT100NB,54,26,28,22
KT100ND,107,52,55,32
KT100NE,40,19,21,15
KT100NF,5,3,2,2
KT100NG,72,31,41,25
KT100NH,5,2,3,2
KT100NJ,92,39,53,40
KT100NL,77,40,37,29
KT100NN,14,8,6,6
KT100NP,8,4,4,3
KT100NS,23,13,10,7
KT100NU,38,21,17,15
KT100NW,83,29,54,65
KT100NX,13,6,7,6
KT100PD,31,15,16,15
KT100PE,13,6,7,8
KT100PF,85,41,44,37
KT100PJ,48,22,26,19
KT100PL,70,32,38,23
KT100PN,47,25,22,17
KT100PP,24,11,13,7
KT100PQ,79,37,42,27
KT100PR,31,10,21,18
KT100PS,9,6,3,4
KT100PW,49,22,27,17
KT100PX,21,13,8,6
KT100PY,38,21,17,15
KT100QA,54,29,25,17
KT100QB,51,28,23,18
KT100QD,69,38,31,26
KT100QE,73,32,41,31
KT100QF,24,11,13,10
KT100QG,18,9,9,8
KT100QH,94,44,50,30
KT100QJ,78,42,36,25
KT100QL,73,32,41,20
KT100QQ,76,37,39,25
KT100QR,41,23,18,19
KT100QS,3,2,1,2
KT100QT,3,0,3,1
KT100QU,53,28,25,17
KT100QX,85,34,51,28
KT100QY,36,18,18,20
KT100RA,35,15,20,13
KT100RB,9,4,5,4
KT100RD,7,5,2,3
KT100RE,30,13,17,12
KT100RF,63,32,31,23
KT100RG,86,41,45,29
KT100RN,8,4,4,3
KT100RP,20,6,14,9
KT100RQ,139,76,63,22
KT100RR,23,9,14,14
KT100RS,30,15,15,15
KT100RT,64,33,31,27
KT100RU,42,18,24,19
KT100RX,62,28,34,19
KT100RY,48,26,22,15
KT100RZ,85,48,37,26
KT100SA,72,32,40,25
KT100SB,15,5,10,6
KT100SH,41,22,19,14
KT100SP,51,29,22,23
KT100SR,59,31,28,24
KT100SS,3,2,1,1
KT100TA,6,2,4,3
KT100TB,9,4,5,2
KT100TD,41,19,22,13
KT100TE,73,37,36,20
KT100TF,68,35,33,24
KT100TG,52,27,25,20
KT100TH,28,14,14,9
KT100TJ,28,16,12,9
KT100TN,8,4,4,3
KT100TP,13,6,7,5
KT100TQ,23,12,11,8
KT100TT,27,12,15,10
KT100TU,50,24,26,18
KT100TX,44,21,23,18
KT100TY,8,5,3,2
KT100TZ,71,36,35,24
KT100UA,18,7,11,8
KT100UB,46,20,26,14
KT100UD,30,16,14,12
KT108AA,1,1,0,1
KT108AB,4,2,2,1
KT108AD,10,6,4,4
KT108AE,19,9,10,8
KT108AF,11,5,6,5
KT108AG,7,3,4,2
KT108AH,5,3,2,2
KT108AJ,29,16,13,13
KT108AL,15,6,9,6
KT108AP,51,29,22,22
KT108AQ,6,3,3,4
KT108AR,14,6,8,6
KT108AS,38,18,20,21
KT108AT,116,58,58,53
KT108AU,126,67,59,45
KT108AW,32,15,17,10
KT108AX,80,34,46,31
KT108AY,47,25,22,18
KT108AZ,59,27,32,27
KT108BA,96,43,53,34
KT108BB,48,24,24,24
KT108BD,25,12,13,7
KT108BE,29,13,16,12
KT108BF,11,5,6,8
KT108BG,122,58,64,42
KT108BN,32,17,15,13
KT108BP,26,12,14,10
KT108BQ,101,58,43,38
KT108BS,15,5,10,6
KT108BY,18,8,10,5
KT108BZ,36,16,20,16
KT108DA,29,12,17,9
KT108DB,101,54,47,29
KT108DD,77,34,43,26
KT108DE,64,31,33,23
KT108DF,46,25,21,18
KT108DG,56,28,28,17
KT108DH,62,29,33,23
KT108DJ,34,17,17,13
KT108DL,52,27,25,19
KT108DN,58,29,29,23
KT108DP,35,16,19,13
KT108DQ,45,24,21,13
KT108DS,8,4,4,8
KT108DT,10,6,4,3
KT108DU,84,39,45,25
KT108DW,58,29,29,25
KT108DX,30,13,17,9
KT108DY,30,13,17,12
KT108DZ,28,14,14,9
KT108EA,50,28,22,16
KT108EB,42,17,25,22
KT108ED,50,20,30,24
KT108EE,33,16,17,10
KT108EF,32,17,15,9
KT108EG,22,11,11,8
KT108EH,33,15,18,11
KT108EJ,86,42,44,26
KT108EL,34,16,18,8
KT108EN,68,32,36,18
KT108EP,74,37,37,25
KT108EQ,68,35,33,20
KT108ER,29,11,18,9
KT108EU,130,60,70,36
KT108EW,30,12,18,10
KT108EX,10,5,5,3
KT108HA,83,38,45,28
KT108HB,93,44,49,41
KT108HD,81,35,46,29
KT108HE,53,27,26,17
KT108HF,54,26,28,21
KT108HG,17,8,9,6
KT108HH,23,12,11,9
KT108HL,77,41,36,26
KT108HN,7,3,4,3
KT108HQ,73,29,44,26
KT108HW,45,21,24,16
KT108HX,97,44,53,27
KT108HY,32,18,14,11
KT108JA,21,14,7,7
KT108JB,98,52,46,32
KT108JD,61,32,29,23
KT108JE,64,34,30,21
KT108JF,96,49,47,29
KT108JG,77,42,35,25
KT108JH,3,1,2,1
KT108JJ,29,15,14,9
KT108JL,55,26,29,22
KT108JN,21,13,8,9
KT108JP,32,14,18,14
KT108JQ,127,66,61,35
KT108JR,19,8,11,7
KT108JS,4,2,2,1
KT108JU,7,3,4,3
KT108JW,9,4,5,4
KT108JY,12,7,5,4
KT108JZ,30,15,15,13
KT108LA,55,21,34,23
KT108LB,22,7,15,12
KT108LD,52,24,28,20
KT108LE,10,5,5,4
KT108LF,71,32,39,37
KT108LG,38,16,22,16
KT108LH,65,32,33,22
KT108LJ,48,16,32,24
KT108LL,15,6,9,8
KT108LN,68,26,42,31
KT108LP,28,13,15,14
KT108LQ,23,9,14,12
KT108LR,4,2,2,2
KT108LT,14,8,6,6
KT108LU,14,7,7,5
KT108LW,15,8,7,6
KT108LX,10,4,6,4
KT108LY,2,1,1,1
KT108LZ,5,3,2,2
KT108NB,24,10,14,11
KT108ND,12,6,6,4
KT108NE,43,17,26,33
KT108NL,15,7,8,9
KT108NN,18,11,7,9
KT108NP,55,24,31,34
KT108NR,20,9,11,13
KT108NS,31,15,16,21
KT108NT,53,26,27,23
KT108NU,19,11,8,15
KT108NX,57,29,28,21
KT108NY,40,22,18,13
KT108PA,12,6,6,4
KT108PB,37,21,16,12
KT108PD,52,28,24,17
KT108PE,3,2,1,1
KT108PF,5,4,1,2
KT108PG,73,38,35,27
KT108PJ,4,2,2,1
KT108PQ,70,33,37,24
KT108PS,95,49,46,32
KT108PT,16,8,8,6
KT108PU,56,27,29,15
KT108PX,12,7,5,3
KT108PY,35,19,16,12
KT108QA,76,36,40,28
KT108QB,9,2,7,4
KT108QD,69,31,38,28
KT108QF,21,11,10,8
KT108QG,73,33,40,27
KT108QH,57,29,28,16
KT108QQ,47,21,26,18
KT108QS,11,8,3,9
KT109AA,22,13,9,11
KT109AB,16,6,10,6
KT109AD,20,11,9,12
KT109AG,17,8,9,5
KT109AH,8,4,4,2
KT109AL,22,13,9,10
KT109AN,2,1,1,1
KT109AP,3,1,2,1
KT109AQ,15,5,10,3
KT109AS,74,39,35,25
KT109AT,21,12,9,7
KT109AU,50,21,29,18
KT109AW,6,3,3,2
KT109AX,66,37,29,22
KT109AY,102,52,50,37
KT109AZ,66,30,36,24
KT109BA,85,42,43,30
KT109BB,62,33,29,22
KT109BD,34,19,15,12
KT109BE,72,35,37,22
KT109BF,18,9,9,9
KT109BG,59,29,30,18
KT109BJ,29,11,18,16
KT109BS,16,8,8,7
KT109BT,39,22,17,14
KT109BU,10,5,5,6
KT109BY,11,6,5,5
KT109BZ,6,4,2,2
KT109DB,7,2,5,2
KT109DD,52,27,25,18
KT109DE,73,35,38,26
KT109DF,48,23,25,18
KT109DG,52,29,23,18
KT109DH,71,33,38,31
KT109DJ,11,4,7,7
KT109DL,18,7,11,5
KT109DN,66,36,30,22
KT109DP,48,20,28,32
KT109DQ,59,26,33,21
KT109DR,13,7,6,6
KT109DS,27,15,12,6
KT109DT,16,8,8,9
KT109DU,29,15,14,12
KT109DW,16,6,10,8
KT109DX,29,14,15,9
KT109DY,51,23,28,19
KT109DZ,24,11,13,9
KT109EA,69,31,38,27
KT109EB,48,25,23,16
KT109EE,53,25,28,23
KT109EF,5,2,3,3
KT109EG,98,50,48,28
KT109EH,27,15,12,12
KT109EJ,36,15,21,14
KT109EL,12,6,6,5
KT109EN,27,14,13,6
KT109EQ,37,24,13,13
KT109ER,18,6,12,5
KT109ES,11,6,5,4
KT109ET,37,14,23,12
KT109EU,24,11,13,9
KT109EX,24,11,13,10
KT109EZ,41,24,17,16
KT109FB,15,7,8,7
KT109HA,29,14,15,12
KT109HB,15,7,8,4
KT109HD,56,27,29,16
KT109HE,69,27,42,13
KT109HF,45,25,20,13
KT109HG,64,33,31,22
KT109HH,6,3,3,2
KT109HJ,146,40,106,46
KT109HL,8,5,3,3
KT109HN,11,5,6,3
KT109HQ,11,6,5,5
KT109HU,32,14,18,14
KT109HX,13,8,5,4
KT109HY,7,4,3,4
KT109HZ,62,32,30,21
KT109JB,16,7,9,5
KT109JD,61,34,27,23
KT109JE,15,7,8,7
KT109JF,38,19,19,24
KT109JH,16,7,9,9
KT109JJ,3,1,2,1
KT109JL,3,1,2,1
KT109JN,3,3,0,2
KT109JP,42,19,23,12
KT109JQ,3,1,2,1
KT109JR,41,23,18,15
KT109JW,51,24,27,16
KT109LB,21,9,12,9
KT109LF,15,6,9,9
KT109LG,12,8,4,7
KT109LH,11,4,7,6
KT109LJ,14,7,7,5
KT109LL,54,28,26,23
KT109LN,4,2,2,2
KT109LQ,1,0,1,1
KT109LR,6,2,4,2
KT109LS,11,4,7,5
KT109LT,26,13,13,10
KT109LU,56,25,31,20
KT109LX,13,7,6,5
KT109LZ,19,10,9,7
KT109NA,35,14,21,9
KT109NB,43,21,22,15
KT109NE,22,12,10,6
KT109NG,15,7,8,5
KT109NH,18,10,8,6
KT109NJ,8,2,6,4
KT109NN,30,16,14,9
KT109NP,18,9,9,9
KT109NT,39,17,22,15
KT109NU,82,38,44,27
KT109NX,36,15,21,12
KT109NZ,26,13,13,16
KT109PA,8,3,5,2
KT109PB,45,20,25,13
KT109PD,82,39,43,22
KT109PE,28,16,12,10
KT109PF,43,23,20,13
KT109PG,113,53,60,43
KT109PJ,12,6,6,4
KT109PP,24,12,12,7
KT109PR,10,6,4,3
KT109PW,25,12,13,9
KT109PX,24,7,17,14
KT109QD,1,0,1,1
KT109QE,1,1,0,1
KT109QH,4,2,2,4
KT109QJ,6,3,3,2
KT109QL,14,7,7,8
KT109QS,18,11,7,12
KT109QY,4,2,2,2
KT109RG,3,1,2,2
KT109RL,4,4,0,3
KT109RN,26,15,11,11
KT109RQ,17,12,5,7
KT109RT,4,2,2,2
KT109RU,11,4,7,5
KT109RW,13,8,5,7
KT109SF,29,12,17,17
KT109SL,29,19,10,14
KT109TB,58,30,28,20
KT109TD,78,41,37,26
KT109TE,16,8,8,6
KT109TF,54,25,29,20
KT109TG,90,44,46,35
KT109TH,42,23,19,18
KT109TJ,93,50,43,29
KT109TN,6,2,4,2
KT109TQ,54,30,24,19
KT109TT,35,19,16,13
KT109TU,46,25,21,15
KT109TW,23,9,14,7
KT109TY,6,2,4,4
KT109TZ,5,1,4,2
KT109UA,28,14,14,15
KT109UD,84,44,40,29
KT109UE,49,25,24,16
KT109UF,21,11,10,8
KT109UH,16,10,6,4
KT111AA,55,25,30,22
KT111AB,6,4,2,3
KT111AD,11,6,5,6
KT111AE,53,25,28,24
KT111AF,19,10,9,11
KT111AG,10,5,5,5
KT111AH,60,24,36,28
KT111AJ,65,39,26,28
KT111AL,60,30,30,20
KT111AP,62,27,35,27
KT111AQ,49,27,22,21
KT111AR,79,34,45,31
KT111AS,122,57,65,42
KT111AT,155,81,74,56
KT111AU,95,44,51,39
KT111AW,14,9,5,5
KT111AX,45,20,25,18
KT111AY,15,6,9,9
KT111AZ,14,8,6,6
KT111BA,109,51,58,47
KT111BB,107,43,64,64
KT111BD,36,19,17,22
KT111BE,29,16,13,9
KT111BF,19,9,10,5
KT111BG,33,17,16,10
KT111BH,11,6,5,5
KT111BL,94,60,34,1
KT111BN,5,1,4,2
KT111BQ,17,4,13,7
KT111BS,6,3,3,2
KT111BT,11,3,8,3
KT111BU,16,10,6,7
KT111BW,10,5,5,0
KT111BX,2,1,1,2
KT111BY,4,2,2,2
KT111BZ,63,28,35,23
KT111DD,94,43,51,39
KT111DE,57,24,33,28
KT111DF,69,34,35,28
KT111DH,42,11,31,37
KT111DJ,17,11,6,5
KT111DL,16,7,9,8
KT111DN,3,2,1,1
KT111DP,6,4,2,2
KT111DR,18,12,6,1
KT111DS,91,36,55,11
KT111DT,8,4,4,3
KT111DX,6,3,3,2
KT111DY,12,7,5,3
KT111DZ,19,9,10,7
KT111EA,15,7,8,6
KT111EB,4,2,2,2
KT111ED,2,0,2,2
KT111EE,12,4,8,5
KT111EF,45,22,23,13
KT111EG,2,1,1,1
KT111EH,3,1,2,1
KT111EL,16,9,7,5
KT111EN,13,8,5,5
KT111EP,4,2,2,1
KT111EQ,8,4,4,3
KT111ER,59,27,32,22
KT111ES,21,10,11,6
KT111ET,12,7,5,4
KT111EU,15,8,7,8
KT111EW,21,9,12,1
KT111EX,1,0,1,1
KT111EZ,4,2,2,1
KT111GA,20,9,11,14
KT111HA,4,0,4,0
KT111HB,40,21,19,10
KT111HD,4,2,2,1
KT111HG,156,76,80,47
KT111HL,151,71,80,75
KT111HN,22,10,12,14
KT111HP,37,17,20,14
KT111HQ,101,47,54,41
KT111HR,8,5,3,4
KT111HS,70,29,41,30
KT111HU,43,21,22,21
KT111HX,60,25,35,24
KT111HY,7,3,4,3
KT111HZ,25,15,10,9
KT111JB,14,5,9,7
KT111JD,47,21,26,18
KT111JH,21,13,8,8
KT111JJ,2,0,2,1
KT111JL,175,81,94,60
KT111JN,63,32,31,21
KT111JP,9,4,5,4
KT111JQ,48,22,26,20
KT111JR,73,34,39,28
KT111JS,4,2,2,2
KT111JT,6,4,2,3
KT111JU,13,6,7,4
KT111JW,19,9,10,9
KT111JX,4,2,2,2
KT111JY,1,1,0,1
KT111JZ,24,10,14,12
KT111LA,34,20,14,17
KT111LH,19,10,9,12
KT111LJ,10,8,2,5
KT111LN,17,7,10,5
KT111LP,32,11,21,13
KT111LR,14,6,8,4
KT111LS,20,9,11,8
KT111LT,11,5,6,2
KT111LU,3,2,1,2
KT111LW,19,7,12,7
KT111LX,4,2,2,1
KT111LY,4,2,2,2
KT111LZ,5,2,3,2
KT111NA,17,9,8,7
KT111NB,15,8,7,4
KT111ND,1,1,0,1
KT111NE,8,4,4,3
KT111NF,2,1,1,1
KT111NG,2,1,1,1
KT111NH,5,3,2,2
KT111NJ,17,10,7,6
KT111NL,2,1,1,1
KT111NN,28,13,15,15
KT111NP,56,27,29,24
KT111NQ,8,5,3,3
KT111NR,3,1,2,2
KT111NW,63,33,30,28
KT111PG,2,1,1,1
KT111PH,2,1,1,1
KT111PJ,13,8,5,3
KT111PL,4,2,2,1
KT111PQ,23,13,10,8
KT112AA,41,24,17,15
KT112AB,16,7,9,7
KT112AD,5,2,3,4
KT112AE,15,8,7,8
KT112AF,57,26,31,31
KT112AG,61,32,29,25
KT112AH,54,25,29,32
KT112AJ,34,15,19,22
KT112AL,9,5,4,5
KT112AN,17,8,9,10
KT112AP,32,12,20,12
KT112AQ,96,37,59,23
KT112AR,69,33,36,26
KT112AS,95,47,48,38
KT112AT,110,63,47,45
KT112AU,37,8,29,17
KT112AW,30,16,14,12
KT112AX,132,64,68,45
KT112AZ,64,31,33,30
KT112BA,66,31,35,30
KT112BB,75,32,43,27
KT112BD,19,8,11,8
KT112BE,46,19,27,11
KT112BF,14,6,8,3
KT112BG,7,4,3,5
KT112BH,88,43,45,33
KT112BP,16,10,6,5
KT112BQ,9,5,4,3
KT112BS,16,8,8,4
KT112BT,76,40,36,28
KT112BU,23,9,14,7
KT112BW,13,8,5,5
KT112BX,32,16,16,11
KT112BY,7,3,4,3
KT112BZ,18,9,9,9
KT112DA,23,10,13,9
KT112DB,9,2,7,2
KT112DD,30,16,14,10
KT112DE,25,11,14,10
KT112DF,21,11,10,6
KT112DG,30,17,13,12
KT112DH,18,8,10,6
KT112DJ,34,15,19,12
KT112DL,53,28,25,18
KT112DN,126,72,54,36
KT112DP,6,3,3,2
KT112DQ,12,5,7,5
KT112DR,12,8,4,4
KT112DS,31,13,18,11
KT112DT,3,2,1,1
KT112DU,198,90,108,75
KT112DW,15,8,7,4
KT112DX,49,28,21,16
KT112DY,8,2,6,5
KT112DZ,56,24,32,19
KT112EA,32,15,17,10
KT112EB,19,9,10,6
KT112ED,13,6,7,7
KT112EE,28,16,12,7
KT112EF,29,12,17,9
KT112EG,27,13,14,9
KT112EH,7,3,4,2
KT112EJ,4,2,2,2
KT112EL,61,35,26,22
KT112EN,89,40,49,32
KT112EP,51,28,23,17
KT112EQ,33,17,16,10
KT112ER,65,32,33,21
KT112ES,78,67,11,0
KT112ET,63,36,27,21
KT112EU,46,21,25,13
KT112EW,25,15,10,8
KT112EX,25,14,11,11
KT112EY,46,19,27,14
KT112EZ,62,31,31,23
KT112GN,6,4,2,2
KT112HA,29,16,13,9
KT112HB,45,20,25,14
KT112HF,19,9,10,6
KT112HH,13,10,3,3
KT112HJ,108,55,53,30
KT112HL,81,40,41,29
KT112HP,94,46,48,37
KT112HQ,20,10,10,13
KT112HR,53,20,33,29
KT112HS,44,24,20,14
KT112HT,36,17,19,12
KT112HU,40,19,21,13
KT112HX,38,21,17,13
KT112HY,19,10,9,6
KT112HZ,9,4,5,4
KT112JA,58,31,27,21
KT112JB,60,26,34,19
KT112JD,16,7,9,7
KT112JE,37,19,18,10
KT112JF,32,15,17,10
KT112JG,18,8,10,6
KT112JH,49,20,29,13
KT112JJ,37,18,19,13
KT112JL,12,4,8,5
KT112JP,16,7,9,5
KT112JQ,44,21,23,13
KT112JS,10,5,5,3
KT112JW,68,38,30,21
KT112JX,16,9,7,6
KT112JY,25,12,13,7
KT112JZ,6,4,2,4
KT112LA,11,3,8,6
KT112LD,80,38,42,31
KT112LE,32,15,17,13
KT112LF,100,46,54,40
KT112LG,59,29,30,26
KT112LH,53,27,26,26
KT112LJ,77,36,41,31
KT112LL,7,2,5,3
KT112LN,12,6,6,3
KT112LQ,31,18,13,13
KT112LS,41,22,19,20
KT112LT,11,6,5,3
KT112LU,53,20,33,48
KT112LW,52,21,31,25
KT112LX,56,20,36,48
KT112LY,4,3,1,3
KT112NA,51,25,26,18
KT112NB,7,4,3,5
KT112ND,79,36,43,34
KT112NE,58,25,33,26
KT112NF,51,25,26,20
KT112NG,34,17,17,12
KT112NH,12,7,5,3
KT112NJ,69,32,37,23
KT112NL,72,35,37,24
KT112NN,90,46,44,31
KT112NP,18,10,8,10
KT112NQ,33,17,16,10
KT112NR,27,14,13,8
KT112NT,32,19,13,9
KT112NY,19,9,10,7
KT112NZ,37,21,16,25
KT112PA,46,23,23,14
KT112PB,28,13,15,11
KT112PE,38,21,17,13
KT112PF,42,19,23,14
KT112PG,65,33,32,25
KT112PH,54,26,28,17
KT112PJ,39,21,18,12
KT112PL,14,7,7,5
KT112PN,21,10,11,8
KT112PP,27,9,18,13
KT112PQ,26,16,10,9
KT112PR,69,32,37,21
KT112PS,16,7,9,8
KT112PT,29,13,16,13
KT112PU,68,36,32,24
KT112PW,37,19,18,13
KT112PX,43,23,20,11
KT112QA,15,4,11,5
KT112QD,7,4,3,3
KT112QF,3,1,2,1
KT112QG,73,41,32,22
KT112QH,74,38,36,26
KT112QJ,68,35,33,24
KT112QL,49,26,23,17
KT112QN,67,32,35,24
KT112QP,65,31,34,20
KT112QQ,7,4,3,2
KT112QR,54,23,31,18
KT112QS,12,5,7,6
KT112QT,39,22,17,14
KT112QU,37,19,18,15
KT112QW,53,27,26,22
KT112QX,30,16,14,10
KT112QY,31,15,16,13
KT112RA,9,4,5,2
KT112RB,10,3,7,7
KT112RD,3,1,2,3
KT112RG,44,25,19,14
KT112RH,78,38,40,26
KT112RJ,81,36,45,28
KT112RL,23,12,11,8
KT112RN,30,16,14,11
KT112RP,45,25,20,15
KT112RQ,5,3,2,2
KT112RR,55,33,22,16
KT112RS,71,33,38,23
KT112RT,51,28,23,16
KT112RU,75,34,41,23
KT112RW,25,13,12,9
KT112RZ,20,10,10,13
KT112SE,56,31,25,20
KT112SF,83,40,43,28
KT112SG,74,30,44,29
KT112SH,3,2,1,1
KT112SJ,59,30,29,19
KT112SN,20,9,11,6
KT112SP,69,33,36,28
KT112SQ,82,40,42,29
KT112SR,45,20,25,14
KT112SS,57,26,31,26
KT112ST,12,7,5,5
KT112SU,40,17,23,17
KT112SW,25,12,13,8
KT112SX,37,18,19,13
KT112SY,39,19,20,15
KT112SZ,39,24,15,13
KT112TA,5,2,3,3
KT112TD,14,5,9,6
KT112TF,12,4,8,4
KT112TG,26,12,14,8
KT112TH,15,3,12,11
KT112TL,2,1,1,1
KT112TN,68,32,36,29
KT112TQ,58,23,35,36
KT112TS,4,2,2,1
KT112TT,8,4,4,4
KT112TW,36,12,24,24
KT113AA,71,35,36,22
KT113AB,66,29,37,23
KT113AD,5,2,3,2
KT113AE,43,18,25,17
KT113AF,2,1,1,1
KT113AH,10,6,4,2
KT113AJ,23,10,13,10
KT113AL,14,6,8,4
KT113AQ,28,10,18,16
KT113AR,22,11,11,7
KT113AS,60,20,40,11
KT113AU,66,34,32,23
KT113AX,78,39,39,26
KT113AZ,48,25,23,16
KT113BA,52,29,23,17
KT113BB,8,3,5,2
KT113BD,23,9,14,8
KT113BE,32,20,12,12
KT113BF,9,4,5,5
KT113BG,4,2,2,2
KT113BH,14,6,8,5
KT113BJ,8,4,4,3
KT113BL,8,5,3,2
KT113BN,53,29,24,22
KT113BP,68,34,34,25
KT113BQ,17,8,9,6
KT113BS,109,55,54,47
KT113BT,9,4,5,4
KT113BW,26,14,12,13
KT113BX,87,41,46,29
KT113BY,120,58,62,55
KT113DE,32,12,20,18
KT113DG,17,7,10,9
KT113DH,4,2,2,3
KT113DP,2,0,2,2
KT113DQ,13,9,4,7
KT113DX,5,2,3,1
KT113DY,2,1,1,1
KT113EF,8,2,6,4
KT113EG,21,10,11,10
KT113EH,5,2,3,3
KT113EJ,12,5,7,5
KT113EQ,20,9,11,10
KT113EZ,89,39,50,41
KT113HA,9,7,2,8
KT113HB,34,17,17,13
KT113HD,16,11,5,6
KT113HE,4,1,3,2
KT113HF,7,4,3,2
KT113HG,4,2,2,2
KT113HJ,11,5,6,5
KT113HL,22,12,10,14
KT113HN,27,10,17,16
KT113HP,21,8,13,11
KT113HQ,86,42,44,39
KT113HR,26,15,11,11
KT113HS,11,5,6,3
KT113HT,9,3,6,4
KT113HU,30,14,16,12
KT113HW,35,16,19,12
KT113HX,3,0,3,3
KT113HY,18,8,10,7
KT113HZ,79,40,39,33
KT113JA,48,22,26,20
KT113JB,52,26,26,19
KT113JD,52,24,28,21
KT113JE,61,32,29,28
KT113JS,3,1,2,1
KT113JT,6,3,3,1
KT113JU,2,1,1,1
KT113JX,6,2,4,2
KT113JY,1,1,0,1
KT113JZ,17,7,10,9
KT113LA,2,1,1,1
KT113LB,10,6,4,4
KT113LD,12,7,5,9
KT113LE,5,3,2,3
KT113LN,6,3,3,3
KT113LP,7,3,4,4
KT113LR,1,0,1,1
KT113LS,5,3,2,2
KT113LT,2,2,0,1
KT113LU,7,3,4,3
KT113LW,9,5,4,4
KT113LY,1,0,1,1
KT113LZ,41,14,27,8
KT113NA,2,1,1,1
KT113NB,4,3,1,2
KT113ND,4,3,1,2
KT113NE,12,7,5,5
KT113NF,11,5,6,6
KT113NG,7,4,3,2
KT113NH,10,3,7,6
KT113NJ,9,5,4,3
KT113NL,10,4,6,3
KT113NN,10,6,4,5
KT113NP,40,20,20,15
KT113NQ,7,3,4,2
KT113NR,77,45,32,38
KT113NS,41,18,23,22
KT113NT,20,9,11,10
KT113NU,23,13,10,11
KT113NW,8,6,2,3
KT113NX,12,5,7,5
KT113NY,9,6,3,4
KT113PB,7,4,3,2
KT113PD,12,4,8,5
KT113PE,7,4,3,3
KT113PS,8,3,5,3
KT113PT,17,10,7,6
KT113PU,26,17,9,10
KT113PW,1,1,0,1
KT113PX,19,12,7,8
KT113PY,10,3,7,3
KT113PZ,2,1,1,1
KT113QA,9,3,6,3
KT113QB,1,1,0,0
KT113QD,7,5,2,3
KT113QE,7,3,4,4
KT113QF,4,3,1,1
KT113QG,11,5,6,3
KT113QH,9,5,4,2
KT113QJ,10,7,3,3
KT113QL,6,3,3,3
KT113QQ,62,29,33,0
KT121AA,21,15,6,11
KT121AB,53,14,39,49
KT121AE,1,0,1,1
KT121AF,24,17,7,10
KT121AG,19,10,9,12
KT121AH,7,2,5,2
KT121AJ,5,2,3,3
KT121AN,61,32,29,27
KT121AP,15,8,7,6
KT121AR,4,1,3,2
KT121AS,28,15,13,16
KT121AU,34,19,15,15
KT121AW,16,7,9,9
KT121AX,39,18,21,20
KT121AZ,29,14,15,17
KT121BA,54,21,33,22
KT121BB,40,24,16,19
KT121BE,35,17,18,22
KT121BG,34,17,17,21
KT121BH,14,9,5,8
KT121BJ,85,46,39,27
KT121BL,61,27,34,21
KT121BN,74,34,40,24
KT121BY,17,11,6,8
KT121BZ,10,4,6,4
KT121DA,5,3,2,5
KT121DG,18,5,13,8
KT121DH,6,3,3,4
KT121DJ,9,6,3,3
KT121DN,15,6,9,4
KT121DP,37,22,15,26
KT121DX,16,9,7,5
KT121DY,10,5,5,4
KT121EE,49,23,26,17
KT121EF,41,20,21,16
KT121EG,44,18,26,17
KT121EH,55,23,32,16
KT121EJ,46,21,25,18
KT121EL,70,36,34,22
KT121EN,31,16,15,13
KT121EP,7,2,5,2
KT121EQ,41,21,20,11
KT121ER,41,19,22,18
KT121ES,9,3,6,3
KT121ET,20,13,7,8
KT121EU,87,42,45,27
KT121EW,57,26,31,21
KT121EX,42,21,21,19
KT121EY,38,16,22,12
KT121GA,95,43,52,57
KT121GB,107,54,53,66
KT121GD,115,60,55,70
KT121GE,111,63,48,63
KT121GF,109,62,47,60
KT121GG,23,14,9,16
KT121HA,20,8,12,5
KT121HB,49,23,26,15
KT121HD,17,6,11,9
KT121HE,14,6,8,8
KT121HG,40,21,19,12
KT121HH,54,23,31,21
KT121HL,4,3,1,1
KT121HP,42,19,23,14
KT121HQ,64,35,29,33
KT121HR,28,13,15,11
KT121HS,49,24,25,19
KT121HT,19,8,11,15
KT121HU,12,6,6,7
KT121HW,8,4,4,3
KT121HX,2,1,1,1
KT121HY,19,8,11,9
KT121JA,27,14,13,11
KT121JB,36,19,17,13
KT121JD,29,12,17,18
KT121JE,49,29,20,24
KT121JF,20,13,7,11
KT121JH,4,2,2,1
KT121JJ,28,11,17,4
KT121JL,63,31,32,22
KT121JN,39,21,18,13
KT121JP,27,9,18,13
KT121JR,84,39,45,33
KT121JS,3,1,2,1
KT121JT,29,14,15,10
KT121JU,46,23,23,16
KT121JW,18,8,10,8
KT121JX,6,3,3,2
KT121JY,5,2,3,2
KT121JZ,50,30,20,20
KT121LA,20,11,9,12
KT121LB,33,22,11,13
KT121LE,30,17,13,10
KT121LF,6,5,1,2
KT121LG,6,4,2,3
KT121LH,6,3,3,2
KT121LJ,21,9,12,8
KT121LL,14,6,8,4
KT121LP,48,24,24,16
KT121LQ,20,11,9,6
KT121LR,33,14,19,12
KT121LT,22,13,9,15
KT121LU,87,41,46,51
KT121LW,46,16,30,20
KT121LX,10,3,7,4
KT121NA,33,16,17,11
KT121NB,41,20,21,14
KT121ND,70,35,35,24
KT121NE,44,20,24,14
KT121NF,40,20,20,19
KT121NG,42,17,25,27
KT121NH,58,27,31,22
KT121NJ,57,29,28,35
KT121NL,64,28,36,27
KT121NN,39,24,15,16
KT121NQ,6,3,3,4
KT121NW,39,19,20,18
KT121NX,33,14,19,18
KT121NY,40,19,21,20
KT121NZ,72,36,36,38
KT121PA,61,34,27,26
KT121PB,38,18,20,16
KT121PD,52,28,24,28
KT121PE,14,5,9,11
KT121PH,3,1,2,3
KT121PL,29,11,18,15
KT121PT,35,19,16,14
KT121PU,14,8,6,7
KT121PX,66,30,36,31
KT121QB,7,3,4,4
KT121QD,1,0,1,1
KT121QP,4,4,0,3
KT121QZ,25,11,14,15
KT121RB,45,22,23,14
KT121RE,33,15,18,18
KT121RF,50,23,27,20
KT121RG,40,19,21,20
KT121RH,29,16,13,16
KT121RJ,9,5,4,5
KT121RN,21,13,8,7
KT121RW,4,3,1,3
KT121SG,22,11,11,16
KT122AA,108,47,61,36
KT122AB,37,19,18,14
KT122AD,145,63,82,53
KT122AE,65,30,35,24
KT122AF,58,29,29,18
KT122AG,73,37,36,27
KT122AH,40,19,21,12
KT122AJ,42,21,21,16
KT122AL,78,43,35,32
KT122AN,21,11,10,8
KT122AP,2,0,2,1
KT122AQ,28,12,16,14
KT122AR,14,7,7,8
KT122AT,19,10,9,7
KT122AU,30,16,14,12
KT122AW,127,58,69,42
KT122AX,8,5,3,4
KT122AY,3,1,2,2
KT122AZ,92,45,47,35
KT122BA,94,44,50,35
KT122BB,82,37,45,32
KT122BD,110,57,53,37
KT122BE,130,64,66,39
KT122BG,168,82,86,56
KT122BJ,48,26,22,18
KT122BL,68,33,35,23
KT122BN,99,48,51,35
KT122BP,67,35,32,31
KT122BQ,79,39,40,46
KT122BS,41,19,22,15
KT122BT,52,26,26,19
KT122BU,44,25,19,17
KT122BW,89,41,48,43
KT122BX,27,13,14,13
KT122BY,40,21,19,19
KT122BZ,39,16,23,23
KT122DA,30,12,18,12
KT122DB,59,28,31,23
KT122DD,40,21,19,16
KT122DE,87,42,45,33
KT122DF,55,24,31,27
KT122DG,90,45,45,31
KT122DH,131,68,63,55
KT122DJ,45,23,22,19
KT122DL,12,4,8,8
KT122DP,91,47,44,37
KT122DQ,98,56,42,44
KT122DR,81,38,43,36
KT122DS,127,65,62,46
KT122DT,26,9,17,11
KT122DU,22,11,11,9
KT122DX,17,9,8,7
KT122DY,1,1,0,1
KT122DZ,23,9,14,11
KT122EA,31,13,18,13
KT122ED,44,21,23,18
KT122EE,1,0,1,1
KT122EF,30,13,17,12
KT122EG,3,3,0,2
KT122EH,52,23,29,27
KT122EJ,14,8,6,10
KT122EL,38,24,14,27
KT122EN,43,19,24,29
KT122EP,53,24,29,25
KT122EQ,63,31,32,29
KT122ER,65,30,35,28
KT122ES,57,30,27,25
KT122ET,24,13,11,11
KT122EW,79,36,43,30
KT122EX,39,19,20,16
KT122HB,35,13,22,17
KT122HD,41,17,24,17
KT122HG,125,61,64,43
KT122HH,27,11,16,12
KT122HJ,21,10,11,7
KT122HL,42,22,20,15
KT122HN,67,32,35,27
KT122HP,78,38,40,32
KT122HQ,72,37,35,27
KT122HR,10,4,6,4
KT122HS,38,23,15,16
KT122HT,24,11,13,9
KT122HU,92,51,41,38
KT122HW,79,40,39,32
KT122HX,75,40,35,32
KT122HY,53,28,25,24
KT122JA,59,29,30,24
KT122JB,1,1,0,1
KT122JD,6,4,2,2
KT122JF,62,28,34,27
KT122JL,20,8,12,10
KT122JN,161,88,73,63
KT122JQ,30,11,19,17
KT122JR,113,53,60,32
KT122JS,125,60,65,53
KT122JT,77,38,39,30
KT122JU,77,37,40,30
KT122JW,37,16,21,16
KT122JX,79,37,42,25
KT122JY,54,30,24,24
KT122JZ,102,57,45,48
KT122LA,113,62,51,41
KT122LB,67,32,35,26
KT122LD,65,35,30,21
KT122LE,58,32,26,23
KT122LF,33,20,13,12
KT122LG,2,0,2,2
KT122LJ,195,97,98,75
KT122LN,10,5,5,6
KT122LP,96,51,45,43
KT122LQ,59,25,34,26
KT122LR,72,38,34,33
KT122LS,110,58,52,50
KT122LT,31,11,20,14
KT122LU,54,23,31,23
KT122LW,100,49,51,52
KT122LX,37,14,23,15
KT122LY,111,56,55,43
KT122LZ,55,26,29,17
KT122NA,112,49,63,41
KT122NB,77,35,42,35
KT122ND,61,27,34,33
KT122NE,49,22,27,24
KT122NF,44,18,26,22
KT122NG,29,12,17,16
KT122NH,80,36,44,37
KT122NJ,60,28,32,24
KT122NL,17,10,7,8
KT122NN,17,9,8,9
KT122NP,17,9,8,15
KT122NQ,48,22,26,23
KT122NR,101,46,55,45
KT122NS,44,23,21,20
KT122NU,17,7,10,5
KT122NW,45,22,23,14
KT122NX,36,17,19,13
KT122NY,8,4,4,6
KT122NZ,23,13,10,12
KT122PA,39,17,22,16
KT122PB,7,4,3,3
KT122PD,20,6,14,10
KT122PE,57,30,27,33
KT122PF,44,26,18,19
KT122PJ,94,44,50,63
KT122PN,9,5,4,3
KT122PP,8,4,4,3
KT122PQ,24,11,13,10
KT122PR,45,24,21,17
KT122PS,67,30,37,28
KT122PT,78,32,46,58
KT122PU,37,17,20,19
KT122PW,33,19,14,13
KT122PX,39,20,19,19
KT122PY,66,31,35,28
KT122PZ,54,26,28,19
KT122QA,101,55,46,37
KT122QB,119,54,65,67
KT122QD,11,5,6,4
KT122QE,116,49,67,54
KT122QG,21,11,10,14
KT122QN,44,24,20,25
KT122QP,23,14,9,12
KT122QS,19,10,9,7
KT122QT,50,25,25,26
KT122QY,115,56,59,42
KT122QZ,37,21,16,14
KT122RA,99,50,49,36
KT122RB,108,46,62,35
KT122RD,76,38,38,30
KT122RE,66,34,32,23
KT122RF,38,20,18,17
KT122RG,77,40,37,32
KT122RH,56,27,29,20
KT122RJ,29,13,16,11
KT122RL,30,14,16,9
KT122RQ,14,5,9,6
KT122SA,8,5,3,4
KT122SB,26,10,16,13
KT122SD,2,1,1,1
KT122SE,27,9,18,15
KT122SF,7,3,4,3
KT122SG,30,16,14,15
KT122SH,152,71,81,59
KT122SJ,65,27,38,29
KT122SL,52,26,26,25
KT122SN,54,22,32,27
KT122SP,23,9,14,11
KT122SQ,2,1,1,1
KT122SR,40,18,22,15
KT122SU,16,7,9,8
KT122SW,16,9,7,7
KT122SX,10,6,4,6
KT122SY,56,25,31,23
KT122SZ,69,31,38,27
KT122TA,56,28,28,21
KT122TB,13,5,8,9
KT122TF,10,5,5,5
KT122TG,9,3,6,4
KT122TH,19,10,9,5
KT122TX,30,13,17,15
KT122YA,87,39,48,42
KT122YB,84,39,45,37
KT122YD,88,40,48,37
KT122YE,69,37,32,32
KT122YF,24,11,13,16
KT122YG,76,37,39,39
KT122YH,72,38,34,38
KT122YQ,13,5,8,11
KT123AA,21,10,11,11
KT123AB,28,11,17,14
KT123AD,15,9,6,8
KT123AE,9,5,4,3
KT123AF,29,12,17,17
KT123AG,16,7,9,5
KT123AH,21,12,9,9
KT123AJ,23,9,14,9
KT123AL,32,14,18,12
KT123AN,26,11,15,7
KT123AP,52,26,26,21
KT123AQ,20,12,8,8
KT123AR,9,6,3,5
KT123AS,18,9,9,5
KT123AT,75,34,41,24
KT123AU,89,46,43,31
KT123AW,29,16,13,16
KT123AX,79,46,33,24
KT123AY,36,18,18,16
KT123AZ,54,25,29,20
KT123BA,41,21,20,13
KT123BB,64,28,36,22
KT123BD,49,26,23,23
KT123BE,25,14,11,11
KT123BF,16,7,9,7
KT123BG,24,10,14,10
KT123BH,85,32,53,16
KT123BP,135,63,72,53
KT123BQ,56,25,31,19
KT123BT,61,26,35,28
KT123BW,108,55,53,48
KT123BX,7,4,3,3
KT123BY,99,48,51,34
KT123BZ,12,6,6,5
KT123DA,14,8,6,5
KT123DB,64,29,35,28
KT123DD,69,34,35,25
KT123DF,25,11,14,13
KT123DG,1,1,0,1
KT123DH,52,27,25,23
KT123DJ,62,26,36,32
KT123DL,32,18,14,13
KT123DN,39,15,24,19
KT123DP,43,18,25,20
KT123DQ,25,11,14,12
KT123DR,16,9,7,8
KT123DS,43,24,19,12
KT123DT,26,11,15,10
KT123DU,24,13,11,8
KT123DW,24,10,14,11
KT123DX,10,4,6,6
KT123DZ,14,7,7,6
KT123EE,15,7,8,11
KT123EF,20,9,11,9
KT123EG,63,30,33,22
KT123EH,32,14,18,13
KT123EJ,38,19,19,17
KT123EL,7,5,2,4
KT123EN,56,23,33,25
KT123EP,82,34,48,32
KT123EQ,90,48,42,33
KT123ER,39,21,18,13
KT123ES,35,13,22,17
KT123ET,69,32,37,20
KT123EU,58,26,32,21
KT123EW,86,46,40,29
KT123EX,44,21,23,18
KT123EY,32,18,14,9
KT123EZ,100,46,54,45
KT123HA,42,20,22,18
KT123HB,76,44,32,34
KT123HD,44,20,24,17
KT123HE,101,48,53,37
KT123HF,39,17,22,13
KT123HG,5,4,1,3
KT123HH,44,21,23,17
KT123HN,28,13,15,5
KT123HP,8,3,5,3
KT123HS,70,34,36,28
KT123HT,45,24,21,15
KT123HU,32,11,21,12
KT123HX,11,7,4,3
KT123HY,84,43,41,25
KT123HZ,62,31,31,18
KT123JA,57,25,32,22
KT123JB,53,22,31,21
KT123JD,35,17,18,19
KT123JE,51,26,25,19
KT123JG,74,38,36,24
KT123JH,47,20,27,19
KT123JJ,45,17,28,23
KT123JL,46,24,22,17
KT123JN,10,6,4,6
KT123JP,88,43,45,27
KT123JQ,61,31,30,22
KT123JT,74,39,35,29
KT123JU,41,19,22,14
KT123JW,37,19,18,13
KT123JX,37,17,20,13
KT123JY,35,17,18,13
KT123JZ,38,22,16,14
KT123LA,14,6,8,6
KT123LD,1,1,0,0
KT123LE,56,28,28,21
KT123LF,94,45,49,32
KT123LG,34,19,15,16
KT123LJ,76,36,40,34
KT123LP,91,46,45,31
KT123LQ,26,9,17,11
KT123LR,42,23,19,20
KT123LS,78,32,46,29
KT123LU,11,5,6,4
KT123LW,137,65,72,34
KT123LY,45,20,25,15
KT123LZ,30,15,15,12
KT123NB,32,13,19,10
KT123ND,41,18,23,18
KT123NE,62,23,39,20
KT123NF,67,36,31,25
KT123NG,92,41,51,35
KT123NH,60,30,30,21
KT123NJ,14,7,7,6
KT123NL,6,3,3,3
KT123NN,44,18,26,18
KT123NQ,30,13,17,12
KT123NS,49,25,24,23
KT123NT,39,21,18,10
KT123NU,105,46,59,37
KT123NX,93,41,52,27
KT123NY,88,43,45,32
KT123PA,6,3,3,2
KT123PF,60,27,33,21
KT123PG,58,31,27,19
KT123PH,45,20,25,14
KT123PL,9,5,4,4
KT123PN,3,1,2,1
KT123PP,16,10,6,7
KT123PW,28,16,12,9
KT123QD,10,7,3,4
KT123QH,64,36,28,33
KT123QL,8,3,5,5
KT123QN,35,18,17,16
KT123QP,42,18,24,18
KT123QR,14,9,5,7
KT123QS,55,26,29,21
KT123QT,68,36,32,20
KT123QU,13,7,6,5
KT123QW,29,11,18,10
KT123QX,81,43,38,33
KT123QY,26,11,15,11
KT123QZ,6,5,1,4
KT123RB,68,28,40,19
KT123RD,72,38,34,27
KT123RE,75,31,44,34
KT123RG,102,51,51,40
KT123RH,21,11,10,10
KT123RJ,26,8,18,15
KT123RL,60,30,30,23
KT123RN,73,28,45,28
KT123RP,13,7,6,10
KT123RQ,8,3,5,5
KT123RX,82,43,39,41
KT123RY,81,41,40,26
KT123SA,127,64,63,42
KT123SB,37,15,22,12
KT123SD,25,12,13,9
KT123SE,21,11,10,14
KT123SH,51,25,26,21
KT123SJ,50,20,30,30
KT123SL,25,14,11,8
KT123SQ,43,21,22,17
KT123TD,104,43,61,36
KT124AA,5,3,2,2
KT124AB,44,19,25,20
KT124AD,11,6,5,3
KT124AE,66,30,36,20
KT124AF,59,28,31,19
KT124AG,23,12,11,9
KT124AH,20,10,10,7
KT124AJ,37,19,18,13
KT124AL,16,7,9,7
KT124AN,14,6,8,5
KT124AP,27,12,15,12
KT124AQ,26,14,12,14
KT124AR,9,2,7,4
KT124AS,45,24,21,19
KT124AT,6,3,3,3
KT124AU,4,3,1,1
KT124AX,3,2,1,1
KT124AY,6,2,4,2
KT124AZ,8,4,4,5
KT124BA,21,8,13,8
KT124BB,1,0,1,1
KT124BD,2,2,0,1
KT124BE,7,3,4,2
KT124BF,55,12,43,47
KT124BG,4,2,2,3
KT124BH,9,4,5,2
KT124BJ,48,25,23,13
KT124BQ,1,0,1,1
KT124BS,43,24,19,13
KT124DA,18,8,10,6
KT124DB,14,6,8,3
KT124DD,7,3,4,2
KT124DF,6,4,2,3
KT124DG,5,4,1,1
KT124DH,19,10,9,6
KT124DJ,24,8,16,16
KT124DL,16,5,11,12
KT124DN,20,5,15,17
KT124DP,7,4,3,4
KT124DQ,5,2,3,2
KT124DR,13,6,7,7
KT124DS,10,3,7,9
KT124DT,9,3,6,7
KT124DU,8,4,4,4
KT124DW,17,5,12,13
KT124DX,24,7,17,18
KT124DY,14,3,11,13
KT124DZ,20,9,11,15
KT124EA,20,6,14,18
KT124EB,13,2,11,12
KT124ED,14,5,9,11
KT124EE,24,7,17,17
KT124EF,15,8,7,14
KT124EG,2,1,1,1
KT124EH,83,22,61,3
KT124EJ,27,5,22,6
KT124EL,20,8,12,6
KT124EN,2,1,1,1
KT124EQ,13,3,10,11
KT124ET,30,15,15,15
KT124EW,9,5,4,4
KT124HB,37,18,19,19
KT124HD,98,43,55,38
KT124HE,88,48,40,32
KT124HF,101,53,48,32
KT124HH,9,5,4,6
KT124HQ,57,27,30,52
KT124HR,81,39,42,30
KT124HS,31,18,13,9
KT124HU,89,40,49,33
KT124HW,3,2,1,2
KT124HX,37,15,22,13
KT124HY,40,19,21,15
KT124HZ,16,9,7,7
KT124JA,59,28,31,31
KT124JB,17,11,6,5
KT124JE,41,20,21,14
KT124JF,62,30,32,29
KT124JG,43,19,24,24
KT124JH,14,6,8,6
KT124JJ,72,41,31,34
KT124JL,88,43,45,33
KT124JN,16,8,8,6
KT124JQ,34,18,16,16
KT124JZ,2,0,2,2
KT124LA,12,7,5,3
KT124LB,26,12,14,10
KT124LD,15,6,9,9
KT124LE,30,18,12,14
KT124LF,33,19,14,24
KT124LG,42,19,23,13
KT124LH,3,1,2,2
KT124LJ,8,4,4,5
KT124LL,4,1,3,1
KT124LN,10,6,4,4
KT124LP,36,20,16,23
KT124LQ,45,22,23,16
KT124LR,113,45,68,59
KT124LS,53,22,31,21
KT124LT,62,33,29,32
KT124LU,79,38,41,22
KT124LW,22,11,11,9
KT124LX,46,24,22,20
KT124LY,50,20,30,25
KT124LZ,7,4,3,3
KT124NA,78,41,37,33
KT124NB,47,22,25,15
KT124ND,64,33,31,27
KT124NE,97,48,49,47
KT124NF,24,11,13,8
KT124NG,67,32,35,31
KT124NQ,6,3,3,3
KT124NR,33,16,17,16
KT124NS,71,35,36,25
KT124NT,101,54,47,34
KT124NU,38,18,20,14
KT124NX,97,47,50,34
KT124NY,60,27,33,21
KT124NZ,36,18,18,17
KT124PA,47,19,28,17
KT124PB,22,13,9,7
KT124PD,48,23,25,15
KT124PE,42,22,20,17
KT124PF,55,33,22,20
KT124PG,29,15,14,12
KT124PH,22,9,13,9
KT124PJ,102,44,58,38
KT124PL,11,6,5,5
KT124PN,31,15,16,13
KT124PP,49,24,25,25
KT124PQ,20,14,6,5
KT124PR,3,1,2,2
KT124PS,10,4,6,4
KT124PT,39,21,18,12
KT124PU,51,26,25,17
KT124PW,102,43,59,36
KT124PX,59,28,31,21
KT124PY,19,6,13,8
KT124PZ,74,41,33,28
KT124QA,5,3,2,2
KT124QB,4,2,2,2
KT124QJ,47,22,25,20
KT124QN,22,13,9,8
KT124QP,54,26,28,24
KT124QR,69,33,36,32
KT124QS,23,13,10,9
KT124QT,35,22,13,14
KT124QU,41,21,20,18
KT124QW,97,43,54,36
KT124QX,46,27,19,20
KT124QY,48,27,21,19
KT124QZ,105,53,52,42
KT124RA,27,10,17,8
KT124RB,25,13,12,10
KT124RD,85,39,46,32
KT124RE,57,30,27,54
KT124RG,64,31,33,28
KT124RJ,12,4,8,8
KT124RL,10,6,4,8
KT124RN,22,11,11,10
KT124RP,54,27,27,21
KT124RQ,13,6,7,7
KT124RR,7,4,3,4
KT124RW,57,30,27,22
KT124RX,12,8,4,6
KT124SG,8,4,4,4
KT124SQ,41,23,18,15
KT125AB,4,2,2,1
KT125AE,121,60,61,53
KT125AF,7,4,3,2
KT125AJ,5,4,1,3
KT125AN,17,7,10,6
KT125AP,53,26,27,22
KT125AQ,36,18,18,19
KT125AR,48,21,27,25
KT125AS,4,1,3,2
KT125AT,56,32,24,18
KT125AU,73,34,39,28
KT125AW,24,11,13,10
KT125AX,72,32,40,25
KT125AY,66,33,33,19
KT125AZ,56,26,30,21
KT125BA,48,24,24,19
KT125BB,73,37,36,27
KT125BJ,115,51,64,36
KT125BL,27,14,13,11
KT125BN,11,6,5,4
KT125BP,43,22,21,13
KT125BS,27,14,13,9
KT125BT,23,11,12,6
KT125BU,34,19,15,8
KT125BW,7,4,3,3
KT125BX,5,2,3,2
KT125BY,38,19,19,12
KT125BZ,10,6,4,3
KT125DA,6,3,3,1
KT125DB,47,22,25,13
KT125DD,50,21,29,15
KT125DE,27,10,17,9
KT125DF,22,14,8,5
KT125DG,18,9,9,6
KT125DH,1,0,1,1
KT125DJ,3,2,1,2
KT125DL,10,4,6,2
KT125DN,19,10,9,7
KT125DQ,2,1,1,1
KT125DR,32,17,15,10
KT125DS,62,32,30,17
KT125DT,40,18,22,16
KT125DU,9,6,3,3
KT125DW,35,18,17,11
KT125DX,13,5,8,5
KT125DY,30,12,18,12
KT125DZ,6,3,3,2
KT125EA,4,2,2,1
KT125EB,38,18,20,14
KT125ED,5,3,2,1
KT125EF,10,3,7,4
KT125EP,17,8,9,6
KT125ER,82,41,41,37
KT125ES,85,42,43,31
KT125ET,7,4,3,4
KT125EU,50,26,24,24
KT125EW,23,9,14,11
KT125EX,17,6,11,5
KT125EY,19,9,10,7
KT125EZ,88,38,50,35
KT125HA,42,22,20,20
KT125HB,32,14,18,16
KT125HD,86,41,45,33
KT125HE,63,26,37,22
KT125HF,75,34,41,28
KT125HG,31,20,11,10
KT125HH,66,33,33,21
KT125HJ,37,17,20,14
KT125HL,43,25,18,21
KT125HN,41,22,19,14
KT125HP,32,15,17,10
KT125HQ,13,7,6,7
KT125HW,42,23,19,13
KT125HZ,119,61,58,60
KT125JB,14,5,9,9
KT125JD,99,45,54,46
KT125JE,23,8,15,12
KT125JF,51,22,29,22
KT125JG,68,33,35,33
KT125JH,64,28,36,27
KT125JN,23,13,10,15
KT125JQ,63,30,33,22
KT125JS,22,8,14,15
KT125JT,20,11,9,12
KT125JU,55,23,32,22
KT125JX,21,10,11,9
KT125JY,95,50,45,41
KT125LA,2,1,1,1
KT125LB,37,18,19,23
KT125LD,2,1,1,1
KT125LE,41,20,21,15
KT125LF,39,16,23,16
KT125LG,62,32,30,20
KT125LH,31,16,15,12
KT125LJ,84,41,43,30
KT125LL,63,34,29,22
KT125LN,36,18,18,19
KT125LP,34,17,17,12
KT125LQ,44,25,19,14
KT125LR,4,1,3,1
KT125LS,3,2,1,1
KT125LT,3,1,2,1
KT125LU,4,2,2,3
KT125LW,19,9,10,11
KT125ND,11,5,6,5
KT125NE,43,21,22,24
KT125NF,21,11,10,12
KT125NP,26,14,12,14
KT125NR,53,29,24,19
KT125NS,85,44,41,30
KT125NT,31,17,14,16
KT125NU,106,42,64,71
KT125NW,54,23,31,28
KT125NX,91,50,41,35
KT125NY,64,30,34,24
KT125NZ,36,20,16,12
KT125PA,59,34,25,20
KT125PB,15,9,6,6
KT125PD,39,18,21,14
KT125PE,57,26,31,16
KT125PF,33,16,17,12
KT125PG,4,2,2,2
KT125PH,78,36,42,42
KT125PJ,2,1,1,1
KT125PL,148,58,90,72
KT125PN,97,45,52,44
KT125PP,128,62,66,51
KT125PR,109,58,51,46
KT125PX,23,13,10,7
KT125PZ,63,32,31,19
KT125QA,87,44,43,30
KT125QB,77,38,39,31
KT125QE,29,13,16,13
KT125QF,49,20,29,19
KT125QG,93,44,49,37
KT125QH,10,4,6,3
KT125QJ,27,11,16,12
KT125QL,8,1,7,3
KT125QN,74,35,39,29
KT125QP,6,3,3,3
KT125QQ,99,45,54,38
KT125QT,77,29,48,37
KT125QU,27,9,18,10
KT125QW,35,12,23,15
KT125QX,9,5,4,3
KT125QY,25,9,16,9
KT125QZ,70,33,37,33
KT125RB,60,36,24,21
KT125RD,12,7,5,5
KT125RE,19,11,8,6
KT125RF,8,3,5,3
KT125RG,61,35,26,23
KT125RH,87,38,49,41
KT125RQ,86,43,43,36
KT125RU,155,76,79,52
KT125RW,20,10,10,7
KT125RX,59,27,32,24
KT130AA,10,5,5,2
KT130AB,39,24,15,23
KT130AD,17,9,8,7
KT130AE,65,34,31,30
KT130AF,11,4,7,6
KT130AG,84,39,45,28
KT130AH,14,7,7,4
KT130AJ,31,14,17,12
KT130AP,31,17,14,16
KT130AQ,79,33,46,36
KT130AR,22,13,9,13
KT130AS,33,14,19,12
KT130AT,4,3,1,1
KT130AU,6,2,4,3
KT130AW,15,8,7,9
KT130AX,38,18,20,13
KT130AY,37,14,23,29
KT130AZ,25,8,17,16
KT130BA,17,7,10,11
KT130BE,26,14,12,16
KT130BF,13,8,5,8
KT130BH,50,19,31,14
KT130BJ,54,25,29,22
KT130BL,53,19,34,24
KT130BN,108,55,53,52
KT130BP,9,3,6,3
KT130BS,49,25,24,21
KT130BU,10,4,6,7
KT130BW,26,16,10,18
KT130BY,38,22,16,15
KT130BZ,143,69,74,60
KT130DA,29,6,23,1
KT130DB,24,12,12,11
KT130DF,22,8,14,7
KT130DG,13,4,9,4
KT130DH,71,38,33,30
KT130DL,30,13,17,13
KT130DN,11,6,5,6
KT130DP,10,5,5,5
KT130DQ,27,14,13,20
KT130DR,28,11,17,10
KT130DS,25,10,15,12
KT130DT,145,73,72,77
KT130DW,26,15,11,13
KT130DX,31,14,17,11
KT130DZ,73,36,37,33
KT130EA,28,16,12,19
KT130ED,25,11,14,15
KT130EE,8,4,4,2
KT130EF,16,6,10,9
KT130EG,31,15,16,20
KT130EH,9,4,5,5
KT130EJ,6,3,3,2
KT130EL,16,8,8,6
KT130EN,17,10,7,8
KT130EP,55,23,32,19
KT130EQ,5,2,3,2
KT130ER,44,25,19,21
KT130ES,8,4,4,4
KT130ET,10,4,6,5
KT130EW,39,19,20,12
KT130EX,18,8,10,9
KT130EY,8,5,3,5
KT130HA,33,17,16,16
KT130HB,29,17,12,11
KT130HD,14,7,7,7
KT130HE,19,6,13,11
KT130HF,2,1,1,1
KT130HG,28,13,15,12
KT130HH,9,4,5,4
KT130HJ,24,13,11,11
KT130HL,5,2,3,4
KT130HN,31,15,16,11
KT130HQ,11,8,3,3
KT130HR,78,40,38,30
KT130HS,24,13,11,6
KT130HT,25,10,15,12
KT130HU,13,7,6,4
KT130HW,92,44,48,31
KT130HX,51,24,27,30
KT130HY,108,30,78,4
KT130HZ,19,8,11,13
KT130JA,21,8,13,10
KT130JB,6,2,4,3
KT130JD,35,18,17,11
KT130JF,38,19,19,15
KT130JG,3,1,2,2
KT130JH,20,13,7,11
KT130JL,27,17,10,9
KT130JN,47,26,21,20
KT130JP,23,10,13,6
KT130JR,10,4,6,4
KT130JS,5,1,4,2
KT130JT,13,5,8,4
KT130JU,14,6,8,4
KT130JW,43,23,20,17
KT130JX,20,10,10,9
KT130JY,16,10,6,8
KT130JZ,7,3,4,2
KT130LA,12,5,7,4
KT130LB,14,5,9,7
KT130LD,35,17,18,12
KT130LE,20,14,6,6
KT130LF,37,21,16,14
KT130LG,7,3,4,4
KT130LH,48,20,28,16
KT130LJ,1,0,1,1
KT130LL,4,3,1,1
KT130LQ,7,3,4,4
KT130LS,9,5,4,3
KT130LT,21,8,13,8
KT130LX,14,8,6,5
KT130LY,13,9,4,4
KT130LZ,23,10,13,9
KT130NA,57,33,24,20
KT130NB,6,3,3,3
KT130NF,38,20,18,12
KT130NG,5,2,3,1
KT130NH,11,6,5,3
KT130NJ,19,7,12,6
KT130NL,4,2,2,2
KT130NN,19,10,9,7
KT130NP,44,21,23,17
KT130NQ,7,4,3,2
KT130NR,55,27,28,22
KT130NS,8,4,4,4
KT130NT,6,3,3,1
KT130NU,23,14,9,8
KT130NW,37,17,20,10
KT130NX,30,11,19,9
KT130PA,10,7,3,3
KT130PB,23,13,10,11
KT130PE,19,8,11,13
KT130PF,30,18,12,13
KT130PG,39,19,20,19
KT130PH,16,7,9,9
KT130PJ,26,14,12,11
KT130PL,38,16,22,12
KT130PN,12,6,6,8
KT130PP,27,12,15,10
KT130PQ,2,1,1,1
KT130PR,19,8,11,8
KT130PS,55,26,29,17
KT130PT,50,23,27,18
KT130PU,46,23,23,15
KT130PW,27,12,15,12
KT130PX,10,3,7,3
KT130PY,6,3,3,3
KT130PZ,15,7,8,7
KT130QA,24,10,14,9
KT130QB,26,14,12,9
KT130QD,8,5,3,3
KT130QE,14,8,6,4
KT130QF,51,25,26,18
KT130QG,25,12,13,9
KT130QH,19,9,10,7
KT130QJ,16,9,7,7
KT130QL,16,10,6,5
KT130QP,18,10,8,6
KT130QQ,16,8,8,4
KT130QW,5,2,3,3
KT130QX,38,18,20,21
KT130QZ,5,3,2,2
KT130RA,44,21,23,16
KT130RB,13,8,5,4
KT130RD,34,18,16,11
KT130RE,27,12,15,11
KT130RF,43,19,24,17
KT130RG,35,20,15,12
KT130RJ,75,38,37,29
KT130RL,35,18,17,11
KT130RN,35,18,17,10
KT130RP,7,3,4,5
KT130RQ,57,31,26,17
KT130RR,2,1,1,1
KT130RS,35,15,20,19
KT130RU,112,53,59,36
KT130RW,16,7,9,11
KT130RX,43,21,22,22
KT130RY,28,15,13,10
KT130RZ,125,60,65,35
KT130SA,5,3,2,3
KT130SB,20,11,9,7
KT130SH,27,12,15,13
KT130SL,1,1,0,1
KT130SN,9,5,4,4
KT130SP,22,8,14,14
KT130SQ,18,8,10,5
KT130SR,11,5,6,6
KT130SS,60,27,33,24
KT130ST,70,35,35,24
KT130SU,13,8,5,3
KT130SW,56,25,31,20
KT130SX,26,15,11,10
KT130SY,128,65,63,42
KT130SZ,21,10,11,8
KT130TA,27,12,15,12
KT130TB,33,17,16,13
KT130TD,73,37,36,25
KT130TE,46,18,28,17
KT130TF,87,36,51,28
KT130TG,18,7,11,8
KT130TH,12,6,6,3
KT130TP,20,12,8,8
KT130TQ,27,14,13,8
KT130TR,15,7,8,7
KT130TW,14,4,10,4
KT130UA,53,25,28,17
KT130UB,37,18,19,16
KT130UD,67,40,27,23
KT130UE,16,8,8,6
KT130UN,28,18,10,22
KT130UU,78,35,43,43
KT130UX,63,32,31,31
KT130UY,74,33,41,35
KT130XA,71,34,37,21
KT130XD,101,44,57,48
KT130XE,53,25,28,31
KT130XH,64,36,28,25
KT130XJ,31,14,17,13
KT130XL,26,13,13,15
KT130XN,100,50,50,35
KT138AB,19,14,5,12
KT138AD,64,31,33,40
KT138AE,22,13,9,12
KT138AG,33,21,12,22
KT138AH,9,4,5,7
KT138AJ,59,24,35,23
KT138AL,37,20,17,15
KT138AN,21,11,10,7
KT138AR,4,2,2,2
KT138AS,99,47,52,41
KT138AU,7,2,5,4
KT138AW,44,20,24,23
KT138BA,25,17,8,17
KT138BB,2,0,2,1
KT138BD,36,17,19,23
KT138BE,49,12,37,44
KT138BF,55,32,23,33
KT138BJ,25,11,14,16
KT138BL,1,1,0,1
KT138BP,9,4,5,5
KT138BT,20,9,11,13
KT138BW,24,9,15,16
KT138BY,1,0,1,1
KT138DB,2,1,1,2
KT138DE,20,11,9,9
KT138DG,11,6,5,8
KT138DH,42,22,20,14
KT138DJ,2,1,1,1
KT138DL,54,29,25,31
KT138DP,2,1,1,1
KT138DQ,1,1,0,1
KT138DU,32,17,15,12
KT138DX,42,18,24,29
KT138DZ,6,5,1,5
KT138EB,117,52,65,49
KT138EE,45,22,23,13
KT138EF,38,15,23,11
KT138EJ,121,61,60,39
KT138EL,23,14,9,10
KT138EN,54,27,27,16
KT138EP,44,23,21,15
KT138EQ,41,23,18,22
KT138ER,28,13,15,10
KT138ES,49,21,28,17
KT138ET,24,13,11,7
KT138EU,34,18,16,12
KT138EW,56,30,26,17
KT138EX,19,8,11,6
KT138EY,41,24,17,14
KT138EZ,14,5,9,11
KT138FN,21,11,10,9
KT138GJ,19,8,11,11
KT138GY,2,0,2,2
KT138GZ,21,12,9,13
KT138HA,46,14,32,42
KT138HB,38,18,20,16
KT138HE,27,14,13,17
KT138HF,42,23,19,18
KT138HG,23,8,15,14
KT138HH,24,12,12,11
KT138HJ,23,7,16,23
KT138HN,20,7,13,6
KT138HP,14,5,9,7
KT138HQ,49,8,41,1
KT138HR,47,23,24,16
KT138HS,1,1,0,1
KT138HT,56,23,33,25
KT138HU,7,3,4,4
KT138HW,30,14,16,11
KT138JB,27,12,15,13
KT138JD,2,2,0,2
KT138JE,9,4,5,4
KT138JG,45,21,24,18
KT138JH,29,12,17,19
KT138JN,48,27,21,13
KT138JP,6,4,2,2
KT138JR,30,14,16,26
KT138JS,37,18,19,13
KT138JT,45,25,20,23
KT138JU,117,57,60,47
KT138JW,53,25,28,24
KT138JY,85,37,48,46
KT138LA,31,12,19,10
KT138LB,72,34,38,26
KT138LE,5,3,2,4
KT138LG,2,1,1,1
KT138LH,6,3,3,3
KT138LJ,6,3,3,4
KT138LP,33,18,15,10
KT138LQ,10,8,2,5
KT138LT,7,4,3,3
KT138LW,5,2,3,2
KT138LX,4,3,1,1
KT138LY,16,9,7,6
KT138NA,2,2,0,1
KT138NB,28,12,16,11
KT138ND,17,6,11,8
KT138NE,61,31,30,24
KT138NF,29,13,16,13
KT138NG,13,9,4,5
KT138NH,29,13,16,13
KT138NJ,15,9,6,6
KT138NN,38,19,19,16
KT138NP,10,6,4,7
KT138NQ,16,10,6,11
KT138NR,2,2,0,2
KT138NS,5,2,3,4
KT138NT,5,2,3,4
KT138NU,7,4,3,3
KT138NW,48,24,24,32
KT138NX,61,31,30,20
KT138NY,57,29,28,18
KT138NZ,39,20,19,14
KT138PA,115,53,62,48
KT138PB,43,22,21,18
KT138PD,75,36,39,27
KT138PE,51,25,26,20
KT138PF,21,7,14,11
KT138PG,79,40,39,28
KT138PH,21,10,11,8
KT138PL,26,15,11,10
KT138PN,52,25,27,18
KT138PP,72,35,37,27
KT138PQ,55,25,30,18
KT138PR,90,41,49,34
KT138PS,63,32,31,21
KT138PT,12,5,7,6
KT138PU,54,26,28,27
KT138PW,19,10,9,8
KT138PX,23,12,11,9
KT138PY,62,31,31,27
KT138PZ,29,17,12,22
KT138QB,6,4,2,2
KT138QD,72,36,36,33
KT138QE,36,15,21,21
KT138QF,53,30,23,37
KT138QG,6,2,4,5
KT138QH,23,9,14,16
KT138QQ,16,8,8,9
KT138QS,26,14,12,10
KT138QT,23,16,7,10
KT138QU,11,6,5,4
KT138QW,23,9,14,14
KT138QX,68,34,34,23
KT138QY,62,32,30,25
KT138QZ,108,51,57,31
KT138RA,82,38,44,30
KT138RB,43,18,25,28
KT138RD,54,23,31,30
KT138RF,37,20,17,24
KT138RG,45,23,22,24
KT138RH,2,1,1,1
KT138RQ,46,19,27,24
KT138RR,17,12,5,12
KT138RW,13,7,6,9
KT138RX,12,3,9,7
KT138RY,28,11,17,22
KT138SD,53,25,28,20
KT138SE,41,23,18,16
KT138SH,8,3,5,3
KT138SJ,13,6,7,5
KT138SL,24,11,13,8
KT138SN,34,17,17,12
KT138SP,22,11,11,8
KT138SQ,94,41,53,30
KT138SR,21,14,7,11
KT138SS,37,19,18,13
KT138ST,17,8,9,10
KT138SW,32,13,19,12
KT138SX,13,6,7,5
KT138TB,5,3,2,1
KT138TE,9,4,5,3
KT138TF,8,2,6,7
KT138TG,12,8,4,7
KT138TH,6,2,4,2
KT138TJ,56,33,23,26
KT138TL,2,1,1,1
KT138TP,68,39,29,26
KT138TQ,4,3,1,2
KT138TR,8,4,4,7
KT138TW,52,26,26,23
KT138TX,2,1,1,1
KT138TY,29,12,17,16
KT138TZ,20,12,8,11
KT138UF,2,1,1,1
KT138UG,13,6,7,3
KT138UL,26,11,15,14
KT138UN,19,16,3,15
KT138UP,54,24,30,21
KT138UR,35,15,20,13
KT138UT,107,57,50,51
KT138UU,13,7,6,4
KT138UW,65,37,28,21
KT138UX,76,37,39,35
KT138UZ,5,2,3,2
KT138XA,44,22,22,14
KT138XB,85,37,48,42
KT138XD,72,38,34,26
KT138XE,17,9,8,4
KT138XF,73,37,36,37
KT138XG,29,14,15,18
KT138XJ,9,3,6,4
KT138XQ,32,17,15,9
KT138XS,17,8,9,7
KT138XT,44,23,21,21
KT138XX,15,8,7,7
KT138XY,104,53,51,61
KT138XZ,1,0,1,1
KT138YA,55,24,31,26
KT138YB,47,20,27,21
KT138YD,46,24,22,18
KT138YE,30,15,15,13
KT138YF,13,6,7,8
KT138YG,36,17,19,13
KT139AA,21,11,10,16
KT139AB,64,36,28,33
KT139AD,23,9,14,15
KT139AE,24,8,16,17
KT139AF,11,2,9,4
KT139AG,47,22,25,16
KT139AJ,30,18,12,9
KT139AL,15,8,7,5
KT139AN,19,11,8,7
KT139AP,81,45,36,20
KT139AQ,8,5,3,2
KT139AR,26,12,14,10
KT139AT,35,17,18,17
KT139AU,48,24,24,17
KT139AW,37,19,18,12
KT139AX,22,11,11,6
KT139AY,90,39,51,34
KT139AZ,26,15,11,14
KT139BA,13,5,8,5
KT139BB,23,11,12,13
KT139BD,32,14,18,12
KT139BE,14,5,9,9
KT139BG,6,2,4,3
KT139BH,101,53,48,40
KT139BJ,12,7,5,9
KT139BL,15,8,7,7
KT139BN,11,3,8,3
KT139BP,28,14,14,22
KT139BQ,55,25,30,23
KT139BT,11,5,6,4
KT139BU,30,14,16,12
KT139BW,84,41,43,37
KT139BX,46,19,27,26
KT139BY,14,8,6,7
KT139BZ,33,19,14,21
KT139DB,40,16,24,27
KT139DD,10,3,7,3
KT139DF,14,4,10,9
KT139DL,18,13,5,6
KT139DN,19,7,12,7
KT139DP,53,30,23,17
KT139DQ,34,15,19,23
KT139DR,15,7,8,4
KT139DS,23,14,9,6
KT139DT,22,15,7,13
KT139DW,4,3,1,1
KT139DX,78,35,43,24
KT139DY,38,20,18,12
KT139DZ,31,14,17,17
KT139EA,93,49,44,35
KT139EB,37,20,17,11
KT139ED,50,20,30,20
KT139EE,49,26,23,17
KT139EF,69,36,33,31
KT139EG,13,8,5,4
KT139EJ,22,12,10,11
KT139EN,51,23,28,19
KT139EP,27,17,10,11
KT139EQ,88,47,41,25
KT139ER,24,14,10,8
KT139ET,17,9,8,7
KT139EU,65,32,33,24
KT139EW,26,14,12,9
KT139EY,4,3,1,1
KT139EZ,10,4,6,3
KT139GE,12,8,4,6
KT139GX,18,8,10,5
KT139HA,8,7,1,3
KT139HB,30,12,18,0
KT139HD,58,30,28,23
KT139HE,89,47,42,34
KT139HF,13,7,6,5
KT139HJ,6,3,3,4
KT139HL,16,11,5,11
KT139HN,53,23,30,20
KT139HQ,43,22,21,27
KT139HR,31,17,14,14
KT139HS,17,9,8,5
KT139HT,4,2,2,1
KT139HU,23,14,9,13
KT139HW,3,2,1,1
KT139HX,52,28,24,31
KT139HY,50,22,28,27
KT139JB,45,22,23,18
KT139JD,28,12,16,13
KT139JF,9,3,6,8
KT139JG,12,8,4,9
KT139JH,30,13,17,16
KT139JJ,8,5,3,4
KT139JL,49,19,30,17
KT139JP,27,13,14,15
KT139JQ,8,3,5,6
KT139JS,33,18,15,19
KT139JY,16,8,8,6
KT139JZ,25,13,12,7
KT139LA,8,7,1,2
KT139LB,20,10,10,12
KT139LF,32,15,17,12
KT139LG,15,7,8,7
KT139LH,6,2,4,3
KT139LJ,27,11,16,11
KT139LL,23,14,9,12
KT139LN,53,23,30,20
KT139LP,40,20,20,16
KT139LQ,41,22,19,24
KT139LR,26,13,13,9
KT139LS,49,21,28,14
KT139LT,46,23,23,15
KT139LU,13,6,7,5
KT139LW,11,8,3,4
KT139LX,38,18,20,14
KT139LZ,43,20,23,17
KT139NA,18,9,9,7
KT139NB,16,8,8,5
KT139ND,22,11,11,7
KT139NE,23,8,15,12
KT139NF,32,17,15,12
KT139NG,37,17,20,12
KT139NH,50,18,32,29
KT139NL,66,30,36,34
KT139NN,17,9,8,7
KT139NP,7,5,2,3
KT139NQ,29,13,16,11
KT139NR,15,5,10,9
KT139NS,11,5,6,5
KT139NT,11,4,7,5
KT139NU,19,10,9,8
KT139NW,12,5,7,4
KT139NX,27,13,14,11
KT139NY,44,26,18,22
KT139NZ,55,26,29,25
KT139PA,82,35,47,34
KT139PB,63,31,32,30
KT139PD,54,23,31,19
KT139PL,2,1,1,2
KT139PP,25,14,11,10
KT139PR,62,33,29,22
KT139PS,58,23,35,39
KT139PT,46,24,22,25
KT139PU,23,9,14,12
KT139PW,21,10,11,9
KT139PX,36,17,19,18
KT139PY,61,26,35,30
KT139PZ,104,51,53,29
KT139QA,34,16,18,12
KT139QB,74,36,38,36
KT139QD,51,25,26,33
KT139QE,17,9,8,6
KT139QF,26,13,13,15
KT139QG,23,11,12,20
KT139QH,45,16,29,15
KT139QJ,25,12,13,11
KT139QL,38,12,26,20
KT139QN,55,31,24,19
KT139QP,53,27,26,16
KT139QQ,27,10,17,17
KT139QR,14,6,8,5
KT139QS,35,16,19,14
KT139QU,8,4,4,3
KT139QW,41,22,19,12
KT139QX,48,23,25,24
KT139QY,18,10,8,8
KT139QZ,107,55,52,36
KT139RB,14,8,6,11
KT139RD,20,10,10,9
KT139RE,59,25,34,20
KT139RF,19,12,7,6
KT139RG,54,31,23,22
KT139RH,19,8,11,5
KT139RJ,63,37,26,21
KT139RL,67,34,33,23
KT139RN,80,40,40,28
KT139RP,46,21,25,22
KT139RQ,10,5,5,3
KT139RR,13,6,7,5
KT139RS,17,8,9,9
KT139RT,11,4,7,5
KT139RU,73,40,33,25
KT139RW,13,6,7,7
KT139RX,63,32,31,20
KT139RY,38,17,21,18
KT139RZ,15,7,8,8
KT139SA,39,21,18,13
KT139SB,54,25,29,22
KT139SD,15,10,5,9
KT139SE,13,7,6,9
KT139SF,18,9,9,11
KT139SH,14,7,7,4
KT139SN,27,13,14,7
KT139SP,15,7,8,4
KT139SQ,33,16,17,13
KT139SR,11,5,6,4
KT139SS,43,26,17,14
KT139ST,25,9,16,8
KT139SU,17,9,8,6
KT139SW,41,23,18,15
KT139SX,12,4,8,4
KT139SZ,18,8,10,5
KT139TA,23,10,13,8
KT139TB,33,19,14,9
KT139TD,36,17,19,12
KT139TE,49,29,20,13
KT139TF,19,9,10,6
KT139TG,69,35,34,20
KT139TH,46,22,24,14
KT139TJ,63,29,34,30
KT139TL,58,28,30,30
KT139TN,26,15,11,8
KT139TQ,32,14,18,11
KT139TR,42,21,21,17
KT139TT,8,4,4,3
KT139TW,28,13,15,11
KT139UE,38,14,24,6
KT139UF,15,8,7,7
KT139UG,2,2,0,1
KT139UJ,5,3,2,4
KT139UN,30,17,13,13
KT139UQ,18,13,5,11
KT139UY,23,9,14,14
KT139XF,30,15,15,18
KT139XP,44,21,23,21
KT139XQ,13,7,6,7
KT139XR,16,7,9,6
KT139XS,2,1,1,1
KT139XT,11,0,11,11
KT139XX,17,8,9,8
KT139XY,41,17,24,23
KT139XZ,20,10,10,9
KT139YA,48,24,24,20
KT139YD,11,2,9,3
KT139YF,11,5,6,4
KT139YG,43,24,19,14
KT139YH,26,12,14,12
KT139YJ,16,12,4,12
KT139YL,12,7,5,9
KT139YN,17,9,8,11
KT139YP,29,16,13,15
KT139YQ,18,12,6,12
KT139YR,19,10,9,11
KT139YW,1,0,1,1
KT139ZA,32,14,18,21
KT139ZD,18,8,10,11
KT139ZE,75,41,34,30
KT146AA,36,19,17,18
KT146AB,14,9,5,7
KT146AD,57,25,32,17
KT146AE,84,36,48,29
KT146AF,8,5,3,3
KT146AG,8,4,4,4
KT146AH,1,1,0,1
KT146AJ,83,41,42,31
KT146AL,78,35,43,32
KT146AN,79,40,39,32
KT146AP,93,44,49,39
KT146AQ,11,5,6,5
KT146AR,16,7,9,11
KT146AS,54,24,30,22
KT146AT,78,31,47,34
KT146AU,11,5,6,5
KT146AW,81,41,40,36
KT146AX,31,16,15,10
KT146AY,20,8,12,5
KT146AZ,7,4,3,4
KT146BA,8,3,5,6
KT146BD,105,63,42,57
KT146BE,59,22,37,41
KT146BF,23,9,14,12
KT146BG,37,15,22,19
KT146BH,23,2,21,21
KT146BJ,61,30,31,28
KT146BL,32,13,19,14
KT146BN,30,13,17,12
KT146BP,13,6,7,5
KT146BQ,16,7,9,8
KT146BS,34,15,19,17
KT146BT,35,16,19,17
KT146BU,47,19,28,24
KT146BW,30,17,13,15
KT146BX,9,5,4,4
KT146BY,31,16,15,16
KT146BZ,50,20,30,25
KT146DB,9,4,5,3
KT146DD,10,4,6,4
KT146DE,39,15,24,19
KT146DF,66,30,36,29
KT146DG,30,14,16,11
KT146DL,22,10,12,10
KT146DN,17,10,7,6
KT146DP,94,48,46,46
KT146DQ,15,7,8,10
KT146DR,127,57,70,52
KT146DS,40,21,19,20
KT146DT,100,54,46,38
KT146DU,31,13,18,11
KT146DW,106,53,53,46
KT146DX,75,32,43,36
KT146DY,60,29,31,27
KT146DZ,46,22,24,20
KT146EB,3,1,2,1
KT146ED,15,8,7,6
KT146EE,15,6,9,8
KT146EG,69,37,32,29
KT146EH,14,9,5,5
KT146EL,41,17,24,15
KT146EN,74,31,43,36
KT146EQ,15,6,9,9
KT146ER,30,15,15,15
KT146EU,5,2,3,2
KT146EY,24,10,14,9
KT146HA,36,17,19,11
KT146HB,51,23,28,16
KT146HE,74,34,40,32
KT146HF,25,6,19,24
KT146HJ,45,22,23,22
KT146HP,8,3,5,4
KT146HR,25,11,14,11
KT146HS,9,4,5,6
KT146HT,13,7,6,5
KT146HU,45,24,21,19
KT146HW,20,12,8,6
KT146HX,37,18,19,14
KT146HY,25,14,11,9
KT146HZ,23,8,15,14
KT146JA,7,3,4,2
KT146JB,69,37,32,24
KT146JD,39,19,20,13
KT146JE,24,12,12,10
KT146JF,23,10,13,8
KT146JG,74,26,48,12
KT146JH,63,27,36,21
KT146JJ,32,16,16,10
KT146JL,29,14,15,10
KT146JN,47,23,24,14
KT146JP,15,5,10,5
KT146JQ,25,15,10,11
KT146JS,33,19,14,20
KT146JT,9,5,4,6
KT146JU,2,1,1,1
KT146JW,36,18,18,13
KT146LB,2,1,1,1
KT146LE,16,6,10,5
KT146LF,19,12,7,8
KT146LG,28,12,16,17
KT146LP,4,2,2,1
KT146LR,24,15,9,15
KT146LS,4,2,2,2
KT146LT,22,12,10,6
KT146LW,12,5,7,5
KT146NB,26,15,11,16
KT146ND,4,1,3,2
KT146NE,18,11,7,11
KT146NF,36,21,15,13
KT146PB,42,22,20,12
KT146PD,9,4,5,4
KT146PE,14,8,6,6
KT146PF,18,8,10,6
KT146PG,24,11,13,7
KT146PH,20,9,11,7
KT146PJ,67,38,29,29
KT146PL,37,14,23,13
KT146PN,77,38,39,28
KT146PP,61,32,29,23
KT146PQ,25,13,12,7
KT146PR,40,20,20,14
KT146PS,19,10,9,7
KT146PT,20,10,10,7
KT146PU,54,30,24,17
KT146PW,50,23,27,22
KT146PX,83,46,37,29
KT146PZ,29,16,13,11
KT146QA,25,10,15,8
KT146QB,13,6,7,4
KT146QD,61,28,33,24
KT146QE,40,20,20,12
KT146QF,12,8,4,4
KT146QG,22,11,11,10
KT146QH,51,25,26,17
KT146QJ,38,18,20,14
KT146QL,23,10,13,8
KT146QQ,12,6,6,5
KT146QR,30,13,17,11
KT146QS,22,10,12,13
KT146QT,72,35,37,27
KT146QX,57,24,33,30
KT146QY,29,15,14,11
KT146QZ,28,14,14,10
KT146RD,9,5,4,5
KT146RE,24,10,14,9
KT146RF,20,9,11,6
KT146RG,19,10,9,9
KT146RH,9,5,4,4
KT146RJ,5,2,3,3
KT146RL,53,26,27,17
KT146RN,53,24,29,20
KT146RP,64,33,31,19
KT146RQ,21,8,13,8
KT146RR,17,7,10,5
KT146RS,17,9,8,6
KT146RT,89,48,41,27
KT146RU,22,9,13,7
KT146RW,25,13,12,8
KT146RX,13,7,6,4
KT146RZ,21,9,12,9
KT146SG,16,9,7,5
KT146SH,15,9,6,6
KT146SN,66,35,31,20
KT146SW,20,13,7,5
KT147AA,5,3,2,2
KT147AB,4,2,2,3
KT147AD,72,35,37,27
KT147AE,48,23,25,20
KT147AF,37,17,20,16
KT147AG,43,24,19,15
KT147AH,20,8,12,9
KT147AJ,12,4,8,5
KT147AL,37,17,20,18
KT147AN,87,40,47,25
KT147AP,29,13,16,15
KT147AQ,29,12,17,13
KT147AR,13,9,4,6
KT147AS,69,33,36,24
KT147AT,80,36,44,14
KT147AU,27,14,13,9
KT147AW,52,27,25,23
KT147AX,18,11,7,6
KT147AY,35,21,14,12
KT147BA,56,30,26,23
KT147BB,64,34,30,46
KT147BE,19,9,10,12
KT147BP,56,24,32,24
KT147BQ,7,3,4,4
KT147BS,1,0,1,1
KT147BT,27,12,15,17
KT147BU,60,23,37,25
KT147BW,11,5,6,5
KT147BX,16,9,7,6
KT147BY,16,8,8,8
KT147BZ,67,31,36,28
KT147DA,26,14,12,13
KT147DB,28,11,17,14
KT147DD,28,12,16,13
KT147DE,10,5,5,4
KT147DF,21,10,11,7
KT147DG,51,22,29,25
KT147DH,76,37,39,33
KT147DJ,91,43,48,38
KT147DL,11,7,4,4
KT147DN,65,33,32,22
KT147DP,21,8,13,10
KT147DQ,101,48,53,44
KT147DS,5,3,2,1
KT147DW,76,40,36,29
KT147ED,5,3,2,2
KT147EE,10,3,7,4
KT147EF,85,46,39,34
KT147EG,11,6,5,3
KT147EH,70,31,39,26
KT147EJ,71,35,36,31
KT147EL,15,7,8,7
KT147EN,103,45,58,37
KT147EP,48,25,23,16
KT147EQ,10,5,5,4
KT147ER,15,8,7,6
KT147ES,38,20,18,16
KT147ET,70,31,39,18
KT147EU,37,19,18,12
KT147EW,28,10,18,13
KT147EX,68,36,32,22
KT147EY,35,16,19,11
KT147EZ,99,52,47,27
KT147FG,22,9,13,14
KT147GA,54,28,26,19
KT147GN,8,4,4,6
KT147HA,66,31,35,19
KT147HB,36,18,18,14
KT147HD,5,2,3,3
KT147HE,38,15,23,15
KT147HH,20,11,9,8
KT147HJ,46,15,31,38
KT147HP,35,12,23,16
KT147HR,122,60,62,42
KT147HS,27,14,13,10
KT147HT,33,17,16,15
KT147HU,104,46,58,38
KT147HW,26,13,13,12
KT147HX,77,36,41,29
KT147HY,83,37,46,36
KT147HZ,16,8,8,9
KT147JA,88,44,44,38
KT147JB,62,32,30,24
KT147JD,79,39,40,32
KT147JE,66,33,33,22
KT147JF,59,28,31,21
KT147JG,20,10,10,9
KT147JJ,7,6,1,2
KT147JL,1,1,0,1
KT147JQ,18,9,9,6
KT147LB,2,1,1,1
KT147LD,13,5,8,6
KT147LF,1,1,0,1
KT147LL,9,5,4,4
KT147LN,7,3,4,6
KT147LR,61,35,26,24
KT147LS,62,33,29,30
KT147LT,96,48,48,37
KT147LU,60,29,31,23
KT147LW,30,13,17,12
KT147LX,47,23,24,16
KT147LY,43,20,23,13
KT147LZ,98,45,53,67
KT147NA,73,43,30,42
KT147ND,42,20,22,22
KT147NE,2,1,1,1
KT147NF,114,53,61,43
KT147NG,62,33,29,21
KT147NH,70,35,35,31
KT147NJ,50,24,26,19
KT147NL,60,31,29,20
KT147NN,15,5,10,9
KT147NQ,40,22,18,18
KT147NT,20,12,8,9
KT147PD,60,28,32,30
KT147PE,65,33,32,26
KT147PF,50,23,27,18
KT147PG,78,35,43,32
KT147PH,93,45,48,34
KT147PJ,94,50,44,46
KT147PL,29,15,14,11
KT147PN,88,39,49,36
KT147PP,22,10,12,8
KT147PQ,45,21,24,18
KT147PR,74,44,30,37
KT147PS,37,18,19,13
KT147PT,46,26,20,15
KT147PU,35,16,19,27
KT147PW,116,45,71,54
KT147PX,100,42,58,39
KT147PY,16,5,11,11
KT147QA,55,24,31,24
KT147QB,16,9,7,9
KT147QD,31,12,19,15
KT147QE,2,1,1,1
KT147QF,16,9,7,8
KT147QG,33,13,20,13
KT147QH,16,9,7,8
KT147QL,15,10,5,8
KT147QN,25,12,13,13
KT147QP,15,8,7,12
KT147QS,25,6,19,20
KT147QT,21,9,12,9
KT147QW,7,4,3,3
KT147QX,5,4,1,4
KT147QY,52,28,24,17
KT147QZ,23,11,12,9
KT147RB,14,6,8,6
KT147RD,14,6,8,6
KT147RE,96,51,45,30
KT147RG,20,11,9,8
KT147RH,33,16,17,12
KT147RJ,19,9,10,9
KT147RL,2,1,1,0
KT147RP,10,2,8,2
KT147RQ,10,4,6,5
KT147RR,29,13,16,12
KT147RS,21,8,13,10
KT147RT,3,1,2,2
KT147RW,49,22,27,28
KT147RX,16,9,7,8
KT147RY,52,27,25,26
KT147SF,68,30,38,28
KT147SJ,15,8,7,5
KT147SP,137,71,66,52
KT147SR,45,23,22,15
KT147SS,53,21,32,19
KT147ST,39,19,20,14
KT147SU,45,24,21,17
KT147SX,46,20,26,17
KT147SY,59,30,29,20
KT147SZ,14,8,6,5
KT147TA,96,49,47,32
KT147TB,75,34,41,29
KT147TD,56,33,23,19
KT147TE,21,11,10,9
KT147TF,57,30,27,19
KT147TG,56,29,27,21
KT147TQ,36,16,20,13
KT151AA,16,8,8,4
KT151AB,32,16,16,13
KT151AD,33,17,16,12
KT151AE,8,3,5,6
KT151AF,25,11,14,8
KT151AG,44,21,23,21
KT151AH,10,5,5,8
KT151AJ,27,10,17,11
KT151AL,75,40,35,30
KT151AN,49,19,30,19
KT151AP,23,10,13,11
KT151AQ,69,34,35,26
KT151AR,62,32,30,26
KT151AS,76,38,38,30
KT151AT,47,17,30,18
KT151AU,47,22,25,16
KT151AW,105,59,46,45
KT151AX,12,6,6,7
KT151AY,3,0,3,2
KT151AZ,33,16,17,13
KT151BB,5,1,4,2
KT151BD,27,15,12,18
KT151BF,13,5,8,10
KT151BG,7,3,4,4
KT151BH,104,46,58,39
KT151BJ,4,1,3,2
KT151BP,1,1,0,1
KT151BS,24,5,19,2
KT151BT,75,36,39,29
KT151BU,8,4,4,2
KT151BW,85,41,44,28
KT151BX,53,27,26,19
KT151BY,13,6,7,5
KT151BZ,11,5,6,4
KT151DA,8,4,4,3
KT151DB,44,21,23,20
KT151DD,35,15,20,18
KT151DE,13,7,6,6
KT151DF,23,12,11,7
KT151DG,16,11,5,6
KT151DH,58,30,28,21
KT151DJ,22,10,12,8
KT151DL,60,32,28,25
KT151DN,81,42,39,32
KT151DP,23,13,10,12
KT151DQ,20,9,11,6
KT151DR,51,24,27,25
KT151DS,6,2,4,2
KT151DT,62,29,33,27
KT151DW,11,5,6,6
KT151EF,55,24,31,19
KT151EG,61,28,33,19
KT151EH,20,9,11,8
KT151EJ,22,10,12,10
KT151EL,67,33,34,27
KT151EN,10,4,6,6
KT151EP,75,38,37,27
KT151EQ,74,36,38,27
KT151ER,17,9,8,7
KT151ES,105,54,51,42
KT151ET,87,37,50,30
KT151EW,75,32,43,25
KT151EX,9,3,6,3
KT151EY,38,12,26,8
KT151EZ,27,15,12,8
KT151HB,4,1,3,1
KT151HD,20,12,8,4
KT151HF,2,1,1,1
KT151HH,49,17,32,2
KT151HJ,23,12,11,10
KT151HL,4,2,2,1
KT151HN,86,48,38,65
KT151HQ,97,42,55,37
KT151HZ,75,38,37,35
KT151JA,87,44,43,34
KT151JB,45,18,27,20
KT151JD,44,24,20,16
KT151JE,48,25,23,15
KT151JF,110,55,55,46
KT151JG,65,32,33,25
KT151JH,19,10,9,8
KT151JJ,41,22,19,17
KT151JL,12,5,7,6
KT151JN,145,63,82,42
KT151JP,6,3,3,3
KT151JQ,28,14,14,10
KT151JR,22,13,9,5
KT151JS,6,3,3,4
KT151JT,7,3,4,4
KT151JU,7,6,1,3
KT151JX,6,1,5,4
KT151JY,6,2,4,4
KT151JZ,10,4,6,4
KT151LA,10,4,6,4
KT151LB,7,4,3,4
KT151LD,8,5,3,4
KT151LE,32,17,15,14
KT151LF,78,36,42,38
KT151LG,106,48,58,35
KT151LJ,39,20,19,18
KT151LL,22,12,10,10
KT151LN,124,56,68,52
KT151LP,84,34,50,36
KT151LQ,49,25,24,19
KT151LR,74,31,43,32
KT151LS,33,19,14,11
KT151LU,70,35,35,24
KT151LW,147,75,72,68
KT151LX,36,16,20,21
KT151LZ,78,40,38,26
KT151NA,75,37,38,23
KT151NB,27,13,14,11
KT151NF,179,100,79,80
KT151NG,8,4,4,6
KT151NH,54,29,25,23
KT151NJ,47,21,26,18
KT151NL,24,9,15,10
KT151NN,51,23,28,27
KT151NP,45,21,24,20
KT151NQ,66,31,35,25
KT151NR,27,14,13,12
KT151NS,54,24,30,21
KT151NT,17,6,11,7
KT151NU,62,28,34,25
KT151NW,73,35,38,26
KT151NX,43,21,22,18
KT151NY,2,1,1,1
KT151PF,25,16,9,15
KT151PG,73,37,36,30
KT151PH,20,9,11,11
KT151PJ,21,12,9,7
KT151PL,18,10,8,6
KT151PN,43,20,23,15
KT151PP,29,12,17,13
KT151PQ,34,15,19,16
KT151PR,21,13,8,8
KT151PS,55,31,24,18
KT151PT,2,0,2,2
KT151PW,47,23,24,16
KT151PX,51,27,24,24
KT151QA,11,4,7,5
KT151QD,58,29,29,20
KT151QE,26,14,12,9
KT151QF,29,13,16,12
KT151QG,31,12,19,14
KT151QH,49,28,21,23
KT151QJ,65,29,36,23
KT151QL,18,11,7,7
KT151QN,8,6,2,2
KT151QQ,51,21,30,21
KT151QR,72,9,63,4
KT151QT,20,10,10,8
KT151QU,81,42,39,30
KT151QW,35,14,21,16
KT151QX,33,14,19,13
KT151QY,52,21,31,21
KT151QZ,96,49,47,32
KT151RB,84,47,37,30
KT151RD,19,8,11,12
KT151RE,44,19,25,24
KT151RH,18,7,11,7
KT151RJ,23,13,10,9
KT151RL,28,14,14,21
KT151RN,25,11,14,8
KT151RR,8,6,2,2
KT151RS,21,12,9,16
KT151RT,58,28,30,20
KT151RU,36,22,14,32
KT151RX,18,9,9,8
KT151RY,57,28,29,40
KT151RZ,46,22,24,20
KT151SB,28,12,16,21
KT151SD,22,11,11,11
KT151SE,11,6,5,4
KT151SF,61,29,32,25
KT151SG,59,35,24,23
KT151SH,27,7,20,2
KT151SJ,5,1,4,1
KT151SL,17,8,9,6
KT151SN,68,30,38,30
KT151SP,67,29,38,24
KT151SQ,8,4,4,4
KT151SR,53,26,27,18
KT151SS,139,71,68,55
KT151ST,35,18,17,11
KT151SU,41,24,17,27
KT151SW,17,5,12,12
KT151SX,18,11,7,14
KT151SY,30,10,20,24
KT151TA,109,50,59,36
KT151TB,65,34,31,24
KT151TD,2,1,1,1
KT151TF,109,49,60,43
KT151TL,30,17,13,15
KT151TN,24,15,9,13
KT151TP,13,10,3,11
KT151TR,18,11,7,9
KT151TS,44,23,21,25
KT151TT,12,6,6,6
KT151TU,20,6,14,11
KT151UA,23,12,11,10
KT151UB,11,8,3,9
KT151UD,29,14,15,11
KT151UE,66,27,39,32
KT151UF,59,30,29,28
KT151UG,133,61,72,57
KT151UH,112,51,61,41
KT151UJ,72,37,35,28
KT151UL,67,29,38,29
KT151UN,51,23,28,23
KT151UP,26,12,14,12
KT151UQ,16,10,6,11
KT151UR,35,18,17,26
KT151UT,10,5,5,5
KT151UU,15,5,10,6
KT151UW,167,85,82,62
KT151UX,113,53,60,61
KT151UY,12,5,7,8
KT151UZ,11,3,8,6
KT152AB,25,13,12,12
KT152AD,53,26,27,16
KT152AF,45,25,20,16
KT152AL,7,4,3,2
KT152AN,52,29,23,27
KT152AT,37,20,17,14
KT152AW,11,6,5,6
KT152AX,83,40,43,28
KT152AY,84,28,56,58
KT152AZ,19,9,10,8
KT152BA,10,6,4,5
KT152BD,37,22,15,21
KT152BE,7,4,3,4
KT152BF,39,20,19,12
KT152BG,58,29,29,22
KT152BQ,16,6,10,8
KT152BT,27,14,13,9
KT152BX,10,3,7,8
KT152BZ,98,50,48,40
KT152DA,80,38,42,31
KT152DB,55,27,28,21
KT152DD,4,2,2,1
KT152DE,79,40,39,30
KT152DF,62,31,31,24
KT152DH,32,17,15,18
KT152DJ,20,12,8,13
KT152DN,24,13,11,11
KT152DP,105,56,49,43
KT152DQ,120,57,63,52
KT152DR,25,14,11,11
KT152DS,68,32,36,23
KT152DT,44,22,22,22
KT152DU,23,12,11,7
KT152DW,46,21,25,14
KT152DZ,102,46,56,39
KT152EA,19,13,6,9
KT152EB,65,31,34,31
KT152ED,4,4,0,4
KT152EE,45,23,22,24
KT152EF,43,24,19,23
KT152EG,22,8,14,12
KT152EH,17,11,6,6
KT152EJ,24,13,11,10
KT152EL,25,12,13,12
KT152EN,51,26,25,18
KT152EQ,8,1,7,2
KT152ER,103,54,49,38
KT152ES,90,43,47,34
KT152ET,63,31,32,24
KT152EU,34,18,16,14
KT152EW,19,9,10,5
KT152EX,28,13,15,13
KT152EY,25,14,11,10
KT152EZ,18,10,8,10
KT152FB,45,18,27,28
KT152FD,24,14,10,8
KT152FH,16,6,10,11
KT152GG,38,14,24,14
KT152GH,131,62,69,58
KT152GJ,113,52,61,51
KT152HA,45,23,22,22
KT152HF,57,28,29,24
KT152HG,26,14,12,10
KT152HH,33,15,18,15
KT152HL,101,45,56,39
KT152HP,57,28,29,38
KT152HQ,31,15,16,15
KT152HR,51,12,39,45
KT152HT,60,31,29,31
KT152HU,33,15,18,14
KT152HW,20,11,9,7
KT152HX,6,3,3,4
KT152HY,2,1,1,2
KT152HZ,83,42,41,28
KT152JA,61,37,24,20
KT152JB,52,28,24,22
KT152JD,100,50,50,35
KT152JE,50,24,26,18
KT152JF,42,20,22,16
KT152JG,39,22,17,16
KT152JH,27,12,15,11
KT152JJ,16,7,9,6
KT152JL,90,40,50,39
KT152JN,50,27,23,22
KT152JP,14,8,6,9
KT152JQ,48,21,27,18
KT152JR,67,30,37,28
KT152JS,70,32,38,33
KT152JT,17,9,8,4
KT152JU,64,30,34,31
KT152JW,27,12,15,13
KT152JX,62,31,31,39
KT152JY,76,30,46,27
KT152LD,50,29,21,24
KT152LF,32,15,17,14
KT152LG,7,3,4,4
KT152LH,16,9,7,9
KT152LJ,10,6,4,4
KT152LL,41,24,17,17
KT152LN,20,13,7,10
KT152LP,53,25,28,23
KT152LQ,37,8,29,30
KT152LR,13,8,5,8
KT152LS,17,8,9,10
KT152LT,39,22,17,18
KT152LU,37,16,21,14
KT152LW,11,4,7,7
KT152LX,37,18,19,15
KT152LY,10,3,7,4
KT152LZ,18,7,11,12
KT152NA,19,11,8,11
KT152NB,26,15,11,12
KT152ND,24,13,11,9
KT152NE,21,12,9,8
KT152NF,60,32,28,17
KT152NG,70,37,33,20
KT152NH,158,74,84,97
KT152NL,174,84,90,52
KT152NN,80,34,46,24
KT152NP,2,1,1,1
KT152NQ,4,2,2,4
KT152NR,61,27,34,15
KT152NS,3,2,1,2
KT152NU,44,7,37,38
KT152NZ,53,29,24,33
KT152PD,7,4,3,6
KT152PE,84,36,48,31
KT152PF,24,13,11,11
KT152PH,41,22,19,22
KT152PJ,68,38,30,35
KT152PL,136,72,64,64
KT152PN,13,6,7,5
KT152PQ,68,39,29,25
KT152PR,27,7,20,24
KT152PS,2,1,1,1
KT152PT,59,31,28,23
KT152PU,12,7,5,6
KT152PX,97,54,43,39
KT152PY,13,5,8,8
KT152QA,20,9,11,11
KT152QB,2,1,1,1
KT152QD,11,4,7,8
KT152QE,39,18,21,13
KT152QF,6,3,3,2
KT152QG,38,20,18,17
KT152QH,2,1,1,1
KT152QJ,18,8,10,7
KT152QL,50,28,22,22
KT152QN,10,8,2,9
KT152QQ,13,8,5,5
KT152QR,6,2,4,5
KT152QS,4,4,0,0
KT152QT,2,1,1,1
KT152QX,15,9,6,4
KT152QY,19,9,10,12
KT152QZ,33,11,22,23
KT152RA,23,8,15,17
KT152RB,38,14,24,29
KT152RD,8,3,5,5
KT152RE,33,15,18,23
KT152RF,28,12,16,16
KT152RG,61,32,29,43
KT152RJ,40,22,18,21
KT152RQ,69,32,37,48
KT152RX,43,23,20,23
KT152SA,1,1,0,1
KT152SB,4,2,2,1
KT152SD,16,9,7,6
KT152SH,3,1,2,2
KT152SJ,108,55,53,36
KT152SN,2,1,1,1
KT152SP,147,68,79,52
KT152SR,98,55,43,38
KT152SS,11,6,5,4
KT152ST,15,8,7,6
KT152SU,4,1,3,2
KT152SW,123,64,59,43
KT152SX,19,10,9,14
KT152TB,5,3,2,2
KT152TD,3,2,1,1
KT152TE,20,11,9,5
KT152TF,71,32,39,25
KT152TG,29,15,14,12
KT152TH,42,21,21,14
KT152TJ,33,15,18,12
KT152TL,106,59,47,42
KT152TN,38,12,26,17
KT152TP,17,9,8,8
KT152TQ,182,97,85,71
KT152TR,7,4,3,3
KT152TS,18,9,9,10
KT152TT,46,20,26,19
KT152TU,11,7,4,4
KT152TW,20,7,13,9
KT152TX,20,9,11,8
KT152TY,21,14,7,8
KT152TZ,63,32,31,28
KT152UA,16,9,7,6
KT152UB,74,37,37,30
KT152UD,35,19,16,21
KT152UG,14,4,10,5
KT152UQ,76,37,39,28
KT152XA,15,6,9,7
KT152XB,21,10,11,9
KT152XD,37,22,15,14
KT152XE,3,1,2,3
KT152XF,18,8,10,8
KT152XG,26,13,13,11
KT152XH,10,5,5,4
KT152XJ,48,25,23,20
KT152XL,37,19,18,17
KT152XN,38,16,22,21
KT152XP,48,26,22,22
KT152XQ,26,14,12,19
KT152XR,37,19,18,20
KT152XS,31,11,20,18
KT153AA,67,29,38,27
KT153AB,101,46,55,37
KT153AD,47,30,17,19
KT153AE,30,17,13,20
KT153AF,152,70,82,55
KT153AG,83,38,45,32
KT153AH,35,21,14,15
KT153AJ,16,7,9,6
KT153AL,20,8,12,6
KT153AN,103,43,60,36
KT153AP,37,18,19,14
KT153AQ,32,16,16,9
KT153AR,77,41,36,39
KT153AS,41,21,20,20
KT153AT,11,6,5,4
KT153AU,16,7,9,9
KT153AW,61,31,30,23
KT153AX,7,4,3,6
KT153AY,24,16,8,13
KT153AZ,12,8,4,4
KT153BB,24,12,12,11
KT153BD,86,36,50,38
KT153BE,125,62,63,52
KT153BG,127,71,56,43
KT153BH,30,13,17,9
KT153BJ,107,55,52,34
KT153BL,53,28,25,20
KT153BN,28,13,15,12
KT153BP,8,5,3,3
KT153BQ,135,68,67,47
KT153BS,92,47,45,32
KT153BT,45,19,26,25
KT153BU,73,33,40,27
KT153BW,36,11,25,11
KT153BX,55,29,26,17
KT153BY,51,26,25,21
KT153BZ,28,14,14,9
KT153DA,14,7,7,6
KT153DJ,45,24,21,17
KT153DL,13,8,5,7
KT153DN,24,12,12,8
KT153DP,43,21,22,17
KT153DR,56,29,27,18
KT153DS,24,14,10,10
KT153DT,31,13,18,8
KT153DU,43,20,23,16
KT153DW,33,20,13,11
KT153DX,26,12,14,9
KT153DY,54,29,25,20
KT153DZ,75,40,35,28
KT153EA,64,30,34,27
KT153EB,37,13,24,15
KT153ED,35,17,18,15
KT153EE,37,15,22,20
KT153EF,31,13,18,16
KT153EG,2,0,2,2
KT153EQ,30,11,19,14
KT153ES,5,2,3,4
KT153ET,126,66,60,51
KT153EU,23,12,11,12
KT153EX,54,21,33,21
KT153EY,51,26,25,27
KT153HA,24,15,9,14
KT153HD,83,41,42,30
KT153HE,100,53,47,37
KT153HF,24,12,12,8
KT153HG,79,33,46,37
KT153HH,31,18,13,12
KT153HJ,11,5,6,6
KT153HL,26,15,11,13
KT153HN,60,28,32,27
KT153HP,62,31,31,27
KT153HQ,30,18,12,14
KT153HR,44,20,24,21
KT153HS,63,30,33,30
KT153HT,42,22,20,17
KT153HX,28,17,11,19
KT153JB,134,68,66,56
KT153JD,25,12,13,12
KT153JE,3,1,2,1
KT153JH,1,1,0,1
KT153JJ,26,12,14,8
KT153JL,33,19,14,13
KT153JN,28,18,10,18
KT153JP,13,7,6,4
KT153JQ,16,7,9,8
KT153JR,10,6,4,3
KT153JS,27,11,16,13
KT153JT,51,22,29,20
KT153JU,31,14,17,14
KT153JW,36,16,20,12
KT153JX,58,27,31,24
KT153JY,27,14,13,8
KT153JZ,43,17,26,14
KT153LB,22,9,13,10
KT153LD,17,7,10,7
KT153LE,53,26,27,21
KT153LF,50,31,19,31
KT153LG,10,4,6,8
KT153LH,45,20,25,17
KT153LJ,108,61,47,40
KT153LL,65,30,35,30
KT153LN,14,7,7,7
KT153LP,49,24,25,17
KT153LW,30,13,17,25
KT153LX,40,19,21,16
KT153LY,11,5,6,5
KT153LZ,18,10,8,9
KT153NA,67,37,30,32
KT153NB,2,2,0,1
KT153ND,54,30,24,23
KT153NE,12,6,6,4
KT153NF,47,23,24,19
KT153NG,12,7,5,4
KT153NH,79,39,40,31
KT153NJ,33,19,14,9
KT153NL,84,47,37,28
KT153NN,31,12,19,14
KT153NP,23,12,11,9
KT153NQ,37,19,18,17
KT153NR,45,28,17,17
KT153NS,98,47,51,30
KT153NT,47,24,23,18
KT153NU,47,24,23,16
KT153NW,73,33,40,28
KT153NX,31,17,14,14
KT153NY,24,14,10,11
KT153NZ,62,25,37,23
KT153PB,59,31,28,27
KT153PE,30,17,13,29
KT153PF,47,23,24,16
KT153PN,41,22,19,17
KT153PP,51,25,26,20
KT153PR,4,2,2,1
KT153PS,2,1,1,1
KT153PT,2,1,1,1
KT153PU,4,3,1,2
KT153PW,28,13,15,12
KT153PX,37,18,19,16
KT153PY,33,15,18,13
KT153PZ,20,10,10,6
KT153QA,7,2,5,3
KT153QD,12,6,6,3
KT153QE,23,9,14,11
KT153QF,128,64,64,45
KT153QG,20,10,10,9
KT153QH,32,13,19,11
KT153QJ,1,1,0,1
KT153QL,10,5,5,6
KT153QN,65,35,30,28
KT153QP,13,7,6,4
KT153QQ,28,17,11,11
KT153QR,18,10,8,12
KT153QW,81,35,46,33
KT153RA,23,14,9,8
KT153RB,91,45,46,44
KT153RD,97,47,50,40
KT153RE,58,30,28,20
KT153RF,51,26,25,20
KT153RG,34,18,16,10
KT153RH,82,43,39,34
KT153RJ,138,70,68,54
KT153RL,89,42,47,33
KT153RN,87,42,45,30
KT153RQ,110,47,63,29
KT153RW,61,32,29,24
KT153SA,37,19,18,17
KT153SB,39,20,19,14
KT153SD,61,29,32,24
KT153SE,78,35,43,30
KT153SF,21,11,10,8
KT153SG,43,20,23,15
KT153SH,71,34,37,28
KT153SJ,25,14,11,12
KT153SL,49,21,28,17
KT153SN,59,30,29,28
KT153SP,34,19,15,14
KT153SQ,13,6,7,5
KT153SS,24,14,10,10
KT153ST,71,37,34,29
KT153SU,16,8,8,8
KT153SW,33,16,17,14
KT153SX,34,13,21,12
KT153TG,7,4,3,3
KT153TH,1,1,0,1
KT153TJ,26,13,13,8
KT153TL,50,27,23,20
KT153TN,28,16,12,9
KT153TP,25,14,11,13
KT153TQ,9,4,5,3
KT153TR,60,26,34,29
KT153TS,42,18,24,24
KT153TT,15,8,7,8
KT153TU,99,47,52,48
KT153TW,68,33,35,26
KT153TX,88,39,49,37
KT153TY,56,25,31,21
KT153TZ,73,35,38,27
KT153UA,91,48,43,34
KT153UB,76,37,39,30
KT153UD,80,42,38,28
KT160AA,22,13,9,7
KT160AD,30,18,12,11
KT160AE,31,13,18,9
KT160AF,8,5,3,2
KT160AG,14,8,6,7
KT160AH,9,3,6,4
KT160AJ,28,14,14,13
KT160AL,33,19,14,13
KT160AN,65,32,33,24
KT160AQ,8,3,5,3
KT160AR,4,2,2,2
KT160AS,24,14,10,9
KT160AT,66,31,35,30
KT160AW,65,37,28,24
KT160AY,16,9,7,9
KT160BH,76,43,33,28
KT160BJ,118,56,62,46
KT160BL,133,59,74,50
KT160BN,46,22,24,25
KT160BP,52,25,27,33
KT160BS,30,14,16,18
KT160BT,35,18,17,22
KT160BW,46,24,22,31
KT160DH,4,3,1,2
KT160DJ,60,27,33,20
KT160DN,28,14,14,9
KT160DP,26,13,13,10
KT160DR,6,3,3,3
KT160DU,16,8,8,5
KT160DX,12,8,4,4
KT160DZ,5,2,3,1
KT160EA,27,15,12,8
KT160EB,84,44,40,26
KT160EF,10,5,5,4
KT160EG,5,4,1,2
KT160EJ,9,4,5,3
KT160EL,28,20,8,1
KT160EN,19,11,8,6
KT160EP,17,7,10,8
KT160EQ,13,7,6,4
KT160ER,32,13,19,14
KT160ES,7,3,4,2
KT160ET,3,2,1,1
KT160EW,27,17,10,10
KT160EY,16,8,8,6
KT160GA,76,38,38,31
KT160GB,48,23,25,19
KT160GD,34,16,18,13
KT160GE,11,5,6,6
KT160GY,14,8,6,6
KT160GZ,8,3,5,3
KT160HA,56,26,30,40
KT160HB,9,4,5,6
KT160HD,108,55,53,54
KT160HE,113,58,55,43
KT160HF,22,11,11,6
KT160HG,46,19,27,17
KT160HH,41,19,22,18
KT160HJ,19,10,9,10
KT160HL,45,22,23,16
KT160HN,27,14,13,9
KT160HP,4,2,2,2
KT160HQ,21,4,17,0
KT160HR,43,18,25,16
KT160HS,4,1,3,1
KT160HT,6,4,2,3
KT160HU,44,22,22,17
KT160HW,41,20,21,16
KT160HX,21,12,9,7
KT160HY,47,21,26,18
KT160HZ,53,23,30,24
KT160JA,32,13,19,19
KT160JB,10,5,5,3
KT160JD,106,48,58,64
KT160JH,58,28,30,25
KT160JJ,15,8,7,8
KT160JL,24,14,10,4
KT160JN,11,7,4,1
KT160JP,54,28,26,40
KT160JQ,72,43,29,32
KT160JS,37,14,23,30
KT160JT,36,19,17,13
KT160JU,36,16,20,16
KT160JX,59,27,32,22
KT160JY,77,33,44,30
KT160JZ,38,21,17,14
KT160LA,8,2,6,4
KT160LB,60,26,34,25
KT160LE,45,19,26,17
KT160LF,3,1,2,0
KT160LG,84,40,44,35
KT160LH,56,29,27,19
KT160LJ,40,19,21,14
KT160LL,36,20,16,14
KT160LN,9,5,4,5
KT160LP,59,30,29,34
KT160LQ,53,30,23,25
KT160LR,96,45,51,35
KT160LS,31,15,16,10
KT160LU,11,6,5,4
KT160LW,2,0,2,2
KT160LX,32,17,15,20
KT160NA,21,9,12,5
KT160NB,23,10,13,7
KT160ND,28,14,14,11
KT160NE,61,26,35,33
KT160NF,106,51,55,28
KT160NG,59,33,26,19
KT160NH,20,9,11,10
KT160NJ,8,4,4,4
KT160NL,13,6,7,4
KT160NN,66,33,33,28
KT160NP,11,5,6,5
KT160NQ,34,16,18,15
KT160NR,9,4,5,6
KT160NS,41,18,23,22
KT160NT,86,47,39,31
KT160NU,50,22,28,21
KT160NW,20,11,9,6
KT160NX,29,12,17,14
KT160NY,20,9,11,8
KT160NZ,20,10,10,7
KT160PA,46,23,23,21
KT160PD,10,5,5,2
KT160PE,47,22,25,19
KT160PF,33,14,19,17
KT160PG,10,3,7,4
KT160PH,74,43,31,35
KT160PL,22,5,17,0
KT160PN,32,12,20,13
KT160PQ,2,1,1,1
KT160PR,28,13,15,8
KT160PX,8,3,5,2
KT160QA,6,4,2,3
KT160QB,15,8,7,4
KT160QD,14,8,6,5
KT160QE,24,13,11,12
KT160QF,10,5,5,3
KT160QG,183,87,96,78
KT160QH,17,9,8,8
KT160QL,2,1,1,1
KT160QN,6,3,3,1
KT160QP,8,4,4,2
KT160QR,20,9,11,8
KT160QS,2,1,1,1
KT160QT,5,3,2,2
KT160QU,29,14,15,11
KT160QW,25,13,12,9
KT160QX,10,4,6,7
KT160QZ,6,3,3,2
KT160RA,25,16,9,9
KT160RB,8,2,6,6
KT160RD,19,10,9,9
KT160RE,25,12,13,8
KT160RG,39,14,25,17
KT160RJ,128,55,73,55
KT160RL,78,32,46,35
KT160RN,105,46,59,49
KT160RW,86,37,49,39
KT168AA,32,15,17,14
KT168AD,9,5,4,5
KT168AG,27,5,22,25
KT168AJ,38,15,23,14
KT168AL,106,54,52,39
KT168AN,32,14,18,14
KT168AP,23,13,10,10
KT168AQ,13,7,6,10
KT168AS,33,18,15,16
KT168AT,19,10,9,10
KT168AW,9,3,6,5
KT168AY,27,14,13,13
KT168BA,4,1,3,4
KT168BB,6,2,4,5
KT168BE,71,34,37,33
KT168BF,139,68,71,54
KT168BH,16,6,10,7
KT168BJ,40,24,16,18
KT168BL,27,13,14,18
KT168BN,117,59,58,54
KT168BP,7,4,3,4
KT168BQ,16,9,7,5
KT168BS,23,7,16,13
KT168BT,20,8,12,9
KT168BU,47,25,22,27
KT168BY,110,57,53,56
KT168BZ,23,12,11,1
KT168DB,1,1,0,1
KT168DE,46,18,28,23
KT168DG,33,16,17,20
KT168DH,20,10,10,7
KT168DJ,19,15,4,6
KT168DN,14,5,9,8
KT168DP,26,13,13,11
KT168DQ,13,5,8,9
KT168DR,18,10,8,8
KT168DS,48,27,21,21
KT168DT,146,75,71,49
KT168DU,88,46,42,29
KT168DW,12,6,6,8
KT168DX,39,19,20,17
KT168DZ,45,21,24,20
KT168EA,57,30,27,18
KT168EB,113,47,66,44
KT168ED,20,8,12,9
KT168EE,115,47,68,43
KT168EF,20,9,11,8
KT168EG,10,4,6,7
KT168EH,13,7,6,6
KT168EL,50,28,22,24
KT168EN,20,11,9,9
KT168EP,99,50,49,40
KT168EQ,59,33,26,30
KT168ES,17,3,14,14
KT168EU,5,3,2,3
KT168EW,115,56,59,39
KT168EZ,23,11,12,10
KT168FB,3,1,2,1
KT168HB,5,2,3,2
KT168HD,15,7,8,5
KT168HF,7,3,4,6
KT168HH,23,9,14,8
KT168HJ,96,49,47,40
KT168HL,48,21,27,25
KT168HN,39,22,17,21
KT168HP,69,36,33,22
KT168HQ,36,21,15,16
KT168HR,30,13,17,15
KT168HS,41,20,21,17
KT168HT,29,12,17,13
KT168HU,35,16,19,22
KT168HW,55,30,25,22
KT168HX,82,42,40,31
KT168HY,18,9,9,8
KT168JA,13,7,6,9
KT168JB,34,19,15,21
KT168JD,53,27,26,27
KT168JF,50,28,22,20
KT168JG,37,18,19,12
KT168JH,5,3,2,2
KT168JJ,44,22,22,16
KT168JL,8,4,4,3
KT168JN,14,4,10,6
KT168JP,57,26,31,28
KT168JQ,67,37,30,34
KT168JR,35,16,19,13
KT168JS,29,14,15,13
KT168JT,57,21,36,25
KT168JW,64,17,47,8
KT168JY,1,1,0,1
KT168JZ,39,22,17,18
KT168LA,73,36,37,32
KT168LB,65,33,32,38
KT168LD,67,33,34,35
KT168LE,25,13,12,7
KT168LF,27,15,12,10
KT168LG,5,1,4,3
KT168LL,18,10,8,7
KT168LN,24,10,14,11
KT168LP,4,1,3,1
KT168LQ,21,12,9,12
KT168LS,24,14,10,12
KT168LU,29,11,18,15
KT168LW,13,6,7,8
KT168LX,7,4,3,6
KT168LY,9,5,4,6
KT168NA,59,32,27,33
KT168NE,50,30,20,16
KT168NF,63,28,35,22
KT168NG,103,50,53,39
KT168NH,72,32,40,34
KT168NJ,68,34,34,32
KT168NQ,101,50,51,41
KT168NS,16,8,8,6
KT168NT,54,30,24,34
KT168NW,31,16,15,12
KT168NZ,33,17,16,16
KT168PA,6,4,2,2
KT168PB,170,83,87,89
KT168PD,44,20,24,23
KT168PE,45,28,17,23
KT168PF,32,18,14,13
KT168PG,54,27,27,23
KT168PJ,40,16,24,12
KT168PL,21,12,9,8
KT168PR,37,19,18,18
KT168PS,77,39,38,39
KT168PT,80,42,38,26
KT168PU,4,2,2,1
KT168PW,75,34,41,37
KT168PY,6,3,3,3
KT168PZ,16,7,9,8
KT168QA,46,20,26,28
KT168QB,31,16,15,23
KT168QD,43,21,22,26
KT168QE,72,36,36,44
KT168QF,24,13,11,16
KT168QG,45,24,21,34
KT168QH,39,16,23,12
KT168QJ,70,37,33,50
KT168QL,28,16,12,15
KT168QN,26,13,13,18
KT168QQ,40,17,23,28
KT168QS,12,6,6,7
KT168QT,18,10,8,12
KT168QU,29,12,17,18
KT168QW,26,12,14,17
KT168QX,12,7,5,11
KT168QY,27,17,10,11
KT168QZ,18,11,7,5
KT168RA,23,11,12,7
KT168RE,10,5,5,5
KT168RF,15,7,8,7
KT168RG,15,5,10,7
KT168RH,39,20,19,17
KT168RJ,4,2,2,2
KT168RL,10,5,5,5
KT168RN,2,1,1,2
KT168RP,37,20,17,25
KT168RQ,64,32,32,23
KT168RR,49,27,22,23
KT168RS,5,1,4,4
KT168RT,33,17,16,18
KT168RU,23,10,13,14
KT168RW,35,23,12,18
KT168RY,11,4,7,5
KT168RZ,10,5,5,6
KT168SG,25,16,9,8
KT169AD,3,1,2,3
KT169AE,13,10,3,6
KT169AH,32,19,13,14
KT169AL,19,11,8,10
KT169AP,51,28,23,33
KT169AQ,5,3,2,3
KT169AS,25,14,11,11
KT169AU,3,2,1,1
KT169AW,3,1,2,3
KT169AZ,171,91,80,90
KT169BA,19,13,6,7
KT169BE,26,12,14,16
KT169BH,9,5,4,5
KT169BJ,25,13,12,9
KT169BL,11,4,7,4
KT169BP,25,12,13,15
KT169BU,131,65,66,44
KT169BW,2,1,1,1
KT169BX,30,20,10,29
KT169DB,1,1,0,1
KT169DD,60,32,28,23
KT169DE,122,55,67,45
KT169DG,13,7,6,6
KT169DH,38,18,20,14
KT169DJ,106,54,52,52
KT169DL,101,53,48,38
KT169DN,85,43,42,36
KT169DP,19,9,10,12
KT169DQ,27,14,13,10
KT169DR,2,2,0,1
KT169DU,22,12,10,9
KT169DW,39,16,23,17
KT169DX,103,52,51,47
KT169DY,5,3,2,5
KT169DZ,17,9,8,11
KT169EA,69,36,33,31
KT169EB,78,44,34,30
KT169ED,44,17,27,18
KT169EE,70,32,38,60
KT169EF,77,37,40,32
KT169EG,6,5,1,1
KT169EH,14,6,8,4
KT169EJ,4,3,1,2
KT169EL,20,8,12,16
KT169EN,6,3,3,3
KT169EP,67,21,46,4
KT169EQ,41,21,20,16
KT169ER,18,10,8,6
KT169ES,106,58,48,37
KT169ET,55,25,30,22
KT169EU,18,9,9,10
KT169EW,10,4,6,5
KT169EX,51,28,23,21
KT169EY,23,12,11,10
KT169EZ,104,49,55,39
KT169FF,75,32,43,30
KT169GT,56,28,28,32
KT169GU,35,15,20,21
KT169GW,9,5,4,6
KT169GY,41,21,20,23
KT169GZ,38,20,18,17
KT169HA,48,20,28,18
KT169HB,71,36,35,22
KT169HD,71,38,33,23
KT169HE,149,82,67,50
KT169HF,21,10,11,14
KT169HG,8,3,5,7
KT169HJ,60,28,32,23
KT169HP,33,17,16,15
KT169HQ,33,10,23,25
KT169HR,15,6,9,9
KT169HS,10,5,5,3
KT169HT,47,29,18,18
KT169HU,52,23,29,18
KT169HW,25,12,13,15
KT169HX,102,54,48,38
KT169HY,54,29,25,21
KT169HZ,88,45,43,30
KT169JA,48,25,23,17
KT169JB,75,38,37,24
KT169JD,88,40,48,34
KT169JE,14,6,8,7
KT169JF,68,32,36,24
KT169JG,44,21,23,16
KT169JH,87,47,40,31
KT169JJ,104,52,52,40
KT169JL,85,52,33,30
KT169JN,24,12,12,11
KT169JQ,19,11,8,7
KT169JW,152,82,70,64
KT169JX,44,22,22,19
KT169LF,55,31,24,20
KT169LH,39,16,23,13
KT169LJ,19,9,10,7
KT169LN,60,26,34,28
KT169LP,33,15,18,10
KT169LQ,37,19,18,17
KT169LR,78,43,35,29
KT169LS,4,2,2,3
KT169LT,92,37,55,70
KT169LX,9,6,3,2
KT169LY,6,2,4,2
KT169NE,36,16,20,18
KT169NH,66,33,33,24
KT169NJ,27,14,13,10
KT169NL,31,16,15,13
KT169NN,35,13,22,10
KT169NU,7,3,4,2
KT169NW,9,5,4,2
KT169PA,95,49,46,42
KT169PB,48,23,25,24
KT169PD,39,19,20,19
KT169PE,62,29,33,27
KT169PF,28,13,15,14
KT169PG,45,20,25,20
KT169PH,49,22,27,20
KT169PJ,17,11,6,7
KT169PL,25,13,12,12
KT169PN,51,20,31,21
KT169PP,73,33,40,28
KT169PQ,26,12,14,13
KT169PR,33,17,16,14
KT169PS,67,29,38,23
KT169PT,5,2,3,1
KT169PU,48,27,21,18
KT169PW,18,8,10,9
KT169PX,67,39,28,27
KT169PY,15,6,9,9
KT169PZ,46,21,25,19
KT169QA,60,32,28,21
KT169QL,10,4,6,3
KT169QN,34,17,17,10
KT169QP,48,26,22,20
KT169QQ,18,9,9,8
KT169QR,46,22,24,19
KT169QS,54,27,27,20
KT169QT,27,13,14,9
KT169QW,10,5,5,5
KT169QX,137,70,67,44
KT169QY,46,22,24,21
KT169QZ,3,0,3,2
KT169RA,66,30,36,23
KT169RB,84,45,39,28
KT169RD,38,18,20,13
KT169RE,76,41,35,25
KT169RF,6,3,3,3
KT169RG,1,1,0,1
KT169RU,19,11,8,8
KT169SA,18,9,9,7
KT171BB,2,0,2,2
KT171BD,12,4,8,4
KT171BP,9,3,6,2
KT171BX,73,43,30,30
KT171BY,59,27,32,22
KT171BZ,15,6,9,5
KT171DA,29,12,17,12
KT171DB,20,12,8,10
KT171DD,43,25,18,20
KT171DF,38,14,24,16
KT171DG,43,20,23,23
KT171DJ,7,3,4,4
KT171DL,31,12,19,20
KT171DP,169,81,88,76
KT171DR,9,3,6,7
KT171DT,36,22,14,21
KT171DU,38,15,23,13
KT171DW,17,5,12,6
KT171DY,7,6,1,4
KT171EA,3,2,1,1
KT171EG,14,8,6,5
KT171EJ,44,23,21,17
KT171EL,11,6,5,10
KT171EP,14,6,8,9
KT171ER,13,7,6,7
KT171ES,9,5,4,4
KT171EY,28,10,18,7
KT171EZ,29,18,11,20
KT171HD,23,8,15,8
KT171HF,4,1,3,1
KT171HH,29,17,12,15
KT171HR,18,9,9,10
KT171HT,33,11,22,27
KT171HY,105,59,46,34
KT171HZ,17,7,10,5
KT171JA,38,15,23,32
KT171JB,147,70,77,56
KT171JD,17,9,8,6
KT171JE,30,16,14,21
KT171JG,6,2,4,2
KT171JH,18,8,10,11
KT171JJ,20,12,8,7
KT171JL,17,6,11,11
KT171JN,18,9,9,7
KT171JP,17,8,9,6
KT171JQ,28,14,14,15
KT171JR,2,1,1,1
KT171JS,76,39,37,29
KT171JT,32,8,24,5
KT171JU,7,4,3,2
KT171JW,13,7,6,8
KT171JX,22,9,13,13
KT171JY,18,11,7,7
KT171JZ,13,5,8,6
KT171LA,77,37,40,26
KT171LB,19,11,8,6
KT171LD,99,44,55,41
KT171LE,27,11,16,12
KT171LF,33,6,27,26
KT171LG,32,17,15,13
KT171LH,15,8,7,8
KT171LJ,23,8,15,9
KT171LL,71,30,41,25
KT171LN,24,13,11,20
KT171LP,150,70,80,66
KT171LQ,33,18,15,10
KT171LR,140,66,74,63
KT171LS,59,26,33,29
KT171LT,45,21,24,18
KT171LU,73,41,32,27
KT171LX,27,13,14,12
KT171LY,91,45,46,32
KT171LZ,56,27,29,24
KT171NA,56,25,31,23
KT171ND,11,6,5,4
KT171NE,23,13,10,9
KT171NF,50,25,25,20
KT171NG,26,13,13,9
KT171NH,26,15,11,17
KT171NJ,22,10,12,8
KT171NL,47,22,25,23
KT171NN,40,22,18,20
KT171NP,17,11,6,6
KT171NQ,35,16,19,13
KT171NR,31,16,15,14
KT171NS,49,20,29,15
KT171NT,27,14,13,11
KT171NU,22,9,13,13
KT171NW,3,1,2,1
KT171NX,15,5,10,8
KT171PB,26,12,14,11
KT171PE,1,0,1,1
KT171PH,27,12,15,10
KT171PJ,28,18,10,10
KT171PL,20,10,10,9
KT171PN,93,44,49,40
KT171PP,3,1,2,1
KT171PQ,15,7,8,8
KT171PR,4,2,2,2
KT171PT,73,40,33,27
KT171PU,77,44,33,25
KT171PW,22,9,13,14
KT171PX,43,26,17,13
KT171QA,11,5,6,4
KT171QD,11,7,4,4
KT171QE,40,22,18,13
KT171QF,21,12,9,7
KT171QG,33,16,17,10
KT171QL,10,5,5,5
KT171QN,4,1,3,2
KT171QP,8,3,5,3
KT171QS,25,12,13,8
KT171QW,34,19,15,13
KT171QX,59,32,27,25
KT171QY,12,7,5,9
KT171QZ,3,3,0,1
KT171RE,16,10,6,6
KT171RJ,13,9,4,7
KT171RQ,9,6,3,6
KT171RW,12,6,6,4
KT171RX,30,14,16,16
KT171SA,1,1,0,1
KT171SB,19,8,11,9
KT171SG,25,16,9,10
KT171SJ,3,1,2,2
KT171SL,2,2,0,2
KT171SN,17,8,9,4
KT171SQ,38,20,18,14
KT171ST,10,6,4,5
KT171SU,55,25,30,26
KT171SX,62,33,29,27
KT171SY,27,15,12,11
KT171SZ,18,7,11,9
KT171TF,8,3,5,5
KT171TJ,91,33,58,8
KT171TP,68,30,38,35
KT171TQ,20,8,12,17
KT171TR,22,12,10,12
KT171TS,22,9,13,7
KT171TU,26,15,11,9
KT171TW,16,5,11,11
KT171TX,13,7,6,6
KT171TZ,2,1,1,2
KT171UA,9,5,4,4
KT171UD,1,1,0,1
KT171UG,6,3,3,2
KT171UH,13,5,8,3
KT171UJ,28,14,14,12
KT171UN,36,20,16,10
KT171UP,17,6,11,6
KT171UQ,18,8,10,9
KT171UR,42,23,19,17
KT171UW,35,11,24,30
KT171UX,26,14,12,11
KT171UZ,25,10,15,12
KT171XA,9,6,3,3
KT171XB,33,18,15,13
KT171XD,29,12,17,14
KT171XE,39,14,25,19
KT171XG,22,10,12,12
KT171XH,27,12,15,10
KT171XJ,7,4,3,2
KT171XL,19,9,10,6
KT171XN,20,12,8,8
KT171XP,31,13,18,16
KT171XQ,9,5,4,6
KT171XR,43,20,23,20
KT171XS,16,4,12,14
KT171XW,29,15,14,17
KT171XX,35,9,26,29
KT171XY,90,47,43,32
KT172AA,40,20,20,19
KT172AB,13,7,6,7
KT172AD,70,30,40,33
KT172AE,1,1,0,1
KT172AG,34,15,19,17
KT172AJ,26,9,17,19
KT172AP,3,1,2,1
KT172AQ,21,10,11,10
KT172AS,20,11,9,8
KT172AT,45,22,23,17
KT172AU,13,7,6,9
KT172AY,6,3,3,1
KT172BA,59,20,39,29
KT172BB,46,21,25,21
KT172BE,35,16,19,9
KT172BG,4,2,2,2
KT172BJ,26,13,13,13
KT172BL,26,11,15,9
KT172BP,12,5,7,5
KT172BS,27,11,16,8
KT172BT,93,51,42,34
KT172BU,67,26,41,29
KT172BW,3,2,1,1
KT172BX,7,3,4,4
KT172BY,12,5,7,5
KT172BZ,44,21,23,16
KT172DA,6,3,3,4
KT172DB,6,3,3,4
KT172DD,46,22,24,16
KT172DE,60,28,32,22
KT172DF,27,15,12,9
KT172DL,2,2,0,2
KT172DN,3,1,2,1
KT172DS,19,8,11,7
KT172DU,13,5,8,6
KT172DW,65,35,30,25
KT172DX,7,5,2,3
KT172EB,41,16,25,19
KT172ED,30,14,16,11
KT172EF,29,17,12,14
KT172EG,13,4,9,7
KT172EQ,69,28,41,34
KT172ER,32,19,13,14
KT172ES,56,25,31,22
KT172ET,9,5,4,3
KT172EU,73,36,37,34
KT172EW,75,33,42,37
KT172EX,32,15,17,26
KT172EY,12,6,6,7
KT172EZ,133,66,67,53
KT172HA,84,45,39,37
KT172HB,73,41,32,30
KT172HD,86,43,43,34
KT172HE,122,63,59,42
KT172HF,64,30,34,23
KT172HG,76,35,41,26
KT172HJ,60,25,35,22
KT172HL,19,8,11,6
KT172HN,25,9,16,10
KT172HP,37,18,19,13
KT172HQ,48,22,26,17
KT172HS,41,25,16,17
KT172HU,57,31,26,21
KT172HW,18,9,9,7
KT172JA,25,14,11,12
KT172JE,31,15,16,13
KT172JH,130,58,72,51
KT172JJ,68,34,34,26
KT172JL,111,53,58,36
KT172JN,35,16,19,12
KT172JP,61,28,33,26
KT172JQ,90,44,46,40
KT172JR,82,42,40,28
KT172JS,60,29,31,23
KT172JT,60,29,31,20
KT172JU,43,18,25,17
KT172JW,157,74,83,53
KT172JX,72,36,36,22
KT172JY,64,33,31,21
KT172JZ,45,20,25,20
KT172LD,60,33,27,23
KT172LE,54,28,26,18
KT172LF,54,28,26,20
KT172LG,62,29,33,21
KT172LH,71,33,38,23
KT172LJ,98,52,46,28
KT172LL,65,33,32,23
KT172LN,73,39,34,25
KT172LP,29,13,16,9
KT172LQ,56,26,30,20
KT172LR,70,34,36,19
KT172LS,92,49,43,31
KT172LT,69,29,40,26
KT172LX,89,37,52,34
KT172LY,79,36,43,33
KT172LZ,50,24,26,20
KT172NA,80,39,41,30
KT172NB,85,46,39,31
KT172ND,14,9,5,6
KT172NF,47,24,23,17
KT172NG,104,49,55,40
KT172NH,119,58,61,44
KT172NJ,8,6,2,8
KT172NL,144,71,73,50
KT172NN,84,41,43,27
KT172NP,96,52,44,32
KT172NQ,37,18,19,11
KT172NR,21,11,10,6
KT172NS,38,13,25,30
KT172NT,67,30,37,25
KT172NU,54,28,26,23
KT172NW,140,69,71,48
KT172NX,124,62,62,42
KT172NY,81,41,40,30
KT172NZ,3,1,2,2
KT172PA,55,25,30,25
KT172PB,21,12,9,9
KT172PD,13,8,5,5
KT172PG,12,8,4,5
KT172PH,70,29,41,25
KT172PJ,82,39,43,27
KT172PL,52,24,28,18
KT172PP,86,42,44,34
KT172PQ,59,31,28,21
KT172PR,29,18,11,11
KT172PS,95,48,47,38
KT172PX,74,39,35,25
KT172PY,87,40,47,30
KT172PZ,60,31,29,22
KT172QA,34,19,15,13
KT172QE,2,1,1,1
KT172QF,7,5,2,3
KT172QG,70,30,40,25
KT172QH,36,20,16,14
KT172QJ,38,22,16,12
KT172QL,57,27,30,25
KT172QN,40,20,20,14
KT172QP,29,18,11,9
KT172QQ,58,27,31,21
KT172QR,9,4,5,5
KT172QS,14,6,8,7
KT172QT,7,3,4,3
KT172QU,5,3,2,3
KT172QW,37,19,18,17
KT172QY,13,5,8,6
KT172QZ,71,39,32,23
KT172RA,29,15,14,12
KT172RB,28,16,12,7
KT172RD,20,12,8,7
KT172RF,48,23,25,19
KT172RG,65,35,30,24
KT172RJ,81,43,38,26
KT172RL,40,22,18,13
KT172RN,34,18,16,10
KT172RP,81,45,36,30
KT172RQ,5,3,2,2
KT172RR,77,37,40,23
KT172RS,46,26,20,14
KT172RU,56,28,28,22
KT172RW,9,3,6,4
KT172RX,32,16,16,10
KT172SA,67,36,31,33
KT173AA,75,30,45,26
KT173AB,20,13,7,5
KT173AE,28,12,16,9
KT173AF,17,7,10,10
KT173AG,12,5,7,4
KT173AH,16,8,8,5
KT173AJ,17,8,9,6
KT173AL,72,37,35,25
KT173AN,13,5,8,5
KT173AQ,22,7,15,11
KT173AR,11,3,8,4
KT173AS,13,8,5,6
KT173AT,54,29,25,17
KT173AX,63,27,36,24
KT173BA,36,16,20,14
KT173BB,76,39,37,26
KT173BE,51,24,27,19
KT173BH,146,72,74,46
KT173BL,10,5,5,3
KT173BN,38,18,20,13
KT173BP,50,18,32,19
KT173BS,2,1,1,1
KT173BT,32,16,16,13
KT173BU,30,12,18,11
KT173BW,58,27,31,16
KT173BX,85,47,38,30
KT173BZ,18,10,8,6
KT173DE,7,5,2,4
KT173DG,4,2,2,2
KT173DH,11,6,5,7
KT173DL,16,9,7,6
KT173DN,2,1,1,1
KT173DP,12,6,6,6
KT173DR,15,7,8,5
KT173DT,68,33,35,21
KT173DW,9,4,5,4
KT173DX,17,8,9,5
KT173DY,14,7,7,5
KT173DZ,46,24,22,18
KT173EA,16,7,9,4
KT173EB,20,11,9,6
KT173ED,2,2,0,1
KT173EE,28,13,15,10
KT173EG,57,29,28,17
KT173EH,43,22,21,18
KT173EJ,14,5,9,5
KT173EL,21,8,13,5
KT173EP,22,9,13,7
KT173EQ,78,40,38,27
KT173ER,44,15,29,7
KT173ES,9,4,5,6
KT173ET,10,6,4,5
KT173EU,7,3,4,4
KT173EW,16,8,8,5
KT173EX,10,6,4,6
KT173EY,14,6,8,8
KT173EZ,23,14,9,8
KT173HA,5,3,2,2
KT173HB,75,30,45,30
KT173HD,14,5,9,5
KT173HE,10,4,6,4
KT173HH,16,5,11,4
KT173HL,5,3,2,2
KT173HN,18,9,9,6
KT173HY,60,33,27,21
KT173JB,64,26,38,20
KT173JF,6,3,3,3
KT173JG,29,16,13,11
KT173JH,11,6,5,4
KT173JJ,51,23,28,16
KT173JN,51,22,29,16
KT173JP,11,5,6,4
KT173JQ,64,34,30,23
KT173JS,30,16,14,11
KT173JU,65,34,31,19
KT173JX,34,17,17,12
KT173JZ,42,21,21,23
KT173LB,32,19,13,16
KT173LD,47,19,28,22
KT173LF,69,33,36,26
KT173LG,41,20,21,15
KT173LH,62,28,34,23
KT173LL,107,57,50,40
KT173LN,89,48,41,32
KT173LP,117,59,58,40
KT173LQ,3,2,1,1
KT173LT,76,30,46,27
KT173LU,69,34,35,22
KT173LW,116,53,63,40
KT173LX,45,24,21,18
KT173LY,46,24,22,18
KT173NB,8,4,4,3
KT173ND,38,19,19,15
KT173NE,31,15,16,13
KT173NF,2,1,1,1
KT173NH,23,11,12,8
KT173NL,104,43,61,38
KT173NN,48,26,22,19
KT173NQ,37,17,20,11
KT173NR,20,12,8,7
KT173NS,48,24,24,22
KT173NT,61,32,29,22
KT173NU,6,1,5,4
KT173NW,58,32,26,20
KT173NX,47,24,23,23
KT173NY,11,5,6,3
KT173NZ,29,12,17,11
KT173PA,25,11,14,9
KT173PB,71,31,40,35
KT173PD,17,9,8,8
KT173PE,17,8,9,6
KT173PF,17,9,8,9
KT173PG,48,23,25,19
KT173PL,44,20,24,21
KT173PP,94,47,47,32
KT173PQ,18,9,9,8
KT173PR,5,3,2,2
KT173PS,50,19,31,18
KT173PT,60,22,38,17
KT173PU,68,34,34,20
KT174AA,115,52,63,51
KT174AB,27,12,15,13
KT174AD,9,4,5,4
KT174AF,92,43,49,54
KT174AH,15,4,11,8
KT174AJ,20,7,13,10
KT174AL,24,13,11,15
KT174AN,69,35,34,26
KT174AP,26,11,15,16
KT174AQ,51,30,21,32
KT174AR,40,20,20,11
KT174AS,31,15,16,11
KT174AT,44,21,23,15
KT174AU,54,25,29,33
KT174AW,2,1,1,1
KT174AX,64,30,34,22
KT174AY,32,13,19,13
KT174AZ,66,35,31,23
KT174BA,30,18,12,13
KT174BB,73,32,41,33
KT174BD,98,48,50,45
KT174BH,42,21,21,17
KT174BJ,3,2,1,1
KT174BP,41,22,19,30
KT174BS,24,16,8,15
KT174BT,69,31,38,26
KT174BU,12,5,7,8
KT174BW,37,18,19,21
KT174BX,23,12,11,14
KT174BY,61,31,30,29
KT174BZ,64,32,32,23
KT174DA,16,7,9,6
KT174DB,24,13,11,4
KT174DD,72,40,32,48
KT174DE,15,9,6,5
KT174DF,20,9,11,10
KT174DG,20,10,10,8
KT174DJ,13,6,7,7
KT174DL,19,10,9,10
KT174DN,78,34,44,34
KT174DP,58,25,33,29
KT174DQ,25,15,10,7
KT174DR,35,16,19,12
KT174DS,6,3,3,3
KT174DT,32,17,15,11
KT174DU,79,37,42,36
KT174DX,49,22,27,24
KT174DZ,21,13,8,12
KT174EA,32,19,13,17
KT174EB,116,54,62,45
KT174ED,24,11,13,10
KT174EF,4,2,2,2
KT174EG,6,4,2,2
KT174EH,75,32,43,40
KT174EJ,3,2,1,2
KT174EL,82,45,37,32
KT174EN,61,26,35,26
KT174EP,49,27,22,16
KT174EQ,99,54,45,44
KT174ET,10,4,6,6
KT174EU,1,1,0,1
KT174EW,10,3,7,3
KT174EX,86,39,47,38
KT174EY,53,30,23,21
KT174HA,31,14,17,13
KT174HD,49,21,28,23
KT174HF,20,2,18,0
KT174HG,30,14,16,13
KT174HH,27,13,14,10
KT174HJ,26,13,13,9
KT174HL,20,12,8,6
KT174HN,17,5,12,8
KT174HQ,61,28,33,28
KT174HS,59,32,27,23
KT174HT,72,38,34,25
KT174HU,17,9,8,8
KT174HW,22,6,16,19
KT174HX,29,15,14,9
KT174HY,48,27,21,20
KT174HZ,21,11,10,12
KT174JA,5,3,2,2
KT174JD,25,10,15,8
KT174JH,72,37,35,28
KT174JJ,65,29,36,24
KT174JL,18,7,11,6
KT174JN,3,1,2,1
KT174JP,172,90,82,64
KT174JQ,320,208,112,2
KT174JR,10,3,7,4
KT174JS,4,1,3,2
KT174JU,13,6,7,9
KT174JW,41,12,29,36
KT174LA,21,12,9,13
KT174LB,28,18,10,13
KT174LD,30,16,14,11
KT174LF,27,13,14,11
KT174LG,8,3,5,4
KT174LJ,51,31,20,24
KT174LP,62,35,27,27
KT174LQ,34,16,18,12
KT174LS,36,18,18,12
KT174LU,28,12,16,11
KT174LW,22,6,16,5
KT174LX,25,13,12,4
KT174LY,26,13,13,7
KT174LZ,54,28,26,20
KT174NA,75,36,39,28
KT174NB,47,23,24,8
KT174ND,70,34,36,26
KT174NE,78,33,45,33
KT174NF,14,7,7,8
KT174NG,70,29,41,32
KT174NH,80,36,44,37
KT174NN,15,8,7,5
KT174NP,111,55,56,64
KT174NQ,6,2,4,2
KT174NR,132,74,58,76
KT174NT,11,6,5,4
KT174NY,10,4,6,6
KT174PT,30,17,13,12
KT174PU,6,3,3,3
KT174PW,8,4,4,6
KT174PY,74,37,37,48
KT174QA,7,4,3,3
KT174QB,58,26,32,12
KT174QG,34,14,20,18
KT174QJ,39,20,19,30
KT174QQ,4,2,2,2
KT174QR,40,16,24,23
KT174QY,24,11,13,9
KT174RA,53,26,27,27
KT174RG,84,45,39,53
KT174RH,17,10,7,6
KT174RJ,32,14,18,17
KT174RN,21,10,11,12
KT174RQ,96,42,54,37
KT185AJ,34,14,20,21
KT185AP,17,13,4,13
KT185AQ,11,4,7,4
KT185AT,4,1,3,1
KT185AW,12,7,5,8
KT185AX,17,2,15,0
KT185AZ,58,28,30,51
KT185BA,29,9,20,16
KT185BB,34,17,17,23
KT185BD,24,10,14,17
KT185BG,67,31,36,29
KT185BH,28,14,14,12
KT185BL,34,10,24,27
KT185BN,99,45,54,38
KT185BP,4,3,1,1
KT185BQ,22,9,13,12
KT185DE,18,9,9,5
KT185DH,22,10,12,9
KT185DJ,37,22,15,13
KT185DP,36,10,26,29
KT185DT,48,17,31,19
KT185DU,51,30,21,20
KT185DX,104,43,61,27
KT185DY,39,19,20,16
KT185DZ,73,34,39,33
KT185EB,19,9,10,8
KT185ED,12,5,7,4
KT185EE,14,7,7,5
KT185EF,31,20,11,16
KT185EH,37,6,31,1
KT185EJ,30,20,10,26
KT185EL,20,9,11,9
KT185EP,58,26,32,21
KT185EQ,10,3,7,9
KT185ER,9,4,5,6
KT185ES,14,7,7,5
KT185ET,14,8,6,3
KT185EU,21,7,14,11
KT185EW,34,14,20,16
KT185EX,24,11,13,12
KT185EY,22,10,12,7
KT185EZ,14,8,6,9
KT185FB,9,4,5,6
KT185FD,8,2,6,5
KT185FE,28,13,15,14
KT185FF,54,24,30,31
KT185GN,26,12,14,10
KT185HA,2,1,1,1
KT185HE,15,6,9,6
KT185HF,85,47,38,42
KT185HG,49,25,24,16
KT185HH,15,7,8,5
KT185HL,15,7,8,10
KT185HN,10,6,4,4
KT185HP,91,46,45,57
KT185HQ,41,18,23,17
KT185HR,28,13,15,18
KT185HS,62,29,33,22
KT185HT,35,16,19,13
KT185HU,16,7,9,6
KT185HW,33,13,20,12
KT185HY,11,5,6,4
KT185HZ,30,15,15,17
KT185JA,36,18,18,28
KT185JB,34,17,17,12
KT185JD,55,23,32,17
KT185JE,8,3,5,3
KT185JF,41,20,21,16
KT185JG,51,26,25,16
KT185JH,81,43,38,25
KT185JJ,57,27,30,20
KT185JL,45,25,20,20
KT185JN,48,20,28,18
KT185JP,51,24,27,20
KT185JQ,71,34,37,25
KT185JR,24,13,11,10
KT185JT,52,29,23,21
KT185JU,12,7,5,4
KT185JW,37,16,21,16
KT185JX,17,7,10,5
KT185JY,75,35,40,27
KT185LB,6,5,1,2
KT185LD,27,14,13,7
KT185LE,6,6,0,1
KT185LJ,4,1,3,1
KT185LN,4,3,1,1
KT185LR,1,0,1,1
KT185LU,104,43,61,35
KT185LZ,91,48,43,29
KT185ND,3,2,1,1
KT185NF,2,1,1,1
KT185NN,3,1,2,2
KT185NQ,5,3,2,1
KT185NR,25,11,14,8
KT185NU,16,8,8,7
KT185NX,16,6,10,12
KT185NY,49,23,26,18
KT185NZ,59,26,33,22
KT185PB,79,37,42,29
KT185PD,64,33,31,23
KT185PG,30,13,17,15
KT185PH,66,34,32,25
KT185PP,3,1,2,2
KT185PQ,126,52,74,55
KT185PR,105,43,62,59
KT185PS,7,4,3,3
KT185PU,15,7,8,6
KT185PY,43,24,19,17
KT185QA,47,25,22,19
KT185QG,18,5,13,10
KT185QH,81,41,40,30
KT185QJ,49,24,25,22
KT185QN,25,6,19,20
KT185QP,84,36,48,32
KT185QS,80,38,42,32
KT185QT,83,48,35,31
KT185QU,39,17,22,16
KT185QW,46,21,25,15
KT185QX,64,33,31,25
KT185RA,85,40,45,29
KT185RB,66,29,37,22
KT185RD,6,2,4,2
KT185RE,38,14,24,16
KT185RF,37,19,18,16
KT185RG,76,43,33,42
KT185RH,28,11,17,15
KT185RL,50,24,26,21
KT185RN,60,29,31,26
KT185RP,139,66,73,76
KT185RQ,31,16,15,18
KT185RT,18,11,7,7
KT185RU,43,22,21,21
KT185RW,48,26,22,12
KT185RX,64,35,29,31
KT185RY,42,23,19,20
KT185RZ,45,22,23,19
KT185SB,32,15,17,15
KT185SD,30,14,16,15
KT185SE,55,26,29,23
KT185SF,48,24,24,21
KT185SG,39,19,20,17
KT185SH,76,31,45,39
KT185SJ,50,25,25,16
KT185SL,53,29,24,19
KT185SN,91,44,47,29
KT185SQ,27,13,14,10
KT185SR,59,23,36,20
KT185SS,69,34,35,20
KT185ST,122,64,58,42
KT185SY,53,24,29,22
KT185SZ,20,6,14,8
KT185TA,46,16,30,15
KT185TB,42,19,23,19
KT185TD,50,26,24,21
KT185TE,57,27,30,22
KT185TF,42,20,22,19
KT185TG,51,23,28,20
KT185TH,101,56,45,42
KT185TJ,83,36,47,31
KT185TL,72,40,32,26
KT185TP,95,43,52,56
KT185TQ,4,0,4,4
KT185TR,32,13,19,21
KT185TS,35,17,18,13
KT185TT,33,19,14,28
KT185TU,93,51,42,39
KT185TW,61,30,31,29
KT185TX,53,28,25,18
KT185TZ,47,23,24,20
KT185UA,51,24,27,15
KT185UB,25,10,15,13
KT185UD,10,4,6,4
KT185UF,46,21,25,19
KT185UG,61,30,31,25
KT185UH,64,32,32,24
KT185UJ,70,33,37,26
KT185UL,92,44,48,34
KT185UR,72,36,36,27
KT185US,22,12,10,8
KT185UT,17,8,9,8
KT185UU,32,19,13,13
KT185UW,68,35,33,25
KT185XA,37,16,21,13
KT185XE,5,3,2,1
KT185XF,104,51,53,39
KT185XN,29,16,13,8
KT186AA,101,54,47,34
KT186AB,92,44,48,36
KT186AE,68,35,33,29
KT186AF,82,38,44,33
KT186AH,4,1,3,1
KT186AL,13,5,8,6
KT186AN,23,13,10,8
KT186AP,9,4,5,3
KT186AW,1,0,1,1
KT186BB,4,3,1,2
KT186BH,15,7,8,4
KT186BL,8,4,4,3
KT186BS,2,1,1,1
KT186BW,7,3,4,3
KT186BX,4,3,1,2
KT186BZ,5,2,3,1
KT186DF,6,4,2,3
KT186DH,8,6,2,2
KT186DL,5,1,4,1
KT186DP,9,5,4,3
KT186DT,6,3,3,3
KT186DY,15,8,7,8
KT186DZ,7,4,3,3
KT186EA,31,16,15,11
KT186EE,18,9,9,6
KT186EG,21,10,11,7
KT186EH,139,76,63,42
KT186EN,15,7,8,4
KT186EP,7,5,2,1
KT186ET,5,4,1,2
KT186HA,39,18,21,18
KT186HB,44,22,22,18
KT186HD,54,24,30,24
KT186HE,29,16,13,11
KT186HF,11,6,5,5
KT186HG,38,21,17,14
KT186HH,25,12,13,10
KT186HJ,16,8,8,6
KT186HL,5,3,2,3
KT186HN,26,15,11,10
KT186HQ,9,4,5,5
KT186HR,20,10,10,7
KT186HS,84,39,45,31
KT186HU,50,24,26,17
KT186HW,14,10,4,5
KT186HX,19,10,9,6
KT186HY,100,49,51,37
KT186HZ,2,1,1,1
KT186JB,90,37,53,35
KT186JF,114,58,56,38
KT186JG,91,48,43,37
KT186JH,40,20,20,19
KT186JL,21,11,10,10
KT186JQ,31,14,17,12
KT186JS,9,4,5,4
KT186JU,8,5,3,4
KT186JW,2,0,2,1
KT186JX,5,2,3,2
KT186JZ,3,3,0,2
KT186LB,6,3,3,2
KT186LD,13,6,7,6
KT186LE,3,2,1,2
KT186LG,2,1,1,1
KT186LJ,11,5,6,5
KT186LP,17,8,9,6
KT186LQ,12,6,6,4
KT186LR,9,5,4,4
KT186LU,5,2,3,2
KT186LW,52,28,24,27
KT186LX,8,4,4,4
KT186LY,11,6,5,5
KT186LZ,4,2,2,2
KT186NA,7,3,4,2
KT186ND,4,2,2,1
KT186NE,13,6,7,4
KT186NJ,4,2,2,2
KT186NN,3,2,1,2
KT186NQ,5,3,2,3
KT186NR,36,19,17,12
KT186NX,13,7,6,4
KT186NZ,8,4,4,3
KT186PA,6,3,3,2
KT186PF,3,1,2,1
KT186PG,14,7,7,4
KT186PJ,6,2,4,1
KT186PN,6,2,4,1
KT186PP,7,4,3,2
KT186PQ,2,1,1,1
KT186PS,5,2,3,3
KT186PU,9,5,4,5
KT186PY,27,13,14,16
KT186PZ,3,2,1,1
KT186QA,6,3,3,3
KT187AA,3,2,1,2
KT187AB,1,0,1,1
KT187AD,4,2,2,1
KT187AE,2,1,1,1
KT187AF,7,3,4,2
KT187AG,38,12,26,8
KT187AH,12,7,5,6
KT187AL,6,4,2,2
KT187AN,19,8,11,11
KT187AP,11,4,7,4
KT187AQ,46,22,24,17
KT187AR,19,11,8,10
KT187AS,8,2,6,3
KT187AT,5,2,3,3
KT187AX,2,1,1,1
KT187AY,4,3,1,4
KT187BA,10,3,7,3
KT187BB,11,5,6,4
KT187BD,16,5,11,8
KT187BE,19,11,8,7
KT187BF,11,6,5,5
KT187BG,71,32,39,32
KT187BH,78,36,42,30
KT187BJ,56,25,31,23
KT187BN,28,17,11,13
KT187BP,19,10,9,9
KT187BQ,39,23,16,20
KT187BT,57,27,30,22
KT187BU,70,34,36,24
KT187BW,52,25,27,23
KT187BX,24,10,14,12
KT187BZ,93,43,50,31
KT187DA,62,26,36,22
KT187DB,4,1,3,1
KT187DD,20,11,9,12
KT187DF,4,2,2,2
KT187DG,40,25,15,13
KT187DH,33,17,16,12
KT187DJ,25,10,15,8
KT187DL,92,44,48,30
KT187DN,9,4,5,4
KT187DQ,18,9,9,9
KT187DR,59,24,35,35
KT187DS,73,33,40,24
KT187DT,96,45,51,31
KT187DU,66,31,35,22
KT187DW,45,22,23,19
KT187DX,81,45,36,30
KT187DY,76,36,40,29
KT187ED,42,20,22,14
KT187EE,31,19,12,13
KT187EG,48,21,27,0
KT187EH,26,14,12,10
KT187EN,28,16,12,6
KT187EP,34,19,15,10
KT187EQ,71,34,37,25
KT187ET,40,16,24,15
KT187EU,7,2,5,2
KT187EX,68,31,37,27
KT187EY,40,25,15,13
KT187HB,49,21,28,22
KT187HD,50,12,38,3
KT187HH,47,25,22,17
KT187HJ,15,6,9,5
KT187HP,55,25,30,27
KT187HQ,29,14,15,15
KT187HR,15,5,10,7
KT187HT,19,9,10,8
KT187HW,126,54,72,54
KT187HX,92,45,47,33
KT187HY,113,53,60,42
KT187HZ,99,46,53,34
KT187JA,72,33,39,30
KT187JB,67,33,34,25
KT187JD,96,50,46,30
KT187JE,86,36,50,29
KT187JF,71,35,36,20
KT187JP,11,6,5,6
KT187JR,48,20,28,17
KT187JS,59,13,46,51
KT187JT,24,11,13,12
KT187JU,54,25,29,27
KT187JX,22,8,14,12
KT187JY,63,27,36,24
KT187JZ,18,8,10,7
KT187LA,42,21,21,15
KT187LB,89,43,46,27
KT187LD,27,9,18,12
KT187LE,1,0,1,1
KT187LF,14,5,9,12
KT187LG,15,9,6,9
KT187LH,11,7,4,4
KT187LJ,125,59,66,47
KT187LL,98,48,50,40
KT187LN,46,22,24,19
KT187LP,53,27,26,24
KT187LQ,5,2,3,3
KT187LR,54,27,27,21
KT187LW,24,8,16,7
KT187LX,23,13,10,10
KT187LY,81,36,45,30
KT187LZ,50,25,25,28
KT187NB,38,14,24,14
KT187NE,26,15,11,10
KT187NG,4,3,1,1
KT187NH,19,9,10,6
KT187NJ,37,18,19,13
KT187NL,47,24,23,20
KT187NN,17,11,6,8
KT187NP,59,23,36,24
KT187NR,31,12,19,12
KT187NS,144,65,79,50
KT187NT,77,34,43,32
KT187NU,20,11,9,10
KT187NW,10,5,5,6
KT187NX,43,16,27,13
KT187NY,61,28,33,19
KT187NZ,67,28,39,30
KT187PF,12,7,5,6
KT187PJ,25,11,14,11
KT187PN,10,5,5,6
KT187PQ,46,20,26,24
KT187PS,49,14,35,39
KT187PY,16,9,7,6
KT187QF,29,11,18,12
KT187QG,3,1,2,1
KT187QH,16,10,6,9
KT187QJ,98,46,52,35
KT187QL,25,14,11,17
KT187QP,3,1,2,2
KT187QQ,29,14,15,20
KT187QS,37,13,24,16
KT187QT,36,13,23,9
KT187QU,66,25,41,36
KT187QX,71,32,39,41
KT187QZ,17,9,8,8
KT187RA,48,22,26,18
KT187RD,17,7,10,7
KT187RG,8,6,2,4
KT187RL,4,2,2,2
KT187RN,48,21,27,29
KT187RR,23,10,13,11
KT187RS,117,50,67,44
KT187RT,60,29,31,26
KT187RX,59,22,37,51
KT187RY,54,29,25,28
KT187RZ,12,6,6,6
KT187SA,96,45,51,36
KT187SB,26,15,11,11
KT187SD,9,3,6,6
KT187SJ,116,53,63,42
KT187SL,63,26,37,27
KT187SN,105,51,54,49
KT187SQ,57,28,29,22
KT187SR,100,46,54,53
KT187SS,87,38,49,46
KT187ST,24,11,13,10
KT187SW,85,41,44,32
KT187SX,16,6,10,6
KT187SY,64,30,34,25
KT187SZ,66,30,36,34
KT187TB,96,46,50,48
KT187TD,14,8,6,6
KT187TG,23,13,10,7
KT187TL,47,22,25,23
KT187TQ,11,2,9,6
KT187TR,11,3,8,4
KT190AA,32,19,13,12
KT190AB,30,20,10,15
KT190AD,67,33,34,35
KT190AE,23,11,12,11
KT190AH,60,31,29,22
KT190AJ,28,13,15,13
KT190AL,88,37,51,36
KT190AN,71,30,41,23
KT190AP,29,12,17,14
KT190AQ,64,30,34,24
KT190AR,50,23,27,27
KT190AS,55,30,25,24
KT190AU,74,38,36,35
KT190AX,65,29,36,33
KT190AY,24,12,12,11
KT190BA,59,29,30,31
KT190BB,53,26,27,26
KT190BD,29,13,16,11
KT190BJ,53,29,24,25
KT190BN,111,49,62,35
KT190BP,44,22,22,16
KT190BQ,20,10,10,13
KT190BS,52,25,27,18
KT190BT,40,22,18,16
KT190BW,43,20,23,16
KT190DB,49,27,22,21
KT190DJ,55,30,25,20
KT190DL,65,34,31,23
KT190DN,63,34,29,21
KT190DP,56,20,36,35
KT190DT,47,23,24,25
KT190DW,57,30,27,21
KT190DZ,82,37,45,34
KT190EA,58,28,30,21
KT190EB,7,2,5,3
KT190ED,50,18,32,33
KT190EF,145,78,67,50
KT190EG,17,7,10,11
KT190EH,72,41,31,26
KT190EJ,76,39,37,28
KT190EL,35,20,15,17
KT190EN,84,43,41,27
KT190EQ,35,15,20,12
KT190ES,26,12,14,15
KT190ET,53,31,22,21
KT190EU,44,21,23,19
KT190EW,84,42,42,32
KT190EX,10,5,5,7
KT190EY,34,13,21,16
KT190EZ,15,9,6,6
KT190HA,100,52,48,36
KT190HB,91,47,44,32
KT190HD,110,54,56,37
KT190HE,37,18,19,13
KT190HF,100,51,49,37
KT190HG,56,27,29,18
KT190HH,119,56,63,38
KT190HJ,71,35,36,27
KT190HL,70,38,32,26
KT190HN,34,21,13,11
KT190HP,58,29,29,24
KT190HQ,63,30,33,24
KT190HW,22,14,8,8
KT190HX,97,48,49,32
KT190HY,68,31,37,25
KT190HZ,50,26,24,16
KT190JA,49,28,21,22
KT190JB,32,17,15,11
KT190JF,49,26,23,16
KT190JG,25,15,10,13
KT190JH,51,29,22,24
KT190JJ,45,20,25,14
KT190JL,25,12,13,11
KT190JN,10,6,4,5
KT190JP,16,6,10,9
KT190JQ,18,8,10,9
KT190JR,48,25,23,21
KT190JS,20,10,10,16
KT190JT,101,46,55,42
KT190JU,23,10,13,14
KT190JW,32,13,19,15
KT190JX,27,10,17,17
KT190JY,67,32,35,34
KT190JZ,20,10,10,7
KT190LB,48,25,23,21
KT190LF,64,34,30,22
KT190LG,58,23,35,19
KT190LH,23,13,10,12
KT190LJ,32,16,16,16
KT190LN,61,30,31,28
KT190LP,66,31,35,21
KT190LQ,65,34,31,43
KT190LR,81,38,43,36
KT190LS,81,41,40,29
KT190LT,52,27,25,20
KT190LU,81,37,44,28
KT190LW,94,50,44,33
KT190LX,50,28,22,17
KT190LY,62,27,35,19
KT190LZ,67,37,30,22
KT190NB,27,12,15,8
KT190ND,53,24,29,20
KT190NF,53,25,28,22
KT190NG,92,44,48,31
KT190NH,82,43,39,29
KT190NP,55,29,26,22
KT190NQ,87,44,43,30
KT190NR,85,45,40,34
KT190NS,73,43,30,26
KT190NU,44,21,23,17
KT190NW,88,40,48,33
KT190NX,46,19,27,22
KT190NY,72,32,40,28
KT190NZ,29,14,15,12
KT190PA,11,4,7,3
KT190PB,2,1,1,1
KT190PD,45,18,27,17
KT190PF,83,47,36,34
KT190PH,69,34,35,25
KT190PJ,32,17,15,14
KT190PN,23,12,11,7
KT190PP,49,24,25,25
KT190PQ,88,46,42,30
KT190PR,58,25,33,28
KT190PU,76,36,40,33
KT190PW,56,27,29,26
KT190PX,29,15,14,15
KT190PY,64,29,35,32
KT190PZ,84,42,42,24
KT190QB,111,53,58,36
KT190QD,32,14,18,15
KT190QE,76,38,38,26
KT190QF,20,8,12,11
KT190QJ,21,12,9,8
KT190QP,8,3,5,4
KT190QR,23,12,11,9
KT190QT,58,27,31,23
KT190QU,57,20,37,21
KT190QW,102,48,54,30
KT190QX,17,8,9,6
KT190QY,55,30,25,19
KT190QZ,18,11,7,7
KT190RF,102,56,46,37
KT190RG,119,61,58,41
KT190RH,44,24,20,19
KT190RJ,61,31,30,21
KT190RL,94,42,52,34
KT190RN,7,2,5,4
KT190RP,63,29,34,25
KT190RQ,77,36,41,32
KT190RT,35,16,19,13
KT190RW,34,17,17,17
KT190SB,37,16,21,26
KT190SE,26,14,12,15
KT190SF,34,17,17,11
KT190SH,39,23,16,18
KT190SN,2,2,0,2
KT190SQ,33,12,21,14
KT190SR,80,39,41,33
KT190ST,74,41,33,28
KT190SU,33,16,17,12
KT190SW,23,14,9,11
KT190SY,83,42,41,28
KT190SZ,91,46,45,29
KT190TD,51,26,25,19
KT190TE,18,10,8,4
KT190TF,46,23,23,15
KT190TG,66,30,36,27
KT190TH,103,52,51,35
KT197DA,17,8,9,9
KT197DB,38,17,21,14
KT197DD,47,24,23,17
KT197DE,29,16,13,8
KT197DF,16,9,7,7
KT197DG,18,11,7,5
KT197DH,25,13,12,7
KT197DJ,74,35,39,25
KT197DL,42,24,18,20
KT197DN,21,9,12,11
KT197DP,57,17,40,17
KT197DQ,32,15,17,11
KT197DW,30,13,17,17
KT197DX,12,5,7,7
KT197EA,77,40,37,26
KT197EE,85,40,45,30
KT197EF,74,36,38,26
KT197EH,41,22,19,14
KT197EJ,55,31,24,20
KT197EL,27,14,13,9
KT197EN,16,8,8,7
KT197EW,67,28,39,21
KT197EY,19,8,11,9
KT197HA,60,36,24,1
KT197LA,41,17,24,10
KT197LB,26,15,11,12
KT197LD,83,43,40,24
KT197LE,60,29,31,20
KT197LF,59,34,25,17
KT197LG,15,7,8,4
KT197LH,80,42,38,23
KT197LJ,11,6,5,4
KT197LL,50,31,19,14
KT197LN,13,6,7,6
KT197LP,8,4,4,5
KT197LR,46,21,25,17
KT197LT,13,7,6,4
KT197LW,20,10,10,6
KT197ND,66,31,35,21
KT197NG,56,25,31,29
KT197NH,56,30,26,32
KT197NN,11,5,6,6
KT197NP,17,10,7,10
KT197NQ,30,15,15,10
KT197NS,49,29,20,14
KT197NW,8,4,4,3
KT198AA,180,102,78,57
KT198AB,19,11,8,6
KT198AE,24,14,10,7
KT198AF,41,22,19,13
KT198AG,1,0,1,1
KT198AH,22,13,9,14
KT198AN,16,7,9,5
KT198AP,200,101,99,58
KT198AR,54,28,26,29
KT198AW,17,9,8,5
KT198AX,8,0,8,2
KT198AY,2,2,0,1
KT198BD,42,26,16,12
KT198BF,28,15,13,7
KT198BG,26,13,13,6
KT198BN,22,12,10,15
KT198BP,23,9,14,10
KT198BQ,34,18,16,22
KT198BT,7,5,2,2
KT198BU,11,7,4,9
KT198BW,47,27,20,22
KT198BY,87,47,40,57
KT198BZ,16,9,7,9
KT198DA,4,1,3,1
KT198DB,28,16,12,12
KT198DD,25,9,16,9
KT198DE,23,13,10,11
KT198DF,15,7,8,7
KT198DG,18,9,9,9
KT198DJ,102,44,58,49
KT198DL,104,57,47,55
KT198DT,1,1,0,1
KT198EH,3,2,1,2
KT198EJ,18,9,9,10
KT198EX,64,32,32,23
KT198EY,160,76,84,57
KT198EZ,18,10,8,10
KT198FA,66,31,35,33
KT198FB,15,6,9,7
KT198FD,13,5,8,6
KT198FE,36,19,17,19
KT198FG,20,7,13,8
KT198FH,49,25,24,23
KT198FL,113,53,60,42
KT198FS,30,14,16,12
KT198FW,31,13,18,10
KT198GA,76,36,40,18
KT198GB,21,8,13,9
KT198GD,25,11,14,9
KT198GE,35,18,17,11
KT198GF,29,14,15,11
KT198GG,13,6,7,6
KT198GH,16,8,8,6
KT198HA,143,72,71,42
KT198HB,134,60,74,46
KT198HD,112,59,53,46
KT198HE,65,30,35,26
KT198HF,46,25,21,16
KT198HG,83,39,44,27
KT198HH,17,9,8,9
KT198HJ,57,28,29,29
KT198HL,43,22,21,18
KT198HN,65,30,35,21
KT198HP,21,10,11,13
KT198HR,16,8,8,8
KT198HS,26,10,16,9
KT198HU,80,39,41,35
KT198HW,7,4,3,3
KT198HX,16,7,9,5
KT198HY,16,6,10,6
KT198HZ,48,22,26,24
KT198JD,8,3,5,3
KT198JG,134,69,65,47
KT198JH,97,45,52,34
KT198JJ,30,13,17,11
KT198JL,43,18,25,20
KT198JN,83,37,46,32
KT198JP,19,8,11,5
KT198JQ,108,50,58,39
KT198JR,11,5,6,5
KT198JT,15,7,8,5
KT198JU,82,45,37,29
KT198JX,90,45,45,30
KT198JZ,60,29,31,23
KT198LB,74,39,35,23
KT198LD,51,27,24,22
KT198LE,76,39,37,26
KT198LF,102,52,50,37
KT198LL,72,36,36,27
KT198LN,94,43,51,31
KT198LP,40,22,18,13
KT198LS,101,49,52,38
KT198LT,60,25,35,21
KT198LU,89,44,45,28
KT198LW,83,39,44,30
KT198LY,22,8,14,7
KT198LZ,45,22,23,18
KT198NB,57,24,33,24
KT198NE,17,8,9,10
KT198NN,37,17,20,13
KT198NQ,40,13,27,1
KT198NW,5,3,2,0
KT198PB,13,8,5,1
KT198PF,8,3,5,3
KT198PL,15,10,5,3
KT198PQ,1,1,0,1
KT198PT,4,2,2,3
KT198QJ,45,32,13,1
KT198QN,8,3,5,4
KT198QQ,7,2,5,2
KT198QT,112,55,57,36
KT198QU,81,31,50,28
KT198QW,1,1,0,1
KT198QY,69,30,39,24
KT198QZ,70,29,41,22
KT198RA,90,43,47,36
KT198RD,98,47,51,35
KT198RE,90,43,47,37
KT198RF,25,9,16,13
KT198RG,116,59,57,40
KT198RH,89,43,46,31
KT198RJ,63,32,31,25
KT198RN,108,53,55,37
KT198RP,62,31,31,37
KT198RS,22,12,10,10
KT198RT,15,3,12,7
KT198RU,64,33,31,31
KT198RW,20,11,9,7
KT198RY,48,28,20,28
KT198SA,15,5,10,6
KT198SB,43,20,23,19
KT198SF,47,27,20,20
KT198SG,61,31,30,24
KT198SH,95,47,48,33
KT198SJ,44,18,26,17
KT198SL,48,25,23,26
KT198SN,115,51,64,45
KT198SP,7,3,4,3
KT198SR,2,1,1,1
KT198SS,123,60,63,44
KT198ST,171,88,83,62
KT198SW,123,57,66,46
KT198SY,169,80,89,59
KT198TA,9,5,4,3
KT198TB,32,16,16,13
KT198TD,57,29,28,24
KT198TE,89,44,45,28
KT198TH,10,5,5,5
KT198TL,105,48,57,37
KT198TN,43,20,23,13
KT198TP,118,47,71,40
KT198TR,123,57,66,44
KT198TT,39,16,23,15
KT198TU,109,47,62,40
KT198TX,90,45,45,30
KT198TZ,44,15,29,16
KT198UA,112,58,54,43
KT198UB,88,40,48,28
KT198UD,51,20,31,43
KT199AA,107,51,56,38
KT199AB,81,41,40,26
KT199AD,118,56,62,40
KT199AL,12,5,7,8
KT199AP,46,26,20,25
KT199AZ,18,11,7,7
KT199BF,21,12,9,8
KT199BG,3,2,1,1
KT199BJ,68,32,36,24
KT199BL,29,14,15,9
KT199BN,20,8,12,8
KT199BP,36,18,18,14
KT199BQ,4,1,3,1
KT199BS,133,66,67,42
KT199BT,84,44,40,29
KT199BU,49,23,26,24
KT199BW,22,10,12,8
KT199BX,76,37,39,29
KT199BY,41,18,23,18
KT199BZ,156,82,74,62
KT199DA,35,22,13,14
KT199DB,85,41,44,33
KT199DD,50,22,28,14
KT199DE,106,53,53,37
KT199DF,32,22,10,16
KT199DG,204,99,105,67
KT199DJ,43,22,21,13
KT199DN,97,46,51,37
KT199DP,140,66,74,51
KT199DQ,88,48,40,30
KT199DR,131,75,56,44
KT199DS,79,35,44,29
KT199DT,7,6,1,5
KT199DW,73,32,41,32
KT199DX,75,42,33,26
KT199DY,105,47,58,52
KT199DZ,37,17,20,18
KT199EA,113,55,58,54
KT199EB,114,48,66,53
KT199ED,71,37,34,30
KT199EE,89,49,40,27
KT199EF,59,33,26,18
KT199EG,135,64,71,41
KT199EH,17,8,9,9
KT199EJ,68,35,33,35
KT199EL,85,42,43,43
KT199EN,58,29,29,32
KT199EP,167,76,91,49
KT199EQ,49,24,25,21
KT199ER,117,53,64,63
KT199ES,27,15,12,11
KT199ET,70,33,37,19
KT199EW,65,35,30,22
KT199EX,72,41,31,30
KT199EY,28,15,13,11
KT199EZ,47,21,26,13
KT199FA,13,5,8,5
KT199FB,17,10,7,14
KT199FD,36,17,19,14
KT199FE,7,3,4,6
KT199FF,3,1,2,1
KT199FH,30,13,17,8
KT199GG,33,11,22,17
KT199GQ,10,5,5,4
KT199GY,13,8,5,8
KT199GZ,54,23,31,16
KT199HA,22,10,12,10
KT199HB,25,13,12,9
KT199HD,143,74,69,51
KT199HE,64,33,31,26
KT199HF,34,16,18,16
KT199HG,46,21,25,15
KT199HH,71,39,32,27
KT199HJ,10,5,5,5
KT199HL,87,47,40,31
KT199HN,24,13,11,8
KT199HP,137,71,66,47
KT199HQ,62,30,32,33
KT199HR,53,29,24,20
KT199HS,27,14,13,13
KT199HT,19,11,8,8
KT199HU,79,32,47,37
KT199HW,19,11,8,8
KT199HX,37,19,18,11
KT199HY,94,42,52,44
KT199HZ,58,34,24,25
KT199JA,60,26,34,29
KT199JB,49,25,24,18
KT199JD,47,24,23,26
KT199JE,55,21,34,30
KT199JF,15,7,8,6
KT199JG,80,40,40,38
KT199JH,28,9,19,12
KT199JJ,61,33,28,28
KT199JL,38,20,18,11
KT199JN,23,10,13,8
KT199JP,138,67,71,44
KT199JQ,80,35,45,39
KT199JR,112,57,55,39
KT199JS,47,23,24,19
KT199JT,22,11,11,7
KT199JW,6,3,3,2
KT199JX,27,14,13,12
KT199JY,48,23,25,14
KT199JZ,30,17,13,23
KT199LA,36,17,19,14
KT199LB,97,51,46,35
KT199LD,58,25,33,39
KT199LE,78,37,41,27
KT199LF,63,30,33,37
KT199LG,8,5,3,3
KT199LH,12,3,9,5
KT199LJ,79,42,37,38
KT199LL,63,29,34,21
KT199LN,91,44,47,41
KT199LP,13,7,6,12
KT199LQ,39,20,19,16
KT199LR,16,8,8,10
KT199LS,90,43,47,46
KT199LT,6,3,3,4
KT199LU,99,40,59,46
KT199LW,42,17,25,20
KT199LX,67,34,33,34
KT199LY,36,20,16,16
KT199LZ,39,20,19,20
KT199NA,14,6,8,6
KT199NB,19,11,8,15
KT199ND,35,20,15,16
KT199NE,27,14,13,20
KT199NF,24,10,14,8
KT199NG,95,48,47,41
KT199NH,66,31,35,22
KT199NJ,63,30,33,27
KT199NL,10,3,7,4
KT199NP,92,40,52,46
KT199NQ,84,34,50,40
KT199NR,3,1,2,1
KT199NS,34,16,18,12
KT199NT,26,11,15,11
KT199NU,24,10,14,10
KT199NY,85,45,40,28
KT199NZ,164,82,82,55
KT199PA,114,56,58,40
KT199PB,41,17,24,14
KT199PD,8,3,5,4
KT199PE,123,55,68,43
KT199PF,47,25,22,16
KT199PG,94,35,59,35
KT199PH,17,7,10,6
KT199PJ,9,5,4,6
KT199PL,72,31,41,23
KT199PN,104,44,60,40
KT199PP,44,21,23,16
KT199PQ,78,32,46,26
KT199PR,87,41,46,30
KT199PT,122,50,72,42
KT199PU,69,35,34,41
KT199PW,42,21,21,17
KT199PX,64,36,28,18
KT199PY,96,43,53,29
KT199PZ,80,41,39,29
KT199QA,121,55,66,38
KT199QB,43,14,29,16
KT199QD,51,26,25,16
KT199QF,13,9,4,3
KT199QH,39,19,20,26
KT199QJ,66,33,33,29
KT199QL,76,38,38,31
KT199QP,96,51,45,35
KT199QR,86,44,42,35
KT199QS,121,59,62,44
KT199QT,65,28,37,31
KT199QU,90,38,52,34
KT199QX,60,28,32,21
KT199QY,15,7,8,7
KT199QZ,63,34,29,25
KT199RA,61,28,33,23
KT199RB,66,33,33,23
KT199RD,59,27,32,24
KT199RE,86,40,46,28
KT199RF,67,37,30,27
KT199RG,13,8,5,6
KT199RJ,169,83,86,73
KT199RL,3,1,2,2
KT199RN,7,5,2,4
KT199RP,14,5,9,6
KT199RQ,195,92,103,65
KT199RR,54,26,28,51
KT199RT,35,16,19,15
KT199RW,4,2,2,3
KT199RX,3,1,2,0
KT199RY,28,17,11,9
KT199RZ,111,50,61,41
KT199SA,50,25,25,18
KT199SF,117,58,59,48
KT199SH,39,17,22,14
KT199SJ,20,9,11,10
KT199SL,25,11,14,8
KT199SN,80,31,49,29
KT199SP,32,17,15,16
KT199SQ,113,56,57,38
KT199SR,46,24,22,16
KT199SS,128,63,65,42
KT199ST,4,3,1,1
KT199SU,67,32,35,32
KT199SW,86,44,42,26
KT199SY,135,71,64,52
KT199SZ,66,33,33,26
KT199TA,106,56,50,42
KT199TF,140,70,70,51
KT199TG,94,49,45,32
KT199TH,134,63,71,44
KT199TJ,103,47,56,43
KT199TN,123,58,65,41
KT199TP,81,41,40,26
KT199TQ,85,42,43,27
KT199TS,111,51,60,34
KT199TT,100,50,50,30
KT199TW,94,41,53,37
KT199TX,89,45,44,31
KT199UA,93,44,49,32
KT199UB,85,41,44,32
KT199UD,90,46,44,32
KT199UF,80,41,39,30
KT199UG,158,82,76,60
KT199UH,98,47,51,29
KT199UJ,78,36,42,32
KT199UL,116,51,65,43
KT199UR,49,25,24,20
KT199UU,22,10,12,6
KT199UX,65,29,36,22
KT199UZ,77,39,38,28
KT199XA,71,37,34,28
KT199XB,45,21,24,18
KT199XD,63,36,27,24
KT199XE,97,53,44,40
KT199XF,62,29,33,24
KT199XG,61,34,27,23
KT199XH,38,21,17,10
KT2 5AB,6,3,3,2
KT2 5AE,197,78,119,79
KT2 5AF,90,40,50,49
KT2 5AG,142,73,69,74
KT2 5AH,77,41,36,43
KT2 5AJ,19,7,12,7
KT2 5AL,70,36,34,24
KT2 5AN,63,31,32,19
KT2 5AP,114,53,61,42
KT2 5AQ,116,64,52,64
KT2 5AR,15,7,8,7
KT2 5AS,12,5,7,5
KT2 5AT,105,53,52,35
KT2 5AU,8,4,4,5
KT2 5AW,19,9,10,8
KT2 5AX,34,11,23,20
KT2 5AY,35,18,17,22
KT2 5AZ,11,3,8,5
KT2 5BA,16,7,9,9
KT2 5BB,12,7,5,6
KT2 5BD,74,41,33,29
KT2 5BE,82,43,39,27
KT2 5BF,77,33,44,40
KT2 5BG,113,65,48,56
KT2 5BJ,114,61,53,59
KT2 5BP,35,19,16,14
KT2 5BS,51,24,27,35
KT2 5BT,35,18,17,13
KT2 5BU,107,57,50,57
KT2 5BW,17,8,9,10
KT2 5BX,23,11,12,11
KT2 5BY,79,46,33,45
KT2 5BZ,47,24,23,20
KT2 5DA,21,10,11,7
KT2 5DB,21,11,10,9
KT2 5DD,61,29,32,24
KT2 5DE,11,6,5,7
KT2 5DF,22,10,12,12
KT2 5DH,21,11,10,7
KT2 5DJ,86,42,44,29
KT2 5DL,92,39,53,30
KT2 5DN,84,44,40,31
KT2 5DP,123,59,64,45
KT2 5DQ,9,3,6,3
KT2 5DR,114,47,67,41
KT2 5DS,7,1,6,3
KT2 5DT,29,11,18,12
KT2 5DW,98,43,55,36
KT2 5DZ,46,24,22,24
KT2 5EB,104,46,58,4
KT2 5ED,43,22,21,28
KT2 5EE,27,11,16,13
KT2 5EH,29,14,15,15
KT2 5EJ,26,9,17,10
KT2 5EL,37,16,21,22
KT2 5EN,15,6,9,7
KT2 5EP,35,22,13,11
KT2 5ES,27,13,14,10
KT2 5ET,124,60,64,46
KT2 5EU,108,58,50,36
KT2 5EY,89,47,42,35
KT2 5EZ,9,4,5,4
KT2 5GA,93,45,48,42
KT2 5GB,38,15,23,17
KT2 5GD,29,12,17,13
KT2 5GE,66,34,32,21
KT2 5GF,35,19,16,13
KT2 5GG,39,22,17,17
KT2 5GH,28,11,17,16
KT2 5GL,40,20,20,14
KT2 5GN,46,22,24,18
KT2 5GP,71,30,41,37
KT2 5GQ,37,19,18,9
KT2 5GR,65,33,32,30
KT2 5GS,16,8,8,7
KT2 5GT,66,33,33,31
KT2 5GU,73,25,48,33
KT2 5GW,38,20,18,12
KT2 5HA,24,15,9,6
KT2 5HB,83,43,40,28
KT2 5HD,21,9,12,8
KT2 5HE,45,21,24,21
KT2 5HF,29,15,14,13
KT2 5HG,14,8,6,5
KT2 5HH,155,81,74,51
KT2 5HJ,22,12,10,8
KT2 5HP,90,48,42,43
KT2 5HQ,142,66,76,44
KT2 5HR,28,13,15,10
KT2 5HS,104,49,55,39
KT2 5HT,75,35,40,29
KT2 5HU,71,32,39,28
KT2 5HX,100,56,44,39
KT2 5JA,69,27,42,32
KT2 5JB,73,38,35,25
KT2 5JD,37,19,18,14
KT2 5JE,28,14,14,9
KT2 5JF,36,15,21,12
KT2 5JG,15,9,6,5
KT2 5JH,96,43,53,46
KT2 5JJ,69,27,42,19
KT2 5JL,59,25,34,29
KT2 5JN,2,1,1,1
KT2 5JQ,16,7,9,6
KT2 5JR,93,46,47,32
KT2 5JS,98,41,57,37
KT2 5JT,77,37,40,30
KT2 5JU,105,51,54,41
KT2 5JX,19,9,10,5
KT2 5JY,32,13,19,13
KT2 5JZ,92,48,44,27
KT2 5LA,4,2,2,2
KT2 5LB,55,27,28,19
KT2 5LD,65,32,33,23
KT2 5LE,18,10,8,5
KT2 5LF,87,43,44,32
KT2 5LG,50,23,27,22
KT2 5LH,25,12,13,14
KT2 5LN,18,11,7,4
KT2 5LP,58,24,34,22
KT2 5LQ,60,34,26,31
KT2 5LR,143,67,76,58
KT2 5LS,91,47,44,32
KT2 5LT,34,15,19,20
KT2 5LU,59,33,26,29
KT2 5LW,18,7,11,6
KT2 5LX,56,23,33,27
KT2 5LY,89,43,46,40
KT2 5LZ,70,27,43,29
KT2 5NA,27,16,11,15
KT2 5NB,80,38,42,32
KT2 5ND,114,57,57,40
KT2 5NE,83,39,44,38
KT2 5NF,75,31,44,40
KT2 5NH,37,14,23,19
KT2 5NJ,35,14,21,18
KT2 5NL,47,23,24,15
KT2 5NN,13,5,8,6
KT2 5NP,65,30,35,24
KT2 5NQ,50,22,28,23
KT2 5NR,45,23,22,15
KT2 5NS,28,14,14,10
KT2 5NT,59,31,28,20
KT2 5NU,67,27,40,21
KT2 5NW,63,27,36,23
KT2 5NX,71,40,31,24
KT2 5NY,75,32,43,31
KT2 5PA,32,16,16,11
KT2 5PB,65,31,34,30
KT2 5PD,65,30,35,28
KT2 5PF,112,51,61,46
KT2 5PG,63,35,28,41
KT2 5PJ,20,12,8,9
KT2 5PP,26,13,13,10
KT2 5PQ,86,38,48,45
KT2 5PR,38,16,22,17
KT2 5PT,25,12,13,11
KT2 5PU,6,3,3,3
KT2 5PW,13,5,8,6
KT2 5PY,52,25,27,28
KT2 5PZ,76,34,42,26
KT2 5QA,28,14,14,12
KT2 5QB,69,44,25,20
KT2 5QD,53,24,29,16
KT2 5QE,51,25,26,20
KT2 5QF,94,41,53,37
KT2 5QG,78,38,40,27
KT2 5QH,37,17,20,12
KT2 5QJ,39,16,23,19
KT2 5QL,80,38,42,28
KT2 5QR,54,27,27,19
KT2 5QU,22,13,9,12
KT2 5QX,10,7,3,4
KT2 5QY,38,16,22,16
KT2 5QZ,68,34,34,22
KT2 5RA,80,38,42,27
KT2 5RB,81,39,42,26
KT2 5RD,77,37,40,28
KT2 5RE,105,54,51,38
KT2 5RF,99,51,48,36
KT2 5RG,100,47,53,39
KT2 5RH,79,37,42,30
KT2 5RJ,89,47,42,31
KT2 5RL,19,9,10,8
KT2 5RN,171,85,86,76
KT2 5RQ,101,50,51,37
KT2 5RR,74,39,35,23
KT2 5RS,107,49,58,36
KT2 5RT,83,40,43,25
KT2 5RU,104,45,59,34
KT2 5RX,15,8,7,6
KT2 5RY,73,36,37,29
KT2 5RZ,71,33,38,31
KT2 5SA,86,36,50,32
KT2 5SB,92,45,47,35
KT2 5SD,83,41,42,32
KT2 5SE,89,42,47,34
KT2 5SF,80,42,38,26
KT2 5SG,19,8,11,8
KT2 5SH,2,1,1,1
KT2 5SL,87,42,45,36
KT2 5SP,26,12,14,16
KT2 5SQ,71,31,40,24
KT2 5SR,37,17,20,25
KT2 5SS,35,12,23,26
KT2 5ST,43,20,23,28
KT2 5SU,38,20,18,16
KT2 5SW,76,37,39,27
KT2 5SY,96,58,38,51
KT2 5TA,31,18,13,27
KT2 5TB,170,91,79,58
KT2 5TE,11,6,5,3
KT2 5TF,89,47,42,33
KT2 5TG,101,51,50,33
KT2 5TH,97,51,46,34
KT2 5TJ,111,50,61,36
KT2 5TL,62,33,29,20
KT2 5TN,78,44,34,28
KT2 5TP,79,31,48,29
KT2 5TQ,103,51,52,31
KT2 5TS,45,21,24,16
KT2 5TT,62,31,31,19
KT2 5TU,65,31,34,25
KT2 5TW,121,72,49,41
KT2 5TX,141,72,69,44
KT2 5TZ,93,47,46,60
KT2 5UA,87,44,43,33
KT2 5UB,80,40,40,26
KT2 5UD,69,37,32,25
KT2 5UE,70,40,30,23
KT2 5UF,40,20,20,15
KT2 5UG,32,17,15,16
KT2 5UL,57,31,26,32
KT2 5UN,28,15,13,16
KT2 5UR,67,36,31,22
KT2 5US,27,15,12,16
KT2 5UT,12,6,6,6
KT2 5UU,7,4,3,4
KT2 5UX,31,17,14,16
KT2 5UY,93,40,53,28
KT2 5UZ,55,26,29,29
KT2 6AA,66,31,35,25
KT2 6AB,102,46,56,37
KT2 6AD,131,66,65,44
KT2 6AE,78,33,45,28
KT2 6AF,69,33,36,27
KT2 6AG,66,32,34,27
KT2 6AH,100,52,48,41
KT2 6AJ,97,51,46,38
KT2 6AL,3,1,2,2
KT2 6AP,88,44,44,34
KT2 6AQ,117,56,61,42
KT2 6AR,6,4,2,3
KT2 6AS,82,38,44,37
KT2 6AT,17,9,8,9
KT2 6AU,32,17,15,10
KT2 6AW,7,4,3,5
KT2 6AX,16,8,8,5
KT2 6AZ,48,26,22,22
KT2 6BA,46,19,27,19
KT2 6BB,17,7,10,3
KT2 6BD,82,38,44,39
KT2 6BE,22,9,13,7
KT2 6BF,38,16,22,21
KT2 6BG,2,1,1,1
KT2 6BL,14,8,6,4
KT2 6BN,15,5,10,6
KT2 6BP,49,19,30,25
KT2 6BS,76,40,36,28
KT2 6BU,21,11,10,8
KT2 6BW,26,14,12,18
KT2 6BX,45,20,25,22
KT2 6BZ,66,30,36,25
KT2 6DA,85,50,35,33
KT2 6DB,31,19,12,13
KT2 6DD,76,37,39,25
KT2 6DE,28,15,13,17
KT2 6DF,49,21,28,24
KT2 6DG,64,31,33,25
KT2 6DJ,11,4,7,4
KT2 6DL,74,36,38,30
KT2 6DN,63,38,25,26
KT2 6DP,59,34,25,24
KT2 6DQ,27,12,15,17
KT2 6DR,16,10,6,6
KT2 6DU,30,12,18,12
KT2 6DW,36,18,18,18
KT2 6DZ,17,9,8,6
KT2 6EA,26,8,18,8
KT2 6ED,35,14,21,24
KT2 6EE,34,4,30,0
KT2 6EF,103,52,51,37
KT2 6EG,80,40,40,34
KT2 6EH,85,55,30,26
KT2 6EJ,98,51,47,38
KT2 6EL,99,52,47,33
KT2 6EN,38,18,20,12
KT2 6EQ,9,5,4,6
KT2 6ER,22,15,7,14
KT2 6ES,64,33,31,23
KT2 6EU,64,30,34,24
KT2 6EY,12,7,5,4
KT2 6EZ,27,13,14,11
KT2 6FZ,22,11,11,12
KT2 6GW,15,7,8,6
KT2 6HB,27,13,14,11
KT2 6HD,122,60,62,46
KT2 6HE,86,48,38,32
KT2 6HF,106,46,60,39
KT2 6HG,64,30,34,26
KT2 6HP,92,40,52,34
KT2 6HQ,37,18,19,13
KT2 6HS,18,5,13,12
KT2 6HT,39,21,18,14
KT2 6HU,85,39,46,38
KT2 6HX,12,9,3,9
KT2 6HY,85,47,38,35
KT2 6HZ,8,4,4,2
KT2 6JA,19,9,10,8
KT2 6JB,27,12,15,11
KT2 6JD,33,21,12,31
KT2 6JF,78,38,40,34
KT2 6JG,32,14,18,13
KT2 6JH,61,30,31,26
KT2 6JJ,38,21,17,13
KT2 6JL,19,11,8,8
KT2 6JN,36,14,22,12
KT2 6JP,134,62,72,45
KT2 6JQ,68,32,36,25
KT2 6JR,156,77,79,56
KT2 6JS,37,17,20,25
KT2 6JT,77,46,31,45
KT2 6JW,12,5,7,5
KT2 6JX,54,31,23,25
KT2 6JY,59,28,31,38
KT2 6JZ,23,13,10,14
KT2 6LE,70,41,29,31
KT2 6LF,75,33,42,28
KT2 6LG,108,58,50,33
KT2 6LH,91,38,53,31
KT2 6LJ,117,59,58,48
KT2 6LL,27,11,16,11
KT2 6LN,62,31,31,22
KT2 6LP,65,25,40,21
KT2 6LQ,102,57,45,32
KT2 6LR,92,46,46,31
KT2 6LS,122,56,66,46
KT2 6LT,68,35,33,23
KT2 6LU,120,61,59,53
KT2 6LW,91,39,52,34
KT2 6ND,43,16,27,23
KT2 6NH,7,4,3,2
KT2 6NJ,18,12,6,10
KT2 6NQ,16,6,10,15
KT2 6NU,17,8,9,9
KT2 6PA,13,5,8,11
KT2 6PH,103,57,46,41
KT2 6PJ,141,67,74,44
KT2 6PL,61,33,28,25
KT2 6PN,74,33,41,26
KT2 6PP,24,13,11,15
KT2 6PW,39,22,17,14
KT2 6PX,31,18,13,22
KT2 6QA,21,11,10,7
KT2 6QD,31,18,13,19
KT2 6QF,46,25,21,25
KT2 6QJ,17,11,6,10
KT2 6QL,6,1,5,5
KT2 6QP,2,1,1,1
KT2 6QR,36,15,21,17
KT2 6QS,94,48,46,46
KT2 6QW,66,28,38,29
KT2 6RA,60,28,32,27
KT2 6RB,61,26,35,26
KT2 6RE,22,9,13,10
KT2 6RH,121,61,60,47
KT2 6RJ,25,14,11,11
KT2 6RN,19,12,7,0
KT2 6RR,85,46,39,43
KT2 6RS,75,36,39,35
KT2 6RT,43,23,20,27
KT2 6RU,66,28,38,32
KT2 6RW,21,11,10,11
KT2 6RY,47,14,33,41
KT2 6RZ,127,56,71,61
KT2 6SA,57,27,30,21
KT2 6SB,99,56,43,47
KT2 6SD,41,20,21,19
KT2 6SE,5,2,3,2
KT2 6SF,29,13,16,12
KT2 6SG,13,3,10,7
KT2 6SH,21,9,12,11
KT2 6SJ,2,0,2,2
KT2 6SL,31,13,18,12
KT2 6SN,5,2,3,3
KT2 6SQ,23,8,15,9
KT2 6SS,52,17,35,39
KT2 6ST,43,25,18,20
KT2 6SU,68,32,36,31
KT2 7AA,30,14,16,15
KT2 7AB,43,19,24,26
KT2 7AD,3,1,2,0
KT2 7AE,13,4,9,6
KT2 7AF,26,14,12,12
KT2 7AG,28,11,17,13
KT2 7AJ,184,65,119,52
KT2 7AL,70,40,30,30
KT2 7AN,35,18,17,18
KT2 7AQ,62,25,37,27
KT2 7AS,25,12,13,15
KT2 7AU,58,29,29,29
KT2 7AW,45,24,21,18
KT2 7AX,15,7,8,5
KT2 7AY,12,7,5,6
KT2 7BB,2,2,0,2
KT2 7BJ,79,44,35,32
KT2 7BL,57,30,27,36
KT2 7BN,65,32,33,24
KT2 7BP,73,46,27,34
KT2 7BQ,25,10,15,17
KT2 7BS,95,44,51,51
KT2 7BT,32,15,17,18
KT2 7BU,29,13,16,13
KT2 7BW,47,22,25,20
KT2 7BX,57,29,28,20
KT2 7BY,54,25,29,20
KT2 7BZ,41,22,19,12
KT2 7DA,21,7,14,5
KT2 7DB,34,15,19,9
KT2 7DD,65,32,33,19
KT2 7DE,58,30,28,18
KT2 7DF,42,21,21,14
KT2 7DH,42,24,18,12
KT2 7DL,13,7,6,5
KT2 7DN,30,15,15,10
KT2 7DQ,48,21,27,17
KT2 7DS,14,8,6,4
KT2 7DT,18,8,10,9
KT2 7DU,70,32,38,24
KT2 7DX,35,18,17,19
KT2 7DY,81,42,39,29
KT2 7DZ,32,17,15,11
KT2 7EA,32,17,15,10
KT2 7EB,82,38,44,24
KT2 7EE,47,22,25,16
KT2 7EF,21,11,10,5
KT2 7EH,4,1,3,1
KT2 7EQ,12,10,2,4
KT2 7ER,56,29,27,20
KT2 7ES,57,30,27,20
KT2 7ET,52,25,27,19
KT2 7EU,11,8,3,2
KT2 7EW,37,17,20,11
KT2 7EX,40,22,18,12
KT2 7EY,83,37,46,25
KT2 7EZ,7,2,5,2
KT2 7HA,44,24,20,14
KT2 7HB,13,7,6,4
KT2 7HD,43,22,21,14
KT2 7HE,12,6,6,3
KT2 7HF,22,11,11,8
KT2 7HG,99,50,49,27
KT2 7HH,29,15,14,8
KT2 7HJ,361,194,167,0
KT2 7HN,57,33,24,18
KT2 7HP,23,14,9,8
KT2 7HR,13,6,7,6
KT2 7HS,31,17,14,11
KT2 7HT,5,2,3,2
KT2 7HU,31,18,13,10
KT2 7HW,36,19,17,12
KT2 7HX,34,17,17,9
KT2 7HY,55,28,27,14
KT2 7HZ,20,6,14,9
KT2 7JA,9,5,4,4
KT2 7JB,90,44,46,26
KT2 7JD,50,25,25,18
KT2 7JF,27,13,14,11
KT2 7JG,27,14,13,14
KT2 7JH,29,13,16,13
KT2 7JJ,14,6,8,6
KT2 7JL,38,19,19,16
KT2 7JN,88,38,50,31
KT2 7JP,9,5,4,3
KT2 7JQ,44,17,27,19
KT2 7JR,2,2,0,1
KT2 7JS,18,8,10,5
KT2 7JT,62,32,30,20
KT2 7JU,36,18,18,13
KT2 7JW,10,5,5,4
KT2 7JX,10,7,3,4
KT2 7JY,29,17,12,10
KT2 7JZ,14,7,7,6
KT2 7LD,4,2,2,1
KT2 7LE,42,12,30,37
KT2 7LF,55,24,31,29
KT2 7LH,124,54,70,47
KT2 7LJ,110,50,60,43
KT2 7LL,128,61,67,39
KT2 7LN,22,9,13,9
KT2 7LP,20,8,12,7
KT2 7LR,3,1,2,1
KT2 7LS,35,17,18,12
KT2 7LT,48,20,28,21
KT2 7LU,30,14,16,10
KT2 7LX,106,36,70,15
KT2 7LY,9,3,6,4
KT2 7LZ,9,5,4,4
KT2 7NA,6,2,4,4
KT2 7NH,43,23,20,20
KT2 7NP,24,12,12,10
KT2 7NQ,10,6,4,5
KT2 7NR,42,21,21,13
KT2 7NT,43,17,26,15
KT2 7NU,36,17,19,11
KT2 7NX,18,8,10,6
KT2 7NY,43,19,24,14
KT2 7PA,22,12,10,7
KT2 7PB,1,0,1,1
KT2 7PE,107,0,107,0
KT2 7PF,12,8,4,5
KT2 7PG,28,15,13,11
KT2 7PQ,81,43,38,30
KT2 7PS,62,31,31,25
KT2 7PT,94,46,48,41
KT2 7PW,71,41,30,38
KT2 7PX,21,9,12,7
KT2 7PY,67,28,39,33
KT2 7PZ,53,26,27,18
KT2 7QB,75,12,63,0
KT2 7QD,28,16,12,9
KT2 7QE,6,2,4,4
KT2 7QF,58,32,26,18
KT2 7QG,5,2,3,2
KT2 7QH,96,45,51,38
KT2 7QL,70,33,37,38
KT2 7QQ,75,38,37,32
KT2 7QR,47,24,23,17
KT2 7QS,12,6,6,6
KT2 7QT,74,43,31,24
KT2 7QU,10,5,5,7
KT2 7QX,57,27,30,17
KT2 7QY,102,46,56,54
KT2 7QZ,66,23,43,30
KT2 7RA,69,36,33,36
KT2 7RB,74,31,43,27
KT2 7RD,72,36,36,27
KT2 7RE,22,12,10,6
KT2 7RF,37,22,15,13
KT2 7RG,40,22,18,15
KT2 7RH,34,19,15,22
KT2 7RJ,25,13,12,16
KT2 7RL,54,28,26,21
KT2 7RP,64,23,41,24
KT2 7RQ,24,13,11,11
KT2 7RS,74,37,37,24
KT2 7RT,80,36,44,26
KT2 7RU,79,35,44,24
KT2 7RW,57,30,27,18
KT2 7RX,58,28,30,15
KT2 7RY,23,10,13,8
KT2 7RZ,27,13,14,10
KT2 7SA,72,38,34,24
KT2 7SB,53,27,26,16
KT2 7SD,57,20,37,27
KT2 7SE,34,18,16,16
KT2 7SF,67,38,29,24
KT2 7SG,15,6,9,6
KT2 7SJ,18,7,11,12
KT2 7SL,20,10,10,8
KT2 7SN,21,10,11,9
KT2 7SP,24,11,13,10
KT2 7SQ,23,12,11,12
KT2 7SR,27,16,11,9
KT2 7SS,10,6,4,3
KT2 7ST,59,34,25,32
KT2 7SU,64,32,32,21
KT2 7SW,7,3,4,4
KT2 7SX,58,26,32,22
KT2 7SY,14,9,5,6
KT2 7SZ,58,31,27,18
KT2 7TD,54,22,32,16
KT2 7TE,19,11,8,8
KT2 7TF,8,3,5,2
KT2 7TG,78,37,41,24
KT2 7TH,57,25,32,17
KT2 7TJ,68,34,34,25
KT2 7TL,50,23,27,16
KT2 7TN,18,8,10,9
KT2 7TQ,67,33,34,25
KT2 7TR,19,6,13,11
KT2 7TS,108,54,54,55
KT2 7TT,46,22,24,13
KT2 7TU,117,57,60,63
KT2 7TW,21,9,12,10
KT2 7UA,12,7,5,8
KT2 7UD,8,4,4,4
KT2 7UN,20,11,9,6
KT2 7XA,64,31,33,22
KT205AD,17,10,7,6
KT205AH,8,2,6,3
KT205AL,20,9,11,13
KT205AN,27,12,15,16
KT205AP,13,6,7,5
KT205AR,27,10,17,16
KT205AS,16,9,7,5
KT205AT,75,33,42,10
KT205AU,39,18,21,14
KT205AW,4,3,1,1
KT205AX,43,16,27,24
KT205AY,35,14,21,16
KT205AZ,10,5,5,3
KT205BA,3,1,2,1
KT205BB,3,2,1,2
KT205BE,40,18,22,12
KT205BG,44,14,30,33
KT205BH,3,1,2,1
KT205BL,6,2,4,2
KT205BN,12,6,6,5
KT205BQ,15,8,7,7
KT205BS,8,3,5,3
KT205BT,16,8,8,6
KT205BU,2,1,1,1
KT205BW,90,41,49,24
KT205BX,48,29,19,22
KT205BY,33,14,19,15
KT205BZ,52,26,26,18
KT205DB,57,20,37,6
KT205DD,8,5,3,3
KT205DE,34,16,18,13
KT205DF,34,17,17,12
KT205DG,21,10,11,6
KT205DH,54,29,25,19
KT205DJ,9,5,4,4
KT205DL,66,36,30,25
KT205DN,30,17,13,12
KT205DP,18,10,8,6
KT205DQ,18,7,11,8
KT205DR,81,44,37,32
KT205DS,64,33,31,30
KT205DT,11,6,5,9
KT205DU,30,14,16,12
KT205DW,1,1,0,1
KT205DX,13,6,7,6
KT205DY,16,7,9,6
KT205DZ,46,22,24,15
KT205EA,32,14,18,11
KT205EB,43,21,22,20
KT205ED,14,9,5,10
KT205EE,67,33,34,23
KT205EF,57,28,29,23
KT205EG,51,27,24,19
KT205EH,27,12,15,9
KT205EJ,27,16,11,9
KT205EN,5,3,2,3
KT205EP,128,59,69,47
KT205EQ,63,32,31,24
KT205ER,13,6,7,5
KT205ET,65,33,32,26
KT205EU,115,54,61,42
KT205EW,70,38,32,26
KT205EY,74,32,42,25
KT205GR,7,4,3,2
KT205HB,127,60,67,58
KT205HD,99,46,53,43
KT205HE,90,44,46,31
KT205HF,95,42,53,40
KT205HG,100,58,42,35
KT205HJ,63,31,32,20
KT205HL,40,21,19,16
KT205HN,107,50,57,36
KT205HP,106,51,55,38
KT205HR,33,16,17,20
KT205HS,17,8,9,8
KT205HT,64,26,38,22
KT205HU,46,24,22,22
KT205HW,24,11,13,11
KT205HX,77,39,38,38
KT205HY,133,53,80,46
KT205HZ,110,48,62,36
KT205JA,41,24,17,15
KT205JB,53,26,27,31
KT205JD,52,27,25,20
KT205JF,61,26,35,40
KT205JG,73,34,39,35
KT205JH,104,52,52,45
KT205JJ,59,27,32,23
KT205JN,60,27,33,32
KT205JP,34,19,15,14
KT205JQ,90,42,48,34
KT205JS,100,44,56,40
KT205JT,52,23,29,20
KT205JU,22,8,14,20
KT205JW,89,41,48,34
KT205JX,26,14,12,6
KT205JY,98,42,56,36
KT205LA,67,34,33,32
KT205LB,95,42,53,50
KT205LD,71,36,35,26
KT205LE,67,33,34,28
KT205LF,49,25,24,20
KT205LG,59,29,30,22
KT205LH,85,40,45,32
KT205LJ,11,5,6,4
KT205LL,42,15,27,16
KT205LN,51,17,34,45
KT205LP,60,32,28,28
KT205LQ,40,20,20,16
KT205LS,60,29,31,24
KT205LT,28,9,19,11
KT205LU,32,17,15,13
KT205LW,29,19,10,12
KT205LX,64,36,28,25
KT205LY,40,21,19,15
KT205LZ,73,39,34,26
KT205NB,60,29,31,23
KT205NE,106,51,55,31
KT205NF,18,9,9,11
KT205NG,17,9,8,8
KT205NJ,82,41,41,32
KT205NN,25,6,19,21
KT205NP,85,34,51,41
KT205NQ,42,20,22,17
KT205NR,92,40,52,31
KT205NS,41,19,22,15
KT205NT,11,5,6,6
KT205NU,15,7,8,9
KT205NW,11,5,6,5
KT205PA,54,26,28,31
KT205PB,58,30,28,30
KT205PD,83,40,43,40
KT205PE,27,15,12,11
KT205PF,9,4,5,4
KT205PG,17,7,10,6
KT205PH,34,16,18,16
KT205PJ,84,41,43,39
KT205PL,14,7,7,6
KT205PN,35,15,20,15
KT205PQ,87,39,48,54
KT205PR,77,38,39,28
KT205PS,79,39,40,37
KT205PT,55,29,26,19
KT205PU,23,13,10,10
KT205PW,102,39,63,45
KT205PY,44,23,21,15
KT205QA,41,21,20,12
KT205QB,4,1,3,1
KT205QD,43,22,21,14
KT205QE,59,31,28,22
KT205QF,99,44,55,35
KT205QG,102,49,53,48
KT205QH,63,32,31,32
KT205QJ,87,41,46,30
KT205QL,37,13,24,13
KT205QN,40,17,23,16
KT205QP,146,72,74,51
KT205QQ,87,44,43,28
KT205QS,107,56,51,33
KT205QT,53,31,22,19
KT205QU,2,1,1,1
KT205QX,18,6,12,10
KT205QY,104,54,50,37
KT205QZ,10,6,4,4
KT205RA,23,9,14,6
KT205RB,20,9,11,11
KT205RD,18,10,8,14
KT205RF,11,5,6,7
KT205RG,34,15,19,13
KT205RH,17,9,8,7
KT205RJ,32,16,16,11
KT205RL,24,13,11,10
KT205RN,42,27,15,16
KT205RP,17,10,7,6
KT205RQ,25,13,12,9
KT205RR,6,4,2,2
KT205RS,37,19,18,14
KT205RT,6,3,3,3
KT205RU,51,26,25,0
KT205RW,11,6,5,5
KT205RX,19,9,10,5
KT205RY,51,18,33,42
KT205RZ,57,28,29,24
KT205SA,39,20,19,13
KT205SB,61,31,30,24
KT205SD,26,9,17,5
KT205SE,46,22,24,18
KT205SF,41,22,19,19
KT205SG,27,11,16,21
KT205SJ,78,36,42,39
KT205SL,19,9,10,9
KT205SP,14,8,6,4
KT205SQ,39,17,22,18
KT205SR,28,16,12,10
KT205SS,44,25,19,16
KT205ST,71,37,34,24
KT205SU,6,4,2,2
KT205SW,36,19,17,14
KT205SX,55,26,29,21
KT205TA,85,34,51,29
KT205TB,84,40,44,29
KT205TD,90,43,47,29
KT205TF,111,58,53,37
KT205TH,98,44,54,38
KT205TJ,23,10,13,11
KT205TL,12,6,6,5
KT205TN,19,10,9,8
KT205TP,24,12,12,9
KT205TQ,53,29,24,17
KT205TR,35,17,18,12
KT205TS,22,13,9,6
KT205TT,35,16,19,15
KT205TU,19,10,9,10
KT205TW,18,12,6,7
KT205TX,27,16,11,9
KT205TY,28,12,16,11
KT205TZ,29,14,15,14
KT205UA,36,22,14,13
KT205UB,32,13,19,12
KT205UD,44,25,19,17
KT205UE,15,6,9,5
KT205UF,29,16,13,10
KT205UR,39,15,24,26
KT205UT,29,15,14,14
KT206AA,5,4,1,3
KT206AB,4,2,2,1
KT206AF,49,28,21,17
KT206AG,23,13,10,10
KT206AH,5,2,3,2
KT206AJ,3,2,1,1
KT206AL,10,7,3,2
KT206AQ,44,25,19,16
KT206AR,16,4,12,5
KT206AT,21,15,6,11
KT206AW,154,63,91,97
KT206AY,10,4,6,4
KT206BA,30,13,17,10
KT206BB,78,43,35,25
KT206BG,7,2,5,5
KT206BJ,19,11,8,5
KT206BL,2,1,1,1
KT206BN,16,8,8,5
KT206BQ,38,19,19,29
KT206BS,106,49,57,39
KT206BT,16,8,8,7
KT206BW,21,13,8,8
KT206BY,31,19,12,15
KT206BZ,57,31,26,24
KT206DA,110,54,56,41
KT206DB,26,11,15,10
KT206DD,7,3,4,2
KT206DF,22,13,9,14
KT206DG,3,2,1,2
KT206DH,20,11,9,11
KT206DJ,2,0,2,1
KT206DP,96,44,52,38
KT206DR,135,63,72,66
KT206DS,10,4,6,3
KT206DT,26,15,11,8
KT206DU,23,13,10,9
KT206DW,7,2,5,2
KT206DZ,23,13,10,10
KT206EA,41,24,17,15
KT206EB,24,15,9,12
KT206EH,5,1,4,2
KT206EP,107,42,65,29
KT206ES,8,4,4,4
KT206ET,26,13,13,12
KT206EX,22,7,15,16
KT206HA,16,8,8,7
KT206HB,47,24,23,19
KT206HD,5,2,3,2
KT206HE,14,4,10,5
KT206HF,17,9,8,10
KT206HH,14,6,8,6
KT206HJ,20,10,10,8
KT206HL,42,22,20,16
KT206HN,24,15,9,13
KT206HR,14,6,8,6
KT206HT,36,16,20,13
KT206HU,49,28,21,16
KT206HW,41,22,19,15
KT206HX,6,4,2,2
KT206HY,50,22,28,18
KT206HZ,39,20,19,12
KT206JA,80,39,41,31
KT206JB,6,3,3,2
KT206JD,36,11,25,15
KT206JE,62,34,28,21
KT206JF,11,6,5,5
KT206JG,8,3,5,3
KT206JJ,32,12,20,10
KT206JN,3,1,2,1
KT206JP,40,21,19,21
KT206JQ,29,14,15,11
KT206JR,36,16,20,19
KT206JS,12,7,5,6
KT206JU,17,9,8,4
KT206JW,20,10,10,6
KT206LA,4,1,3,2
KT206LB,4,2,2,2
KT206LF,11,5,6,6
KT206LH,49,25,24,20
KT206LL,82,43,39,31
KT206LN,53,24,29,18
KT206LP,58,31,27,22
KT206LQ,36,22,14,13
KT206LR,39,23,16,14
KT206LU,40,23,17,13
KT206LX,14,7,7,6
KT206LZ,14,4,10,6
KT206NA,4,3,1,1
KT206ND,28,15,13,10
KT206NE,40,19,21,17
KT206NL,18,9,9,9
KT206NN,45,18,27,17
KT206NQ,43,25,18,19
KT206NR,63,32,31,18
KT206NS,12,7,5,4
KT206NT,24,11,13,11
KT206NU,42,23,19,14
KT206NW,61,29,32,23
KT206NX,54,26,28,18
KT206NY,31,14,17,10
KT206PA,23,12,11,10
KT206PJ,29,14,15,8
KT206PL,44,17,27,15
KT206PP,41,22,19,15
KT206PQ,83,30,53,16
KT206PR,40,16,24,12
KT206PS,54,26,28,18
KT206PT,44,22,22,14
KT206PU,20,9,11,9
KT206PX,23,11,12,8
KT206PY,47,21,26,17
KT206PZ,57,29,28,20
KT206QA,20,8,12,5
KT206QB,10,5,5,4
KT206QF,19,10,9,10
KT206QH,13,7,6,9
KT206QL,24,12,12,10
KT206QN,96,37,59,14
KT206QP,8,5,3,3
KT206QR,6,3,3,1
KT206QS,21,9,12,9
KT206QT,23,9,14,8
KT206QU,82,41,41,28
KT206QW,10,6,4,4
KT206QX,16,9,7,5
KT206QZ,7,4,3,4
KT206RD,70,39,31,27
KT206RE,95,51,44,31
KT206RH,14,8,6,7
KT206RL,2,1,1,1
KT206RP,1,0,1,1
KT206RR,4,3,1,2
KT206RT,1,1,0,1
KT206RU,78,41,37,35
KT206RX,2,0,2,2
KT206RY,108,49,59,49
KT206SB,8,2,6,4
KT206SH,40,16,24,27
KT206SL,2,1,1,1
KT206SU,26,13,13,17
KT206SW,39,22,17,27
KT206SX,69,36,33,27
KT206SY,40,22,18,19
KT206SZ,6,2,4,3
KT206TA,34,16,18,8
KT206TB,75,40,35,28
KT206TJ,42,24,18,13
KT206TL,46,21,25,15
KT206TP,9,5,4,3
KT206TR,13,6,7,6
KT206TT,38,19,19,14
KT206TU,8,4,4,2
KT206TX,61,34,27,25
KT206TZ,53,26,27,21
KT206UA,31,17,14,10
KT206UB,34,14,20,10
KT206UF,4,2,2,1
KT206UL,4,3,1,1
KT206UP,40,19,21,21
KT206UQ,5,2,3,1
KT206UT,4,2,2,2
KT206UU,35,17,18,11
KT206UY,38,19,19,23
KT206XA,10,3,7,4
KT206XD,7,3,4,2
KT206XE,28,15,13,11
KT206XG,24,10,14,11
KT206XJ,8,4,4,3
KT206XL,27,12,15,13
KT207AA,15,8,7,7
KT207AB,92,44,48,38
KT207AD,53,24,29,22
KT207AJ,22,10,12,7
KT207AL,3,1,2,1
KT207AQ,78,34,44,33
KT207AS,18,7,11,8
KT207AW,12,6,6,6
KT207AY,14,4,10,5
KT207BA,8,5,3,4
KT207BD,2,1,1,1
KT207BG,34,17,17,15
KT207BH,33,14,19,12
KT207BL,14,3,11,7
KT207BP,2,1,1,1
KT207BT,13,7,6,4
KT207DG,2,0,2,1
KT207DH,15,8,7,6
KT207DN,79,36,43,33
KT207DP,38,18,20,15
KT207DT,112,56,56,37
KT207DX,96,49,47,35
KT207DY,70,34,36,29
KT207DZ,14,9,5,8
KT207EA,2,0,2,2
KT207EB,43,20,23,20
KT207ED,13,6,7,4
KT207EF,44,22,22,14
KT207EJ,7,1,6,1
KT207EL,74,38,36,21
KT207EQ,12,5,7,4
KT207ES,19,11,8,8
KT207ET,11,6,5,5
KT207EW,71,36,35,33
KT207EY,2,1,1,1
KT207EZ,3,2,1,1
KT207HD,7,5,2,1
KT207HF,9,5,4,4
KT207HL,29,14,15,9
KT207HN,1,1,0,1
KT207HP,5,3,2,3
KT207HQ,20,13,7,6
KT207HS,2,0,2,2
KT207HU,2,1,1,1
KT207HX,9,5,4,6
KT207HZ,14,8,6,4
KT207JA,12,6,6,5
KT207JB,24,13,11,9
KT207JD,40,20,20,21
KT207JE,9,4,5,3
KT207JF,20,11,9,9
KT207JG,10,7,3,4
KT207JJ,11,5,6,6
KT207JL,18,10,8,9
KT207JN,43,22,21,14
KT207JQ,5,1,4,3
KT207JR,124,75,49,85
KT207JS,8,4,4,3
KT207JT,37,19,18,12
KT207JW,75,46,29,57
KT207JX,17,6,11,10
KT207JY,87,44,43,51
KT207JZ,8,4,4,3
KT207LA,6,3,3,2
KT207LB,4,2,2,1
KT207LF,4,1,3,2
KT207LG,23,11,12,6
KT207LJ,11,6,5,5
KT207LL,66,33,33,31
KT207LN,40,17,23,17
KT207LP,34,22,12,23
KT207LQ,5,3,2,3
KT207LR,87,45,42,48
KT207LS,19,12,7,9
KT207LT,6,3,3,4
KT207LW,21,11,10,11
KT207LY,154,73,81,92
KT207LZ,102,48,54,62
KT207NB,97,43,54,60
KT207NF,5,3,2,2
KT207NJ,14,8,6,5
KT207NS,6,3,3,2
KT207NX,4,1,3,1
KT207NY,8,3,5,5
KT207PA,5,2,3,2
KT207PD,4,2,2,2
KT207PF,2,1,1,1
KT207PH,1,0,1,1
KT207PJ,16,8,8,10
KT207PL,6,4,2,3
KT207PP,6,3,3,3
KT207PQ,2,1,1,1
KT207PR,7,3,4,5
KT207PS,9,4,5,5
KT207PT,9,6,3,3
KT207PU,69,36,33,52
KT207PW,6,3,3,3
KT207PY,20,11,9,10
KT207QB,30,17,13,12
KT207QD,33,15,18,14
KT207QE,42,20,22,18
KT207QF,135,65,70,49
KT207QG,33,20,13,12
KT207QH,12,4,8,6
KT207QJ,13,5,8,7
KT207QL,11,3,8,10
KT207QN,8,5,3,3
KT207QQ,27,14,13,9
KT207QR,13,7,6,5
KT207QS,21,11,10,6
KT207QT,89,35,54,13
KT207QU,13,8,5,4
KT207QW,4,2,2,3
KT207QX,21,9,12,9
KT207QY,2,1,1,1
KT207QZ,1,0,1,1
KT207RB,20,8,12,6
KT207RD,8,3,5,6
KT207RG,10,7,3,3
KT207RH,23,12,11,9
KT207RN,61,33,28,39
KT207RP,2,1,1,1
KT207RQ,27,23,4,4
KT207RR,45,28,17,16
KT207RT,22,13,9,14
KT207RU,9,5,4,4
KT207RW,22,7,15,14
KT207RX,11,6,5,3
KT207RY,18,8,10,12
KT207RZ,11,5,6,5
KT207SA,26,15,11,12
KT207SD,9,5,4,3
KT207SE,18,6,12,9
KT207SF,72,31,41,27
KT207SG,14,7,7,6
KT207SH,14,9,5,4
KT207SJ,77,40,37,36
KT207SN,42,22,20,17
KT207SP,11,5,6,6
KT207SQ,21,14,7,6
KT207SR,25,12,13,12
KT207ST,29,14,15,9
KT207SU,8,3,5,4
KT207SW,14,7,7,5
KT207TA,11,5,6,3
KT207TD,6,4,2,3
KT207TE,7,4,3,3
KT207TF,2,1,1,1
KT207TG,18,7,11,14
KT207TJ,20,9,11,7
KT207TL,2,1,1,1
KT207TN,11,7,4,4
KT207TP,1,0,1,1
KT207TQ,8,4,4,5
KT207TR,22,11,11,8
KT207TS,6,4,2,5
KT207TT,8,3,5,5
KT207TU,23,11,12,9
KT207TW,5,2,3,3
KT207TX,6,2,4,4
KT207TY,1,0,1,1
KT207TZ,17,9,8,8
KT207UA,24,12,12,8
KT207UB,10,4,6,4
KT207UD,16,6,10,8
KT207UE,8,5,3,4
KT207UF,61,29,32,23
KT207UG,81,40,41,27
KT207UH,16,8,8,9
KT207UJ,44,21,23,17
KT207UN,3,0,3,3
KT207UQ,76,38,38,24
KT207UW,9,4,5,6
KT207UZ,23,9,14,11
KT207XA,121,52,69,49
KT207XB,108,49,59,42
KT207XG,17,8,9,7
KT207XJ,1,1,0,1
KT211AA,33,18,15,16
KT211AF,24,10,14,7
KT211AG,3,2,1,1
KT211AL,15,5,10,11
KT211AW,9,6,3,6
KT211AZ,5,3,2,4
KT211BD,21,8,13,8
KT211BE,101,40,61,41
KT211BH,47,23,24,19
KT211BJ,57,33,24,30
KT211BL,65,33,32,23
KT211BN,29,12,17,18
KT211BS,18,9,9,6
KT211BT,26,10,16,13
KT211BU,49,25,24,17
KT211BZ,39,17,22,12
KT211DD,47,24,23,19
KT211DE,37,19,18,13
KT211DF,18,5,13,10
KT211DG,8,5,3,4
KT211DH,8,4,4,4
KT211DJ,20,9,11,10
KT211DL,85,37,48,34
KT211DP,11,6,5,4
KT211DR,4,3,1,2
KT211DS,6,3,3,2
KT211DT,13,6,7,5
KT211DU,7,4,3,2
KT211DW,46,23,23,21
KT211DX,5,3,2,2
KT211DY,3,1,2,3
KT211DZ,5,1,4,4
KT211EA,23,10,13,11
KT211EB,19,10,9,8
KT211ED,12,6,6,3
KT211EE,21,9,12,10
KT211EG,17,9,8,7
KT211EJ,27,18,9,12
KT211EN,4,3,1,2
KT211ET,56,28,28,1
KT211EU,33,15,18,11
KT211EY,18,11,7,4
KT211HA,13,5,8,6
KT211HD,2,1,1,1
KT211HF,6,3,3,2
KT211HJ,3,2,1,2
KT211HN,108,50,58,46
KT211HP,24,11,13,11
KT211HQ,1,1,0,1
KT211HR,10,4,6,6
KT211HS,50,22,28,20
KT211HU,5,3,2,2
KT211HY,14,7,7,7
KT211JA,1,1,0,1
KT211JB,9,5,4,4
KT211JL,38,19,19,14
KT211JN,39,17,22,13
KT211JR,18,9,9,9
KT211JS,41,18,23,22
KT211JU,38,22,16,15
KT211JX,28,13,15,9
KT211LD,31,15,16,11
KT211LE,5,3,2,3
KT211LF,32,13,19,17
KT211LG,9,3,6,6
KT211LH,97,52,45,39
KT211LJ,35,14,21,10
KT211LQ,42,21,21,19
KT211LR,75,37,38,28
KT211LS,27,16,11,15
KT211LT,10,5,5,2
KT211LU,13,4,9,6
KT211LW,20,11,9,10
KT211NA,77,38,39,25
KT211NB,77,40,37,28
KT211NE,79,34,45,29
KT211NG,82,39,43,30
KT211NH,31,17,14,10
KT211NL,87,41,46,29
KT211NN,126,56,70,46
KT211NP,119,60,59,37
KT211NQ,9,3,6,4
KT211NR,79,43,36,28
KT211NS,23,10,13,10
KT211NT,53,23,30,18
KT211NU,2,1,1,1
KT211NW,99,49,50,38
KT211NX,47,25,22,16
KT211NY,1,1,0,1
KT211PA,60,31,29,23
KT211PB,70,28,42,24
KT211PD,62,30,32,22
KT211PE,85,43,42,26
KT211PG,73,36,37,24
KT211PH,14,7,7,8
KT211PJ,140,68,72,48
KT211PL,62,34,28,21
KT211PP,69,34,35,25
KT211PR,69,35,34,23
KT211PS,76,39,37,31
KT211PT,72,33,39,28
KT211PU,85,45,40,31
KT211PW,101,52,49,36
KT211PX,81,38,43,31
KT211PY,28,12,16,16
KT211PZ,95,46,49,33
KT211QB,77,36,41,28
KT211QD,87,40,47,31
KT211QF,68,30,38,30
KT211QL,27,14,13,12
KT211QR,35,19,16,12
KT211QU,42,21,21,15
KT211QX,71,32,39,24
KT211QY,111,53,58,36
KT211QZ,123,60,63,44
KT211RB,33,16,17,13
KT211RD,11,6,5,5
KT211RE,6,3,3,3
KT211RF,2,1,1,1
KT211RG,3,3,0,1
KT211RH,89,44,45,40
KT211RL,40,18,22,14
KT211RN,21,9,12,13
KT211RP,8,3,5,2
KT211RQ,7,3,4,5
KT211RR,25,7,18,14
KT211RS,1,1,0,1
KT211RT,44,12,32,37
KT211RU,20,10,10,6
KT211RW,14,8,6,7
KT211RX,67,38,29,23
KT211RY,7,1,6,6
KT211RZ,85,45,40,32
KT211SA,13,7,6,3
KT211SB,15,7,8,8
KT211SD,38,18,20,15
KT211SE,66,30,36,23
KT211SF,116,53,63,49
KT211SG,119,56,63,53
KT211SH,39,19,20,14
KT211SJ,21,6,15,7
KT211SL,167,77,90,63
KT211SN,30,17,13,19
KT211SQ,87,42,45,36
KT211SW,32,12,20,10
KT212AB,35,9,26,29
KT212AD,5,4,1,2
KT212AH,29,17,12,16
KT212AL,35,17,18,23
KT212AN,6,2,4,3
KT212AP,24,9,15,10
KT212AQ,12,7,5,7
KT212AR,23,11,12,8
KT212AT,11,6,5,6
KT212AW,8,3,5,4
KT212AX,17,8,9,11
KT212AY,2,0,2,2
KT212AZ,34,17,17,16
KT212BA,41,17,24,20
KT212BB,25,9,16,14
KT212BD,13,5,8,10
KT212BE,53,22,31,17
KT212BF,9,3,6,6
KT212BG,11,4,7,6
KT212BH,17,5,12,12
KT212BJ,13,4,9,9
KT212BL,74,30,44,43
KT212BN,45,8,37,42
KT212BP,28,14,14,14
KT212BQ,90,43,47,40
KT212BS,41,23,18,21
KT212BT,34,20,14,9
KT212BU,23,11,12,9
KT212BY,38,15,23,15
KT212BZ,2,1,1,1
KT212DA,5,1,4,1
KT212DB,25,8,17,9
KT212DF,14,6,8,6
KT212DG,15,6,9,11
KT212DJ,37,14,23,18
KT212DN,19,9,10,9
KT212DP,26,13,13,9
KT212DY,13,6,7,5
KT212DZ,23,12,11,16
KT212EA,33,12,21,16
KT212ED,47,19,28,17
KT212EF,8,1,7,6
KT212EG,15,9,6,5
KT212EH,33,19,14,12
KT212EJ,15,7,8,4
KT212EN,12,5,7,6
KT212EP,10,5,5,4
KT212EQ,32,24,8,10
KT212ER,11,7,4,3
KT212ET,21,11,10,7
KT212EX,4,1,3,1
KT212EZ,2,1,1,1
KT212FE,19,8,11,10
KT212GA,12,5,7,6
KT212HA,46,20,26,16
KT212HB,51,25,26,22
KT212HD,14,6,8,5
KT212HE,4,1,3,3
KT212HF,30,14,16,10
KT212HG,13,6,7,7
KT212HH,23,10,13,12
KT212HJ,14,6,8,5
KT212HL,58,26,32,23
KT212HN,31,18,13,14
KT212HP,20,9,11,8
KT212HQ,12,6,6,8
KT212HR,51,25,26,19
KT212HS,94,49,45,33
KT212HU,34,18,16,12
KT212HW,59,32,27,22
KT212HX,100,51,49,34
KT212HY,103,48,55,36
KT212HZ,93,43,50,34
KT212JA,44,24,20,19
KT212JB,21,11,10,7
KT212JD,7,3,4,3
KT212JE,103,49,54,37
KT212JG,113,58,55,43
KT212JH,50,25,25,22
KT212JJ,46,21,25,19
KT212JL,50,29,21,25
KT212JN,40,19,21,14
KT212JP,10,5,5,5
KT212JQ,78,44,34,29
KT212JR,14,6,8,9
KT212JS,82,46,36,48
KT212JT,73,33,40,40
KT212JU,28,16,12,24
KT212JW,21,9,12,10
KT212JY,42,22,20,16
KT212JZ,44,20,24,16
KT212LB,55,27,28,21
KT212LD,70,35,35,26
KT212LF,90,44,46,36
KT212LG,56,26,30,21
KT212LH,57,23,34,21
KT212LJ,89,40,49,36
KT212LL,48,23,25,17
KT212LN,15,7,8,10
KT212LP,56,32,24,23
KT212LQ,20,10,10,9
KT212LR,109,52,57,36
KT212LS,28,17,11,9
KT212LT,35,18,17,10
KT212LU,120,57,63,49
KT212LW,33,15,18,17
KT212LX,52,26,26,23
KT212LY,28,13,15,12
KT212LZ,38,19,19,13
KT212NA,20,10,10,9
KT212NB,27,14,13,14
KT212ND,81,39,42,29
KT212NE,7,3,4,2
KT212NF,14,8,6,7
KT212NG,43,23,20,17
KT212NH,44,22,22,18
KT212NL,78,38,40,24
KT212NN,74,28,46,11
KT212NP,49,28,21,20
KT212NR,80,41,39,30
KT212NS,130,54,76,51
KT212NT,57,26,31,22
KT212NU,78,44,34,30
KT212NW,13,7,6,5
KT212NX,17,9,8,7
KT212NY,44,17,27,23
KT212NZ,41,19,22,14
KT212PA,21,9,12,10
KT212PB,10,7,3,4
KT212PD,42,21,21,14
KT212PF,19,9,10,8
KT212PG,8,4,4,5
KT212PH,24,13,11,10
KT212PJ,35,18,17,11
KT212PL,38,21,17,12
KT212PN,32,9,23,22
KT212PS,44,21,23,14
KT212PT,58,29,29,23
KT212PU,16,6,10,6
KT212PW,39,21,18,11
KT212PX,5,3,2,1
KT212PY,33,14,19,12
KT212QB,37,16,21,13
KT212QD,22,11,11,9
KT212QE,50,21,29,8
KT212QF,24,12,12,8
KT212QG,66,37,29,24
KT212QH,77,41,36,26
KT212QJ,31,9,22,16
KT212QL,7,3,4,2
KT212QN,47,16,31,31
KT212QP,12,5,7,6
KT212QR,6,3,3,2
KT212QS,72,38,34,26
KT212QT,52,28,24,16
KT212QU,39,20,19,15
KT212QW,8,6,2,5
KT212QX,14,8,6,7
KT212QY,52,23,29,20
KT212QZ,47,19,28,18
KT212RA,20,10,10,9
KT212RB,6,3,3,2
KT212RD,109,59,50,29
KT212RE,80,40,40,29
KT212RG,27,15,12,8
KT212RH,14,7,7,4
KT212RJ,59,34,25,23
KT212RL,33,17,16,11
KT212RN,21,7,14,13
KT212RP,10,5,5,8
KT212RT,114,48,66,35
KT212RU,30,16,14,21
KT212RW,12,6,6,10
KT212RX,13,5,8,4
KT212RY,37,13,24,27
KT212SA,14,6,8,4
KT212SD,11,5,6,4
KT212SE,18,8,10,4
KT212SG,13,6,7,6
KT212SH,7,3,4,3
KT212SL,24,13,11,8
KT212SN,14,6,8,6
KT212SP,12,6,6,4
KT212SU,25,13,12,16
KT212SY,65,33,32,29
KT212TD,62,29,33,28
KT212TE,11,5,6,6
KT212TF,62,30,32,21
KT212TH,20,9,11,7
KT212TL,93,42,51,36
KT212TN,45,20,25,18
KT212TP,57,26,31,17
KT212TQ,69,35,34,25
KT212TS,41,19,22,18
KT212TU,2,1,1,1
KT212TW,34,18,16,14
KT212TX,26,15,11,11
KT212TY,35,19,16,14
KT212TZ,10,4,6,6
KT212UA,9,4,5,4
KT212UB,7,3,4,4
KT212UD,38,24,14,11
KT212UE,13,5,8,6
KT212UF,12,6,6,6
KT212UH,18,10,8,6
KT212UJ,27,16,11,9
KT220AA,11,5,6,4
KT220AD,10,6,4,5
KT220AG,6,3,3,3
KT220AL,9,3,6,4
KT220AN,6,4,2,2
KT220AU,10,3,7,3
KT220AW,1,0,1,1
KT220AY,18,9,9,4
KT220BA,11,6,5,3
KT220BJ,23,9,14,9
KT220BN,10,9,1,0
KT220BP,1,1,0,1
KT220BQ,9,5,4,3
KT220BT,49,14,35,1
KT220BX,3,2,1,3
KT220BZ,22,11,11,9
KT220DF,13,7,6,5
KT220DJ,81,46,35,29
KT220DN,5,3,2,2
KT220DP,19,12,7,10
KT220DQ,13,5,8,5
KT220DT,5,3,2,2
KT220EE,4,3,1,2
KT220EG,19,8,11,6
KT220EL,15,9,6,5
KT220EN,37,17,20,14
KT220ER,10,5,5,3
KT220ET,66,32,34,24
KT220EW,8,4,4,2
KT220EX,25,12,13,11
KT220EY,49,24,25,17
KT220EZ,10,6,4,3
KT220HA,83,39,44,37
KT220HB,98,44,54,39
KT220HD,57,25,32,21
KT220HF,32,15,17,9
KT220HG,14,7,7,5
KT220HH,7,4,3,3
KT220HJ,7,3,4,3
KT220HL,15,6,9,7
KT220HN,26,17,9,7
KT220HQ,14,6,8,4
KT220HR,58,31,27,21
KT220HS,29,15,14,12
KT220HU,39,21,18,14
KT220HW,32,17,15,8
KT220HY,2,1,1,2
KT220HZ,46,22,24,15
KT220JD,16,9,7,4
KT220JE,16,10,6,7
KT220JF,5,3,2,3
KT220JH,34,16,18,13
KT220JJ,2,1,1,1
KT220JN,3,2,1,2
KT220JP,3,2,1,2
KT220JQ,8,4,4,3
KT220JR,7,4,3,4
KT220JT,23,10,13,9
KT220JU,17,9,8,5
KT220JW,6,3,3,3
KT220JX,40,16,24,14
KT220JY,9,4,5,3
KT220JZ,29,12,17,18
KT220LB,24,15,9,10
KT220LE,23,10,13,8
KT220LF,35,17,18,13
KT220LG,39,16,23,16
KT220LJ,27,13,14,10
KT220LL,14,7,7,6
KT220LP,13,6,7,5
KT220LQ,36,20,16,13
KT220LR,21,9,12,7
KT220LU,42,21,21,16
KT220LW,41,24,17,12
KT220LX,49,28,21,16
KT220LZ,62,30,32,18
KT220ND,21,10,11,5
KT220NG,58,26,32,16
KT220NH,15,7,8,4
KT220NJ,75,39,36,25
KT220NN,11,4,7,3
KT220NT,21,10,11,8
KT220NU,11,5,6,3
KT220NX,15,7,8,4
KT220NZ,2,1,1,1
KT220PB,46,23,23,14
KT220PD,20,4,16,18
KT220PE,31,12,19,8
KT220PF,18,8,10,5
KT220PH,18,10,8,5
KT220PJ,4,3,1,1
KT220PL,16,9,7,5
KT220PN,26,15,11,6
KT220PP,8,5,3,3
KT220PQ,5,2,3,2
KT220PR,13,7,6,4
KT220PS,24,10,14,9
KT220PW,16,8,8,6
KT220PZ,3,2,1,2
KT220QA,9,2,7,2
KT220QB,42,19,23,11
KT220QE,42,20,22,13
KT220QH,56,21,35,21
KT220QJ,29,15,14,11
KT220QL,27,14,13,10
KT220QP,22,10,12,9
KT220QQ,17,8,9,5
KT220QR,17,8,9,7
KT220QS,24,14,10,6
KT220QT,16,8,8,10
KT220QU,54,25,29,16
KT220QZ,6,3,3,4
KT220RA,18,11,7,4
KT220RD,24,12,12,8
KT220RE,33,12,21,10
KT220RF,48,22,26,16
KT220RJ,21,13,8,15
KT220RL,11,5,6,6
KT220RT,37,19,18,15
KT220RW,35,18,17,14
KT220RX,25,14,11,10
KT220RZ,81,35,46,31
KT220SA,19,11,8,7
KT220SB,12,4,8,10
KT220SD,59,30,29,33
KT220SF,60,30,30,24
KT220SH,72,32,40,34
KT220SJ,4,0,4,1
KT220SP,53,27,26,15
KT220SQ,41,22,19,20
KT220SS,40,21,19,11
KT220ST,18,10,8,7
KT220SU,9,5,4,3
KT220SW,14,8,6,5
KT220SZ,2,1,1,1
KT220TA,5,3,2,2
KT220TE,2,1,1,1
KT220TH,8,4,4,3
KT220TJ,36,21,15,8
KT220TN,17,8,9,6
KT220TP,24,11,13,10
KT220TQ,8,5,3,1
KT220TR,3,2,1,1
KT220TW,43,22,21,15
KT220TY,6,4,2,2
KT220UF,6,3,3,4
KT220UL,47,24,23,16
KT220UP,14,7,7,5
KT220UR,42,22,20,14
KT220UT,37,19,18,14
KT220UU,26,12,14,9
KT227AA,5,1,4,4
KT227AB,12,7,5,9
KT227AT,8,6,2,6
KT227AX,9,7,2,3
KT227BH,3,2,1,1
KT227BJ,19,11,8,10
KT227BN,22,11,11,6
KT227BP,19,7,12,7
KT227BT,25,15,10,8
KT227BU,142,68,74,59
KT227BW,30,16,14,11
KT227BX,4,1,3,2
KT227BY,16,9,7,6
KT227BZ,6,5,1,2
KT227DA,13,8,5,6
KT227DF,12,3,9,5
KT227DN,44,18,26,18
KT227DR,12,8,4,5
KT227DS,4,2,2,2
KT227DT,9,5,4,4
KT227DU,14,9,5,5
KT227DW,99,51,48,42
KT227DX,33,11,22,29
KT227DY,1,1,0,1
KT227DZ,94,45,49,66
KT227EA,75,36,39,36
KT227EB,19,9,10,6
KT227ED,106,55,51,38
KT227EE,120,53,67,43
KT227EF,8,6,2,3
KT227EG,91,47,44,49
KT227EH,37,17,20,18
KT227EJ,16,9,7,8
KT227EL,25,14,11,21
KT227EN,12,5,7,7
KT227EP,3,2,1,2
KT227EQ,63,33,30,34
KT227ER,20,13,7,16
KT227EU,6,4,2,4
KT227EW,13,8,5,7
KT227EX,15,8,7,6
KT227EY,25,11,14,12
KT227EZ,6,2,4,5
KT227FH,6,3,3,2
KT227FN,23,14,9,15
KT227GA,23,12,11,16
KT227GB,28,19,9,17
KT227GD,31,18,13,15
KT227GE,36,17,19,18
KT227GF,19,9,10,11
KT227GG,30,15,15,12
KT227GH,13,7,6,9
KT227GJ,21,11,10,11
KT227GL,10,6,4,5
KT227GN,5,3,2,4
KT227GW,16,6,10,5
KT227HA,17,9,8,13
KT227HB,71,35,36,23
KT227HD,43,19,24,21
KT227HE,25,13,12,14
KT227HG,20,10,10,11
KT227HH,13,9,4,9
KT227HL,42,33,9,32
KT227HN,46,19,27,31
KT227HP,23,14,9,14
KT227HQ,11,6,5,7
KT227HR,27,15,12,11
KT227HS,31,14,17,12
KT227HT,49,25,24,19
KT227HU,82,33,49,51
KT227HW,12,7,5,9
KT227HX,108,54,54,53
KT227HY,87,47,40,44
KT227HZ,53,27,26,19
KT227JA,9,5,4,4
KT227JB,42,22,20,20
KT227JD,35,18,17,11
KT227JE,12,7,5,7
KT227JF,42,26,16,18
KT227JG,53,24,29,28
KT227JL,84,52,32,60
KT227JQ,75,36,39,38
KT227JR,82,40,42,41
KT227JS,24,12,12,6
KT227JT,25,16,9,10
KT227JU,29,15,14,12
KT227JX,20,9,11,9
KT227JY,23,12,11,10
KT227LA,8,3,5,7
KT227LD,47,26,21,35
KT227LN,21,14,7,16
KT227LQ,12,5,7,7
KT227NE,151,75,76,47
KT227NF,28,12,16,18
KT227NG,60,35,25,23
KT227NH,56,34,22,19
KT227NP,133,66,67,36
KT227NQ,76,32,44,27
KT227NR,124,59,65,38
KT227NS,216,101,115,61
KT227NT,57,27,30,21
KT227NX,28,17,11,15
KT227NY,63,31,32,23
KT227PA,113,64,49,37
KT227PB,53,32,21,20
KT227PD,15,7,8,7
KT227PE,66,30,36,27
KT227PF,8,5,3,5
KT227PH,23,16,7,10
KT227PJ,9,6,3,5
KT227PS,12,7,5,5
KT227PZ,92,45,47,39
KT227QA,50,27,23,22
KT227QD,14,11,3,5
KT227QE,80,41,39,40
KT227QF,8,3,5,3
KT227QG,102,53,49,35
KT227QH,63,32,31,28
KT227QJ,28,11,17,12
KT227QL,74,35,39,24
KT227QN,86,44,42,28
KT227QP,38,12,26,15
KT227QQ,20,7,13,10
KT227QR,84,36,48,26
KT227QS,58,33,25,19
KT227QT,96,49,47,36
KT227QU,39,21,18,14
KT227QW,26,14,12,12
KT227QX,9,4,5,4
KT227QY,36,17,19,13
KT227QZ,47,23,24,20
KT227RA,40,19,21,19
KT227RE,30,15,15,12
KT227RF,49,30,19,17
KT227RG,35,20,15,14
KT227RN,58,26,32,40
KT227RP,89,40,49,37
KT227RQ,59,31,28,22
KT227RR,26,15,11,13
KT227RW,38,18,20,36
KT227SF,12,9,3,7
KT227SH,61,27,34,24
KT227SJ,22,11,11,11
KT227SL,53,30,23,23
KT227SN,92,42,50,34
KT227SP,10,5,5,5
KT227SR,14,6,8,5
KT227SU,3,3,0,1
KT227TB,15,10,5,7
KT227TE,9,7,2,7
KT227TF,64,28,36,27
KT227TH,13,8,5,4
KT227TJ,11,6,5,4
KT227TQ,87,42,45,29
KT227TW,21,7,14,14
KT227UF,12,8,4,9
KT227UH,38,20,18,19
KT227UJ,68,37,31,39
KT227UL,2,1,1,2
KT227UN,41,24,17,27
KT227US,14,10,4,10
KT227UT,32,20,12,20
KT227UW,29,16,13,19
KT227UY,1,1,0,0
KT227XA,165,77,88,82
KT227XB,100,46,54,48
KT227XG,19,11,8,11
KT227XL,21,10,11,15
KT227XP,82,46,36,39
KT228AD,7,4,3,4
KT228AG,12,9,3,8
KT228AH,6,5,1,5
KT228AJ,6,5,1,2
KT228AN,9,6,3,7
KT228AP,23,11,12,11
KT228AR,29,11,18,17
KT228AS,14,6,8,7
KT228AT,48,28,20,21
KT228AW,1,0,1,1
KT228AX,31,16,15,17
KT228AY,14,7,7,6
KT228AZ,33,14,19,23
KT228BA,10,5,5,4
KT228BD,9,5,4,6
KT228BF,29,18,11,16
KT228BG,11,2,9,9
KT228BH,85,38,47,41
KT228BL,5,4,1,3
KT228BN,10,4,6,4
KT228BQ,9,8,1,6
KT228BW,48,24,24,24
KT228BX,5,2,3,2
KT228BZ,8,5,3,4
KT228DA,7,3,4,5
KT228DN,1,1,0,1
KT228DW,37,23,14,20
KT228ED,12,7,5,6
KT228EE,23,10,13,11
KT228EH,7,3,4,4
KT228EJ,10,5,5,3
KT228EL,7,3,4,4
KT228EP,20,12,8,8
KT228ER,20,9,11,12
KT228ET,20,13,7,0
KT228EU,3,2,1,1
KT228EX,29,13,16,11
KT228EY,61,27,34,23
KT228EZ,5,2,3,3
KT228HA,7,3,4,3
KT228HB,48,22,26,22
KT228HG,7,4,3,4
KT228HH,63,31,32,33
KT228HP,8,5,3,7
KT228HQ,9,4,5,4
KT228HR,6,2,4,3
KT228HS,15,6,9,11
KT228HU,10,6,4,9
KT228JA,9,1,8,6
KT228JB,10,6,4,4
KT228JD,11,8,3,6
KT228JE,3,1,2,1
KT228JF,2,1,1,1
KT228JG,2,0,2,1
KT228JH,15,6,9,6
KT228JJ,10,5,5,5
KT228JQ,18,7,11,8
KT228JT,2,1,1,1
KT228JW,37,18,19,13
KT228JY,7,4,3,2
KT228JZ,3,1,2,1
KT228LA,16,5,11,6
KT228LB,10,4,6,4
KT228LD,26,12,14,9
KT228LE,66,31,35,40
KT228LF,23,10,13,11
KT228LG,26,14,12,9
KT228LH,20,11,9,8
KT228LJ,34,17,17,14
KT228LN,10,4,6,4
KT228LP,11,4,7,4
KT228LR,33,15,18,13
KT228LT,21,11,10,7
KT228LU,27,14,13,11
KT228LW,15,7,8,6
KT228LX,14,5,9,4
KT228LY,14,5,9,4
KT228LZ,51,24,27,19
KT228NA,9,3,6,4
KT228NB,38,19,19,17
KT228ND,24,13,11,14
KT228NE,65,32,33,24
KT228NF,15,8,7,7
KT228NG,25,13,12,7
KT228NH,9,5,4,4
KT228NJ,44,23,21,17
KT228NL,77,29,48,53
KT228NN,50,26,24,19
KT228NP,7,3,4,2
KT228NQ,30,19,11,10
KT228NR,7,1,6,0
KT228NT,4,3,1,1
KT228NU,36,21,15,16
KT228NW,27,9,18,7
KT228NX,33,17,16,13
KT228NY,26,13,13,13
KT228NZ,36,18,18,17
KT228PA,51,25,26,17
KT228PB,8,4,4,4
KT228PD,2,1,1,1
KT228PF,8,3,5,4
KT228PG,64,30,34,25
KT228PH,13,6,7,5
KT228PJ,12,6,6,7
KT228PP,11,5,6,6
KT228PQ,4,1,3,3
KT228PT,31,14,17,12
KT228PU,23,11,12,6
KT228PW,29,14,15,15
KT228PY,20,13,7,6
KT228QE,13,3,10,6
KT228QF,10,7,3,3
KT228QH,15,9,6,7
KT228QJ,46,26,20,19
KT228QR,10,5,5,3
KT228QS,2,0,2,1
KT228QT,32,21,11,10
KT228QU,30,17,13,23
KT228QW,45,22,23,16
KT228QX,8,5,3,3
KT228QY,39,23,16,14
KT228RA,40,19,21,13
KT228RB,13,9,4,5
KT228RD,2,1,1,1
KT228RE,15,8,7,6
KT228RF,34,13,21,13
KT228RG,17,11,6,8
KT228RH,8,4,4,4
KT228RJ,45,12,33,41
KT228RN,43,24,19,25
KT228RP,11,3,8,9
KT228RQ,34,17,17,17
KT228RR,30,16,14,11
KT228RS,22,10,12,9
KT228RU,36,19,17,12
KT228RW,19,8,11,7
KT228RX,17,8,9,12
KT228RY,3,1,2,1
KT228RZ,59,14,45,0
KT228SA,6,3,3,6
KT228SB,29,14,15,14
KT228SE,92,47,45,34
KT228SF,77,40,37,45
KT228SG,25,13,12,14
KT228SH,123,61,62,47
KT228SJ,23,11,12,9
KT228SN,20,12,8,13
KT228SP,99,70,29,6
KT228SQ,16,8,8,6
KT228SR,11,6,5,5
KT228SS,14,9,5,8
KT228ST,20,11,9,12
KT228SU,49,26,23,17
KT228SW,13,6,7,9
KT228SX,60,26,34,23
KT228SY,18,7,11,13
KT228SZ,5,1,4,2
KT228TA,50,24,26,29
KT228TB,24,10,14,14
KT228TD,12,6,6,10
KT228TE,2,1,1,1
KT228TF,53,26,27,21
KT228TG,15,7,8,9
KT228TH,31,13,18,11
KT228TL,12,5,7,4
KT228TN,28,13,15,10
KT228TP,74,38,36,24
KT228TQ,3,2,1,1
KT228TT,91,40,51,33
KT228TW,38,21,17,13
KT228TX,45,19,26,0
KT228TY,60,23,37,27
KT228TZ,7,3,4,6
KT228UA,24,11,13,10
KT228UB,13,7,6,5
KT228UD,22,10,12,7
KT228UE,98,47,51,31
KT228UG,55,24,31,41
KT228UH,28,12,16,14
KT228UJ,51,27,24,33
KT228UL,5,2,3,4
KT228UN,85,32,53,57
KT228UQ,36,15,21,15
KT228US,20,10,10,7
KT228XH,20,11,9,6
KT229AA,4,1,3,2
KT229AB,5,3,2,4
KT229AL,11,7,4,2
KT229AP,56,26,30,20
KT229AR,6,4,2,2
KT229AT,20,7,13,5
KT229AU,23,11,12,9
KT229AW,23,14,9,8
KT229AY,3,1,2,2
KT229AZ,51,26,25,16
KT229BA,22,10,12,11
KT229BB,18,10,8,6
KT229BD,27,12,15,11
KT229BE,17,7,10,7
KT229BF,12,5,7,4
KT229BG,47,23,24,15
KT229BH,21,9,12,9
KT229BJ,28,12,16,10
KT229BN,8,4,4,3
KT229BP,13,4,9,3
KT229BQ,54,28,26,22
KT229BS,36,18,18,10
KT229BU,74,40,34,25
KT229BW,19,10,9,7
KT229BX,36,19,17,24
KT229BY,20,9,11,9
KT229BZ,15,7,8,7
KT229DB,41,19,22,14
KT229DD,13,6,7,6
KT229DH,32,15,17,12
KT229DJ,5,2,3,1
KT229DL,26,15,11,11
KT229DN,71,38,33,39
KT229DP,72,39,33,23
KT229DQ,23,14,9,15
KT229DS,42,19,23,18
KT229DT,26,12,14,11
KT229DU,38,21,17,14
KT229DW,20,12,8,9
KT229DX,3,1,2,1
KT229DY,24,14,10,10
KT229DZ,50,25,25,22
KT229EA,27,15,12,12
KT229EB,40,20,20,17
KT229ED,8,4,4,3
KT229EE,40,22,18,17
KT229EF,27,13,14,11
KT229EG,34,16,18,11
KT229EJ,26,17,9,10
KT229EL,70,39,31,23
KT229EN,55,30,25,18
KT229EP,21,12,9,8
KT229EQ,22,11,11,8
KT229ER,20,10,10,7
KT229ES,46,25,21,17
KT229ET,79,39,40,27
KT229EU,47,23,24,20
KT229EW,21,11,10,10
KT229EX,33,17,16,16
KT229EY,25,13,12,9
KT229EZ,40,27,13,17
KT229FL,8,5,3,3
KT229GS,22,9,13,14
KT229HA,27,13,14,11
KT229HB,14,6,8,6
KT229HD,15,6,9,6
KT229HE,17,8,9,7
KT229HF,12,5,7,6
KT229HG,24,10,14,11
KT229HH,20,8,12,10
KT229HJ,9,5,4,3
KT229HL,105,56,49,39
KT229HN,75,38,37,31
KT229HQ,22,11,11,10
KT229HT,81,40,41,28
KT229HU,66,32,34,21
KT229HW,15,8,7,6
KT229HX,84,43,41,31
KT229HY,15,8,7,5
KT229HZ,91,42,49,32
KT229JA,17,9,8,5
KT229JB,111,56,55,42
KT229JD,21,9,12,7
KT229JE,16,7,9,6
KT229JF,23,1,22,1
KT229JG,81,39,42,39
KT229JL,141,73,68,50
KT229JN,14,4,10,6
KT229JP,22,16,6,18
KT229JQ,27,14,13,12
KT229JR,107,62,45,35
KT229JS,117,62,55,39
KT229JT,13,7,6,5
KT229JU,25,12,13,11
KT229JW,110,53,57,38
KT229JX,44,22,22,17
KT229JY,14,8,6,8
KT229JZ,18,9,9,7
KT229LA,153,74,79,52
KT229LD,70,36,34,28
KT229LE,122,57,65,52
KT229LG,43,21,22,23
KT229LH,57,29,28,19
KT229LJ,89,45,44,36
KT229LL,35,11,24,27
KT229LN,2,1,1,1
KT229LP,100,49,51,37
KT229LS,56,32,24,23
KT229LU,52,29,23,18
KT229LY,39,19,20,16
KT229LZ,10,4,6,4
KT229NB,41,20,21,16
KT229ND,18,10,8,9
KT229NE,11,5,6,6
KT229NF,33,15,18,12
KT229NG,62,30,32,25
KT229NH,25,11,14,12
KT229NJ,14,7,7,7
KT229NL,19,9,10,10
KT229NN,29,16,13,11
KT229NP,36,16,20,17
KT229NQ,18,9,9,9
KT229NR,14,6,8,7
KT229NS,65,27,38,26
KT229NT,70,36,34,30
KT229NU,40,24,16,15
KT229NW,27,14,13,7
KT229NX,44,22,22,19
KT229NY,32,15,17,12
KT229NZ,21,10,11,8
KT229PA,64,33,31,26
KT229PB,32,15,17,13
KT229PD,33,14,19,17
KT229PE,19,10,9,7
KT229PF,25,13,12,9
KT229PG,44,20,24,13
KT229PH,5,2,3,2
KT229PJ,69,33,36,21
KT229PL,11,5,6,5
KT229PN,14,4,10,5
KT229PP,9,3,6,5
KT229PQ,85,43,42,30
KT229PR,22,10,12,11
KT229PS,51,27,24,23
KT229PT,15,8,7,7
KT229PU,23,13,10,7
KT229PW,76,36,40,26
KT229PY,10,5,5,5
KT229PZ,52,22,30,20
KT229QA,20,11,9,7
KT229QD,108,58,50,38
KT229QE,19,8,11,5
KT229QF,91,46,45,35
KT229QJ,31,16,15,11
KT229QL,17,7,10,7
KT229QN,16,8,8,6
KT229QP,54,22,32,24
KT229QQ,124,57,67,60
KT229QR,98,47,51,37
KT229QS,3,2,1,1
KT229QT,72,37,35,31
KT229QW,73,41,32,25
KT229QX,13,6,7,5
KT229QY,135,70,65,51
KT229QZ,128,63,65,45
KT229RA,22,10,12,9
KT229RB,27,10,17,13
KT229RD,32,17,15,15
KT229RE,29,16,13,11
KT229RF,83,39,44,38
KT229RH,2,1,1,1
KT229RJ,36,19,17,13
KT229RL,66,32,34,25
KT229RN,85,44,41,33
KT229RP,32,15,17,13
KT229RS,13,5,8,6
KT229RT,11,5,6,4
KT229RU,17,7,10,5
KT229RW,12,7,5,4
KT229RZ,9,1,8,9
KT229SA,6,3,3,2
KT229SF,5,3,2,2
KT229SG,4,3,1,3
KT229SH,25,12,13,8
KT229SJ,22,12,10,9
KT229SL,3,1,2,1
KT229SN,5,3,2,1
KT229SQ,4,2,2,1
KT229SS,18,10,8,5
KT229SX,64,32,32,28
KT229SY,21,12,9,9
KT229SZ,14,7,7,7
KT229TB,25,10,15,12
KT229TD,48,22,26,17
KT229TE,53,28,25,16
KT229TF,30,16,14,12
KT229TG,24,11,13,10
KT229TH,62,35,27,23
KT229TJ,26,11,15,11
KT229TL,45,20,25,16
KT229TP,7,5,2,2
KT229TQ,37,19,18,14
KT229TT,56,29,27,21
KT229TW,33,12,21,13
KT229TX,68,38,30,31
KT229TY,29,14,15,11
KT229TZ,68,36,32,29
KT229UA,60,31,29,29
KT229UG,82,39,43,34
KT229UH,71,31,40,28
KT229UP,76,37,39,24
KT229UQ,48,22,26,21
KT229UU,81,40,41,31
KT229UW,52,24,28,19
KT229UX,111,51,60,41
KT229XA,31,15,16,12
KT229XB,13,8,5,7
KT229XD,14,6,8,7
KT229XE,45,22,23,19
KT229XF,36,18,18,12
KT229XG,15,8,7,7
KT229XH,11,4,7,3
KT229XL,35,17,18,14
KT229XQ,48,21,27,21
KT229XS,10,6,4,3
KT233AA,86,45,41,34
KT233AB,16,4,12,7
KT233AD,12,8,4,4
KT233AE,16,9,7,5
KT233AF,64,33,31,23
KT233AG,4,2,2,2
KT233AH,32,15,17,19
KT233AL,34,16,18,11
KT233AN,3,0,3,2
KT233AP,37,17,20,17
KT233AQ,114,55,59,38
KT233AR,11,5,6,8
KT233AS,16,7,9,5
KT233AT,21,12,9,8
KT233AU,16,11,5,5
KT233AX,31,15,16,13
KT233BA,41,19,22,13
KT233BB,25,11,14,10
KT233BD,11,5,6,3
KT233BE,17,10,7,5
KT233BH,14,7,7,7
KT233BJ,5,3,2,2
KT233BN,11,4,7,4
KT233BP,29,15,14,8
KT233BQ,12,6,6,5
KT233BS,23,15,8,10
KT233BT,26,12,14,10
KT233BU,28,10,18,4
KT233BW,14,5,9,5
KT233BX,17,7,10,5
KT233BY,1,0,1,1
KT233DA,75,36,39,29
KT233DB,106,56,50,30
KT233DD,115,50,65,37
KT233DE,89,39,50,31
KT233DF,2,0,2,1
KT233DG,164,70,94,56
KT233DH,24,10,14,13
KT233DJ,44,21,23,18
KT233DP,39,18,21,12
KT233DQ,5,2,3,3
KT233DR,26,15,11,9
KT233DS,40,17,23,15
KT233DT,65,32,33,32
KT233DU,56,29,27,27
KT233DW,66,34,32,19
KT233DX,7,3,4,4
KT233DY,11,5,6,7
KT233DZ,9,1,8,9
KT233EA,49,23,26,27
KT233EB,24,12,12,12
KT233ED,9,5,4,4
KT233EE,9,3,6,5
KT233EG,9,3,6,4
KT233EH,8,4,4,4
KT233EP,25,9,16,14
KT233EQ,29,12,17,12
KT233ER,81,38,43,39
KT233ES,14,4,10,10
KT233ET,49,29,20,30
KT233EY,21,7,14,9
KT233EZ,38,18,20,18
KT233HA,24,13,11,12
KT233HB,45,20,25,14
KT233HD,21,10,11,8
KT233HE,27,12,15,10
KT233HF,13,8,5,6
KT233HG,20,10,10,17
KT233HH,34,14,20,18
KT233HJ,59,22,37,24
KT233HL,36,21,15,29
KT233HN,16,6,10,12
KT233HP,66,31,35,30
KT233HQ,28,13,15,23
KT233HR,10,5,5,4
KT233HS,1,0,1,1
KT233HT,21,8,13,10
KT233HU,3,1,2,1
KT233HW,80,36,44,29
KT233HX,11,6,5,4
KT233HZ,10,4,6,3
KT233JB,70,38,32,38
KT233JD,49,25,24,27
KT233JE,27,16,11,16
KT233JF,46,19,27,27
KT233JG,3,1,2,1
KT233JH,50,27,23,26
KT233JJ,27,15,12,14
KT233JL,41,21,20,14
KT233JN,22,13,9,7
KT233JP,12,4,8,7
KT233JQ,46,21,25,23
KT233JR,1,0,1,1
KT233JS,16,11,5,11
KT233JT,51,23,28,18
KT233JU,30,11,19,11
KT233JX,58,30,28,25
KT233JY,9,4,5,5
KT233LA,36,17,19,13
KT233LB,23,14,9,9
KT233LD,17,8,9,5
KT233LE,30,17,13,11
KT233LF,31,17,14,12
KT233LG,37,18,19,12
KT233LJ,21,9,12,10
KT233LL,16,10,6,7
KT233LN,64,29,35,23
KT233LP,63,25,38,24
KT233LQ,17,9,8,9
KT233LR,27,9,18,22
KT233LS,56,29,27,21
KT233LT,2,1,1,1
KT233LW,17,10,7,6
KT233LY,32,15,17,15
KT233LZ,41,21,20,18
KT233NB,19,9,10,8
KT233ND,99,39,60,27
KT233NE,49,9,40,42
KT233NG,55,25,30,23
KT233NH,42,16,26,22
KT233NJ,14,7,7,6
KT233NL,63,32,31,28
KT233NN,23,9,14,10
KT233NP,30,16,14,14
KT233NQ,22,10,12,12
KT233NS,28,12,16,10
KT233NU,40,19,21,24
KT233NW,13,8,5,4
KT233NX,27,13,14,10
KT233NY,36,18,18,13
KT233PA,77,38,39,30
KT233PD,5,1,4,2
KT233PE,19,11,8,10
KT233PF,5,2,3,1
KT233PG,24,8,16,10
KT233PH,34,11,23,16
KT233PJ,10,6,4,4
KT233PL,6,4,2,2
KT233PP,44,20,24,20
KT233PQ,12,5,7,5
KT233PR,44,20,24,15
KT233PS,30,16,14,10
KT233PT,15,7,8,9
KT233PU,60,29,31,18
KT233PW,37,15,22,23
KT233PX,18,9,9,7
KT233PY,29,13,16,10
KT233PZ,51,22,29,22
KT233QA,22,12,10,10
KT233QB,8,4,4,6
KT233QD,17,7,10,8
KT233QE,10,5,5,5
KT233QF,24,13,11,11
KT233QG,74,38,36,24
KT233QH,25,15,10,10
KT233QJ,9,5,4,3
KT233QL,4,2,2,2
KT233QP,21,11,10,6
KT233QQ,16,7,9,5
KT233QU,15,8,7,6
KT234AA,6,3,3,3
KT234AD,20,11,9,8
KT234AE,7,3,4,4
KT234AG,22,12,10,11
KT234AH,42,24,18,16
KT234AJ,148,78,70,59
KT234AL,16,9,7,7
KT234AN,23,7,16,9
KT234AP,10,5,5,4
KT234AQ,16,8,8,6
KT234AS,48,24,24,21
KT234AT,42,22,20,13
KT234AU,42,20,22,14
KT234AW,26,14,12,12
KT234AX,7,4,3,3
KT234AY,51,30,21,21
KT234AZ,24,14,10,10
KT234BA,21,11,10,10
KT234BE,14,6,8,7
KT234BF,19,8,11,8
KT234BG,49,25,24,22
KT234BH,76,43,33,27
KT234BJ,34,14,20,15
KT234BL,61,31,30,21
KT234BN,74,34,40,28
KT234BP,1,0,1,1
KT234BQ,29,15,14,8
KT234BS,111,57,54,43
KT234BT,68,34,34,32
KT234BU,23,11,12,14
KT234BW,82,39,43,29
KT234BX,29,12,17,18
KT234BY,85,36,49,48
KT234BZ,9,2,7,8
KT234DA,10,7,3,8
KT234DB,55,25,30,23
KT234DD,38,11,27,33
KT234DE,43,26,17,18
KT234DG,2,1,1,1
KT234DH,38,20,18,18
KT234DJ,17,8,9,7
KT234DL,26,17,9,13
KT234DN,10,5,5,4
KT234DQ,28,13,15,16
KT234DS,34,14,20,21
KT234DU,13,6,7,6
KT234DW,50,24,26,16
KT234DX,11,5,6,5
KT234DY,36,17,19,16
KT234DZ,60,16,44,25
KT234EA,24,11,13,9
KT234EB,10,4,6,3
KT234EE,2,1,1,1
KT234EF,13,6,7,7
KT234EJ,27,15,12,8
KT234EL,6,2,4,2
KT234EN,1,0,1,1
KT234EQ,9,4,5,4
KT234ER,12,5,7,5
KT234ES,3,1,2,2
KT234ET,5,1,4,2
KT234EW,15,9,6,5
KT234EX,4,2,2,1
KT234EY,25,12,13,10
KT234EZ,4,3,1,2
KT234GL,6,3,3,4
KT234HA,20,11,9,5
KT234HB,35,17,18,14
KT234HF,65,32,33,25
KT234HG,67,34,33,24
KT234HH,70,34,36,27
KT234HJ,36,18,18,13
KT234HL,90,46,44,26
KT234HN,40,18,22,16
KT234HP,68,37,31,25
KT234HQ,64,31,33,25
KT234HR,107,52,55,40
KT234HS,2,1,1,1
KT234HT,18,8,10,4
KT234HU,7,4,3,2
KT234HW,65,31,34,27
KT234JH,42,19,23,23
KT234JJ,29,12,17,13
KT234JL,36,15,21,21
KT234JN,24,12,12,12
KT234JP,33,14,19,16
KT234JQ,37,14,23,26
KT234JR,14,8,6,7
KT234JS,43,23,20,15
KT234JT,19,8,11,4
KT234JU,8,5,3,3
KT234JW,1,0,1,1
KT234JX,38,19,19,13
KT234JY,45,20,25,19
KT234JZ,65,30,35,22
KT234LA,18,9,9,9
KT234LB,9,5,4,4
KT234LD,110,58,52,44
KT234LE,78,43,35,29
KT234LF,89,46,43,32
KT234LG,19,10,9,11
KT234LH,20,10,10,6
KT234LJ,100,52,48,38
KT234LL,25,13,12,10
KT234LN,37,12,25,13
KT234LP,16,7,9,6
KT234LQ,25,11,14,12
KT234LR,42,22,20,17
KT234LS,11,5,6,4
KT234LT,39,17,22,22
KT234LU,4,3,1,1
KT234LW,16,8,8,5
KT234LX,62,25,37,22
KT234LY,15,7,8,8
KT234LZ,46,22,24,20
KT234NA,99,45,54,38
KT234NB,27,13,14,12
KT234ND,137,67,70,53
KT234NE,21,13,8,9
KT234NF,22,11,11,7
KT234NG,12,5,7,4
KT234NH,72,30,42,27
KT234NJ,81,42,39,31
KT234NP,4,2,2,2
KT234NR,21,9,12,14
KT234NS,37,15,22,29
KT234NW,52,25,27,20
KT234PA,3,2,1,2
KT234PB,19,8,11,6
KT234PD,33,16,17,14
KT234PE,137,64,73,50
KT234PF,43,21,22,17
KT234PG,27,14,13,11
KT234PH,10,3,7,4
KT234PJ,33,15,18,12
KT234PL,5,2,3,4
KT234PN,25,11,14,10
KT234PP,22,9,13,9
KT234PQ,30,15,15,11
KT234PR,55,28,27,34
KT234PT,48,23,25,14
KT234PU,24,11,13,10
KT234PW,112,55,57,46
KT234PX,26,16,10,8
KT234PY,28,15,13,11
KT234PZ,4,1,3,2
KT234QD,2,1,1,1
KT234QG,8,3,5,5
KT234QJ,6,4,2,2
KT234QL,17,6,11,11
KT234QP,33,16,17,21
KT234QR,6,4,2,3
KT234QU,30,12,18,15
KT234QX,20,8,12,8
KT234QY,15,6,9,6
KT234QZ,11,6,5,5
KT234RA,45,20,25,20
KT234RB,25,10,15,10
KT234RD,35,11,24,24
KT234RL,5,4,1,3
KT234RN,4,2,2,1
KT234RP,99,42,57,41
KT234RQ,20,10,10,8
KT234RR,80,38,42,34
KT234RW,17,5,12,8
KT234RY,32,15,17,12
KT234RZ,25,12,13,13
KT234SA,59,35,24,20
KT234SB,12,6,6,3
KT234SD,2,1,1,1
KT234SE,15,4,11,11
KT234SH,19,11,8,16
KT234SJ,1,0,1,1
KT234SL,64,24,40,33
KT234SQ,52,24,28,25
KT234SR,7,3,4,5
KT234SS,9,5,4,3
KT234SU,28,8,20,21
KT234SX,8,5,3,4
KT245AA,42,19,23,16
KT245AB,40,17,23,15
KT245AD,13,6,7,8
KT245AE,14,6,8,5
KT245AG,54,26,28,21
KT245AH,66,34,32,24
KT245AL,23,10,13,8
KT245AN,94,47,47,33
KT245AP,18,10,8,6
KT245AR,4,2,2,2
KT245AS,5,2,3,1
KT245AX,65,34,31,22
KT245AY,65,31,34,27
KT245AZ,4,2,2,2
KT245BA,35,17,18,16
KT245BB,28,18,10,7
KT245BD,6,3,3,2
KT245BG,57,28,29,24
KT245BH,111,55,56,49
KT245BJ,17,7,10,7
KT245BL,12,6,6,5
KT245BN,60,30,30,26
KT245BQ,80,41,39,26
KT245BT,30,15,15,12
KT245BU,12,7,5,6
KT245BX,17,8,9,6
KT245BY,30,13,17,13
KT245BZ,64,34,30,27
KT245DB,51,24,27,16
KT245DD,51,21,30,18
KT245DE,30,12,18,12
KT245DF,31,13,18,12
KT245DG,6,2,4,1
KT245DH,11,5,6,6
KT245DJ,10,5,5,4
KT245DL,59,30,29,19
KT245DQ,11,5,6,4
KT245DR,33,14,19,17
KT245DS,2,1,1,1
KT245DT,6,3,3,3
KT245DU,10,5,5,4
KT245DX,45,23,22,17
KT245DY,36,16,20,14
KT245DZ,8,4,4,4
KT245EA,14,7,7,5
KT245ED,48,25,23,20
KT245EE,9,4,5,5
KT245EG,42,22,20,14
KT245EH,46,21,25,14
KT245EP,37,15,22,12
KT245EQ,19,12,7,7
KT245ER,58,31,27,19
KT245ES,46,19,27,13
KT245ET,72,35,37,27
KT245EW,16,7,9,7
KT245EY,12,6,6,5
KT245EZ,30,12,18,16
KT245GA,31,14,17,15
KT245HD,32,16,16,13
KT245HE,92,45,47,37
KT245HF,99,49,50,40
KT245HH,80,42,38,31
KT245HJ,31,15,16,9
KT245HL,77,42,35,28
KT245HN,8,5,3,4
KT245HU,40,19,21,17
KT245HX,17,10,7,7
KT245JB,7,5,2,3
KT245JD,5,2,3,2
KT245JE,33,15,18,11
KT245JF,9,4,5,4
KT245JG,67,32,35,23
KT245JH,17,7,10,6
KT245JJ,58,28,30,21
KT245JL,61,30,31,20
KT245JN,87,43,44,40
KT245JP,25,17,8,8
KT245JQ,6,2,4,2
KT245JR,12,4,8,3
KT245JT,18,7,11,7
KT245JW,3,1,2,1
KT245LA,81,38,43,38
KT245LB,17,6,11,5
KT245LH,6,3,3,4
KT245LJ,10,3,7,7
KT245LL,5,2,3,2
KT245LP,23,9,14,11
KT245LQ,42,21,21,20
KT245LS,9,3,6,2
KT245LT,7,3,4,5
KT245LU,11,4,7,5
KT245LW,11,4,7,7
KT245LX,3,2,1,1
KT245LZ,12,5,7,6
KT245NA,16,6,10,6
KT245NB,2,1,1,1
KT245ND,6,3,3,2
KT245NL,13,5,8,5
KT245NN,33,15,18,12
KT245NP,3,2,1,2
KT245NQ,14,8,6,12
KT245NR,108,45,63,40
KT245NS,60,33,27,22
KT245NT,97,50,47,39
KT245NU,45,20,25,20
KT245NW,6,4,2,2
KT245NX,55,28,27,23
KT245NY,97,46,51,39
KT245NZ,40,20,20,20
KT245PD,28,10,18,14
KT245PF,29,16,13,12
KT245PG,3,1,2,1
KT245PH,9,4,5,4
KT245PJ,59,32,27,18
KT245PL,6,4,2,1
KT245PN,2,1,1,1
KT245PP,9,7,2,2
KT245PQ,36,15,21,13
KT245PR,17,9,8,4
KT245PS,4,1,3,1
KT245PT,2,1,1,1
KT245PU,1,0,1,1
KT245PW,2,1,1,1
KT245PX,10,6,4,4
KT245PY,4,3,1,3
KT245QA,9,5,4,3
KT245QB,6,3,3,3
KT245QD,9,5,4,3
KT245QE,5,2,3,2
KT245QF,28,10,18,10
KT245QG,11,6,5,4
KT245QH,13,6,7,6
KT245QJ,9,4,5,3
KT245QL,21,10,11,8
KT245QN,1,0,1,1
KT245QP,13,7,6,3
KT245QQ,3,1,2,1
KT245QR,16,8,8,5
KT245QT,2,0,2,2
KT245QW,3,1,2,1
KT245RD,16,9,7,7
KT245RE,63,29,34,22
KT245RF,5,3,2,2
KT245RG,73,39,34,27
KT245RH,75,41,34,27
KT245RJ,34,17,17,10
KT245RQ,13,7,6,5
KT245RX,33,16,17,11
KT245RY,9,4,5,4
KT245RZ,38,16,22,15
KT245SA,4,3,1,1
KT245SB,2,0,2,2
KT245SD,34,16,18,19
KT245SE,2,1,1,1
KT245SF,52,25,27,19
KT245SH,6,3,3,1
KT245SJ,14,7,7,5
KT245SL,29,14,15,14
KT245SN,144,70,74,53
KT245SP,18,7,11,7
KT245SQ,22,8,14,7
KT245SR,3,1,2,1
KT245ST,32,15,17,9
KT245SW,11,8,3,2
KT245TA,5,2,3,3
KT245TB,2,1,1,1
KT245TD,6,3,3,3
KT245TF,10,6,4,4
KT245TG,19,9,10,6
KT246AA,8,4,4,2
KT246AB,4,2,2,2
KT246AD,16,6,10,5
KT246AE,11,5,6,5
KT246AF,32,15,17,9
KT246AG,24,14,10,8
KT246AH,4,2,2,1
KT246AJ,3,2,1,1
KT246AL,5,2,3,2
KT246AN,9,6,3,3
KT246AP,35,18,17,15
KT246AQ,2,1,1,1
KT246AR,6,3,3,3
KT246AT,2,1,1,1
KT246AU,1,1,0,1
KT246AW,4,2,2,3
KT246AX,33,17,16,15
KT246AY,5,2,3,3
KT246AZ,13,6,7,6
KT246BA,2,1,1,1
KT246BD,8,4,4,3
KT246BE,23,12,11,8
KT246BF,27,11,16,15
KT246BG,16,9,7,5
KT246BH,57,29,28,21
KT246BJ,32,14,18,15
KT246BL,97,49,48,41
KT246BP,8,4,4,2
KT246BQ,24,13,11,9
KT246BS,20,10,10,6
KT246BT,3,1,2,1
KT246BU,18,10,8,8
KT246BW,10,5,5,4
KT246BX,9,3,6,5
KT246BY,16,6,10,7
KT246BZ,5,3,2,2
KT246DA,60,27,33,20
KT246DB,9,5,4,4
KT246DD,2,2,0,2
KT246DE,9,4,5,4
KT246DF,2,2,0,1
KT246DJ,14,7,7,10
KT246DT,9,5,4,2
KT246DX,9,5,4,4
KT246DY,5,2,3,2
KT246EA,19,12,7,7
KT246ED,13,7,6,5
KT246EE,12,5,7,5
KT246EF,21,11,10,8
KT246EH,7,3,4,3
KT246EJ,16,8,8,7
KT246EL,12,3,9,6
KT246EN,15,7,8,6
KT246EP,10,5,5,4
KT246EQ,29,13,16,13
KT246ER,29,14,15,13
KT246ES,4,0,4,2
KT246ET,22,9,13,8
KT246EW,38,15,23,16
KT246HH,25,11,14,13
KT246HJ,18,9,9,9
KT246HL,1,1,0,1
KT246HN,13,7,6,4
KT246HP,3,2,1,2
KT246HQ,52,28,24,16
KT246HR,22,11,11,8
KT246HS,53,27,26,17
KT246HT,3,2,1,1
KT246HU,48,20,28,19
KT246HW,5,1,4,3
KT246HX,35,16,19,14
KT246HY,23,11,12,10
KT246HZ,28,17,11,11
KT246JA,5,2,3,2
KT246JB,78,31,47,36
KT246JD,23,10,13,10
KT246JE,3,2,1,1
KT246JF,4,2,2,1
KT246JG,23,10,13,10
KT246JH,18,8,10,7
KT246JJ,14,7,7,6
KT246JL,3,1,2,1
KT246JN,3,1,2,2
KT246JQ,45,19,26,21
KT246JR,4,2,2,1
KT246JS,12,5,7,3
KT246JT,14,7,7,6
KT246JU,3,2,1,2
KT246JW,18,0,18,0
KT246LG,33,15,18,24
KT246LH,60,31,29,23
KT246LJ,32,17,15,12
KT246LL,54,27,27,20
KT246LN,80,36,44,31
KT246LP,14,7,7,7
KT246LQ,50,24,26,14
KT246LR,26,14,12,13
KT246LS,28,13,15,9
KT246LT,28,16,12,10
KT246LU,32,17,15,14
KT246LW,10,6,4,3
KT246LX,116,56,60,44
KT246LY,70,39,31,24
KT246LZ,78,34,44,37
KT246NA,46,17,29,21
KT246NB,81,42,39,31
KT246ND,10,5,5,3
KT246NE,3,1,2,2
KT246NG,5,3,2,3
KT246NS,14,9,5,5
KT246NT,27,15,12,9
KT246NU,42,21,21,17
KT246NY,21,13,8,6
KT246NZ,26,11,15,9
KT246PA,47,23,24,16
KT246PB,60,27,33,21
KT246PD,191,99,92,63
KT246PE,90,40,50,36
KT246PF,24,10,14,8
KT246PG,19,8,11,5
KT246PU,21,13,8,10
KT246PX,10,5,5,4
KT246QA,17,5,12,11
KT246QB,15,8,7,9
KT246QD,14,5,9,5
KT246QE,22,9,13,12
KT246QF,66,31,35,24
KT246QG,21,11,10,9
KT246QH,21,11,10,11
KT246QJ,36,14,22,16
KT246QL,6,1,5,6
KT246QN,68,30,38,26
KT246QR,9,4,5,4
KT246QS,24,9,15,17
KT246QT,150,69,81,63
KT246QU,4,4,0,2
KT246QY,8,3,5,5
KT246RH,5,3,2,2
KT246RJ,10,5,5,6
KT246RL,19,10,9,8
KT246RN,8,2,6,7
KT246RR,2,1,1,1
KT246RS,14,7,7,4
KT246RT,36,21,15,21
KT246RX,33,14,19,13
KT246RY,11,6,5,5
KT246RZ,15,7,8,7
KT246SA,41,20,21,14
KT246SB,49,22,27,17
KT246SD,26,11,15,10
KT246SE,26,14,12,11
KT246SF,18,6,12,7
KT246SG,30,17,13,10
KT246SH,17,8,9,5
KT246SL,14,8,6,5
KT246SN,24,11,13,8
KT246SQ,6,4,2,2
KT246SS,30,17,13,13
KT246ST,37,13,24,31
KT246SU,86,23,63,18
KT246SW,14,9,5,5
KT246TB,8,5,3,0
KT246TG,28,14,14,12
KT246TH,80,37,43,34
KT246TJ,43,21,22,17
KT246TL,4,2,2,2
KT246TN,12,7,5,6
KT246TW,2,1,1,1
KT3 3AA,70,32,38,30
KT3 3AF,66,33,33,36
KT3 3AH,53,25,28,17
KT3 3AJ,50,21,29,18
KT3 3AL,31,16,15,11
KT3 3AN,36,18,18,12
KT3 3AP,38,17,21,13
KT3 3AR,43,21,22,18
KT3 3AS,39,16,23,16
KT3 3AT,69,37,32,26
KT3 3AU,17,8,9,8
KT3 3AW,76,36,40,25
KT3 3AX,40,18,22,14
KT3 3AY,64,30,34,24
KT3 3AZ,39,22,17,15
KT3 3BA,54,28,26,18
KT3 3BB,63,27,36,24
KT3 3BD,11,3,8,5
KT3 3BJ,104,49,55,39
KT3 3BL,110,62,48,43
KT3 3BN,75,32,43,33
KT3 3BP,69,30,39,26
KT3 3BS,43,23,20,24
KT3 3BT,37,19,18,14
KT3 3BU,72,39,33,29
KT3 3BW,64,26,38,27
KT3 3BX,91,47,44,39
KT3 3BY,87,48,39,32
KT3 3BZ,45,21,24,19
KT3 3DA,26,11,15,10
KT3 3DB,6,3,3,4
KT3 3DD,9,4,5,5
KT3 3DE,42,21,21,14
KT3 3DF,19,8,11,6
KT3 3DG,16,7,9,8
KT3 3DH,69,40,29,24
KT3 3DJ,34,19,15,17
KT3 3DL,46,15,31,23
KT3 3DN,69,32,37,28
KT3 3DP,4,0,4,4
KT3 3DQ,100,45,55,57
KT3 3DR,30,8,22,26
KT3 3DW,38,17,21,12
KT3 3DX,33,16,17,10
KT3 3DY,28,15,13,13
KT3 3DZ,60,27,33,19
KT3 3EA,46,24,22,14
KT3 3EB,54,26,28,20
KT3 3ED,96,39,57,27
KT3 3EE,113,51,62,41
KT3 3EF,85,40,45,31
KT3 3EG,132,66,66,41
KT3 3EH,121,54,67,39
KT3 3EJ,112,54,58,39
KT3 3EL,5,1,4,2
KT3 3EN,45,20,25,18
KT3 3EP,27,11,16,12
KT3 3EQ,29,15,14,10
KT3 3ER,54,22,32,14
KT3 3ES,76,37,39,22
KT3 3EW,74,38,36,22
KT3 3EY,59,25,34,32
KT3 3GA,8,3,5,3
KT3 3GR,27,3,24,0
KT3 3HA,21,7,14,12
KT3 3HB,72,37,35,28
KT3 3HD,66,34,32,22
KT3 3HF,116,60,56,48
KT3 3HG,128,62,66,62
KT3 3HH,78,41,37,31
KT3 3HJ,91,48,43,35
KT3 3HL,84,35,49,39
KT3 3HN,88,40,48,33
KT3 3HP,71,26,45,30
KT3 3HQ,96,49,47,39
KT3 3HR,79,37,42,30
KT3 3HS,33,17,16,10
KT3 3HT,107,44,63,36
KT3 3HU,91,43,48,32
KT3 3HX,77,35,42,30
KT3 3HY,71,35,36,30
KT3 3HZ,85,42,43,32
KT3 3JA,5,3,2,3
KT3 3JD,21,8,13,16
KT3 3JH,26,14,12,11
KT3 3JJ,149,72,77,56
KT3 3JN,91,47,44,37
KT3 3JQ,11,7,4,9
KT3 3JR,34,15,19,18
KT3 3JS,114,50,64,48
KT3 3JT,72,34,38,28
KT3 3JU,71,29,42,25
KT3 3JX,65,35,30,24
KT3 3JY,59,32,27,20
KT3 3JZ,86,44,42,31
KT3 3LA,82,38,44,20
KT3 3LB,82,43,39,29
KT3 3LD,76,38,38,28
KT3 3LE,160,81,79,52
KT3 3LF,61,32,29,20
KT3 3LG,31,11,20,13
KT3 3LH,141,71,70,45
KT3 3LJ,107,42,65,49
KT3 3LP,97,40,57,48
KT3 3LQ,62,31,31,22
KT3 3LS,48,25,23,19
KT3 3LT,16,7,9,8
KT3 3LU,35,18,17,20
KT3 3LX,10,4,6,4
KT3 3LZ,17,8,9,8
KT3 3NA,174,73,101,69
KT3 3NB,28,16,12,10
KT3 3ND,65,32,33,24
KT3 3NS,29,16,13,10
KT3 3NU,49,26,23,21
KT3 3NX,45,21,24,15
KT3 3NY,154,67,87,55
KT3 3PA,43,17,26,15
KT3 3PB,53,27,26,35
KT3 3PE,59,28,31,32
KT3 3PN,33,8,25,30
KT3 3PP,43,22,21,16
KT3 3PR,60,29,31,22
KT3 3PS,99,40,59,38
KT3 3PT,41,19,22,18
KT3 3PU,45,27,18,19
KT3 3PW,27,1,26,26
KT3 3PX,21,13,8,7
KT3 3PY,59,28,31,23
KT3 3PZ,59,27,32,21
KT3 3QA,42,16,26,15
KT3 3QD,24,11,13,10
KT3 3QE,57,27,30,23
KT3 3QF,15,8,7,5
KT3 3QG,61,33,28,22
KT3 3QH,18,11,7,11
KT3 3QJ,37,16,21,17
KT3 3QL,105,54,51,46
KT3 3QP,67,40,27,29
KT3 3QQ,120,51,69,48
KT3 3QR,49,21,28,23
KT3 3QS,94,44,50,39
KT3 3QT,38,23,15,14
KT3 3QU,31,15,16,9
KT3 3QW,100,48,52,35
KT3 3QX,167,87,80,80
KT3 3QY,30,19,11,14
KT3 3RA,45,23,22,14
KT3 3RB,70,34,36,26
KT3 3RD,3,2,1,1
KT3 3RE,2,0,2,2
KT3 3RF,33,20,13,9
KT3 3RG,24,13,11,12
KT3 3RH,18,7,11,8
KT3 3RJ,21,12,9,9
KT3 3RL,31,11,20,0
KT3 3RN,42,27,15,17
KT3 3RP,44,22,22,20
KT3 3RQ,137,69,68,57
KT3 3RR,118,54,64,45
KT3 3RS,67,36,31,25
KT3 3RU,29,14,15,14
KT3 3RW,177,84,93,68
KT3 3RX,169,79,90,56
KT3 3RY,65,33,32,29
KT3 3RZ,11,6,5,3
KT3 3SA,5,2,3,2
KT3 3SB,4,3,1,2
KT3 3SD,4,2,2,3
KT3 3SH,73,34,39,28
KT3 3SJ,87,32,55,22
KT3 3SL,55,26,29,16
KT3 3SN,4,2,2,2
KT3 3SS,42,20,22,12
KT3 3TB,60,26,34,20
KT3 3TD,15,10,5,11
KT3 3TE,50,22,28,16
KT3 3TF,79,35,44,28
KT3 3TG,87,47,40,27
KT3 3TH,28,14,14,10
KT3 3TJ,9,5,4,6
KT3 3TL,19,9,10,7
KT3 3TN,11,5,6,6
KT3 3TP,107,47,60,45
KT3 3TQ,37,19,18,14
KT3 3TR,85,42,43,31
KT3 3TW,84,47,37,29
KT3 3TX,20,9,11,6
KT3 3TY,124,56,68,38
KT3 3TZ,94,42,52,30
KT3 3UA,56,27,29,19
KT3 3UB,56,29,27,17
KT3 3UD,43,22,21,12
KT3 3UE,80,42,38,28
KT3 3UF,85,43,42,26
KT3 3UG,80,40,40,25
KT3 3UH,56,28,28,20
KT3 3UJ,61,30,31,19
KT3 3UL,43,19,24,19
KT3 3UN,45,23,22,13
KT3 3UQ,49,21,28,15
KT3 3UW,36,17,19,10
KT3 3UX,91,43,48,26
KT3 3UY,32,14,18,12
KT3 3UZ,77,40,37,23
KT3 4AA,81,39,42,30
KT3 4AB,135,73,62,47
KT3 4AE,150,75,75,55
KT3 4AL,86,39,47,36
KT3 4AN,105,48,57,37
KT3 4AP,100,49,51,35
KT3 4AR,50,20,30,17
KT3 4AS,61,29,32,21
KT3 4AT,64,33,31,25
KT3 4AU,13,10,3,5
KT3 4AW,139,66,73,45
KT3 4AX,67,31,36,21
KT3 4AY,37,20,17,10
KT3 4AZ,25,13,12,7
KT3 4BA,79,47,32,24
KT3 4BH,48,20,28,22
KT3 4BN,30,13,17,9
KT3 4BY,13,9,4,9
KT3 4DP,56,30,26,20
KT3 4DQ,3,2,1,1
KT3 4DR,105,53,52,37
KT3 4DS,111,56,55,40
KT3 4DT,123,63,60,37
KT3 4DU,93,52,41,38
KT3 4DW,39,19,20,15
KT3 4DX,20,11,9,8
KT3 4EA,33,17,16,14
KT3 4EB,38,19,19,12
KT3 4ES,19,9,10,9
KT3 4ET,2,1,1,1
KT3 4EU,7,3,4,4
KT3 4EW,19,9,10,14
KT3 4EZ,17,7,10,8
KT3 4HE,2,1,1,1
KT3 4HL,4,1,3,2
KT3 4HN,115,53,62,42
KT3 4HP,17,9,8,11
KT3 4HR,95,39,56,35
KT3 4HS,102,48,54,35
KT3 4HT,53,23,30,21
KT3 4HU,54,25,29,17
KT3 4HW,49,19,30,21
KT3 4HX,64,30,34,24
KT3 4HZ,25,9,16,15
KT3 4JD,42,20,22,21
KT3 4JE,18,9,9,14
KT3 4JF,28,13,15,14
KT3 4JJ,11,4,7,4
KT3 4JL,63,30,33,27
KT3 4JN,79,37,42,26
KT3 4JP,52,21,31,19
KT3 4JR,48,24,24,18
KT3 4JS,52,26,26,19
KT3 4JT,52,21,31,19
KT3 4JU,34,17,17,14
KT3 4JW,74,37,37,28
KT3 4JX,111,59,52,38
KT3 4JY,10,4,6,6
KT3 4JZ,16,9,7,7
KT3 4LA,43,20,23,14
KT3 4LB,41,23,18,16
KT3 4LD,62,36,26,22
KT3 4LE,67,34,33,24
KT3 4LF,14,4,10,6
KT3 4LG,70,43,27,23
KT3 4LP,142,56,86,54
KT3 4LR,39,17,22,13
KT3 4LU,42,22,20,15
KT3 4LY,108,49,59,35
KT3 4NE,9,3,6,5
KT3 4NL,22,14,8,8
KT3 4NN,13,8,5,0
KT3 4NS,17,6,11,7
KT3 4NT,10,6,4,8
KT3 4NU,34,15,19,15
KT3 4NW,15,6,9,6
KT3 4NX,46,23,23,18
KT3 4NY,48,24,24,18
KT3 4PP,58,32,26,27
KT3 4PR,23,8,15,12
KT3 4PS,13,11,2,9
KT3 4PU,2,1,1,1
KT3 4PW,55,27,28,30
KT3 4PX,54,30,24,19
KT3 4QE,16,12,4,8
KT3 4QF,17,8,9,7
KT3 4QN,34,19,15,17
KT3 4QS,5,2,3,3
KT3 4RD,7,4,3,3
KT3 4RE,55,29,26,24
KT3 4RF,27,13,14,9
KT3 4RH,26,11,15,9
KT3 4RJ,57,32,25,38
KT3 4RP,4,2,2,2
KT3 4RR,13,8,5,4
KT3 4RS,14,9,5,12
KT3 4RT,28,12,16,6
KT3 4RU,29,12,17,8
KT3 4RX,19,10,9,7
KT3 4RY,29,15,14,13
KT3 4RZ,16,11,5,6
KT3 4SA,31,13,18,11
KT3 4SB,45,18,27,17
KT3 4SE,25,11,14,7
KT3 4SF,62,24,38,14
KT3 4SG,6,4,2,4
KT3 4SH,26,15,11,10
KT3 4SJ,34,18,16,13
KT3 4SL,35,17,18,12
KT3 4SN,49,21,28,15
KT3 4SP,30,15,15,10
KT3 4SQ,17,8,9,5
KT3 4SR,10,3,7,4
KT3 4SW,80,41,39,28
KT3 5AA,91,44,47,38
KT3 5AB,72,29,43,27
KT3 5AD,30,11,19,15
KT3 5AE,67,33,34,34
KT3 5AF,12,6,6,6
KT3 5AG,32,16,16,11
KT3 5AH,119,53,66,40
KT3 5AJ,24,10,14,11
KT3 5AL,50,26,24,26
KT3 5AN,46,20,26,22
KT3 5AP,42,19,23,23
KT3 5AQ,73,37,36,19
KT3 5AS,40,19,21,16
KT3 5AT,58,29,29,23
KT3 5AU,57,28,29,22
KT3 5AW,20,7,13,9
KT3 5AX,45,21,24,15
KT3 5AY,81,36,45,29
KT3 5AZ,78,40,38,25
KT3 5BA,45,20,25,14
KT3 5BB,82,35,47,35
KT3 5BD,88,44,44,40
KT3 5BE,80,38,42,32
KT3 5BF,14,7,7,4
KT3 5BG,46,28,18,18
KT3 5BJ,35,17,18,21
KT3 5BL,29,13,16,25
KT3 5BN,65,35,30,21
KT3 5BP,80,39,41,30
KT3 5BQ,45,19,26,22
KT3 5BS,62,28,34,21
KT3 5BT,151,79,72,52
KT3 5BU,62,36,26,26
KT3 5BW,22,12,10,12
KT3 5BX,68,34,34,24
KT3 5BY,81,36,45,23
KT3 5BZ,91,41,50,35
KT3 5DA,65,29,36,20
KT3 5DB,128,62,66,43
KT3 5DD,132,64,68,43
KT3 5DE,107,50,57,36
KT3 5DF,121,62,59,42
KT3 5DG,16,8,8,7
KT3 5DH,32,15,17,28
KT3 5DN,76,43,33,20
KT3 5DP,51,24,27,22
KT3 5DQ,75,29,46,47
KT3 5DR,8,4,4,4
KT3 5DS,74,39,35,29
KT3 5DT,106,52,54,39
KT3 5DU,14,8,6,12
KT3 5DW,9,5,4,3
KT3 5DX,6,3,3,2
KT3 5DZ,64,30,34,20
KT3 5EA,79,40,39,34
KT3 5EB,98,49,49,34
KT3 5ED,58,31,27,19
KT3 5EE,109,52,57,18
KT3 5EF,58,28,30,19
KT3 5EL,31,16,15,10
KT3 5EN,11,4,7,4
KT3 5EP,10,7,3,4
KT3 5ER,40,18,22,10
KT3 5ES,77,39,38,29
KT3 5ET,19,9,10,9
KT3 5EU,106,50,56,37
KT3 5EW,25,10,15,9
KT3 5EY,54,27,27,20
KT3 5EZ,12,8,4,5
KT3 5HB,2,1,1,1
KT3 5HE,66,34,32,27
KT3 5HF,174,88,86,59
KT3 5HG,26,12,14,14
KT3 5HH,3,1,2,1
KT3 5HJ,24,13,11,9
KT3 5HL,50,21,29,18
KT3 5HN,20,10,10,8
KT3 5HP,27,18,9,8
KT3 5HQ,31,19,12,13
KT3 5HR,69,35,34,27
KT3 5HS,81,34,47,35
KT3 5HT,52,26,26,24
KT3 5HU,23,11,12,8
KT3 5HW,74,37,37,27
KT3 5HX,54,27,27,20
KT3 5HY,27,16,11,9
KT3 5JE,29,14,15,12
KT3 5JF,90,40,50,30
KT3 5JG,62,30,32,22
KT3 5JH,69,31,38,26
KT3 5JJ,43,21,22,14
KT3 5JL,33,17,16,12
KT3 5JN,27,11,16,9
KT3 5JP,69,32,37,25
KT3 5JQ,59,30,29,22
KT3 5JR,73,36,37,25
KT3 5JS,87,44,43,34
KT3 5JT,88,40,48,32
KT3 5JU,78,47,31,30
KT3 5JW,100,50,50,35
KT3 5LD,26,10,16,12
KT3 5LE,35,13,22,18
KT3 5LF,43,15,28,19
KT3 5LG,32,15,17,12
KT3 5LH,44,22,22,15
KT3 5LJ,28,13,15,15
KT3 5LL,107,52,55,31
KT3 5LN,94,48,46,34
KT3 5LQ,19,10,9,14
KT3 5LW,118,48,70,39
KT3 5LX,61,31,30,23
KT3 5LY,56,28,28,17
KT3 5LZ,99,45,54,33
KT3 5NA,56,29,27,20
KT3 5NB,86,43,43,32
KT3 5ND,40,20,20,18
KT3 5NE,52,27,25,17
KT3 5NF,56,26,30,18
KT3 5NG,69,38,31,24
KT3 5NH,41,22,19,14
KT3 5NJ,45,23,22,16
KT3 5NL,78,38,40,27
KT3 5NN,92,49,43,26
KT3 5NQ,53,30,23,17
KT3 5NU,87,43,44,29
KT3 5NX,86,39,47,30
KT3 5NY,70,35,35,29
KT3 5PA,89,48,41,31
KT3 5PB,95,49,46,31
KT3 5PD,60,27,33,27
KT3 5PF,107,50,57,37
KT3 5PG,41,20,21,16
KT3 5PH,45,23,22,17
KT3 5PJ,23,15,8,11
KT3 5PL,75,32,43,32
KT3 5PN,43,15,28,16
KT3 5PP,37,15,22,16
KT3 5PQ,37,22,15,16
KT3 5PR,34,17,17,15
KT3 5PS,37,18,19,17
KT3 5PT,50,28,22,16
KT3 5PU,75,25,50,28
KT3 5PW,120,52,68,32
KT3 5QD,86,44,42,26
KT3 5QE,95,49,46,30
KT3 5QF,25,14,11,8
KT3 5QG,20,10,10,8
KT3 5QH,96,45,51,29
KT3 5QJ,90,46,44,28
KT3 5QL,54,25,29,20
KT3 5QN,33,16,17,12
KT3 5QP,35,18,17,13
KT3 5QQ,16,9,7,6
KT3 5QR,16,9,7,5
KT3 5QS,44,21,23,14
KT3 5QT,23,15,8,8
KT3 5QU,33,15,18,13
KT3 5QW,147,68,79,49
KT3 5QX,53,27,26,16
KT3 5RE,22,9,13,11
KT3 5RF,80,39,41,24
KT3 5RG,82,37,45,31
KT3 5RH,69,37,32,23
KT3 5RJ,73,36,37,28
KT3 5RL,68,27,41,20
KT3 5RN,58,26,32,23
KT3 5RP,48,23,25,19
KT3 5RQ,94,47,47,29
KT3 5RR,89,41,48,30
KT3 5RS,20,7,13,6
KT3 5RT,8,4,4,4
KT3 5RU,96,44,52,32
KT3 5RW,8,2,6,4
KT3 5RX,104,53,51,35
KT3 5RY,91,47,44,34
KT3 5TA,13,7,6,12
KT3 5TB,12,7,5,11
KT3 5TD,28,12,16,20
KT3 6AA,38,20,18,14
KT3 6AE,10,3,7,3
KT3 6AG,139,53,86,25
KT3 6AH,92,54,38,30
KT3 6AJ,46,21,25,14
KT3 6AL,16,8,8,4
KT3 6AN,33,21,12,16
KT3 6AQ,14,5,9,6
KT3 6AR,92,43,49,29
KT3 6AS,61,27,34,24
KT3 6AT,57,26,31,21
KT3 6AU,34,18,16,11
KT3 6AX,88,39,49,29
KT3 6AY,54,26,28,22
KT3 6AZ,32,16,16,12
KT3 6BA,88,42,46,30
KT3 6BB,78,38,40,25
KT3 6BD,94,48,46,32
KT3 6BE,78,39,39,30
KT3 6BG,120,62,58,47
KT3 6BQ,58,29,29,21
KT3 6BS,99,50,49,33
KT3 6BT,115,56,59,43
KT3 6BU,98,48,50,38
KT3 6BX,122,61,61,45
KT3 6BY,121,55,66,49
KT3 6BZ,22,10,12,10
KT3 6DD,25,14,11,10
KT3 6DE,88,44,44,28
KT3 6DH,96,48,48,32
KT3 6DJ,80,42,38,24
KT3 6DL,105,47,58,39
KT3 6DN,123,62,61,46
KT3 6DP,21,15,6,8
KT3 6DQ,27,14,13,11
KT3 6DR,14,8,6,7
KT3 6DS,74,35,39,24
KT3 6DT,36,18,18,12
KT3 6DU,66,30,36,25
KT3 6DW,78,37,41,28
KT3 6DX,17,5,12,5
KT3 6DY,152,77,75,48
KT3 6DZ,70,37,33,25
KT3 6EA,22,16,6,9
KT3 6EB,36,18,18,12
KT3 6EJ,82,45,37,26
KT3 6EL,19,9,10,8
KT3 6EN,83,34,49,28
KT3 6EP,108,61,47,41
KT3 6EQ,48,26,22,15
KT3 6ER,121,58,63,38
KT3 6ET,48,25,23,20
KT3 6EU,76,39,37,22
KT3 6EW,93,52,41,30
KT3 6EX,137,69,68,44
KT3 6EY,139,65,74,43
KT3 6EZ,106,47,59,34
KT3 6HA,62,29,33,20
KT3 6HB,114,60,54,32
KT3 6HD,144,69,75,48
KT3 6HE,98,51,47,30
KT3 6HP,21,9,12,9
KT3 6HR,75,43,32,28
KT3 6HS,87,44,43,31
KT3 6HT,27,11,16,8
KT3 6HU,4,1,3,4
KT3 6HX,77,34,43,23
KT3 6HY,52,24,28,20
KT3 6HZ,22,11,11,7
KT3 6JA,66,35,31,23
KT3 6JB,3,2,1,1
KT3 6JD,98,55,43,35
KT3 6JE,91,45,46,27
KT3 6JF,44,32,12,16
KT3 6JJ,1,1,0,1
KT3 6JN,72,33,39,27
KT3 6JP,77,44,33,32
KT3 6JR,39,21,18,17
KT3 6JS,44,20,24,19
KT3 6JT,90,53,37,34
KT3 6JU,97,60,37,29
KT3 6JW,85,41,44,33
KT3 6JX,31,13,18,13
KT3 6JY,106,59,47,42
KT3 6JZ,95,48,47,40
KT3 6LA,94,50,44,35
KT3 6LB,92,45,47,32
KT3 6LD,66,32,34,26
KT3 6LE,47,21,26,18
KT3 6LF,89,43,46,31
KT3 6LG,67,31,36,29
KT3 6LP,33,10,23,14
KT3 6LR,66,33,33,22
KT3 6LS,32,17,15,12
KT3 6LT,61,28,33,20
KT3 6LU,77,40,37,24
KT3 6LX,106,54,52,38
KT3 6LY,93,47,46,39
KT3 6LZ,102,58,44,41
KT3 6NA,146,69,77,57
KT3 6NB,54,25,29,25
KT3 6NE,75,35,40,28
KT3 6NF,4,2,2,1
KT3 6NG,73,38,35,28
KT3 6NP,32,18,14,18
KT3 6NQ,83,42,41,34
KT3 6NR,57,28,29,25
KT3 6NS,31,16,15,12
KT3 6NT,85,43,42,28
KT3 6NX,35,15,20,14
KT3 6NY,28,14,14,9
KT3 6PA,75,38,37,31
KT3 6PB,103,47,56,47
KT3 6PD,27,11,16,12
KT3 6PE,8,4,4,2
KT3 6PF,89,47,42,30
KT3 6PG,18,10,8,9
KT3 6PH,17,7,10,6
KT3 6PJ,16,9,7,9
KT3 6PL,52,29,23,23
KT3 6PN,24,11,13,8
KT3 6PP,54,25,29,19
KT3 6PR,11,5,6,6
KT3 6PS,39,23,16,13
KT3 6PT,18,9,9,6
KT3 6PW,68,32,36,29
KT3 6PX,23,10,13,7
KT3 6PY,53,26,27,17
KT3 6QD,97,45,52,35
KT3 6QE,164,72,92,53
KT3 6QF,159,78,81,62
KT3 6QG,146,73,73,61
KT3 6QH,72,34,38,24
KT3 6QJ,54,29,25,22
KT3 6QL,159,71,88,65
KT3 6QN,119,58,61,35
KT3 6QP,87,38,49,24
KT3 6QQ,116,57,59,40
KT3 6QR,69,31,38,22
KT3 6QS,48,21,27,21
KT3 6QW,124,58,66,40
KT3 6RA,56,28,28,22
KT3 6RB,17,8,9,6
KT3 6RD,15,7,8,6
KT3 6RE,19,11,8,6
KT3 6RF,55,28,27,20
KT3 6RG,51,25,26,21
KT3 6RH,73,31,42,24
KT3 6RJ,51,27,24,22
KT3 6RL,69,33,36,23
KT3 6RN,47,22,25,17
KT3 6RP,77,33,44,32
KT3 6RQ,13,5,8,6
KT3 6RR,67,34,33,22
KT3 6RS,45,25,20,17
KT3 6RT,52,23,29,21
KT3 6RW,19,12,7,10
KT4 7AA,57,25,32,23
KT4 7AB,62,24,38,26
KT4 7AD,13,6,7,8
KT4 7AE,127,59,68,41
KT4 7AF,78,36,42,28
KT4 7AG,16,9,7,7
KT4 7AH,72,29,43,31
KT4 7AJ,74,39,35,28
KT4 7AL,142,75,67,47
KT4 7AN,40,21,19,15
KT4 7AQ,76,36,40,36
KT4 7AU,112,48,64,41
KT4 7AW,17,7,10,17
KT4 7AX,124,59,65,40
KT4 7AY,142,69,73,46
KT4 7AZ,87,42,45,46
KT4 7BA,42,23,19,21
KT4 7BB,99,52,47,37
KT4 7BD,134,68,66,40
KT4 7BE,101,52,49,36
KT4 7BG,122,67,55,40
KT4 7BH,145,63,82,50
KT4 7BJ,165,76,89,54
KT4 7BQ,40,19,21,14
KT4 7BS,12,4,8,5
KT4 7BT,28,14,14,15
KT4 7BU,30,17,13,11
KT4 7BY,4,2,2,2
KT4 7BZ,78,34,44,28
KT4 7DA,57,29,28,18
KT4 7DB,136,66,70,50
KT4 7DD,8,2,6,4
KT4 7DE,39,18,21,13
KT4 7DF,56,24,32,27
KT4 7DG,54,26,28,24
KT4 7DH,86,44,42,37
KT4 7DJ,28,11,17,13
KT4 7DL,46,23,23,23
KT4 7DN,38,12,26,27
KT4 7DP,65,37,28,26
KT4 7DQ,14,6,8,9
KT4 7DR,24,14,10,8
KT4 7DS,84,45,39,30
KT4 7DT,61,29,32,23
KT4 7DU,108,56,52,35
KT4 7DX,97,49,48,32
KT4 7DY,56,27,29,21
KT4 7DZ,113,58,55,40
KT4 7EA,125,61,64,40
KT4 7EB,108,51,57,42
KT4 7ED,103,49,54,44
KT4 7EE,12,5,7,5
KT4 7EF,113,56,57,55
KT4 7EG,95,48,47,48
KT4 7EH,101,51,50,43
KT4 7EJ,18,5,13,9
KT4 7EL,54,29,25,33
KT4 7EN,35,15,20,22
KT4 7EP,55,28,27,29
KT4 7EQ,16,9,7,12
KT4 7ER,6,3,3,5
KT4 7ES,41,26,15,23
KT4 7ET,19,7,12,11
KT4 7EU,24,13,11,8
KT4 7EW,53,30,23,30
KT4 7EX,17,9,8,11
KT4 7EY,40,15,25,18
KT4 7EZ,42,20,22,16
KT4 7FB,12,5,7,3
KT4 7HA,13,6,7,6
KT4 7HB,25,10,15,8
KT4 7HD,38,17,21,20
KT4 7HE,20,7,13,9
KT4 7HF,15,6,9,9
KT4 7HG,17,7,10,12
KT4 7HH,51,26,25,18
KT4 7HJ,24,13,11,9
KT4 7HL,13,6,7,4
KT4 7HN,23,13,10,11
KT4 7HP,55,28,27,22
KT4 7HQ,38,21,17,10
KT4 7HR,8,4,4,3
KT4 7HS,80,41,39,30
KT4 7HT,21,8,13,9
KT4 7HU,78,37,41,69
KT4 7HW,63,33,30,24
KT4 7HZ,73,35,38,23
KT4 7JA,95,51,44,35
KT4 7JB,83,43,40,26
KT4 7JD,94,46,48,35
KT4 7JE,43,22,21,20
KT4 7JF,16,8,8,12
KT4 7JG,10,4,6,2
KT4 7JH,4,2,2,1
KT4 7JJ,56,27,29,19
KT4 7JL,19,9,10,8
KT4 7JN,41,21,20,18
KT4 7JP,35,17,18,16
KT4 7JQ,74,37,37,28
KT4 7JR,52,27,25,22
KT4 7JS,18,9,9,8
KT4 7JT,85,45,40,29
KT4 7JU,8,4,4,4
KT4 7JW,4,1,3,1
KT4 7JX,56,32,24,19
KT4 7JY,77,37,40,32
KT4 7JZ,7,4,3,3
KT4 7LA,13,8,5,3
KT4 7LD,44,15,29,22
KT4 7LE,54,23,31,21
KT4 7LF,15,9,6,6
KT4 7LG,70,36,34,25
KT4 7LH,90,42,48,34
KT4 7LJ,43,23,20,17
KT4 7LL,69,36,33,22
KT4 7LN,103,48,55,36
KT4 7LP,88,43,45,29
KT4 7LQ,67,34,33,24
KT4 7LR,69,39,30,24
KT4 7LS,80,41,39,31
KT4 7LT,41,19,22,13
KT4 7LW,58,26,32,21
KT4 7LY,54,26,28,15
KT4 7LZ,22,12,10,7
KT4 7NA,15,9,6,5
KT4 7NB,4,2,2,2
KT4 7NF,11,6,5,4
KT4 7NG,43,19,24,16
KT4 7NH,4,2,2,1
KT4 7NJ,28,16,12,11
KT4 7NL,10,4,6,5
KT4 7NS,17,10,7,8
KT4 7NT,27,13,14,9
KT4 7NU,18,10,8,6
KT4 7NW,12,3,9,10
KT4 7NX,134,65,69,49
KT4 7NY,9,4,5,2
KT4 7NZ,71,25,46,22
KT4 7PA,84,40,44,26
KT4 7PB,54,26,28,20
KT4 7PD,67,33,34,30
KT4 7PE,89,43,46,35
KT4 7PF,65,27,38,22
KT4 7PG,31,15,16,11
KT4 7PH,111,53,58,41
KT4 7PJ,43,19,24,16
KT4 7PL,21,11,10,6
KT4 7PQ,36,14,22,14
KT4 7PS,3,2,1,1
KT4 7PT,37,19,18,14
KT4 7PU,38,19,19,11
KT4 7PX,9,6,3,2
KT4 7PZ,1,0,1,1
KT4 7QB,55,26,29,37
KT4 7QD,62,27,35,32
KT4 7QE,96,49,47,34
KT4 7QF,87,40,47,41
KT4 7QH,19,10,9,6
KT4 7QJ,7,5,2,2
KT4 7QL,81,41,40,28
KT4 7QN,79,33,46,31
KT4 7QP,97,49,48,33
KT4 7QQ,75,34,41,28
KT4 7QR,86,42,44,35
KT4 7QW,94,49,45,34
KT4 7QX,18,8,10,9
KT4 7RA,36,20,16,12
KT4 7RB,62,28,34,26
KT4 7RD,34,17,17,15
KT4 7RE,74,36,38,27
KT4 7RF,80,41,39,26
KT4 7RG,77,42,35,27
KT4 7RH,74,35,39,26
KT4 7RJ,24,13,11,9
KT4 7RN,10,2,8,6
KT4 7RP,51,28,23,22
KT4 7RQ,54,25,29,24
KT4 7RR,15,7,8,9
KT4 7RT,65,29,36,22
KT4 7RU,54,25,29,21
KT4 7RW,48,20,28,20
KT4 7RX,86,42,44,38
KT4 7RY,7,5,2,2
KT4 7RZ,43,20,23,13
KT4 7SA,81,50,31,51
KT4 7SB,94,54,40,66
KT4 7SD,70,38,32,42
KT4 7SE,29,16,13,12
KT4 7SF,66,30,36,28
KT4 7SG,66,32,34,20
KT4 7SH,75,41,34,25
KT4 7SJ,56,25,31,24
KT4 7SL,81,44,37,28
KT4 7SN,60,30,30,21
KT4 7SP,63,33,30,22
KT4 7SQ,80,38,42,29
KT4 7SR,12,3,9,6
KT4 7SS,9,3,6,6
KT4 7ST,69,31,38,30
KT4 7SU,71,36,35,34
KT4 7SW,95,45,50,32
KT4 7SX,96,46,50,40
KT4 7SY,56,26,30,27
KT4 8AF,24,14,10,9
KT4 8AG,40,21,19,16
KT4 8AH,107,54,53,41
KT4 8AJ,12,9,3,6
KT4 8AL,57,24,33,20
KT4 8AN,67,37,30,25
KT4 8AP,13,6,7,8
KT4 8AQ,36,16,20,16
KT4 8AR,29,12,17,11
KT4 8AS,52,26,26,17
KT4 8AT,87,42,45,36
KT4 8AU,22,11,11,8
KT4 8AW,7,4,3,4
KT4 8AX,92,41,51,29
KT4 8AY,84,36,48,30
KT4 8AZ,50,26,24,16
KT4 8BA,136,66,70,57
KT4 8BB,47,16,31,29
KT4 8BD,87,40,47,38
KT4 8BE,103,50,53,49
KT4 8BF,23,11,12,12
KT4 8BG,26,13,13,8
KT4 8BH,137,55,82,51
KT4 8BJ,157,80,77,54
KT4 8BL,10,3,7,4
KT4 8BN,16,7,9,9
KT4 8BP,86,46,40,27
KT4 8BQ,145,74,71,50
KT4 8BS,16,9,7,9
KT4 8BT,125,59,66,50
KT4 8BU,100,52,48,36
KT4 8BW,23,12,11,8
KT4 8BX,126,61,65,53
KT4 8BY,69,29,40,30
KT4 8BZ,106,43,63,37
KT4 8DA,108,45,63,36
KT4 8DB,135,66,69,50
KT4 8DD,57,23,34,22
KT4 8DE,106,51,55,34
KT4 8DF,124,59,65,50
KT4 8DG,94,47,47,36
KT4 8DH,78,35,43,38
KT4 8DJ,25,9,16,8
KT4 8DL,52,29,23,16
KT4 8DQ,98,47,51,37
KT4 8DR,26,13,13,9
KT4 8DT,12,6,6,7
KT4 8DU,36,19,17,19
KT4 8DY,9,4,5,6
KT4 8EA,40,22,18,26
KT4 8EB,38,21,17,16
KT4 8EE,49,23,26,22
KT4 8EF,12,6,6,6
KT4 8EG,25,16,9,13
KT4 8EJ,18,9,9,8
KT4 8EL,64,26,38,27
KT4 8EN,80,40,40,33
KT4 8EQ,22,10,12,5
KT4 8ER,22,14,8,4
KT4 8ES,10,6,4,5
KT4 8ET,87,44,43,33
KT4 8EU,96,48,48,33
KT4 8EW,58,27,31,21
KT4 8EX,6,1,5,5
KT4 8EY,77,37,40,27
KT4 8EZ,72,39,33,30
KT4 8FA,46,24,22,23
KT4 8FB,29,16,13,13
KT4 8FD,39,18,21,22
KT4 8FE,55,30,25,21
KT4 8FF,17,10,7,5
KT4 8FG,113,62,51,34
KT4 8FH,15,5,10,8
KT4 8FL,7,4,3,2
KT4 8GA,19,5,14,14
KT4 8GB,163,84,79,51
KT4 8GD,13,5,8,4
KT4 8GR,22,9,13,9
KT4 8GT,7,4,3,2
KT4 8HA,18,8,10,12
KT4 8HB,28,10,18,17
KT4 8HD,59,28,31,40
KT4 8HE,28,14,14,18
KT4 8HF,18,9,9,9
KT4 8HH,22,7,15,7
KT4 8HJ,45,23,22,12
KT4 8HN,21,7,14,9
KT4 8HP,21,10,11,9
KT4 8HQ,46,20,26,18
KT4 8HT,27,15,12,10
KT4 8HU,37,23,14,13
KT4 8HX,30,15,15,13
KT4 8HY,34,18,16,12
KT4 8HZ,31,20,11,13
KT4 8JA,23,12,11,6
KT4 8JD,20,11,9,9
KT4 8JE,186,95,91,72
KT4 8JF,159,80,79,68
KT4 8JG,90,38,52,45
KT4 8JH,122,55,67,55
KT4 8JJ,118,55,63,53
KT4 8JL,36,20,16,20
KT4 8JN,22,9,13,7
KT4 8JQ,113,54,59,43
KT4 8JS,114,61,53,46
KT4 8JT,53,27,26,24
KT4 8JU,6,3,3,4
KT4 8JW,23,13,10,10
KT4 8JX,57,27,30,27
KT4 8JY,17,10,7,11
KT4 8JZ,10,5,5,5
KT4 8LA,72,33,39,27
KT4 8LB,65,25,40,32
KT4 8LD,102,51,51,37
KT4 8LE,162,81,81,64
KT4 8LF,132,71,61,55
KT4 8LG,103,52,51,36
KT4 8LH,75,40,35,22
KT4 8LJ,99,50,49,35
KT4 8LL,78,32,46,40
KT4 8LN,77,29,48,45
KT4 8LP,41,18,23,19
KT4 8LQ,96,45,51,33
KT4 8LS,118,66,52,45
KT4 8LT,139,75,64,45
KT4 8LU,104,53,51,34
KT4 8LW,34,19,15,16
KT4 8LX,125,63,62,43
KT4 8LY,27,14,13,11
KT4 8LZ,53,26,27,16
KT4 8NA,78,37,41,28
KT4 8NB,65,35,30,26
KT4 8ND,82,42,40,25
KT4 8NE,68,26,42,28
KT4 8NF,118,52,66,38
KT4 8NG,145,73,72,49
KT4 8NH,143,65,78,41
KT4 8NJ,21,9,12,9
KT4 8NL,71,40,31,26
KT4 8NN,52,25,27,18
KT4 8NP,142,79,63,57
KT4 8NQ,27,12,15,9
KT4 8NR,73,35,38,27
KT4 8NS,156,73,83,52
KT4 8NT,85,39,46,35
KT4 8NU,71,36,35,28
KT4 8NW,160,83,77,57
KT4 8NX,77,40,37,27
KT4 8NY,61,24,37,22
KT4 8NZ,17,8,9,8
KT4 8PA,47,25,22,27
KT4 8PB,112,49,63,42
KT4 8PD,140,66,74,52
KT4 8PE,28,11,17,16
KT4 8PF,38,20,18,17
KT4 8PH,104,47,57,56
KT4 8PJ,167,82,85,67
KT4 8PL,177,90,87,74
KT4 8PN,62,27,35,39
KT4 8PP,90,44,46,35
KT4 8PQ,26,11,15,11
KT4 8PR,59,34,25,24
KT4 8PS,119,65,54,44
KT4 8PT,85,41,44,30
KT4 8PU,69,34,35,39
KT4 8PW,22,12,10,11
KT4 8PX,7,3,4,3
KT4 8PY,15,8,7,8
KT4 8PZ,94,45,49,35
KT4 8QA,101,48,53,41
KT4 8QB,65,32,33,26
KT4 8QD,20,7,13,10
KT4 8QE,20,11,9,4
KT4 8QF,70,33,37,46
KT4 8QG,53,27,26,25
KT4 8QH,60,27,33,35
KT4 8QJ,2,1,1,1
KT4 8QL,12,3,9,6
KT4 8QP,69,35,34,25
KT4 8QQ,52,21,31,27
KT4 8QR,78,41,37,28
KT4 8QS,23,11,12,15
KT4 8QW,33,16,17,19
KT4 8RA,5,3,2,2
KT4 8RE,28,15,13,13
KT4 8RP,47,25,22,14
KT4 8RR,73,32,41,23
KT4 8RS,71,39,32,41
KT4 8RT,32,13,19,16
KT4 8RU,5,3,2,2
KT4 8RW,58,31,27,20
KT4 8RX,54,29,25,18
KT4 8RY,124,64,60,45
KT4 8RZ,37,21,16,14
KT4 8SA,134,53,81,47
KT4 8SB,53,30,23,18
KT4 8SD,100,55,45,37
KT4 8SE,111,62,49,39
KT4 8SF,75,38,37,28
KT4 8SH,23,13,10,10
KT4 8SL,41,14,27,34
KT4 8SN,137,73,64,46
KT4 8SP,89,44,45,30
KT4 8SQ,15,7,8,8
KT4 8SR,63,36,27,27
KT4 8ST,24,9,15,11
KT4 8SU,20,9,11,12
KT4 8SW,135,68,67,48
KT4 8SX,30,17,13,15
KT4 8SY,20,7,13,9
KT4 8SZ,54,28,26,23
KT4 8TA,21,11,10,14
KT4 8TB,79,40,39,28
KT4 8TD,10,6,4,4
KT4 8TE,57,27,30,18
KT4 8TF,105,47,58,50
KT4 8TG,48,22,26,19
KT4 8TH,32,18,14,11
KT4 8TJ,39,18,21,23
KT4 8TL,29,22,7,14
KT4 8TQ,115,58,57,39
KT4 8TT,22,7,15,12
KT4 8TU,108,52,56,42
KT4 8TW,57,23,34,35
KT4 8TX,147,70,77,49
KT4 8TY,112,55,57,39
KT4 8TZ,56,27,29,19
KT4 8UA,58,31,27,18
KT4 8UB,129,64,65,43
KT4 8UD,127,71,56,42
KT4 8UE,95,41,54,45
KT4 8UF,17,7,10,8
KT4 8UG,96,50,46,36
KT4 8UH,114,64,50,42
KT4 8UJ,24,13,11,9
KT4 8UL,14,7,7,4
KT4 8UQ,59,24,35,29
KT4 8UR,57,32,25,27
KT4 8UT,97,47,50,36
KT4 8UU,20,12,8,8
KT4 8UX,33,17,16,13
KT4 8UY,11,7,4,3
KT4 8UZ,87,49,38,28
KT4 8XA,84,40,44,26
KT4 8XB,100,55,45,28
KT4 8XD,119,62,57,36
KT4 8XE,90,46,44,36
KT4 8XF,102,46,56,33
KT4 8XG,92,52,40,33
KT4 8XJ,39,10,29,37
KT4 8XP,122,66,56,45
KT4 8XQ,21,9,12,9
KT4 8XR,111,53,58,39
KT4 8XS,126,62,64,40
KT4 8XT,133,74,59,40
KT4 8XU,145,65,80,50
KT4 8XW,131,70,61,49
KT4 8XX,150,77,73,53
KT4 8XY,125,61,64,50
KT4 8XZ,151,77,74,53
KT4 8YA,122,62,60,47
KT4 8YB,134,62,72,45
KT4 8YD,14,8,6,5
KT5 8AA,14,5,9,4
KT5 8AB,76,41,35,27
KT5 8AD,39,18,21,15
KT5 8AE,13,4,9,8
KT5 8AF,11,6,5,8
KT5 8AG,16,10,6,9
KT5 8AH,30,15,15,15
KT5 8AJ,82,49,33,41
KT5 8AL,38,15,23,14
KT5 8AN,54,28,26,24
KT5 8AP,13,4,9,6
KT5 8AQ,9,5,4,6
KT5 8AR,32,20,12,18
KT5 8AS,106,66,40,71
KT5 8AT,37,21,16,15
KT5 8AU,22,11,11,12
KT5 8AW,11,4,7,7
KT5 8AZ,43,27,16,19
KT5 8BB,29,11,18,15
KT5 8BD,84,37,47,30
KT5 8BE,83,51,32,24
KT5 8BF,13,5,8,8
KT5 8BG,59,32,27,24
KT5 8BH,62,33,29,25
KT5 8BL,98,49,49,36
KT5 8BN,50,22,28,18
KT5 8BP,60,25,35,24
KT5 8BQ,54,26,28,19
KT5 8BS,84,50,34,33
KT5 8BT,36,14,22,14
KT5 8BU,25,15,10,12
KT5 8BW,69,39,30,25
KT5 8BX,38,17,21,11
KT5 8BY,13,7,6,7
KT5 8BZ,10,4,6,6
KT5 8DD,47,25,22,32
KT5 8DE,44,21,23,18
KT5 8DF,131,61,70,44
KT5 8DG,92,48,44,46
KT5 8DH,103,54,49,46
KT5 8DJ,73,39,34,27
KT5 8DL,69,32,37,30
KT5 8DN,29,12,17,14
KT5 8DP,785,337,448,36
KT5 8DQ,122,66,56,56
KT5 8DR,41,20,21,12
KT5 8DS,61,31,30,22
KT5 8DW,91,47,44,28
KT5 8DX,34,17,17,24
KT5 8DY,33,13,20,15
KT5 8EA,113,62,51,70
KT5 8EB,11,7,4,6
KT5 8ED,10,7,3,5
KT5 8EE,12,4,8,6
KT5 8EF,72,40,32,41
KT5 8EG,15,8,7,10
KT5 8EH,72,34,38,24
KT5 8EJ,97,44,53,40
KT5 8EL,81,36,45,45
KT5 8EN,73,31,42,29
KT5 8EP,47,23,24,13
KT5 8EQ,65,36,29,40
KT5 8ER,59,28,31,23
KT5 8ES,40,18,22,10
KT5 8ET,12,8,4,5
KT5 8EU,5,2,3,3
KT5 8EW,37,19,18,12
KT5 8EX,51,23,28,31
KT5 8EY,6,2,4,3
KT5 8EZ,9,4,5,6
KT5 8HG,119,61,58,41
KT5 8HH,83,42,41,29
KT5 8HJ,36,21,15,17
KT5 8HN,61,27,34,23
KT5 8HP,50,24,26,19
KT5 8HQ,99,56,43,35
KT5 8HR,52,24,28,22
KT5 8HS,58,28,30,22
KT5 8HT,99,53,46,34
KT5 8HU,69,32,37,25
KT5 8HW,45,24,21,16
KT5 8HX,61,36,25,20
KT5 8JB,39,23,16,25
KT5 8JD,22,13,9,9
KT5 8JE,65,31,34,40
KT5 8JF,22,13,9,13
KT5 8JG,72,32,40,41
KT5 8JH,31,17,14,14
KT5 8JJ,51,25,26,36
KT5 8JL,91,45,46,54
KT5 8JN,31,16,15,18
KT5 8JP,15,8,7,11
KT5 8JQ,13,7,6,7
KT5 8JR,12,7,5,8
KT5 8JS,15,8,7,13
KT5 8JT,81,34,47,23
KT5 8JU,33,13,20,14
KT5 8JW,194,105,89,99
KT5 8JX,76,34,42,30
KT5 8JY,72,38,34,27
KT5 8JZ,67,34,33,24
KT5 8LA,21,13,8,13
KT5 8LB,72,39,33,33
KT5 8LG,69,38,31,26
KT5 8LH,85,39,46,34
KT5 8LJ,90,41,49,33
KT5 8LL,13,7,6,7
KT5 8LN,74,40,34,23
KT5 8LP,81,34,47,24
KT5 8LQ,60,31,29,20
KT5 8LR,45,28,17,18
KT5 8LS,64,26,38,35
KT5 8LW,92,55,37,30
KT5 8LX,62,31,31,22
KT5 8LY,45,15,30,17
KT5 8NE,92,47,45,44
KT5 8NF,118,57,61,48
KT5 8NG,80,41,39,29
KT5 8NH,74,32,42,28
KT5 8NJ,103,57,46,31
KT5 8NL,59,27,32,18
KT5 8NN,65,30,35,23
KT5 8NQ,85,44,41,30
KT5 8NS,6,3,3,3
KT5 8NW,35,18,17,9
KT5 8NY,92,52,40,55
KT5 8PA,50,24,26,28
KT5 8PB,28,15,13,13
KT5 8PD,59,27,32,30
KT5 8PE,17,9,8,10
KT5 8PF,29,18,11,18
KT5 8PG,107,49,58,49
KT5 8PH,28,13,15,10
KT5 8PJ,111,56,55,58
KT5 8PL,24,12,12,11
KT5 8PN,77,43,34,31
KT5 8PP,109,57,52,33
KT5 8PQ,73,39,34,33
KT5 8PR,9,6,3,5
KT5 8PU,43,13,30,37
KT5 8PW,65,35,30,28
KT5 8PX,46,18,28,25
KT5 8PY,88,52,36,45
KT5 8PZ,3,3,0,2
KT5 8QA,49,17,32,18
KT5 8QB,15,8,7,12
KT5 8QD,34,15,19,13
KT5 8QE,62,29,33,24
KT5 8QG,14,9,5,6
KT5 8QH,21,14,7,12
KT5 8QJ,5,3,2,1
KT5 8QL,51,28,23,30
KT5 8QN,4,2,2,2
KT5 8QP,36,19,17,25
KT5 8QQ,23,15,8,18
KT5 8QR,61,32,29,36
KT5 8QS,35,16,19,24
KT5 8QT,21,12,9,12
KT5 8QU,12,4,8,7
KT5 8QW,59,29,30,38
KT5 8QX,51,32,19,30
KT5 8RA,38,17,21,16
KT5 8RB,35,24,11,32
KT5 8RD,54,31,23,19
KT5 8RE,19,10,9,7
KT5 8RF,9,6,3,2
KT5 8RG,38,25,13,21
KT5 8RH,20,8,12,17
KT5 8RL,18,10,8,9
KT5 8RN,59,27,32,18
KT5 8RQ,23,12,11,12
KT5 8RR,18,8,10,10
KT5 8RT,87,37,50,29
KT5 8RU,12,4,8,7
KT5 8RW,9,7,2,8
KT5 8RX,13,7,6,7
KT5 8RZ,19,7,12,13
KT5 8SA,126,79,47,37
KT5 8SB,58,23,35,35
KT5 8SD,36,16,20,23
KT5 8SE,29,13,16,24
KT5 8SF,55,27,28,11
KT5 8SG,43,22,21,20
KT5 8SH,9,4,5,6
KT5 8SJ,35,15,20,16
KT5 8SL,63,23,40,28
KT5 8SN,40,23,17,19
KT5 8SP,91,34,57,18
KT5 8SQ,55,25,30,22
KT5 8SR,45,21,24,21
KT5 8ST,50,23,27,24
KT5 8SU,62,29,33,26
KT5 8SW,124,52,72,38
KT5 8SX,27,15,12,15
KT5 8SY,28,14,14,11
KT5 8SZ,40,29,11,37
KT5 8TA,40,14,26,22
KT5 8TB,42,20,22,17
KT5 8TD,14,8,6,9
KT5 8TP,39,21,18,15
KT5 8TR,26,14,12,23
KT5 8TS,33,20,13,26
KT5 8TT,19,11,8,9
KT5 8UA,17,8,9,12
KT5 9AA,46,21,25,18
KT5 9AB,18,9,9,7
KT5 9AD,70,34,36,24
KT5 9AE,69,34,35,22
KT5 9AF,79,43,36,26
KT5 9AG,48,26,22,21
KT5 9AJ,26,13,13,15
KT5 9AL,7,5,2,3
KT5 9AP,95,50,45,41
KT5 9AR,49,21,28,25
KT5 9AS,15,7,8,8
KT5 9AW,109,51,58,49
KT5 9AY,70,33,37,23
KT5 9AZ,152,71,81,62
KT5 9BA,98,45,53,34
KT5 9BE,3,1,2,1
KT5 9BH,7,3,4,3
KT5 9BN,93,45,48,27
KT5 9BP,50,25,25,15
KT5 9BQ,51,25,26,20
KT5 9BS,102,52,50,34
KT5 9BT,44,20,24,18
KT5 9BU,55,27,28,18
KT5 9BW,41,23,18,11
KT5 9BX,51,23,28,20
KT5 9BY,41,22,19,20
KT5 9BZ,81,41,40,30
KT5 9DA,34,14,20,32
KT5 9DB,37,20,17,12
KT5 9DD,41,20,21,12
KT5 9DE,67,36,31,29
KT5 9DF,102,51,51,36
KT5 9DN,13,7,6,8
KT5 9DP,87,46,41,30
KT5 9DR,7,2,5,5
KT5 9DS,105,50,55,33
KT5 9DT,97,47,50,33
KT5 9DU,20,10,10,8
KT5 9DX,95,43,52,31
KT5 9DY,90,51,39,30
KT5 9DZ,24,13,11,9
KT5 9EA,39,21,18,14
KT5 9EB,42,23,19,13
KT5 9ED,49,26,23,15
KT5 9EE,82,40,42,31
KT5 9EF,88,41,47,33
KT5 9EN,102,52,50,24
KT5 9EP,44,23,21,18
KT5 9ER,52,29,23,16
KT5 9ES,54,33,21,17
KT5 9ET,46,25,21,15
KT5 9EU,47,29,18,18
KT5 9EW,18,7,11,6
KT5 9EX,43,20,23,16
KT5 9EY,50,27,23,19
KT5 9EZ,63,26,37,24
KT5 9HA,69,29,40,33
KT5 9HB,52,22,30,17
KT5 9HD,100,57,43,30
KT5 9HE,77,40,37,28
KT5 9HF,86,39,47,30
KT5 9HG,16,7,9,6
KT5 9HP,70,33,37,30
KT5 9HQ,78,42,36,28
KT5 9HR,73,32,41,30
KT5 9HS,101,46,55,38
KT5 9HT,126,60,66,44
KT5 9HU,108,57,51,40
KT5 9HW,91,48,43,28
KT5 9HX,70,34,36,26
KT5 9HY,90,44,46,30
KT5 9HZ,47,24,23,18
KT5 9JA,118,59,59,37
KT5 9JB,7,4,3,2
KT5 9JH,85,36,49,33
KT5 9JJ,56,35,21,21
KT5 9JL,34,16,18,12
KT5 9JN,68,35,33,24
KT5 9JP,43,23,20,17
KT5 9JR,69,37,32,21
KT5 9JS,46,24,22,16
KT5 9JT,61,31,30,18
KT5 9JU,60,28,32,24
KT5 9JW,80,41,39,26
KT5 9JX,84,43,41,33
KT5 9JY,66,31,35,23
KT5 9LG,82,45,37,32
KT5 9LH,112,56,56,39
KT5 9LJ,89,46,43,32
KT5 9LL,63,28,35,23
KT5 9LN,49,23,26,20
KT5 9LP,85,38,47,26
KT5 9LQ,64,33,31,26
KT5 9LR,85,42,43,32
KT5 9LS,73,33,40,27
KT5 9LW,121,61,60,41
KT5 9NA,20,7,13,13
KT5 9NB,93,43,50,31
KT5 9NH,121,65,56,48
KT5 9NJ,103,48,55,34
KT5 9NL,63,28,35,24
KT5 9NN,84,44,40,35
KT5 9NP,173,87,86,70
KT5 9NQ,38,21,17,12
KT5 9NR,85,42,43,32
KT5 9NS,86,34,52,40
KT5 9NY,27,13,14,9
KT5 9NZ,105,54,51,47
KT5 9PA,29,11,18,13
KT5 9PH,78,36,42,30
KT5 9PJ,70,32,38,30
KT5 9PL,108,58,50,45
KT5 9PN,122,57,65,42
KT5 9PP,25,13,12,13
KT5 9PR,71,37,34,28
KT5 9PS,45,21,24,16
KT5 9PT,88,46,42,30
KT5 9PU,84,47,37,26
KT5 9PW,89,44,45,31
KT5 9QD,45,23,22,17
KT5 9QE,61,32,29,23
KT5 9QF,3,2,1,1
KT5 9QG,72,34,38,26
KT5 9QH,91,48,43,35
KT5 9QJ,103,52,51,36
KT5 9QL,80,35,45,28
KT5 9QN,132,65,67,49
KT5 9QP,6,3,3,2
KT5 9QQ,53,27,26,18
KT5 9QR,112,59,53,33
KT5 9QW,141,61,80,51
KT5 9QZ,113,59,54,37
KT5 9RA,75,42,33,28
KT5 9RB,70,34,36,25
KT5 9RD,107,52,55,35
KT5 9RE,77,35,42,30
KT5 9RF,127,58,69,39
KT5 9RG,154,87,67,53
KT5 9RH,89,47,42,30
KT5 9RJ,77,32,45,27
KT5 9RL,89,37,52,34
KT5 9RQ,103,55,48,35
KT6 4AA,15,8,7,8
KT6 4AB,97,49,48,44
KT6 4AD,4,1,3,2
KT6 4AE,46,16,30,31
KT6 4AF,30,15,15,9
KT6 4AG,20,12,8,10
KT6 4AH,112,54,58,49
KT6 4AJ,103,46,57,53
KT6 4AL,28,13,15,15
KT6 4AP,17,10,7,8
KT6 4AQ,21,7,14,11
KT6 4AR,11,7,4,4
KT6 4AS,28,14,14,16
KT6 4AT,8,4,4,4
KT6 4AU,14,10,4,6
KT6 4AW,27,15,12,14
KT6 4AX,54,25,29,32
KT6 4AY,10,4,6,4
KT6 4AZ,22,8,14,12
KT6 4BA,45,20,25,24
KT6 4BB,29,16,13,7
KT6 4BD,30,18,12,18
KT6 4BE,17,9,8,8
KT6 4BF,1,0,1,1
KT6 4BN,16,9,7,12
KT6 4BP,64,28,36,29
KT6 4BQ,30,15,15,19
KT6 4BS,16,8,8,7
KT6 4BU,15,8,7,9
KT6 4BW,66,35,31,34
KT6 4BX,81,35,46,43
KT6 4BY,30,17,13,16
KT6 4BZ,39,22,17,24
KT6 4DA,19,8,11,10
KT6 4DB,13,5,8,6
KT6 4DD,20,8,12,12
KT6 4DE,101,50,51,47
KT6 4DF,21,14,7,11
KT6 4DG,21,13,8,12
KT6 4DH,15,9,6,6
KT6 4DJ,83,47,36,40
KT6 4DL,68,37,31,42
KT6 4DP,21,8,13,12
KT6 4DQ,73,35,38,36
KT6 4DR,9,6,3,5
KT6 4DS,17,8,9,9
KT6 4DT,60,25,35,38
KT6 4DU,63,35,28,38
KT6 4DW,31,17,14,18
KT6 4DX,86,51,35,57
KT6 4DY,84,49,35,46
KT6 4DZ,53,26,27,28
KT6 4EA,152,79,73,81
KT6 4EB,61,31,30,35
KT6 4ED,57,27,30,35
KT6 4EE,83,38,45,47
KT6 4EF,7,3,4,4
KT6 4EG,63,36,27,33
KT6 4EH,64,34,30,22
KT6 4EJ,78,39,39,30
KT6 4EL,93,47,46,42
KT6 4EN,12,4,8,8
KT6 4EP,66,37,29,36
KT6 4EQ,56,28,28,22
KT6 4ES,2,1,1,1
KT6 4ET,101,50,51,44
KT6 4EU,45,18,27,22
KT6 4EX,38,21,17,24
KT6 4EY,83,41,42,41
KT6 4GS,37,21,16,20
KT6 4HA,77,35,42,39
KT6 4HB,18,8,10,9
KT6 4HD,10,5,5,6
KT6 4HE,16,7,9,12
KT6 4HF,13,3,10,9
KT6 4HG,57,26,31,29
KT6 4HJ,2,1,1,2
KT6 4HP,29,15,14,14
KT6 4HQ,26,13,13,19
KT6 4HR,36,15,21,16
KT6 4HS,25,20,5,14
KT6 4HT,14,7,7,4
KT6 4HU,9,4,5,3
KT6 4HW,42,31,11,20
KT6 4HX,26,10,16,13
KT6 4HY,48,23,25,26
KT6 4HZ,47,24,23,27
KT6 4JA,49,23,26,33
KT6 4JB,43,22,21,20
KT6 4JF,31,12,19,14
KT6 4JG,20,9,11,9
KT6 4JH,122,55,67,61
KT6 4JL,26,13,13,11
KT6 4JT,16,9,7,6
KT6 4JU,24,14,10,11
KT6 4JZ,18,11,7,7
KT6 4LL,13,7,6,9
KT6 4LN,11,5,6,8
KT6 4LP,15,4,11,7
KT6 4LR,17,6,11,7
KT6 4LS,29,11,18,27
KT6 4LU,30,17,13,17
KT6 4LW,60,28,32,27
KT6 4NG,151,113,38,0
KT6 4NQ,7,6,1,3
KT6 4NR,10,3,7,6
KT6 4NS,16,13,3,7
KT6 4PJ,38,19,19,21
KT6 4PL,43,12,31,39
KT6 4PR,21,7,14,8
KT6 4PS,38,13,25,20
KT6 4PT,54,33,21,27
KT6 4PU,42,20,22,27
KT6 4PW,14,6,8,8
KT6 4PX,4,2,2,2
KT6 4PY,42,25,17,28
KT6 4QG,43,23,20,28
KT6 4QH,47,28,19,24
KT6 4QL,72,39,33,40
KT6 4QN,85,35,50,43
KT6 4QP,22,10,12,11
KT6 4QQ,3,2,1,1
KT6 4QR,6,4,2,4
KT6 4QU,27,18,9,17
KT6 4QW,33,21,12,19
KT6 4QZ,11,6,5,8
KT6 4RF,28,15,13,8
KT6 4RG,22,10,12,15
KT6 4RH,61,33,28,28
KT6 4RL,6,3,3,3
KT6 4RN,41,20,21,22
KT6 4RP,19,8,11,10
KT6 4RQ,30,12,18,16
KT6 4RS,40,21,19,22
KT6 4RW,18,11,7,12
KT6 4RX,55,22,33,28
KT6 4RY,31,16,15,20
KT6 4SE,70,39,31,51
KT6 4SF,38,20,18,15
KT6 4SG,21,11,10,14
KT6 4SH,12,7,5,6
KT6 4SJ,35,17,18,21
KT6 4SL,20,11,9,7
KT6 4SN,15,8,7,13
KT6 4SP,50,31,19,32
KT6 4SQ,20,11,9,11
KT6 4SR,48,24,24,25
KT6 4SS,34,16,18,23
KT6 4ST,9,5,4,6
KT6 4SU,53,27,26,34
KT6 4SW,48,27,21,23
KT6 4SX,46,24,22,39
KT6 4SY,13,7,6,9
KT6 4TA,93,34,59,31
KT6 4TB,61,29,32,28
KT6 4TD,9,4,5,6
KT6 4TE,39,21,18,23
KT6 4TF,63,34,29,31
KT6 4TG,14,8,6,11
KT6 4TH,12,8,4,10
KT6 4TJ,33,15,18,16
KT6 4TL,87,45,42,57
KT6 4TN,111,56,55,70
KT6 4TP,16,9,7,7
KT6 4TQ,25,8,17,12
KT6 4TR,52,25,27,24
KT6 4TS,6,3,3,3
KT6 4TW,14,10,4,10
KT6 4UD,12,7,5,8
KT6 4UE,8,4,4,4
KT6 4UF,8,4,4,4
KT6 4UG,4,2,2,2
KT6 5AA,121,65,56,58
KT6 5AB,25,13,12,11
KT6 5AD,16,6,10,9
KT6 5AE,26,12,14,8
KT6 5AF,62,35,27,24
KT6 5AG,33,17,16,12
KT6 5AH,38,21,17,14
KT6 5AJ,83,40,43,40
KT6 5AL,88,43,45,42
KT6 5AQ,44,21,23,21
KT6 5AR,34,15,19,12
KT6 5AU,139,69,70,59
KT6 5AW,12,7,5,8
KT6 5BB,38,17,21,16
KT6 5BD,48,21,27,17
KT6 5BE,137,62,75,54
KT6 5BH,120,53,67,52
KT6 5BJ,26,14,12,12
KT6 5BL,35,18,17,17
KT6 5BN,17,8,9,12
KT6 5BP,106,48,58,45
KT6 5BQ,45,24,21,24
KT6 5BS,46,22,24,26
KT6 5BT,53,23,30,24
KT6 5BU,44,22,22,25
KT6 5BW,29,12,17,18
KT6 5BX,77,33,44,26
KT6 5BY,10,5,5,3
KT6 5BZ,75,37,38,35
KT6 5DB,51,29,22,21
KT6 5DD,129,56,73,56
KT6 5DF,48,20,28,34
KT6 5DL,79,37,42,32
KT6 5DN,58,28,30,20
KT6 5DR,38,14,24,17
KT6 5DS,40,15,25,16
KT6 5DT,54,31,23,18
KT6 5DU,27,15,12,12
KT6 5DW,103,49,54,43
KT6 5DX,86,44,42,27
KT6 5DY,71,33,38,27
KT6 5DZ,44,19,25,13
KT6 5EA,11,5,6,7
KT6 5EB,7,4,3,3
KT6 5ED,47,19,28,23
KT6 5EH,20,11,9,8
KT6 5EJ,48,20,28,18
KT6 5EL,56,25,31,19
KT6 5EN,18,9,9,4
KT6 5EP,84,44,40,31
KT6 5EU,50,25,25,18
KT6 5EW,66,31,35,26
KT6 5EY,107,47,60,42
KT6 5EZ,12,8,4,4
KT6 5HB,67,39,28,28
KT6 5HD,10,6,4,4
KT6 5HE,16,9,7,5
KT6 5HF,44,23,21,20
KT6 5HG,24,12,12,9
KT6 5HH,13,6,7,7
KT6 5HJ,44,27,17,14
KT6 5HN,39,28,11,3
KT6 5HP,71,38,33,25
KT6 5HQ,31,13,18,13
KT6 5HR,54,31,23,20
KT6 5HS,52,22,30,22
KT6 5HT,21,7,14,7
KT6 5HW,93,48,45,33
KT6 5JB,105,61,44,29
KT6 5JD,104,51,53,48
KT6 5JE,132,64,68,61
KT6 5JF,96,44,52,47
KT6 5JG,37,18,19,13
KT6 5JL,24,11,13,11
KT6 5JN,71,35,36,28
KT6 5JP,60,29,31,22
KT6 5JR,27,15,12,13
KT6 5JS,65,30,35,26
KT6 5JT,29,17,12,15
KT6 5JU,55,26,29,24
KT6 5JW,76,35,41,31
KT6 5JX,7,3,4,4
KT6 5JY,59,29,30,26
KT6 5JZ,125,65,60,45
KT6 5LA,58,29,29,17
KT6 5LB,58,32,26,25
KT6 5LD,10,4,6,5
KT6 5LE,39,19,20,14
KT6 5LF,20,11,9,9
KT6 5LG,33,17,16,12
KT6 5LH,68,32,36,27
KT6 5LQ,7,5,2,4
KT6 5LR,45,27,18,20
KT6 5LX,25,15,10,12
KT6 5NA,21,9,12,8
KT6 5NE,9,5,4,8
KT6 5NF,28,13,15,14
KT6 5NJ,20,12,8,8
KT6 5NP,10,5,5,5
KT6 5NR,48,21,27,19
KT6 5NS,70,36,34,22
KT6 5NW,20,9,11,11
KT6 5NX,60,28,32,28
KT6 5NY,17,11,6,9
KT6 5PJ,672,294,378,0
KT6 5PL,15,10,5,8
KT6 5PN,151,68,83,66
KT6 5PP,20,9,11,7
KT6 5PQ,26,14,12,13
KT6 5PR,45,19,26,18
KT6 5PS,42,21,21,18
KT6 5PT,5,3,2,3
KT6 5PW,49,21,28,19
KT6 5PX,11,6,5,5
KT6 5PY,109,56,53,43
KT6 5PZ,9,4,5,3
KT6 5QD,19,8,11,9
KT6 5QE,55,29,26,21
KT6 5QS,57,31,26,18
KT6 5RA,19,9,10,13
KT6 5RB,68,35,33,19
KT6 5RD,37,17,20,12
KT6 5RE,78,36,42,29
KT6 5RG,86,48,38,28
KT6 5RH,68,36,32,21
KT6 5RJ,51,25,26,16
KT6 5RL,212,94,118,74
KT6 5RN,80,38,42,25
KT6 5RP,54,25,29,18
KT6 5RR,19,10,9,11
KT6 5RS,9,5,4,7
KT6 5RT,14,6,8,11
KT6 5RU,19,12,7,12
KT6 5RW,58,30,28,22
KT6 5RX,18,7,11,10
KT6 5RY,16,10,6,12
KT6 5RZ,115,53,62,38
KT6 6AD,36,17,19,18
KT6 6AE,13,7,6,6
KT6 6AF,7,5,2,3
KT6 6AH,55,28,27,25
KT6 6AL,15,8,7,11
KT6 6AT,33,17,16,23
KT6 6AU,1,1,0,1
KT6 6AW,21,16,5,8
KT6 6AZ,38,10,28,34
KT6 6BB,39,19,20,20
KT6 6BE,28,16,12,18
KT6 6BH,30,14,16,16
KT6 6BL,100,56,44,47
KT6 6BN,86,42,44,36
KT6 6BP,139,74,65,81
KT6 6BS,65,35,30,31
KT6 6BU,63,29,34,26
KT6 6BW,62,35,27,24
KT6 6BX,37,21,16,17
KT6 6BY,79,37,42,33
KT6 6BZ,60,34,26,32
KT6 6DA,62,32,30,39
KT6 6DB,48,23,25,27
KT6 6DD,36,20,16,19
KT6 6DE,27,13,14,12
KT6 6DF,5,0,5,0
KT6 6DG,66,36,30,28
KT6 6DH,8,4,4,6
KT6 6DJ,27,10,17,14
KT6 6DL,33,19,14,20
KT6 6DN,28,14,14,9
KT6 6DQ,18,7,11,12
KT6 6DS,34,18,16,12
KT6 6DT,7,5,2,4
KT6 6DW,31,12,19,27
KT6 6DX,7,3,4,4
KT6 6DY,103,50,53,50
KT6 6DZ,71,31,40,32
KT6 6EA,62,29,33,28
KT6 6ED,13,7,6,5
KT6 6EE,62,31,31,34
KT6 6EF,10,5,5,5
KT6 6EG,42,21,21,21
KT6 6EH,79,44,35,48
KT6 6EJ,38,14,24,18
KT6 6EL,19,10,9,12
KT6 6EQ,14,5,9,8
KT6 6ER,50,24,26,11
KT6 6ET,12,9,3,2
KT6 6EU,45,25,20,25
KT6 6EX,29,14,15,14
KT6 6EZ,1,1,0,1
KT6 6HA,34,20,14,20
KT6 6HE,33,19,14,18
KT6 6HG,76,38,38,51
KT6 6HJ,25,12,13,12
KT6 6HL,78,41,37,52
KT6 6HR,24,12,12,9
KT6 6HT,82,37,45,43
KT6 6HU,72,32,40,35
KT6 6HX,39,20,19,19
KT6 6HY,35,19,16,24
KT6 6HZ,19,10,9,10
KT6 6JA,5,2,3,2
KT6 6JB,14,5,9,7
KT6 6JD,51,23,28,27
KT6 6JH,24,13,11,15
KT6 6JJ,70,34,36,22
KT6 6JN,125,54,71,39
KT6 6JP,22,10,12,12
KT6 6JQ,33,15,18,14
KT6 6JR,26,12,14,13
KT6 6JS,4,0,4,3
KT6 6JT,4,2,2,2
KT6 6JU,11,6,5,4
KT6 6JW,73,34,39,28
KT6 6JX,18,11,7,8
KT6 6JY,29,15,14,15
KT6 6JZ,85,42,43,27
KT6 6LA,27,16,11,12
KT6 6LB,14,6,8,11
KT6 6LD,14,4,10,10
KT6 6LE,19,11,8,12
KT6 6LF,42,23,19,20
KT6 6LG,23,10,13,13
KT6 6LJ,78,38,40,42
KT6 6LL,16,11,5,8
KT6 6LN,35,17,18,16
KT6 6LQ,49,27,22,14
KT6 6LS,82,41,41,27
KT6 6LT,16,7,9,7
KT6 6LU,4,2,2,2
KT6 6LW,47,25,22,28
KT6 6LX,28,12,16,16
KT6 6LY,20,11,9,11
KT6 6LZ,30,12,18,15
KT6 6NA,5,3,2,4
KT6 6NB,42,21,21,28
KT6 6ND,43,26,17,22
KT6 6NE,16,9,7,11
KT6 6NF,49,26,23,29
KT6 6NG,48,23,25,31
KT6 6NH,17,9,8,11
KT6 6NJ,18,11,7,10
KT6 6NL,14,10,4,10
KT6 6NN,26,11,15,16
KT6 6NP,15,9,6,10
KT6 6NQ,23,11,12,19
KT6 6NR,3,2,1,2
KT6 6NS,14,7,7,8
KT6 6NT,22,12,10,10
KT6 6NU,11,5,6,8
KT6 6NW,19,10,9,10
KT6 6NX,16,8,8,12
KT6 6NY,13,7,6,9
KT6 6NZ,29,14,15,13
KT6 6PA,28,14,14,15
KT6 6PB,8,4,4,4
KT6 6PD,12,8,4,9
KT6 6PE,31,17,14,15
KT6 6PF,20,9,11,9
KT6 6PG,13,7,6,8
KT6 6PJ,28,18,10,23
KT6 6PL,73,35,38,35
KT6 6PN,55,24,31,20
KT6 6PP,22,11,11,7
KT6 6PQ,22,8,14,12
KT6 6PR,64,32,32,31
KT6 6PS,38,20,18,13
KT6 6PU,44,23,21,14
KT6 6PW,53,28,25,17
KT6 6PX,28,14,14,10
KT6 6PY,40,21,19,12
KT6 6PZ,4,1,3,1
KT6 6QA,39,18,21,15
KT6 6QB,12,7,5,5
KT6 6QD,35,18,17,15
KT6 6QE,17,10,7,4
KT6 6QH,45,11,34,7
KT6 6QJ,35,19,16,11
KT6 6QL,126,50,76,38
KT6 6QN,20,12,8,7
KT6 6QP,29,13,16,11
KT6 6QR,63,24,39,9
KT6 6QS,62,27,35,26
KT6 6QT,15,6,9,7
KT6 6QW,75,31,44,23
KT6 6QX,67,34,33,23
KT6 6QY,7,6,1,3
KT6 6QZ,77,40,37,27
KT6 6RB,62,30,32,23
KT6 6RE,61,27,34,24
KT6 6RF,41,23,18,13
KT6 6RH,96,40,56,44
KT6 6RJ,84,34,50,19
KT6 6RL,2,1,1,1
KT6 6RN,58,28,30,23
KT6 6RP,77,41,36,24
KT6 6RQ,25,10,15,14
KT6 6RR,52,26,26,19
KT6 6RT,69,28,41,41
KT6 6RU,22,12,10,12
KT6 6RW,14,8,6,5
KT6 6RX,60,25,35,41
KT6 6RY,35,18,17,19
KT6 6RZ,44,24,20,26
KT6 6SA,16,8,8,6
KT6 6SB,27,12,15,13
KT6 6SD,44,29,15,25
KT6 6SE,61,34,27,39
KT6 6SF,10,5,5,4
KT6 6SG,21,12,9,12
KT6 6SH,56,26,30,28
KT6 6SJ,20,11,9,13
KT6 6SL,17,8,9,10
KT6 6SN,61,30,31,41
KT6 6SP,81,32,49,39
KT6 6SQ,11,6,5,6
KT6 6SR,16,9,7,11
KT6 6SS,11,5,6,8
KT6 6SW,46,28,18,27
KT6 7AA,36,24,12,19
KT6 7AB,48,25,23,19
KT6 7AG,22,9,13,9
KT6 7AH,7,5,2,2
KT6 7AL,34,19,15,19
KT6 7AQ,22,13,9,12
KT6 7AT,100,53,47,35
KT6 7AU,62,37,25,24
KT6 7AX,67,32,35,31
KT6 7BA,13,11,2,5
KT6 7BB,32,23,9,14
KT6 7BE,31,19,12,6
KT6 7BG,97,42,55,57
KT6 7BH,86,42,44,39
KT6 7BJ,5,3,2,4
KT6 7BL,51,24,27,17
KT6 7BN,44,17,27,22
KT6 7BP,16,10,6,7
KT6 7BW,16,11,5,10
KT6 7BX,40,21,19,17
KT6 7BZ,76,37,39,21
KT6 7DA,5,2,3,3
KT6 7DE,36,15,21,15
KT6 7DG,47,29,18,17
KT6 7DJ,41,18,23,13
KT6 7DQ,7,5,2,3
KT6 7DW,1,1,0,1
KT6 7EH,20,11,9,11
KT6 7EL,61,35,26,26
KT6 7EP,5,2,3,1
KT6 7ES,33,16,17,10
KT6 7ET,16,4,12,16
KT6 7EW,17,11,6,7
KT6 7HD,6,2,4,2
KT6 7HF,30,22,8,10
KT6 7HL,10,4,6,5
KT6 7HR,6,3,3,4
KT6 7HT,8,6,2,2
KT6 7HW,25,17,8,9
KT6 7JB,51,22,29,17
KT6 7JD,83,39,44,29
KT6 7JF,16,8,8,9
KT6 7JJ,109,61,48,33
KT6 7JL,92,45,47,31
KT6 7JN,67,32,35,23
KT6 7JP,108,48,60,35
KT6 7JR,94,42,52,30
KT6 7JS,94,45,49,29
KT6 7JT,86,44,42,30
KT6 7JU,115,62,53,41
KT6 7JW,88,47,41,34
KT6 7JX,51,25,26,23
KT6 7JY,28,9,19,13
KT6 7JZ,96,46,50,28
KT6 7LF,92,46,46,35
KT6 7LG,85,39,46,30
KT6 7LH,99,44,55,34
KT6 7LJ,154,76,78,49
KT6 7LL,119,57,62,43
KT6 7LN,29,14,15,8
KT6 7LP,3,0,3,1
KT6 7LQ,52,26,26,18
KT6 7LS,26,14,12,12
KT6 7LT,91,44,47,30
KT6 7LW,49,21,28,16
KT6 7NA,143,83,60,48
KT6 7ND,9,3,6,3
KT6 7NN,58,26,32,22
KT6 7NP,128,62,66,39
KT6 7NR,94,43,51,34
KT6 7NS,55,26,29,22
KT6 7NT,60,30,30,22
KT6 7NU,101,44,57,30
KT6 7NW,55,22,33,19
KT6 7NX,90,37,53,29
KT6 7NY,94,47,47,33
KT6 7PA,98,47,51,30
KT6 7PB,93,38,55,32
KT6 7PD,129,60,69,43
KT6 7PF,51,24,27,21
KT6 7PG,123,58,65,45
KT6 7PH,20,12,8,12
KT6 7PJ,114,47,67,37
KT6 7PL,90,41,49,34
KT6 7PN,94,42,52,36
KT6 7PP,194,88,106,63
KT6 7PQ,17,12,5,14
KT6 7PR,26,11,15,8
KT6 7PS,18,10,8,6
KT6 7PT,64,29,35,22
KT6 7PU,35,18,17,16
KT6 7PW,118,63,55,41
KT6 7PX,68,34,34,23
KT6 7PY,119,64,55,38
KT6 7PZ,100,51,49,32
KT6 7QA,100,54,46,39
KT6 7QG,103,37,66,46
KT6 7QH,120,62,58,51
KT6 7QJ,96,37,59,41
KT6 7QL,98,39,59,41
KT6 7QN,54,24,30,17
KT6 7QP,24,9,15,11
KT6 7QQ,81,39,42,28
KT6 7QR,15,4,11,7
KT6 7QT,33,17,16,10
KT6 7QU,49,25,24,12
KT6 7QX,33,16,17,10
KT6 7QY,28,14,14,10
KT6 7QZ,30,13,17,10
KT6 7RF,65,30,35,22
KT6 7RG,39,16,23,14
KT6 7RH,85,38,47,31
KT6 7RJ,94,45,49,34
KT6 7RL,51,24,27,21
KT6 7RN,58,35,23,28
KT6 7RQ,18,10,8,9
KT6 7RU,123,51,72,45
KT6 7RX,106,56,50,45
KT6 7RY,74,35,39,25
KT6 7RZ,108,42,66,39
KT6 7SA,111,56,55,39
KT6 7SB,73,33,40,31
KT6 7SD,103,51,52,39
KT6 7SE,98,49,49,38
KT6 7SF,22,9,13,11
KT6 7SG,108,51,57,42
KT6 7SH,113,54,59,45
KT6 7SP,2,1,1,1
KT6 7SQ,49,22,27,37
KT6 7SR,141,67,74,47
KT6 7SS,54,26,28,22
KT6 7ST,34,16,18,8
KT6 7SU,114,57,57,47
KT6 7SW,6,3,3,4
KT6 7SX,34,14,20,28
KT6 7SY,152,72,80,63
KT6 7SZ,118,62,56,39
KT6 7TA,97,48,49,40
KT6 7TB,20,12,8,12
KT6 7TD,135,62,73,46
KT6 7TE,111,50,61,41
KT6 7TF,87,41,46,36
KT6 7TG,57,24,33,27
KT6 7TH,15,9,6,7
KT6 7TJ,25,14,11,9
KT6 7TL,64,31,33,25
KT6 7TN,21,10,11,11
KT6 7TP,3,2,1,2
KT6 7TQ,45,20,25,16
KT6 7TR,3,0,3,2
KT6 7TT,16,10,6,13
KT6 7TU,26,13,13,14
KT6 7TW,22,10,12,7
KT6 7TX,114,60,54,42
KT6 7TY,91,44,47,32
KT6 7TZ,68,34,34,31
KT6 7UA,103,52,51,41
KT6 7UB,51,22,29,23
KT6 7UD,44,19,25,17
KT6 7UG,52,26,26,18
KT6 7UH,82,42,40,28
KT6 7UJ,75,35,40,29
KT6 7UL,63,34,29,27
KT6 7UN,72,34,38,32
KT6 7UQ,64,30,34,25
KT6 7UU,14,8,6,6
KT6 7UW,64,32,32,21
KT6 7XF,46,24,22,16
KT7 0AA,29,10,19,26
KT7 0AB,46,22,24,19
KT7 0AD,33,14,19,12
KT7 0AE,66,33,33,26
KT7 0AF,36,18,18,11
KT7 0AG,32,16,16,16
KT7 0AH,58,24,34,24
KT7 0AJ,38,15,23,15
KT7 0AL,64,28,36,22
KT7 0AN,87,40,47,28
KT7 0AP,14,4,10,4
KT7 0AQ,91,51,40,31
KT7 0AR,7,2,5,3
KT7 0AS,35,14,21,20
KT7 0AT,38,20,18,18
KT7 0AU,101,48,53,34
KT7 0AW,4,3,1,1
KT7 0AX,49,25,24,17
KT7 0AY,27,17,10,10
KT7 0AZ,89,43,46,35
KT7 0BA,64,27,37,26
KT7 0BB,54,26,28,23
KT7 0BD,52,26,26,20
KT7 0BE,77,38,39,23
KT7 0BF,138,72,66,50
KT7 0BG,62,29,33,23
KT7 0BH,81,42,39,27
KT7 0BJ,51,25,26,19
KT7 0BL,168,68,100,29
KT7 0BN,11,5,6,4
KT7 0BP,24,9,15,8
KT7 0BQ,109,53,56,36
KT7 0BS,59,14,45,6
KT7 0BT,74,33,41,27
KT7 0BU,56,25,31,16
KT7 0BX,27,10,17,9
KT7 0BY,18,11,7,6
KT7 0BZ,18,9,9,12
KT7 0DA,16,7,9,9
KT7 0DB,22,10,12,11
KT7 0DE,10,5,5,7
KT7 0DF,45,23,22,21
KT7 0DG,25,10,15,14
KT7 0DJ,166,81,85,48
KT7 0DL,29,15,14,11
KT7 0DN,73,37,36,23
KT7 0DQ,107,55,52,37
KT7 0DR,23,12,11,6
KT7 0DS,44,27,17,18
KT7 0DT,5,3,2,2
KT7 0DU,52,28,24,18
KT7 0DW,43,21,22,15
KT7 0DX,49,22,27,18
KT7 0DY,76,38,38,26
KT7 0DZ,51,26,25,25
KT7 0EA,20,9,11,7
KT7 0ED,21,11,10,9
KT7 0EF,53,29,24,27
KT7 0EG,8,4,4,4
KT7 0EJ,57,29,28,15
KT7 0EN,37,18,19,19
KT7 0EP,8,3,5,4
KT7 0ET,42,20,22,20
KT7 0EU,20,11,9,7
KT7 0EW,48,24,24,24
KT7 0EY,30,18,12,15
KT7 0EZ,36,20,16,14
KT7 0GB,7,3,4,3
KT7 0HB,18,10,8,8
KT7 0HD,50,25,25,20
KT7 0HF,72,32,40,23
KT7 0HJ,17,8,9,7
KT7 0HL,72,34,38,26
KT7 0HN,91,45,46,41
KT7 0HQ,32,12,20,12
KT7 0HW,96,50,46,38
KT7 0HX,41,18,23,14
KT7 0HY,41,19,22,13
KT7 0HZ,56,27,29,18
KT7 0JA,38,16,22,15
KT7 0JD,29,13,16,26
KT7 0JE,109,54,55,43
KT7 0JF,107,52,55,33
KT7 0JG,3,1,2,1
KT7 0JH,21,7,14,9
KT7 0JJ,36,18,18,13
KT7 0JL,6,3,3,2
KT7 0JN,46,24,22,15
KT7 0JP,27,15,12,15
KT7 0JQ,25,15,10,9
KT7 0JR,9,4,5,5
KT7 0JW,4,2,2,2
KT7 0JX,22,13,9,11
KT7 0JY,20,12,8,10
KT7 0JZ,38,20,18,12
KT7 0LB,53,27,26,11
KT7 0LG,45,25,20,31
KT7 0LH,48,21,27,17
KT7 0LJ,48,23,25,15
KT7 0LL,61,28,33,20
KT7 0LN,53,26,27,20
KT7 0LP,4,2,2,2
KT7 0LQ,56,27,29,19
KT7 0LR,13,6,7,8
KT7 0LS,39,23,16,12
KT7 0LT,46,23,23,16
KT7 0LU,28,13,15,12
KT7 0LW,45,18,27,13
KT7 0LX,38,17,21,22
KT7 0NA,36,20,16,10
KT7 0NB,32,14,18,9
KT7 0NG,95,39,56,44
KT7 0NH,40,20,20,18
KT7 0NJ,40,17,23,14
KT7 0NL,24,9,15,11
KT7 0NN,5,2,3,3
KT7 0NP,56,27,29,22
KT7 0NR,36,15,21,11
KT7 0NS,52,27,25,21
KT7 0NU,35,17,18,15
KT7 0NW,68,28,40,27
KT7 0NX,61,29,32,25
KT7 0NY,32,16,16,11
KT7 0PA,43,24,19,14
KT7 0PB,49,25,24,16
KT7 0PD,47,20,27,19
KT7 0PH,7,5,2,3
KT7 0PJ,108,55,53,35
KT7 0PL,8,4,4,4
KT7 0PN,2,1,1,1
KT7 0PP,67,35,32,28
KT7 0PQ,22,12,10,9
KT7 0PR,56,25,31,30
KT7 0PS,46,26,20,26
KT7 0PT,46,22,24,25
KT7 0PU,13,8,5,4
KT7 0PW,98,48,50,29
KT7 0PX,65,30,35,21
KT7 0PY,80,35,45,26
KT7 0QB,13,9,4,8
KT7 0QF,12,5,7,12
KT7 0QG,8,4,4,6
KT7 0QH,33,15,18,20
KT7 0QJ,1,0,1,1
KT7 0QL,47,26,21,13
KT7 0QN,35,17,18,15
KT7 0QP,90,42,48,32
KT7 0QQ,34,21,13,13
KT7 0QR,23,11,12,9
KT7 0QS,76,40,36,35
KT7 0QT,75,45,30,28
KT7 0QU,17,8,9,11
KT7 0QW,128,58,70,49
KT7 0QX,74,36,38,30
KT7 0QY,88,40,48,39
KT7 0QZ,14,7,7,6
KT7 0RA,48,24,24,28
KT7 0RB,43,22,21,29
KT7 0RD,2,1,1,1
KT7 0RJ,41,21,20,14
KT7 0RN,24,11,13,7
KT7 0RP,4,1,3,2
KT7 0RR,6,3,3,2
KT7 0RS,25,12,13,11
KT7 0RT,55,28,27,15
KT7 0RU,63,32,31,25
KT7 0RW,17,7,10,15
KT7 0RX,20,9,11,5
KT7 0RY,37,17,20,15
KT7 0SA,24,13,11,10
KT7 0SD,17,10,7,9
KT7 0SF,44,22,22,25
KT7 0SH,62,33,29,26
KT7 0SJ,4,2,2,2
KT7 0SQ,50,22,28,19
KT7 0SS,17,9,8,9
KT7 0SY,56,26,30,27
KT7 0TB,11,6,5,5
KT7 0TD,5,3,2,2
KT7 0TE,89,43,46,47
KT7 0TF,8,2,6,4
KT7 0TG,10,3,7,5
KT7 0TH,74,38,36,27
KT7 0TJ,61,28,33,27
KT7 0TL,9,3,6,5
KT7 0TN,11,3,8,8
KT7 0TP,45,24,21,13
KT7 0TQ,44,20,24,14
KT7 0TS,19,9,10,7
KT7 0TU,32,16,16,13
KT7 0TW,59,30,29,18
KT7 0TX,12,4,8,6
KT7 0TY,22,8,14,7
KT7 0UB,16,8,8,6
KT7 0UD,74,30,44,39
KT7 0UE,33,19,14,16
KT7 0UF,107,50,57,38
KT7 0UG,76,39,37,27
KT7 0UH,57,29,28,21
KT7 0UJ,102,47,55,36
KT7 0UL,95,41,54,29
KT7 0UN,26,17,9,10
KT7 0UP,63,34,29,22
KT7 0UQ,64,30,34,23
KT7 0UR,89,39,50,39
KT7 0UT,71,34,37,33
KT7 0UU,6,3,3,3
KT7 0UW,79,37,42,27
KT7 0UX,62,29,33,24
KT7 0WB,38,17,21,14
KT7 0XA,10,5,5,5
KT7 0XB,111,44,67,82
KT7 0XE,20,10,10,10
KT7 0XL,21,9,12,13
KT7 0XP,34,18,16,12
KT7 0XR,9,3,6,3
KT7 0XS,11,4,7,5
KT7 0XT,21,11,10,8
KT7 0XU,13,7,6,5
KT7 0XW,27,15,12,15
KT7 0XX,13,6,7,5
KT7 0XY,4,2,2,2
KT7 0XZ,48,23,25,21
KT7 0YA,3,2,1,3
KT7 0YH,95,47,48,35
KT7 0YJ,92,48,44,33
KT7 0YL,64,24,40,21
KT7 0YN,59,27,32,20
KT7 0YP,64,33,31,23
KT7 0YQ,30,15,15,13
KT7 0YR,41,22,19,11
KT7 0YS,49,24,25,19
KT7 0YW,67,33,34,23
KT8 0AA,33,16,17,13
KT8 0AB,17,8,9,8
KT8 0AD,44,20,24,19
KT8 0AE,56,30,26,22
KT8 0AF,14,8,6,5
KT8 0AG,41,22,19,13
KT8 0AH,62,35,27,20
KT8 0AQ,37,16,21,14
KT8 0BE,20,12,8,11
KT8 0BG,62,33,29,21
KT8 0BH,108,56,52,36
KT8 0BJ,44,22,22,14
KT8 0BL,85,46,39,36
KT8 0BN,84,45,39,36
KT8 0BP,121,64,57,40
KT8 0BQ,89,41,48,29
KT8 0BS,78,40,38,22
KT8 0BU,54,27,27,18
KT8 0BW,121,58,63,44
KT8 0DB,25,13,12,17
KT8 0DE,18,11,7,5
KT8 0DF,34,19,15,13
KT8 0DG,41,19,22,19
KT8 0DH,8,5,3,6
KT8 0DL,52,31,21,23
KT8 0DN,71,31,40,44
KT8 0DP,28,13,15,16
KT8 0DQ,28,14,14,13
KT8 0DR,24,14,10,14
KT8 0DS,17,7,10,7
KT8 0DT,12,7,5,7
KT8 0DU,12,4,8,6
KT8 0DW,43,19,24,17
KT8 0DX,3,1,2,2
KT8 0HP,3,2,1,2
KT8 0HR,97,44,53,38
KT8 0HS,91,41,50,31
KT8 0JT,65,33,32,24
KT8 0JU,7,2,5,3
KT8 0JX,59,28,31,23
KT8 0JY,17,8,9,8
KT8 0NN,35,18,17,17
KT8 0PA,149,76,73,44
KT8 0PB,80,40,40,26
KT8 0PF,9,5,4,3
KT8 0SP,90,41,49,27
KT8 0SR,16,8,8,6
KT8 0SS,88,42,46,43
KT8 0ST,34,18,16,14
KT8 0SU,65,34,31,24
KT8 0SX,87,43,44,34
KT8 1NS,58,24,34,21
KT8 1NT,60,25,35,23
KT8 1NU,133,68,65,50
KT8 1NX,84,34,50,32
KT8 1NY,34,16,18,16
KT8 1PA,44,18,26,16
KT8 1PB,94,45,49,38
KT8 1PD,87,49,38,30
KT8 1PE,44,19,25,15
KT8 1PF,50,23,27,17
KT8 1PG,172,91,81,56
KT8 1PH,52,27,25,21
KT8 1PJ,4,2,2,3
KT8 1PL,77,35,42,28
KT8 1PN,15,8,7,9
KT8 1PQ,119,56,63,44
KT8 1PT,13,5,8,6
KT8 1PU,90,42,48,40
KT8 1PW,56,26,30,24
KT8 1PX,61,29,32,25
KT8 1PY,96,50,46,32
KT8 1PZ,90,47,43,33
KT8 1QA,107,55,52,41
KT8 1QB,40,22,18,16
KT8 1QD,48,22,26,18
KT8 1QE,79,34,45,33
KT8 1QF,90,44,46,37
KT8 1QG,24,9,15,8
KT8 1QN,55,26,29,23
KT8 1QP,52,23,29,28
KT8 1QR,12,6,6,6
KT8 1QS,46,24,22,16
KT8 1QT,40,21,19,19
KT8 1QU,89,44,45,37
KT8 1QW,53,24,29,20
KT8 1QX,14,7,7,7
KT8 1QY,68,32,36,33
KT8 1QZ,76,35,41,36
KT8 1RA,117,60,57,49
KT8 1RB,59,26,33,21
KT8 1RD,59,33,26,23
KT8 1RE,48,24,24,24
KT8 1RF,34,21,13,12
KT8 1RG,149,69,80,60
KT8 1RP,54,21,33,21
KT8 1RR,67,30,37,35
KT8 1RS,44,23,21,15
KT8 1RT,28,17,11,9
KT8 1RU,38,20,18,19
KT8 1RX,85,37,48,32
KT8 1RY,37,19,18,12
KT8 1RZ,39,12,27,19
KT8 1SA,36,16,20,15
KT8 1SB,48,21,27,16
KT8 1SD,42,19,23,20
KT8 1SG,14,6,8,5
KT8 1SH,49,25,24,20
KT8 1SJ,34,16,18,17
KT8 1SL,42,21,21,15
KT8 1SN,26,11,15,14
KT8 1SQ,60,28,32,21
KT8 1ST,79,38,41,25
KT8 1SU,42,22,20,18
KT8 1SX,36,18,18,20
KT8 1SY,50,27,23,20
KT8 1SZ,67,34,33,28
KT8 1TA,28,13,15,14
KT8 1TB,73,39,34,29
KT8 1TD,91,42,49,39
KT8 1TE,49,20,29,23
KT8 1TF,13,9,4,5
KT8 1TG,58,31,27,22
KT8 1TH,88,33,55,40
KT8 1TJ,74,32,42,37
KT8 1TL,92,49,43,50
KT8 1TN,83,34,49,36
KT8 1TP,65,30,35,36
KT8 1TQ,50,25,25,22
KT8 1TW,79,34,45,33
KT8 2AS,43,18,25,21
KT8 2AT,63,28,35,34
KT8 2AU,73,32,41,40
KT8 2AX,69,28,41,33
KT8 2DY,27,16,11,10
KT8 2EB,69,26,43,31
KT8 2ED,64,35,29,38
KT8 2EE,60,28,32,28
KT8 2EG,31,16,15,12
KT8 2EH,15,6,9,6
KT8 2EJ,24,12,12,7
KT8 2EL,104,47,57,39
KT8 2EN,31,15,16,17
KT8 2EP,17,6,11,8
KT8 2EQ,47,28,19,20
KT8 2ER,39,17,22,17
KT8 2ES,53,32,21,22
KT8 2ET,67,31,36,30
KT8 2EU,12,7,5,5
KT8 2EW,38,18,20,24
KT8 2EX,76,36,40,33
KT8 2EY,47,22,25,25
KT8 2EZ,99,47,52,44
KT8 2HA,24,11,13,9
KT8 2HB,43,14,29,18
KT8 2HD,116,59,57,53
KT8 2HE,46,21,25,23
KT8 2HF,88,39,49,32
KT8 2HG,70,37,33,28
KT8 2HJ,31,14,17,14
KT8 2HL,45,24,21,19
KT8 2HP,14,8,6,4
KT8 2HQ,11,6,5,4
KT8 2HR,77,37,40,42
KT8 2HT,43,22,21,23
KT8 2HX,147,70,77,61
KT8 2HY,57,30,27,31
KT8 2HZ,42,22,20,18
KT8 2JA,107,51,56,46
KT8 2JB,153,76,77,58
KT8 2JD,35,16,19,13
KT8 2JE,22,12,10,10
KT8 2JF,71,32,39,33
KT8 2JG,63,28,35,23
KT8 2JH,25,9,16,22
KT8 2JL,2,1,1,1
KT8 2JN,42,15,27,22
KT8 2JP,88,41,47,46
KT8 2JQ,9,5,4,4
KT8 2JS,18,6,12,12
KT8 2JZ,45,19,26,20
KT8 2LA,27,12,15,8
KT8 2LB,86,38,48,31
KT8 2LD,52,23,29,17
KT8 2LE,74,38,36,23
KT8 2LF,30,14,16,15
KT8 2LG,93,37,56,38
KT8 2LH,83,43,40,30
KT8 2LJ,73,39,34,25
KT8 2LL,21,10,11,8
KT8 2LN,29,15,14,14
KT8 2LP,21,8,13,7
KT8 2LQ,40,15,25,15
KT8 2LR,18,7,11,8
KT8 2LS,20,10,10,9
KT8 2LT,26,14,12,9
KT8 2LW,22,10,12,8
KT8 2LX,97,46,51,44
KT8 2LY,76,40,36,29
KT8 2LZ,40,10,30,36
KT8 2NA,69,36,33,28
KT8 2NB,69,34,35,30
KT8 2ND,24,16,8,11
KT8 2NE,31,15,16,21
KT8 2NF,129,58,71,45
KT8 2NG,121,58,63,44
KT8 2NH,136,74,62,45
KT8 2NJ,154,80,74,48
KT8 2NL,95,42,53,32
KT8 2NP,9,4,5,0
KT8 2NQ,142,65,77,49
KT8 2NS,55,26,29,16
KT8 2NT,58,27,31,27
KT8 2NW,91,48,43,37
KT8 2NY,67,35,32,30
KT8 2PA,86,40,46,29
KT8 2PB,15,8,7,4
KT8 2PG,94,37,57,40
KT8 2PH,111,57,54,42
KT8 2PJ,28,13,15,19
KT8 2PL,25,15,10,8
KT8 2PN,109,51,58,42
KT8 2PP,47,22,25,22
KT8 2PQ,105,47,58,44
KT8 2PR,131,56,75,52
KT8 2PS,47,24,23,22
KT8 2PT,69,36,33,44
KT8 2PU,30,14,16,12
KT8 2PW,48,24,24,21
KT8 2PX,88,42,46,42
KT8 2PY,102,48,54,55
KT8 2PZ,69,33,36,58
KT8 2QD,9,4,5,6
KT8 2QE,13,6,7,8
KT8 2QF,17,9,8,7
KT8 2QG,18,10,8,6
KT8 2QJ,90,42,48,31
KT8 2QL,75,37,38,32
KT8 2QN,84,40,44,39
KT8 2QP,54,23,31,20
KT8 2QQ,77,36,41,35
KT8 2QR,63,27,36,34
KT8 2QU,87,48,39,34
KT8 2QW,74,36,38,33
KT8 2QX,22,11,11,9
KT8 2QY,20,13,7,8
KT8 2RH,44,20,24,21
KT8 2SY,98,45,53,36
KT8 2SZ,7,4,3,3
KT8 2TA,6,2,4,2
KT8 2TB,103,53,50,33
KT8 2TD,79,40,39,32
KT8 2TE,91,40,51,31
KT8 2TF,10,6,4,3
KT8 2TG,23,13,10,16
KT8 2TH,87,44,43,32
KT8 2TJ,60,25,35,28
KT8 2TL,14,5,9,6
KT8 2TN,15,6,9,6
KT8 2TQ,85,47,38,28
KT8 2TS,78,41,37,30
KT8 2TT,28,15,13,10
KT8 2TU,1,1,0,1
KT8 2TW,62,32,30,22
KT8 2TX,30,14,16,13
KT8 2TY,16,11,5,11
KT8 9AA,8,4,4,3
KT8 9AB,4,3,1,1
KT8 9AD,8,4,4,5
KT8 9AF,68,40,28,26
KT8 9AG,50,24,26,19
KT8 9AH,33,6,27,3
KT8 9AJ,4,2,2,2
KT8 9AN,12,6,6,7
KT8 9AQ,37,15,22,14
KT8 9AR,1,0,1,1
KT8 9AS,4,2,2,3
KT8 9AT,6,3,3,3
KT8 9AU,13,8,5,7
KT8 9AX,46,26,20,33
KT8 9AZ,135,68,67,48
KT8 9BA,74,40,34,32
KT8 9BD,43,19,24,24
KT8 9BE,11,8,3,7
KT8 9BF,41,18,23,20
KT8 9BG,8,4,4,4
KT8 9BH,50,30,20,22
KT8 9BJ,88,43,45,36
KT8 9BL,47,25,22,14
KT8 9BN,3,3,0,1
KT8 9BP,89,46,43,42
KT8 9BQ,3,1,2,2
KT8 9BS,16,9,7,8
KT8 9BT,22,12,10,13
KT8 9BU,5,4,1,5
KT8 9BW,57,30,27,28
KT8 9BX,19,9,10,8
KT8 9BY,21,11,10,9
KT8 9BZ,32,15,17,13
KT8 9DA,45,22,23,22
KT8 9DB,7,4,3,3
KT8 9DD,24,12,12,9
KT8 9DE,102,47,55,69
KT8 9DG,109,49,60,54
KT8 9DH,71,35,36,34
KT8 9DJ,68,36,32,27
KT8 9DL,81,35,46,38
KT8 9DN,55,27,28,22
KT8 9DQ,99,44,55,46
KT8 9DR,32,16,16,12
KT8 9DS,26,9,17,9
KT8 9DT,45,22,23,23
KT8 9DU,15,6,9,7
KT8 9DW,64,31,33,33
KT8 9DY,57,29,28,17
KT8 9DZ,22,10,12,10
KT8 9EA,49,21,28,27
KT8 9EB,73,37,36,26
KT8 9ED,70,35,35,32
KT8 9EE,95,42,53,40
KT8 9EF,10,7,3,9
KT8 9EL,65,35,30,21
KT8 9EN,85,49,36,36
KT8 9EP,9,5,4,6
KT8 9ER,53,28,25,33
KT8 9EU,34,16,18,16
KT8 9EW,70,31,39,28
KT8 9HA,22,11,11,14
KT8 9HE,59,27,32,30
KT8 9HF,44,21,23,22
KT8 9HH,17,6,11,12
KT8 9HJ,12,6,6,5
KT8 9HL,51,22,29,28
KT8 9HN,50,24,26,32
KT8 9HP,29,15,14,10
KT8 9HQ,23,5,18,15
KT8 9HR,20,11,9,9
KT8 9HS,15,5,10,6
KT8 9HT,13,6,7,5
KT8 9HU,51,26,25,24
KT8 9HW,63,26,37,24
KT8 9HX,6,2,4,4
KT8 9HY,21,11,10,11
KT8 9JE,9,3,6,3
KT8 9JF,48,25,23,16
KT8 9JH,14,6,8,7
KT8 9JJ,29,12,17,13
KT8 9JL,17,5,12,13
KT8 9JN,47,19,28,20
KT8 9JP,23,10,13,9
KT8 9JR,33,16,17,11
KT8 9JS,68,32,36,28
KT8 9JT,17,12,5,4
KT8 9JU,28,15,13,10
KT8 9JW,31,23,8,30
KT8 9JX,47,23,24,18
KT8 9JY,1,0,1,1
KT8 9JZ,105,53,52,38
KT8 9LA,15,7,8,6
KT8 9LB,1,1,0,1
KT8 9LD,60,29,31,25
KT8 9LE,80,37,43,30
KT8 9LF,61,36,25,25
KT8 9LG,80,36,44,32
KT8 9LH,72,36,36,32
KT8 9LP,13,3,10,12
KT8 9LR,14,4,10,2
KT8 9LS,96,50,46,37
KT8 9LT,73,29,44,27
KT8 9LU,60,28,32,24
KT8 9LX,79,39,40,38
KT8 9LZ,28,13,15,12
KT8 9NF,17,8,9,6
KT8 9NH,73,37,36,27
KT8 9NJ,52,28,24,22
KT9 1AB,13,10,3,9
KT9 1AE,36,21,15,13
KT9 1AF,68,37,31,31
KT9 1AG,76,36,40,30
KT9 1AH,13,7,6,6
KT9 1AJ,39,23,16,13
KT9 1AL,39,18,21,18
KT9 1AN,64,34,30,25
KT9 1AQ,46,24,22,21
KT9 1AR,12,4,8,10
KT9 1AS,77,36,41,28
KT9 1AT,38,21,17,17
KT9 1AU,115,61,54,42
KT9 1AW,47,24,23,17
KT9 1AX,124,60,64,42
KT9 1AY,72,40,32,30
KT9 1AZ,96,44,52,36
KT9 1BA,46,20,26,20
KT9 1BB,68,31,37,20
KT9 1BE,15,9,6,7
KT9 1BJ,42,22,20,17
KT9 1BL,81,43,38,29
KT9 1BN,59,33,26,18
KT9 1BP,47,22,25,24
KT9 1BS,18,10,8,9
KT9 1BT,58,27,31,24
KT9 1BU,105,47,58,40
KT9 1BW,70,35,35,29
KT9 1BX,92,42,50,32
KT9 1BY,131,57,74,45
KT9 1BZ,3,1,2,1
KT9 1DA,106,53,53,32
KT9 1DB,105,51,54,38
KT9 1DD,18,7,11,8
KT9 1DE,90,51,39,32
KT9 1DF,47,24,23,17
KT9 1DJ,3,1,2,2
KT9 1DP,76,35,41,31
KT9 1DR,44,26,18,16
KT9 1DU,72,37,35,25
KT9 1DW,17,10,7,6
KT9 1DX,13,6,7,6
KT9 1DY,38,22,16,17
KT9 1DZ,52,24,28,18
KT9 1EA,5,3,2,3
KT9 1EB,22,12,10,10
KT9 1EE,51,19,32,25
KT9 1EF,92,45,47,34
KT9 1EG,94,39,55,36
KT9 1EH,32,15,17,16
KT9 1EL,34,19,15,20
KT9 1EN,14,8,6,4
KT9 1EQ,69,32,37,26
KT9 1ER,51,22,29,24
KT9 1ET,6,3,3,3
KT9 1EX,67,31,36,25
KT9 1EY,65,33,32,28
KT9 1EZ,78,38,40,31
KT9 1HA,93,51,42,32
KT9 1HB,71,38,33,24
KT9 1HD,67,31,36,26
KT9 1HE,75,36,39,26
KT9 1HF,78,37,41,34
KT9 1HG,139,61,78,45
KT9 1HH,84,42,42,30
KT9 1HQ,57,30,27,26
KT9 1HR,90,43,47,50
KT9 1HT,8,2,6,3
KT9 1HU,111,52,59,30
KT9 1HX,20,8,12,8
KT9 1JE,87,38,49,32
KT9 1JF,50,25,25,16
KT9 1JG,62,28,34,24
KT9 1JH,98,45,53,29
KT9 1JJ,76,27,49,24
KT9 1JL,73,35,38,20
KT9 1JN,86,45,41,29
KT9 1JP,70,35,35,32
KT9 1JQ,78,38,40,31
KT9 1JR,76,38,38,29
KT9 1JS,71,38,33,26
KT9 1JT,55,28,27,21
KT9 1JU,66,29,37,26
KT9 1JX,56,26,30,24
KT9 1JY,82,42,40,32
KT9 1JZ,74,43,31,25
KT9 1LQ,112,51,61,42
KT9 1LU,30,14,16,12
KT9 1LW,97,42,55,34
KT9 1LX,12,5,7,5
KT9 1NA,89,40,49,38
KT9 1NB,12,4,8,6
KT9 1ND,67,32,35,23
KT9 1NE,68,31,37,27
KT9 1NF,38,18,20,16
KT9 1NG,30,12,18,12
KT9 1NH,21,10,11,9
KT9 1NJ,77,34,43,33
KT9 1NL,60,27,33,27
KT9 1NN,25,12,13,10
KT9 1NP,19,10,9,7
KT9 1NQ,41,19,22,16
KT9 1NS,37,9,28,32
KT9 1NT,37,20,17,13
KT9 1NU,19,10,9,8
KT9 1NW,57,27,30,20
KT9 1NY,23,11,12,12
KT9 1PB,28,14,14,11
KT9 1PD,54,29,25,16
KT9 1PE,29,15,14,11
KT9 1PF,61,32,29,23
KT9 1PL,22,11,11,10
KT9 1PN,84,42,42,29
KT9 1PP,77,38,39,26
KT9 1PR,61,30,31,22
KT9 1PS,82,39,43,33
KT9 1PT,113,51,62,41
KT9 1PU,69,29,40,28
KT9 1PW,82,43,39,32
KT9 1PX,50,24,26,22
KT9 1PY,62,25,37,21
KT9 1QA,11,5,6,10
KT9 1QB,22,12,10,12
KT9 1QD,40,24,16,21
KT9 1QE,63,37,26,42
KT9 1QF,6,3,3,3
KT9 1QJ,56,29,27,22
KT9 1QL,22,14,8,7
KT9 1QN,57,27,30,27
KT9 1QR,29,14,15,12
KT9 1QS,155,68,87,60
KT9 1QT,157,73,84,61
KT9 1QU,110,49,61,41
KT9 1QW,61,28,33,22
KT9 1QX,41,20,21,20
KT9 1QY,53,28,25,22
KT9 1RH,49,24,25,25
KT9 1RJ,79,40,39,36
KT9 1RL,86,46,40,31
KT9 1RN,66,32,34,28
KT9 1RP,145,75,70,58
KT9 1RR,97,47,50,37
KT9 1RS,100,45,55,39
KT9 1RT,30,14,16,13
KT9 1RU,54,28,26,20
KT9 1RW,81,43,38,28
KT9 1RX,45,24,21,18
KT9 1RY,96,44,52,30
KT9 1RZ,13,5,8,5
KT9 1TT,3,1,2,1
KT9 1UE,31,11,20,8
KT9 1UF,19,8,11,8
KT9 1XA,17,9,8,5
KT9 1XB,12,7,5,5
KT9 1XD,65,35,30,23
KT9 1XE,35,18,17,14
KT9 1XF,54,24,30,20
KT9 1XG,67,30,37,27
KT9 1XQ,146,70,76,55
KT9 2AA,25,13,12,7
KT9 2AB,89,46,43,37
KT9 2AD,61,28,33,22
KT9 2AE,71,38,33,31
KT9 2AF,7,3,4,4
KT9 2AG,30,16,14,13
KT9 2AH,64,31,33,25
KT9 2AJ,8,6,2,5
KT9 2AL,61,28,33,22
KT9 2AN,115,58,57,45
KT9 2AP,100,50,50,54
KT9 2AQ,64,33,31,24
KT9 2AR,65,28,37,26
KT9 2AS,11,5,6,6
KT9 2AT,5,1,4,4
KT9 2AU,21,12,9,11
KT9 2AW,9,4,5,3
KT9 2AX,11,5,6,5
KT9 2AY,15,7,8,10
KT9 2AZ,24,10,14,16
KT9 2BA,42,20,22,19
KT9 2BB,77,39,38,38
KT9 2BD,47,25,22,10
KT9 2BF,72,36,36,12
KT9 2BH,24,10,14,13
KT9 2BJ,108,54,54,46
KT9 2BL,62,37,25,24
KT9 2BN,50,24,26,21
KT9 2BP,94,41,53,38
KT9 2BQ,20,11,9,7
KT9 2BS,90,44,46,31
KT9 2BT,128,57,71,48
KT9 2BU,145,67,78,50
KT9 2BW,51,25,26,19
KT9 2BX,69,33,36,31
KT9 2BY,123,57,66,56
KT9 2BZ,117,59,58,49
KT9 2DD,47,24,23,31
KT9 2DE,38,15,23,22
KT9 2DF,33,16,17,21
KT9 2DG,31,9,22,15
KT9 2DH,2,1,1,1
KT9 2DJ,77,46,31,30
KT9 2DL,25,14,11,12
KT9 2DN,87,43,44,37
KT9 2DP,53,28,25,21
KT9 2DQ,65,31,34,41
KT9 2DR,49,25,24,20
KT9 2DS,51,25,26,20
KT9 2DT,46,22,24,21
KT9 2DU,78,35,43,34
KT9 2DW,68,37,31,23
KT9 2DX,41,21,20,16
KT9 2DY,114,62,52,42
KT9 2DZ,84,38,46,32
KT9 2EA,129,67,62,51
KT9 2EB,100,42,58,45
KT9 2ED,29,12,17,12
KT9 2EE,37,14,23,21
KT9 2EF,17,7,10,5
KT9 2EG,39,17,22,17
KT9 2EH,15,8,7,9
KT9 2EJ,7,3,4,5
KT9 2EP,104,49,55,35
KT9 2EQ,88,40,48,38
KT9 2ER,76,35,41,28
KT9 2ES,111,53,58,42
KT9 2ET,29,17,12,12
KT9 2EX,52,29,23,15
KT9 2EY,73,34,39,27
KT9 2EZ,82,40,42,32
KT9 2GA,12,7,5,5
KT9 2GB,22,13,9,7
KT9 2GD,84,42,42,36
KT9 2GE,133,64,69,47
KT9 2GF,96,47,49,38
KT9 2GG,18,7,11,9
KT9 2GH,11,5,6,6
KT9 2GJ,147,69,78,57
KT9 2GL,15,8,7,9
KT9 2GN,64,29,35,19
KT9 2GP,11,7,4,4
KT9 2GQ,7,4,3,4
KT9 2GR,19,9,10,8
KT9 2GS,8,4,4,4
KT9 2GT,20,8,12,7
KT9 2GU,22,10,12,6
KT9 2GW,31,13,18,12
KT9 2GY,38,17,21,16
KT9 2HA,104,52,52,37
KT9 2HB,149,79,70,51
KT9 2HD,132,71,61,40
KT9 2HE,68,35,33,31
KT9 2HF,76,40,36,31
KT9 2HG,146,73,73,44
KT9 2HH,142,72,70,67
KT9 2HJ,13,9,4,5
KT9 2HL,38,17,21,24
KT9 2HN,89,47,42,31
KT9 2HP,54,30,24,20
KT9 2HQ,28,16,12,11
KT9 2HR,29,11,18,16
KT9 2HS,11,6,5,4
KT9 2HT,43,22,21,17
KT9 2HU,65,32,33,18
KT9 2HW,121,60,61,30
KT9 2HX,10,5,5,6
KT9 2HY,52,23,29,17
KT9 2JA,102,52,50,45
KT9 2JB,111,61,50,40
KT9 2JD,25,11,14,14
KT9 2JE,53,26,27,23
KT9 2JF,111,55,56,38
KT9 2JG,61,34,27,19
KT9 2JL,22,10,12,9
KT9 2JP,17,8,9,9
KT9 2JQ,10,6,4,5
KT9 2JR,42,19,23,18
KT9 2JU,106,38,68,43
KT9 2JW,11,6,5,4
KT9 2JX,120,62,58,45
KT9 2JY,20,9,11,7
KT9 2JZ,76,32,44,29
KT9 2LA,103,50,53,40
KT9 2LB,135,64,71,54
KT9 2LD,73,29,44,28
KT9 2LE,6,2,4,3
KT9 2LF,18,5,13,16
KT9 2LG,54,17,37,30
KT9 2LH,43,21,22,17
KT9 2LJ,53,29,24,24
KT9 2LL,65,29,36,32
KT9 2LQ,112,54,58,41
KT9 2LZ,61,24,37,23
KT9 2NB,14,6,8,6
KT9 2ND,24,10,14,9
KT9 2NE,7,3,4,4
KT9 2NF,21,9,12,9
KT9 2NH,9,5,4,5
KT9 2NL,4,2,2,3
KT9 2NN,81,44,37,32
KT9 2NQ,110,49,61,38
KT9 2NR,78,34,44,30
KT9 2NS,60,26,34,22
KT9 2NU,31,15,16,9
KT9 2NX,6,3,3,2
KT9 2PH,18,8,10,6
KT9 2PJ,64,35,29,27
KT9 2PL,99,53,46,36
KT9 2PN,63,33,30,24
KT9 2PP,123,62,61,48
KT9 2PR,85,38,47,38
KT9 2PS,115,56,59,39
KT9 2PT,64,29,35,28
KT9 2PU,126,60,66,45
KT9 2PW,133,69,64,46
KT9 2PX,52,29,23,24
KT9 2PZ,28,12,16,12
KT9 2QA,33,15,18,14
KT9 2QB,27,11,16,12
KT9 2QD,28,13,15,12
KT9 2QE,6,3,3,4
KT9 2QH,48,24,24,45
KT9 2QJ,153,73,80,55
KT9 2QN,114,60,54,41
KT9 2QP,20,8,12,8
KT9 2QR,65,34,31,19
KT9 2QS,116,61,55,37
KT9 2QT,144,69,75,40
KT9 2QU,111,49,62,48
KT9 2QW,132,60,72,48
KT9 2QX,58,20,38,20
KT9 2QY,25,16,9,10
KT9 2QZ,42,25,17,13
KT9 2RA,48,19,29,14
KT9 2RH,132,70,62,44
KT9 2RJ,114,58,56,45
KT9 2RL,32,14,18,14
KT9 2RT,28,13,15,14
KT9 2RU,26,13,13,7
KT9 2RW,92,46,46,43
KT9 2RX,128,54,74,45
KT9 2RY,16,9,7,6
KT9 2SA,76,39,37,25
KT9 2SB,43,22,21,17
KT9 2SG,20,10,10,7
KT9 2SH,120,61,59,34
KT9 2SJ,108,57,51,39
KT9 2SL,105,51,54,41
KT9 2SN,165,61,104,43
KT9 2SP,50,28,22,16
KT9 2SW,27,15,12,9
L1  0AF,79,38,41,45
L1  1DA,2,1,1,1
L1  1HW,6,3,3,4
L1  1JJ,3,2,1,3
L1  1JN,16,10,6,6
L1  1JP,3,1,2,2
L1  1JQ,20,12,8,11
L1  1JW,10,5,5,8
L1  1LE,10,8,2,5
L1  1RD,174,79,95,0
L1  1RJ,1,1,0,1
L1  2SA,8,7,1,5
L1  2SJ,18,12,6,12
L1  2SR,2,1,1,2
L1  2SS,124,81,43,76
L1  2ST,40,24,16,30
L1  2SU,164,89,75,86
L1  2SX,13,7,6,9
L1  2TE,19,12,7,13
L1  2TQ,13,7,6,10
L1  2TR,9,5,4,4
L1  3BH,103,65,38,72
L1  3BL,6,5,1,3
L1  3BN,53,31,22,31
L1  3DD,2,1,1,1
L1  3DT,41,26,15,26
L1  3DY,3,2,1,1
L1  3EB,45,32,13,28
L1  3ED,19,16,3,4
L1  3EU,11,8,3,5
L1  4AA,6,5,1,6
L1  4AG,1,0,1,1
L1  4AL,18,12,6,14
L1  4AN,38,24,14,25
L1  4AQ,14,9,5,9
L1  4AR,73,42,31,45
L1  4AZ,22,14,8,5
L1  4BE,22,18,4,17
L1  4BL,23,14,9,5
L1  4BN,52,28,24,34
L1  4BW,5,3,2,2
L1  4DA,2,2,0,2
L1  4DE,80,36,44,32
L1  4DL,101,50,51,59
L1  4DN,1,1,0,1
L1  4DQ,110,76,34,74
L1  4DR,76,51,25,39
L1  4EA,8,5,3,5
L1  4EU,3,3,0,2
L1  4EZ,21,13,8,7
L1  4HF,17,10,7,11
L1  4HR,11,8,3,5
L1  4HY,7,4,3,3
L1  4JF,10,4,6,7
L1  4JN,35,28,7,12
L1  4JQ,16,7,9,11
L1  4JR,25,16,9,20
L1  4JS,72,43,29,43
L1  4JX,3,2,1,2
L1  4NL,51,36,15,32
L1  4NU,8,4,4,4
L1  5AA,1,0,1,0
L1  5AP,10,6,4,7
L1  5AQ,96,62,34,54
L1  5AT,22,15,7,16
L1  5AY,21,12,9,19
L1  5BB,122,66,56,71
L1  5BE,14,7,7,9
L1  5BF,70,47,23,49
L1  5BG,66,36,30,43
L1  5BL,80,52,28,45
L1  5BN,47,29,18,25
L1  5BQ,2,1,1,2
L1  5BS,105,64,41,67
L1  5BU,173,92,81,101
L1  5BW,125,77,48,86
L1  5DA,46,28,18,26
L1  5DB,6,2,4,4
L1  5DD,27,19,8,16
L1  5DF,66,25,41,40
L1  5DG,47,26,21,15
L1  5DL,93,39,54,51
L1  5DN,86,44,42,45
L1  5DP,19,8,11,6
L1  5DQ,32,13,19,16
L1  5DW,30,17,13,19
L1  5DY,40,21,19,26
L1  5EA,28,17,11,14
L1  5EB,15,6,9,9
L1  5EF,23,10,13,10
L1  5EG,25,12,13,12
L1  5EH,34,18,16,13
L1  5EL,70,55,15,42
L1  5EQ,31,13,18,19
L1  5ES,25,11,14,14
L1  5EU,5,1,4,2
L1  5EY,61,35,26,44
L1  5EZ,13,8,5,6
L1  5FD,90,57,33,61
L1  5FE,63,37,26,35
L1  5FS,58,27,31,34
L1  5GA,21,13,8,15
L1  5GB,18,9,9,13
L1  5HA,15,8,7,4
L1  5HS,27,15,12,15
L1  5HY,37,15,22,21
L1  5HZ,24,11,13,11
L1  5JD,40,13,27,19
L1  5JE,21,8,13,11
L1  5JH,15,5,10,6
L1  5JJ,8,6,2,5
L1  5JL,24,11,13,6
L1  5JP,16,12,4,9
L1  6AA,25,14,11,16
L1  6AF,9,5,4,8
L1  6BA,18,13,5,15
L1  6BB,21,11,10,14
L1  6BD,21,14,7,14
L1  6BG,18,12,6,13
L1  6BU,53,26,27,31
L1  6BW,33,21,12,19
L1  6BX,13,10,3,11
L1  6DP,18,13,5,15
L1  6DQ,87,47,40,61
L1  6DT,6,2,4,4
L1  6DX,16,10,6,12
L1  6ER,39,23,16,27
L1  7AY,4,1,3,2
L1  7BA,77,44,33,49
L1  7BG,50,34,16,35
L1  7BJ,45,30,15,26
L1  7BL,95,52,43,61
L1  7BP,70,28,42,27
L1  7BR,172,80,92,16
L1  7BS,95,37,58,33
L1  7BT,274,97,177,43
L1  7BW,45,20,25,33
L1  7BX,107,47,60,60
L1  7BZ,12,4,8,9
L1  8DG,48,28,20,28
L1  8DL,62,35,27,37
L1  8DN,29,17,12,16
L1  8DP,56,34,22,37
L1  8DQ,2,2,0,2
L1  8DW,89,52,37,55
L1  8DX,66,40,26,41
L1  8DZ,29,24,5,14
L1  8EE,4,3,1,0
L1  8EF,17,10,7,9
L1  8HG,32,17,15,21
L1  8LN,59,41,18,45
L1  8LP,78,49,29,58
L1  8LU,18,6,12,9
L1  8LW,7,4,3,4
L1  8LZ,59,41,18,40
L1  8ND,122,75,47,73
L1  9AA,23,13,10,12
L1  9AD,27,16,11,16
L1  9AF,6,4,2,4
L1  9AL,23,14,9,8
L1  9AR,8,4,4,4
L1  9AS,14,9,5,8
L1  9AT,3,2,1,2
L1  9AX,4,2,2,3
L1  9BB,44,28,16,33
L1  9BG,50,24,26,23
L1  9BQ,21,18,3,7
L1  9BZ,17,11,6,11
L1  9DE,1,0,1,1
L1  9DN,54,29,25,26
L1  9DP,4,4,0,3
L1  9DS,39,26,13,21
L1  9DT,3,2,1,3
L1  9DU,7,6,1,6
L1  9DW,44,27,17,20
L1  9DY,14,11,3,4
L1  9DZ,34,16,18,19
L1  9EA,5,4,1,4
L1  9EF,11,7,4,7
L1  9EH,7,5,2,4
L1  9EN,21,14,7,7
L1  9ER,7,4,3,2
L1  9EW,6,4,2,4
L1  9EX,9,4,5,5
L1  9HB,45,19,26,23
L1  9HD,40,22,18,18
L1  9HE,6,4,2,4
L1  9JG,98,34,64,20
L10 0AD,12,7,5,6
L10 0AE,26,11,15,14
L10 0AF,23,14,9,9
L10 0AG,88,44,44,39
L10 0AH,34,16,18,14
L10 0AJ,82,36,46,32
L10 0AL,86,42,44,40
L10 0AN,80,42,38,31
L10 0AP,39,17,22,14
L10 0AQ,31,31,0,0
L10 0AR,123,65,58,53
L10 0AS,37,18,19,32
L10 0AT,50,25,25,19
L10 0AW,52,26,26,21
L10 0AY,49,24,25,18
L10 1LA,92,43,49,32
L10 1LB,21,12,9,12
L10 1LD,7,4,3,4
L10 1LF,51,23,28,21
L10 1LG,61,30,31,28
L10 1LH,27,10,17,10
L10 1LJ,45,20,25,18
L10 1LL,38,14,24,17
L10 1LN,93,47,46,35
L10 1LP,148,67,81,50
L10 1LQ,85,43,42,36
L10 1LR,65,34,31,32
L10 1LS,66,35,31,28
L10 1LT,61,26,35,26
L10 1LU,43,22,21,22
L10 1LX,65,35,30,20
L10 1NB,114,50,64,43
L10 1ND,28,13,15,10
L10 1NE,37,18,19,12
L10 1NF,66,32,34,29
L10 1NG,84,40,44,33
L10 1NH,155,76,79,63
L10 1NJ,17,8,9,11
L10 1NL,2,0,2,2
L10 2JD,9,3,6,6
L10 2JE,51,27,24,19
L10 2JF,75,33,42,24
L10 2JG,74,37,37,27
L10 2JH,16,8,8,10
L10 2JJ,67,36,31,34
L10 2JL,36,16,20,17
L10 2JN,60,27,33,25
L10 2JP,32,14,18,16
L10 2JQ,105,54,51,34
L10 2JR,31,14,17,16
L10 2JS,34,16,18,19
L10 2JT,38,23,15,13
L10 2JU,50,22,28,27
L10 2JW,43,21,22,17
L10 2JX,33,15,18,10
L10 2JY,29,14,15,14
L10 2JZ,32,15,17,18
L10 2LA,39,19,20,15
L10 2LB,31,14,17,18
L10 2LD,79,41,38,29
L10 2LE,32,16,16,13
L10 2LF,53,21,32,22
L10 2LG,61,26,35,27
L10 2LH,8,3,5,6
L10 2LQ,53,21,32,21
L10 3JA,5,3,2,3
L10 3JD,46,26,20,18
L10 3JE,72,37,35,27
L10 3JF,51,23,28,26
L10 3JG,22,12,10,11
L10 3JH,64,35,29,28
L10 3JJ,64,29,35,24
L10 3JL,119,54,65,49
L10 3JN,72,36,36,27
L10 3JP,40,16,24,16
L10 3JQ,44,22,22,14
L10 3JR,41,21,20,22
L10 3JS,30,16,14,14
L10 3JT,50,21,29,22
L10 3JU,55,26,29,24
L10 3JW,37,15,22,12
L10 3JX,22,12,10,12
L10 3JY,51,30,21,20
L10 3JZ,54,32,22,20
L10 3LA,53,26,27,22
L10 3LB,52,28,24,23
L10 3LD,48,25,23,18
L10 3LE,68,34,34,24
L10 3LF,40,21,19,18
L10 3LG,65,27,38,24
L10 3LH,71,30,41,24
L10 3LJ,50,25,25,25
L10 3LL,54,26,28,27
L10 3LQ,46,21,25,16
L10 4UE,113,52,61,45
L10 4UF,172,92,80,58
L10 4UG,34,20,14,16
L10 4UH,26,10,16,8
L10 4UJ,53,26,27,17
L10 4UN,19,10,9,6
L10 4UP,26,15,11,11
L10 4UQ,43,20,23,15
L10 4UR,28,14,14,12
L10 4US,125,61,64,53
L10 4UT,147,73,74,62
L10 4UU,14,8,6,5
L10 4UW,22,11,11,10
L10 4UX,26,15,11,10
L10 4UY,29,14,15,12
L10 4UZ,78,34,44,33
L10 4XA,5,3,2,1
L10 4XG,80,39,41,33
L10 4XH,30,11,19,14
L10 4XJ,90,46,44,33
L10 4XL,50,25,25,19
L10 4XN,55,28,27,23
L10 4XP,104,50,54,40
L10 4XQ,30,14,16,11
L10 4XR,77,41,36,27
L10 4XS,31,16,15,13
L10 4XT,59,28,31,27
L10 4XU,9,5,4,2
L10 4XW,51,23,28,23
L10 4XX,35,14,21,15
L10 4XY,92,40,52,42
L10 4XZ,44,20,24,21
L10 4YA,36,20,16,16
L10 4YB,47,23,24,20
L10 4YD,37,18,19,20
L10 4YE,151,67,84,59
L10 4YF,62,34,28,33
L10 4YG,104,44,60,44
L10 4YH,109,56,53,37
L10 4YJ,41,21,20,19
L10 4YL,15,6,9,8
L10 4YN,40,17,23,20
L10 4YP,77,41,36,34
L10 4YQ,7,3,4,4
L10 4YR,41,18,23,19
L10 4YS,74,37,37,30
L10 4YT,87,46,41,32
L10 4YU,36,19,17,12
L10 4YW,54,23,31,20
L10 4YX,56,27,29,22
L10 6LA,41,21,20,15
L10 6LB,15,7,8,8
L10 6LE,49,25,24,21
L10 6LF,46,27,19,17
L10 6LG,56,27,29,24
L10 6LH,75,37,38,26
L10 6LJ,64,32,32,24
L10 6LL,56,25,31,33
L10 6LN,36,17,19,16
L10 6LP,63,23,40,26
L10 6LR,51,26,25,24
L10 6LS,47,20,27,22
L10 6LT,76,36,40,41
L10 6LU,76,33,43,32
L10 6LW,24,8,16,17
L10 6LX,54,25,29,24
L10 6LY,64,36,28,25
L10 6LZ,52,20,32,24
L10 6NA,7,5,2,2
L10 6NB,6,1,5,5
L10 6ND,32,13,19,12
L10 6NE,57,24,33,32
L10 6NF,39,17,22,16
L10 6NG,62,31,31,26
L10 6NH,56,26,30,27
L10 6NQ,104,53,51,43
L10 7LA,86,40,46,37
L10 7LB,77,33,44,27
L10 7LD,19,9,10,5
L10 7LE,62,30,32,23
L10 7LF,90,41,49,35
L10 7LG,51,26,25,22
L10 7LH,70,34,36,36
L10 7LJ,35,16,19,15
L10 7LL,57,19,38,29
L10 7LN,34,17,17,17
L10 7LP,50,19,31,24
L10 7LQ,49,23,26,24
L10 7LR,44,20,24,23
L10 7LS,57,20,37,25
L10 7LT,43,20,23,23
L10 7LU,25,10,15,11
L10 7LW,75,33,42,29
L10 7LX,47,23,24,20
L10 7LY,68,33,35,31
L10 7LZ,52,27,25,29
L10 7NA,49,24,25,22
L10 7NB,30,15,15,13
L10 7ND,24,8,16,12
L10 7NE,63,31,32,25
L10 7NF,85,35,50,33
L10 7NG,73,34,39,32
L10 7NH,93,38,55,49
L10 7NJ,51,23,28,22
L10 7NL,30,15,15,12
L10 7NN,51,19,32,19
L10 7NP,61,26,35,29
L10 7NQ,33,11,22,16
L10 7NR,50,27,23,21
L10 7NS,44,25,19,31
L10 7NT,35,15,20,21
L10 7NU,76,52,24,56
L10 7NW,58,30,28,25
L10 8JA,50,25,25,23
L10 8JB,77,41,36,28
L10 8JD,46,21,25,16
L10 8JE,44,23,21,15
L10 8JF,47,20,27,20
L10 8JG,85,41,44,34
L10 8JH,72,36,36,30
L10 8JJ,17,8,9,7
L10 8JL,77,40,37,31
L10 8JN,138,62,76,55
L10 8JP,71,34,37,32
L10 8JQ,74,36,38,31
L10 8JR,53,30,23,19
L10 8JS,22,10,12,10
L10 8JT,70,39,31,29
L10 8JU,97,50,47,40
L10 8JW,59,27,32,23
L10 8JX,21,12,9,12
L10 8JY,51,24,27,22
L10 8JZ,60,29,31,30
L10 8LA,61,27,34,30
L10 8LB,48,26,22,24
L10 8LD,34,15,19,15
L10 8LE,17,7,10,6
L10 8LF,68,33,35,26
L10 8LG,66,32,34,22
L10 8LH,50,27,23,18
L10 8LJ,52,27,25,20
L10 8LL,76,36,40,32
L10 8LN,29,14,15,18
L10 8LQ,5,2,3,3
L10 8LR,75,34,41,26
L10 8LS,90,39,51,44
L10 8LT,46,24,22,21
L10 8LU,49,21,28,22
L10 8LW,58,26,32,23
L10 8LX,50,24,26,22
L10 8LY,20,8,12,9
L10 8ND,6,2,4,4
L10 9AP,35,15,20,13
L10 9LA,48,28,20,23
L10 9LB,26,15,11,10
L10 9LD,62,26,36,25
L10 9LE,39,17,22,19
L10 9LG,2,2,0,1
L10 9LH,10,6,4,8
L10 9LJ,33,15,18,14
L10 9LL,67,40,27,41
L10 9LN,93,47,46,39
L10 9LP,85,43,42,32
L10 9LQ,48,21,27,22
L10 9LR,68,30,38,30
L10 9LS,46,22,24,19
L10 9LT,83,38,45,35
L10 9LU,77,37,40,27
L10 9LW,52,24,28,17
L10 9LX,56,23,33,24
L10 9LY,83,42,41,38
L10 9LZ,73,32,41,28
L10 9NA,99,40,59,35
L10 9NB,57,28,29,27
L10 9ND,97,44,53,34
L10 9NE,82,35,47,39
L10 9NF,54,21,33,25
L10 9NG,231,120,111,70
L10 9NP,12,4,8,4
L11 0AA,14,7,7,8
L11 0AB,14,4,10,6
L11 0AD,57,23,34,30
L11 0AE,74,35,39,34
L11 0AF,34,16,18,23
L11 0AG,81,35,46,34
L11 0AH,13,6,7,5
L11 0AJ,75,28,47,37
L11 0AL,36,16,20,13
L11 0AN,52,20,32,25
L11 0AP,24,13,11,11
L11 0AQ,36,19,17,17
L11 0AR,26,14,12,8
L11 0AS,35,18,17,17
L11 0AT,48,20,28,21
L11 0AU,42,17,25,14
L11 0AX,57,32,25,27
L11 0AY,41,23,18,13
L11 0BG,18,7,11,9
L11 0BH,43,21,22,19
L11 0BJ,28,11,17,11
L11 0BL,5,3,2,2
L11 0BN,42,18,24,16
L11 0BP,60,17,43,8
L11 0BR,73,31,42,34
L11 0BT,43,18,25,23
L11 0BU,103,53,50,40
L11 0BW,38,17,21,21
L11 0BX,14,7,7,4
L11 0BY,38,15,23,15
L11 0BZ,39,18,21,19
L11 0DA,48,21,27,20
L11 0DB,16,7,9,10
L11 0DD,42,20,22,16
L11 0DE,45,19,26,20
L11 0DF,45,21,24,18
L11 0DG,60,25,35,25
L11 0DN,35,18,17,12
L11 0ED,2,1,1,1
L11 0EE,4,3,1,2
L11 1AH,24,13,11,11
L11 1AJ,3,1,2,2
L11 1AN,54,26,28,28
L11 1AP,16,6,10,6
L11 1AS,83,36,47,37
L11 1AT,52,26,26,23
L11 1AU,134,62,72,49
L11 1AX,127,54,73,50
L11 1AY,83,36,47,31
L11 1AZ,39,14,25,16
L11 1BA,53,24,29,22
L11 1BB,31,9,22,16
L11 1BD,32,14,18,12
L11 1BE,115,56,59,43
L11 1BG,8,2,6,4
L11 1BL,37,14,23,16
L11 1BN,50,28,22,20
L11 1BP,36,17,19,16
L11 1BQ,31,14,17,13
L11 1BR,71,32,39,33
L11 1BS,93,43,50,39
L11 1BT,39,16,23,19
L11 1BU,77,41,36,31
L11 1BW,47,25,22,23
L11 1BX,7,3,4,4
L11 1BY,1,1,0,1
L11 1DB,25,13,12,9
L11 1DE,67,28,39,25
L11 1DF,55,24,31,25
L11 1DG,10,3,7,2
L11 1DH,119,60,59,45
L11 1DJ,34,14,20,12
L11 1DN,27,15,12,11
L11 1DP,62,33,29,24
L11 1DQ,43,18,25,19
L11 1DR,107,52,55,43
L11 1DS,38,14,24,21
L11 1DU,156,72,84,61
L11 1DW,51,33,18,25
L11 1EB,4,2,2,2
L11 1EE,63,21,42,24
L11 1EF,47,19,28,18
L11 1EG,87,44,43,39
L11 1EH,75,39,36,29
L11 1EJ,35,15,20,16
L11 1EL,20,14,6,11
L11 1EP,32,16,16,12
L11 1EQ,56,27,29,30
L11 1ET,2,0,2,1
L11 1EW,36,19,17,16
L11 1EZ,73,32,41,31
L11 1HA,72,38,34,32
L11 1HB,79,30,49,32
L11 1HH,2,1,1,1
L11 1JG,23,9,14,21
L11 2RZ,75,39,36,29
L11 2SA,62,26,36,24
L11 2SB,60,32,28,25
L11 2SD,53,24,29,24
L11 2SE,13,6,7,7
L11 2SF,49,18,31,17
L11 2SH,101,48,53,46
L11 2SJ,76,35,41,36
L11 2SN,108,57,51,44
L11 2SP,41,17,24,17
L11 2SQ,79,40,39,31
L11 2SR,88,38,50,35
L11 2SS,115,48,67,46
L11 2SW,67,28,39,28
L11 2TA,30,17,13,13
L11 2TB,67,26,41,26
L11 2TD,55,24,31,24
L11 2TE,77,32,45,35
L11 2TF,87,48,39,30
L11 2TG,50,18,32,24
L11 2TH,28,10,18,14
L11 2TJ,105,42,63,44
L11 2TL,77,38,39,35
L11 2TN,79,33,46,31
L11 2TP,73,38,35,36
L11 2TQ,54,26,28,23
L11 2TR,118,47,71,47
L11 2TS,110,59,51,37
L11 2TT,69,25,44,29
L11 2TU,35,18,17,23
L11 2TW,68,31,37,29
L11 2TX,62,27,35,30
L11 2TY,52,26,26,22
L11 2TZ,66,23,43,32
L11 2UA,35,13,22,13
L11 2UB,27,12,15,11
L11 2UD,59,24,35,25
L11 2UE,48,19,29,19
L11 2UF,52,29,23,18
L11 2UG,52,22,30,21
L11 2UH,120,52,68,46
L11 2UJ,80,39,41,34
L11 2UL,102,47,55,46
L11 2UN,29,19,10,18
L11 2UP,38,16,22,18
L11 2UQ,75,37,38,34
L11 2UR,53,28,25,20
L11 2US,4,2,2,2
L11 2UT,44,15,29,41
L11 2UU,81,31,50,36
L11 2UW,20,9,11,6
L11 2UX,116,49,67,45
L11 2UY,67,24,43,30
L11 2UZ,63,28,35,26
L11 2WX,66,29,37,25
L11 2XE,5,1,4,2
L11 2XF,4,2,2,2
L11 2XG,8,4,4,2
L11 2XP,12,4,8,7
L11 2XU,13,8,5,8
L11 2XY,22,13,9,8
L11 2YA,77,34,43,37
L11 2YB,24,12,12,12
L11 2YE,22,8,14,9
L11 2YF,36,14,22,33
L11 2YG,56,25,31,25
L11 2YH,36,19,17,14
L11 2YJ,75,31,44,29
L11 2YQ,29,13,16,26
L11 2YX,32,11,21,18
L11 3AA,22,13,9,9
L11 3AB,82,46,36,35
L11 3AD,40,20,20,18
L11 3AE,77,32,45,35
L11 3AF,71,33,38,36
L11 3AG,89,47,42,37
L11 3AH,56,23,33,24
L11 3AJ,72,25,47,32
L11 3AL,87,33,54,40
L11 3AN,44,24,20,18
L11 3AP,102,51,51,45
L11 3AQ,104,54,50,42
L11 3AR,83,41,42,37
L11 3AS,77,39,38,34
L11 3AT,76,36,40,32
L11 3AU,41,21,20,15
L11 3AX,66,33,33,26
L11 3AY,68,31,37,26
L11 3AZ,36,16,20,14
L11 3BA,26,15,11,19
L11 3BB,44,25,19,19
L11 3BD,24,12,12,10
L11 3BE,9,4,5,4
L11 3BG,84,42,42,32
L11 3BH,97,46,51,36
L11 3BJ,113,49,64,47
L11 3BL,98,43,55,39
L11 3BN,50,27,23,19
L11 3BP,32,14,18,13
L11 3BQ,82,43,39,29
L11 3BR,53,24,29,21
L11 3BS,56,29,27,26
L11 3BT,83,36,47,34
L11 3BU,33,12,21,13
L11 3BW,40,18,22,16
L11 3BX,73,38,35,28
L11 3BY,91,46,45,39
L11 3BZ,92,40,52,37
L11 3DA,65,29,36,24
L11 3DB,35,15,20,13
L11 3DD,85,42,43,33
L11 3DE,83,36,47,33
L11 3DF,84,38,46,34
L11 3DG,87,43,44,40
L11 3DH,26,15,11,12
L11 3DJ,46,24,22,14
L11 3DL,33,17,16,14
L11 3DN,62,34,28,30
L11 3DP,50,25,25,18
L11 3DR,39,17,22,17
L11 3DS,73,35,38,33
L11 3DT,29,15,14,9
L11 3DU,88,38,50,38
L11 3DW,74,33,41,29
L11 3DX,77,27,50,29
L11 3DY,43,21,22,19
L11 3DZ,42,16,26,16
L11 3EA,63,27,36,26
L11 3EB,70,37,33,27
L11 3ED,42,21,21,16
L11 3EE,122,58,64,43
L11 3EF,85,39,46,33
L11 3EG,42,21,21,15
L11 3EL,56,27,29,37
L11 3EQ,28,12,16,12
L11 4BD,14,9,5,4
L11 4BH,25,10,15,10
L11 4RA,15,9,6,8
L11 4RB,34,16,18,14
L11 4RD,16,6,10,7
L11 4RG,30,13,17,14
L11 4RH,38,16,22,13
L11 4RJ,87,58,29,41
L11 4RN,13,5,8,5
L11 4RP,37,21,16,16
L11 4RQ,20,7,13,10
L11 4RR,14,6,8,7
L11 4RS,25,10,15,11
L11 4RT,10,5,5,4
L11 4RU,28,13,15,14
L11 4RW,70,34,36,35
L11 4RX,42,20,22,20
L11 4RY,14,3,11,4
L11 4RZ,47,21,26,14
L11 4SA,49,28,21,25
L11 4SB,63,22,41,20
L11 4SE,50,21,29,24
L11 4SF,9,5,4,6
L11 4SH,39,18,21,16
L11 4SJ,10,6,4,5
L11 4SL,58,31,27,17
L11 4SQ,79,38,41,36
L11 4SR,40,18,22,16
L11 4SS,53,21,32,22
L11 4ST,47,19,28,22
L11 4SU,46,21,25,20
L11 4SW,19,9,10,6
L11 4SZ,76,31,45,34
L11 4TA,44,18,26,19
L11 4TB,39,13,26,22
L11 4TD,12,5,7,7
L11 4TE,42,20,22,16
L11 4TG,62,29,33,31
L11 4TH,16,11,5,6
L11 4TJ,15,7,8,7
L11 4TL,59,26,33,25
L11 4TN,28,15,13,11
L11 4TP,13,6,7,5
L11 4TQ,58,27,31,30
L11 4TR,16,5,11,9
L11 4TS,23,12,11,11
L11 4TT,18,7,11,9
L11 4TW,22,8,14,14
L11 4TY,29,10,19,9
L11 4TZ,4,0,4,2
L11 4UA,68,30,38,29
L11 4UD,126,58,68,49
L11 4UH,155,76,79,46
L11 4UJ,23,10,13,14
L11 4UL,31,15,16,17
L11 4UN,46,26,20,15
L11 4UP,28,16,12,12
L11 4UQ,179,99,80,52
L11 4UR,151,76,75,62
L11 4US,69,34,35,30
L11 4UW,218,102,116,78
L11 5AA,45,21,24,24
L11 5AB,112,47,65,43
L11 5AD,55,26,29,23
L11 5AE,25,11,14,10
L11 5AF,1,0,1,1
L11 5AH,112,56,56,43
L11 5AJ,18,6,12,9
L11 5AN,69,37,32,29
L11 5AQ,59,34,25,24
L11 5AR,107,42,65,41
L11 5AS,50,19,31,25
L11 5AT,59,29,30,24
L11 5AU,54,24,30,23
L11 5AW,6,3,3,1
L11 5AX,87,38,49,35
L11 5AY,94,49,45,30
L11 5AZ,62,27,35,25
L11 5BA,68,27,41,33
L11 5BB,80,34,46,26
L11 5BD,70,35,35,27
L11 5BE,81,34,47,34
L11 5BG,92,44,48,36
L11 5BH,79,32,47,29
L11 5BJ,36,16,20,17
L11 5BL,101,44,57,47
L11 5BQ,77,41,36,35
L11 6GA,24,10,14,11
L11 6LA,89,34,55,41
L11 6LB,18,5,13,8
L11 6LD,54,24,30,23
L11 6LE,46,22,24,14
L11 6LF,44,19,25,17
L11 6LG,60,33,27,27
L11 6LH,12,5,7,4
L11 6LJ,12,6,6,8
L11 6LL,12,4,8,5
L11 6LN,85,41,44,27
L11 6LP,20,10,10,11
L11 6LQ,76,39,37,30
L11 6LR,34,14,20,15
L11 6LS,47,23,24,23
L11 6LT,27,14,13,9
L11 6LU,31,11,20,15
L11 6LW,60,31,29,23
L11 6LX,15,7,8,10
L11 6LY,30,13,17,16
L11 6LZ,13,6,7,8
L11 6NA,88,41,47,37
L11 6NB,2,1,1,2
L11 6ND,25,12,13,14
L11 6NE,42,22,20,22
L11 6NF,47,20,27,21
L11 6NP,51,19,32,41
L11 7AA,55,30,25,25
L11 7AB,45,22,23,16
L11 7AD,71,33,38,24
L11 7AE,106,44,62,43
L11 7AF,38,19,19,14
L11 7AG,91,44,47,39
L11 7AH,18,11,7,10
L11 7AJ,60,28,32,21
L11 7AL,53,21,32,24
L11 7AN,41,20,21,16
L11 7AP,75,37,38,28
L11 7AQ,38,15,23,15
L11 7AR,56,22,34,23
L11 7AS,62,29,33,23
L11 7AT,84,33,51,32
L11 7AU,105,49,56,38
L11 7AW,45,21,24,19
L11 7AX,78,39,39,31
L11 7AY,50,30,20,31
L11 7AZ,59,30,29,29
L11 7BA,55,25,30,23
L11 7BB,45,21,24,18
L11 7BE,50,21,29,22
L11 7BG,96,42,54,44
L11 7BH,77,38,39,34
L11 7BJ,49,17,32,19
L11 7BL,87,36,51,32
L11 7BN,109,51,58,43
L11 7BP,127,57,70,47
L11 7BQ,85,37,48,36
L11 7BR,87,37,50,36
L11 7BS,89,39,50,34
L11 7BT,35,15,20,14
L11 7BU,6,3,3,2
L11 7BW,66,26,40,23
L11 7BX,66,28,38,23
L11 7BY,80,41,39,37
L11 7BZ,104,50,54,42
L11 7DA,36,15,21,15
L11 7DB,59,34,25,23
L11 7DD,106,58,48,43
L11 7DE,53,21,32,23
L11 7DF,91,43,48,38
L11 7DG,77,42,35,25
L11 7DH,19,11,8,10
L11 7DJ,37,18,19,14
L11 7DL,85,40,45,36
L11 7DN,41,17,24,20
L11 7DQ,82,29,53,28
L11 7DR,72,33,39,27
L11 7DS,16,7,9,9
L11 7DU,33,19,14,9
L11 7DW,77,40,37,31
L11 8LA,43,14,29,16
L11 8LB,24,11,13,9
L11 8LD,95,42,53,43
L11 8LE,32,18,14,15
L11 8LF,36,19,17,16
L11 8LG,87,44,43,37
L11 8LH,34,20,14,14
L11 8LJ,30,14,16,10
L11 8LL,69,29,40,26
L11 8LN,67,32,35,30
L11 8LP,101,46,55,36
L11 8LQ,66,28,38,28
L11 8LR,106,53,53,44
L11 8LS,53,26,27,28
L11 8LT,60,29,31,27
L11 8LU,42,21,21,17
L11 8LW,28,13,15,15
L11 8LX,15,5,10,6
L11 8LY,12,2,10,7
L11 8LZ,21,11,10,10
L11 8NA,89,36,53,41
L11 8NB,16,8,8,3
L11 8ND,44,22,22,14
L11 8NE,61,32,29,25
L11 8NF,10,6,4,6
L11 8NG,36,15,21,18
L11 8NH,75,39,36,27
L11 8NJ,68,34,34,28
L11 8NL,78,38,40,30
L11 8NN,30,13,17,12
L11 8NP,22,9,13,10
L11 8NQ,75,36,39,27
L11 8NR,22,10,12,9
L11 8NS,57,29,28,28
L11 8NT,69,31,38,27
L11 8NU,8,4,4,6
L11 8NW,35,15,20,15
L11 8NX,65,27,38,55
L11 9AA,24,10,14,9
L11 9AB,44,27,17,20
L11 9AD,46,20,26,16
L11 9AE,75,35,40,29
L11 9AF,57,25,32,30
L11 9AG,94,49,45,35
L11 9AH,88,43,45,35
L11 9AJ,69,33,36,25
L11 9AL,84,37,47,33
L11 9AN,70,31,39,34
L11 9AP,19,12,7,12
L11 9AQ,65,32,33,29
L11 9AS,74,39,35,32
L11 9AT,25,11,14,14
L11 9AU,78,39,39,35
L11 9AW,66,26,40,27
L11 9BR,53,23,30,20
L11 9BS,72,37,35,21
L11 9BT,89,51,38,68
L11 9BU,44,19,25,21
L11 9BX,39,16,23,16
L11 9BY,27,10,17,13
L11 9BZ,55,30,25,21
L11 9DE,62,32,30,26
L11 9DF,33,14,19,13
L11 9DG,25,10,15,12
L11 9DJ,131,34,97,0
L11 9DP,97,40,57,63
L11 9DR,40,19,21,33
L11 9DT,67,25,42,63
L11 9EA,52,25,27,41
L11 9EB,15,10,5,14
L12 0AA,32,17,15,11
L12 0AB,46,25,21,15
L12 0AD,34,17,17,12
L12 0AE,42,18,24,16
L12 0AF,36,14,22,17
L12 0AG,28,10,18,12
L12 0AJ,90,41,49,33
L12 0AL,33,16,17,12
L12 0AP,41,25,16,15
L12 0AR,43,25,18,18
L12 0AT,66,33,33,28
L12 0AU,26,14,12,11
L12 0AW,153,74,79,53
L12 0AX,54,28,26,23
L12 0AY,66,30,36,24
L12 0AZ,60,28,32,37
L12 0BA,51,25,26,28
L12 0BB,26,13,13,11
L12 0BD,38,18,20,16
L12 0BE,92,43,49,39
L12 0BG,81,41,40,34
L12 0BH,85,42,43,34
L12 0BJ,49,21,28,23
L12 0BL,104,50,54,43
L12 0BP,40,20,20,12
L12 0BQ,49,20,29,18
L12 0BR,19,12,7,7
L12 0BS,130,68,62,44
L12 0BW,109,52,57,35
L12 0DF,86,39,47,35
L12 0HA,30,14,16,14
L12 0HD,3,2,1,1
L12 0HE,129,60,69,46
L12 0HF,110,52,58,42
L12 0HG,86,42,44,34
L12 0HH,25,13,12,8
L12 0HJ,43,23,20,16
L12 0HL,13,6,7,4
L12 0HN,35,17,18,12
L12 0HP,41,20,21,17
L12 0HQ,16,9,7,6
L12 0HR,2,1,1,1
L12 0HS,54,28,26,22
L12 0HT,29,15,14,15
L12 0HU,31,16,15,12
L12 0HW,43,22,21,14
L12 0HX,177,89,88,72
L12 0HY,61,31,30,21
L12 0HZ,39,22,17,18
L12 0JB,129,62,67,66
L12 0JD,14,7,7,8
L12 0JF,100,50,50,39
L12 0JG,48,25,23,19
L12 0JH,26,14,12,17
L12 0JJ,38,15,23,17
L12 0JL,47,25,22,23
L12 0JN,34,17,17,20
L12 0JP,199,101,98,90
L12 0JQ,44,20,24,23
L12 0JR,21,9,12,14
L12 0JS,41,23,18,17
L12 0JT,40,20,20,17
L12 0JU,49,26,23,19
L12 0JW,22,10,12,5
L12 0JX,118,59,59,48
L12 0JY,22,9,13,11
L12 0JZ,53,22,31,20
L12 0LA,40,20,20,16
L12 0LB,34,15,19,20
L12 0LD,19,9,10,9
L12 0LE,13,6,7,7
L12 0LF,33,15,18,18
L12 0LG,39,18,21,12
L12 0LH,140,61,79,54
L12 0LJ,25,10,15,8
L12 0LL,47,25,22,17
L12 0LN,17,8,9,10
L12 0LP,32,16,16,20
L12 0LQ,31,13,18,12
L12 0LR,26,9,17,8
L12 0LS,57,29,28,17
L12 0LT,165,81,84,54
L12 0LU,49,24,25,17
L12 0LW,21,13,8,10
L12 0LX,94,42,52,34
L12 0LY,26,12,14,9
L12 0NA,62,31,31,23
L12 0ND,23,12,11,9
L12 0NF,141,68,73,43
L12 0NG,109,61,48,36
L12 0NH,23,12,11,14
L12 0NJ,10,4,6,4
L12 0NL,15,7,8,11
L12 0NN,25,12,13,10
L12 0NP,117,53,64,37
L12 0NR,65,36,29,18
L12 0NS,81,38,43,28
L12 0NT,107,56,51,37
L12 0NU,29,16,13,8
L12 0NW,20,12,8,7
L12 0NX,32,14,18,8
L12 0NY,45,21,24,14
L12 0NZ,40,21,19,10
L12 0PA,47,27,20,19
L12 0PB,165,80,85,64
L12 0PD,68,36,32,27
L12 0PE,186,94,92,75
L12 0PF,150,73,77,57
L12 0PG,47,19,28,21
L12 0PH,42,19,23,17
L12 0PL,193,80,113,69
L12 0PN,73,36,37,28
L12 0PP,80,38,42,38
L12 0PQ,134,67,67,47
L12 0PR,42,19,23,21
L12 0PS,25,11,14,14
L12 0PT,82,39,43,27
L12 0PW,140,67,73,46
L12 0PX,15,6,9,9
L12 0PY,109,48,61,33
L12 0PZ,44,21,23,17
L12 0QA,29,12,17,11
L12 0QB,15,8,7,6
L12 0QD,91,43,48,38
L12 0QE,40,15,25,18
L12 0QF,143,72,71,40
L12 0QG,45,24,21,13
L12 0QH,15,7,8,5
L12 0QJ,61,31,30,18
L12 0QL,18,7,11,6
L12 0QN,182,89,93,55
L12 0QP,168,84,84,50
L12 0QQ,21,8,13,8
L12 0QR,81,35,46,36
L12 0QS,32,15,17,14
L12 0QU,126,60,66,40
L12 0QW,25,13,12,9
L12 0QY,213,103,110,82
L12 0RJ,92,44,48,34
L12 0RL,68,32,36,25
L12 0RN,61,26,35,23
L12 0RP,46,25,21,16
L12 0RQ,28,18,10,11
L12 0RR,23,8,15,9
L12 0RS,85,39,46,32
L12 0RT,32,17,15,12
L12 0RU,38,19,19,15
L12 0RW,120,64,56,53
L12 0RX,38,17,21,13
L12 0RY,72,33,39,32
L12 0RZ,34,18,16,17
L12 0SA,105,51,54,43
L12 0SB,36,17,19,14
L12 0SD,36,17,19,11
L12 0SE,49,28,21,21
L12 0SF,29,14,15,11
L12 0SG,37,14,23,16
L12 0SN,47,22,25,16
L12 0SQ,128,60,68,45
L12 0SX,26,15,11,8
L12 1JY,5,2,3,2
L12 1LA,10,6,4,4
L12 1LB,45,19,26,21
L12 1LD,6,4,2,3
L12 1LE,3,1,2,2
L12 1LF,1,1,0,1
L12 1LG,41,20,21,23
L12 1LH,52,23,29,20
L12 1LJ,18,8,10,5
L12 1LL,31,17,14,9
L12 1LN,14,6,8,8
L12 1LP,34,17,17,22
L12 1LQ,34,20,14,11
L12 1LR,54,26,28,23
L12 1LS,59,19,40,20
L12 1LT,37,20,17,14
L12 1LU,64,39,25,36
L12 1LW,52,25,27,19
L12 1LX,86,42,44,27
L12 1LY,62,27,35,20
L12 1NA,11,6,5,3
L12 1NB,7,4,3,2
L12 1ND,37,16,21,12
L12 1NE,37,17,20,13
L12 1NF,31,15,16,12
L12 1NH,21,11,10,6
L12 2AD,43,21,22,18
L12 2AE,20,7,13,7
L12 2AF,21,11,10,6
L12 2AG,63,32,31,26
L12 2AH,39,19,20,19
L12 2AJ,66,39,27,35
L12 2AL,54,19,35,42
L12 2AN,50,25,25,19
L12 2AQ,44,22,22,21
L12 2AR,39,18,21,14
L12 2AS,47,20,27,19
L12 2AT,46,20,26,23
L12 2AU,51,23,28,20
L12 2AW,1,1,0,1
L12 2AX,79,45,34,26
L12 2AY,92,42,50,27
L12 2AZ,14,5,9,0
L12 2BA,48,21,27,13
L12 2BB,29,13,16,23
L12 2BD,44,22,22,14
L12 2BJ,11,7,4,4
L12 2BL,34,20,14,10
L12 3HA,48,24,24,21
L12 3HB,59,25,34,25
L12 3HD,44,22,22,18
L12 3HE,10,6,4,7
L12 3HH,8,5,3,3
L12 3HJ,162,74,88,50
L12 3HL,79,35,44,30
L12 3HN,82,39,43,29
L12 3HP,67,31,36,25
L12 3HQ,12,5,7,8
L12 3HR,35,13,22,12
L12 3HS,85,46,39,35
L12 3HU,68,35,33,34
L12 3HW,110,57,53,42
L12 4BA,33,16,17,13
L12 4BB,12,6,6,4
L12 4BD,28,13,15,10
L12 4BE,10,5,5,4
L12 4BF,21,10,11,9
L12 4DA,46,23,23,15
L12 4DB,107,52,55,33
L12 4DD,93,41,52,38
L12 4UZ,16,8,8,12
L12 4WT,10,5,5,5
L12 4WU,137,53,84,68
L12 4WX,17,8,9,7
L12 4XA,38,17,21,17
L12 4XB,9,5,4,3
L12 4XD,79,36,43,35
L12 4XE,46,25,21,21
L12 4XF,24,11,13,13
L12 4XG,55,27,28,35
L12 4XH,79,32,47,30
L12 4XJ,88,40,48,37
L12 4XL,64,32,32,31
L12 4XN,57,26,31,32
L12 4XR,45,22,23,18
L12 4XS,82,35,47,38
L12 4XT,54,25,29,29
L12 4XU,97,44,53,39
L12 4XW,46,22,24,20
L12 4XX,59,24,35,24
L12 4XY,68,33,35,25
L12 4XZ,87,38,49,43
L12 4YA,72,34,38,30
L12 4YB,50,21,29,21
L12 4YD,49,17,32,25
L12 4YE,64,27,37,36
L12 4YF,17,9,8,9
L12 4YG,227,108,119,95
L12 4YJ,76,38,38,32
L12 4YL,3,2,1,2
L12 4YN,65,28,37,27
L12 4YP,65,35,30,45
L12 4YQ,21,13,8,10
L12 4YR,66,31,35,27
L12 4YS,99,53,46,39
L12 4YT,45,26,19,19
L12 4YU,92,36,56,38
L12 4YW,23,10,13,10
L12 4YX,15,5,10,9
L12 4YZ,11,7,4,4
L12 4ZA,36,15,21,23
L12 4ZB,125,59,66,39
L12 4ZD,18,11,7,6
L12 4ZE,94,42,52,31
L12 4ZF,21,10,11,10
L12 4ZG,19,9,10,7
L12 4ZL,26,12,14,17
L12 4ZN,39,17,22,15
L12 5EA,66,32,34,31
L12 5EB,87,44,43,33
L12 5EE,54,26,28,26
L12 5EF,44,21,23,20
L12 5EG,77,38,39,30
L12 5EH,64,32,32,28
L12 5EJ,30,17,13,14
L12 5EL,25,14,11,8
L12 5EN,65,29,36,34
L12 5EP,13,6,7,6
L12 5EQ,53,25,28,23
L12 5ER,32,17,15,14
L12 5ES,44,15,29,20
L12 5ET,34,19,15,13
L12 5EU,63,34,29,25
L12 5EW,44,21,23,20
L12 5EX,79,37,42,32
L12 5EY,84,48,36,30
L12 5EZ,79,39,40,31
L12 5FB,52,24,28,18
L12 5HA,40,18,22,15
L12 5HB,46,22,24,19
L12 5HD,18,8,10,8
L12 5HE,82,37,45,30
L12 5HF,76,31,45,26
L12 5HG,82,38,44,38
L12 5HH,109,55,54,39
L12 5HJ,8,4,4,6
L12 5HP,23,10,13,11
L12 5HQ,77,43,34,39
L12 5HR,46,21,25,22
L12 5HS,35,16,19,14
L12 5HT,69,29,40,22
L12 5HU,86,38,48,32
L12 5HW,2,2,0,1
L12 5HX,34,15,19,13
L12 5HY,59,29,30,25
L12 5HZ,69,32,37,20
L12 5JA,16,9,7,5
L12 5JB,39,16,23,17
L12 5JD,20,11,9,6
L12 5JE,53,24,29,20
L12 5JF,73,30,43,29
L12 5JG,84,41,43,32
L12 5JH,69,29,40,36
L12 5JJ,56,25,31,21
L12 5JL,83,41,42,36
L12 5JN,56,25,31,24
L12 5JP,119,59,60,41
L12 5JQ,66,29,37,24
L12 5JR,24,12,12,11
L12 5JS,21,12,9,9
L12 5JT,22,11,11,8
L12 5JU,40,20,20,15
L12 5JW,26,8,18,18
L12 5JX,39,21,18,13
L12 5JY,43,18,25,15
L12 5JZ,38,18,20,17
L12 5LB,27,12,15,14
L12 5LD,22,8,14,16
L12 5LE,36,11,25,35
L12 5LS,168,85,83,59
L12 5LT,17,9,8,9
L12 5LX,23,9,14,18
L12 5LZ,133,67,66,40
L12 5NA,124,62,62,45
L12 5NE,98,47,51,29
L12 5NH,68,36,32,23
L12 6QA,63,22,41,24
L12 6QB,73,32,41,28
L12 6QD,110,50,60,41
L12 6QE,68,31,37,38
L12 6QF,40,18,22,21
L12 6QG,58,21,37,32
L12 6QH,97,50,47,38
L12 6QJ,47,19,28,20
L12 6QL,28,10,18,10
L12 6QN,63,31,32,27
L12 6QP,35,17,18,20
L12 6QQ,73,34,39,27
L12 6QR,7,1,6,6
L12 6QS,51,20,31,17
L12 6QT,32,13,19,17
L12 6QU,69,31,38,28
L12 6QW,19,5,14,8
L12 6QX,44,23,21,15
L12 6QY,90,42,48,36
L12 6QZ,63,22,41,32
L12 6RA,108,51,57,41
L12 6RB,125,64,61,49
L12 6RD,80,39,41,28
L12 6RE,34,22,12,27
L12 6RF,11,7,4,10
L12 6RG,76,38,38,34
L12 6RH,32,21,11,17
L12 6RJ,17,13,4,16
L12 6RL,31,16,15,18
L12 6RN,37,17,20,34
L12 6RP,38,23,15,30
L12 6RQ,49,30,19,34
L12 6RR,58,43,15,51
L12 6RS,76,39,37,55
L12 6RW,63,36,27,37
L12 6RY,34,17,17,12
L12 7HA,90,43,47,35
L12 7HB,65,35,30,26
L12 7HD,64,35,29,26
L12 7HE,23,10,13,9
L12 7HF,94,40,54,32
L12 7HG,69,31,38,30
L12 7HH,70,29,41,26
L12 7HJ,69,38,31,25
L12 7HL,73,39,34,29
L12 7HN,80,36,44,29
L12 7HP,42,20,22,19
L12 7HQ,56,25,31,22
L12 7HR,72,39,33,29
L12 7HS,57,22,35,24
L12 7HT,48,23,25,29
L12 7HU,46,23,23,21
L12 7HW,41,20,21,21
L12 7HX,21,10,11,7
L12 7HZ,9,7,2,8
L12 7JA,39,18,21,20
L12 7JB,3,1,2,2
L12 7JD,25,12,13,10
L12 7JF,10,7,3,8
L12 7JG,56,31,25,23
L12 7JH,28,11,17,14
L12 7JJ,46,20,26,30
L12 7JL,54,26,28,26
L12 7JN,101,47,54,57
L12 7JP,2,1,1,1
L12 7JQ,14,8,6,5
L12 7JR,49,18,31,32
L12 7JS,31,13,18,13
L12 7JT,69,27,42,25
L12 7JU,71,34,37,26
L12 7JW,23,9,14,10
L12 7JY,82,38,44,33
L12 7JZ,82,40,42,36
L12 7LA,38,19,19,26
L12 7LB,31,14,17,12
L12 7LD,23,9,14,12
L12 7LG,42,21,21,20
L12 7LH,48,25,23,16
L12 7LJ,82,30,52,44
L12 7LL,10,3,7,9
L12 7LQ,12,7,5,5
L12 7LR,96,50,46,41
L12 7LS,58,24,34,29
L12 7LT,105,47,58,38
L12 7LW,43,21,22,17
L12 7NA,7,4,3,6
L12 8QA,52,25,27,25
L12 8QB,50,25,25,24
L12 8QD,65,28,37,25
L12 8QF,77,32,45,38
L12 8QG,61,26,35,25
L12 8QH,55,25,30,31
L12 8QJ,39,16,23,18
L12 8QL,55,29,26,18
L12 8QN,78,35,43,34
L12 8QP,32,14,18,19
L12 8QQ,54,22,32,26
L12 8QR,106,53,53,39
L12 8QS,40,22,18,19
L12 8QT,77,32,45,25
L12 8QU,50,29,21,18
L12 8QW,65,32,33,32
L12 8QX,117,52,65,38
L12 8QY,53,25,28,30
L12 8QZ,59,28,31,33
L12 8RA,105,57,48,33
L12 8RB,114,50,64,45
L12 8RD,128,68,60,46
L12 8RE,26,16,10,12
L12 8RF,45,19,26,20
L12 8RG,30,14,16,16
L12 8RH,128,59,69,47
L12 8RJ,42,17,25,18
L12 8RL,85,37,48,39
L12 8RN,81,37,44,36
L12 8RP,47,26,21,19
L12 8RQ,17,8,9,8
L12 8RR,105,52,53,43
L12 8RS,38,17,21,14
L12 8RT,96,57,39,32
L12 8RU,62,30,32,26
L12 8RW,84,39,45,40
L12 8RX,23,12,11,10
L12 8RY,31,12,19,13
L12 8RZ,96,49,47,39
L12 8SA,5,2,3,4
L12 8SJ,26,14,12,13
L12 8SL,7,5,2,5
L12 8SN,42,15,27,29
L12 8SP,10,3,7,5
L12 8SR,124,63,61,45
L12 8SU,6,2,4,4
L12 8SW,9,3,6,4
L12 8TH,14,9,5,13
L12 8TQ,53,21,32,35
L12 9EA,77,33,44,32
L12 9EB,39,19,20,33
L12 9ED,88,47,41,35
L12 9EE,68,34,34,26
L12 9EF,62,26,36,25
L12 9EG,52,30,22,17
L12 9EH,105,51,54,42
L12 9EJ,120,54,66,41
L12 9EL,92,46,46,37
L12 9EN,45,19,26,19
L12 9EP,64,33,31,22
L12 9EQ,102,53,49,43
L12 9ER,41,21,20,15
L12 9ES,98,41,57,35
L12 9ET,52,23,29,22
L12 9EU,85,35,50,35
L12 9EW,42,23,19,17
L12 9EX,121,61,60,43
L12 9EY,33,19,14,14
L12 9EZ,71,33,38,28
L12 9GY,11,4,7,8
L12 9HA,58,31,27,23
L12 9HB,63,34,29,23
L12 9HD,33,14,19,14
L12 9HE,59,26,33,27
L12 9HF,64,30,34,27
L12 9HG,67,33,34,29
L12 9HH,12,2,10,2
L12 9HL,20,9,11,8
L12 9HP,9,6,3,3
L12 9HQ,49,24,25,18
L12 9HR,36,16,20,14
L12 9HS,14,7,7,5
L12 9HU,80,42,38,26
L12 9HW,97,47,50,42
L12 9HX,70,35,35,26
L12 9HY,21,3,18,1
L12 9JA,27,12,15,11
L12 9JB,48,21,27,18
L12 9JD,65,30,35,20
L12 9JE,103,55,48,39
L12 9JF,44,22,22,16
L12 9JG,63,34,29,24
L12 9JJ,39,9,30,36
L12 9JL,20,9,11,8
L12 9JN,18,6,12,13
L12 9JQ,85,40,45,36
L12 9JR,134,64,70,70
L12 9JS,54,31,23,34
L12 9JT,72,28,44,41
L12 9JU,16,7,9,8
L12 9JX,9,5,4,5
L12 9JY,158,73,85,62
L12 9JZ,51,25,26,21
L12 9LA,37,20,17,11
L12 9LB,71,35,36,25
L12 9LD,38,19,19,14
L12 9LE,42,23,19,15
L12 9LJ,110,45,65,39
L12 9LL,15,7,8,6
L12 9LN,28,16,12,12
L12 9LP,37,15,22,16
L12 9LQ,45,23,22,14
L12 9LR,21,10,11,6
L12 9LS,110,53,57,46
L12 9LT,61,30,31,22
L12 9LU,113,55,58,46
L12 9LW,36,17,19,15
L12 9LX,42,17,25,20
L12 9LY,35,18,17,12
L12 9LZ,26,14,12,13
L12 9NA,26,12,14,10
L12 9NB,27,10,17,8
L12 9ND,48,23,25,19
L12 9NE,38,17,21,13
L12 9NF,70,39,31,45
L12 9NW,158,79,79,54
L13 0AA,80,38,42,37
L13 0AB,76,36,40,29
L13 0AD,75,29,46,33
L13 0AF,25,15,10,11
L13 0AG,65,32,33,23
L13 0AH,57,23,34,24
L13 0AJ,64,30,34,22
L13 0AL,52,29,23,19
L13 0AP,30,15,15,11
L13 0AQ,81,43,38,30
L13 0AR,5,4,1,2
L13 0AS,87,47,40,35
L13 0AT,58,35,23,21
L13 0AU,23,13,10,10
L13 0AW,68,31,37,31
L13 0AX,70,36,34,28
L13 0AY,54,22,32,22
L13 0AZ,89,45,44,34
L13 0BA,31,16,15,15
L13 0BB,44,25,19,20
L13 0BD,53,30,23,20
L13 0BG,41,20,21,16
L13 0BH,52,26,26,22
L13 0BJ,47,21,26,21
L13 0BL,65,32,33,31
L13 0BN,79,40,39,38
L13 0BP,59,29,30,37
L13 0BR,62,32,30,32
L13 0BT,91,42,49,41
L13 0BU,99,44,55,41
L13 0BX,68,30,38,26
L13 0BY,28,15,13,10
L13 0BZ,94,42,52,38
L13 0DA,15,9,6,4
L13 0DB,64,26,38,28
L13 0DD,35,20,15,12
L13 0DE,19,10,9,8
L13 0DF,56,25,31,43
L13 0DL,2,0,2,1
L13 0DQ,23,11,12,18
L13 1AA,34,12,22,14
L13 1BA,6,4,2,6
L13 1BB,23,10,13,6
L13 1BE,39,22,17,18
L13 1BN,50,23,27,25
L13 1BP,91,50,41,47
L13 1BR,13,6,7,7
L13 1BS,103,49,54,48
L13 1BW,15,8,7,12
L13 1DB,5,4,1,4
L13 1DD,55,28,27,30
L13 1DF,53,28,25,27
L13 1DG,167,66,101,34
L13 1DJ,87,46,41,53
L13 1DL,120,54,66,44
L13 1DN,22,9,13,14
L13 1DP,28,22,6,24
L13 1DQ,44,25,19,24
L13 1DR,40,19,21,20
L13 1DS,52,25,27,25
L13 1DT,68,27,41,33
L13 1DU,95,44,51,38
L13 1DW,55,33,22,29
L13 1EB,65,30,35,27
L13 1ED,22,9,13,12
L13 1EH,3,1,2,1
L13 1EJ,2,2,0,1
L13 1EQ,46,21,25,20
L13 1EZ,81,35,46,29
L13 1HW,2,0,2,2
L13 2AA,85,44,41,44
L13 2AB,76,33,43,49
L13 2AD,99,43,56,39
L13 2AE,40,16,24,23
L13 2AG,76,39,37,46
L13 2AH,101,49,52,39
L13 2AJ,43,17,26,18
L13 2AL,82,36,46,37
L13 2AN,65,29,36,32
L13 2AP,79,33,46,25
L13 2AQ,76,39,37,41
L13 2AR,89,49,40,35
L13 2AS,62,28,34,31
L13 2AT,65,33,32,29
L13 2AU,91,47,44,32
L13 2AW,96,47,49,39
L13 2AY,91,43,48,38
L13 2BA,86,50,36,29
L13 2BD,96,44,52,47
L13 2BE,17,7,10,8
L13 2BG,22,9,13,10
L13 2BH,59,27,32,27
L13 2BJ,60,35,25,25
L13 2BL,67,31,36,27
L13 2BN,135,53,82,61
L13 2BP,64,29,35,34
L13 2BQ,39,19,20,20
L13 2BR,77,30,47,34
L13 2BS,67,31,36,28
L13 2BT,118,61,57,50
L13 2BU,73,28,45,31
L13 2BW,75,38,37,31
L13 2BX,19,8,11,9
L13 2DA,73,32,41,32
L13 2DF,9,5,4,6
L13 2DJ,57,24,33,25
L13 2DN,19,9,10,10
L13 2DP,60,32,28,28
L13 2DR,51,20,31,20
L13 2DS,83,40,43,47
L13 2DU,67,36,31,26
L13 2DW,61,30,31,20
L13 2DX,24,5,19,11
L13 2DY,102,64,38,77
L13 2EL,44,22,22,23
L13 2GA,4,3,1,3
L13 2HF,23,11,12,13
L13 2HQ,29,15,14,17
L13 3AD,9,2,7,4
L13 3AE,35,18,17,23
L13 3AL,91,39,52,49
L13 3AP,4,4,0,4
L13 3AU,42,21,21,16
L13 3AX,40,20,20,16
L13 3AY,43,18,25,16
L13 3AZ,34,15,19,15
L13 3BA,47,16,31,15
L13 3BB,55,26,29,20
L13 3BD,72,34,38,33
L13 3BE,50,22,28,32
L13 3BG,45,23,22,16
L13 3BJ,122,49,73,41
L13 3BL,26,10,16,9
L13 3BN,128,73,55,71
L13 3BP,41,18,23,15
L13 3BQ,68,27,41,29
L13 3BR,101,45,56,45
L13 3BS,13,9,4,9
L13 3BT,20,9,11,11
L13 3BU,1,1,0,1
L13 3DA,80,66,14,21
L13 3DB,30,23,7,22
L13 3DE,2,1,1,2
L13 3DG,64,26,38,26
L13 3DH,82,40,42,36
L13 3DJ,20,10,10,12
L13 3DL,33,18,15,16
L13 3DN,34,20,14,15
L13 3DP,84,40,44,32
L13 3DR,55,27,28,19
L13 3DS,97,39,58,44
L13 3DT,59,31,28,23
L13 3DU,89,36,53,38
L13 3DW,31,16,15,17
L13 3DX,108,54,54,43
L13 3DY,128,64,64,52
L13 3DZ,102,44,58,48
L13 3EA,87,43,44,34
L13 3EB,78,37,41,37
L13 3ED,43,18,25,17
L13 3EE,67,31,36,27
L13 3EF,115,55,60,42
L13 3EG,133,62,71,52
L13 3EH,65,29,36,28
L13 3EL,45,18,27,16
L13 3EQ,85,48,37,39
L13 3EW,28,14,14,27
L13 3HT,108,54,54,41
L13 4AA,115,57,58,55
L13 4AB,100,49,51,39
L13 4AD,60,26,34,23
L13 4AE,71,28,43,28
L13 4AF,65,30,35,29
L13 4AH,42,26,16,24
L13 4AP,81,34,47,32
L13 4AR,13,7,6,6
L13 4AS,69,32,37,27
L13 4AU,23,10,13,10
L13 4AW,49,37,12,0
L13 4AX,21,9,12,11
L13 4AY,120,59,61,43
L13 4AZ,54,27,27,23
L13 4BA,90,45,45,53
L13 4BB,56,34,22,45
L13 4BD,53,36,17,43
L13 4BE,105,56,49,62
L13 4BG,123,67,56,45
L13 4BH,76,35,41,28
L13 4BJ,45,26,19,16
L13 4BL,61,32,29,25
L13 4BN,68,32,36,27
L13 4BP,101,33,68,27
L13 4BQ,47,24,23,20
L13 4BR,33,16,17,12
L13 4BS,49,26,23,22
L13 4BT,6,3,3,3
L13 4BW,108,62,46,43
L13 4BX,88,45,43,55
L13 4BY,63,39,24,38
L13 4BZ,70,49,21,61
L13 4DA,50,21,29,23
L13 4DB,102,52,50,38
L13 4DD,45,22,23,18
L13 4DE,81,42,39,29
L13 4DF,63,33,30,24
L13 4DG,91,39,52,32
L13 4DH,124,55,69,42
L13 4DJ,86,38,48,38
L13 4DN,37,20,17,19
L13 4DP,87,42,45,37
L13 4DQ,71,38,33,30
L13 4DR,13,6,7,6
L13 4DU,32,22,10,25
L13 4DW,90,41,49,41
L13 4DX,18,10,8,13
L13 5RL,35,9,26,13
L13 5RN,58,22,36,49
L13 5RR,52,24,28,20
L13 5SA,3,2,1,2
L13 5SB,28,22,6,24
L13 5SD,47,26,21,19
L13 5SE,51,24,27,20
L13 5SF,54,27,27,24
L13 5SG,6,3,3,2
L13 5SH,88,41,47,27
L13 5SL,79,38,41,31
L13 5SN,32,16,16,19
L13 5SP,106,54,52,43
L13 5SR,73,30,43,44
L13 5SS,94,49,45,54
L13 5ST,98,40,58,47
L13 5SU,90,37,53,37
L13 5SW,76,32,44,47
L13 5SX,83,37,46,37
L13 5SY,150,72,78,83
L13 5TA,28,13,15,15
L13 5TB,61,34,27,34
L13 5TE,36,16,20,19
L13 5TF,69,33,36,28
L13 5TJ,40,17,23,18
L13 5TL,71,31,40,37
L13 5TP,62,29,33,30
L13 5TR,68,38,30,28
L13 5TS,60,31,29,24
L13 5TT,11,9,2,9
L13 5TU,109,52,57,41
L13 5TX,47,21,26,21
L13 5TY,78,43,35,25
L13 5TZ,49,26,23,22
L13 5UA,22,12,10,14
L13 5UB,94,47,47,38
L13 5UD,78,37,41,29
L13 5UE,89,50,39,37
L13 5UF,91,43,48,43
L13 5UG,82,36,46,34
L13 5UH,94,44,50,42
L13 5UJ,73,27,46,32
L13 5UL,120,56,64,42
L13 5UN,61,26,35,33
L13 5UP,106,47,59,44
L13 5UR,2,1,1,1
L13 5UW,74,31,43,37
L13 5XA,6,3,3,2
L13 5XD,44,26,18,24
L13 5XE,5,1,4,2
L13 5XG,2,0,2,1
L13 5XH,63,32,31,26
L13 5XJ,110,55,55,41
L13 5XL,59,27,32,27
L13 5XN,80,35,45,29
L13 5XP,61,27,34,28
L13 5XR,1,0,1,1
L13 5XS,65,27,38,34
L13 5XT,88,33,55,47
L13 5XU,63,31,32,33
L13 5XW,99,49,50,42
L13 5XX,71,37,34,25
L13 5XY,71,33,38,36
L13 5XZ,97,40,57,55
L13 5YA,65,29,36,37
L13 5YB,92,44,48,46
L13 5YD,92,48,44,36
L13 5YE,73,32,41,32
L13 5YF,79,35,44,30
L13 5YG,33,27,6,29
L13 5YH,12,9,3,12
L13 5YQ,29,24,5,28
L13 5YZ,29,11,18,0
L13 6QA,32,16,16,17
L13 6QD,82,37,45,35
L13 6QE,36,21,15,18
L13 6QF,54,28,26,23
L13 6QH,81,35,46,30
L13 6QJ,66,30,36,27
L13 6QL,69,32,37,28
L13 6QN,110,51,59,41
L13 6QP,146,83,63,73
L13 6QQ,59,26,33,26
L13 6QR,71,32,39,33
L13 6QS,60,23,37,30
L13 6QT,64,35,29,29
L13 6QU,116,58,58,48
L13 6QW,75,36,39,30
L13 6QX,41,13,28,16
L13 6QY,27,13,14,19
L13 6QZ,88,45,43,41
L13 6RA,39,20,19,12
L13 6RB,98,46,52,40
L13 6RD,29,14,15,13
L13 6RE,45,20,25,30
L13 6RF,17,8,9,11
L13 6RH,7,3,4,3
L13 6RJ,16,9,7,8
L13 6RL,118,63,55,52
L13 6RN,99,55,44,34
L13 6RP,36,14,22,14
L13 6RQ,43,24,19,17
L13 6RR,146,68,78,54
L13 6RS,73,34,39,30
L13 6RT,107,54,53,40
L13 6RU,107,54,53,39
L13 6RW,71,37,34,25
L13 6RX,62,33,29,28
L13 6RY,97,54,43,35
L13 6RZ,113,58,55,42
L13 6SA,37,23,14,20
L13 6SB,58,28,30,27
L13 6SD,89,40,49,39
L13 6SE,113,61,52,48
L13 6SF,72,35,37,28
L13 6SG,74,34,40,32
L13 6SH,110,49,61,44
L13 6SJ,89,42,47,33
L13 6SQ,103,55,48,39
L13 6TA,67,28,39,28
L13 7BA,27,12,15,10
L13 7BB,32,18,14,17
L13 7BE,74,37,37,31
L13 7BG,89,42,47,35
L13 7BH,75,33,42,32
L13 7BJ,85,40,45,28
L13 7BL,8,4,4,3
L13 7BN,71,38,33,31
L13 7BP,33,17,16,8
L13 7BR,69,32,37,31
L13 7BS,92,38,54,36
L13 7BT,111,53,58,42
L13 7BU,78,51,27,45
L13 7BW,96,45,51,35
L13 7BX,64,41,23,27
L13 7BY,74,49,25,49
L13 7BZ,67,48,19,38
L13 7DA,53,32,21,22
L13 7DD,9,5,4,2
L13 7DE,63,32,31,19
L13 7DF,53,28,25,18
L13 7DG,55,37,18,28
L13 7DH,59,31,28,23
L13 7DJ,42,26,16,23
L13 7DL,98,53,45,53
L13 7DN,62,31,31,20
L13 7DP,54,31,23,20
L13 7DQ,60,38,22,33
L13 7DR,15,7,8,11
L13 7DS,18,8,10,12
L13 7DT,30,21,9,7
L13 7EA,56,24,32,23
L13 7EB,48,14,34,1
L13 7EE,55,29,26,26
L13 7EF,28,8,20,13
L13 7EG,66,32,34,32
L13 7EH,104,51,53,42
L13 7EJ,44,21,23,23
L13 7EL,40,19,21,18
L13 7EN,100,46,54,47
L13 7EP,57,27,30,27
L13 7EQ,27,11,16,12
L13 7ER,101,54,47,45
L13 7ES,113,47,66,44
L13 7ET,132,59,73,45
L13 7EW,47,19,28,21
L13 7EX,48,25,23,28
L13 7EY,107,47,60,42
L13 7EZ,130,70,60,53
L13 7FB,22,12,10,9
L13 7FG,19,11,8,10
L13 7GA,29,15,14,16
L13 7GB,7,4,3,4
L13 7HA,77,37,40,30
L13 7HB,122,60,62,46
L13 7HD,17,10,7,10
L13 7HE,9,4,5,3
L13 7HF,11,7,4,7
L13 7HG,14,8,6,5
L13 7HH,2,2,0,2
L13 7HN,73,55,18,62
L13 7HQ,6,3,3,4
L13 7HU,55,29,26,27
L13 7HW,67,55,12,60
L13 7HX,31,19,12,26
L13 7HZ,33,19,14,12
L13 8AA,21,16,5,12
L13 8AD,1,1,0,1
L13 8AE,8,3,5,3
L13 8AG,5,3,2,4
L13 8AJ,6,4,2,1
L13 8AL,88,53,35,52
L13 8AP,35,19,16,16
L13 8AR,54,26,28,25
L13 8AS,69,37,32,31
L13 8AT,67,39,28,34
L13 8AU,68,33,35,27
L13 8AW,101,55,46,42
L13 8AX,39,21,18,22
L13 8AY,104,60,44,53
L13 8AZ,104,53,51,34
L13 8BA,73,41,32,28
L13 8BB,160,74,86,67
L13 8BD,95,48,47,42
L13 8BG,68,35,33,33
L13 8BJ,95,39,56,41
L13 8BL,83,36,47,37
L13 8BN,73,37,36,30
L13 8BP,67,28,39,30
L13 8BQ,94,41,53,37
L13 8BR,75,31,44,28
L13 8BS,63,26,37,28
L13 8BT,84,44,40,31
L13 8BU,41,22,19,20
L13 8BW,82,37,45,34
L13 8BX,57,31,26,17
L13 8BY,59,34,25,25
L13 8DA,33,18,15,16
L13 8DB,89,43,46,43
L13 8DD,54,29,25,35
L13 8DE,49,28,21,22
L13 8DF,64,27,37,31
L13 8DG,20,8,12,9
L13 8DH,127,67,60,44
L13 8DJ,20,11,9,8
L13 8DL,93,50,43,43
L13 8DN,81,42,39,37
L13 8DP,89,38,51,42
L13 8DR,72,33,39,30
L13 8DS,75,40,35,29
L13 8DT,39,12,27,20
L13 8DU,75,37,38,46
L13 8DW,96,45,51,48
L13 8DX,59,31,28,39
L13 8DY,28,13,15,13
L13 8DZ,50,30,20,23
L13 8EA,109,48,61,42
L13 8ED,74,38,36,32
L13 8EF,24,23,1,23
L13 8EN,9,4,5,4
L13 9AA,120,51,69,48
L13 9AB,90,43,47,41
L13 9AD,45,21,24,18
L13 9AE,48,24,24,21
L13 9AF,92,47,45,49
L13 9AG,88,48,40,38
L13 9AH,23,13,10,10
L13 9AJ,113,63,50,50
L13 9AL,119,52,67,51
L13 9AN,95,42,53,41
L13 9AP,35,17,18,12
L13 9AQ,140,77,63,48
L13 9AR,35,21,14,12
L13 9AS,75,29,46,32
L13 9AT,59,31,28,26
L13 9AU,26,12,14,14
L13 9AW,78,36,42,35
L13 9AX,99,51,48,51
L13 9AY,26,19,7,13
L13 9AZ,23,12,11,14
L13 9BA,216,99,117,89
L13 9BB,72,33,39,25
L13 9BD,7,3,4,4
L13 9BE,23,11,12,10
L13 9BG,71,36,35,45
L13 9BH,60,31,29,36
L13 9BJ,41,20,21,15
L13 9BL,29,15,14,20
L13 9BN,100,51,49,41
L13 9BP,54,22,32,28
L13 9BQ,52,27,25,35
L13 9BR,30,13,17,17
L13 9BS,9,7,2,7
L13 9BT,55,26,29,23
L13 9BU,33,13,20,10
L13 9BX,62,29,33,28
L13 9BY,91,51,40,40
L13 9BZ,62,30,32,28
L13 9DA,10,2,8,6
L13 9DB,46,16,30,19
L13 9DD,26,13,13,10
L13 9DE,39,14,25,21
L13 9DF,74,37,37,32
L13 9DG,47,24,23,24
L13 9DH,35,16,19,19
L13 9DJ,12,6,6,6
L13 9DL,17,8,9,8
L13 9DN,24,17,7,11
L13 9DP,18,9,9,8
L13 9DR,23,14,9,21
L14 0BA,156,73,83,65
L14 0HZ,24,14,10,20
L14 0JA,14,6,8,6
L14 0JB,27,14,13,13
L14 0JD,108,50,58,40
L14 0JE,72,24,48,50
L14 0JF,31,14,17,13
L14 0JG,16,11,5,8
L14 0JH,7,4,3,3
L14 0JJ,37,16,21,19
L14 0JL,47,25,22,21
L14 0JN,75,35,40,39
L14 0JP,65,36,29,32
L14 0JQ,41,22,19,16
L14 0JR,17,7,10,13
L14 0JS,62,30,32,27
L14 0JT,20,11,9,8
L14 0JU,49,23,26,25
L14 0JW,16,6,10,7
L14 0JX,59,29,30,25
L14 0JY,74,35,39,30
L14 0JZ,57,23,34,25
L14 0LA,68,27,41,25
L14 0LB,15,6,9,5
L14 0LD,89,41,48,36
L14 0LE,85,39,46,39
L14 0LF,40,12,28,21
L14 0LG,74,38,36,31
L14 0LH,47,21,26,20
L14 0LJ,100,50,50,37
L14 0LL,24,11,13,11
L14 0LN,69,33,36,29
L14 0LP,59,27,32,27
L14 0LQ,75,45,30,23
L14 0LR,84,38,46,41
L14 0LS,83,41,42,31
L14 0LU,84,44,40,33
L14 0LW,66,27,39,25
L14 0LX,38,20,18,16
L14 0LY,82,33,49,37
L14 0LZ,101,47,54,42
L14 0NA,28,12,16,13
L14 0NB,112,40,72,43
L14 0ND,83,40,43,36
L14 0NE,84,36,48,32
L14 0NF,35,16,19,13
L14 0NG,77,37,40,27
L14 0NH,120,56,64,43
L14 0NJ,64,29,35,30
L14 0NL,68,32,36,26
L14 0NN,67,31,36,28
L14 0NP,124,59,65,46
L14 0NQ,73,30,43,26
L14 0NR,113,55,58,47
L14 0NS,71,27,44,36
L14 0NT,56,20,36,26
L14 0NU,104,46,58,38
L14 0NW,74,32,42,34
L14 0NX,98,47,51,41
L14 0NY,12,6,6,7
L14 0NZ,102,43,59,40
L14 0PD,100,50,50,40
L14 0PE,88,41,47,26
L14 0PF,101,53,48,34
L14 0PG,57,23,34,22
L14 0PH,128,61,67,48
L14 0PJ,86,39,47,36
L14 0PL,124,52,72,48
L14 0PN,53,24,29,28
L14 0PQ,37,18,19,13
L14 1PA,51,24,27,28
L14 1PB,79,37,42,43
L14 1PD,24,10,14,9
L14 1PE,51,22,29,26
L14 1PF,66,33,33,25
L14 1PG,51,24,27,18
L14 1PH,24,11,13,12
L14 1PJ,92,41,51,36
L14 1PL,62,26,36,30
L14 1PN,110,44,66,32
L14 1PP,40,20,20,15
L14 1PQ,51,23,28,20
L14 1PR,71,39,32,32
L14 1PS,65,25,40,26
L14 1PT,34,16,18,22
L14 1PU,50,25,25,22
L14 1PW,37,20,17,25
L14 1PX,81,34,47,31
L14 1PY,70,33,37,22
L14 1PZ,23,10,13,10
L14 1QA,99,42,57,37
L14 1QB,46,21,25,18
L14 1QD,38,18,20,14
L14 1QE,56,24,32,22
L14 1QF,56,28,28,20
L14 1QG,72,30,42,29
L14 1QH,89,48,41,31
L14 1QJ,62,29,33,31
L14 1QL,60,23,37,22
L14 1QN,67,32,35,27
L14 1QQ,61,31,30,22
L14 2BA,16,7,9,12
L14 2DA,48,25,23,22
L14 2DB,8,3,5,5
L14 2DD,10,8,2,4
L14 2DE,59,29,30,25
L14 2DF,64,33,31,24
L14 2DG,124,59,65,50
L14 2DH,88,40,48,46
L14 2DJ,26,12,14,9
L14 2DL,68,26,42,31
L14 2DN,5,1,4,3
L14 2DP,22,8,14,10
L14 2DQ,108,56,52,39
L14 2DR,25,11,14,10
L14 2DS,62,26,36,30
L14 2DT,67,27,40,32
L14 2DU,27,10,17,13
L14 2DW,19,9,10,10
L14 2DX,93,45,48,40
L14 2DY,25,11,14,8
L14 2DZ,87,40,47,37
L14 2ED,86,29,57,43
L14 2EE,66,29,37,31
L14 2EF,66,29,37,26
L14 2EG,68,27,41,29
L14 2EH,61,39,22,28
L14 2EJ,187,86,101,67
L14 2EL,195,87,108,88
L14 2EN,47,21,26,17
L14 2EP,28,16,12,0
L14 2EQ,53,27,26,20
L14 2ER,37,9,28,33
L14 2EW,89,19,70,0
L14 2EY,86,50,36,25
L14 2HA,177,80,97,74
L14 2HB,79,37,42,33
L14 3LA,98,53,45,34
L14 3LB,33,19,14,2
L14 3LD,5,2,3,3
L14 3LE,63,30,33,27
L14 3LF,82,42,40,31
L14 3LG,59,27,32,23
L14 3LH,147,92,55,96
L14 3LJ,72,35,37,27
L14 3LL,69,32,37,29
L14 3LN,114,58,56,50
L14 3LP,65,27,38,30
L14 3LQ,54,26,28,25
L14 3LR,6,3,3,3
L14 3LS,14,9,5,12
L14 3LT,26,11,15,12
L14 3LU,88,40,48,38
L14 3LW,113,48,65,48
L14 3LX,71,29,42,27
L14 3LY,92,49,43,34
L14 3LZ,51,26,25,20
L14 3NA,43,23,20,20
L14 3NB,35,17,18,13
L14 3ND,70,30,40,29
L14 3NN,20,9,11,10
L14 3NP,77,38,39,29
L14 3NQ,135,62,73,58
L14 3NR,61,31,30,25
L14 3NU,41,19,22,22
L14 3PA,4,4,0,2
L14 3PE,1,1,0,0
L14 3PJ,1,0,1,1
L14 4AD,70,31,39,30
L14 4AE,31,13,18,11
L14 4AF,18,8,10,9
L14 4AG,98,44,54,36
L14 4AH,7,2,5,6
L14 4AN,95,30,65,39
L14 4AP,63,24,39,26
L14 4AQ,42,17,25,19
L14 4AR,51,20,31,21
L14 4AS,65,34,31,26
L14 4AT,29,16,13,10
L14 4AU,7,1,6,3
L14 4AW,65,28,37,29
L14 4AX,14,8,6,5
L14 4AY,61,25,36,24
L14 4BB,17,9,8,8
L14 4BD,20,8,12,9
L14 4BE,101,45,56,43
L14 4BG,67,28,39,32
L14 4BH,71,35,36,32
L14 4BJ,77,32,45,33
L14 4BL,21,12,9,12
L14 4BN,83,37,46,32
L14 4BP,76,35,41,31
L14 4BQ,84,35,49,40
L14 4BR,69,32,37,34
L14 4BW,70,29,41,36
L14 4DG,37,16,21,22
L14 4DL,16,8,8,12
L14 4DQ,53,25,28,18
L14 4ED,29,14,15,17
L14 4EE,18,6,12,11
L14 5ND,36,19,17,19
L14 5NG,64,36,28,32
L14 5NJ,16,7,9,10
L14 5NL,14,6,8,7
L14 5NN,102,45,57,52
L14 5NP,75,34,41,46
L14 5NR,13,5,8,6
L14 5NT,79,39,40,30
L14 5NU,74,38,36,31
L14 5NW,119,51,68,46
L14 5NX,55,29,26,25
L14 5NY,38,21,17,15
L14 5NZ,58,27,31,23
L14 5PA,40,18,22,13
L14 5PB,63,33,30,23
L14 5PD,59,30,29,24
L14 5PE,65,32,33,27
L14 5PF,87,37,50,33
L14 5PG,28,14,14,12
L14 5PH,79,42,37,47
L14 5PJ,79,41,38,45
L14 5PL,92,58,34,59
L14 5PP,20,14,6,19
L14 5PQ,68,38,30,38
L14 5PR,12,4,8,5
L14 5PS,9,1,8,9
L14 6TA,97,50,47,36
L14 6TB,33,17,16,15
L14 6TD,114,56,58,45
L14 6TE,88,42,46,35
L14 6TF,153,78,75,51
L14 6TG,70,33,37,30
L14 6TH,74,40,34,32
L14 6TJ,69,30,39,26
L14 6TL,43,20,23,18
L14 6TN,42,22,20,20
L14 6TP,79,39,40,34
L14 6TQ,112,55,57,46
L14 6TR,90,45,45,33
L14 6TS,75,32,43,25
L14 6TT,17,9,8,13
L14 6TU,72,36,36,28
L14 6TW,26,9,17,12
L14 6TX,33,18,15,18
L14 6TY,36,15,21,13
L14 6UA,95,50,45,41
L14 6UB,86,45,41,36
L14 6UD,67,32,35,28
L14 6UE,25,14,11,11
L14 6UF,72,37,35,33
L14 6UG,85,38,47,30
L14 6UH,34,13,21,17
L14 6UJ,49,26,23,18
L14 6UL,60,31,29,25
L14 6UN,82,40,42,35
L14 6UP,99,46,53,35
L14 6UQ,24,9,15,11
L14 6UR,69,33,36,26
L14 6US,58,24,34,27
L14 6UT,86,43,43,28
L14 6UU,63,30,33,24
L14 6UW,42,16,26,19
L14 6UX,48,22,26,15
L14 6UY,58,25,33,31
L14 6UZ,86,36,50,39
L14 6XA,65,30,35,21
L14 6XB,48,28,20,17
L14 7GA,13,7,6,6
L14 7LN,44,16,28,38
L14 7NA,70,30,40,26
L14 7NB,29,7,22,0
L14 7ND,51,20,31,20
L14 7NG,29,15,14,26
L14 7NH,42,17,25,15
L14 7NJ,88,40,48,35
L14 7NL,84,40,44,33
L14 7NN,73,36,37,28
L14 7NP,35,16,19,15
L14 7NQ,36,18,18,32
L14 7NR,57,24,33,23
L14 7NS,41,18,23,18
L14 7NT,56,25,31,26
L14 7NU,76,34,42,27
L14 7NW,97,45,52,40
L14 7NX,54,27,27,19
L14 7NY,24,16,8,9
L14 7NZ,41,19,22,2
L14 7PA,43,23,20,19
L14 7PB,50,24,26,19
L14 7PD,42,20,22,16
L14 7PE,69,33,36,32
L14 7PF,73,32,41,31
L14 7PG,64,25,39,24
L14 7PH,43,25,18,25
L14 7PJ,22,12,10,6
L14 7PL,58,25,33,22
L14 7PN,51,28,23,20
L14 7PP,79,32,47,33
L14 7PQ,86,39,47,33
L14 7PR,67,35,32,32
L14 7PS,66,24,42,31
L14 7PT,59,27,32,24
L14 7PU,88,44,44,30
L14 7PW,72,33,39,28
L14 7PX,47,20,27,21
L14 7PY,70,34,36,33
L14 7PZ,67,33,34,31
L14 7QA,27,15,12,20
L14 7QB,98,51,47,35
L14 7QD,42,17,25,18
L14 7QE,100,51,49,35
L14 7QF,86,40,46,36
L14 7QG,77,32,45,29
L14 7QJ,36,19,17,14
L14 7QL,92,38,54,39
L14 7QQ,77,35,42,29
L14 7QS,6,4,2,5
L14 7QW,44,24,20,18
L14 8UA,83,39,44,31
L14 8UB,97,42,55,37
L14 8UD,22,14,8,9
L14 8UE,111,44,67,49
L14 8UH,85,39,46,38
L14 8UL,4,4,0,1
L14 8UR,35,14,21,14
L14 8UW,58,26,32,28
L14 8UX,94,38,56,36
L14 8UY,80,37,43,38
L14 8UZ,49,24,25,19
L14 8WY,74,40,34,23
L14 8XA,38,16,22,18
L14 8XB,54,24,30,24
L14 8XD,59,29,30,24
L14 8XE,95,47,48,41
L14 8XG,13,5,8,5
L14 8XH,75,33,42,35
L14 8XJ,38,14,24,16
L14 8XL,59,29,30,26
L14 8XN,127,61,66,51
L14 8XP,171,72,99,67
L14 8XQ,44,17,27,24
L14 8XR,104,57,47,42
L14 8XS,47,19,28,17
L14 8XU,116,45,71,37
L14 8XW,51,16,35,20
L14 8XX,102,44,58,44
L14 8XY,55,21,34,23
L14 8XZ,24,9,15,13
L14 8YA,20,9,11,12
L14 8YB,57,21,36,27
L14 8YD,76,40,36,32
L14 8YE,50,22,28,25
L14 8YF,46,21,25,23
L14 8YG,37,20,17,15
L14 8YJ,11,8,3,8
L14 8YL,52,28,24,47
L14 8YN,12,5,7,6
L14 8YQ,18,7,11,13
L14 9LL,34,13,21,13
L14 9LN,80,42,38,28
L14 9LP,108,51,57,38
L14 9LR,146,73,73,55
L14 9LS,147,73,74,59
L14 9LT,199,88,111,58
L14 9LU,45,19,26,17
L14 9LW,62,28,34,23
L14 9LX,95,49,46,38
L14 9LY,64,33,31,27
L14 9LZ,50,25,25,19
L14 9NA,62,34,28,32
L14 9NB,2,1,1,1
L14 9NF,104,44,60,42
L14 9NG,79,33,46,31
L14 9NH,102,42,60,41
L14 9NL,86,35,51,42
L14 9NN,80,34,46,28
L14 9NP,104,43,61,48
L14 9NQ,93,45,48,39
L14 9NR,81,35,46,39
L14 9NS,85,41,44,37
L14 9NW,56,23,33,26
L14 9NX,62,28,34,42
L14 9NY,57,24,33,28
L14 9NZ,57,27,30,27
L14 9PA,83,41,42,30
L14 9PB,69,34,35,36
L14 9PE,54,32,22,27
L14 9PF,53,27,26,27
L14 9PG,59,25,34,22
L14 9PH,25,17,8,20
L14 9PJ,31,13,18,18
L14 9PP,94,34,60,33
L14 9PQ,26,11,15,12
L14 9PR,61,26,35,21
L14 9PS,67,32,35,29
L14 9PT,80,35,45,30
L14 9PU,39,23,16,12
L14 9PW,104,47,57,45
L14 9PX,92,41,51,41
L14 9PY,81,40,41,42
L14 9PZ,54,27,27,26
L14 9QA,58,30,28,33
L14 9QB,100,51,49,43
L14 9QD,46,19,27,21
L14 9QE,7,4,3,3
L14 9QN,221,98,123,69
L14 9QT,98,44,54,36
L14 9QU,85,39,46,29
L14 9QX,37,18,19,17
L14 9QY,36,15,21,15
L14 9QZ,27,14,13,14
L15 0AB,149,69,80,77
L15 0AD,29,19,10,14
L15 0DW,11,10,1,2
L15 0EB,50,37,13,17
L15 0ED,59,31,28,38
L15 0EE,23,11,12,7
L15 0EF,122,65,57,51
L15 0EG,61,44,17,22
L15 0EH,145,69,76,53
L15 0EJ,75,42,33,23
L15 0EL,38,26,12,15
L15 0EN,89,41,48,32
L15 0EP,53,23,30,24
L15 0EQ,122,62,60,43
L15 0ER,36,20,16,15
L15 0ES,33,16,17,16
L15 0ET,73,33,40,26
L15 0EW,160,77,83,55
L15 0EY,68,36,32,33
L15 0EZ,99,48,51,41
L15 0HA,67,25,42,30
L15 0HB,80,39,41,48
L15 0HD,29,14,15,15
L15 0HE,74,33,41,40
L15 0HF,81,38,43,39
L15 0HG,66,33,33,41
L15 0HH,133,64,69,46
L15 0HJ,57,20,37,24
L15 0HL,34,17,17,14
L15 0HN,87,42,45,46
L15 0HP,51,22,29,22
L15 0HQ,80,36,44,41
L15 0HR,115,61,54,41
L15 0HS,107,48,59,44
L15 0HT,142,79,63,65
L15 0HU,95,49,46,53
L15 0HW,83,36,47,43
L15 0HX,14,10,4,11
L15 0HY,42,20,22,17
L15 0JA,38,25,13,25
L15 0JB,10,10,0,0
L15 1EA,69,28,41,36
L15 1EB,69,33,36,34
L15 1ED,61,36,25,36
L15 1EE,66,28,38,38
L15 1EF,77,34,43,46
L15 1EG,95,48,47,58
L15 1EH,35,18,17,19
L15 1EJ,97,41,56,58
L15 1EL,129,68,61,65
L15 1EN,112,57,55,52
L15 1EP,29,18,11,13
L15 1EQ,69,31,38,39
L15 1ER,18,8,10,10
L15 1ES,119,57,62,53
L15 1ET,81,35,46,33
L15 1EU,27,17,10,16
L15 1EW,90,43,47,49
L15 1EX,40,20,20,20
L15 1EY,68,36,32,35
L15 1EZ,134,73,61,54
L15 1HA,35,13,22,13
L15 1HB,30,20,10,11
L15 1HD,25,8,17,14
L15 1HE,55,25,30,22
L15 1HF,76,36,40,35
L15 1HG,124,67,57,46
L15 1HH,114,51,63,40
L15 1HJ,30,17,13,18
L15 1HL,42,18,24,23
L15 1HN,122,62,60,50
L15 1HP,78,33,45,35
L15 1HQ,162,66,96,61
L15 1HR,100,50,50,35
L15 1HS,47,25,22,36
L15 1HT,11,4,7,8
L15 1HU,56,28,28,27
L15 1HW,169,85,84,71
L15 1HX,42,21,21,21
L15 2HA,173,85,88,70
L15 2HD,85,50,35,29
L15 2HF,62,36,26,36
L15 2HG,108,58,50,40
L15 2HH,109,56,53,39
L15 2HJ,118,60,58,44
L15 2HL,208,106,102,66
L15 2HN,118,48,70,38
L15 2HP,121,79,42,41
L15 2HQ,150,88,62,52
L15 2HR,95,52,43,36
L15 2HS,125,65,60,47
L15 2HT,123,64,59,44
L15 2HU,181,98,83,49
L15 2HW,135,68,67,36
L15 2HX,189,108,81,66
L15 2HY,94,48,46,38
L15 2HZ,87,39,48,39
L15 2JA,17,10,7,9
L15 2JB,23,14,9,8
L15 2JD,51,35,16,19
L15 2JE,99,51,48,33
L15 2JZ,65,27,38,31
L15 2LA,15,9,6,10
L15 3AH,41,25,16,23
L15 3HA,43,23,20,24
L15 3HE,143,69,74,55
L15 3HF,176,90,86,65
L15 3HG,162,94,68,44
L15 3HH,175,70,105,51
L15 3HJ,92,35,57,31
L15 3HL,101,41,60,33
L15 3HN,88,45,43,19
L15 3HP,213,108,105,61
L15 3HQ,207,98,109,66
L15 3HR,162,90,72,59
L15 3HS,189,105,84,59
L15 3HT,171,74,97,61
L15 3HU,138,75,63,48
L15 3HW,88,45,43,24
L15 3HX,140,68,72,53
L15 3HZ,47,20,27,28
L15 3JA,15,10,5,5
L15 3JD,55,27,28,29
L15 3JE,212,96,116,65
L15 3JF,158,72,86,60
L15 3JG,159,81,78,37
L15 3JH,375,204,171,88
L15 3JJ,123,54,69,35
L15 3JL,91,34,57,21
L15 3JN,59,24,35,26
L15 3JQ,171,112,59,49
L15 3JR,36,17,19,12
L15 3JT,52,27,25,14
L15 3JY,119,57,62,34
L15 3JZ,108,50,58,34
L15 3LA,333,175,158,83
L15 3LB,97,47,50,21
L15 3LD,99,46,53,20
L15 3LE,99,53,46,23
L15 3LL,22,11,11,19
L15 4HA,123,59,64,56
L15 4HB,136,70,66,60
L15 4HD,49,29,20,17
L15 4HE,60,28,32,28
L15 4HF,60,32,28,29
L15 4HG,149,88,61,68
L15 4HH,53,26,27,32
L15 4HJ,80,43,37,52
L15 4HL,78,42,36,43
L15 4HN,75,41,34,34
L15 4HP,89,44,45,47
L15 4HQ,96,45,51,51
L15 4HR,77,37,40,34
L15 4HS,78,39,39,38
L15 4HT,95,44,51,38
L15 4HU,96,51,45,48
L15 4HW,120,60,60,45
L15 4HX,86,46,40,36
L15 4HY,47,26,21,30
L15 4HZ,66,31,35,31
L15 4JA,104,54,50,50
L15 4JD,101,62,39,45
L15 4JE,77,39,38,31
L15 4JF,80,44,36,37
L15 4JG,14,6,8,6
L15 4JL,39,17,22,21
L15 4JN,89,55,34,41
L15 4JP,18,9,9,10
L15 4JQ,53,27,26,33
L15 4JS,9,4,5,4
L15 4JT,59,31,28,32
L15 4JU,66,28,38,40
L15 4JX,101,42,59,62
L15 4LA,74,37,37,43
L15 4LB,43,23,20,28
L15 4LF,64,35,29,24
L15 4LG,15,9,6,12
L15 4LH,61,43,18,28
L15 4LJ,7,5,2,5
L15 4LL,22,13,9,13
L15 4LP,12,10,2,5
L15 4LR,95,40,55,46
L15 4LS,90,42,48,44
L15 4LT,18,8,10,12
L15 4LU,44,16,28,23
L15 4LX,36,16,20,21
L15 4LY,53,26,27,35
L15 4NA,28,15,13,14
L15 4NB,68,36,32,32
L15 4ND,140,77,63,59
L15 4NE,67,38,29,39
L15 4NF,62,26,36,36
L15 4NG,40,22,18,18
L15 4NN,13,6,7,7
L15 4PE,69,31,38,26
L15 4PF,43,20,23,16
L15 4PG,5,3,2,4
L15 4PP,46,20,26,15
L15 4PW,161,85,76,54
L15 5AD,171,102,69,51
L15 5AE,52,35,17,14
L15 5AF,18,14,4,4
L15 5AG,13,8,5,7
L15 5AH,71,39,32,18
L15 5AJ,79,46,33,24
L15 5AL,26,12,14,14
L15 5AN,16,10,6,5
L15 5AR,29,15,14,10
L15 5AT,86,48,38,37
L15 5AU,59,19,40,22
L15 5AX,39,23,16,18
L15 5AY,101,48,53,35
L15 5AZ,66,33,33,25
L15 5BA,11,6,5,8
L15 5BB,17,9,8,9
L15 5BD,72,31,41,34
L15 5BE,28,13,15,11
L15 5BG,49,25,24,22
L15 5BH,39,23,16,18
L15 5BJ,54,28,26,26
L15 5BL,58,28,30,29
L15 5BN,100,57,43,48
L15 5BP,89,50,39,34
L15 5BR,61,31,30,27
L15 5BS,73,41,32,31
L15 5BT,97,45,52,34
L15 5BU,79,38,41,34
L15 5BW,80,37,43,32
L15 5BX,69,32,37,31
L15 5BY,19,13,6,13
L15 5BZ,145,73,72,55
L15 6DA,3,2,1,2
L15 6DL,7,5,2,5
L15 6SA,3,1,2,1
L15 6TA,72,34,38,29
L15 6TB,20,9,11,10
L15 6TD,34,16,18,16
L15 6TE,21,12,9,10
L15 6TF,49,24,25,21
L15 6TG,48,23,25,23
L15 6TH,54,28,26,20
L15 6TJ,50,22,28,25
L15 6TL,43,20,23,16
L15 6TN,7,3,4,4
L15 6TP,4,2,2,2
L15 6TR,48,22,26,21
L15 6TS,23,8,15,15
L15 6TT,44,21,23,16
L15 6TU,28,14,14,13
L15 6TW,6,0,6,0
L15 6TX,21,8,13,10
L15 6TY,52,29,23,22
L15 6TZ,32,13,19,14
L15 6UA,43,23,20,16
L15 6UB,90,45,45,35
L15 6UD,77,37,40,28
L15 6UE,74,37,37,27
L15 6UF,58,24,34,26
L15 6UG,76,34,42,28
L15 6UH,53,22,31,20
L15 6UJ,116,50,66,44
L15 6UL,38,20,18,15
L15 6UN,61,30,31,23
L15 6UQ,57,30,27,22
L15 6UR,52,24,28,20
L15 6US,55,29,26,22
L15 6UT,50,24,26,20
L15 6UU,34,19,15,14
L15 6UW,42,23,19,18
L15 6UX,89,47,42,34
L15 6UY,45,21,24,16
L15 6WA,109,54,55,47
L15 6WB,33,18,15,8
L15 6XA,37,19,18,16
L15 6XB,53,21,32,22
L15 6XD,30,17,13,13
L15 6XE,31,16,15,13
L15 6XF,60,31,29,23
L15 6XG,43,24,19,13
L15 6XJ,44,19,25,18
L15 6XL,4,3,1,1
L15 6XN,63,31,32,24
L15 6XP,48,15,33,19
L15 6XQ,65,36,29,25
L15 6XR,59,33,26,21
L15 6XS,5,3,2,1
L15 6XT,60,27,33,24
L15 6XU,50,28,22,16
L15 6XW,39,19,20,13
L15 6XX,66,34,32,22
L15 6YA,12,4,8,8
L15 6YB,12,9,3,5
L15 6YE,47,24,23,14
L15 6YF,46,24,22,15
L15 6YQ,4,3,1,2
L15 7JA,92,45,47,33
L15 7JB,108,52,56,55
L15 7JD,94,42,52,44
L15 7JE,101,49,52,42
L15 7JF,110,51,59,42
L15 7JG,53,29,24,23
L15 7JH,44,20,24,16
L15 7JJ,73,35,38,33
L15 7JL,119,59,60,49
L15 7JN,127,50,77,59
L15 7JP,81,38,43,39
L15 7JQ,50,21,29,23
L15 7JR,24,11,13,12
L15 7JS,88,42,46,33
L15 7JT,48,20,28,21
L15 7JU,28,13,15,12
L15 7JW,89,39,50,43
L15 7JX,76,38,38,27
L15 7JY,32,18,14,12
L15 7JZ,68,31,37,29
L15 7LA,53,26,27,22
L15 7LB,56,32,24,22
L15 7LD,32,14,18,14
L15 7LE,48,20,28,20
L15 7LF,30,13,17,17
L15 7LG,49,26,23,20
L15 7LH,58,30,28,25
L15 7LJ,79,30,49,33
L15 7LL,30,13,17,11
L15 7LN,57,25,32,22
L15 7LP,82,41,41,32
L15 7LQ,68,33,35,28
L15 7LR,42,17,25,21
L15 7LS,92,45,47,33
L15 7LT,13,5,8,10
L15 7LU,134,64,70,55
L15 7LW,52,24,28,22
L15 7LX,76,40,36,33
L15 7LY,72,37,35,29
L15 7LZ,67,26,41,30
L15 7NA,8,3,5,3
L15 7NB,24,12,12,9
L15 7ND,46,23,23,16
L15 7NE,38,18,20,26
L15 7NF,30,16,14,10
L15 7NG,42,18,24,16
L15 7NS,27,13,14,22
L15 8AD,59,35,24,30
L15 8AE,110,45,65,56
L15 8AF,36,17,19,18
L15 8AH,14,6,8,10
L15 8AJ,98,48,50,40
L15 8AL,124,67,57,48
L15 8AN,107,49,58,45
L15 8AR,9,6,3,5
L15 8AX,98,47,51,51
L15 8GA,97,44,53,35
L15 8GB,74,34,40,22
L15 8GD,88,34,54,53
L15 8GE,22,7,15,6
L15 8GG,45,13,32,38
L15 8GH,20,15,5,16
L15 8GJ,29,16,13,27
L15 8GL,21,14,7,12
L15 8HA,85,43,42,71
L15 8HB,108,55,53,65
L15 8HE,35,19,16,13
L15 8HF,12,9,3,5
L15 8HG,54,36,18,26
L15 8HH,138,53,85,45
L15 8HJ,6,3,3,4
L15 8HL,70,45,25,37
L15 8HN,2,1,1,1
L15 8HP,31,11,20,17
L15 8HR,23,13,10,13
L15 8HS,116,59,57,51
L15 8HT,16,9,7,8
L15 8HU,25,11,14,10
L15 8HW,29,14,15,14
L15 8HX,64,27,37,29
L15 8HY,117,57,60,40
L15 8JA,15,9,6,4
L15 8JB,10,5,5,5
L15 8JD,22,12,10,9
L15 8JE,78,39,39,37
L15 8JF,33,15,18,12
L15 8JG,78,46,32,50
L15 8JH,31,15,16,15
L15 8JJ,89,58,31,54
L15 8JL,80,44,36,44
L15 8JN,68,29,39,22
L15 8JP,22,12,10,11
L15 8JQ,33,17,16,12
L15 8JR,33,15,18,18
L15 8JS,25,14,11,13
L15 8JT,41,23,18,27
L15 8JU,25,15,10,11
L15 8JW,15,8,7,10
L15 8JX,52,27,25,31
L15 8JY,17,8,9,8
L15 8JZ,34,16,18,20
L15 8LE,100,40,60,45
L15 8LF,11,6,5,4
L15 8LG,73,28,45,31
L15 8LH,11,3,8,5
L15 8LJ,75,39,36,22
L15 8LL,58,31,27,20
L15 8LN,26,9,17,1
L15 8LP,16,6,10,9
L15 8LQ,74,39,35,44
L15 8LR,48,24,24,20
L15 8LS,69,39,30,32
L15 8LT,64,36,28,25
L15 8LU,139,70,69,54
L15 8LX,28,17,11,10
L15 8LY,36,19,17,32
L15 8LZ,106,54,52,39
L15 8NA,35,18,17,13
L15 8NB,43,21,22,19
L15 9EA,11,9,2,4
L15 9ED,8,6,2,5
L15 9EF,53,27,26,23
L15 9EH,7,4,3,4
L15 9EJ,66,37,29,41
L15 9EQ,38,20,18,13
L15 9ER,60,28,32,30
L15 9ES,58,29,29,22
L15 9ET,61,29,32,26
L15 9EU,69,32,37,27
L15 9EY,53,28,25,22
L15 9EZ,77,46,31,31
L15 9HA,60,28,32,24
L15 9HB,52,22,30,23
L15 9HD,74,33,41,36
L15 9HE,77,38,39,46
L15 9HF,84,36,48,33
L15 9HG,75,43,32,29
L15 9HH,51,23,28,19
L15 9HJ,70,38,32,29
L15 9HL,89,43,46,25
L15 9HN,71,33,38,27
L15 9HP,83,40,43,41
L15 9HQ,60,32,28,30
L15 9HR,63,41,22,26
L15 9HW,92,47,45,42
L16 0JA,18,10,8,8
L16 0JE,89,45,44,34
L16 0JF,87,45,42,29
L16 0JG,55,26,29,19
L16 0JH,35,21,14,14
L16 0JJ,68,35,33,29
L16 0JL,87,42,45,31
L16 0JN,26,13,13,14
L16 0JQ,86,43,43,28
L16 0JR,77,38,39,30
L16 0JS,18,8,10,7
L16 0JT,153,79,74,56
L16 0JW,5,2,3,3
L16 1HZ,3,1,2,1
L16 1JA,61,33,28,22
L16 1JB,63,27,36,26
L16 1JD,69,34,35,28
L16 1JE,89,46,43,39
L16 1JF,55,22,33,24
L16 1JG,92,46,46,43
L16 1JH,16,7,9,8
L16 1JJ,8,4,4,7
L16 1JL,41,22,19,15
L16 1JN,57,29,28,23
L16 1JP,69,27,42,30
L16 1JQ,94,40,54,41
L16 1JR,87,43,44,37
L16 1JS,85,39,46,31
L16 1JT,49,24,25,18
L16 1JU,14,8,6,8
L16 1JW,76,32,44,32
L16 1JX,18,8,10,8
L16 1JY,11,5,6,4
L16 1JZ,66,31,35,30
L16 1LA,84,39,45,31
L16 1LD,81,41,40,31
L16 2LA,73,38,35,28
L16 2LB,121,56,65,44
L16 2LD,100,46,54,40
L16 2LE,101,52,49,35
L16 2LF,94,45,49,33
L16 2LG,101,54,47,32
L16 2LH,111,49,62,42
L16 2LJ,29,12,17,12
L16 2LL,82,40,42,30
L16 2LN,56,28,28,21
L16 2LP,118,56,62,49
L16 2LQ,82,30,52,34
L16 2LR,43,22,21,16
L16 2LS,122,55,67,46
L16 2LT,102,50,52,41
L16 2LU,34,19,15,12
L16 2LX,19,8,11,6
L16 2LY,58,28,30,23
L16 2LZ,93,43,50,39
L16 2NB,99,50,49,37
L16 2ND,62,30,32,22
L16 2NE,85,47,38,37
L16 2NF,40,19,21,16
L16 2NG,65,36,29,35
L16 2NH,130,62,68,54
L16 2NJ,100,54,46,40
L16 2NL,119,54,65,47
L16 2NN,74,35,39,31
L16 2NP,76,33,43,35
L16 2NQ,50,23,27,19
L16 2NR,24,10,14,10
L16 3GA,61,27,34,20
L16 3GB,67,32,35,34
L16 3GD,207,102,105,79
L16 3GE,53,27,26,18
L16 3GF,48,21,27,18
L16 3GG,37,19,18,16
L16 3GH,22,11,11,9
L16 3GJ,80,39,41,26
L16 3GL,36,19,17,12
L16 3GN,33,15,18,14
L16 3GP,71,32,39,26
L16 3GQ,52,28,24,18
L16 3GR,39,19,20,16
L16 3GS,42,20,22,13
L16 3GT,30,12,18,12
L16 3GU,27,13,14,11
L16 3GW,19,10,9,8
L16 3NA,7,2,5,2
L16 3NB,71,34,37,29
L16 3ND,119,62,57,48
L16 3NE,90,45,45,35
L16 3NF,70,38,32,28
L16 3NG,39,18,21,18
L16 3NH,45,22,23,18
L16 3NJ,128,62,66,53
L16 3NL,32,15,17,13
L16 3NN,72,34,38,26
L16 3NP,90,39,51,40
L16 3NQ,56,30,26,20
L16 3NR,64,29,35,32
L16 3NS,55,32,23,20
L16 3NT,91,47,44,36
L16 3NU,69,40,29,26
L16 3NW,153,78,75,64
L16 3NX,77,37,40,31
L16 3NY,20,14,6,3
L16 4PA,20,10,10,8
L16 4PB,78,35,43,26
L16 4PD,68,31,37,25
L16 4PE,78,38,40,29
L16 4PF,64,33,31,20
L16 4PG,86,43,43,30
L16 4PH,107,50,57,40
L16 4PJ,103,45,58,42
L16 4PL,20,11,9,8
L16 4PN,79,35,44,30
L16 4PP,70,38,32,25
L16 4PQ,51,26,25,15
L16 4PR,59,29,30,25
L16 4PW,76,38,38,28
L16 5EA,23,10,13,9
L16 5EB,59,29,30,28
L16 5ED,81,36,45,30
L16 5EE,72,35,37,26
L16 5EF,89,43,46,42
L16 5EG,45,23,22,16
L16 5EH,35,19,16,13
L16 5EJ,26,12,14,10
L16 5EL,98,46,52,37
L16 5EN,108,54,54,42
L16 5EP,16,7,9,6
L16 5EQ,47,26,21,21
L16 5ER,9,3,6,4
L16 5ES,132,66,66,51
L16 5ET,73,35,38,36
L16 5EU,98,56,42,46
L16 5EW,125,57,68,54
L16 5EX,26,14,12,10
L16 5EZ,27,12,15,10
L16 5HA,25,14,11,12
L16 5HE,38,21,17,11
L16 5HF,107,55,52,36
L16 5HG,102,47,55,35
L16 6AD,57,28,29,27
L16 6AE,131,62,69,54
L16 6AF,86,41,45,36
L16 6AG,59,25,34,24
L16 6AH,6,2,4,2
L16 6AJ,99,46,53,31
L16 6AL,21,11,10,8
L16 6AN,111,55,56,49
L16 6AP,39,15,24,10
L16 6AQ,89,39,50,38
L16 6AR,54,30,24,18
L16 6AS,74,36,38,24
L16 6AT,74,32,42,30
L16 6AU,20,11,9,8
L16 6AW,44,19,25,17
L16 6AX,47,24,23,22
L16 6AY,86,45,41,32
L16 6AZ,72,37,35,30
L16 7PA,39,19,20,18
L16 7PD,49,22,27,17
L16 7PE,54,28,26,22
L16 7PF,47,20,27,18
L16 7PG,82,40,42,29
L16 7PH,22,9,13,8
L16 7PJ,70,37,33,26
L16 7PL,75,41,34,22
L16 7PN,46,24,22,16
L16 7PP,51,22,29,20
L16 7PQ,51,23,28,19
L16 7PR,89,42,47,30
L16 7PS,57,33,24,21
L16 7PT,36,16,20,14
L16 7PU,59,30,29,23
L16 7PW,60,33,27,21
L16 7PX,71,38,33,25
L16 7PY,70,33,37,30
L16 7PZ,57,26,31,21
L16 7QA,44,17,27,19
L16 7QB,34,19,15,14
L16 7QD,54,23,31,22
L16 7QE,44,22,22,19
L16 7QF,65,30,35,28
L16 7QG,16,5,11,6
L16 7QH,55,26,29,20
L16 7QJ,51,23,28,17
L16 7QL,45,23,22,22
L16 7QN,73,35,38,24
L16 7QP,40,21,19,16
L16 7QQ,88,40,48,30
L16 7QR,76,38,38,27
L16 7QS,82,45,37,30
L16 7QT,46,22,24,22
L16 7QW,46,22,24,19
L16 8GA,5,3,2,1
L16 8NA,40,20,20,15
L16 8NB,49,21,28,11
L16 8NE,78,32,46,57
L16 8NF,25,0,25,1
L16 8NH,65,36,29,20
L16 8NJ,64,30,34,23
L16 8NL,74,30,44,30
L16 8NN,88,38,50,35
L16 8NP,85,40,45,30
L16 8NQ,5,5,0,0
L16 8NR,82,33,49,32
L16 8NS,62,27,35,23
L16 8NT,58,28,30,18
L16 8NU,41,17,24,20
L16 8NW,75,29,46,36
L16 8NX,51,21,30,19
L16 8NY,51,25,26,18
L16 8NZ,58,30,28,19
L16 8PA,52,26,26,20
L16 8PB,49,26,23,15
L16 8PD,39,18,21,16
L16 9JA,87,43,44,36
L16 9JB,55,22,33,18
L16 9JD,498,128,370,1
L16 9JE,61,28,33,30
L16 9JF,31,15,16,11
L16 9JG,89,39,50,33
L16 9JH,61,28,33,30
L16 9JJ,75,38,37,29
L16 9JL,123,60,63,43
L16 9JN,75,32,43,26
L16 9JP,2,1,1,2
L16 9JQ,103,52,51,42
L16 9JR,31,11,20,13
L16 9JS,51,26,25,19
L16 9JT,41,21,20,12
L16 9JU,23,10,13,11
L16 9JW,77,31,46,27
L17 0AA,75,29,46,33
L17 0AB,96,43,53,41
L17 0AD,82,37,45,37
L17 0AE,74,36,38,30
L17 0AF,56,27,29,21
L17 0AG,99,48,51,40
L17 0AH,111,51,60,45
L17 0AJ,65,34,31,27
L17 0AL,24,11,13,11
L17 0AN,80,42,38,12
L17 0AP,65,36,29,20
L17 0AQ,64,28,36,26
L17 0AR,28,15,13,12
L17 0AS,93,50,43,39
L17 0AT,62,33,29,24
L17 0AU,50,25,25,24
L17 0AW,52,25,27,16
L17 0AX,73,34,39,30
L17 0AY,77,36,41,36
L17 0AZ,46,20,26,24
L17 0BA,101,48,53,42
L17 0BB,20,9,11,11
L17 0BD,92,40,52,38
L17 0BE,54,30,24,18
L17 0BG,56,31,25,21
L17 0BH,48,21,27,16
L17 0BJ,44,25,19,28
L17 0BL,31,23,8,15
L17 0BP,13,8,5,9
L17 0BQ,51,23,28,19
L17 0BR,56,28,28,22
L17 0BS,57,32,25,31
L17 0BT,87,48,39,39
L17 0BU,33,21,12,16
L17 0BX,42,21,21,19
L17 0BY,69,24,45,15
L17 0BZ,83,39,44,31
L17 0DA,45,21,24,20
L17 0DB,56,28,28,21
L17 0DD,60,30,30,26
L17 0DE,110,61,49,76
L17 0DF,38,25,13,22
L17 0DG,54,18,36,45
L17 0DH,74,33,41,32
L17 0DJ,55,24,31,22
L17 0DN,12,8,4,6
L17 0DP,17,10,7,11
L17 0DR,70,36,34,39
L17 0DS,84,37,47,44
L17 0DT,88,39,49,34
L17 0DU,31,14,17,16
L17 0DX,14,8,6,6
L17 0DY,43,25,18,33
L17 0DZ,65,36,29,50
L17 0EA,64,27,37,34
L17 0EB,46,28,18,36
L17 0ED,67,42,25,45
L17 0EE,43,24,19,31
L17 0EF,17,9,8,10
L17 0EG,107,52,55,57
L17 0EH,97,40,57,51
L17 0EJ,23,11,12,9
L17 0EL,58,33,25,32
L17 0EN,66,24,42,42
L17 0EQ,118,45,73,81
L17 0ES,38,18,20,22
L17 0ET,20,8,12,14
L17 0EU,19,6,13,13
L17 0EW,9,5,4,6
L17 0HG,73,33,40,60
L17 1AB,33,14,19,22
L17 1AD,28,15,13,25
L17 1AE,3,2,1,2
L17 1AF,4,3,1,4
L17 1AG,3,1,2,1
L17 1AH,393,205,188,9
L17 1AJ,79,47,32,56
L17 1AL,75,44,31,45
L17 1AN,107,33,74,51
L17 1AR,25,14,11,20
L17 1AT,55,31,24,47
L17 1AW,27,18,9,19
L17 1AX,64,30,34,39
L17 1AZ,29,12,17,27
L17 1BD,10,5,5,7
L17 2AA,101,50,51,60
L17 2AB,140,93,47,86
L17 2AD,87,34,53,5
L17 2AE,81,44,37,29
L17 2AF,78,50,28,28
L17 2AG,67,40,27,29
L17 2AH,79,33,46,25
L17 2AJ,96,52,44,31
L17 2AL,114,51,63,26
L17 2AN,97,43,54,26
L17 2AP,134,67,67,32
L17 2AQ,60,34,26,29
L17 2AR,88,46,42,29
L17 2AS,79,39,40,37
L17 2AT,73,35,38,25
L17 2AU,31,11,20,12
L17 2AW,87,45,42,24
L17 2AX,76,29,47,21
L17 2AY,6,2,4,2
L17 2AZ,21,7,14,17
L17 2BJ,139,60,79,56
L17 3AA,81,52,29,42
L17 3AF,79,44,35,59
L17 3AG,37,19,18,28
L17 3AH,50,27,23,27
L17 3AJ,42,23,19,32
L17 3AN,89,41,48,59
L17 3AQ,44,29,15,30
L17 3AR,94,51,43,62
L17 3AS,70,29,41,37
L17 3AT,27,14,13,19
L17 3AU,77,50,27,30
L17 3AW,26,14,12,17
L17 3AX,85,43,42,54
L17 3AY,66,40,26,28
L17 3AZ,55,25,30,16
L17 3BA,37,14,23,14
L17 3BB,57,24,33,19
L17 3BD,9,6,3,7
L17 3BE,113,56,57,78
L17 3BG,77,46,31,54
L17 3BH,68,42,26,48
L17 3BL,92,57,35,57
L17 3BP,129,69,60,77
L17 3BQ,96,57,39,67
L17 3BT,111,56,55,40
L17 3BU,126,75,51,75
L17 3BX,45,32,13,20
L17 3BY,81,42,39,49
L17 3DA,37,20,17,20
L17 3DQ,29,18,11,27
L17 4JA,86,48,38,53
L17 4JB,34,22,12,30
L17 4JD,20,12,8,17
L17 4JE,111,62,49,54
L17 4JG,97,56,41,37
L17 4JH,122,56,66,61
L17 4JJ,54,27,27,36
L17 4JL,74,40,34,53
L17 4JN,67,36,31,48
L17 4JP,111,60,51,94
L17 4JQ,33,16,17,19
L17 4JS,24,8,16,19
L17 4JT,35,21,14,13
L17 4JU,66,35,31,32
L17 4JW,37,20,17,26
L17 4JX,29,21,8,26
L17 4JY,31,23,8,29
L17 4LA,79,52,27,50
L17 4LB,95,41,54,34
L17 4LD,51,32,19,29
L17 4LE,27,19,8,19
L17 4LF,4,2,2,2
L17 4LG,78,38,40,34
L17 4LH,66,31,35,25
L17 4LJ,12,11,1,12
L17 4LL,36,26,10,27
L17 4LQ,72,32,40,28
L17 4LR,28,13,15,14
L17 4LS,36,20,16,32
L17 4LU,19,5,14,18
L17 5AA,51,25,26,26
L17 5AD,79,31,48,26
L17 5AF,12,7,5,4
L17 5AG,55,23,32,31
L17 5AH,28,13,15,16
L17 5AJ,10,6,4,6
L17 5AL,7,7,0,7
L17 5AP,18,9,9,13
L17 5AQ,7,5,2,3
L17 5AR,11,10,1,11
L17 5AT,14,7,7,5
L17 5AW,92,51,41,55
L17 5AX,67,32,35,36
L17 5AY,43,20,23,37
L17 5BB,50,25,25,19
L17 5BD,85,44,41,34
L17 5BL,118,54,64,44
L17 5BN,79,40,39,32
L17 5BR,31,17,14,11
L17 5BS,24,11,13,7
L17 5BT,42,20,22,15
L17 5BU,7,3,4,3
L17 5BX,53,27,26,19
L17 5BY,32,16,16,10
L17 5BZ,62,33,29,24
L17 5DB,75,35,40,24
L17 5DD,14,5,9,6
L17 5DE,17,10,7,9
L17 5DF,34,15,19,12
L17 6AA,29,13,16,12
L17 6AD,46,23,23,22
L17 6AE,44,20,24,16
L17 6AG,69,35,34,24
L17 6AH,33,14,19,16
L17 6AJ,35,15,20,13
L17 6AL,39,17,22,16
L17 6AN,63,33,30,20
L17 6AP,84,36,48,39
L17 6AQ,26,12,14,14
L17 6AR,87,41,46,37
L17 6AS,67,34,33,24
L17 6AT,54,23,31,22
L17 6AU,24,9,15,11
L17 6AW,62,35,27,23
L17 6AY,37,16,21,17
L17 6AZ,61,33,28,20
L17 6BA,22,12,10,10
L17 6BB,67,28,39,25
L17 6BD,81,32,49,0
L17 6BE,14,7,7,8
L17 6BG,32,18,14,14
L17 6BH,50,24,26,27
L17 6BJ,25,14,11,9
L17 6BL,23,12,11,8
L17 6BN,38,21,17,13
L17 6BP,17,7,10,7
L17 6BQ,2,0,2,2
L17 6BR,11,6,5,4
L17 6BS,18,11,7,6
L17 6BT,51,25,26,23
L17 6BU,11,6,5,5
L17 6BW,34,21,13,13
L17 6BX,57,32,25,23
L17 6BY,63,27,36,22
L17 6BZ,62,31,31,26
L17 6DA,49,22,27,21
L17 6DB,17,10,7,10
L17 6DD,66,35,31,39
L17 6DE,77,32,45,40
L17 6DF,76,32,44,45
L17 6DG,31,11,20,17
L17 6DH,67,35,32,38
L17 6DJ,38,17,21,19
L17 6DN,29,12,17,24
L17 6DP,25,15,10,9
L17 6DQ,73,34,39,34
L17 6DW,15,7,8,7
L17 6DY,64,34,30,22
L17 6EH,21,14,7,7
L17 6ER,111,64,47,44
L17 6ES,49,23,26,17
L17 6ET,21,14,7,7
L17 6EU,23,11,12,12
L17 6EW,16,6,10,5
L17 6EX,51,24,27,15
L17 6GA,25,14,11,18
L17 6GB,55,30,25,36
L17 6GD,81,42,39,52
L17 6GE,67,33,34,44
L17 7AD,74,33,41,36
L17 7AE,85,43,42,32
L17 7AF,86,43,43,32
L17 7AG,71,38,33,32
L17 7AH,77,39,38,32
L17 7AJ,96,39,57,38
L17 7AL,149,64,85,79
L17 7AN,44,19,25,20
L17 7AQ,83,37,46,32
L17 7AR,50,25,25,27
L17 7AS,77,35,42,31
L17 7AT,57,30,27,26
L17 7AU,5,3,2,2
L17 7AW,39,18,21,25
L17 7AY,33,22,11,19
L17 7AZ,41,18,23,27
L17 7BA,12,5,7,4
L17 7BB,29,17,12,11
L17 7BD,151,72,79,57
L17 7BE,80,44,36,37
L17 7BG,46,21,25,19
L17 7BJ,79,39,40,34
L17 7BL,100,49,51,36
L17 7BN,32,23,9,16
L17 7BP,30,18,12,14
L17 7BQ,58,35,23,19
L17 7BR,26,15,11,12
L17 7BT,84,43,41,41
L17 7BU,101,51,50,44
L17 7BX,60,26,34,27
L17 7BY,75,43,32,32
L17 7BZ,53,32,21,26
L17 7DA,83,41,42,41
L17 7DB,70,30,40,34
L17 7DD,56,31,25,27
L17 7DE,65,31,34,31
L17 7DF,59,30,29,27
L17 7DG,44,21,23,23
L17 7DH,114,55,59,41
L17 7DJ,87,39,48,37
L17 7DL,57,27,30,25
L17 7DN,99,47,52,43
L17 7DP,96,48,48,44
L17 7DQ,113,54,59,51
L17 7DR,78,40,38,34
L17 7DT,51,25,26,20
L17 7DU,90,37,53,43
L17 7DW,57,23,34,24
L17 7DX,55,24,31,23
L17 7DY,88,35,53,45
L17 7ED,52,29,23,16
L17 7EE,67,32,35,20
L17 7EG,38,15,23,15
L17 7EN,49,27,22,17
L17 7EP,36,21,15,16
L17 7ER,36,20,16,13
L17 7ES,76,44,32,33
L17 7ET,80,36,44,31
L17 7EU,22,9,13,7
L17 7EW,36,17,19,20
L17 7EX,30,14,16,10
L17 7EY,30,14,16,11
L17 7HB,22,8,14,11
L17 7HD,14,6,8,7
L17 7HP,49,23,26,15
L17 7HR,90,38,52,34
L17 7HW,44,18,26,28
L17 7JQ,327,124,203,1
L17 8BA,22,13,9,14
L17 8SL,31,11,20,15
L17 8SN,17,8,9,12
L17 8SW,6,4,2,4
L17 8TA,105,55,50,66
L17 8TB,48,20,28,35
L17 8TD,81,44,37,52
L17 8TE,83,51,32,58
L17 8TG,21,11,10,16
L17 8TH,30,24,6,28
L17 8TJ,112,60,52,62
L17 8TL,24,13,11,21
L17 8TN,67,40,27,45
L17 8TP,11,5,6,5
L17 8TQ,32,14,18,18
L17 8TR,90,56,34,64
L17 8TS,57,41,16,39
L17 8TT,49,34,15,40
L17 8TU,55,36,19,38
L17 8TX,69,40,29,40
L17 8TY,65,32,33,41
L17 8TZ,25,18,7,18
L17 8UA,53,23,30,21
L17 8UB,36,17,19,22
L17 8UD,57,21,36,35
L17 8UE,76,40,36,44
L17 8UF,62,35,27,42
L17 8UG,93,50,43,73
L17 8UH,89,56,33,51
L17 8UJ,123,70,53,76
L17 8UL,25,14,11,18
L17 8UP,8,2,6,6
L17 8UQ,80,46,34,55
L17 8UR,9,7,2,5
L17 8US,7,5,2,5
L17 8UT,7,4,3,5
L17 8UU,48,26,22,28
L17 8UW,7,5,2,3
L17 8UX,13,7,6,10
L17 8UY,2,1,1,2
L17 8UZ,61,27,34,27
L17 8XB,19,10,9,10
L17 8XD,116,57,59,44
L17 8XE,57,31,26,42
L17 8XF,67,30,37,45
L17 8XG,51,30,21,24
L17 8XH,39,22,17,16
L17 8XJ,9,4,5,5
L17 8XL,10,4,6,6
L17 8XN,66,34,32,44
L17 8XQ,43,23,20,24
L17 8XT,82,31,51,40
L17 8XU,46,26,20,23
L17 8XW,59,35,24,41
L17 8XX,115,54,61,80
L17 8XY,28,14,14,20
L17 8XZ,66,28,38,43
L17 8YD,12,8,4,11
L17 8YE,3,3,0,2
L17 8YG,85,44,41,40
L17 8YQ,13,10,3,12
L17 8YS,30,9,21,29
L17 9PA,14,4,10,10
L17 9PB,36,14,22,24
L17 9PD,45,19,26,23
L17 9PE,8,6,2,5
L17 9PG,4,3,1,3
L17 9PH,2,1,1,1
L17 9PJ,54,28,26,25
L17 9PN,28,10,18,18
L17 9PP,11,4,7,5
L17 9PR,70,37,33,26
L17 9PS,71,31,40,24
L17 9PT,67,35,32,24
L17 9PU,77,37,40,31
L17 9PW,59,35,24,35
L17 9PX,74,38,36,31
L17 9PY,26,13,13,11
L17 9PZ,69,40,29,25
L17 9QA,69,34,35,26
L17 9QB,21,11,10,8
L17 9QD,22,12,10,9
L17 9QE,103,55,48,49
L17 9QF,96,48,48,32
L17 9QG,107,55,52,37
L17 9QH,87,41,46,36
L17 9QJ,73,37,36,31
L17 9QL,109,68,41,43
L17 9QN,89,53,36,33
L17 9QP,95,42,53,35
L17 9QQ,88,38,50,40
L17 9QR,45,22,23,21
L17 9QS,39,15,24,20
L17 9QT,20,10,10,12
L17 9QU,147,68,79,75
L17 9QW,83,47,36,32
L17 9QX,36,17,19,21
L17 9QZ,27,9,18,14
L17 9RA,33,14,19,17
L17 9RB,56,31,25,31
L17 9RH,27,10,17,12
L17 9RQ,22,14,8,8
L18 0HA,84,37,47,32
L18 0HB,51,26,25,17
L18 0HD,2,1,1,1
L18 0HE,37,15,22,11
L18 0HF,32,19,13,13
L18 0HG,93,52,41,36
L18 0HH,26,13,13,7
L18 0HJ,76,43,33,30
L18 0HN,65,34,31,24
L18 0HP,73,33,40,32
L18 0HQ,72,33,39,27
L18 0HR,80,37,43,35
L18 0HS,76,37,39,31
L18 0HT,60,28,32,27
L18 0HU,64,27,37,27
L18 0HW,73,41,32,23
L18 0HX,37,21,16,14
L18 0HY,102,54,48,33
L18 0HZ,91,46,45,40
L18 0JA,57,32,25,26
L18 1DA,68,35,33,30
L18 1DB,73,34,39,36
L18 1DD,81,43,38,43
L18 1DE,56,33,23,18
L18 1DF,74,31,43,27
L18 1DG,14,8,6,6
L18 1DH,78,33,45,35
L18 1DJ,72,36,36,25
L18 1DL,67,39,28,27
L18 1DN,47,27,20,23
L18 1DP,90,49,41,33
L18 1DQ,28,5,23,7
L18 1DR,60,38,22,21
L18 1DS,77,39,38,31
L18 1DT,49,25,24,22
L18 1DU,32,12,20,16
L18 1DW,62,32,30,17
L18 1DX,18,6,12,12
L18 1DY,73,46,27,28
L18 1DZ,82,32,50,30
L18 1EA,111,46,65,26
L18 1EB,102,63,39,29
L18 1ED,89,50,39,22
L18 1EE,76,37,39,31
L18 1EF,77,39,38,30
L18 1EG,24,9,15,9
L18 1EH,56,28,28,27
L18 1EJ,56,21,35,15
L18 1EL,121,59,62,33
L18 1EN,86,41,45,46
L18 1EP,114,54,60,43
L18 1EQ,3,2,1,1
L18 1ER,60,31,29,26
L18 1ES,45,12,33,16
L18 1ET,81,44,37,32
L18 1EU,97,55,42,91
L18 1EW,80,43,37,36
L18 1EX,64,35,29,19
L18 1EY,84,44,40,33
L18 1EZ,73,30,43,30
L18 1HA,57,30,27,21
L18 1HB,92,43,49,42
L18 1HD,72,39,33,29
L18 1HE,16,7,9,7
L18 1HF,20,9,11,11
L18 1HG,101,49,52,35
L18 1HH,37,16,21,20
L18 1HJ,147,69,78,112
L18 1HL,79,41,38,36
L18 1HN,75,30,45,23
L18 1HP,80,30,50,26
L18 1HR,106,39,67,32
L18 1HS,69,27,42,23
L18 1HT,45,21,24,15
L18 1HU,104,54,50,35
L18 1HX,53,27,26,22
L18 1HY,73,22,51,24
L18 1HZ,47,30,17,20
L18 1JA,29,13,16,10
L18 1JB,29,10,19,8
L18 1JD,64,31,33,23
L18 1JE,59,36,23,19
L18 1JF,58,34,24,22
L18 1JG,81,42,39,27
L18 1JH,144,77,67,110
L18 1JJ,94,61,33,80
L18 1JL,71,36,35,26
L18 1JN,68,29,39,27
L18 1JP,68,29,39,26
L18 1JQ,67,32,35,27
L18 1JR,36,17,19,17
L18 1JS,49,22,27,27
L18 1JT,54,25,29,27
L18 1JU,58,31,27,26
L18 1JW,59,31,28,20
L18 1JX,33,17,16,15
L18 1JY,63,26,37,30
L18 1JZ,57,30,27,21
L18 1LA,62,24,38,30
L18 1LB,73,38,35,32
L18 1LD,102,48,54,42
L18 1LE,52,23,29,20
L18 1LF,86,37,49,26
L18 1LN,7,2,5,3
L18 1LS,14,4,10,5
L18 1LT,86,45,41,37
L18 1LU,106,54,52,43
L18 1LW,22,10,12,9
L18 1LX,62,27,35,29
L18 1LY,32,18,14,16
L18 1LZ,10,5,5,6
L18 2DA,5,4,1,5
L18 2DD,6,3,3,2
L18 2DL,46,24,22,18
L18 2DN,68,33,35,25
L18 2DP,38,17,21,19
L18 2DR,68,33,35,28
L18 2DS,13,6,7,7
L18 2DT,64,36,28,19
L18 2DU,45,18,27,16
L18 2DW,53,18,35,22
L18 2DX,21,8,13,7
L18 2DY,43,19,24,16
L18 2EA,39,22,17,15
L18 2EB,73,30,43,32
L18 2ED,94,35,59,42
L18 2EE,43,28,15,16
L18 2EF,56,26,30,26
L18 2EG,69,32,37,23
L18 2EH,103,53,50,35
L18 2EJ,52,22,30,16
L18 2EL,61,31,30,22
L18 2EN,52,28,24,26
L18 2EP,44,19,25,26
L18 2EQ,70,26,44,27
L18 2ER,34,17,17,12
L18 2ET,32,14,18,14
L18 2EU,31,12,19,23
L18 2EW,61,28,33,34
L18 2EX,44,19,25,14
L18 2EY,6,3,3,3
L18 2EZ,52,25,27,19
L18 2FP,8,3,5,4
L18 2HA,41,19,22,12
L18 2HB,67,33,34,24
L18 2HD,38,17,21,10
L18 2HE,94,48,46,32
L18 2HY,40,14,26,27
L18 2JL,47,23,24,16
L18 2JW,31,18,13,8
L18 3EA,55,28,27,21
L18 3EB,72,37,35,26
L18 3ED,65,35,30,23
L18 3EE,15,5,10,9
L18 3EF,28,15,13,11
L18 3EG,57,26,31,24
L18 3EH,57,25,32,27
L18 3EJ,64,30,34,19
L18 3EL,67,37,30,22
L18 3EN,72,30,42,23
L18 3EP,58,30,28,17
L18 3EQ,58,26,32,22
L18 3ER,91,38,53,25
L18 3ES,9,2,7,8
L18 3ET,3,1,2,3
L18 3EU,25,12,13,11
L18 3EW,96,52,44,30
L18 3EX,60,30,30,21
L18 3EY,19,12,7,13
L18 3EZ,33,12,21,21
L18 3HA,71,37,34,26
L18 3HB,49,23,26,15
L18 3HD,38,19,19,17
L18 3HE,42,18,24,14
L18 3HF,68,32,36,26
L18 3HG,42,18,24,27
L18 3HH,117,56,61,41
L18 3HJ,46,23,23,18
L18 3HL,71,34,37,27
L18 3HN,38,19,19,14
L18 3HP,52,29,23,15
L18 3HQ,33,14,19,21
L18 3HR,3,1,2,1
L18 3HU,30,10,20,3
L18 3HW,12,6,6,5
L18 3HX,38,20,18,14
L18 3HY,36,18,18,14
L18 3HZ,25,8,17,19
L18 3JA,10,3,7,7
L18 3JE,29,11,18,9
L18 3JF,47,25,22,14
L18 3JG,73,35,38,27
L18 3JL,31,18,13,10
L18 3JN,68,36,32,31
L18 3JR,49,22,27,16
L18 3JS,51,26,25,17
L18 3JT,11,7,4,5
L18 3JU,29,14,15,11
L18 3JX,15,6,9,5
L18 3JY,12,5,7,9
L18 3JZ,41,27,14,29
L18 3LA,8,4,4,4
L18 3LB,50,26,24,38
L18 3LD,82,40,42,54
L18 3LF,62,24,38,36
L18 3LH,17,8,9,9
L18 3LJ,108,53,55,42
L18 3LL,36,13,23,19
L18 3LN,32,18,14,13
L18 3LP,16,10,6,5
L18 3LQ,82,32,50,63
L18 3LT,175,89,86,65
L18 3LU,85,45,40,35
L18 3LW,48,25,23,22
L18 3NF,19,9,10,6
L18 3NH,161,72,89,53
L18 3NJ,21,12,9,6
L18 3NL,34,16,18,13
L18 3NN,27,13,14,8
L18 3NP,9,4,5,3
L18 3NQ,28,13,15,12
L18 3NU,23,12,11,8
L18 3NW,15,9,6,4
L18 4PA,35,17,18,13
L18 4PB,38,21,17,17
L18 4PD,29,16,13,12
L18 4PE,31,16,15,14
L18 4PF,41,23,18,16
L18 4PG,67,32,35,27
L18 4PH,31,17,14,11
L18 4PJ,24,14,10,8
L18 4PL,29,14,15,10
L18 4PN,48,25,23,18
L18 4PP,44,21,23,17
L18 4PQ,44,22,22,14
L18 4PR,44,22,22,18
L18 4PS,46,22,24,17
L18 4PT,52,24,28,17
L18 4PU,58,29,29,26
L18 4PW,49,21,28,18
L18 4PX,25,14,11,9
L18 4PY,48,25,23,18
L18 4PZ,67,31,36,22
L18 4QA,19,10,9,6
L18 4QB,39,16,23,17
L18 4QD,10,5,5,7
L18 4QE,56,23,33,24
L18 4QF,62,30,32,24
L18 4QG,78,39,39,28
L18 4QH,28,11,17,12
L18 4QJ,29,17,12,13
L18 4QL,47,21,26,17
L18 4QN,38,15,23,15
L18 4QP,53,25,28,18
L18 4QQ,63,29,34,23
L18 4QR,48,22,26,19
L18 4QS,62,28,34,21
L18 4QT,48,25,23,19
L18 4QU,59,28,31,20
L18 4QW,45,23,22,16
L18 4QX,43,17,26,19
L18 4QY,20,11,9,11
L18 4QZ,18,8,10,10
L18 4RB,23,8,15,8
L18 4RD,15,5,10,9
L18 4RE,59,29,30,23
L18 4RF,57,29,28,19
L18 4RG,48,24,24,18
L18 4RH,52,25,27,20
L18 4RJ,57,29,28,24
L18 4RL,13,5,8,6
L18 4RN,76,40,36,32
L18 4RQ,58,32,26,23
L18 4RW,47,21,26,18
L18 5EA,27,11,16,12
L18 5ED,69,32,37,36
L18 5EE,33,17,16,18
L18 5EF,24,8,16,16
L18 5EG,46,22,24,21
L18 5EH,47,21,26,18
L18 5EJ,56,28,28,25
L18 5EL,70,31,39,33
L18 5EN,71,34,37,38
L18 5EP,75,36,39,30
L18 5EQ,33,22,11,18
L18 5ER,31,13,18,20
L18 5ET,50,24,26,21
L18 5EU,74,38,36,28
L18 5EW,95,35,60,53
L18 5EX,77,40,37,29
L18 5EY,47,12,35,27
L18 5EZ,92,47,45,42
L18 5HA,70,35,35,33
L18 5HB,16,8,8,6
L18 5HD,56,25,31,26
L18 5HE,75,30,45,33
L18 5HF,67,32,35,25
L18 5HG,61,28,33,25
L18 5HH,66,37,29,25
L18 5HJ,73,31,42,30
L18 5HL,88,40,48,34
L18 5HN,44,16,28,22
L18 5HP,39,22,17,13
L18 5HQ,65,29,36,30
L18 5HR,77,32,45,32
L18 5HS,38,22,16,13
L18 5HU,2,2,0,1
L18 5HW,70,34,36,28
L18 5HX,51,25,26,21
L18 5HY,33,21,12,15
L18 5HZ,29,12,17,13
L18 5JA,41,21,20,16
L18 5JB,65,27,38,31
L18 5JD,90,52,38,45
L18 5JE,99,42,57,45
L18 5JF,89,46,43,38
L18 5JG,66,33,33,25
L18 5JH,9,4,5,6
L18 5JQ,76,39,37,28
L18 6HA,69,31,38,27
L18 6HB,49,22,27,18
L18 6HD,43,23,20,15
L18 6HE,22,12,10,10
L18 6HF,3,2,1,2
L18 6HG,11,4,7,5
L18 6HH,48,22,26,20
L18 6HJ,29,13,16,13
L18 6HL,36,15,21,14
L18 6HN,31,15,16,11
L18 6HP,33,17,16,11
L18 6HR,71,34,37,27
L18 6HS,28,13,15,10
L18 6HT,105,51,54,31
L18 6HU,50,31,19,17
L18 6HW,70,35,35,24
L18 6HX,60,26,34,22
L18 6HY,51,26,25,24
L18 6HZ,49,20,29,19
L18 6JA,48,21,27,18
L18 6JB,10,2,8,5
L18 6JD,25,9,16,12
L18 6JF,6,5,1,5
L18 6JG,48,22,26,21
L18 6JH,14,9,5,6
L18 6JJ,42,20,22,17
L18 6JL,43,18,25,13
L18 6JN,53,25,28,25
L18 6JP,32,13,19,14
L18 6JQ,67,36,31,21
L18 6JR,81,39,42,30
L18 6JS,2,1,1,1
L18 6JT,55,26,29,21
L18 6JU,61,35,26,23
L18 6JX,77,28,49,40
L18 6JY,35,18,17,12
L18 6JZ,65,31,34,24
L18 6LB,26,12,14,12
L18 7HA,44,19,25,14
L18 7HB,49,20,29,21
L18 7HD,73,34,39,28
L18 7HE,32,15,17,12
L18 7HF,43,22,21,19
L18 7HG,43,25,18,17
L18 7HH,25,13,12,7
L18 7HJ,50,25,25,18
L18 7HL,36,19,17,12
L18 7HN,44,23,21,18
L18 7HP,42,20,22,12
L18 7HQ,97,50,47,33
L18 7HS,76,39,37,27
L18 7HT,44,22,22,18
L18 7HU,28,16,12,12
L18 7HW,43,20,23,30
L18 7HX,33,18,15,13
L18 7HY,31,18,13,14
L18 7HZ,77,39,38,27
L18 7JA,60,32,28,25
L18 7JB,35,18,17,16
L18 7JD,92,46,46,46
L18 7JE,67,30,37,30
L18 7JF,80,37,43,40
L18 7JG,78,41,37,35
L18 7JH,94,45,49,36
L18 7JJ,94,47,47,37
L18 7JL,25,10,15,10
L18 7JN,97,48,49,34
L18 7JP,24,11,13,10
L18 7JQ,90,41,49,37
L18 7JR,48,26,22,15
L18 7JS,60,25,35,22
L18 7JT,57,33,24,27
L18 7JU,49,24,25,18
L18 7JW,132,60,72,46
L18 7JX,35,18,17,14
L18 7JY,41,23,18,20
L18 7JZ,51,23,28,18
L18 7LA,30,15,15,15
L18 7LB,71,37,34,23
L18 7LD,67,36,31,24
L18 7LE,52,28,24,46
L18 7LF,26,11,15,17
L18 8AD,32,20,12,18
L18 8AG,1,1,0,1
L18 8AH,52,28,24,24
L18 8AJ,69,36,33,37
L18 8AL,111,66,45,50
L18 8AP,7,2,5,4
L18 8AR,99,47,52,50
L18 8AS,12,5,7,7
L18 8AT,17,11,6,4
L18 8AU,28,16,12,16
L18 8AW,50,18,32,21
L18 8AY,47,25,22,26
L18 8AZ,18,9,9,7
L18 8BA,22,12,10,14
L18 8BD,10,6,4,3
L18 8BH,671,347,324,646
L18 8BJ,49,19,30,15
L18 8BL,70,32,38,27
L18 8BN,38,2,36,0
L18 8BP,66,26,40,15
L18 8BR,58,14,44,0
L18 8BT,30,15,15,20
L18 8BU,3,0,3,0
L18 8BX,10,6,4,4
L18 8BY,111,42,69,22
L18 8BZ,77,34,43,12
L18 8DB,13,5,8,4
L18 8DF,205,79,126,3
L18 8DG,154,90,64,9
L18 8DJ,40,18,22,31
L18 8DN,241,120,121,5
L18 8DP,187,69,118,2
L18 8DQ,230,114,116,0
L18 8DR,24,15,9,15
L18 8DS,81,36,45,56
L18 8DW,174,94,80,0
L18 8DZ,25,12,13,10
L18 8EH,10,6,4,6
L18 8EU,39,19,20,25
L18 8FB,87,43,44,54
L18 8FD,24,11,13,16
L18 8FE,73,40,33,35
L18 9RA,68,35,33,41
L18 9SA,68,36,32,26
L18 9SB,74,38,36,30
L18 9SD,90,40,50,32
L18 9SE,54,26,28,19
L18 9SF,39,15,24,21
L18 9SG,37,16,21,16
L18 9SH,80,36,44,32
L18 9SJ,82,40,42,29
L18 9SL,58,27,31,22
L18 9SN,79,44,35,26
L18 9SP,58,28,30,19
L18 9SQ,107,46,61,45
L18 9SR,32,15,17,14
L18 9SS,20,10,10,7
L18 9ST,77,37,40,33
L18 9SU,10,4,6,5
L18 9SW,70,35,35,28
L18 9SX,41,25,16,17
L18 9SY,32,18,14,9
L18 9SZ,8,6,2,5
L18 9TA,53,26,27,24
L18 9TB,95,51,44,50
L18 9TD,57,28,29,19
L18 9TE,62,31,31,23
L18 9TF,43,22,21,21
L18 9TG,34,15,19,18
L18 9TH,79,46,33,25
L18 9TL,39,22,17,20
L18 9TN,48,24,24,29
L18 9TP,68,33,35,41
L18 9TQ,75,30,45,35
L18 9TR,23,14,9,18
L18 9TS,36,20,16,34
L18 9TT,48,25,23,31
L18 9TU,11,6,5,5
L18 9TW,54,28,26,27
L18 9TX,34,13,21,18
L18 9TY,48,30,18,28
L18 9TZ,31,19,12,16
L18 9UA,35,24,11,26
L18 9UB,52,27,25,15
L18 9UD,47,23,24,13
L18 9UE,59,28,31,25
L18 9UF,53,28,25,21
L18 9UG,59,26,33,22
L18 9UH,34,15,19,19
L18 9UJ,25,16,9,12
L18 9UL,33,18,15,12
L18 9UN,78,32,46,25
L18 9UP,72,40,32,27
L18 9UQ,59,30,29,23
L18 9UR,94,43,51,36
L18 9US,29,12,17,15
L18 9UT,27,15,12,13
L18 9UU,16,7,9,9
L18 9UW,52,27,25,20
L18 9UY,35,17,18,22
L18 9UZ,40,20,20,23
L18 9XA,8,1,7,3
L18 9XB,28,17,11,23
L18 9XN,58,30,28,23
L18 9XP,215,96,119,81
L18 9XT,75,45,30,29
L18 9YE,29,13,16,13
L19 0JA,56,25,31,46
L19 0JZ,38,21,17,26
L19 0LA,29,15,14,12
L19 0LB,29,21,8,19
L19 0LD,105,61,44,45
L19 0LH,17,9,8,8
L19 0LJ,29,19,10,16
L19 0LL,16,9,7,10
L19 0LN,47,26,21,25
L19 0LP,41,21,20,21
L19 0LR,24,10,14,12
L19 0LS,60,32,28,30
L19 0LT,46,25,21,25
L19 0LU,38,26,12,34
L19 0LW,63,43,20,41
L19 0LX,84,44,40,34
L19 0LY,38,25,13,14
L19 0LZ,4,2,2,1
L19 0NA,32,16,16,12
L19 0NB,101,45,56,41
L19 0ND,27,15,12,12
L19 0NE,33,18,15,22
L19 0NH,7,1,6,3
L19 0NJ,30,16,14,23
L19 0NL,96,44,52,41
L19 0NN,51,27,24,23
L19 0NP,99,47,52,41
L19 0NQ,65,31,34,27
L19 0NR,37,15,22,15
L19 0NS,62,25,37,24
L19 0NT,20,10,10,10
L19 0NU,3,3,0,1
L19 0NW,14,9,5,6
L19 0NX,6,2,4,4
L19 0NY,22,17,5,11
L19 0PA,30,15,15,18
L19 0PB,74,36,38,37
L19 0PD,61,31,30,23
L19 0PE,30,17,13,11
L19 0PF,43,17,26,20
L19 0PG,56,32,24,28
L19 0PH,81,42,39,27
L19 0PJ,59,33,26,24
L19 0PL,10,4,6,4
L19 0PN,26,12,14,12
L19 0PP,12,6,6,5
L19 0PQ,22,12,10,13
L19 0PR,19,8,11,8
L19 0PS,41,18,23,15
L19 0PT,44,23,21,15
L19 0PU,28,15,13,12
L19 0PW,41,18,23,18
L19 0PX,28,14,14,13
L19 0QG,38,17,21,35
L19 0QH,13,7,6,10
L19 0QL,45,12,33,0
L19 0QN,31,16,15,19
L19 1QA,29,9,20,13
L19 1QB,89,40,49,37
L19 1QD,8,7,1,5
L19 1QE,77,41,36,31
L19 1QF,52,24,28,24
L19 1QG,97,42,55,47
L19 1QH,68,30,38,33
L19 1QJ,59,27,32,25
L19 1QL,92,44,48,37
L19 1QN,62,28,34,28
L19 1QP,45,23,22,24
L19 1QQ,132,66,66,53
L19 1QR,70,33,37,44
L19 1QS,69,32,37,40
L19 1QT,47,19,28,22
L19 1QU,14,7,7,10
L19 1QW,32,20,12,13
L19 1QY,89,41,48,36
L19 1QZ,116,57,59,51
L19 1RA,5,2,3,4
L19 1RB,6,3,3,4
L19 1RE,63,31,32,35
L19 1RF,106,53,53,43
L19 1RG,40,17,23,21
L19 1RJ,83,41,42,34
L19 1RL,60,30,30,22
L19 1RN,46,26,20,24
L19 1RP,92,51,41,44
L19 1RQ,104,48,56,38
L19 1RR,77,43,34,38
L19 1RS,34,16,18,17
L19 1RT,87,38,49,53
L19 1RU,19,10,9,11
L19 1RX,38,22,16,19
L19 1RY,106,53,53,40
L19 1RZ,73,29,44,34
L19 1SP,18,9,9,12
L19 2AB,30,15,15,21
L19 2HA,33,15,18,10
L19 2HB,68,33,35,25
L19 2HD,49,23,26,22
L19 2HE,68,39,29,33
L19 2HF,62,35,27,21
L19 2HG,38,21,17,14
L19 2HJ,22,10,12,9
L19 2HL,25,11,14,9
L19 2HP,32,16,16,14
L19 2HQ,65,35,30,27
L19 2HR,12,7,5,6
L19 2HS,38,21,17,17
L19 2HW,57,26,31,23
L19 2JD,29,19,10,16
L19 2JG,35,17,18,17
L19 2JJ,25,15,10,19
L19 2JP,115,49,66,66
L19 2JT,63,35,28,45
L19 2JX,3,2,1,2
L19 2LA,12,8,4,6
L19 2LB,40,22,18,19
L19 2LD,14,4,10,8
L19 2LE,39,17,22,20
L19 2LF,11,4,7,5
L19 2LG,59,26,33,27
L19 2LH,55,23,32,30
L19 2LJ,110,58,52,54
L19 2LL,13,7,6,6
L19 2LQ,15,5,10,8
L19 2LS,21,13,8,15
L19 2LT,54,23,31,25
L19 2LW,39,24,15,20
L19 2LX,83,45,38,37
L19 2LY,80,37,43,40
L19 2NA,101,50,51,46
L19 2NB,123,55,68,52
L19 2ND,109,46,63,50
L19 2NE,94,45,49,35
L19 2NJ,8,6,2,7
L19 2NL,9,6,3,6
L19 2NP,78,47,31,52
L19 2NR,4,4,0,4
L19 2NZ,23,13,10,12
L19 2PA,1,0,1,1
L19 2PQ,42,23,19,19
L19 2PR,42,19,23,23
L19 2PS,35,16,19,21
L19 2PT,21,12,9,11
L19 2PU,131,60,71,54
L19 2QG,31,12,19,10
L19 2QY,128,65,63,79
L19 2QZ,124,64,60,55
L19 2RL,43,19,24,15
L19 2RP,68,40,28,29
L19 2RR,121,64,57,44
L19 2RS,110,49,61,48
L19 2RT,58,30,28,24
L19 2RU,78,39,39,35
L19 2RX,5,5,0,5
L19 3PA,49,25,24,18
L19 3PD,85,44,41,30
L19 3PE,60,31,29,27
L19 3PF,36,20,16,16
L19 3PG,68,41,27,32
L19 3PH,70,33,37,30
L19 3PJ,12,5,7,6
L19 3PL,88,42,46,36
L19 3PN,52,24,28,18
L19 3PP,39,16,23,16
L19 3PQ,77,39,38,28
L19 3PR,28,15,13,10
L19 3PS,69,35,34,25
L19 3PT,78,38,40,32
L19 3PU,105,52,53,36
L19 3PW,51,27,24,18
L19 3PX,35,15,20,17
L19 3PY,54,24,30,21
L19 3PZ,44,22,22,15
L19 3QA,83,42,41,42
L19 3QB,26,13,13,14
L19 3QD,45,18,27,23
L19 3QE,49,24,25,27
L19 3QF,5,2,3,2
L19 3QG,17,6,11,10
L19 3QH,32,11,21,10
L19 3QJ,40,15,25,20
L19 3QL,38,15,23,17
L19 3QP,7,3,4,2
L19 3QS,52,23,29,27
L19 3QT,25,15,10,15
L19 3QU,92,50,42,35
L19 3QW,15,11,4,8
L19 3QX,86,40,46,32
L19 3QY,69,33,36,30
L19 3QZ,65,30,35,30
L19 3RA,39,17,22,13
L19 3RB,38,20,18,19
L19 3RD,77,41,36,30
L19 3RE,71,37,34,25
L19 3RF,31,19,12,15
L19 3RG,22,7,15,13
L19 3RJ,46,23,23,23
L19 3RL,15,10,5,7
L19 3RN,15,10,5,8
L19 3RS,28,20,8,17
L19 3RW,22,11,11,12
L19 3RY,65,36,29,49
L19 3RZ,97,45,52,58
L19 4TA,33,14,19,13
L19 4TB,12,6,6,6
L19 4TD,29,13,16,12
L19 4TE,48,22,26,21
L19 4TF,20,11,9,9
L19 4TG,51,31,20,24
L19 4TH,51,22,29,24
L19 4TJ,27,12,15,15
L19 4TL,30,13,17,13
L19 4TP,19,9,10,7
L19 4TQ,118,57,61,44
L19 4TR,82,35,47,34
L19 4TS,126,68,58,54
L19 4TT,81,41,40,33
L19 4TU,95,41,54,43
L19 4TW,56,34,22,29
L19 4TX,51,24,27,23
L19 4TY,58,27,31,27
L19 4TZ,155,73,82,59
L19 4UA,21,9,12,11
L19 4UB,142,67,75,54
L19 4UD,100,46,54,41
L19 4UE,31,11,20,25
L19 4UF,89,37,52,29
L19 4UG,69,27,42,32
L19 4UJ,25,14,11,18
L19 4UL,106,51,55,38
L19 4UN,98,53,45,37
L19 4UP,69,27,42,24
L19 4UR,82,40,42,32
L19 4US,45,21,24,26
L19 4UT,90,39,51,31
L19 4UU,79,44,35,35
L19 4UW,82,36,46,33
L19 4UX,107,46,61,37
L19 4UY,94,43,51,37
L19 4UZ,69,32,37,27
L19 4XA,91,38,53,34
L19 4XB,70,36,34,31
L19 4XD,67,32,35,24
L19 4XE,94,38,56,38
L19 4XF,67,31,36,32
L19 4XG,8,2,6,4
L19 4XH,55,34,21,39
L19 4XN,9,5,4,7
L19 4XS,119,59,60,33
L19 4XT,9,4,5,3
L19 5NA,13,6,7,6
L19 5NB,148,71,77,59
L19 5ND,64,27,37,28
L19 5NE,32,17,15,18
L19 5NF,24,13,11,10
L19 5NG,55,28,27,14
L19 5NH,44,19,25,30
L19 5NJ,52,23,29,25
L19 5NL,37,13,24,17
L19 5NN,114,56,58,42
L19 5NP,54,25,29,27
L19 5NQ,2,1,1,1
L19 5NR,40,17,23,19
L19 5NS,26,12,14,11
L19 5NT,22,13,9,9
L19 5NU,54,28,26,28
L19 5NW,94,46,48,39
L19 5NX,18,15,3,16
L19 5NY,26,11,15,13
L19 5NZ,69,33,36,33
L19 5PA,26,10,16,14
L19 5PB,28,11,17,12
L19 5PD,24,7,17,11
L19 5PE,97,47,50,47
L19 5PF,116,55,61,52
L19 5PG,68,31,37,32
L19 5PH,130,58,72,62
L19 5PL,19,10,9,11
L19 5PQ,40,21,19,28
L19 6PA,139,82,57,71
L19 6PD,19,10,9,6
L19 6PE,46,27,19,24
L19 6PF,51,27,24,27
L19 6PG,41,21,20,16
L19 6PH,48,24,24,18
L19 6PJ,118,63,55,61
L19 6PL,46,26,20,20
L19 6PN,92,47,45,33
L19 6PP,27,23,4,18
L19 6PQ,69,34,35,26
L19 6PR,66,33,33,25
L19 6PS,65,31,34,26
L19 6PT,73,38,35,27
L19 6PU,71,31,40,26
L19 6PW,126,60,66,53
L19 6PX,63,34,29,25
L19 6PY,28,13,15,13
L19 6PZ,27,14,13,15
L19 6QA,78,43,35,33
L19 6QB,67,31,36,31
L19 6QD,36,16,20,14
L19 7NA,90,45,45,29
L19 7NB,21,9,12,10
L19 7ND,113,55,58,42
L19 7NE,102,49,53,36
L19 7NF,39,18,21,15
L19 7NG,78,39,39,30
L19 7NH,25,11,14,10
L19 7NJ,32,14,18,16
L19 7NL,28,15,13,15
L19 7NN,143,72,71,51
L19 7NQ,99,43,56,39
L19 7NR,71,35,36,30
L19 7NS,54,26,28,24
L19 7NT,31,14,17,10
L19 7NU,111,49,62,44
L19 7NW,130,70,60,47
L19 7NX,12,10,2,9
L19 7NY,9,4,5,4
L19 7PG,57,25,32,27
L19 8AB,120,71,49,45
L19 8BQ,21,12,9,8
L19 8DA,77,39,38,25
L19 8DB,89,44,45,29
L19 8DD,46,24,22,17
L19 8DE,19,9,10,8
L19 8EA,7,5,2,5
L19 8EE,73,40,33,24
L19 8EH,70,39,31,38
L19 8EJ,57,37,20,28
L19 8EL,53,30,23,18
L19 8EQ,32,15,17,10
L19 8ER,82,30,52,33
L19 8HG,21,9,12,10
L19 8HT,81,37,44,26
L19 8HX,21,10,11,7
L19 8HZ,55,27,28,26
L19 8JD,1,1,0,1
L19 8JL,97,45,52,47
L19 8JN,87,33,54,35
L19 8JP,95,41,54,41
L19 8JR,113,54,59,50
L19 8JS,101,44,57,44
L19 8JT,123,54,69,47
L19 8JU,42,23,19,21
L19 8JW,60,35,25,33
L19 8JX,10,7,3,8
L19 8JZ,13,6,7,7
L19 8LA,72,38,34,36
L19 8LB,79,37,42,39
L19 8LD,125,58,67,58
L19 8LE,98,45,53,51
L19 8LF,145,68,77,61
L19 8LG,85,39,46,36
L19 8LH,85,36,49,39
L19 8LJ,81,40,41,31
L19 8LL,84,34,50,41
L19 8LN,12,5,7,8
L19 8LP,34,16,18,26
L19 8LQ,155,73,82,62
L19 8LR,21,6,15,17
L19 8LU,43,25,18,17
L19 8LW,20,9,11,8
L19 8LX,72,40,32,44
L19 8LY,46,32,14,43
L19 8NG,8,4,4,3
L19 8NH,19,5,14,11
L19 8NS,18,8,10,8
L19 8NT,24,15,9,9
L19 8NU,27,15,12,11
L19 9AD,75,34,41,39
L19 9AE,65,26,39,25
L19 9AF,51,25,26,26
L19 9AG,32,16,16,10
L19 9AH,63,31,32,34
L19 9AJ,76,40,36,55
L19 9AL,107,54,53,40
L19 9AN,31,17,14,10
L19 9AP,24,10,14,7
L19 9AQ,53,25,28,20
L19 9AR,30,14,16,16
L19 9AS,19,9,10,7
L19 9AT,38,18,20,18
L19 9AU,91,39,52,37
L19 9AW,32,18,14,20
L19 9AX,64,36,28,17
L19 9AY,116,50,66,39
L19 9AZ,57,25,32,20
L19 9BA,9,9,0,1
L19 9BB,42,24,18,18
L19 9BD,25,12,13,11
L19 9BE,41,19,22,16
L19 9BG,18,8,10,10
L19 9BH,38,18,20,15
L19 9BJ,80,42,38,32
L19 9BL,71,32,39,42
L19 9BN,36,20,16,15
L19 9BP,48,25,23,17
L19 9BQ,88,43,45,33
L19 9BR,74,35,39,27
L19 9BS,59,30,29,20
L19 9BU,71,33,38,22
L19 9BW,38,19,19,13
L19 9BX,51,23,28,18
L19 9BY,80,41,39,33
L19 9BZ,85,45,40,32
L19 9DA,45,23,22,16
L19 9DB,106,53,53,39
L19 9DD,26,12,14,9
L19 9DE,11,3,8,2
L19 9DF,63,27,36,27
L19 9DG,18,11,7,7
L19 9DH,92,44,48,34
L19 9DJ,65,30,35,18
L19 9DL,37,17,20,14
L19 9DN,29,4,25,3
L19 9DP,90,44,46,41
L19 9DQ,22,12,10,9
L19 9DR,83,38,45,34
L19 9DS,79,37,42,29
L19 9DT,47,24,23,17
L19 9DU,72,33,39,32
L19 9DW,14,5,9,9
L19 9DX,9,5,4,4
L19 9DY,30,11,19,15
L19 9DZ,31,15,16,16
L19 9EA,52,28,24,19
L19 9EB,26,9,17,12
L19 9ED,10,5,5,5
L19 9EE,36,16,20,19
L19 9EF,62,32,30,22
L19 9EQ,54,24,30,19
L19 9ES,55,12,43,14
L19 9EY,7,3,4,4
L19 9HA,19,11,8,8
L19 9HG,58,28,30,20
L2  0NE,1,1,0,1
L2  0NZ,42,23,19,28
L2  0PQ,9,2,7,4
L2  0XJ,64,41,23,44
L2  2AE,10,8,2,8
L2  2AW,20,13,7,14
L2  2BP,4,4,0,2
L2  2DQ,86,57,29,59
L2  2DT,2,2,0,2
L2  2DX,61,30,31,41
L2  2DY,13,8,5,8
L2  2EN,35,24,11,24
L2  2EZ,21,18,3,16
L2  2JH,33,22,11,21
L2  2SR,40,27,13,24
L2  2SX,63,40,23,43
L2  3PH,31,20,11,19
L2  3PQ,2,2,0,2
L2  4SA,2,2,0,2
L2  4SX,2,2,0,1
L2  4TE,25,11,14,16
L2  4TR,8,6,2,4
L2  4TX,1,0,1,1
L2  5BA,47,25,22,30
L2  5BB,31,22,9,24
L2  5QA,41,27,14,26
L2  5QS,24,16,8,19
L2  5QU,5,2,3,2
L2  5RH,6,4,2,4
L2  5SX,48,25,23,33
L2  6PB,1,1,0,1
L2  6PS,8,5,3,6
L2  6PT,22,14,8,15
L2  6PY,12,12,0,9
L2  6RE,3,2,1,1
L2  7LQ,14,8,6,10
L2  7NB,6,4,2,4
L2  7NE,48,26,22,28
L2  7PQ,1,0,1,1
L2  8TZ,4,4,0,4
L2  9RU,39,20,19,21
L20 0AD,45,19,26,19
L20 0AE,43,25,18,19
L20 0AF,47,23,24,21
L20 0AG,39,21,18,18
L20 0AH,49,23,26,16
L20 0AJ,8,4,4,5
L20 0AL,65,35,30,30
L20 0AN,46,18,28,17
L20 0AP,56,21,35,23
L20 0AQ,30,12,18,14
L20 0AR,59,29,30,24
L20 0AS,68,24,44,28
L20 0AT,68,33,35,24
L20 0AU,51,23,28,20
L20 0AW,72,36,36,25
L20 0AX,19,8,11,5
L20 0AY,90,47,43,34
L20 0AZ,84,36,48,27
L20 0BA,33,15,18,12
L20 0BB,45,21,24,13
L20 0BD,52,25,27,19
L20 0BE,66,36,30,26
L20 0BG,49,21,28,20
L20 0BH,80,42,38,32
L20 0BJ,53,27,26,19
L20 0BL,52,28,24,18
L20 0BN,60,27,33,25
L20 0BP,15,7,8,15
L20 0BQ,36,19,17,16
L20 0BR,35,16,19,16
L20 0BS,6,2,4,4
L20 0BT,79,39,40,22
L20 0BU,34,15,19,13
L20 0BW,88,45,43,40
L20 0BX,73,36,37,28
L20 0BY,73,34,39,32
L20 0BZ,78,37,41,36
L20 0DA,20,10,10,6
L20 0DB,40,21,19,15
L20 0DD,45,20,25,17
L20 0DE,29,14,15,11
L20 0DF,43,19,24,16
L20 0DG,37,14,23,18
L20 0DH,64,27,37,22
L20 0DJ,80,34,46,32
L20 0DL,69,36,33,26
L20 0DN,61,28,33,25
L20 0DP,81,38,43,27
L20 0DQ,33,17,16,11
L20 0DR,81,34,47,30
L20 0DS,19,8,11,6
L20 0DT,63,27,36,26
L20 0DU,19,9,10,10
L20 0DW,75,38,37,26
L20 0DY,53,24,29,17
L20 0DZ,36,15,21,16
L20 0EA,48,26,22,20
L20 0ED,35,16,19,14
L20 0EE,84,40,44,31
L20 0EF,65,31,34,24
L20 0EQ,35,12,23,30
L20 1EZ,4,3,1,3
L20 2AA,21,13,8,10
L20 2AB,11,7,4,9
L20 2AD,15,7,8,11
L20 2AT,34,15,19,17
L20 2BG,34,21,13,27
L20 2BN,54,24,30,25
L20 2BX,13,9,4,8
L20 2BY,26,12,14,14
L20 2BZ,53,21,32,26
L20 2DA,4,4,0,1
L20 2DE,80,37,43,28
L20 2DF,94,49,45,25
L20 2DG,18,9,9,8
L20 2DH,23,9,14,16
L20 2DJ,25,12,13,15
L20 2DL,68,37,31,22
L20 2DQ,9,5,4,5
L20 2DR,122,69,53,35
L20 2DS,52,28,24,21
L20 2DT,107,48,59,37
L20 2DW,15,9,6,6
L20 2EA,20,7,13,10
L20 2EB,5,3,2,2
L20 2ED,68,33,35,28
L20 2EE,29,18,11,16
L20 2EF,18,8,10,9
L20 2EG,84,42,42,39
L20 2EH,86,43,43,40
L20 2EJ,69,32,37,26
L20 2EL,95,49,46,41
L20 2EN,51,24,27,27
L20 2EP,50,23,27,24
L20 2EQ,52,27,25,27
L20 2ER,72,27,45,35
L20 2ES,54,28,26,25
L20 2ET,105,47,58,49
L20 2EU,80,38,42,33
L20 2EW,95,43,52,37
L20 2EX,61,31,30,24
L20 2EY,84,38,46,36
L20 2HA,108,64,44,50
L20 2HL,77,37,40,40
L20 2HR,43,19,24,22
L20 2HU,93,44,49,46
L20 2HW,88,44,44,39
L20 2HX,76,39,37,37
L20 2HZ,8,3,5,6
L20 2JA,84,39,45,35
L20 2JL,21,11,10,16
L20 2QA,19,10,9,11
L20 2QB,19,7,12,9
L20 3AB,65,38,27,32
L20 3AD,28,15,13,12
L20 3AN,22,13,9,19
L20 3AP,27,12,15,15
L20 3AR,21,12,9,3
L20 3AS,42,25,17,19
L20 3AU,12,5,7,6
L20 3AW,20,9,11,8
L20 3AZ,21,10,11,14
L20 3BB,34,22,12,13
L20 3BG,74,35,39,33
L20 3BJ,20,14,6,0
L20 3BN,35,23,12,14
L20 3BR,11,6,5,6
L20 3BU,32,13,19,14
L20 3BX,68,35,33,29
L20 3BY,23,15,8,8
L20 3BZ,3,3,0,2
L20 3DB,4,2,2,2
L20 3DE,25,15,10,11
L20 3DF,19,11,8,8
L20 3DG,7,3,4,6
L20 3DQ,42,21,21,18
L20 3DY,4,4,0,4
L20 3EJ,31,16,15,15
L20 3ER,5,2,3,2
L20 3ET,8,5,3,4
L20 3EY,36,15,21,17
L20 3HA,46,22,24,19
L20 3HE,28,12,16,18
L20 3HF,61,29,32,28
L20 3HG,48,18,30,20
L20 3HH,25,10,15,13
L20 3HJ,32,20,12,11
L20 3HN,17,9,8,9
L20 3HQ,45,23,22,24
L20 3HZ,7,3,4,4
L20 3JB,10,4,6,7
L20 3JY,47,22,25,20
L20 3LL,26,15,11,22
L20 3NP,24,9,15,10
L20 3NR,16,11,5,12
L20 3NS,16,7,9,12
L20 3NT,33,18,15,14
L20 3NU,30,12,18,15
L20 3NX,83,44,39,33
L20 3NY,57,25,32,19
L20 3NZ,41,21,20,23
L20 3PA,41,21,20,20
L20 3PJ,51,27,24,48
L20 3PL,19,11,8,17
L20 3QJ,42,24,18,32
L20 3QL,43,25,18,37
L20 3QN,40,19,21,33
L20 3RL,47,15,32,36
L20 3SE,61,26,35,51
L20 3SP,5,3,2,3
L20 3TQ,41,16,25,35
L20 3TX,20,12,8,8
L20 3TY,23,10,13,16
L20 3TZ,45,21,24,19
L20 3UA,10,4,6,3
L20 3UB,32,10,22,10
L20 3UG,144,60,84,49
L20 3UH,46,22,24,15
L20 3UQ,75,33,42,23
L20 4AP,42,23,19,9
L20 4AU,23,15,8,14
L20 4AX,33,12,21,14
L20 4AY,17,9,8,9
L20 4AZ,33,22,11,22
L20 4BB,10,5,5,2
L20 4BG,35,18,17,13
L20 4BL,48,24,24,23
L20 4BP,32,17,15,23
L20 4BU,14,6,8,8
L20 4DB,38,19,19,12
L20 4DF,18,10,8,8
L20 4DG,39,20,19,15
L20 4DH,54,39,15,47
L20 4DJ,52,40,12,41
L20 4DL,65,30,35,21
L20 4DS,23,12,11,11
L20 4DT,13,7,6,4
L20 4EF,24,11,13,7
L20 4EH,29,13,16,14
L20 4EJ,87,46,41,31
L20 4EL,44,24,20,19
L20 4ET,7,3,4,3
L20 4EU,34,18,16,15
L20 4EX,78,36,42,36
L20 4EY,34,13,21,18
L20 4FB,8,4,4,6
L20 4FD,77,32,45,23
L20 4FE,21,11,10,16
L20 4HA,45,30,15,36
L20 4HB,33,10,23,16
L20 4HH,23,11,12,9
L20 4HU,9,6,3,5
L20 4JA,19,13,6,8
L20 4JB,15,9,6,9
L20 4JG,20,11,9,14
L20 4JJ,22,7,15,12
L20 4JL,74,32,42,37
L20 4JN,54,34,20,35
L20 4JP,24,11,13,14
L20 4JR,56,32,24,31
L20 4JS,50,29,21,26
L20 4JU,24,9,15,8
L20 4JW,55,32,23,37
L20 4JX,26,18,8,19
L20 4JZ,12,5,7,5
L20 4LA,19,11,8,10
L20 4LB,25,12,13,13
L20 4LE,72,34,38,33
L20 4LF,65,30,35,27
L20 4LG,57,25,32,27
L20 4LH,40,16,24,15
L20 4LJ,38,20,18,26
L20 4LL,50,27,23,29
L20 4LN,57,28,29,23
L20 4LP,15,4,11,4
L20 4LQ,44,24,20,25
L20 4LU,16,7,9,8
L20 4LW,57,19,38,29
L20 4LX,5,3,2,1
L20 4LZ,2,1,1,1
L20 4NF,114,59,55,47
L20 4NH,21,11,10,10
L20 4NJ,12,9,3,8
L20 4NL,14,7,7,6
L20 4NP,57,26,31,24
L20 4NR,18,9,9,15
L20 4NU,6,3,3,3
L20 4NX,26,11,15,21
L20 4NY,86,39,47,34
L20 4NZ,21,9,12,12
L20 4PA,35,18,17,27
L20 4PB,17,8,9,7
L20 4PD,51,30,21,21
L20 4PE,80,36,44,33
L20 4PF,97,54,43,34
L20 4PG,90,47,43,35
L20 4PH,63,32,31,34
L20 4PJ,67,37,30,26
L20 4PL,65,34,31,31
L20 4PN,16,6,10,8
L20 4PQ,67,27,40,33
L20 4PR,60,30,30,26
L20 4PS,68,34,34,39
L20 4PT,55,22,33,35
L20 4PU,64,30,34,35
L20 4PW,74,32,42,33
L20 4PX,60,31,29,32
L20 4PY,43,13,30,0
L20 4PZ,19,9,10,10
L20 4QA,22,11,11,9
L20 4QD,19,12,7,13
L20 4QE,70,32,38,38
L20 4QF,74,36,38,40
L20 4QG,88,45,43,26
L20 4QH,82,42,40,37
L20 4QJ,39,18,21,14
L20 4QP,48,21,27,18
L20 4QQ,16,6,10,8
L20 4QR,173,73,100,68
L20 4QT,26,18,8,18
L20 4RD,2,1,1,1
L20 4RH,63,27,36,28
L20 4RJ,94,44,50,39
L20 4RL,53,23,30,22
L20 4RN,8,4,4,4
L20 4RP,133,56,77,53
L20 4RR,76,34,42,35
L20 4RS,69,36,33,29
L20 4RT,79,39,40,28
L20 4RU,76,41,35,29
L20 4RY,70,30,40,31
L20 4RZ,59,29,30,24
L20 4SE,44,22,22,24
L20 4SF,71,25,46,40
L20 4SG,90,43,47,39
L20 4SJ,73,46,27,60
L20 4SL,67,39,28,57
L20 4SQ,92,36,56,39
L20 4SW,11,5,6,8
L20 4TA,11,5,6,10
L20 4TB,50,31,19,41
L20 4TD,85,41,44,32
L20 4TE,76,47,29,48
L20 4TP,44,21,23,35
L20 4TQ,110,55,55,67
L20 4TR,21,10,11,8
L20 4TW,36,21,15,30
L20 4UG,33,18,15,9
L20 4UH,67,32,35,34
L20 4UJ,29,11,18,14
L20 4UL,54,33,21,32
L20 4UN,29,13,16,27
L20 4UP,8,2,6,8
L20 4US,138,63,75,57
L20 4UT,41,12,29,16
L20 4UU,36,22,14,28
L20 4UW,6,3,3,5
L20 4UY,34,18,16,17
L20 4UZ,33,13,20,17
L20 4XA,17,8,9,6
L20 4XE,24,13,11,10
L20 4XY,114,41,73,35
L20 4YG,47,26,21,16
L20 5AB,6,2,4,2
L20 5AE,22,14,8,15
L20 5AF,37,21,16,21
L20 5AG,52,30,22,20
L20 5AH,35,19,16,15
L20 5AL,1,0,1,1
L20 5AN,36,13,23,20
L20 5AP,21,11,10,9
L20 5AQ,45,26,19,20
L20 5AR,26,7,19,9
L20 5AS,55,29,26,19
L20 5AT,29,12,17,14
L20 5AU,55,27,28,25
L20 5AW,53,26,27,22
L20 5AX,73,38,35,25
L20 5AY,34,16,18,12
L20 5BA,34,17,17,15
L20 5BB,38,21,17,15
L20 5BD,40,15,25,15
L20 5BE,46,21,25,20
L20 5BG,42,24,18,20
L20 5BH,43,21,22,21
L20 5BJ,72,34,38,29
L20 5BL,70,30,40,28
L20 5BN,2,2,0,2
L20 5BQ,16,11,5,9
L20 5BY,38,17,21,10
L20 5BZ,69,37,32,19
L20 5DA,50,21,29,14
L20 5DB,53,26,27,18
L20 5DE,61,35,26,19
L20 5DG,8,5,3,6
L20 5DJ,8,4,4,3
L20 5DN,23,14,9,15
L20 5DQ,60,26,34,22
L20 5DS,22,9,13,11
L20 5DT,72,27,45,27
L20 5DU,71,33,38,28
L20 5DW,30,17,13,19
L20 5DX,17,7,10,7
L20 5DY,43,16,27,16
L20 5DZ,34,15,19,13
L20 5EA,86,34,52,37
L20 5EB,29,15,14,15
L20 5ED,42,22,20,19
L20 5EE,30,14,16,15
L20 5EF,59,33,26,28
L20 5EG,15,5,10,8
L20 5EH,91,37,54,40
L20 5EJ,57,28,29,20
L20 5EL,68,30,38,27
L20 5EN,52,25,27,27
L20 5EP,103,49,54,36
L20 5EQ,47,25,22,16
L20 5ES,82,38,44,40
L20 5ET,37,16,21,14
L20 5EU,49,22,27,18
L20 5EX,56,25,31,23
L20 5EY,63,35,28,33
L20 5EZ,90,44,46,44
L20 5GA,48,25,23,17
L20 5GB,29,11,18,9
L20 5HF,41,24,17,35
L20 6AA,16,8,8,8
L20 6AB,33,21,12,16
L20 6AG,72,35,37,24
L20 6AJ,76,29,47,27
L20 6AL,11,3,8,5
L20 6AN,10,7,3,8
L20 6AP,61,28,33,24
L20 6AQ,70,27,43,25
L20 6AR,50,26,24,24
L20 6AS,70,33,37,22
L20 6AT,66,33,33,26
L20 6AU,6,2,4,3
L20 6AW,31,13,18,13
L20 6BA,5,3,2,3
L20 6BB,33,15,18,13
L20 6BD,43,15,28,24
L20 6BF,15,7,8,5
L20 6BH,6,4,2,1
L20 6BJ,4,1,3,3
L20 6BN,4,2,2,2
L20 6BP,7,2,5,4
L20 6BQ,74,35,39,26
L20 6BR,9,4,5,5
L20 6DA,55,28,27,26
L20 6DB,44,22,22,16
L20 6DD,3,1,2,2
L20 6DF,2,0,2,1
L20 6DH,74,33,41,30
L20 6DJ,74,32,42,30
L20 6DL,50,21,29,20
L20 6DN,77,38,39,29
L20 6DP,75,24,51,12
L20 6DQ,46,20,26,16
L20 6DR,26,13,13,13
L20 6DS,35,15,20,19
L20 6DT,88,46,42,25
L20 6DU,28,16,12,11
L20 6DW,81,40,41,26
L20 6DX,30,14,16,12
L20 6DY,61,28,33,26
L20 6EA,60,30,30,24
L20 6EB,46,24,22,19
L20 6ED,27,16,11,9
L20 6EE,70,35,35,26
L20 6EF,93,50,43,36
L20 6EG,41,16,25,14
L20 6EH,26,16,10,12
L20 6EJ,99,45,54,38
L20 6EL,26,15,11,8
L20 6EN,35,17,18,16
L20 6EP,64,35,29,26
L20 6EQ,63,29,34,25
L20 6ER,103,51,52,37
L20 6ES,53,27,26,19
L20 6ET,90,46,44,34
L20 6EU,37,17,20,17
L20 6EW,72,31,41,22
L20 6EX,36,12,24,16
L20 6EY,29,13,16,11
L20 6EZ,34,18,16,17
L20 6GD,158,75,83,78
L20 6GE,73,37,36,33
L20 6GF,83,39,44,49
L20 6HA,33,17,16,14
L20 6HB,31,14,17,12
L20 6HD,10,7,3,4
L20 6HE,34,14,20,16
L20 6HF,44,21,23,18
L20 6HG,48,27,21,18
L20 6HJ,53,29,24,32
L20 6HL,19,10,9,12
L20 6HN,66,29,37,26
L20 6HP,20,9,11,12
L20 6HQ,37,19,18,19
L20 6HR,69,29,40,32
L20 6HS,22,8,14,12
L20 6HT,20,13,7,12
L20 6HU,46,20,26,17
L20 6HW,58,24,34,24
L20 6HX,39,20,19,13
L20 6HY,42,14,28,16
L20 6HZ,52,25,27,25
L20 6JA,36,17,19,16
L20 6JB,89,41,48,48
L20 6JD,12,3,9,4
L20 6JE,46,22,24,20
L20 6JF,43,26,17,15
L20 6JG,78,38,40,31
L20 6JJ,4,2,2,1
L20 6JQ,73,39,34,23
L20 6JU,55,26,29,24
L20 6JY,53,26,27,26
L20 6LD,41,20,21,17
L20 6LE,25,9,16,11
L20 6LF,24,14,10,10
L20 6LG,49,24,25,20
L20 6LH,19,9,10,5
L20 6LJ,52,29,23,22
L20 6LL,25,14,11,10
L20 6LN,46,25,21,18
L20 6LP,15,8,7,7
L20 6LQ,21,6,15,11
L20 6LR,24,10,14,9
L20 6LS,9,4,5,5
L20 6LT,76,34,42,32
L20 6LU,13,5,8,9
L20 6LW,85,40,45,34
L20 6LX,69,33,36,26
L20 6LY,6,2,4,4
L20 6LZ,41,24,17,18
L20 6NA,23,10,13,13
L20 6NB,6,2,4,3
L20 6ND,73,37,36,26
L20 6NE,47,22,25,20
L20 6NF,60,28,32,24
L20 6NG,33,14,19,16
L20 6NH,48,22,26,24
L20 6NJ,68,30,38,26
L20 6NL,53,27,26,27
L20 6NN,69,34,35,28
L20 6NQ,18,10,8,11
L20 6NU,29,16,13,13
L20 6PR,48,21,27,43
L20 7AA,52,37,15,32
L20 7AB,26,18,8,18
L20 7AH,49,18,31,8
L20 7AJ,86,53,33,20
L20 7AL,91,48,43,32
L20 7AN,18,11,7,11
L20 7AP,23,15,8,3
L20 7AT,8,4,4,3
L20 7AZ,36,18,18,17
L20 7BA,25,14,11,11
L20 7BB,19,12,7,11
L20 7BD,15,6,9,7
L20 7BG,21,10,11,14
L20 7BL,12,7,5,6
L20 7BN,32,18,14,22
L20 7BQ,29,17,12,10
L20 7BS,8,5,3,2
L20 7BT,32,15,17,11
L20 7BW,36,17,19,13
L20 7BX,20,12,8,12
L20 7BY,3,1,2,2
L20 7BZ,18,11,7,14
L20 7DA,11,6,5,7
L20 7DB,9,8,1,6
L20 7DF,71,31,40,29
L20 7DG,87,43,44,30
L20 7DH,36,20,16,17
L20 7DJ,12,7,5,6
L20 7DL,52,25,27,20
L20 7DN,66,27,39,24
L20 7DP,21,7,14,14
L20 7DQ,134,72,62,46
L20 7DR,78,33,45,42
L20 7DS,27,14,13,15
L20 7DT,84,41,43,56
L20 7DU,55,26,29,27
L20 7DW,50,28,22,21
L20 7DX,38,21,17,25
L20 7EE,84,36,48,38
L20 7EJ,34,15,19,1
L20 7ES,1,1,0,1
L20 7EX,69,31,38,24
L20 7EZ,45,26,19,39
L20 7HE,28,15,13,13
L20 7HF,30,17,13,28
L20 7HH,5,4,1,5
L20 7HJ,13,8,5,12
L20 7HL,12,7,5,11
L20 7HN,13,9,4,11
L20 7HQ,15,7,8,12
L20 7HR,11,7,4,9
L20 7JH,33,14,19,12
L20 7JJ,16,5,11,6
L20 8BX,2,1,1,1
L20 8EE,1,0,1,1
L20 8LA,12,7,5,5
L20 8LD,4,3,1,3
L20 8LF,12,7,5,7
L20 8LG,21,13,8,10
L20 8LJ,5,3,2,3
L20 8LX,80,42,38,45
L20 8LY,53,26,27,21
L20 8NA,50,20,30,21
L20 8NB,22,12,10,7
L20 8ND,31,15,16,11
L20 9AA,107,55,52,47
L20 9AB,90,49,41,26
L20 9AD,14,6,8,5
L20 9AE,92,45,47,34
L20 9AF,58,38,20,46
L20 9AG,60,31,29,23
L20 9AH,62,30,32,24
L20 9AJ,80,36,44,37
L20 9AL,102,46,56,40
L20 9AN,109,51,58,45
L20 9AP,84,40,44,33
L20 9AQ,36,12,24,12
L20 9AT,32,16,16,13
L20 9AU,20,7,13,11
L20 9AW,83,44,39,31
L20 9AX,66,26,40,35
L20 9AY,19,8,11,8
L20 9AZ,61,32,29,22
L20 9BA,25,15,10,14
L20 9BD,9,6,3,7
L20 9BN,59,27,32,24
L20 9BP,58,31,27,21
L20 9BR,46,23,23,21
L20 9BS,48,26,22,18
L20 9BT,71,32,39,29
L20 9BU,38,16,22,15
L20 9BW,53,26,27,19
L20 9BX,16,10,6,9
L20 9BY,74,40,34,28
L20 9BZ,73,39,34,25
L20 9DE,3,1,2,1
L20 9DN,17,6,11,11
L20 9DP,52,27,25,24
L20 9DR,65,28,37,22
L20 9DS,50,21,29,21
L20 9DT,44,23,21,17
L20 9DU,4,2,2,3
L20 9DX,3,2,1,1
L20 9DY,64,37,27,23
L20 9DZ,16,7,9,8
L20 9EB,25,13,12,9
L20 9ED,44,23,21,16
L20 9EE,48,20,28,24
L20 9EF,62,31,31,25
L20 9EG,60,28,32,24
L20 9EH,43,23,20,17
L20 9EJ,37,15,22,15
L20 9EL,38,18,20,16
L20 9EN,43,23,20,21
L20 9EP,28,13,15,11
L20 9ER,78,30,48,27
L20 9ES,61,33,28,26
L20 9ET,71,30,41,28
L20 9EU,50,24,26,18
L20 9EW,81,38,43,37
L20 9EX,44,21,23,19
L20 9EY,27,14,13,14
L20 9GA,1,1,0,1
L20 9HA,29,12,17,10
L20 9HB,18,7,11,10
L20 9HD,59,30,29,20
L20 9HE,77,35,42,29
L20 9HF,8,3,5,3
L20 9HG,41,20,21,15
L20 9HJ,9,6,3,4
L20 9HL,16,10,6,6
L20 9HN,25,13,12,12
L20 9HP,1,0,1,1
L20 9HR,33,17,16,14
L20 9HS,15,7,8,8
L20 9HT,9,3,6,7
L20 9HU,62,31,31,22
L20 9HW,79,36,43,23
L20 9HX,39,21,18,12
L20 9HY,18,6,12,8
L20 9HZ,61,22,39,23
L20 9JA,55,25,30,22
L20 9JB,45,23,22,21
L20 9JD,27,14,13,9
L20 9JE,96,44,52,36
L20 9JF,32,10,22,12
L20 9JG,38,16,22,13
L20 9JH,38,19,19,14
L20 9JJ,62,32,30,25
L20 9JL,33,14,19,12
L20 9JN,62,34,28,23
L20 9JP,25,14,11,9
L20 9JQ,23,13,10,7
L20 9JR,64,26,38,26
L20 9JS,57,23,34,46
L20 9JT,60,26,34,45
L20 9JU,45,13,32,22
L20 9JW,28,15,13,14
L20 9JX,48,20,28,17
L20 9JY,18,7,11,12
L20 9LA,65,27,38,24
L20 9LB,62,27,35,28
L20 9LD,54,17,37,21
L20 9LE,38,17,21,12
L20 9LF,43,19,24,18
L20 9LG,42,20,22,17
L20 9LH,76,35,41,30
L20 9LJ,66,31,35,26
L20 9LL,21,8,13,10
L20 9LN,44,24,20,19
L20 9LP,53,28,25,23
L20 9LQ,69,33,36,25
L20 9LR,83,41,42,31
L20 9LS,50,24,26,20
L20 9LT,85,37,48,29
L20 9LU,61,29,32,19
L20 9LW,74,34,40,30
L20 9LX,94,54,40,35
L20 9LY,71,32,39,23
L20 9LZ,62,26,36,25
L20 9NA,77,38,39,29
L20 9NB,51,22,29,22
L20 9ND,84,42,42,34
L20 9NE,27,14,13,9
L20 9NG,15,10,5,7
L20 9NH,17,10,7,15
L20 9NJ,42,21,21,16
L20 9NL,51,26,25,20
L20 9NN,15,6,9,6
L20 9NP,57,27,30,20
L20 9NR,29,9,20,14
L20 9NS,6,3,3,2
L20 9NT,72,35,37,24
L20 9NU,3,1,2,1
L20 9NX,31,13,18,22
L20 9NY,9,4,5,6
L20 9NZ,1,0,1,1
L20 9PA,26,12,14,12
L20 9PF,30,16,14,10
L20 9PR,2,2,0,1
L20 9PS,35,16,19,0
L20 9QB,21,8,13,8
L20 9QD,16,10,6,6
L20 9QE,22,8,14,9
L21 0DA,19,7,12,7
L21 0DD,31,12,19,11
L21 0DE,56,24,32,29
L21 0DF,10,5,5,7
L21 0DG,34,13,21,17
L21 0DH,20,8,12,12
L21 0DJ,28,8,20,16
L21 0DN,70,32,38,28
L21 0DP,45,27,18,27
L21 0DQ,28,17,11,11
L21 0DR,62,29,33,26
L21 0DS,57,27,30,22
L21 0DT,62,30,32,21
L21 0DU,91,40,51,32
L21 0DW,64,34,30,23
L21 0DX,58,23,35,28
L21 0DY,41,20,21,18
L21 0DZ,41,22,19,20
L21 0EA,34,15,19,16
L21 0EB,26,13,13,11
L21 0ED,54,25,29,23
L21 0EE,47,20,27,22
L21 0EF,18,8,10,12
L21 0EG,77,35,42,34
L21 0EH,12,6,6,4
L21 0EJ,2,2,0,1
L21 0EL,43,21,22,14
L21 0EN,70,26,44,32
L21 0EP,12,8,4,7
L21 0EQ,89,39,50,35
L21 0ER,58,28,30,30
L21 0ES,64,27,37,24
L21 0ET,70,32,38,34
L21 0EU,29,17,12,15
L21 0EW,48,28,20,20
L21 0EX,29,15,14,16
L21 0EY,63,36,27,26
L21 0EZ,47,24,23,24
L21 0HA,26,14,12,11
L21 0HB,23,13,10,8
L21 0HD,32,17,15,20
L21 0HE,60,25,35,24
L21 0HF,35,15,20,20
L21 0HG,28,13,15,12
L21 0HH,43,26,17,15
L21 0HJ,98,48,50,43
L21 0HL,72,31,41,41
L21 0HN,81,45,36,49
L21 0HP,48,23,25,13
L21 0HQ,46,22,24,21
L21 0HR,60,26,34,32
L21 0HS,25,14,11,11
L21 0HT,60,26,34,33
L21 0HU,12,5,7,6
L21 0HW,39,14,25,26
L21 0HX,142,66,76,57
L21 0HY,64,30,34,19
L21 0HZ,99,46,53,40
L21 0JA,117,59,58,46
L21 0JB,71,29,42,29
L21 0JD,61,30,31,22
L21 0JE,61,29,32,24
L21 0JG,9,5,4,8
L21 0JH,126,60,66,51
L21 0JJ,119,56,63,47
L21 0JL,117,58,59,41
L21 0JP,15,6,9,6
L21 0JQ,105,47,58,51
L21 0JW,128,61,67,58
L21 0JZ,10,5,5,4
L21 1AD,20,10,10,7
L21 1AE,26,18,8,20
L21 1AF,37,14,23,17
L21 1AG,71,32,39,24
L21 1AH,82,32,50,35
L21 1AJ,26,12,14,9
L21 1AL,41,16,25,14
L21 1AN,49,19,30,24
L21 1AP,51,30,21,39
L21 1AR,38,19,19,13
L21 1AS,41,16,25,16
L21 1AT,86,43,43,28
L21 1AU,54,45,9,45
L21 1AW,21,11,10,9
L21 1BA,56,37,19,45
L21 1BB,58,21,37,24
L21 1BD,86,48,38,32
L21 1BE,41,14,27,18
L21 1BH,13,10,3,4
L21 1BJ,65,32,33,21
L21 1BL,67,30,37,25
L21 1BN,95,54,41,34
L21 1BP,108,50,58,38
L21 1BR,87,48,39,36
L21 1BS,17,8,9,10
L21 1BT,35,15,20,15
L21 1BU,14,7,7,11
L21 1BX,42,24,18,18
L21 1BY,24,10,14,8
L21 1BZ,38,18,20,14
L21 1DA,15,6,9,6
L21 1DB,50,22,28,23
L21 1DD,48,21,27,21
L21 1DE,20,8,12,6
L21 1DG,61,28,33,17
L21 1DH,22,14,8,12
L21 1DJ,16,9,7,6
L21 1DN,12,1,11,4
L21 1DP,52,25,27,24
L21 1DQ,25,11,14,12
L21 1DR,68,34,34,23
L21 1DS,75,43,32,21
L21 1DT,64,29,35,27
L21 1DU,68,47,21,46
L21 1DW,76,42,34,32
L21 1DX,52,23,29,20
L21 1DY,54,25,29,20
L21 1DZ,60,28,32,20
L21 1EB,14,8,6,4
L21 1EE,43,20,23,20
L21 1EF,43,20,23,19
L21 1EG,36,13,23,17
L21 1EH,37,11,26,18
L21 1EJ,68,31,37,27
L21 1EL,74,36,38,33
L21 1EN,60,38,22,46
L21 1EQ,27,14,13,16
L21 1ER,28,18,10,16
L21 1ES,14,8,6,7
L21 1EW,68,27,41,20
L21 1EX,44,22,22,20
L21 1EY,27,15,12,16
L21 1EZ,38,17,21,14
L21 1HA,47,19,28,27
L21 1HD,48,24,24,26
L21 1HG,55,26,29,23
L21 1HJ,58,32,26,28
L21 1HL,45,20,25,17
L21 1HP,19,7,12,8
L21 1HQ,46,21,25,26
L21 1HR,11,6,5,6
L21 1HS,31,24,7,18
L21 1HT,93,46,47,43
L21 1HU,16,12,4,12
L21 1HX,43,21,22,23
L21 1JF,38,20,18,25
L21 1JG,28,15,13,16
L21 1JQ,83,41,42,34
L21 1JW,82,39,43,29
L21 2NA,20,9,11,9
L21 2NB,49,23,26,18
L21 2ND,37,14,23,14
L21 2NE,19,7,12,11
L21 2PA,6,2,4,3
L21 2PB,15,8,7,5
L21 2PE,74,38,36,53
L21 2PG,32,17,15,13
L21 2PJ,91,46,45,40
L21 2PN,26,11,15,13
L21 2PP,17,5,12,9
L21 2PQ,22,12,10,6
L21 2PR,82,45,37,30
L21 2PS,82,38,44,39
L21 2PT,71,36,35,31
L21 2PU,88,47,41,31
L21 2PW,39,20,19,16
L21 2PX,79,44,35,34
L21 2PY,74,34,40,29
L21 2QH,93,39,54,32
L21 2QJ,13,5,8,8
L21 2QL,37,18,19,12
L21 2QN,37,18,19,16
L21 3TA,2,0,2,1
L21 3TB,8,6,2,6
L21 3TD,93,50,43,46
L21 3TE,13,6,7,4
L21 3TF,17,9,8,10
L21 3TJ,4,2,2,1
L21 3TN,5,3,2,2
L21 3TP,10,5,5,5
L21 3TR,38,16,22,22
L21 3TS,47,24,23,18
L21 3TT,109,49,60,38
L21 3TX,15,11,4,10
L21 3TY,4,3,1,1
L21 3TZ,53,25,28,32
L21 3UA,36,18,18,16
L21 3UB,6,3,3,2
L21 3UD,13,4,9,11
L21 4LA,4,1,3,2
L21 4LB,59,24,35,27
L21 4LD,18,10,8,12
L21 4LE,3,1,2,3
L21 4LF,21,11,10,7
L21 4LG,21,13,8,8
L21 4LJ,2,2,0,1
L21 4LL,56,23,33,29
L21 4LN,57,26,31,21
L21 4LP,37,18,19,17
L21 4LR,22,11,11,10
L21 4LU,1,0,1,1
L21 4LW,43,18,25,22
L21 4LX,97,47,50,37
L21 4LY,73,52,21,56
L21 4LZ,36,15,21,12
L21 4NA,43,22,21,18
L21 4NB,75,33,42,32
L21 4ND,2,0,2,2
L21 4NH,22,10,12,11
L21 4NN,78,41,37,35
L21 4NP,68,34,34,32
L21 4NR,21,6,15,12
L21 4NS,90,37,53,40
L21 4NT,50,25,25,23
L21 4NU,80,35,45,34
L21 4NW,95,47,48,41
L21 4PA,41,17,24,22
L21 4PD,30,19,11,25
L21 4PJ,16,9,7,7
L21 4PL,101,42,59,42
L21 4PN,45,23,22,39
L21 4PQ,60,18,42,48
L21 4PW,51,26,25,22
L21 4PZ,15,7,8,6
L21 5HA,9,6,3,5
L21 5HB,54,24,30,22
L21 5HD,53,24,29,20
L21 5HE,53,25,28,20
L21 5HF,50,25,25,21
L21 5HG,47,20,27,20
L21 5HH,50,23,27,20
L21 5HJ,61,31,30,18
L21 5HL,35,18,17,10
L21 5HN,43,24,19,19
L21 5HP,30,15,15,14
L21 5HQ,62,31,31,20
L21 5HR,45,22,23,25
L21 5HS,58,29,29,21
L21 5HT,50,25,25,22
L21 5HU,37,15,22,19
L21 5HW,31,17,14,14
L21 5HX,41,21,20,16
L21 5HY,11,3,8,8
L21 5HZ,13,5,8,4
L21 5JA,76,37,39,29
L21 5JB,58,26,32,20
L21 5JD,45,20,25,22
L21 5JE,49,20,29,22
L21 5JF,47,25,22,19
L21 5JG,48,20,28,28
L21 5JH,37,19,18,19
L21 5JJ,72,33,39,26
L21 5JL,78,38,40,27
L21 5JN,55,28,27,20
L21 5JP,53,30,23,20
L21 5JQ,51,23,28,22
L21 5JR,42,23,19,13
L21 5JS,39,17,22,14
L21 5JT,44,20,24,18
L21 5JU,57,28,29,18
L21 5JW,51,27,24,19
L21 5JX,78,41,37,29
L21 6NA,78,39,39,29
L21 6NB,64,30,34,23
L21 6ND,84,32,52,39
L21 6NE,41,14,27,17
L21 6NF,66,31,35,27
L21 6NG,73,35,38,27
L21 6NH,82,35,47,29
L21 6NJ,43,18,25,16
L21 6NL,38,16,22,18
L21 6NP,147,63,84,51
L21 6NQ,61,26,35,24
L21 6NR,33,14,19,9
L21 6NT,31,19,12,17
L21 6NU,13,10,3,6
L21 6NX,76,31,45,31
L21 6NY,20,10,10,17
L21 6NZ,84,33,51,32
L21 6PG,2,1,1,1
L21 6PH,9,5,4,4
L21 6PU,40,16,24,14
L21 7GB,75,31,44,26
L21 7GD,62,36,26,44
L21 7LA,46,23,23,17
L21 7LB,8,5,3,5
L21 7LE,12,3,9,5
L21 7LH,30,16,14,11
L21 7LJ,44,22,22,22
L21 7LL,42,23,19,16
L21 7LN,78,39,39,30
L21 7LP,8,6,2,3
L21 7LQ,37,21,16,15
L21 7LR,25,11,14,12
L21 7LS,27,15,12,10
L21 7LT,65,34,31,23
L21 7LU,40,18,22,16
L21 7LW,53,29,24,20
L21 7LY,33,17,16,11
L21 7LZ,15,9,6,6
L21 7NA,81,41,40,27
L21 7NB,66,28,38,26
L21 7ND,34,16,18,12
L21 7NE,37,11,26,17
L21 7NF,61,28,33,22
L21 7NG,62,29,33,24
L21 7NH,33,18,15,12
L21 7NJ,6,3,3,3
L21 7NL,43,18,25,17
L21 7NN,44,23,21,15
L21 7NP,5,3,2,2
L21 7NQ,53,24,29,18
L21 7NR,17,5,12,4
L21 7NS,16,12,4,12
L21 7NT,22,12,10,11
L21 7NU,6,2,4,4
L21 7NX,83,42,41,42
L21 7PA,43,13,30,36
L21 7PB,4,1,3,2
L21 7PD,14,7,7,6
L21 7PE,58,25,33,23
L21 7PF,45,19,26,24
L21 7PG,2,1,1,1
L21 7PJ,5,1,4,2
L21 7PN,60,37,23,31
L21 7PP,7,5,2,6
L21 7PQ,11,5,6,5
L21 7PR,34,15,19,14
L21 7PS,98,43,55,31
L21 7PT,68,35,33,28
L21 7PX,23,11,12,14
L21 7PY,35,15,20,15
L21 7PZ,76,32,44,28
L21 7QA,19,6,13,11
L21 7QB,87,44,43,40
L21 7QD,37,17,20,12
L21 7QE,88,44,44,32
L21 7QF,93,46,47,32
L21 7QG,100,45,55,36
L21 7QH,70,32,38,30
L21 7QJ,71,37,34,29
L21 7QL,32,14,18,12
L21 7QN,75,37,38,27
L21 7QP,88,44,44,33
L21 7QQ,133,60,73,44
L21 7QR,80,40,40,28
L21 7QS,16,4,12,8
L21 7QW,63,32,31,24
L21 7QX,52,26,26,46
L21 7QY,45,24,21,41
L21 7QZ,134,61,73,59
L21 7RA,44,21,23,14
L21 7RB,40,17,23,19
L21 7RD,34,18,16,15
L21 7RE,62,24,38,27
L21 7RF,40,20,20,15
L21 7RH,27,13,14,11
L21 8HD,71,40,31,51
L21 8HE,19,10,9,11
L21 8HG,72,28,44,34
L21 8HH,83,45,38,37
L21 8HJ,92,45,47,37
L21 8HL,52,26,26,24
L21 8HN,76,31,45,37
L21 8HQ,68,29,39,31
L21 8HS,42,17,25,19
L21 8HT,40,16,24,25
L21 8HU,40,18,22,25
L21 8HW,95,40,55,46
L21 8HX,41,16,25,28
L21 8HY,63,27,36,33
L21 8HZ,9,3,6,4
L21 8JA,33,17,16,18
L21 8JB,86,47,39,30
L21 8JD,25,12,13,13
L21 8JE,59,23,36,25
L21 8JF,40,18,22,16
L21 8JG,55,32,23,23
L21 8JH,1,1,0,1
L21 8JN,39,14,25,18
L21 8JP,12,10,2,11
L21 8JQ,57,22,35,25
L21 8JS,14,11,3,11
L21 8JT,12,12,0,10
L21 8JW,58,26,32,25
L21 8JX,32,17,15,24
L21 8JY,47,28,19,25
L21 8JZ,38,20,18,23
L21 8LA,81,43,38,39
L21 8LB,50,23,27,30
L21 8LD,8,5,3,6
L21 8LF,32,20,12,18
L21 8LH,35,18,17,24
L21 8LL,92,52,40,42
L21 8LN,41,19,22,15
L21 8LP,75,37,38,51
L21 8LQ,19,10,9,7
L21 8LS,112,45,67,53
L21 8LU,41,17,24,13
L21 8LW,54,29,25,18
L21 8LY,44,22,22,22
L21 8LZ,43,21,22,13
L21 8NA,83,39,44,35
L21 8NB,99,55,44,35
L21 8ND,66,37,29,30
L21 8NE,21,11,10,10
L21 8NF,60,29,31,22
L21 8NG,27,10,17,11
L21 8NH,56,27,29,21
L21 8NJ,18,8,10,8
L21 8NP,8,5,3,3
L21 8NQ,22,12,10,6
L21 8NR,12,7,5,7
L21 8NS,9,6,3,6
L21 8NT,13,10,3,5
L21 8NU,21,10,11,6
L21 8NW,46,22,24,20
L21 8PA,64,33,31,21
L21 8PB,48,21,27,18
L21 8PD,58,28,30,24
L21 8PE,83,42,41,26
L21 8PF,17,10,7,7
L21 8PG,39,18,21,24
L21 8PH,46,24,22,19
L21 8PJ,5,3,2,2
L21 8PN,42,17,25,22
L21 8PP,33,19,14,27
L21 8PQ,15,6,9,8
L21 8PR,20,10,10,6
L21 8PS,54,24,30,19
L21 8PT,43,18,25,17
L21 8PW,29,15,14,9
L21 8QB,20,9,11,8
L21 8QE,25,15,10,19
L21 8QG,36,16,20,12
L21 8QP,16,8,8,6
L21 8QR,12,6,6,5
L21 8QW,23,11,12,8
L21 9HA,57,28,29,19
L21 9HD,11,7,4,4
L21 9HE,5,2,3,4
L21 9HF,9,7,2,4
L21 9HG,31,11,20,12
L21 9HH,49,20,29,17
L21 9HL,92,38,54,40
L21 9HN,86,38,48,35
L21 9HP,143,81,62,56
L21 9HQ,45,23,22,16
L21 9HR,109,60,49,46
L21 9HT,125,60,65,47
L21 9HU,72,31,41,29
L21 9HW,135,65,70,43
L21 9HX,127,56,71,41
L21 9HY,51,24,27,19
L21 9HZ,20,8,12,9
L21 9JA,36,16,20,18
L21 9JB,12,5,7,4
L21 9JD,49,20,29,28
L21 9JE,63,30,33,22
L21 9JF,83,37,46,32
L21 9JG,71,34,37,27
L21 9JH,29,15,14,14
L21 9JJ,64,32,32,24
L21 9JL,9,5,4,3
L21 9JN,119,58,61,48
L21 9JP,30,13,17,10
L21 9JQ,56,24,32,24
L21 9JR,92,45,47,32
L21 9JS,90,43,47,36
L21 9JT,82,45,37,29
L21 9JU,83,37,46,31
L21 9JW,52,21,31,18
L21 9JX,50,25,25,17
L21 9JY,74,36,38,31
L21 9JZ,58,22,36,23
L21 9LA,36,17,19,13
L21 9LB,50,23,27,18
L21 9LD,85,41,44,29
L21 9LE,47,24,23,24
L21 9LF,55,27,28,22
L21 9LG,24,9,15,8
L21 9LH,114,58,56,39
L21 9LJ,70,30,40,26
L21 9LL,50,25,25,17
L21 9LN,75,39,36,31
L21 9LP,49,23,26,21
L21 9LQ,74,34,40,28
L21 9LR,80,38,42,31
L21 9LS,46,22,24,35
L21 9LU,25,11,14,12
L21 9LW,35,20,15,17
L21 9LX,5,4,1,4
L21 9LY,81,33,48,26
L21 9NB,12,7,5,7
L21 9NE,29,14,15,13
L21 9NF,21,9,12,7
L21 9NG,36,13,23,18
L21 9NH,49,25,24,26
L21 9NJ,30,16,14,14
L21 9NL,49,19,30,20
L21 9NN,63,31,32,28
L21 9NP,53,23,30,24
L21 9NQ,25,15,10,19
L21 9NR,42,18,24,17
L21 9NS,41,18,23,16
L21 9NT,19,6,13,11
L21 9NU,139,63,76,53
L21 9NW,92,44,48,37
L21 9NX,91,44,47,36
L21 9NY,82,41,41,31
L21 9NZ,8,5,3,6
L21 9PA,52,26,26,20
L21 9PE,46,22,24,19
L21 9PF,52,21,31,44
L21 9PH,78,38,40,65
L21 9PJ,45,16,29,40
L21 9PL,24,10,14,9
L21 9PR,19,8,11,9
L21 9PY,77,36,41,30
L21 9PZ,34,18,16,14
L21 9QA,43,22,21,19
L21 9QB,46,22,24,20
L21 9QD,21,7,14,10
L21 9QE,56,32,24,40
L21 9QF,64,32,32,21
L21 9QH,17,12,5,11
L21 9QQ,55,27,28,33
L22 0LA,6,3,3,2
L22 0LD,1,1,0,1
L22 0LL,110,54,56,39
L22 0LN,62,30,32,27
L22 0LP,33,17,16,9
L22 0LR,15,7,8,9
L22 0LT,20,9,11,10
L22 0LW,48,24,24,21
L22 0ND,5,4,1,4
L22 0NH,51,29,22,30
L22 0NJ,88,51,37,31
L22 0NL,79,38,41,34
L22 0NN,72,37,35,26
L22 0NP,74,36,38,30
L22 0NQ,25,12,13,15
L22 0NR,41,23,18,19
L22 0NS,132,77,55,74
L22 0NT,115,56,59,41
L22 0NU,86,51,35,43
L22 0NW,63,27,36,28
L22 0NX,47,21,26,19
L22 0QH,2,1,1,1
L22 1RA,35,18,17,21
L22 1RD,70,32,38,35
L22 1RE,37,20,17,24
L22 1RF,111,57,54,54
L22 1RG,22,10,12,11
L22 1RH,20,7,13,9
L22 1RJ,87,48,39,49
L22 1RN,27,16,11,8
L22 1RP,136,57,79,84
L22 1RQ,19,11,8,12
L22 1RR,120,57,63,48
L22 1RS,52,31,21,24
L22 1RT,77,34,43,28
L22 1RW,109,51,58,42
L22 1SW,39,20,19,22
L22 2AD,62,24,38,31
L22 2AE,52,22,30,24
L22 2AF,49,24,25,22
L22 2AG,66,34,32,28
L22 2AH,19,6,13,9
L22 2AJ,114,53,61,43
L22 2AL,56,26,30,26
L22 2AN,68,35,33,33
L22 2AP,104,49,55,39
L22 2AQ,70,34,36,28
L22 2AR,77,36,41,33
L22 2AS,71,31,40,28
L22 2AT,91,45,46,38
L22 2AU,51,23,28,27
L22 2AW,74,38,36,32
L22 2AX,63,31,32,27
L22 2AY,68,31,37,24
L22 2AZ,112,52,60,40
L22 2BA,65,34,31,26
L22 2BB,49,21,28,24
L22 2BD,61,32,29,25
L22 2BE,32,13,19,14
L22 2BH,125,51,74,46
L22 2BJ,93,46,47,41
L22 2BP,4,1,3,1
L22 2BQ,76,33,43,30
L22 2BR,18,8,10,13
L22 3RB,4,1,3,2
L22 3XA,53,28,25,35
L22 3XB,38,15,23,20
L22 3XD,16,8,8,8
L22 3XE,49,33,16,38
L22 3XF,8,5,3,4
L22 3XG,110,44,66,19
L22 3XH,50,25,25,19
L22 3XJ,19,9,10,10
L22 3XL,13,5,8,10
L22 3XN,57,28,29,23
L22 3XP,6,3,3,3
L22 3XQ,23,11,12,14
L22 3XS,12,0,12,0
L22 3XT,31,14,17,13
L22 3XU,74,36,38,35
L22 3XX,36,18,18,13
L22 3XY,64,30,34,24
L22 3XZ,67,31,36,29
L22 3YA,105,55,50,40
L22 3YB,97,48,49,34
L22 3YD,120,52,68,50
L22 3YE,92,46,46,35
L22 3YF,43,19,24,21
L22 3YG,20,7,13,16
L22 3YH,24,10,14,12
L22 3YR,48,25,23,16
L22 3YU,23,11,12,8
L22 3YX,76,40,36,27
L22 4QA,58,24,34,27
L22 4QD,6,3,3,2
L22 4QJ,89,47,42,30
L22 4QL,85,44,41,34
L22 4QN,75,39,36,27
L22 4QP,121,59,62,40
L22 4QR,19,8,11,9
L22 4QS,39,16,23,12
L22 4QT,71,37,34,25
L22 4QU,4,2,2,3
L22 4QW,68,31,37,19
L22 4QX,116,56,60,44
L22 4QY,104,49,55,45
L22 4QZ,107,53,54,42
L22 4RA,119,61,58,41
L22 4RB,61,24,37,28
L22 4RD,69,36,33,24
L22 4RE,138,69,69,46
L22 4RF,114,52,62,43
L22 4RG,71,35,36,30
L22 4RH,68,36,32,29
L22 4RJ,82,36,46,33
L22 4RL,101,47,54,45
L22 4RN,155,79,76,50
L22 4RQ,88,44,44,29
L22 4RS,109,54,55,44
L22 5BD,24,13,11,15
L22 5NA,36,19,17,21
L22 5NB,5,4,1,4
L22 5ND,19,9,10,7
L22 5NG,7,4,3,4
L22 5NL,54,26,28,32
L22 5NN,58,26,32,23
L22 5NP,22,11,11,8
L22 5NR,3,2,1,2
L22 5NS,76,36,40,29
L22 5NT,63,33,30,31
L22 5NU,5,3,2,3
L22 5NW,85,44,41,32
L22 5NY,12,8,4,4
L22 5NZ,33,18,15,17
L22 5PA,14,6,8,7
L22 5PB,39,18,21,20
L22 5PD,37,15,22,16
L22 5PE,10,7,3,9
L22 5PL,80,52,28,45
L22 5PQ,42,28,14,28
L22 5PR,56,37,19,20
L22 5PS,24,14,10,8
L22 5PT,50,30,20,23
L22 5PU,4,0,4,4
L22 5PW,38,23,15,25
L22 5PX,41,26,15,27
L22 5PY,59,32,27,35
L22 5PZ,9,3,6,7
L22 5QA,74,46,28,53
L22 5QD,64,48,16,57
L22 5QH,15,6,9,8
L22 5QJ,8,5,3,8
L22 5QN,17,11,6,12
L22 5QT,15,6,9,12
L22 5QU,31,17,14,17
L22 5QW,60,30,30,33
L22 5QX,19,11,8,8
L22 5RN,27,16,11,20
L22 6QA,37,17,20,14
L22 6QB,64,34,30,28
L22 6QE,53,28,25,25
L22 6QF,59,31,28,33
L22 6QG,59,27,32,24
L22 6QH,10,3,7,8
L22 6QJ,24,11,13,11
L22 6QL,22,13,9,10
L22 6QN,48,27,21,24
L22 6QP,50,25,25,28
L22 6QQ,62,27,35,24
L22 6QR,80,40,40,40
L22 6QS,71,31,40,33
L22 6QT,57,27,30,31
L22 6QU,91,49,42,36
L22 6QW,48,19,29,18
L22 6QX,29,10,19,17
L22 6QY,74,33,41,31
L22 6QZ,73,37,36,28
L22 6RA,39,18,21,20
L22 6RB,30,15,15,12
L22 6RD,13,8,5,8
L22 6RE,81,45,36,28
L22 6RF,75,37,38,27
L22 6RQ,7,4,3,3
L22 7RA,93,57,36,57
L22 7RB,24,13,11,8
L22 7RD,87,44,43,35
L22 7RE,43,19,24,17
L22 7RF,31,14,17,10
L22 7RG,60,32,28,25
L22 7RH,105,50,55,45
L22 7RJ,17,7,10,8
L22 7RL,30,19,11,16
L22 7RN,66,35,31,25
L22 7RP,99,49,50,40
L22 7RQ,73,36,37,27
L22 7RR,23,10,13,8
L22 7RS,21,11,10,10
L22 7RT,35,12,23,20
L22 7RU,30,13,17,15
L22 7RW,115,63,52,54
L22 7RX,32,15,17,14
L22 7RY,77,42,35,29
L22 7RZ,70,40,30,28
L22 7SA,29,14,15,14
L22 7SG,26,10,16,18
L22 8QA,87,30,57,30
L22 8QB,72,42,30,26
L22 8QD,67,39,28,29
L22 8QE,109,57,52,46
L22 8QF,84,47,37,47
L22 8QG,132,65,67,50
L22 8QH,67,37,30,27
L22 8QJ,6,2,4,5
L22 8QL,63,34,29,32
L22 8QN,63,32,31,30
L22 8QP,75,36,39,35
L22 8QQ,12,6,6,4
L22 8QR,58,27,31,35
L22 8QS,48,18,30,22
L22 8QT,88,40,48,40
L22 8QU,17,7,10,7
L22 8QW,7,3,4,4
L22 8QX,5,1,4,3
L22 8QY,36,17,19,30
L22 8QZ,48,13,35,42
L22 8RA,12,5,7,6
L22 8RD,1,1,0,1
L22 8RH,12,7,5,6
L22 9QA,13,4,9,10
L22 9QB,24,14,10,15
L22 9QD,18,12,6,12
L22 9QE,24,11,13,12
L22 9QG,35,18,17,20
L22 9QH,101,51,50,41
L22 9QJ,95,43,52,39
L22 9QL,127,67,60,41
L22 9QN,70,30,40,27
L22 9QP,76,25,51,28
L22 9QQ,30,16,14,13
L22 9QR,91,46,45,27
L22 9QS,118,54,64,46
L22 9QT,83,40,43,25
L22 9QU,63,28,35,25
L22 9QW,69,33,36,27
L22 9QX,127,64,63,51
L22 9QY,68,38,30,31
L22 9QZ,58,30,28,26
L22 9RD,24,8,16,14
L22 9RG,78,40,38,40
L22 9RH,36,18,18,34
L23 0QA,39,16,23,19
L23 0QB,78,39,39,26
L23 0QD,84,41,43,30
L23 0QE,38,15,23,14
L23 0QF,45,24,21,15
L23 0QG,50,27,23,18
L23 0QH,36,17,19,15
L23 0QJ,58,28,30,20
L23 0QL,53,32,21,20
L23 0QN,26,15,11,11
L23 0QQ,47,23,24,19
L23 0QR,50,20,30,16
L23 0QS,39,16,23,15
L23 0QT,52,6,46,0
L23 0QU,27,12,15,10
L23 0QW,22,13,9,11
L23 0QX,55,19,36,26
L23 0QZ,71,39,32,30
L23 0RA,44,19,25,17
L23 0RB,53,25,28,22
L23 0RD,125,65,60,37
L23 0RE,59,30,29,23
L23 0RF,52,21,31,22
L23 0RG,60,25,35,22
L23 0RH,82,39,43,30
L23 0RJ,38,16,22,10
L23 0RL,44,17,27,20
L23 0RN,30,14,16,22
L23 0RP,52,29,23,20
L23 0RQ,56,27,29,21
L23 0RS,37,17,20,16
L23 0RT,56,21,35,21
L23 0RU,71,33,38,30
L23 0RW,50,26,24,17
L23 0RX,22,12,10,9
L23 0RY,69,32,37,26
L23 0RZ,40,17,23,15
L23 0SA,94,45,49,32
L23 0SB,97,44,53,34
L23 0SD,85,42,43,31
L23 0SE,32,15,17,14
L23 0SF,97,43,54,40
L23 0SG,46,23,23,19
L23 0SH,87,46,41,28
L23 0SJ,21,10,11,7
L23 0SL,50,22,28,20
L23 0SN,62,28,34,30
L23 0SP,15,8,7,6
L23 0SQ,51,20,31,20
L23 0SR,30,14,16,9
L23 0SS,80,39,41,27
L23 0ST,54,26,28,20
L23 0SU,60,30,30,26
L23 0SW,57,27,30,20
L23 0SX,73,31,42,29
L23 0SY,75,37,38,30
L23 0SZ,89,43,46,30
L23 0TA,80,38,42,30
L23 0TB,24,12,12,9
L23 0TD,77,41,36,24
L23 0TE,84,43,41,32
L23 0TF,43,22,21,17
L23 0TG,119,59,60,43
L23 0TH,88,38,50,35
L23 0TJ,54,27,27,17
L23 0TL,92,44,48,35
L23 0TN,76,45,31,27
L23 0TP,25,9,16,12
L23 0TQ,91,45,46,39
L23 0TR,17,7,10,8
L23 0TT,72,31,41,38
L23 0TU,21,11,10,9
L23 0TW,68,34,34,21
L23 0TX,50,27,23,20
L23 0TY,37,16,21,16
L23 0TZ,35,17,18,13
L23 0UB,44,24,20,18
L23 0UE,56,30,26,22
L23 0UF,70,38,32,27
L23 0UG,123,51,72,44
L23 0UH,11,4,7,5
L23 0UJ,49,25,24,16
L23 0UL,13,6,7,4
L23 0UN,93,40,53,33
L23 0UQ,117,54,63,41
L23 0UR,82,42,40,70
L23 0UT,17,8,9,10
L23 0UW,73,36,37,32
L23 0YD,13,7,6,8
L23 0YE,19,12,7,10
L23 1TA,84,40,44,36
L23 1TB,61,27,34,28
L23 1TD,59,29,30,25
L23 1TE,9,4,5,3
L23 1TG,6,3,3,2
L23 1TH,77,29,48,46
L23 1TJ,48,25,23,25
L23 1TL,34,21,13,13
L23 1TN,34,16,18,15
L23 1TP,28,12,16,15
L23 1TQ,13,8,5,10
L23 1TR,117,51,66,51
L23 1TS,15,7,8,7
L23 1TY,43,16,27,17
L23 1TZ,83,37,46,36
L23 1UA,2,1,1,2
L23 1UB,142,40,102,26
L23 1UE,38,16,22,26
L23 1UF,6,4,2,6
L23 1UH,116,52,64,37
L23 1UJ,59,24,35,21
L23 1UP,85,33,52,45
L23 1UR,72,35,37,28
L23 1US,83,39,44,32
L23 1UT,35,15,20,22
L23 1UW,42,19,23,23
L23 1UY,33,11,22,19
L23 1XB,28,13,15,16
L23 1XD,120,65,55,42
L23 1XE,69,33,36,29
L23 1XF,18,9,9,5
L23 1XG,32,15,17,14
L23 1XH,16,10,6,7
L23 1XJ,57,27,30,30
L23 1XL,122,60,62,47
L23 1XQ,26,13,13,12
L23 1XS,30,14,16,11
L23 1XT,25,14,11,10
L23 1ZA,21,10,11,8
L23 1ZD,42,11,31,40
L23 2QY,13,6,7,5
L23 2QZ,12,7,5,8
L23 2RA,57,31,26,27
L23 2RB,42,22,20,15
L23 2RD,60,32,28,21
L23 2RE,48,23,25,20
L23 2RF,41,20,21,15
L23 2RG,45,21,24,17
L23 2RH,66,32,34,25
L23 2RJ,96,45,51,34
L23 2RL,52,23,29,27
L23 2RN,66,32,34,25
L23 2RP,13,6,7,6
L23 2RQ,33,15,18,13
L23 2RR,57,31,26,21
L23 2RS,26,13,13,8
L23 2RT,34,17,17,17
L23 2RU,25,13,12,10
L23 2RW,55,26,29,22
L23 2RX,3,2,1,1
L23 2RY,57,31,26,23
L23 2RZ,103,49,54,43
L23 2SD,42,21,21,31
L23 2SE,3,2,1,1
L23 2SF,9,3,6,4
L23 2SG,30,16,14,11
L23 2SH,68,24,44,10
L23 2SJ,19,8,11,11
L23 2SL,18,10,8,9
L23 2SN,49,21,28,19
L23 2SP,56,28,28,23
L23 2SQ,7,2,5,3
L23 2SR,43,22,21,17
L23 2SS,71,32,39,27
L23 2ST,32,13,19,16
L23 2SU,32,13,19,13
L23 2SW,83,39,44,30
L23 2SX,24,12,12,9
L23 2SY,30,15,15,10
L23 2SZ,57,28,29,21
L23 2TA,17,8,9,7
L23 2TB,7,5,2,3
L23 2TE,22,8,14,11
L23 2TF,31,12,19,9
L23 2TG,13,8,5,5
L23 2TH,78,41,37,26
L23 2TJ,73,31,42,28
L23 2TL,79,42,37,32
L23 2TN,82,39,43,32
L23 2TP,60,26,34,23
L23 2TQ,22,11,11,8
L23 2TR,64,35,29,21
L23 2TS,57,31,26,20
L23 2TT,69,41,28,38
L23 2TU,5,2,3,5
L23 2TW,72,37,35,27
L23 2TX,36,18,18,15
L23 2TY,84,44,40,41
L23 2TZ,36,12,24,10
L23 2UA,110,53,57,42
L23 2UB,47,23,24,20
L23 2UD,29,12,17,11
L23 2UE,18,9,9,8
L23 2UF,46,17,29,20
L23 2UH,49,20,29,18
L23 2UL,34,17,17,12
L23 2UN,2,1,1,2
L23 2UP,101,46,55,35
L23 2UQ,58,30,28,22
L23 2UR,68,34,34,26
L23 2US,57,23,34,24
L23 2UT,73,36,37,29
L23 2UU,58,32,26,21
L23 2UX,69,35,34,25
L23 2UY,83,39,44,28
L23 2UZ,66,31,35,20
L23 2XA,38,15,23,25
L23 2XB,26,13,13,8
L23 2XD,32,13,19,11
L23 2XF,83,41,42,57
L23 2XH,97,46,51,39
L23 2XJ,28,15,13,11
L23 2XN,22,12,10,8
L23 2XQ,12,4,8,11
L23 2XT,26,11,15,10
L23 2YR,8,6,2,5
L23 2YW,6,4,2,2
L23 3AD,75,35,40,28
L23 3AE,33,16,17,13
L23 3AG,40,24,16,15
L23 3AH,22,11,11,9
L23 3AJ,56,32,24,22
L23 3AL,22,13,9,8
L23 3AN,107,57,50,41
L23 3AP,106,48,58,38
L23 3AQ,26,15,11,17
L23 3AR,73,33,40,24
L23 3AS,19,9,10,10
L23 3AT,3,2,1,2
L23 3AW,93,48,45,37
L23 3AX,13,8,5,5
L23 3AY,74,37,37,33
L23 3AZ,78,31,47,36
L23 3BA,53,18,35,26
L23 3BB,94,41,53,49
L23 3BD,47,21,26,30
L23 3BE,62,23,39,34
L23 3BG,53,17,36,27
L23 3BJ,5,2,3,3
L23 3BN,84,39,45,31
L23 3BP,82,41,41,35
L23 3BQ,74,27,47,35
L23 3BR,4,2,2,2
L23 3BS,93,45,48,39
L23 3BT,46,20,26,13
L23 3BU,40,19,21,18
L23 3BW,62,23,39,28
L23 3BX,43,25,18,17
L23 3BY,33,18,15,13
L23 3BZ,63,34,29,23
L23 3DA,25,9,16,8
L23 3DB,23,13,10,9
L23 3DD,76,36,40,24
L23 3DE,87,46,41,37
L23 3DF,58,24,34,25
L23 3DG,51,22,29,22
L23 3DH,62,29,33,24
L23 3DJ,46,21,25,18
L23 3DL,27,12,15,10
L23 3DN,61,27,34,23
L23 3DP,21,12,9,9
L23 3DQ,65,32,33,24
L23 3DR,31,13,18,20
L23 3DS,35,21,14,19
L23 3DW,77,33,44,23
L23 4TA,9,4,5,5
L23 4TB,40,21,19,18
L23 4TD,59,28,31,20
L23 4TE,31,18,13,12
L23 4TF,35,16,19,18
L23 4TG,22,9,13,15
L23 4TH,88,52,36,35
L23 4TJ,52,21,31,22
L23 4TL,25,13,12,11
L23 4TP,20,8,12,14
L23 4TQ,16,7,9,6
L23 4TR,32,20,12,20
L23 4TS,70,42,28,30
L23 4TT,9,3,6,4
L23 4TU,49,26,23,22
L23 4TW,91,43,48,32
L23 4TX,19,10,9,7
L23 4TY,72,34,38,29
L23 4TZ,52,23,29,19
L23 4UA,32,15,17,9
L23 4UB,19,10,9,7
L23 4UD,23,12,11,9
L23 4UE,30,15,15,14
L23 4UF,107,57,50,42
L23 4UG,10,5,5,5
L23 4UH,34,17,17,17
L23 4UJ,5,2,3,3
L23 4UN,20,5,15,12
L23 4UQ,23,14,9,9
L23 5RB,78,35,43,33
L23 5RD,53,25,28,23
L23 5RE,4,2,2,2
L23 5RL,60,26,34,21
L23 5RN,88,44,44,29
L23 5RP,26,14,12,9
L23 5RQ,42,25,17,23
L23 5RR,108,58,50,35
L23 5RS,25,12,13,21
L23 5RT,42,20,22,19
L23 5RU,83,39,44,39
L23 5RW,50,29,21,18
L23 5RX,20,9,11,10
L23 5RY,59,26,33,32
L23 5RZ,52,27,25,24
L23 5SA,22,11,11,11
L23 5SD,1,0,1,1
L23 5SE,10,5,5,4
L23 5SR,2,0,2,2
L23 5ST,37,19,18,15
L23 5SU,54,31,23,22
L23 5SX,29,13,16,11
L23 5SY,61,32,29,23
L23 5SZ,54,20,34,24
L23 5TA,101,48,53,32
L23 5TB,98,50,48,37
L23 5TD,14,5,9,5
L23 5TE,32,16,16,10
L23 5TG,11,7,4,3
L23 5TH,37,14,23,21
L23 5TJ,53,22,31,38
L23 5TL,11,6,5,7
L23 5TN,42,19,23,17
L23 5TP,79,41,38,26
L23 5TR,76,32,44,30
L23 5TS,75,38,37,34
L23 5TT,89,41,48,41
L23 5TU,29,11,18,14
L23 5UJ,53,12,41,46
L23 6AB,49,19,30,27
L23 6AD,8,5,3,5
L23 6BA,58,17,41,46
L23 6BD,57,25,32,29
L23 6RA,13,5,8,9
L23 6RJ,11,7,4,4
L23 6RN,6,3,3,4
L23 6SA,42,22,20,19
L23 6SG,31,15,16,17
L23 6SN,12,6,6,5
L23 6SP,33,18,15,22
L23 6SR,28,11,17,21
L23 6SS,65,37,28,31
L23 6ST,74,33,41,22
L23 6SU,35,20,15,10
L23 6SW,31,16,15,14
L23 6SX,95,49,46,36
L23 6SY,54,26,28,21
L23 6SZ,87,43,44,37
L23 6TA,51,23,28,33
L23 6TB,6,3,3,3
L23 6TD,22,14,8,11
L23 6TE,54,18,36,29
L23 6TF,44,12,32,8
L23 6TH,11,6,5,4
L23 6TJ,17,7,10,9
L23 6TL,38,16,22,28
L23 6TN,15,5,10,7
L23 6TP,4,2,2,2
L23 6TQ,105,49,56,59
L23 6TR,53,27,26,21
L23 6TS,84,34,50,56
L23 6TT,48,24,24,33
L23 6TU,52,30,22,23
L23 6TW,18,11,7,5
L23 6TX,17,9,8,5
L23 6TY,36,16,20,27
L23 6UA,40,20,20,11
L23 6UB,66,30,36,23
L23 6UE,28,7,21,6
L23 6UF,22,11,11,8
L23 6UG,61,19,42,9
L23 6UH,13,7,6,4
L23 6UJ,71,38,33,41
L23 6UL,29,15,14,10
L23 6UN,80,35,45,27
L23 6UP,17,8,9,5
L23 6UQ,64,33,31,23
L23 6UR,20,10,10,5
L23 6US,18,8,10,4
L23 6UT,40,20,20,19
L23 6UU,7,4,3,3
L23 6UW,66,28,38,30
L23 6UX,132,42,90,48
L23 6UY,28,13,15,10
L23 6UZ,23,11,12,10
L23 6WD,19,10,9,8
L23 6WE,23,9,14,21
L23 6WG,34,13,21,24
L23 6XA,96,44,52,33
L23 6XB,121,60,61,34
L23 6XD,10,6,4,6
L23 6XE,24,12,12,9
L23 6XG,45,26,19,29
L23 6XH,37,15,22,14
L23 6XJ,13,5,8,5
L23 6XN,63,27,36,41
L23 6XP,20,11,9,8
L23 6XQ,30,15,15,21
L23 6XR,17,9,8,7
L23 6XS,62,22,40,40
L23 6XT,24,11,13,7
L23 6XU,14,7,7,5
L23 6XW,12,5,7,8
L23 6XX,16,8,8,8
L23 6XY,19,7,12,7
L23 6YD,45,24,21,23
L23 7TA,60,34,26,31
L23 7TB,47,20,27,23
L23 7TD,19,7,12,14
L23 7TE,39,20,19,15
L23 7TF,90,44,46,35
L23 7TG,77,32,45,25
L23 7TH,16,7,9,9
L23 7TJ,20,13,7,10
L23 7TL,10,4,6,8
L23 7TN,41,17,24,24
L23 7TP,12,5,7,5
L23 7TR,38,20,18,22
L23 7TS,43,22,21,24
L23 7TU,59,26,33,22
L23 7TW,42,17,25,19
L23 7TX,61,27,34,22
L23 7TY,49,26,23,18
L23 7TZ,55,28,27,20
L23 7UA,65,34,31,21
L23 7UB,37,15,22,16
L23 7UD,12,7,5,6
L23 7UE,28,14,14,13
L23 7UF,63,30,33,27
L23 7UG,55,25,30,23
L23 7UH,75,37,38,30
L23 7UJ,32,17,15,14
L23 7UL,86,36,50,35
L23 7UN,34,15,19,13
L23 7UP,32,13,19,13
L23 7UQ,49,25,24,21
L23 7UR,30,14,16,10
L23 7US,45,21,24,18
L23 7UT,37,18,19,15
L23 7UU,68,32,36,25
L23 7UW,75,34,41,31
L23 7UX,24,12,12,12
L23 7UY,61,28,33,25
L23 7UZ,29,14,15,15
L23 7XA,26,15,11,12
L23 7XB,40,20,20,17
L23 7XD,63,37,26,23
L23 7XE,86,40,46,31
L23 7XF,77,36,41,30
L23 7XG,47,18,29,17
L23 7XH,39,18,21,15
L23 7XJ,45,22,23,15
L23 7XL,31,13,18,11
L23 7XN,104,54,50,33
L23 7XS,4,0,4,2
L23 7XT,8,5,3,4
L23 7XU,20,10,10,8
L23 7XW,95,49,46,36
L23 7XX,6,2,4,5
L23 7XY,68,31,37,36
L23 7XZ,55,27,28,22
L23 7YA,101,43,58,38
L23 7YB,120,60,60,46
L23 7YD,16,7,9,8
L23 7YE,67,36,31,24
L23 7YF,60,26,34,23
L23 7YG,12,4,8,7
L23 7YH,85,39,46,28
L23 7YJ,100,50,50,33
L23 7YQ,23,10,13,8
L23 7YX,10,5,5,8
L23 8SA,19,6,13,15
L23 8SB,24,13,11,9
L23 8SD,30,13,17,14
L23 8SE,1,1,0,1
L23 8SF,25,13,12,16
L23 8SG,26,14,12,9
L23 8SH,34,15,19,17
L23 8SJ,49,24,25,19
L23 8SL,30,14,16,12
L23 8SN,13,6,7,7
L23 8SP,31,15,16,11
L23 8SQ,25,11,14,12
L23 8SR,17,5,12,12
L23 8SS,28,14,14,23
L23 8ST,35,14,21,24
L23 8SU,51,27,24,21
L23 8SW,74,28,46,36
L23 8SX,28,14,14,13
L23 8SY,49,24,25,22
L23 8TA,25,11,14,16
L23 8TB,33,20,13,15
L23 8TD,26,12,14,12
L23 8TE,18,9,9,5
L23 8TF,36,19,17,18
L23 8TG,38,18,20,15
L23 8TH,13,7,6,8
L23 8TL,8,4,4,6
L23 8TN,61,25,36,23
L23 8TP,42,23,19,16
L23 8TQ,49,23,26,15
L23 8TR,27,12,15,12
L23 8TS,40,19,21,17
L23 8TT,28,13,15,15
L23 8TU,37,19,18,15
L23 8TW,29,15,14,14
L23 8TX,54,27,27,18
L23 8TY,28,12,16,12
L23 8TZ,45,23,22,20
L23 8UA,18,8,10,10
L23 8UB,15,7,8,7
L23 8UD,55,27,28,28
L23 8UE,48,26,22,19
L23 8UF,81,44,37,29
L23 8UG,40,12,28,11
L23 8UH,59,33,26,18
L23 8UJ,53,26,27,32
L23 8UL,27,12,15,9
L23 8UN,42,23,19,11
L23 8UP,49,20,29,19
L23 8UQ,65,29,36,31
L23 8UR,59,26,33,20
L23 8US,48,23,25,21
L23 8UT,39,17,22,15
L23 8UU,74,32,42,21
L23 8UW,70,32,38,20
L23 8UX,15,6,9,7
L23 8XB,8,4,4,3
L23 8XN,17,10,7,5
L23 9RU,3,2,1,1
L23 9SA,48,25,23,22
L23 9SB,58,33,25,20
L23 9SD,13,7,6,8
L23 9SE,21,8,13,12
L23 9SF,68,33,35,29
L23 9SG,47,20,27,16
L23 9SH,27,13,14,12
L23 9SJ,31,14,17,12
L23 9SL,31,16,15,13
L23 9SN,64,38,26,21
L23 9SP,45,17,28,28
L23 9SQ,73,33,40,30
L23 9SR,79,37,42,33
L23 9SS,65,27,38,28
L23 9ST,63,32,31,30
L23 9SU,24,11,13,12
L23 9SW,55,23,32,29
L23 9SX,90,47,43,37
L23 9SY,54,30,24,31
L23 9SZ,38,16,22,18
L23 9TA,23,8,15,22
L23 9TB,26,15,11,12
L23 9TD,27,15,12,9
L23 9TE,48,25,23,25
L23 9TF,83,35,48,31
L23 9TG,51,25,26,20
L23 9TH,64,37,27,21
L23 9TJ,25,11,14,13
L23 9TL,36,18,18,16
L23 9TN,72,34,38,27
L23 9TP,39,15,24,21
L23 9TQ,56,28,28,21
L23 9TR,26,12,14,11
L23 9TS,45,23,22,19
L23 9TT,51,21,30,20
L23 9TU,44,22,22,19
L23 9TW,70,34,36,22
L23 9TX,47,22,25,18
L23 9TY,68,33,35,30
L23 9TZ,78,44,34,30
L23 9UA,55,18,37,37
L23 9UB,102,50,52,38
L23 9UD,80,40,40,30
L23 9UE,77,34,43,27
L23 9UF,67,35,32,25
L23 9UG,79,40,39,30
L23 9UH,54,26,28,28
L23 9UJ,69,27,42,28
L23 9UL,88,47,41,31
L23 9UN,74,34,40,26
L23 9UP,63,32,31,26
L23 9UQ,98,47,51,38
L23 9UR,84,38,46,36
L23 9US,77,35,42,39
L23 9UT,75,39,36,21
L23 9UU,35,13,22,16
L23 9UW,50,27,23,25
L23 9UX,94,42,52,46
L23 9UY,131,58,73,47
L23 9UZ,82,38,44,31
L23 9XA,38,19,19,16
L23 9XB,74,32,42,30
L23 9XD,15,9,6,11
L23 9XE,25,11,14,10
L23 9XF,45,17,28,18
L23 9XG,86,46,40,31
L23 9XH,50,25,25,18
L23 9XJ,83,36,47,38
L23 9XL,41,18,23,23
L23 9XP,75,30,45,41
L23 9XQ,81,36,45,34
L23 9XR,94,45,49,32
L23 9XS,77,37,40,34
L23 9XU,93,48,45,33
L23 9XW,55,26,29,23
L23 9XX,89,45,44,30
L23 9XY,76,35,41,33
L23 9XZ,80,39,41,32
L23 9YF,51,16,35,38
L23 9YG,92,40,52,41
L23 9YH,54,28,26,32
L23 9YJ,50,27,23,15
L23 9YL,16,7,9,7
L23 9YN,25,12,13,10
L23 9YP,35,18,17,15
L23 9YQ,64,28,36,52
L23 9YR,134,58,76,49
L23 9YT,11,4,7,4
L23 9YU,62,29,33,23
L23 9YW,156,75,81,59
L24 0SA,105,53,52,45
L24 0SB,84,35,49,37
L24 0SD,103,48,55,38
L24 0SE,60,20,40,23
L24 0SF,59,25,34,24
L24 0SG,53,26,27,20
L24 0SH,77,38,39,29
L24 0SJ,109,49,60,33
L24 0SL,64,29,35,29
L24 0SN,114,53,61,44
L24 0SP,103,51,52,47
L24 0SQ,47,23,24,24
L24 0SR,34,15,19,17
L24 0SS,42,13,29,18
L24 0ST,86,41,45,35
L24 0SU,64,29,35,24
L24 0SW,124,65,59,49
L24 0SX,86,36,50,24
L24 0SY,58,26,32,26
L24 0SZ,68,27,41,30
L24 0TA,64,28,36,34
L24 0TB,37,17,20,15
L24 0TD,95,47,48,35
L24 0TE,90,41,49,40
L24 0TF,45,18,27,16
L24 0TG,40,17,23,19
L24 0TH,58,28,30,23
L24 0TJ,72,32,40,28
L24 0TL,50,22,28,36
L24 0TP,33,18,15,16
L24 0TQ,70,36,34,30
L24 0TR,74,29,45,35
L24 0TS,34,15,19,15
L24 1UA,46,18,28,16
L24 1UB,16,10,6,16
L24 1UD,47,22,25,21
L24 1UE,84,44,40,35
L24 1UF,65,33,32,23
L24 1UG,7,3,4,5
L24 1UH,106,52,54,39
L24 1UJ,83,41,42,39
L24 1UL,68,32,36,33
L24 1UN,100,47,53,45
L24 1UP,48,25,23,20
L24 1UR,19,11,8,8
L24 1US,104,51,53,35
L24 1UW,67,30,37,22
L24 1XD,7,2,5,4
L24 1XG,91,45,46,35
L24 1XH,15,7,8,7
L24 1XJ,35,15,20,12
L24 1XL,49,20,29,14
L24 1XN,13,6,7,4
L24 1XP,30,11,19,10
L24 1XQ,76,34,42,30
L24 1XR,41,27,14,18
L24 1XU,66,34,32,30
L24 1XW,23,10,13,8
L24 1YR,122,57,65,46
L24 1YS,35,13,22,13
L24 1YT,55,22,33,17
L24 2RA,165,72,93,74
L24 2RB,45,13,32,39
L24 2SA,62,26,36,32
L24 2SJ,17,8,9,11
L24 2SN,22,11,11,14
L24 2SP,62,28,34,28
L24 2SR,27,15,12,25
L24 2SS,105,54,51,40
L24 2ST,91,45,46,31
L24 2SU,113,47,66,41
L24 2SW,89,38,51,33
L24 2SX,59,30,29,26
L24 2SY,60,22,38,26
L24 2SZ,44,20,24,21
L24 2TA,73,36,37,28
L24 2TB,75,28,47,17
L24 2TD,44,19,25,20
L24 2TE,69,30,39,26
L24 2TF,51,25,26,20
L24 2TG,36,20,16,16
L24 2TH,27,15,12,14
L24 2TJ,83,36,47,39
L24 2TL,116,52,64,53
L24 2TN,111,52,59,44
L24 2TP,92,48,44,46
L24 2TQ,24,14,10,13
L24 2TR,70,36,34,31
L24 2TS,69,33,36,26
L24 2TT,63,27,36,21
L24 2TW,95,45,50,38
L24 2TX,58,27,31,29
L24 2TY,64,27,37,33
L24 2TZ,56,22,34,29
L24 2UA,63,24,39,19
L24 2UB,84,33,51,32
L24 2UD,54,22,32,19
L24 2UE,34,18,16,14
L24 2UF,66,31,35,29
L24 2UG,99,46,53,35
L24 2UH,14,5,9,8
L24 2UJ,97,41,56,35
L24 2UL,84,41,43,30
L24 2UN,30,14,16,13
L24 2UP,79,31,48,34
L24 2UQ,70,35,35,31
L24 2UR,109,55,54,42
L24 2US,32,16,16,12
L24 2UT,51,20,31,16
L24 2UU,15,5,10,8
L24 2UW,21,11,10,10
L24 2UX,31,15,16,16
L24 2UY,38,19,19,17
L24 2UZ,35,13,22,15
L24 2XG,70,38,32,30
L24 2XH,22,14,8,21
L24 2XJ,12,3,9,8
L24 2XL,19,8,11,10
L24 2XN,15,8,7,10
L24 3TA,87,38,49,33
L24 3TD,42,20,22,16
L24 3TE,18,7,11,8
L24 3TF,65,31,34,26
L24 3TG,83,42,41,32
L24 3TH,95,49,46,37
L24 3TJ,82,34,48,31
L24 3TL,46,24,22,20
L24 3TN,87,37,50,34
L24 3TP,110,50,60,45
L24 3TQ,104,50,54,37
L24 3TR,98,51,47,46
L24 3TS,41,21,20,15
L24 3TT,106,47,59,36
L24 3TU,60,27,33,28
L24 3TW,77,41,36,35
L24 3TX,36,17,19,13
L24 3TY,51,23,28,25
L24 3TZ,93,48,45,39
L24 3UA,87,41,46,44
L24 3UB,123,65,58,48
L24 3UD,72,29,43,25
L24 3UE,88,42,46,37
L24 3UF,123,56,67,51
L24 3UG,48,30,18,17
L24 3UH,62,22,40,26
L24 3UJ,31,11,20,13
L24 3UL,41,24,17,20
L24 3UN,86,41,45,41
L24 3UP,68,35,33,27
L24 3UQ,47,21,26,19
L24 3UR,77,35,42,38
L24 3US,53,28,25,31
L24 3UT,84,49,35,30
L24 3UU,11,7,4,6
L24 3UW,66,31,35,27
L24 3UX,62,34,28,30
L24 3UY,20,11,9,12
L24 3UZ,55,25,30,21
L24 3XA,80,30,50,40
L24 3XB,35,15,20,19
L24 3XD,98,44,54,40
L24 3XE,103,42,61,45
L24 3XF,90,39,51,38
L24 3XG,36,20,16,19
L24 3XQ,45,18,27,18
L24 4AD,38,18,20,13
L24 4AE,18,8,10,10
L24 4AF,47,30,17,19
L24 4AG,32,16,16,20
L24 4AH,8,4,4,4
L24 4AJ,8,2,6,3
L24 4AL,12,6,6,7
L24 4AN,33,14,19,19
L24 4AP,8,1,7,3
L24 4AQ,42,19,23,17
L24 4AR,20,8,12,9
L24 4AS,10,5,5,4
L24 4AT,31,15,16,13
L24 4AU,28,12,16,12
L24 4AW,4,2,2,3
L24 4AX,54,31,23,25
L24 4AY,52,22,30,21
L24 4AZ,4,2,2,1
L24 4BA,80,41,39,30
L24 4BB,34,21,13,20
L24 4BD,96,48,48,38
L24 4BE,43,25,18,17
L24 4BG,20,11,9,8
L24 4BH,47,19,28,18
L24 4BJ,17,8,9,6
L24 4BL,10,5,5,5
L24 4BN,14,7,7,5
L24 4BP,18,8,10,8
L24 4BQ,12,6,6,5
L24 4BR,12,7,5,5
L24 4BS,11,7,4,4
L24 4BT,8,4,4,5
L24 4BU,10,3,7,5
L24 4BW,32,13,19,15
L24 4BX,27,13,14,11
L24 4BY,57,34,23,22
L24 4BZ,3,2,1,2
L24 4EA,8,3,5,3
L24 4EB,44,20,24,17
L24 5RB,49,22,27,21
L24 5RD,26,10,16,13
L24 5RE,20,8,12,9
L24 5RF,19,9,10,10
L24 5RG,45,22,23,19
L24 5RJ,11,5,6,4
L24 5RL,9,6,3,3
L24 5RN,58,29,29,23
L24 5RP,15,8,7,6
L24 5RQ,7,3,4,3
L24 5RR,80,37,43,29
L24 5RS,25,16,9,9
L24 5RT,23,10,13,13
L24 5RU,91,47,44,38
L24 5RW,68,32,36,29
L24 5RX,31,19,12,14
L24 5RY,36,18,18,16
L24 5RZ,31,17,14,10
L24 5SA,33,16,17,17
L24 5SB,23,9,14,9
L24 5SD,29,12,17,14
L24 5SE,25,12,13,9
L24 5SF,39,21,18,17
L24 5SG,7,3,4,4
L24 6SA,30,15,15,18
L24 6SB,59,29,30,31
L24 6SD,41,21,20,21
L24 6SE,87,35,52,36
L24 6SF,86,42,44,44
L24 6SG,63,32,31,27
L24 6SH,30,14,16,15
L24 6SJ,10,3,7,9
L24 6SL,30,18,12,15
L24 6SN,73,33,40,35
L24 6SP,39,16,23,18
L24 6SQ,78,35,43,33
L24 6SR,27,9,18,12
L24 6SS,74,32,42,29
L24 6ST,32,13,19,13
L24 6SU,92,41,51,37
L24 6SW,46,23,23,18
L24 6SX,54,29,25,25
L24 6SY,51,33,18,21
L24 6SZ,91,37,54,35
L24 6TA,31,16,15,13
L24 6TB,30,11,19,14
L24 6TD,14,8,6,7
L24 6TE,44,18,26,36
L24 6TQ,36,17,19,21
L24 7RA,42,22,20,16
L24 7RB,57,28,29,31
L24 7RD,40,19,21,20
L24 7RE,53,21,32,19
L24 7RF,77,51,26,38
L24 7RG,73,33,40,28
L24 7RH,110,45,65,45
L24 7RJ,55,26,29,23
L24 7RL,96,44,52,43
L24 7RN,56,25,31,25
L24 7RP,21,11,10,13
L24 7RQ,67,34,33,28
L24 7RR,53,30,23,32
L24 7RS,84,42,42,31
L24 7RT,31,14,17,13
L24 7RU,36,16,20,15
L24 7RW,69,32,37,26
L24 7RX,34,18,16,14
L24 7RY,59,25,34,26
L24 7RZ,36,17,19,15
L24 7SA,33,19,14,17
L24 7SB,27,15,12,15
L24 7SD,67,36,31,25
L24 7SE,25,11,14,14
L24 7SF,50,22,28,19
L24 7SG,37,19,18,14
L24 7SH,36,25,11,35
L24 7SQ,37,17,20,13
L24 8QA,32,19,13,15
L24 9BA,1,1,0,1
L24 9BF,3,0,3,1
L24 9BG,2,2,0,2
L24 9GB,7,2,5,4
L24 9GQ,13,6,7,6
L24 9HJ,2,1,1,1
L24 9LD,61,30,31,25
L24 9LG,115,56,59,49
L24 9LH,88,50,38,41
L24 9LJ,105,53,52,60
L24 9LL,165,82,83,82
L24 9LP,61,29,32,29
L24 9LR,60,29,31,33
L24 9LW,202,88,114,84
L25 0LA,65,38,27,20
L25 0LB,23,10,13,6
L25 0LD,47,25,22,22
L25 0LE,12,7,5,5
L25 0LF,38,18,20,21
L25 0LG,9,5,4,3
L25 0LH,34,16,18,16
L25 0LJ,84,46,38,29
L25 0LL,82,43,39,30
L25 0LN,53,27,26,23
L25 0LP,39,24,15,16
L25 0LQ,23,15,8,12
L25 0LR,4,2,2,2
L25 0LS,74,36,38,32
L25 0LT,93,46,47,37
L25 0LU,77,43,34,34
L25 0LW,59,29,30,25
L25 0LX,74,37,37,32
L25 0LY,41,22,19,17
L25 0LZ,35,16,19,14
L25 0NA,74,35,39,30
L25 0NB,51,25,26,17
L25 0ND,87,45,42,35
L25 0NG,71,34,37,30
L25 0NH,47,22,25,20
L25 0NJ,43,26,17,17
L25 0NL,15,6,9,7
L25 0NN,2,1,1,2
L25 0NP,71,35,36,24
L25 0NQ,75,36,39,26
L25 0NR,97,51,46,38
L25 0NS,42,19,23,16
L25 0NT,95,44,51,33
L25 0NU,98,53,45,35
L25 0NX,107,41,66,43
L25 0NY,48,22,26,23
L25 0PA,41,21,20,19
L25 0PB,20,8,12,9
L25 0PD,23,11,12,9
L25 0PE,51,24,27,21
L25 0PF,56,32,24,25
L25 0PG,63,28,35,23
L25 0PH,73,31,42,33
L25 0PJ,99,51,48,39
L25 0PL,28,14,14,10
L25 0PN,59,25,34,27
L25 0PP,73,32,41,31
L25 0PQ,86,33,53,30
L25 0PR,87,41,46,34
L25 0PS,59,26,33,25
L25 0PT,19,9,10,8
L25 0PU,45,23,22,21
L25 0PW,72,36,36,31
L25 0PX,47,24,23,19
L25 0PY,117,56,61,48
L25 0PZ,138,73,65,54
L25 0QA,7,3,4,4
L25 0QB,43,24,19,16
L25 0QD,40,15,25,16
L25 0QE,39,19,20,17
L25 0QF,48,27,21,15
L25 0QG,73,37,36,24
L25 0QH,10,7,3,4
L25 0QJ,49,23,26,42
L25 0QQ,70,35,35,26
L25 0QR,103,48,55,43
L25 0QS,94,49,45,43
L25 1AB,11,7,4,4
L25 1AD,12,7,5,6
L25 1BA,14,10,4,7
L25 1GA,11,7,4,7
L25 1JA,16,6,10,13
L25 1JB,36,13,23,13
L25 1NA,30,14,16,17
L25 1NB,47,20,27,27
L25 1ND,35,16,19,22
L25 1NE,74,43,31,34
L25 1NF,12,6,6,4
L25 1NG,30,14,16,16
L25 1NH,62,31,31,34
L25 1NJ,67,31,36,28
L25 1NL,18,10,8,7
L25 1NN,47,23,24,21
L25 1NP,32,14,18,12
L25 1NQ,41,22,19,21
L25 1NS,27,12,15,11
L25 1NU,12,3,9,6
L25 1NW,35,17,18,16
L25 1NX,43,17,26,23
L25 1NY,42,20,22,20
L25 1NZ,50,22,28,26
L25 1PA,67,36,31,31
L25 1PB,18,8,10,7
L25 1PF,65,34,31,25
L25 1PG,11,4,7,6
L25 1PH,23,9,14,14
L25 1PJ,63,32,31,31
L25 1PL,42,21,21,17
L25 1PN,48,23,25,22
L25 1PP,73,41,32,27
L25 1PQ,10,3,7,8
L25 1PR,37,18,19,18
L25 1PS,54,27,27,24
L25 1PT,27,15,12,20
L25 1PU,43,20,23,29
L25 1PW,1,0,1,1
L25 1PX,34,16,18,16
L25 1PY,31,19,12,20
L25 1PZ,42,25,17,21
L25 1QA,33,15,18,18
L25 1QD,43,24,19,17
L25 1QE,17,9,8,7
L25 1QP,41,25,16,22
L25 1QR,30,17,13,13
L25 1QW,73,45,28,49
L25 1RA,29,12,17,16
L25 1RB,23,9,14,11
L25 1RD,33,15,18,26
L25 1RE,46,24,22,24
L25 1RF,9,4,5,5
L25 1RG,23,11,12,14
L25 1RQ,10,7,3,10
L25 1RR,44,20,24,33
L25 1RS,12,4,8,9
L25 1RT,42,11,31,39
L25 1RW,15,8,7,9
L25 2BA,51,24,27,35
L25 2NH,55,29,26,26
L25 2NJ,22,9,13,10
L25 2NL,64,30,34,25
L25 2NN,32,17,15,19
L25 2NP,71,31,40,33
L25 2NQ,25,13,12,9
L25 2NS,43,19,24,18
L25 2NT,75,32,43,25
L25 2NU,42,20,22,23
L25 2NW,94,39,55,39
L25 2NX,58,25,33,30
L25 2NY,78,31,47,38
L25 2PA,28,12,16,10
L25 2PE,10,5,5,7
L25 2PH,25,11,14,12
L25 2PJ,31,15,16,12
L25 2PN,8,3,5,4
L25 2PQ,26,15,11,8
L25 2PT,19,10,9,7
L25 2PU,50,22,28,22
L25 2PX,40,21,19,17
L25 2PY,25,9,16,10
L25 2QB,25,14,11,13
L25 2QD,103,47,56,39
L25 2QH,45,25,20,22
L25 2QJ,28,16,12,12
L25 2QL,28,17,11,12
L25 2QN,96,40,56,43
L25 2QP,7,3,4,3
L25 2QR,87,44,43,36
L25 2QS,26,14,12,11
L25 2QT,35,16,19,17
L25 2QW,58,28,30,20
L25 2RA,44,17,27,14
L25 2RB,119,61,58,48
L25 2RD,10,4,6,6
L25 2RL,2,1,1,1
L25 2RP,29,11,18,12
L25 2RQ,1,1,0,1
L25 2RR,49,27,22,21
L25 2RS,32,13,19,13
L25 2RT,69,31,38,30
L25 2RU,27,12,15,13
L25 2RW,2,2,0,2
L25 2RX,33,16,17,11
L25 2RY,33,17,16,18
L25 2RZ,26,15,11,10
L25 2SA,59,30,29,21
L25 2SB,75,34,41,29
L25 2SD,20,7,13,8
L25 2SE,37,15,22,24
L25 2SF,39,21,18,18
L25 2SG,21,11,10,8
L25 2SH,21,9,12,8
L25 2SJ,31,14,17,9
L25 2SL,37,15,22,18
L25 2SN,39,18,21,19
L25 2SP,25,11,14,15
L25 2SQ,48,19,29,18
L25 2SR,35,19,16,26
L25 2SS,9,4,5,4
L25 2ST,32,16,16,11
L25 2SU,30,8,22,13
L25 2SW,27,11,16,10
L25 2SZ,27,11,16,12
L25 2TG,8,6,2,5
L25 2TQ,5,3,2,4
L25 2UD,15,6,9,12
L25 2XP,19,7,12,7
L25 2XS,126,58,68,63
L25 2XT,15,9,6,3
L25 2XU,132,64,68,55
L25 2XW,53,23,30,29
L25 2XX,170,78,92,67
L25 2XZ,22,7,15,19
L25 2YD,56,22,34,22
L25 2YE,33,19,14,16
L25 2YF,94,45,49,38
L25 2YG,59,28,31,17
L25 2YH,52,21,31,26
L25 2YJ,25,10,15,9
L25 2YL,17,9,8,9
L25 2YP,43,18,25,16
L25 2YQ,19,8,11,8
L25 2YR,34,14,20,10
L25 2YS,35,15,20,17
L25 2YT,38,17,21,16
L25 2YU,37,14,23,19
L25 2YW,68,26,42,32
L25 3NF,3,1,2,2
L25 3NR,49,26,23,28
L25 3NS,32,16,16,12
L25 3NT,46,22,24,18
L25 3NU,11,7,4,7
L25 3NW,27,13,14,17
L25 3NX,34,15,19,13
L25 3NY,35,17,18,14
L25 3NZ,39,16,23,15
L25 3PA,11,3,8,4
L25 3PB,52,26,26,26
L25 3PD,7,2,5,4
L25 3PE,56,28,28,28
L25 3PG,39,19,20,20
L25 3PH,47,22,25,22
L25 3PJ,74,39,35,26
L25 3PL,31,16,15,10
L25 3PN,16,6,10,10
L25 3PP,40,21,19,20
L25 3PQ,26,12,14,12
L25 3PR,37,18,19,16
L25 3PS,35,15,20,19
L25 3PT,54,24,30,22
L25 3PU,37,15,22,19
L25 3PW,34,18,16,16
L25 3PX,28,14,14,14
L25 3PY,108,58,50,43
L25 3PZ,52,25,27,26
L25 3QA,36,16,20,16
L25 3QB,50,28,22,19
L25 3QD,60,28,32,28
L25 3QE,82,40,42,35
L25 3QF,11,3,8,7
L25 3QG,38,18,20,16
L25 3QH,42,16,26,26
L25 3QJ,31,13,18,10
L25 3QL,52,26,26,22
L25 3QN,53,31,22,22
L25 3QP,77,31,46,26
L25 3QQ,21,10,11,11
L25 3QR,80,40,40,32
L25 3QS,97,46,51,46
L25 3QT,54,28,26,25
L25 3QU,75,40,35,31
L25 3QW,53,28,25,24
L25 3QX,96,53,43,32
L25 3RA,72,31,41,35
L25 3RL,72,43,29,45
L25 3RN,68,42,26,35
L25 3RP,40,20,20,22
L25 3RR,28,10,18,13
L25 3RS,49,27,22,24
L25 3RT,33,16,17,21
L25 3RU,11,8,3,4
L25 3RW,95,54,41,44
L25 3RX,63,34,29,25
L25 3RY,25,13,12,14
L25 3RZ,13,7,6,9
L25 3SA,14,7,7,7
L25 3SB,34,19,15,16
L25 3SD,63,30,33,27
L25 3SE,80,34,46,34
L25 3SF,85,39,46,32
L25 3SG,24,10,14,16
L25 3SH,117,57,60,44
L25 3SJ,16,7,9,7
L25 3SL,5,3,2,5
L25 3SN,23,8,15,10
L25 3SQ,6,3,3,3
L25 3SR,42,20,22,38
L25 3SS,47,30,17,16
L25 3SZ,73,34,39,23
L25 3TA,5,3,2,2
L25 4AG,57,27,30,27
L25 4RA,14,7,7,9
L25 4RD,8,5,3,4
L25 4RE,26,12,14,13
L25 4RF,9,5,4,5
L25 4RG,39,17,22,18
L25 4RH,35,18,17,11
L25 4RJ,14,6,8,7
L25 4RL,17,9,8,9
L25 4RN,35,17,18,15
L25 4RP,46,25,21,17
L25 4RQ,22,11,11,13
L25 4RR,66,34,32,23
L25 4RS,37,17,20,24
L25 4RT,26,15,11,10
L25 4RU,36,18,18,16
L25 4RW,20,10,10,8
L25 4RX,36,15,21,17
L25 4RY,25,12,13,12
L25 4RZ,22,7,15,7
L25 4SA,57,24,33,28
L25 4SB,2,1,1,1
L25 4SE,5,2,3,4
L25 4SF,40,15,25,20
L25 4SG,82,39,43,37
L25 4SH,22,12,10,9
L25 4SJ,12,5,7,5
L25 4SL,16,8,8,8
L25 4SN,67,36,31,24
L25 4SP,34,16,18,16
L25 4SQ,33,18,15,14
L25 4SR,28,14,14,14
L25 4SS,30,13,17,13
L25 4ST,86,42,44,45
L25 4SU,91,41,50,40
L25 4SW,112,56,56,42
L25 4SX,33,16,17,13
L25 4SY,57,29,28,22
L25 4SZ,66,28,38,22
L25 4TA,26,13,13,17
L25 4TB,22,11,11,9
L25 4TD,17,8,9,4
L25 4TE,13,8,5,12
L25 4TF,19,4,15,15
L25 4TG,12,7,5,4
L25 4TH,15,6,9,9
L25 4TJ,26,14,12,13
L25 4TL,44,19,25,25
L25 4TN,22,11,11,11
L25 4TP,44,20,24,24
L25 4TQ,52,24,28,19
L25 4TR,36,20,16,18
L25 4TS,23,14,9,11
L25 4TT,38,21,17,16
L25 4TU,12,5,7,5
L25 4TW,37,16,21,17
L25 4TX,25,11,14,14
L25 4TY,24,11,13,13
L25 4TZ,14,6,8,5
L25 4UA,18,9,9,8
L25 4UB,37,18,19,17
L25 4UD,14,8,6,7
L25 4UE,42,25,17,23
L25 4UF,62,38,24,53
L25 4UG,58,29,29,26
L25 4UH,34,15,19,14
L25 4UN,10,6,4,4
L25 4UQ,55,23,32,26
L25 5BA,15,7,8,6
L25 5HA,132,72,60,82
L25 5HJ,68,27,41,23
L25 5HL,12,6,6,5
L25 5HN,104,54,50,52
L25 5HP,92,49,43,32
L25 5HR,33,17,16,15
L25 5HS,47,24,23,16
L25 5HT,37,18,19,12
L25 5HU,24,13,11,22
L25 5HX,46,25,21,19
L25 5JA,19,8,11,10
L25 5JE,32,16,16,20
L25 5JF,43,26,17,26
L25 5JG,7,4,3,3
L25 5JH,11,5,6,7
L25 5JL,17,7,10,9
L25 5JN,20,10,10,7
L25 5JP,14,7,7,6
L25 5JQ,13,7,6,4
L25 5JR,4,2,2,2
L25 5JS,19,11,8,10
L25 5JT,19,9,10,8
L25 5JU,22,11,11,9
L25 5JX,9,4,5,2
L25 5JY,3,2,1,3
L25 5JZ,43,20,23,19
L25 5LA,73,34,39,24
L25 5LB,79,37,42,31
L25 5LD,21,9,12,13
L25 5LE,8,5,3,4
L25 5LF,1,0,1,1
L25 5LG,43,21,22,17
L25 5LH,39,23,16,19
L25 5LJ,18,10,8,8
L25 5LL,35,14,21,17
L25 5LN,101,44,57,43
L25 5LP,142,57,85,56
L25 5LQ,36,16,20,19
L25 5LR,111,55,56,57
L25 5LS,58,27,31,39
L25 5LT,71,41,30,41
L25 5LU,24,14,10,10
L25 5LW,24,10,14,13
L25 5LX,82,41,41,45
L25 5LY,48,25,23,35
L25 5LZ,59,32,27,34
L25 5NA,52,19,33,25
L25 5NB,6,5,1,6
L25 5ND,32,14,18,15
L25 5NE,46,23,23,25
L25 5NF,99,42,57,49
L25 5NG,36,16,20,25
L25 5NH,15,8,7,9
L25 5NJ,52,28,24,24
L25 5NL,43,20,23,15
L25 5NN,8,6,2,2
L25 5NP,38,16,22,15
L25 5NQ,26,15,11,13
L25 5NR,77,38,39,35
L25 5NS,59,29,30,24
L25 5NT,70,37,33,26
L25 5NU,54,25,29,28
L25 5NW,3,1,2,1
L25 5NX,94,47,47,38
L25 5NY,52,28,24,21
L25 5NZ,41,18,23,16
L25 5PA,68,31,37,27
L25 5PB,59,31,28,22
L25 5PD,52,26,26,24
L25 5PE,17,8,9,9
L25 5PF,31,16,15,15
L25 5PG,100,39,61,56
L25 5PH,33,16,17,22
L25 5PJ,50,17,33,20
L25 5PL,78,35,43,34
L25 5PN,77,38,39,38
L25 5PP,61,27,34,27
L25 5PQ,27,14,13,10
L25 5PR,27,15,12,18
L25 5PS,31,15,16,22
L25 5PT,24,14,10,17
L25 5PU,40,15,25,18
L25 5PW,70,32,38,30
L25 5PX,98,42,56,44
L25 5PY,40,22,18,35
L25 5PZ,44,23,21,19
L25 5QB,10,4,6,6
L25 5QE,19,11,8,7
L25 5QH,21,7,14,10
L25 5QQ,35,14,21,20
L25 6DA,25,14,11,11
L25 6DB,54,28,26,19
L25 6DD,21,11,10,12
L25 6DF,18,8,10,12
L25 6DG,46,21,25,18
L25 6DH,87,34,53,34
L25 6DJ,43,19,24,14
L25 6DL,46,17,29,18
L25 6DN,39,16,23,17
L25 6DP,49,28,21,19
L25 6DQ,66,31,35,28
L25 6DR,28,14,14,11
L25 6DS,8,3,5,2
L25 6DT,4,2,2,2
L25 6DU,18,10,8,7
L25 6DW,33,14,19,13
L25 6DX,12,7,5,4
L25 6DY,18,7,11,8
L25 6DZ,14,7,7,5
L25 6EA,11,6,5,5
L25 6EB,22,16,6,9
L25 6ED,46,22,24,20
L25 6EE,10,5,5,3
L25 6EG,2,2,0,0
L25 6EH,47,25,22,19
L25 6EJ,25,11,14,6
L25 6EL,21,14,7,7
L25 6EN,5,2,3,2
L25 6EP,22,11,11,8
L25 6EQ,16,11,5,6
L25 6ER,31,15,16,9
L25 6ES,30,17,13,10
L25 6ET,15,6,9,9
L25 6EU,35,21,14,12
L25 6EW,5,2,3,3
L25 6EX,72,39,33,32
L25 6EY,13,4,9,9
L25 6EZ,61,20,41,46
L25 6HA,33,16,17,17
L25 6HB,20,10,10,10
L25 6HD,64,30,34,37
L25 6HE,48,24,24,19
L25 6HF,26,16,10,15
L25 6HG,20,9,11,10
L25 6HH,21,11,10,8
L25 6HJ,23,12,11,12
L25 6HL,13,9,4,8
L25 6HN,38,18,20,16
L25 6HP,11,6,5,8
L25 6HQ,38,23,15,18
L25 6HR,76,37,39,32
L25 6HS,2,1,1,1
L25 6HT,16,6,10,6
L25 6HU,79,43,36,25
L25 6HW,33,14,19,16
L25 6HX,14,7,7,5
L25 6HY,60,29,31,21
L25 6HZ,39,14,25,12
L25 6JA,5,3,2,2
L25 6JB,77,42,35,25
L25 6JD,28,13,15,9
L25 6JE,35,18,17,11
L25 6JF,40,20,20,16
L25 6JG,25,11,14,9
L25 6JJ,14,7,7,6
L25 6JL,9,5,4,6
L25 6JN,29,16,13,23
L25 6JP,23,13,10,9
L25 6JQ,50,20,30,20
L25 6JR,20,8,12,11
L25 6JW,26,15,11,11
L25 6JX,61,29,32,23
L25 6JY,36,17,19,12
L25 6JZ,36,15,21,14
L25 6LB,16,9,7,8
L25 6LD,25,12,13,17
L25 6LE,17,7,10,9
L25 6LF,64,38,26,19
L25 6LG,13,7,6,12
L25 6LP,27,12,15,17
L25 6LY,27,15,12,19
L25 7AB,50,24,26,15
L25 7AE,15,6,9,13
L25 7AJ,35,13,22,27
L25 7AQ,50,28,22,19
L25 7AY,59,27,32,24
L25 7BG,62,37,25,26
L25 7DA,20,7,13,6
L25 7DB,13,7,6,5
L25 7DD,15,8,7,7
L25 7FB,39,11,28,38
L25 7GA,20,10,10,8
L25 7GB,12,4,8,5
L25 7RA,4,3,1,3
L25 7RE,18,11,7,15
L25 7RF,18,7,11,8
L25 7RG,6,2,4,5
L25 7RH,45,21,24,24
L25 7RJ,3,2,1,3
L25 7RL,30,16,14,19
L25 7RN,62,31,31,23
L25 7RP,12,4,8,9
L25 7RQ,34,17,17,17
L25 7RR,20,9,11,11
L25 7RS,13,9,4,8
L25 7RT,27,15,12,17
L25 7RU,26,15,11,17
L25 7RW,49,21,28,23
L25 7RX,22,11,11,13
L25 7RY,24,13,11,16
L25 7RZ,46,18,28,37
L25 7SA,47,24,23,20
L25 7SE,48,28,20,24
L25 7SG,52,25,27,25
L25 7SL,22,11,11,11
L25 7SN,72,33,39,38
L25 7SP,3,1,2,2
L25 7SQ,70,35,35,30
L25 7SR,10,6,4,3
L25 7SS,41,15,26,25
L25 7SW,57,28,29,32
L25 7SY,27,13,14,18
L25 7SZ,2,2,0,2
L25 7TA,8,6,2,8
L25 7TB,53,11,42,0
L25 7TD,5,3,2,3
L25 7TE,72,37,35,23
L25 7TF,22,11,11,11
L25 7TG,20,9,11,13
L25 7TH,2,1,1,1
L25 7TJ,6,3,3,4
L25 7TL,19,9,10,10
L25 7TQ,32,17,15,29
L25 7TR,12,5,7,7
L25 7TS,130,68,62,52
L25 7TT,72,32,40,28
L25 7TU,72,30,42,29
L25 7TW,39,18,21,12
L25 7TX,56,31,25,23
L25 7TY,14,7,7,5
L25 7TZ,3,2,1,2
L25 7UA,10,6,4,5
L25 7UB,65,25,40,60
L25 7UD,73,39,34,27
L25 7UE,52,28,24,22
L25 7UF,14,7,7,7
L25 7UG,51,31,20,23
L25 7UH,63,32,31,28
L25 7UJ,50,24,26,21
L25 7UL,57,29,28,12
L25 7UN,26,14,12,12
L25 7UQ,32,10,22,16
L25 7UR,46,23,23,37
L25 7US,47,25,22,35
L25 7UT,49,25,24,37
L25 7UU,46,23,23,36
L25 7UW,63,10,53,0
L25 7UX,56,30,26,44
L25 7UY,57,28,29,46
L25 7UZ,57,31,26,45
L25 7XA,60,38,22,46
L25 7XB,19,10,9,17
L25 7XE,103,52,51,39
L25 7XH,45,21,24,18
L25 7XJ,48,23,25,36
L25 7XQ,39,20,19,13
L25 7XR,70,28,42,48
L25 7YD,103,53,50,31
L25 7YE,133,65,68,40
L25 7YF,42,20,22,11
L25 7YH,4,1,3,1
L25 7YL,27,13,14,15
L25 7YN,15,8,7,6
L25 7YQ,56,30,26,19
L25 8QA,11,7,4,3
L25 8QB,15,8,7,11
L25 8QD,18,7,11,10
L25 8QE,54,21,33,24
L25 8QF,29,15,14,11
L25 8QG,34,16,18,16
L25 8QH,44,21,23,17
L25 8QJ,31,12,19,12
L25 8QL,23,13,10,13
L25 8QN,17,7,10,8
L25 8QP,19,8,11,10
L25 8QQ,34,17,17,13
L25 8QR,20,7,13,14
L25 8QS,84,44,40,36
L25 8QT,70,36,34,33
L25 8QU,48,24,24,20
L25 8QW,32,12,20,17
L25 8QX,26,9,17,13
L25 8QY,37,21,16,15
L25 8QZ,29,13,16,15
L25 8RA,69,38,31,28
L25 8RB,38,15,23,16
L25 8RD,37,18,19,14
L25 8RE,73,40,33,24
L25 8RF,50,25,25,18
L25 8RG,65,35,30,31
L25 8RH,95,46,49,38
L25 8RL,55,25,30,22
L25 8RN,20,11,9,10
L25 8RQ,39,21,18,17
L25 8RR,36,23,13,15
L25 8RS,23,9,14,11
L25 8RT,40,17,23,12
L25 8RU,74,37,37,33
L25 8RW,50,20,30,20
L25 8RX,46,20,26,16
L25 8RY,68,33,35,39
L25 8RZ,35,15,20,15
L25 8SA,52,23,29,22
L25 8SB,36,15,21,17
L25 8SD,34,20,14,28
L25 8SE,56,30,26,26
L25 8SF,41,19,22,17
L25 8SH,20,8,12,9
L25 8SJ,26,15,11,10
L25 8SL,46,22,24,22
L25 8SN,36,14,22,22
L25 8SP,59,26,33,25
L25 8SQ,49,32,17,36
L25 8SR,66,26,40,34
L25 8SS,58,22,36,25
L25 8ST,48,23,25,25
L25 8SU,66,30,36,30
L25 8SW,53,23,30,24
L25 8SX,26,11,15,14
L25 8SY,33,17,16,13
L25 8SZ,49,26,23,17
L25 8TA,72,39,33,33
L25 8TB,75,36,39,30
L25 8TD,13,6,7,5
L25 8TE,85,42,43,31
L25 8TF,71,36,35,30
L25 8TG,46,23,23,17
L25 8TH,39,17,22,20
L25 8TJ,31,14,17,17
L25 8TL,87,42,45,39
L25 8TN,66,32,34,30
L25 8TP,97,49,48,41
L25 8TQ,61,34,27,28
L25 8TR,33,14,19,27
L25 8TS,75,27,48,59
L25 8TT,42,15,27,36
L25 8TU,63,27,36,23
L25 8TW,35,14,21,15
L25 8UB,21,6,15,12
L25 9GA,8,4,4,4
L25 9GB,12,5,7,5
L25 9GD,136,58,78,63
L25 9GE,28,12,16,11
L25 9GF,76,37,39,33
L25 9GG,65,31,34,28
L25 9GH,13,7,6,4
L25 9LR,15,4,11,5
L25 9LS,29,12,17,12
L25 9NA,48,16,32,19
L25 9NB,61,35,26,23
L25 9ND,59,24,35,24
L25 9NE,71,33,38,30
L25 9NF,54,22,32,24
L25 9NG,56,28,28,24
L25 9NH,66,32,34,29
L25 9NJ,44,21,23,22
L25 9NL,19,9,10,6
L25 9NN,81,43,38,28
L25 9NP,56,23,33,19
L25 9NQ,47,20,27,18
L25 9NR,82,43,39,31
L25 9NS,91,47,44,41
L25 9NT,72,40,32,28
L25 9NU,55,23,32,26
L25 9NW,42,19,23,18
L25 9NX,57,20,37,26
L25 9NY,95,40,55,37
L25 9NZ,42,22,20,20
L25 9PA,71,29,42,17
L25 9PB,41,21,20,21
L25 9PD,60,27,33,35
L25 9PE,56,30,26,26
L25 9PF,41,20,21,21
L25 9PG,51,30,21,26
L25 9PH,43,22,21,22
L25 9PJ,71,34,37,32
L25 9PL,54,25,29,26
L25 9PN,50,19,31,24
L25 9PP,34,21,13,17
L25 9PQ,61,32,29,24
L25 9PR,32,12,20,19
L25 9PT,26,10,16,9
L25 9PU,16,8,8,8
L25 9PW,30,17,13,15
L25 9PX,13,7,6,6
L25 9PY,22,8,14,8
L25 9PZ,57,22,35,34
L25 9QA,55,19,36,22
L25 9QB,26,14,12,14
L25 9QD,32,15,17,17
L25 9QE,58,21,37,25
L25 9QF,132,44,88,5
L25 9QG,15,7,8,12
L25 9QH,51,20,31,18
L25 9QJ,19,7,12,7
L25 9QN,42,20,22,18
L25 9QP,30,17,13,20
L25 9QQ,21,10,11,11
L25 9QR,17,9,8,14
L25 9QS,37,20,17,20
L25 9QT,47,24,23,17
L25 9QU,46,21,25,25
L25 9QW,34,17,17,13
L25 9QX,45,21,24,25
L25 9QY,58,33,25,28
L25 9QZ,29,13,16,14
L25 9RA,40,18,22,19
L25 9RB,51,23,28,26
L25 9RD,28,11,17,12
L25 9RE,18,8,10,6
L25 9RH,18,11,7,8
L25 9RJ,46,22,24,25
L25 9RL,59,31,28,48
L25 9RN,64,36,28,48
L25 9RT,51,25,26,21
L25 9RU,151,74,77,61
L25 9RW,60,30,30,47
L25 9RX,4,1,3,3
L25 9RY,65,31,34,30
L25 9RZ,60,29,31,24
L25 9SA,8,3,5,4
L25 9SB,148,71,77,66
L25 9SD,32,12,20,12
L25 9SE,85,43,42,27
L25 9SF,24,10,14,10
L25 9SN,83,44,39,32
L25 9SS,16,6,10,10
L25 9ST,45,17,28,21
L25 9SU,26,9,17,11
L25 9SX,52,23,29,20
L25 9TA,25,10,15,10
L26 0SU,46,19,27,29
L26 0SX,5,2,3,5
L26 0SY,98,47,51,42
L26 0SZ,18,9,9,12
L26 0TA,11,4,7,3
L26 0TB,21,10,11,10
L26 0TD,19,8,11,12
L26 0TE,80,37,43,35
L26 0TF,25,12,13,9
L26 0TG,43,27,16,17
L26 0TH,6,3,3,3
L26 0TJ,23,12,11,15
L26 0TL,95,44,51,38
L26 0TN,72,36,36,28
L26 0TP,88,46,42,40
L26 0TQ,46,25,21,19
L26 0TR,85,40,45,31
L26 0TT,56,29,27,20
L26 0TU,55,33,22,19
L26 0TW,79,39,40,40
L26 0TX,42,21,21,22
L26 0TY,70,30,40,27
L26 0TZ,30,12,18,13
L26 0UA,50,24,26,23
L26 0UB,49,21,28,22
L26 0UD,22,8,14,10
L26 0UE,65,34,31,29
L26 0UF,40,20,20,22
L26 0UG,73,30,43,36
L26 0UH,30,13,17,14
L26 0UJ,19,10,9,8
L26 0UL,49,24,25,18
L26 0UQ,59,26,33,29
L26 0US,37,15,22,19
L26 0UT,13,9,4,5
L26 0UU,59,28,31,24
L26 0UX,83,35,48,32
L26 0UY,49,27,22,17
L26 0UZ,60,30,30,25
L26 0XA,24,13,11,8
L26 0XB,39,19,20,14
L26 0XD,21,11,10,8
L26 0XE,87,40,47,34
L26 0XG,100,52,48,38
L26 0XH,94,42,52,40
L26 0XQ,106,54,52,44
L26 1TA,15,5,10,8
L26 1TB,33,15,18,17
L26 1TD,16,8,8,6
L26 1TE,73,40,33,26
L26 1TF,47,27,20,23
L26 1TG,90,49,41,40
L26 1TH,31,14,17,14
L26 1TJ,18,10,8,6
L26 1TN,110,51,59,42
L26 1TP,87,42,45,41
L26 1TQ,41,22,19,15
L26 1TR,85,36,49,28
L26 1TS,64,35,29,23
L26 1TT,14,6,8,6
L26 1TU,45,24,21,21
L26 1TW,36,14,22,16
L26 1TX,32,17,15,23
L26 1TY,69,32,37,33
L26 1TZ,25,8,17,11
L26 1UA,102,46,56,43
L26 1UB,24,11,13,13
L26 1UD,38,20,18,15
L26 1UE,66,30,36,32
L26 1UF,44,21,23,32
L26 1UG,60,37,23,31
L26 1UH,11,7,4,8
L26 1UJ,11,5,6,7
L26 1UL,37,16,21,18
L26 1UN,82,38,44,35
L26 1UP,43,16,27,17
L26 1UQ,83,42,41,37
L26 1UR,40,17,23,19
L26 1US,33,10,23,12
L26 1UT,4,3,1,3
L26 1UU,23,10,13,7
L26 1UW,97,44,53,44
L26 1UX,109,53,56,54
L26 1UY,28,15,13,14
L26 1UZ,32,17,15,14
L26 1XA,102,51,51,44
L26 1XB,95,44,51,38
L26 1XD,103,48,55,45
L26 1XE,107,51,56,42
L26 1XF,118,62,56,47
L26 1XG,39,17,22,17
L26 1XH,110,55,55,47
L26 1XJ,10,6,4,3
L26 1XL,44,23,21,14
L26 1XN,78,34,44,32
L26 1XQ,48,21,27,17
L26 1XT,62,26,36,25
L26 1XU,25,13,12,9
L26 1XW,9,3,6,8
L26 1XX,46,20,26,16
L26 1XY,57,28,29,21
L26 1YB,16,8,8,10
L26 1YD,13,6,7,8
L26 1YE,27,16,11,10
L26 1YF,40,19,21,16
L26 1YG,33,17,16,15
L26 1YQ,49,22,27,25
L26 2XA,57,23,34,24
L26 2XB,50,25,25,20
L26 2XD,85,42,43,42
L26 2XE,19,8,11,13
L26 3UA,16,7,9,7
L26 3UB,13,8,5,4
L26 3UD,59,32,27,44
L26 3UE,5,3,2,2
L26 4XA,8,4,4,2
L26 4XE,2,1,1,2
L26 4XF,20,9,11,7
L26 4XG,13,9,4,4
L26 5QA,5,3,2,3
L26 5QB,18,9,9,8
L26 6BA,192,86,106,62
L26 6BB,60,28,32,19
L26 6BD,16,7,9,5
L26 6BE,87,44,43,26
L26 6BF,47,24,23,14
L26 6BG,17,7,10,5
L26 6BH,26,11,15,9
L26 6BJ,27,13,14,11
L26 6BL,45,23,22,12
L26 6BN,66,29,37,37
L26 6BP,50,20,30,16
L26 6BQ,26,15,11,12
L26 6BR,34,19,15,12
L26 6LA,16,6,10,8
L26 6LB,35,17,18,13
L26 6LD,50,27,23,21
L26 6LE,13,6,7,6
L26 6LJ,20,10,10,6
L26 6LN,165,80,85,52
L26 6LP,69,32,37,21
L26 6LR,40,20,20,12
L26 6LS,34,16,18,10
L26 6LT,36,19,17,15
L26 6LU,67,35,32,19
L26 6LW,67,34,33,23
L26 6LX,74,39,35,21
L26 6LY,26,11,15,8
L26 6NA,52,31,21,17
L26 6NB,20,8,12,8
L26 6ND,21,9,12,6
L26 7AA,161,90,71,55
L26 7AB,52,26,26,17
L26 7AD,71,36,35,27
L26 7AE,46,25,21,15
L26 7AG,182,93,89,91
L26 7AH,32,15,17,14
L26 7AJ,45,22,23,18
L26 7AL,32,17,15,11
L26 7AN,93,41,52,43
L26 7AP,42,19,23,18
L26 7AQ,38,20,18,17
L26 7AR,48,23,25,18
L26 7AW,22,8,14,12
L26 7UQ,43,22,21,14
L26 7UR,37,18,19,14
L26 7WE,87,47,40,33
L26 7WF,14,5,9,7
L26 7WG,51,22,29,20
L26 7WH,54,29,25,22
L26 7WJ,13,8,5,6
L26 7WN,17,7,10,8
L26 7WP,121,57,64,45
L26 7WQ,69,32,37,31
L26 7WR,63,29,34,24
L26 7WS,94,51,43,32
L26 7WT,58,26,32,18
L26 7WU,20,11,9,6
L26 7WW,19,9,10,6
L26 7WX,70,38,32,25
L26 7WY,21,13,8,8
L26 7WZ,30,16,14,9
L26 7XD,53,28,25,17
L26 7XE,76,38,38,23
L26 7XF,31,17,14,9
L26 7XG,61,29,32,21
L26 7XH,60,33,27,21
L26 7XJ,64,31,33,20
L26 7XN,26,15,11,8
L26 7XP,11,4,7,5
L26 7XQ,33,17,16,10
L26 7XR,19,11,8,5
L26 7XS,28,14,14,7
L26 7XT,37,20,17,12
L26 7XU,70,32,38,21
L26 7XW,34,15,19,9
L26 7XX,68,34,34,20
L26 7XY,42,20,22,15
L26 7XZ,47,25,22,14
L26 7YA,51,24,27,20
L26 7YB,62,30,32,30
L26 7YD,49,29,20,18
L26 7YE,8,4,4,2
L26 7YF,34,15,19,18
L26 7YG,55,27,28,23
L26 7YH,33,18,15,13
L26 7YJ,43,19,24,17
L26 7YL,12,5,7,6
L26 7YN,118,61,57,43
L26 7YP,141,64,77,59
L26 7YQ,62,30,32,23
L26 7YR,141,77,64,50
L26 7YS,95,44,51,39
L26 7YT,61,31,30,22
L26 7YU,124,60,64,44
L26 7YW,163,86,77,62
L26 7YX,108,50,58,38
L26 7YY,43,23,20,18
L26 7YZ,35,22,13,16
L26 7ZB,162,79,83,68
L26 7ZD,52,24,28,16
L26 7ZE,21,9,12,9
L26 7ZF,14,6,8,6
L26 7ZG,21,10,11,6
L26 7ZH,42,24,18,18
L26 7ZJ,95,47,48,32
L26 7ZL,52,24,28,20
L26 7ZQ,29,14,15,10
L26 7ZR,51,17,34,17
L26 7ZS,68,31,37,26
L26 7ZT,87,41,46,33
L26 7ZU,42,16,26,16
L26 7ZX,45,21,24,14
L26 7ZY,13,6,7,6
L26 7ZZ,24,14,10,10
L26 8UD,2,1,1,1
L26 9SA,31,19,12,11
L26 9SB,27,15,12,10
L26 9SD,24,14,10,8
L26 9TA,59,27,32,45
L26 9TB,93,45,48,43
L26 9TJ,47,26,21,22
L26 9TL,76,38,38,30
L26 9TN,42,18,24,16
L26 9TP,55,29,26,25
L26 9TR,16,7,9,9
L26 9TS,48,25,23,17
L26 9TU,63,27,36,21
L26 9TW,24,8,16,10
L26 9TX,7,4,3,3
L26 9TY,8,5,3,4
L26 9TZ,21,10,11,14
L26 9UA,39,23,16,16
L26 9UB,40,19,21,18
L26 9UD,73,39,34,34
L26 9UE,62,28,34,26
L26 9UF,31,13,18,13
L26 9UG,63,35,28,24
L26 9UH,72,39,33,26
L26 9UJ,48,24,24,17
L26 9UL,40,17,23,19
L26 9UN,81,30,51,32
L26 9UP,43,26,17,22
L26 9UQ,64,31,33,26
L26 9UR,22,8,14,10
L26 9US,25,7,18,11
L26 9UT,93,39,54,41
L26 9UU,56,23,33,25
L26 9UW,36,16,20,21
L26 9UX,81,39,42,32
L26 9UY,57,31,26,26
L26 9UZ,52,24,28,24
L26 9WA,36,14,22,14
L26 9XA,32,16,16,16
L26 9XB,61,29,32,25
L26 9XD,78,35,43,36
L26 9XE,32,17,15,12
L26 9XF,22,8,14,12
L26 9XG,11,5,6,4
L26 9XH,45,19,26,20
L26 9XL,88,39,49,25
L26 9XN,6,2,4,3
L26 9XP,29,12,17,14
L26 9XQ,2,1,1,1
L26 9XR,59,31,28,22
L26 9XS,32,13,19,11
L26 9XT,61,26,35,23
L26 9XU,29,11,18,12
L26 9XW,5,3,2,3
L26 9XY,47,30,17,19
L26 9XZ,50,20,30,36
L26 9YA,54,24,30,25
L26 9YB,32,19,13,17
L26 9YD,37,20,17,11
L26 9YE,52,25,27,19
L26 9YG,51,24,27,20
L26 9YH,42,17,25,14
L26 9YJ,51,25,26,22
L26 9YL,50,28,22,15
L26 9YN,35,20,15,14
L26 9YP,21,12,9,7
L26 9YQ,34,16,18,11
L26 9YS,107,49,58,38
L26 9YT,16,7,9,6
L26 9YW,29,14,15,11
L27 0YE,172,85,87,71
L27 1XD,24,11,13,9
L27 1XE,33,18,15,13
L27 1XF,39,18,21,17
L27 1XG,52,26,26,23
L27 1XH,103,50,53,51
L27 1XJ,60,25,35,25
L27 1XL,63,34,29,32
L27 1XN,84,38,46,43
L27 1XQ,66,31,35,32
L27 1XR,31,11,20,15
L27 1XS,28,11,17,12
L27 1XT,126,57,69,59
L27 1XU,12,8,4,10
L27 1XX,47,20,27,21
L27 1XY,7,4,3,5
L27 1XZ,47,21,26,22
L27 1YB,66,30,36,26
L27 1YH,22,9,13,14
L27 1YT,9,5,4,4
L27 1YW,22,6,16,12
L27 1YX,77,25,52,67
L27 1YY,46,14,32,19
L27 1YZ,61,24,37,22
L27 2YA,21,9,12,7
L27 3YA,6,3,3,2
L27 4BA,9,3,6,6
L27 4BB,31,12,19,18
L27 4BD,43,25,18,17
L27 4BE,25,9,16,15
L27 4BF,49,25,24,21
L27 4BG,12,7,5,4
L27 4BH,29,15,14,12
L27 4BJ,12,6,6,7
L27 4XU,4,2,2,3
L27 4XX,22,7,15,14
L27 4XY,35,14,21,11
L27 4XZ,62,29,33,18
L27 4YA,29,14,15,0
L27 4YE,16,9,7,6
L27 5QN,19,6,13,7
L27 5QP,9,4,5,5
L27 5QW,12,5,7,4
L27 5RA,8,2,6,5
L27 5RB,105,44,61,40
L27 5RD,28,14,14,8
L27 5RE,66,32,34,24
L27 5RF,108,55,53,38
L27 5RG,30,11,19,12
L27 5RH,55,27,28,22
L27 5RJ,73,34,39,31
L27 5RL,134,61,73,44
L27 5RN,103,44,59,33
L27 5RP,51,23,28,20
L27 5RQ,79,41,38,38
L27 5RR,59,22,37,25
L27 5RS,12,4,8,5
L27 5RT,85,36,49,32
L27 5RU,42,22,20,14
L27 5RW,86,38,48,35
L27 5RX,35,15,20,15
L27 5RY,32,18,14,14
L27 5RZ,16,7,9,7
L27 6PA,9,5,4,5
L27 6PB,63,31,32,26
L27 6PD,20,9,11,6
L27 6PE,55,24,31,27
L27 6PF,33,19,14,16
L27 6PG,59,27,32,23
L27 6PH,44,14,30,21
L27 6PJ,41,17,24,18
L27 6PL,31,11,20,12
L27 6PN,17,6,11,9
L27 6PQ,31,17,14,13
L27 6PW,4,2,2,2
L27 6PY,32,13,19,15
L27 6PZ,36,18,18,14
L27 6WA,42,18,24,24
L27 6WB,58,24,34,24
L27 6WD,42,22,20,17
L27 6WE,36,12,24,13
L27 6WF,40,17,23,12
L27 6WG,37,15,22,16
L27 6WH,71,37,34,33
L27 6WJ,34,16,18,13
L27 6WL,21,8,13,10
L27 6WN,22,13,9,8
L27 6WQ,25,10,15,12
L27 6WW,112,54,58,47
L27 7AD,40,21,19,16
L27 7AE,92,41,51,41
L27 7AH,54,27,27,32
L27 7AJ,114,49,65,48
L27 7AL,67,34,33,24
L27 7AN,43,18,25,23
L27 7AR,50,10,40,1
L27 7AU,38,19,19,21
L27 7AW,40,18,22,17
L27 7BB,72,32,40,34
L27 7BD,20,6,14,8
L27 7BE,38,15,23,17
L27 7BG,34,20,14,10
L27 7BH,58,29,29,24
L27 7BJ,20,9,11,6
L27 7BL,103,46,57,42
L27 7BN,111,47,64,46
L27 7BP,65,27,38,22
L27 7BQ,17,13,4,10
L27 7BR,46,22,24,17
L27 7BS,56,27,29,31
L27 7BT,31,13,18,21
L27 7BW,81,36,45,31
L27 7DA,42,20,22,20
L27 7DB,68,33,35,31
L27 7DD,69,29,40,34
L27 7DE,42,19,23,17
L27 7DF,25,7,18,11
L27 7DG,23,11,12,11
L27 8XJ,48,24,24,24
L27 8XL,73,40,33,34
L27 8XN,60,24,36,31
L27 8XP,6,2,4,3
L27 8XR,34,16,18,19
L27 8XS,44,22,22,17
L27 8XT,73,36,37,29
L27 8XU,12,5,7,7
L27 8XW,68,30,38,31
L27 8XX,94,39,55,42
L27 8XY,30,15,15,10
L27 8XZ,143,65,78,56
L27 8YG,19,11,8,16
L27 8YL,60,32,28,23
L27 8YN,31,13,18,14
L27 8YP,23,14,9,10
L27 8YR,41,16,25,16
L27 8YW,33,14,19,11
L28 0QA,32,15,17,13
L28 0QB,108,48,60,49
L28 0QD,31,16,15,13
L28 0QE,96,43,53,44
L28 0QF,22,11,11,9
L28 0QG,81,37,44,32
L28 0QH,47,20,27,21
L28 0QJ,77,36,41,36
L28 0QL,103,41,62,42
L28 0QP,44,20,24,18
L28 0QQ,91,41,50,35
L28 0QR,62,32,30,30
L28 0QT,37,21,16,12
L28 0QU,39,16,23,15
L28 1NS,62,33,29,39
L28 1NT,133,63,70,70
L28 1NU,21,11,10,11
L28 1NX,77,33,44,47
L28 1NY,92,40,52,42
L28 1RA,64,23,41,32
L28 1RB,111,49,62,46
L28 1RD,45,21,24,22
L28 1RF,164,83,81,55
L28 1RG,71,30,41,24
L28 1RH,45,24,21,20
L28 1RJ,117,54,63,47
L28 1RL,28,12,16,13
L28 1RN,115,54,61,51
L28 1RP,76,31,45,30
L28 1RQ,88,39,49,38
L28 1RW,52,25,27,27
L28 1SA,82,34,48,40
L28 1SB,91,41,50,40
L28 1SD,113,56,57,60
L28 1SY,36,12,24,30
L28 1SZ,21,12,9,18
L28 3QA,12,6,6,4
L28 3QB,57,28,29,26
L28 3QD,52,30,22,18
L28 3QE,26,14,12,11
L28 4EA,78,45,33,34
L28 4EB,89,47,42,36
L28 4ED,106,52,54,44
L28 4EE,100,40,60,35
L28 4EF,125,50,75,53
L28 4EG,64,30,34,24
L28 4EH,94,42,52,39
L28 4EJ,53,23,30,20
L28 4EL,97,46,51,38
L28 4EN,69,33,36,30
L28 4EP,92,43,49,34
L28 4EQ,52,22,30,22
L28 4ER,87,36,51,37
L28 4ET,7,3,4,2
L28 4EW,68,31,37,30
L28 4EX,24,10,14,7
L28 5RD,46,32,14,43
L28 5RE,55,33,22,44
L28 5RF,59,33,26,42
L28 5RG,63,38,25,45
L28 5RH,77,32,45,37
L28 5RJ,91,40,51,41
L28 5RL,91,47,44,39
L28 5RN,46,35,11,39
L28 5RP,39,21,18,33
L28 5RR,44,27,17,37
L28 5RS,52,33,19,45
L28 5RT,54,36,18,44
L28 5RU,54,20,34,23
L28 5RW,46,35,11,41
L28 5RX,63,33,30,25
L28 6YA,48,25,23,26
L28 6YB,119,53,66,51
L28 6YD,42,18,24,21
L28 6YE,59,25,34,24
L28 6YF,24,12,12,14
L28 6YH,61,29,32,28
L28 6YJ,25,10,15,12
L28 6YL,38,16,22,17
L28 6YN,5,1,4,4
L28 6YQ,25,12,13,11
L28 6YW,12,6,6,6
L28 7RA,97,46,51,44
L28 7RB,96,45,51,50
L28 7RD,91,49,42,46
L28 7RF,60,33,27,49
L28 7RG,73,29,44,33
L28 7RH,47,12,35,18
L28 7RJ,19,5,14,7
L28 7RL,40,20,20,18
L28 7RQ,53,20,33,30
L28 8AD,49,26,23,16
L28 8AE,64,32,32,25
L28 8AF,68,30,38,32
L28 8AG,55,27,28,23
L28 8AH,116,55,61,40
L28 8AJ,115,52,63,50
L28 8AQ,69,31,38,29
L29 1YB,1,0,1,1
L29 3EA,7,3,4,3
L29 3EB,6,3,3,2
L29 5XA,1,0,1,1
L29 5XB,4,3,1,2
L29 6YA,1,0,1,1
L29 6YB,19,8,11,7
L29 6YD,20,8,12,7
L29 7WA,16,6,10,8
L29 7WB,70,38,32,23
L29 7WD,26,10,16,11
L29 7WE,27,16,11,12
L29 7WG,11,4,7,6
L29 7WH,21,11,10,10
L29 7WJ,42,20,22,16
L29 7WL,15,5,10,8
L29 8YA,20,9,11,8
L29 8YB,16,7,9,5
L29 9AD,40,21,19,11
L29 9AE,27,14,13,9
L29 9AF,45,20,25,17
L3  0BG,107,64,43,71
L3  0BH,96,52,44,67
L3  0BQ,93,64,29,63
L3  0BS,114,73,41,74
L3  0BT,84,50,34,57
L3  0BU,44,31,13,31
L3  1BD,92,55,37,67
L3  1BF,86,60,26,61
L3  1BH,85,50,35,52
L3  1BJ,49,31,18,32
L3  1DF,45,31,14,35
L3  1DJ,146,103,43,98
L3  1DS,2,1,1,1
L3  1DX,86,45,41,57
L3  1DZ,82,54,28,58
L3  1ED,46,28,18,30
L3  1EJ,75,60,15,50
L3  2AP,23,18,5,11
L3  2AT,12,5,7,8
L3  2BA,37,20,17,2
L3  2BB,70,44,26,37
L3  2BD,106,68,38,67
L3  2BE,46,23,23,26
L3  2BL,20,9,11,12
L3  2BN,20,12,8,13
L3  2BP,25,16,9,15
L3  2BS,18,12,6,9
L3  2BT,11,3,8,8
L3  2BW,74,40,34,54
L3  2BX,684,357,327,13
L3  2BY,45,13,32,14
L3  2DA,146,96,50,82
L3  2DB,128,84,44,75
L3  2DD,155,98,57,86
L3  2DE,52,30,22,28
L3  2EL,21,13,8,13
L3  2EN,26,12,14,13
L3  2EP,41,20,21,18
L3  2ER,46,21,25,17
L3  2ES,44,29,15,37
L3  2EW,14,11,3,9
L3  2EZ,383,180,203,0
L3  2FB,11,6,5,9
L3  2HA,123,82,41,71
L3  2HB,74,44,30,50
L3  3BU,3,3,0,2
L3  3BZ,15,8,7,8
L3  3DA,30,20,10,16
L3  3DB,79,39,40,34
L3  3EG,1,0,1,1
L3  3EH,14,5,9,8
L3  3EN,25,11,14,19
L3  3JB,41,18,23,18
L3  3JF,108,54,54,54
L3  3JN,49,24,25,25
L3  3JP,60,39,21,43
L3  3JW,28,11,17,13
L3  4AB,117,68,49,81
L3  4AG,31,17,14,22
L3  4AN,1,0,1,1
L3  4AZ,1,0,1,1
L3  4BJ,1,1,0,1
L3  4BU,85,48,37,56
L3  4BW,89,50,39,55
L3  4DA,109,67,42,74
L3  4DH,63,37,26,43
L3  4DN,86,49,37,46
L3  4DP,38,22,16,19
L3  4DR,36,17,19,26
L3  4DT,10,6,4,10
L3  4DU,27,14,13,17
L3  4DX,43,27,16,36
L3  4DY,32,16,16,21
L3  4EB,44,27,17,26
L3  4EE,86,60,26,63
L3  4EF,99,57,42,68
L3  4EG,119,68,51,74
L3  4EH,68,44,24,38
L3  4EJ,82,59,23,48
L3  4EL,91,61,30,54
L3  4EP,108,59,49,70
L3  4EQ,8,5,3,5
L3  4ER,117,67,50,80
L3  4ES,81,49,32,55
L3  4ET,90,57,33,56
L3  4EU,110,67,43,63
L3  4EW,109,63,46,62
L3  4EX,111,75,36,60
L3  4EY,42,29,13,29
L3  4FB,120,71,49,75
L3  4FD,96,57,39,65
L3  4FE,93,52,41,55
L3  4FF,97,53,44,64
L3  4FG,116,68,48,71
L3  4FH,125,66,59,79
L3  4FN,3,2,1,1
L3  4FX,84,49,35,56
L3  5BB,10,4,6,6
L3  5GA,1112,475,637,16
L3  5GB,65,25,40,25
L3  5GD,31,16,15,21
L3  5GE,27,17,10,17
L3  5GF,77,33,44,31
L3  5GG,56,30,26,28
L3  5LJ,84,44,40,43
L3  5LT,27,14,13,13
L3  5NB,44,24,20,21
L3  5ND,21,11,10,17
L3  5NF,31,25,6,25
L3  5NH,19,10,9,13
L3  5NL,12,11,1,10
L3  5NP,39,20,19,25
L3  5NT,1,0,1,0
L3  5NX,324,160,164,0
L3  5NY,1,0,1,1
L3  5PE,13,6,7,8
L3  5PH,123,73,50,54
L3  5PX,14,7,7,12
L3  5QB,71,51,20,52
L3  5QF,22,20,2,15
L3  5QJ,162,53,109,0
L3  5QN,2,1,1,0
L3  5QR,41,19,22,25
L3  5QS,15,8,7,6
L3  5QW,242,109,133,67
L3  5RA,20,11,9,9
L3  5RB,38,18,20,16
L3  5RG,41,20,21,23
L3  5RH,33,11,22,16
L3  5RL,284,118,166,8
L3  5RP,21,11,10,10
L3  5RY,9,7,2,4
L3  5SD,47,15,32,4
L3  5SL,4,3,1,2
L3  5TB,99,41,58,33
L3  5TL,2,1,1,2
L3  5TN,50,15,35,21
L3  5TQ,5,0,5,0
L3  5TS,13,6,7,6
L3  5TT,4,2,2,2
L3  5UB,10,6,4,7
L3  5UF,8,6,2,5
L3  5XA,419,176,243,3
L3  5XX,14,8,6,8
L3  5XY,65,38,27,42
L3  5XZ,70,41,29,39
L3  6AA,10,8,2,6
L3  6AE,28,11,17,16
L3  6AG,79,48,31,44
L3  6AL,62,27,35,38
L3  6BR,1,1,0,1
L3  6DA,3,2,1,1
L3  6DB,29,12,17,15
L3  6DD,15,6,9,9
L3  6DE,11,5,6,5
L3  6DF,24,14,10,11
L3  6DG,30,17,13,15
L3  6DH,5,2,3,4
L3  6DL,2,1,1,1
L3  6DQ,16,5,11,6
L3  6DX,2,2,0,2
L3  6EH,76,44,32,49
L3  6EL,118,64,54,65
L3  6EN,113,65,48,69
L3  6EP,4,3,1,1
L3  6EQ,8,5,3,6
L3  6ES,37,21,16,25
L3  6HB,76,43,33,34
L3  6HE,34,14,20,16
L3  6HG,23,12,11,13
L3  6HQ,27,13,14,9
L3  6HU,58,45,13,0
L3  6JF,33,15,18,16
L3  6JJ,24,6,18,14
L3  6JL,104,43,61,45
L3  6JN,15,7,8,10
L3  6JP,57,26,31,28
L3  6JQ,40,14,26,18
L3  6JR,37,16,21,17
L3  6JS,28,11,17,15
L3  6JT,12,5,7,7
L3  6JW,43,20,23,23
L3  6JX,90,38,52,33
L3  6JY,65,27,38,26
L3  6JZ,19,11,8,10
L3  6LA,34,17,17,16
L3  6LB,34,17,17,15
L3  6LD,26,11,15,16
L3  6LE,25,13,12,12
L3  6LF,65,35,30,23
L3  6LH,74,46,28,51
L3  6LL,108,54,54,48
L3  6LN,48,29,19,24
L3  6LP,104,47,57,39
L3  6LQ,71,45,26,46
L3  6LR,76,27,49,41
L3  6LS,770,395,375,0
L3  6LT,7,4,3,4
L3  6LU,5,3,2,2
L3  6LW,96,49,47,54
L3  6LX,5,2,3,1
L3  6NB,6,3,3,1
L3  6NE,6,3,3,1
L3  6NF,12,7,5,2
L3  7DT,4,0,4,1
L3  7DY,5,3,2,3
L3  7HF,45,23,22,14
L3  7HS,6,6,0,0
L3  8AB,26,12,14,19
L3  8AD,17,12,5,17
L3  8AL,12,7,5,6
L3  8BA,50,24,26,24
L3  8BB,49,29,20,23
L3  8BT,67,29,38,38
L3  8BU,97,45,52,43
L3  8BY,74,38,36,25
L3  8BZ,53,25,28,20
L3  8DA,32,15,17,14
L3  8DB,56,29,27,18
L3  8DP,47,28,19,24
L3  8DR,219,67,152,27
L3  8DT,44,20,24,18
L3  8DU,52,33,19,17
L3  8DW,23,12,11,21
L3  8DY,26,10,16,14
L3  8DZ,30,12,18,15
L3  8EA,5,2,3,4
L3  8EB,33,13,20,19
L3  8HA,5,4,1,5
L3  8HJ,46,31,15,36
L3  8HR,40,25,15,28
L3  8HY,68,39,29,48
L3  8JA,82,48,34,46
L3  8JD,451,238,213,1
L3  8JG,13,9,4,7
L3  8JR,17,8,9,13
L3  8JX,28,0,28,0
L3  8LE,10,9,1,10
L3  8LX,3,1,2,3
L3  8NA,33,8,25,16
L3  8NP,45,24,21,26
L3  8NY,58,30,28,24
L3  8PH,24,14,10,13
L3  8PJ,15,7,8,8
L3  8PQ,27,13,14,14
L3  8PS,28,12,16,16
L3  8PT,3,2,1,2
L3  8PZ,34,20,14,20
L3  8QA,32,23,9,24
L3  8QE,28,8,20,14
L3  8QG,54,28,26,21
L3  9BA,62,39,23,43
L3  9BB,70,46,24,43
L3  9BD,100,65,35,72
L3  9BE,77,52,25,60
L3  9BW,92,61,31,60
L3  9BZ,155,102,53,97
L3  9EJ,1,1,0,1
L3  9EL,69,31,38,44
L3  9HT,29,19,10,18
L3  9LU,46,31,15,31
L3  9NA,8,5,3,7
L3  9NS,3,3,0,2
L3  9PA,80,43,37,49
L3  9PE,81,47,34,50
L3  9PH,86,57,29,57
L3  9PJ,4,3,1,3
L3  9RE,1,0,1,0
L3  9RY,74,49,25,50
L3  9TY,15,11,4,13
L3  9TZ,16,12,4,14
L3  9UA,19,12,7,9
L3  9UB,12,8,4,10
L30 0PA,30,14,16,12
L30 0PB,23,13,10,10
L30 0PD,10,5,5,6
L30 0PE,35,14,21,16
L30 0PF,46,23,23,20
L30 0PG,14,4,10,3
L30 0PH,68,26,42,28
L30 0PJ,17,8,9,7
L30 0PL,33,15,18,12
L30 0PN,38,17,21,13
L30 0PP,38,18,20,13
L30 0PQ,37,19,18,14
L30 0PR,35,21,14,12
L30 0PS,78,33,45,46
L30 0PT,31,15,16,22
L30 0PU,33,15,18,16
L30 0PW,28,13,15,10
L30 0PX,15,9,6,7
L30 0PY,17,9,8,7
L30 0PZ,23,10,13,8
L30 0QA,31,15,16,15
L30 0QB,29,14,15,9
L30 0QD,21,10,11,9
L30 0QE,49,23,26,18
L30 0QF,20,7,13,10
L30 0QG,61,32,29,32
L30 0QH,18,9,9,12
L30 0QJ,56,21,35,22
L30 0QL,7,5,2,4
L30 0QP,116,65,51,45
L30 0QQ,56,25,31,25
L30 0QR,146,65,81,59
L30 0QS,131,57,74,57
L30 0QY,169,68,101,56
L30 0QZ,122,54,68,49
L30 0RA,113,56,57,51
L30 0RB,148,66,82,54
L30 0RD,64,35,29,31
L30 0RE,36,18,18,28
L30 0RF,53,30,23,37
L30 0RL,7,3,4,5
L30 1BB,118,52,66,47
L30 1BD,55,23,32,22
L30 1PA,44,20,24,18
L30 1PB,52,25,27,20
L30 1PD,37,18,19,17
L30 1PF,73,34,39,28
L30 1PG,59,27,32,26
L30 1PH,43,18,25,15
L30 1PJ,73,33,40,27
L30 1PL,64,34,30,22
L30 1PN,71,42,29,32
L30 1PP,55,24,31,24
L30 1PQ,94,43,51,39
L30 1PR,73,36,37,26
L30 1PS,72,35,37,27
L30 1PT,98,54,44,41
L30 1PU,62,31,31,25
L30 1PW,55,25,30,24
L30 1PX,43,19,24,25
L30 1PY,39,17,22,17
L30 1PZ,74,37,37,32
L30 1QA,75,31,44,27
L30 1QE,88,45,43,25
L30 1QF,70,36,34,23
L30 1QH,10,4,6,6
L30 1QJ,39,17,22,17
L30 1QL,6,4,2,3
L30 1QN,83,34,49,38
L30 1QP,9,4,5,3
L30 1QQ,30,11,19,9
L30 1QR,88,44,44,39
L30 1QS,79,41,38,37
L30 1QT,61,26,35,21
L30 1QU,60,36,24,23
L30 1QW,67,35,32,31
L30 1QX,45,27,18,25
L30 1QY,29,15,14,22
L30 1QZ,33,14,19,16
L30 1RE,77,39,38,30
L30 1RF,37,16,21,17
L30 1RG,36,19,17,18
L30 1RH,73,31,42,27
L30 1RL,67,34,33,28
L30 1RN,32,16,16,14
L30 1RP,77,41,36,28
L30 1RQ,14,6,8,7
L30 1RR,80,37,43,33
L30 1RS,101,40,61,36
L30 1RT,192,99,93,73
L30 1RW,51,27,24,26
L30 1RY,49,26,23,19
L30 1RZ,45,23,22,20
L30 1SA,70,35,35,26
L30 1SB,94,48,46,34
L30 1SD,80,42,38,30
L30 1SE,47,23,24,19
L30 1SG,44,15,29,24
L30 1SH,41,23,18,18
L30 1SJ,50,24,26,27
L30 1SP,3,2,1,2
L30 1SQ,34,16,18,18
L30 1SR,5,3,2,2
L30 1TB,93,41,52,38
L30 1TD,66,32,34,21
L30 1TE,38,15,23,19
L30 1TF,32,9,23,14
L30 1TG,37,18,19,15
L30 1TH,82,32,50,26
L30 1TQ,33,10,23,14
L30 2NB,30,12,18,13
L30 2ND,21,10,11,10
L30 2NE,27,13,14,13
L30 2NF,29,17,12,15
L30 2NG,21,8,13,8
L30 2NH,9,2,7,6
L30 2NJ,10,2,8,4
L30 2NL,2,1,1,2
L30 2NN,27,12,15,14
L30 2NP,51,23,28,21
L30 2NQ,55,29,26,24
L30 2NS,45,22,23,21
L30 2NT,40,18,22,19
L30 2NU,43,18,25,20
L30 2NW,63,33,30,27
L30 2NX,56,24,32,31
L30 2NY,34,22,12,16
L30 2NZ,27,11,16,16
L30 2PA,66,31,35,31
L30 2PB,28,14,14,10
L30 2PD,60,30,30,26
L30 2PE,48,29,19,26
L30 2PF,57,30,27,31
L30 2PG,84,41,43,27
L30 2PH,33,14,19,14
L30 2PJ,26,11,15,16
L30 2PL,43,18,25,16
L30 2PN,77,34,43,31
L30 2PQ,34,20,14,14
L30 2PR,12,6,6,4
L30 2PS,21,11,10,11
L30 2PT,25,10,15,8
L30 2PW,90,48,42,33
L30 2PX,6,4,2,4
L30 2PY,24,10,14,11
L30 2PZ,24,13,11,11
L30 2QA,7,3,4,2
L30 2QB,86,37,49,32
L30 2QD,22,8,14,10
L30 2QE,18,8,10,10
L30 2QF,24,15,9,16
L30 2QG,23,9,14,14
L30 2QH,49,20,29,24
L30 2QJ,51,23,28,24
L30 2QL,32,16,16,16
L30 2QN,72,29,43,31
L30 2QP,24,12,12,8
L30 2QQ,13,5,8,8
L30 2QR,62,30,32,28
L30 2QS,22,7,15,13
L30 2QT,23,13,10,11
L30 2QU,53,24,29,23
L30 2QW,64,29,35,31
L30 2QX,61,25,36,21
L30 2QY,37,17,20,25
L30 2QZ,42,19,23,28
L30 2RA,32,11,21,14
L30 2RB,61,30,31,27
L30 2RD,64,32,32,24
L30 2RE,50,23,27,22
L30 2RF,42,17,25,21
L30 2RG,170,53,117,8
L30 2RH,16,8,8,4
L30 2RJ,29,16,13,12
L30 2RL,70,29,41,36
L30 2RN,55,29,26,20
L30 2RP,78,31,47,29
L30 2RQ,45,24,21,20
L30 2RR,57,25,32,18
L30 2RS,33,12,21,15
L30 2RT,66,28,38,29
L30 2RU,41,19,22,25
L30 2RW,19,9,10,8
L30 2RX,26,16,10,12
L30 2RY,49,21,28,28
L30 2RZ,80,28,52,24
L30 2SD,30,15,15,14
L30 2SE,18,10,8,8
L30 3RX,49,22,27,19
L30 3RY,46,21,25,23
L30 3RZ,37,17,20,17
L30 3SA,101,55,46,42
L30 3SB,87,36,51,35
L30 3SD,26,14,12,12
L30 3SE,85,43,42,29
L30 3SF,67,27,40,31
L30 3SG,55,26,29,23
L30 3SH,47,20,27,19
L30 3SJ,31,16,15,13
L30 3SL,41,11,30,20
L30 3SN,56,28,28,25
L30 3SP,31,16,15,11
L30 3SQ,59,30,29,24
L30 3SR,32,14,18,15
L30 3SS,31,18,13,12
L30 3ST,52,26,26,17
L30 3SU,38,21,17,14
L30 3SW,26,14,12,11
L30 3SX,53,26,27,20
L30 3SY,39,18,21,19
L30 3TA,37,18,19,20
L30 3TB,95,46,49,33
L30 3TD,62,26,36,31
L30 3TE,59,28,31,35
L30 3TF,30,14,16,16
L30 3TG,84,40,44,40
L30 3TH,23,10,13,14
L30 3TJ,60,24,36,26
L30 3TN,81,36,45,49
L30 3TP,39,19,20,18
L30 3TR,56,28,28,28
L30 3TS,36,20,16,23
L30 3TT,10,5,5,2
L30 3TU,33,18,15,15
L30 3TW,47,23,24,17
L30 3TX,106,50,56,40
L30 3TY,82,30,52,35
L30 3TZ,43,21,22,19
L30 3UA,81,41,40,32
L30 3UB,8,4,4,5
L30 4XL,28,10,18,10
L30 5QD,62,22,40,27
L30 5QE,46,20,26,25
L30 5QF,41,18,23,23
L30 5QG,88,45,43,34
L30 5QH,17,7,10,7
L30 5QJ,44,21,23,23
L30 5QL,63,31,32,25
L30 5QP,78,38,40,24
L30 5QQ,45,22,23,24
L30 5QR,118,52,66,46
L30 5QS,97,46,51,39
L30 5QT,112,47,65,39
L30 5QU,87,36,51,37
L30 5QW,64,27,37,28
L30 5QX,93,43,50,32
L30 5QY,74,39,35,52
L30 5QZ,70,33,37,29
L30 5RA,67,29,38,35
L30 5RB,60,25,35,31
L30 5RD,87,35,52,34
L30 5RE,59,24,35,28
L30 5RF,79,37,42,33
L30 5RG,90,45,45,31
L30 5RJ,31,11,20,20
L30 5RL,70,30,40,31
L30 5RP,16,8,8,8
L30 5RQ,66,36,30,31
L30 5RR,91,45,46,44
L30 5RS,6,3,3,4
L30 5RT,6,4,2,2
L30 5RU,53,23,30,25
L30 5RW,46,24,22,20
L30 5RX,59,29,30,28
L30 5RY,56,19,37,34
L30 5RZ,27,14,13,17
L30 5SA,16,12,4,9
L30 5SB,100,47,53,39
L30 5SD,44,19,25,19
L30 5SE,3,2,1,2
L30 5SF,46,21,25,20
L30 5SG,61,31,30,34
L30 5SH,89,36,53,34
L30 5SJ,62,26,36,23
L30 5SL,119,59,60,42
L30 5SN,61,23,38,26
L30 5SQ,65,34,31,24
L30 5SR,14,4,10,12
L30 5SS,20,4,16,17
L30 5TB,38,18,20,14
L30 6YB,47,23,24,15
L30 6YD,41,23,18,13
L30 6YE,92,49,43,33
L30 6YF,74,37,37,32
L30 6YG,145,72,73,51
L30 7PA,70,30,40,28
L30 7PD,24,11,13,6
L30 7PE,1,1,0,1
L30 7PF,16,8,8,5
L30 7PH,114,56,58,45
L30 7PJ,141,68,73,55
L30 7PL,136,64,72,57
L30 7PN,169,85,84,71
L30 7PP,59,28,31,43
L30 7PQ,2,1,1,1
L30 7PT,8,2,6,3
L30 7PU,77,28,49,58
L30 7PW,52,26,26,18
L30 7PX,101,48,53,44
L30 7PY,110,50,60,51
L30 7PZ,69,34,35,38
L30 7QA,89,44,45,36
L30 7QB,75,34,41,31
L30 7QD,24,12,12,11
L30 7QE,20,11,9,8
L30 7QF,33,15,18,13
L30 7QG,31,18,13,16
L30 7QH,47,26,21,22
L30 7QJ,38,18,20,17
L30 7QL,22,10,12,12
L30 7QN,34,18,16,12
L30 7QP,78,33,45,35
L30 7QQ,43,22,21,18
L30 7QR,44,19,25,20
L30 7QS,4,1,3,3
L30 7QT,5,2,3,3
L30 7QU,6,4,2,2
L30 7QW,28,14,14,12
L30 7QX,34,14,20,12
L30 7QY,36,15,21,17
L30 7QZ,59,28,31,22
L30 7RA,39,22,17,16
L30 7RE,35,13,22,12
L30 7RF,52,25,27,18
L30 7RG,152,75,77,49
L30 7RH,21,11,10,7
L30 7RJ,39,18,21,13
L30 7RL,98,50,48,34
L30 7RN,67,36,31,25
L30 7RQ,50,25,25,16
L30 7RS,123,52,71,51
L30 7RT,27,11,16,10
L30 7RU,53,25,28,22
L30 7RW,14,6,8,4
L30 7RX,27,15,12,11
L30 8RA,36,16,20,12
L30 8RB,49,20,29,20
L30 8RD,48,25,23,20
L30 8RE,36,15,21,16
L30 8RF,140,67,73,52
L30 8RG,66,27,39,25
L30 8RH,43,20,23,16
L30 8RJ,35,18,17,14
L30 8RL,10,5,5,4
L30 8RN,62,28,34,31
L30 8RP,58,29,29,31
L30 8RQ,59,25,34,21
L30 8RR,73,34,39,30
L30 8RS,47,26,21,14
L30 8RT,64,25,39,26
L30 8RU,13,6,7,4
L30 8RW,35,21,14,14
L30 8RX,92,44,48,36
L30 8RY,99,45,54,36
L30 8RZ,58,28,30,25
L30 8SA,58,28,30,22
L30 8SB,46,21,25,20
L30 8SD,69,39,30,25
L30 8SE,113,59,54,43
L30 9SA,75,35,40,32
L30 9SB,53,28,25,29
L30 9SD,42,18,24,35
L30 9SE,27,11,16,10
L30 9SF,20,11,9,7
L30 9SG,71,37,34,31
L30 9SH,94,45,49,32
L30 9SJ,14,9,5,12
L30 9SL,14,8,6,12
L30 9SP,40,18,22,11
L30 9SQ,62,28,34,31
L30 9SR,72,36,36,25
L30 9SS,51,25,26,17
L30 9ST,47,24,23,20
L30 9SU,98,45,53,42
L30 9SX,58,27,31,28
L30 9SY,37,25,12,31
L30 9SZ,38,23,15,32
L30 9TB,61,28,33,34
L30 9TD,20,8,12,12
L30 9TE,9,6,3,6
L30 9TF,9,8,1,8
L31 0AH,48,23,25,20
L31 0AJ,80,38,42,44
L31 0AL,74,38,36,27
L31 0AN,43,26,17,15
L31 0AP,25,14,11,12
L31 0AQ,11,7,4,9
L31 0AR,27,12,15,13
L31 0AS,51,22,29,28
L31 0AT,47,24,23,20
L31 0AU,79,39,40,30
L31 0AW,35,18,17,13
L31 0AX,69,30,39,26
L31 0AY,67,34,33,25
L31 0AZ,50,27,23,24
L31 0BA,50,27,23,18
L31 0BB,50,26,24,18
L31 0BD,37,19,18,14
L31 0BE,45,19,26,23
L31 0BG,101,50,51,39
L31 0BH,74,38,36,28
L31 0BJ,20,9,11,8
L31 0BL,12,6,6,5
L31 0BN,32,18,14,13
L31 0BP,10,6,4,4
L31 0BQ,77,38,39,32
L31 0BR,79,40,39,28
L31 0BS,17,8,9,6
L31 0BT,34,14,20,18
L31 0BU,88,42,46,36
L31 0BW,42,23,19,16
L31 0BX,64,29,35,26
L31 0BY,16,5,11,8
L31 0BZ,49,22,27,20
L31 0DA,70,30,40,28
L31 0DB,61,26,35,26
L31 0DD,35,16,19,13
L31 0DE,79,36,43,35
L31 0DF,57,34,23,22
L31 0DG,62,31,31,26
L31 0DQ,19,11,8,11
L31 0EB,47,12,35,39
L31 1AD,7,2,5,3
L31 1AE,6,3,3,3
L31 1AF,2,1,1,2
L31 1AG,12,7,5,7
L31 1AH,4,2,2,2
L31 1AJ,7,5,2,3
L31 1AL,2,1,1,1
L31 1AN,12,6,6,4
L31 1AP,8,3,5,4
L31 1AQ,1,1,0,1
L31 1AR,31,15,16,16
L31 1AT,5,3,2,1
L31 1AU,15,8,7,6
L31 1AW,13,6,7,6
L31 1AX,29,11,18,13
L31 1AY,49,23,26,22
L31 1AZ,1,1,0,1
L31 1BA,22,11,11,7
L31 1BE,1,1,0,1
L31 1BG,10,5,5,4
L31 1BH,56,26,30,28
L31 1BJ,34,14,20,22
L31 1BL,50,22,28,26
L31 1BN,61,26,35,29
L31 1BP,23,10,13,10
L31 1BQ,54,25,29,24
L31 1BR,45,26,19,19
L31 1BS,17,9,8,8
L31 1BT,83,41,42,34
L31 1BU,19,8,11,10
L31 1BW,47,27,20,24
L31 1BX,59,31,28,26
L31 1BY,80,39,41,29
L31 1BZ,80,37,43,34
L31 1DA,45,21,24,23
L31 1DB,22,9,13,10
L31 1DD,28,14,14,11
L31 1DE,80,43,37,26
L31 1DG,36,19,17,13
L31 1DH,44,19,25,11
L31 1DJ,29,14,15,10
L31 1DL,23,9,14,12
L31 1DN,43,22,21,18
L31 1DP,29,15,14,11
L31 1DR,4,2,2,2
L31 1DT,4,2,2,2
L31 1DU,9,3,6,5
L31 1DW,63,31,32,23
L31 1DY,78,40,38,30
L31 1DZ,35,17,18,16
L31 1EA,3,2,1,1
L31 1EB,80,43,37,28
L31 1ED,11,4,7,7
L31 1EE,43,20,23,13
L31 1EF,6,1,5,3
L31 1EG,5,1,4,3
L31 1EH,17,7,10,9
L31 1EJ,21,11,10,12
L31 1EL,2,1,1,1
L31 1EN,30,17,13,13
L31 1EP,28,13,15,11
L31 1EQ,7,2,5,2
L31 1ES,26,14,12,11
L31 1ET,18,8,10,8
L31 1EU,8,4,4,3
L31 1EW,33,16,17,16
L31 1EX,18,10,8,9
L31 1EY,2,1,1,1
L31 1EZ,4,2,2,2
L31 1FB,39,21,18,13
L31 1FD,12,7,5,8
L31 1FE,9,4,5,4
L31 1GA,89,50,39,40
L31 1GB,37,17,20,11
L31 1HA,41,19,22,17
L31 1HB,6,3,3,1
L31 1HD,52,26,26,20
L31 1HE,60,27,33,23
L31 1HF,1,0,1,1
L31 1HG,4,3,1,3
L31 1HH,3,2,1,3
L31 1HN,12,5,7,4
L31 1HP,125,55,70,52
L31 1HW,118,118,0,0
L31 1HX,343,343,0,0
L31 1HZ,18,9,9,7
L31 1JB,23,11,12,7
L31 1JD,95,44,51,34
L31 1JF,54,23,31,19
L31 1JH,30,14,16,10
L31 1JN,62,32,30,21
L31 1JP,20,13,7,7
L31 1JQ,13,8,5,5
L31 1JR,49,23,26,18
L31 1JS,70,34,36,23
L31 1JU,49,22,27,18
L31 1JW,68,37,31,26
L31 1JX,129,64,65,39
L31 1JY,49,23,26,21
L31 1JZ,92,45,47,34
L31 1LA,37,21,16,12
L31 1LB,41,16,25,16
L31 1LD,2,1,1,1
L31 1LE,25,13,12,9
L31 1LF,32,21,11,10
L31 1LH,38,18,20,11
L31 1LJ,84,45,39,24
L31 1LL,172,73,99,54
L31 1LR,106,46,60,35
L31 2HD,36,20,16,25
L31 2HG,84,46,38,28
L31 2HH,43,25,18,17
L31 2HJ,13,8,5,4
L31 2HL,18,8,10,6
L31 2HN,49,24,25,22
L31 2HP,11,6,5,7
L31 2HQ,52,27,25,19
L31 2HS,59,27,32,23
L31 2HT,16,5,11,8
L31 2HU,62,25,37,32
L31 2HW,19,10,9,9
L31 2HX,88,40,48,36
L31 2HY,3,2,1,1
L31 2HZ,40,15,25,18
L31 2JA,7,1,6,6
L31 2JB,57,27,30,20
L31 2JD,16,7,9,6
L31 2JE,60,33,27,26
L31 2JF,32,14,18,16
L31 2JG,47,24,23,19
L31 2JJ,38,20,18,16
L31 2JL,49,25,24,18
L31 2JN,5,2,3,4
L31 2JP,25,12,13,10
L31 2JQ,77,32,45,31
L31 2JR,41,22,19,20
L31 2JS,62,28,34,26
L31 2JT,75,30,45,44
L31 2JU,36,16,20,12
L31 2JW,44,23,21,14
L31 2JX,31,14,17,12
L31 2JY,24,13,11,10
L31 2JZ,2,1,1,2
L31 2LA,23,9,14,12
L31 2LB,19,8,11,9
L31 2LD,10,4,6,4
L31 2LE,53,25,28,19
L31 2LF,91,40,51,33
L31 2LG,57,29,28,21
L31 2LH,67,30,37,25
L31 2LJ,89,39,50,43
L31 2LL,71,28,43,39
L31 2LN,34,15,19,14
L31 2LP,19,7,12,12
L31 2LQ,69,33,36,26
L31 2LR,40,17,23,28
L31 2LS,6,4,2,3
L31 2LT,40,17,23,21
L31 2LU,22,12,10,10
L31 2LW,45,21,24,21
L31 2LX,27,12,15,12
L31 2LY,31,15,16,13
L31 2LZ,39,21,18,19
L31 2NA,35,12,23,21
L31 2NB,43,13,30,26
L31 2ND,70,30,40,34
L31 2NE,66,30,36,25
L31 2NF,44,22,22,17
L31 2NG,40,20,20,16
L31 2NH,67,32,35,26
L31 2NJ,75,42,33,33
L31 2NL,5,3,2,3
L31 2NN,70,33,37,32
L31 2NP,15,6,9,8
L31 2NQ,48,19,29,23
L31 2NR,47,22,25,24
L31 2NS,54,29,25,20
L31 2NT,17,8,9,8
L31 2NU,27,14,13,10
L31 2NW,64,30,34,26
L31 2NX,25,13,12,13
L31 2NY,17,8,9,5
L31 2PB,12,3,9,9
L31 2PE,37,18,19,16
L31 2PG,6,4,2,4
L31 2PH,42,13,29,31
L31 2PJ,12,6,6,6
L31 2PL,52,13,39,44
L31 2PQ,12,7,5,7
L31 2PR,67,28,39,34
L31 2PS,80,38,42,41
L31 2PT,89,43,46,53
L31 3DA,23,11,12,8
L31 3DB,13,5,8,5
L31 3DD,26,11,15,11
L31 3DF,12,7,5,6
L31 3DG,76,33,43,25
L31 3DH,16,8,8,9
L31 3DL,108,48,60,40
L31 3DN,50,26,24,27
L31 3DP,71,38,33,25
L31 3DQ,28,13,15,14
L31 3DR,20,5,15,10
L31 3DS,3,2,1,1
L31 3DU,30,15,15,17
L31 3DW,63,37,26,22
L31 3DX,69,34,35,29
L31 3DY,59,28,31,24
L31 3DZ,7,2,5,2
L31 3EA,35,18,17,15
L31 3EB,42,24,18,16
L31 3ED,24,9,15,9
L31 3EF,36,19,17,14
L31 3EG,63,27,36,21
L31 3EH,20,8,12,7
L31 3EJ,45,24,21,17
L31 3EL,12,5,7,8
L31 3EN,32,14,18,10
L31 3EP,16,6,10,4
L31 3EQ,15,8,7,7
L31 3ER,31,17,14,12
L31 3ES,24,10,14,12
L31 3ET,26,13,13,11
L31 3EU,62,27,35,29
L31 3EW,38,18,20,16
L31 3EX,28,12,16,15
L31 3EY,15,11,4,8
L31 3EZ,17,7,10,7
L31 3HA,34,16,18,10
L31 3HB,45,23,22,16
L31 3HD,34,14,20,15
L31 3HE,23,9,14,16
L31 3HF,20,9,11,12
L31 3HG,6,3,3,3
L31 3HH,9,3,6,5
L31 3HN,23,11,12,7
L31 3HP,31,10,21,25
L31 3HR,48,16,32,43
L31 3HS,9,4,5,4
L31 3HT,4,2,2,2
L31 3HU,49,22,27,37
L31 3JD,26,13,13,21
L31 4AA,31,19,12,11
L31 4AB,29,11,18,11
L31 4AD,19,10,9,8
L31 4AE,8,3,5,2
L31 4DB,82,42,40,29
L31 4DD,9,4,5,4
L31 4DE,4,2,2,1
L31 4DF,5,3,2,2
L31 4DG,4,2,2,2
L31 4DH,43,22,21,12
L31 4DJ,2,1,1,1
L31 4DL,23,13,10,8
L31 4DN,10,4,6,3
L31 4DP,10,5,5,3
L31 4DQ,66,34,32,24
L31 4DR,39,17,22,22
L31 4DS,41,15,26,26
L31 4DT,43,22,21,19
L31 4DU,60,31,29,24
L31 4DW,35,15,20,14
L31 4DX,12,4,8,7
L31 4DY,5,2,3,3
L31 4DZ,48,24,24,24
L31 4EA,31,16,15,14
L31 4EB,4,1,3,3
L31 4ED,102,47,55,44
L31 4EE,3,2,1,2
L31 4EF,25,12,13,9
L31 4EG,51,25,26,17
L31 4EH,19,10,9,8
L31 4EJ,5,3,2,2
L31 4EL,10,6,4,7
L31 4EN,1,0,1,1
L31 4EP,15,7,8,6
L31 4EQ,51,17,34,8
L31 4ER,15,7,8,7
L31 4ES,9,4,5,6
L31 4ET,5,2,3,2
L31 4EU,5,3,2,3
L31 4EW,6,4,2,2
L31 4EX,4,3,1,1
L31 4EY,31,10,21,10
L31 4HA,10,7,3,3
L31 4HB,14,6,8,5
L31 4HD,17,9,8,6
L31 4HE,17,8,9,6
L31 4HF,33,15,18,16
L31 4HG,9,4,5,3
L31 4HH,13,7,6,5
L31 4HJ,4,2,2,2
L31 4HL,21,9,12,9
L31 4HN,22,8,14,8
L31 4HP,9,6,3,3
L31 4HQ,7,3,4,4
L31 4HR,15,5,10,5
L31 4HT,12,8,4,4
L31 4HU,13,8,5,6
L31 4HW,2,1,1,1
L31 4HX,11,4,7,4
L31 4HY,14,8,6,6
L31 4HZ,9,4,5,3
L31 4JA,3,2,1,2
L31 4JB,2,1,1,1
L31 4JD,7,5,2,3
L31 4JE,19,8,11,7
L31 4JF,10,4,6,5
L31 4JG,73,36,37,29
L31 4JH,66,38,28,23
L31 4JJ,96,41,55,35
L31 4JL,95,50,45,34
L31 4JN,31,15,16,10
L31 4JP,38,17,21,20
L31 4JQ,62,33,29,19
L31 4JR,166,76,90,55
L31 4JS,48,20,28,22
L31 4JT,89,44,45,33
L31 4JU,48,22,26,25
L31 4JW,103,52,51,44
L31 4JX,31,16,15,13
L31 4JY,31,17,14,11
L31 4JZ,70,33,37,31
L31 4LA,61,29,32,21
L31 4LB,92,45,47,34
L31 4LD,60,28,32,20
L31 4LF,12,6,6,5
L31 4LS,12,8,4,3
L31 4LT,6,3,3,3
L31 5JB,20,12,8,12
L31 5JE,63,31,32,25
L31 5JF,14,7,7,6
L31 5JG,102,46,56,37
L31 5JH,71,32,39,25
L31 5JJ,49,23,26,21
L31 5JL,123,63,60,39
L31 5JN,79,31,48,27
L31 5JP,35,17,18,13
L31 5JQ,67,34,33,22
L31 5JR,38,21,17,14
L31 5JS,32,16,16,14
L31 5JT,47,26,21,14
L31 5JU,59,33,26,22
L31 5JW,49,29,20,17
L31 5JX,81,39,42,30
L31 5JY,80,40,40,34
L31 5JZ,58,33,25,22
L31 5LA,87,44,43,30
L31 5LB,76,38,38,30
L31 5LD,98,47,51,39
L31 5LF,64,22,42,30
L31 5LG,32,16,16,13
L31 5LJ,40,15,25,18
L31 5LN,112,51,61,40
L31 5LP,84,40,44,31
L31 5LQ,96,47,49,38
L31 5LR,38,20,18,14
L31 5LS,62,30,32,21
L31 5LT,72,33,39,30
L31 5LU,14,5,9,6
L31 5LW,91,51,40,37
L31 5LX,55,23,32,30
L31 5LY,18,10,8,9
L31 5LZ,30,9,21,15
L31 5NB,32,13,19,16
L31 5ND,21,9,12,14
L31 5NE,21,8,13,6
L31 5NF,108,52,56,35
L31 5NG,33,15,18,20
L31 5NH,66,35,31,26
L31 5NJ,17,4,13,13
L31 5NL,129,62,67,44
L31 5NN,94,43,51,34
L31 5NP,57,21,36,23
L31 5NQ,27,11,16,14
L31 5NR,99,52,47,37
L31 5NS,54,25,29,18
L31 5NT,7,3,4,6
L31 5NW,94,44,50,33
L31 5NX,66,32,34,33
L31 5NY,90,46,44,34
L31 5NZ,78,42,36,27
L31 5PA,90,39,51,38
L31 5PB,102,49,53,42
L31 5PD,38,16,22,16
L31 5PL,47,26,21,22
L31 5PN,71,31,40,21
L31 5PP,50,24,26,16
L31 5PW,45,24,21,15
L31 6AA,66,28,38,29
L31 6AB,27,17,10,12
L31 6AD,52,24,28,23
L31 6AE,36,21,15,14
L31 6AF,92,43,49,38
L31 6AG,75,38,37,28
L31 6AH,37,17,20,18
L31 6AJ,27,16,11,14
L31 6AL,71,38,33,28
L31 6AN,40,17,23,18
L31 6AP,28,13,15,9
L31 6AQ,22,13,9,10
L31 6AR,79,36,43,34
L31 6AS,48,20,28,25
L31 6AT,23,12,11,11
L31 6AU,18,8,10,9
L31 6AW,22,12,10,8
L31 6AX,106,48,58,37
L31 6AY,13,5,8,5
L31 6AZ,67,33,34,30
L31 6BA,12,5,7,4
L31 6BB,19,8,11,8
L31 6BD,34,13,21,12
L31 6BE,32,16,16,17
L31 6BG,15,8,7,6
L31 6BH,15,9,6,8
L31 6BJ,60,26,34,31
L31 6BL,66,34,32,29
L31 6BN,71,31,40,32
L31 6BP,25,10,15,10
L31 6BQ,52,24,28,24
L31 6BR,84,43,41,37
L31 6BS,114,54,60,49
L31 6BT,14,8,6,4
L31 6BU,53,23,30,25
L31 6BW,59,30,29,24
L31 6BX,88,40,48,32
L31 6BY,94,42,52,40
L31 6BZ,66,29,37,43
L31 6DA,34,10,24,14
L31 6DB,7,3,4,3
L31 6DD,4,2,2,1
L31 6DE,17,7,10,8
L31 6DF,90,46,44,34
L31 6DG,30,13,17,12
L31 6DH,62,30,32,24
L31 6DJ,69,15,54,0
L31 6DL,44,18,26,20
L31 6DN,65,34,31,28
L31 6DP,84,51,33,34
L31 6DR,47,27,20,22
L31 6DS,58,28,30,25
L31 6DT,45,23,22,21
L31 6DU,37,16,21,17
L31 6DW,81,47,34,30
L31 6DX,49,26,23,19
L31 6DY,52,20,32,18
L31 6DZ,41,20,21,16
L31 6EA,101,46,55,49
L31 6EB,2,1,1,1
L31 6ED,17,6,11,13
L31 6EE,52,29,23,22
L31 6EF,19,7,12,8
L31 6EG,13,9,4,11
L31 6EP,10,5,5,4
L31 6EQ,45,14,31,30
L31 6ER,48,23,25,16
L31 6EU,38,25,13,24
L31 6EY,32,15,17,12
L31 6FB,21,8,13,12
L31 7AA,135,68,67,42
L31 7AB,29,15,14,10
L31 7AD,16,9,7,6
L31 7AE,44,20,24,17
L31 7AF,45,21,24,19
L31 7AG,8,5,3,4
L31 7AJ,23,12,11,8
L31 7AL,27,11,16,17
L31 7AN,72,35,37,25
L31 7AP,49,26,23,18
L31 7AR,18,10,8,8
L31 7AS,23,12,11,8
L31 7AT,71,34,37,24
L31 7AU,48,26,22,22
L31 7AX,103,52,51,36
L31 7AY,74,34,40,24
L31 7AZ,70,30,40,26
L31 7BA,5,2,3,2
L31 7BD,33,18,15,16
L31 7BE,89,39,50,34
L31 7BG,60,29,31,26
L31 7BJ,107,51,56,37
L31 7BL,96,47,49,43
L31 7BN,65,28,37,27
L31 7BP,106,54,52,44
L31 7BQ,38,16,22,14
L31 7BR,99,48,51,38
L31 7BS,114,58,56,37
L31 7BT,81,38,43,32
L31 7BU,31,14,17,13
L31 7BW,75,44,31,23
L31 7BX,55,26,29,20
L31 7BY,71,33,38,26
L31 7BZ,64,32,32,25
L31 7DA,27,14,13,14
L31 7DB,8,4,4,3
L31 7DD,43,19,24,20
L31 7DE,57,34,23,25
L31 7DF,72,39,33,33
L31 7DG,36,17,19,13
L31 7DH,44,22,22,23
L31 7DJ,19,6,13,11
L31 7DL,53,28,25,23
L31 7DN,95,49,46,43
L31 7DP,94,42,52,40
L31 7DQ,86,33,53,26
L31 7DR,106,56,50,41
L31 7DS,35,15,20,19
L31 7DT,21,12,9,16
L31 7DW,43,20,23,15
L31 7EA,17,8,9,6
L31 7EB,19,11,8,6
L31 7ER,16,6,10,12
L31 7FB,15,8,7,5
L31 8AA,44,21,23,16
L31 8AB,5,3,2,2
L31 8AD,64,27,37,24
L31 8AE,120,50,70,59
L31 8AF,3,1,2,2
L31 8AG,50,25,25,33
L31 8AH,59,24,35,25
L31 8AJ,64,30,34,23
L31 8AL,59,28,31,25
L31 8AN,50,23,27,16
L31 8AP,74,40,34,27
L31 8AQ,75,37,38,37
L31 8AR,80,42,38,26
L31 8AS,84,44,40,26
L31 8AT,71,35,36,24
L31 8AU,77,36,41,34
L31 8AW,16,8,8,7
L31 8AX,39,18,21,18
L31 8AY,47,26,21,17
L31 8AZ,67,34,33,28
L31 8BA,48,21,27,17
L31 8BB,43,21,22,16
L31 8BD,98,52,46,34
L31 8BE,8,3,5,2
L31 8BG,1,1,0,1
L31 8BH,21,7,14,8
L31 8BJ,6,3,3,3
L31 8BN,2,1,1,1
L31 8BQ,7,2,5,4
L31 8BT,9,3,6,3
L31 8DD,40,19,21,19
L31 8DE,66,33,33,31
L31 8DF,17,9,8,9
L31 8DG,37,18,19,14
L31 8DH,7,3,4,4
L31 8DJ,17,7,10,10
L31 8DL,26,13,13,12
L31 8DP,88,47,41,34
L31 8DQ,20,7,13,8
L31 8DR,24,10,14,8
L31 8DS,18,8,10,8
L31 8DT,25,12,13,15
L31 8DU,49,28,21,23
L31 8DW,45,24,21,20
L31 8DX,79,37,42,33
L31 8DY,93,43,50,39
L31 8DZ,101,54,47,35
L31 8EA,21,11,10,10
L31 8EB,22,10,12,9
L31 8ED,24,15,9,10
L31 8EF,113,58,55,43
L31 8EG,97,50,47,38
L31 8EH,45,24,21,18
L31 8EJ,22,11,11,9
L31 8EL,16,5,11,9
L31 8EN,45,22,23,15
L31 8EP,37,13,24,33
L31 8EQ,88,44,44,39
L31 8ER,26,11,15,25
L31 8ES,14,5,9,11
L31 8EW,12,7,5,5
L31 8EX,39,20,19,15
L31 8EY,22,9,13,12
L31 9AA,61,25,36,31
L31 9AB,26,12,14,16
L31 9AD,80,38,42,37
L31 9AE,53,20,33,25
L31 9AF,76,32,44,35
L31 9AG,31,14,17,19
L31 9AH,26,13,13,11
L31 9AJ,19,8,11,10
L31 9AL,58,31,27,23
L31 9AN,21,12,9,7
L31 9AP,39,19,20,23
L31 9AQ,85,35,50,41
L31 9AS,21,8,13,12
L31 9AT,36,22,14,16
L31 9AU,6,3,3,3
L31 9AW,41,16,25,15
L31 9AX,85,40,45,33
L31 9AY,27,13,14,14
L31 9AZ,85,37,48,30
L31 9BA,35,16,19,12
L31 9BB,52,26,26,27
L31 9BD,25,11,14,11
L31 9BE,39,17,22,12
L31 9BG,95,47,48,40
L31 9BH,78,32,46,35
L31 9BJ,59,30,29,22
L31 9BL,75,35,40,32
L31 9BN,82,37,45,34
L31 9BP,37,16,21,14
L31 9BQ,71,34,37,30
L31 9BR,43,22,21,14
L31 9BS,74,35,39,26
L31 9BT,57,26,31,26
L31 9BU,77,37,40,26
L31 9BW,66,30,36,28
L31 9BX,37,17,20,18
L31 9BY,131,65,66,53
L31 9BZ,26,13,13,10
L31 9DA,73,34,39,28
L31 9DB,122,54,68,52
L31 9DD,5,1,4,2
L31 9DE,139,65,74,58
L31 9DF,69,38,31,25
L31 9DG,80,37,43,32
L31 9DH,66,29,37,25
L31 9DJ,55,29,26,22
L31 9DL,51,25,26,21
L31 9DN,65,31,34,30
L31 9DP,22,8,14,8
L31 9DQ,93,46,47,44
L31 9DR,89,48,41,35
L31 9DS,68,36,32,27
L31 9DT,16,6,10,9
L31 9DU,19,10,9,10
L31 9DW,45,19,26,22
L31 9DX,28,14,14,17
L31 9DY,24,12,12,8
L31 9DZ,73,31,42,27
L31 9PA,77,35,42,24
L31 9PB,12,6,6,7
L31 9PD,17,10,7,8
L31 9PE,58,28,30,22
L31 9PF,22,12,10,10
L31 9PG,22,11,11,8
L31 9PJ,102,57,45,35
L31 9PL,145,63,82,57
L31 9PN,93,47,46,37
L31 9PQ,45,25,20,19
L31 9PR,43,20,23,16
L31 9PS,80,41,39,30
L31 9PT,54,29,25,20
L31 9PU,81,43,38,28
L31 9PW,32,18,14,12
L31 9PZ,44,15,29,38
L32 0RB,48,24,24,24
L32 0RD,16,11,5,11
L32 0RE,9,3,6,6
L32 0RF,46,21,25,23
L32 0RG,68,26,42,31
L32 0RH,71,30,41,32
L32 0RJ,71,34,37,34
L32 0RL,7,1,6,4
L32 0RN,59,30,29,24
L32 0RP,64,32,32,21
L32 0RR,28,15,13,18
L32 0RS,59,26,33,26
L32 0RT,86,37,49,37
L32 0RU,67,28,39,31
L32 0RW,78,31,47,37
L32 0RX,61,32,29,26
L32 0RY,90,46,44,39
L32 0RZ,30,15,15,15
L32 0SA,56,24,32,22
L32 0SB,73,39,34,32
L32 0SD,42,20,22,18
L32 0SE,37,18,19,17
L32 0SF,104,48,56,42
L32 0SG,101,49,52,43
L32 0SH,50,27,23,20
L32 0SJ,54,28,26,20
L32 0SL,12,4,8,6
L32 0SN,24,8,16,6
L32 0SP,10,5,5,4
L32 0SQ,47,20,27,16
L32 0SR,9,3,6,3
L32 0SS,24,13,11,9
L32 0ST,22,11,11,11
L32 0SU,18,7,11,7
L32 0SW,49,24,25,22
L32 0SX,42,17,25,14
L32 0SY,69,31,38,30
L32 0SZ,60,26,34,24
L32 0TA,67,33,34,27
L32 0TB,69,35,34,33
L32 0TD,17,8,9,8
L32 0TE,21,11,10,14
L32 0TF,10,4,6,5
L32 0TH,69,33,36,26
L32 0TJ,23,7,16,9
L32 0TL,28,13,15,13
L32 0TN,9,3,6,4
L32 0TP,3,2,1,2
L32 0TQ,20,9,11,10
L32 0TR,16,9,7,9
L32 0TS,67,27,40,23
L32 0TT,46,27,19,27
L32 0TW,43,14,29,18
L32 0TX,61,28,33,20
L32 0TY,20,8,12,10
L32 0UA,55,26,29,22
L32 0UB,35,11,24,16
L32 0UD,54,25,29,23
L32 0UE,51,22,29,19
L32 0UF,47,19,28,21
L32 0UG,47,20,27,18
L32 0UH,37,14,23,17
L32 0UJ,29,11,18,10
L32 0UL,77,39,38,34
L32 0UN,39,16,23,15
L32 0UP,41,20,21,19
L32 0UQ,13,8,5,6
L32 0UR,19,10,9,12
L32 0US,9,2,7,3
L32 0UW,31,17,14,12
L32 0UZ,83,33,50,34
L32 0WA,39,16,23,18
L32 0XA,27,13,14,12
L32 0XB,67,33,34,26
L32 0XE,66,26,40,22
L32 0XF,31,19,12,10
L32 0XH,126,50,76,66
L32 0XJ,17,8,9,5
L32 0XL,28,12,16,11
L32 0XQ,9,5,4,3
L32 1BA,119,59,60,40
L32 1BB,84,41,43,29
L32 1BD,17,8,9,6
L32 1BE,44,18,26,12
L32 1BG,84,38,46,25
L32 1BH,58,30,28,15
L32 1BJ,31,14,17,11
L32 1BN,46,21,25,13
L32 1BQ,30,18,12,11
L32 1BT,70,35,35,28
L32 1BU,24,13,11,13
L32 1TA,33,14,19,18
L32 1TB,49,17,32,21
L32 1TD,15,10,5,5
L32 1TE,36,15,21,14
L32 1TF,57,26,31,28
L32 1TG,21,11,10,8
L32 1TH,49,19,30,24
L32 1TJ,80,35,45,39
L32 1TL,62,29,33,25
L32 1TN,60,27,33,29
L32 1TP,45,23,22,22
L32 1TQ,48,21,27,23
L32 1TR,69,32,37,26
L32 1TS,45,23,22,16
L32 1TT,81,38,43,35
L32 1TU,14,8,6,5
L32 1TW,89,39,50,31
L32 2AD,15,9,6,8
L32 2AE,9,3,6,5
L32 2AF,2,1,1,2
L32 2AG,68,34,34,27
L32 2AJ,52,19,33,29
L32 2AL,78,42,36,36
L32 2AN,68,36,32,37
L32 2AP,88,45,43,38
L32 2AQ,56,34,22,27
L32 2AR,66,31,35,45
L32 2AS,64,32,32,30
L32 2AU,29,13,16,9
L32 2AW,96,50,46,43
L32 2AX,18,9,9,5
L32 2AZ,116,59,57,44
L32 2BA,106,56,50,45
L32 2BB,96,46,50,37
L32 2BD,24,15,9,20
L32 2BE,59,27,32,26
L32 2BG,4,2,2,1
L32 2BH,61,28,33,27
L32 2BJ,61,25,36,28
L32 2BL,117,55,62,47
L32 2BN,75,39,36,35
L32 2BP,11,5,6,4
L32 2BQ,46,21,25,19
L32 2BR,36,21,15,13
L32 2BS,147,70,77,59
L32 2BT,64,38,26,19
L32 2BU,28,10,18,21
L32 2BW,64,35,29,26
L32 2BY,7,4,3,4
L32 2BZ,20,9,11,9
L32 2DD,46,20,26,41
L32 2DE,96,43,53,37
L32 2DF,8,5,3,5
L32 2DG,10,5,5,5
L32 2DH,45,23,22,15
L32 2DJ,93,44,49,30
L32 2DL,27,15,12,7
L32 2DN,69,35,34,19
L32 2DP,19,10,9,12
L32 2DQ,93,50,43,29
L32 3XA,75,35,40,38
L32 3XB,58,29,29,22
L32 3XD,35,16,19,12
L32 3XE,79,33,46,42
L32 3XF,59,20,39,26
L32 3XG,26,10,16,8
L32 3XH,69,28,41,30
L32 3XJ,60,27,33,29
L32 3XL,54,25,29,22
L32 3XN,40,17,23,14
L32 3XP,5,2,3,4
L32 3XQ,36,19,17,16
L32 3XR,12,6,6,4
L32 3XS,34,16,18,14
L32 3XT,57,31,26,21
L32 3XU,54,21,33,19
L32 3XW,43,24,19,17
L32 3XX,72,34,38,32
L32 3XY,68,31,37,31
L32 3XZ,78,38,40,34
L32 3YA,43,19,24,16
L32 3YB,16,11,5,4
L32 3YD,35,14,21,16
L32 3YE,17,7,10,10
L32 3YF,46,19,27,19
L32 3YG,49,21,28,23
L32 3YJ,18,8,10,7
L32 4RY,10,3,7,7
L32 4RZ,19,10,9,10
L32 4SA,6,1,5,3
L32 4SD,4,2,2,2
L32 4SE,11,7,4,4
L32 4SF,14,7,7,5
L32 4SG,29,14,15,15
L32 4SH,39,22,17,20
L32 4SJ,45,23,22,19
L32 4SL,1,0,1,1
L32 4SN,32,18,14,16
L32 4SP,34,17,17,12
L32 4SQ,58,30,28,24
L32 4SR,14,8,6,6
L32 4SS,8,6,2,4
L32 4ST,36,15,21,14
L32 4SU,26,10,16,12
L32 4SW,53,24,29,21
L32 4SX,47,24,23,19
L32 4SY,5,3,2,5
L32 4SZ,66,23,43,25
L32 4TA,46,23,23,19
L32 4TB,51,26,25,17
L32 4TD,24,10,14,11
L32 4TE,71,31,40,33
L32 4TF,30,17,13,10
L32 4TG,51,26,25,20
L32 4TH,48,21,27,23
L32 4TQ,59,25,34,26
L32 4TU,11,7,4,5
L32 4TX,22,9,13,10
L32 4TY,25,11,14,13
L32 4TZ,12,5,7,6
L32 4UA,38,17,21,16
L32 4UB,38,19,19,13
L32 4UD,25,13,12,11
L32 4UE,28,14,14,12
L32 4UF,21,10,11,10
L32 4UG,50,27,23,21
L32 4UJ,12,3,9,5
L32 4UL,42,24,18,17
L32 4UN,43,19,24,24
L32 4UQ,47,16,31,20
L32 4UR,51,25,26,14
L32 4US,39,23,16,16
L32 4UT,40,23,17,17
L32 4UU,57,27,30,23
L32 4UX,19,7,12,13
L32 4UY,27,10,17,13
L32 4WA,62,27,35,21
L32 4WB,24,13,11,7
L32 4XD,24,15,9,8
L32 5SR,11,5,6,5
L32 5SS,11,4,7,5
L32 5ST,28,11,17,9
L32 5SU,75,34,41,27
L32 5SZ,21,8,13,11
L32 5TA,42,18,24,19
L32 5TB,54,27,27,25
L32 5TD,59,20,39,10
L32 5TE,58,19,39,23
L32 5TG,56,26,30,22
L32 5TH,5,3,2,2
L32 5TJ,12,8,4,5
L32 5TL,84,34,50,33
L32 5TN,49,23,26,20
L32 5TP,4,2,2,2
L32 5TQ,13,6,7,8
L32 5TR,29,11,18,14
L32 5TS,15,7,8,10
L32 5TU,90,46,44,37
L32 5TW,35,12,23,17
L32 5TY,42,17,25,19
L32 5UP,37,18,19,24
L32 6QB,45,17,28,17
L32 6QD,16,11,5,14
L32 6QE,48,15,33,19
L32 6QF,19,10,9,8
L32 6QH,15,8,7,5
L32 6QL,18,10,8,9
L32 6QN,49,18,31,20
L32 6QP,26,15,11,20
L32 6QQ,27,13,14,16
L32 6QR,84,34,50,38
L32 6QS,34,12,22,17
L32 6QT,66,37,29,35
L32 6QU,34,13,21,16
L32 6QW,41,17,24,16
L32 6QX,38,21,17,31
L32 6QY,35,15,20,33
L32 6QZ,32,25,7,31
L32 6RA,31,24,7,28
L32 6RB,23,17,6,21
L32 6RD,44,32,12,37
L32 6RE,31,22,9,27
L32 6RF,36,31,5,35
L32 6RG,55,21,34,26
L32 6RH,64,29,35,26
L32 6RJ,50,24,26,20
L32 6RL,24,12,12,8
L32 6RN,71,33,38,30
L32 6RP,30,14,16,14
L32 6RQ,54,27,27,26
L32 6RR,52,26,26,20
L32 6RS,31,16,15,17
L32 6RT,70,32,38,33
L32 6RU,15,6,9,6
L32 6RW,42,17,25,18
L32 6RX,77,36,41,26
L32 6RY,50,16,34,17
L32 6SA,23,13,10,8
L32 6SB,28,12,16,13
L32 6SD,21,10,11,7
L32 6SE,56,27,29,27
L32 6SF,15,7,8,8
L32 6SG,63,32,31,21
L32 6SH,36,18,18,17
L32 6SJ,51,27,24,19
L32 6SL,39,14,25,19
L32 6SN,31,21,10,19
L32 6SQ,35,18,17,20
L32 6SR,10,6,4,6
L32 6SS,10,4,6,3
L32 6ST,16,7,9,6
L32 6SW,18,8,10,8
L32 6SZ,18,9,9,15
L32 7PA,3,1,2,1
L32 7PB,33,19,14,15
L32 7PD,71,38,33,31
L32 7PE,25,12,13,13
L32 7PF,47,21,26,22
L32 7PH,42,18,24,18
L32 7PJ,28,11,17,11
L32 7PL,43,19,24,21
L32 7PN,43,18,25,19
L32 7PP,67,30,37,32
L32 7PQ,63,28,35,25
L32 7PR,35,19,16,15
L32 7PS,20,11,9,8
L32 7PT,67,33,34,29
L32 7PU,7,4,3,4
L32 7PW,46,23,23,24
L32 7PY,5,3,2,4
L32 7PZ,29,16,13,11
L32 7QA,3,2,1,2
L32 7QE,40,21,19,16
L32 7QF,66,33,33,26
L32 7QG,58,28,30,26
L32 7QH,49,9,40,30
L32 7QJ,34,17,17,15
L32 7QL,39,21,18,18
L32 7QN,54,23,31,23
L32 7QP,29,12,17,13
L32 7QQ,50,19,31,21
L32 7QR,38,20,18,16
L32 7QS,60,30,30,26
L32 7QT,61,23,38,22
L32 7QU,34,11,23,17
L32 7QW,43,20,23,17
L32 7QX,48,22,26,17
L32 7QY,24,16,8,10
L32 7RA,36,22,14,10
L32 7RB,10,6,4,3
L32 7RD,7,3,4,4
L32 7RE,37,17,20,11
L32 7RF,12,2,10,9
L32 7RG,24,13,11,8
L32 7RH,51,24,27,27
L32 7RJ,30,18,12,9
L32 7RL,22,9,13,9
L32 7RN,93,45,48,36
L32 7RP,68,38,30,25
L32 7RQ,16,6,10,7
L32 7RR,35,20,15,12
L32 7RS,43,22,21,12
L32 7RT,19,9,10,7
L32 7RW,50,22,28,23
L32 7RX,53,24,29,21
L32 7RZ,1,0,1,1
L32 7SA,16,10,6,9
L32 7SB,4,2,2,2
L32 7SD,21,10,11,5
L32 7SE,29,16,13,11
L32 7SF,27,10,17,12
L32 8RD,1,1,0,1
L32 8SD,37,19,18,20
L32 8SL,77,41,36,35
L32 8SN,41,24,17,28
L32 8SP,44,25,19,18
L32 8SQ,46,19,27,17
L32 8SR,28,12,16,13
L32 8SS,57,22,35,16
L32 8ST,73,38,35,28
L32 8SU,58,27,31,20
L32 8SW,49,31,18,45
L32 8SX,76,35,41,30
L32 8SY,42,22,20,15
L32 8SZ,37,19,18,11
L32 8TA,36,20,16,17
L32 8TB,69,29,40,33
L32 8TD,45,20,25,27
L32 8TE,36,18,18,16
L32 8TF,14,5,9,6
L32 8TG,20,8,12,14
L32 8TH,35,14,21,14
L32 8TJ,18,8,10,8
L32 8TL,28,11,17,10
L32 8TN,51,24,27,19
L32 8TP,63,28,35,22
L32 8TQ,56,23,33,19
L32 8TR,81,39,42,32
L32 8TS,40,12,28,18
L32 8TT,84,34,50,33
L32 8TU,29,13,16,12
L32 8TW,50,25,25,18
L32 8TX,24,7,17,13
L32 8TY,77,34,43,29
L32 8TZ,58,20,38,22
L32 8UA,75,33,42,26
L32 8UB,16,8,8,8
L32 8UE,9,4,5,3
L32 8UJ,60,23,37,26
L32 8UL,56,18,38,31
L32 8UN,32,16,16,12
L32 8UQ,24,8,16,10
L32 8XB,31,13,18,12
L32 8XD,25,8,17,10
L32 8XE,68,29,39,29
L32 8XF,37,15,22,11
L32 8XP,23,12,11,10
L32 8YB,2,0,2,2
L32 8ZP,45,17,28,19
L32 9BA,147,70,77,46
L32 9BB,52,20,32,15
L32 9BD,25,11,14,11
L32 9PA,68,34,34,26
L32 9PB,45,19,26,23
L32 9PE,55,26,29,21
L32 9PF,27,16,11,16
L32 9PG,27,15,12,12
L32 9PL,41,21,20,16
L32 9PN,13,5,8,9
L32 9PQ,44,28,16,19
L32 9PR,30,18,12,11
L32 9PS,34,13,21,18
L32 9PT,24,9,15,9
L32 9PU,90,51,39,47
L32 9PW,47,25,22,22
L32 9PX,59,30,29,19
L32 9PY,85,40,45,42
L32 9PZ,45,23,22,21
L32 9QA,37,16,21,18
L32 9QB,14,8,6,6
L32 9QD,23,10,13,12
L32 9QE,49,19,30,20
L32 9QF,60,25,35,26
L32 9QG,47,29,18,22
L32 9QH,46,21,25,21
L32 9QJ,33,17,16,13
L32 9QL,44,16,28,22
L32 9QN,41,19,22,16
L32 9QP,50,25,25,24
L32 9QQ,27,15,12,10
L32 9QR,55,25,30,18
L32 9QS,44,20,24,20
L32 9QT,33,17,16,15
L32 9QU,91,47,44,39
L32 9QW,44,16,28,21
L32 9QX,65,32,33,25
L32 9QY,55,30,25,21
L32 9QZ,46,16,30,15
L32 9RA,18,12,6,7
L32 9RB,73,31,42,27
L32 9RD,55,28,27,21
L32 9RE,25,12,13,10
L32 9RF,35,17,18,17
L32 9RG,46,24,22,20
L32 9RH,64,29,35,23
L32 9RJ,53,27,26,21
L32 9RL,50,23,27,19
L32 9RN,46,20,26,28
L32 9RP,28,13,15,16
L32 9RQ,49,19,30,21
L32 9RS,42,20,22,17
L32 9RT,48,22,26,16
L32 9RW,72,31,41,30
L32 9RX,6,2,4,3
L32 9SA,13,6,7,5
L32 9SB,7,2,5,5
L32 9SD,35,19,16,11
L32 9SF,15,6,9,8
L32 9SG,84,40,44,31
L32 9SH,188,93,95,59
L32 9SJ,31,14,17,9
L32 9SL,46,23,23,16
L32 9SN,31,16,15,11
L32 9SP,10,3,7,4
L32 9SQ,76,34,42,19
L32 9SR,70,40,30,28
L32 9SS,88,42,46,28
L32 9ST,22,11,11,6
L32 9SU,22,13,9,6
L32 9SW,43,19,24,21
L33 0XA,43,18,25,20
L33 0XB,46,24,22,30
L33 0XD,47,28,19,22
L33 0XE,48,23,25,27
L33 0XF,5,2,3,3
L33 0XG,44,21,23,17
L33 0XH,103,46,57,31
L33 0XJ,26,12,14,14
L33 0XN,8,6,2,6
L33 0XP,41,22,19,13
L33 0XQ,17,6,11,7
L33 0XR,81,31,50,31
L33 0XS,23,12,11,9
L33 0XT,11,7,4,5
L33 0XU,27,11,16,14
L33 0XW,37,13,24,18
L33 0XX,29,15,14,12
L33 0XY,84,43,41,34
L33 0XZ,54,25,29,23
L33 0YA,46,26,20,29
L33 0YB,30,17,13,15
L33 0YD,56,31,25,29
L33 0YE,54,28,26,20
L33 0YQ,43,23,20,15
L33 1AB,53,23,30,22
L33 1AD,23,10,13,10
L33 1ED,120,59,61,48
L33 1EE,44,21,23,18
L33 1EF,55,30,25,22
L33 1EG,31,13,18,12
L33 1EH,86,44,42,32
L33 1EJ,66,34,32,23
L33 1EL,50,26,24,20
L33 1EN,31,16,15,18
L33 1EQ,67,29,38,27
L33 1ER,76,39,37,30
L33 1EW,37,13,24,17
L33 1QZ,24,8,16,10
L33 1RA,15,3,12,6
L33 1RB,11,5,6,7
L33 1RD,10,2,8,4
L33 1RE,21,10,11,6
L33 1RF,34,16,18,16
L33 1RG,46,19,27,19
L33 1RH,39,14,25,17
L33 1RJ,46,17,29,19
L33 1RL,30,14,16,16
L33 1RN,16,7,9,6
L33 1RP,24,13,11,10
L33 1RR,80,34,46,29
L33 1RT,29,11,18,11
L33 1RU,18,10,8,6
L33 1RW,57,25,32,22
L33 1RX,4,1,3,3
L33 1RY,9,5,4,4
L33 1RZ,22,9,13,7
L33 1SA,118,53,65,41
L33 1SB,66,30,36,25
L33 1SD,29,12,17,14
L33 1SE,6,1,5,4
L33 1SF,11,5,6,6
L33 1SG,25,11,14,10
L33 1SH,134,63,71,53
L33 1SL,10,6,4,5
L33 1SN,28,16,12,9
L33 1SP,14,7,7,6
L33 1SQ,82,37,45,38
L33 1SR,26,10,16,11
L33 1SS,38,19,19,13
L33 1ST,8,4,4,5
L33 1SU,39,17,22,17
L33 1SW,34,18,16,12
L33 1SX,17,7,10,6
L33 1SY,24,9,15,10
L33 1SZ,75,28,47,27
L33 1TA,94,42,52,41
L33 1TB,29,14,15,12
L33 1TD,60,29,31,23
L33 1TE,29,13,16,13
L33 1TF,26,12,14,11
L33 1TG,58,29,29,21
L33 1TH,21,14,7,8
L33 1TJ,35,18,17,12
L33 1TN,41,24,17,15
L33 1TP,56,26,30,17
L33 1TR,20,11,9,7
L33 1TS,21,7,14,6
L33 1TT,14,6,8,5
L33 1TW,53,15,38,22
L33 1TX,16,7,9,5
L33 1TZ,13,7,6,5
L33 1UA,20,7,13,6
L33 1UE,3,1,2,1
L33 1UF,20,8,12,6
L33 1UG,21,8,13,7
L33 1UH,10,3,7,5
L33 1UJ,36,15,21,12
L33 1UL,14,5,9,6
L33 1UN,50,23,27,17
L33 1UP,61,28,33,19
L33 1UQ,32,15,17,13
L33 1UR,21,11,10,9
L33 1US,47,18,29,17
L33 1UT,23,11,12,8
L33 1UU,77,33,44,30
L33 1UW,38,19,19,16
L33 1UY,47,18,29,37
L33 1WA,52,25,27,22
L33 1WB,29,15,14,10
L33 1WD,51,21,30,16
L33 1WE,33,18,15,11
L33 1WF,44,18,26,19
L33 1WU,16,6,10,6
L33 1WX,28,18,10,10
L33 1WY,50,22,28,25
L33 1WZ,66,33,33,30
L33 1XA,3,3,0,2
L33 1XD,1,1,0,1
L33 1YF,34,18,16,14
L33 1YL,55,26,29,23
L33 1YR,41,16,25,17
L33 1YX,14,5,9,7
L33 1ZA,62,20,42,25
L33 1ZB,56,25,31,16
L33 1ZD,55,22,33,19
L33 1ZE,50,22,28,21
L33 1ZF,66,29,37,27
L33 1ZG,80,44,36,30
L33 1ZH,20,8,12,6
L33 1ZJ,24,10,14,8
L33 1ZL,7,3,4,3
L33 1ZN,17,10,7,6
L33 1ZP,21,9,12,7
L33 1ZQ,51,24,27,15
L33 1ZR,77,40,37,30
L33 1ZS,43,19,24,16
L33 1ZT,86,40,46,32
L33 1ZW,42,21,21,15
L33 1ZX,38,21,17,12
L33 1ZY,4,2,2,3
L33 1ZZ,45,20,25,23
L33 2DA,64,30,34,24
L33 2DB,69,35,34,29
L33 2DD,51,30,21,24
L33 2DE,40,13,27,12
L33 2DF,46,22,24,19
L33 2DG,81,34,47,30
L33 2DH,62,32,30,30
L33 2DJ,81,34,47,34
L33 2DL,34,17,17,13
L33 2DN,41,16,25,20
L33 2DP,29,13,16,13
L33 2DQ,52,19,33,15
L33 2DR,30,14,16,13
L33 2DS,72,30,42,34
L33 2DT,27,11,16,11
L33 2DU,26,15,11,9
L33 2DW,44,21,23,18
L33 2DX,53,28,25,17
L33 2DY,33,15,18,15
L33 2DZ,44,25,19,18
L33 2EB,5,2,3,2
L33 2ED,60,28,32,23
L33 2EE,46,21,25,18
L33 2EF,74,34,40,31
L33 2EH,39,23,16,31
L33 3AD,3,1,2,1
L33 3AE,18,8,10,6
L33 3AF,2,1,1,1
L33 3AH,12,5,7,5
L33 3AJ,9,6,3,4
L33 3AL,4,1,3,1
L33 3AN,3,1,2,1
L33 3AP,9,4,5,5
L33 3AQ,2,1,1,1
L33 3AR,4,2,2,2
L33 3AT,12,7,5,6
L33 3AU,8,4,4,2
L33 4BA,24,12,12,11
L33 4BB,36,20,16,16
L33 4BD,73,37,36,28
L33 4DA,50,28,22,21
L33 4DB,20,10,10,9
L33 4DD,81,35,46,22
L33 4DE,52,25,27,19
L33 4DF,59,26,33,18
L33 4DG,67,30,37,28
L33 4DH,54,24,30,21
L33 4DJ,10,4,6,3
L33 4DL,72,36,36,29
L33 4DP,9,5,4,3
L33 4DQ,207,102,105,83
L33 4DR,85,39,46,34
L33 4DS,64,30,34,25
L33 4DT,60,29,31,17
L33 4DU,101,50,51,35
L33 4DW,96,43,53,40
L33 4DX,46,23,23,19
L33 4DY,43,16,27,16
L33 4DZ,71,35,36,20
L33 4EA,58,29,29,17
L33 4EB,51,23,28,14
L33 4EG,101,47,54,37
L33 4EH,44,17,27,17
L33 4EJ,27,13,14,12
L33 4EL,37,18,19,16
L33 4EN,29,11,18,12
L33 4EP,31,14,17,12
L33 4EQ,78,33,45,28
L33 4ER,27,16,11,10
L33 4ES,72,33,39,27
L33 4ET,46,23,23,22
L33 4EU,17,7,10,5
L33 4EW,10,5,5,5
L33 4EX,56,28,28,21
L33 4EY,25,10,15,8
L33 4EZ,42,19,23,13
L33 4FB,51,24,27,16
L33 4FD,70,37,33,22
L33 4FE,93,45,48,31
L33 4GA,48,23,25,16
L33 4GB,105,50,55,36
L33 4HA,50,20,30,14
L33 4HB,20,10,10,4
L33 4HD,33,16,17,11
L33 4HE,29,13,16,10
L33 4HF,49,28,21,19
L33 4HG,95,45,50,35
L33 4HJ,52,27,25,15
L33 4HL,44,29,15,15
L33 4HP,48,19,29,19
L33 4HR,52,22,30,24
L33 4HS,200,107,93,79
L33 4HT,29,15,14,13
L33 4HU,42,21,21,15
L33 4HW,28,12,16,16
L33 4HX,26,14,12,10
L33 4JA,37,16,21,10
L33 4JB,44,20,24,16
L33 4JD,85,40,45,24
L33 4JE,76,38,38,28
L33 4XX,33,15,18,12
L33 4YA,1,0,1,1
L33 4YB,28,16,12,12
L33 4YD,9,6,3,3
L33 4YE,95,46,49,28
L33 4YF,4,2,2,2
L33 4YG,7,3,4,4
L33 4YH,12,5,7,7
L33 4YQ,8,2,6,3
L33 4YS,75,36,39,31
L33 4YT,20,9,11,8
L33 4YU,122,68,54,45
L33 4YX,92,43,49,33
L33 4YY,78,41,37,27
L33 4YZ,80,42,38,31
L33 5XA,62,22,40,29
L33 5XB,50,22,28,24
L33 5XD,3,2,1,2
L33 5XE,37,20,17,15
L33 5XF,22,10,12,9
L33 5XG,53,24,29,20
L33 5XH,27,16,11,8
L33 5XJ,62,33,29,21
L33 5XL,15,7,8,6
L33 5XN,47,24,23,16
L33 5XP,72,34,38,26
L33 5XQ,82,38,44,33
L33 5XR,37,18,19,19
L33 5XS,51,19,32,24
L33 5XT,58,25,33,20
L33 5XU,34,11,23,18
L33 5XW,49,24,25,17
L33 5XX,80,27,53,38
L33 5XY,57,28,29,24
L33 5XZ,47,24,23,16
L33 5YA,15,7,8,9
L33 5YB,86,36,50,35
L33 5YD,25,12,13,10
L33 5YF,44,22,22,20
L33 5YG,27,12,15,15
L33 5YH,33,12,21,12
L33 5YJ,47,20,27,27
L33 5YL,11,4,7,4
L33 5YQ,25,15,10,12
L33 6UA,30,15,15,10
L33 6UB,2,1,1,1
L33 6UD,7,5,2,2
L33 6UE,83,32,51,31
L33 6UF,63,29,34,23
L33 6UG,50,28,22,20
L33 6UH,20,7,13,9
L33 6UJ,16,9,7,11
L33 6UL,29,11,18,14
L33 6UN,28,12,16,12
L33 6UP,13,5,8,6
L33 6UQ,111,45,66,33
L33 6US,41,19,22,16
L33 6UT,35,14,21,17
L33 6UU,37,19,18,14
L33 6UW,37,13,24,18
L33 6UX,28,12,16,15
L33 6UY,47,19,28,22
L33 6UZ,64,29,35,23
L33 6XA,19,6,13,10
L33 6XB,75,32,43,34
L33 6XD,41,19,22,25
L33 6XE,30,25,5,25
L33 6XJ,28,12,16,7
L33 6XN,3,2,1,2
L33 6XP,23,14,9,10
L33 6XQ,44,23,21,17
L33 6XR,3,2,1,2
L33 6XS,8,1,7,4
L33 6XT,75,38,37,32
L33 6XU,32,14,18,16
L33 6XW,39,12,27,18
L33 6XY,47,21,26,20
L33 6XZ,43,18,25,16
L33 6YB,80,31,49,32
L33 6YD,41,18,23,24
L33 6YE,30,16,14,14
L33 6YF,71,30,41,25
L33 6YH,42,22,20,12
L33 6YN,23,10,13,9
L33 6YQ,47,14,33,36
L33 7UA,2,1,1,1
L33 7UY,1,0,1,1
L33 7XB,6,3,3,3
L33 7XE,3,1,2,2
L33 7XX,49,25,24,19
L33 7XY,56,27,29,19
L33 7XZ,35,20,15,12
L33 7YA,67,32,35,29
L33 8WW,43,24,19,23
L33 8WX,34,17,17,14
L33 8WY,108,63,45,68
L33 8WZ,89,45,44,57
L33 8XB,21,11,10,7
L33 8XE,54,30,24,26
L33 8XR,47,25,22,19
L33 8XS,25,9,16,10
L33 8XT,15,7,8,6
L33 8XU,11,5,6,7
L33 8XX,39,18,21,18
L33 8XY,61,31,30,49
L33 8XZ,73,36,37,48
L33 8YA,54,36,18,43
L33 8YB,29,10,19,15
L33 8YD,54,27,27,20
L33 8YE,24,14,10,12
L33 8YF,11,4,7,6
L33 8YH,18,10,8,5
L33 8YJ,13,8,5,6
L33 8YL,21,9,12,10
L33 8YN,15,7,8,7
L33 8YP,42,19,23,18
L33 8YQ,77,35,42,31
L33 8YR,50,10,40,0
L33 8YW,37,21,16,15
L33 9TA,3,1,2,2
L33 9TB,51,24,27,19
L33 9TD,47,20,27,10
L33 9TF,39,17,22,15
L33 9TG,33,14,19,12
L33 9TH,13,4,9,4
L33 9TJ,12,7,5,6
L33 9TL,53,23,30,22
L33 9TN,30,14,16,10
L33 9TP,58,22,36,25
L33 9TQ,47,21,26,19
L33 9TR,28,13,15,11
L33 9TS,21,8,13,10
L33 9TT,45,14,31,19
L33 9TW,27,14,13,9
L33 9TX,26,6,20,11
L33 9TY,21,8,13,14
L33 9TZ,33,12,21,13
L33 9UA,30,11,19,11
L33 9UB,55,26,29,19
L33 9UD,91,40,51,37
L33 9UE,46,20,26,18
L33 9UF,58,25,33,27
L33 9UG,61,31,30,22
L33 9UH,29,15,14,12
L33 9UJ,31,14,17,12
L33 9UL,24,10,14,6
L33 9UN,73,24,49,26
L33 9UQ,28,13,15,10
L33 9US,36,17,19,14
L33 9UT,8,5,3,4
L33 9UX,21,11,10,5
L33 9UY,46,22,24,18
L33 9UZ,68,27,41,26
L33 9XB,111,40,71,36
L33 9XD,34,14,20,15
L33 9XE,93,36,57,36
L33 9XF,20,6,14,8
L33 9XG,49,22,27,24
L33 9XH,5,1,4,2
L33 9XL,22,10,12,6
L33 9XP,38,17,21,12
L33 9XQ,97,36,61,32
L33 9XS,18,7,11,9
L33 9XT,39,11,28,12
L33 9XW,43,21,22,14
L34 0BA,15,9,6,12
L34 0BB,21,12,9,14
L34 0EA,26,10,16,11
L34 0EB,86,44,42,39
L34 0ED,104,55,49,45
L34 0EE,4,1,3,3
L34 0EF,44,22,22,24
L34 0EG,88,50,38,36
L34 0EH,79,42,37,32
L34 0EJ,56,25,31,25
L34 0EL,83,41,42,36
L34 0EN,16,7,9,7
L34 0EP,13,5,8,8
L34 0EQ,16,7,9,5
L34 0ER,45,23,22,17
L34 0ES,107,53,54,36
L34 0ET,3,1,2,3
L34 0EU,59,27,32,28
L34 0EW,13,6,7,6
L34 0EY,25,13,12,8
L34 0EZ,17,7,10,13
L34 0HA,15,7,8,6
L34 0HB,10,5,5,7
L34 0HD,6,5,1,2
L34 0HE,34,8,26,18
L34 0HF,110,56,54,34
L34 0HG,72,36,36,28
L34 0HH,42,23,19,22
L34 0HJ,21,10,11,8
L34 0HL,22,14,8,11
L34 0HN,67,33,34,27
L34 0HP,101,46,55,42
L34 0HQ,56,26,30,20
L34 0HR,21,11,10,7
L34 0HS,66,30,36,30
L34 0HT,75,32,43,34
L34 0HU,23,10,13,8
L34 0HW,100,48,52,42
L34 0HX,11,6,5,4
L34 0HY,52,27,25,22
L34 0HZ,53,26,27,25
L34 0JA,4,2,2,2
L34 0JB,4,1,3,3
L34 0JD,27,13,14,11
L34 0JE,28,14,14,13
L34 0JF,20,9,11,8
L34 0JG,15,7,8,6
L34 0JH,34,15,19,14
L34 0JN,5,4,1,2
L34 0JQ,104,53,51,35
L34 0JW,11,5,6,4
L34 1LA,16,10,6,13
L34 1LB,45,26,19,16
L34 1LD,34,19,15,12
L34 1LE,32,16,16,10
L34 1LH,49,24,25,18
L34 1LJ,40,24,16,16
L34 1LL,37,20,17,11
L34 1LN,40,21,19,18
L34 1LP,40,19,21,14
L34 1LQ,40,24,16,21
L34 1LR,11,5,6,6
L34 1LS,17,8,9,10
L34 1LT,27,10,17,23
L34 1LU,19,9,10,15
L34 1LW,40,22,18,16
L34 1LX,25,13,12,9
L34 1LY,52,24,28,24
L34 1LZ,88,46,42,25
L34 1NA,70,39,31,26
L34 1NB,67,35,32,26
L34 1ND,25,13,12,14
L34 1NE,27,14,13,11
L34 1NF,35,20,15,15
L34 1NG,58,26,32,22
L34 1NH,50,39,11,33
L34 1NJ,17,13,4,16
L34 1NL,15,8,7,8
L34 1NQ,70,36,34,30
L34 1NR,6,4,2,4
L34 1NS,33,18,15,13
L34 1NT,39,19,20,18
L34 1NU,47,23,24,22
L34 1NX,30,14,16,10
L34 1NY,56,20,36,45
L34 1PL,14,7,7,5
L34 1PN,162,80,82,49
L34 1PP,25,14,11,9
L34 1PR,45,23,22,17
L34 1PS,23,11,12,12
L34 1PT,25,11,14,10
L34 1PU,58,32,26,20
L34 1PW,13,5,8,6
L34 1PX,74,35,39,26
L34 1PY,43,19,24,15
L34 1PZ,32,15,17,15
L34 1QA,3,2,1,1
L34 1QB,120,61,59,36
L34 1QD,107,54,53,31
L34 1QF,28,14,14,8
L34 1QH,36,20,16,13
L34 1QL,3,1,2,1
L34 2GA,42,17,25,18
L34 2GD,22,10,12,10
L34 2QA,19,7,12,9
L34 2QB,72,38,34,29
L34 2QD,69,30,39,40
L34 2QE,36,19,17,13
L34 2QG,52,23,29,22
L34 2QH,16,9,7,7
L34 2QL,102,47,55,23
L34 2QN,35,14,21,13
L34 2QP,61,29,32,23
L34 2QQ,64,29,35,30
L34 2QR,17,7,10,7
L34 2QS,50,28,22,20
L34 2QT,19,10,9,8
L34 2QU,13,5,8,7
L34 2QW,48,25,23,16
L34 2QX,18,9,9,7
L34 2QY,62,27,35,26
L34 2QZ,62,29,33,25
L34 2RA,38,21,17,15
L34 2RB,10,7,3,5
L34 2RD,52,21,31,28
L34 2RE,56,27,29,19
L34 2RF,58,26,32,27
L34 2RG,50,26,24,21
L34 2RH,62,33,29,23
L34 2RJ,25,12,13,9
L34 2RL,30,15,15,12
L34 2RN,88,43,45,32
L34 2RP,50,20,30,23
L34 2RQ,62,29,33,24
L34 2RR,58,25,33,21
L34 2RS,64,31,33,25
L34 2RT,98,45,53,40
L34 2RU,19,9,10,9
L34 2RW,60,28,32,20
L34 2RX,66,32,34,25
L34 2RY,64,28,36,26
L34 2RZ,72,36,36,29
L34 2SA,44,19,25,23
L34 2SB,52,21,31,30
L34 2SD,60,33,27,31
L34 2SE,48,19,29,23
L34 2SF,42,19,23,23
L34 2SG,95,45,50,32
L34 2SJ,70,34,36,30
L34 2SL,51,17,34,41
L34 2SN,51,26,25,21
L34 2SP,18,11,7,10
L34 2SQ,45,23,22,14
L34 2SR,87,50,37,29
L34 2SS,65,31,34,27
L34 2ST,77,29,48,30
L34 2SU,54,27,27,22
L34 2SW,50,23,27,23
L34 2SX,40,22,18,13
L34 2SY,73,37,36,27
L34 2SZ,55,27,28,21
L34 2TA,77,36,41,34
L34 2TB,44,15,29,24
L34 2TD,83,43,40,28
L34 2TE,51,24,27,27
L34 2TF,44,22,22,30
L34 2TG,69,32,37,29
L34 2TH,11,7,4,3
L34 2TL,75,38,37,29
L34 2TN,15,8,7,9
L34 2TP,5,4,1,4
L34 2TQ,22,13,9,8
L34 2TS,6,2,4,5
L34 2TT,6,3,3,3
L34 2TU,64,27,37,25
L34 2UG,11,6,5,5
L34 2UH,23,10,13,16
L34 2UQ,41,21,20,15
L34 3LD,45,23,22,1
L34 3LE,1,1,0,1
L34 3LF,20,9,11,10
L34 3LG,9,4,5,6
L34 3LL,14,9,5,8
L34 3LN,52,22,30,7
L34 3LP,40,19,21,18
L34 3LR,51,27,24,20
L34 3LS,39,15,24,23
L34 3LT,65,28,37,34
L34 3LU,9,2,7,7
L34 3LW,32,16,16,14
L34 3LX,1,0,1,1
L34 3LY,64,37,27,40
L34 3LZ,36,16,20,26
L34 3NA,64,37,27,22
L34 3NB,26,10,16,8
L34 3ND,3,1,2,2
L34 3NE,17,8,9,9
L34 4AD,14,6,8,8
L34 4AE,44,22,22,23
L34 4AF,8,5,3,3
L34 4AG,5,3,2,3
L34 4AH,23,12,11,9
L34 4AJ,16,9,7,6
L34 4AN,3,1,2,2
L34 4AP,7,2,5,6
L34 4AQ,23,10,13,9
L34 4AR,5,3,2,2
L34 4AT,1,1,0,1
L34 5NB,17,7,10,10
L34 5ND,103,49,54,40
L34 5NR,97,47,50,37
L34 5NT,11,4,7,5
L34 5NU,26,11,15,9
L34 5PB,35,16,19,24
L34 5PD,63,24,39,37
L34 5PE,58,28,30,47
L34 5PF,55,27,28,27
L34 5PH,38,16,22,20
L34 5PJ,18,10,8,12
L34 5QA,8,6,2,4
L34 5QE,9,6,3,6
L34 5QH,5,4,1,2
L34 5QN,17,12,5,12
L34 5QP,5,4,1,3
L34 5QU,21,11,10,11
L34 5QX,36,17,19,18
L34 5QY,12,5,7,7
L34 5RB,12,7,5,4
L34 5RD,15,7,8,7
L34 5RE,2,1,1,1
L34 5RF,7,3,4,4
L34 5RG,19,11,8,8
L34 5RJ,24,13,11,19
L34 5RL,22,13,9,13
L34 5RN,32,17,15,25
L34 5RQ,20,10,10,15
L34 5RS,20,13,7,13
L34 5RU,33,18,15,24
L34 5RW,41,19,22,20
L34 5RY,45,18,27,27
L34 5SA,1,0,1,1
L34 5SB,12,10,2,10
L34 5SE,20,8,12,9
L34 5SF,7,3,4,4
L34 5SG,11,4,7,6
L34 5SH,26,15,11,15
L34 5SJ,51,22,29,24
L34 5SL,53,21,32,24
L34 5SN,28,19,9,16
L34 5SQ,25,13,12,11
L34 5SS,19,13,6,7
L34 5ST,22,14,8,14
L34 5SU,25,14,11,12
L34 5SW,5,4,1,4
L34 5SX,16,6,10,8
L34 5TB,8,3,5,6
L34 5TH,28,13,15,19
L34 5UB,17,6,11,13
L34 5UD,35,18,17,18
L34 5UN,2,1,1,1
L34 6HA,4,1,3,1
L34 6HB,60,22,38,32
L34 6HD,40,19,21,24
L34 6HE,16,9,7,13
L34 6HF,8,6,2,4
L34 6HG,5,3,2,2
L34 6HH,32,12,20,26
L34 6HJ,20,5,15,14
L34 6HL,10,4,6,9
L34 6HN,41,17,24,17
L34 6HP,39,19,20,15
L34 6HQ,9,4,5,5
L34 6HR,30,17,13,10
L34 6HS,23,10,13,9
L34 6HT,9,2,7,4
L34 6HU,65,31,34,37
L34 6HW,16,6,10,9
L34 6HX,19,7,12,11
L34 6HY,18,9,9,15
L34 6HZ,29,16,13,13
L34 6JA,74,38,36,36
L34 6JB,57,28,29,29
L34 6JD,45,18,27,22
L34 6JE,55,24,31,24
L34 6JF,27,13,14,24
L34 6JG,62,28,34,39
L34 6JH,33,13,20,19
L34 6JJ,35,15,20,15
L34 6JL,15,6,9,8
L34 6JN,16,6,10,10
L34 6JP,24,12,12,12
L34 6JQ,19,11,8,6
L34 6JR,3,1,2,2
L34 6JS,33,14,19,20
L34 6JT,48,26,22,21
L34 6JU,21,8,13,10
L34 6JW,33,15,18,12
L34 6LB,23,9,14,8
L34 6LD,61,32,29,20
L34 6LE,100,47,53,38
L34 6LF,42,20,22,15
L34 6LG,79,38,41,28
L34 6LJ,39,15,24,13
L34 6LL,67,38,29,28
L34 6LN,63,35,28,27
L34 6LP,16,8,8,6
L34 6LR,7,3,4,4
L34 6LU,8,4,4,5
L34 6LW,37,17,20,14
L34 6ND,11,5,6,6
L34 6NE,20,11,9,12
L34 6NF,19,12,7,10
L34 6NJ,18,11,7,11
L34 6NL,8,3,5,5
L34 7HA,9,6,3,3
L34 7HB,16,7,9,7
L34 7HD,9,2,7,3
L34 7HE,6,3,3,2
L34 7HF,11,5,6,4
L34 7HG,28,12,16,12
L34 7HQ,4,2,2,1
L34 8HA,8,4,4,3
L34 8HB,87,44,43,35
L34 8HE,14,8,6,7
L34 8HF,6,3,3,3
L34 8HG,6,4,2,4
L34 8HH,6,4,2,2
L34 8HJ,4,2,2,2
L34 8HL,4,3,1,1
L34 8HN,2,0,2,1
L34 8HQ,9,4,5,4
L34 8HW,39,19,20,11
L34 9BA,10,2,8,2
L34 9BD,25,11,14,8
L34 9EA,39,18,21,16
L34 9EB,7,6,1,6
L34 9ED,5,4,1,2
L34 9EE,15,7,8,5
L34 9EF,96,51,45,43
L34 9EG,5,3,2,4
L34 9EH,34,14,20,20
L34 9EJ,25,8,17,10
L34 9EL,4,2,2,2
L34 9EN,5,3,2,2
L34 9EQ,7,4,3,3
L34 9ER,9,6,3,5
L34 9ES,2,1,1,1
L34 9EY,1,0,1,1
L34 9GY,7,3,4,2
L35 0LA,23,9,14,15
L35 0LE,16,7,9,8
L35 0LF,62,21,41,8
L35 0LH,58,29,29,29
L35 0LJ,8,4,4,3
L35 0LN,22,11,11,10
L35 0LP,5,3,2,3
L35 0LQ,36,23,13,13
L35 0LR,2,2,0,2
L35 0LS,25,13,12,10
L35 0LT,46,17,29,33
L35 0LU,16,8,8,8
L35 0LW,23,12,11,8
L35 0LX,13,5,8,8
L35 0LY,9,4,5,6
L35 0LZ,19,10,9,9
L35 0NA,10,3,7,5
L35 0NB,49,26,23,20
L35 0ND,22,7,15,11
L35 0NE,56,24,32,20
L35 0NF,2,1,1,1
L35 0NG,27,11,16,18
L35 0NH,34,17,17,16
L35 0NJ,22,10,12,14
L35 0NL,38,19,19,17
L35 0NN,55,26,29,23
L35 0NP,75,36,39,31
L35 0NQ,36,15,21,19
L35 0NR,75,32,43,38
L35 0NS,54,25,29,27
L35 0NT,16,7,9,6
L35 0NU,42,21,21,16
L35 0NW,53,24,29,22
L35 0NX,42,23,19,16
L35 0NY,108,53,55,46
L35 0NZ,85,38,47,35
L35 0PA,118,60,58,45
L35 0PB,21,8,13,10
L35 0PE,26,14,12,10
L35 0PF,14,5,9,11
L35 0PG,19,9,10,8
L35 0PJ,37,19,18,16
L35 0PL,32,15,17,12
L35 0PN,34,14,20,16
L35 0PP,28,14,14,15
L35 0PQ,85,38,47,40
L35 0PR,12,6,6,4
L35 0PS,44,23,21,16
L35 0PT,36,14,22,16
L35 0PU,74,35,39,27
L35 0PW,54,26,28,22
L35 0PX,43,21,22,19
L35 0PY,54,24,30,23
L35 0PZ,22,8,14,9
L35 0QA,17,7,10,8
L35 0QB,56,27,29,24
L35 0QD,39,19,20,14
L35 0QE,31,14,17,12
L35 0QF,18,10,8,6
L35 0QG,57,28,29,25
L35 0QH,78,39,39,35
L35 0QJ,32,19,13,19
L35 0QL,11,5,6,4
L35 0QN,26,13,13,11
L35 0QP,42,21,21,18
L35 0QQ,39,22,17,17
L35 0QR,110,54,56,49
L35 0QS,5,3,2,5
L35 0QT,26,11,15,17
L35 0QU,51,24,27,20
L35 0QW,14,9,5,7
L35 0QX,29,16,13,14
L35 0QY,22,10,12,9
L35 0RG,17,9,8,6
L35 1QA,24,12,12,9
L35 1QB,17,11,6,9
L35 1QD,42,19,23,18
L35 1QE,13,8,5,5
L35 1QF,6,3,3,3
L35 1QG,11,5,6,5
L35 1QH,34,15,19,12
L35 1QJ,32,12,20,11
L35 1QL,62,29,33,21
L35 1QN,10,3,7,5
L35 1QQ,6,1,5,2
L35 1QR,9,5,4,3
L35 1QU,9,5,4,3
L35 1QW,7,1,6,4
L35 1QX,27,17,10,11
L35 1QY,11,8,3,3
L35 1QZ,10,7,3,2
L35 1RA,4,2,2,2
L35 1RB,10,5,5,4
L35 1RD,7,4,3,4
L35 1RE,16,9,7,8
L35 1RF,5,4,1,2
L35 1RG,8,4,4,4
L35 1RH,50,27,23,23
L35 1RJ,149,75,74,63
L35 1RL,76,37,39,36
L35 1RN,37,17,20,18
L35 1RP,141,64,77,64
L35 1RQ,6,3,3,2
L35 1RR,48,21,27,32
L35 1RS,40,22,18,17
L35 1RT,5,3,2,2
L35 1RU,100,47,53,44
L35 1RW,85,42,43,37
L35 1SF,144,65,79,44
L35 2UA,91,48,43,33
L35 2UB,24,11,13,12
L35 2UD,36,19,17,14
L35 2UE,52,28,24,26
L35 2UF,26,11,15,10
L35 2UG,51,23,28,23
L35 2UH,41,15,26,17
L35 2UJ,114,55,59,53
L35 2UN,43,20,23,17
L35 2UP,27,11,16,11
L35 2UQ,46,26,20,19
L35 2UR,31,15,16,10
L35 2US,57,28,29,24
L35 2UT,39,18,21,14
L35 2UU,22,6,16,10
L35 2UW,71,39,32,35
L35 2UX,23,11,12,8
L35 2UY,34,12,22,15
L35 2UZ,75,36,39,28
L35 2XA,98,44,54,36
L35 2XB,41,20,21,17
L35 2XD,116,54,62,43
L35 2XE,46,20,26,20
L35 2XF,101,41,60,41
L35 2XG,27,12,15,11
L35 2XH,121,59,62,44
L35 2XJ,69,34,35,25
L35 2XL,20,10,10,7
L35 2XN,39,20,19,12
L35 2XP,44,22,22,20
L35 2XQ,49,24,25,20
L35 2XR,66,34,32,24
L35 2XS,54,26,28,24
L35 2XT,50,25,25,26
L35 2XU,48,21,27,26
L35 2XX,106,52,54,44
L35 2XY,50,23,27,22
L35 2XZ,38,15,23,14
L35 2YA,53,24,29,24
L35 2YB,39,18,21,23
L35 2YD,22,9,13,12
L35 2YE,35,18,17,18
L35 2YF,61,26,35,22
L35 2YG,27,12,15,12
L35 2YH,14,7,7,10
L35 2YJ,34,15,19,12
L35 2YL,15,3,12,12
L35 2YN,78,44,34,31
L35 2YQ,34,15,19,12
L35 2YR,10,8,2,10
L35 2YS,38,19,19,16
L35 2YW,68,28,40,33
L35 2YZ,6,4,2,1
L35 3BA,7,6,1,6
L35 3JA,50,26,24,15
L35 3JB,71,32,39,55
L35 3JD,35,19,16,14
L35 3JE,116,52,64,47
L35 3JF,122,57,65,45
L35 3JG,77,32,45,29
L35 3JH,129,60,69,45
L35 3JJ,151,74,77,53
L35 3JL,92,43,49,39
L35 3JN,49,20,29,19
L35 3JP,70,40,30,29
L35 3JQ,133,68,65,42
L35 3JR,47,21,26,18
L35 3JS,76,36,40,29
L35 3JT,41,21,20,16
L35 3JU,35,19,16,11
L35 3JW,98,48,50,37
L35 3JX,28,19,9,25
L35 3JZ,130,59,71,45
L35 3PA,71,33,38,30
L35 3PB,39,13,26,15
L35 3PD,76,42,34,32
L35 3PE,89,41,48,33
L35 3PF,51,22,29,18
L35 3PG,49,23,26,18
L35 3PH,41,17,24,16
L35 3PJ,24,10,14,10
L35 3PL,83,38,45,32
L35 3PN,44,23,21,21
L35 3PP,32,13,19,12
L35 3PQ,84,40,44,32
L35 3PR,40,19,21,15
L35 3PS,33,19,14,17
L35 3PT,19,9,10,9
L35 3PU,51,27,24,31
L35 3PW,31,19,12,14
L35 3PX,37,20,17,24
L35 3PY,26,12,14,15
L35 3PZ,3,1,2,2
L35 3QA,18,10,8,14
L35 3QB,15,7,8,9
L35 3QD,8,4,4,3
L35 3QF,13,8,5,4
L35 3QG,48,27,21,21
L35 3QH,48,24,24,21
L35 3QJ,80,42,38,31
L35 3QL,53,30,23,21
L35 3QN,23,11,12,11
L35 3QP,24,11,13,6
L35 3QQ,50,28,22,22
L35 3QR,106,46,60,44
L35 3QS,61,24,37,30
L35 3QT,9,5,4,5
L35 3QU,53,23,30,24
L35 3QW,46,23,23,18
L35 3QY,54,22,32,38
L35 3QZ,16,5,11,8
L35 3RA,20,9,11,12
L35 3RB,63,29,34,24
L35 3RD,75,32,43,29
L35 3RE,53,24,29,23
L35 3RF,2,1,1,2
L35 3RG,36,14,22,16
L35 3RH,47,21,26,15
L35 3RJ,5,3,2,3
L35 3RL,12,7,5,7
L35 3RN,65,27,38,25
L35 3RP,34,19,15,15
L35 3RQ,45,23,22,22
L35 3RR,32,20,12,10
L35 3RS,13,7,6,6
L35 3RT,10,4,6,5
L35 3RU,149,73,76,62
L35 3RW,58,29,29,25
L35 3RX,35,19,16,13
L35 3RY,22,11,11,12
L35 3RZ,70,35,35,28
L35 3SA,73,34,39,33
L35 3SB,43,22,21,24
L35 3SD,109,51,58,46
L35 3SE,19,11,8,9
L35 3SF,72,39,33,30
L35 3SG,44,25,19,20
L35 3SH,70,29,41,31
L35 3SJ,52,27,25,21
L35 3SL,107,55,52,48
L35 3SN,48,21,27,19
L35 3SP,79,43,36,31
L35 3SQ,56,24,32,27
L35 3SR,6,3,3,2
L35 3SS,13,6,7,5
L35 3ST,3,2,1,2
L35 3SU,10,5,5,6
L35 3SW,54,22,32,26
L35 3SX,5,4,1,2
L35 3SY,42,22,20,21
L35 3SZ,25,11,14,11
L35 3TA,97,51,46,38
L35 3TB,106,49,57,51
L35 3TD,141,73,68,49
L35 3TE,74,41,33,31
L35 3TF,84,41,43,41
L35 3TG,82,39,43,35
L35 3TH,108,57,51,47
L35 3TJ,8,4,4,3
L35 3TL,12,7,5,8
L35 3TN,60,30,30,25
L35 3TQ,62,30,32,28
L35 3TR,37,23,14,21
L35 3TS,45,22,23,14
L35 3TT,32,12,20,18
L35 3TW,60,30,30,40
L35 3TY,135,59,76,53
L35 3TZ,14,7,7,5
L35 3UA,29,15,14,13
L35 3UB,23,12,11,10
L35 3UG,117,59,58,34
L35 3UH,97,40,57,35
L35 3UP,84,44,40,25
L35 3UQ,97,48,49,42
L35 3US,14,6,8,5
L35 3UT,69,33,36,28
L35 3UU,61,35,26,25
L35 3UW,38,14,24,16
L35 3UX,42,19,23,13
L35 3UY,43,18,25,15
L35 3UZ,66,30,36,27
L35 3XB,130,66,64,52
L35 3XD,65,31,34,20
L35 3XE,47,23,24,15
L35 3XF,40,19,21,12
L35 3XH,31,18,13,11
L35 3XJ,32,13,19,15
L35 3XL,12,6,6,7
L35 3XN,96,46,50,36
L35 3XP,26,14,12,12
L35 3XQ,15,9,6,5
L35 3XW,107,54,53,36
L35 3XZ,8,4,4,4
L35 4LA,22,12,10,11
L35 4LD,87,46,41,38
L35 4LE,11,5,6,5
L35 4LF,20,8,12,7
L35 4LG,40,20,20,16
L35 4LH,41,18,23,17
L35 4LJ,82,40,42,33
L35 4LL,32,14,18,25
L35 4LN,31,16,15,12
L35 4LP,23,15,8,11
L35 4LQ,43,17,26,17
L35 4LS,68,33,35,37
L35 4LT,63,27,36,25
L35 4LU,7,7,0,7
L35 4LW,78,38,40,31
L35 4LY,38,14,24,6
L35 4LZ,12,9,3,5
L35 4ND,5,3,2,2
L35 4NE,22,9,13,11
L35 4NF,41,18,23,21
L35 4NG,19,10,9,12
L35 4NH,5,2,3,2
L35 4NJ,38,17,21,17
L35 4NL,35,17,18,18
L35 4NN,61,36,25,25
L35 4NP,63,29,34,27
L35 4NQ,85,43,42,39
L35 4NR,38,18,20,18
L35 4NS,22,10,12,10
L35 4NT,83,39,44,34
L35 4NU,11,7,4,4
L35 4NW,73,37,36,32
L35 4NX,32,15,17,17
L35 4NY,87,43,44,33
L35 4NZ,89,46,43,33
L35 4PA,63,34,29,24
L35 4PB,15,6,9,8
L35 4PD,46,23,23,9
L35 4PE,7,5,2,3
L35 4PF,21,11,10,10
L35 4PH,52,26,26,18
L35 4PJ,57,33,24,20
L35 4PL,19,8,11,9
L35 4PN,74,33,41,20
L35 4PP,83,46,37,34
L35 4PR,67,30,37,31
L35 4PS,25,12,13,8
L35 4PT,8,3,5,3
L35 4PU,60,30,30,20
L35 4PW,32,18,14,16
L35 4PX,96,44,52,39
L35 4PY,50,20,30,26
L35 4PZ,139,67,72,52
L35 4QA,25,11,14,9
L35 4QB,42,20,22,15
L35 4QD,67,33,34,27
L35 4QE,62,33,29,27
L35 4QF,70,35,35,29
L35 4QG,7,3,4,4
L35 4QH,119,61,58,48
L35 4QJ,82,36,46,27
L35 4QL,55,30,25,21
L35 4QP,40,14,26,37
L35 4QQ,69,38,31,28
L35 4QR,46,20,26,19
L35 4QS,43,20,23,18
L35 4QW,36,19,17,13
L35 4QY,45,20,25,20
L35 4QZ,70,35,35,24
L35 4RA,35,17,18,9
L35 4RB,7,2,5,5
L35 5AD,65,40,25,26
L35 5AE,38,23,15,23
L35 5AF,44,20,24,21
L35 5AG,99,44,55,43
L35 5AH,33,14,19,14
L35 5AJ,75,25,50,36
L35 5AL,4,1,3,2
L35 5AN,33,15,18,14
L35 5AP,121,62,59,59
L35 5AQ,38,20,18,15
L35 5AR,109,56,53,36
L35 5AS,85,43,42,31
L35 5AT,107,53,54,48
L35 5AU,29,16,13,13
L35 5AW,79,43,36,27
L35 5AX,76,38,38,30
L35 5AY,72,37,35,27
L35 5AZ,39,19,20,16
L35 5BA,43,21,22,16
L35 5BB,46,23,23,12
L35 5BD,90,41,49,38
L35 5BE,71,37,34,28
L35 5BG,83,40,43,32
L35 5BH,120,44,76,50
L35 5BJ,108,49,59,39
L35 5BL,83,36,47,24
L35 5BN,37,17,20,16
L35 5BP,78,33,45,27
L35 5BQ,44,23,21,15
L35 5BR,60,28,32,19
L35 5BS,105,55,50,34
L35 5BT,12,5,7,5
L35 5BU,84,36,48,35
L35 5BW,70,25,45,29
L35 5BX,21,10,11,7
L35 5BY,63,26,37,25
L35 5BZ,57,23,34,13
L35 5DA,52,19,33,20
L35 5DB,59,31,28,21
L35 5DD,52,26,26,20
L35 5DE,73,34,39,30
L35 5DF,39,20,19,31
L35 5DG,82,36,46,34
L35 5DH,35,18,17,16
L35 5DJ,47,25,22,17
L35 5DL,45,20,25,22
L35 5DN,27,14,13,11
L35 5DQ,27,12,15,9
L35 5DT,66,30,36,30
L35 5DU,45,24,21,16
L35 5DW,64,34,30,27
L35 5DX,27,12,15,9
L35 5DY,53,25,28,20
L35 5DZ,28,14,14,10
L35 5EB,60,23,37,23
L35 5ED,49,23,26,15
L35 5EE,39,21,18,23
L35 5EF,43,26,17,23
L35 5EG,57,30,27,24
L35 5EH,35,18,17,23
L35 5EJ,61,34,27,29
L35 5EL,30,13,17,17
L35 5EN,75,38,37,24
L35 5EP,74,35,39,36
L35 5EQ,43,19,24,18
L35 5ER,94,46,48,32
L35 5ES,102,49,53,41
L35 5ET,46,22,24,18
L35 5EU,66,28,38,24
L35 5EW,60,30,30,21
L35 5EX,115,52,63,42
L35 5EY,74,33,41,31
L35 5EZ,83,39,44,29
L35 5GA,19,9,10,6
L35 5HA,34,19,15,13
L35 5HB,58,30,28,23
L35 5HD,69,30,39,26
L35 5HE,86,41,45,38
L35 5HJ,90,45,45,29
L35 5HL,71,33,38,26
L35 5HN,18,9,9,8
L35 5HR,33,17,16,12
L35 5HS,17,8,9,5
L35 5HW,41,24,17,18
L35 5JA,124,52,72,57
L35 5JF,5,3,2,4
L35 5JG,3,3,0,3
L35 6DA,34,17,17,11
L35 6DB,8,5,3,4
L35 6DD,79,39,40,24
L35 6DE,36,17,19,10
L35 6DF,51,26,25,18
L35 6NA,30,18,12,8
L35 6NB,32,14,18,6
L35 6NE,24,10,14,8
L35 6NG,31,15,16,13
L35 6NH,44,23,21,22
L35 6NJ,2,1,1,1
L35 6NL,8,4,4,4
L35 6NP,5,2,3,2
L35 6NQ,27,14,13,11
L35 6NR,38,16,22,17
L35 6NS,22,11,11,11
L35 6NT,8,4,4,3
L35 6NU,4,2,2,1
L35 6NW,3,2,1,2
L35 6NX,18,9,9,7
L35 6NZ,15,7,8,0
L35 6PB,10,4,6,3
L35 6PD,230,123,107,87
L35 6PE,47,23,24,18
L35 6PF,6,3,3,2
L35 6PG,29,14,15,13
L35 6PH,43,23,20,17
L35 6PJ,53,25,28,29
L35 6PL,45,22,23,20
L35 6PN,33,16,17,13
L35 6PP,47,21,26,38
L35 6PQ,21,9,12,10
L35 6PR,18,8,10,11
L35 6PS,9,5,4,4
L35 6PT,32,14,18,12
L35 6PU,27,13,14,9
L35 6PW,106,53,53,43
L35 6PX,36,19,17,12
L35 6PY,86,45,41,30
L35 6PZ,48,24,24,16
L35 6QA,41,21,20,13
L35 6QD,31,16,15,10
L35 7JA,42,20,22,25
L35 7JB,14,4,10,6
L35 7JD,11,5,6,4
L35 7JE,33,18,15,16
L35 7JG,4,2,2,2
L35 7JH,23,12,11,9
L35 7JJ,2,1,1,1
L35 7JL,40,20,20,13
L35 7JN,60,31,29,22
L35 7JP,10,3,7,7
L35 7JR,9,6,3,3
L35 7JS,1,1,0,1
L35 7JT,82,37,45,40
L35 7JU,18,9,9,9
L35 7JW,46,21,25,22
L35 7JX,36,23,13,18
L35 7JY,59,28,31,20
L35 7JZ,58,31,27,20
L35 7LA,15,8,7,7
L35 7LB,12,8,4,6
L35 7LD,59,26,33,24
L35 7LE,42,15,27,20
L35 7LF,76,36,40,28
L35 7LG,45,22,23,23
L35 7LH,56,26,30,29
L35 7LJ,44,24,20,22
L35 7LL,65,35,30,28
L35 7LN,57,34,23,23
L35 7LP,29,16,13,27
L35 7LQ,66,29,37,31
L35 7LR,15,4,11,5
L35 7LS,198,107,91,49
L35 7LT,30,18,12,11
L35 7LU,33,18,15,12
L35 7LW,50,21,29,24
L35 7LX,41,21,20,12
L35 7LY,43,21,22,12
L35 7LZ,30,15,15,10
L35 7NA,34,18,16,12
L35 7NB,73,35,38,23
L35 7ND,24,11,13,10
L35 7NE,31,13,18,11
L35 7NF,65,34,31,25
L35 7NG,54,27,27,18
L35 7NH,98,44,54,37
L35 7NJ,137,69,68,46
L35 7NL,71,30,41,22
L35 7NN,68,34,34,24
L35 7NP,15,9,6,5
L35 7NR,24,10,14,8
L35 7NU,42,18,24,18
L35 7NW,76,38,38,21
L35 7NZ,89,45,44,29
L35 8LA,12,7,5,5
L35 8LB,42,20,22,21
L35 8LD,23,12,11,10
L35 8LE,75,36,39,36
L35 8LF,29,12,17,12
L35 8LG,40,19,21,16
L35 8LH,34,21,13,13
L35 8LJ,82,43,39,37
L35 8LL,71,33,38,33
L35 8LN,80,38,42,34
L35 8LP,62,32,30,23
L35 8LQ,55,29,26,23
L35 8LR,67,35,32,27
L35 8LS,51,29,22,20
L35 8LT,55,25,30,26
L35 8LU,58,31,27,24
L35 8LW,43,18,25,21
L35 8LX,49,23,26,20
L35 8LY,23,12,11,13
L35 8LZ,70,39,31,23
L35 8NA,81,36,45,38
L35 8NB,102,43,59,29
L35 8NE,53,23,30,23
L35 8NF,60,34,26,31
L35 8NG,56,30,26,24
L35 8NH,66,35,31,33
L35 8NJ,2,1,1,2
L35 8NQ,71,29,42,34
L35 8NR,2,1,1,1
L35 8NT,85,44,41,34
L35 8NU,60,27,33,31
L35 8NX,75,42,33,32
L35 8NY,20,10,10,11
L35 8NZ,5,3,2,3
L35 8PA,52,25,27,24
L35 8PB,17,9,8,7
L35 8PD,34,16,18,15
L35 8PE,69,35,34,27
L35 8PF,42,19,23,16
L35 8PG,49,23,26,19
L35 8PH,82,42,40,34
L35 8PJ,31,16,15,14
L35 8PL,64,31,33,27
L35 8PN,47,22,25,20
L35 8PP,62,33,29,26
L35 8PQ,55,27,28,21
L35 8PR,51,28,23,22
L35 8PS,3,2,1,2
L35 8PT,50,21,29,21
L35 8PU,46,25,21,22
L35 8PW,55,28,27,23
L35 8PX,5,2,3,2
L35 8PY,75,41,34,34
L35 8PZ,12,7,5,6
L35 8QA,53,26,27,19
L35 8QB,40,23,17,14
L35 8QQ,16,10,6,9
L35 9JA,38,19,19,14
L35 9JB,25,12,13,12
L35 9JE,40,19,21,15
L35 9JG,65,30,35,26
L35 9JH,70,38,32,31
L35 9JJ,51,28,23,21
L35 9JL,43,20,23,17
L35 9JN,12,3,9,6
L35 9JP,34,18,16,11
L35 9JQ,104,50,54,42
L35 9JR,39,19,20,15
L35 9JS,82,41,41,36
L35 9JU,51,25,26,21
L35 9JW,39,20,19,16
L35 9JX,4,3,1,2
L35 9JY,68,37,31,27
L35 9JZ,31,5,26,0
L35 9LA,16,5,11,8
L35 9LB,21,8,13,14
L35 9LD,44,19,25,17
L35 9LE,25,14,11,11
L35 9LF,50,24,26,16
L35 9LG,59,27,32,27
L35 9LH,86,45,41,34
L35 9LQ,41,18,23,14
L35 9LS,11,6,5,5
L35 9LT,74,39,35,27
L35 9LU,34,18,16,10
L35 9LX,84,40,44,27
L35 9LY,26,13,13,9
L36 0RQ,33,15,18,21
L36 0SA,49,20,29,17
L36 0SB,35,18,17,14
L36 0SD,92,42,50,52
L36 0SE,39,22,17,18
L36 0SG,71,37,34,32
L36 0SH,37,20,17,12
L36 0SJ,54,25,29,38
L36 0SL,37,17,20,14
L36 0SN,87,41,46,37
L36 0SP,75,28,47,35
L36 0SQ,47,26,21,18
L36 0SR,74,36,38,36
L36 0SS,64,28,36,28
L36 0ST,48,24,24,20
L36 0SU,29,13,16,13
L36 0SW,110,51,59,44
L36 0SX,66,32,34,27
L36 0SY,49,22,27,19
L36 0SZ,70,29,41,30
L36 0TA,41,21,20,15
L36 0TB,20,10,10,14
L36 0TD,39,17,22,14
L36 0TE,40,17,23,12
L36 0TF,65,26,39,21
L36 0TG,72,36,36,34
L36 0TH,68,32,36,34
L36 0TJ,70,33,37,31
L36 0TL,112,53,59,51
L36 0TN,33,18,15,14
L36 0TP,87,40,47,36
L36 0TQ,39,19,20,26
L36 0TR,65,25,40,28
L36 0TS,54,22,32,24
L36 0TT,62,31,31,27
L36 0TU,44,18,26,22
L36 0TW,63,35,28,25
L36 0TX,60,23,37,24
L36 0TY,94,51,43,33
L36 0TZ,71,33,38,27
L36 0UB,20,12,8,10
L36 0UD,8,3,5,4
L36 0UE,16,8,8,8
L36 0UF,8,4,4,5
L36 0UG,30,12,18,16
L36 0UH,72,30,42,28
L36 0UJ,118,56,62,44
L36 0UL,17,6,11,10
L36 0UN,50,21,29,21
L36 0UP,30,15,15,11
L36 0UQ,28,12,16,10
L36 0UR,84,46,38,34
L36 0US,28,12,16,10
L36 0UT,28,11,17,11
L36 0UU,44,20,24,19
L36 0UW,52,26,26,22
L36 0UX,7,1,6,3
L36 0UY,55,26,29,24
L36 0UZ,25,12,13,13
L36 0XA,55,22,33,36
L36 0XB,53,21,32,25
L36 0XD,56,25,31,29
L36 0XE,36,17,19,22
L36 0XF,21,11,10,6
L36 0XG,35,15,20,12
L36 0XH,25,13,12,10
L36 0XJ,44,22,22,19
L36 0XL,41,22,19,14
L36 0XN,23,12,11,9
L36 0XP,5,2,3,4
L36 0XQ,6,2,4,4
L36 0XR,43,17,26,16
L36 0XS,41,17,24,15
L36 0XT,20,13,7,8
L36 0XU,29,12,17,9
L36 0XW,44,23,21,19
L36 0XX,30,16,14,9
L36 0XY,65,33,32,21
L36 0XZ,12,5,7,5
L36 0YD,42,18,24,10
L36 0YE,10,6,4,3
L36 0YF,84,41,43,29
L36 0YG,106,56,50,34
L36 0YH,62,29,33,19
L36 0YJ,69,35,34,26
L36 0YL,60,25,35,20
L36 0YN,84,41,43,28
L36 0YQ,9,5,4,5
L36 0YW,18,8,10,16
L36 1SY,30,6,24,14
L36 1TA,94,47,47,38
L36 1TB,40,17,23,15
L36 1TD,35,20,15,16
L36 1TE,92,54,38,41
L36 1TF,45,16,29,20
L36 1TG,22,9,13,6
L36 1TH,26,11,15,9
L36 1TJ,111,54,57,39
L36 1TL,90,42,48,31
L36 1TN,52,26,26,24
L36 1TP,46,19,27,16
L36 1TQ,103,48,55,39
L36 1TR,59,26,33,29
L36 1TS,55,26,29,23
L36 1TT,78,35,43,31
L36 1TU,71,31,40,29
L36 1TW,95,46,49,33
L36 1TX,58,28,30,25
L36 1TY,52,29,23,20
L36 1TZ,75,39,36,28
L36 1UA,44,26,18,18
L36 1UB,24,14,10,10
L36 1UD,39,18,21,21
L36 1UE,16,5,11,5
L36 1UF,23,11,12,10
L36 1UG,23,12,11,22
L36 1UH,27,8,19,10
L36 1UJ,21,10,11,16
L36 1UL,14,9,5,7
L36 1UN,51,21,30,22
L36 1UP,51,30,21,21
L36 1UQ,21,10,11,12
L36 1UR,12,5,7,8
L36 1US,13,5,8,8
L36 1UT,16,10,6,9
L36 1UU,64,44,20,44
L36 1UW,33,14,19,13
L36 1UX,37,15,22,15
L36 1UY,31,21,10,26
L36 1UZ,18,8,10,10
L36 1XA,47,23,24,22
L36 1XB,39,18,21,12
L36 1XD,15,5,10,9
L36 1XE,49,29,20,38
L36 1XF,49,26,23,18
L36 1XG,18,8,10,9
L36 1XH,31,11,20,15
L36 1XJ,50,20,30,20
L36 1XL,27,14,13,12
L36 1XN,65,32,33,28
L36 1XP,38,15,23,19
L36 1XQ,43,22,21,17
L36 1XR,19,11,8,10
L36 1XS,16,7,9,7
L36 1XT,26,11,15,9
L36 1XU,23,12,11,13
L36 1XW,96,44,52,37
L36 1XX,58,25,33,21
L36 1XY,31,11,20,25
L36 1YA,12,6,6,5
L36 1YF,33,18,15,15
L36 1YG,34,14,20,14
L36 1YH,49,17,32,18
L36 1YJ,40,15,25,16
L36 1YL,22,11,11,15
L36 1YN,9,4,5,4
L36 2AB,73,28,45,25
L36 2JY,73,29,44,27
L36 2LA,64,29,35,27
L36 2LB,44,20,24,18
L36 2LD,36,19,17,16
L36 2LE,43,23,20,19
L36 2LG,33,18,15,11
L36 2LH,38,16,22,16
L36 2LJ,35,15,20,15
L36 2LN,82,36,46,34
L36 2LP,5,3,2,4
L36 2LQ,52,22,30,21
L36 2LR,72,35,37,26
L36 2LS,62,34,28,22
L36 2LT,74,33,41,33
L36 2LU,85,35,50,37
L36 2LW,99,40,59,37
L36 2LX,53,25,28,25
L36 2LY,21,10,11,8
L36 2LZ,67,35,32,24
L36 2NA,29,15,14,10
L36 2NB,17,7,10,15
L36 2ND,65,33,32,26
L36 2NE,139,66,73,54
L36 2NF,130,63,67,54
L36 2NG,65,29,36,30
L36 2NH,91,41,50,44
L36 2NJ,27,11,16,11
L36 2NL,5,3,2,3
L36 2NN,41,20,21,19
L36 2NP,39,17,22,17
L36 2NQ,77,30,47,36
L36 2NR,38,17,21,18
L36 2NS,46,24,22,21
L36 2NT,69,32,37,26
L36 2NU,42,20,22,18
L36 2NW,102,50,52,39
L36 2NX,18,7,11,8
L36 2NY,50,18,32,21
L36 2NZ,54,17,37,23
L36 2PA,20,11,9,11
L36 2PB,7,3,4,4
L36 2PD,12,5,7,5
L36 2PE,84,45,39,33
L36 2PF,80,38,42,34
L36 2PG,83,44,39,35
L36 2PJ,89,37,52,38
L36 2PL,86,47,39,34
L36 2PN,59,27,32,24
L36 2PP,79,42,37,28
L36 2PQ,60,22,38,23
L36 2PR,68,36,32,25
L36 2PS,120,58,62,49
L36 2PT,51,27,24,20
L36 2PU,61,26,35,26
L36 2PW,9,4,5,4
L36 2PX,56,24,32,24
L36 2PY,102,41,61,39
L36 2PZ,77,39,38,27
L36 2QA,11,9,2,9
L36 2QB,5,3,2,3
L36 2QD,138,62,76,54
L36 2QE,85,37,48,32
L36 2QF,29,14,15,13
L36 2QG,133,62,71,52
L36 2QH,73,32,41,28
L36 2QJ,99,52,47,37
L36 2QL,87,46,41,34
L36 2QN,62,36,26,29
L36 2QP,74,37,37,28
L36 2QQ,49,26,23,19
L36 2QR,44,19,25,19
L36 2QS,49,16,33,20
L36 2QT,154,74,80,62
L36 2QU,26,11,15,12
L36 2QW,103,49,54,40
L36 2QX,45,20,25,39
L36 2QY,35,12,23,23
L36 2QZ,1,0,1,1
L36 2RB,23,10,13,17
L36 3RB,46,27,19,20
L36 3RD,61,25,36,22
L36 3RE,38,17,21,19
L36 3RG,25,12,13,8
L36 3RJ,68,35,33,32
L36 3RL,69,25,44,30
L36 3RP,79,33,46,32
L36 3RR,88,42,46,36
L36 3RS,50,30,20,18
L36 3RT,35,15,20,14
L36 3RU,18,6,12,9
L36 3RW,5,2,3,2
L36 3RX,52,21,31,22
L36 3RY,72,33,39,26
L36 3RZ,84,44,40,31
L36 3SA,34,16,18,15
L36 3SB,62,29,33,26
L36 3SD,26,14,12,11
L36 3SE,53,22,31,21
L36 3SF,54,24,30,24
L36 3SG,92,40,52,35
L36 3SH,99,49,50,44
L36 3SJ,106,46,60,40
L36 3SL,66,33,33,27
L36 3SN,86,34,52,35
L36 3SP,125,58,67,42
L36 3SQ,58,25,33,25
L36 3SR,91,43,48,40
L36 3SS,38,31,7,34
L36 3ST,33,33,0,30
L36 3SU,50,32,18,34
L36 3SW,75,30,45,28
L36 3SX,40,26,14,29
L36 3TA,101,41,60,46
L36 3TB,106,51,55,43
L36 3TD,61,22,39,24
L36 3TE,67,33,34,26
L36 3TF,55,21,34,24
L36 3TG,74,32,42,25
L36 3TH,38,22,16,15
L36 3TJ,29,16,13,13
L36 3TL,59,30,29,27
L36 3TN,47,20,27,19
L36 3TP,16,9,7,8
L36 3TQ,80,35,45,26
L36 3TR,86,36,50,34
L36 3TS,14,7,7,3
L36 3TT,100,49,51,36
L36 3TU,72,31,41,33
L36 3TW,15,10,5,6
L36 3TX,126,53,73,41
L36 3UB,41,19,22,14
L36 3UD,62,26,36,29
L36 3UE,83,35,48,30
L36 3UF,23,8,15,12
L36 3UG,39,18,21,14
L36 3UH,103,55,48,38
L36 3UP,87,42,45,35
L36 3UQ,45,21,24,17
L36 3UR,93,40,53,34
L36 3US,98,49,49,40
L36 3UT,84,43,41,42
L36 3UU,31,12,19,15
L36 3UX,16,7,9,11
L36 3UY,101,47,54,42
L36 3UZ,49,21,28,23
L36 3WA,6,3,3,4
L36 3WH,29,16,13,22
L36 3XA,110,50,60,49
L36 3XB,90,43,47,45
L36 3XD,45,22,23,18
L36 3XE,123,52,71,51
L36 3XH,50,25,25,22
L36 3XJ,27,9,18,10
L36 3XL,97,49,48,41
L36 3XS,29,21,8,25
L36 3XT,16,7,9,14
L36 3XU,20,12,8,15
L36 3XW,37,20,17,16
L36 4HA,15,7,8,8
L36 4HD,3,1,2,1
L36 4HE,24,13,11,7
L36 4HF,53,29,24,23
L36 4HG,37,16,21,16
L36 4HH,16,8,8,6
L36 4HL,83,41,42,29
L36 4HN,67,31,36,25
L36 4HP,21,11,10,8
L36 4HQ,30,13,17,13
L36 4HR,17,9,8,10
L36 4HS,19,9,10,14
L36 4HT,5,2,3,2
L36 4HU,43,17,26,19
L36 4HW,81,37,44,32
L36 4HX,14,3,11,5
L36 4HY,11,5,6,5
L36 4HZ,38,18,20,17
L36 4JA,30,11,19,13
L36 4JB,64,36,28,23
L36 4JD,73,34,39,32
L36 4JE,84,42,42,36
L36 4JF,82,37,45,30
L36 4JG,66,32,34,27
L36 4JH,68,33,35,28
L36 4JJ,92,42,50,30
L36 4JN,91,47,44,32
L36 4JQ,94,47,47,42
L36 4JR,94,46,48,34
L36 4JS,100,51,49,40
L36 4JT,124,63,61,42
L36 4JU,101,48,53,35
L36 4JW,87,44,43,33
L36 4JX,101,47,54,38
L36 4JZ,98,48,50,40
L36 4LB,57,26,31,24
L36 4LD,124,63,61,50
L36 4LE,61,27,34,25
L36 4LF,27,17,10,8
L36 4LG,79,36,43,43
L36 4LN,101,51,50,44
L36 4LR,93,36,57,46
L36 4LT,63,32,31,28
L36 4LX,43,21,22,25
L36 4LZ,70,37,33,30
L36 4NA,55,18,37,43
L36 4NE,134,69,65,52
L36 4NF,23,9,14,9
L36 4NG,51,23,28,18
L36 4NJ,68,35,33,31
L36 4NL,83,41,42,32
L36 4NN,72,35,37,26
L36 4NP,53,24,29,21
L36 4NQ,85,36,49,50
L36 4NR,43,21,22,20
L36 4NS,130,65,65,53
L36 4NT,133,57,76,49
L36 4NU,129,60,69,52
L36 4NW,14,6,8,5
L36 4NY,64,33,31,28
L36 4NZ,65,30,35,33
L36 4PA,19,8,11,7
L36 4PB,118,51,67,48
L36 4PD,122,54,68,49
L36 4PE,6,2,4,4
L36 4PF,100,43,57,42
L36 4PG,71,32,39,28
L36 4PH,90,41,49,34
L36 4PJ,69,24,45,14
L36 4PL,45,23,22,36
L36 4PN,51,27,24,18
L36 4PP,61,32,29,26
L36 4PQ,70,37,33,25
L36 4PS,12,4,8,7
L36 4PW,3,2,1,2
L36 4PZ,118,66,52,42
L36 4QA,74,40,34,28
L36 4QB,34,16,18,14
L36 4QD,62,33,29,26
L36 4QE,23,11,12,13
L36 4QF,48,22,26,17
L36 4QG,84,42,42,31
L36 4QH,22,11,11,7
L36 4QJ,26,14,12,10
L36 4QL,57,29,28,24
L36 4QN,46,23,23,18
L36 4QP,62,31,31,19
L36 4QQ,27,13,14,11
L36 4QR,47,22,25,14
L36 4QS,37,9,28,30
L36 4QT,67,32,35,25
L36 4QU,29,15,14,9
L36 4QW,20,10,10,8
L36 4QX,114,57,57,41
L36 4QY,49,25,24,20
L36 4QZ,24,11,13,11
L36 4RN,28,13,15,10
L36 4RW,17,11,6,5
L36 5PL,3,1,2,2
L36 5RL,36,17,19,11
L36 5RP,35,15,20,12
L36 5RS,11,4,7,4
L36 5RU,58,27,31,23
L36 5RX,44,23,21,18
L36 5RY,39,18,21,14
L36 5RZ,16,4,12,0
L36 5SA,48,22,26,17
L36 5SD,27,15,12,9
L36 5SF,47,25,22,15
L36 5SH,29,11,18,14
L36 5SJ,24,11,13,12
L36 5SL,4,1,3,2
L36 5SN,58,29,29,27
L36 5SP,87,41,46,38
L36 5SQ,10,5,5,5
L36 5SR,20,8,12,9
L36 5SS,60,35,25,19
L36 5ST,64,32,32,27
L36 5SU,78,39,39,32
L36 5SW,13,5,8,6
L36 5SX,41,21,20,17
L36 5TA,34,14,20,17
L36 5TB,15,9,6,7
L36 5TD,51,26,25,20
L36 5TE,30,17,13,11
L36 5TG,42,21,21,18
L36 5TH,51,23,28,20
L36 5TJ,23,11,12,9
L36 5TL,21,9,12,8
L36 5TN,28,14,14,18
L36 5TP,74,33,41,27
L36 5TQ,25,13,12,11
L36 5TR,54,26,28,23
L36 5TS,67,26,41,35
L36 5TT,98,46,52,39
L36 5TU,99,48,51,38
L36 5TW,47,23,24,19
L36 5TX,27,13,14,11
L36 5TY,73,28,45,29
L36 5TZ,52,21,31,20
L36 5UA,51,25,26,18
L36 5UB,38,17,21,20
L36 5UD,70,33,37,32
L36 5UE,54,27,27,20
L36 5UF,43,23,20,16
L36 5UG,27,12,15,16
L36 5UH,82,40,42,33
L36 5UJ,49,24,25,23
L36 5UL,24,12,12,12
L36 5UN,69,29,40,29
L36 5UP,22,11,11,10
L36 5UQ,63,30,33,27
L36 5UR,26,13,13,10
L36 5US,14,9,5,6
L36 5UT,18,8,10,7
L36 5UU,4,2,2,1
L36 5UW,53,21,32,24
L36 5UX,25,9,16,11
L36 5UY,53,15,38,2
L36 5UZ,63,32,31,22
L36 5XA,11,6,5,5
L36 5XB,83,43,40,32
L36 5XD,9,5,4,3
L36 5XE,44,22,22,18
L36 5XF,44,25,19,16
L36 5XG,62,20,42,4
L36 5XH,41,19,22,20
L36 5XJ,36,17,19,13
L36 5XL,64,33,31,27
L36 5XN,51,30,21,22
L36 5XP,50,27,23,21
L36 5XR,31,17,14,12
L36 5XS,43,22,21,15
L36 5XT,55,29,26,23
L36 5XU,40,16,24,22
L36 5XW,49,10,39,2
L36 5XX,46,24,22,19
L36 5XY,48,23,25,22
L36 5XZ,69,34,35,24
L36 5YA,67,34,33,28
L36 5YD,41,21,20,17
L36 5YF,54,22,32,22
L36 5YG,26,13,13,11
L36 5YJ,51,20,31,21
L36 5YL,9,4,5,3
L36 5YN,89,43,46,29
L36 5YQ,117,51,66,47
L36 5YR,116,51,65,45
L36 5YS,54,25,29,20
L36 5YW,9,4,5,6
L36 5YX,83,36,47,42
L36 5YY,66,33,33,26
L36 6AD,10,6,4,4
L36 6AG,7,4,3,3
L36 6AQ,9,3,6,4
L36 6AR,10,3,7,6
L36 6AT,16,7,9,6
L36 6AX,6,1,5,5
L36 6AY,1,0,1,1
L36 6AZ,14,6,8,8
L36 6BA,1,0,1,1
L36 6BB,26,14,12,10
L36 6BG,118,47,71,47
L36 6BH,9,4,5,3
L36 6BQ,73,39,34,31
L36 6BR,13,8,5,5
L36 6BS,23,7,16,10
L36 6BT,121,58,63,44
L36 6BU,37,17,20,17
L36 6BX,53,30,23,21
L36 6BY,37,19,18,17
L36 6BZ,105,49,56,45
L36 6DA,52,27,25,21
L36 6DB,12,8,4,4
L36 6DD,50,19,31,19
L36 6DE,34,17,17,16
L36 6DF,16,6,10,10
L36 6DH,40,19,21,16
L36 6DJ,38,20,18,14
L36 6DL,82,40,42,30
L36 6DN,78,33,45,40
L36 6DP,35,15,20,21
L36 6DQ,21,10,11,15
L36 6DR,65,26,39,28
L36 6DS,49,17,32,14
L36 6DT,63,31,32,25
L36 6DU,13,8,5,6
L36 6DW,111,48,63,50
L36 6DX,53,25,28,23
L36 6DY,10,5,5,5
L36 6DZ,15,5,10,7
L36 6EA,45,26,19,18
L36 6EB,38,26,12,27
L36 6ED,29,14,15,7
L36 6EE,9,5,4,4
L36 6EF,72,32,40,27
L36 6EG,17,8,9,6
L36 6EH,59,28,31,24
L36 6EJ,6,2,4,2
L36 6EL,15,8,7,4
L36 6EN,12,6,6,4
L36 6EP,43,23,20,17
L36 6EQ,37,14,23,14
L36 6ER,19,8,11,6
L36 6ET,72,38,34,26
L36 6EU,8,5,3,6
L36 6EX,19,7,12,8
L36 6EZ,22,12,10,8
L36 6FB,23,8,15,16
L36 6HA,55,27,28,20
L36 6HB,43,19,24,18
L36 6HD,39,18,21,17
L36 6HE,69,34,35,27
L36 6HL,11,4,7,5
L36 6HN,72,38,34,42
L36 6HP,6,1,5,3
L36 6HR,51,28,23,36
L36 6HS,65,31,34,32
L36 6HW,7,4,3,4
L36 6LF,28,12,16,10
L36 6LH,3,1,2,1
L36 6LP,39,28,11,31
L36 6LS,36,13,23,14
L36 6LT,33,14,19,17
L36 6LX,45,21,24,17
L36 7RJ,11,7,4,6
L36 7RN,35,19,16,10
L36 7RP,35,14,21,14
L36 7RQ,10,6,4,4
L36 7RR,7,3,4,2
L36 7RS,18,8,10,8
L36 7RU,10,6,4,9
L36 7RW,10,4,6,4
L36 7RX,11,4,7,9
L36 7RY,9,3,6,8
L36 7SA,67,26,41,28
L36 7SB,19,7,12,10
L36 7SD,67,25,42,28
L36 7SE,84,45,39,29
L36 7SF,91,45,46,34
L36 7SG,77,30,47,34
L36 7SH,42,23,19,19
L36 7SJ,31,14,17,16
L36 7SL,3,2,1,3
L36 7SN,37,21,16,15
L36 7SP,97,45,52,35
L36 7SQ,98,51,47,33
L36 7SR,63,30,33,28
L36 7SS,54,26,28,17
L36 7ST,61,27,34,24
L36 7SU,42,15,27,14
L36 7SW,62,25,37,30
L36 7SX,34,17,17,16
L36 7SY,8,4,4,2
L36 7SZ,94,44,50,38
L36 7TA,13,8,5,5
L36 7TB,60,28,32,26
L36 7TD,40,21,19,13
L36 7TE,54,23,31,22
L36 7TF,43,19,24,13
L36 7TG,56,23,33,23
L36 7TH,100,49,51,37
L36 7TJ,84,34,50,24
L36 7TL,74,32,42,39
L36 7TN,40,17,23,16
L36 7TP,41,19,22,19
L36 7TQ,67,37,30,24
L36 7TR,17,9,8,10
L36 7TS,9,3,6,7
L36 7TT,28,12,16,9
L36 7TU,7,4,3,7
L36 7TW,5,2,3,4
L36 7TY,36,18,18,21
L36 7TZ,29,12,17,12
L36 7UA,24,13,11,10
L36 7UB,16,7,9,8
L36 7UD,18,10,8,9
L36 7UE,29,13,16,11
L36 7UF,61,24,37,25
L36 7UG,64,31,33,31
L36 7UH,41,21,20,18
L36 7UJ,47,19,28,23
L36 7UL,30,12,18,11
L36 7UN,53,30,23,19
L36 7UP,75,34,41,31
L36 7UQ,55,29,26,21
L36 7UR,39,20,19,20
L36 7US,12,3,9,5
L36 7UT,24,12,12,10
L36 7UU,52,27,25,23
L36 7UW,11,5,6,3
L36 7UX,68,30,38,32
L36 7UY,26,16,10,19
L36 7UZ,35,19,16,22
L36 7XA,96,48,48,56
L36 7XB,19,8,11,12
L36 7XD,20,8,12,13
L36 7XE,2,1,1,1
L36 7XF,45,22,23,14
L36 7XG,23,4,19,2
L36 7XH,9,4,5,3
L36 7XJ,39,22,17,16
L36 7XL,4,2,2,2
L36 7XN,13,5,8,3
L36 7XP,67,26,41,27
L36 7XQ,23,10,13,14
L36 7XR,1,1,0,1
L36 7XS,18,10,8,7
L36 7XT,33,20,13,15
L36 7XU,77,37,40,29
L36 7XW,75,37,38,30
L36 7XX,39,17,22,17
L36 7XY,37,21,16,20
L36 7XZ,64,26,38,17
L36 7YA,32,11,21,16
L36 7YH,19,8,11,8
L36 7YJ,32,14,18,19
L36 7YL,25,16,9,20
L36 7YP,64,32,32,48
L36 7YR,49,20,29,24
L36 7YT,14,11,3,4
L36 7YU,50,18,32,40
L36 7YZ,73,36,37,30
L36 8AT,11,6,5,8
L36 8AU,8,5,3,6
L36 8AW,24,13,11,13
L36 8AX,6,3,3,4
L36 8AY,4,4,0,4
L36 8BA,74,37,37,31
L36 8BB,22,9,13,10
L36 8BD,111,57,54,43
L36 8BE,28,13,15,12
L36 8BG,39,15,24,16
L36 8BH,82,33,49,24
L36 8BJ,2,2,0,2
L36 8BL,21,10,11,6
L36 8BN,56,27,29,21
L36 8BP,25,10,15,12
L36 8BQ,95,44,51,30
L36 8BR,24,8,16,11
L36 8BS,50,23,27,20
L36 8BT,49,25,24,34
L36 8BU,42,20,22,16
L36 8BW,55,26,29,21
L36 8BX,36,17,19,16
L36 8BY,86,44,42,39
L36 8BZ,91,41,50,41
L36 8DA,23,8,15,10
L36 8DD,76,33,43,36
L36 8DE,62,22,40,31
L36 8DF,53,22,31,21
L36 8DG,98,46,52,38
L36 8DH,48,22,26,22
L36 8DJ,51,23,28,25
L36 8DL,36,15,21,18
L36 8DP,24,12,12,11
L36 8DQ,65,30,35,28
L36 8DR,73,34,39,27
L36 8DS,38,20,18,13
L36 8DU,12,4,8,6
L36 8DW,71,34,37,23
L36 8DX,103,46,57,13
L36 8EH,30,14,16,12
L36 8EJ,19,7,12,6
L36 8EL,119,51,68,32
L36 8EP,32,17,15,21
L36 8ER,16,7,9,8
L36 8ES,90,45,45,37
L36 8ET,103,44,59,41
L36 8EU,86,39,47,30
L36 8EX,37,19,18,14
L36 8EY,36,18,18,15
L36 8EZ,24,8,16,7
L36 8FB,9,6,3,3
L36 8FD,66,32,34,19
L36 8FE,40,18,22,14
L36 8FF,48,24,24,17
L36 8FG,109,55,54,46
L36 8FH,44,18,26,17
L36 8FN,96,52,44,45
L36 8HA,91,39,52,35
L36 8HB,98,39,59,35
L36 8HD,66,39,27,25
L36 8HE,17,8,9,7
L36 8HF,53,19,34,24
L36 8HG,92,38,54,36
L36 8HH,50,28,22,20
L36 8HJ,61,31,30,27
L36 8HL,30,16,14,14
L36 8HN,76,35,41,32
L36 8HP,71,37,34,43
L36 8HQ,92,30,62,39
L36 8HR,84,42,42,31
L36 8HS,6,3,3,3
L36 8HT,75,40,35,30
L36 8HU,6,4,2,4
L36 8HW,68,33,35,33
L36 8HX,7,3,4,3
L36 8JB,60,37,23,25
L36 8JD,161,69,92,59
L36 8JE,48,16,32,17
L36 8JF,119,61,58,39
L36 8JG,60,34,26,21
L36 8JH,34,19,15,12
L36 8JJ,90,47,43,32
L36 8JL,62,28,34,18
L36 8JN,33,18,15,13
L36 8JQ,45,25,20,14
L36 8JW,69,27,42,25
L36 9BB,29,15,14,16
L36 9GE,42,10,32,35
L36 9TA,51,23,28,22
L36 9TB,40,12,28,15
L36 9TD,41,23,18,14
L36 9TE,18,11,7,7
L36 9TF,4,2,2,2
L36 9TG,83,41,42,35
L36 9TH,26,15,11,13
L36 9TJ,29,14,15,18
L36 9TL,43,20,23,15
L36 9TN,39,20,19,18
L36 9TP,56,22,34,12
L36 9TQ,36,17,19,14
L36 9TR,48,28,20,23
L36 9TS,67,34,33,27
L36 9TT,62,31,31,29
L36 9TU,23,9,14,15
L36 9TW,22,8,14,11
L36 9TX,14,5,9,6
L36 9TY,61,28,33,25
L36 9TZ,77,30,47,28
L36 9UA,78,39,39,31
L36 9UB,74,34,40,30
L36 9UD,154,71,83,64
L36 9UE,54,26,28,20
L36 9UF,50,24,26,20
L36 9UQ,9,5,4,2
L36 9XA,7,4,3,5
L36 9XB,23,11,12,9
L36 9XD,9,5,4,6
L36 9XE,41,18,23,21
L36 9XF,5,2,3,4
L36 9XG,53,28,25,18
L36 9XH,33,19,14,14
L36 9XJ,13,8,5,5
L36 9XL,35,18,17,16
L36 9XN,17,8,9,8
L36 9XQ,68,32,36,25
L36 9XR,19,11,8,6
L36 9XW,72,31,41,24
L37 0AB,19,7,12,6
L37 0AE,30,15,15,12
L37 0AF,32,14,18,14
L37 0AH,49,20,29,13
L37 0AL,4,2,2,2
L37 0AN,10,3,7,4
L37 0AP,14,6,8,5
L37 0AQ,7,3,4,2
L37 0AW,14,9,5,5
L37 1LA,47,23,24,16
L37 1LB,6,3,3,2
L37 1LD,12,6,6,4
L37 1LE,14,9,5,6
L37 1LF,14,6,8,8
L37 1LH,56,31,25,9
L37 1LJ,28,13,15,11
L37 1LL,13,5,8,6
L37 1LN,29,15,14,10
L37 1LP,48,19,29,16
L37 1LR,39,16,23,17
L37 1LS,23,10,13,7
L37 1LT,24,13,11,12
L37 1LU,81,38,43,34
L37 1LW,28,26,2,0
L37 1LX,28,14,14,10
L37 1LY,24,12,12,15
L37 1LZ,29,13,16,12
L37 1NA,15,7,8,7
L37 1NB,31,12,19,13
L37 1ND,9,4,5,5
L37 1NE,36,14,22,19
L37 1NF,39,19,20,19
L37 1NG,39,17,22,14
L37 1NH,78,40,38,29
L37 1NJ,19,10,9,9
L37 1NL,22,9,13,12
L37 1NN,11,3,8,7
L37 1NP,11,5,6,3
L37 1NQ,34,17,17,19
L37 1NR,36,18,18,14
L37 1NS,19,10,9,7
L37 1NT,42,23,19,20
L37 1NU,53,24,29,23
L37 1NW,36,14,22,21
L37 1NX,47,22,25,21
L37 1NY,40,18,22,16
L37 1NZ,49,21,28,19
L37 1PA,33,20,13,14
L37 1PB,36,16,20,16
L37 1PD,85,37,48,39
L37 1PE,29,11,18,11
L37 1PF,33,14,19,18
L37 1PG,49,26,23,19
L37 1PH,48,16,32,2
L37 1PL,31,18,13,13
L37 1PN,89,47,42,33
L37 1PP,72,33,39,29
L37 1PQ,48,22,26,19
L37 1PR,33,18,15,12
L37 1PS,9,5,4,4
L37 1PT,53,23,30,29
L37 1PU,18,7,11,9
L37 1PW,73,36,37,30
L37 1PX,93,51,42,35
L37 1PY,49,24,25,19
L37 1PZ,56,34,22,26
L37 1QA,4,2,2,2
L37 1XN,67,32,35,30
L37 1XP,29,16,13,12
L37 1XR,78,34,44,38
L37 1XS,25,12,13,10
L37 1XT,64,32,32,28
L37 1XU,14,7,7,7
L37 1XW,45,18,27,20
L37 1XX,9,5,4,5
L37 1XY,24,12,12,9
L37 1XZ,25,11,14,10
L37 1YB,2,1,1,1
L37 1YD,1,0,1,1
L37 1YF,16,9,7,6
L37 1YH,11,3,8,4
L37 1YX,8,6,2,2
L37 2DA,39,20,19,18
L37 2DB,18,8,10,7
L37 2DD,2,1,1,2
L37 2DF,15,9,6,4
L37 2DG,52,27,25,20
L37 2DH,40,16,24,16
L37 2DJ,53,26,27,21
L37 2DL,52,26,26,23
L37 2DN,58,31,27,21
L37 2DP,27,12,15,11
L37 2DQ,29,14,15,13
L37 2DR,23,11,12,8
L37 2DS,21,6,15,8
L37 2DT,22,12,10,8
L37 2DU,19,10,9,11
L37 2DW,54,22,32,20
L37 2DX,34,15,19,15
L37 2DY,23,13,10,11
L37 2DZ,70,35,35,27
L37 2EA,198,96,102,74
L37 2ED,19,10,9,5
L37 2EE,34,17,17,16
L37 2EF,48,24,24,22
L37 2EG,94,42,52,23
L37 2EH,1,1,0,1
L37 2EJ,14,7,7,5
L37 2EL,66,33,33,26
L37 2EN,37,16,21,16
L37 2EP,31,15,16,12
L37 2EQ,46,24,22,17
L37 2ER,21,11,10,8
L37 2ES,7,2,5,4
L37 2ET,63,33,30,27
L37 2EU,87,35,52,21
L37 2EW,44,16,28,10
L37 2EX,86,37,49,26
L37 2EY,69,34,35,27
L37 2EZ,7,3,4,3
L37 2FF,20,7,13,11
L37 2FN,88,44,44,35
L37 2FP,12,5,7,5
L37 2FS,12,4,8,7
L37 2FW,6,2,4,4
L37 2HA,9,4,5,4
L37 2HB,51,25,26,18
L37 2HD,38,22,16,14
L37 2HE,19,6,13,8
L37 2HF,33,14,19,14
L37 2HG,35,17,18,14
L37 2HH,49,23,26,18
L37 2HJ,18,8,10,6
L37 2HL,27,14,13,10
L37 2HN,32,15,17,13
L37 2HP,58,34,24,20
L37 2HQ,16,8,8,5
L37 2HR,24,13,11,10
L37 2HS,27,12,15,9
L37 2HT,42,22,20,15
L37 2HU,1,1,0,1
L37 2HW,29,11,18,10
L37 2HX,27,14,13,16
L37 2HY,62,30,32,25
L37 2HZ,50,23,27,23
L37 2JA,43,21,22,21
L37 2JB,26,10,16,14
L37 2JD,70,32,38,27
L37 2JE,20,9,11,11
L37 2JG,41,21,20,17
L37 2JH,39,16,23,31
L37 2JJ,18,7,11,15
L37 2JL,64,28,36,26
L37 2JN,54,27,27,21
L37 2JP,4,3,1,2
L37 2JQ,35,18,17,14
L37 2JR,13,6,7,8
L37 2JS,23,13,10,8
L37 2JT,32,16,16,15
L37 2JU,34,21,13,12
L37 2JW,58,28,30,21
L37 2JX,34,14,20,16
L37 2JY,43,25,18,15
L37 2JZ,32,13,19,12
L37 2LA,17,8,9,5
L37 2LB,52,28,24,21
L37 2LD,45,22,23,20
L37 2LE,98,48,50,37
L37 2LF,21,10,11,9
L37 2LG,24,10,14,12
L37 2LH,143,69,74,53
L37 2LJ,26,15,11,11
L37 2LL,26,15,11,11
L37 2LN,50,28,22,16
L37 2LP,23,11,12,12
L37 2LQ,28,13,15,12
L37 2LR,94,48,46,37
L37 2LS,41,16,25,17
L37 2LT,59,29,30,21
L37 2LU,28,16,12,11
L37 2LW,56,28,28,21
L37 2LX,132,61,71,50
L37 2LY,76,37,39,29
L37 2YA,24,13,11,6
L37 2YB,14,5,9,6
L37 2YD,50,23,27,20
L37 2YE,33,15,18,16
L37 2YF,51,24,27,21
L37 2YG,19,6,13,8
L37 2YH,35,20,15,14
L37 2YJ,39,19,20,17
L37 2YN,83,39,44,32
L37 2YP,41,20,21,14
L37 2YQ,69,32,37,24
L37 2YR,20,8,12,8
L37 2YS,99,56,43,36
L37 2YT,83,40,43,32
L37 2YU,18,9,9,8
L37 2YW,30,13,17,15
L37 2YX,20,8,12,9
L37 2YY,29,15,14,10
L37 2YZ,20,12,8,8
L37 3HA,84,42,42,32
L37 3HB,94,53,41,41
L37 3HD,69,34,35,28
L37 3HE,55,24,31,24
L37 3HF,43,18,25,18
L37 3HG,64,25,39,30
L37 3HH,84,38,46,32
L37 3HJ,44,18,26,14
L37 3HL,62,31,31,21
L37 3HN,36,18,18,13
L37 3HP,43,17,26,27
L37 3HQ,76,33,43,26
L37 3HR,11,4,7,5
L37 3HS,14,4,10,11
L37 3HT,8,5,3,5
L37 3HU,18,9,9,11
L37 3HW,35,13,22,12
L37 3HX,9,3,6,5
L37 3HY,48,20,28,19
L37 3HZ,35,16,19,18
L37 3JA,40,22,18,16
L37 3JB,45,16,29,17
L37 3JD,21,9,12,10
L37 3JE,40,23,17,20
L37 3JF,29,13,16,13
L37 3JG,26,13,13,12
L37 3JH,42,24,18,15
L37 3JJ,12,5,7,3
L37 3JL,58,28,30,22
L37 3JN,37,15,22,14
L37 3JP,15,7,8,6
L37 3JQ,28,14,14,9
L37 3JS,43,20,23,17
L37 3JT,30,13,17,18
L37 3JU,93,38,55,46
L37 3JW,13,8,5,5
L37 3JX,50,27,23,19
L37 3JY,23,11,12,10
L37 3JZ,27,13,14,14
L37 3LA,53,25,28,23
L37 3LB,51,23,28,21
L37 3LD,50,26,24,22
L37 3LE,38,14,24,18
L37 3LF,26,12,14,13
L37 3LG,15,8,7,9
L37 3LH,21,9,12,11
L37 3LJ,40,14,26,24
L37 3LL,34,21,13,15
L37 3LN,57,21,36,10
L37 3LP,4,2,2,2
L37 3LQ,59,30,29,23
L37 3LR,47,18,29,18
L37 3LS,50,22,28,20
L37 3LT,49,28,21,21
L37 3LU,116,50,66,32
L37 3LW,5,4,1,5
L37 3LX,70,38,32,31
L37 3LY,104,48,56,44
L37 3LZ,29,13,16,11
L37 3NA,45,25,20,19
L37 3NB,15,10,5,4
L37 3ND,47,25,22,20
L37 3NF,23,14,9,14
L37 3NG,33,18,15,13
L37 3NH,29,16,13,10
L37 3NN,25,16,9,12
L37 3NP,13,7,6,4
L37 3NR,80,40,40,32
L37 3NS,68,31,37,26
L37 3NT,57,30,27,22
L37 3NU,13,8,5,6
L37 3NW,79,36,43,30
L37 3NX,45,17,28,26
L37 3NY,28,15,13,15
L37 3NZ,51,21,30,18
L37 3PA,108,53,55,35
L37 3PB,88,46,42,34
L37 3PD,15,8,7,7
L37 3PE,93,44,49,37
L37 3PF,64,33,31,24
L37 3PH,61,29,32,24
L37 3PJ,62,32,30,30
L37 3PL,8,5,3,4
L37 3PN,98,41,57,63
L37 3PP,54,18,36,38
L37 3PR,99,36,63,56
L37 3PS,101,42,59,76
L37 3PT,14,6,8,9
L37 3PU,18,7,11,13
L37 3PY,14,6,8,10
L37 3QE,19,7,12,12
L37 3QF,15,7,8,9
L37 3QG,27,13,14,12
L37 3QL,17,8,9,9
L37 3QN,9,2,7,5
L37 3QP,29,12,17,24
L37 3QQ,6,4,2,2
L37 3QS,23,13,10,9
L37 3QW,17,8,9,6
L37 3QX,5,3,2,2
L37 3RB,19,10,9,7
L37 3RL,13,6,7,4
L37 3RQ,9,4,5,3
L37 3RW,118,58,60,40
L37 4AA,87,44,43,32
L37 4AB,30,15,15,12
L37 4AD,45,23,22,23
L37 4AF,8,5,3,4
L37 4AG,20,9,11,10
L37 4AJ,20,9,11,6
L37 4AL,12,6,6,6
L37 4AN,13,9,4,8
L37 4AP,58,24,34,25
L37 4AQ,1,0,1,1
L37 4AR,35,20,15,13
L37 4AS,12,3,9,8
L37 4AT,69,35,34,21
L37 4AX,33,14,19,19
L37 4AY,37,21,16,13
L37 4AZ,55,27,28,18
L37 4BA,30,14,16,14
L37 4BB,53,26,27,18
L37 4BD,14,7,7,6
L37 4BE,34,18,16,16
L37 4BG,30,14,16,12
L37 4BH,15,5,10,5
L37 4BJ,9,6,3,4
L37 4BL,27,17,10,9
L37 4BN,17,8,9,7
L37 4BP,31,12,19,20
L37 4BQ,72,29,43,30
L37 4BR,30,15,15,10
L37 4BS,25,10,15,11
L37 4BT,40,16,24,19
L37 4BU,63,31,32,26
L37 4BW,32,12,20,14
L37 4BX,40,20,20,21
L37 4BY,27,12,15,16
L37 4BZ,29,15,14,10
L37 4DA,11,4,7,7
L37 4DB,55,23,32,21
L37 4DD,64,32,32,26
L37 4DE,45,20,25,15
L37 4DF,29,10,19,15
L37 4DG,65,30,35,27
L37 4DH,50,21,29,23
L37 4DJ,22,12,10,12
L37 4DL,4,1,3,3
L37 4DQ,47,23,24,14
L37 4DU,2,2,0,2
L37 4ED,24,12,12,12
L37 4EG,44,21,23,19
L37 4EH,29,13,16,12
L37 4EJ,30,14,16,12
L37 4EL,30,16,14,12
L37 4EN,59,30,29,19
L37 4EP,49,27,22,18
L37 4EQ,79,39,40,35
L37 4ER,21,10,11,9
L37 4ES,35,16,19,15
L37 4ET,29,13,16,17
L37 4EU,53,23,30,24
L37 4EW,20,9,11,8
L37 4EX,11,5,6,5
L37 4EY,50,29,21,19
L37 4EZ,21,14,7,9
L37 4FB,32,10,22,27
L37 4HA,17,5,12,11
L37 4HB,39,27,12,14
L37 4HD,110,53,57,40
L37 4HE,67,29,38,30
L37 4HF,36,18,18,17
L37 4HG,30,16,14,14
L37 4HH,13,8,5,5
L37 4HJ,45,20,25,21
L37 4HL,35,17,18,13
L37 4HQ,23,12,11,7
L37 4HR,14,8,6,5
L37 4HT,22,13,9,7
L37 4HX,26,17,9,11
L37 4HY,13,6,7,5
L37 4JF,31,16,15,13
L37 4JG,16,8,8,8
L37 4JP,126,65,61,44
L37 4LF,21,10,11,6
L37 5AA,7,4,3,4
L37 5AB,24,12,12,14
L37 5AD,9,4,5,4
L37 5AE,16,7,9,6
L37 5AF,3,1,2,2
L37 5AG,15,9,6,7
L37 5AH,9,5,4,4
L37 5AJ,27,13,14,11
L37 5AL,6,1,5,3
L37 5AN,2,1,1,1
L37 5AQ,20,10,10,7
L37 6AA,47,25,22,20
L37 6AB,50,29,21,19
L37 6AD,46,19,27,25
L37 6AE,9,6,3,4
L37 6AF,50,24,26,19
L37 6AG,22,13,9,10
L37 6AH,9,4,5,3
L37 6AL,5,3,2,2
L37 6AN,24,12,12,10
L37 6AP,23,13,10,10
L37 6AQ,61,29,32,24
L37 6AR,62,32,30,26
L37 6AS,50,26,24,22
L37 6AT,41,19,22,16
L37 6AU,28,13,15,13
L37 6AW,43,22,21,21
L37 6AX,51,23,28,18
L37 6AY,45,20,25,17
L37 6AZ,44,22,22,19
L37 6BA,117,57,60,52
L37 6BB,36,16,20,13
L37 6BD,19,8,11,9
L37 6BE,25,12,13,12
L37 6BG,89,37,52,34
L37 6BH,19,9,10,8
L37 6BJ,110,54,56,40
L37 6BL,59,27,32,22
L37 6BN,92,47,45,34
L37 6BP,99,46,53,33
L37 6BQ,70,36,34,26
L37 6BR,15,9,6,6
L37 6BS,26,12,14,11
L37 6BT,24,11,13,9
L37 6BU,37,15,22,21
L37 6BW,52,20,32,19
L37 6BY,6,2,4,4
L37 6BZ,42,18,24,14
L37 6DA,13,6,7,6
L37 6DB,74,32,42,32
L37 6DD,35,18,17,12
L37 6DE,38,16,22,15
L37 6DF,60,31,29,22
L37 6DG,10,7,3,6
L37 6DH,35,13,22,22
L37 6DJ,24,11,13,11
L37 6DL,53,23,30,23
L37 6DN,48,22,26,23
L37 6DP,35,12,23,21
L37 6DQ,25,15,10,11
L37 6DR,56,23,33,27
L37 6DS,42,18,24,21
L37 6DT,28,12,16,14
L37 6DU,8,6,2,2
L37 6DW,32,10,22,18
L37 6DX,51,26,25,20
L37 6DY,53,24,29,21
L37 6DZ,30,18,12,10
L37 6EA,29,12,17,14
L37 6EB,31,17,14,16
L37 6ED,45,21,24,13
L37 6EE,51,23,28,18
L37 6EF,44,24,20,18
L37 6EG,22,9,13,9
L37 6EH,21,9,12,12
L37 6EJ,36,16,20,17
L37 6EL,29,14,15,12
L37 6EN,61,33,28,29
L37 6EP,21,9,12,11
L37 6EQ,36,18,18,14
L37 6ER,47,25,22,16
L37 6ES,37,20,17,16
L37 6ET,14,8,6,7
L37 6EW,41,20,21,18
L37 6EY,46,20,26,21
L37 6HD,6,4,2,2
L37 7AD,1,0,1,1
L37 7AF,14,8,6,5
L37 7AG,26,8,18,9
L37 7AH,45,17,28,27
L37 7AJ,22,13,9,6
L37 7AL,17,7,10,7
L37 7AN,30,13,17,18
L37 7AP,11,5,6,4
L37 7AQ,38,21,17,14
L37 7AR,49,18,31,22
L37 7AS,62,28,34,22
L37 7AT,58,31,27,26
L37 7AU,17,9,8,7
L37 7AW,45,21,24,16
L37 7AX,24,13,11,10
L37 7AY,39,20,19,14
L37 7AZ,2,2,0,0
L37 7BA,35,14,21,11
L37 7BB,10,4,6,3
L37 7BD,65,33,32,26
L37 7BE,57,25,32,26
L37 7BG,37,18,19,14
L37 7BH,24,12,12,8
L37 7BJ,6,3,3,4
L37 7BL,20,10,10,11
L37 7BN,35,17,18,12
L37 7BP,12,7,5,7
L37 7BQ,28,14,14,13
L37 7BR,76,40,36,28
L37 7BS,12,5,7,6
L37 7BT,12,7,5,3
L37 7BU,41,17,24,17
L37 7BW,29,16,13,9
L37 7BX,21,13,8,10
L37 7BY,33,17,16,15
L37 7BZ,27,11,16,13
L37 7DA,21,11,10,9
L37 7DB,10,3,7,6
L37 7DD,24,11,13,9
L37 7DE,41,21,20,15
L37 7DF,57,28,29,25
L37 7DG,67,36,31,21
L37 7DH,55,28,27,22
L37 7DJ,37,17,20,15
L37 7DL,32,14,18,12
L37 7DN,49,29,20,19
L37 7DP,27,14,13,11
L37 7DQ,62,29,33,25
L37 7DR,35,15,20,11
L37 7DT,52,22,30,18
L37 7DU,24,9,15,10
L37 7DW,27,14,13,13
L37 7DX,41,18,23,18
L37 7DY,86,42,44,34
L37 7EA,64,33,31,23
L37 7EB,3,2,1,2
L37 7ED,12,3,9,3
L37 7EE,72,27,45,29
L37 7EF,81,32,49,33
L37 7EG,38,18,20,16
L37 7EH,47,24,23,22
L37 7EJ,39,17,22,18
L37 7EL,43,22,21,18
L37 7EN,46,19,27,22
L37 7EP,47,23,24,25
L37 7EQ,58,29,29,25
L37 7ER,31,17,14,13
L37 7ES,41,18,23,16
L37 7ET,39,18,21,16
L37 7EU,36,18,18,17
L37 7EW,54,30,24,20
L37 7EX,25,12,13,10
L37 7EY,63,34,29,28
L37 7EZ,34,20,14,15
L37 7FD,26,13,13,14
L37 7HA,111,58,53,55
L37 7HB,11,6,5,3
L37 7HD,52,23,29,23
L37 7HE,59,27,32,24
L37 7HF,30,16,14,14
L37 7HG,52,28,24,21
L37 7HH,15,6,9,10
L37 7HJ,13,7,6,5
L37 7HL,102,46,56,42
L37 7HN,36,20,16,16
L37 7HP,87,40,47,42
L37 7HQ,63,29,34,27
L37 7HR,18,10,8,8
L37 7HS,28,10,18,18
L37 7HW,26,13,13,11
L37 7HX,33,18,15,13
L37 7HY,20,11,9,8
L37 7HZ,62,28,34,25
L37 7JD,12,6,6,4
L37 7JL,23,12,11,7
L37 8BA,40,18,22,21
L37 8BB,46,15,31,19
L37 8BD,29,13,16,13
L37 8BE,58,25,33,27
L37 8BG,43,21,22,23
L37 8BH,97,50,47,41
L37 8BJ,28,14,14,14
L37 8BL,15,7,8,8
L37 8BN,21,11,10,7
L37 8BP,28,14,14,14
L37 8BQ,68,30,38,48
L37 8BR,23,10,13,11
L37 8BS,39,19,20,15
L37 8BT,58,26,32,24
L37 8BU,32,15,17,14
L37 8BW,14,6,8,5
L37 8BX,13,7,6,6
L37 8BY,96,48,48,46
L37 8BZ,77,41,36,36
L37 8DA,26,11,15,15
L37 8DB,34,19,15,14
L37 8DD,91,43,48,39
L37 8DE,59,23,36,25
L37 8DF,63,29,34,28
L37 8DG,73,38,35,31
L37 8DH,35,15,20,16
L37 8DJ,32,14,18,12
L37 8DN,11,5,6,7
L37 8DQ,75,34,41,27
L37 8DR,60,33,27,18
L37 8DS,58,31,27,20
L37 8DT,43,19,24,22
L37 8DU,1,0,1,1
L37 8DX,70,35,35,30
L37 8DY,23,10,13,11
L37 8DZ,78,36,42,30
L37 8EA,12,6,6,8
L37 8EB,91,46,45,46
L37 8ED,16,8,8,5
L37 8EE,30,13,17,11
L37 8EF,7,3,4,4
L37 8EN,12,4,8,6
L37 8RP,9,1,8,3
L37 9BA,10,5,5,4
L37 9BB,8,4,4,3
L37 9BE,11,6,5,4
L37 9BG,6,3,3,2
L37 9BQ,5,2,3,2
L38 0BA,27,15,12,16
L38 0BB,32,16,16,10
L38 0BD,26,13,13,9
L38 0BE,21,10,11,8
L38 0BG,58,30,28,29
L38 0BH,35,18,17,17
L38 0BJ,26,11,15,15
L38 0BL,40,21,19,13
L38 0BN,18,8,10,10
L38 0BP,31,16,15,10
L38 0BQ,30,14,16,19
L38 0BR,30,14,16,14
L38 0BS,28,14,14,14
L38 0BT,21,8,13,11
L38 0BU,76,40,36,41
L38 0BW,6,2,4,4
L38 0DB,21,12,9,6
L38 1QA,4,3,1,3
L38 1QB,16,10,6,10
L38 1QD,27,11,16,12
L38 1QE,72,40,32,25
L38 1QF,17,6,11,5
L38 1QG,49,22,27,24
L38 1QH,21,11,10,7
L38 1QQ,11,5,6,3
L38 3RA,5,2,3,3
L38 3RB,9,7,2,2
L38 3RD,8,4,4,4
L38 3RE,25,12,13,8
L38 3RF,7,5,2,2
L38 3RG,4,2,2,2
L38 3RH,11,6,5,4
L38 3RJ,21,9,12,7
L38 3RL,11,4,7,5
L38 3RN,37,17,20,12
L38 3RP,27,16,11,10
L38 3RQ,24,11,13,8
L38 3RR,14,8,6,4
L38 3RS,10,5,5,3
L38 3RT,29,14,15,11
L38 3RU,8,4,4,4
L38 3RW,31,12,19,12
L38 3RX,1,1,0,1
L38 3RY,10,5,5,4
L38 3RZ,13,7,6,5
L38 3SF,2,1,1,1
L38 3SG,3,2,1,1
L38 4JB,5,3,2,2
L38 5DA,12,7,5,3
L38 5DB,3,1,2,1
L38 5DE,13,5,8,6
L38 6JA,25,11,14,13
L38 6JB,13,8,5,4
L38 6JD,11,7,4,5
L38 6JE,35,15,20,16
L38 6JF,51,21,30,21
L38 6JG,5,3,2,3
L38 6JH,7,2,5,3
L38 6JJ,23,10,13,10
L38 6JL,34,11,23,1
L38 6JQ,25,9,16,14
L38 7JB,4,2,2,4
L38 7JD,8,4,4,4
L38 8AF,5,2,3,3
L38 9AN,172,89,83,73
L38 9AW,33,16,17,12
L38 9EA,11,6,5,6
L38 9EB,24,12,12,8
L38 9ED,28,15,13,10
L38 9EE,61,29,32,25
L38 9EF,83,37,46,31
L38 9EG,57,28,29,23
L38 9EH,21,12,9,11
L38 9EJ,38,18,20,16
L38 9EL,21,9,12,14
L38 9EN,20,10,10,13
L38 9EP,26,12,14,13
L38 9EQ,80,41,39,31
L38 9ER,31,15,16,14
L38 9ES,31,13,18,12
L38 9ET,11,4,7,6
L38 9EU,7,3,4,3
L38 9EW,21,11,10,11
L38 9EX,88,41,47,38
L38 9EY,79,35,44,38
L38 9EZ,34,17,17,18
L38 9GE,58,28,30,26
L38 9GF,49,22,27,22
L38 9GG,15,9,6,8
L38 9GH,52,27,25,19
L38 9GJ,30,17,13,11
L38 9GL,29,13,16,14
L38 9GQ,33,19,14,14
L39 0EA,23,11,12,11
L39 0EB,58,27,31,30
L39 0ED,31,17,14,18
L39 0EE,16,8,8,6
L39 0EF,45,22,23,16
L39 0EG,50,26,24,18
L39 0EH,18,7,11,7
L39 0EJ,10,5,5,4
L39 0EL,12,6,6,10
L39 0EN,14,7,7,4
L39 0EP,13,6,7,3
L39 0EQ,82,42,40,37
L39 0ER,27,13,14,12
L39 0ES,10,4,6,4
L39 0ET,79,41,38,28
L39 0EU,45,20,25,22
L39 0EW,3,2,1,1
L39 0EX,33,15,18,14
L39 0EY,23,11,12,10
L39 0EZ,41,19,22,18
L39 0HA,2,1,1,1
L39 0HB,111,55,56,49
L39 0HD,28,15,13,12
L39 0HE,24,12,12,12
L39 0HF,37,20,17,14
L39 0HH,42,20,22,16
L39 0HJ,14,8,6,4
L39 0HL,15,6,9,7
L39 0HN,4,1,3,1
L39 0HP,17,8,9,7
L39 0HQ,2,1,1,1
L39 0HR,48,24,24,16
L39 0HW,15,8,7,5
L39 0HX,12,7,5,5
L39 0JB,4,2,2,2
L39 1LA,27,10,17,15
L39 1LB,32,16,16,17
L39 1LD,26,8,18,14
L39 1LE,77,40,37,29
L39 1LF,96,49,47,42
L39 1LG,192,84,108,54
L39 1LH,34,19,15,17
L39 1LJ,82,44,38,31
L39 1LL,64,30,34,31
L39 1LN,80,42,38,21
L39 1LP,116,63,53,44
L39 1LQ,86,42,44,40
L39 1LR,85,41,44,35
L39 1LS,6,1,5,3
L39 1LT,13,8,5,7
L39 1LU,19,11,8,8
L39 1LW,102,48,54,45
L39 1LX,70,36,34,28
L39 1LZ,116,53,63,52
L39 1NA,10,1,9,8
L39 1NB,97,46,51,39
L39 1ND,99,36,63,69
L39 1NE,15,7,8,7
L39 1NF,59,31,28,22
L39 1NG,67,30,37,35
L39 1NH,76,34,42,31
L39 1NJ,110,49,61,39
L39 1NL,88,39,49,59
L39 1NN,58,35,23,24
L39 1NP,90,43,47,33
L39 1NQ,42,21,21,17
L39 1NR,86,43,43,34
L39 1NS,57,31,26,21
L39 1NT,38,21,17,17
L39 1NU,62,33,29,24
L39 1NX,104,40,64,38
L39 1NY,42,22,20,19
L39 1PA,83,42,41,43
L39 1PB,86,43,43,39
L39 1PD,86,39,47,36
L39 1PE,33,20,13,13
L39 1PF,12,4,8,7
L39 1PG,86,43,43,38
L39 1PH,55,21,34,26
L39 1PJ,81,35,46,30
L39 1PL,68,37,31,26
L39 1PN,110,51,59,37
L39 1PP,53,24,29,27
L39 1PQ,93,47,46,31
L39 1PR,46,20,26,20
L39 1PS,60,32,28,17
L39 1PT,41,19,22,20
L39 1PU,93,47,46,47
L39 1PW,109,56,53,40
L39 1PX,52,26,26,23
L39 1PY,110,56,54,42
L39 1PZ,83,40,43,35
L39 1QA,75,31,44,26
L39 1QB,84,38,46,33
L39 1QD,55,27,28,20
L39 1QE,96,50,46,33
L39 1QF,61,32,29,22
L39 1QG,53,26,27,22
L39 1QH,64,37,27,25
L39 1QJ,17,9,8,11
L39 1QL,39,22,17,13
L39 1QN,97,49,48,45
L39 1QP,16,7,9,8
L39 1QQ,72,30,42,22
L39 1QW,7,4,3,3
L39 1RH,69,37,32,42
L39 1RL,78,33,45,28
L39 1RN,33,17,16,14
L39 1RS,4,2,2,4
L39 2AA,33,8,25,11
L39 2AG,7,4,3,2
L39 2AH,16,4,12,3
L39 2AP,179,86,93,52
L39 2AQ,2,1,1,1
L39 2AS,48,20,28,22
L39 2AT,72,34,38,26
L39 2AU,53,27,26,19
L39 2AW,7,3,4,4
L39 2AZ,5,1,4,0
L39 2BA,128,54,74,35
L39 2BB,43,20,23,15
L39 2BD,36,20,16,14
L39 2BE,11,6,5,4
L39 2BG,97,48,49,32
L39 2BH,39,20,19,17
L39 2BJ,5,3,2,2
L39 2BQ,77,39,38,31
L39 2BW,18,8,10,6
L39 2BY,5,3,2,2
L39 2DD,18,7,11,8
L39 2DE,132,57,75,50
L39 2DH,116,46,70,34
L39 2DJ,20,12,8,8
L39 2DN,11,10,1,2
L39 2DP,51,23,28,17
L39 2DR,20,10,10,9
L39 2DS,53,25,28,18
L39 2DT,23,12,11,11
L39 2DU,11,8,3,11
L39 2DX,23,11,12,11
L39 2DY,50,25,25,21
L39 2DZ,168,65,103,55
L39 2EA,103,54,49,38
L39 2EB,88,46,42,31
L39 2ED,68,38,30,25
L39 2EE,50,25,25,21
L39 2EF,95,51,44,34
L39 2EG,15,2,13,5
L39 2EL,46,25,21,23
L39 2EP,51,21,30,20
L39 2ER,8,7,1,2
L39 2ES,5,3,2,2
L39 2ET,7,4,3,6
L39 2EU,77,33,44,30
L39 2EX,18,6,12,8
L39 2EY,103,59,44,42
L39 2HB,22,15,7,8
L39 2HD,31,17,14,19
L39 2HG,38,17,21,14
L39 2HH,30,15,15,11
L39 2HJ,23,12,11,8
L39 2HQ,25,14,11,8
L39 2HZ,11,5,6,4
L39 2JB,16,8,8,8
L39 2JN,16,10,6,5
L39 2JQ,13,9,4,9
L39 2XB,95,42,53,36
L39 2XD,41,15,26,12
L39 2XE,65,28,37,29
L39 2XF,58,30,28,26
L39 2XH,82,34,48,37
L39 2XJ,46,20,26,19
L39 2XP,114,49,65,56
L39 2XR,27,11,16,19
L39 2XY,74,35,39,31
L39 2XZ,27,14,13,11
L39 2YA,45,24,21,38
L39 2YF,4,2,2,3
L39 2YG,53,21,32,44
L39 2YH,5,0,5,1
L39 2YN,15,7,8,8
L39 2YP,102,52,50,38
L39 2YR,38,20,18,12
L39 2YS,50,25,25,15
L39 2YT,7,1,6,2
L39 2YU,8,6,2,2
L39 2YW,25,14,11,8
L39 2YX,72,36,36,30
L39 3AD,17,9,8,7
L39 3AE,10,7,3,2
L39 3AG,17,8,9,3
L39 3AJ,5,3,2,2
L39 3AL,6,4,2,3
L39 3AN,6,4,2,3
L39 3AP,10,6,4,4
L39 3AR,39,18,21,15
L39 3AS,48,26,22,27
L39 3AT,49,22,27,22
L39 3AU,38,17,21,17
L39 3AW,14,9,5,5
L39 3AX,46,18,28,20
L39 3AY,53,29,24,18
L39 3AZ,112,55,57,52
L39 3BA,14,9,5,6
L39 3BB,63,31,32,24
L39 3BD,12,6,6,3
L39 3BE,51,24,27,19
L39 3BG,80,38,42,30
L39 3BH,29,13,16,9
L39 3BL,17,12,5,10
L39 3BN,42,20,22,26
L39 3BS,16,11,5,11
L39 3BW,1,1,0,1
L39 3LB,62,25,37,29
L39 3LD,80,39,41,32
L39 3LF,6,3,3,3
L39 3LG,51,26,25,20
L39 3LH,87,41,46,35
L39 3LJ,54,26,28,20
L39 3LL,41,24,17,20
L39 3LN,2,1,1,1
L39 3LQ,5,3,2,4
L39 3LR,32,17,15,11
L39 3LS,2,1,1,1
L39 3LT,33,13,20,18
L39 3LU,56,28,28,19
L39 3LW,91,41,50,43
L39 3LY,30,14,16,13
L39 3NA,49,27,22,24
L39 3NB,20,7,13,10
L39 3ND,25,10,15,13
L39 3NE,50,26,24,24
L39 3NF,79,40,39,29
L39 3NG,42,16,26,18
L39 3NH,45,23,22,19
L39 3NJ,111,53,58,41
L39 3NL,33,15,18,14
L39 3NN,87,42,45,41
L39 3NP,63,30,33,27
L39 3NQ,2,1,1,1
L39 3NR,56,27,29,24
L39 3NS,64,29,35,39
L39 3NT,23,11,12,12
L39 3NU,54,25,29,23
L39 3NW,111,48,63,48
L39 3NX,62,27,35,33
L39 3NY,70,32,38,28
L39 3NZ,12,5,7,7
L39 3PA,16,7,9,10
L39 3PB,34,16,18,14
L39 3PD,9,4,5,5
L39 3PH,49,21,28,24
L39 3PJ,87,41,46,31
L39 3PL,91,44,47,36
L39 3PN,50,25,25,22
L39 3PU,34,16,18,24
L39 3PX,33,14,19,12
L39 3PY,5,3,2,2
L39 3QG,3,1,2,1
L39 3QH,35,19,16,19
L39 3QL,72,33,39,24
L39 3QN,18,9,9,6
L39 3QX,12,5,7,3
L39 3RD,1,1,0,1
L39 3RG,96,49,47,30
L39 3RH,26,13,13,8
L39 3RJ,37,20,17,12
L39 3RQ,26,10,16,11
L39 4AA,273,113,160,0
L39 4AB,34,18,16,17
L39 4AD,2,1,1,1
L39 4AH,134,57,77,0
L39 4AL,337,96,241,0
L39 4BH,5,3,2,1
L39 4GA,31,13,18,15
L39 4PL,33,21,12,19
L39 4PY,50,28,22,31
L39 4PZ,180,76,104,0
L39 4QA,33,16,17,5
L39 4QB,22,6,16,12
L39 4QD,92,23,69,31
L39 4QE,67,34,33,19
L39 4QF,70,27,43,32
L39 4QJ,97,49,48,29
L39 4QL,23,15,8,14
L39 4QQ,6,2,4,4
L39 4QR,69,35,34,24
L39 4QT,52,24,28,19
L39 4QU,20,9,11,8
L39 4QW,73,36,37,24
L39 4QX,65,34,31,22
L39 4QZ,85,45,40,27
L39 4RA,15,6,9,7
L39 4RB,90,53,37,33
L39 4RD,122,40,82,28
L39 4RE,49,21,28,24
L39 4RF,20,11,9,8
L39 4RG,106,52,54,39
L39 4RH,34,19,15,19
L39 4RJ,75,35,40,30
L39 4RL,14,8,6,7
L39 4RN,59,21,38,26
L39 4RQ,71,34,37,28
L39 4RR,29,16,13,15
L39 4RS,28,11,17,24
L39 4RT,26,9,17,19
L39 4RW,25,10,15,11
L39 4RY,14,4,10,11
L39 4SB,91,44,47,42
L39 4SD,112,53,59,51
L39 4SE,95,36,59,51
L39 4SF,82,38,44,41
L39 4SG,45,17,28,19
L39 4SH,94,47,47,34
L39 4SJ,36,17,19,16
L39 4SL,56,22,34,28
L39 4SN,54,29,25,18
L39 4SP,112,55,57,43
L39 4SQ,124,67,57,45
L39 4SR,29,11,18,13
L39 4SS,38,17,21,13
L39 4ST,29,13,16,15
L39 4SU,35,16,19,14
L39 4SW,74,34,40,28
L39 4SX,80,42,38,29
L39 4SY,16,8,8,4
L39 4SZ,82,37,45,34
L39 4TA,22,12,10,10
L39 4TB,58,28,30,30
L39 4TD,33,17,16,16
L39 4TE,64,34,30,22
L39 4TF,116,53,63,44
L39 4TG,64,28,36,28
L39 4TH,34,15,19,16
L39 4TJ,30,15,15,15
L39 4TL,16,8,8,9
L39 4TN,50,21,29,18
L39 4TP,63,33,30,26
L39 4TQ,36,14,22,15
L39 4TR,32,17,15,13
L39 4TS,40,22,18,21
L39 4TT,52,34,18,21
L39 4TU,42,27,15,16
L39 4TW,9,8,1,0
L39 4TX,4,2,2,2
L39 4TY,42,25,17,16
L39 4TZ,46,22,24,18
L39 4UA,59,28,31,21
L39 4UB,37,17,20,16
L39 4UD,85,41,44,34
L39 4UE,10,5,5,4
L39 4UF,56,26,30,22
L39 4UG,22,11,11,11
L39 4UH,61,29,32,29
L39 4UJ,68,36,32,30
L39 4UL,54,30,24,20
L39 4UN,63,32,31,26
L39 4UP,4,2,2,2
L39 4UQ,58,26,32,27
L39 4UR,91,49,42,30
L39 4US,10,6,4,4
L39 4UZ,26,13,13,8
L39 4XB,50,19,31,41
L39 4XD,6,2,4,3
L39 4XE,13,4,9,11
L39 4XF,52,18,34,40
L39 4XJ,25,12,13,14
L39 4XL,73,36,37,27
L39 4XN,16,7,9,6
L39 4XP,64,34,30,27
L39 4XR,51,25,26,15
L39 4YA,52,23,29,22
L39 4YE,11,5,6,4
L39 4YG,64,30,34,19
L39 4YH,67,29,38,24
L39 4YJ,19,9,10,6
L39 4YX,31,11,20,26
L39 5AA,45,21,24,23
L39 5AB,57,28,29,20
L39 5AD,38,17,21,17
L39 5AE,51,28,23,18
L39 5AF,8,2,6,4
L39 5AG,56,26,30,21
L39 5AH,65,34,31,29
L39 5AJ,69,35,34,26
L39 5AL,34,17,17,11
L39 5AN,79,39,40,44
L39 5AP,103,49,54,38
L39 5AQ,49,25,24,21
L39 5AR,59,27,32,22
L39 5AS,71,36,35,27
L39 5AT,96,36,60,27
L39 5AU,33,18,15,17
L39 5AW,53,21,32,22
L39 5AX,31,17,14,12
L39 5AY,55,31,24,18
L39 5AZ,96,51,45,34
L39 5BA,11,3,8,6
L39 5BB,46,23,23,23
L39 5BD,31,10,21,18
L39 5BE,22,12,10,8
L39 5BG,17,10,7,6
L39 5BH,21,12,9,9
L39 5BJ,45,25,20,15
L39 5BL,69,34,35,28
L39 5BN,98,42,56,38
L39 5BP,42,20,22,16
L39 5BQ,8,5,3,3
L39 5BR,6,4,2,1
L39 5BS,10,5,5,3
L39 5BT,42,22,20,17
L39 5BU,58,28,30,27
L39 5BW,83,34,49,31
L39 5BY,30,11,19,13
L39 5BZ,26,13,13,11
L39 5DA,68,35,33,35
L39 5DB,30,17,13,12
L39 5DD,33,13,20,14
L39 5DE,80,41,39,32
L39 5DF,31,16,15,11
L39 5DG,80,44,36,27
L39 5DH,15,5,10,6
L39 5DJ,48,19,29,20
L39 5DL,31,16,15,11
L39 5DN,56,31,25,24
L39 5DP,30,16,14,10
L39 5DQ,32,17,15,14
L39 5DR,63,33,30,26
L39 5DS,23,11,12,9
L39 5DT,12,6,6,3
L39 5DU,89,39,50,25
L39 5DW,88,50,38,29
L39 5DX,7,4,3,2
L39 5DY,48,22,26,26
L39 5DZ,53,29,24,22
L39 5EA,48,23,25,18
L39 5EB,42,24,18,16
L39 5ED,45,18,27,27
L39 5EE,58,25,33,27
L39 5EF,65,27,38,31
L39 5EG,56,27,29,26
L39 5EH,69,36,33,25
L39 5EJ,29,14,15,8
L39 5EL,2,1,1,2
L39 5EN,47,24,23,24
L39 5EP,73,36,37,28
L39 5EQ,48,25,23,25
L39 5ER,32,16,16,16
L39 5ES,54,22,32,25
L39 5ET,35,19,16,11
L39 5EU,47,18,29,25
L39 5EW,59,31,28,28
L39 5EX,44,23,21,17
L39 5EY,62,34,28,27
L39 5EZ,28,11,17,13
L39 5FB,10,5,5,3
L39 5HA,16,8,8,8
L39 5HB,7,5,2,3
L39 5HD,8,4,4,3
L39 5HE,15,8,7,6
L39 5HF,53,26,27,20
L39 5HJ,29,17,12,11
L39 5HL,7,4,3,3
L39 5HS,45,21,24,14
L39 5HX,23,9,14,14
L39 5JA,5,3,2,2
L39 5JQ,22,12,10,10
L39 5JX,13,6,7,5
L39 5QA,28,7,21,21
L39 5QB,18,6,12,14
L39 5QE,47,3,44,0
L39 5QF,4,2,2,2
L39 5QG,57,27,30,19
L39 5QH,36,14,22,12
L39 5QJ,46,24,22,14
L39 5QL,95,50,45,35
L39 5QQ,45,25,20,14
L39 5QS,11,5,6,4
L39 5RB,6,4,2,4
L39 5RD,9,4,5,5
L39 5RE,15,6,9,9
L39 5RF,26,11,15,16
L39 6RA,14,5,9,12
L39 6RB,22,10,12,12
L39 6RD,98,50,48,41
L39 6RE,86,48,38,35
L39 6RF,81,37,44,35
L39 6RG,78,38,40,28
L39 6RH,41,23,18,28
L39 6RJ,47,25,22,19
L39 6RL,10,3,7,5
L39 6RN,116,56,60,46
L39 6RP,54,21,33,27
L39 6RR,53,29,24,22
L39 6RS,34,16,18,11
L39 6RT,3,2,1,2
L39 6RU,36,16,20,14
L39 6RW,51,25,26,21
L39 6RX,9,4,5,3
L39 6RY,100,49,51,41
L39 6RZ,55,22,33,22
L39 6SA,32,19,13,13
L39 6SB,49,22,27,23
L39 6SD,36,16,20,16
L39 6SE,74,35,39,38
L39 6SF,46,21,25,16
L39 6SG,73,29,44,28
L39 6SH,54,21,33,11
L39 6SJ,80,42,38,30
L39 6SL,12,6,6,5
L39 6SN,79,34,45,29
L39 6SP,62,29,33,28
L39 6SQ,17,8,9,8
L39 6SR,103,51,52,42
L39 6SS,60,30,30,24
L39 6ST,126,51,75,26
L39 6SU,22,9,13,9
L39 6SW,2,1,1,1
L39 6SX,52,26,26,20
L39 6SY,58,29,29,24
L39 6SZ,6,4,2,1
L39 6TA,24,13,11,10
L39 6TB,17,9,8,9
L39 6TD,28,17,11,14
L39 6TE,17,8,9,9
L39 6TF,31,17,14,13
L39 6TG,7,0,7,6
L39 6TH,20,6,14,18
L39 6TJ,15,8,7,7
L39 6TQ,18,7,11,7
L39 6TR,8,2,6,3
L39 6TT,50,25,25,18
L39 6UH,8,4,4,3
L39 7HA,18,8,10,6
L39 7HB,33,17,16,11
L39 7HD,12,6,6,6
L39 7HE,17,8,9,6
L39 7HF,5,3,2,3
L39 7HG,51,22,29,10
L39 7HH,41,20,21,15
L39 7HJ,28,16,12,13
L39 7HL,7,4,3,2
L39 7HN,9,5,4,3
L39 7HP,21,11,10,9
L39 7HR,24,13,11,9
L39 7HS,21,9,12,9
L39 7HT,46,25,21,17
L39 7HU,4,3,1,2
L39 7HW,6,2,4,2
L39 7HX,28,14,14,10
L39 7HY,108,47,61,40
L39 7HZ,73,37,36,24
L39 7JA,5,3,2,2
L39 7JB,6,3,3,2
L39 7JD,36,19,17,18
L39 7JE,47,22,25,20
L39 7JF,32,15,17,15
L39 7JG,78,40,38,33
L39 7JH,55,26,29,26
L39 7JJ,1,1,0,1
L39 7JL,27,14,13,15
L39 7JN,54,25,29,19
L39 7JP,35,17,18,15
L39 7JR,17,11,6,8
L39 7JS,11,5,6,4
L39 7JT,1,1,0,1
L39 7JU,34,18,16,11
L39 7JW,37,18,19,11
L39 7JX,5,3,2,2
L39 7JY,54,26,28,24
L39 7JZ,15,8,7,7
L39 7LA,4,2,2,2
L39 7LB,11,6,5,5
L39 7LD,95,46,49,39
L39 7LE,29,16,13,8
L39 7LP,3,1,2,3
L39 8BB,6,2,4,2
L39 8RA,22,9,13,10
L39 8RB,16,8,8,4
L39 8RD,17,7,10,6
L39 8RE,22,13,9,9
L39 8RF,41,19,22,13
L39 8RG,31,16,15,17
L39 8RH,51,26,25,21
L39 8RJ,86,47,39,34
L39 8RL,45,22,23,16
L39 8RN,21,9,12,8
L39 8RP,3,1,2,2
L39 8RQ,13,8,5,5
L39 8RR,31,11,20,16
L39 8RS,54,27,27,19
L39 8RT,2,1,1,1
L39 8RU,66,27,39,29
L39 8RW,15,9,6,6
L39 8RX,36,19,17,14
L39 8RY,18,6,12,7
L39 8RZ,7,2,5,2
L39 8SA,45,20,25,16
L39 8SB,84,38,46,42
L39 8SD,8,5,3,5
L39 8SE,26,13,13,13
L39 8SF,48,29,19,19
L39 8SG,37,18,19,18
L39 8SH,84,44,40,34
L39 8SJ,12,7,5,5
L39 8SL,9,6,3,5
L39 8SN,7,3,4,4
L39 8SP,23,11,12,8
L39 8SQ,35,17,18,11
L39 8SR,59,29,30,21
L39 8SS,29,16,13,11
L39 8ST,9,3,6,5
L39 8SU,16,11,5,5
L39 8SW,12,3,9,5
L39 8SX,50,25,25,21
L39 8SY,17,6,11,8
L39 8SZ,15,8,7,8
L39 8TF,6,2,4,2
L39 8TL,7,5,2,2
L39 8TN,23,12,11,9
L39 8TQ,9,4,5,5
L39 8TR,2,1,1,1
L39 9AA,2,1,1,1
L39 9EA,9,5,4,5
L39 9EB,6,3,3,3
L39 9ED,21,14,7,5
L39 9EE,17,10,7,7
L39 9EF,11,5,6,3
L39 9EG,18,6,12,6
L39 9EH,7,2,5,4
L39 9EJ,17,10,7,9
L39 9EL,11,7,4,4
L39 9EN,12,7,5,5
L39 9EP,10,6,4,4
L39 9ER,6,2,4,2
L39 9EW,20,8,12,6
L4  0RA,44,24,20,28
L4  0RB,80,42,38,37
L4  0RD,32,19,13,14
L4  0RE,24,12,12,12
L4  0RG,25,14,11,9
L4  0RH,41,18,23,26
L4  0RJ,17,8,9,11
L4  0RL,23,13,10,12
L4  0RN,30,11,19,15
L4  0RP,35,24,11,23
L4  0RQ,5,4,1,2
L4  0RR,83,40,43,28
L4  0RS,63,24,39,23
L4  0RT,46,21,25,16
L4  0RU,48,24,24,27
L4  0RW,38,21,17,23
L4  0RX,30,17,13,19
L4  0RY,33,14,19,15
L4  0RZ,27,16,11,14
L4  0SA,57,30,27,31
L4  0SB,56,30,26,37
L4  0SD,68,34,34,40
L4  0SE,27,16,11,14
L4  0SF,51,23,28,22
L4  0SH,39,19,20,27
L4  0SJ,30,20,10,25
L4  0SL,18,10,8,5
L4  0SN,23,10,13,14
L4  0SP,42,22,20,30
L4  0SR,75,40,35,41
L4  0SS,15,8,7,7
L4  0ST,38,15,23,17
L4  0SU,49,27,22,17
L4  0SW,28,19,9,18
L4  0SX,59,31,28,19
L4  0SY,59,26,33,27
L4  0SZ,57,30,27,26
L4  0TA,40,21,19,21
L4  0TB,58,29,29,23
L4  0TD,112,64,48,26
L4  0TE,82,48,34,50
L4  0TF,79,47,32,51
L4  0TG,12,12,0,12
L4  0TJ,43,25,18,19
L4  0TL,57,36,21,27
L4  0TN,25,12,13,9
L4  0TP,63,32,31,28
L4  0TQ,24,16,8,16
L4  0TR,54,20,34,29
L4  0TS,83,35,48,36
L4  0TT,91,44,47,37
L4  0TY,69,31,38,24
L4  0TZ,47,24,23,24
L4  0UA,47,24,23,25
L4  0UB,73,37,36,29
L4  0UD,104,54,50,38
L4  0UE,37,19,18,16
L4  0UF,42,17,25,13
L4  0UH,7,3,4,4
L4  0UQ,36,18,18,15
L4  1QB,21,10,11,9
L4  1QD,51,22,29,21
L4  1QF,33,13,20,16
L4  1QG,23,10,13,6
L4  1QH,48,22,26,26
L4  1QL,12,7,5,6
L4  1QP,11,5,6,3
L4  1QQ,26,13,13,11
L4  1QU,90,41,49,39
L4  1QW,7,4,3,4
L4  1QY,70,29,41,39
L4  1RA,28,10,18,14
L4  1RB,35,20,15,15
L4  1RD,33,16,17,21
L4  1RE,50,29,21,18
L4  1RG,83,41,42,41
L4  1RJ,83,41,42,36
L4  1RL,85,49,36,35
L4  1RN,11,5,6,8
L4  1RP,39,21,18,17
L4  1RQ,54,21,33,23
L4  1RR,30,15,15,17
L4  1RS,79,43,36,36
L4  1RW,38,14,24,17
L4  1SD,33,13,20,15
L4  1SH,14,7,7,11
L4  1SL,3,2,1,1
L4  1SN,21,10,11,11
L4  1SR,44,21,23,19
L4  1TB,4,1,3,1
L4  1TH,22,15,7,8
L4  1TS,114,53,61,44
L4  1TT,5,2,3,3
L4  1TU,15,7,8,8
L4  1UB,15,13,2,6
L4  1UH,75,37,38,38
L4  1UJ,29,16,13,15
L4  1UL,93,47,46,47
L4  1UU,15,8,7,6
L4  1UX,13,6,7,6
L4  1UY,21,9,12,9
L4  1UZ,134,65,69,54
L4  1XA,76,48,28,50
L4  1XB,25,10,15,15
L4  1XD,102,69,33,79
L4  1XE,37,25,12,22
L4  1XF,43,22,21,19
L4  1XG,41,19,22,9
L4  1XJ,160,83,77,65
L4  1XL,64,33,31,24
L4  1XN,69,43,26,37
L4  1XP,54,29,25,24
L4  1XQ,29,11,18,13
L4  1XR,39,17,22,16
L4  1XS,50,22,28,20
L4  1XT,43,21,22,19
L4  1XU,39,18,21,17
L4  1XW,37,18,19,17
L4  1XX,42,15,27,22
L4  1XY,21,8,13,8
L4  1XZ,12,5,7,5
L4  1YA,36,18,18,32
L4  1YB,88,43,45,42
L4  1YD,60,25,35,26
L4  1YE,24,13,11,15
L4  1YF,64,29,35,25
L4  1YG,7,4,3,4
L4  1YH,32,16,16,13
L4  1YQ,19,8,11,8
L4  2PA,12,5,7,8
L4  2QA,26,15,11,20
L4  2QB,35,23,12,23
L4  2QD,10,4,6,7
L4  2QE,54,26,28,20
L4  2QF,46,29,17,25
L4  2QG,73,36,37,36
L4  2QH,49,25,24,28
L4  2QL,53,24,29,30
L4  2QN,53,29,24,27
L4  2QP,20,11,9,15
L4  2QR,70,34,36,27
L4  2QS,21,12,9,11
L4  2QW,48,23,25,29
L4  2QX,18,12,6,13
L4  2QZ,32,21,11,20
L4  2RB,26,15,11,14
L4  2RD,15,12,3,9
L4  2RE,36,18,18,22
L4  2RF,63,32,31,30
L4  2RG,33,17,16,16
L4  2RH,49,23,26,25
L4  2RJ,83,31,52,31
L4  2RL,77,53,24,39
L4  2RN,48,32,16,34
L4  2RP,9,8,1,6
L4  2RQ,70,31,39,26
L4  2RS,62,30,32,27
L4  2RT,28,14,14,15
L4  2RW,37,22,15,15
L4  2RX,14,7,7,8
L4  2RY,7,4,3,3
L4  2RZ,13,10,3,8
L4  2SA,103,51,52,40
L4  2SB,116,56,60,42
L4  2SD,102,51,51,45
L4  2SE,51,28,23,19
L4  2SG,29,17,12,16
L4  2SH,35,15,20,16
L4  2SJ,36,18,18,15
L4  2SN,34,18,16,16
L4  2SP,130,64,66,47
L4  2SR,70,29,41,35
L4  2SS,50,23,27,18
L4  2ST,85,39,46,33
L4  2SU,75,34,41,37
L4  2SW,46,21,25,19
L4  2SX,92,42,50,33
L4  2SY,93,37,56,41
L4  2SZ,47,23,24,20
L4  2TA,45,27,18,31
L4  2TB,97,43,54,38
L4  2TD,77,35,42,28
L4  2TE,82,37,45,35
L4  2TF,57,25,32,24
L4  2TG,87,42,45,35
L4  2TH,36,13,23,23
L4  2TJ,37,20,17,23
L4  2TL,55,20,35,24
L4  2TN,107,52,55,49
L4  2TP,112,50,62,42
L4  2TQ,111,55,56,44
L4  2TR,98,49,49,35
L4  2TS,122,53,69,36
L4  2TT,101,43,58,36
L4  2TU,58,26,32,26
L4  2TW,81,34,47,29
L4  2TX,62,31,31,23
L4  2TY,57,20,37,22
L4  2TZ,18,7,11,9
L4  2UA,36,24,12,25
L4  2UB,90,51,39,32
L4  2UD,49,17,32,18
L4  2UE,92,41,51,30
L4  2UF,98,40,58,37
L4  2UG,63,34,29,42
L4  2UH,116,42,74,45
L4  2UJ,79,31,48,32
L4  2UL,74,32,42,29
L4  2UN,122,66,56,49
L4  2UP,105,39,66,41
L4  2UQ,54,24,30,30
L4  2UR,54,29,25,32
L4  2US,64,25,39,31
L4  2UT,48,22,26,32
L4  2UU,113,51,62,44
L4  2UW,67,37,30,30
L4  2UX,78,37,41,29
L4  2UY,81,33,48,36
L4  2UZ,59,27,32,28
L4  2XA,27,14,13,11
L4  2XB,19,13,6,9
L4  2XD,13,8,5,6
L4  2XE,60,30,30,34
L4  2XF,51,29,22,33
L4  2XG,40,15,25,26
L4  3QD,10,6,4,4
L4  3QF,18,10,8,16
L4  3QH,3,2,1,2
L4  3QL,18,13,5,13
L4  3QP,32,18,14,16
L4  3QS,64,29,35,20
L4  3QT,64,25,39,21
L4  3QU,33,19,14,12
L4  3QW,2,1,1,2
L4  3QX,50,22,28,34
L4  3QY,45,23,22,25
L4  3QZ,23,12,11,10
L4  3RA,53,29,24,24
L4  3RB,47,21,26,22
L4  3RD,14,8,6,11
L4  3RE,70,32,38,28
L4  3RF,84,43,41,30
L4  3RG,92,41,51,34
L4  3RH,19,10,9,12
L4  3RJ,43,20,23,15
L4  3RL,53,23,30,18
L4  3RN,25,14,11,10
L4  3RP,87,38,49,34
L4  3RQ,85,45,40,37
L4  3RR,99,48,51,44
L4  3RS,131,68,63,54
L4  3RT,59,27,32,24
L4  3RU,46,24,22,19
L4  3RW,68,31,37,25
L4  3RX,91,45,46,35
L4  3RY,106,54,52,42
L4  3RZ,92,44,48,40
L4  3SA,110,50,60,39
L4  3SB,91,40,51,40
L4  3SD,113,52,61,41
L4  3SE,9,3,6,4
L4  3SF,34,14,20,21
L4  3SG,92,43,49,43
L4  3SH,83,35,48,47
L4  3SJ,105,48,57,51
L4  3SL,104,51,53,44
L4  3SN,49,20,29,32
L4  3SQ,99,49,50,46
L4  3SR,34,17,17,18
L4  3SS,101,45,56,50
L4  3ST,100,59,41,42
L4  3SU,60,28,32,24
L4  3SW,28,12,16,15
L4  3SX,121,56,65,47
L4  3SY,96,41,55,48
L4  3SZ,69,31,38,36
L4  3TA,43,22,21,22
L4  3TB,64,28,36,35
L4  3TD,18,11,7,10
L4  3TE,4,3,1,2
L4  3TF,11,8,3,10
L4  3TL,59,33,26,27
L4  3TN,86,37,49,36
L4  3TQ,29,15,14,15
L4  3TS,48,24,24,21
L4  3TT,21,5,16,10
L4  3TW,80,36,44,36
L4  3TY,19,10,9,8
L4  3UA,28,14,14,17
L4  3UF,38,21,17,20
L4  4AD,24,14,10,13
L4  4AF,14,11,3,10
L4  4AH,4,4,0,3
L4  4AJ,14,8,6,12
L4  4AU,27,11,16,11
L4  4AY,8,5,3,5
L4  4BB,3,3,0,3
L4  4BE,7,5,2,6
L4  4BL,22,13,9,16
L4  4BU,105,51,54,33
L4  4BZ,2,0,2,1
L4  4DE,82,40,42,39
L4  4DF,26,20,6,20
L4  4DG,78,40,38,39
L4  4DH,80,38,42,39
L4  4DJ,79,35,44,43
L4  4DL,77,37,40,49
L4  4DN,77,36,41,36
L4  4DP,79,41,38,39
L4  4DQ,87,40,47,40
L4  4DR,69,29,40,38
L4  4DS,68,27,41,36
L4  4DT,72,43,29,33
L4  4DU,53,26,27,37
L4  4DW,73,38,35,39
L4  4DX,50,28,22,36
L4  4DY,57,29,28,34
L4  4DZ,63,38,25,38
L4  4EA,62,31,31,39
L4  4EB,51,28,23,33
L4  4ED,23,10,13,12
L4  4EE,58,29,29,38
L4  4EF,60,24,36,37
L4  4EG,49,22,27,32
L4  4EH,10,9,1,9
L4  4EJ,17,10,7,6
L4  4EN,39,17,22,26
L4  4EP,58,31,27,33
L4  4EQ,55,26,29,35
L4  4ER,55,30,25,23
L4  4EW,63,32,31,36
L4  4EX,16,7,9,7
L4  4HB,13,7,6,13
L4  4HE,34,24,10,26
L4  4HH,16,8,8,9
L4  4HP,95,47,48,44
L4  4HQ,44,27,17,28
L4  4HS,94,41,53,42
L4  4HT,67,34,33,39
L4  4HU,55,20,35,28
L4  4HY,100,58,42,53
L4  4JS,25,13,12,16
L4  4JT,27,14,13,10
L4  4JX,53,32,21,35
L4  4LE,8,6,2,5
L4  4LF,34,15,19,16
L4  4LG,78,40,38,28
L4  4LR,23,17,6,14
L4  4LS,9,6,3,6
L4  4LT,7,4,3,4
L4  4LW,36,23,13,23
L4  4LZ,51,28,23,24
L4  4ND,19,8,11,13
L4  4NE,44,20,24,16
L4  4NF,33,18,15,15
L4  4NH,35,16,19,18
L4  4NJ,15,7,8,9
L4  4NL,25,18,7,16
L4  4NU,26,11,15,15
L4  4PD,7,3,4,4
L4  4PG,3,2,1,2
L4  4PH,9,3,6,6
L4  4PJ,64,36,28,41
L4  4PN,22,18,4,17
L4  4PR,60,30,30,23
L4  4PS,38,14,24,17
L4  4PT,15,8,7,13
L4  4PU,53,28,25,30
L4  4PW,54,33,21,25
L4  4PX,14,5,9,8
L4  4PY,4,4,0,4
L4  4PZ,33,25,8,28
L4  4QB,136,70,66,62
L4  4QD,49,28,21,23
L4  4QE,38,20,18,25
L4  4QG,34,15,19,22
L4  4QH,12,8,4,11
L4  4QJ,37,16,21,23
L4  4QL,7,3,4,7
L4  4QN,44,19,25,23
L4  4QP,70,29,41,35
L4  4QQ,92,45,47,43
L4  4QR,13,5,8,6
L4  4QT,13,6,7,5
L4  4QU,28,18,10,13
L4  4QW,30,13,17,12
L4  4QX,37,23,14,16
L4  4QY,37,18,19,15
L4  4QZ,77,32,45,32
L4  4RB,1,1,0,1
L4  5PB,13,10,3,10
L4  5PE,9,7,2,8
L4  5PH,7,5,2,5
L4  5PP,63,31,32,26
L4  5PQ,5,4,1,4
L4  5PR,91,43,48,40
L4  5PS,73,38,35,32
L4  5PT,84,40,44,38
L4  5PU,37,18,19,16
L4  5PW,15,5,10,7
L4  5PZ,69,36,33,27
L4  5QA,84,41,43,44
L4  5QB,5,3,2,3
L4  5QD,14,6,8,6
L4  5QE,77,42,35,31
L4  5QF,46,20,26,21
L4  5QG,69,33,36,31
L4  5QH,12,4,8,7
L4  5QJ,15,8,7,6
L4  5QL,11,4,7,7
L4  5QN,110,57,53,57
L4  5QP,85,42,43,32
L4  5QQ,39,14,25,23
L4  5QR,74,34,40,26
L4  5QS,66,33,33,29
L4  5QT,33,14,19,16
L4  5QU,103,51,52,34
L4  5QW,87,45,42,41
L4  5QX,34,17,17,15
L4  5QY,77,34,43,35
L4  5RA,19,11,8,16
L4  5RB,27,12,15,16
L4  5RD,22,12,10,13
L4  5RE,101,53,48,43
L4  5RF,33,16,17,14
L4  5RJ,62,30,32,31
L4  5RL,78,34,44,33
L4  5RN,57,27,30,28
L4  5RP,33,20,13,16
L4  5RQ,1,1,0,1
L4  5RR,92,52,40,49
L4  5RS,34,22,12,16
L4  5RT,18,12,6,11
L4  5RU,13,6,7,7
L4  5RW,90,37,53,43
L4  5RX,79,33,46,35
L4  5SB,71,32,39,36
L4  5SD,84,36,48,34
L4  5SG,85,46,39,52
L4  5SH,77,36,41,40
L4  5SJ,64,31,33,34
L4  5SL,52,26,26,25
L4  5SN,55,27,28,28
L4  5SP,41,19,22,23
L4  5SQ,77,41,36,43
L4  5SR,35,17,18,17
L4  5SS,39,19,20,16
L4  5ST,41,21,20,22
L4  5SU,42,18,24,20
L4  5SW,90,44,46,36
L4  5SX,42,20,22,21
L4  5SY,62,25,37,34
L4  5SZ,70,30,40,29
L4  5TA,45,20,25,23
L4  5TB,27,14,13,19
L4  5TD,83,44,39,49
L4  5TE,38,25,13,27
L4  5TF,34,22,12,21
L4  5TG,85,40,45,33
L4  5TH,52,24,28,18
L4  5TJ,56,29,27,26
L4  5TL,89,43,46,37
L4  5TN,60,24,36,31
L4  5TP,68,34,34,28
L4  5TQ,97,40,57,38
L4  5TR,75,38,37,26
L4  5TS,39,14,25,18
L4  5TT,77,35,42,36
L4  5TU,57,26,31,25
L4  5TW,54,16,38,22
L4  5TX,77,38,39,39
L4  5TY,59,27,32,26
L4  5TZ,72,30,42,28
L4  5UA,62,32,30,25
L4  5UB,23,15,8,15
L4  5UD,52,28,24,26
L4  5UE,94,39,55,38
L4  5UF,92,50,42,39
L4  5UG,50,25,25,28
L4  5UH,30,16,14,15
L4  5UJ,23,8,15,15
L4  5UL,25,12,13,12
L4  5UN,41,21,20,25
L4  5UQ,59,35,24,33
L4  5UR,22,14,8,9
L4  5US,59,28,31,33
L4  5UT,98,44,54,41
L4  5UU,25,12,13,14
L4  5UW,31,15,16,15
L4  5UX,148,66,82,57
L4  5UY,72,31,41,34
L4  5UZ,61,31,30,34
L4  5XA,70,32,38,45
L4  5XB,59,27,32,37
L4  5XD,39,16,23,25
L4  5XE,22,12,10,14
L4  5XJ,15,12,3,11
L4  5XL,77,34,43,40
L4  5XN,51,22,29,28
L4  5XW,16,13,3,13
L4  6BA,53,26,27,42
L4  6SB,72,34,38,30
L4  6SF,46,26,20,17
L4  6SG,69,39,30,31
L4  6SH,70,35,35,23
L4  6SJ,91,44,47,32
L4  6SQ,79,38,41,35
L4  6SR,42,22,20,15
L4  6SS,79,37,42,34
L4  6ST,51,21,30,23
L4  6SU,90,40,50,34
L4  6SX,36,12,24,16
L4  6SY,73,36,37,32
L4  6SZ,84,46,38,34
L4  6TA,85,49,36,35
L4  6TB,31,12,19,12
L4  6TE,78,36,42,34
L4  6TF,77,35,42,35
L4  6TG,32,17,15,16
L4  6TH,36,13,23,14
L4  6TJ,46,25,21,21
L4  6TL,38,19,19,17
L4  6TN,33,16,17,22
L4  6TP,59,32,27,36
L4  6TQ,13,8,5,8
L4  6TR,41,23,18,25
L4  6TS,25,15,10,16
L4  6TT,29,14,15,12
L4  6TU,1,1,0,1
L4  6TW,23,13,10,13
L4  6TX,99,44,55,45
L4  6TY,94,48,46,42
L4  6TZ,73,35,38,30
L4  6UA,50,22,28,21
L4  6UB,11,6,5,7
L4  6UD,36,20,16,13
L4  6UF,33,15,18,13
L4  6UG,24,11,13,12
L4  6UH,19,8,11,9
L4  6UL,53,21,32,21
L4  6UP,49,26,23,23
L4  6UQ,28,13,15,14
L4  6UR,34,21,13,26
L4  6US,39,25,14,32
L4  6UT,33,13,20,14
L4  6UU,19,6,13,11
L4  6UY,44,26,18,16
L4  6XA,61,31,30,27
L4  6XD,54,30,24,25
L4  6XG,24,8,16,13
L4  6XH,45,18,27,21
L4  6XP,47,17,30,43
L4  6XQ,14,9,5,11
L4  6XR,49,23,26,22
L4  6XW,49,14,35,44
L4  7TA,57,29,28,29
L4  7TB,13,6,7,7
L4  7TD,68,37,31,25
L4  7TE,80,34,46,34
L4  7TF,64,30,34,25
L4  7TG,87,40,47,31
L4  7TH,40,16,24,18
L4  7TJ,89,44,45,34
L4  7TL,84,40,44,38
L4  7TN,44,16,28,18
L4  7TP,110,53,57,38
L4  7TQ,49,27,22,24
L4  7TR,22,10,12,11
L4  7TS,101,52,49,35
L4  7TT,63,30,33,22
L4  7TU,61,31,30,36
L4  7TW,92,41,51,34
L4  7TX,27,13,14,10
L4  7TY,62,27,35,25
L4  7TZ,33,15,18,18
L4  7UA,29,13,16,11
L4  7UB,98,45,53,37
L4  7UD,41,17,24,17
L4  7UE,36,25,11,23
L4  7UF,28,11,17,15
L4  7UG,73,34,39,29
L4  7UH,67,27,40,24
L4  7UJ,58,27,31,24
L4  7UL,14,7,7,4
L4  7UN,58,33,25,25
L4  7UP,47,23,24,21
L4  7UQ,31,17,14,22
L4  7UR,70,38,32,41
L4  7US,108,44,64,48
L4  7UT,88,41,47,38
L4  7UU,80,35,45,36
L4  7UW,9,2,7,8
L4  7UX,92,37,55,39
L4  7UY,115,54,61,41
L4  7UZ,38,21,17,20
L4  7XA,45,20,25,18
L4  7XB,61,31,30,26
L4  7XD,123,51,72,45
L4  7XE,74,38,36,31
L4  7XF,66,29,37,27
L4  7XG,95,50,45,43
L4  7XH,88,43,45,35
L4  7XJ,140,71,69,52
L4  7XL,58,34,24,24
L4  7XN,45,19,26,21
L4  7XP,42,29,13,38
L4  7XQ,51,24,27,25
L4  7XR,57,33,24,48
L4  7XS,61,32,29,51
L4  7XT,39,17,22,39
L4  7XW,59,30,29,27
L4  8RT,3,2,1,2
L4  8RU,22,10,12,9
L4  8RX,25,13,12,11
L4  8RY,36,20,16,14
L4  8RZ,33,18,15,14
L4  8SA,94,44,50,41
L4  8SB,63,26,37,24
L4  8SE,70,47,23,54
L4  8SG,62,32,30,35
L4  8SH,68,29,39,28
L4  8SJ,80,38,42,32
L4  8SL,86,34,52,32
L4  8SN,81,39,42,30
L4  8SP,54,26,28,22
L4  8SR,76,39,37,34
L4  8SS,80,41,39,30
L4  8ST,80,36,44,46
L4  8SW,4,1,3,2
L4  8SX,52,23,29,22
L4  8SY,67,27,40,28
L4  8TA,26,15,11,10
L4  8TB,86,40,46,35
L4  8TD,70,35,35,20
L4  8TE,132,60,72,52
L4  8TF,87,42,45,38
L4  8TH,55,24,31,20
L4  8TJ,35,18,17,15
L4  8TL,47,22,25,17
L4  8TN,77,41,36,32
L4  8TP,19,9,10,8
L4  8TQ,37,15,22,16
L4  8TR,18,9,9,6
L4  8TS,31,13,18,16
L4  8TT,48,22,26,24
L4  8TU,22,13,9,16
L4  8TW,43,20,23,18
L4  8TX,27,9,18,12
L4  8TY,74,31,43,36
L4  8UA,59,29,30,28
L4  8UB,80,37,43,31
L4  8UD,73,32,41,22
L4  8UE,58,29,29,21
L4  8UF,22,11,11,11
L4  8UG,74,34,40,36
L4  8UH,35,17,18,16
L4  8UJ,35,16,19,11
L4  8UL,17,7,10,7
L4  8UN,59,32,27,25
L4  8UP,45,21,24,16
L4  8UQ,52,22,30,25
L4  8UR,101,49,52,33
L4  8US,60,29,31,26
L4  8UW,43,23,20,20
L4  8UX,15,6,9,6
L4  8UY,76,41,35,61
L4  9RB,81,39,42,39
L4  9RD,86,41,45,31
L4  9RE,84,37,47,29
L4  9RF,57,17,40,26
L4  9RG,94,34,60,43
L4  9RH,39,17,22,14
L4  9RJ,109,48,61,39
L4  9RL,102,33,69,41
L4  9RN,60,25,35,24
L4  9RP,21,4,17,12
L4  9RQ,110,58,52,33
L4  9RR,86,32,54,35
L4  9RS,68,25,43,19
L4  9RT,97,44,53,34
L4  9RU,96,38,58,36
L4  9RW,67,29,38,28
L4  9RX,132,48,84,49
L4  9RZ,13,9,4,10
L4  9SA,6,4,2,6
L4  9SB,37,16,21,15
L4  9SD,42,16,26,20
L4  9SE,64,29,35,28
L4  9SF,50,23,27,19
L4  9SJ,88,39,49,41
L4  9SL,122,66,56,48
L4  9SN,90,43,47,40
L4  9SP,95,43,52,42
L4  9SR,107,48,59,45
L4  9SS,73,28,45,31
L4  9ST,100,43,57,43
L4  9SU,35,22,13,14
L4  9SW,96,50,46,41
L4  9SX,34,16,18,19
L4  9SY,70,36,34,23
L4  9SZ,91,43,48,34
L4  9TA,68,31,37,27
L4  9TB,62,30,32,26
L4  9TD,80,35,45,39
L4  9TE,81,34,47,32
L4  9TF,81,36,45,30
L4  9TG,86,41,45,33
L4  9TH,27,13,14,19
L4  9TJ,74,34,40,32
L4  9TL,49,24,25,19
L4  9TN,25,14,11,13
L4  9TP,48,19,29,20
L4  9TQ,83,38,45,34
L4  9TR,83,34,49,38
L4  9TS,122,65,57,42
L4  9TT,29,16,13,10
L4  9TU,93,41,52,36
L4  9TW,41,18,23,18
L4  9TX,61,34,27,23
L4  9TY,47,17,30,21
L4  9TZ,57,23,34,24
L4  9UA,107,43,64,46
L4  9UD,67,31,36,28
L4  9UE,50,19,31,25
L4  9UF,47,26,21,19
L4  9UG,44,23,21,19
L4  9UH,26,12,14,10
L4  9UJ,82,35,47,33
L4  9UL,38,16,22,17
L4  9UN,47,21,26,19
L4  9UP,121,58,63,44
L4  9UQ,86,41,45,38
L4  9UR,80,43,37,28
L4  9US,94,49,45,38
L4  9UT,87,43,44,40
L4  9UU,11,5,6,4
L4  9UW,83,34,49,31
L4  9UY,49,30,19,46
L4  9UZ,74,46,28,52
L4  9XB,93,64,29,75
L4  9XD,8,8,0,6
L4  9XS,67,27,40,36
L4  9XT,55,23,32,34
L4  9XX,33,16,17,15
L4  9XY,79,38,41,29
L40 0RA,70,37,33,27
L40 0RB,28,12,16,12
L40 0RD,58,28,30,27
L40 0RE,32,16,16,11
L40 0RF,10,5,5,4
L40 0RG,67,33,34,25
L40 0RH,35,15,20,16
L40 0RJ,30,18,12,12
L40 0RL,11,8,3,7
L40 0RN,52,28,24,22
L40 0RP,28,13,15,11
L40 0RQ,87,45,42,37
L40 0RR,24,12,12,16
L40 0RS,7,3,4,3
L40 0RT,54,26,28,24
L40 0RU,5,3,2,2
L40 0RW,48,22,26,18
L40 0RX,62,32,30,30
L40 0RY,56,28,28,25
L40 0SA,15,10,5,10
L40 0SD,67,34,33,37
L40 0SG,98,52,46,39
L40 0SJ,3,1,2,2
L40 0SN,103,50,53,50
L40 0SP,17,7,10,8
L40 0SQ,93,47,46,40
L40 0SR,22,10,12,10
L40 0SS,50,32,18,19
L40 0ST,30,14,16,11
L40 0SU,14,6,8,8
L40 0TA,6,2,4,2
L40 0TF,11,6,5,3
L40 0TL,4,2,2,2
L40 0TQ,32,10,22,21
L40 0TW,15,10,5,6
L40 1BB,23,10,13,9
L40 1BJ,5,2,3,3
L40 1RZ,11,6,5,4
L40 1SA,54,24,30,25
L40 1SB,37,18,19,17
L40 1SD,52,29,23,22
L40 1SE,16,10,6,6
L40 1SF,14,8,6,5
L40 1SG,4,2,2,2
L40 1SH,36,21,15,16
L40 1SJ,40,24,16,13
L40 1SL,32,14,18,14
L40 1SN,26,12,14,11
L40 1SP,8,3,5,4
L40 1SQ,47,21,26,18
L40 1SR,26,12,14,15
L40 1SS,12,8,4,4
L40 1ST,8,4,4,5
L40 1SU,3,1,2,2
L40 1SW,25,12,13,11
L40 1SX,1,0,1,1
L40 1SY,54,28,26,19
L40 1SZ,114,59,55,45
L40 1TA,45,23,22,15
L40 1TB,34,7,27,2
L40 1TD,4,2,2,1
L40 1TE,140,77,63,50
L40 1TF,58,27,31,22
L40 1TG,27,16,11,10
L40 1TH,16,8,8,6
L40 1TJ,41,18,23,15
L40 1TL,15,12,3,4
L40 1TN,94,49,45,39
L40 1TR,12,6,6,8
L40 1TS,37,14,23,11
L40 1TT,30,13,17,13
L40 1TU,32,17,15,16
L40 1TW,20,11,9,8
L40 1TX,45,27,18,16
L40 1TY,86,45,41,31
L40 1TZ,24,13,11,8
L40 1UA,46,20,26,18
L40 1UB,17,8,9,8
L40 1UD,8,3,5,3
L40 1UE,21,10,11,12
L40 1UF,18,11,7,6
L40 1UG,39,23,16,16
L40 1UH,68,37,31,28
L40 1UJ,25,13,12,12
L40 1UL,44,23,21,18
L40 1UN,55,22,33,33
L40 1UP,19,9,10,6
L40 1UQ,5,3,2,2
L40 1UR,22,10,12,12
L40 1US,68,37,31,22
L40 1UT,9,4,5,5
L40 1UW,56,28,28,23
L40 1UX,42,23,19,14
L40 1UY,3,1,2,1
L40 1XB,45,21,24,15
L40 1XD,21,10,11,7
L40 1XE,65,30,35,36
L40 2PA,16,7,9,6
L40 2QA,16,7,9,4
L40 2QB,39,23,16,16
L40 2QD,20,9,11,6
L40 2QE,36,23,13,11
L40 2QF,25,12,13,10
L40 2QG,18,8,10,8
L40 2QH,8,3,5,4
L40 2QJ,82,38,44,33
L40 2QL,42,18,24,21
L40 2QN,48,23,25,24
L40 2QP,72,36,36,33
L40 2QQ,17,10,7,11
L40 2QR,18,8,10,9
L40 2QS,94,42,52,48
L40 2QT,27,12,15,14
L40 2QU,50,22,28,19
L40 2QW,34,15,19,14
L40 2QX,16,8,8,7
L40 2QY,43,20,23,19
L40 2QZ,24,15,9,9
L40 2RA,21,12,9,9
L40 2RB,7,3,4,1
L40 2RD,16,10,6,5
L40 2RE,51,27,24,21
L40 2RF,35,19,16,15
L40 2RG,31,17,14,14
L40 2RH,41,22,19,18
L40 2RJ,22,10,12,9
L40 2RL,18,9,9,7
L40 2RN,82,42,40,32
L40 2RQ,25,13,12,8
L40 2RU,121,61,60,50
L40 2SB,3,2,1,1
L40 3AB,18,11,7,6
L40 3SA,68,31,37,26
L40 3SB,10,5,5,5
L40 3SD,16,7,9,5
L40 3SE,75,37,38,34
L40 3SF,44,22,22,18
L40 3SG,26,12,14,12
L40 3SH,17,7,10,8
L40 3SJ,13,6,7,3
L40 3SL,27,14,13,13
L40 3SN,16,8,8,5
L40 3SP,8,4,4,3
L40 3SQ,32,14,18,13
L40 3SR,15,7,8,6
L40 3SS,21,12,9,8
L40 3ST,15,9,6,4
L40 3SU,8,4,4,3
L40 3SW,5,3,2,2
L40 3SX,29,15,14,12
L40 3SY,10,3,7,5
L40 3SZ,8,3,5,4
L40 3TA,17,9,8,7
L40 3TB,6,3,3,2
L40 3TD,30,17,13,15
L40 3TE,78,40,38,29
L40 3TF,92,45,47,35
L40 3TG,12,6,6,6
L40 3TH,13,7,6,5
L40 3TQ,5,3,2,3
L40 3TR,7,3,4,4
L40 3TW,24,11,13,11
L40 4AE,91,46,45,33
L40 4AF,23,10,13,8
L40 4AG,25,14,11,14
L40 4AH,19,10,9,8
L40 4AJ,12,5,7,5
L40 4AL,90,48,42,33
L40 4AQ,61,31,30,20
L40 4AR,58,30,28,22
L40 4AS,27,13,14,14
L40 4AT,11,6,5,5
L40 4AU,64,33,31,22
L40 4AW,18,7,11,6
L40 4AX,37,15,22,18
L40 4AY,14,8,6,7
L40 4AZ,34,15,19,16
L40 4BA,25,13,12,11
L40 4BB,13,4,9,4
L40 4BD,13,5,8,7
L40 4BE,49,18,31,24
L40 4BG,29,15,14,12
L40 4BH,15,8,7,6
L40 4BJ,22,11,11,7
L40 4BL,37,16,21,17
L40 4BN,10,4,6,4
L40 4BP,14,6,8,5
L40 4BQ,46,23,23,24
L40 4BR,14,9,5,5
L40 4BS,34,15,19,19
L40 4BT,58,27,31,19
L40 4BU,39,22,17,14
L40 4BW,7,5,2,2
L40 4BX,54,25,29,23
L40 4BY,3,2,1,2
L40 4BZ,39,21,18,15
L40 4LA,110,49,61,63
L40 4LB,77,37,40,29
L40 4LD,63,35,28,31
L40 4LE,78,39,39,29
L40 4LF,52,24,28,21
L40 4LG,36,19,17,16
L40 4LP,48,24,24,13
L40 4LQ,55,31,24,20
L40 5BD,117,61,56,42
L40 5BE,137,66,71,66
L40 5BF,62,29,33,18
L40 5BG,46,24,22,15
L40 5BJ,23,11,12,7
L40 5BL,73,33,40,30
L40 5BN,13,7,6,3
L40 5BP,57,30,27,25
L40 5BQ,46,24,22,12
L40 5BR,19,13,6,6
L40 5BS,31,17,14,11
L40 5RS,13,7,6,6
L40 5SA,20,13,7,8
L40 5SB,16,8,8,8
L40 5SD,28,15,13,11
L40 5SE,45,20,25,19
L40 5SF,58,26,32,33
L40 5SG,8,3,5,3
L40 5SH,30,18,12,14
L40 5SJ,88,39,49,39
L40 5SL,39,19,20,17
L40 5SN,60,32,28,22
L40 5SP,30,12,18,17
L40 5SR,33,13,20,22
L40 5SS,56,22,34,20
L40 5SU,104,49,55,50
L40 5SW,32,16,16,20
L40 5SX,132,67,65,46
L40 5SY,78,37,41,42
L40 5SZ,112,50,62,49
L40 5TA,13,6,7,6
L40 5TB,102,53,49,43
L40 5TD,33,16,17,13
L40 5TE,20,7,13,13
L40 5TF,43,19,24,24
L40 5TG,53,24,29,23
L40 5TH,16,9,7,6
L40 5TJ,155,76,79,65
L40 5TN,46,17,29,18
L40 5TP,45,14,31,7
L40 5TR,63,31,32,23
L40 5TS,7,3,4,3
L40 5TT,8,3,5,3
L40 5TU,16,8,8,8
L40 5TW,88,41,47,48
L40 5TX,12,8,4,4
L40 5TY,26,13,13,9
L40 5TZ,4,1,3,1
L40 5UA,34,15,19,15
L40 5UD,15,8,7,7
L40 5UE,5,3,2,2
L40 5UG,18,9,9,10
L40 5UH,4,2,2,2
L40 5UJ,40,22,18,18
L40 5UL,31,16,15,13
L40 5UN,21,13,8,10
L40 5UP,19,10,9,8
L40 5UQ,20,11,9,15
L40 5UR,7,4,3,3
L40 5UT,20,13,7,10
L40 5UU,1,1,0,1
L40 5UW,20,12,8,7
L40 5UY,61,35,26,26
L40 5UZ,38,13,25,27
L40 5XD,25,10,15,12
L40 5XE,26,15,11,9
L40 5XF,33,19,14,12
L40 5XH,52,23,29,36
L40 5XS,99,45,54,40
L40 5XT,25,15,10,13
L40 5XU,29,14,15,13
L40 5XW,17,8,9,6
L40 5XX,15,7,8,6
L40 5XY,46,26,20,16
L40 5YF,14,8,6,5
L40 6GA,8,4,4,5
L40 6HA,30,17,13,13
L40 6HB,13,6,7,5
L40 6HD,21,11,10,7
L40 6HE,11,3,8,4
L40 6HF,9,5,4,4
L40 6HG,32,15,17,12
L40 6HH,29,13,16,11
L40 6HJ,20,9,11,10
L40 6HL,32,15,17,11
L40 6HN,41,21,20,17
L40 6HP,19,9,10,9
L40 6HQ,43,20,23,19
L40 6HR,17,9,8,9
L40 6HS,64,33,31,29
L40 6HT,43,16,27,26
L40 6HU,38,23,15,16
L40 6HW,15,8,7,5
L40 6HX,11,6,5,4
L40 6HY,88,42,46,34
L40 6HZ,94,43,51,43
L40 6JA,27,14,13,11
L40 6JB,11,5,6,3
L40 6JD,82,42,40,37
L40 6JE,81,44,37,31
L40 6JF,4,2,2,2
L40 6JG,30,19,11,12
L40 6JH,75,33,42,31
L40 6JJ,4,2,2,2
L40 6JL,26,12,14,12
L40 6JN,34,17,17,16
L40 6JP,21,10,11,10
L40 6JQ,31,15,16,13
L40 6JR,30,16,14,14
L40 6JS,22,9,13,14
L40 6JU,33,12,21,12
L40 6JW,14,5,9,5
L40 6JX,7,1,6,2
L40 6JZ,13,5,8,4
L40 6LA,4,2,2,2
L40 6LD,16,10,6,6
L40 6LF,3,2,1,2
L40 6LG,2,1,1,1
L40 6LH,8,3,5,4
L40 6LP,7,3,4,4
L40 7GA,12,9,3,7
L40 7RA,104,51,53,45
L40 7RB,122,63,59,46
L40 7RD,121,58,63,47
L40 7RE,147,76,71,55
L40 7RF,105,55,50,38
L40 7RG,123,65,58,48
L40 7RH,29,13,16,13
L40 7RJ,76,37,39,28
L40 7RL,86,40,46,32
L40 7RN,124,62,62,48
L40 7RP,120,60,60,46
L40 7RQ,109,46,63,33
L40 7RR,23,13,10,8
L40 7RS,16,9,7,7
L40 7RT,66,35,31,25
L40 7RU,98,45,53,38
L40 7RW,62,26,36,27
L40 7RX,19,7,12,9
L40 7RY,51,25,26,23
L40 7SA,82,40,42,24
L40 7SB,22,11,11,9
L40 7SD,112,52,60,48
L40 7SE,73,38,35,32
L40 7SF,63,33,30,31
L40 7SG,77,35,42,31
L40 7SH,22,11,11,8
L40 7SJ,74,41,33,31
L40 7SL,36,20,16,12
L40 7SN,45,21,24,7
L40 7SP,19,11,8,6
L40 7SQ,71,34,37,35
L40 7SS,2,2,0,1
L40 7ST,68,32,36,34
L40 7SU,106,58,48,42
L40 7SW,21,9,12,7
L40 7SY,41,21,20,17
L40 7TA,97,46,51,35
L40 7TB,95,47,48,42
L40 7TD,118,42,76,23
L40 7TE,24,11,13,11
L40 7TF,3,2,1,2
L40 7TG,83,42,41,40
L40 7TH,84,48,36,31
L40 7TJ,65,32,33,23
L40 7TL,40,14,26,17
L40 7TN,38,18,20,15
L40 7TQ,54,25,29,25
L40 7TR,53,30,23,22
L40 7TS,15,7,8,6
L40 7TT,136,65,71,51
L40 7TU,168,83,85,54
L40 7TW,34,15,19,12
L40 7TX,33,14,19,12
L40 7UA,25,12,13,21
L40 7UD,4,1,3,3
L40 7UG,57,28,29,19
L40 7UH,13,7,6,5
L40 7UJ,89,39,50,27
L40 7UL,23,12,11,7
L40 7UN,23,12,11,7
L40 7UP,18,11,7,6
L40 7UR,83,43,40,31
L40 7UU,114,59,55,32
L40 7UW,23,9,14,10
L40 7UX,77,44,33,25
L40 7UY,45,18,27,16
L40 7UZ,16,6,10,5
L40 7XA,8,2,6,6
L40 7XB,39,18,21,13
L40 7XG,24,13,11,8
L40 8HA,7,4,3,3
L40 8HB,72,36,36,47
L40 8HD,22,12,10,9
L40 8HE,12,6,6,7
L40 8HF,16,9,7,5
L40 8HG,19,8,11,8
L40 8HH,72,34,38,23
L40 8HJ,196,110,86,106
L40 8HL,25,11,14,9
L40 8HN,5,0,5,1
L40 8HP,8,4,4,3
L40 8HQ,35,16,19,11
L40 8HR,38,20,18,17
L40 8HT,2,1,1,1
L40 8HU,5,3,2,1
L40 8HW,61,31,30,24
L40 8HX,12,7,5,5
L40 8HY,18,9,9,8
L40 8HZ,44,26,18,13
L40 8JA,31,21,10,10
L40 8JB,2,2,0,2
L40 8JD,62,35,27,22
L40 8JE,25,13,12,12
L40 8JF,20,10,10,10
L40 8JG,49,23,26,16
L40 8JH,15,7,8,5
L40 8JJ,15,7,8,6
L40 8JL,93,33,60,16
L40 8JN,3,1,2,2
L40 8JQ,15,10,5,5
L40 8JR,5,4,1,2
L40 8LD,5,2,3,2
L40 8LG,20,10,10,9
L40 9PZ,22,9,13,15
L40 9QA,64,34,30,29
L40 9QB,71,36,35,25
L40 9QD,18,9,9,6
L40 9QE,4,2,2,2
L40 9QF,9,5,4,4
L40 9QG,97,46,51,43
L40 9QH,31,15,16,13
L40 9QJ,18,7,11,9
L40 9QL,25,11,14,12
L40 9QN,64,30,34,23
L40 9QR,35,16,19,11
L40 9QS,30,16,14,14
L40 9QT,36,18,18,16
L40 9QX,16,6,10,8
L40 9QY,21,12,9,9
L40 9QZ,17,8,9,6
L40 9RA,38,20,18,15
L40 9RB,77,40,37,31
L40 9RD,43,24,19,12
L40 9RE,55,27,28,24
L40 9RF,89,45,44,40
L40 9RG,17,7,10,8
L40 9RH,18,9,9,7
L40 9RJ,64,34,30,25
L40 9RL,33,20,13,10
L40 9RN,28,15,13,16
L40 9RP,16,8,8,5
L40 9RR,14,8,6,7
L40 9RS,58,32,26,25
L40 9RT,29,14,15,8
L40 9RU,2,1,1,1
L40 9RX,23,9,14,12
L40 9RZ,22,10,12,10
L40 9SA,13,6,7,7
L40 9SB,21,9,12,7
L40 9SD,33,14,19,23
L40 9SE,16,9,7,7
L40 9SW,2,1,1,1
L5  0BA,50,26,24,18
L5  0BB,143,62,81,59
L5  0BD,105,49,56,39
L5  0BL,17,5,12,9
L5  0BN,15,6,9,9
L5  0PJ,64,32,32,27
L5  0PR,74,38,36,37
L5  0PS,57,28,29,25
L5  0PZ,60,26,34,19
L5  0QD,74,35,39,31
L5  0QW,64,32,32,31
L5  0QX,18,8,10,9
L5  0RA,18,14,4,18
L5  0RD,91,48,43,46
L5  0RE,34,16,18,13
L5  0RF,100,49,51,61
L5  0RH,18,10,8,12
L5  0RN,50,25,25,14
L5  0RQ,7,3,4,2
L5  0RR,32,18,14,16
L5  0RS,21,11,10,9
L5  0RW,15,8,7,7
L5  0RX,33,18,15,23
L5  0RZ,69,27,42,31
L5  0SL,23,10,13,6
L5  0SU,101,48,53,45
L5  0SX,68,29,39,32
L5  0SY,69,35,34,34
L5  0SZ,41,19,22,17
L5  0TB,62,30,32,40
L5  0TD,53,26,27,34
L5  0TE,26,14,12,18
L5  0TF,27,19,8,23
L5  0TU,109,45,64,39
L5  1TA,31,13,18,14
L5  1TG,32,16,16,13
L5  1TH,34,18,16,22
L5  1TP,33,12,21,14
L5  1TW,150,71,79,48
L5  1TX,78,35,43,40
L5  1UA,2,1,1,1
L5  1UE,13,4,9,8
L5  1UF,6,1,5,3
L5  1UH,7,4,3,3
L5  1UR,6,3,3,5
L5  1UW,8,4,4,2
L5  1UX,1,1,0,1
L5  1UY,2,2,0,2
L5  1XG,33,13,20,29
L5  1XH,51,17,34,41
L5  1XJ,33,16,17,12
L5  1XL,2,1,1,1
L5  1XQ,23,7,16,8
L5  2AR,55,23,32,33
L5  2AT,30,11,19,19
L5  2BD,10,5,5,7
L5  2BG,8,6,2,7
L5  2BH,9,4,5,6
L5  2BJ,12,9,3,8
L5  2PA,10,4,6,4
L5  2PG,33,16,17,12
L5  2PJ,13,7,6,6
L5  2PL,18,12,6,9
L5  2PT,22,13,9,7
L5  2PX,3,1,2,2
L5  2PY,9,2,7,4
L5  2QE,1,0,1,1
L5  2QH,48,20,28,24
L5  2QN,27,21,6,19
L5  2QQ,13,6,7,5
L5  2QS,117,47,70,35
L5  2QT,24,13,11,14
L5  2QX,48,22,26,23
L5  2QY,86,40,46,55
L5  2RA,72,31,41,28
L5  2RE,20,12,8,9
L5  2RF,34,13,21,13
L5  2RR,17,5,12,8
L5  2RU,20,11,9,9
L5  2RY,28,15,13,12
L5  2RZ,11,5,6,7
L5  2SA,19,5,14,12
L5  2SE,11,5,6,6
L5  2SF,25,12,13,16
L5  2SH,25,12,13,12
L5  2SJ,24,11,13,9
L5  2SL,51,23,28,20
L5  2SP,19,8,11,9
L5  2SR,49,26,23,16
L5  2SS,21,11,10,14
L5  2ST,54,23,31,39
L5  2SU,23,8,15,9
L5  2SW,43,33,10,39
L5  2SX,6,3,3,2
L5  2SZ,13,7,6,7
L5  3BA,93,54,39,66
L5  3BB,113,66,47,75
L5  3LA,24,7,17,9
L5  3LB,11,6,5,4
L5  3LF,8,2,6,2
L5  3LU,1,1,0,1
L5  3LW,28,12,16,10
L5  3ND,27,19,8,25
L5  3NG,20,11,9,8
L5  3NW,15,8,7,6
L5  3NZ,22,10,12,6
L5  3PD,66,38,28,31
L5  3PE,46,25,21,18
L5  3PF,16,8,8,9
L5  3PH,12,7,5,5
L5  3PJ,16,8,8,9
L5  3PT,58,30,28,36
L5  3PU,48,20,28,16
L5  3QE,42,19,23,12
L5  3QF,8,6,2,7
L5  3QG,6,3,3,4
L5  3QN,60,32,28,47
L5  3QQ,39,29,10,34
L5  3QW,63,39,24,54
L5  3RJ,11,8,3,8
L5  3RL,31,24,7,29
L5  3RN,39,27,12,32
L5  3RX,45,22,23,12
L5  3SA,35,18,17,14
L5  3SB,21,5,16,11
L5  3SD,38,20,18,9
L5  3SG,38,23,15,12
L5  3SH,117,55,62,55
L5  3SJ,26,15,11,22
L5  3SL,35,13,22,16
L5  3SN,24,11,13,6
L5  3SR,36,18,18,30
L5  3SS,17,9,8,8
L5  3ST,56,28,28,22
L5  3SU,36,16,20,15
L5  3SW,16,6,10,6
L5  3SX,18,7,11,7
L5  3SY,39,26,13,25
L5  3SZ,20,10,10,16
L5  4LH,3,0,3,1
L5  4LJ,6,3,3,2
L5  4LS,25,15,10,15
L5  4NH,42,23,19,20
L5  4NJ,5,2,3,1
L5  4NQ,13,6,7,8
L5  4PJ,54,21,33,22
L5  4PN,54,30,24,25
L5  4PY,1,1,0,1
L5  4QA,2,1,1,1
L5  4QT,24,19,5,19
L5  4QZ,10,7,3,3
L5  4RP,2,2,0,1
L5  4RT,64,26,38,30
L5  4SU,54,27,27,20
L5  4SX,79,37,42,32
L5  4SY,97,48,49,40
L5  4SZ,49,26,23,20
L5  4TA,51,22,29,22
L5  4TB,40,17,23,20
L5  4TD,31,17,14,17
L5  4TE,139,65,74,58
L5  4TF,36,18,18,18
L5  4TG,53,25,28,26
L5  4TH,22,13,9,11
L5  4TJ,133,65,68,52
L5  4TL,75,34,41,27
L5  4TN,38,18,20,21
L5  4TP,54,27,27,22
L5  4TQ,39,24,15,28
L5  4TR,42,24,18,35
L5  4TW,17,9,8,9
L5  5AE,11,10,1,0
L5  5AQ,7,4,3,2
L5  5AS,4,3,1,2
L5  5BD,1,1,0,1
L5  5BE,74,40,34,42
L5  5BH,43,27,16,18
L5  5BJ,1,0,1,1
L5  5BL,5,2,3,4
L5  5BP,57,26,31,33
L5  5BQ,76,38,38,39
L5  5DX,35,26,9,33
L5  5DY,10,5,5,7
L5  5DZ,51,23,28,30
L5  5EH,46,25,21,27
L5  5EJ,44,20,24,25
L5  5EL,63,45,18,42
L5  5EP,7,3,4,3
L5  5ER,3,1,2,1
L5  5ES,21,15,6,9
L5  5EY,65,32,33,32
L5  5EZ,30,17,13,10
L5  5HA,35,21,14,24
L5  5HN,6,4,2,5
L5  5HX,60,23,37,22
L5  5HY,6,1,5,4
L5  5JA,7,3,4,5
L5  6PA,91,42,49,44
L5  6PB,33,14,19,21
L5  6PD,7,2,5,4
L5  6PE,58,31,27,33
L5  6PF,56,27,29,38
L5  6PH,8,6,2,7
L5  6PJ,12,5,7,8
L5  6PL,106,51,55,50
L5  6PN,5,2,3,4
L5  6PP,16,10,6,9
L5  6PR,45,22,23,20
L5  6PT,9,7,2,6
L5  6PU,6,4,2,2
L5  6PW,18,7,11,8
L5  6QB,7,4,3,3
L5  6QL,4,2,2,2
L5  6QP,52,20,32,24
L5  6QR,62,27,35,29
L5  6QS,56,25,31,28
L5  6QT,76,31,45,29
L5  6QU,40,16,24,20
L5  6QX,74,45,29,39
L5  6QY,74,31,43,32
L5  6QZ,77,38,39,37
L5  6RA,9,5,4,4
L5  6RB,9,2,7,4
L5  6RH,86,40,46,36
L5  6RJ,47,23,24,23
L5  6RN,2,1,1,2
L5  6RP,144,84,60,86
L5  6RQ,4,2,2,2
L5  6RR,66,44,22,47
L5  6RS,45,18,27,16
L5  6RU,7,4,3,4
L5  6RW,201,97,104,90
L5  6RX,16,7,9,8
L5  6RY,101,47,54,37
L5  6RZ,65,31,34,29
L5  6SA,86,41,45,37
L5  6SB,63,29,34,26
L5  6SE,69,31,38,28
L5  6SF,34,14,20,20
L5  6SG,75,31,44,30
L5  6SL,37,22,15,35
L5  6SQ,48,21,27,21
L5  6SU,82,50,32,38
L5  6SX,112,56,56,65
L5  7QB,5,3,2,4
L5  7QD,29,23,6,13
L5  7QF,37,17,20,15
L5  7QP,29,16,13,12
L5  7QQ,2,1,1,1
L5  7QY,66,31,35,40
L5  7RA,59,34,25,27
L5  7RB,39,20,19,17
L5  7RL,42,22,20,24
L5  7RN,46,27,19,26
L5  7RP,58,31,27,30
L5  7RR,85,41,44,41
L5  7RS,77,40,37,39
L5  7RT,62,30,32,31
L5  7RU,33,16,17,17
L5  7RW,60,27,33,26
L5  7RZ,26,11,15,13
L5  7SB,51,21,30,20
L5  7SG,15,8,7,6
L5  7SH,45,21,24,18
L5  7SP,4,3,1,3
L5  7SQ,69,31,38,24
L5  7SS,19,7,12,10
L5  7SU,36,11,25,18
L5  7TA,7,4,3,6
L5  7TB,30,21,9,18
L5  7TR,39,20,19,17
L5  7TS,51,21,30,23
L5  7TT,35,15,20,17
L5  7TU,60,26,34,30
L5  7TX,38,20,18,13
L5  7TY,52,26,26,21
L5  7TZ,27,13,14,14
L5  7UA,47,22,25,20
L5  7UB,11,8,3,5
L5  8SA,44,20,24,36
L5  8SB,4,1,3,2
L5  8SE,24,11,13,8
L5  8SF,72,40,32,42
L5  8SG,20,8,12,13
L5  8SL,8,4,4,5
L5  8SU,34,15,19,15
L5  8SX,28,12,16,12
L5  8SZ,43,16,27,24
L5  8TN,10,6,4,5
L5  8TS,8,4,4,7
L5  8TZ,7,6,1,6
L5  8US,79,51,28,61
L5  8UT,38,21,17,19
L5  8UX,29,14,15,14
L5  8UY,18,9,9,10
L5  8XE,12,4,8,6
L5  8XH,17,9,8,9
L5  8XJ,89,42,47,47
L5  8XL,37,21,16,16
L5  8XN,2,1,1,1
L5  8XS,29,13,16,16
L5  8XT,26,9,17,11
L5  8XU,19,7,12,10
L5  8XW,6,4,2,4
L5  8XX,19,8,11,8
L5  8XY,33,14,19,15
L5  8XZ,25,14,11,13
L5  8YB,7,5,2,2
L5  8YD,23,9,14,10
L5  8YE,30,14,16,12
L5  8YF,91,50,41,57
L5  8YG,19,10,9,12
L5  8YL,23,13,10,13
L5  8YP,51,20,31,20
L5  8YQ,17,9,8,10
L5  8YR,6,4,2,5
L5  8YS,30,17,13,16
L5  8YT,22,10,12,9
L5  8YU,4,3,1,2
L5  8YW,64,27,37,24
L5  9RA,84,42,42,40
L5  9RB,55,29,26,26
L5  9RE,17,9,8,8
L5  9RF,18,9,9,9
L5  9RG,31,14,17,16
L5  9RJ,2,1,1,1
L5  9RP,93,47,46,41
L5  9RQ,46,25,21,24
L5  9RR,73,39,34,30
L5  9RS,67,26,41,28
L5  9RT,17,8,9,7
L5  9RU,7,5,2,2
L5  9RW,29,11,18,10
L5  9RX,43,17,26,18
L5  9RY,46,23,23,20
L5  9RZ,13,6,7,9
L5  9TD,2,0,2,1
L5  9XB,125,66,59,79
L5  9XS,39,28,11,23
L6  0AA,22,11,11,16
L6  0AB,42,20,22,18
L6  0AE,168,70,98,28
L6  0AF,37,17,20,15
L6  0AG,9,3,6,4
L6  0AH,56,29,27,18
L6  0AJ,60,22,38,40
L6  0AL,62,28,34,39
L6  0AN,48,23,25,30
L6  0AP,64,31,33,38
L6  0AQ,15,8,7,7
L6  0AR,22,8,14,10
L6  0AS,36,19,17,17
L6  0AT,45,18,27,18
L6  0AU,56,27,29,21
L6  0AW,37,16,21,21
L6  0AX,42,29,13,24
L6  0AY,35,16,19,11
L6  0AZ,60,25,35,23
L6  0BA,43,27,16,27
L6  0BB,3,2,1,2
L6  0BH,80,37,43,33
L6  0BJ,102,50,52,38
L6  0BL,85,35,50,39
L6  0BN,116,41,75,44
L6  0BP,77,50,27,38
L6  0BR,72,34,38,38
L6  0BS,89,46,43,43
L6  0BT,92,42,50,39
L6  0BU,90,42,48,46
L6  0BW,97,49,48,50
L6  0BX,72,29,43,31
L6  0BY,133,58,75,63
L6  0BZ,116,61,55,54
L6  0DA,18,8,10,7
L6  0DE,11,7,4,5
L6  0DG,58,25,33,30
L6  0DH,33,13,20,16
L6  0DJ,34,18,16,15
L6  0DL,25,10,15,9
L6  0DP,90,45,45,42
L6  0DQ,23,10,13,10
L6  0DW,83,42,41,39
L6  1AE,2,1,1,1
L6  1AU,5,3,2,4
L6  1BA,576,260,316,76
L6  1BS,3,3,0,3
L6  1DE,8,4,4,6
L6  1DL,18,12,6,6
L6  1EA,13,9,4,10
L6  1EG,80,47,33,52
L6  1EH,15,6,9,6
L6  1EJ,5,4,1,5
L6  1EN,35,13,22,18
L6  1EP,24,14,10,11
L6  1EX,22,10,12,11
L6  1HA,128,80,48,90
L6  1HB,9,4,5,6
L6  1HD,556,218,338,4
L6  1HE,20,11,9,14
L6  1HF,14,7,7,12
L6  1HL,57,36,21,43
L6  1HU,2,1,1,1
L6  1JJ,17,7,10,7
L6  1JL,58,29,29,25
L6  1JN,10,5,5,4
L6  1JS,14,5,9,5
L6  1JW,60,32,28,28
L6  1JX,50,22,28,24
L6  1LX,36,17,19,13
L6  1NA,1,0,1,1
L6  1NJ,63,28,35,25
L6  1NL,42,18,24,17
L6  1NN,41,18,23,18
L6  1NP,27,13,14,12
L6  1NR,21,11,10,9
L6  1NS,11,5,6,6
L6  1NT,8,6,2,8
L6  1NW,45,24,21,23
L6  1NX,57,24,33,27
L6  1NY,10,5,5,7
L6  1NZ,40,22,18,16
L6  1PA,40,19,21,19
L6  1PB,15,5,10,8
L6  1PH,51,21,30,28
L6  1PJ,29,14,15,14
L6  1PQ,63,45,18,42
L6  1RD,18,11,7,7
L6  1RE,6,3,3,4
L6  1RF,44,18,26,21
L6  2AA,23,12,11,10
L6  2AB,8,4,4,2
L6  2AG,2,1,1,1
L6  2AL,39,21,18,15
L6  2AR,23,12,11,8
L6  2AT,54,32,22,34
L6  2AU,58,29,29,28
L6  2AW,9,5,4,3
L6  2BB,64,26,38,24
L6  2BD,32,12,20,23
L6  2BG,48,24,24,22
L6  2BL,64,30,34,23
L6  2BQ,68,31,37,32
L6  2BZ,47,20,27,20
L6  2DY,33,14,19,16
L6  2EH,33,18,15,21
L6  2EN,1,1,0,1
L6  2EP,9,5,4,6
L6  2ER,10,4,6,6
L6  2EW,4,1,3,2
L6  2EY,22,6,16,11
L6  2HW,29,9,20,11
L6  2JA,23,11,12,11
L6  2JB,34,14,20,18
L6  2JD,16,7,9,6
L6  2JE,13,6,7,4
L6  2JF,24,13,11,10
L6  2JG,69,29,40,38
L6  2JH,17,9,8,10
L6  2JL,17,10,7,6
L6  2JN,33,19,14,18
L6  2LD,4,2,2,1
L6  2LX,26,9,17,11
L6  2LY,61,33,28,23
L6  2LZ,53,28,25,21
L6  2NA,39,13,26,16
L6  2NB,36,19,17,14
L6  2NF,27,7,20,14
L6  2NG,41,15,26,14
L6  2NL,8,3,5,5
L6  2NX,70,25,45,32
L6  2PA,57,23,34,31
L6  2PB,85,39,46,30
L6  2PD,78,31,47,36
L6  2PE,40,18,22,17
L6  2PF,79,41,38,34
L6  2PG,66,30,36,26
L6  2PH,46,18,28,19
L6  2PJ,37,20,17,16
L6  2PL,8,4,4,6
L6  2PN,17,6,11,8
L6  2PQ,38,18,20,15
L6  2PW,15,10,5,8
L6  2WB,39,21,18,19
L6  2WD,36,18,18,16
L6  2WE,14,7,7,9
L6  2WF,7,5,2,3
L6  2WG,46,24,22,24
L6  2WH,36,12,24,28
L6  2WJ,44,20,24,25
L6  2WL,48,32,16,39
L6  2WN,44,22,22,23
L6  2WQ,50,27,23,29
L6  3AA,4,2,2,3
L6  3AB,68,39,29,31
L6  3AD,74,44,30,35
L6  3AE,101,69,32,57
L6  3AF,74,41,33,48
L6  3AG,65,31,34,29
L6  3AJ,102,53,49,69
L6  3AL,50,30,20,26
L6  3AN,68,39,29,38
L6  3AP,56,31,25,36
L6  3AQ,90,46,44,35
L6  3AR,61,32,29,36
L6  3AS,88,48,40,49
L6  3AT,62,36,26,35
L6  3AU,134,93,41,98
L6  3AW,70,37,33,39
L6  3BA,77,49,28,50
L6  3BB,120,81,39,76
L6  3BD,141,79,62,73
L6  3BE,114,71,43,72
L6  3BS,16,9,7,10
L6  3BT,57,29,28,47
L6  3BU,22,13,9,19
L6  3BX,66,33,33,43
L6  3BY,65,33,32,41
L6  3BZ,57,32,25,35
L6  3DA,22,10,12,12
L6  4AA,22,15,7,12
L6  4AB,30,18,12,16
L6  4AD,1,1,0,1
L6  4AG,59,35,24,33
L6  4AH,59,32,27,25
L6  4AJ,56,26,30,26
L6  4AL,73,32,41,35
L6  4AN,68,26,42,25
L6  4AP,80,38,42,40
L6  4AQ,70,34,36,39
L6  4AR,13,9,4,7
L6  4AS,81,36,45,36
L6  4AT,66,34,32,39
L6  4AU,52,24,28,38
L6  4AW,52,19,33,28
L6  4AX,53,26,27,36
L6  4AY,58,30,28,32
L6  4AZ,61,28,33,33
L6  4BA,89,59,30,50
L6  4BB,57,44,13,40
L6  4BD,55,38,17,39
L6  4BE,43,28,15,23
L6  4BG,60,28,32,24
L6  4BH,67,48,19,36
L6  4BJ,91,58,33,33
L6  4BL,1,1,0,1
L6  4BN,19,15,4,15
L6  4BQ,52,32,20,28
L6  4BS,109,56,53,48
L6  4BT,92,45,47,46
L6  4BU,25,13,12,12
L6  4BW,27,19,8,15
L6  4BX,16,13,3,13
L6  4BY,52,41,11,18
L6  4BZ,40,26,14,25
L6  4DA,56,35,21,18
L6  4DB,64,29,35,29
L6  4DE,127,66,61,54
L6  4DF,102,70,32,40
L6  4DG,90,45,45,41
L6  4DH,42,17,25,23
L6  4DJ,167,75,92,79
L6  4DL,34,20,14,7
L6  4DN,145,71,74,50
L6  4DP,82,45,37,32
L6  4DQ,114,57,57,46
L6  4DR,36,18,18,19
L6  4DS,100,48,52,39
L6  4DT,56,37,19,31
L6  4DU,56,23,33,30
L6  4DX,94,52,42,41
L6  4DY,65,27,38,27
L6  4DZ,99,45,54,39
L6  4EA,19,10,9,13
L6  4EB,37,22,15,21
L6  4ED,6,1,5,5
L6  4EE,20,9,11,7
L6  4EH,15,9,6,0
L6  4EL,8,4,4,4
L6  4EN,120,58,62,42
L6  4EQ,46,26,20,40
L6  4ER,56,28,28,19
L6  4ES,55,25,30,19
L6  4ET,187,93,94,75
L6  4EU,42,18,24,16
L6  4EY,5,2,3,4
L6  4EZ,7,3,4,4
L6  5AA,99,53,46,48
L6  5AB,31,19,12,13
L6  5AD,23,14,9,7
L6  5AE,61,33,28,35
L6  5AF,75,32,43,43
L6  5AG,115,60,55,37
L6  5AH,69,38,31,34
L6  5AJ,33,12,21,13
L6  5AL,117,65,52,44
L6  5AN,106,60,46,47
L6  5AQ,86,41,45,36
L6  5AW,110,45,65,47
L6  5AY,103,54,49,48
L6  5AZ,109,56,53,41
L6  5BJ,142,78,64,78
L6  5BR,14,12,2,12
L6  5DB,38,18,20,13
L6  5DR,1,1,0,1
L6  5DW,45,17,28,21
L6  5EA,55,28,27,43
L6  5ED,7,6,1,5
L6  5EG,11,9,2,3
L6  5EH,2,1,1,2
L6  5ES,26,8,18,10
L6  5HT,32,14,18,13
L6  5HU,40,26,14,32
L6  5HX,76,42,34,60
L6  5JN,35,19,16,14
L6  5JP,130,71,59,76
L6  5JR,58,27,31,23
L6  5JS,25,21,4,16
L6  5JT,23,15,8,15
L6  5JU,9,3,6,7
L6  5JW,37,17,20,15
L6  5JY,86,46,40,44
L6  5LA,51,27,24,47
L6  5LG,152,71,81,84
L6  5LH,52,26,26,18
L6  5LL,32,15,17,12
L6  5LN,32,19,13,12
L6  5LP,92,39,53,38
L6  5LQ,56,28,28,25
L6  5LR,48,26,22,19
L6  5LS,39,17,22,15
L6  5LT,19,9,10,9
L6  5LU,34,15,19,16
L6  5LW,66,28,38,34
L6  5LX,31,16,15,16
L6  5LY,29,13,16,15
L6  5LZ,38,18,20,21
L6  5NA,69,33,36,39
L6  5NB,13,8,5,5
L6  5ND,27,12,15,11
L6  6AA,19,11,8,12
L6  6AD,72,35,37,31
L6  6AE,22,11,11,12
L6  6AG,62,38,24,36
L6  6AH,14,6,8,5
L6  6AJ,62,29,33,28
L6  6AL,57,28,29,28
L6  6AN,25,14,11,14
L6  6AP,74,42,32,35
L6  6AQ,72,30,42,41
L6  6AR,47,27,20,29
L6  6AS,85,40,45,33
L6  6AT,65,40,25,31
L6  6AU,20,11,9,16
L6  6AW,66,31,35,33
L6  6AX,59,27,32,35
L6  6AY,95,50,45,45
L6  6AZ,74,34,40,37
L6  6BA,72,37,35,41
L6  6BB,68,35,33,42
L6  6BD,89,42,47,47
L6  6BE,87,39,48,29
L6  6BG,96,61,35,43
L6  6BH,70,33,37,26
L6  6BJ,62,30,32,28
L6  6BL,69,31,38,26
L6  6BN,79,35,44,31
L6  6BQ,103,53,50,46
L6  6BS,12,4,8,4
L6  6BT,2,2,0,2
L6  6BU,73,40,33,44
L6  6BW,73,38,35,35
L6  6BX,99,49,50,47
L6  6BY,97,47,50,48
L6  6BZ,99,57,42,48
L6  6DA,90,51,39,42
L6  6DB,89,44,45,42
L6  6DD,88,43,45,38
L6  6DE,105,63,42,36
L6  6DF,92,40,52,38
L6  6DG,116,53,63,44
L6  6DH,129,66,63,50
L6  6DJ,107,52,55,40
L6  6DL,13,7,6,7
L6  6DN,91,37,54,35
L6  6DP,28,14,14,11
L6  6DQ,127,58,69,47
L6  6DW,49,27,22,19
L6  7UA,47,30,17,22
L6  7UB,91,54,37,50
L6  7UD,53,33,20,24
L6  7UE,81,48,33,59
L6  7UF,51,31,20,34
L6  7UG,111,87,24,78
L6  7UH,64,34,30,26
L6  7UJ,36,25,11,26
L6  7UL,18,10,8,16
L6  7UP,85,61,24,56
L6  7UQ,73,35,38,39
L6  7UR,5,4,1,5
L6  7UW,70,44,26,22
L6  8NA,39,24,15,11
L6  8NB,96,68,28,69
L6  8ND,18,6,12,6
L6  8NE,47,23,24,35
L6  8NF,102,60,42,57
L6  8NG,185,118,67,120
L6  8NH,31,12,19,10
L6  8NJ,57,31,26,28
L6  8NL,46,16,30,19
L6  8NN,54,30,24,21
L6  8NP,117,44,73,46
L6  8NQ,82,45,37,29
L6  8NR,114,52,62,49
L6  8NS,51,30,21,22
L6  8NT,50,23,27,23
L6  8NU,62,32,30,26
L6  8NW,46,23,23,15
L6  8NX,53,28,25,22
L6  8NY,110,53,57,41
L6  8NZ,70,33,37,29
L6  8PA,38,17,21,17
L6  8PB,46,27,19,18
L6  8PD,24,11,13,16
L6  8PE,56,32,24,18
L6  8PF,36,26,10,11
L6  8PG,25,15,10,14
L6  8PH,70,30,40,26
L6  8PJ,120,63,57,48
L6  8PQ,49,30,19,21
L6  9AB,52,28,24,19
L6  9AD,60,26,34,26
L6  9AE,15,12,3,11
L6  9AG,67,29,38,35
L6  9AH,60,34,26,19
L6  9AJ,79,37,42,29
L6  9AL,67,24,43,26
L6  9AY,54,24,30,24
L6  9BA,14,8,6,7
L6  9BB,8,6,2,3
L6  9BD,43,17,26,17
L6  9BY,4,1,3,1
L6  9DF,7,1,6,2
L6  9DG,33,17,16,12
L6  9DH,62,31,31,29
L6  9DP,70,33,37,28
L6  9DT,5,3,2,3
L6  9DZ,28,18,10,19
L6  9ES,10,6,4,7
L6  9HG,75,30,45,30
L6  9HR,33,24,9,26
L6  9HS,188,94,94,85
L6  9HT,121,55,66,55
L6  9HU,49,27,22,17
L6  9HX,12,10,2,9
L6  9HY,34,16,18,14
L6  9HZ,65,31,34,21
L6  9JA,9,7,2,8
L6  9JB,9,3,6,5
L6  9JD,4,4,0,4
L6  9JE,49,29,20,22
L6  9JF,21,13,8,11
L6  9JG,7,5,2,4
L6  9JH,29,12,17,10
L6  9JJ,49,24,25,21
L6  9JL,28,11,17,13
L6  9JN,27,11,16,12
L7  0BA,22,14,8,14
L7  0EA,36,16,20,17
L7  0EB,30,14,16,15
L7  0ED,38,16,22,15
L7  0EE,56,35,21,26
L7  0EF,83,40,43,31
L7  0EG,43,23,20,20
L7  0EH,35,20,15,15
L7  0EJ,32,11,21,13
L7  0EL,22,6,16,13
L7  0EN,105,53,52,42
L7  0EP,63,36,27,29
L7  0EQ,63,28,35,25
L7  0ER,57,25,32,34
L7  0ES,73,43,30,27
L7  0ET,146,74,72,87
L7  0EU,25,9,16,11
L7  0EW,56,31,25,23
L7  0HD,13,6,7,7
L7  0HE,23,10,13,9
L7  0HF,30,20,10,9
L7  0HG,55,32,23,39
L7  0HH,23,9,14,10
L7  0HJ,31,15,16,19
L7  0HN,9,6,3,5
L7  0HP,39,22,17,15
L7  0HR,17,6,11,9
L7  0HT,83,39,44,32
L7  0HW,118,57,61,42
L7  0HX,22,13,9,8
L7  0JA,17,12,5,13
L7  0JB,8,4,4,6
L7  0JD,10,7,3,5
L7  0JE,69,38,31,40
L7  0JF,58,31,27,23
L7  0JG,72,39,33,36
L7  0JH,72,32,40,36
L7  0JJ,76,35,41,34
L7  0JL,109,58,51,54
L7  0JN,64,33,31,21
L7  0JP,101,55,46,37
L7  0JQ,65,26,39,30
L7  0JR,71,38,33,33
L7  0JS,112,59,53,60
L7  0JT,71,37,34,32
L7  0JU,22,11,11,9
L7  0JW,83,45,38,46
L7  0JX,86,43,43,39
L7  0JY,28,13,15,13
L7  0JZ,73,39,34,30
L7  0LA,18,10,8,12
L7  0LB,20,13,7,9
L7  0LD,7,2,5,2
L7  0LG,23,14,9,13
L7  0LH,52,33,19,27
L7  0LJ,9,5,4,6
L7  0LP,139,75,64,81
L7  0LR,111,55,56,67
L7  0LS,54,25,29,46
L7  0LT,30,24,6,27
L7  0LW,140,80,60,93
L7  0LY,34,24,10,27
L7  1PA,45,19,26,5
L7  1PB,40,23,17,29
L7  1PD,17,9,8,10
L7  1PE,10,7,3,9
L7  1PF,30,16,14,21
L7  1PG,4,4,0,4
L7  1PQ,14,6,8,9
L7  1PW,8,2,6,5
L7  1PZ,10,4,6,7
L7  1QB,18,8,10,9
L7  1QD,21,10,11,10
L7  1QF,20,12,8,13
L7  1QG,3,2,1,1
L7  1QH,32,13,19,12
L7  1QJ,15,6,9,11
L7  1QL,19,10,9,10
L7  1QX,32,20,12,13
L7  1RB,15,5,10,7
L7  1RN,16,3,13,8
L7  2GA,89,39,50,38
L7  2PF,15,0,15,0
L7  2PJ,15,10,5,6
L7  2PL,25,13,12,14
L7  2PN,54,35,19,33
L7  2PR,45,31,14,28
L7  2PS,67,36,31,26
L7  2PT,113,68,45,48
L7  2PU,64,34,30,33
L7  2PX,34,20,14,18
L7  2PY,75,38,37,34
L7  2PZ,94,47,47,31
L7  2QA,11,5,6,8
L7  2QB,60,30,30,27
L7  2QD,96,59,37,45
L7  2QE,94,49,45,38
L7  2QF,98,50,48,36
L7  2QG,44,23,21,18
L7  2QH,30,12,18,16
L7  2QN,92,37,55,36
L7  2QQ,41,20,21,19
L7  2QR,2,2,0,2
L7  2QS,29,11,18,18
L7  2QT,42,26,16,18
L7  2QU,43,19,24,17
L7  2QX,21,11,10,8
L7  2QZ,46,15,31,18
L7  2RE,53,32,21,25
L7  2RF,18,11,7,11
L7  2RG,9,5,4,7
L7  2RN,8,3,5,3
L7  2SA,108,53,55,29
L7  3ED,17,17,0,4
L7  3EE,53,22,31,17
L7  3EF,42,18,24,22
L7  3EG,70,42,28,15
L7  3EH,14,12,2,6
L7  3EJ,50,38,12,23
L7  3EN,54,37,17,20
L7  3EQ,22,6,16,7
L7  3ES,8,7,1,2
L7  3ET,126,51,75,37
L7  3EU,9,5,4,3
L7  3EW,46,25,21,8
L7  3EY,19,8,11,8
L7  3GA,6,5,1,1
L7  3HD,6,1,5,1
L7  3HJ,16,6,10,6
L7  3HL,52,21,31,22
L7  3HT,21,10,11,11
L7  3JE,43,15,28,18
L7  3JQ,52,20,32,23
L7  3JS,16,8,8,9
L7  3JU,40,13,27,16
L7  3LA,236,109,127,11
L7  3LB,90,53,37,39
L7  3LJ,86,32,54,37
L7  3LL,67,31,36,32
L7  3LN,4,3,1,4
L7  3LP,21,11,10,14
L7  3LS,29,15,14,14
L7  3LT,40,14,26,14
L7  3LW,23,11,12,16
L7  3LZ,1,0,1,1
L7  3NY,3,1,2,1
L7  3PD,7,1,6,2
L7  3PE,9,6,3,8
L7  3PG,25,8,17,8
L7  3PP,50,22,28,22
L7  3QA,31,9,22,9
L7  3QB,42,22,20,31
L7  3QD,135,75,60,78
L7  3QE,97,52,45,58
L7  3QF,62,41,21,35
L7  3QG,42,28,14,37
L7  3QH,147,95,52,74
L7  3QL,54,30,24,17
L7  3QN,23,15,8,12
L7  3QQ,17,9,8,9
L7  3QR,30,15,15,11
L7  3QS,46,24,22,18
L7  3QT,22,11,11,8
L7  3QU,57,22,35,27
L7  3QW,10,8,2,9
L7  3QX,34,11,23,14
L7  3QY,44,16,28,16
L7  3QZ,18,5,13,9
L7  3RA,42,20,22,19
L7  3RB,24,10,14,18
L7  3RD,22,10,12,10
L7  3RG,324,146,178,0
L7  3RH,58,35,23,32
L7  4JB,21,14,7,11
L7  4JF,16,12,4,10
L7  4JG,27,17,10,16
L7  4JP,43,21,22,21
L7  4JQ,34,21,13,21
L7  4JW,36,18,18,17
L7  4LA,25,11,14,6
L7  4LD,26,12,14,10
L7  4LE,34,11,23,10
L7  4LF,51,28,23,16
L7  4LG,58,30,28,26
L7  4LH,26,10,16,9
L7  4LN,21,17,4,17
L7  4LQ,39,19,20,17
L7  4LW,45,26,19,32
L7  5DA,11,7,4,8
L7  5DB,50,31,19,13
L7  5NA,29,14,15,20
L7  5NF,2,2,0,2
L7  5NG,23,17,6,15
L7  5NH,31,6,25,7
L7  5NZ,4,2,2,4
L7  5PN,11,7,4,6
L7  5PX,95,58,37,66
L7  5PY,62,48,14,50
L7  5PZ,38,27,11,24
L7  5QB,18,7,11,11
L7  5QD,26,21,5,18
L7  5QE,20,12,8,11
L7  5QF,38,21,17,22
L7  5QG,34,19,15,14
L7  5QH,71,44,27,56
L7  5QN,20,9,11,11
L7  5QP,12,7,5,7
L7  5QQ,18,10,8,10
L7  5QR,27,17,10,21
L7  5QS,29,10,19,15
L7  5QT,31,13,18,13
L7  5QU,37,21,16,22
L7  5QW,40,21,19,16
L7  5QX,22,10,12,11
L7  5QY,21,12,9,9
L7  5QZ,42,32,10,38
L7  5WA,25,11,14,16
L7  6AA,34,18,16,12
L7  6AB,28,15,13,12
L7  6AD,36,22,14,24
L7  6AE,23,14,9,10
L7  6AF,40,22,18,15
L7  6AG,39,19,20,16
L7  6AH,39,19,20,13
L7  6AJ,36,21,15,15
L7  6AQ,92,52,40,37
L7  6AT,87,42,45,39
L7  6AU,40,15,25,22
L7  6GA,1,1,0,1
L7  6HA,27,13,14,15
L7  6HB,69,29,40,29
L7  6HD,9,3,6,3
L7  6HE,19,17,2,11
L7  6HF,52,26,26,28
L7  6HG,40,18,22,20
L7  6HH,42,28,14,16
L7  6HL,26,12,14,8
L7  6HQ,18,9,9,4
L7  6HY,75,36,39,31
L7  6JG,5,3,2,1
L7  6JP,67,37,30,39
L7  6JS,40,17,23,16
L7  6JY,64,32,32,30
L7  6LA,22,12,10,7
L7  6LB,14,8,6,6
L7  6LD,85,38,47,27
L7  6LF,37,15,22,15
L7  6LG,78,33,45,22
L7  6LH,16,8,8,7
L7  6LL,28,14,14,9
L7  6LP,32,17,15,12
L7  6LQ,14,8,6,7
L7  6LR,51,29,22,30
L7  6LS,38,19,19,14
L7  6LU,14,5,9,10
L7  6LY,26,12,14,8
L7  6NP,6,5,1,6
L7  6NR,19,12,7,15
L7  6NX,43,19,24,21
L7  6NY,32,17,15,18
L7  6PA,25,11,14,16
L7  6PB,38,17,21,21
L7  6PD,81,43,38,46
L7  6PX,47,24,23,17
L7  6PY,8,7,1,6
L7  6PZ,54,25,29,19
L7  6QA,46,25,21,23
L7  6QB,34,19,15,20
L7  7AD,310,176,134,49
L7  7AF,57,38,19,37
L7  7AG,256,110,146,26
L7  7AH,30,16,14,18
L7  7AL,27,15,12,13
L7  7AU,54,23,31,0
L7  7AZ,63,45,18,35
L7  7BA,125,77,48,68
L7  7BL,2,1,1,2
L7  7BT,31,20,11,20
L7  7BX,22,14,8,20
L7  7BY,21,12,9,16
L7  7DA,82,55,27,49
L7  7DB,99,61,38,80
L7  7DD,35,14,21,31
L7  7DL,71,35,36,48
L7  7DN,19,12,7,5
L7  7DP,21,17,4,13
L7  7DX,4,0,4,4
L7  7EA,49,27,22,34
L7  7EB,3,3,0,1
L7  7EE,108,44,64,23
L7  7EN,31,15,16,21
L7  7EP,22,13,9,15
L7  7ER,43,24,19,27
L7  7ES,11,9,2,10
L7  7ET,14,12,2,8
L7  7EU,28,19,9,25
L7  7EW,23,13,10,21
L7  7EZ,325,163,162,27
L7  7JB,474,213,261,30
L7  7JD,19,11,8,10
L7  7JG,53,23,30,0
L7  7JH,9,6,3,5
L7  8RA,129,67,62,60
L7  8RB,100,55,45,46
L7  8RD,121,47,74,53
L7  8RE,91,37,54,35
L7  8RF,89,51,38,32
L7  8RG,46,25,21,22
L7  8RH,21,5,16,9
L7  8RJ,38,20,18,18
L7  8RL,10,6,4,4
L7  8RN,5,3,2,3
L7  8RP,108,49,59,36
L7  8RQ,64,31,33,32
L7  8RR,79,41,38,37
L7  8RS,27,17,10,16
L7  8RT,57,28,29,23
L7  8RU,143,85,58,62
L7  8RW,100,52,48,33
L7  8RX,67,34,33,26
L7  8RY,73,34,39,29
L7  8RZ,150,71,79,61
L7  8SA,107,63,44,39
L7  8SD,106,45,61,32
L7  8SE,149,96,53,59
L7  8SF,107,53,54,47
L7  8SG,90,40,50,33
L7  8SH,133,65,68,49
L7  8SJ,56,25,31,19
L7  8SL,61,34,27,22
L7  8SN,115,58,57,39
L7  8SP,110,53,57,43
L7  8SQ,162,80,82,58
L7  8SR,145,76,69,56
L7  8SS,131,70,61,45
L7  8SW,83,35,48,24
L7  8SY,61,44,17,36
L7  8SZ,8,8,0,5
L7  8TD,44,28,16,20
L7  8TE,59,35,24,26
L7  8TF,48,17,31,18
L7  8TS,54,30,24,15
L7  8TT,39,21,18,9
L7  8TU,14,5,9,7
L7  8UE,26,13,13,16
L7  8UU,44,28,16,38
L7  8UX,41,21,20,29
L7  8UY,9,7,2,5
L7  8XB,94,71,23,44
L7  8XD,11,7,4,4
L7  8XE,11,6,5,5
L7  8XP,26,14,12,0
L7  9LA,76,35,41,27
L7  9LB,20,9,11,12
L7  9LE,15,1,14,3
L7  9LF,37,19,18,16
L7  9LG,8,4,4,5
L7  9LP,92,46,46,35
L7  9LQ,43,25,18,26
L7  9LR,20,12,8,12
L7  9LS,23,13,10,9
L7  9LT,27,13,14,11
L7  9LU,125,53,72,48
L7  9LX,45,26,19,18
L7  9LY,104,53,51,41
L7  9LZ,23,13,10,12
L7  9NA,29,12,17,12
L8  0HA,78,33,45,21
L8  0PA,49,27,22,17
L8  0PY,134,67,67,97
L8  0PZ,5,2,3,5
L8  0QB,27,15,12,11
L8  0QD,8,8,0,7
L8  0QE,35,22,13,14
L8  0QF,40,26,14,13
L8  0QG,11,3,8,11
L8  0QH,14,8,6,4
L8  0QL,19,8,11,9
L8  0QN,15,10,5,9
L8  0QQ,14,12,2,6
L8  0QR,103,52,51,60
L8  0QS,96,65,31,69
L8  0QT,52,22,30,19
L8  0QU,53,27,26,24
L8  0QX,76,41,35,40
L8  0QY,32,15,17,20
L8  0QZ,27,11,16,16
L8  0RA,58,23,35,39
L8  0RB,88,38,50,44
L8  0RD,91,54,37,39
L8  0RE,59,24,35,41
L8  0RF,63,35,28,41
L8  0RG,81,48,33,45
L8  0RH,77,39,38,42
L8  0RJ,85,38,47,45
L8  0RL,97,53,44,38
L8  0RN,141,75,66,48
L8  0RP,135,77,58,55
L8  0RQ,78,41,37,45
L8  0RR,153,79,74,58
L8  0RS,138,68,70,49
L8  0RT,106,56,50,40
L8  0RU,97,72,25,71
L8  0RW,146,81,65,57
L8  0RX,112,66,46,66
L8  0RY,42,33,9,29
L8  0RZ,92,45,47,26
L8  0SA,60,33,27,22
L8  0SD,91,59,32,49
L8  0SE,129,81,48,58
L8  0SF,93,52,41,54
L8  0SG,64,49,15,38
L8  0SH,106,71,35,64
L8  0SJ,86,42,44,31
L8  0SL,88,50,38,45
L8  0SN,149,72,77,53
L8  0SP,11,11,0,9
L8  0SQ,149,78,71,51
L8  0SR,118,57,61,45
L8  0ST,139,71,68,58
L8  0SU,27,14,13,23
L8  0SW,117,60,57,48
L8  0SX,93,52,41,72
L8  0SY,112,60,52,63
L8  0SZ,109,56,53,64
L8  0TA,14,7,7,6
L8  0TB,24,13,11,12
L8  0TD,32,22,10,16
L8  0TH,141,77,64,64
L8  0TJ,40,32,8,33
L8  0TL,254,134,120,150
L8  0TN,44,21,23,14
L8  0TU,26,11,15,9
L8  0TW,64,32,32,21
L8  0TX,26,13,13,11
L8  0TY,115,58,57,41
L8  0TZ,40,16,24,18
L8  0UE,121,76,45,68
L8  0UF,133,68,65,73
L8  0UG,125,63,62,67
L8  0UJ,57,37,20,32
L8  0UN,94,54,40,36
L8  0UQ,121,69,52,69
L8  0UR,1,1,0,1
L8  0UT,21,10,11,9
L8  0UW,69,40,29,20
L8  0UX,119,55,64,41
L8  0UZ,5,2,3,1
L8  0WN,55,27,28,0
L8  0XA,17,9,8,9
L8  0XF,83,38,45,29
L8  0XJ,8,3,5,7
L8  0XS,39,25,14,35
L8  0XT,45,22,23,18
L8  0XU,74,38,36,17
L8  0XX,27,11,16,15
L8  0XY,36,17,19,15
L8  0XZ,60,22,38,19
L8  0YA,42,18,24,15
L8  0YB,57,26,31,25
L8  0YD,2,2,0,2
L8  0YE,34,17,17,11
L8  0YF,51,21,30,20
L8  0YG,47,20,27,14
L8  0YH,10,5,5,8
L8  0YQ,8,4,4,4
L8  1ST,51,27,24,18
L8  1SU,18,10,8,12
L8  1SX,31,12,19,11
L8  1SY,31,13,18,11
L8  1TD,27,17,10,14
L8  1TE,76,38,38,48
L8  1TG,6,3,3,5
L8  1TH,90,54,36,64
L8  1TL,14,10,4,9
L8  1TN,28,21,7,10
L8  1TP,68,31,37,21
L8  1TS,36,19,17,25
L8  1UJ,13,6,7,7
L8  1UL,85,37,48,35
L8  1UN,9,6,3,3
L8  1UW,56,30,26,22
L8  1XB,23,15,8,15
L8  1XE,16,7,9,11
L8  1XF,70,34,36,43
L8  1XH,25,15,10,6
L8  1XY,43,22,21,14
L8  1YB,46,17,29,21
L8  1YD,63,37,26,21
L8  1YE,74,41,33,27
L8  1YP,64,27,37,35
L8  1YQ,62,28,34,15
L8  1YS,87,36,51,37
L8  1YT,87,37,50,38
L8  1YU,31,15,16,11
L8  1YW,92,48,44,40
L8  1YX,14,8,6,7
L8  1YY,48,26,22,31
L8  2TA,98,68,30,74
L8  2TB,78,53,25,45
L8  2TD,88,42,46,32
L8  2TF,119,53,66,38
L8  2TG,97,50,47,35
L8  2TJ,26,16,10,11
L8  2TN,50,24,26,14
L8  2TU,56,30,26,29
L8  2TX,46,27,19,20
L8  2TY,5,4,1,2
L8  2UA,23,10,13,10
L8  2UF,26,8,18,13
L8  2UL,163,101,62,101
L8  2UN,11,5,6,4
L8  2UP,85,56,29,66
L8  2UQ,9,5,4,4
L8  2US,2,2,0,2
L8  2UU,22,10,12,7
L8  2UW,12,2,10,8
L8  2UX,99,40,59,32
L8  2UY,26,12,14,11
L8  2XA,56,33,23,18
L8  2XD,38,18,20,22
L8  2XG,49,23,26,15
L8  2XH,23,11,12,10
L8  2XP,141,51,90,47
L8  2XQ,89,46,43,31
L8  2XS,61,25,36,20
L8  2XU,94,41,53,34
L8  2XW,16,7,9,7
L8  2XX,22,14,8,11
L8  2XY,36,21,15,31
L8  2YA,44,20,24,15
L8  2YB,29,10,19,11
L8  2YD,13,8,5,6
L8  2YE,44,21,23,21
L8  2YF,62,29,33,24
L8  2YG,41,18,23,18
L8  3RZ,31,18,13,22
L8  3SA,77,30,47,43
L8  3SB,36,19,17,19
L8  3SD,126,67,59,72
L8  3SE,126,72,54,43
L8  3SF,142,88,54,107
L8  3SG,46,24,22,31
L8  3SH,18,12,6,15
L8  3SJ,31,18,13,17
L8  3SL,157,85,72,65
L8  3SN,21,20,1,20
L8  3SP,24,10,14,14
L8  3SQ,118,72,46,55
L8  3SR,100,43,57,60
L8  3SS,147,75,72,75
L8  3SU,66,37,29,36
L8  3SX,26,12,14,20
L8  3SY,91,51,40,47
L8  3SZ,72,44,28,45
L8  3TA,24,15,9,18
L8  3TB,9,8,1,9
L8  3TD,129,85,44,82
L8  3TE,15,9,6,11
L8  3TF,27,12,15,11
L8  3TG,153,102,51,104
L8  3TH,28,18,10,18
L8  3TJ,64,30,34,27
L8  3TL,77,43,34,25
L8  3TN,34,15,19,15
L8  3TP,32,16,16,15
L8  3TQ,86,54,32,60
L8  3TS,4,0,4,2
L8  3TT,7,4,3,2
L8  3TX,89,56,33,65
L8  3TY,139,85,54,81
L8  3TZ,104,68,36,71
L8  3UE,57,33,24,41
L8  3UF,45,18,27,20
L8  3UG,36,16,20,15
L8  3UJ,91,60,31,70
L8  3UQ,27,10,17,7
L8  3UR,111,60,51,45
L8  3US,28,16,12,11
L8  4AB,49,25,24,21
L8  4BP,21,11,10,10
L8  4PB,19,7,12,8
L8  4PF,53,28,25,30
L8  4PL,27,12,15,23
L8  4PN,29,18,11,12
L8  4PW,102,50,52,48
L8  4PX,62,36,26,29
L8  4QL,3,0,3,3
L8  4QN,43,27,16,15
L8  4QQ,15,7,8,7
L8  4QR,13,9,4,8
L8  4QU,24,12,12,10
L8  4QX,67,32,35,36
L8  4QY,13,11,2,9
L8  4RB,2,1,1,1
L8  4RD,56,27,29,22
L8  4RG,69,42,27,39
L8  4RR,53,23,30,23
L8  4RS,63,29,34,42
L8  4RT,81,34,47,47
L8  4RU,82,35,47,48
L8  4RX,96,42,54,47
L8  4SA,86,48,38,45
L8  4SB,86,37,49,48
L8  4SF,69,35,34,38
L8  4SN,11,6,5,6
L8  4SQ,3,1,2,3
L8  4SS,53,19,34,17
L8  4SW,37,18,19,13
L8  4SY,112,50,62,46
L8  4SZ,110,52,58,46
L8  4TD,23,9,14,10
L8  4TF,170,84,86,63
L8  4TG,96,38,58,44
L8  4TH,112,39,73,49
L8  4TJ,112,47,65,47
L8  4TL,171,82,89,73
L8  4TN,87,41,46,41
L8  4TQ,94,44,50,49
L8  4TW,75,39,36,41
L8  4TX,119,65,54,62
L8  4UA,53,42,11,38
L8  4UB,20,12,8,9
L8  4UD,17,9,8,7
L8  4UE,16,8,8,10
L8  4UH,26,13,13,11
L8  4UN,102,59,43,64
L8  4UP,33,14,19,13
L8  4UR,37,18,19,16
L8  4UT,18,12,6,8
L8  4UX,6,4,2,4
L8  4XE,54,22,32,24
L8  4XH,90,36,54,44
L8  4XJ,14,6,8,6
L8  4XL,14,7,7,7
L8  4XN,25,14,11,13
L8  4XP,41,16,25,19
L8  4XR,51,23,28,19
L8  4XT,14,9,5,10
L8  4XW,18,12,6,16
L8  4XX,16,5,11,8
L8  4YB,13,5,8,6
L8  4YD,18,9,9,7
L8  4YE,9,4,5,4
L8  4YF,19,6,13,10
L8  4YG,66,41,25,34
L8  4YH,18,9,9,7
L8  4YJ,19,10,9,7
L8  4YL,42,18,24,20
L8  4YN,23,12,11,9
L8  4YP,24,16,8,13
L8  4YQ,52,23,29,21
L8  4YR,18,8,10,9
L8  4YS,62,33,29,31
L8  4YT,57,42,15,42
L8  4YU,29,14,15,16
L8  4YW,18,10,8,11
L8  5RA,14,7,7,5
L8  5RD,18,7,11,17
L8  5RE,20,15,5,14
L8  5RH,14,7,7,8
L8  5RJ,14,8,6,8
L8  5RL,43,18,25,22
L8  5RS,87,47,40,51
L8  5RW,32,17,15,19
L8  5RX,55,28,27,36
L8  5SE,14,9,5,11
L8  5SX,34,17,17,14
L8  5SY,1,1,0,1
L8  5TA,128,66,62,76
L8  5TB,41,25,16,30
L8  5TD,33,19,14,22
L8  5TJ,94,50,44,43
L8  5TL,92,40,52,38
L8  5TN,58,27,31,34
L8  5TP,81,38,43,34
L8  5TR,4,1,3,2
L8  5TS,10,4,6,4
L8  5TW,82,44,38,42
L8  5UA,5,3,2,2
L8  5UB,34,13,21,14
L8  5UL,33,14,19,16
L8  5UN,25,9,16,11
L8  5UR,23,9,14,8
L8  5US,7,4,3,5
L8  5UT,6,5,1,5
L8  5UW,35,19,16,14
L8  5UX,3,2,1,1
L8  5UY,12,9,3,10
L8  5XE,71,32,39,31
L8  5XF,20,9,11,8
L8  5XG,116,60,56,46
L8  5XH,29,14,15,26
L8  5XL,19,8,11,12
L8  5XP,19,7,12,10
L8  5XQ,31,16,15,13
L8  5XU,31,16,15,18
L8  5XW,66,22,44,0
L8  5XX,23,9,14,10
L8  6PA,22,8,14,7
L8  6PB,13,6,7,4
L8  6QB,5,3,2,3
L8  6QE,12,4,8,6
L8  6QF,32,15,17,14
L8  6QH,1,0,1,1
L8  6QL,10,6,4,4
L8  6QN,12,11,1,10
L8  6QR,21,11,10,15
L8  6QW,23,10,13,10
L8  6RB,84,36,48,38
L8  6RD,101,38,63,39
L8  6RE,30,17,13,14
L8  6RG,101,43,58,32
L8  6RN,38,19,19,20
L8  6RQ,73,36,37,34
L8  6RT,22,12,10,6
L8  6RU,10,5,5,3
L8  6RW,54,23,31,24
L8  6RX,41,23,18,18
L8  6RY,154,76,78,85
L8  6SE,11,10,1,7
L8  6SH,25,17,8,9
L8  6SL,26,10,16,13
L8  6SN,32,15,17,15
L8  6SR,39,19,20,15
L8  6SS,37,16,21,19
L8  6SX,32,14,18,20
L8  6SY,68,38,30,39
L8  6TA,76,39,37,24
L8  6TG,38,17,21,14
L8  6TN,57,30,27,29
L8  6TP,15,7,8,7
L8  6TQ,26,11,15,11
L8  6TR,48,23,25,20
L8  6TS,31,15,16,16
L8  6TT,64,26,38,25
L8  6TW,40,21,19,22
L8  6TX,20,8,12,8
L8  6UA,29,15,14,8
L8  6UD,37,27,10,23
L8  6UG,68,25,43,23
L8  6UH,9,5,4,7
L8  6UJ,60,41,19,47
L8  6UL,18,9,9,12
L8  6UN,11,5,6,9
L8  6UR,16,6,10,7
L8  6UT,98,42,56,40
L8  6UW,12,4,8,3
L8  6UY,129,60,69,52
L8  6UZ,38,20,18,17
L8  6XA,36,18,18,16
L8  6XB,18,5,13,9
L8  6XD,69,29,40,24
L8  6XE,50,27,23,21
L8  6XF,19,5,14,9
L8  6XG,62,30,32,29
L8  6XH,67,30,37,27
L8  6XN,39,19,20,16
L8  6XR,5,2,3,3
L8  6XW,72,28,44,22
L8  7BA,1,1,0,1
L8  7BB,43,31,12,30
L8  7BD,87,55,32,51
L8  7BE,64,37,27,34
L8  7GA,7,6,1,3
L8  7JU,41,21,20,35
L8  7JX,234,139,95,67
L8  7JY,55,33,22,33
L8  7JZ,280,141,139,243
L8  7LB,64,40,24,45
L8  7LD,109,68,41,73
L8  7LF,66,34,32,52
L8  7LG,76,40,36,60
L8  7LH,25,8,17,10
L8  7LL,18,12,6,12
L8  7LN,50,27,23,32
L8  7LP,34,18,16,22
L8  7LQ,47,28,19,29
L8  7LR,134,84,50,99
L8  7LS,79,49,30,55
L8  7LT,100,62,38,69
L8  7LU,83,47,36,54
L8  7LW,87,58,29,54
L8  7LX,13,10,3,9
L8  7LY,113,66,47,64
L8  7NA,7,3,4,4
L8  7NB,23,16,7,21
L8  7NE,122,72,50,76
L8  7NG,33,20,13,27
L8  7NH,60,34,26,44
L8  7NL,29,20,9,19
L8  7NN,118,65,53,73
L8  7NP,151,98,53,69
L8  7NR,73,45,28,48
L8  7NS,49,36,13,33
L8  7NT,44,28,16,31
L8  7NU,57,40,17,44
L8  7NW,77,51,26,54
L8  7NY,62,38,24,31
L8  7NZ,94,45,49,65
L8  7PA,23,10,13,13
L8  7PB,15,8,7,11
L8  7PE,16,11,5,11
L8  7PJ,26,18,8,14
L8  7PL,107,52,55,59
L8  7PP,6,6,0,1
L8  7PQ,46,46,0,0
L8  7PU,25,15,10,22
L8  7PY,18,13,5,13
L8  7PZ,76,41,35,44
L8  7QA,115,62,53,61
L8  7QE,37,25,12,26
L8  7QL,33,20,13,23
L8  7SD,303,155,148,134
L8  7SE,12,9,3,12
L8  7SP,3,2,1,2
L8  7SQ,54,24,30,30
L8  7SR,53,34,19,36
L8  7ST,110,51,59,40
L8  7SU,118,62,56,41
L8  7SY,20,13,7,16
L8  7SZ,31,22,9,0
L8  7TA,35,26,9,22
L8  8AD,105,69,36,77
L8  8AE,49,25,24,19
L8  8AF,31,17,14,8
L8  8AG,75,36,39,47
L8  8AH,89,50,39,36
L8  8AJ,15,8,7,9
L8  8AL,41,23,18,14
L8  8AN,85,47,38,39
L8  8AP,131,60,71,42
L8  8AQ,47,17,30,23
L8  8AT,69,35,34,29
L8  8AW,95,45,50,46
L8  8AY,65,34,31,27
L8  8AZ,38,20,18,18
L8  8BG,12,6,6,5
L8  8BH,100,35,65,23
L8  8BJ,24,12,12,8
L8  8BL,116,63,53,67
L8  8BN,72,37,35,28
L8  8BR,30,15,15,13
L8  8BS,122,48,74,56
L8  8BT,110,55,55,47
L8  8BU,3,1,2,1
L8  8BW,22,10,12,10
L8  8BX,23,13,10,16
L8  8DA,22,12,10,15
L8  8DB,18,9,9,16
L8  8DD,19,12,7,13
L8  8DH,42,22,20,24
L8  8DJ,34,20,14,11
L8  8DL,14,8,6,5
L8  8DX,2,2,0,2
L8  8EF,37,16,21,19
L8  8EG,15,6,9,9
L8  8EH,26,19,7,19
L8  8EN,47,26,21,18
L8  8EQ,45,25,20,18
L8  8EY,102,49,53,48
L8  8EZ,109,48,61,42
L8  8HD,70,43,27,31
L8  8HE,202,95,107,56
L8  8HG,96,46,50,42
L8  8HL,41,12,29,14
L8  8HN,109,57,52,51
L8  8HQ,96,51,45,38
L8  8HT,62,25,37,29
L8  8HU,96,47,49,40
L8  8HW,73,37,36,32
L8  8HX,59,29,30,24
L8  8HY,55,32,23,24
L8  8HZ,81,37,44,33
L8  8JA,23,6,17,6
L8  8JD,19,13,6,16
L8  8JT,22,10,12,13
L8  8JW,26,13,13,17
L8  8JY,45,21,24,22
L8  8JZ,41,14,27,20
L8  8LA,87,40,47,39
L8  8LB,28,6,22,17
L8  8LD,57,21,36,33
L8  8LF,39,18,21,17
L8  8LG,15,8,7,13
L8  8LH,37,16,21,13
L8  8LJ,31,14,17,12
L8  8LL,57,21,36,22
L8  8LN,60,23,37,23
L8  8LQ,31,15,16,15
L8  8LR,57,27,30,23
L8  8LS,43,24,19,22
L8  8LT,65,31,34,24
L8  8LU,32,17,15,28
L8  8LX,29,19,10,19
L8  8LY,15,11,4,10
L8  8ND,78,35,43,41
L8  8NE,56,26,30,19
L8  8NF,99,46,53,31
L8  9RE,11,6,5,3
L8  9RF,2,0,2,1
L8  9RL,13,6,7,7
L8  9RN,60,60,0,1
L8  9RP,41,27,14,26
L8  9RR,40,18,22,18
L8  9RS,83,37,46,32
L8  9RT,4,2,2,2
L8  9RU,55,31,24,25
L8  9RW,103,52,51,41
L8  9RX,77,39,38,36
L8  9RY,46,22,24,22
L8  9RZ,49,24,25,16
L8  9SA,36,17,19,18
L8  9SB,4,1,3,2
L8  9SD,94,41,53,48
L8  9SH,106,57,49,53
L8  9SJ,44,18,26,28
L8  9SN,19,9,10,7
L8  9SP,44,19,25,27
L8  9SR,48,28,20,28
L8  9SS,48,30,18,26
L8  9ST,38,17,21,26
L8  9SU,21,9,12,11
L8  9SX,58,28,30,30
L8  9TA,73,34,39,34
L8  9TB,83,33,50,36
L8  9TD,63,31,32,30
L8  9TH,59,23,36,22
L8  9TJ,49,28,21,29
L8  9UB,42,19,23,21
L8  9UN,5,0,5,3
L8  9UR,70,29,41,32
L8  9US,74,30,44,43
L8  9UU,67,32,35,41
L8  9UX,100,47,53,49
L8  9XD,32,12,20,30
L8  9XP,117,60,57,45
L8  9XS,123,61,62,49
L8  9XT,45,23,22,18
L8  9XU,69,30,39,28
L8  9XX,61,42,19,55
L8  9XY,54,31,23,19
L8  9XZ,18,7,11,11
L8  9YA,85,41,44,32
L8  9YB,30,12,18,12
L8  9YD,24,8,16,9
L8  9YE,12,4,8,3
L8  9YG,148,60,88,61
L8  9ZA,25,11,14,11
L8  9ZB,29,16,13,15
L8  9ZD,52,24,28,35
L9  0EA,38,18,20,23
L9  0ED,23,14,9,11
L9  0EH,1,1,0,1
L9  0EJ,35,21,14,19
L9  0EL,59,36,23,32
L9  0EN,17,9,8,7
L9  0EP,13,7,6,6
L9  0ER,67,36,31,21
L9  0ES,17,7,10,4
L9  0ET,26,11,15,12
L9  0EU,28,16,12,12
L9  0EX,66,31,35,20
L9  0EY,59,32,27,29
L9  0EZ,78,42,36,40
L9  0HA,26,12,14,12
L9  0HD,84,37,47,34
L9  0HE,36,19,17,14
L9  0HF,70,31,39,24
L9  0HG,57,28,29,22
L9  0HH,95,44,51,39
L9  0HJ,84,39,45,37
L9  0HL,81,34,47,36
L9  0HN,13,8,5,10
L9  0HQ,48,24,24,21
L9  0HR,52,24,28,29
L9  0HT,89,38,51,39
L9  0HU,19,9,10,10
L9  0HX,38,25,13,19
L9  0HY,23,17,6,12
L9  0HZ,32,19,13,14
L9  0JD,21,8,13,9
L9  0JE,119,64,55,48
L9  0JF,43,13,30,19
L9  0JH,39,19,20,23
L9  0JJ,25,11,14,13
L9  0JL,15,8,7,10
L9  0JN,95,45,50,44
L9  0JP,23,8,15,14
L9  0JQ,76,33,43,34
L9  0JR,51,29,22,23
L9  0JS,86,42,44,38
L9  0JT,26,11,15,13
L9  0JU,45,28,17,18
L9  0JW,54,25,29,29
L9  0JX,35,20,15,15
L9  0JY,60,33,27,32
L9  0JZ,79,41,38,43
L9  0LA,52,25,27,18
L9  0LB,25,11,14,14
L9  0LD,7,4,3,2
L9  0LE,62,31,31,19
L9  0LF,34,14,20,16
L9  0LG,63,27,36,30
L9  0LH,47,25,22,22
L9  0LJ,33,17,16,14
L9  0LL,28,11,17,13
L9  0LN,31,17,14,15
L9  0LP,64,34,30,26
L9  0LQ,71,37,34,28
L9  0LR,90,38,52,39
L9  0LS,48,23,25,17
L9  0LT,6,3,3,2
L9  0LU,28,15,13,10
L9  0LW,51,27,24,22
L9  0LX,38,22,16,18
L9  0LY,12,6,6,6
L9  0NA,53,27,26,21
L9  0NB,88,46,42,36
L9  0ND,82,46,36,28
L9  0NE,14,6,8,5
L9  0NF,12,6,6,7
L9  0NG,11,4,7,8
L9  0NL,32,16,16,11
L9  0NQ,77,37,40,31
L9  0NT,39,18,21,13
L9  0NU,52,21,31,21
L9  0NW,32,16,16,10
L9  0NX,72,36,36,26
L9  0NY,40,19,21,14
L9  0NZ,26,11,15,10
L9  0PA,41,19,22,14
L9  0PF,42,22,20,18
L9  0PG,7,6,1,4
L9  1AA,25,11,14,12
L9  1AB,36,25,11,18
L9  1AD,20,11,9,9
L9  1AF,51,41,10,33
L9  1AG,55,22,33,23
L9  1AJ,110,57,53,40
L9  1AL,98,55,43,38
L9  1AN,121,51,70,46
L9  1AQ,13,9,4,7
L9  1AS,73,37,36,24
L9  1AT,92,59,33,49
L9  1AU,29,20,9,11
L9  1AW,85,47,38,42
L9  1AX,109,67,42,60
L9  1AY,82,61,21,62
L9  1BG,60,24,36,26
L9  1BH,60,29,31,24
L9  1BJ,55,27,28,25
L9  1BN,50,20,30,18
L9  1BP,9,4,5,5
L9  1BQ,66,29,37,30
L9  1BS,38,15,23,17
L9  1BT,88,48,40,27
L9  1BU,94,48,46,30
L9  1BW,46,22,24,23
L9  1BX,50,31,19,21
L9  1BY,65,33,32,29
L9  1BZ,66,37,29,30
L9  1DA,13,8,5,9
L9  1DB,28,20,8,11
L9  1DD,58,32,26,24
L9  1DJ,44,29,15,27
L9  1DL,68,30,38,33
L9  1DP,77,38,39,34
L9  1DX,99,45,54,51
L9  1DY,46,21,25,24
L9  1DZ,69,40,29,30
L9  1EA,86,42,44,46
L9  1EB,94,48,46,51
L9  1ED,19,9,10,10
L9  1EE,45,18,27,24
L9  1EF,43,21,22,26
L9  1EG,37,18,19,19
L9  1EH,61,35,26,31
L9  1EJ,60,28,32,32
L9  1EL,79,33,46,35
L9  1EN,85,35,50,36
L9  1EP,103,73,30,73
L9  1EQ,63,23,40,34
L9  1ER,65,32,33,36
L9  1ES,63,30,33,36
L9  1EW,76,31,45,51
L9  1EX,16,12,4,9
L9  1EY,101,58,43,47
L9  1EZ,67,49,18,40
L9  1FB,120,60,60,42
L9  1HB,21,18,3,15
L9  1HF,147,68,79,64
L9  1HG,111,53,58,53
L9  1HH,85,40,45,38
L9  1HJ,37,23,14,18
L9  1HL,46,22,24,21
L9  1HN,81,38,43,41
L9  1HQ,95,41,54,44
L9  1HU,36,17,19,34
L9  1HW,20,12,8,15
L9  1HX,107,55,52,48
L9  1HY,67,35,32,32
L9  1HZ,16,10,6,10
L9  1JA,57,29,28,29
L9  1JB,133,70,63,58
L9  1JD,43,20,23,19
L9  1JE,38,20,18,16
L9  1JF,46,24,22,17
L9  1JG,36,19,17,20
L9  1JH,57,30,27,26
L9  1JJ,32,16,16,15
L9  1JL,108,54,54,46
L9  1JN,172,80,92,80
L9  1JP,9,4,5,4
L9  1JQ,68,33,35,29
L9  1JR,82,43,39,42
L9  1JS,89,43,46,41
L9  1JT,27,13,14,16
L9  1JU,24,10,14,14
L9  1JW,124,70,54,56
L9  1JX,6,3,3,4
L9  1JY,93,50,43,41
L9  1JZ,50,23,27,27
L9  1LA,31,16,15,12
L9  1LB,96,40,56,42
L9  1LD,143,57,86,56
L9  1LE,33,10,23,15
L9  1LF,23,14,9,9
L9  1LG,52,21,31,24
L9  1LJ,31,15,16,12
L9  1LR,86,58,28,71
L9  1LS,38,25,13,30
L9  1NB,25,10,15,10
L9  2AA,95,46,49,32
L9  2AB,77,39,38,26
L9  2AD,45,23,22,18
L9  2AE,75,36,39,29
L9  2AF,43,21,22,16
L9  2AG,59,31,28,20
L9  2AH,111,52,59,38
L9  2AJ,53,28,25,19
L9  2AL,54,29,25,24
L9  2AN,35,18,17,12
L9  2AP,90,51,39,34
L9  2AR,88,47,41,35
L9  2AS,28,14,14,13
L9  2AT,87,38,49,33
L9  2AU,63,30,33,27
L9  2AW,88,50,38,33
L9  2AX,106,54,52,41
L9  2AY,94,47,47,32
L9  2AZ,69,33,36,22
L9  2BA,58,24,34,20
L9  2BB,36,17,19,12
L9  2BD,33,15,18,11
L9  2BE,52,32,20,35
L9  2BG,105,56,49,43
L9  2BH,102,49,53,45
L9  2BJ,111,56,55,48
L9  2BL,58,41,17,27
L9  2BP,71,45,26,37
L9  2BQ,86,44,42,35
L9  2BR,74,37,37,36
L9  2BS,47,24,23,19
L9  2BT,28,16,12,9
L9  2BU,5,2,3,4
L9  2BW,33,15,18,13
L9  2BX,9,8,1,5
L9  2BY,86,43,43,32
L9  2DA,98,44,54,39
L9  2DB,46,25,21,19
L9  2DD,65,31,34,25
L9  2DE,101,49,52,38
L9  2DF,43,18,25,17
L9  2DG,2,2,0,2
L9  2DJ,38,16,22,12
L9  2DP,120,67,53,78
L9  2DR,23,7,16,9
L9  2DT,83,33,50,27
L9  3AA,45,24,21,15
L9  3AB,29,14,15,13
L9  3AD,23,6,17,10
L9  3AE,43,22,21,14
L9  3AF,100,42,58,35
L9  3AG,101,52,49,38
L9  3AH,27,12,15,10
L9  3AJ,22,10,12,10
L9  3AL,104,54,50,42
L9  3AN,192,97,95,67
L9  3AP,37,19,18,15
L9  3AQ,59,25,34,22
L9  3AR,85,42,43,34
L9  3AS,30,15,15,9
L9  3AT,84,41,43,36
L9  3AU,74,37,37,31
L9  3AW,177,95,82,57
L9  3AX,64,33,31,26
L9  3AY,79,37,42,32
L9  3AZ,39,21,18,20
L9  3BA,61,34,27,24
L9  3BB,35,13,22,14
L9  3BD,34,19,15,10
L9  3BE,39,20,19,14
L9  3BG,64,31,33,33
L9  3BH,73,34,39,35
L9  3BJ,82,44,38,34
L9  3BL,21,14,7,8
L9  3BN,53,23,30,24
L9  3BP,122,69,53,48
L9  3BQ,82,41,41,31
L9  3BR,81,37,44,32
L9  3BS,36,18,18,12
L9  3BT,51,25,26,18
L9  3BU,1,1,0,1
L9  3BW,61,29,32,28
L9  3BX,50,21,29,15
L9  3BY,5,4,1,4
L9  3BZ,2,2,0,2
L9  3DA,99,50,49,34
L9  3DB,20,12,8,8
L9  3DD,95,51,44,47
L9  3DF,796,796,0,0
L9  3DG,60,32,28,24
L9  3DN,34,13,21,28
L9  4GA,26,13,13,11
L9  4RA,40,25,15,16
L9  4RB,69,25,44,36
L9  4RD,27,13,14,12
L9  4RJ,52,26,26,20
L9  4RL,50,24,26,28
L9  4RN,9,4,5,7
L9  4RR,55,31,24,31
L9  4RS,51,24,27,26
L9  4RT,44,22,22,26
L9  4RU,56,33,23,30
L9  4RW,22,10,12,14
L9  4RX,8,4,4,4
L9  4RY,56,25,31,22
L9  4RZ,88,40,48,33
L9  4SA,32,11,21,13
L9  4SB,60,33,27,23
L9  4SD,26,12,14,10
L9  4SE,81,40,41,29
L9  4SF,82,33,49,28
L9  4SG,65,36,29,31
L9  4SH,71,34,37,24
L9  4SJ,70,31,39,29
L9  4SL,51,22,29,20
L9  4SN,39,20,19,17
L9  4SW,63,28,35,29
L9  5AA,4,3,1,3
L9  5AD,34,16,18,14
L9  5AE,33,11,22,27
L9  5AH,4,1,3,1
L9  5AW,10,5,5,6
L9  6AA,67,32,35,36
L9  6AB,70,31,39,36
L9  6AD,76,45,31,39
L9  6AE,18,5,13,7
L9  6AG,62,27,35,27
L9  6AH,83,37,46,36
L9  6AJ,53,25,28,25
L9  6AL,33,12,21,17
L9  6AN,54,27,27,18
L9  6AP,15,9,6,4
L9  6AQ,87,46,41,37
L9  6AR,82,37,45,29
L9  6AS,50,26,24,24
L9  6AT,34,15,19,21
L9  6AU,63,31,32,22
L9  6AX,47,16,31,22
L9  6AY,133,67,66,44
L9  6AZ,84,36,48,35
L9  6BA,73,34,39,27
L9  6BB,31,13,18,15
L9  6BD,71,33,38,32
L9  6BE,66,33,33,33
L9  6BG,81,35,46,34
L9  6BJ,67,38,29,24
L9  6BL,70,31,39,31
L9  6BN,60,33,27,34
L9  6BP,44,18,26,22
L9  6BQ,67,30,37,32
L9  6BR,39,22,17,18
L9  6BT,61,38,23,48
L9  6BU,70,38,32,31
L9  6BW,47,26,21,21
L9  6BX,15,8,7,7
L9  6BY,81,36,45,46
L9  6BZ,61,30,31,32
L9  6DA,20,7,13,12
L9  6DB,23,11,12,11
L9  6DG,63,29,34,36
L9  6DH,85,41,44,66
L9  6DL,40,24,16,19
L9  6DN,6,2,4,6
L9  6DP,93,51,42,47
L9  6DR,51,26,25,28
L9  6DT,40,19,21,38
L9  6DZ,76,38,38,29
L9  6EB,114,52,62,46
L9  6ED,120,58,62,50
L9  6EE,29,12,17,13
L9  6EF,23,8,15,9
L9  6EG,99,46,53,38
L9  6EL,8,6,2,6
L9  6EN,10,4,6,5
L9  6EP,83,39,44,48
L9  6GA,77,37,40,22
L9  6GB,65,33,32,31
L9  6GD,75,41,34,29
L9  6GE,10,6,4,3
L9  6GF,54,36,18,40
L9  7AA,3,2,1,1
L9  7AB,9,5,4,3
L9  7AD,34,17,17,12
L9  7AE,70,35,35,33
L9  7AH,88,37,51,46
L9  7AL,104,59,45,45
L9  7AR,7,6,1,2
L9  7HA,20,10,10,11
L9  7JU,58,9,49,0
L9  7LF,207,97,110,66
L9  7LG,198,104,94,64
L9  7LH,695,693,2,0
L9  7LT,23,12,11,8
L9  7LU,179,94,85,56
L9  7LX,39,22,17,14
L9  7LZ,45,25,20,14
L9  8AA,38,19,19,17
L9  8AB,32,16,16,15
L9  8AD,44,25,19,25
L9  8AE,32,20,12,20
L9  8AG,22,17,5,19
L9  8AJ,44,25,19,24
L9  8AL,43,25,18,25
L9  8AN,14,7,7,11
L9  8AP,19,13,6,18
L9  8AQ,11,8,3,7
L9  8AS,57,23,34,20
L9  8AT,82,44,38,33
L9  8AU,100,42,58,40
L9  8AW,25,20,5,23
L9  8AX,65,33,32,24
L9  8AY,62,34,28,26
L9  8AZ,72,32,40,34
L9  8BA,2,2,0,2
L9  8BB,65,34,31,24
L9  8BD,28,14,14,14
L9  8BE,80,38,42,43
L9  8BG,46,27,19,17
L9  8BH,84,45,39,33
L9  8BJ,26,12,14,10
L9  8BL,16,9,7,10
L9  8BN,42,26,16,31
L9  8BP,26,16,10,12
L9  8BQ,66,36,30,29
L9  8BR,25,11,14,9
L9  8BS,59,30,29,29
L9  8BT,61,28,33,28
L9  8BU,12,6,6,7
L9  8BX,95,47,48,30
L9  8BY,40,25,15,20
L9  8BZ,46,28,18,25
L9  8DA,128,67,61,47
L9  8DB,92,46,46,36
L9  8DD,63,29,34,28
L9  8DE,57,25,32,24
L9  8DF,65,33,32,21
L9  8DG,64,29,35,26
L9  8DH,69,31,38,29
L9  8DJ,69,31,38,31
L9  8DL,45,21,24,21
L9  8DN,81,44,37,38
L9  8DP,125,63,62,52
L9  8DQ,79,35,44,34
L9  8DR,86,39,47,34
L9  8DS,50,23,27,21
L9  8DT,55,31,24,25
L9  8DU,84,41,43,33
L9  8DW,62,28,34,26
L9  8DX,117,56,61,42
L9  8DY,94,44,50,41
L9  8DZ,107,50,57,45
L9  8EA,40,16,24,19
L9  8EB,77,29,48,32
L9  8ED,88,42,46,40
L9  8EE,27,14,13,12
L9  8EF,61,35,26,22
L9  8EG,96,43,53,44
L9  8EH,12,9,3,10
L9  8EP,160,77,83,53
L9  8EQ,12,8,4,12
L9  8ER,51,21,30,23
L9  8ES,21,8,13,10
L9  8ET,12,6,6,5
L9  8EU,23,11,12,11
L9  8EW,18,11,7,14
L9  8EX,83,38,45,34
L9  8EY,15,8,7,7
L9  8EZ,17,9,8,10
L9  8HA,143,73,70,50
L9  8HF,102,51,51,33
L9  8HG,66,36,30,24
L9  8HH,45,26,19,14
L9  8HJ,57,29,28,18
L9  8HP,18,7,11,7
L9  8HQ,31,18,13,9
L9  8HR,49,20,29,18
L9  8HS,49,22,27,17
L9  8HW,48,23,25,17
L9  9AD,70,32,38,27
L9  9AE,82,42,40,36
L9  9AH,78,39,39,28
L9  9AJ,34,18,16,14
L9  9AL,57,28,29,27
L9  9AN,48,23,25,22
L9  9AP,25,10,15,12
L9  9AQ,76,38,38,30
L9  9AR,53,34,19,21
L9  9AS,61,26,35,21
L9  9AT,26,10,16,15
L9  9AU,22,10,12,14
L9  9AW,77,34,43,33
L9  9AX,11,9,2,7
L9  9AY,70,32,38,38
L9  9AZ,34,15,19,12
L9  9BA,123,51,72,50
L9  9BB,82,40,42,35
L9  9BD,14,7,7,13
L9  9BE,28,11,17,12
L9  9BG,73,35,38,30
L9  9BH,87,44,43,34
L9  9BJ,122,58,64,45
L9  9BL,26,12,14,12
L9  9BN,79,42,37,33
L9  9BP,75,39,36,35
L9  9BQ,61,28,33,29
L9  9BR,83,47,36,35
L9  9BS,85,39,46,36
L9  9BT,45,19,26,26
L9  9BU,95,39,56,43
L9  9BW,59,31,28,28
L9  9BX,82,38,44,36
L9  9BY,32,16,16,16
L9  9BZ,31,19,12,16
L9  9DA,35,15,20,17
L9  9DB,19,11,8,15
L9  9DD,58,28,30,25
L9  9DE,64,31,33,29
L9  9DF,55,26,29,25
L9  9DG,83,38,45,42
L9  9DH,25,13,12,12
L9  9DJ,132,69,63,40
L9  9DL,30,16,14,13
L9  9DN,55,27,28,24
L9  9DP,115,62,53,44
L9  9DQ,55,29,26,26
L9  9DR,120,50,70,43
L9  9DS,87,39,48,45
L9  9DT,52,24,28,24
L9  9DU,45,25,20,25
L9  9DW,71,33,38,30
L9  9DX,27,7,20,14
L9  9DY,35,18,17,14
L9  9DZ,28,13,15,11
L9  9EA,21,9,12,10
L9  9EB,23,9,14,10
L9  9ED,24,12,12,11
L9  9EE,52,25,27,23
L9  9EF,71,31,40,26
L9  9EG,42,21,21,18
L9  9EH,43,20,23,17
L9  9EN,1,1,0,1
L9  9EP,20,11,9,8
L9  9EQ,66,30,36,23
L9  9ES,53,24,29,21
L9  9ET,18,7,11,8
L9  9EW,29,13,16,12
L9  9EX,67,27,40,24
L9  9HA,27,16,11,15
L9  9HG,17,7,10,6
L9  9HH,60,25,35,46
L9  9HL,182,86,96,62
L9  9HN,101,56,45,33
L9  9HQ,51,27,24,48
L9  9HT,107,55,52,37
L9  9HU,16,6,10,6
L9  9HX,14,7,7,4
L9  9HY,150,73,77,57
L9  9HZ,195,101,94,63
L9  9JA,113,52,61,34
L9  9JB,52,24,28,17
L9  9JD,25,11,14,9
L9  9JE,22,13,9,7
L9  9JF,25,11,14,9
LA1 1AD,85,39,46,37
LA1 1AE,73,42,31,42
LA1 1AF,59,33,26,25
LA1 1AG,45,24,21,29
LA1 1AH,129,74,55,80
LA1 1AJ,9,6,3,8
LA1 1AN,8,5,3,5
LA1 1AQ,28,16,12,16
LA1 1AR,26,15,11,14
LA1 1AT,101,63,38,61
LA1 1AU,108,64,44,68
LA1 1AY,86,46,40,51
LA1 1BB,136,86,50,78
LA1 1BE,25,10,15,18
LA1 1BL,36,20,16,21
LA1 1BP,211,92,119,49
LA1 1BU,13,6,7,12
LA1 1BW,38,20,18,22
LA1 1BX,12,5,7,9
LA1 1BY,34,21,13,23
LA1 1DB,2,1,1,1
LA1 1DD,6,0,6,2
LA1 1DL,67,30,37,30
LA1 1DN,23,7,16,9
LA1 1DW,70,26,44,22
LA1 1DX,36,19,17,11
LA1 1DY,86,42,44,32
LA1 1DZ,86,51,35,25
LA1 1EA,107,50,57,41
LA1 1EB,17,8,9,3
LA1 1EJ,20,10,10,13
LA1 1ET,2,2,0,0
LA1 1EW,19,12,7,8
LA1 1EX,13,8,5,6
LA1 1EZ,11,3,8,4
LA1 1FB,61,18,43,47
LA1 1FD,56,21,35,38
LA1 1GA,19,11,8,14
LA1 1GE,28,7,21,21
LA1 1GX,47,26,21,35
LA1 1HD,9,6,3,4
LA1 1HF,47,28,19,36
LA1 1HH,2,1,1,1
LA1 1HJ,23,12,11,11
LA1 1HL,55,31,24,32
LA1 1HN,4,3,1,4
LA1 1HP,3,1,2,1
LA1 1HS,7,1,6,3
LA1 1HW,8,6,2,8
LA1 1JN,1,1,0,0
LA1 1JT,1,0,1,1
LA1 1JY,16,8,8,8
LA1 1JZ,27,17,10,13
LA1 1LA,80,44,36,47
LA1 1LE,1,1,0,1
LA1 1LF,2,1,1,1
LA1 1LG,13,9,4,12
LA1 1LH,9,5,4,4
LA1 1LP,2,2,0,2
LA1 1LR,1,1,0,1
LA1 1LU,2,1,1,1
LA1 1LW,11,9,2,0
LA1 1NA,40,22,18,27
LA1 1NG,3,2,1,1
LA1 1NH,14,6,8,10
LA1 1NJ,1,0,1,1
LA1 1NN,57,27,30,15
LA1 1NP,4,3,1,1
LA1 1NQ,7,5,2,1
LA1 1NS,5,4,1,5
LA1 1NX,4,2,2,2
LA1 1NY,1,1,0,1
LA1 1NZ,4,3,1,3
LA1 1PA,2,2,0,1
LA1 1PB,2,0,2,1
LA1 1PD,8,0,8,2
LA1 1PL,7,5,2,6
LA1 1PQ,5,3,2,3
LA1 1PT,1,1,0,1
LA1 1PX,60,30,30,47
LA1 1PZ,16,6,10,8
LA1 1QD,114,43,71,38
LA1 1QF,5,3,2,2
LA1 1QH,16,13,3,1
LA1 1QN,30,17,13,13
LA1 1QU,75,30,45,30
LA1 1QX,45,17,28,18
LA1 1QY,16,7,9,6
LA1 1QZ,28,15,13,13
LA1 1RB,54,33,21,39
LA1 1RD,41,23,18,24
LA1 1RE,13,7,6,7
LA1 1RF,26,9,17,18
LA1 1RG,8,2,6,6
LA1 1RH,9,4,5,2
LA1 1RL,9,6,3,5
LA1 1RN,3,2,1,2
LA1 1RQ,3,2,1,1
LA1 1RR,13,4,9,7
LA1 1RS,31,20,11,14
LA1 1RT,7,2,5,6
LA1 1RU,12,3,9,9
LA1 1RW,13,4,9,11
LA1 1RX,50,28,22,25
LA1 1RY,66,20,46,53
LA1 1SA,46,20,26,18
LA1 1SB,10,5,5,4
LA1 1SD,9,2,7,9
LA1 1SE,43,15,28,16
LA1 1SG,85,39,46,39
LA1 1SH,58,32,26,21
LA1 1SJ,27,11,16,9
LA1 1SL,40,20,20,21
LA1 1SQ,160,93,67,65
LA1 1SR,10,3,7,6
LA1 1SS,7,3,4,3
LA1 1ST,8,4,4,1
LA1 1SU,2,1,1,1
LA1 1SW,49,24,25,26
LA1 1SX,7,4,3,3
LA1 1SY,82,36,46,31
LA1 1SZ,59,24,35,21
LA1 1TD,9,4,5,4
LA1 1TE,24,15,9,15
LA1 1TG,7,3,4,4
LA1 1TJ,16,6,10,7
LA1 1TL,10,5,5,4
LA1 1TN,63,38,25,31
LA1 1TP,20,11,9,4
LA1 1TR,73,34,39,16
LA1 1TS,109,48,61,32
LA1 1TT,191,95,96,41
LA1 1TU,2,1,1,1
LA1 1TW,164,64,100,36
LA1 1TX,6,4,2,2
LA1 1UH,9,3,6,6
LA1 1UJ,4,4,0,0
LA1 1UN,30,16,14,20
LA1 1UP,1,0,1,1
LA1 1UR,7,6,1,3
LA1 1UU,33,18,15,8
LA1 1UW,2,0,2,1
LA1 1WA,39,19,20,28
LA1 1WB,236,117,119,0
LA1 1WF,5,2,3,2
LA1 1XF,37,29,8,14
LA1 1XL,6,6,0,6
LA1 1XN,89,40,49,21
LA1 1XQ,14,7,7,6
LA1 1XT,2,1,1,1
LA1 1XU,40,18,22,14
LA1 1XX,3,3,0,1
LA1 1YE,7,4,3,4
LA1 1YF,2,2,0,1
LA1 1YH,15,7,8,5
LA1 1YN,20,11,9,7
LA1 1YP,1,1,0,1
LA1 1YQ,34,15,19,17
LA1 1YS,17,12,5,13
LA1 1YT,35,20,15,0
LA1 1YX,17,9,8,10
LA1 1YY,9,4,5,7
LA1 1YZ,5,3,2,2
LA1 2AA,20,8,12,8
LA1 2AB,14,5,9,7
LA1 2AD,71,39,32,35
LA1 2AE,22,10,12,8
LA1 2AF,104,45,59,48
LA1 2AG,27,13,14,11
LA1 2AH,29,17,12,18
LA1 2AJ,107,57,50,34
LA1 2AL,36,14,22,29
LA1 2AN,10,7,3,9
LA1 2AQ,16,9,7,7
LA1 2AR,20,14,6,10
LA1 2AS,21,15,6,15
LA1 2AT,25,14,11,13
LA1 2AX,98,43,55,52
LA1 2AY,37,18,19,18
LA1 2AZ,68,42,26,44
LA1 2BA,10,7,3,8
LA1 2BB,12,4,8,8
LA1 2BD,16,6,10,9
LA1 2BE,15,4,11,9
LA1 2BG,21,12,9,10
LA1 2BH,56,23,33,46
LA1 2BJ,146,66,80,60
LA1 2BN,32,12,20,12
LA1 2BP,98,42,56,39
LA1 2BQ,43,33,10,37
LA1 2BS,7,5,2,3
LA1 2BT,23,9,14,12
LA1 2BU,78,41,37,40
LA1 2BW,79,35,44,35
LA1 2BX,79,35,44,35
LA1 2BY,16,5,11,6
LA1 2BZ,46,26,20,26
LA1 2DA,2,2,0,1
LA1 2DB,93,47,46,46
LA1 2DD,46,19,27,29
LA1 2DF,15,9,6,7
LA1 2DG,64,32,32,32
LA1 2DH,7,4,3,7
LA1 2DJ,34,18,16,22
LA1 2DN,27,15,12,12
LA1 2DP,49,23,26,28
LA1 2DQ,106,45,61,63
LA1 2DR,12,9,3,6
LA1 2DS,65,35,30,33
LA1 2DT,112,62,50,51
LA1 2DU,49,25,24,20
LA1 2DW,80,43,37,38
LA1 2DX,5,3,2,4
LA1 2DY,9,4,5,6
LA1 2EA,92,49,43,42
LA1 2EB,37,18,19,15
LA1 2ED,23,11,12,11
LA1 2EE,70,27,43,24
LA1 2EF,92,45,47,31
LA1 2EG,72,33,39,27
LA1 2EH,52,27,25,26
LA1 2EJ,23,10,13,8
LA1 2EL,27,12,15,10
LA1 2EN,45,17,28,21
LA1 2EP,27,14,13,18
LA1 2EQ,10,5,5,4
LA1 2ER,8,3,5,3
LA1 2ES,37,19,18,16
LA1 2ET,8,5,3,1
LA1 2EW,32,13,19,17
LA1 2EY,117,60,57,50
LA1 2EZ,74,33,41,31
LA1 2HA,65,32,33,28
LA1 2HB,15,8,7,7
LA1 2HD,16,7,9,6
LA1 2HE,47,22,25,24
LA1 2HF,44,21,23,16
LA1 2HG,65,28,37,22
LA1 2HH,35,17,18,14
LA1 2HJ,8,4,4,4
LA1 2HL,7,4,3,2
LA1 2HN,40,22,18,15
LA1 2HP,46,23,23,23
LA1 2HQ,64,27,37,28
LA1 2HR,67,29,38,27
LA1 2HS,38,17,21,20
LA1 2HU,67,30,37,28
LA1 2HW,86,47,39,34
LA1 2HX,39,24,15,13
LA1 2HY,46,21,25,19
LA1 2HZ,51,29,22,16
LA1 2JA,109,50,59,36
LA1 2JB,70,32,38,23
LA1 2JD,33,17,16,15
LA1 2JE,79,36,43,37
LA1 2JF,16,7,9,7
LA1 2JH,35,16,19,12
LA1 2JJ,13,6,7,8
LA1 2JL,143,71,72,51
LA1 2JN,109,55,54,40
LA1 2JP,47,20,27,26
LA1 2JQ,35,15,20,12
LA1 2JR,50,15,35,40
LA1 2JS,55,33,22,39
LA1 2JT,44,23,21,26
LA1 2JU,59,29,30,39
LA1 2JW,27,13,14,13
LA1 2JX,54,30,24,39
LA1 2JY,35,15,20,16
LA1 2JZ,66,30,36,26
LA1 2LA,42,17,25,25
LA1 2LB,44,19,25,23
LA1 2LD,13,4,9,8
LA1 2LG,56,27,29,18
LA1 2LH,98,43,55,47
LA1 2LJ,92,43,49,35
LA1 2LP,19,10,9,7
LA1 2LQ,155,71,84,61
LA1 2LR,17,7,10,7
LA1 2LS,44,16,28,18
LA1 2LT,25,13,12,9
LA1 2LU,144,65,79,58
LA1 2LW,126,55,71,50
LA1 2LX,42,17,25,18
LA1 2LY,82,39,43,36
LA1 2LZ,59,27,32,25
LA1 2NA,52,24,28,23
LA1 2NB,116,60,56,48
LA1 2ND,39,23,16,17
LA1 2NE,11,5,6,6
LA1 2NF,80,40,40,38
LA1 2NG,48,25,23,22
LA1 2NH,33,15,18,19
LA1 2NN,24,10,14,11
LA1 2NP,56,26,30,22
LA1 2NQ,32,19,13,14
LA1 2NR,62,32,30,26
LA1 2NS,35,16,19,16
LA1 2NT,28,12,16,12
LA1 2NU,117,56,61,44
LA1 2NW,74,37,37,31
LA1 2NX,19,10,9,10
LA1 2NY,37,18,19,18
LA1 2NZ,127,62,65,38
LA1 2PA,57,25,32,28
LA1 2PB,43,17,26,17
LA1 2PD,25,11,14,21
LA1 2PE,66,31,35,21
LA1 2PF,91,41,50,29
LA1 2PG,13,4,9,12
LA1 2PH,88,40,48,29
LA1 2PJ,89,41,48,34
LA1 2PL,79,39,40,31
LA1 2PN,48,26,22,24
LA1 2PP,72,31,41,30
LA1 2PQ,12,6,6,4
LA1 2PT,28,16,12,11
LA1 2PU,18,7,11,8
LA1 2PW,73,37,36,29
LA1 2PX,51,27,24,19
LA1 2PY,54,27,27,21
LA1 2PZ,4,2,2,2
LA1 2QA,25,11,14,10
LA1 2QB,44,26,18,13
LA1 2QD,63,32,31,38
LA1 2QE,35,17,18,11
LA1 2QF,10,4,6,5
LA1 2QG,33,19,14,23
LA1 2QH,59,28,31,23
LA1 2QJ,16,8,8,6
LA1 2QL,18,10,8,6
LA1 2QN,52,26,26,19
LA1 2QP,36,17,19,10
LA1 2QQ,28,16,12,16
LA1 2QR,27,15,12,8
LA1 2QS,44,13,31,20
LA1 2QT,25,12,13,8
LA1 2QU,4,2,2,1
LA1 2QW,44,19,25,18
LA1 2QX,114,44,70,37
LA1 2QY,144,70,74,48
LA1 2QZ,63,29,34,22
LA1 2RA,76,33,43,25
LA1 2RB,27,14,13,8
LA1 2RD,14,6,8,6
LA1 2RE,14,7,7,6
LA1 2RF,17,7,10,6
LA1 2RG,23,10,13,8
LA1 2RH,28,15,13,10
LA1 2RL,22,10,12,10
LA1 2RN,68,29,39,33
LA1 2RP,74,36,38,27
LA1 2RQ,15,7,8,4
LA1 2RR,142,76,66,52
LA1 2RS,34,14,20,13
LA1 2RT,94,45,49,41
LA1 2RW,74,38,36,27
LA1 2SB,34,18,16,15
LA1 2SD,3,1,2,2
LA1 2SE,48,26,22,19
LA1 2SF,68,37,31,27
LA1 2SG,54,28,26,25
LA1 2SH,35,17,18,16
LA1 2SJ,36,18,18,14
LA1 2SL,96,44,52,46
LA1 2SN,54,20,34,35
LA1 2SP,26,15,11,8
LA1 2SQ,108,51,57,38
LA1 2TA,101,54,47,33
LA1 2TB,69,34,35,30
LA1 2TD,59,33,26,26
LA1 2TE,52,26,26,20
LA1 2TF,9,5,4,4
LA1 2TH,38,20,18,12
LA1 2TJ,35,22,13,11
LA1 2TL,50,24,26,19
LA1 2TQ,49,25,24,18
LA1 2TT,9,6,3,5
LA1 2TU,96,48,48,35
LA1 2TX,72,38,34,30
LA1 2TZ,65,35,30,25
LA1 2UA,30,14,16,16
LA1 2UB,38,21,17,15
LA1 2UE,12,4,8,4
LA1 2UF,61,32,29,22
LA1 2UG,7,3,4,3
LA1 2UQ,17,9,8,6
LA1 2UT,19,11,8,7
LA1 3AA,158,62,96,53
LA1 3AB,112,58,54,38
LA1 3AD,86,33,53,31
LA1 3AE,90,37,53,34
LA1 3AH,9,3,6,3
LA1 3AL,27,9,18,9
LA1 3AN,24,6,18,2
LA1 3AP,183,85,98,51
LA1 3AQ,66,31,35,24
LA1 3AR,30,17,13,7
LA1 3AS,127,64,63,35
LA1 3AT,11,8,3,6
LA1 3AU,91,49,42,41
LA1 3AW,103,41,62,32
LA1 3AX,74,31,43,41
LA1 3AY,117,56,61,59
LA1 3AZ,33,20,13,15
LA1 3BA,75,29,46,38
LA1 3BB,86,48,38,35
LA1 3BD,23,10,13,15
LA1 3BE,84,40,44,39
LA1 3BF,28,13,15,14
LA1 3BG,62,23,39,26
LA1 3BH,47,22,25,12
LA1 3BJ,100,49,51,42
LA1 3BL,94,34,60,35
LA1 3BN,127,68,59,53
LA1 3BQ,168,91,77,48
LA1 3BS,30,17,13,15
LA1 3BT,111,68,43,44
LA1 3BU,83,33,50,35
LA1 3BX,72,31,41,27
LA1 3BY,2,1,1,1
LA1 3BZ,24,12,12,13
LA1 3DA,75,33,42,28
LA1 3DB,56,34,22,26
LA1 3DD,58,26,32,24
LA1 3DE,29,15,14,16
LA1 3DF,44,23,21,21
LA1 3DG,64,36,28,34
LA1 3DH,93,46,47,47
LA1 3DJ,11,5,6,3
LA1 3DL,48,25,23,30
LA1 3DN,35,20,15,18
LA1 3DP,40,17,23,12
LA1 3DQ,77,32,45,42
LA1 3DR,87,48,39,49
LA1 3DS,56,27,29,34
LA1 3DT,27,13,14,10
LA1 3DU,10,4,6,7
LA1 3DW,48,18,30,21
LA1 3DX,53,29,24,21
LA1 3DY,44,18,26,11
LA1 3DZ,16,8,8,9
LA1 3EA,37,23,14,15
LA1 3EB,32,13,19,13
LA1 3ED,32,19,13,17
LA1 3EE,86,33,53,65
LA1 3EF,221,209,12,0
LA1 3EG,49,21,28,41
LA1 3EH,56,27,29,28
LA1 3EJ,61,23,38,31
LA1 3EL,17,9,8,8
LA1 3EN,38,19,19,18
LA1 3EP,18,9,9,7
LA1 3EQ,23,13,10,21
LA1 3ER,20,11,9,11
LA1 3ES,123,58,65,49
LA1 3ET,37,23,14,25
LA1 3EU,64,27,37,28
LA1 3EW,33,19,14,17
LA1 3EX,99,48,51,44
LA1 3EY,5,1,4,2
LA1 3EZ,119,60,59,45
LA1 3FA,55,27,28,29
LA1 3FB,7,3,4,4
LA1 3FE,22,11,11,6
LA1 3FF,51,26,25,21
LA1 3FG,29,13,16,8
LA1 3FH,9,4,5,4
LA1 3FJ,77,34,43,26
LA1 3FL,56,30,26,17
LA1 3FN,15,8,7,6
LA1 3FP,55,36,19,32
LA1 3HA,85,40,45,35
LA1 3HB,77,31,46,42
LA1 3HD,17,8,9,7
LA1 3HE,79,38,41,44
LA1 3HF,34,19,15,10
LA1 3HG,36,17,19,13
LA1 3HH,21,9,12,10
LA1 3HJ,79,35,44,35
LA1 3HL,49,20,29,14
LA1 3HN,111,46,65,57
LA1 3HP,37,21,16,15
LA1 3HQ,58,29,29,22
LA1 3HR,5,2,3,4
LA1 3HS,67,35,32,24
LA1 3HT,83,42,41,32
LA1 3HU,23,13,10,15
LA1 3HW,15,8,7,8
LA1 3HX,22,12,10,13
LA1 3HY,19,12,7,10
LA1 3JA,24,10,14,12
LA1 3JD,361,109,252,0
LA1 3JE,20,11,9,7
LA1 3JF,24,16,8,7
LA1 3JG,34,17,17,14
LA1 3JH,3,2,1,1
LA1 3JJ,11,7,4,3
LA1 3JL,4,2,2,2
LA1 3JN,10,5,5,4
LA1 3JS,40,17,23,12
LA1 3JU,17,8,9,9
LA1 3JW,30,19,11,13
LA1 3JY,17,5,12,4
LA1 3LF,103,51,52,40
LA1 3LG,26,14,12,11
LA1 3LH,25,13,12,12
LA1 3LJ,72,31,41,22
LA1 3LL,98,54,44,38
LA1 3LN,35,15,20,15
LA1 3LP,138,65,73,65
LA1 3LQ,31,14,17,14
LA1 3LR,25,7,18,11
LA1 3LS,64,34,30,27
LA1 3LT,21,12,9,10
LA1 3LU,48,28,20,21
LA1 3LW,100,53,47,52
LA1 3LX,39,16,23,19
LA1 3LY,30,15,15,11
LA1 3LZ,150,56,94,49
LA1 3NA,37,21,16,16
LA1 3NB,83,40,43,34
LA1 3ND,113,57,56,45
LA1 3NE,38,14,24,25
LA1 3NF,19,10,9,8
LA1 3NG,14,7,7,6
LA1 3NH,41,17,24,33
LA1 3NJ,173,71,102,67
LA1 3NL,24,13,11,11
LA1 3NN,23,6,17,9
LA1 3NP,7,3,4,4
LA1 3NR,155,71,84,63
LA1 3NS,25,12,13,17
LA1 3NT,93,46,47,37
LA1 3NW,84,38,46,44
LA1 3NY,2,1,1,1
LA1 3PB,25,11,14,7
LA1 3PE,9,5,4,4
LA1 3PG,40,19,21,17
LA1 3PH,86,40,46,40
LA1 3PJ,27,15,12,14
LA1 3PL,40,19,21,21
LA1 3PN,80,41,39,36
LA1 3PP,121,46,75,45
LA1 3PR,3,0,3,2
LA1 3PS,86,32,54,38
LA1 3PT,9,7,2,2
LA1 3PW,31,17,14,11
LA1 3PX,56,26,30,23
LA1 3PY,11,9,2,4
LA1 3PZ,47,23,24,23
LA1 3QA,79,42,37,40
LA1 3QB,61,25,36,28
LA1 3QD,44,24,20,25
LA1 3QE,68,37,31,27
LA1 3QF,51,26,25,17
LA1 3QG,22,11,11,12
LA1 3QH,43,17,26,24
LA1 3QJ,8,5,3,6
LA1 3QL,30,12,18,21
LA1 3QN,18,9,9,9
LA1 3QP,55,27,28,32
LA1 3QQ,41,17,24,19
LA1 3QR,21,6,15,16
LA1 3QS,9,4,5,5
LA1 3QW,19,10,9,5
LA1 3QX,17,9,8,9
LA1 3QZ,324,323,1,0
LA1 3RF,13,6,7,4
LA1 3RG,93,43,50,38
LA1 3RJ,101,51,50,33
LA1 3RL,19,9,10,8
LA1 3RN,25,12,13,13
LA1 3RP,108,61,47,37
LA1 3RW,23,12,11,13
LA1 3SR,110,56,54,48
LA1 3SS,2,1,1,2
LA1 3ST,36,20,16,15
LA1 4AA,38,28,10,16
LA1 4AB,27,13,14,11
LA1 4AD,90,50,40,32
LA1 4AE,26,14,12,9
LA1 4AF,110,45,65,49
LA1 4AG,26,10,16,9
LA1 4AH,167,70,97,65
LA1 4AJ,38,17,21,14
LA1 4AL,24,12,12,11
LA1 4AQ,11,6,5,5
LA1 4AU,150,76,74,65
LA1 4AX,107,45,62,38
LA1 4AY,61,31,30,27
LA1 4AZ,36,15,21,12
LA1 4BA,131,61,70,54
LA1 4BB,19,8,11,7
LA1 4BD,43,22,21,19
LA1 4BE,134,71,63,52
LA1 4BG,2,1,1,1
LA1 4BH,9,4,5,8
LA1 4BJ,40,23,17,14
LA1 4BN,19,12,7,8
LA1 4BP,78,37,41,30
LA1 4BQ,121,55,66,53
LA1 4BS,14,7,7,8
LA1 4BT,109,49,60,40
LA1 4BU,81,40,41,34
LA1 4BW,107,47,60,38
LA1 4BX,71,29,42,25
LA1 4BY,94,41,53,38
LA1 4BZ,80,33,47,35
LA1 4DA,72,27,45,38
LA1 4DB,77,33,44,40
LA1 4DD,22,13,9,7
LA1 4DE,48,26,22,21
LA1 4DF,87,45,42,31
LA1 4DG,81,44,37,38
LA1 4DH,70,19,51,25
LA1 4DJ,109,50,59,47
LA1 4DL,81,34,47,28
LA1 4DN,149,59,90,64
LA1 4DP,12,5,7,9
LA1 4DR,29,14,15,10
LA1 4DS,17,6,11,10
LA1 4DU,8,6,2,2
LA1 4DW,58,30,28,22
LA1 4DZ,19,10,9,13
LA1 4EA,48,24,24,16
LA1 4EB,38,19,19,12
LA1 4ED,34,17,17,10
LA1 4EE,28,16,12,13
LA1 4EF,45,21,24,19
LA1 4EG,27,10,17,11
LA1 4EH,23,13,10,15
LA1 4EJ,22,10,12,11
LA1 4EL,33,19,14,11
LA1 4EN,21,10,11,8
LA1 4EP,48,31,17,17
LA1 4EQ,13,4,9,6
LA1 4ER,105,49,56,47
LA1 4ES,66,32,34,28
LA1 4ET,9,5,4,5
LA1 4EU,58,27,31,23
LA1 4EW,101,49,52,38
LA1 4EX,54,28,26,21
LA1 4EY,29,16,13,10
LA1 4EZ,72,35,37,27
LA1 4GJ,3,2,1,0
LA1 4HA,121,61,60,45
LA1 4HB,13,6,7,7
LA1 4HD,61,25,36,18
LA1 4HE,41,16,25,18
LA1 4HF,133,59,74,56
LA1 4HG,7,3,4,6
LA1 4HJ,52,26,26,25
LA1 4HL,36,18,18,14
LA1 4HN,26,14,12,11
LA1 4HP,35,17,18,18
LA1 4HR,59,29,30,23
LA1 4HS,4,2,2,2
LA1 4HT,48,23,25,21
LA1 4HU,92,47,45,35
LA1 4HW,23,10,13,11
LA1 4HX,135,61,74,52
LA1 4HY,54,26,28,26
LA1 4HZ,83,45,38,36
LA1 4JA,69,32,37,33
LA1 4JB,90,42,48,43
LA1 4JD,64,30,34,31
LA1 4JE,40,21,19,21
LA1 4JF,93,41,52,48
LA1 4JG,6,3,3,2
LA1 4JJ,1,0,1,0
LA1 4JL,2,1,1,1
LA1 4JN,69,31,38,24
LA1 4JP,47,27,20,17
LA1 4JQ,41,19,22,18
LA1 4JR,32,15,17,24
LA1 4JT,14,9,5,10
LA1 4JU,6,3,3,4
LA1 4JW,16,7,9,8
LA1 4JX,62,26,36,26
LA1 4JY,92,46,46,40
LA1 4JZ,56,23,33,21
LA1 4LA,96,52,44,33
LA1 4LD,64,31,33,32
LA1 4LE,30,13,17,17
LA1 4LG,42,20,22,17
LA1 4LH,54,28,26,29
LA1 4LJ,14,6,8,9
LA1 4LL,24,11,13,13
LA1 4LN,39,18,21,14
LA1 4LP,34,16,18,15
LA1 4LQ,60,32,28,23
LA1 4LR,29,14,15,11
LA1 4LS,10,5,5,6
LA1 4LT,30,16,14,12
LA1 4LU,35,15,20,11
LA1 4LW,9,4,5,4
LA1 4LX,33,17,16,13
LA1 4LY,8,5,3,4
LA1 4LZ,36,15,21,17
LA1 4NA,28,13,15,15
LA1 4NB,15,5,10,10
LA1 4ND,10,4,6,5
LA1 4NE,25,12,13,16
LA1 4NF,5,2,3,3
LA1 4NG,25,12,13,13
LA1 4NH,28,13,15,10
LA1 4NJ,7,4,3,6
LA1 4NL,35,10,25,6
LA1 4NN,60,22,38,20
LA1 4NP,41,21,20,21
LA1 4NQ,49,22,27,23
LA1 4NR,86,48,38,25
LA1 4NS,12,7,5,3
LA1 4NT,53,30,23,24
LA1 4NU,3,3,0,1
LA1 4NX,16,7,9,7
LA1 4NY,34,15,19,16
LA1 4NZ,35,16,19,19
LA1 4PA,37,18,19,23
LA1 4PB,58,34,24,22
LA1 4PD,7,3,4,4
LA1 4PE,58,29,29,22
LA1 4PF,32,16,16,15
LA1 4PG,50,23,27,22
LA1 4PH,20,8,12,6
LA1 4PJ,54,28,26,16
LA1 4PL,13,4,9,4
LA1 4PP,13,8,5,4
LA1 4PQ,45,21,24,17
LA1 4PR,35,17,18,15
LA1 4PS,46,21,25,21
LA1 4PT,25,11,14,10
LA1 4PU,3,2,1,1
LA1 4PW,7,1,6,0
LA1 4PX,64,28,36,30
LA1 4PY,34,16,18,21
LA1 4PZ,28,9,19,16
LA1 4QA,48,20,28,24
LA1 4QB,8,3,5,4
LA1 4QD,24,13,11,7
LA1 4QE,28,11,17,23
LA1 4QF,25,9,16,13
LA1 4QG,35,17,18,24
LA1 4QH,44,21,23,18
LA1 4QJ,38,18,20,20
LA1 4QL,99,54,45,37
LA1 4QN,21,11,10,12
LA1 4QP,17,4,13,12
LA1 4QR,28,10,18,14
LA1 4QS,66,33,33,26
LA1 4QT,15,6,9,9
LA1 4QU,29,12,17,9
LA1 4QW,31,12,19,12
LA1 4QX,186,84,102,61
LA1 4QY,70,40,30,22
LA1 4QZ,94,46,48,42
LA1 4RA,96,44,52,36
LA1 4RB,24,11,13,12
LA1 4RD,17,10,7,8
LA1 4RE,51,27,24,21
LA1 4RF,160,82,78,68
LA1 4RG,23,7,16,14
LA1 4RH,11,8,3,10
LA1 4RJ,29,13,16,13
LA1 4RL,23,9,14,18
LA1 4RN,13,7,6,9
LA1 4RP,55,25,30,0
LA1 4RQ,19,8,11,9
LA1 4RR,1,0,1,1
LA1 4RT,11,5,6,6
LA1 4RU,45,22,23,23
LA1 4RW,45,19,26,37
LA1 4RX,13,7,6,9
LA1 4RZ,46,21,25,37
LA1 4SA,17,10,7,8
LA1 4SB,43,20,23,16
LA1 4SD,36,20,16,12
LA1 4SE,29,18,11,10
LA1 4SF,10,6,4,4
LA1 4SG,7,2,5,4
LA1 4SH,77,34,43,37
LA1 4SJ,69,36,33,20
LA1 4SL,60,24,36,24
LA1 4SN,30,18,12,12
LA1 4SP,4,2,2,2
LA1 4SQ,18,8,10,10
LA1 4SR,43,22,21,17
LA1 4SS,46,17,29,17
LA1 4ST,14,8,6,7
LA1 4SU,18,11,7,11
LA1 4SW,31,15,16,12
LA1 4SX,9,6,3,5
LA1 4SY,63,26,37,27
LA1 4SZ,52,22,30,23
LA1 4TA,59,35,24,25
LA1 4TB,57,31,26,30
LA1 4TD,134,62,72,54
LA1 4TE,10,4,6,6
LA1 4TF,70,41,29,43
LA1 4TG,105,39,66,56
LA1 4TH,73,29,44,26
LA1 4TJ,40,24,16,32
LA1 4TL,53,30,23,22
LA1 4TN,9,4,5,6
LA1 4TP,21,10,11,15
LA1 4TQ,44,29,15,19
LA1 4TR,38,18,20,20
LA1 4TS,65,34,31,22
LA1 4TT,66,31,35,27
LA1 4TU,13,5,8,9
LA1 4TW,30,16,14,20
LA1 4TX,3,1,2,1
LA1 4TY,80,42,38,28
LA1 4TZ,24,14,10,9
LA1 4UA,16,6,10,11
LA1 4UB,157,78,79,60
LA1 4UD,88,42,46,36
LA1 4UE,101,48,53,55
LA1 4UF,53,31,22,24
LA1 4UG,24,9,15,13
LA1 4UH,29,19,10,12
LA1 4UJ,108,56,52,37
LA1 4UL,75,40,35,27
LA1 4UN,30,19,11,12
LA1 4UP,33,15,18,12
LA1 4UQ,114,65,49,45
LA1 4UR,75,34,41,30
LA1 4UT,2,0,2,1
LA1 4UU,30,17,13,18
LA1 4UW,45,23,22,16
LA1 4UX,68,30,38,21
LA1 4UY,15,7,8,11
LA1 4UZ,17,9,8,8
LA1 4WE,18,10,8,9
LA1 4WF,42,25,17,20
LA1 4WG,16,7,9,9
LA1 4WJ,39,19,20,18
LA1 4XA,46,26,20,19
LA1 4XB,3,0,3,1
LA1 4XD,49,25,24,25
LA1 4XH,64,36,28,35
LA1 4XJ,125,63,62,37
LA1 4XL,75,30,45,21
LA1 4XN,18,5,13,1
LA1 4XP,75,38,37,28
LA1 4XQ,5,3,2,4
LA1 4XR,3,2,1,1
LA1 4YD,749,339,410,0
LA1 4YF,459,220,239,0
LA1 4YG,507,240,267,0
LA1 4YT,435,222,213,0
LA1 4YU,438,194,244,0
LA1 4YW,1,1,0,1
LA1 4YZ,611,330,281,0
LA1 5AB,15,5,10,8
LA1 5AD,2,1,1,1
LA1 5AE,1,1,0,1
LA1 5AG,48,26,22,18
LA1 5AH,4,4,0,1
LA1 5AJ,379,1,378,0
LA1 5AL,13,7,6,6
LA1 5AN,21,12,9,10
LA1 5AP,3,2,1,1
LA1 5AQ,46,15,31,0
LA1 5AR,18,9,9,7
LA1 5AS,7,4,3,2
LA1 5AT,46,25,21,17
LA1 5AU,20,9,11,12
LA1 5AW,62,32,30,41
LA1 5AX,10,4,6,4
LA1 5AY,13,6,7,6
LA1 5AZ,9,5,4,2
LA1 5BA,23,12,11,11
LA1 5BB,3,2,1,2
LA1 5BD,60,28,32,28
LA1 5BE,60,29,31,22
LA1 5BF,8,4,4,4
LA1 5BG,29,18,11,13
LA1 5BH,44,20,24,21
LA1 5BJ,115,50,65,41
LA1 5BL,50,24,26,19
LA1 5BN,51,27,24,19
LA1 5BP,13,7,6,5
LA1 5BQ,18,8,10,7
LA1 5BS,9,4,5,4
LA1 5BT,12,7,5,5
LA1 5BU,7,3,4,3
LA1 5BW,29,11,18,15
LA1 5BX,25,14,11,9
LA1 5BY,98,49,49,37
LA1 5BZ,74,36,38,27
LA1 5DA,80,37,43,32
LA1 5DB,102,55,47,35
LA1 5DD,19,9,10,13
LA1 5DE,6,6,0,1
LA1 5DF,90,44,46,46
LA1 5DG,40,18,22,23
LA1 5DH,20,9,11,9
LA1 5DJ,71,31,40,35
LA1 5DL,42,21,21,15
LA1 5DN,73,34,39,36
LA1 5DP,81,43,38,29
LA1 5DQ,100,45,55,48
LA1 5DR,55,23,32,22
LA1 5DS,13,6,7,4
LA1 5DW,100,41,59,35
LA1 5DX,80,37,43,23
LA1 5DY,17,8,9,10
LA1 5DZ,54,23,31,24
LA1 5EA,42,20,22,17
LA1 5EB,66,28,38,27
LA1 5ED,35,15,20,15
LA1 5EE,41,19,22,14
LA1 5EF,123,49,74,13
LA1 5EG,8,3,5,4
LA1 5EH,12,6,6,5
LA1 5EJ,43,21,22,19
LA1 5EL,27,14,13,10
LA1 5EP,27,15,12,11
LA1 5EQ,30,14,16,11
LA1 5ER,44,25,19,16
LA1 5ES,54,26,28,21
LA1 5ET,35,16,19,13
LA1 5EU,45,23,22,17
LA1 5EW,42,21,21,14
LA1 5EX,34,19,15,14
LA1 5EY,71,37,34,24
LA1 5EZ,53,26,27,20
LA1 5FB,41,24,17,22
LA1 5FD,7,3,4,4
LA1 5FE,15,8,7,6
LA1 5FF,10,2,8,4
LA1 5FG,7,3,4,3
LA1 5FP,24,10,14,7
LA1 5FQ,17,9,8,5
LA1 5FR,98,48,50,31
LA1 5FS,53,30,23,14
LA1 5FW,101,52,49,31
LA1 5FX,54,28,26,22
LA1 5HA,56,27,29,21
LA1 5HB,62,27,35,24
LA1 5HD,76,33,43,35
LA1 5HE,49,23,26,21
LA1 5HF,13,7,6,4
LA1 5HG,41,23,18,18
LA1 5HH,7,5,2,2
LA1 5HJ,34,13,21,12
LA1 5HL,24,12,12,12
LA1 5HN,114,58,56,39
LA1 5HP,8,4,4,4
LA1 5HQ,131,69,62,52
LA1 5HR,64,33,31,26
LA1 5HS,29,14,15,12
LA1 5HT,21,8,13,8
LA1 5HU,31,17,14,16
LA1 5HW,25,10,15,19
LA1 5HX,10,5,5,3
LA1 5HY,68,32,36,25
LA1 5JA,112,60,52,47
LA1 5JB,4,2,2,1
LA1 5JD,42,17,25,18
LA1 5JE,54,26,28,31
LA1 5JF,31,10,21,18
LA1 5JG,28,13,15,12
LA1 5JH,38,15,23,12
LA1 5JJ,58,29,29,37
LA1 5JL,76,36,40,49
LA1 5JN,40,21,19,21
LA1 5JP,70,23,47,61
LA1 5JQ,89,34,55,51
LA1 5JS,1,1,0,1
LA1 5JX,37,16,21,16
LA1 5JY,17,9,8,8
LA1 5LA,8,4,4,3
LA1 5LB,148,80,68,64
LA1 5LD,20,10,10,11
LA1 5LG,6,5,1,2
LA1 5LH,8,4,4,4
LA1 5LJ,4,2,2,1
LA1 5LL,11,7,4,4
LA1 5LN,24,13,11,10
LA1 5LP,16,9,7,6
LA1 5LQ,13,8,5,3
LA1 5LY,87,49,38,52
LA1 5LZ,112,53,59,56
LA1 5NB,17,10,7,9
LA1 5ND,89,45,44,38
LA1 5NE,43,25,18,14
LA1 5NF,64,37,27,26
LA1 5NH,19,10,9,9
LA1 5NJ,7,3,4,3
LA1 5NL,56,36,20,40
LA1 5NP,24,16,8,17
LA1 5NQ,18,7,11,8
LA1 5NR,7,3,4,4
LA1 5NS,18,8,10,8
LA1 5NT,8,3,5,4
LA1 5NU,52,27,25,15
LA1 5NX,58,34,24,34
LA1 5NY,52,25,27,24
LA1 5NZ,31,17,14,16
LA1 5PA,29,14,15,11
LA1 5PB,19,9,10,9
LA1 5PD,2,1,1,1
LA1 5PE,80,45,35,34
LA1 5PF,94,55,39,33
LA1 5PG,41,26,15,18
LA1 5PH,36,17,19,17
LA1 5PJ,57,23,34,27
LA1 5PL,61,35,26,27
LA1 5PN,60,26,34,22
LA1 5PP,45,19,26,18
LA1 5PQ,25,15,10,13
LA1 5PR,90,52,38,34
LA1 5PS,19,4,15,8
LA1 5PT,19,8,11,15
LA1 5PU,14,6,8,7
LA1 5PW,13,6,7,6
LA1 5PX,24,13,11,10
LA1 5PY,104,57,47,42
LA1 5PZ,35,19,16,14
LA1 5QA,74,38,36,33
LA1 5QB,60,28,32,20
LA1 5QD,35,17,18,18
LA1 5QE,9,4,5,4
LA1 5QF,39,18,21,12
LA1 5QG,23,15,8,18
LA1 5QH,15,8,7,6
LA1 5QQ,6,4,2,6
LA1 5QU,65,32,33,26
LA1 5QW,18,11,7,6
LA1 5QX,80,35,45,38
LA1 5QY,3,2,1,1
LA1 5QZ,14,4,10,8
LA1 5RA,6,3,3,2
LA1 5RB,9,6,3,4
LA1 5RD,66,39,27,29
LA1 5RE,15,7,8,7
LA1 5RF,21,13,8,11
LA1 5RG,18,7,11,9
LA1 5RH,22,9,13,13
LA1 5RJ,92,48,44,29
LA1 5RL,35,15,20,12
LA1 5RN,14,6,8,8
LA1 5RP,13,6,7,6
LA1 5RR,80,37,43,31
LA1 5RS,80,34,46,35
LA1 5RT,82,39,43,41
LA1 5RU,20,10,10,9
LA1 5RW,97,44,53,35
LA1 5RX,22,10,12,9
LA1 5RY,20,8,12,10
LA1 5RZ,21,9,12,10
LA1 5SD,31,9,22,25
LA1 5SE,26,11,15,8
LA1 5SG,42,22,20,17
LA1 5SH,12,4,8,8
LA1 5SP,64,30,34,34
LA1 5SQ,19,9,10,12
LA1 5SR,10,4,6,5
LA1 5SS,20,10,10,9
LA1 5ST,9,4,5,6
LA1 5SU,14,8,6,5
LA1 5SW,30,15,15,20
LA1 5SX,8,5,3,4
LA1 5SY,6,0,6,5
LA1 5TA,9,4,5,4
LA1 5TB,6,2,4,3
LA1 5TD,6,2,4,4
LA1 5TE,13,6,7,6
LA1 5TF,7,3,4,3
LA1 5TG,27,7,20,22
LA1 5TH,52,28,24,19
LA1 5TL,15,8,7,6
LA1 5TN,35,13,22,28
LA1 5TP,42,18,24,16
LA1 5TR,19,9,10,5
LA1 5TX,23,16,7,12
LA1 5UA,10,5,5,5
LA1 5UB,21,11,10,7
LA1 5UD,17,9,8,8
LA1 5UE,20,11,9,6
LA1 5UF,32,14,18,8
LA1 5UG,15,8,7,3
LA1 5UH,26,12,14,12
LA1 5UL,57,29,28,22
LA1 5UN,19,10,9,9
LA1 5UQ,48,22,26,22
LA1 5UU,16,8,8,7
LA1 5UW,33,15,18,13
LA1 5UX,24,11,13,8
LA1 5XA,12,6,6,5
LA1 5XB,9,5,4,5
LA1 5XD,7,3,4,4
LA1 5XE,23,12,11,6
LA1 5YA,72,34,38,32
LA105AA,5,3,2,2
LA105AB,20,10,10,11
LA105AD,28,15,13,18
LA105AE,9,4,5,6
LA105AF,30,13,17,12
LA105AH,15,8,7,7
LA105AJ,30,16,14,13
LA105AN,97,44,53,52
LA105AP,38,21,17,23
LA105AQ,12,5,7,9
LA105AR,53,30,23,32
LA105AS,47,25,22,21
LA105AT,25,11,14,11
LA105AU,115,52,63,50
LA105AW,107,50,57,53
LA105AY,91,39,52,41
LA105AZ,29,14,15,13
LA105BA,6,4,2,2
LA105BB,2,2,0,1
LA105BD,3,1,2,2
LA105BG,4,1,3,4
LA105BJ,9,5,4,4
LA105BL,23,10,13,9
LA105BN,27,14,13,11
LA105BQ,6,3,3,5
LA105BU,11,6,5,6
LA105BX,3,2,1,1
LA105BZ,9,6,3,6
LA105DA,7,2,5,3
LA105DB,1,1,0,1
LA105DD,4,1,3,4
LA105DE,35,15,20,20
LA105DF,17,8,9,7
LA105DH,23,11,12,8
LA105DJ,12,6,6,5
LA105DL,27,12,15,14
LA105DP,43,19,24,21
LA105DQ,10,3,7,5
LA105DR,30,12,18,12
LA105DS,52,24,28,22
LA105DT,29,14,15,14
LA105DU,15,8,7,5
LA105DW,23,12,11,10
LA105DX,2,0,2,1
LA105DY,31,15,16,15
LA105DZ,18,5,13,11
LA105EA,6,3,3,6
LA105EB,4,2,2,2
LA105ED,2,1,1,1
LA105EE,4,2,2,1
LA105EF,21,12,9,10
LA105EG,16,9,7,7
LA105EH,12,7,5,3
LA105EJ,5,3,2,3
LA105EL,5,2,3,2
LA105EN,24,10,14,8
LA105EP,12,6,6,6
LA105EQ,9,6,3,4
LA105ER,33,15,18,15
LA105ES,7,4,3,3
LA105ET,8,2,6,3
LA105EW,12,4,8,7
LA105EY,60,27,33,39
LA105EZ,41,17,24,23
LA105HB,15,8,7,7
LA105HD,89,43,46,36
LA105HE,28,13,15,15
LA105HF,18,8,10,6
LA105HH,4,2,2,2
LA105HJ,14,6,8,7
LA105HL,15,7,8,5
LA105HN,21,10,11,9
LA105HP,15,8,7,6
LA105HQ,12,7,5,8
LA105HR,21,12,9,10
LA105HS,13,7,6,5
LA105HT,10,4,6,4
LA105HU,14,7,7,7
LA105HW,9,6,3,4
LA105HX,12,5,7,5
LA105HY,9,4,5,5
LA105HZ,8,4,4,3
LA105JA,6,2,4,4
LA105JB,6,3,3,1
LA105JD,24,11,13,8
LA105JE,24,11,13,15
LA105JJ,2,1,1,2
LA105JL,19,10,9,9
LA105JN,8,5,3,3
LA105JP,1,0,1,1
LA105JR,9,3,6,4
LA105JS,2,1,1,1
LA105JT,7,4,3,2
LA105JU,19,11,8,8
LA105JW,13,6,7,7
LA105LD,24,12,12,13
LA105LE,2,1,1,0
LA105LF,62,34,28,27
LA105LG,4,1,3,1
LA105LH,23,11,12,11
LA105LJ,13,7,6,3
LA105LL,13,6,7,5
LA105LP,12,5,7,5
LA105LQ,23,23,0,0
LA105LR,15,6,9,8
LA105LS,9,5,4,4
LA105LT,12,5,7,5
LA105LU,3,2,1,2
LA105LW,12,5,7,5
LA105LX,6,3,3,3
LA105LY,16,10,6,7
LA105LZ,17,10,7,8
LA105NA,4,2,2,2
LA105NB,9,6,3,4
LA105ND,3,2,1,2
LA105NE,7,3,4,3
LA105NF,2,1,1,2
LA105NG,8,4,4,5
LA105NP,4,3,1,1
LA105NR,1,1,0,1
LA105NS,4,2,2,2
LA105NT,13,8,5,4
LA105NU,4,2,2,2
LA105NX,7,3,4,5
LA105NY,6,3,3,4
LA105PA,6,3,3,3
LA105PB,13,9,4,4
LA105PD,18,9,9,7
LA105PE,10,3,7,3
LA105PF,5,2,3,3
LA105PG,2,1,1,1
LA105PH,10,5,5,6
LA105PJ,15,7,8,5
LA105PL,5,3,2,3
LA105PN,7,4,3,4
LA105PP,13,5,8,6
LA105PQ,13,5,8,9
LA105PR,7,4,3,2
LA105PS,6,2,4,5
LA105PT,8,4,4,4
LA105PU,10,5,5,3
LA105PW,29,15,14,10
LA105PX,18,10,8,9
LA105PY,7,3,4,3
LA105QA,14,8,6,6
LA105QD,23,11,12,11
LA105QE,5,2,3,1
LA105QF,4,3,1,2
LA105QG,17,9,8,4
LA105QH,4,2,2,2
LA105QJ,53,24,29,27
LA105QL,62,37,25,31
LA105QN,7,4,3,5
LA105QP,21,10,11,8
LA105QQ,11,6,5,4
LA105QR,37,20,17,16
LA105QS,1,1,0,1
LA105QT,16,8,8,7
LA105QU,24,10,14,6
LA105QW,7,3,4,3
LA105QX,8,3,5,4
LA105QY,6,3,3,4
LA105QZ,5,3,2,3
LA105RA,8,5,3,3
LA105RB,3,2,1,1
LA105RD,5,2,3,1
LA105RE,21,13,8,9
LA105RF,20,11,9,10
LA105RG,15,8,7,5
LA105RH,7,5,2,5
LA105RJ,16,7,9,9
LA105RL,16,8,8,9
LA105RN,6,2,4,2
LA105RP,15,6,9,9
LA105RQ,6,2,4,4
LA105RW,4,3,1,3
LA105RX,37,19,18,20
LA105RY,418,291,127,0
LA105SE,6,3,3,4
LA105SH,2,1,1,1
LA105SJ,15,7,8,9
LA105SL,9,4,5,4
LA105SN,10,6,4,4
LA105SP,38,23,15,24
LA105SQ,29,16,13,15
LA105SR,12,6,6,4
LA105SS,7,4,3,3
LA105ST,3,2,1,2
LA105SU,15,9,6,7
LA105SX,11,7,4,5
LA105SY,13,8,5,5
LA105SZ,17,11,6,8
LA105TA,34,19,15,18
LA105TB,8,3,5,4
LA105TD,22,9,13,9
LA105TE,25,12,13,11
LA105TF,16,10,6,6
LA105TG,11,5,6,6
LA105TH,10,5,5,3
LA105TL,2,1,1,1
LA105TQ,9,4,5,6
LA116AB,31,12,19,19
LA116AD,19,10,9,8
LA116AE,17,9,8,7
LA116AF,13,7,6,7
LA116AG,16,7,9,5
LA116AH,38,14,24,22
LA116AJ,15,8,7,6
LA116AL,19,9,10,8
LA116AN,42,19,23,18
LA116AP,23,14,9,8
LA116AQ,7,4,3,3
LA116AR,12,8,4,5
LA116AS,5,3,2,1
LA116AT,38,17,21,20
LA116AU,4,2,2,3
LA116AW,81,43,38,35
LA116AY,27,11,16,11
LA116AZ,55,16,39,46
LA116BA,7,2,5,3
LA116BD,12,5,7,8
LA116BE,32,15,17,16
LA116BG,8,3,5,3
LA116BH,24,13,11,16
LA116BJ,29,15,14,17
LA116BL,18,8,10,11
LA116BN,75,35,40,36
LA116BP,70,32,38,30
LA116BS,7,3,4,4
LA116BT,40,18,22,18
LA116BU,4,2,2,2
LA116BW,15,8,7,9
LA116BX,51,23,28,24
LA116BY,21,8,13,9
LA116BZ,37,16,21,14
LA116DA,1,0,1,1
LA116DB,40,19,21,22
LA116DE,2,1,1,2
LA116DG,11,5,6,7
LA116DH,4,2,2,1
LA116DJ,15,9,6,6
LA116DL,42,23,19,20
LA116DN,39,18,21,19
LA116DP,24,8,16,13
LA116DQ,8,4,4,4
LA116DW,1,1,0,1
LA116DX,25,11,14,11
LA116DY,22,8,14,14
LA116EA,8,4,4,5
LA116EB,57,21,36,46
LA116ED,6,2,4,6
LA116EF,5,2,3,2
LA116EG,55,29,26,24
LA116EH,17,9,8,10
LA116EJ,1,1,0,0
LA116EL,14,9,5,7
LA116EN,4,3,1,1
LA116EP,6,3,3,5
LA116EQ,6,3,3,3
LA116ER,9,5,4,3
LA116ES,7,5,2,3
LA116ET,6,5,1,1
LA116EU,6,3,3,4
LA116EX,11,6,5,8
LA116EY,23,9,14,12
LA116EZ,26,10,16,16
LA116FD,6,3,3,3
LA116FL,4,2,2,2
LA116HA,3,2,1,2
LA116HD,43,22,21,22
LA116HE,7,5,2,2
LA116HF,5,2,3,2
LA116HG,5,3,2,3
LA116HH,25,12,13,12
LA116HJ,2,1,1,1
LA116HL,24,11,13,15
LA116HN,16,6,10,8
LA116HP,3,2,1,1
LA116HR,16,7,9,6
LA116HS,8,4,4,4
LA116HT,17,10,7,8
LA116HU,70,34,36,32
LA116HW,47,24,23,22
LA116HX,12,4,8,3
LA116HY,53,25,28,25
LA116HZ,4,1,3,3
LA116JB,14,6,8,6
LA116JE,19,10,9,7
LA116JF,7,3,4,2
LA116JG,8,4,4,4
LA116JH,58,33,25,24
LA116JJ,27,15,12,15
LA116JL,5,3,2,2
LA116JP,21,10,11,8
LA116JQ,36,18,18,18
LA116JT,23,12,11,10
LA116JX,20,13,7,14
LA116JZ,36,16,20,18
LA116LA,97,53,44,39
LA116LB,20,11,9,9
LA116LD,40,20,20,20
LA116LE,32,15,17,18
LA116LF,31,15,16,14
LA116LG,24,12,12,14
LA116LJ,9,5,4,5
LA116LL,33,16,17,14
LA116LN,22,10,12,10
LA116LQ,20,7,13,11
LA116LR,31,14,17,12
LA116LT,29,14,15,12
LA116LU,20,10,10,9
LA116LW,8,5,3,2
LA116LX,20,12,8,13
LA116LY,10,4,6,7
LA116LZ,1,0,1,1
LA116NA,33,17,16,15
LA116NB,4,2,2,1
LA116ND,6,4,2,2
LA116NE,9,4,5,3
LA116NF,17,8,9,7
LA116NG,4,2,2,1
LA116NH,5,3,2,1
LA116NL,6,3,3,3
LA116NN,9,7,2,6
LA116NP,8,4,4,4
LA116NQ,7,3,4,4
LA116NR,3,2,1,1
LA116NS,26,14,12,10
LA116NT,2,1,1,1
LA116NU,3,1,2,2
LA116NW,5,3,2,3
LA116NX,9,5,4,2
LA116NY,3,2,1,1
LA116NZ,14,8,6,6
LA116PA,14,7,7,8
LA116PB,49,26,23,22
LA116PD,9,4,5,5
LA116PH,54,26,28,21
LA116PJ,21,11,10,8
LA116PL,7,3,4,5
LA116PN,30,13,17,16
LA116PP,16,4,12,11
LA116PR,14,6,8,10
LA116PS,11,5,6,5
LA116PT,12,4,8,7
LA116PU,10,4,6,7
LA116PW,14,6,8,6
LA116PY,2,1,1,1
LA116QA,15,6,9,8
LA116QB,31,17,14,14
LA116QD,15,9,6,5
LA116QF,14,7,7,7
LA116QG,19,7,12,12
LA116QP,65,33,32,29
LA116QQ,5,3,2,2
LA116QR,30,16,14,14
LA116QS,9,3,6,3
LA116QU,3,2,1,2
LA116QX,5,4,1,1
LA116QY,1,1,0,1
LA116QZ,16,10,6,8
LA116RA,2,1,1,1
LA116RB,41,21,20,23
LA116RE,52,24,28,23
LA116RF,39,17,22,17
LA116RG,6,3,3,3
LA116RH,16,6,10,5
LA116RJ,5,3,2,2
LA116RL,33,15,18,14
LA116RN,31,15,16,14
LA116RP,14,7,7,6
LA116RQ,7,4,3,3
LA116RR,17,6,11,6
LA116RS,37,20,17,16
LA116RT,22,9,13,8
LA116RW,47,22,25,24
LA116RX,19,12,7,7
LA116RY,15,6,9,5
LA116RZ,7,3,4,3
LA116SA,22,10,12,9
LA116SB,17,8,9,8
LA116SD,48,41,7,5
LA116SE,17,7,10,8
LA116SG,57,26,31,20
LA116SH,15,7,8,7
LA116SJ,26,11,15,8
LA116SL,7,3,4,2
LA116SN,9,5,4,6
LA116SP,6,4,2,2
LA116SQ,35,17,18,15
LA116ST,35,15,20,19
LA116SX,19,8,11,12
LA116UU,24,13,11,13
LA117AA,31,14,17,15
LA117AB,37,17,20,18
LA117AD,28,12,16,17
LA117AE,16,9,7,8
LA117AF,44,21,23,22
LA117AG,23,11,12,12
LA117AH,5,3,2,3
LA117AJ,10,4,6,5
LA117AL,16,8,8,8
LA117AN,19,7,12,11
LA117AP,73,34,39,39
LA117AQ,25,10,15,14
LA117AR,7,1,6,5
LA117AS,5,2,3,3
LA117AT,19,9,10,9
LA117AU,32,18,14,21
LA117AW,17,10,7,10
LA117AY,29,15,14,16
LA117BB,88,42,46,52
LA117BD,5,3,2,2
LA117BF,11,5,6,6
LA117BG,28,12,16,10
LA117BH,66,27,39,37
LA117BJ,41,18,23,22
LA117BL,69,31,38,38
LA117BN,37,17,20,19
LA117BP,12,5,7,6
LA117BS,8,6,2,5
LA117BT,9,3,6,6
LA117BU,18,8,10,10
LA117BX,11,5,6,6
LA117BY,18,9,9,10
LA117BZ,16,8,8,9
LA117DB,71,33,38,34
LA117DD,95,47,48,39
LA117DJ,32,9,23,17
LA117DP,7,3,4,5
LA117DQ,21,3,18,17
LA117DR,57,24,33,34
LA117DS,15,7,8,11
LA117DT,11,6,5,5
LA117DU,51,24,27,22
LA117DW,13,7,6,5
LA117DX,13,5,8,6
LA117DY,15,6,9,10
LA117DZ,13,7,6,7
LA117EA,24,11,13,14
LA117EB,15,8,7,9
LA117ED,16,9,7,7
LA117EE,25,11,14,8
LA117EF,29,13,16,16
LA117EG,4,2,2,1
LA117EH,15,9,6,7
LA117EJ,18,7,11,10
LA117EL,60,23,37,0
LA117EN,66,32,34,33
LA117EP,12,5,7,5
LA117EQ,17,9,8,9
LA117ER,25,12,13,13
LA117ES,8,4,4,4
LA117ET,13,6,7,7
LA117EW,28,14,14,16
LA117EX,3,2,1,2
LA117EY,59,30,29,30
LA117EZ,32,13,19,14
LA117HA,7,4,3,2
LA117HB,4,2,2,2
LA117HD,74,30,44,49
LA117HF,4,2,2,3
LA117HH,83,29,54,45
LA117HJ,44,20,24,34
LA117HN,65,30,35,30
LA117HP,31,12,19,15
LA117HQ,22,10,12,11
LA117HR,53,25,28,24
LA117HS,12,6,6,5
LA117HT,40,18,22,17
LA117HU,5,2,3,4
LA117HW,20,9,11,11
LA117HY,10,6,4,5
LA117JA,40,19,21,19
LA117JB,47,27,20,22
LA117JD,31,14,17,17
LA117JE,3,3,0,1
LA117JF,45,24,21,20
LA117JG,137,62,75,54
LA117JH,18,10,8,7
LA117JJ,13,6,7,8
LA117JN,17,8,9,4
LA117JP,4,2,2,2
LA117JQ,45,26,19,18
LA117JR,110,54,56,50
LA117JS,65,26,39,22
LA117JT,49,22,27,22
LA117JU,56,31,25,26
LA117JX,31,16,15,14
LA117JY,70,34,36,35
LA117JZ,35,11,24,12
LA117LA,96,46,50,51
LA117LB,92,46,46,36
LA117LD,15,6,9,6
LA117LE,67,29,38,29
LA117LF,127,70,57,46
LA117LG,11,6,5,3
LA117LH,103,47,56,45
LA117LJ,81,46,35,31
LA117LL,10,6,4,4
LA117LN,21,10,11,10
LA117LP,70,34,36,27
LA117LQ,68,34,34,26
LA117LR,12,5,7,9
LA117LS,9,4,5,4
LA117LU,19,8,11,10
LA117LW,28,13,15,12
LA117LX,3,2,1,1
LA117LY,2,1,1,1
LA117LZ,5,3,2,2
LA117NB,77,37,40,41
LA117ND,7,4,3,5
LA117NE,28,14,14,17
LA117NF,72,36,36,29
LA117NH,34,6,28,0
LA117NJ,7,3,4,4
LA117NL,15,8,7,4
LA117NP,16,9,7,7
LA117NR,12,6,6,5
LA117NS,21,10,11,10
LA117NT,26,11,15,13
LA117NU,7,4,3,4
LA117NW,31,18,13,13
LA117NX,25,13,12,12
LA117NY,71,38,33,28
LA117NZ,10,5,5,6
LA117PA,16,9,7,7
LA117PB,11,5,6,6
LA117PD,13,9,4,8
LA117PE,38,19,19,17
LA117PF,19,12,7,8
LA117PJ,49,22,27,30
LA117PL,13,3,10,9
LA117PN,29,15,14,12
LA117PP,6,3,3,3
LA117PQ,8,4,4,5
LA117PR,5,4,1,2
LA117PS,27,16,11,8
LA117PU,16,10,6,5
LA117PW,12,6,6,5
LA117PX,8,4,4,6
LA117PY,18,8,10,9
LA117PZ,17,8,9,9
LA117QA,20,12,8,10
LA117QB,33,17,16,18
LA117QD,77,32,45,30
LA117QE,8,5,3,6
LA117QF,32,14,18,13
LA117QG,18,8,10,10
LA117QH,24,14,10,9
LA117QJ,41,22,19,18
LA117QL,30,16,14,13
LA117QN,27,11,16,7
LA117QP,29,15,14,10
LA117QQ,14,7,7,8
LA117QR,41,21,20,15
LA117QS,84,45,39,37
LA117QT,8,4,4,4
LA117QU,23,11,12,12
LA117QW,26,11,15,13
LA117QX,27,14,13,12
LA117QY,19,8,11,11
LA117QZ,26,14,12,12
LA117RA,21,11,10,11
LA117RB,15,6,9,6
LA117RD,10,4,6,5
LA117RE,23,10,13,10
LA117RF,42,17,25,19
LA117RG,20,11,9,8
LA117RH,32,20,12,14
LA117RJ,50,22,28,23
LA117RL,14,6,8,7
LA117RN,23,12,11,13
LA117RP,29,19,10,16
LA117RQ,20,10,10,10
LA117RR,10,4,6,7
LA117RS,40,18,22,17
LA117RU,63,31,32,21
LA117RW,2,1,1,1
LA117SB,31,11,20,19
LA117SD,19,8,11,16
LA117SE,7,3,4,4
LA117SF,11,6,5,7
LA117SG,18,5,13,3
LA117SH,32,15,17,15
LA117SJ,12,5,7,8
LA117SL,4,2,2,1
LA117SN,5,1,4,1
LA117SP,23,12,11,9
LA117SQ,4,2,2,2
LA117SR,12,6,6,7
LA117SS,32,12,20,14
LA117ST,6,3,3,2
LA117SW,24,12,12,8
LA117SY,2,0,2,2
LA120AA,4,3,1,3
LA120AB,34,12,22,19
LA120AD,20,12,8,7
LA120AE,23,8,15,22
LA120AF,23,15,8,16
LA120AG,2,0,2,2
LA120AH,9,4,5,5
LA120AJ,8,3,5,3
LA120AN,91,49,42,38
LA120AQ,10,7,3,8
LA120AR,2,1,1,2
LA120AS,39,16,23,24
LA120AU,95,46,49,43
LA120AW,3,2,1,2
LA120AY,1,0,1,1
LA120AZ,73,31,42,38
LA120BA,34,18,16,18
LA120BB,27,10,17,13
LA120BD,32,15,17,22
LA120BG,45,20,25,35
LA120BH,29,15,14,17
LA120BJ,54,25,29,32
LA120BL,28,15,13,18
LA120BP,29,12,17,9
LA120BQ,20,12,8,10
LA120BT,34,17,17,17
LA120BU,18,9,9,10
LA120BX,32,14,18,15
LA120BY,15,4,11,13
LA120DE,54,31,23,17
LA120DG,1,1,0,1
LA120DH,32,14,18,14
LA120DJ,69,34,35,27
LA120DL,86,44,42,29
LA120DN,27,12,15,13
LA120DP,5,3,2,2
LA120DQ,30,13,17,13
LA120DR,6,3,3,3
LA120DS,2,1,1,1
LA120DT,42,22,20,16
LA120DU,26,11,15,12
LA120DX,77,40,37,36
LA120DY,15,7,8,6
LA120EA,1,1,0,1
LA120ED,14,7,7,7
LA120EE,28,11,17,16
LA120EF,7,3,4,3
LA120EG,67,34,33,30
LA120EH,30,15,15,9
LA120EJ,23,12,11,10
LA120EN,23,14,9,9
LA120EP,37,21,16,15
LA120EQ,58,32,26,24
LA120ER,26,6,20,0
LA120ES,1,1,0,1
LA120ET,30,17,13,13
LA120EU,46,22,24,20
LA120EX,3,2,1,2
LA120EY,26,12,14,13
LA120HA,18,6,12,10
LA120HB,10,6,4,4
LA120HD,12,7,5,7
LA120HF,18,9,9,10
LA120HG,43,23,20,18
LA120HH,41,18,23,28
LA120HJ,43,21,22,20
LA120HL,37,16,21,14
LA120HN,85,38,47,46
LA120HP,23,8,15,10
LA120HQ,5,2,3,3
LA120HR,46,22,24,25
LA120HS,18,8,10,9
LA120HT,47,20,27,19
LA120HW,60,29,31,22
LA120HX,116,56,60,52
LA120HY,7,3,4,5
LA120HZ,19,9,10,6
LA120JA,53,23,30,24
LA120JB,81,39,42,39
LA120JD,31,15,16,13
LA120JE,3,1,2,2
LA120JF,51,24,27,22
LA120JG,3,2,1,1
LA120JH,17,8,9,6
LA120JJ,16,8,8,7
LA120JL,29,15,14,10
LA120JN,34,13,21,17
LA120JP,23,13,10,12
LA120JQ,2,1,1,2
LA120JS,25,14,11,11
LA120JU,8,4,4,3
LA120JW,17,9,8,5
LA120JX,24,12,12,10
LA120JY,19,6,13,8
LA120LE,35,17,18,16
LA120LF,14,6,8,4
LA120LG,28,16,12,13
LA120LH,53,29,24,22
LA120LJ,11,7,4,4
LA120LL,78,40,38,26
LA120LN,15,8,7,8
LA120LP,17,10,7,8
LA120LQ,76,41,35,31
LA120LR,7,2,5,5
LA120LS,25,12,13,9
LA120LT,29,14,15,12
LA120LU,10,7,3,5
LA120LW,10,5,5,5
LA120LX,72,38,34,30
LA120LY,26,13,13,10
LA120LZ,18,10,8,9
LA120NA,36,17,19,15
LA120NB,3,2,1,1
LA120ND,5,3,2,2
LA120NF,13,5,8,6
LA120NG,7,3,4,3
LA120NH,35,15,20,15
LA120NJ,31,14,17,8
LA120NL,33,21,12,10
LA120NN,2,1,1,1
LA120NP,21,15,6,5
LA120NQ,16,9,7,6
LA120NR,8,6,2,2
LA120NS,11,6,5,4
LA120NT,5,1,4,4
LA120NU,14,7,7,6
LA120NW,4,1,3,2
LA120NX,4,2,2,3
LA120NY,2,2,0,2
LA120NZ,24,12,12,10
LA120PA,6,2,4,3
LA120PB,42,19,23,20
LA120PD,3,2,1,2
LA120PE,35,18,17,18
LA120PF,41,23,18,15
LA120PG,24,11,13,10
LA120PH,13,6,7,5
LA120PJ,8,4,4,5
LA120PL,28,15,13,12
LA120PN,65,31,34,25
LA120PP,5,4,1,2
LA120PQ,5,2,3,3
LA120PR,19,8,11,8
LA120PS,9,4,5,4
LA120PT,3,2,1,2
LA120PU,11,6,5,5
LA120PW,28,14,14,10
LA120PX,5,2,3,2
LA120PY,9,3,6,3
LA120PZ,21,11,10,9
LA120QA,49,28,21,24
LA120QB,30,15,15,13
LA120QD,16,7,9,8
LA120QE,17,9,8,8
LA120QF,22,12,10,8
LA120QG,9,4,5,4
LA120QH,11,6,5,4
LA120QJ,5,2,3,2
LA120QL,13,6,7,4
LA120QN,26,15,11,10
LA120QP,31,14,17,16
LA120QQ,6,3,3,2
LA120QR,17,10,7,8
LA120QS,14,8,6,6
LA120QT,8,5,3,4
LA120QU,31,17,14,11
LA120QW,6,2,4,3
LA120QX,7,2,5,4
LA120QY,2,1,1,1
LA120QZ,12,7,5,6
LA120RA,5,3,2,1
LA120RB,4,2,2,2
LA120RD,8,5,3,4
LA120RE,26,13,13,12
LA120RF,18,8,10,9
LA120RG,48,22,26,21
LA120RH,11,4,7,7
LA120RJ,33,18,15,15
LA120RL,21,10,11,10
LA120RN,30,13,17,18
LA120RP,12,6,6,4
LA120RQ,1,1,0,1
LA120RR,33,15,18,14
LA120RS,2,1,1,1
LA120RT,17,7,10,9
LA120RU,3,1,2,2
LA120RW,11,5,6,4
LA120RX,11,6,5,5
LA120RY,3,1,2,1
LA120RZ,37,18,19,14
LA120SA,16,9,7,7
LA120SB,19,5,14,12
LA120SD,24,11,13,9
LA120SE,10,5,5,4
LA120SF,15,8,7,7
LA120SG,29,12,17,10
LA120SH,5,2,3,3
LA120SJ,15,7,8,7
LA120SL,6,3,3,3
LA120SN,4,1,3,3
LA120SP,36,20,16,19
LA120SQ,3,1,2,1
LA120SR,12,5,7,5
LA120SS,2,1,1,1
LA120ST,68,31,37,31
LA120SU,6,2,4,3
LA120SW,18,10,8,7
LA120SX,56,32,24,26
LA120SY,13,6,7,6
LA120SZ,22,8,14,9
LA120TA,41,16,25,16
LA120TB,110,58,52,56
LA120TD,19,11,8,7
LA120TF,21,10,11,7
LA120TG,7,3,4,2
LA120TH,7,4,3,4
LA120TJ,14,5,9,6
LA120TL,4,1,3,1
LA120TN,15,7,8,8
LA120TP,24,9,15,20
LA120TQ,20,12,8,10
LA120TR,12,5,7,6
LA120TS,7,3,4,6
LA120TT,9,3,6,2
LA120TU,25,12,13,11
LA120TW,8,4,4,3
LA120TX,12,6,6,5
LA120TY,9,5,4,5
LA120TZ,7,3,4,4
LA120UA,12,6,6,6
LA120UB,43,19,24,14
LA120UD,18,7,11,8
LA120UF,28,13,15,8
LA120UG,12,5,7,3
LA120UH,20,12,8,5
LA120UJ,62,31,31,20
LA120UL,17,8,9,6
LA120UN,16,8,8,6
LA120UP,13,8,5,5
LA120UQ,25,13,12,10
LA120US,28,12,16,10
LA120UU,1,1,0,1
LA120XA,41,22,19,18
LA120XB,154,85,69,58
LA120XD,29,16,13,12
LA120XE,34,16,18,15
LA120XF,69,33,36,26
LA120XG,43,21,22,20
LA120XQ,41,17,24,20
LA127AB,3,0,3,3
LA127AD,52,32,20,25
LA127AE,4,2,2,2
LA127AF,77,41,36,38
LA127AG,16,10,6,8
LA127AH,15,6,9,10
LA127AN,12,7,5,6
LA127AP,3,1,2,2
LA127AQ,8,5,3,6
LA127AY,5,3,2,5
LA127BA,6,3,3,4
LA127BB,7,4,3,4
LA127BD,28,17,11,11
LA127BE,52,23,29,28
LA127BG,11,5,6,6
LA127BH,27,11,16,13
LA127BJ,28,15,13,16
LA127BL,31,14,17,14
LA127BN,24,16,8,12
LA127BP,30,16,14,11
LA127BS,47,22,25,21
LA127BU,30,17,13,15
LA127BW,8,4,4,3
LA127BX,91,50,41,45
LA127BY,15,7,8,8
LA127BZ,2,1,1,1
LA127DA,40,18,22,20
LA127DB,46,21,25,18
LA127DD,16,9,7,7
LA127DE,44,21,23,26
LA127DF,11,6,5,5
LA127DG,24,10,14,11
LA127DH,13,6,7,8
LA127DJ,36,15,21,12
LA127DL,29,16,13,11
LA127DN,24,10,14,9
LA127DP,26,12,14,13
LA127DQ,30,11,19,12
LA127DR,24,13,11,9
LA127DS,49,25,24,21
LA127DT,37,21,16,29
LA127DU,10,1,9,9
LA127DW,24,11,13,14
LA127DY,5,5,0,2
LA127DZ,44,25,19,22
LA127EA,9,5,4,7
LA127EB,1,1,0,1
LA127ED,2,1,1,2
LA127EE,3,1,2,1
LA127EF,10,6,4,5
LA127EH,17,10,7,10
LA127EJ,9,4,5,6
LA127EL,18,9,9,9
LA127EN,47,23,24,17
LA127EP,17,6,11,11
LA127EQ,68,29,39,49
LA127ER,50,22,28,27
LA127ES,111,46,65,63
LA127ET,6,3,3,5
LA127EU,22,14,8,13
LA127EW,33,16,17,16
LA127EX,17,7,10,5
LA127EY,78,34,44,30
LA127EZ,31,15,16,10
LA127FA,10,6,4,6
LA127FB,6,3,3,4
LA127FE,5,4,1,4
LA127FF,16,6,10,8
LA127FG,7,7,0,7
LA127FJ,7,3,4,2
LA127FL,1,0,1,1
LA127FN,5,4,1,3
LA127GY,14,6,8,9
LA127HA,40,22,18,16
LA127HB,2,1,1,1
LA127HD,28,13,15,11
LA127HE,48,28,20,18
LA127HF,22,11,11,7
LA127HG,14,6,8,7
LA127HH,22,9,13,13
LA127HJ,14,8,6,5
LA127HL,8,3,5,6
LA127HP,16,7,9,10
LA127HQ,27,15,12,13
LA127HR,15,9,6,7
LA127HS,12,7,5,6
LA127HT,14,5,9,5
LA127HU,4,3,1,3
LA127HY,54,29,25,29
LA127HZ,2,1,1,2
LA127JA,58,27,31,35
LA127JD,11,5,6,4
LA127JE,75,41,34,39
LA127JF,5,3,2,2
LA127JG,60,30,30,31
LA127JH,12,5,7,4
LA127JJ,71,33,38,25
LA127JL,10,5,5,4
LA127JP,5,1,4,3
LA127JQ,79,39,40,40
LA127JR,25,10,15,14
LA127JS,1,1,0,1
LA127JT,27,13,14,16
LA127JU,19,9,10,8
LA127JW,20,10,10,8
LA127JX,9,6,3,6
LA127JY,79,35,44,39
LA127JZ,62,31,31,25
LA127LA,47,28,19,23
LA127LB,23,11,12,11
LA127LD,2,1,1,1
LA127LE,25,9,16,10
LA127LN,7,4,3,7
LA127LQ,2,1,1,2
LA127LR,14,5,9,9
LA127LS,6,3,3,3
LA127LT,33,13,20,21
LA127NB,35,19,16,15
LA127ND,5,3,2,2
LA127NG,5,3,2,2
LA127NH,21,11,10,13
LA127NJ,11,7,4,8
LA127NL,2,1,1,1
LA127NN,1,0,1,1
LA127NP,8,4,4,3
LA127NQ,17,9,8,8
LA127NR,29,12,17,12
LA127NS,28,15,13,12
LA127NT,22,11,11,10
LA127NU,13,5,8,6
LA127NW,22,12,10,13
LA127NX,40,23,17,15
LA127NY,32,18,14,12
LA127NZ,7,4,3,4
LA127PA,4,2,2,1
LA127PB,11,6,5,4
LA127PD,29,15,14,9
LA127PE,5,2,3,2
LA127PF,9,6,3,3
LA127PG,44,22,22,18
LA127PH,44,23,21,21
LA127PJ,2,1,1,1
LA127PL,11,6,5,4
LA127PN,11,7,4,3
LA127PP,7,4,3,3
LA127PQ,3,1,2,2
LA127PR,37,24,13,10
LA127PS,9,4,5,4
LA127PU,19,5,14,8
LA127PW,4,2,2,2
LA127PX,3,2,1,2
LA127PY,7,3,4,3
LA127PZ,13,7,6,5
LA127QA,3,2,1,2
LA127QB,9,4,5,4
LA127QD,33,16,17,13
LA127QE,2,1,1,1
LA127QF,4,3,1,1
LA127QG,26,14,12,16
LA127QJ,6,2,4,2
LA127QL,14,9,5,4
LA127QN,9,5,4,5
LA127QQ,13,5,8,6
LA127QR,4,2,2,2
LA127QS,1,1,0,1
LA127QT,2,1,1,1
LA127QU,23,12,11,11
LA127QW,44,23,21,20
LA127QX,4,3,1,2
LA127QY,20,10,10,8
LA127QZ,27,14,13,12
LA127RA,18,9,9,6
LA127RB,13,6,7,7
LA127RD,23,13,10,10
LA127RF,46,22,24,22
LA127RG,31,16,15,17
LA127RH,35,20,15,13
LA127RJ,37,17,20,16
LA127RL,32,16,16,14
LA127RN,14,7,7,7
LA127RP,6,5,1,2
LA127RQ,52,22,30,23
LA127RR,10,5,5,5
LA127RS,34,16,18,16
LA127RU,20,9,11,8
LA127RW,11,3,8,4
LA127RZ,5,3,2,2
LA127SA,6,2,4,2
LA127SB,4,2,2,1
LA127SD,3,2,1,1
LA127SE,28,13,15,11
LA127SF,13,8,5,5
LA127SG,7,3,4,5
LA127SH,13,8,5,7
LA127SJ,8,5,3,2
LA127SL,55,28,27,27
LA127SN,15,7,8,5
LA127SP,12,6,6,4
LA127SQ,2,1,1,1
LA127SR,5,4,1,2
LA127SS,7,3,4,2
LA127ST,10,4,6,3
LA127SU,1,1,0,1
LA127SW,8,2,6,2
LA127SX,7,4,3,3
LA127SY,8,3,5,4
LA127SZ,2,0,2,2
LA127TA,13,7,6,7
LA127TD,19,10,9,9
LA127TE,16,8,8,8
LA127TG,9,3,6,6
LA127TL,2,0,2,1
LA127TN,26,14,12,10
LA127TQ,3,3,0,3
LA127TR,10,5,5,5
LA127TS,32,19,13,22
LA127TT,63,28,35,29
LA127UA,12,8,4,9
LA127UB,19,4,15,10
LA127UD,5,3,2,4
LA127WG,6,3,3,5
LA127XA,74,34,40,35
LA127XB,5,2,3,2
LA127XD,51,24,27,24
LA127XE,9,3,6,6
LA128AA,13,6,7,4
LA128AB,10,4,6,3
LA128AD,29,10,19,0
LA128AE,59,29,30,25
LA128AF,14,8,6,6
LA128AG,69,35,34,29
LA128AH,2,1,1,1
LA128AJ,21,13,8,9
LA128AL,19,11,8,7
LA128AP,21,11,10,11
LA128AQ,3,1,2,2
LA128AR,6,3,3,3
LA128AS,11,7,4,7
LA128AU,21,10,11,10
LA128AW,15,10,5,9
LA128AX,5,3,2,3
LA128AY,8,3,5,4
LA128AZ,6,3,3,1
LA128BA,21,13,8,11
LA128BB,5,2,3,3
LA128BE,3,1,2,2
LA128BF,6,3,3,2
LA128BG,10,4,6,5
LA128BH,2,1,1,1
LA128BJ,29,9,20,17
LA128BL,18,9,9,9
LA128BN,22,10,12,12
LA128BP,5,2,3,3
LA128BQ,4,3,1,3
LA128BS,46,25,21,20
LA128BT,27,13,14,11
LA128BU,9,5,4,6
LA128BX,2,1,1,1
LA128BY,4,1,3,1
LA128BZ,4,2,2,1
LA128DA,17,7,10,8
LA128DB,11,6,5,4
LA128DD,6,3,3,2
LA128DE,8,3,5,5
LA128DF,10,6,4,7
LA128DG,2,1,1,1
LA128DH,6,4,2,5
LA128DJ,16,9,7,8
LA128DL,5,3,2,3
LA128DP,4,2,2,1
LA128DR,6,2,4,3
LA128DT,22,12,10,8
LA128DU,6,3,3,2
LA128DW,5,3,2,3
LA128DX,33,17,16,14
LA128DY,28,16,12,15
LA128DZ,4,2,2,2
LA128EA,31,16,15,12
LA128EB,11,7,4,6
LA128ED,2,1,1,1
LA128EE,24,12,12,10
LA128EF,10,6,4,5
LA128EG,14,7,7,7
LA128EH,5,2,3,3
LA128EJ,1,1,0,1
LA128EL,8,3,5,3
LA128EN,4,2,2,2
LA128EP,7,5,2,2
LA128EQ,24,11,13,12
LA128ER,8,5,3,5
LA128ES,24,14,10,13
LA128ET,5,3,2,2
LA128EU,39,18,21,14
LA128EW,3,2,1,1
LA128HA,5,1,4,3
LA128HB,6,3,3,4
LA128HD,10,5,5,3
LA128HE,11,7,4,5
LA128HF,33,18,15,11
LA128HG,34,14,20,16
LA128HH,1,1,0,1
LA128HJ,3,2,1,2
LA128HL,2,1,1,1
LA128HN,15,8,7,8
LA128HP,4,2,2,2
LA128HQ,7,5,2,3
LA128HT,4,2,2,2
LA128HU,5,2,3,3
LA128HW,4,2,2,1
LA128HX,7,4,3,2
LA128HY,4,2,2,2
LA128HZ,5,2,3,2
LA128JA,5,4,1,2
LA128JB,50,21,29,25
LA128JD,2,1,1,1
LA128JE,13,7,6,8
LA128JF,8,2,6,3
LA128JG,3,1,2,1
LA128JH,3,2,1,2
LA128JJ,19,10,9,6
LA128JL,1,0,1,1
LA128JN,15,9,6,7
LA128JP,12,5,7,7
LA128JQ,10,4,6,6
LA128JR,8,4,4,5
LA128JS,14,8,6,7
LA128JT,9,5,4,3
LA128JU,14,8,6,7
LA128JW,7,3,4,2
LA128JY,19,10,9,6
LA128JZ,13,6,7,6
LA128LA,3,3,0,2
LA128LB,8,3,5,4
LA128LD,11,5,6,6
LA128LE,5,3,2,3
LA128LF,3,2,1,2
LA128LG,4,2,2,2
LA128LH,5,2,3,3
LA128LJ,4,2,2,2
LA128LL,7,4,3,3
LA128LN,19,8,11,9
LA128LP,16,9,7,6
LA128LQ,8,4,4,4
LA128LR,7,3,4,4
LA128LS,17,8,9,8
LA128LT,6,4,2,5
LA128LU,5,3,2,3
LA128LW,6,3,3,3
LA128LY,48,21,27,29
LA128LZ,12,7,5,6
LA128NA,3,3,0,0
LA128NB,4,3,1,0
LA128ND,10,4,6,4
LA128NE,8,4,4,5
LA128NF,2,1,1,1
LA128NG,7,3,4,3
LA128NH,25,15,10,16
LA128NJ,3,2,1,2
LA128NL,17,6,11,10
LA128NN,12,7,5,5
LA128NP,11,5,6,7
LA128NQ,24,13,11,15
LA128NR,17,8,9,6
LA128NS,8,4,4,4
LA128NT,23,15,8,11
LA128NU,17,8,9,10
LA128NW,15,7,8,8
LA128NX,2,1,1,1
LA128NY,5,3,2,3
LA128NZ,3,2,1,2
LA128PA,2,1,1,1
LA128PB,5,3,2,3
LA128PE,15,8,7,7
LA128PF,10,6,4,2
LA128PG,2,1,1,1
LA128PL,7,2,5,5
LA128PN,5,2,3,3
LA128PP,4,2,2,2
LA128PQ,2,1,1,1
LA128PR,4,2,2,2
LA128PS,8,4,4,3
LA128PT,5,2,3,4
LA128PU,4,3,1,2
LA128PW,12,6,6,5
LA128PX,16,9,7,7
LA128PY,20,11,9,8
LA128PZ,5,2,3,3
LA128QA,7,3,4,3
LA128QB,6,4,2,4
LA128QD,6,2,4,3
LA128QE,29,15,14,12
LA128QF,36,16,20,15
LA128QG,21,12,9,9
LA128QH,14,9,5,6
LA128QJ,6,3,3,4
LA128QL,22,13,9,9
LA128QN,18,12,6,8
LA128QP,15,8,7,7
LA128QQ,7,3,4,5
LA128QR,11,6,5,5
LA128QS,7,5,2,6
LA128QT,31,15,16,12
LA128QU,2,1,1,1
LA128QW,14,8,6,4
LA128QX,12,3,9,8
LA128QY,21,13,8,9
LA128QZ,24,11,13,9
LA128RA,35,18,17,17
LA128RB,6,3,3,2
LA128RD,5,3,2,3
LA128RE,5,3,2,3
LA128TA,2,2,0,1
LA129AA,6,4,2,4
LA129AB,29,13,16,12
LA129AD,43,19,24,24
LA129AE,8,4,4,4
LA129AF,10,9,1,8
LA129AG,18,9,9,10
LA129AH,29,13,16,11
LA129AJ,44,24,20,19
LA129AL,46,27,19,20
LA129AN,61,30,31,38
LA129AP,9,4,5,5
LA129AQ,23,10,13,9
LA129AR,43,21,22,24
LA129AS,69,38,31,28
LA129AT,8,5,3,5
LA129AU,50,23,27,21
LA129AW,34,18,16,19
LA129AX,67,34,33,30
LA129AY,44,17,27,20
LA129AZ,13,5,8,6
LA129BA,31,14,17,16
LA129BB,8,2,6,6
LA129BD,44,21,23,17
LA129BE,52,26,26,17
LA129BG,10,5,5,3
LA129BL,14,6,8,6
LA129BP,24,12,12,10
LA129BS,40,18,22,18
LA129BT,29,16,13,10
LA129BU,111,51,60,40
LA129BX,29,13,16,12
LA129BY,81,43,38,29
LA129BZ,5,1,4,4
LA129DA,25,15,10,10
LA129DB,15,6,9,7
LA129DD,85,44,41,35
LA129DE,44,19,25,15
LA129DF,7,4,3,4
LA129DG,3,1,2,2
LA129DH,11,5,6,5
LA129DP,16,8,8,10
LA129DQ,9,6,3,7
LA129DS,18,9,9,9
LA129DT,14,6,8,7
LA129DU,77,40,37,29
LA129DX,61,29,32,29
LA129DY,73,33,40,32
LA129DZ,53,28,25,21
LA129EA,89,43,46,36
LA129ED,20,8,12,11
LA129EG,23,12,11,10
LA129EH,33,15,18,15
LA129EL,25,10,15,9
LA129EN,19,7,12,11
LA129EQ,19,12,7,9
LA129ES,36,15,21,13
LA129ET,25,11,14,14
LA129EU,55,22,33,25
LA129EW,2,1,1,1
LA129EX,63,30,33,31
LA129EY,79,36,43,33
LA129EZ,35,20,15,13
LA129GP,4,2,2,1
LA129HA,11,6,5,3
LA129HB,30,13,17,12
LA129HD,18,9,9,6
LA129HE,76,40,36,29
LA129HF,44,22,22,19
LA129HG,22,10,12,6
LA129HH,51,26,25,21
LA129HJ,38,19,19,15
LA129HL,37,21,16,10
LA129HN,39,22,17,17
LA129HP,5,3,2,2
LA129HQ,17,9,8,6
LA129HR,12,8,4,5
LA129HS,18,9,9,8
LA129HT,1,1,0,1
LA129HU,44,8,36,0
LA129HW,3,2,1,1
LA129HX,67,31,36,28
LA129HY,41,18,23,21
LA129HZ,8,4,4,4
LA129JA,25,14,11,13
LA129JB,39,22,17,14
LA129JD,14,9,5,6
LA129JE,70,33,37,29
LA129JF,50,28,22,24
LA129JG,43,17,26,24
LA129JH,18,7,11,12
LA129JJ,26,13,13,20
LA129JL,49,24,25,20
LA129JN,32,14,18,18
LA129JP,26,11,15,11
LA129JQ,49,24,25,21
LA129JR,10,5,5,5
LA129JS,38,18,20,18
LA129JT,7,3,4,4
LA129JU,33,19,14,10
LA129JW,33,14,19,19
LA129JX,19,8,11,11
LA129JY,10,6,4,5
LA129JZ,54,24,30,26
LA129LA,11,7,4,4
LA129LB,11,5,6,6
LA129LD,28,15,13,14
LA129LE,19,12,7,7
LA129LF,15,9,6,4
LA129LG,30,17,13,12
LA129LH,13,7,6,6
LA129LJ,55,27,28,24
LA129LL,29,13,16,19
LA129LN,21,12,9,10
LA129LP,56,28,28,29
LA129LQ,19,10,9,6
LA129LR,34,14,20,18
LA129LS,83,39,44,40
LA129LT,12,6,6,6
LA129LU,60,29,31,29
LA129LW,13,6,7,7
LA129LX,86,39,47,43
LA129LY,21,8,13,12
LA129LZ,42,19,23,21
LA129NA,8,4,4,3
LA129NB,5,2,3,2
LA129ND,36,18,18,19
LA129NE,49,23,26,16
LA129NF,17,9,8,8
LA129NG,24,12,12,9
LA129NH,27,13,14,12
LA129NJ,25,14,11,11
LA129NL,25,11,14,14
LA129NN,9,4,5,5
LA129NP,71,38,33,32
LA129NQ,47,10,37,0
LA129NS,30,15,15,12
LA129NT,13,6,7,4
LA129NU,44,21,23,23
LA129NW,69,30,39,37
LA129NX,20,8,12,10
LA129NY,84,40,44,37
LA129NZ,59,35,24,26
LA129PA,13,7,6,7
LA129PB,55,24,31,21
LA129PD,90,40,50,49
LA129PE,42,22,20,17
LA129PF,55,24,31,25
LA129PG,63,28,35,22
LA129PH,50,27,23,21
LA129PJ,57,29,28,22
LA129PL,51,25,26,19
LA129PN,46,23,23,16
LA129PP,22,12,10,10
LA129PQ,32,17,15,12
LA129PR,142,75,67,60
LA129PS,24,14,10,10
LA129PT,73,39,34,27
LA129PU,69,33,36,28
LA129PW,37,19,18,14
LA129PX,66,33,33,27
LA129PY,46,23,23,22
LA129QA,32,15,17,15
LA129QB,9,4,5,4
LA129QD,5,3,2,2
LA129QE,41,21,20,19
LA129QF,6,1,5,2
LA129QH,13,7,6,6
LA129QJ,12,7,5,6
LA129QL,35,16,19,19
LA129QN,37,17,20,15
LA129QP,35,21,14,17
LA129QQ,87,36,51,21
LA129QR,22,12,10,10
LA129QS,29,16,13,13
LA129QT,49,24,25,26
LA129QU,36,18,18,19
LA129QW,16,8,8,5
LA129QX,13,7,6,5
LA129QY,25,13,12,10
LA129QZ,11,5,6,5
LA129RB,3,1,2,2
LA129RD,1,1,0,1
LA129RE,17,7,10,7
LA129RF,5,3,2,3
LA129RG,26,12,14,15
LA129RH,18,7,11,10
LA129RJ,7,3,4,4
LA129RL,4,2,2,2
LA129RN,45,23,22,20
LA129RP,24,11,13,11
LA129RQ,29,12,17,17
LA129RR,13,6,7,8
LA129RS,6,2,4,3
LA129RT,82,28,54,9
LA129RU,5,3,2,3
LA129RW,26,12,14,10
LA129RX,29,15,14,19
LA129RY,5,2,3,2
LA129RZ,6,5,1,6
LA129SA,6,3,3,3
LA129SB,6,3,3,2
LA129SE,1,0,1,1
LA129SF,2,1,1,1
LA129SH,6,3,3,3
LA129SQ,21,9,12,9
LA129SR,5,2,3,3
LA129SX,26,11,15,12
LA129SY,188,93,95,77
LA129SZ,58,25,33,25
LA129TA,62,33,29,25
LA130AA,25,14,11,12
LA130AB,33,18,15,11
LA130AD,29,11,18,12
LA130AE,78,42,36,33
LA130AG,82,37,45,36
LA130AH,109,53,56,47
LA130AJ,57,33,24,24
LA130AL,71,35,36,27
LA130AN,75,38,37,30
LA130AP,26,13,13,11
LA130AQ,69,32,37,38
LA130AR,86,40,46,34
LA130AS,55,27,28,24
LA130AU,99,50,49,35
LA130AX,43,26,17,15
LA130AY,100,44,56,35
LA130AZ,53,24,29,22
LA130BA,121,61,60,48
LA130BB,62,29,33,27
LA130BD,27,13,14,12
LA130BE,23,11,12,9
LA130BG,14,9,5,4
LA130BH,109,53,56,36
LA130BL,14,7,7,7
LA130BN,36,15,21,17
LA130BP,44,20,24,20
LA130BQ,51,26,25,20
LA130BS,56,31,25,32
LA130BT,19,10,9,7
LA130BU,14,7,7,10
LA130BW,3,2,1,1
LA130BX,21,9,12,11
LA130BY,31,13,18,12
LA130DB,19,10,9,10
LA130DD,76,29,47,33
LA130DE,44,22,22,18
LA130DF,9,5,4,4
LA130DG,43,25,18,17
LA130DN,1,1,0,1
LA130DP,115,56,59,53
LA130DQ,11,5,6,5
LA130DR,63,34,29,32
LA130DS,17,11,6,16
LA130DT,41,19,22,14
LA130DU,20,11,9,7
LA130DW,55,17,38,24
LA130DX,121,71,50,40
LA130DY,74,34,40,29
LA130EB,3,1,2,1
LA130ED,1,1,0,1
LA130EE,94,48,46,44
LA130EF,59,30,29,30
LA130EG,39,15,24,17
LA130EH,39,18,21,18
LA130EJ,35,18,17,18
LA130EL,29,14,15,16
LA130EN,25,14,11,21
LA130EP,14,7,7,7
LA130EQ,126,64,62,48
LA130ER,71,35,36,22
LA130ES,45,23,22,19
LA130ET,23,12,11,10
LA130EU,48,26,22,21
LA130EW,12,4,8,4
LA130EX,111,55,56,41
LA130EY,68,32,36,33
LA130EZ,18,9,9,10
LA130GP,40,20,20,12
LA130GQ,53,24,29,16
LA130GR,57,27,30,17
LA130GS,32,19,13,11
LA130GT,52,28,24,20
LA130GU,19,10,9,6
LA130GW,30,15,15,9
LA130HA,15,7,8,7
LA130HB,7,4,3,3
LA130HD,26,13,13,11
LA130HE,76,39,37,32
LA130HF,66,34,32,31
LA130HG,35,16,19,19
LA130HH,11,7,4,4
LA130HJ,139,63,76,68
LA130HL,139,71,68,66
LA130HN,15,8,7,8
LA130HP,4,1,3,1
LA130HQ,89,44,45,45
LA130HR,87,48,39,37
LA130HS,23,13,10,14
LA130HT,25,13,12,15
LA130HU,43,21,22,16
LA130HW,21,11,10,8
LA130HX,109,55,54,50
LA130HY,55,25,30,24
LA130HZ,34,19,15,17
LA130JA,7,4,3,2
LA130JB,78,42,36,31
LA130JG,2,1,1,1
LA130JH,21,7,14,15
LA130JJ,24,12,12,12
LA130JL,20,11,9,11
LA130JN,28,13,15,16
LA130JP,36,17,19,15
LA130JQ,32,15,17,15
LA130JR,35,15,20,16
LA130JS,41,18,23,19
LA130JT,11,4,7,7
LA130JU,58,25,33,26
LA130JW,47,26,21,24
LA130JX,39,19,20,13
LA130JY,88,43,45,34
LA130JZ,44,23,21,19
LA130LA,28,14,14,14
LA130LB,39,18,21,18
LA130LE,32,15,17,17
LA130LF,26,12,14,11
LA130LG,23,11,12,10
LA130LJ,25,12,13,11
LA130LN,8,5,3,3
LA130LQ,31,14,17,11
LA130LR,56,26,30,18
LA130LS,6,2,4,3
LA130LT,5,3,2,3
LA130LU,4,2,2,2
LA130LW,18,11,7,7
LA130LX,26,13,13,12
LA130LY,8,4,4,5
LA130LZ,24,12,12,14
LA130NA,20,9,11,6
LA130NB,79,39,40,32
LA130ND,4,2,2,2
LA130NE,14,7,7,8
LA130NF,34,14,20,12
LA130NG,7,4,3,4
LA130NH,48,24,24,22
LA130NJ,33,17,16,13
LA130NL,31,16,15,11
LA130NN,34,16,18,15
LA130NP,12,8,4,4
LA130NQ,20,10,10,8
LA130NR,6,4,2,2
LA130NT,12,6,6,7
LA130NU,28,14,14,11
LA130NW,14,6,8,8
LA130NZ,2,1,1,1
LA130PA,12,5,7,3
LA130PB,4,3,1,1
LA130PD,9,5,4,4
LA130PE,19,8,11,9
LA130PF,43,18,25,15
LA130PG,2,1,1,1
LA130PH,9,5,4,2
LA130PJ,11,6,5,4
LA130PL,33,16,17,13
LA130PN,2,1,1,1
LA130PR,32,16,16,15
LA130PS,1,1,0,1
LA130PT,15,8,7,5
LA130PU,22,11,11,8
LA130PX,57,27,30,28
LA130PY,81,38,43,40
LA130PZ,3,2,1,3
LA130QA,13,6,7,5
LA130QB,9,5,4,5
LA130QD,20,9,11,10
LA130QE,28,13,15,15
LA130QF,11,6,5,5
LA130QG,13,8,5,8
LA130QH,7,3,4,5
LA130QJ,9,5,4,5
LA130QL,20,9,11,8
LA130QN,4,2,2,2
LA130QP,17,8,9,7
LA130QQ,16,8,8,11
LA130QR,17,6,11,7
LA130QT,40,21,19,18
LA130QW,12,6,6,6
LA130QY,7,4,3,3
LA130RA,29,13,16,13
LA130RB,56,26,30,20
LA130RD,43,25,18,14
LA130RE,43,16,27,22
LA130RF,13,7,6,6
LA130RG,62,36,26,26
LA130RH,44,23,21,19
LA130RJ,59,34,25,24
LA130RL,89,46,43,32
LA130RN,69,34,35,29
LA130RP,61,30,31,26
LA130RQ,33,17,16,16
LA130RR,103,49,54,42
LA130RS,8,3,5,5
LA130RT,24,13,11,12
LA130RU,28,13,15,16
LA130RW,76,39,37,27
LA130RX,59,30,29,32
LA130RY,38,16,22,17
LA130RZ,20,10,10,9
LA130SB,85,40,45,30
LA130SD,132,63,69,43
LA130SF,29,16,13,15
LA130SU,108,54,54,48
LA130SW,42,22,20,14
LA130SX,26,14,12,9
LA130SY,20,10,10,7
LA130SZ,90,43,47,33
LA130TA,4,2,2,3
LA130TB,7,1,6,5
LA130TD,15,7,8,9
LA130TN,59,33,26,28
LA130TP,7,2,5,4
LA130TW,92,44,48,40
LA130UA,91,44,47,27
LA130UB,61,27,34,22
LA130UD,19,11,8,7
LA130UE,44,24,20,13
LA130UG,60,28,32,29
LA139AA,7,3,4,4
LA139AB,36,16,20,22
LA139AD,32,16,16,13
LA139AH,22,11,11,8
LA139AJ,54,30,24,18
LA139AL,42,18,24,17
LA139AN,36,18,18,15
LA139AP,18,9,9,7
LA139AQ,51,28,23,21
LA139AR,100,42,58,47
LA139AS,104,53,51,43
LA139AT,59,33,26,21
LA139AU,52,28,24,20
LA139AW,48,24,24,17
LA139AX,106,56,50,44
LA139BA,54,28,26,19
LA139BB,73,35,38,26
LA139BD,2,1,1,1
LA139BE,8,4,4,2
LA139BH,114,60,54,34
LA139BJ,63,26,37,22
LA139BL,68,39,29,29
LA139BN,74,40,34,24
LA139BP,72,34,38,35
LA139BS,7,6,1,4
LA139BT,51,26,25,19
LA139BU,137,65,72,52
LA139BW,94,45,49,40
LA139BX,27,13,14,11
LA139BZ,34,18,16,0
LA139DB,25,15,10,11
LA139DD,30,13,17,13
LA139DE,26,9,17,14
LA139DF,63,30,33,24
LA139DG,10,4,6,4
LA139DH,4,3,1,4
LA139DJ,30,15,15,12
LA139DL,72,40,32,26
LA139DN,76,42,34,27
LA139DP,39,18,21,18
LA139DQ,53,25,28,18
LA139DR,53,27,26,21
LA139DS,27,17,10,10
LA139DU,67,35,32,30
LA139DW,54,19,35,20
LA139DX,5,2,3,3
LA139DY,10,3,7,5
LA139EA,27,13,14,15
LA139EB,20,8,12,6
LA139ED,30,16,14,12
LA139EE,21,14,7,19
LA139EF,27,15,12,24
LA139EG,43,27,16,15
LA139EH,59,24,35,20
LA139EJ,34,17,17,10
LA139EL,30,13,17,13
LA139EN,37,19,18,17
LA139EP,17,9,8,7
LA139EQ,17,8,9,12
LA139ER,6,3,3,2
LA139ES,52,25,27,19
LA139ET,25,13,12,7
LA139EU,36,14,22,14
LA139EW,50,27,23,22
LA139EX,54,31,23,20
LA139EY,47,23,24,19
LA139EZ,13,6,7,4
LA139FB,13,7,6,3
LA139HA,12,6,6,4
LA139HB,96,40,56,38
LA139HD,110,48,62,39
LA139HE,15,10,5,6
LA139HF,21,11,10,19
LA139HG,31,17,14,13
LA139HH,45,16,29,17
LA139HJ,54,19,35,30
LA139HL,42,21,21,13
LA139HN,70,34,36,31
LA139HP,28,17,11,10
LA139HQ,40,11,29,0
LA139HR,19,8,11,11
LA139HS,13,6,7,3
LA139HT,7,2,5,6
LA139HU,84,40,44,46
LA139HW,41,21,20,15
LA139HY,64,28,36,28
LA139HZ,79,43,36,31
LA139JA,29,16,13,11
LA139JB,40,19,21,14
LA139JD,78,40,38,32
LA139JE,12,8,4,9
LA139JF,55,29,26,24
LA139JG,37,17,20,17
LA139JH,54,26,28,24
LA139JJ,101,52,49,24
LA139JL,65,33,32,23
LA139JN,18,10,8,7
LA139JP,9,4,5,5
LA139JQ,48,25,23,22
LA139JR,24,14,10,9
LA139JS,62,21,41,6
LA139JT,7,3,4,3
LA139JU,5,1,4,5
LA139JW,64,28,36,32
LA139JX,9,5,4,5
LA139JY,50,11,39,2
LA139LA,38,20,18,14
LA139LB,77,40,37,30
LA139LD,29,13,16,12
LA139LE,2,2,0,1
LA139LF,8,4,4,2
LA139LG,44,25,19,14
LA139LH,75,40,35,32
LA139LJ,74,35,39,29
LA139LL,28,14,14,14
LA139LN,46,25,21,17
LA139LP,24,11,13,9
LA139LQ,67,32,35,24
LA139LR,32,18,14,11
LA139LS,4,2,2,2
LA139LT,3,1,2,2
LA139LU,12,5,7,11
LA139LW,17,9,8,7
LA139LX,9,6,3,8
LA139LY,20,11,9,14
LA139LZ,6,3,3,6
LA139NA,34,15,19,14
LA139NB,15,8,7,10
LA139ND,57,22,35,34
LA139NE,13,5,8,8
LA139NF,2,1,1,1
LA139NG,9,4,5,6
LA139NH,69,35,34,25
LA139NJ,27,9,18,9
LA139NL,3,1,2,2
LA139NN,8,3,5,3
LA139NP,9,2,7,5
LA139NQ,2,1,1,1
LA139NR,27,12,15,14
LA139NS,58,29,29,24
LA139NU,51,28,23,18
LA139NW,80,43,37,34
LA139NX,22,11,11,11
LA139NY,63,26,37,28
LA139NZ,2,1,1,1
LA139PA,44,19,25,21
LA139PB,19,8,11,9
LA139PD,28,16,12,13
LA139PE,15,6,9,5
LA139PF,18,10,8,6
LA139PG,45,21,24,18
LA139PH,81,34,47,35
LA139PJ,95,47,48,46
LA139PL,86,44,42,37
LA139PP,18,10,8,11
LA139PQ,103,51,52,58
LA139PR,36,18,18,17
LA139PS,7,3,4,4
LA139PT,26,8,18,8
LA139PW,47,23,24,21
LA139PX,116,57,59,60
LA139PY,98,52,46,48
LA139PZ,92,47,45,47
LA139QA,58,30,28,22
LA139QB,49,22,27,16
LA139QD,26,14,12,8
LA139QE,61,26,35,17
LA139QF,47,18,29,16
LA139QG,122,59,63,41
LA139QH,63,31,32,35
LA139QJ,53,26,27,18
LA139QL,22,12,10,6
LA139QN,99,45,54,38
LA139QP,52,30,22,29
LA139QQ,10,5,5,6
LA139QR,48,21,27,29
LA139QS,64,37,27,34
LA139QT,59,33,26,31
LA139QU,4,3,1,2
LA139QW,17,7,10,13
LA139QX,46,22,24,28
LA139QY,52,23,29,23
LA139QZ,38,19,19,14
LA139RA,38,19,19,14
LA139RB,60,31,29,23
LA139RD,65,31,34,31
LA139RF,41,20,21,16
LA139RG,54,28,26,22
LA139RH,62,32,30,28
LA139RJ,67,36,31,26
LA139RL,42,20,22,16
LA139RN,48,26,22,23
LA139RR,126,69,57,54
LA139RS,17,5,12,7
LA139RT,113,50,63,53
LA139RU,97,51,46,58
LA139RW,5,3,2,3
LA139RX,107,54,53,53
LA139RY,88,44,44,45
LA139RZ,30,16,14,12
LA139SA,42,23,19,19
LA139SB,16,10,6,7
LA139SD,26,10,16,10
LA139SE,26,17,9,11
LA139SF,32,17,15,13
LA139SG,22,9,13,8
LA139SH,81,42,39,26
LA139SJ,42,24,18,14
LA139SN,4,2,2,2
LA139SP,36,18,18,14
LA139SQ,26,12,14,8
LA139SR,45,20,25,20
LA139SS,5,3,2,2
LA139ST,6,3,3,2
LA139SU,26,12,14,14
LA139SW,14,6,8,7
LA139SX,5,2,3,2
LA139SY,22,14,8,14
LA139SZ,22,12,10,11
LA139TA,38,19,19,23
LA139TB,48,23,25,29
LA139TD,41,21,20,21
LA139TE,27,13,14,14
LA139TF,8,2,6,4
LA139TG,88,43,45,38
LA139TL,30,16,14,14
LA139TN,143,65,78,51
LA139TP,5,2,3,3
LA139TQ,70,34,36,31
LA139TR,41,20,21,19
LA139TS,81,41,40,31
LA139TT,62,35,27,25
LA139TU,27,13,14,14
LA139TW,23,15,8,15
LA139TX,54,27,27,19
LA139TY,37,17,20,17
LA139TZ,17,9,8,6
LA139UA,76,44,32,30
LA139UB,12,5,7,4
LA139UD,81,39,42,30
LA139UL,67,29,38,51
LA139UN,44,22,22,15
LA139UP,17,9,8,12
LA139UR,39,20,19,16
LA139UT,32,16,16,14
LA139UU,42,25,17,14
LA139UW,41,19,22,18
LA141AH,28,14,14,20
LA141AJ,49,27,22,30
LA141AL,60,33,27,40
LA141AN,27,11,16,14
LA141AP,54,23,31,27
LA141AR,4,2,2,2
LA141AS,23,11,12,11
LA141AT,39,22,17,19
LA141AU,5,2,3,3
LA141AW,5,2,3,3
LA141AX,27,17,10,19
LA141AY,35,20,15,23
LA141AZ,43,16,27,21
LA141BA,68,34,34,32
LA141BB,1,1,0,1
LA141BD,44,22,22,20
LA141BE,27,14,13,13
LA141BG,17,8,9,7
LA141BL,5,2,3,1
LA141BN,67,27,40,39
LA141BP,26,16,10,8
LA141BQ,42,21,21,26
LA141BS,31,17,14,18
LA141BX,20,10,10,11
LA141BZ,22,9,13,13
LA141DA,15,8,7,10
LA141DD,2,1,1,1
LA141DE,51,30,21,24
LA141DF,9,5,4,2
LA141DG,42,26,16,26
LA141DH,13,9,4,8
LA141DJ,32,19,13,18
LA141DL,3,2,1,3
LA141DN,17,9,8,12
LA141DP,1,1,0,1
LA141DQ,3,3,0,2
LA141DR,51,24,27,26
LA141DS,10,6,4,7
LA141DT,4,3,1,3
LA141DU,9,6,3,4
LA141DW,6,6,0,5
LA141DZ,4,3,1,1
LA141EA,44,19,25,30
LA141EB,45,20,25,28
LA141ED,18,11,7,11
LA141EE,5,2,3,2
LA141EF,5,3,2,2
LA141EG,12,10,2,9
LA141EH,51,21,30,30
LA141EJ,7,3,4,6
LA141EN,100,51,49,41
LA141EP,40,20,20,13
LA141EQ,52,27,25,27
LA141ER,91,51,40,42
LA141ES,4,3,1,4
LA141ET,1,1,0,1
LA141EW,28,18,10,18
LA141EX,2,2,0,2
LA141EY,5,4,1,1
LA141EZ,68,39,29,32
LA141GL,3,2,1,3
LA141GN,6,0,6,2
LA141GP,9,5,4,3
LA141GQ,7,2,5,7
LA141GR,9,5,4,3
LA141GS,4,3,1,3
LA141GT,18,9,9,6
LA141GU,10,6,4,7
LA141GW,9,5,4,4
LA141HA,4,3,1,4
LA141HB,30,16,14,14
LA141HD,1,1,0,1
LA141HE,85,40,45,31
LA141HG,2,1,1,1
LA141HH,1,1,0,1
LA141HZ,2,2,0,1
LA141JB,7,4,3,2
LA141JE,1,0,1,1
LA141JF,38,23,15,21
LA141JZ,5,3,2,2
LA141LD,3,1,2,2
LA141LT,2,1,1,1
LA141LX,71,35,36,41
LA141LY,6,2,4,2
LA141LZ,11,5,6,7
LA141NA,69,35,34,35
LA141ND,69,27,42,34
LA141NF,6,5,1,4
LA141NG,51,30,21,20
LA141NH,54,28,26,29
LA141NJ,10,7,3,8
LA141NL,7,1,6,4
LA141NN,43,25,18,22
LA141NR,77,33,44,32
LA141NS,22,13,9,4
LA141NT,1,1,0,1
LA141NW,84,44,40,27
LA141NZ,29,15,14,17
LA141PN,4,3,1,2
LA141PQ,12,4,8,1
LA141PZ,3,2,1,2
LA141QD,1,1,0,1
LA141QE,7,4,3,4
LA141QG,2,1,1,2
LA141QJ,73,30,43,36
LA141QL,3,2,1,2
LA141QP,1,1,0,1
LA141QQ,5,3,2,3
LA141QR,88,41,47,40
LA141QS,13,10,3,11
LA141QT,64,36,28,24
LA141RD,15,11,4,8
LA141RH,4,3,1,4
LA141RW,3,1,2,1
LA141RX,1,1,0,1
LA141SF,3,2,1,3
LA141SG,47,23,24,39
LA141SL,44,22,22,22
LA141SN,41,18,23,16
LA141SP,19,8,11,3
LA141SQ,39,24,15,36
LA141SS,10,2,8,4
LA141ST,6,4,2,1
LA141SW,5,2,3,2
LA141SX,41,17,24,23
LA141SY,67,22,45,57
LA141SZ,21,8,13,7
LA141TD,64,32,32,30
LA141TH,12,7,5,10
LA141TJ,21,12,9,15
LA141TN,15,9,6,5
LA141UT,4,2,2,2
LA141UU,15,9,6,3
LA141UX,41,19,22,24
LA141UY,60,29,31,20
LA141UZ,40,25,15,31
LA141XA,1,0,1,1
LA141XU,41,17,24,17
LA141XX,1,1,0,1
LA141XY,6,2,4,4
LA141XZ,13,4,9,9
LA141YA,16,9,7,5
LA141YB,11,5,6,7
LA141YD,29,14,15,12
LA141YQ,49,31,18,44
LA142AA,81,36,45,38
LA142AB,4,2,2,1
LA142AD,61,25,36,29
LA142AE,67,35,32,30
LA142AG,56,27,29,27
LA142AH,7,5,2,5
LA142AJ,36,14,22,9
LA142AL,15,8,7,7
LA142AN,22,10,12,9
LA142AP,11,6,5,5
LA142AS,5,3,2,2
LA142AT,15,7,8,6
LA142AU,5,2,3,2
LA142AW,26,10,16,12
LA142AX,41,21,20,15
LA142AY,98,55,43,44
LA142AZ,110,50,60,55
LA142BB,136,66,70,56
LA142BD,41,22,19,19
LA142BE,2,1,1,1
LA142BF,54,28,26,42
LA142BG,77,38,39,35
LA142BH,142,61,81,59
LA142BJ,53,22,31,27
LA142BL,3,1,2,2
LA142BN,2,2,0,2
LA142BP,72,40,32,35
LA142BQ,24,14,10,11
LA142BS,15,10,5,14
LA142BT,1,1,0,1
LA142BU,74,44,30,32
LA142BX,35,17,18,17
LA142BY,3,0,3,2
LA142BZ,55,24,31,28
LA142DA,62,35,27,31
LA142DB,77,37,40,35
LA142DG,18,14,4,12
LA142DL,114,54,60,45
LA142DN,42,27,15,25
LA142DP,2,1,1,2
LA142DQ,110,47,63,36
LA142DR,30,18,12,12
LA142DS,2,1,1,1
LA142DT,39,17,22,24
LA142DU,38,16,22,30
LA142DW,53,25,28,24
LA142DX,13,7,6,7
LA142EA,70,33,37,36
LA142EB,75,33,42,42
LA142ED,51,22,29,27
LA142EE,10,5,5,3
LA142EF,77,30,47,41
LA142EG,8,3,5,2
LA142EH,6,3,3,2
LA142EJ,1,1,0,1
LA142EL,87,39,48,48
LA142EP,36,17,19,18
LA142EQ,32,18,14,15
LA142ER,45,24,21,24
LA142ES,24,12,12,12
LA142EW,8,6,2,3
LA142HA,7,5,2,4
LA142HH,121,62,59,55
LA142HJ,29,15,14,13
LA142HN,9,6,3,7
LA142HP,60,32,28,29
LA142HQ,27,21,6,22
LA142HR,9,4,5,3
LA142HS,43,18,25,20
LA142HT,52,26,26,15
LA142HU,36,16,20,15
LA142HW,5,2,3,4
LA142HX,13,10,3,10
LA142HY,33,23,10,13
LA142HZ,37,21,16,15
LA142JA,6,2,4,4
LA142JB,161,63,98,19
LA142JD,6,3,3,6
LA142JE,32,15,17,15
LA142JG,47,32,15,25
LA142JJ,11,6,5,11
LA142JN,31,18,13,16
LA142JQ,20,10,10,7
LA142JR,54,26,28,24
LA142JS,45,21,24,18
LA142JU,35,18,17,15
LA142JW,37,21,16,17
LA142JZ,31,16,15,10
LA142LX,23,12,11,20
LA142NA,1,0,1,1
LA142ND,5,4,1,2
LA142NJ,35,17,18,15
LA142NL,104,53,51,42
LA142NN,126,67,59,47
LA142NR,118,53,65,53
LA142NU,6,5,1,3
LA142NX,84,41,43,50
LA142NZ,35,17,18,24
LA142PA,6,3,3,5
LA142PR,20,10,10,8
LA142PS,11,7,4,4
LA142PT,63,35,28,22
LA142PU,20,9,11,11
LA142PX,8,6,2,5
LA142PY,114,57,57,53
LA142PZ,58,28,30,29
LA142QA,2,1,1,1
LA142QB,40,22,18,23
LA142QD,8,4,4,6
LA142QE,33,20,13,26
LA142QF,17,8,9,14
LA142QG,10,5,5,7
LA142QN,61,25,36,27
LA142QP,60,33,27,25
LA142QQ,24,10,14,16
LA142QR,56,32,24,31
LA142QS,96,47,49,52
LA142QT,65,34,31,29
LA142QU,34,16,18,19
LA142QW,39,19,20,17
LA142QX,46,18,28,24
LA142QY,40,21,19,18
LA142QZ,18,11,7,13
LA142RA,21,12,9,21
LA142RB,29,17,12,23
LA142RD,37,24,13,26
LA142RE,28,17,11,20
LA142RF,34,19,15,28
LA142RJ,4,1,3,4
LA142RP,94,50,44,34
LA142RR,70,34,36,30
LA142RS,73,36,37,27
LA142RT,1,1,0,1
LA142RW,65,33,32,42
LA142RX,71,33,38,36
LA142RY,4,2,2,3
LA142RZ,49,26,23,35
LA142SA,50,24,26,31
LA142SB,28,12,16,15
LA142SD,40,23,17,25
LA142SF,29,18,11,28
LA142SG,44,30,14,38
LA142SH,55,32,23,47
LA142SL,2,1,1,1
LA142SQ,12,9,3,12
LA142ST,27,17,10,11
LA142SU,11,5,6,4
LA142SW,3,1,2,1
LA142SX,12,7,5,6
LA142SY,91,49,42,40
LA142SZ,51,27,24,28
LA142TA,112,55,57,52
LA142TG,35,23,12,30
LA142TH,20,12,8,12
LA142TJ,49,28,21,31
LA142TL,22,8,14,9
LA142TN,51,26,25,24
LA142TQ,42,26,16,32
LA142TR,49,25,24,17
LA142TS,113,56,57,49
LA142TT,38,29,9,28
LA142TU,48,30,18,41
LA142TX,59,36,23,43
LA142UL,45,25,20,26
LA142UR,25,10,15,12
LA142US,8,4,4,3
LA142UT,46,23,23,14
LA143AA,4,3,1,3
LA143AB,2,2,0,1
LA143AD,46,22,24,18
LA143AE,28,14,14,10
LA143AF,50,24,26,23
LA143AG,100,58,42,47
LA143AH,71,34,37,36
LA143AJ,74,39,35,39
LA143AL,91,41,50,48
LA143AN,98,52,46,37
LA143AP,26,13,13,10
LA143AQ,67,36,31,25
LA143AR,27,14,13,15
LA143AS,78,30,48,41
LA143AT,15,7,8,5
LA143AW,62,32,30,25
LA143BA,79,38,41,42
LA143BB,96,43,53,54
LA143BD,24,12,12,8
LA143BE,73,37,36,38
LA143BH,15,6,9,7
LA143BN,8,3,5,4
LA143BP,99,49,50,55
LA143BS,76,34,42,40
LA143BU,4,2,2,2
LA143BW,80,42,38,41
LA143BX,70,34,36,36
LA143BY,115,51,64,57
LA143BZ,10,4,6,4
LA143DA,29,18,11,11
LA143DB,62,34,28,25
LA143DD,45,21,24,22
LA143DE,130,66,64,49
LA143DF,26,12,14,11
LA143DG,63,25,38,28
LA143DH,98,47,51,42
LA143DJ,58,31,27,24
LA143DL,46,21,25,22
LA143DP,2,1,1,1
LA143DQ,82,44,38,36
LA143DR,22,11,11,11
LA143DX,75,39,36,29
LA143DY,42,20,22,17
LA143DZ,61,28,33,22
LA143EA,55,26,29,23
LA143EB,8,4,4,3
LA143ED,37,17,20,12
LA143EE,15,6,9,5
LA143EF,24,11,13,14
LA143EG,12,7,5,5
LA143EH,57,23,34,30
LA143EJ,84,38,46,35
LA143EL,46,24,22,19
LA143EN,11,5,6,4
LA143EP,84,36,48,30
LA143EQ,49,27,22,24
LA143ER,22,9,13,10
LA143ES,14,5,9,6
LA143ET,20,9,11,9
LA143EU,15,4,11,5
LA143EW,23,9,14,10
LA143EX,31,13,18,11
LA143EY,25,13,12,9
LA143EZ,58,24,34,30
LA143HA,4,2,2,1
LA143HB,36,18,18,17
LA143HD,37,14,23,12
LA143HE,84,38,46,40
LA143HF,31,16,15,10
LA143HG,15,5,10,9
LA143HH,15,8,7,5
LA143HJ,6,4,2,4
LA143HL,7,4,3,4
LA143HN,36,19,17,19
LA143HP,8,5,3,4
LA143HQ,9,2,7,5
LA143HT,7,3,4,3
LA143HU,6,3,3,2
LA143HW,27,16,11,22
LA143HX,65,33,32,28
LA143HY,72,30,42,20
LA143HZ,39,18,21,18
LA143JA,11,5,6,4
LA143JB,49,22,27,24
LA143JD,81,39,42,40
LA143JE,2,2,0,2
LA143JF,17,10,7,10
LA143JG,40,20,20,14
LA143JH,7,3,4,3
LA143JJ,25,15,10,10
LA143JL,17,11,6,6
LA143JN,138,66,72,52
LA143JP,119,60,59,56
LA143JQ,29,18,11,13
LA143JR,61,31,30,34
LA143JS,79,39,40,40
LA143JW,48,25,23,24
LA143JX,20,8,12,10
LA143JY,16,8,8,6
LA143JZ,76,40,36,30
LA143LA,22,6,16,10
LA143LB,77,34,43,31
LA143LD,76,42,34,31
LA143LE,114,62,52,59
LA143LF,49,23,26,25
LA143LG,37,23,14,26
LA143LP,23,13,10,13
LA143LQ,37,19,18,18
LA143LR,44,21,23,21
LA143LS,27,13,14,11
LA143LT,119,58,61,43
LA143LU,21,10,11,8
LA143LW,4,1,3,1
LA143LX,65,30,35,28
LA143LY,39,20,19,12
LA143LZ,86,43,43,38
LA143NA,121,60,61,47
LA143NB,55,29,26,33
LA143ND,8,4,4,2
LA143NL,22,8,14,6
LA143NN,31,15,16,14
LA143NP,4,2,2,1
LA143NR,31,16,15,14
LA143NS,28,13,15,11
LA143NT,28,15,13,12
LA143NU,143,70,73,46
LA143NX,79,45,34,27
LA143NY,5,1,4,2
LA143NZ,79,38,41,36
LA143PF,68,32,36,35
LA143PG,35,18,17,14
LA143PH,9,3,6,2
LA143PJ,58,34,24,29
LA143PL,67,32,35,24
LA143PN,55,23,32,28
LA143PP,12,5,7,5
LA143PQ,61,29,32,31
LA143PR,46,16,30,22
LA143PS,53,23,30,29
LA143PT,2,1,1,1
LA143PU,4,1,3,2
LA143PW,77,41,36,33
LA143PX,1,1,0,1
LA143PY,40,21,19,25
LA143PZ,16,9,7,5
LA143QA,31,13,18,15
LA143QD,51,25,26,22
LA143QE,20,9,11,9
LA143QF,4,2,2,2
LA143QG,39,20,19,20
LA143QH,32,17,15,16
LA143QJ,40,21,19,22
LA143QL,27,13,14,12
LA143QN,20,10,10,12
LA143QP,53,24,29,24
LA143QQ,55,30,25,23
LA143QR,23,12,11,9
LA143QS,69,30,39,36
LA143QT,1,0,1,1
LA143QU,1,1,0,1
LA143QW,54,28,26,24
LA143QX,45,21,24,31
LA143QY,3,1,2,2
LA143QZ,1,1,0,1
LA143RL,13,4,9,6
LA143RN,32,16,16,16
LA143RP,56,27,29,22
LA143RQ,97,48,49,31
LA143RR,17,9,8,7
LA143RS,21,12,9,8
LA143RT,80,42,38,31
LA143RU,51,24,27,22
LA143RW,93,48,45,37
LA143SD,3,2,1,1
LA143SE,11,6,5,4
LA143SF,110,53,57,44
LA143SG,11,6,5,4
LA143SH,42,22,20,20
LA143SJ,41,20,21,23
LA143SL,15,6,9,7
LA143SN,62,30,32,26
LA143SP,16,9,7,9
LA143SQ,10,4,6,6
LA143SW,10,4,6,6
LA143TA,59,24,35,33
LA143TB,14,7,7,7
LA143TD,7,4,3,3
LA143TE,67,31,36,48
LA143TH,94,45,49,45
LA143TN,82,37,45,27
LA143TP,13,5,8,6
LA143TR,41,19,22,20
LA143TS,38,17,21,13
LA143TT,29,15,14,17
LA143TU,22,12,10,9
LA143TW,45,20,25,18
LA143TX,8,3,5,6
LA143TY,29,16,13,16
LA143TZ,43,23,20,21
LA143UA,2,0,2,2
LA143UB,14,7,7,9
LA143UD,46,21,25,17
LA143UE,31,12,19,13
LA143UF,39,19,20,16
LA143UG,15,6,9,8
LA143UH,16,10,6,5
LA143UJ,23,8,15,10
LA143UL,43,23,20,17
LA143UN,19,9,10,8
LA143UP,32,15,17,10
LA143UQ,8,4,4,3
LA143UR,54,30,24,20
LA143US,12,8,4,5
LA143UT,39,21,18,15
LA143UU,17,8,9,6
LA143UW,12,6,6,6
LA143UX,16,8,8,6
LA143UY,27,16,11,12
LA143UZ,121,60,61,50
LA143WA,15,5,10,8
LA143WB,32,16,16,9
LA143XA,33,18,15,16
LA143XB,32,13,19,14
LA143XD,12,6,6,8
LA143XE,54,27,27,19
LA143XL,45,19,26,26
LA143XN,78,39,39,37
LA143XP,5,2,3,3
LA143XR,23,15,8,6
LA143XT,34,14,20,17
LA143XU,69,35,34,38
LA143XW,34,17,17,12
LA143XX,23,8,15,3
LA143XZ,1,0,1,1
LA143YA,109,51,58,41
LA143YB,51,26,25,27
LA143YD,31,18,13,16
LA143YE,21,9,12,7
LA143YF,63,31,32,26
LA143YG,105,50,55,43
LA143YL,71,38,33,31
LA143YN,30,17,13,12
LA143YP,111,60,51,41
LA143YQ,24,10,14,10
LA143YT,2,2,0,1
LA143YU,10,4,6,6
LA143YW,460,209,251,315
LA144AA,40,21,19,15
LA144AB,27,12,15,14
LA144AD,3,0,3,1
LA144AE,20,10,10,9
LA144AG,4,2,2,1
LA144AH,78,40,38,37
LA144AJ,57,18,39,37
LA144AL,84,40,44,36
LA144AN,49,23,26,23
LA144AP,70,43,27,32
LA144AQ,56,28,28,20
LA144AR,22,12,10,7
LA144AS,26,14,12,9
LA144AT,43,22,21,16
LA144AU,33,15,18,11
LA144AW,51,38,13,41
LA144AX,40,19,21,12
LA144AZ,53,24,29,21
LA144BA,45,25,20,28
LA144BB,13,5,8,11
LA144BD,88,41,47,35
LA144BE,33,20,13,20
LA144BG,41,17,24,25
LA144BH,19,8,11,8
LA144BJ,5,2,3,3
LA144BL,25,10,15,12
LA144BP,14,7,7,12
LA144BS,56,32,24,17
LA144BT,37,17,20,15
LA144BU,19,11,8,5
LA144BX,12,6,6,9
LA144BY,18,10,8,5
LA144BZ,38,24,14,11
LA144DA,25,15,10,16
LA144DD,41,20,21,13
LA144DF,6,4,2,3
LA144DG,11,5,6,3
LA144DH,18,7,11,8
LA144DJ,2,1,1,1
LA144DL,2,1,1,1
LA144DN,26,14,12,8
LA144DP,6,2,4,4
LA144DQ,70,31,39,29
LA144DR,25,13,12,10
LA144DS,14,6,8,8
LA144DT,28,13,15,17
LA144DU,3,1,2,2
LA144DW,5,3,2,1
LA144DX,9,4,5,4
LA144DY,25,17,8,7
LA144DZ,3,2,1,3
LA144EA,16,7,9,4
LA144EB,18,7,11,8
LA144ED,33,13,20,12
LA144EE,5,1,4,2
LA144EF,3,0,3,2
LA144EH,35,19,16,12
LA144EJ,117,59,58,46
LA144EL,35,18,17,16
LA144EN,39,22,17,17
LA144EP,19,9,10,8
LA144ER,5,3,2,2
LA144ES,41,19,22,23
LA144ET,74,31,43,41
LA144EU,59,25,34,32
LA144EW,15,6,9,7
LA144EX,79,36,43,28
LA144EY,70,39,31,27
LA144EZ,51,23,28,18
LA144HA,37,19,18,15
LA144HD,11,5,6,8
LA144HE,107,61,46,23
LA144HF,45,25,20,18
LA144HG,21,12,9,6
LA144HH,39,18,21,17
LA144HJ,83,36,47,36
LA144HL,67,36,31,28
LA144HN,112,54,58,44
LA144HP,34,14,20,14
LA144HQ,51,27,24,19
LA144HR,8,5,3,5
LA144HS,80,42,38,33
LA144HT,29,15,14,15
LA144HU,49,22,27,21
LA144HW,69,36,33,27
LA144HX,20,9,11,10
LA144HY,24,11,13,11
LA144HZ,14,7,7,6
LA144JA,10,6,4,3
LA144JB,13,8,5,7
LA144JD,19,12,7,6
LA144JE,33,18,15,13
LA144JG,10,5,5,5
LA144JS,93,46,47,30
LA144JT,64,34,30,30
LA144JU,29,15,14,16
LA144JX,67,36,31,27
LA144JY,89,39,50,42
LA144JZ,14,6,8,8
LA144LA,1,1,0,1
LA144LB,64,29,35,40
LA144LD,54,26,28,28
LA144LE,48,21,27,22
LA144LF,17,11,6,2
LA144LG,30,15,15,14
LA144LH,6,3,3,3
LA144LJ,14,7,7,6
LA144LL,59,27,32,24
LA144LN,73,39,34,38
LA144LP,23,10,13,14
LA144LQ,98,55,43,39
LA144LR,23,12,11,13
LA144LS,9,2,7,6
LA144LT,10,5,5,5
LA144LU,22,10,12,10
LA144LW,7,4,3,4
LA144LX,19,9,10,12
LA144LY,36,18,18,21
LA144LZ,36,16,20,20
LA144NA,47,20,27,21
LA144NB,49,24,25,17
LA144ND,90,44,46,44
LA144NE,18,8,10,10
LA144NF,49,21,28,31
LA144NG,23,11,12,12
LA144NH,40,19,21,19
LA144NJ,45,19,26,28
LA144NL,56,26,30,36
LA144NN,9,3,6,6
LA144NP,21,10,11,14
LA144NQ,67,32,35,28
LA144NR,50,22,28,26
LA144NS,37,15,22,18
LA144NT,7,3,4,4
LA144NU,9,5,4,4
LA144NW,52,23,29,29
LA144NX,32,13,19,16
LA144NY,24,13,11,13
LA144NZ,16,6,10,10
LA144PA,115,50,65,52
LA144PB,46,25,21,23
LA144PD,54,27,27,27
LA144PE,61,33,28,37
LA144PF,49,22,27,29
LA144PG,6,2,4,3
LA144PH,84,39,45,42
LA144PJ,11,5,6,5
LA144PL,52,21,31,27
LA144PN,46,22,24,27
LA144PP,2,1,1,1
LA144PQ,23,9,14,18
LA144PS,54,31,23,23
LA144PT,74,31,43,37
LA144PU,24,9,15,14
LA144PW,46,20,26,25
LA144PY,15,9,6,6
LA144PZ,11,6,5,8
LA144QA,4,2,2,3
LA144QB,1,0,1,1
LA144QD,4,1,3,1
LA144QE,4,2,2,1
LA144QF,4,1,3,3
LA144QG,12,6,6,4
LA144QH,41,20,21,13
LA144QJ,8,5,3,5
LA144QL,1,0,1,1
LA144QN,10,5,5,3
LA144QP,5,4,1,3
LA144QS,7,3,4,2
LA144QY,15,9,6,6
LA144QZ,3,2,1,1
LA144RA,56,32,24,20
LA144RE,28,16,12,11
LA144RG,21,10,11,6
LA144RH,46,25,21,20
LA144RJ,58,34,24,41
LA144RL,37,21,16,16
LA144RN,84,46,38,41
LA144RQ,33,12,21,16
LA144RT,26,12,14,9
LA144SB,30,19,11,13
LA144SD,27,15,12,11
LA144TA,30,14,16,9
LA144TB,33,14,19,21
LA144TD,64,24,40,24
LA144TE,69,29,40,26
LA144TF,10,4,6,4
LA144TG,21,12,9,9
LA144TH,29,11,18,16
LA144TJ,6,3,3,2
LA145AB,12,5,7,6
LA145AE,62,33,29,23
LA145AF,79,43,36,34
LA145AH,35,17,18,13
LA145AJ,96,52,44,45
LA145AL,114,55,59,55
LA145AN,97,48,49,38
LA145AP,87,37,50,50
LA145AQ,34,15,19,14
LA145AR,73,33,40,53
LA145AS,79,38,41,46
LA145AT,36,22,14,20
LA145AU,33,17,16,24
LA145AW,93,50,43,42
LA145AX,56,25,31,24
LA145AY,103,44,59,40
LA145BA,48,27,21,23
LA145BB,66,34,32,24
LA145BE,31,15,16,14
LA145BG,57,31,26,24
LA145BH,55,26,29,25
LA145BJ,104,69,35,44
LA145BL,27,12,15,16
LA145BN,52,25,27,34
LA145BP,28,11,17,14
LA145BQ,64,34,30,27
LA145BS,78,41,37,62
LA145BT,48,20,28,32
LA145BU,26,12,14,14
LA145BW,47,20,27,20
LA145DA,12,6,6,8
LA145DB,5,2,3,3
LA145DD,22,10,12,11
LA145DE,101,49,52,48
LA145DF,65,30,35,29
LA145DG,59,30,29,22
LA145DH,57,33,24,20
LA145DJ,50,24,26,25
LA145DL,7,4,3,2
LA145DN,3,0,3,1
LA145DP,52,26,26,24
LA145DQ,51,22,29,21
LA145DR,70,37,33,26
LA145DS,128,62,66,45
LA145DT,3,1,2,2
LA145DU,53,27,26,24
LA145DW,40,22,18,16
LA145DX,35,18,17,14
LA145DY,85,43,42,39
LA145DZ,3,3,0,2
LA145EA,2,1,1,1
LA145EB,79,40,39,40
LA145ED,83,50,33,35
LA145EE,109,53,56,46
LA145EF,52,27,25,24
LA145EJ,35,16,19,16
LA145EL,129,71,58,52
LA145EN,4,2,2,2
LA145EP,25,12,13,11
LA145EQ,20,9,11,9
LA145ER,9,7,2,4
LA145ES,67,39,28,20
LA145EW,13,7,6,4
LA145EY,54,30,24,31
LA145EZ,35,18,17,13
LA145HA,31,6,25,30
LA145HB,2,1,1,1
LA145HE,116,60,56,44
LA145HF,27,16,11,11
LA145HH,78,39,39,32
LA145HJ,1,1,0,1
LA145HL,47,23,24,27
LA145HN,6,3,3,3
LA145HP,96,49,47,39
LA145HQ,44,22,22,22
LA145HR,35,19,16,17
LA145HS,68,33,35,42
LA145HT,35,14,21,16
LA145HU,95,51,44,45
LA145HW,87,39,48,35
LA145HX,7,3,4,3
LA145HY,67,34,33,34
LA145HZ,44,24,20,15
LA145JA,28,18,10,12
LA145JB,16,9,7,11
LA145JD,3,2,1,1
LA145JE,51,30,21,28
LA145JF,2,1,1,1
LA145JG,2,1,1,1
LA145JH,23,12,11,10
LA145JJ,2,0,2,1
LA145JL,1,0,1,1
LA145JP,40,20,20,9
LA145JQ,1,0,1,1
LA145JR,108,55,53,38
LA145JS,43,20,23,14
LA145JT,8,6,2,2
LA145JU,98,47,51,31
LA145JY,57,32,25,21
LA145JZ,66,30,36,26
LA145LA,88,45,43,30
LA145LB,2,1,1,1
LA145LD,45,21,24,18
LA145LE,67,19,48,0
LA145LF,5,3,2,2
LA145LG,2,1,1,2
LA145LH,42,22,20,19
LA145LJ,20,9,11,9
LA145LL,19,11,8,8
LA145LN,23,9,14,12
LA145LP,22,10,12,10
LA145LQ,16,8,8,3
LA145LR,50,25,25,21
LA145LS,88,44,44,33
LA145LU,14,5,9,4
LA145LW,3,1,2,2
LA145LX,84,41,43,33
LA145LY,66,28,38,38
LA145LZ,36,16,20,20
LA145NA,72,36,36,30
LA145NB,112,55,57,41
LA145ND,21,9,12,8
LA145NE,15,9,6,6
LA145NG,2,1,1,1
LA145NH,62,28,34,24
LA145NJ,1,1,0,1
LA145NL,53,23,30,24
LA145NN,47,21,26,19
LA145NP,6,4,2,3
LA145NQ,44,19,25,18
LA145NR,16,8,8,9
LA145NS,21,10,11,13
LA145NT,33,19,14,18
LA145NU,81,37,44,45
LA145NW,68,40,28,28
LA145NX,76,42,34,45
LA145NY,84,41,43,52
LA145NZ,43,20,23,22
LA145PA,70,27,43,37
LA145PB,61,28,33,31
LA145PE,64,28,36,35
LA145PG,37,17,20,18
LA145PH,106,53,53,34
LA145PJ,12,6,6,11
LA145PL,72,33,39,27
LA145PN,2,1,1,1
LA145PP,1,1,0,1
LA145PR,7,3,4,6
LA145PS,41,22,19,15
LA145PT,33,14,19,15
LA145PU,24,11,13,12
LA145PW,58,30,28,22
LA145PX,21,8,13,6
LA145PY,29,16,13,12
LA145PZ,95,48,47,34
LA145QA,24,12,12,11
LA145QD,28,12,16,11
LA145QE,76,38,38,35
LA145QF,44,21,23,15
LA145QG,36,17,19,15
LA145QH,55,19,36,28
LA145QJ,82,39,43,31
LA145QL,48,20,28,18
LA145QQ,24,13,11,10
LA145QR,1,1,0,1
LA145RA,2,1,1,1
LA145RD,45,20,25,21
LA145RE,57,27,30,32
LA145RF,58,28,30,30
LA145RG,54,24,30,26
LA145RH,74,35,39,26
LA145RJ,85,50,35,47
LA145RL,90,46,44,54
LA145RN,91,55,36,52
LA145RP,53,24,29,26
LA145RQ,20,13,7,19
LA145RR,57,33,24,24
LA145RS,46,22,24,19
LA145RT,83,47,36,31
LA145RU,56,33,23,22
LA145RW,69,26,43,30
LA145RX,83,43,40,42
LA145RY,72,32,40,38
LA145RZ,9,3,6,4
LA145SA,62,26,36,34
LA145SB,11,5,6,4
LA145SE,47,25,22,27
LA145SF,47,20,27,39
LA145SG,61,31,30,53
LA145SL,103,57,46,47
LA145SN,13,5,8,11
LA145SR,41,23,18,19
LA145SS,61,34,27,29
LA145ST,36,15,21,26
LA145SU,72,33,39,39
LA145SX,7,2,5,2
LA145SY,2,1,1,2
LA145SZ,80,37,43,43
LA145TA,49,26,23,26
LA145TB,63,37,26,24
LA145TD,3,2,1,1
LA145TE,87,32,55,48
LA145TF,90,45,45,47
LA145TG,2,1,1,1
LA145TH,68,32,36,23
LA145TL,99,56,43,36
LA145TN,81,40,41,34
LA145TP,73,39,34,34
LA145TQ,56,23,33,22
LA145TR,13,9,4,4
LA145TS,7,2,5,2
LA145TT,62,28,34,31
LA145TU,56,28,28,29
LA145TW,69,36,33,28
LA145TX,59,27,32,35
LA145UE,40,17,23,26
LA145UG,41,24,17,22
LA145XA,2,1,1,1
LA145XB,18,8,10,11
LA145XD,23,8,15,13
LA145XP,93,49,44,38
LA145XR,50,23,27,19
LA145XS,46,21,25,19
LA145XT,8,4,4,6
LA158AA,56,29,27,25
LA158AE,10,7,3,7
LA158AF,27,13,14,8
LA158AJ,2,1,1,1
LA158AL,88,47,41,31
LA158AN,80,43,37,36
LA158AP,50,24,26,22
LA158AR,1,0,1,1
LA158AS,11,3,8,7
LA158AT,2,1,1,2
LA158AU,6,3,3,3
LA158AW,5,3,2,3
LA158AX,20,9,11,11
LA158AY,14,7,7,6
LA158AZ,26,12,14,11
LA158BA,18,10,8,7
LA158BB,27,12,15,10
LA158BD,48,25,23,21
LA158BE,43,24,19,22
LA158BF,18,5,13,11
LA158BG,70,33,37,33
LA158BH,34,17,17,12
LA158BJ,17,9,8,8
LA158BL,102,50,52,36
LA158BN,63,31,32,25
LA158BP,64,30,34,28
LA158BQ,17,6,11,9
LA158BS,43,24,19,16
LA158BT,5,2,3,3
LA158BU,14,6,8,9
LA158BW,22,11,11,9
LA158BX,14,6,8,6
LA158BY,93,49,44,37
LA158BZ,3,1,2,1
LA158DA,38,19,19,16
LA158DB,11,7,4,6
LA158DD,105,50,55,44
LA158DE,16,8,8,8
LA158DF,5,3,2,2
LA158DH,19,10,9,11
LA158DJ,4,2,2,2
LA158DL,15,10,5,8
LA158DN,5,2,3,2
LA158DP,27,14,13,13
LA158DQ,25,9,16,22
LA158DR,8,2,6,6
LA158DS,9,3,6,6
LA158DU,20,9,11,12
LA158DW,31,18,13,14
LA158DX,2,0,2,2
LA158DY,33,20,13,13
LA158DZ,11,4,7,4
LA158EA,17,11,6,8
LA158EB,17,9,8,8
LA158ED,15,10,5,8
LA158EE,19,9,10,8
LA158EF,18,10,8,8
LA158EG,96,44,52,40
LA158EH,74,38,36,36
LA158EJ,8,5,3,5
LA158EL,38,21,17,21
LA158EN,13,9,4,8
LA158EP,39,20,19,21
LA158ER,8,4,4,3
LA158ES,49,26,23,33
LA158ET,33,13,20,16
LA158EU,83,43,40,37
LA158EW,24,12,12,14
LA158EX,54,22,32,25
LA158EY,41,23,18,16
LA158EZ,50,25,25,23
LA158FE,5,1,4,2
LA158GD,13,8,5,4
LA158GE,15,10,5,14
LA158HB,24,14,10,16
LA158HD,10,5,5,5
LA158HE,56,26,30,23
LA158HF,45,21,24,18
LA158HG,3,1,2,2
LA158HH,54,31,23,22
LA158HJ,54,26,28,32
LA158HL,24,6,18,9
LA158HN,13,6,7,8
LA158HP,29,11,18,14
LA158HQ,18,7,11,12
LA158HR,79,36,43,39
LA158HS,78,41,37,37
LA158HT,9,7,2,2
LA158HU,35,18,17,14
LA158HW,28,19,9,24
LA158HX,28,13,15,12
LA158HY,26,12,14,8
LA158HZ,10,4,6,5
LA158JB,59,28,31,18
LA158JD,29,14,15,17
LA158JE,1,0,1,1
LA158JF,11,5,6,4
LA158JG,20,11,9,8
LA158JH,6,3,3,3
LA158JJ,36,20,16,14
LA158JL,7,3,4,4
LA158JN,2,1,1,2
LA158JP,6,4,2,2
LA158JQ,2,1,1,1
LA158JR,34,18,16,17
LA158JS,5,4,1,2
LA158JT,14,8,6,6
LA158JU,30,10,20,16
LA158JW,11,5,6,5
LA158JX,11,6,5,4
LA158JY,17,8,9,10
LA158JZ,17,8,9,5
LA158LA,5,4,1,2
LA158LE,17,7,10,7
LA158LF,4,2,2,1
LA158LG,40,22,18,14
LA158LH,12,5,7,5
LA158LJ,5,1,4,3
LA158LL,10,6,4,4
LA158LN,7,5,2,2
LA158LP,8,3,5,6
LA158LQ,37,21,16,15
LA158LR,46,21,25,21
LA158LS,41,21,20,20
LA158LT,59,31,28,22
LA158LU,61,36,25,25
LA158LW,18,12,6,9
LA158LX,119,56,63,42
LA158LY,46,22,24,16
LA158LZ,29,17,12,10
LA158NA,30,15,15,14
LA158NB,20,8,12,9
LA158ND,56,27,29,21
LA158NE,55,26,29,27
LA158NF,19,10,9,8
LA158NG,22,11,11,8
LA158NH,4,2,2,2
LA158NJ,69,32,37,31
LA158NL,67,31,36,24
LA158NN,54,30,24,22
LA158NP,43,22,21,23
LA158NQ,14,8,6,6
LA158NR,30,17,13,11
LA158NS,71,37,34,28
LA158NT,12,8,4,4
LA158NU,6,2,4,2
LA158NW,41,22,19,20
LA158NX,70,31,39,27
LA158NY,60,27,33,23
LA158NZ,28,16,12,15
LA158PA,21,11,10,6
LA158PD,7,5,2,4
LA158PE,39,23,16,14
LA158PF,20,8,12,12
LA158PG,16,9,7,6
LA158PH,22,10,12,10
LA158PJ,16,7,9,5
LA158PL,39,16,23,14
LA158PN,14,6,8,8
LA158PP,10,5,5,5
LA158PQ,5,4,1,2
LA158PR,11,6,5,5
LA158PS,11,5,6,5
LA158PT,19,11,8,8
LA158PU,7,3,4,3
LA158PX,93,44,49,42
LA158PY,46,24,22,22
LA158PZ,13,6,7,7
LA158QA,73,35,38,34
LA158QB,25,12,13,13
LA158QD,37,20,17,18
LA158QE,56,28,28,29
LA158QF,55,28,27,25
LA158QG,65,30,35,29
LA158QH,17,6,11,9
LA158QJ,62,26,36,21
LA158QL,54,25,29,24
LA158QN,34,17,17,17
LA158QP,24,11,13,12
LA158QQ,67,23,44,20
LA158QR,58,27,31,21
LA158QS,32,17,15,13
LA158QT,28,15,13,15
LA158QU,47,19,28,18
LA158QW,100,51,49,38
LA158QX,7,5,2,3
LA158QY,2,1,1,1
LA158RA,6,3,3,3
LA158RB,18,10,8,14
LA158RE,44,19,25,21
LA158RG,13,7,6,7
LA158RH,5,2,3,2
LA158RJ,10,4,6,4
LA158RL,12,5,7,6
LA158RN,25,13,12,17
LA158RP,70,39,31,39
LA158RQ,18,8,10,9
LA158RR,6,2,4,3
LA158RS,40,23,17,18
LA158RT,124,57,67,40
LA158RU,134,65,69,59
LA158RW,13,7,6,7
LA158RX,50,23,27,22
LA158RY,43,17,26,15
LA158RZ,55,27,28,18
LA158SA,28,13,15,13
LA158SB,29,14,15,16
LA158SD,79,46,33,36
LA158SE,40,16,24,16
LA158SF,4,2,2,2
LA158SG,115,58,57,52
LA158SH,59,31,28,22
LA158SJ,8,4,4,2
LA158SL,87,37,50,28
LA158SN,21,11,10,9
LA158SP,30,14,16,18
LA158SQ,14,9,5,5
LA158SR,4,2,2,2
LA158ST,14,8,6,8
LA158SW,68,33,35,31
LA158SX,5,1,4,2
LA158SY,12,7,5,7
LA158SZ,13,6,7,6
LA158TA,31,14,17,11
LA158TB,25,13,12,10
LA158TD,15,7,8,6
LA158TE,6,3,3,4
LA158TG,22,9,13,8
LA158UB,15,10,5,7
LA158UD,82,36,46,30
LA158UE,31,16,15,10
LA158UJ,84,40,44,33
LA158UP,11,6,5,4
LA158UQ,15,8,7,7
LA158UR,27,12,15,11
LA158XA,45,20,25,17
LA158XB,85,42,43,36
LA158XD,96,52,44,39
LA158XE,55,25,30,20
LA158XF,19,11,8,11
LA158XG,10,6,4,4
LA158XJ,26,12,14,11
LA158XL,25,12,13,14
LA158XN,69,34,35,23
LA158XQ,41,18,23,16
LA158XW,8,4,4,6
LA167AA,11,8,3,3
LA167AD,82,48,34,28
LA167AE,35,17,18,15
LA167AF,15,8,7,9
LA167AG,8,4,4,4
LA167AJ,41,19,22,15
LA167AP,44,20,24,19
LA167AQ,48,27,21,19
LA167AR,2,1,1,1
LA167AS,9,4,5,4
LA167AT,8,5,3,6
LA167AU,7,3,4,2
LA167AW,3,1,2,1
LA167AX,7,4,3,2
LA167AY,34,17,17,15
LA167AZ,6,3,3,2
LA167BB,13,8,5,9
LA167BD,36,20,16,15
LA167BE,96,42,54,38
LA167BG,34,15,19,16
LA167BH,43,16,27,18
LA167BJ,43,22,21,22
LA167BL,11,2,9,10
LA167BN,102,51,51,48
LA167BP,113,61,52,51
LA167BQ,27,13,14,12
LA167BS,83,44,39,43
LA167BT,43,18,25,17
LA167BU,70,37,33,33
LA167BW,49,19,30,23
LA167BX,45,22,23,22
LA167BY,34,19,15,12
LA167BZ,37,18,19,19
LA167DB,8,5,3,3
LA167DE,4,2,2,2
LA167DF,3,2,1,1
LA167DG,115,55,60,38
LA167DH,41,21,20,19
LA167DJ,36,15,21,11
LA167DL,24,11,13,13
LA167DN,17,9,8,7
LA167DP,18,11,7,8
LA167DQ,63,34,29,24
LA167DR,21,12,9,8
LA167DS,2,1,1,1
LA167DT,9,3,6,4
LA167DW,9,6,3,3
LA167DX,2,1,1,1
LA167DY,21,12,9,11
LA167DZ,41,21,20,17
LA167EA,10,4,6,6
LA167EB,5,2,3,3
LA167ED,12,7,5,5
LA167EE,9,5,4,3
LA167EF,4,3,1,1
LA167EG,10,4,6,4
LA167EH,12,5,7,5
LA167EJ,7,4,3,5
LA167EL,3,1,2,1
LA167EN,47,25,22,24
LA167EP,21,8,13,9
LA167EQ,4,2,2,1
LA167ER,22,11,11,10
LA167ES,8,2,6,5
LA167ET,11,6,5,4
LA167EU,11,6,5,4
LA167EW,110,52,58,43
LA167EX,5,3,2,2
LA167EY,13,5,8,4
LA167EZ,9,4,5,3
LA167FB,27,13,14,16
LA167FD,75,36,39,30
LA167FE,2,2,0,2
LA167HA,13,6,7,7
LA167HB,25,13,12,12
LA167HD,5,2,3,2
LA167HE,36,20,16,16
LA167HG,43,22,21,16
LA167HH,49,26,23,18
LA167HJ,22,10,12,10
LA167HL,22,12,10,8
LA167HN,8,4,4,2
LA167HP,80,38,42,27
LA167HQ,16,9,7,8
LA167HR,34,17,17,12
LA167HS,30,18,12,11
LA167HT,82,41,41,33
LA167HW,97,48,49,35
LA167HX,8,4,4,3
LA167HY,30,18,12,11
LA167HZ,23,13,10,10
LA167JA,50,23,27,25
LA167JB,72,33,39,31
LA167JD,62,26,36,11
LA167JE,14,8,6,5
LA167JF,55,28,27,21
LA167JG,34,20,14,12
LA167JP,123,62,61,47
LA167JR,34,15,19,19
LA167JS,12,6,6,4
LA167JT,156,74,82,49
LA177AB,2,1,1,1
LA177TA,14,4,10,6
LA177TB,14,9,5,7
LA177TD,3,1,2,2
LA177TE,79,40,39,30
LA177TF,16,8,8,6
LA177TG,19,8,11,9
LA177TH,12,6,6,6
LA177TJ,10,3,7,4
LA177TL,31,17,14,13
LA177TN,44,21,23,19
LA177TP,12,6,6,6
LA177TQ,44,21,23,21
LA177TR,11,5,6,7
LA177TS,26,14,12,13
LA177TT,17,6,11,7
LA177TU,18,11,7,6
LA177TW,50,26,24,20
LA177TX,10,5,5,3
LA177UA,74,32,42,35
LA177UB,29,16,13,15
LA177UD,6,4,2,2
LA177UE,21,9,12,10
LA177UF,7,3,4,3
LA177UG,106,48,58,61
LA177UH,2,1,1,1
LA177UJ,20,8,12,11
LA177UL,10,6,4,4
LA177UP,16,8,8,9
LA177UQ,27,15,12,13
LA177UR,18,9,9,5
LA177UT,31,14,17,13
LA177UU,41,17,24,19
LA177UW,11,5,6,7
LA177UX,3,1,2,1
LA177UY,4,2,2,2
LA177UZ,8,4,4,3
LA177XA,6,3,3,1
LA177XD,10,4,6,7
LA177XE,11,7,4,4
LA177XF,13,9,4,3
LA177XG,2,1,1,1
LA177XH,29,14,15,9
LA177XJ,33,18,15,16
LA177XL,4,2,2,2
LA177XN,4,3,1,3
LA177XP,22,13,9,9
LA177XQ,7,3,4,2
LA177XR,7,3,4,3
LA177XS,8,4,4,3
LA177XT,11,5,6,6
LA177XU,17,10,7,7
LA177XX,12,6,6,5
LA177XY,59,33,26,22
LA177YA,3,2,1,2
LA177YB,22,11,11,13
LA184AB,108,53,55,42
LA184AD,94,37,57,44
LA184AE,74,34,40,29
LA184AF,67,32,35,30
LA184AG,51,25,26,21
LA184AH,129,73,56,57
LA184AJ,80,40,40,34
LA184AL,37,17,20,13
LA184AN,3,1,2,2
LA184AP,95,44,51,44
LA184AQ,41,19,22,18
LA184AR,55,27,28,24
LA184AS,18,11,7,10
LA184AT,15,7,8,9
LA184AU,14,6,8,7
LA184AW,40,21,19,20
LA184AX,4,2,2,1
LA184AZ,14,7,7,4
LA184BA,1,0,1,1
LA184BB,17,9,8,7
LA184BD,4,2,2,2
LA184BE,1,1,0,1
LA184BG,19,10,9,8
LA184BH,15,9,6,7
LA184BJ,22,8,14,12
LA184BL,30,15,15,16
LA184BN,53,21,32,23
LA184BQ,6,3,3,2
LA184BT,29,13,16,15
LA184BU,33,16,17,14
LA184BY,20,8,12,0
LA184BZ,67,28,39,19
LA184DA,1,0,1,1
LA184DB,8,4,4,5
LA184DE,31,14,17,15
LA184DF,1,0,1,1
LA184DG,21,11,10,10
LA184DH,38,21,17,13
LA184DJ,51,23,28,32
LA184DN,22,11,11,10
LA184DP,28,11,17,16
LA184DQ,14,7,7,6
LA184DR,84,44,40,39
LA184DS,81,39,42,30
LA184DT,72,35,37,42
LA184DU,24,12,12,14
LA184DW,36,21,15,18
LA184DX,10,7,3,7
LA184DY,11,6,5,10
LA184DZ,10,5,5,6
LA184EA,45,24,21,19
LA184EB,9,5,4,3
LA184EF,11,6,5,7
LA184EG,7,1,6,6
LA184EH,31,15,16,12
LA184EJ,12,6,6,4
LA184EL,17,9,8,8
LA184EN,15,9,6,6
LA184EP,32,15,17,15
LA184EQ,19,8,11,16
LA184ER,28,13,15,13
LA184ES,4,2,2,2
LA184ET,41,18,23,19
LA184EU,61,30,31,25
LA184EX,33,15,18,17
LA184EY,130,60,70,63
LA184EZ,32,14,18,16
LA184FH,43,18,25,20
LA184GY,9,6,3,6
LA184HA,23,11,12,9
LA184HB,41,22,19,20
LA184HD,8,4,4,3
LA184HE,12,6,6,6
LA184HF,116,59,57,46
LA184HG,5,2,3,3
LA184HH,31,14,17,20
LA184HJ,16,7,9,7
LA184HL,8,3,5,4
LA184HN,34,18,16,15
LA184HP,1,1,0,1
LA184HQ,43,18,25,30
LA184HT,22,8,14,11
LA184HU,88,45,43,33
LA184HW,30,16,14,14
LA184HX,1,1,0,1
LA184HZ,1,1,0,1
LA184JA,12,7,5,7
LA184JB,13,6,7,6
LA184JD,5,3,2,3
LA184JE,33,14,19,1
LA184JF,144,69,75,55
LA184JG,13,4,9,9
LA184JH,56,31,25,26
LA184JJ,132,69,63,63
LA184JL,42,20,22,16
LA184JN,5,4,1,3
LA184JP,47,24,23,24
LA184JQ,28,17,11,23
LA184JT,5,2,3,3
LA184JU,24,14,10,8
LA184JW,34,17,17,14
LA184JX,2,1,1,1
LA184JZ,99,47,52,45
LA184LA,29,14,15,12
LA184LB,9,4,5,5
LA184LD,4,2,2,1
LA184LG,28,16,12,18
LA184LH,88,48,40,40
LA184LJ,79,39,40,42
LA184LL,7,4,3,3
LA184LN,53,22,31,26
LA184LQ,8,4,4,4
LA184LR,23,9,14,12
LA184LS,28,13,15,12
LA184LU,7,4,3,3
LA184LW,26,15,11,10
LA184LX,41,23,18,16
LA184LY,4,2,2,2
LA184LZ,182,91,91,68
LA184NA,537,535,2,0
LA184NB,14,8,6,6
LA184ND,4,2,2,2
LA184NE,16,8,8,6
LA184NF,22,11,11,10
LA184NN,56,31,25,10
LA184NP,2,1,1,1
LA184NR,22,10,12,11
LA184NS,19,9,10,9
LA184NT,16,8,8,5
LA184NU,43,18,25,17
LA184NW,31,18,13,11
LA184NX,33,18,15,14
LA184NY,5,2,3,2
LA184NZ,22,9,13,10
LA184PB,24,14,10,14
LA184PD,24,12,12,8
LA184PE,38,18,20,17
LA184PF,15,6,9,8
LA184PH,58,26,32,23
LA184PJ,29,16,13,16
LA184PL,63,31,32,30
LA184PN,47,26,21,17
LA184PP,7,4,3,4
LA184PQ,51,28,23,19
LA184PR,10,3,7,2
LA184PS,13,7,6,6
LA184PT,95,51,44,31
LA184PU,7,3,4,4
LA184PW,40,19,21,16
LA184PX,21,7,14,9
LA184QR,7,2,5,4
LA184QS,13,8,5,5
LA184QT,15,10,5,6
LA184QX,17,8,9,7
LA185AA,3,1,2,1
LA185AD,56,33,23,21
LA185AE,22,11,11,6
LA185AF,13,5,8,7
LA185AG,25,12,13,11
LA185AH,88,30,58,39
LA185AJ,94,51,43,35
LA185AL,26,15,11,10
LA185AN,126,63,63,53
LA185AP,16,8,8,12
LA185AQ,34,15,19,13
LA185AR,97,56,41,37
LA185AS,85,40,45,39
LA185AT,21,12,9,13
LA185AU,34,13,21,26
LA185AW,14,8,6,6
LA185AX,4,3,1,1
LA185AY,11,5,6,4
LA185AZ,8,3,5,3
LA185BA,17,11,6,7
LA185BB,53,25,28,15
LA185BD,38,16,22,14
LA185BE,35,20,15,20
LA185BG,5,2,3,3
LA185BH,25,14,11,11
LA185BJ,35,18,17,14
LA185BL,58,29,29,25
LA185BN,72,40,32,35
LA185BP,48,19,29,18
LA185BQ,21,12,9,8
LA185BS,7,3,4,3
LA185BT,27,12,15,10
LA185BU,13,6,7,7
LA185BW,85,38,47,34
LA185BX,20,9,11,8
LA185BY,8,5,3,4
LA185BZ,22,10,12,11
LA185DA,22,12,10,10
LA185DB,88,41,47,37
LA185DD,90,41,49,32
LA185DE,7,3,4,4
LA185DF,49,26,23,14
LA185DG,6,3,3,3
LA185DH,32,18,14,11
LA185DP,47,25,22,23
LA185DR,6,2,4,2
LA185DS,46,24,22,19
LA185DT,21,11,10,9
LA185DU,25,14,11,12
LA185DW,3,2,1,1
LA185DX,32,12,20,19
LA185DY,66,27,39,29
LA185DZ,91,46,45,36
LA185EA,32,12,20,14
LA185EB,35,15,20,16
LA185ED,9,5,4,6
LA185EE,37,17,20,14
LA185EF,23,9,14,13
LA185EG,19,12,7,8
LA185EH,23,10,13,12
LA185EJ,16,4,12,8
LA185EL,12,6,6,4
LA185EN,28,13,15,15
LA185EP,100,50,50,45
LA185EQ,18,11,7,7
LA185ER,33,17,16,13
LA185EW,24,13,11,12
LA185EX,6,2,4,2
LA185EY,20,10,10,4
LA185EZ,9,5,4,5
LA185GY,13,6,7,7
LA185HA,26,13,13,11
LA185HB,45,22,23,20
LA185HD,30,15,15,13
LA185HE,16,8,8,9
LA185HF,19,9,10,10
LA185HG,29,13,16,14
LA185HH,10,5,5,5
LA185HJ,10,4,6,4
LA185HL,20,11,9,8
LA185HN,17,8,9,10
LA185HP,38,20,18,18
LA185HQ,23,10,13,8
LA185HR,42,22,20,16
LA185HS,8,5,3,3
LA185HT,1,1,0,1
LA185HU,5,2,3,2
LA185HW,47,21,26,25
LA185HX,4,1,3,2
LA185HY,23,10,13,10
LA185HZ,58,27,31,26
LA185JA,29,15,14,9
LA185JB,16,7,9,8
LA185JD,18,9,9,6
LA185JE,4,1,3,3
LA185JL,7,3,4,2
LA185JN,18,9,9,8
LA185JP,9,4,5,4
LA185JQ,10,7,3,5
LA185JR,3,1,2,2
LA185JS,10,5,5,3
LA185JT,23,11,12,7
LA185JU,3,2,1,1
LA185JW,1,1,0,1
LA185JX,11,6,5,7
LA185JZ,8,2,6,5
LA185LA,7,3,4,2
LA185LB,2,1,1,1
LA185LD,7,4,3,1
LA185LE,43,21,22,14
LA185LH,2,1,1,1
LA185LJ,12,8,4,4
LA185LL,4,1,3,3
LA185LN,7,3,4,2
LA185LP,43,23,20,20
LA185LR,9,6,3,4
LA185LS,28,14,14,12
LA185LT,6,3,3,2
LA185LU,12,5,7,5
LA185LW,15,7,8,7
LA185LX,12,6,6,4
LA185LY,20,14,6,6
LA185LZ,19,7,12,10
LA195SA,11,6,5,5
LA195TA,5,3,2,1
LA195TB,8,3,5,3
LA195TD,11,6,5,4
LA195TE,2,1,1,1
LA195TF,30,15,15,17
LA195TG,8,5,3,3
LA195TH,18,5,13,11
LA195TJ,17,8,9,8
LA195TL,3,1,2,1
LA195TN,3,1,2,1
LA195TP,9,5,4,2
LA195TQ,3,1,2,2
LA195TR,12,6,6,5
LA195TS,4,2,2,2
LA195TT,3,1,2,2
LA195TU,3,1,2,1
LA195TW,9,5,4,5
LA195TX,12,8,4,4
LA195TY,2,1,1,1
LA195UA,52,26,26,24
LA195UB,106,46,60,51
LA195UD,5,2,3,3
LA195UE,33,13,20,10
LA195UF,18,10,8,15
LA195UG,9,4,5,4
LA195UH,21,12,9,7
LA195UJ,11,7,4,7
LA195UL,36,14,22,11
LA195UN,2,0,2,2
LA195UP,29,15,14,10
LA195UQ,14,7,7,8
LA195UR,22,11,11,8
LA195US,3,2,1,2
LA195UT,6,3,3,2
LA195UW,9,5,4,3
LA195UY,11,6,5,4
LA195XA,16,4,12,4
LA195XB,28,12,16,11
LA195XD,26,15,11,12
LA195XE,71,36,35,26
LA195XF,18,10,8,10
LA195XG,8,3,5,3
LA195XH,7,3,4,3
LA195XJ,15,6,9,7
LA195XL,29,14,15,9
LA195XN,12,7,5,3
LA195XQ,6,3,3,2
LA195XS,10,4,6,3
LA195XT,2,1,1,1
LA195XU,9,5,4,4
LA195XX,3,1,2,2
LA195XY,14,6,8,5
LA195XZ,7,4,3,4
LA195YA,23,11,12,9
LA195YB,7,4,3,2
LA195YD,22,13,9,11
LA195YE,2,1,1,1
LA195YF,9,5,4,2
LA195YG,8,3,5,3
LA195YH,17,7,10,6
LA195YJ,40,25,15,19
LA195YL,15,10,5,8
LA195YN,27,13,14,13
LA195YP,6,3,3,3
LA195YQ,15,9,6,8
LA195YW,16,8,8,6
LA2 0AA,20,10,10,8
LA2 0AB,11,6,5,4
LA2 0AD,33,14,19,12
LA2 0AE,19,10,9,8
LA2 0AG,63,29,34,23
LA2 0AH,28,13,15,14
LA2 0AJ,39,17,22,13
LA2 0AN,13,6,7,6
LA2 0AP,26,12,14,9
LA2 0AQ,7,4,3,3
LA2 0AR,5,4,1,2
LA2 0AS,62,31,31,27
LA2 0AT,8,5,3,3
LA2 0AU,14,7,7,5
LA2 0AW,2,1,1,1
LA2 0AX,26,13,13,10
LA2 0AY,15,9,6,6
LA2 0AZ,12,5,7,4
LA2 0BA,20,8,12,9
LA2 0BB,12,6,6,8
LA2 0BD,10,7,3,2
LA2 0BG,43,26,17,17
LA2 0BP,19,8,11,11
LA2 0BQ,18,9,9,6
LA2 0BS,10,4,6,6
LA2 0BT,12,8,4,4
LA2 0BU,12,5,7,7
LA2 0BX,1,1,0,1
LA2 0BY,30,17,13,15
LA2 0BZ,19,13,6,11
LA2 0DB,2,1,1,1
LA2 0DE,8,4,4,6
LA2 0DF,6,3,3,4
LA2 0DG,13,8,5,4
LA2 0DH,35,20,15,14
LA2 0DJ,14,7,7,5
LA2 0DL,31,13,18,15
LA2 0DN,24,11,13,12
LA2 0DP,17,8,9,7
LA2 0DQ,28,13,15,14
LA2 0DR,20,12,8,6
LA2 0DS,24,15,9,8
LA2 0DT,16,10,6,4
LA2 0DU,15,9,6,5
LA2 0DW,1,0,1,1
LA2 0DX,7,4,3,4
LA2 0DY,42,20,22,15
LA2 0DZ,44,23,21,16
LA2 0EA,47,24,23,14
LA2 0EB,7,3,4,3
LA2 0ED,56,28,28,24
LA2 0EE,5,3,2,3
LA2 0EF,77,46,31,38
LA2 0EG,28,14,14,13
LA2 0EH,28,13,15,10
LA2 0EJ,33,14,19,15
LA2 0EL,31,15,16,12
LA2 0EN,11,5,6,6
LA2 0EP,17,7,10,5
LA2 0EQ,6,3,3,4
LA2 0ER,32,16,16,11
LA2 0ES,40,19,21,18
LA2 0ET,39,19,20,13
LA2 0EU,16,8,8,8
LA2 0EW,6,2,4,2
LA2 0GZ,23,14,9,8
LA2 0HA,33,18,15,13
LA2 0HB,14,8,6,5
LA2 0HD,14,6,8,3
LA2 0HE,69,22,47,23
LA2 0HF,19,8,11,7
LA2 0HG,13,8,5,5
LA2 0HH,8,5,3,3
LA2 0HJ,8,3,5,4
LA2 0HL,11,3,8,3
LA2 0HN,23,13,10,5
LA2 0HP,6,3,3,3
LA2 0HQ,12,7,5,5
LA2 0HR,12,6,6,6
LA2 0HS,9,4,5,3
LA2 0HW,9,3,6,5
LA2 0HZ,2,2,0,2
LA2 0JA,20,8,12,11
LA2 0JB,14,7,7,4
LA2 0JD,17,10,7,6
LA2 0JF,23,8,15,7
LA2 0JG,1,1,0,1
LA2 0JH,47,17,30,20
LA2 0JP,23,10,13,11
LA2 0JQ,2,1,1,1
LA2 0JR,66,30,36,34
LA2 0JS,26,16,10,11
LA2 0JT,6,4,2,4
LA2 0JU,14,8,6,9
LA2 0JW,67,31,36,31
LA2 0JX,8,4,4,3
LA2 0JY,40,17,23,15
LA2 0JZ,21,11,10,10
LA2 0LA,42,21,21,18
LA2 0LB,36,21,15,13
LA2 0LF,10,5,5,6
LA2 0LG,10,4,6,3
LA2 0LH,11,5,6,3
LA2 0LJ,998,451,547,0
LA2 0LL,40,20,20,21
LA2 0LN,8,4,4,4
LA2 0LP,33,17,16,14
LA2 0LQ,24,14,10,9
LA2 0LR,19,9,10,10
LA2 0LS,14,8,6,6
LA2 0LT,754,328,426,0
LA2 0LU,11,7,4,4
LA2 0LW,36,20,16,18
LA2 0LX,111,54,57,49
LA2 0LY,19,11,8,15
LA2 0LZ,57,29,28,20
LA2 0NA,46,22,24,17
LA2 0NB,82,43,39,34
LA2 0ND,9,2,7,2
LA2 0NE,11,7,4,4
LA2 0NF,21,9,12,9
LA2 0NG,13,7,6,5
LA2 0NH,48,20,28,21
LA2 0NJ,29,10,19,17
LA2 0NL,30,14,16,12
LA2 0NN,6,3,3,3
LA2 0NP,30,15,15,11
LA2 0NQ,51,21,30,22
LA2 0NR,32,16,16,14
LA2 0NS,6,2,4,3
LA2 0NT,3,2,1,1
LA2 0NU,21,10,11,9
LA2 0NW,39,18,21,18
LA2 0NX,60,27,33,30
LA2 0NY,6,3,3,4
LA2 0NZ,12,6,6,5
LA2 0PA,50,27,23,19
LA2 0PB,56,28,28,22
LA2 0PD,11,5,6,5
LA2 0PF,149,80,69,0
LA2 0PG,30,15,15,15
LA2 0PH,4,2,2,2
LA2 0PJ,445,231,214,0
LA2 0PL,24,12,12,9
LA2 0PN,41,21,20,17
LA2 0PP,7,3,4,4
LA2 0PQ,23,10,13,8
LA2 0PR,6,4,2,4
LA2 0PS,3,1,2,1
LA2 0PT,3,1,2,1
LA2 0PU,18,10,8,6
LA2 0PW,44,22,22,18
LA2 0PX,17,9,8,6
LA2 0PY,12,7,5,4
LA2 0PZ,13,5,8,4
LA2 0QA,12,8,4,6
LA2 0QB,10,4,6,4
LA2 0QD,1,1,0,1
LA2 0QE,3,1,2,1
LA2 0QF,5,3,2,2
LA2 0QG,14,8,6,4
LA2 0QH,16,8,8,7
LA2 0QJ,21,9,12,8
LA2 0QL,31,17,14,10
LA2 0QN,17,9,8,7
LA2 0QP,11,6,5,4
LA2 0QQ,18,8,10,5
LA2 0QR,8,4,4,3
LA2 0QS,13,4,9,3
LA2 0QT,12,7,5,4
LA2 0QW,26,13,13,8
LA2 0QZ,2,1,1,1
LA2 0RB,56,29,27,27
LA2 0RD,21,7,14,7
LA2 0RE,27,12,15,10
LA2 0RF,23,10,13,10
LA2 0RG,11,5,6,4
LA2 0RH,11,7,4,6
LA2 0RJ,22,12,10,8
LA2 0RL,44,23,21,14
LA2 0RN,15,9,6,10
LA2 0RP,9,4,5,4
LA2 0RQ,15,10,5,7
LA2 0RR,21,12,9,10
LA2 0RS,61,33,28,25
LA2 0RT,24,11,13,9
LA2 0RU,7,4,3,3
LA2 6AA,3,2,1,2
LA2 6AB,15,11,4,7
LA2 6AE,10,6,4,4
LA2 6AG,15,6,9,5
LA2 6AH,64,27,37,30
LA2 6AJ,22,9,13,8
LA2 6AL,36,16,20,14
LA2 6AN,11,5,6,6
LA2 6AP,54,28,26,0
LA2 6AQ,15,7,8,7
LA2 6AR,10,4,6,5
LA2 6AS,46,19,27,17
LA2 6AT,4,2,2,3
LA2 6AU,21,13,8,8
LA2 6AW,20,6,14,8
LA2 6AX,88,28,60,18
LA2 6AZ,40,19,21,17
LA2 6BA,46,16,30,20
LA2 6BB,4,3,1,1
LA2 6BD,8,4,4,5
LA2 6BE,2,1,1,1
LA2 6BG,13,7,6,5
LA2 6BH,26,11,15,8
LA2 6BJ,21,11,10,8
LA2 6BL,9,4,5,4
LA2 6BN,28,13,15,14
LA2 6BP,15,6,9,5
LA2 6BQ,3,2,1,1
LA2 6BS,60,28,32,28
LA2 6BT,23,13,10,8
LA2 6BU,15,8,7,8
LA2 6BW,2,1,1,1
LA2 6BX,56,28,28,30
LA2 6BY,74,33,41,35
LA2 6BZ,12,5,7,6
LA2 6DA,17,7,10,8
LA2 6DB,61,32,29,23
LA2 6DD,37,16,21,15
LA2 6DE,31,15,16,14
LA2 6DF,38,19,19,18
LA2 6DG,46,14,32,12
LA2 6DH,25,10,15,14
LA2 6DJ,16,6,10,7
LA2 6DL,18,7,11,7
LA2 6DN,30,12,18,15
LA2 6DP,25,13,12,13
LA2 6DQ,12,6,6,3
LA2 6DR,7,3,4,2
LA2 6DS,20,8,12,8
LA2 6DT,7,4,3,4
LA2 6DU,10,5,5,6
LA2 6DW,15,1,14,1
LA2 6DX,10,4,6,6
LA2 6DY,9,5,4,5
LA2 6DZ,12,4,8,5
LA2 6EB,57,23,34,29
LA2 6ED,21,11,10,8
LA2 6EE,27,13,14,14
LA2 6EF,37,17,20,18
LA2 6EG,20,12,8,7
LA2 6EH,22,10,12,10
LA2 6EL,21,9,12,7
LA2 6EN,42,18,24,19
LA2 6EP,12,7,5,6
LA2 6EQ,8,4,4,4
LA2 6ER,39,20,19,17
LA2 6ES,37,18,19,12
LA2 6ET,22,11,11,11
LA2 6EU,12,4,8,5
LA2 6EW,29,14,15,19
LA2 6EX,36,16,20,16
LA2 6EY,25,13,12,9
LA2 6EZ,36,15,21,13
LA2 6FB,16,7,9,9
LA2 6HA,69,35,34,28
LA2 6HB,30,12,18,14
LA2 6HD,42,20,22,24
LA2 6HE,12,5,7,5
LA2 6HF,14,8,6,5
LA2 6HG,5,2,3,3
LA2 6HH,17,7,10,7
LA2 6HJ,22,11,11,10
LA2 6HL,2,1,1,1
LA2 6HN,16,8,8,9
LA2 6HP,63,34,29,29
LA2 6HQ,29,16,13,15
LA2 6HR,29,14,15,14
LA2 6HW,19,9,10,8
LA2 6HX,60,26,34,18
LA2 6HY,6,2,4,3
LA2 6HZ,53,26,27,19
LA2 6JA,9,4,5,5
LA2 6JB,51,27,24,19
LA2 6JD,2,0,2,2
LA2 6JE,20,12,8,9
LA2 6JF,31,18,13,17
LA2 6JG,20,13,7,8
LA2 6JH,14,7,7,6
LA2 6JJ,68,27,41,31
LA2 6JL,22,9,13,12
LA2 6JN,47,18,29,34
LA2 6JP,21,8,13,10
LA2 6JQ,4,2,2,2
LA2 6JR,25,11,14,14
LA2 6JS,80,41,39,28
LA2 6JT,24,12,12,12
LA2 6JU,45,21,24,21
LA2 6JW,28,14,14,11
LA2 6JX,24,13,11,6
LA2 6JY,58,27,31,28
LA2 6JZ,28,15,13,14
LA2 6LA,29,15,14,14
LA2 6LB,29,15,14,15
LA2 6LD,38,16,22,23
LA2 6LE,41,21,20,23
LA2 6LF,10,6,4,5
LA2 6LG,15,7,8,6
LA2 6LH,24,11,13,15
LA2 6LL,12,5,7,5
LA2 6LN,11,5,6,5
LA2 6LP,31,18,13,15
LA2 6LQ,17,8,9,7
LA2 6LR,13,7,6,6
LA2 6LS,18,8,10,9
LA2 6LT,48,10,38,6
LA2 6LU,4,2,2,3
LA2 6LX,27,12,15,14
LA2 6LY,10,4,6,5
LA2 6LZ,40,20,20,20
LA2 6NA,14,6,8,9
LA2 6NB,9,6,3,3
LA2 6ND,27,13,14,13
LA2 6NH,50,26,24,24
LA2 6NJ,32,15,17,14
LA2 6NL,66,32,34,31
LA2 6NN,29,12,17,14
LA2 6NP,30,13,17,16
LA2 6NR,48,20,28,24
LA2 6NS,3,1,2,2
LA2 6NT,5,2,3,3
LA2 6NU,23,12,11,10
LA2 6NW,9,5,4,5
LA2 6NX,10,5,5,4
LA2 6NY,52,25,27,23
LA2 6NZ,27,11,16,11
LA2 6PA,25,13,12,9
LA2 6PB,3,1,2,2
LA2 6PD,17,9,8,7
LA2 6PE,6,3,3,2
LA2 6PF,6,2,4,1
LA2 6PG,13,6,7,5
LA2 6PH,16,8,8,8
LA2 6PJ,4,2,2,1
LA2 6PL,5,3,2,2
LA2 6PN,90,47,43,31
LA2 6PP,18,9,9,7
LA2 6PQ,44,25,19,12
LA2 6PR,52,24,28,25
LA2 6PS,155,77,78,65
LA2 6PT,37,19,18,15
LA2 6PU,22,11,11,9
LA2 6PW,48,22,26,24
LA2 6PX,16,6,10,8
LA2 6PY,24,10,14,11
LA2 6PZ,18,9,9,7
LA2 6QA,15,7,8,6
LA2 6QB,8,5,3,5
LA2 6QD,6,3,3,4
LA2 6QE,67,34,33,30
LA2 6QF,69,33,36,30
LA2 6QG,30,17,13,14
LA2 6QH,96,51,45,36
LA2 6QJ,31,19,12,13
LA2 6QL,47,23,24,26
LA2 6QN,20,10,10,7
LA2 6QP,19,10,9,7
LA2 6QQ,92,42,50,40
LA2 6QR,17,6,11,11
LA2 6QS,48,16,32,26
LA2 6QT,43,16,27,15
LA2 6QU,25,7,18,12
LA2 6QW,26,13,13,9
LA2 6QX,82,39,43,33
LA2 6QY,22,11,11,9
LA2 6QZ,5,3,2,3
LA2 6RA,8,5,3,3
LA2 6RB,14,6,8,6
LA2 6RD,10,6,4,4
LA2 6RE,13,7,6,4
LA2 6RF,4,2,2,1
LA2 6RG,8,3,5,3
LA2 6RJ,2,1,1,1
LA2 6RL,5,3,2,2
LA2 7AB,86,46,40,35
LA2 7AD,11,7,4,5
LA2 7AE,5,2,3,4
LA2 7AF,15,6,9,5
LA2 7AG,80,43,37,35
LA2 7AH,24,12,12,13
LA2 7AJ,19,9,10,8
LA2 7AL,10,5,5,5
LA2 7AN,25,10,15,8
LA2 7AP,29,15,14,11
LA2 7AQ,14,8,6,8
LA2 7AR,21,12,9,7
LA2 7AS,2,1,1,1
LA2 7AT,9,4,5,4
LA2 7AU,9,5,4,4
LA2 7AW,12,5,7,3
LA2 7AX,29,15,14,12
LA2 7AY,16,9,7,8
LA2 7AZ,4,2,2,2
LA2 7BA,59,29,30,28
LA2 7BB,28,12,16,10
LA2 7BD,44,23,21,23
LA2 7BE,13,6,7,5
LA2 7BF,34,17,17,17
LA2 7BG,42,20,22,24
LA2 7BH,4,2,2,1
LA2 7BJ,9,4,5,5
LA2 7BL,20,10,10,10
LA2 7BN,30,16,14,11
LA2 7BP,50,24,26,25
LA2 7BQ,10,4,6,5
LA2 7BS,38,20,18,14
LA2 7BT,38,21,17,17
LA2 7BU,17,9,8,7
LA2 7BW,8,5,3,5
LA2 7BX,24,9,15,7
LA2 7BY,13,6,7,5
LA2 7BZ,8,3,5,5
LA2 7DA,9,4,5,6
LA2 7DD,14,8,6,5
LA2 7DE,5,2,3,3
LA2 7DF,32,17,15,11
LA2 7DG,18,12,6,5
LA2 7DH,19,9,10,7
LA2 7DJ,5,3,2,2
LA2 7DL,20,10,10,10
LA2 7DN,15,8,7,6
LA2 7DP,4,2,2,3
LA2 7DQ,8,5,3,4
LA2 7DR,8,5,3,4
LA2 7DS,19,10,9,7
LA2 7DT,6,3,3,3
LA2 7DU,4,3,1,2
LA2 7DW,4,2,2,1
LA2 7DX,19,11,8,11
LA2 7DY,4,2,2,3
LA2 7DZ,25,13,12,11
LA2 7EA,2,1,1,1
LA2 7EB,6,4,2,3
LA2 7ED,5,4,1,5
LA2 7EE,14,8,6,8
LA2 7EF,3,1,2,2
LA2 7EG,3,2,1,3
LA2 7EH,4,3,1,3
LA2 7EJ,13,6,7,7
LA2 7EL,20,12,8,7
LA2 7EN,60,27,33,25
LA2 7EP,19,10,9,8
LA2 7EQ,9,2,7,7
LA2 7ER,16,5,11,9
LA2 7ES,22,11,11,11
LA2 7ET,54,25,29,22
LA2 7EU,4,2,2,1
LA2 7EW,11,6,5,5
LA2 7EX,17,9,8,6
LA2 7EY,9,5,4,4
LA2 7FD,45,21,24,19
LA2 7FE,38,18,20,14
LA2 7FG,50,23,27,22
LA2 7FH,2,1,1,1
LA2 7FJ,4,2,2,2
LA2 7GH,12,6,6,6
LA2 7HA,16,7,9,8
LA2 7HB,24,11,13,10
LA2 7HD,37,21,16,17
LA2 7HE,8,5,3,4
LA2 7HF,13,6,7,5
LA2 7HG,12,7,5,7
LA2 7HH,13,8,5,6
LA2 7HJ,16,8,8,6
LA2 7HL,5,3,2,5
LA2 7HN,25,11,14,6
LA2 7HP,10,7,3,6
LA2 7HQ,34,18,16,16
LA2 7HR,20,9,11,10
LA2 7HS,18,10,8,10
LA2 7HT,8,3,5,4
LA2 7HU,7,2,5,4
LA2 7HW,14,6,8,8
LA2 7HX,15,9,6,7
LA2 7HY,16,8,8,5
LA2 7HZ,21,7,14,9
LA2 7JA,11,4,7,6
LA2 7JB,9,5,4,4
LA2 7JD,97,53,44,35
LA2 7JE,79,36,43,31
LA2 7JF,38,21,17,14
LA2 7JG,19,9,10,8
LA2 7JH,88,41,47,41
LA2 7JJ,31,16,15,16
LA2 7JL,14,6,8,7
LA2 7JN,56,28,28,24
LA2 7JP,38,16,22,20
LA2 7JQ,13,7,6,7
LA2 7JS,17,8,9,14
LA2 7JT,18,11,7,11
LA2 7JW,27,15,12,11
LA2 7JX,9,5,4,5
LA2 7JY,29,16,13,12
LA2 7JZ,28,12,16,15
LA2 7LA,35,17,18,16
LA2 7LB,12,6,6,6
LA2 7LD,9,2,7,9
LA2 7LE,7,1,6,4
LA2 7LF,22,12,10,13
LA2 7LH,26,18,8,8
LA2 7LJ,8,4,4,4
LA2 7LL,31,14,17,11
LA2 7LN,7,2,5,3
LA2 7LP,21,12,9,9
LA2 7LQ,6,3,3,2
LA2 7LR,34,19,15,15
LA2 7LS,1,0,1,1
LA2 7LT,58,31,27,25
LA2 7LU,19,10,9,8
LA2 7LW,7,4,3,4
LA2 7LX,18,9,9,8
LA2 7LZ,8,4,4,5
LA2 7ND,38,22,16,15
LA2 7NE,57,25,32,25
LA2 7NF,12,6,6,9
LA2 7NG,20,9,11,9
LA2 7NR,5,2,3,3
LA2 7PR,8,8,0,8
LA2 8AB,14,7,7,5
LA2 8AD,8,5,3,2
LA2 8AE,19,9,10,9
LA2 8AF,6,3,3,3
LA2 8AG,21,13,8,8
LA2 8AH,16,7,9,5
LA2 8AJ,8,5,3,3
LA2 8AL,12,6,6,3
LA2 8AN,14,5,9,5
LA2 8AP,12,8,4,5
LA2 8AQ,21,10,11,12
LA2 8AR,8,3,5,4
LA2 8AS,4,2,2,2
LA2 8AT,44,26,18,15
LA2 8AW,9,5,4,4
LA2 8AZ,2,1,1,1
LA2 8BA,12,6,6,7
LA2 8BB,19,8,11,11
LA2 8BD,14,9,5,8
LA2 8BE,53,27,26,25
LA2 8BG,1,0,1,1
LA2 8BH,30,14,16,15
LA2 8BJ,11,6,5,6
LA2 8BL,11,5,6,8
LA2 8BN,38,16,22,18
LA2 8BP,12,4,8,7
LA2 8BQ,14,5,9,9
LA2 8BS,38,16,22,20
LA2 8BT,7,3,4,4
LA2 8BW,12,5,7,6
LA2 8BX,13,5,8,8
LA2 8BY,15,5,10,5
LA2 8BZ,2,1,1,1
LA2 8DA,4,2,2,2
LA2 8DB,8,5,3,3
LA2 8DD,9,6,3,3
LA2 8DE,2,1,1,1
LA2 8DF,37,16,21,15
LA2 8DG,13,6,7,7
LA2 8DH,2,1,1,1
LA2 8DJ,5,3,2,2
LA2 8DP,7,3,4,4
LA2 8DQ,25,12,13,12
LA2 8DR,34,18,16,14
LA2 8DS,13,8,5,8
LA2 8DT,10,5,5,3
LA2 8DU,2,1,1,1
LA2 8DX,5,3,2,2
LA2 8DY,12,5,7,4
LA2 8DZ,42,15,27,21
LA2 8EA,17,8,9,7
LA2 8EB,4,0,4,2
LA2 8EG,18,8,10,7
LA2 8EH,24,13,11,12
LA2 8EP,5,2,3,2
LA2 8EQ,12,7,5,6
LA2 8ER,30,11,19,14
LA2 8ES,36,20,16,13
LA2 8ET,20,12,8,7
LA2 8EU,27,13,14,10
LA2 8EW,16,4,12,9
LA2 8EX,24,11,13,10
LA2 8EY,16,8,8,8
LA2 8EZ,20,11,9,8
LA2 8HA,5,4,1,2
LA2 8HB,29,13,16,9
LA2 8HD,27,14,13,8
LA2 8HE,30,21,9,12
LA2 8HH,2,1,1,0
LA2 8HJ,4,3,1,1
LA2 8HL,4,2,2,1
LA2 8HN,13,6,7,5
LA2 8HR,38,16,22,18
LA2 8HS,19,10,9,11
LA2 8HT,23,11,12,6
LA2 8HU,18,9,9,11
LA2 8HW,10,5,5,4
LA2 8HX,8,4,4,3
LA2 8HY,11,7,4,3
LA2 8HZ,41,19,22,16
LA2 8JA,9,5,4,3
LA2 8JB,10,5,5,5
LA2 8JD,14,6,8,6
LA2 8JE,1,1,0,1
LA2 8JF,42,17,25,22
LA2 8JH,5,3,2,3
LA2 8JL,1,1,0,1
LA2 8JN,24,13,11,10
LA2 8JP,32,12,20,20
LA2 8JR,47,23,24,23
LA2 8JS,19,11,8,8
LA2 8JT,64,29,35,21
LA2 8JU,4,3,1,1
LA2 8JW,32,11,21,15
LA2 8JX,4,2,2,2
LA2 8JY,16,6,10,6
LA2 8JZ,5,2,3,3
LA2 8LA,13,5,8,7
LA2 8LB,47,20,27,21
LA2 8LD,35,18,17,16
LA2 8LE,16,9,7,7
LA2 8LF,21,12,9,7
LA2 8LG,10,6,4,5
LA2 8LJ,20,9,11,12
LA2 8LL,6,4,2,4
LA2 8LN,6,3,3,3
LA2 8LP,64,36,28,30
LA2 8LQ,62,20,42,35
LA2 8LR,4,2,2,1
LA2 8LS,14,7,7,7
LA2 8LT,20,11,9,6
LA2 8LU,49,22,27,19
LA2 8LW,24,11,13,13
LA2 8LX,30,15,15,12
LA2 8LY,8,4,4,3
LA2 8LZ,7,4,3,5
LA2 8NA,31,17,14,18
LA2 8ND,4,2,2,2
LA2 8NE,11,7,4,6
LA2 8NF,18,7,11,10
LA2 8NG,8,3,5,3
LA2 8NH,17,9,8,7
LA2 8NL,8,4,4,5
LA2 8NN,17,8,9,6
LA2 8NP,22,11,11,8
LA2 8NQ,5,2,3,1
LA2 8NS,44,44,0,0
LA2 8NT,4,2,2,1
LA2 8NU,17,8,9,8
LA2 8NW,36,18,18,12
LA2 8NX,10,5,5,4
LA2 8NY,12,5,7,4
LA2 8NZ,36,16,20,14
LA2 8PA,18,8,10,10
LA2 8PB,12,6,6,4
LA2 8PD,9,4,5,5
LA2 8PE,13,5,8,6
LA2 8PF,6,3,3,3
LA2 8PG,8,4,4,4
LA2 8PH,27,13,14,12
LA2 8PJ,6,3,3,3
LA2 8PL,15,7,8,4
LA2 8PN,12,6,6,5
LA2 8PP,8,3,5,3
LA2 8PQ,22,9,13,10
LA2 8PR,16,6,10,8
LA2 8PS,28,13,15,13
LA2 8PT,3,1,2,2
LA2 8PU,9,4,5,3
LA2 8PW,5,1,4,2
LA2 8PX,6,3,3,2
LA2 8QA,31,13,18,13
LA2 8QB,30,13,17,14
LA2 8QD,30,15,15,12
LA2 8QE,15,6,9,6
LA2 8QF,53,33,20,21
LA2 8QG,24,14,10,9
LA2 8QH,60,33,27,28
LA2 8QJ,27,14,13,13
LA2 8QL,14,7,7,5
LA2 8QN,34,16,18,18
LA2 8QP,9,4,5,4
LA2 8QQ,16,8,8,5
LA2 8QR,17,9,8,8
LA2 8QS,26,17,9,8
LA2 8QT,27,12,15,10
LA2 8QU,37,15,22,10
LA2 8QW,5,3,2,3
LA2 8QX,20,12,8,5
LA2 8QY,19,9,10,9
LA2 8QZ,15,10,5,5
LA2 8RA,32,17,15,16
LA2 8RB,30,17,13,10
LA2 8RD,6,3,3,3
LA2 8RE,20,13,7,6
LA2 8RF,22,13,9,9
LA2 8RG,19,10,9,11
LA2 8RH,15,7,8,7
LA2 8RZ,12,7,5,5
LA2 8SB,19,9,10,10
LA2 8SD,32,15,17,12
LA2 9AA,34,14,20,12
LA2 9AB,36,17,19,12
LA2 9AE,2,0,2,2
LA2 9AF,6,3,3,2
LA2 9AG,12,6,6,5
LA2 9AH,25,14,11,9
LA2 9AJ,52,26,26,29
LA2 9AL,13,8,5,6
LA2 9AN,26,11,15,10
LA2 9AP,13,6,7,5
LA2 9AQ,27,11,16,12
LA2 9AR,18,9,9,6
LA2 9AS,12,6,6,5
LA2 9AT,12,5,7,7
LA2 9AU,33,15,18,11
LA2 9AW,32,16,16,12
LA2 9AX,20,11,9,8
LA2 9AY,32,19,13,14
LA2 9AZ,12,4,8,7
LA2 9BA,40,15,25,13
LA2 9BB,35,18,17,14
LA2 9BD,18,11,7,7
LA2 9BE,18,10,8,7
LA2 9BG,15,7,8,4
LA2 9BH,8,4,4,4
LA2 9BJ,1,1,0,1
LA2 9BL,6,3,3,2
LA2 9BN,13,9,4,6
LA2 9BP,7,4,3,3
LA2 9BQ,19,10,9,8
LA2 9BS,14,8,6,6
LA2 9BU,9,4,5,4
LA2 9BW,20,11,9,6
LA2 9BX,14,7,7,6
LA2 9BY,29,16,13,10
LA2 9BZ,28,14,14,11
LA2 9DA,11,6,5,4
LA2 9DB,25,13,12,9
LA2 9DD,11,5,6,6
LA2 9DE,5,3,2,2
LA2 9DF,5,3,2,1
LA2 9DG,3,2,1,1
LA2 9DH,10,4,6,6
LA2 9DJ,5,4,1,1
LA2 9DL,13,8,5,5
LA2 9DN,6,4,2,2
LA2 9DP,14,7,7,5
LA2 9DQ,9,4,5,5
LA2 9DR,7,4,3,3
LA2 9DS,16,8,8,3
LA2 9DT,12,6,6,5
LA2 9DW,10,7,3,3
LA2 9DX,5,3,2,2
LA2 9EA,4,1,3,2
LA2 9EB,36,19,17,14
LA2 9ED,5,2,3,2
LA2 9EE,15,8,7,6
LA2 9EF,96,48,48,34
LA2 9EG,14,7,7,7
LA2 9EH,14,8,6,6
LA2 9EJ,24,11,13,9
LA2 9EL,7,3,4,2
LA2 9EN,6,2,4,3
LA2 9EP,11,5,6,3
LA2 9EQ,12,6,6,5
LA2 9ER,2,1,1,1
LA2 9ES,4,2,2,2
LA2 9ET,13,8,5,5
LA2 9EU,11,6,5,4
LA2 9EW,20,12,8,6
LA2 9EX,18,12,6,6
LA2 9EY,36,23,13,4
LA2 9EZ,7,3,4,3
LA2 9GP,9,4,5,4
LA2 9HA,6,3,3,1
LA2 9HB,2,1,1,1
LA2 9HD,13,6,7,3
LA2 9HF,2,1,1,1
LA2 9HG,18,10,8,7
LA2 9HH,9,5,4,4
LA2 9HJ,2,1,1,1
LA2 9HL,8,3,5,4
LA2 9HN,17,8,9,9
LA2 9HP,4,2,2,2
LA2 9HQ,21,9,12,10
LA2 9HS,35,17,18,18
LA2 9HU,11,9,2,5
LA2 9HW,6,3,3,2
LA2 9HX,46,22,24,21
LA2 9HY,74,33,41,45
LA2 9HZ,9,5,4,3
LA2 9JB,6,3,3,2
LA2 9JD,17,10,7,9
LA2 9JE,4,2,2,2
LA2 9JG,50,22,28,20
LA2 9JH,34,13,21,0
LA2 9JJ,32,17,15,18
LA2 9JL,11,6,5,7
LA2 9JN,24,12,12,12
LA2 9JP,13,7,6,7
LA2 9JQ,4,2,2,1
LA2 9JR,9,4,5,5
LA2 9JS,9,5,4,6
LA2 9JT,14,7,7,5
LA2 9JU,16,10,6,5
LA2 9JW,8,6,2,4
LA2 9JX,5,1,4,2
LA2 9JZ,28,13,15,11
LA2 9LA,25,14,11,9
LA2 9LB,16,9,7,6
LA2 9LD,6,4,2,5
LA2 9LE,2,1,1,1
LA2 9LF,85,40,45,42
LA2 9LG,15,10,5,3
LA2 9LH,5,2,3,2
LA2 9LJ,4,3,1,2
LA2 9LL,26,13,13,9
LA2 9LN,10,5,5,2
LA2 9LP,8,5,3,2
LA2 9LQ,6,3,3,2
LA2 9LS,9,2,7,6
LA2 9LU,3,2,1,1
LA2 9LW,3,2,1,1
LA2 9LX,7,3,4,3
LA2 9LY,2,1,1,1
LA2 9LZ,11,7,4,3
LA2 9NA,9,6,3,3
LA2 9NB,48,26,22,22
LA2 9ND,4,3,1,2
LA2 9NE,29,12,17,11
LA2 9NF,20,11,9,8
LA2 9NG,9,3,6,8
LA2 9NH,42,20,22,17
LA2 9NJ,4,0,4,3
LA2 9NL,28,15,13,13
LA2 9NN,32,15,17,13
LA2 9NP,53,22,31,20
LA2 9NQ,33,16,17,15
LA2 9NR,35,17,18,17
LA2 9NS,50,25,25,26
LA2 9NT,49,26,23,20
LA2 9NU,74,38,36,34
LA2 9NW,3,1,2,2
LA2 9NX,42,17,25,18
LA2 9NY,62,28,34,27
LA2 9PA,17,7,10,6
LA2 9PB,105,57,48,38
LA2 9PD,36,15,21,13
LA2 9PE,53,26,27,25
LA2 9PF,30,16,14,11
LA2 9PG,38,19,19,20
LA2 9PH,42,24,18,24
LA2 9PJ,79,39,40,42
LA2 9PL,5,2,3,4
LA2 9PN,21,12,9,9
LA2 9PP,6,4,2,3
LA2 9PQ,39,18,21,16
LA2 9PR,10,7,3,2
LA2 9PS,9,5,4,3
LA2 9PT,3,1,2,1
LA2 9PU,25,12,13,13
LA2 9PW,11,5,6,5
LA2 9PY,8,4,4,4
LA2 9PZ,6,3,3,3
LA2 9QA,29,12,17,16
LA2 9QB,7,4,3,4
LA2 9QD,20,10,10,8
LA2 9QE,31,14,17,16
LA2 9QF,51,25,26,26
LA2 9QG,33,19,14,13
LA2 9QH,8,6,2,6
LA2 9QJ,9,3,6,5
LA2 9QL,6,2,4,5
LA2 9QN,20,11,9,8
LA2 9QQ,6,3,3,2
LA2 9QR,69,34,35,32
LA2 9QS,44,24,20,16
LA2 9QT,62,30,32,28
LA2 9QU,43,23,20,16
LA2 9QW,9,4,5,4
LA2 9QX,31,13,18,13
LA2 9QY,57,25,32,26
LA2 9QZ,29,15,14,12
LA2 9RB,81,38,43,31
LA2 9RD,32,17,15,15
LA2 9RE,55,27,28,21
LA2 9RF,14,5,9,4
LA2 9RG,65,24,41,23
LA2 9RH,15,9,6,8
LA2 9RJ,30,9,21,18
LA2 9RL,92,39,53,46
LA2 9RN,20,9,11,12
LA2 9RP,44,24,20,19
LA2 9RQ,38,14,24,17
LA2 9RS,6,2,4,4
LA2 9RW,3,0,3,2
LA2 9RX,37,17,20,25
LA2 9RY,13,6,7,6
LA2 9RZ,20,10,10,9
LA2 9SA,10,6,4,2
LA2 9SH,23,12,11,9
LA206AA,9,5,4,4
LA206AB,7,3,4,2
LA206AD,15,9,6,5
LA206AE,17,7,10,7
LA206AG,27,16,11,11
LA206AH,6,3,3,3
LA206AJ,18,10,8,11
LA206AQ,14,7,7,7
LA206AR,8,4,4,3
LA206AS,13,6,7,4
LA206AT,5,2,3,3
LA206AU,7,3,4,3
LA206AX,23,13,10,12
LA206AY,18,9,9,7
LA206AZ,7,4,3,4
LA206BA,3,1,2,2
LA206BB,9,4,5,5
LA206BD,9,4,5,3
LA206BE,2,2,0,2
LA206BH,6,4,2,3
LA206BL,20,10,10,10
LA206BP,31,14,17,14
LA206BS,25,13,12,13
LA206BT,38,19,19,15
LA206BU,42,18,24,16
LA206BW,12,7,5,5
LA206BX,46,23,23,21
LA206BY,8,4,4,4
LA206DE,1,1,0,1
LA206DF,10,4,6,3
LA206DG,9,6,3,4
LA206DH,5,3,2,3
LA206DJ,11,7,4,3
LA206DP,6,4,2,2
LA206DQ,5,2,3,2
LA206DR,13,7,6,5
LA206DS,8,5,3,3
LA206DT,15,9,6,7
LA206DU,8,5,3,3
LA206DX,29,15,14,16
LA206DY,8,5,3,4
LA206DZ,19,10,9,9
LA206EA,28,15,13,10
LA206EB,9,6,3,4
LA206ED,25,13,12,13
LA206EE,15,6,9,9
LA206EF,4,2,2,2
LA206EG,3,2,1,2
LA206EQ,7,3,4,2
LA206ER,21,11,10,11
LA206ES,7,4,3,3
LA206ET,17,8,9,6
LA206EU,25,12,13,14
LA206EW,35,14,21,13
LA206EX,11,5,6,6
LA206EY,10,6,4,5
LA206EZ,66,31,35,26
LA206HA,7,5,2,4
LA206HB,28,15,13,14
LA206HD,1,0,1,1
LA206HF,9,2,7,3
LA206HG,9,5,4,4
LA206HH,16,7,9,7
LA206HJ,33,16,17,17
LA206HN,23,9,14,11
LA206HP,13,7,6,3
LA206HQ,31,15,16,14
LA206HR,8,6,2,5
LA206HS,18,10,8,9
LA206HT,11,4,7,4
LA206HU,6,3,3,3
LA206HW,2,1,1,1
LA206HX,9,5,4,6
LA206HY,16,8,8,7
LA206HZ,12,7,5,4
LA206JA,4,2,2,2
LA206JB,5,2,3,2
LA206JD,34,18,16,19
LA206JE,5,2,3,2
LA206JF,17,8,9,7
LA206JG,16,6,10,8
LA206JQ,21,8,13,10
LA218AA,18,7,11,7
LA218AB,4,2,2,2
LA218AD,8,3,5,5
LA218AE,9,5,4,4
LA218AF,2,1,1,1
LA218AG,8,4,4,4
LA218AH,9,5,4,3
LA218AJ,21,11,10,7
LA218AL,6,2,4,3
LA218AP,28,11,17,13
LA218AQ,18,9,9,3
LA218AR,20,8,12,12
LA218AS,5,2,3,4
LA218AT,6,3,3,3
LA218AU,26,13,13,9
LA218AW,11,8,3,5
LA218AX,6,2,4,3
LA218AZ,1,1,0,1
LA218BA,1,0,1,1
LA218BB,2,2,0,1
LA218BD,6,3,3,4
LA218BE,5,2,3,3
LA218BG,9,3,6,5
LA218BH,3,2,1,2
LA218BJ,12,6,6,6
LA218BL,5,3,2,4
LA218BN,3,2,1,1
LA218BP,3,1,2,2
LA218BQ,6,2,4,4
LA218BS,17,7,10,5
LA218BT,12,8,4,5
LA218BU,12,6,6,5
LA218BX,2,1,1,1
LA218DD,9,6,3,6
LA218DE,6,3,3,4
LA218DF,10,6,4,3
LA218DG,15,9,6,5
LA218DH,2,1,1,1
LA218DJ,1,0,1,1
LA218DL,8,4,4,3
LA218DN,3,1,2,2
LA218DP,6,2,4,2
LA218DQ,7,3,4,2
LA218DS,2,2,0,2
LA218DT,16,10,6,7
LA218DU,35,18,17,16
LA218DW,4,2,2,1
LA218DX,34,14,20,15
LA218DY,23,10,13,16
LA218DZ,29,16,13,14
LA218ED,32,19,13,13
LA218EE,5,4,1,1
LA218EF,5,2,3,2
LA218EH,21,10,11,9
LA218EJ,5,3,2,3
LA218EL,14,8,6,7
LA218EN,3,2,1,1
LA218EQ,118,57,61,45
LA218ER,23,9,14,18
LA218ET,7,2,5,4
LA218EU,7,3,4,3
LA218EW,24,13,11,9
LA218EX,5,2,3,2
LA218EZ,11,6,5,5
LA218HA,7,2,5,4
LA218HB,13,6,7,8
LA218HD,4,2,2,2
LA218HE,2,1,1,1
LA218HF,16,6,10,7
LA218HG,5,3,2,3
LA218HH,11,6,5,6
LA218HJ,11,7,4,4
LA218HL,20,10,10,8
LA218HN,14,8,6,5
LA218HP,3,2,1,1
LA218HQ,17,10,7,6
LA218HS,35,15,20,16
LA218HT,22,12,10,14
LA218HU,35,19,16,16
LA218HW,4,2,2,2
LA218HX,3,1,2,1
LA218HY,5,3,2,3
LA218HZ,33,16,17,14
LA218LA,8,4,4,4
LA220AA,2,1,1,1
LA220AB,1,0,1,1
LA220AD,69,38,31,28
LA220AE,8,3,5,5
LA220AG,6,2,4,3
LA220AJ,63,31,32,35
LA220AL,7,4,3,5
LA220AN,5,3,2,3
LA220AQ,4,4,0,3
LA220AR,19,8,11,8
LA220AS,20,11,9,9
LA220AU,74,34,40,30
LA220AW,3,1,2,2
LA220AX,20,10,10,8
LA220AY,7,5,2,3
LA220AZ,22,13,9,13
LA220BA,2,1,1,1
LA220BB,16,9,7,10
LA220BD,37,20,17,15
LA220BG,16,9,7,7
LA220BH,2,1,1,0
LA220BJ,11,7,4,4
LA220BN,19,10,9,12
LA220BP,3,2,1,1
LA220BT,24,14,10,6
LA220BU,17,8,9,10
LA220BW,11,5,6,6
LA220BX,11,7,4,5
LA220BZ,3,3,0,3
LA220DB,45,26,19,21
LA220DD,9,5,4,5
LA220DF,14,7,7,9
LA220DG,55,29,26,25
LA220DH,22,8,14,9
LA220DN,29,13,16,16
LA220DP,5,1,4,3
LA220DQ,9,3,6,6
LA220DR,8,5,3,3
LA220DS,8,4,4,4
LA220DT,2,1,1,1
LA220DU,9,6,3,3
LA220DX,9,6,3,3
LA220DY,26,12,14,16
LA220DZ,25,14,11,13
LA220EA,2,1,1,0
LA220EB,7,3,4,3
LA220EE,51,26,25,24
LA220EF,15,0,15,15
LA220EG,28,14,14,17
LA220EH,7,3,4,2
LA220EJ,5,4,1,1
LA220EN,28,16,12,16
LA220EQ,20,8,12,8
LA220ER,13,6,7,1
LA220ES,1,0,1,0
LA220ET,3,1,2,2
LA220EU,9,6,3,0
LA220EW,18,12,6,1
LA220HA,2,1,1,2
LA220HD,26,16,10,17
LA220HE,9,4,5,3
LA220HF,4,2,2,3
LA220HG,8,3,5,4
LA220HJ,2,1,1,1
LA220HN,5,2,3,2
LA220HP,3,2,1,0
LA220HR,15,7,8,7
LA220HS,6,3,3,4
LA220HT,16,8,8,9
LA220HU,9,5,4,5
LA220HX,2,1,1,1
LA220HY,5,3,2,3
LA220HZ,19,10,9,8
LA220JA,16,5,11,8
LA220JD,3,2,1,2
LA220JE,15,5,10,8
LA220JF,11,5,6,3
LA220JG,2,1,1,1
LA220JP,5,2,3,2
LA220JQ,7,2,5,3
LA220JS,9,5,4,5
LA220JT,6,3,3,4
LA220JU,7,3,4,4
LA220JX,10,6,4,4
LA220JY,5,1,4,2
LA220JZ,10,5,5,3
LA220LA,5,3,2,3
LA220LB,14,8,6,8
LA220LE,3,1,2,3
LA220LF,41,18,23,18
LA220LH,25,12,13,11
LA220LJ,2,1,1,1
LA220LL,24,13,11,10
LA220LQ,34,17,17,17
LA220LR,8,3,5,3
LA220LT,12,6,6,7
LA220LU,19,8,11,8
LA220LW,6,2,4,4
LA220LX,1,0,1,1
LA220LY,1,0,1,1
LA220LZ,18,10,8,10
LA220ND,17,5,12,8
LA220NE,13,4,9,5
LA220NF,1,0,1,1
LA220NG,5,3,2,1
LA220NH,25,12,13,12
LA220NJ,3,1,2,1
LA220NL,4,1,3,3
LA220NN,5,3,2,2
LA220NP,34,17,17,15
LA220NQ,4,2,2,0
LA220NR,20,10,10,12
LA220NS,28,14,14,12
LA220NT,16,8,8,5
LA220NU,14,6,8,8
LA220NW,16,6,10,8
LA220NX,4,2,2,3
LA220NZ,15,9,6,7
LA220PA,4,3,1,3
LA220PB,16,8,8,8
LA220PD,11,5,6,3
LA220PE,4,2,2,2
LA220PF,9,4,5,5
LA220PH,4,2,2,2
LA220PJ,25,11,14,15
LA220PL,4,2,2,2
LA220PN,6,3,3,3
LA220PP,4,2,2,1
LA220PQ,9,5,4,4
LA220PR,6,3,3,0
LA220PS,21,10,11,10
LA220PU,28,16,12,13
LA220PW,11,5,6,7
LA220PY,15,5,10,6
LA220PZ,22,11,11,8
LA220QB,5,3,2,2
LA220QD,11,8,3,0
LA220QE,24,15,9,9
LA220QF,16,9,7,5
LA220QG,25,12,13,15
LA220QH,8,5,3,3
LA220QL,14,9,5,4
LA220QN,9,6,3,4
LA220QP,7,3,4,5
LA220QQ,2,1,1,1
LA220QS,2,1,1,1
LA220QT,12,6,6,8
LA220QU,7,3,4,5
LA220QX,14,5,9,8
LA220QY,6,3,3,3
LA220QZ,17,11,6,9
LA220RB,3,1,2,2
LA220RN,4,2,2,2
LA229AB,7,3,4,4
LA229AD,20,11,9,7
LA229AE,5,2,3,3
LA229AF,1,0,1,1
LA229AG,130,65,65,52
LA229AH,8,4,4,3
LA229AJ,13,6,7,6
LA229AN,11,3,8,5
LA229AS,23,10,13,10
LA229AT,2,2,0,2
LA229AU,10,6,4,6
LA229AY,15,7,8,10
LA229AZ,12,6,6,6
LA229BA,24,8,16,12
LA229BD,106,49,57,46
LA229BE,56,26,30,31
LA229BG,26,13,13,12
LA229BH,17,9,8,8
LA229BJ,1,0,1,1
LA229BQ,154,74,80,59
LA229BS,19,11,8,6
LA229BU,19,17,2,6
LA229BW,51,14,37,42
LA229BX,9,6,3,0
LA229DG,8,3,5,6
LA229DH,27,15,12,8
LA229DJ,66,36,30,26
LA229DL,4,2,2,1
LA229DP,34,19,15,17
LA229DQ,10,7,3,5
LA229DR,4,3,1,3
LA229DT,14,6,8,11
LA229DU,11,5,6,7
LA229DX,119,47,72,51
LA229DY,5,3,2,3
LA229DZ,3,1,2,2
LA229EA,9,5,4,5
LA229EB,9,3,6,5
LA229ED,6,3,3,3
LA229EE,5,2,3,4
LA229EF,5,2,3,2
LA229EG,1,0,1,1
LA229EH,5,1,4,4
LA229EJ,32,16,16,14
LA229EL,5,3,2,4
LA229EN,10,4,6,5
LA229EP,6,3,3,3
LA229EQ,13,6,7,6
LA229ER,2,1,1,1
LA229ES,10,7,3,3
LA229ET,21,14,7,10
LA229EU,24,15,9,11
LA229EX,29,14,15,17
LA229EY,9,4,5,6
LA229EZ,5,2,3,4
LA229HA,167,80,87,66
LA229HB,12,6,6,9
LA229HD,2,2,0,2
LA229HE,9,5,4,4
LA229HF,14,6,8,7
LA229HG,23,10,13,16
LA229HH,5,1,4,3
LA229HJ,7,4,3,0
LA229HL,3,2,1,2
LA229HN,6,3,3,4
LA229HP,7,3,4,2
LA229HQ,20,11,9,8
LA229HR,13,6,7,5
LA229HS,7,2,5,2
LA229HU,5,3,2,3
LA229HW,4,2,2,3
LA229HX,7,3,4,0
LA229HY,23,13,10,7
LA229JA,3,1,2,1
LA229JB,3,1,2,1
LA229JD,52,34,18,0
LA229JE,22,12,10,10
LA229JF,27,12,15,7
LA229JG,11,5,6,6
LA229JH,5,2,3,2
LA229JJ,20,11,9,9
LA229JL,6,3,3,3
LA229JN,13,7,6,6
LA229JQ,20,11,9,9
LA229JR,4,2,2,3
LA229JS,13,8,5,7
LA229JT,18,7,11,8
LA229JU,26,16,10,10
LA229JW,8,5,3,3
LA229JX,7,4,3,0
LA229JY,7,4,3,0
LA229JZ,8,4,4,2
LA229LB,47,23,24,26
LA229LE,19,10,9,10
LA229LF,2,1,1,1
LA229LG,5,1,4,3
LA229LH,2,2,0,1
LA229LJ,15,8,7,7
LA229LL,10,4,6,6
LA229LN,5,3,2,2
LA229LP,8,3,5,2
LA229LQ,6,3,3,2
LA229LR,21,13,8,7
LA229LT,7,4,3,3
LA229LU,2,1,1,1
LA229LW,7,0,7,3
LA229LX,13,6,7,3
LA229NA,2,1,1,2
LA229NB,1,1,0,1
LA229ND,8,4,4,5
LA229NE,22,11,11,12
LA229NF,4,2,2,1
LA229NH,17,9,8,9
LA229NJ,11,6,5,2
LA229NP,20,8,12,8
LA229NQ,4,2,2,4
LA229NS,14,8,6,6
LA229NU,10,6,4,4
LA229NW,15,7,8,7
LA229NX,4,2,2,2
LA229NY,12,7,5,6
LA229NZ,3,0,3,0
LA229PA,24,11,13,10
LA229PD,5,3,2,3
LA229PE,7,4,3,2
LA229PG,6,3,3,1
LA229PL,9,5,4,4
LA229PN,19,10,9,5
LA229PP,2,1,1,1
LA229PS,18,6,12,3
LA229PT,5,3,2,3
LA229PU,15,8,7,1
LA229PW,2,1,1,0
LA229PX,17,6,11,11
LA229PY,8,5,3,3
LA229QA,12,6,6,7
LA229QB,6,4,2,4
LA229QD,5,2,3,3
LA229QE,8,4,4,3
LA229QF,6,5,1,4
LA229QG,9,3,6,1
LA229QH,11,7,4,3
LA229QJ,17,8,9,8
LA229QL,19,10,9,7
LA229QN,12,6,6,5
LA229QP,8,3,5,5
LA229QQ,52,24,28,29
LA229QR,6,2,4,4
LA229QS,5,4,1,4
LA229QT,23,10,13,14
LA229QU,1,1,0,1
LA229QW,3,1,2,0
LA229QY,12,6,6,6
LA229RA,8,4,4,3
LA229RB,4,2,2,2
LA229RD,57,26,31,19
LA229RE,12,8,4,5
LA229RF,10,6,4,0
LA229RG,23,13,10,8
LA229RH,17,8,9,5
LA229RJ,1,1,0,1
LA229RL,22,9,13,13
LA229RN,1,0,1,0
LA229RQ,28,14,14,12
LA229RR,6,2,4,3
LA229RS,18,7,11,8
LA229RU,12,8,4,5
LA229RW,39,19,20,15
LA229RX,4,2,2,2
LA229SB,5,3,2,2
LA229SD,4,2,2,0
LA229SE,4,2,2,1
LA229SF,5,2,3,3
LA229SG,11,7,4,7
LA229SH,11,6,5,6
LA229SJ,13,7,6,7
LA229SN,11,6,5,5
LA229SP,7,5,2,2
LA229SQ,11,4,7,6
LA229SS,8,6,2,0
LA229ST,3,2,1,2
LA229SU,4,2,2,2
LA229SW,35,20,15,3
LA229SX,1,0,1,1
LA229SY,3,1,2,2
LA229SZ,16,9,7,7
LA229TA,22,11,11,8
LA229TB,2,0,2,2
LA229TD,16,8,8,6
LA231AB,9,2,7,7
LA231AD,8,5,3,3
LA231AE,55,34,21,18
LA231AF,41,20,21,15
LA231AG,21,14,7,9
LA231AL,17,11,6,0
LA231AP,51,24,27,4
LA231AQ,25,12,13,14
LA231AR,7,4,3,4
LA231AS,6,4,2,4
LA231AU,63,28,35,37
LA231AW,17,7,10,7
LA231AX,21,8,13,9
LA231AY,30,15,15,15
LA231AZ,40,17,23,17
LA231BA,12,7,5,6
LA231BB,44,12,32,23
LA231BD,6,5,1,3
LA231BE,9,4,5,6
LA231BF,23,10,13,12
LA231BG,2,1,1,1
LA231BH,1,0,1,1
LA231BJ,3,1,2,1
LA231BL,5,3,2,3
LA231BN,8,4,4,4
LA231BS,15,9,6,9
LA231BT,2,0,2,2
LA231BU,38,19,19,18
LA231BW,3,1,2,2
LA231BX,25,16,9,8
LA231BY,17,7,10,11
LA231BZ,24,9,15,15
LA231DB,5,3,2,1
LA231DD,53,21,32,46
LA231DE,7,5,2,3
LA231DF,40,16,24,24
LA231DG,6,3,3,3
LA231DH,39,20,19,16
LA231DJ,37,17,20,15
LA231DL,7,4,3,2
LA231DN,6,3,3,4
LA231DP,7,5,2,1
LA231DQ,26,11,15,11
LA231DR,12,7,5,8
LA231DS,2,1,1,1
LA231DT,7,3,4,4
LA231DU,6,1,5,2
LA231DW,18,9,9,10
LA231DX,31,15,16,20
LA231DY,16,9,7,10
LA231DZ,8,5,3,6
LA231EA,14,5,9,8
LA231ED,23,8,15,9
LA231EE,6,2,4,5
LA231EG,26,14,12,11
LA231EH,39,21,18,16
LA231EJ,7,3,4,3
LA231EL,38,18,20,14
LA231EN,103,57,46,39
LA231EP,46,26,20,21
LA231EQ,9,5,4,5
LA231ES,18,8,10,4
LA231ET,9,5,4,5
LA231EU,27,10,17,17
LA231EW,14,6,8,6
LA231EX,16,8,8,10
LA231EY,16,8,8,7
LA231EZ,2,1,1,1
LA231FD,2,1,1,1
LA231FG,5,3,2,3
LA231HA,2,1,1,1
LA231HB,2,1,1,1
LA231HD,29,15,14,12
LA231HE,12,3,9,2
LA231HF,17,9,8,6
LA231HG,24,13,11,12
LA231HH,2,1,1,0
LA231HJ,11,7,4,7
LA231HL,15,6,9,6
LA231HN,17,7,10,10
LA231HP,9,3,6,2
LA231HQ,12,6,6,4
LA231HT,5,2,3,2
LA231HU,15,8,7,8
LA231HX,54,21,33,23
LA231HY,13,6,7,6
LA231HZ,8,4,4,4
LA231JA,53,22,31,26
LA231JD,26,14,12,11
LA231JE,45,10,35,34
LA231JF,8,3,5,5
LA231JG,11,4,7,6
LA231JJ,6,5,1,2
LA231JL,2,1,1,1
LA231JN,4,2,2,2
LA231JP,3,1,2,2
LA231JQ,25,10,15,12
LA231JR,18,9,9,6
LA231JS,13,6,7,5
LA231JT,8,3,5,3
LA231JU,14,7,7,7
LA231JW,18,9,9,10
LA231LA,20,8,12,6
LA231LB,7,4,3,4
LA231LD,9,3,6,4
LA231LE,4,2,2,3
LA231LF,48,20,28,35
LA231LG,5,2,3,3
LA231LH,3,2,1,2
LA231LJ,9,6,3,5
LA231LN,3,2,1,2
LA231LP,23,16,7,0
LA231LQ,19,9,10,4
LA231LR,8,2,6,2
LA231LU,16,7,9,5
LA231LW,15,5,10,0
LA231LX,6,3,3,3
LA231LY,6,3,3,4
LA231LZ,14,7,7,4
LA231NA,7,4,3,5
LA231NB,24,11,13,12
LA231NE,3,2,1,2
LA231NF,36,17,19,15
LA231NH,12,5,7,4
LA231NJ,17,8,9,7
LA231NL,18,11,7,6
LA231NP,4,1,3,3
LA231NQ,8,3,5,3
LA231NR,27,12,15,0
LA231NS,5,2,3,3
LA231NT,10,4,6,6
LA231NU,12,8,4,7
LA231NW,84,38,46,0
LA231NX,5,2,3,3
LA231NY,6,3,3,2
LA231NZ,7,4,3,2
LA231PA,7,3,4,3
LA231PB,3,1,2,2
LA231PD,1,1,0,1
LA231PE,7,3,4,4
LA231PF,12,2,10,6
LA231PG,28,12,16,12
LA231PH,4,2,2,2
LA231PJ,10,6,4,7
LA231PL,22,14,8,6
LA231PN,19,10,9,9
LA231PP,17,9,8,10
LA231PQ,5,2,3,3
LA231PR,4,2,2,1
LA231PS,1,1,0,1
LA231PT,3,1,2,2
LA231PX,9,4,5,5
LA231SA,19,7,12,12
LA232AB,69,31,38,24
LA232AD,24,11,13,10
LA232AE,9,5,4,3
LA232AF,11,5,6,1
LA232AH,30,13,17,12
LA232AL,4,3,1,1
LA232AN,17,8,9,7
LA232AR,80,37,43,25
LA232AS,38,20,18,16
LA232AT,37,18,19,15
LA232AU,20,10,10,8
LA232AW,14,7,7,5
LA232AX,35,20,15,13
LA232AY,20,11,9,9
LA232AZ,69,38,31,25
LA232BA,48,22,26,23
LA232BB,16,7,9,7
LA232BD,73,41,32,25
LA232BE,17,7,10,10
LA232BG,6,1,5,3
LA232BH,8,4,4,3
LA232BJ,38,21,17,13
LA232BN,10,6,4,8
LA232BP,10,5,5,6
LA232BQ,106,53,53,41
LA232BS,12,6,6,7
LA232BT,1,0,1,1
LA232BU,28,13,15,13
LA232BX,8,2,6,3
LA232BY,3,1,2,2
LA232BZ,10,4,6,6
LA232DA,9,6,3,3
LA232DB,9,4,5,3
LA232DD,8,5,3,4
LA232DE,2,0,2,1
LA232DF,18,12,6,5
LA232DG,47,21,26,22
LA232DH,14,7,7,9
LA232DJ,17,5,12,6
LA232DL,38,18,20,11
LA232DN,100,51,49,38
LA232DP,34,17,17,15
LA232DQ,35,18,17,13
LA232DR,102,54,48,46
LA232DS,97,49,48,36
LA232DT,23,6,17,12
LA232DU,8,3,5,4
LA232DW,19,9,10,11
LA232DX,11,5,6,5
LA232DY,80,38,42,35
LA232DZ,9,3,6,7
LA232EA,8,3,5,5
LA232EB,10,5,5,6
LA232ED,7,1,6,1
LA232EE,11,6,5,2
LA232EF,3,2,1,1
LA232EH,15,6,9,10
LA232EJ,4,0,4,4
LA232EL,75,31,44,33
LA232EN,46,20,26,21
LA232EP,16,8,8,8
LA232EQ,42,19,23,11
LA232ER,1,1,0,1
LA232ES,14,7,7,7
LA232ET,24,12,12,13
LA232EU,42,26,16,17
LA232EW,52,29,23,23
LA232EX,36,14,22,17
LA232EY,24,14,10,11
LA232EZ,33,18,15,11
LA232FD,27,12,15,15
LA232FE,87,35,52,28
LA232HA,21,11,10,10
LA232HB,50,25,25,23
LA232HD,11,5,6,6
LA232HE,9,4,5,7
LA232HF,28,14,14,11
LA232HG,11,5,6,6
LA232HH,31,15,16,12
LA232HJ,2,1,1,1
LA232HP,13,7,6,4
LA232HR,14,7,7,6
LA232HS,11,4,7,6
LA232HU,12,5,7,7
LA232HX,41,22,19,18
LA232HZ,2,1,1,2
LA232JA,2,1,1,1
LA232JB,11,4,7,7
LA232JD,6,3,3,4
LA232JE,12,7,5,9
LA232JF,11,4,7,5
LA232JG,51,26,25,18
LA232JH,20,6,14,14
LA232JJ,8,5,3,3
LA232JL,7,3,4,6
LA232JN,24,12,12,14
LA232JP,32,19,13,14
LA232JQ,16,7,9,8
LA232JS,50,23,27,22
LA232JT,46,29,17,15
LA232JU,6,4,2,4
LA232JW,45,25,20,24
LA232JY,9,6,3,7
LA232JZ,60,32,28,24
LA232LA,49,17,32,29
LA232LB,85,41,44,33
LA232LD,93,47,46,36
LA232LE,31,11,20,20
LA232LF,27,14,13,21
LA232LG,27,17,10,10
LA232LH,129,60,69,45
LA232LJ,129,61,68,49
LA232LL,42,26,16,18
LA232LN,55,24,31,26
LA232LP,58,29,29,23
LA232LQ,67,33,34,24
LA232LR,40,17,23,29
LA232LS,112,50,62,44
LA232LT,6,4,2,4
LA232LW,55,25,30,29
LA232LX,25,13,12,12
LA232LY,40,18,22,24
LA232LZ,85,44,41,35
LA232NA,1,0,1,1
LA232NB,42,16,26,25
LA232ND,88,39,49,46
LA232NF,19,10,9,8
LA232NG,2,1,1,2
LA232NH,23,15,8,10
LA232NJ,2,1,1,1
LA232NL,2,1,1,1
LA232NN,9,5,4,4
LA232NQ,27,15,12,10
LA232NW,2,1,1,1
LA232PA,16,4,12,13
LA232PR,28,8,20,26
LA233AA,12,5,7,3
LA233AB,34,19,15,18
LA233AD,3,1,2,2
LA233AE,58,30,28,28
LA233AF,3,2,1,1
LA233AG,28,12,16,15
LA233AH,9,3,6,6
LA233AJ,11,6,5,5
LA233AL,21,9,12,8
LA233AP,17,10,7,12
LA233AQ,23,12,11,12
LA233AS,20,10,10,8
LA233AT,12,6,6,5
LA233AU,54,28,26,27
LA233AW,23,10,13,13
LA233AX,98,53,45,44
LA233AY,10,5,5,3
LA233AZ,125,65,60,53
LA233BA,15,10,5,0
LA233BB,2,1,1,1
LA233BD,11,6,5,7
LA233BF,6,3,3,4
LA233BH,19,10,9,9
LA233BJ,22,11,11,9
LA233BL,17,10,7,9
LA233BN,12,7,5,9
LA233BP,12,7,5,6
LA233BS,15,10,5,10
LA233BT,9,7,2,6
LA233BU,2,2,0,0
LA233BW,1,1,0,1
LA233BX,13,6,7,6
LA233BY,5,3,2,3
LA233BZ,6,3,3,2
LA233DB,15,3,12,9
LA233DE,9,4,5,6
LA233DF,21,10,11,1
LA233DG,12,8,4,6
LA233DH,2,1,1,2
LA233DJ,12,8,4,4
LA233DL,1,1,0,1
LA233DN,2,2,0,2
LA233DP,12,6,6,7
LA233DQ,1,1,0,1
LA233DR,24,11,13,11
LA233DS,11,5,6,7
LA233DT,55,29,26,36
LA233DW,20,8,12,12
LA233DX,30,14,16,17
LA233DY,3,2,1,1
LA233EB,15,6,9,13
LA233ED,3,1,2,1
LA233EE,3,2,1,3
LA233EF,3,1,2,0
LA233EG,18,7,11,8
LA233EH,26,16,10,8
LA233EJ,4,3,1,3
LA233EL,19,10,9,0
LA233EN,4,1,3,3
LA233EP,2,2,0,0
LA233EQ,14,7,7,3
LA233ER,14,6,8,6
LA233ES,31,15,16,16
LA233ET,21,13,8,7
LA233EU,13,6,7,6
LA233EW,32,12,20,13
LA233EX,34,16,18,11
LA233EY,20,7,13,11
LA233EZ,14,6,8,4
LA233FB,8,4,4,4
LA233FJ,17,7,10,7
LA233FS,9,3,6,6
LA233GN,5,3,2,3
LA233GQ,14,8,6,7
LA233GZ,4,2,2,1
LA233HA,16,8,8,9
LA233HB,14,5,9,8
LA233HD,13,8,5,6
LA233HE,4,3,1,1
LA233HG,2,1,1,2
LA233HL,34,17,17,15
LA233HP,17,9,8,10
LA233HR,10,5,5,7
LA233HS,19,10,9,10
LA233HT,12,5,7,8
LA233HU,9,5,4,4
LA233HX,17,5,12,10
LA233HY,5,1,4,3
LA233HZ,4,3,1,1
LA233JA,2,1,1,1
LA233JB,28,14,14,12
LA233JD,37,20,17,12
LA233JE,32,14,18,14
LA233JF,21,11,10,7
LA233JG,20,10,10,8
LA233JH,9,4,5,3
LA233JJ,6,3,3,3
LA233JP,15,7,8,2
LA233JQ,2,1,1,2
LA233JR,7,4,3,5
LA233JT,12,6,6,3
LA233JU,12,5,7,3
LA233JX,2,1,1,1
LA233JY,19,9,10,11
LA233JZ,16,7,9,8
LA233LA,10,5,5,6
LA233LB,11,6,5,4
LA233LD,5,1,4,2
LA233LE,16,11,5,6
LA233LF,18,6,12,8
LA233LG,10,4,6,0
LA233LH,4,2,2,2
LA233LJ,10,6,4,4
LA233LL,15,7,8,11
LA233LN,13,8,5,7
LA233LP,2,1,1,2
LA233LQ,16,10,6,7
LA233LR,20,6,14,0
LA233LS,18,7,11,9
LA233LT,21,9,12,11
LA233LU,3,1,2,2
LA233LW,8,4,4,4
LA233LX,30,13,17,11
LA233LY,15,8,7,7
LA233LZ,2,2,0,2
LA233NA,6,3,3,2
LA233NB,1,0,1,1
LA233ND,11,6,5,7
LA233NE,14,9,5,5
LA233NF,19,10,9,0
LA233NH,54,37,17,8
LA233NJ,2,1,1,1
LA233NL,6,3,3,2
LA233NN,5,3,2,4
LA233NP,15,6,9,7
LA233NR,6,4,2,4
LA233NS,6,3,3,3
LA233NT,10,6,4,3
LA233NU,17,11,6,6
LA233NW,19,9,10,8
LA233NX,4,2,2,2
LA233NY,4,2,2,2
LA233NZ,2,1,1,1
LA233PA,10,5,5,5
LA233PB,13,8,5,5
LA233PD,15,9,6,5
LA233PE,9,6,3,2
LA233PF,1,1,0,1
LA233PG,13,6,7,5
LA233PH,10,5,5,6
LA233PJ,6,2,4,3
LA233PL,1,1,0,1
LA233PN,4,1,3,3
LA233PP,2,1,1,1
LA233PR,11,6,5,5
LA233PW,28,14,14,12
LA233QP,14,8,6,10
LA233QR,6,3,3,3
LA3 1AA,20,6,14,12
LA3 1AB,58,28,30,18
LA3 1AD,34,14,20,19
LA3 1AE,24,10,14,13
LA3 1AF,33,12,21,8
LA3 1AG,17,7,10,6
LA3 1AH,40,20,20,17
LA3 1AJ,38,21,17,16
LA3 1AL,23,10,13,10
LA3 1AN,5,2,3,2
LA3 1AP,14,8,6,7
LA3 1AQ,19,7,12,10
LA3 1AR,21,11,10,10
LA3 1AS,43,18,25,19
LA3 1AT,39,19,20,22
LA3 1AU,31,15,16,14
LA3 1AW,29,17,12,16
LA3 1AX,22,9,13,11
LA3 1AY,33,15,18,17
LA3 1AZ,17,7,10,6
LA3 1BA,10,4,6,6
LA3 1BB,24,12,12,10
LA3 1BD,26,14,12,9
LA3 1BE,57,28,29,20
LA3 1BF,11,5,6,6
LA3 1BG,51,21,30,22
LA3 1BH,31,16,15,12
LA3 1BJ,43,22,21,30
LA3 1BL,109,52,57,50
LA3 1BQ,16,6,10,7
LA3 1BS,73,49,24,45
LA3 1BU,18,11,7,13
LA3 1BY,56,29,27,34
LA3 1BZ,48,26,22,18
LA3 1DA,68,38,30,37
LA3 1DB,4,2,2,2
LA3 1DE,38,23,15,20
LA3 1DF,43,19,24,18
LA3 1DG,19,15,4,15
LA3 1DH,14,7,7,9
LA3 1DJ,58,31,27,29
LA3 1DN,74,41,33,42
LA3 1DP,99,50,49,65
LA3 1DQ,4,2,2,2
LA3 1DR,11,5,6,7
LA3 1DS,7,3,4,3
LA3 1DT,22,10,12,16
LA3 1DU,28,12,16,14
LA3 1DW,138,59,79,90
LA3 1DX,9,3,6,6
LA3 1DY,6,3,3,3
LA3 1DZ,25,11,14,21
LA3 1EB,97,45,52,41
LA3 1ED,105,54,51,34
LA3 1EE,34,20,14,13
LA3 1EF,35,13,22,14
LA3 1EG,16,6,10,6
LA3 1EJ,44,22,22,17
LA3 1EL,71,34,37,26
LA3 1EN,68,35,33,29
LA3 1EP,81,37,44,31
LA3 1EQ,17,10,7,6
LA3 1ER,91,46,45,38
LA3 1ES,42,21,21,16
LA3 1ET,53,28,25,23
LA3 1EU,14,6,8,8
LA3 1EW,42,22,20,16
LA3 1EX,112,52,60,43
LA3 1EY,16,7,9,10
LA3 1EZ,20,8,12,5
LA3 1FD,13,6,7,6
LA3 1FL,11,3,8,6
LA3 1FN,4,2,2,4
LA3 1FP,14,6,8,4
LA3 1GW,56,26,30,33
LA3 1HA,98,49,49,41
LA3 1HB,39,19,20,15
LA3 1HD,28,13,15,15
LA3 1HE,46,25,21,16
LA3 1HG,31,14,17,15
LA3 1HH,15,9,6,6
LA3 1HJ,32,18,14,13
LA3 1HL,17,8,9,7
LA3 1HN,27,13,14,13
LA3 1HP,20,10,10,8
LA3 1HQ,26,12,14,16
LA3 1HR,37,18,19,17
LA3 1HS,38,20,18,16
LA3 1HT,19,8,11,8
LA3 1HU,15,8,7,4
LA3 1HW,20,11,9,7
LA3 1HX,71,31,40,29
LA3 1HY,25,15,10,12
LA3 1HZ,66,29,37,31
LA3 1JA,38,20,18,20
LA3 1JB,82,43,39,30
LA3 1JD,37,15,22,16
LA3 1JE,26,17,9,11
LA3 1JF,49,22,27,22
LA3 1JG,63,27,36,25
LA3 1JH,69,28,41,26
LA3 1JJ,37,18,19,21
LA3 1JL,27,16,11,22
LA3 1JN,47,22,25,27
LA3 1JP,45,23,22,19
LA3 1JQ,58,29,29,26
LA3 1JR,34,15,19,18
LA3 1JS,6,3,3,3
LA3 1JT,22,8,14,12
LA3 1JU,43,25,18,17
LA3 1JW,47,22,25,26
LA3 1LH,13,9,4,9
LA3 1LN,45,20,25,18
LA3 1LP,34,16,18,16
LA3 1LR,52,26,26,23
LA3 1LS,40,18,22,13
LA3 1LT,33,15,18,17
LA3 1LU,71,27,44,31
LA3 1LW,34,18,16,17
LA3 1LX,57,29,28,25
LA3 1LY,33,14,19,19
LA3 1LZ,86,29,57,16
LA3 1NA,47,24,23,27
LA3 1NB,15,5,10,8
LA3 1ND,27,11,16,13
LA3 1NE,14,7,7,7
LA3 1NF,4,2,2,2
LA3 1NG,6,3,3,5
LA3 1NH,38,15,23,34
LA3 1NJ,29,16,13,16
LA3 1NL,63,29,34,12
LA3 1NN,61,28,33,25
LA3 1NP,24,7,17,12
LA3 1NQ,4,2,2,3
LA3 1NR,33,16,17,11
LA3 1NS,7,3,4,5
LA3 1NT,10,4,6,5
LA3 1NU,11,6,5,5
LA3 1NW,35,17,18,18
LA3 1NX,17,10,7,9
LA3 1NY,52,23,29,24
LA3 1NZ,19,10,9,11
LA3 1PA,40,19,21,21
LA3 1PB,14,6,8,6
LA3 1PD,85,42,43,32
LA3 1PE,15,4,11,3
LA3 1PF,56,27,29,28
LA3 1PG,78,40,38,34
LA3 1PH,15,7,8,4
LA3 1PJ,32,17,15,9
LA3 1PP,33,15,18,17
LA3 1PQ,21,11,10,12
LA3 1PR,14,6,8,8
LA3 1PS,23,13,10,11
LA3 1PT,63,33,30,33
LA3 1PU,23,13,10,11
LA3 1PX,17,7,10,10
LA3 1PY,37,20,17,15
LA3 1PZ,31,16,15,14
LA3 1QE,16,8,8,12
LA3 1QF,32,17,15,22
LA3 1QG,4,3,1,4
LA3 1QN,7,2,5,4
LA3 1QP,7,3,4,4
LA3 1QQ,7,2,5,3
LA3 1QT,17,9,8,6
LA3 1QX,23,10,13,9
LA3 1QY,29,16,13,21
LA3 1QZ,48,26,22,19
LA3 1RB,27,16,11,15
LA3 1RE,5,3,2,4
LA3 1RG,17,9,8,5
LA3 1RH,44,23,21,16
LA3 1RN,22,13,9,11
LA3 1RQ,32,17,15,11
LA3 1RR,67,40,27,31
LA3 1RS,27,11,16,11
LA3 1RT,37,22,15,15
LA3 1RU,114,53,61,40
LA3 1RW,3,1,2,3
LA3 1RX,51,23,28,22
LA3 1RY,37,21,16,15
LA3 1SA,45,22,23,17
LA3 1SB,22,15,7,13
LA3 1SD,72,30,42,33
LA3 1SF,7,5,2,4
LA3 1SG,38,21,17,21
LA3 1SH,87,49,38,30
LA3 1SJ,63,35,28,25
LA3 1SL,58,32,26,27
LA3 1SN,38,19,19,18
LA3 1SP,6,4,2,3
LA3 1SQ,10,7,3,7
LA3 1SR,97,48,49,37
LA3 1SS,46,24,22,13
LA3 1ST,47,23,24,21
LA3 1SU,3,3,0,3
LA3 1SX,60,25,35,25
LA3 1SY,67,29,38,27
LA3 1SZ,23,11,12,14
LA3 1TE,16,8,8,7
LA3 1TF,9,6,3,6
LA3 1TG,55,34,21,22
LA3 1TH,19,12,7,9
LA3 1TJ,2,2,0,2
LA3 1TL,21,10,11,9
LA3 1TP,41,25,16,22
LA3 1TQ,10,6,4,5
LA3 1TR,18,11,7,9
LA3 1TS,44,21,23,23
LA3 1TT,4,2,2,2
LA3 1TU,23,11,12,15
LA3 1TW,9,5,4,6
LA3 1TX,32,18,14,15
LA3 1TY,43,22,21,22
LA3 1TZ,45,21,24,16
LA3 1UA,18,7,11,7
LA3 1UB,30,9,21,12
LA3 1UD,60,35,25,20
LA3 1UE,24,13,11,12
LA3 1UG,43,19,24,16
LA3 1UH,54,29,25,18
LA3 1UL,12,5,7,6
LA3 1UN,29,14,15,10
LA3 1UP,79,37,42,34
LA3 1UQ,31,15,16,15
LA3 1UR,80,38,42,27
LA3 1UT,53,25,28,22
LA3 1UW,43,19,24,19
LA3 1UX,40,20,20,14
LA3 2AA,6,3,3,3
LA3 2AB,8,3,5,3
LA3 2AD,84,46,38,32
LA3 2AE,97,45,52,43
LA3 2AF,28,14,14,10
LA3 2AG,49,19,30,41
LA3 2AH,88,39,49,40
LA3 2AJ,57,30,27,27
LA3 2AL,32,15,17,15
LA3 2AN,11,7,4,6
LA3 2AP,46,20,26,18
LA3 2AQ,12,4,8,5
LA3 2AR,68,31,37,26
LA3 2AS,77,35,42,31
LA3 2AT,32,16,16,18
LA3 2AU,63,30,33,27
LA3 2AX,4,3,1,2
LA3 2AY,50,24,26,23
LA3 2AZ,25,11,14,12
LA3 2BA,40,21,19,17
LA3 2BB,38,16,22,17
LA3 2BD,65,34,31,29
LA3 2BE,84,42,42,39
LA3 2BG,8,4,4,3
LA3 2BH,41,17,24,14
LA3 2BJ,17,5,12,8
LA3 2BL,33,14,19,11
LA3 2BN,34,18,16,14
LA3 2BP,65,35,30,23
LA3 2BQ,56,24,32,26
LA3 2BS,20,10,10,8
LA3 2BT,124,61,63,51
LA3 2BU,53,25,28,20
LA3 2BW,50,23,27,11
LA3 2BX,44,23,21,21
LA3 2DB,54,24,30,17
LA3 2DE,56,31,25,25
LA3 2DF,69,35,34,34
LA3 2DG,79,43,36,27
LA3 2DH,36,20,16,14
LA3 2DJ,29,11,18,13
LA3 2DL,24,9,15,15
LA3 2DN,5,2,3,2
LA3 2DP,66,31,35,27
LA3 2DQ,57,26,31,26
LA3 2DR,50,26,24,27
LA3 2DS,102,51,51,42
LA3 2DT,40,21,19,16
LA3 2DU,65,26,39,32
LA3 2DX,35,19,16,14
LA3 2DY,66,33,33,36
LA3 2EA,10,5,5,3
LA3 2EB,36,16,20,13
LA3 2ED,13,9,4,6
LA3 2EE,60,34,26,25
LA3 2EF,43,18,25,19
LA3 2EG,32,16,16,16
LA3 2EH,47,23,24,20
LA3 2EJ,32,16,16,14
LA3 2EL,18,8,10,9
LA3 2EN,105,54,51,30
LA3 2EP,44,23,21,19
LA3 2EQ,37,18,19,18
LA3 2ER,57,25,32,18
LA3 2ES,73,34,39,29
LA3 2ET,52,23,29,24
LA3 2EU,32,15,17,15
LA3 2EW,126,62,64,43
LA3 2EX,41,17,24,17
LA3 2EY,22,11,11,8
LA3 2EZ,38,22,16,11
LA3 2FB,20,10,10,9
LA3 2FD,28,14,14,10
LA3 2FE,25,12,13,9
LA3 2FF,26,14,12,12
LA3 2FG,74,35,39,32
LA3 2FH,78,35,43,31
LA3 2FJ,29,17,12,10
LA3 2FL,23,13,10,7
LA3 2FP,87,45,42,25
LA3 2FQ,10,5,5,5
LA3 2GR,39,19,20,17
LA3 2GS,85,48,37,36
LA3 2HB,14,5,9,6
LA3 2HD,35,17,18,14
LA3 2HE,27,9,18,8
LA3 2HF,57,27,30,17
LA3 2HG,51,23,28,23
LA3 2HH,43,23,20,25
LA3 2HJ,140,67,73,63
LA3 2HL,37,17,20,13
LA3 2HN,23,10,13,13
LA3 2HP,12,8,4,5
LA3 2HQ,46,25,21,17
LA3 2HR,81,39,42,40
LA3 2HS,43,18,25,17
LA3 2HT,52,21,31,25
LA3 2HU,35,16,19,16
LA3 2HW,22,14,8,12
LA3 2HX,34,17,17,13
LA3 2HY,46,22,24,17
LA3 2HZ,26,13,13,12
LA3 2JD,53,31,22,17
LA3 2JF,24,10,14,17
LA3 2JH,30,12,18,12
LA3 2JJ,35,13,22,21
LA3 2JL,28,13,15,13
LA3 2JN,50,21,29,24
LA3 2JP,53,27,26,23
LA3 2JQ,62,36,26,29
LA3 2JR,52,25,27,22
LA3 2JS,10,5,5,5
LA3 2JT,32,17,15,12
LA3 2JU,39,20,19,19
LA3 2JW,40,19,21,19
LA3 2JX,48,23,25,17
LA3 2JZ,53,29,24,20
LA3 2LA,30,14,16,19
LA3 2LB,20,10,10,13
LA3 2LD,9,5,4,5
LA3 2LN,27,8,19,11
LA3 2LP,31,16,15,14
LA3 2LR,47,26,21,16
LA3 2LS,57,21,36,27
LA3 2LT,100,42,58,33
LA3 2LU,87,41,46,36
LA3 2LW,79,42,37,29
LA3 2LX,28,12,16,14
LA3 2NP,54,26,28,23
LA3 2NQ,4,2,2,2
LA3 2NR,52,26,26,19
LA3 2NS,45,23,22,20
LA3 2NT,28,16,12,12
LA3 2NU,67,33,34,29
LA3 2NW,16,4,12,10
LA3 2NX,31,15,16,14
LA3 2NY,2,1,1,2
LA3 2PA,37,16,21,17
LA3 2PB,18,8,10,8
LA3 2PD,24,11,13,12
LA3 2PE,27,14,13,13
LA3 2PF,19,9,10,10
LA3 2PG,29,13,16,10
LA3 2PH,90,44,46,32
LA3 2PJ,54,23,31,25
LA3 2PL,13,7,6,7
LA3 2PN,43,22,21,19
LA3 2PP,13,6,7,8
LA3 2PQ,39,20,19,18
LA3 2PR,19,10,9,8
LA3 2PS,25,9,16,16
LA3 2PU,9,4,5,5
LA3 2PW,49,25,24,25
LA3 2PY,22,13,9,12
LA3 2PZ,4,1,3,3
LA3 2QA,30,13,17,21
LA3 2QB,8,4,4,6
LA3 2QD,29,14,15,13
LA3 2QE,12,5,7,8
LA3 2QF,8,3,5,4
LA3 2QG,20,9,11,8
LA3 2QH,24,11,13,14
LA3 2QJ,31,15,16,13
LA3 2QL,17,8,9,8
LA3 2QN,12,6,6,7
LA3 2QP,29,14,15,11
LA3 2QQ,9,3,6,6
LA3 2QR,17,10,7,7
LA3 2QS,41,19,22,17
LA3 2QT,18,9,9,13
LA3 2QU,77,38,39,37
LA3 2QW,69,32,37,27
LA3 2QX,57,25,32,22
LA3 2RA,17,12,5,12
LA3 2RB,6,3,3,5
LA3 2RD,12,4,8,6
LA3 2RE,8,2,6,4
LA3 2RF,17,7,10,7
LA3 2RG,40,19,21,18
LA3 2RH,40,19,21,22
LA3 2RJ,9,5,4,6
LA3 2RL,38,21,17,14
LA3 2RN,42,20,22,22
LA3 2RP,27,13,14,12
LA3 2RQ,33,14,19,11
LA3 2RT,3,2,1,1
LA3 2RU,4,2,2,3
LA3 2RW,41,18,23,25
LA3 2RX,39,21,18,16
LA3 2RY,27,16,11,12
LA3 2RZ,10,6,4,6
LA3 2SA,13,6,7,7
LA3 2SB,9,5,4,3
LA3 2SD,7,3,4,2
LA3 2SF,86,39,47,56
LA3 2SG,64,35,29,34
LA3 2SH,14,8,6,9
LA3 2SJ,54,26,28,16
LA3 2SL,24,11,13,9
LA3 2SN,37,19,18,13
LA3 2SP,9,5,4,4
LA3 2SQ,20,8,12,9
LA3 2SR,15,7,8,8
LA3 2SS,10,4,6,6
LA3 2ST,58,30,28,23
LA3 2SU,92,40,52,34
LA3 2SW,25,13,12,10
LA3 2SX,8,4,4,3
LA3 2SY,40,20,20,17
LA3 2SZ,11,6,5,6
LA3 2TA,62,24,38,21
LA3 2TB,71,34,37,30
LA3 2TD,51,22,29,27
LA3 2TE,26,12,14,11
LA3 2TF,17,10,7,7
LA3 2TG,56,30,26,19
LA3 2TH,34,19,15,12
LA3 2TJ,43,22,21,16
LA3 2TL,31,18,13,12
LA3 2TN,8,4,4,3
LA3 2TP,7,2,5,4
LA3 2TQ,63,26,37,29
LA3 2TR,67,38,29,18
LA3 2TS,60,27,33,27
LA3 2TT,44,18,26,20
LA3 2TU,1,1,0,1
LA3 2TW,48,23,25,18
LA3 2TX,22,12,10,6
LA3 2TY,44,20,24,15
LA3 2UA,44,23,21,19
LA3 2UB,43,19,24,20
LA3 2UD,64,33,31,30
LA3 2UE,39,16,23,14
LA3 2UF,30,17,13,15
LA3 2UG,10,5,5,6
LA3 2UP,39,19,20,18
LA3 2UQ,40,21,19,19
LA3 2UR,5,3,2,2
LA3 2UT,66,29,37,23
LA3 2UU,61,31,30,25
LA3 2UW,14,8,6,7
LA3 2UX,85,46,39,38
LA3 2WD,47,24,23,16
LA3 2WE,39,19,20,15
LA3 2WF,127,58,69,43
LA3 2WG,86,42,44,30
LA3 2WH,46,21,25,15
LA3 2WJ,28,12,16,12
LA3 2WL,46,24,22,16
LA3 2WN,19,13,6,6
LA3 2XA,1,0,1,1
LA3 2XR,23,10,13,9
LA3 2XW,28,15,13,8
LA3 2YD,22,10,12,10
LA3 2YE,24,9,15,9
LA3 2YF,40,20,20,16
LA3 3AA,95,47,48,36
LA3 3AD,118,54,64,48
LA3 3AE,7,4,3,3
LA3 3AF,23,11,12,15
LA3 3AG,90,48,42,37
LA3 3AH,70,36,34,30
LA3 3AJ,75,37,38,35
LA3 3AL,58,31,27,27
LA3 3AN,12,7,5,5
LA3 3AP,39,20,19,18
LA3 3AQ,77,38,39,29
LA3 3AR,58,34,24,20
LA3 3AS,33,16,17,12
LA3 3AU,17,9,8,10
LA3 3AW,12,6,6,6
LA3 3BA,48,24,24,31
LA3 3BG,36,21,15,13
LA3 3BL,12,5,7,5
LA3 3BP,65,33,32,24
LA3 3BQ,32,15,17,10
LA3 3BU,12,5,7,5
LA3 3BW,13,7,6,6
LA3 3BX,185,94,91,61
LA3 3DE,22,14,8,13
LA3 3DG,18,9,9,10
LA3 3DJ,138,66,72,61
LA3 3DL,23,9,14,12
LA3 3DN,42,22,20,16
LA3 3DP,15,8,7,8
LA3 3DQ,17,7,10,5
LA3 3DR,26,13,13,10
LA3 3DT,20,10,10,6
LA3 3DU,23,11,12,12
LA3 3DW,9,5,4,4
LA3 3DX,32,12,20,16
LA3 3EB,3,2,1,1
LA3 3EE,23,11,12,10
LA3 3EF,36,19,17,17
LA3 3EG,9,4,5,4
LA3 3EH,57,30,27,24
LA3 3EJ,35,15,20,16
LA3 3EL,6,3,3,4
LA3 3EN,6,2,4,2
LA3 3EP,130,58,72,64
LA3 3EQ,6,2,4,3
LA3 3ER,8,5,3,5
LA3 3ES,8,5,3,4
LA3 3ET,13,8,5,4
LA3 3EU,22,13,9,11
LA3 3EX,6,2,4,4
LA3 3EY,2,0,2,1
LA3 3EZ,99,50,49,37
LA3 3FB,20,11,9,13
LA3 3FG,7,3,4,4
LA3 3FJ,13,5,8,8
LA3 3FL,4,1,3,3
LA3 3FN,25,11,14,14
LA3 3FR,3,2,1,2
LA3 3HA,31,15,16,14
LA3 3HB,62,31,31,22
LA3 3HD,42,24,18,17
LA3 3HE,12,6,6,6
LA3 3HF,95,49,46,37
LA3 3HG,7,2,5,3
LA3 3HH,23,12,11,11
LA3 3HJ,9,6,3,6
LA3 3HL,32,15,17,19
LA3 3HN,39,19,20,19
LA3 3HP,10,6,4,3
LA3 3HQ,55,30,25,24
LA3 3HR,24,11,13,13
LA3 3HS,8,2,6,5
LA3 3HT,31,16,15,14
LA3 3HU,115,55,60,42
LA3 3HW,4,3,1,3
LA3 3HX,13,6,7,6
LA3 3HY,26,12,14,14
LA3 3HZ,38,19,19,17
LA3 3JA,30,18,12,10
LA3 3JB,25,12,13,12
LA3 3JD,13,8,5,5
LA3 3JE,3,2,1,2
LA3 3JF,3,1,2,1
LA3 3JG,9,6,3,5
LA3 3JJ,73,39,34,41
LA3 3JN,6,3,3,3
LA3 3JP,4,2,2,3
LA3 3JQ,10,5,5,4
LA3 3JS,56,25,31,25
LA3 3JT,11,7,4,4
LA3 3JU,7,5,2,3
LA3 3JX,19,11,8,8
LA3 3JY,37,14,23,16
LA3 3JZ,37,16,21,18
LA3 3LA,45,22,23,17
LA3 3LB,12,6,6,5
LA3 3LD,44,22,22,15
LA3 3LE,25,13,12,9
LA3 3LF,37,17,20,15
LA3 3LG,96,49,47,39
LA3 3LH,23,13,10,7
LA3 3LL,21,12,9,9
LA3 3LN,27,13,14,9
LA3 3LP,7,4,3,4
LA3 3LQ,13,8,5,6
LA3 3LR,26,13,13,13
LA3 3LS,32,12,20,16
LA3 3LT,19,9,10,8
LA3 3LU,67,37,30,33
LA3 3LW,20,10,10,9
LA3 3LX,56,19,37,10
LA3 3LY,18,9,9,9
LA3 3LZ,23,10,13,11
LA3 3NA,17,9,8,10
LA3 3NB,45,22,23,19
LA3 3ND,47,22,25,17
LA3 3NE,36,14,22,13
LA3 3NF,51,20,31,27
LA3 3NG,27,13,14,14
LA3 3NH,44,21,23,18
LA3 3NJ,37,17,20,21
LA3 3NL,12,5,7,7
LA3 3NN,22,12,10,11
LA3 3NP,62,26,36,48
LA3 3NQ,5,1,4,3
LA3 3NR,4,2,2,1
LA3 3NS,14,7,7,6
LA3 3NW,22,13,9,16
LA3 3NX,67,30,37,34
LA3 3NY,36,17,19,15
LA3 3NZ,19,10,9,9
LA3 3PG,8,4,4,5
LA3 3PN,2,1,1,1
LA3 3PT,2,0,2,1
LA3 3QA,35,16,19,19
LA3 3QB,20,11,9,6
LA3 3QD,34,14,20,17
LA3 3QE,35,18,17,19
LA3 3QF,22,8,14,9
LA3 3QG,20,10,10,7
LA3 3QJ,44,21,23,19
LA3 3QL,11,5,6,5
LA3 3QN,17,9,8,7
LA3 3QP,58,19,39,37
LA3 3QQ,16,7,9,8
LA3 3QU,75,34,41,40
LA3 3QW,52,22,30,22
LA3 3RA,55,30,25,19
LA3 3RB,12,6,6,6
LA3 3RD,41,15,26,18
LA3 3RE,107,54,53,40
LA3 3RF,34,16,18,14
LA3 3RG,33,17,16,9
LA3 3RH,29,12,17,11
LA3 3RJ,28,14,14,19
LA3 3RL,97,44,53,36
LA3 3RN,56,30,26,18
LA3 3RP,17,11,6,5
LA3 3RQ,10,5,5,4
LA3 3RR,16,10,6,6
LA3 3RS,24,12,12,8
LA3 3RT,20,9,11,9
LA3 3RU,17,10,7,6
LA3 3RX,19,12,7,8
LA3 3RY,114,54,60,40
LA3 3RZ,122,63,59,44
LA3 3SA,41,25,16,13
LA3 3SB,35,17,18,17
LA3 3SD,18,8,10,8
LA3 3SE,41,24,17,17
LA3 3SF,24,11,13,7
LA3 3SG,20,12,8,6
LA3 3SH,58,24,34,24
LA3 3SL,31,15,16,13
LA3 3SN,41,22,19,20
LA3 3SP,50,16,34,18
LA3 3SQ,47,22,25,15
LA3 3SR,21,10,11,8
LA3 3ST,77,39,38,33
LA3 3SU,43,20,23,14
LA3 3SW,57,29,28,24
LA3 3SZ,2,1,1,2
LA4 4AD,6,3,3,5
LA4 4AE,5,2,3,3
LA4 4AF,27,12,15,15
LA4 4AH,4,3,1,1
LA4 4AJ,7,3,4,4
LA4 4AN,18,7,11,10
LA4 4AR,53,33,20,31
LA4 4AS,1,0,1,1
LA4 4AU,3,1,2,1
LA4 4AY,4,2,2,4
LA4 4BA,4,4,0,3
LA4 4BB,3,2,1,3
LA4 4BJ,12,6,6,8
LA4 4BL,58,29,29,31
LA4 4BQ,19,14,5,11
LA4 4BU,15,6,9,7
LA4 4BW,25,13,12,8
LA4 4BX,4,2,2,1
LA4 4DB,3,0,3,1
LA4 4DH,31,16,15,12
LA4 4DJ,71,37,34,33
LA4 4DL,115,57,58,78
LA4 4DP,33,16,17,11
LA4 4DQ,12,9,3,8
LA4 4DR,91,45,46,47
LA4 4DS,33,17,16,14
LA4 4DT,24,11,13,10
LA4 4DU,44,22,22,20
LA4 4DX,19,6,13,6
LA4 4DY,34,16,18,17
LA4 4DZ,28,16,12,15
LA4 4EA,54,27,27,18
LA4 4EB,38,16,22,14
LA4 4ED,53,28,25,20
LA4 4EE,26,9,17,13
LA4 4EF,40,24,16,16
LA4 4EG,59,23,36,45
LA4 4EH,16,7,9,9
LA4 4EL,57,27,30,29
LA4 4EN,22,8,14,10
LA4 4EQ,37,16,21,22
LA4 4ER,27,15,12,20
LA4 4ET,12,9,3,9
LA4 4EU,4,1,3,1
LA4 4EW,77,29,48,38
LA4 4EY,5,3,2,4
LA4 4EZ,10,6,4,5
LA4 4FD,33,12,21,12
LA4 4FE,9,2,7,5
LA4 4HA,13,7,6,10
LA4 4HB,10,7,3,5
LA4 4HD,19,11,8,8
LA4 4HE,13,4,9,7
LA4 4HF,11,7,4,6
LA4 4HH,42,17,25,19
LA4 4HJ,60,32,28,19
LA4 4HL,29,14,15,13
LA4 4HR,83,52,31,29
LA4 4HS,59,33,26,21
LA4 4HT,48,28,20,21
LA4 4HX,41,24,17,20
LA4 4HY,29,15,14,13
LA4 4HZ,29,16,13,16
LA4 4JA,126,65,61,49
LA4 4JB,35,20,15,22
LA4 4JD,41,20,21,19
LA4 4JE,36,20,16,20
LA4 4JF,9,5,4,4
LA4 4JG,54,33,21,24
LA4 4JH,47,26,21,31
LA4 4JJ,10,4,6,2
LA4 4JL,8,3,5,3
LA4 4JN,41,19,22,18
LA4 4JP,36,16,20,16
LA4 4JQ,67,34,33,30
LA4 4JR,44,30,14,18
LA4 4JS,34,13,21,24
LA4 4JW,39,17,22,17
LA4 4JY,15,4,11,4
LA4 4JZ,18,8,10,6
LA4 4LA,41,19,22,17
LA4 4LB,66,30,36,28
LA4 4LD,84,44,40,30
LA4 4LE,1,1,0,1
LA4 4LF,8,6,2,3
LA4 4LG,33,17,16,15
LA4 4LH,53,30,23,20
LA4 4LJ,56,29,27,23
LA4 4LL,38,18,20,14
LA4 4LN,52,23,29,20
LA4 4LP,86,39,47,37
LA4 4LQ,36,22,14,16
LA4 4LR,28,13,15,17
LA4 4LS,69,37,32,24
LA4 4LT,24,13,11,10
LA4 4LU,54,24,30,21
LA4 4LW,62,35,27,22
LA4 4LX,34,19,15,12
LA4 4LY,20,10,10,11
LA4 4LZ,8,5,3,4
LA4 4NA,85,42,43,41
LA4 4NB,71,37,34,32
LA4 4ND,34,17,17,13
LA4 4NE,37,18,19,14
LA4 4NF,52,27,25,26
LA4 4NG,25,13,12,15
LA4 4NH,38,20,18,11
LA4 4NL,89,42,47,35
LA4 4NN,55,17,38,11
LA4 4NP,61,27,34,25
LA4 4NR,72,33,39,28
LA4 4NS,13,6,7,5
LA4 4NT,21,10,11,10
LA4 4NU,11,7,4,4
LA4 4NW,14,6,8,7
LA4 4NX,75,40,35,22
LA4 4NY,88,40,48,33
LA4 4NZ,48,25,23,20
LA4 4PA,59,27,32,26
LA4 4PB,39,20,19,23
LA4 4PD,62,28,34,31
LA4 4PE,72,32,40,26
LA4 4PF,61,29,32,29
LA4 4PG,20,11,9,10
LA4 4PH,44,20,24,17
LA4 4PJ,7,3,4,3
LA4 4PL,28,16,12,14
LA4 4PN,10,4,6,7
LA4 4PP,20,10,10,8
LA4 4PQ,66,38,28,30
LA4 4PR,13,6,7,5
LA4 4PT,72,33,39,29
LA4 4PU,74,29,45,30
LA4 4PW,13,4,9,7
LA4 4PX,13,6,7,7
LA4 4PY,101,45,56,43
LA4 4PZ,101,54,47,40
LA4 4QA,54,26,28,20
LA4 4QB,71,37,34,31
LA4 4QD,17,10,7,6
LA4 4QE,21,8,13,8
LA4 4QF,76,34,42,29
LA4 4QG,122,58,64,53
LA4 4QH,110,46,64,42
LA4 4QJ,62,32,30,25
LA4 4QN,22,9,13,11
LA4 4QP,14,7,7,6
LA4 4QR,41,18,23,19
LA4 4QS,44,22,22,15
LA4 4QT,11,7,4,6
LA4 4QU,44,25,19,19
LA4 4QW,37,16,21,16
LA4 4QX,79,33,46,23
LA4 4RD,48,22,26,27
LA4 4RE,85,36,49,46
LA4 4RF,22,12,10,12
LA4 4RG,54,23,31,31
LA4 4RH,65,36,29,39
LA4 4RJ,26,11,15,15
LA4 4RL,52,25,27,26
LA4 4RN,63,27,36,36
LA4 4RQ,11,6,5,6
LA4 4RR,100,45,55,44
LA4 4RS,44,17,27,18
LA4 4RT,47,21,26,21
LA4 4RU,36,18,18,13
LA4 4RW,81,39,42,41
LA4 4SB,12,8,4,5
LA4 4SD,28,14,14,11
LA4 4SE,39,16,23,21
LA4 4SF,30,13,17,15
LA4 4SG,19,10,9,8
LA4 4SH,61,29,32,28
LA4 4SJ,67,26,41,33
LA4 4SL,48,22,26,24
LA4 4SN,18,9,9,9
LA4 4SP,68,33,35,36
LA4 4SQ,40,19,21,21
LA4 4SR,14,6,8,8
LA4 4SS,113,53,60,53
LA4 4ST,10,6,4,4
LA4 4SU,9,6,3,6
LA4 4SW,14,8,6,8
LA4 4SX,49,22,27,19
LA4 4SY,40,18,22,23
LA4 4SZ,18,6,12,10
LA4 4TD,46,21,25,19
LA4 4TE,25,8,17,7
LA4 4TF,55,24,31,23
LA4 4TG,3,1,2,1
LA4 4TH,65,32,33,43
LA4 4TJ,32,15,17,19
LA4 4TL,2,0,2,1
LA4 4TN,67,30,37,28
LA4 4TP,121,52,69,63
LA4 4TR,21,11,10,12
LA4 4TS,33,19,14,19
LA4 4TT,57,25,32,31
LA4 4TU,81,41,40,47
LA4 4TW,62,34,28,27
LA4 4TX,32,14,18,18
LA4 4TY,54,25,29,14
LA4 4TZ,73,36,37,24
LA4 4UA,64,26,38,17
LA4 4UB,23,8,15,9
LA4 4UD,11,5,6,6
LA4 4UE,32,21,11,14
LA4 4UF,87,36,51,41
LA4 4UG,25,8,17,18
LA4 4UH,8,4,4,6
LA4 4UJ,126,55,71,54
LA4 4UL,42,23,19,20
LA4 4UN,42,21,21,16
LA4 4UP,5,3,2,1
LA4 4UQ,52,25,27,26
LA4 4UR,10,5,5,7
LA4 4UT,11,5,6,8
LA4 4UU,29,16,13,11
LA4 4UW,41,16,25,38
LA4 4UY,16,4,12,13
LA4 4UZ,6,2,4,4
LA4 4XA,48,20,28,18
LA4 4XB,69,34,35,24
LA4 4XD,49,26,23,24
LA4 4XE,5,1,4,4
LA4 5AA,23,15,8,13
LA4 5AB,42,21,21,21
LA4 5AE,4,1,3,2
LA4 5AG,2,1,1,1
LA4 5AH,49,28,21,18
LA4 5AJ,5,1,4,4
LA4 5AL,26,11,15,14
LA4 5AN,69,29,40,40
LA4 5AQ,69,39,30,45
LA4 5AR,52,12,40,8
LA4 5AT,22,14,8,14
LA4 5AU,82,16,66,0
LA4 5BB,69,36,33,38
LA4 5BD,4,1,3,2
LA4 5BE,2,1,1,1
LA4 5BH,9,3,6,5
LA4 5BJ,24,11,13,11
LA4 5BL,5,3,2,3
LA4 5BN,123,42,81,35
LA4 5BP,45,20,25,19
LA4 5BQ,54,27,27,17
LA4 5BS,26,11,15,15
LA4 5BW,40,22,18,22
LA4 5BX,9,6,3,4
LA4 5BY,41,17,24,18
LA4 5DB,1,1,0,1
LA4 5DF,4,3,1,2
LA4 5DH,2,0,2,2
LA4 5DN,1,0,1,1
LA4 5DX,6,1,5,4
LA4 5DY,28,14,14,19
LA4 5DZ,9,4,5,6
LA4 5EA,18,7,11,11
LA4 5EE,2,0,2,1
LA4 5EF,9,4,5,7
LA4 5EG,18,10,8,10
LA4 5EL,3,2,1,1
LA4 5EN,14,6,8,6
LA4 5EP,37,21,16,21
LA4 5EQ,12,7,5,8
LA4 5ES,21,10,11,10
LA4 5EU,15,11,4,7
LA4 5EX,78,43,35,28
LA4 5EY,11,4,7,4
LA4 5EZ,5,2,3,4
LA4 5FG,24,14,10,21
LA4 5HA,7,4,3,4
LA4 5HB,64,28,36,27
LA4 5HD,10,7,3,6
LA4 5HE,38,22,16,23
LA4 5HF,20,10,10,10
LA4 5HG,9,3,6,5
LA4 5HH,6,3,3,3
LA4 5HL,13,6,7,5
LA4 5HN,49,29,20,27
LA4 5HP,30,12,18,11
LA4 5HQ,6,3,3,5
LA4 5HR,71,38,33,36
LA4 5HS,64,27,37,20
LA4 5HT,24,8,16,15
LA4 5HW,2,1,1,1
LA4 5HX,17,8,9,10
LA4 5HZ,35,20,15,17
LA4 5JA,23,9,14,13
LA4 5JB,20,11,9,13
LA4 5JD,30,18,12,12
LA4 5JE,16,9,7,5
LA4 5JF,61,27,34,24
LA4 5JG,61,29,32,20
LA4 5JH,20,10,10,10
LA4 5JJ,10,4,6,5
LA4 5JL,59,37,22,39
LA4 5JP,3,1,2,2
LA4 5JQ,18,11,7,13
LA4 5JR,1,1,0,1
LA4 5JU,26,12,14,11
LA4 5JX,37,19,18,11
LA4 5JY,11,6,5,6
LA4 5LA,61,21,40,53
LA4 5LD,61,44,17,42
LA4 5LE,77,43,34,37
LA4 5LF,31,21,10,10
LA4 5LG,49,14,35,40
LA4 5LH,54,37,17,28
LA4 5LJ,68,38,30,32
LA4 5LP,72,37,35,22
LA4 5LQ,31,16,15,10
LA4 5LR,28,11,17,12
LA4 5LS,43,16,27,19
LA4 5LT,63,20,43,51
LA4 5LU,55,28,27,19
LA4 5LW,42,24,18,21
LA4 5LX,69,31,38,24
LA4 5LY,36,18,18,16
LA4 5LZ,59,28,31,24
LA4 5ND,100,53,47,38
LA4 5NE,39,18,21,18
LA4 5NF,54,26,28,22
LA4 5NG,31,19,12,16
LA4 5NH,24,10,14,12
LA4 5NP,107,58,49,39
LA4 5NQ,78,38,40,38
LA4 5NS,50,24,26,37
LA4 5NW,18,7,11,8
LA4 5NX,76,36,40,29
LA4 5NY,58,24,34,35
LA4 5NZ,49,27,22,19
LA4 5PA,3,1,2,2
LA4 5PB,23,13,10,11
LA4 5PD,89,47,42,13
LA4 5PE,60,37,23,25
LA4 5PF,35,21,14,20
LA4 5PG,45,22,23,16
LA4 5PH,42,25,17,23
LA4 5PJ,34,16,18,22
LA4 5PL,34,21,13,16
LA4 5PN,7,3,4,5
LA4 5PP,98,46,52,29
LA4 5PR,18,8,10,6
LA4 5PS,44,17,27,21
LA4 5PT,10,3,7,7
LA4 5PU,26,18,8,14
LA4 5PW,79,38,41,29
LA4 5PX,2,1,1,1
LA4 5PY,29,15,14,12
LA4 5PZ,32,19,13,12
LA4 5QB,71,38,33,33
LA4 5QD,37,16,21,16
LA4 5QH,3,1,2,0
LA4 5QJ,56,30,26,20
LA4 5QL,8,4,4,2
LA4 5QN,75,42,33,25
LA4 5QP,23,12,11,9
LA4 5QR,92,43,49,35
LA4 5QS,82,32,50,36
LA4 5QU,49,18,31,16
LA4 5QW,17,6,11,7
LA4 5RA,44,19,25,11
LA4 5RB,21,12,9,7
LA4 5RE,39,18,21,15
LA4 5RF,23,10,13,8
LA4 5RG,36,18,18,17
LA4 5RH,38,21,17,15
LA4 5RJ,73,37,36,32
LA4 5RL,111,60,51,43
LA4 5RN,110,53,57,40
LA4 5RQ,11,4,7,9
LA4 5RU,152,76,76,61
LA4 5RY,63,34,29,24
LA4 5RZ,5,2,3,3
LA4 5SA,23,12,11,12
LA4 5SB,21,10,11,9
LA4 5SD,40,9,31,33
LA4 5SE,97,51,46,41
LA4 5SF,12,7,5,6
LA4 5SG,18,7,11,10
LA4 5SH,54,23,31,19
LA4 5SJ,76,41,35,28
LA4 5SL,27,11,16,14
LA4 5SN,21,8,13,12
LA4 5SP,21,12,9,8
LA4 5SQ,28,13,15,16
LA4 5SR,120,54,66,48
LA4 5SS,109,51,58,43
LA4 5ST,50,22,28,20
LA4 5SU,80,36,44,31
LA4 5SW,21,10,11,9
LA4 5SX,45,22,23,18
LA4 5SY,19,9,10,6
LA4 5SZ,35,17,18,15
LA4 5TA,38,15,23,16
LA4 5TB,39,22,17,15
LA4 5TD,15,7,8,11
LA4 5TE,13,4,9,7
LA4 5TF,33,16,17,17
LA4 5TH,8,4,4,3
LA4 5TJ,4,2,2,3
LA4 5TL,48,21,27,20
LA4 5TN,17,9,8,11
LA4 5TP,60,32,28,24
LA4 5TR,59,27,32,19
LA4 5TS,33,13,20,16
LA4 5TT,37,16,21,17
LA4 5TU,28,15,13,10
LA4 5TW,62,29,33,27
LA4 5TX,58,27,31,27
LA4 5TY,69,32,37,32
LA4 5TZ,44,20,24,18
LA4 5UA,47,25,22,18
LA4 5UB,18,6,12,11
LA4 5UD,19,11,8,12
LA4 5UE,34,15,19,15
LA4 5UF,53,30,23,23
LA4 5UG,53,23,30,23
LA4 5UH,49,18,31,23
LA4 5UJ,70,37,33,28
LA4 5UL,53,28,25,23
LA4 5UN,107,46,61,46
LA4 5UP,31,12,19,12
LA4 5UQ,30,13,17,17
LA4 5UR,75,34,41,25
LA4 5UT,38,18,20,22
LA4 5UU,11,5,6,7
LA4 5UW,49,20,29,18
LA4 5XA,99,47,52,35
LA4 5XB,10,4,6,6
LA4 5XD,64,30,34,26
LA4 5XE,15,8,7,4
LA4 5XF,55,25,30,24
LA4 5XG,19,9,10,9
LA4 5XH,32,16,16,12
LA4 5XJ,53,27,26,22
LA4 5XL,49,28,21,20
LA4 5XN,51,25,26,20
LA4 5XP,43,19,24,21
LA4 5XQ,31,21,10,12
LA4 5XR,30,18,12,11
LA4 5XS,46,24,22,17
LA4 5XT,107,55,52,38
LA4 5XU,49,25,24,23
LA4 5XW,59,28,31,22
LA4 5XX,57,29,28,24
LA4 5XY,75,35,40,29
LA4 5XZ,67,33,34,25
LA4 5YA,28,15,13,9
LA4 5YB,23,10,13,16
LA4 5YD,8,3,5,5
LA4 5YL,44,15,29,38
LA4 6AA,65,24,41,22
LA4 6AB,23,10,13,16
LA4 6AD,36,17,19,22
LA4 6AE,26,13,13,14
LA4 6AF,48,14,34,16
LA4 6AG,10,3,7,7
LA4 6AJ,4,3,1,1
LA4 6AL,14,9,5,6
LA4 6AN,11,6,5,5
LA4 6AP,60,24,36,19
LA4 6AQ,6,5,1,2
LA4 6AR,15,7,8,7
LA4 6AS,15,5,10,9
LA4 6AT,57,30,27,26
LA4 6AU,8,4,4,5
LA4 6AW,6,2,4,4
LA4 6AX,7,3,4,2
LA4 6AY,72,26,46,59
LA4 6AZ,27,11,16,16
LA4 6BA,39,20,19,20
LA4 6BB,74,28,46,34
LA4 6BD,52,22,30,26
LA4 6BE,61,29,32,27
LA4 6BH,4,1,3,2
LA4 6BN,88,46,42,47
LA4 6BP,30,7,23,21
LA4 6BQ,23,10,13,16
LA4 6BS,3,1,2,2
LA4 6BT,111,47,64,67
LA4 6BW,92,45,47,38
LA4 6BX,1,0,1,1
LA4 6BY,29,13,16,16
LA4 6DD,2,1,1,1
LA4 6DE,34,9,25,18
LA4 6DF,41,7,34,7
LA4 6DG,61,32,29,24
LA4 6DH,18,6,12,14
LA4 6DJ,41,22,19,19
LA4 6DL,43,11,32,36
LA4 6DN,29,11,18,19
LA4 6DP,21,9,12,14
LA4 6DQ,51,26,25,24
LA4 6DT,7,3,4,4
LA4 6DU,14,5,9,4
LA4 6DW,34,12,22,23
LA4 6DX,24,12,12,9
LA4 6DY,71,35,36,32
LA4 6DZ,25,14,11,11
LA4 6EA,74,37,37,34
LA4 6EB,130,68,62,51
LA4 6EE,39,18,21,25
LA4 6EF,79,33,46,37
LA4 6EG,3,1,2,2
LA4 6EH,26,9,17,15
LA4 6EJ,48,22,26,27
LA4 6EL,88,47,41,37
LA4 6EN,51,26,25,32
LA4 6EP,70,39,31,26
LA4 6EQ,61,28,33,24
LA4 6ER,29,15,14,12
LA4 6ES,15,8,7,6
LA4 6ET,11,7,4,3
LA4 6EU,57,25,32,27
LA4 6EX,9,3,6,4
LA4 6EY,7,4,3,2
LA4 6EZ,45,21,24,23
LA4 6HA,36,19,17,12
LA4 6HB,57,28,29,24
LA4 6HD,49,23,26,23
LA4 6HE,83,34,49,32
LA4 6HF,5,1,4,4
LA4 6HG,27,11,16,10
LA4 6HH,7,2,5,5
LA4 6HJ,49,23,26,23
LA4 6HL,5,2,3,4
LA4 6HN,34,14,20,19
LA4 6HP,16,6,10,9
LA4 6HQ,37,18,19,20
LA4 6HR,28,14,14,12
LA4 6HS,57,24,33,34
LA4 6HT,17,6,11,14
LA4 6HU,20,10,10,10
LA4 6HW,31,14,17,16
LA4 6HX,22,12,10,10
LA4 6HY,75,33,42,47
LA4 6HZ,26,15,11,16
LA4 6JB,139,67,72,52
LA4 6JD,80,41,39,37
LA4 6JH,11,7,4,7
LA4 6JJ,23,11,12,13
LA4 6JP,68,36,32,28
LA4 6JR,22,9,13,10
LA4 6JS,32,18,14,14
LA4 6JT,7,4,3,3
LA4 6JU,31,16,15,16
LA4 6JX,37,14,23,18
LA4 6JY,58,27,31,34
LA4 6JZ,42,19,23,26
LA4 6LA,41,18,23,22
LA4 6LB,26,8,18,19
LA4 6LD,13,5,8,8
LA4 6LE,9,4,5,6
LA4 6LF,30,15,15,20
LA4 6LG,23,10,13,16
LA4 6LH,10,4,6,6
LA4 6LJ,38,17,21,19
LA4 6LL,31,16,15,14
LA4 6LN,99,38,61,39
LA4 6LQ,23,9,14,14
LA4 6LR,12,4,8,8
LA4 6LS,21,8,13,8
LA4 6LT,82,38,44,40
LA4 6LU,79,36,43,36
LA4 6LY,30,15,15,18
LA4 6LZ,27,11,16,12
LA4 6NB,35,16,19,18
LA4 6ND,26,11,15,12
LA4 6NE,43,20,23,24
LA4 6NF,9,6,3,5
LA4 6NG,75,40,35,31
LA4 6NH,28,12,16,14
LA4 6NJ,26,12,14,9
LA4 6NL,44,13,31,37
LA4 6NN,13,5,8,11
LA4 6NP,40,17,23,19
LA4 6NQ,39,18,21,21
LA4 6NR,44,22,22,21
LA4 6NS,120,61,59,40
LA4 6NT,30,15,15,13
LA4 6NU,54,25,29,21
LA4 6NW,24,9,15,10
LA4 6NX,44,22,22,17
LA4 6NY,27,13,14,11
LA4 6NZ,21,9,12,15
LA4 6PA,15,7,8,8
LA4 6PB,17,9,8,9
LA4 6PD,25,8,17,12
LA4 6PE,12,6,6,5
LA4 6PF,34,15,19,16
LA4 6PG,15,7,8,9
LA4 6PH,9,3,6,4
LA4 6PJ,10,5,5,4
LA4 6PL,39,18,21,15
LA4 6PN,55,28,27,23
LA4 6PP,50,21,29,31
LA4 6PQ,38,21,17,15
LA4 6PR,16,7,9,10
LA4 6PS,38,13,25,22
LA4 6PT,23,12,11,9
LA4 6PU,29,14,15,11
LA4 6PW,22,12,10,9
LA4 6PX,64,33,31,27
LA4 6PY,74,33,41,37
LA4 6PZ,5,2,3,2
LA4 6QA,15,8,7,7
LA4 6QB,25,13,12,12
LA4 6QD,4,2,2,2
LA4 6QE,3,1,2,2
LA4 6QF,15,3,12,13
LA4 6QG,32,15,17,19
LA4 6QH,8,4,4,6
LA4 6QL,14,8,6,5
LA4 6QP,18,8,10,10
LA4 6QQ,18,9,9,9
LA4 6QR,37,19,18,17
LA4 6QS,43,17,26,23
LA4 6QT,58,31,27,32
LA4 6QU,21,10,11,13
LA4 6QX,64,26,38,32
LA4 6QY,21,9,12,12
LA4 6QZ,24,11,13,14
LA4 6RA,38,16,22,23
LA4 6RB,57,25,32,33
LA4 6RD,22,9,13,12
LA4 6RE,37,20,17,24
LA4 6RF,19,10,9,11
LA4 6RG,33,13,20,22
LA4 6RH,35,15,20,10
LA4 6RJ,16,7,9,5
LA4 6RL,11,5,6,6
LA4 6RN,21,13,8,16
LA4 6RP,32,15,17,16
LA4 6RQ,15,8,7,10
LA4 6RR,64,32,32,26
LA4 6RS,74,36,38,31
LA4 6RU,40,20,20,13
LA4 6RW,21,9,12,9
LA4 6RX,29,14,15,13
LA4 6RY,26,11,15,16
LA4 6RZ,11,6,5,7
LA4 6SA,13,7,6,5
LA4 6SB,35,17,18,24
LA4 6SD,64,31,33,27
LA4 6SE,65,29,36,30
LA4 6SF,28,14,14,12
LA4 6SG,20,9,11,10
LA4 6SH,47,22,25,21
LA4 6SJ,17,9,8,8
LA4 6SL,55,24,31,26
LA4 6SN,9,4,5,4
LA4 6SP,13,7,6,8
LA4 6SQ,51,20,31,24
LA4 6SR,81,43,38,32
LA4 6ST,33,8,25,1
LA4 6SW,20,10,10,8
LA4 6SX,40,16,24,15
LA4 6SY,13,6,7,7
LA4 6SZ,26,12,14,14
LA4 6TA,16,9,7,6
LA4 6TB,13,7,6,10
LA4 6TD,44,15,29,31
LA4 6TE,47,21,26,30
LA4 6TF,35,18,17,23
LA4 6TG,34,15,19,19
LA4 6TH,47,24,23,23
LA4 6TJ,7,2,5,4
LA4 6TL,54,24,30,29
LA4 6TN,10,5,5,6
LA4 6TP,20,12,8,12
LA4 6TQ,56,28,28,30
LA4 6TR,41,16,25,19
LA4 6TS,33,11,22,17
LA4 6TT,31,13,18,16
LA4 6TU,9,4,5,6
LA4 6TW,60,20,40,45
LA4 6TX,6,4,2,4
LA4 6TY,40,23,17,15
LA4 6TZ,85,45,40,32
LA4 6UA,46,19,27,28
LA4 6UB,32,16,16,16
LA4 6UD,23,10,13,11
LA4 6UE,43,19,24,23
LA4 6UF,14,9,5,7
LA4 6UG,8,3,5,5
LA4 6UQ,4,2,2,3
LA4 6UZ,36,17,19,18
LA5 0AA,34,12,22,4
LA5 0AB,8,6,2,3
LA5 0AD,59,25,34,34
LA5 0AE,36,23,13,12
LA5 0AF,12,5,7,8
LA5 0AG,22,14,8,12
LA5 0AH,21,10,11,9
LA5 0AJ,10,4,6,4
LA5 0AL,14,8,6,8
LA5 0AN,75,32,43,54
LA5 0AP,57,23,34,33
LA5 0AQ,7,4,3,3
LA5 0AR,32,15,17,15
LA5 0AS,15,8,7,8
LA5 0AT,50,22,28,30
LA5 0AU,47,27,20,21
LA5 0AW,56,21,35,18
LA5 0AX,13,6,7,6
LA5 0AZ,7,4,3,4
LA5 0BB,17,7,10,8
LA5 0BD,21,12,9,9
LA5 0BG,27,12,15,15
LA5 0BH,9,5,4,5
LA5 0BJ,36,18,18,21
LA5 0BL,13,6,7,7
LA5 0BN,10,5,5,4
LA5 0BP,30,14,16,17
LA5 0BQ,17,9,8,8
LA5 0BS,16,5,11,8
LA5 0BT,19,9,10,11
LA5 0BU,35,19,16,18
LA5 0BW,8,2,6,3
LA5 0BX,29,13,16,18
LA5 0BY,32,15,17,15
LA5 0DA,2,1,1,1
LA5 0DB,17,10,7,6
LA5 0DE,16,8,8,7
LA5 0DF,15,4,11,9
LA5 0DG,4,2,2,2
LA5 0DH,7,3,4,4
LA5 0DJ,26,13,13,13
LA5 0DL,15,8,7,6
LA5 0DN,10,6,4,4
LA5 0DP,41,16,25,20
LA5 0DQ,19,9,10,9
LA5 0DR,25,8,17,11
LA5 0DS,5,2,3,2
LA5 0DT,17,8,9,10
LA5 0DU,40,20,20,18
LA5 0DW,37,12,25,15
LA5 0DX,7,6,1,3
LA5 0DY,28,13,15,11
LA5 0DZ,34,16,18,15
LA5 0EA,40,22,18,16
LA5 0EB,9,5,4,4
LA5 0ED,11,6,5,3
LA5 0EE,22,11,11,11
LA5 0EF,27,14,13,12
LA5 0EG,63,31,32,26
LA5 0EH,55,25,30,22
LA5 0EJ,28,12,16,11
LA5 0EL,13,5,8,7
LA5 0EN,5,2,3,3
LA5 0EP,22,10,12,12
LA5 0EQ,24,12,12,12
LA5 0ER,32,19,13,12
LA5 0ES,49,22,27,19
LA5 0ET,8,3,5,5
LA5 0EU,6,1,5,5
LA5 0EW,56,29,27,24
LA5 0EX,18,9,9,10
LA5 0EY,51,23,28,26
LA5 0HA,25,11,14,14
LA5 0HD,10,4,6,5
LA5 0HE,26,11,15,12
LA5 0HF,16,10,6,8
LA5 0HG,15,8,7,8
LA5 0HH,25,12,13,15
LA5 0HJ,31,14,17,14
LA5 0HL,21,7,14,12
LA5 0HN,1,0,1,1
LA5 0HP,15,8,7,8
LA5 0HQ,10,4,6,4
LA5 0HR,58,28,30,29
LA5 0HS,2,0,2,1
LA5 0HT,29,13,16,15
LA5 0HU,45,23,22,27
LA5 0HW,22,9,13,13
LA5 0HX,47,22,25,24
LA5 0HY,30,15,15,13
LA5 0HZ,21,11,10,11
LA5 0JA,9,6,3,4
LA5 0JE,5,1,4,4
LA5 0JF,2,2,0,2
LA5 0JG,15,6,9,6
LA5 0JH,47,20,27,31
LA5 0RA,44,21,23,24
LA5 0RD,44,23,21,23
LA5 0RE,14,6,8,5
LA5 0RF,50,32,18,16
LA5 0RG,8,6,2,0
LA5 0RH,11,5,6,6
LA5 0RJ,4,2,2,2
LA5 0RN,38,17,21,21
LA5 0RP,19,9,10,10
LA5 0RQ,4,2,2,2
LA5 0RR,71,34,37,28
LA5 0RS,34,17,17,11
LA5 0RT,15,6,9,7
LA5 0RU,15,7,8,6
LA5 0RW,7,4,3,4
LA5 0RX,31,13,18,15
LA5 0RY,13,7,6,6
LA5 0RZ,41,21,20,19
LA5 0SA,11,7,4,5
LA5 0SB,13,7,6,7
LA5 0SD,23,12,11,10
LA5 0SE,43,21,22,18
LA5 0SF,16,9,7,6
LA5 0SG,20,1,19,1
LA5 0SH,4,2,2,2
LA5 0SL,22,12,10,8
LA5 0SP,13,7,6,7
LA5 0SQ,22,7,15,10
LA5 0SR,13,6,7,6
LA5 0SS,19,11,8,7
LA5 0ST,10,5,5,7
LA5 0SU,53,24,29,31
LA5 0TA,51,27,24,24
LA5 0TB,6,4,2,3
LA5 0TD,43,22,21,23
LA5 0TE,12,7,5,5
LA5 0TF,19,10,9,8
LA5 0TG,39,17,22,21
LA5 0TH,33,16,17,14
LA5 0TJ,12,4,8,7
LA5 0TL,10,5,5,5
LA5 0TN,35,14,21,15
LA5 0TP,61,31,30,30
LA5 0TQ,38,16,22,22
LA5 0TR,11,6,5,5
LA5 0TS,5,4,1,2
LA5 0TT,63,32,31,27
LA5 0TU,48,24,24,24
LA5 0TW,5,2,3,2
LA5 0TX,54,29,25,21
LA5 0TZ,11,5,6,6
LA5 0UA,29,11,18,9
LA5 0UB,7,3,4,4
LA5 0UD,7,3,4,4
LA5 0UE,4,1,3,1
LA5 0UF,2,1,1,1
LA5 0UG,87,43,44,40
LA5 0UH,27,13,14,13
LA5 0UJ,1,0,1,1
LA5 0UL,11,5,6,5
LA5 0UN,2,1,1,1
LA5 0UQ,1,1,0,1
LA5 0UR,28,16,12,15
LA5 0US,7,3,4,4
LA5 0UT,14,7,7,5
LA5 8AA,9,5,4,5
LA5 8AB,13,6,7,5
LA5 8AD,24,10,14,9
LA5 8AE,7,2,5,5
LA5 8AF,19,10,9,7
LA5 8AG,31,18,13,12
LA5 8AH,45,25,20,21
LA5 8AJ,46,22,24,16
LA5 8AN,65,31,34,24
LA5 8AP,31,16,15,11
LA5 8AQ,58,29,29,23
LA5 8AR,45,26,19,19
LA5 8AS,44,20,24,21
LA5 8AT,12,6,6,7
LA5 8AU,11,4,7,6
LA5 8AW,127,61,66,52
LA5 8AX,25,12,13,12
LA5 8AY,20,11,9,12
LA5 8AZ,12,6,6,5
LA5 8BA,13,5,8,9
LA5 8BB,7,4,3,4
LA5 8BD,53,24,29,29
LA5 8BE,12,5,7,8
LA5 8BF,6,4,2,2
LA5 8BG,45,22,23,21
LA5 8BH,115,58,57,48
LA5 8BL,12,6,6,3
LA5 8BQ,27,16,11,12
LA5 8BS,2,1,1,1
LA5 8BT,13,9,4,4
LA5 8BU,30,14,16,13
LA5 8BX,32,15,17,12
LA5 8BY,11,5,6,6
LA5 8BZ,4,3,1,2
LA5 8DA,71,32,39,27
LA5 8DB,33,16,17,15
LA5 8DD,31,15,16,13
LA5 8DE,13,7,6,5
LA5 8DF,41,18,23,18
LA5 8DG,23,15,8,5
LA5 8DH,44,18,26,22
LA5 8DJ,27,12,15,14
LA5 8DL,19,7,12,11
LA5 8DN,26,13,13,10
LA5 8DP,11,3,8,5
LA5 8DQ,27,12,15,12
LA5 8DR,22,11,11,12
LA5 8DS,40,20,20,16
LA5 8DU,3,1,2,2
LA5 8DW,11,5,6,5
LA5 8DX,13,5,8,6
LA5 8DY,94,40,54,39
LA5 8DZ,75,35,40,43
LA5 8EA,6,3,3,5
LA5 8EB,14,5,9,6
LA5 8ED,20,10,10,5
LA5 8EE,17,6,11,12
LA5 8EF,32,11,21,19
LA5 8EG,8,5,3,5
LA5 8EH,40,22,18,18
LA5 8EJ,36,18,18,19
LA5 8EL,6,3,3,4
LA5 8EN,34,17,17,17
LA5 8EP,8,5,3,5
LA5 8EQ,48,20,28,19
LA5 8ER,5,1,4,2
LA5 8ES,2,1,1,1
LA5 8ET,32,15,17,12
LA5 8EU,17,7,10,10
LA5 8EW,59,30,29,28
LA5 8EX,65,30,35,31
LA5 8EY,45,25,20,17
LA5 8EZ,37,20,17,17
LA5 8FB,69,32,37,26
LA5 8FD,28,15,13,13
LA5 8HA,67,30,37,27
LA5 8HB,55,26,29,28
LA5 8HD,47,25,22,23
LA5 8HE,21,9,12,8
LA5 8HF,41,23,18,15
LA5 8HG,89,47,42,33
LA5 8HH,71,34,37,31
LA5 8HJ,130,67,63,51
LA5 8HL,62,29,33,28
LA5 8HN,25,11,14,13
LA5 8HP,41,23,18,18
LA5 8HQ,40,18,22,18
LA5 8HR,14,7,7,7
LA5 8HS,50,22,28,22
LA5 8HT,37,16,21,13
LA5 8HU,10,6,4,7
LA5 8HW,63,29,34,30
LA5 8JA,25,13,12,11
LA5 8JB,20,9,11,10
LA5 8JD,4,2,2,2
LA5 8JE,28,14,14,15
LA5 8JF,73,37,36,30
LA5 8JG,11,5,6,6
LA5 8JH,8,4,4,4
LA5 8JJ,26,11,15,9
LA5 8JL,21,11,10,8
LA5 8JN,29,15,14,11
LA5 8JP,5,3,2,2
LA5 8JQ,43,24,19,17
LA5 8JR,41,18,23,14
LA5 8JS,28,12,16,12
LA5 8JT,40,21,19,15
LA5 8JW,74,37,37,30
LA5 8JX,27,12,15,11
LA5 8JY,46,23,23,23
LA5 8JZ,53,24,29,22
LA5 8LA,11,5,6,6
LA5 8LB,19,9,10,7
LA5 8LD,33,13,20,16
LA5 8LE,16,8,8,7
LA5 8LF,17,9,8,7
LA5 8LG,33,16,17,14
LA5 8LH,31,16,15,13
LA5 8LJ,23,8,15,12
LA5 8LL,52,25,27,25
LA5 8LN,9,6,3,2
LA5 8LP,2,1,1,1
LA5 8LQ,22,11,11,10
LA5 8LX,39,13,26,17
LA5 8LY,78,38,40,32
LA5 8LZ,9,4,5,5
LA5 9AD,90,42,48,32
LA5 9AE,54,30,24,16
LA5 9AF,39,21,18,19
LA5 9AG,68,33,35,26
LA5 9AH,17,8,9,10
LA5 9AJ,86,27,59,47
LA5 9AL,60,22,38,39
LA5 9AN,49,23,26,18
LA5 9AP,36,16,20,14
LA5 9AQ,28,13,15,13
LA5 9AR,140,76,64,49
LA5 9AS,118,59,59,45
LA5 9AT,43,21,22,14
LA5 9AU,88,46,42,33
LA5 9AW,35,19,16,13
LA5 9AX,48,24,24,24
LA5 9AY,25,14,11,11
LA5 9AZ,63,32,31,26
LA5 9BA,60,31,29,23
LA5 9BB,34,18,16,15
LA5 9BD,41,20,21,13
LA5 9BE,41,26,15,17
LA5 9BF,6,3,3,4
LA5 9BG,4,2,2,1
LA5 9BH,17,10,7,12
LA5 9BJ,29,9,20,25
LA5 9BL,16,7,9,8
LA5 9BN,13,6,7,5
LA5 9BP,43,19,24,22
LA5 9BW,35,13,22,16
LA5 9BX,65,31,34,27
LA5 9BY,24,11,13,11
LA5 9BZ,6,3,3,3
LA5 9DA,42,18,24,21
LA5 9DD,58,24,34,31
LA5 9DE,19,9,10,8
LA5 9DF,13,7,6,6
LA5 9DG,15,6,9,7
LA5 9DH,70,35,35,33
LA5 9DJ,28,17,11,9
LA5 9DL,169,89,80,69
LA5 9DN,21,9,12,12
LA5 9DP,8,4,4,3
LA5 9DR,47,24,23,24
LA5 9DS,13,8,5,6
LA5 9DT,40,22,18,19
LA5 9DU,67,26,41,26
LA5 9DX,37,17,20,19
LA5 9DY,96,45,51,43
LA5 9DZ,7,3,4,2
LA5 9EA,44,18,26,22
LA5 9ED,10,5,5,5
LA5 9EE,56,30,26,27
LA5 9EF,38,17,21,14
LA5 9EG,40,17,23,18
LA5 9EH,87,40,47,34
LA5 9EJ,49,21,28,30
LA5 9EL,8,5,3,4
LA5 9EN,14,6,8,8
LA5 9EQ,35,18,17,20
LA5 9EW,24,10,14,13
LA5 9EY,3,2,1,2
LA5 9EZ,23,8,15,10
LA5 9FB,14,6,8,7
LA5 9GX,40,21,19,15
LA5 9GY,5,2,3,2
LA5 9HD,16,9,7,11
LA5 9HE,60,29,31,34
LA5 9HF,19,8,11,9
LA5 9HG,9,4,5,4
LA5 9HH,23,11,12,13
LA5 9HJ,18,11,7,12
LA5 9HL,66,30,36,36
LA5 9HN,19,9,10,8
LA5 9HP,4,2,2,1
LA5 9HQ,8,3,5,4
LA5 9HR,89,40,49,38
LA5 9HS,22,8,14,9
LA5 9HT,11,4,7,6
LA5 9HU,37,16,21,19
LA5 9HW,9,3,6,5
LA5 9HY,15,9,6,5
LA5 9HZ,1,1,0,1
LA5 9JA,30,13,17,8
LA5 9JB,48,26,22,20
LA5 9JD,41,22,19,17
LA5 9JE,58,31,27,21
LA5 9JF,18,12,6,10
LA5 9JG,57,25,32,26
LA5 9JH,49,30,19,25
LA5 9JJ,64,33,31,24
LA5 9JL,2,1,1,1
LA5 9JN,24,13,11,8
LA5 9JP,33,18,15,20
LA5 9JQ,49,23,26,24
LA5 9JS,27,11,16,16
LA5 9JT,18,9,9,9
LA5 9JX,19,14,5,11
LA5 9JY,20,9,11,7
LA5 9JZ,2,1,1,1
LA5 9LA,22,11,11,9
LA5 9LB,2,1,1,1
LA5 9LD,74,33,41,34
LA5 9LE,44,22,22,26
LA5 9LF,113,58,55,48
LA5 9LG,30,15,15,18
LA5 9LH,33,19,14,16
LA5 9LJ,17,11,6,8
LA5 9LL,10,4,6,7
LA5 9LN,26,11,15,13
LA5 9LP,51,21,30,24
LA5 9LQ,30,12,18,9
LA5 9LR,52,30,22,23
LA5 9LS,21,13,8,13
LA5 9LT,2,1,1,1
LA5 9LU,164,67,97,44
LA5 9LX,85,43,42,39
LA5 9LY,8,4,4,3
LA5 9LZ,5,3,2,2
LA5 9NA,50,24,26,23
LA5 9NB,3,2,1,2
LA5 9ND,14,7,7,5
LA5 9NE,16,9,7,6
LA5 9NG,18,9,9,8
LA5 9NH,5,3,2,3
LA5 9NJ,87,40,47,40
LA5 9NN,55,26,29,22
LA5 9NP,33,13,20,22
LA5 9NR,50,25,25,16
LA5 9NS,40,21,19,17
LA5 9NT,27,12,15,12
LA5 9NU,101,51,50,42
LA5 9NW,13,7,6,6
LA5 9NY,56,30,26,24
LA5 9NZ,9,3,6,6
LA5 9PE,18,11,7,7
LA5 9PG,55,26,29,25
LA5 9PH,3,2,1,2
LA5 9PJ,103,48,55,56
LA5 9PL,7,4,3,2
LA5 9PN,49,25,24,26
LA5 9PP,43,18,25,15
LA5 9PQ,7,3,4,3
LA5 9PR,34,18,16,16
LA5 9PS,5,3,2,2
LA5 9PT,16,8,8,8
LA5 9PU,16,6,10,6
LA5 9PW,21,7,14,7
LA5 9PX,14,8,6,4
LA5 9PY,88,44,44,32
LA5 9PZ,42,24,18,24
LA5 9QA,40,20,20,14
LA5 9QB,14,6,8,8
LA5 9QD,43,18,25,19
LA5 9QE,33,16,17,15
LA5 9QF,67,29,38,30
LA5 9QG,86,31,55,34
LA5 9QH,30,16,14,16
LA5 9QJ,21,11,10,10
LA5 9QL,15,5,10,5
LA5 9QN,24,10,14,10
LA5 9QP,26,10,16,16
LA5 9QQ,10,4,6,5
LA5 9QR,8,4,4,5
LA5 9QS,26,13,13,9
LA5 9QT,56,24,32,21
LA5 9QU,18,9,9,9
LA5 9QW,21,12,9,8
LA5 9QX,6,3,3,2
LA5 9QY,25,11,14,12
LA5 9QZ,39,20,19,19
LA5 9RA,43,20,23,25
LA5 9RD,3,1,2,1
LA5 9RF,4,2,2,2
LA5 9RL,8,6,2,2
LA5 9RN,3,1,2,2
LA5 9RP,4,3,1,1
LA5 9RR,5,2,3,3
LA5 9RW,20,10,10,8
LA5 9RX,2,1,1,1
LA5 9RY,6,1,5,1
LA5 9RZ,11,5,6,5
LA5 9SA,15,5,10,7
LA5 9SB,12,5,7,5
LA5 9SD,11,6,5,3
LA5 9SE,16,1,15,0
LA5 9SF,19,9,10,10
LA5 9SG,30,13,17,16
LA5 9SH,10,5,5,6
LA5 9SJ,26,11,15,14
LA5 9SL,8,2,6,4
LA5 9SN,16,6,10,9
LA5 9SP,12,4,8,7
LA5 9SQ,7,3,4,4
LA5 9SR,4,2,2,2
LA5 9ST,36,14,22,16
LA5 9SW,1,1,0,1
LA5 9SX,26,12,14,14
LA5 9SY,57,28,29,24
LA5 9SZ,7,3,4,5
LA5 9TA,81,35,46,37
LA5 9TB,58,30,28,26
LA5 9TD,24,12,12,10
LA5 9TE,10,5,5,4
LA5 9TF,3,1,2,2
LA5 9TG,1,1,0,1
LA5 9TH,5,2,3,3
LA5 9TJ,8,4,4,2
LA5 9TL,33,18,15,11
LA5 9TN,9,4,5,6
LA5 9TP,4,2,2,1
LA5 9TS,167,76,91,56
LA5 9TT,245,130,115,86
LA5 9TU,98,50,48,34
LA5 9TW,6,3,3,2
LA5 9TX,54,29,25,19
LA5 9TY,6,3,3,2
LA5 9UB,1,0,1,1
LA5 9UD,15,8,7,7
LA5 9UH,33,16,17,16
LA5 9UJ,74,33,41,25
LA5 9UL,63,28,35,21
LA5 9UN,46,23,23,16
LA5 9UP,27,15,12,8
LA5 9UR,68,34,34,25
LA5 9UT,27,15,12,13
LA5 9UU,17,7,10,8
LA5 9UW,90,44,46,29
LA5 9UX,14,6,8,8
LA5 9XA,62,28,34,29
LA5 9XB,36,19,17,16
LA5 9XD,9,2,7,4
LA5 9XE,18,8,10,11
LA5 9XF,18,7,11,10
LA5 9XG,45,21,24,20
LA5 9XH,51,26,25,22
LA5 9XJ,13,8,5,9
LA5 9XL,54,23,31,31
LA5 9XN,43,19,24,20
LA5 9XQ,14,9,5,5
LA5 9XT,30,17,13,12
LA5 9XW,20,10,10,10
LA6 1AA,14,6,8,9
LA6 1AB,8,4,4,3
LA6 1AD,55,31,24,30
LA6 1AE,8,6,2,2
LA6 1AF,1,0,1,1
LA6 1AG,11,6,5,3
LA6 1AH,6,2,4,2
LA6 1AJ,7,4,3,2
LA6 1AL,20,10,10,8
LA6 1AN,13,8,5,5
LA6 1AP,48,24,24,17
LA6 1AQ,27,10,17,8
LA6 1AR,13,6,7,3
LA6 1AS,24,14,10,12
LA6 1AT,26,10,16,10
LA6 1AU,65,35,30,26
LA6 1AW,6,4,2,3
LA6 1AX,43,21,22,16
LA6 1AY,14,8,6,8
LA6 1AZ,25,12,13,11
LA6 1BA,22,8,14,12
LA6 1BB,17,8,9,7
LA6 1BD,26,13,13,9
LA6 1BE,8,4,4,6
LA6 1BG,11,7,4,5
LA6 1BH,6,3,3,3
LA6 1BJ,9,4,5,6
LA6 1BL,3,1,2,1
LA6 1BN,7,1,6,3
LA6 1BP,3,1,2,2
LA6 1BQ,17,9,8,9
LA6 1BS,32,17,15,16
LA6 1BT,8,3,5,5
LA6 1BU,17,7,10,8
LA6 1BX,21,12,9,10
LA6 1BY,18,10,8,9
LA6 1BZ,7,3,4,4
LA6 1DA,25,12,13,12
LA6 1DB,6,1,5,5
LA6 1DD,17,10,7,9
LA6 1DE,132,69,63,57
LA6 1DF,10,5,5,5
LA6 1DG,26,10,16,17
LA6 1DH,5,3,2,3
LA6 1DJ,27,12,15,15
LA6 1DL,11,8,3,4
LA6 1DN,7,2,5,4
LA6 1DP,26,12,14,14
LA6 1DQ,16,7,9,8
LA6 1DR,35,16,19,15
LA6 1DS,7,4,3,2
LA6 1DT,75,36,39,30
LA6 1DU,7,4,3,4
LA6 1DW,10,4,6,7
LA6 1DX,15,8,7,8
LA6 1DY,22,9,13,8
LA6 1DZ,8,6,2,3
LA6 1EA,9,6,3,3
LA6 1EB,24,10,14,7
LA6 1ED,27,15,12,14
LA6 1EE,13,8,5,5
LA6 1EF,40,16,24,14
LA6 1EG,10,5,5,5
LA6 1EH,18,8,10,6
LA6 1EJ,30,14,16,15
LA6 1EL,3,2,1,2
LA6 1EN,31,15,16,16
LA6 1EP,27,14,13,11
LA6 1EQ,12,8,4,4
LA6 1ER,38,21,17,16
LA6 1ES,15,6,9,7
LA6 1ET,9,3,6,6
LA6 1EU,21,12,9,8
LA6 1EW,10,3,7,5
LA6 1EX,7,5,2,4
LA6 1EY,29,16,13,14
LA6 1EZ,26,10,16,11
LA6 1FB,26,11,15,9
LA6 1FD,5,0,5,4
LA6 1FE,2,1,1,1
LA6 1FF,5,2,3,3
LA6 1FG,6,3,3,3
LA6 1GN,5,3,2,3
LA6 1GP,4,2,2,2
LA6 1GQ,6,3,3,4
LA6 1GR,4,4,0,4
LA6 1GY,17,7,10,6
LA6 1GZ,16,9,7,7
LA6 1HA,27,11,16,12
LA6 1HB,14,6,8,5
LA6 1HD,2,1,1,1
LA6 1HF,20,9,11,7
LA6 1HG,9,4,5,5
LA6 1HH,84,38,46,39
LA6 1HJ,4,1,3,1
LA6 1HL,29,10,19,10
LA6 1HN,19,7,12,10
LA6 1HP,27,13,14,8
LA6 1HQ,22,11,11,11
LA6 1HR,9,3,6,3
LA6 1HS,15,6,9,5
LA6 1HT,18,9,9,9
LA6 1HU,43,16,27,16
LA6 1HX,18,9,9,8
LA6 1HY,168,89,79,62
LA6 1HZ,26,12,14,10
LA6 1JA,8,4,4,4
LA6 1JB,74,42,32,28
LA6 1JD,9,4,5,4
LA6 1JE,22,9,13,9
LA6 1JG,18,10,8,6
LA6 1JH,24,13,11,12
LA6 1JJ,7,6,1,2
LA6 1JL,68,33,35,31
LA6 1JN,10,4,6,4
LA6 1JP,47,23,24,20
LA6 1JQ,13,7,6,6
LA6 1JR,30,13,17,16
LA6 1JS,42,24,18,15
LA6 1JT,33,12,21,15
LA6 1JU,29,10,19,15
LA6 1JW,2,1,1,1
LA6 1JX,10,5,5,5
LA6 1JY,1,1,0,1
LA6 1JZ,17,9,8,8
LA6 1LA,3,1,2,2
LA6 1LD,10,4,6,6
LA6 1LF,1,1,0,1
LA6 1LG,10,6,4,4
LA6 1LH,23,12,11,11
LA6 1LJ,10,6,4,5
LA6 1LL,13,7,6,6
LA6 1LN,71,33,38,25
LA6 1LP,7,4,3,3
LA6 1LQ,7,4,3,7
LA6 1LR,15,6,9,8
LA6 1LS,5,3,2,3
LA6 1LT,10,7,3,3
LA6 1LU,11,5,6,8
LA6 1LW,21,13,8,8
LA6 1LX,36,18,18,13
LA6 1LY,9,5,4,5
LA6 1LZ,24,16,8,12
LA6 1NA,18,9,9,9
LA6 1NB,11,7,4,7
LA6 1ND,3,1,2,2
LA6 1NE,100,45,55,44
LA6 1NF,62,25,37,27
LA6 1NG,33,15,18,13
LA6 1NH,10,4,6,4
LA6 1NJ,7,2,5,3
LA6 1NL,21,9,12,8
LA6 1NN,25,12,13,10
LA6 1NP,53,27,26,22
LA6 1NQ,32,16,16,15
LA6 1NR,37,18,19,14
LA6 1NS,62,32,30,21
LA6 1NT,72,35,37,27
LA6 1NU,31,17,14,13
LA6 1NW,64,36,28,32
LA6 1NX,33,15,18,15
LA6 1NY,2,1,1,1
LA6 1NZ,6,3,3,1
LA6 1PA,11,7,4,4
LA6 1PB,30,14,16,12
LA6 1PD,32,14,18,13
LA6 1PE,8,4,4,4
LA6 1PF,18,7,11,6
LA6 1PG,25,11,14,9
LA6 1PH,11,3,8,5
LA6 1PJ,25,14,11,10
LA6 1PL,62,28,34,24
LA6 1PN,9,4,5,5
LA6 1PP,124,61,63,56
LA6 1PQ,18,11,7,8
LA6 1PR,4,3,1,2
LA6 1PS,39,15,24,19
LA6 1PT,112,54,58,46
LA6 1PU,39,20,19,19
LA6 1PW,10,6,4,5
LA6 1PX,33,17,16,13
LA6 1PY,35,18,17,18
LA6 1PZ,21,12,9,10
LA6 1QA,48,21,27,21
LA6 1QB,9,4,5,6
LA6 1QD,64,32,32,26
LA6 1QE,8,4,4,5
LA6 1QF,23,11,12,12
LA6 1QG,113,58,55,46
LA6 1QH,5,3,2,4
LA6 1QJ,34,16,18,14
LA6 1QL,104,53,51,50
LA6 1QN,28,15,13,12
LA6 1QP,2,1,1,1
LA6 1QQ,31,17,14,11
LA6 1QR,3,1,2,2
LA6 1QS,26,9,17,12
LA6 1QT,6,5,1,5
LA6 1QU,22,12,10,12
LA6 1QW,13,6,7,6
LA6 1QX,19,9,10,10
LA6 1QY,18,8,10,8
LA6 1QZ,14,7,7,5
LA6 1RA,26,13,13,11
LA6 1RB,44,17,27,21
LA6 1RD,3,2,1,1
LA6 1RE,19,11,8,9
LA6 1RF,54,23,31,20
LA6 1RG,28,12,16,14
LA6 1RJ,35,14,21,7
LA6 1RL,12,5,7,4
LA6 1RN,2,1,1,1
LA6 1RP,5,2,3,1
LA6 1RQ,11,6,5,5
LA6 1RR,23,11,12,9
LA6 1RS,5,3,2,3
LA6 1RT,37,22,15,18
LA6 1RW,13,9,4,10
LA6 1RX,48,21,27,29
LA6 1RY,43,20,23,16
LA6 1RZ,3,1,2,2
LA6 1SD,49,21,28,21
LA6 1SE,30,13,17,13
LA6 1SF,14,8,6,7
LA6 1TB,36,18,18,15
LA6 2AA,3,3,0,1
LA6 2AB,58,21,37,43
LA6 2AD,8,4,4,4
LA6 2AE,16,6,10,10
LA6 2AF,5,2,3,4
LA6 2AH,21,14,7,15
LA6 2AJ,19,10,9,12
LA6 2AL,7,3,4,3
LA6 2AN,10,6,4,6
LA6 2AP,35,15,20,17
LA6 2AQ,23,10,13,15
LA6 2AR,21,7,14,16
LA6 2AS,9,5,4,7
LA6 2AT,33,15,18,23
LA6 2AU,24,12,12,13
LA6 2AW,25,14,11,10
LA6 2AX,10,3,7,7
LA6 2AY,15,6,9,8
LA6 2AZ,5,3,2,3
LA6 2BA,13,5,8,5
LA6 2BD,52,20,32,16
LA6 2BE,58,29,29,37
LA6 2BF,23,11,12,12
LA6 2BG,29,15,14,11
LA6 2BH,8,3,5,5
LA6 2BJ,3,1,2,2
LA6 2BL,4,2,2,3
LA6 2BN,22,6,16,21
LA6 2BP,24,9,15,9
LA6 2BQ,37,20,17,18
LA6 2BT,11,6,5,5
LA6 2BU,25,10,15,18
LA6 2BW,7,3,4,4
LA6 2BX,6,3,3,4
LA6 2BY,63,31,32,23
LA6 2BZ,7,3,4,7
LA6 2DA,26,11,15,12
LA6 2DB,48,22,26,26
LA6 2DD,3,2,1,2
LA6 2DE,8,3,5,5
LA6 2DF,43,19,24,19
LA6 2DG,20,10,10,7
LA6 2DH,81,39,42,32
LA6 2DJ,57,28,29,24
LA6 2DP,27,16,11,15
LA6 2DQ,40,18,22,16
LA6 2DR,14,9,5,4
LA6 2DS,53,24,29,18
LA6 2DT,75,36,39,34
LA6 2DU,35,10,25,3
LA6 2DX,9,2,7,7
LA6 2DY,22,12,10,10
LA6 2DZ,40,21,19,2
LA6 2EA,5,3,2,2
LA6 2EB,12,7,5,5
LA6 2ED,8,3,5,5
LA6 2EE,5,3,2,2
LA6 2EF,11,7,4,4
LA6 2EG,8,4,4,4
LA6 2EH,29,14,15,11
LA6 2EJ,7,3,4,3
LA6 2EL,1,1,0,1
LA6 2EN,4,2,2,2
LA6 2EP,39,17,22,14
LA6 2EQ,3,2,1,1
LA6 2ER,5,3,2,3
LA6 2ES,7,4,3,4
LA6 2ET,51,23,28,27
LA6 2EU,8,4,4,4
LA6 2EW,10,3,7,4
LA6 2EX,9,4,5,3
LA6 2EY,15,7,8,6
LA6 2EZ,16,10,6,7
LA6 2FA,3,1,2,2
LA6 2FB,105,54,51,47
LA6 2FD,4,2,2,3
LA6 2FE,7,2,5,6
LA6 2FL,27,11,16,13
LA6 2FT,11,3,8,5
LA6 2GY,5,2,3,3
LA6 2HA,26,12,14,10
LA6 2HB,17,6,11,6
LA6 2HD,2,0,2,1
LA6 2HE,30,25,5,0
LA6 2HF,17,9,8,6
LA6 2HH,1,0,1,1
LA6 2HL,5,2,3,2
LA6 2HN,8,3,5,4
LA6 2HP,22,14,8,7
LA6 2HR,17,8,9,6
LA6 2HS,51,24,27,23
LA6 2HT,33,14,19,18
LA6 2HU,1,1,0,1
LA6 2HW,31,22,9,0
LA6 2HX,11,5,6,4
LA6 2HY,1,1,0,1
LA6 2HZ,29,14,15,10
LA6 2JA,21,11,10,8
LA6 2JB,24,12,12,12
LA6 2JD,1,0,1,1
LA6 2JE,11,4,7,3
LA6 2JF,8,4,4,4
LA6 2JG,10,4,6,4
LA6 2JH,20,13,7,5
LA6 2JJ,11,6,5,4
LA6 2JL,14,8,6,6
LA6 2JN,17,8,9,7
LA6 2JP,4,2,2,2
LA6 2JQ,31,15,16,12
LA6 2JR,10,5,5,4
LA6 2JS,23,14,9,9
LA6 2JT,2,1,1,1
LA6 2JU,26,13,13,15
LA6 2JW,5,3,2,2
LA6 2JX,7,2,5,4
LA6 2JY,19,11,8,7
LA6 2JZ,9,4,5,6
LA6 2LA,21,10,11,8
LA6 2LD,8,4,4,3
LA6 2LE,13,7,6,7
LA6 2LF,23,8,15,10
LA6 2LG,16,8,8,6
LA6 2LH,12,4,8,3
LA6 2LJ,46,24,22,25
LA6 2LL,13,6,7,8
LA6 2LN,17,8,9,8
LA6 2LP,12,8,4,7
LA6 2LQ,1,0,1,1
LA6 2LR,5,2,3,3
LA6 2LS,42,21,21,19
LA6 2LT,13,7,6,6
LA6 2LU,9,4,5,4
LA6 2LW,30,14,16,13
LA6 2LX,9,4,5,3
LA6 2LY,11,5,6,6
LA6 2LZ,13,7,6,4
LA6 2NA,10,5,5,4
LA6 2NB,4,2,2,2
LA6 2ND,6,2,4,3
LA6 2NE,10,4,6,3
LA6 2NF,8,5,3,2
LA6 2NG,21,11,10,7
LA6 2NH,5,2,3,3
LA6 2NJ,14,8,6,9
LA6 2NL,26,14,12,10
LA6 2NN,7,2,5,5
LA6 2NP,81,40,41,34
LA6 2NQ,15,6,9,4
LA6 2NR,8,5,3,4
LA6 2NS,19,8,11,8
LA6 2NT,12,5,7,5
LA6 2NU,35,16,19,13
LA6 2NX,57,25,32,23
LA6 2NY,57,30,27,26
LA6 2NZ,24,11,13,12
LA6 2PA,29,17,12,8
LA6 2PB,5,3,2,2
LA6 2PD,2,1,1,1
LA6 2PE,21,9,12,9
LA6 2PF,24,11,13,10
LA6 2PG,85,44,41,31
LA6 2PH,5,4,1,1
LA6 2PJ,14,8,6,6
LA6 2PL,32,18,14,9
LA6 2PN,14,6,8,5
LA6 2PP,43,24,19,16
LA6 2PQ,10,5,5,4
LA6 2PR,16,9,7,8
LA6 2PS,5,3,2,2
LA6 2PT,12,7,5,5
LA6 2PU,13,8,5,6
LA6 2PW,7,3,4,4
LA6 2PX,13,8,5,6
LA6 2PY,1,1,0,1
LA6 2PZ,13,7,6,4
LA6 2QA,5,2,3,2
LA6 2QB,14,8,6,5
LA6 2QD,6,3,3,3
LA6 2QE,4,3,1,1
LA6 2QF,8,5,3,3
LA6 2QH,13,5,8,6
LA6 2QJ,5,2,3,1
LA6 2QL,23,10,13,9
LA6 2QN,27,13,14,11
LA6 2QP,15,7,8,7
LA6 2QQ,3,2,1,2
LA6 2QR,37,16,21,17
LA6 2QS,9,3,6,4
LA6 2QT,41,23,18,16
LA6 2QU,70,36,34,26
LA6 2QW,13,9,4,4
LA6 2QY,10,6,4,7
LA6 2QZ,9,5,4,4
LA6 2RA,61,28,33,28
LA6 2RB,37,17,20,16
LA6 2RD,21,10,11,10
LA6 2RE,57,30,27,21
LA6 2RF,10,4,6,5
LA6 2RG,6,3,3,2
LA6 2RH,20,11,9,6
LA6 2RJ,51,28,23,23
LA6 2RL,15,6,9,7
LA6 2RN,18,10,8,5
LA6 2RP,3,2,1,2
LA6 2RQ,26,15,11,9
LA6 2RR,16,8,8,7
LA6 2RS,10,6,4,5
LA6 2RT,8,3,5,3
LA6 2RU,2,1,1,1
LA6 2RX,48,21,27,23
LA6 2RY,18,7,11,10
LA6 2RZ,4,3,1,1
LA6 2SA,26,14,12,12
LA6 2SB,7,4,3,3
LA6 2SD,47,19,28,24
LA6 2SE,16,8,8,8
LA6 2SF,40,20,20,19
LA6 2SG,152,0,152,1
LA6 2SH,1,0,1,1
LA6 2SL,3,2,1,1
LA6 3AA,4,2,2,1
LA6 3AB,44,13,31,5
LA6 3AD,26,9,17,15
LA6 3AE,7,3,4,2
LA6 3AF,6,4,2,3
LA6 3AG,3,1,2,1
LA6 3AH,9,5,4,4
LA6 3AJ,53,31,22,22
LA6 3AL,10,5,5,4
LA6 3AN,34,16,18,12
LA6 3AP,4,3,1,1
LA6 3AQ,4,2,2,2
LA6 3AR,17,7,10,6
LA6 3AS,3,2,1,2
LA6 3AT,13,7,6,5
LA6 3AU,12,6,6,3
LA6 3AX,8,5,3,5
LA6 3AY,10,4,6,5
LA6 3AZ,6,1,5,4
LA6 3BA,30,13,17,22
LA6 3BB,19,8,11,8
LA6 3BD,30,12,18,12
LA6 3BE,5,4,1,3
LA6 3BF,37,18,19,15
LA6 3BG,10,5,5,3
LA6 3BH,3,2,1,1
LA6 3BJ,4,1,3,3
LA6 3BL,42,22,20,17
LA6 3BN,3,1,2,1
LA6 3BP,12,4,8,10
LA6 3BQ,12,5,7,5
LA6 3BS,56,23,33,31
LA6 3BT,6,3,3,4
LA6 3BW,29,12,17,10
LA6 3BX,7,4,3,4
LA6 3BY,16,8,8,8
LA6 3BZ,47,21,26,22
LA6 3DA,7,2,5,3
LA6 3DB,24,11,13,12
LA6 3DD,1,0,1,1
LA6 3DE,35,17,18,17
LA6 3DF,14,6,8,7
LA6 3DG,62,32,30,29
LA6 3DH,99,52,47,42
LA6 3DJ,63,33,30,30
LA6 3DL,56,26,30,27
LA6 3DN,18,7,11,9
LA6 3DP,16,8,8,10
LA6 3DQ,67,35,32,29
LA6 3DR,6,3,3,3
LA6 3DS,24,11,13,7
LA6 3DT,23,12,11,9
LA6 3DU,17,10,7,8
LA6 3DW,5,3,2,2
LA6 3DX,14,8,6,6
LA6 3DZ,22,8,14,10
LA6 3EA,34,14,20,23
LA6 3EB,29,15,14,13
LA6 3ED,3,2,1,2
LA6 3EE,3,1,2,2
LA6 3EG,35,17,18,19
LA6 3EH,25,15,10,16
LA6 3EJ,5,3,2,3
LA6 3EL,3,1,2,2
LA6 3EN,5,3,2,1
LA6 3EP,1,1,0,1
LA6 3EQ,30,14,16,18
LA6 3ER,3,1,2,2
LA6 3ES,16,6,10,5
LA6 3ET,13,7,6,6
LA6 3EU,8,1,7,3
LA6 3EW,7,4,3,4
LA6 3EY,21,10,11,9
LA6 3EZ,9,2,7,5
LA6 3FA,13,5,8,6
LA6 3FB,14,5,9,5
LA6 3FD,6,3,3,3
LA6 3FE,92,47,45,34
LA6 3FG,5,3,2,2
LA6 3FH,3,1,2,1
LA6 3GJ,4,2,2,1
LA6 3HA,4,3,1,2
LA6 3HB,44,22,22,19
LA6 3HD,14,7,7,6
LA6 3HE,12,6,6,7
LA6 3HF,30,16,14,12
LA6 3HG,25,12,13,9
LA6 3HH,5,2,3,0
LA6 3HJ,29,14,15,9
LA6 3HL,40,19,21,18
LA6 3HN,12,7,5,2
LA6 3HP,17,7,10,10
LA6 3HQ,8,4,4,3
LA6 3HR,48,25,23,25
LA6 3HS,8,4,4,3
LA6 3HT,30,16,14,11
LA6 3HU,8,4,4,2
LA6 3HW,15,7,8,6
LA6 3HX,11,7,4,4
LA6 3HY,13,6,7,8
LA6 3HZ,9,4,5,5
LA6 3JA,19,9,10,7
LA6 3JB,6,3,3,3
LA6 3JD,16,8,8,9
LA6 3JE,2,1,1,2
LA6 3JF,10,5,5,5
LA6 3JG,16,8,8,8
LA6 3JH,15,7,8,7
LA6 3JJ,2,1,1,1
LA6 3JL,1,0,1,0
LA6 3JN,7,2,5,3
LA6 3JP,49,23,26,20
LA6 3JQ,9,5,4,3
LA6 3JR,4,2,2,2
LA6 3JS,11,4,7,4
LA6 3JT,15,6,9,9
LA6 3JU,36,12,24,24
LA6 3JW,28,13,15,13
LA6 3JX,2,1,1,1
LA6 3JY,21,6,15,8
LA6 3JZ,16,9,7,6
LA6 3LA,9,5,4,3
LA6 3LB,13,7,6,5
LA6 3LD,11,7,4,6
LA6 3LE,7,3,4,3
LA6 3LF,46,21,25,21
LA6 3LG,32,13,19,15
LA6 3LH,27,12,15,13
LA6 3LJ,2,1,1,1
LA6 3LL,9,2,7,4
LA6 3LN,1,1,0,1
LA6 3LP,11,6,5,6
LA6 3LQ,17,6,11,7
LA6 3LR,9,5,4,5
LA6 3LS,12,6,6,5
LA6 3LT,11,9,2,9
LA6 3LU,4,2,2,3
LA6 3LW,37,16,21,15
LA6 3LX,4,2,2,1
LA6 3LY,4,2,2,1
LA6 3LZ,18,8,10,7
LA6 3NA,32,15,17,10
LA6 3NB,20,10,10,7
LA6 3ND,18,8,10,7
LA6 3NE,82,40,42,35
LA6 3NG,10,6,4,4
LA6 3NH,9,5,4,4
LA6 3NJ,19,8,11,8
LA6 3NL,7,3,4,2
LA6 3NN,49,25,24,20
LA6 3NP,16,8,8,6
LA6 3NQ,7,4,3,4
LA6 3NR,31,14,17,13
LA6 3NS,12,6,6,5
LA6 3NW,5,3,2,1
LA6 3NX,9,4,5,4
LA6 3NY,13,6,7,5
LA6 3NZ,37,19,18,17
LA6 3PA,3,2,1,1
LA6 3PB,24,14,10,13
LA6 3PD,18,10,8,8
LA6 3PF,17,8,9,7
LA6 3PG,2,1,1,1
LA6 3PH,5,3,2,3
LA6 3PJ,6,3,3,3
LA6 3PL,6,4,2,2
LA6 3PN,14,5,9,4
LA6 3PP,13,5,8,5
LA6 3PQ,4,2,2,2
LA6 3PR,9,6,3,3
LA7 7AA,3,2,1,1
LA7 7AD,86,44,42,43
LA7 7AE,6,3,3,2
LA7 7AF,4,3,1,1
LA7 7AG,4,3,1,3
LA7 7AH,10,4,6,5
LA7 7AJ,14,8,6,5
LA7 7AL,67,31,36,31
LA7 7AN,5,2,3,3
LA7 7AP,11,4,7,6
LA7 7AQ,1,1,0,1
LA7 7AS,35,20,15,11
LA7 7AW,22,9,13,7
LA7 7AX,65,37,28,29
LA7 7AY,18,8,10,6
LA7 7AZ,20,10,10,9
LA7 7BA,12,6,6,3
LA7 7BB,53,27,26,26
LA7 7BD,17,9,8,9
LA7 7BE,28,14,14,12
LA7 7BG,4,1,3,3
LA7 7BH,10,5,5,5
LA7 7BJ,28,14,14,12
LA7 7BL,76,40,36,28
LA7 7BN,27,5,22,5
LA7 7BP,6,3,3,3
LA7 7BQ,2,1,1,1
LA7 7BS,10,3,7,3
LA7 7BU,10,4,6,6
LA7 7BW,16,8,8,6
LA7 7BX,11,6,5,3
LA7 7BY,17,9,8,8
LA7 7DA,105,54,51,44
LA7 7DB,54,25,29,22
LA7 7DD,67,24,43,0
LA7 7DE,16,10,6,4
LA7 7DF,90,41,49,32
LA7 7DG,18,8,10,7
LA7 7DH,19,10,9,8
LA7 7DJ,52,27,25,20
LA7 7DL,21,10,11,11
LA7 7DN,99,47,52,18
LA7 7DP,100,50,50,38
LA7 7DQ,43,20,23,20
LA7 7DR,67,36,31,31
LA7 7DS,12,5,7,8
LA7 7DT,16,7,9,10
LA7 7DU,25,13,12,14
LA7 7DW,43,16,27,19
LA7 7DX,98,53,45,43
LA7 7DY,20,11,9,8
LA7 7DZ,72,38,34,32
LA7 7EA,7,2,5,3
LA7 7EB,25,14,11,9
LA7 7ED,11,4,7,6
LA7 7EE,29,15,14,12
LA7 7EF,85,39,46,38
LA7 7EG,18,7,11,9
LA7 7EH,7,3,4,2
LA7 7EJ,28,13,15,12
LA7 7EL,5,4,1,2
LA7 7EN,12,5,7,6
LA7 7EP,6,3,3,4
LA7 7EQ,4,2,2,3
LA7 7ER,40,18,22,8
LA7 7ES,20,8,12,15
LA7 7ET,47,23,24,23
LA7 7EU,9,3,6,5
LA7 7EW,110,50,60,52
LA7 7EX,28,16,12,13
LA7 7EY,20,9,11,10
LA7 7EZ,16,9,7,5
LA7 7FB,13,7,6,8
LA7 7FD,7,3,4,4
LA7 7FF,2,1,1,1
LA7 7FG,31,14,17,12
LA7 7FH,8,4,4,4
LA7 7FJ,1,0,1,1
LA7 7FL,30,13,17,15
LA7 7GL,22,13,9,7
LA7 7GN,7,4,3,2
LA7 7HF,6,2,4,3
LA7 7HH,11,6,5,5
LA7 7HN,40,22,18,27
LA7 7HP,18,11,7,9
LA7 7HQ,16,7,9,9
LA7 7HR,27,15,12,14
LA7 7HS,46,22,24,19
LA7 7HT,15,8,7,5
LA7 7HU,27,15,12,14
LA7 7HW,31,16,15,18
LA7 7HX,11,4,7,5
LA7 7HY,12,5,7,4
LA7 7HZ,20,8,12,10
LA7 7JA,25,10,15,11
LA7 7JB,41,18,23,18
LA7 7JD,14,7,7,10
LA7 7JE,4,3,1,3
LA7 7JF,2,0,2,1
LA7 7JG,44,18,26,20
LA7 7JH,37,20,17,13
LA7 7JJ,57,24,33,27
LA7 7JL,15,8,7,7
LA7 7JN,6,2,4,3
LA7 7JP,19,12,7,10
LA7 7JQ,24,10,14,13
LA7 7JR,5,2,3,4
LA7 7JS,9,4,5,5
LA7 7JT,6,3,3,3
LA7 7JU,13,7,6,6
LA7 7JW,81,39,42,41
LA7 7JX,40,17,23,19
LA7 7JY,8,3,5,5
LA7 7JZ,32,17,15,14
LA7 7LA,24,12,12,9
LA7 7LB,37,16,21,19
LA7 7LD,14,8,6,5
LA7 7LE,25,11,14,11
LA7 7LG,6,3,3,3
LA7 7LH,11,5,6,7
LA7 7LJ,27,13,14,13
LA7 7LL,41,19,22,24
LA7 7LN,26,14,12,11
LA7 7LP,4,2,2,1
LA7 7LQ,15,8,7,6
LA7 7LR,10,4,6,3
LA7 7LT,12,5,7,5
LA7 7LU,15,9,6,5
LA7 7LW,8,4,4,3
LA7 7LY,19,10,9,7
LA7 7LZ,13,5,8,6
LA7 7NA,58,27,31,28
LA7 7NB,2,1,1,1
LA7 7ND,93,47,46,34
LA7 7NE,2,1,1,1
LA7 7NF,20,9,11,8
LA7 7NG,23,13,10,9
LA7 7NH,5,2,3,2
LA7 7NJ,11,5,6,3
LA7 7NL,30,16,14,12
LA7 7NN,11,5,6,7
LA7 7NP,40,21,19,19
LA7 7NQ,21,10,11,9
LA7 7NR,13,7,6,6
LA7 7NS,42,19,23,18
LA7 7NT,6,2,4,4
LA7 7NU,22,12,10,8
LA7 7NW,25,12,13,10
LA7 7NX,3,2,1,3
LA7 7NY,36,12,24,4
LA7 7NZ,17,8,9,9
LA7 7PA,19,10,9,6
LA7 7PB,23,13,10,8
LA7 7PD,12,6,6,4
LA7 7PE,13,8,5,5
LA7 7PG,2,1,1,1
LA7 7PH,7,3,4,4
LA7 7PL,2,1,1,1
LA7 7PN,13,6,7,8
LA7 7PP,17,11,6,5
LA7 7PQ,1,1,0,1
LA7 7PR,7,3,4,5
LA7 7PS,30,17,13,18
LA7 7PT,87,43,44,41
LA7 7PU,81,31,50,45
LA7 7PX,58,30,28,28
LA7 7PY,4,3,1,3
LA7 7PZ,9,5,4,5
LA7 7QA,54,29,25,25
LA7 7QB,25,10,15,10
LA7 7QD,8,4,4,7
LA7 7QE,15,7,8,6
LA7 7QF,138,65,73,64
LA7 7QG,73,38,35,25
LA7 7QH,19,10,9,6
LA7 7QJ,42,21,21,17
LA7 7QL,4,2,2,2
LA7 7QN,35,15,20,14
LA7 7QQ,10,3,7,8
LA7 7QR,69,27,42,18
LA7 7QS,16,9,7,6
LA7 7QT,34,15,19,12
LA7 7QU,21,10,11,12
LA7 7QW,30,11,19,9
LA7 7QX,9,4,5,5
LA7 7QY,5,2,3,2
LA7 7QZ,7,4,3,3
LA7 7RA,15,7,8,5
LA7 7RB,29,12,17,15
LA7 7RD,31,17,14,13
LA7 7RE,34,21,13,26
LA7 7RG,26,11,15,11
LA7 7RJ,19,9,10,11
LA7 7RL,5,2,3,2
LA7 7RN,6,3,3,3
LA7 7TF,14,10,4,8
LA8 0AA,62,19,43,26
LA8 0AB,27,12,15,10
LA8 0AD,9,4,5,5
LA8 0AE,44,27,17,17
LA8 0AG,32,15,17,14
LA8 0AJ,16,7,9,7
LA8 0AL,32,16,16,12
LA8 0AQ,4,2,2,2
LA8 0AR,8,5,3,3
LA8 0AS,39,19,20,19
LA8 0AT,33,16,17,14
LA8 0AU,16,9,7,7
LA8 0AW,5,3,2,2
LA8 0AX,11,7,4,3
LA8 0AY,7,3,4,2
LA8 0AZ,27,15,12,8
LA8 0BA,3,2,1,2
LA8 0BD,26,13,13,8
LA8 0BE,13,7,6,6
LA8 0BH,14,8,6,6
LA8 0BL,27,14,13,11
LA8 0BN,17,8,9,7
LA8 0BP,4,2,2,1
LA8 0BS,6,2,4,1
LA8 0BT,13,7,6,6
LA8 0BW,8,4,4,4
LA8 0DA,7,4,3,3
LA8 0DB,35,20,15,12
LA8 0DE,7,4,3,3
LA8 0DF,18,8,10,5
LA8 0DG,5,2,3,2
LA8 0DH,33,17,16,10
LA8 0DJ,10,7,3,4
LA8 0DL,8,5,3,3
LA8 0DN,11,5,6,5
LA8 0DP,10,7,3,3
LA8 0DQ,9,3,6,4
LA8 0DU,40,25,15,16
LA8 0DW,2,1,1,1
LA8 0DX,35,16,19,17
LA8 0DY,15,7,8,6
LA8 0DZ,6,3,3,2
LA8 0EA,17,11,6,8
LA8 0ED,32,15,17,11
LA8 0EE,77,31,46,24
LA8 0EF,8,2,6,4
LA8 0EG,4,3,1,2
LA8 0EH,37,21,16,16
LA8 0EJ,71,35,36,30
LA8 0EL,91,47,44,38
LA8 0EN,39,21,18,19
LA8 0EP,13,5,8,4
LA8 0EQ,22,11,11,12
LA8 0ER,9,5,4,2
LA8 0ES,24,12,12,7
LA8 0ET,34,15,19,13
LA8 0EU,51,20,31,22
LA8 0EW,39,21,18,13
LA8 0EX,12,3,9,4
LA8 0EY,78,41,37,32
LA8 0EZ,8,4,4,4
LA8 0HA,28,12,16,12
LA8 0HB,54,26,28,24
LA8 0HD,34,15,19,19
LA8 0HE,10,5,5,5
LA8 0HF,28,13,15,10
LA8 0HG,23,10,13,11
LA8 0HH,21,10,11,11
LA8 0HJ,13,5,8,5
LA8 0HL,29,16,13,13
LA8 0HN,13,4,9,6
LA8 0HP,34,15,19,12
LA8 0HQ,41,20,21,16
LA8 0HR,38,19,19,14
LA8 0HS,23,14,9,9
LA8 0HT,5,3,2,2
LA8 0HU,11,6,5,3
LA8 0HW,15,7,8,8
LA8 0HX,6,2,4,3
LA8 0HY,2,1,1,1
LA8 0HZ,15,7,8,6
LA8 0JA,49,24,25,21
LA8 0JB,23,10,13,7
LA8 0JD,29,13,16,14
LA8 0JE,20,10,10,8
LA8 0JG,9,4,5,3
LA8 0JH,4,1,3,2
LA8 0JJ,10,4,6,4
LA8 0JL,46,18,28,19
LA8 0JN,10,5,5,5
LA8 0JP,15,7,8,6
LA8 0JR,60,25,35,24
LA8 0JS,16,6,10,9
LA8 0JT,24,8,16,9
LA8 0JU,27,12,15,15
LA8 0JW,6,3,3,3
LA8 0JX,53,26,27,30
LA8 0JZ,24,11,13,9
LA8 0LA,5,1,4,3
LA8 0LE,21,10,11,8
LA8 0LF,19,10,9,8
LA8 0LG,5,4,1,4
LA8 0LH,7,4,3,4
LA8 0LJ,14,8,6,6
LA8 0LN,6,3,3,3
LA8 0LQ,74,36,38,28
LA8 0LR,19,9,10,6
LA8 0LS,3,2,1,1
LA8 0LT,17,12,5,6
LA8 0LU,16,8,8,8
LA8 0LW,25,12,13,15
LA8 0LX,13,5,8,4
LA8 0LY,25,13,12,8
LA8 0LZ,40,22,18,18
LA8 0NA,17,8,9,5
LA8 0NB,13,8,5,6
LA8 0ND,1,1,0,1
LA8 0NF,25,12,13,10
LA8 0NG,18,10,8,8
LA8 0NH,62,33,29,24
LA8 0NJ,5,2,3,2
LA8 0NL,43,22,21,13
LA8 0NN,5,3,2,2
LA8 0NP,19,10,9,6
LA8 0NQ,15,7,8,6
LA8 0NS,14,7,7,7
LA8 0NT,14,7,7,4
LA8 0NU,23,12,11,9
LA8 0NW,11,6,5,5
LA8 0NX,35,16,19,15
LA8 0NY,81,39,42,28
LA8 0NZ,13,5,8,5
LA8 0PA,4,2,2,1
LA8 0PB,10,5,5,5
LA8 0PD,2,1,1,1
LA8 0PE,8,3,5,4
LA8 8AA,10,5,5,4
LA8 8AB,30,18,12,14
LA8 8AD,3,3,0,1
LA8 8AE,14,6,8,7
LA8 8AF,2,1,1,1
LA8 8AG,16,10,6,8
LA8 8AH,17,11,6,7
LA8 8AJ,23,12,11,12
LA8 8AL,10,4,6,6
LA8 8AN,18,9,9,9
LA8 8AP,21,10,11,9
LA8 8AQ,6,3,3,2
LA8 8AR,30,16,14,15
LA8 8AS,5,3,2,2
LA8 8AT,21,10,11,9
LA8 8AW,22,9,13,12
LA8 8AX,5,3,2,3
LA8 8AY,16,9,7,7
LA8 8AZ,10,2,8,6
LA8 8BA,1,0,1,1
LA8 8BB,13,7,6,7
LA8 8BH,9,5,4,3
LA8 8BJ,2,1,1,1
LA8 8BL,28,16,12,12
LA8 8BN,10,5,5,6
LA8 8BP,17,9,8,7
LA8 8BS,9,6,3,3
LA8 8BT,3,2,1,2
LA8 8BU,26,9,17,13
LA8 8BW,12,6,6,6
LA8 8BX,5,3,2,2
LA8 8BY,2,1,1,1
LA8 8BZ,19,14,5,6
LA8 8DA,3,1,2,2
LA8 8DB,8,4,4,3
LA8 8DD,61,28,33,27
LA8 8DE,11,6,5,4
LA8 8DF,47,25,22,20
LA8 8DG,23,14,9,7
LA8 8DH,3,1,2,1
LA8 8DJ,8,4,4,5
LA8 8DL,9,5,4,3
LA8 8DN,5,3,2,3
LA8 8DP,7,3,4,4
LA8 8DQ,4,2,2,1
LA8 8DS,4,0,4,4
LA8 8DT,2,1,1,1
LA8 8DU,7,4,3,2
LA8 8DX,7,5,2,3
LA8 8DY,12,7,5,7
LA8 8DZ,6,4,2,3
LA8 8EA,9,1,8,1
LA8 8EB,1,0,1,1
LA8 8ED,28,13,15,13
LA8 8EE,1,1,0,1
LA8 8EF,2,1,1,0
LA8 8EG,19,6,13,5
LA8 8EH,9,5,4,2
LA8 8EJ,12,6,6,6
LA8 8EN,5,3,2,2
LA8 8EP,14,6,8,5
LA8 8EQ,9,5,4,4
LA8 8ER,1,0,1,1
LA8 8ES,1,0,1,1
LA8 8ET,37,17,20,14
LA8 8EU,6,2,4,2
LA8 8EW,6,4,2,2
LA8 8HA,14,9,5,5
LA8 8HB,12,7,5,6
LA8 8HD,6,2,4,4
LA8 8HE,2,1,1,1
LA8 8HF,11,5,6,5
LA8 8HG,11,5,6,5
LA8 8HH,23,11,12,9
LA8 8HJ,46,26,20,18
LA8 8HL,5,2,3,3
LA8 8HN,19,8,11,12
LA8 8HP,16,8,8,8
LA8 8HQ,32,16,16,16
LA8 8HR,3,1,2,1
LA8 8HS,10,5,5,4
LA8 8HT,13,7,6,6
LA8 8HU,20,8,12,8
LA8 8HW,2,1,1,1
LA8 8HX,99,47,52,48
LA8 8HY,2,1,1,1
LA8 8HZ,5,2,3,4
LA8 8JA,3,1,2,2
LA8 8JB,16,8,8,7
LA8 8JD,12,8,4,5
LA8 8JE,16,10,6,2
LA8 8JF,4,3,1,3
LA8 8JG,10,4,6,4
LA8 8JH,4,1,3,1
LA8 8JJ,5,3,2,2
LA8 8JL,17,7,10,8
LA8 8JN,16,8,8,10
LA8 8JQ,10,5,5,5
LA8 8JS,3,1,2,1
LA8 8JT,27,16,11,9
LA8 8JU,22,12,10,8
LA8 8JX,10,6,4,4
LA8 8JY,10,3,7,2
LA8 8JZ,14,6,8,8
LA8 8LA,25,16,9,13
LA8 8LB,12,5,7,6
LA8 8LD,6,2,4,4
LA8 8LE,33,16,17,16
LA8 8LF,19,11,8,6
LA8 8LG,9,4,5,5
LA8 8LH,14,7,7,7
LA8 8LJ,4,2,2,2
LA8 8LL,8,5,3,4
LA8 8LN,11,5,6,5
LA8 8LP,2,1,1,1
LA8 8LQ,21,11,10,8
LA8 8LR,28,12,16,12
LA8 8LT,7,3,4,5
LA8 8LU,41,17,24,22
LA8 8LW,11,5,6,6
LA8 8LX,18,8,10,7
LA8 8LY,5,3,2,3
LA8 8LZ,13,6,7,4
LA8 8NB,13,6,7,9
LA8 8ND,16,9,7,7
LA8 8NE,17,11,6,6
LA8 8NF,131,54,77,65
LA8 8NG,16,6,10,12
LA8 8NH,58,32,26,25
LA8 8NJ,46,22,24,20
LA8 8NL,12,5,7,6
LA8 8NP,12,6,6,7
LA8 8NQ,27,11,16,11
LA8 8NR,44,26,18,23
LA8 8NS,38,23,15,10
LA8 8NT,16,8,8,7
LA8 8NU,20,12,8,10
LA8 8NW,5,3,2,3
LA8 8NX,20,11,9,10
LA8 8NZ,29,14,15,12
LA8 8PA,32,18,14,17
LA8 8PB,18,10,8,7
LA8 8PD,10,6,4,4
LA8 8PE,8,3,5,3
LA8 8PF,4,2,2,3
LA8 8PH,16,6,10,9
LA8 8PJ,11,3,8,6
LA8 8PL,2,1,1,2
LA8 8PN,11,5,6,6
LA8 8PP,12,6,6,5
LA8 8PQ,6,3,3,3
LA8 8PR,11,5,6,6
LA8 8PS,19,11,8,9
LA8 8PT,13,6,7,8
LA8 8PU,24,10,14,14
LA8 8PW,13,6,7,6
LA8 8PX,4,3,1,3
LA8 8PY,36,18,18,16
LA8 8PZ,4,1,3,2
LA8 8QA,6,2,4,4
LA8 8QB,17,8,9,8
LA8 8QD,8,4,4,4
LA8 8QE,13,8,5,6
LA8 8QF,20,10,10,8
LA8 8QH,6,3,3,3
LA8 9AA,9,4,5,5
LA8 9AB,30,15,15,11
LA8 9AD,8,4,4,2
LA8 9AE,9,5,4,2
LA8 9AF,8,4,4,1
LA8 9AG,23,13,10,6
LA8 9AJ,1,1,0,1
LA8 9AL,9,5,4,4
LA8 9AP,8,2,6,5
LA8 9AQ,49,26,23,27
LA8 9AR,2,1,1,1
LA8 9AS,22,12,10,6
LA8 9AT,46,23,23,21
LA8 9AU,30,13,17,8
LA8 9AW,14,7,7,6
LA8 9AX,1,1,0,1
LA8 9AY,24,14,10,8
LA8 9AZ,33,18,15,13
LA8 9BA,18,10,8,7
LA8 9BB,15,7,8,6
LA8 9BD,32,15,17,12
LA8 9BE,11,6,5,6
LA8 9BJ,12,5,7,4
LA8 9BL,8,4,4,4
LA8 9BN,4,2,2,2
LA8 9BP,4,2,2,2
LA8 9BS,20,8,12,9
LA8 9BT,15,6,9,6
LA8 9BU,96,46,50,40
LA8 9BX,7,3,4,3
LA8 9BY,8,3,5,4
LA8 9BZ,7,5,2,2
LA8 9DA,2,1,1,1
LA8 9DB,4,3,1,1
LA8 9DD,7,4,3,2
LA8 9DE,7,4,3,3
LA8 9DG,4,3,1,1
LA8 9DH,27,20,7,9
LA8 9DJ,18,11,7,9
LA8 9DL,2,2,0,1
LA8 9DN,14,7,7,7
LA8 9DP,22,10,12,12
LA8 9DR,14,6,8,5
LA8 9DS,12,7,5,4
LA8 9DT,25,11,14,7
LA8 9DU,39,16,23,16
LA8 9DW,30,16,14,16
LA8 9DX,4,3,1,3
LA8 9DY,8,2,6,2
LA8 9DZ,18,11,7,7
LA8 9EA,18,7,11,6
LA8 9EB,2,1,1,1
LA8 9ED,5,3,2,1
LA8 9EE,9,5,4,3
LA8 9EF,8,4,4,3
LA8 9EG,25,11,14,6
LA8 9EH,18,7,11,7
LA8 9EJ,7,2,5,3
LA8 9EL,12,7,5,6
LA8 9EN,4,3,1,2
LA8 9EP,28,15,13,11
LA8 9EQ,14,8,6,6
LA8 9ET,5,3,2,3
LA8 9EU,12,6,6,4
LA8 9EW,10,4,6,4
LA8 9EX,3,1,2,2
LA8 9EY,4,2,2,2
LA8 9HA,26,13,13,13
LA8 9HB,7,5,2,2
LA8 9HD,10,7,3,5
LA8 9HE,8,3,5,3
LA8 9HF,23,10,13,11
LA8 9HG,18,9,9,8
LA8 9HH,26,14,12,13
LA8 9HJ,15,6,9,7
LA8 9HL,26,14,12,15
LA8 9HN,12,6,6,7
LA8 9HP,8,4,4,4
LA8 9HQ,17,8,9,10
LA8 9HR,23,10,13,10
LA8 9HS,25,13,12,8
LA8 9HT,11,6,5,5
LA8 9HU,3,2,1,2
LA8 9HX,10,5,5,5
LA8 9HY,7,4,3,4
LA8 9JA,22,15,7,10
LA8 9JB,5,3,2,2
LA8 9JD,3,2,1,1
LA8 9JE,18,9,9,7
LA8 9JF,22,10,12,11
LA8 9JG,6,3,3,2
LA8 9JH,6,3,3,3
LA8 9JJ,6,3,3,3
LA8 9JL,27,12,15,13
LA8 9JN,3,2,1,1
LA8 9JP,37,14,23,14
LA8 9JQ,26,11,15,8
LA8 9JR,8,4,4,3
LA8 9JS,1,1,0,1
LA8 9JU,17,7,10,8
LA8 9JW,22,12,10,11
LA8 9JX,55,29,26,21
LA8 9JY,3,2,1,2
LA8 9JZ,7,4,3,2
LA8 9LA,11,5,6,5
LA8 9LB,11,7,4,4
LA8 9LD,13,6,7,3
LA8 9LE,24,15,9,9
LA8 9LF,8,5,3,2
LA8 9LG,15,8,7,5
LA8 9LN,70,37,33,35
LA8 9LP,37,16,21,15
LA8 9LR,20,13,7,11
LA8 9LT,31,16,15,18
LA8 9LU,38,12,26,11
LA8 9LW,25,15,10,10
LA8 9LX,14,7,7,12
LA8 9LY,20,9,11,12
LA8 9LZ,10,6,4,4
LA8 9NA,7,3,4,4
LA8 9NB,69,31,38,28
LA8 9ND,150,68,82,64
LA8 9NE,61,31,30,25
LA8 9NF,41,25,16,15
LA8 9NG,37,18,19,20
LA8 9NH,3,1,2,3
LA8 9NJ,61,26,35,40
LA8 9NL,13,7,6,5
LA8 9NN,8,5,3,3
LA8 9NQ,2,0,2,2
LA8 9NR,4,1,3,2
LA8 9NS,16,10,6,6
LA8 9NT,1,0,1,1
LA8 9NU,24,12,12,10
LA8 9NW,42,23,19,18
LA8 9NX,4,1,3,3
LA8 9NY,32,16,16,10
LA8 9NZ,12,5,7,8
LA8 9PA,11,4,7,7
LA8 9PD,8,5,3,5
LA8 9PE,3,1,2,2
LA8 9PF,6,3,3,3
LA8 9PG,16,7,9,8
LA8 9PH,57,26,31,30
LA8 9PJ,24,13,11,13
LA8 9PL,20,9,11,12
LA8 9PP,22,11,11,13
LA8 9PQ,30,13,17,12
LA8 9PR,26,13,13,12
LA8 9PS,13,7,6,4
LA8 9PT,28,15,13,12
LA8 9PU,11,5,6,5
LA8 9PW,65,32,33,20
LA8 9PX,5,3,2,3
LA8 9PY,39,15,24,22
LA8 9PZ,11,5,6,5
LA8 9QD,2,0,2,2
LA8 9QE,1,0,1,1
LA8 9QF,20,12,8,11
LA8 9QG,12,5,7,7
LA8 9QH,40,16,24,19
LA8 9QJ,9,3,6,5
LA8 9QN,68,34,34,23
LA8 9QQ,10,4,6,6
LA8 9QT,3,1,2,2
LA8 9QU,8,4,4,4
LA8 9QX,6,4,2,2
LA8 9QY,8,5,3,3
LA8 9QZ,7,3,4,4
LA8 9RA,43,21,22,22
LA9 4AB,24,10,14,15
LA9 4AD,17,14,3,16
LA9 4AP,5,0,5,3
LA9 4AT,5,4,1,2
LA9 4AY,5,2,3,4
LA9 4BA,2,1,1,1
LA9 4BB,9,3,6,3
LA9 4BD,73,42,31,44
LA9 4BF,14,8,6,6
LA9 4BH,43,23,20,29
LA9 4BU,19,14,5,16
LA9 4DA,9,5,4,5
LA9 4DG,11,7,4,6
LA9 4DH,16,8,8,13
LA9 4DJ,14,7,7,10
LA9 4DN,12,6,6,9
LA9 4DP,1,0,1,1
LA9 4DU,3,2,1,2
LA9 4EA,13,7,6,7
LA9 4ED,88,49,39,49
LA9 4EN,84,45,39,53
LA9 4ET,39,21,18,18
LA9 4EU,68,37,31,36
LA9 4EX,67,38,29,30
LA9 4EY,16,7,9,9
LA9 4EZ,42,20,22,19
LA9 4HA,62,23,39,48
LA9 4HB,26,17,9,11
LA9 4HE,69,37,32,43
LA9 4HF,11,1,10,10
LA9 4HH,50,16,34,42
LA9 4HP,67,31,36,40
LA9 4HQ,12,8,4,8
LA9 4HT,2,1,1,1
LA9 4HU,12,6,6,8
LA9 4HW,33,13,20,17
LA9 4HX,41,17,24,19
LA9 4HY,7,3,4,5
LA9 4HZ,39,16,23,20
LA9 4JA,23,11,12,10
LA9 4JB,161,82,79,51
LA9 4JD,4,2,2,2
LA9 4JF,9,4,5,7
LA9 4JG,63,27,36,40
LA9 4JH,5,2,3,3
LA9 4JJ,56,35,21,32
LA9 4JL,10,6,4,5
LA9 4JP,32,14,18,13
LA9 4JR,47,21,26,16
LA9 4JS,12,7,5,5
LA9 4JT,10,6,4,5
LA9 4JU,10,4,6,6
LA9 4JW,29,12,17,17
LA9 4JY,70,15,55,1
LA9 4LA,21,11,10,9
LA9 4LB,7,4,3,4
LA9 4LD,39,16,23,23
LA9 4LE,4,1,3,3
LA9 4LF,28,15,13,15
LA9 4LG,5,2,3,3
LA9 4LH,10,3,7,8
LA9 4LJ,4,1,3,3
LA9 4LL,50,32,18,36
LA9 4LN,58,29,29,43
LA9 4LQ,15,6,9,9
LA9 4LX,10,5,5,6
LA9 4ND,6,3,3,2
LA9 4NG,14,8,6,8
LA9 4NH,30,14,16,16
LA9 4NJ,36,18,18,19
LA9 4NL,6,4,2,4
LA9 4NN,2,0,2,2
LA9 4NP,19,11,8,6
LA9 4NQ,17,12,5,11
LA9 4NR,37,20,17,16
LA9 4NS,9,5,4,6
LA9 4NT,4,2,2,2
LA9 4NU,8,2,6,4
LA9 4NW,19,10,9,9
LA9 4NX,11,6,5,6
LA9 4NY,6,4,2,4
LA9 4NZ,17,8,9,13
LA9 4PA,14,7,7,7
LA9 4PB,8,4,4,2
LA9 4PD,116,56,60,49
LA9 4PE,44,23,21,23
LA9 4PF,34,21,13,14
LA9 4PG,12,8,4,7
LA9 4PH,34,14,20,9
LA9 4PJ,10,6,4,5
LA9 4PL,10,4,6,5
LA9 4PN,13,7,6,5
LA9 4PP,19,9,10,9
LA9 4PQ,19,8,11,9
LA9 4PR,12,5,7,6
LA9 4PS,33,17,16,17
LA9 4PU,23,14,9,12
LA9 4PW,1,0,1,1
LA9 4PZ,19,12,7,7
LA9 4QB,2,2,0,1
LA9 4QD,1,1,0,1
LA9 4QF,22,10,12,15
LA9 4QG,26,16,10,18
LA9 4QH,5,2,3,3
LA9 4QJ,92,40,52,30
LA9 4QL,48,26,22,7
LA9 4QN,4,3,1,2
LA9 4QP,2,1,1,1
LA9 4QR,40,22,18,19
LA9 4QS,13,6,7,9
LA9 4QT,11,6,5,7
LA9 4QU,60,23,37,36
LA9 4QW,6,1,5,5
LA9 4QX,11,2,9,10
LA9 4QY,20,9,11,11
LA9 4RA,47,27,20,28
LA9 4RF,37,19,18,22
LA9 4RG,18,7,11,13
LA9 4RL,95,44,51,40
LA9 4RN,2,1,1,1
LA9 4RP,39,17,22,22
LA9 4RR,34,17,17,21
LA9 4RS,42,20,22,25
LA9 4RT,69,32,37,24
LA9 4RW,18,8,10,11
LA9 4RZ,79,29,50,35
LA9 4SA,4,1,3,3
LA9 4SB,9,5,4,5
LA9 4SF,10,6,4,6
LA9 4SG,11,9,2,7
LA9 4SH,62,31,31,35
LA9 4SJ,5,2,3,2
LA9 4SL,22,9,13,19
LA9 4SN,5,3,2,3
LA9 4SP,16,8,8,7
LA9 4SR,67,30,37,34
LA9 4SS,46,21,25,25
LA9 4SW,28,13,15,11
LA9 4SX,6,2,4,2
LA9 4TA,55,27,28,31
LA9 4TH,23,12,11,14
LA9 4TN,10,5,5,6
LA9 4TS,4,3,1,3
LA9 4TX,2,2,0,1
LA9 4UA,92,50,42,63
LA9 4UU,57,14,43,48
LA9 4XA,33,16,17,16
LA9 5AA,1,1,0,1
LA9 5AB,14,7,7,7
LA9 5AD,49,29,20,35
LA9 5AF,33,19,14,23
LA9 5AG,12,8,4,6
LA9 5AH,19,10,9,12
LA9 5AN,40,10,30,33
LA9 5AP,22,10,12,12
LA9 5AQ,5,0,5,2
LA9 5AS,5,3,2,4
LA9 5AT,27,20,7,22
LA9 5AU,48,28,20,28
LA9 5AX,12,7,5,6
LA9 5AZ,79,29,50,33
LA9 5BA,55,29,26,23
LA9 5BB,79,40,39,36
LA9 5BD,3,2,1,2
LA9 5BE,47,22,25,23
LA9 5BG,53,32,21,19
LA9 5BH,9,4,5,3
LA9 5BJ,48,17,31,26
LA9 5BL,70,35,35,28
LA9 5BN,77,42,35,32
LA9 5BQ,94,48,46,34
LA9 5BS,82,39,43,38
LA9 5BT,124,59,65,49
LA9 5BU,24,10,14,12
LA9 5BW,52,23,29,21
LA9 5BX,51,27,24,22
LA9 5BY,26,12,14,11
LA9 5BZ,16,5,11,7
LA9 5DA,50,26,24,17
LA9 5DB,56,25,31,18
LA9 5DD,37,15,22,16
LA9 5DE,133,71,62,58
LA9 5DF,20,8,12,8
LA9 5DG,11,4,7,8
LA9 5DH,18,10,8,9
LA9 5DN,9,5,4,5
LA9 5DP,9,5,4,4
LA9 5DQ,13,8,5,4
LA9 5DR,25,10,15,9
LA9 5DT,88,47,41,35
LA9 5DU,44,22,22,17
LA9 5DW,21,10,11,7
LA9 5DX,2,1,1,2
LA9 5DY,48,28,20,20
LA9 5DZ,8,4,4,2
LA9 5EB,74,40,34,28
LA9 5ED,119,61,58,49
LA9 5EE,48,24,24,22
LA9 5EF,38,18,20,17
LA9 5EG,37,20,17,9
LA9 5EJ,38,22,16,17
LA9 5EN,54,27,27,35
LA9 5EP,117,59,58,58
LA9 5ER,5,3,2,2
LA9 5ES,55,28,27,24
LA9 5ET,56,27,29,23
LA9 5EU,48,21,27,24
LA9 5EX,74,41,33,28
LA9 5EY,60,28,32,26
LA9 5EZ,173,82,91,57
LA9 5HA,3,2,1,2
LA9 5HB,28,12,16,14
LA9 5HD,69,32,37,24
LA9 5HE,62,35,27,23
LA9 5HF,57,24,33,35
LA9 5HG,2,1,1,1
LA9 5HH,41,13,28,6
LA9 5HJ,8,4,4,2
LA9 5HL,39,20,19,16
LA9 5HN,85,46,39,31
LA9 5HQ,78,38,40,31
LA9 5HR,100,43,57,46
LA9 5HS,37,18,19,15
LA9 5HT,61,29,32,30
LA9 5HU,11,4,7,6
LA9 5HW,25,13,12,10
LA9 5HX,2,1,1,1
LA9 5HY,64,20,44,30
LA9 5HZ,36,16,20,20
LA9 5JA,109,56,53,72
LA9 5JB,24,10,14,8
LA9 5JD,73,36,37,31
LA9 5JE,89,45,44,39
LA9 5JF,36,18,18,14
LA9 5JH,52,26,26,27
LA9 5JJ,59,28,31,25
LA9 5JL,53,20,33,13
LA9 5JN,38,21,17,18
LA9 5JP,88,42,46,35
LA9 5JQ,64,30,34,26
LA9 5JR,40,17,23,19
LA9 5JS,64,27,37,31
LA9 5JT,43,16,27,23
LA9 5JU,83,41,42,46
LA9 5JW,70,32,38,31
LA9 5JX,64,27,37,35
LA9 5JY,45,23,22,25
LA9 5LA,7,6,1,5
LA9 5LB,13,7,6,7
LA9 5LD,19,7,12,19
LA9 5LE,21,6,15,20
LA9 5LF,8,4,4,4
LA9 5LG,32,14,18,16
LA9 5LH,32,15,17,14
LA9 5LJ,173,86,87,62
LA9 5LL,71,32,39,33
LA9 5LN,155,83,72,55
LA9 5LP,90,47,43,32
LA9 5LQ,44,25,19,18
LA9 5LS,27,16,11,15
LA9 5LT,14,7,7,9
LA9 5LU,27,14,13,6
LA9 5LW,40,20,20,12
LA9 5LX,45,22,23,16
LA9 5LY,26,12,14,8
LA9 5LZ,76,34,42,28
LA9 5NA,128,69,59,49
LA9 5NB,98,48,50,44
LA9 5ND,39,18,21,16
LA9 5NE,62,28,34,22
LA9 5NF,36,17,19,15
LA9 5NG,102,49,53,38
LA9 5NN,24,13,11,10
LA9 5NP,30,13,17,20
LA9 5NQ,56,24,32,19
LA9 5NR,92,50,42,39
LA9 5NS,2,1,1,1
LA9 5NT,24,11,13,10
LA9 5NU,145,66,79,61
LA9 5NW,69,32,37,30
LA9 5NX,30,18,12,20
LA9 5NY,141,68,73,59
LA9 5NZ,112,54,58,37
LA9 5PA,118,53,65,46
LA9 5PB,35,19,16,12
LA9 5PD,104,56,48,43
LA9 5PE,96,38,58,48
LA9 5PF,31,10,21,18
LA9 5PG,63,32,31,30
LA9 5PH,88,42,46,47
LA9 5PJ,25,10,15,13
LA9 5PL,5,3,2,3
LA9 5PN,86,36,50,29
LA9 5PP,40,24,16,16
LA9 5PR,73,33,40,36
LA9 5PS,50,23,27,23
LA9 5PT,49,23,26,19
LA9 5PU,76,35,41,31
LA9 5PW,2,1,1,1
LA9 5PX,100,46,54,47
LA9 5PY,33,17,16,13
LA9 5PZ,131,59,72,55
LA9 5QB,10,1,9,9
LA9 5QE,159,74,85,69
LA9 5QF,49,26,23,14
LA9 5QG,41,18,23,10
LA9 5QH,26,11,15,9
LA9 5QJ,24,15,9,9
LA9 5QL,39,10,29,23
LA9 5QN,60,28,32,27
LA9 5QP,122,61,61,52
LA9 5QQ,38,18,20,13
LA9 5QR,40,19,21,21
LA9 5QS,2,1,1,1
LA9 5QT,24,10,14,11
LA9 5QU,10,6,4,4
LA9 5QW,64,33,31,29
LA9 5QX,4,2,2,2
LA9 5QY,60,31,29,24
LA9 5QZ,33,17,16,18
LA9 5RA,43,18,25,20
LA9 5RB,19,9,10,9
LA9 5RD,30,15,15,18
LA9 5RE,6,4,2,6
LA9 5RF,43,16,27,10
LA9 5RJ,18,11,7,4
LA9 5RL,21,10,11,6
LA9 5RN,34,16,18,18
LA9 5RP,17,11,6,8
LA9 5RR,15,11,4,8
LA9 5RS,8,5,3,2
LA9 5RW,9,3,6,4
LA9 5RY,13,7,6,4
LA9 5RZ,8,2,6,2
LA9 5SA,22,8,14,12
LA9 5SB,11,6,5,5
LA9 5SD,21,9,12,13
LA9 5SE,11,6,5,7
LA9 5SF,6,4,2,1
LA9 5SG,10,5,5,5
LA9 5SH,25,14,11,9
LA9 5TA,39,19,20,17
LA9 5TB,29,11,18,17
LA9 5TR,79,37,42,42
LA9 6AA,63,32,31,36
LA9 6AB,9,3,6,5
LA9 6AD,52,27,25,20
LA9 6AE,3,2,1,1
LA9 6AF,3,3,0,3
LA9 6AG,9,5,4,4
LA9 6AH,53,23,30,21
LA9 6AJ,162,80,82,76
LA9 6AL,28,15,13,11
LA9 6AN,75,33,42,37
LA9 6AP,11,5,6,7
LA9 6AQ,37,7,30,7
LA9 6AR,20,9,11,10
LA9 6AS,43,19,24,17
LA9 6AT,83,40,43,31
LA9 6AU,104,49,55,46
LA9 6AW,23,8,15,13
LA9 6AX,73,36,37,26
LA9 6AY,67,31,36,31
LA9 6BA,12,6,6,6
LA9 6BB,24,12,12,14
LA9 6BE,77,37,40,35
LA9 6BF,3,2,1,2
LA9 6BG,11,6,5,5
LA9 6BJ,56,29,27,26
LA9 6BN,12,6,6,5
LA9 6BQ,20,11,9,7
LA9 6BT,2,2,0,0
LA9 6BZ,45,19,26,22
LA9 6DB,30,15,15,16
LA9 6DD,67,31,36,25
LA9 6DE,64,33,31,25
LA9 6DF,10,8,2,6
LA9 6DG,88,49,39,35
LA9 6DH,80,34,46,28
LA9 6DJ,60,27,33,27
LA9 6DL,20,10,10,9
LA9 6DN,40,19,21,14
LA9 6DP,92,52,40,34
LA9 6DR,75,37,38,38
LA9 6DS,84,45,39,37
LA9 6DW,52,33,19,20
LA9 6DX,26,14,12,9
LA9 6DY,29,12,17,15
LA9 6DZ,19,11,8,9
LA9 6EA,55,28,27,23
LA9 6EB,151,79,72,65
LA9 6ED,14,6,8,7
LA9 6EE,82,36,46,37
LA9 6EF,19,11,8,8
LA9 6EG,9,5,4,5
LA9 6EL,4,3,1,1
LA9 6EN,58,31,27,35
LA9 6EP,5,3,2,2
LA9 6EQ,56,27,29,35
LA9 6ER,39,19,20,22
LA9 6ES,107,57,50,47
LA9 6EU,84,44,40,41
LA9 6EY,44,23,21,18
LA9 6EZ,123,58,65,55
LA9 6FA,123,57,66,50
LA9 6FD,73,35,38,25
LA9 6FE,144,68,76,47
LA9 6FF,30,14,16,13
LA9 6FG,79,39,40,32
LA9 6HA,110,46,64,48
LA9 6HB,73,37,36,32
LA9 6HD,40,15,25,21
LA9 6HE,41,21,20,19
LA9 6HF,35,15,20,14
LA9 6HG,75,38,37,30
LA9 6HJ,92,42,50,50
LA9 6HP,11,6,5,6
LA9 6HQ,3,2,1,1
LA9 6HR,12,3,9,8
LA9 6HT,88,41,47,42
LA9 6HU,16,8,8,7
LA9 6HX,27,12,15,12
LA9 6HY,21,11,10,10
LA9 6HZ,45,22,23,23
LA9 6JA,2,1,1,2
LA9 6JB,25,7,18,18
LA9 6JD,7,1,6,5
LA9 6JE,7,5,2,3
LA9 6JF,7,4,3,4
LA9 6JG,16,6,10,13
LA9 6JH,19,9,10,7
LA9 6JJ,12,5,7,6
LA9 6JL,14,5,9,6
LA9 6JN,141,66,75,50
LA9 6JP,58,27,31,20
LA9 6JQ,7,4,3,5
LA9 6JR,33,18,15,14
LA9 6JS,74,38,36,31
LA9 6JT,87,41,46,33
LA9 6JU,112,50,62,40
LA9 6JW,76,35,41,30
LA9 6LA,125,62,63,54
LA9 6LB,58,27,31,39
LA9 6LD,73,37,36,36
LA9 6LE,43,25,18,16
LA9 6LF,49,24,25,22
LA9 6LG,30,15,15,19
LA9 6LH,40,18,22,34
LA9 6LJ,3,1,2,2
LA9 6LN,86,37,49,37
LA9 6LP,109,49,60,48
LA9 6LQ,88,36,52,38
LA9 6LR,73,36,37,36
LA9 6LS,33,17,16,16
LA9 6LT,51,28,23,19
LA9 6LW,58,26,32,26
LA9 6LY,11,4,7,4
LA9 6NE,17,7,10,8
LA9 6NF,16,8,8,4
LA9 6NR,6,3,3,3
LA9 6NT,43,20,23,16
LA9 6NU,17,9,8,8
LA9 6NX,18,10,8,7
LA9 6NY,39,18,21,17
LA9 6PA,1,1,0,1
LA9 6PB,6,3,3,2
LA9 6PD,6,3,3,3
LA9 6PE,32,12,20,19
LA9 6PF,8,3,5,3
LA9 6PG,8,5,3,2
LA9 6PH,21,15,6,8
LA9 6PJ,8,4,4,1
LA9 6PL,19,9,10,7
LA9 6PN,18,9,9,5
LA9 6PQ,13,7,6,5
LA9 6PR,10,6,4,3
LA9 6PS,13,5,8,6
LA9 6PT,33,16,17,15
LA9 6PU,15,7,8,8
LA9 6PW,27,12,15,13
LA9 6PX,11,6,5,3
LA9 6PY,27,12,15,14
LA9 6QA,11,8,3,5
LA9 6QB,22,11,11,8
LA9 6QE,21,9,12,7
LA9 6QF,115,62,53,49
LA9 6QG,33,15,18,16
LA9 6QH,22,11,11,11
LA9 6QJ,60,28,32,31
LA9 6QL,21,10,11,9
LA9 6QN,17,9,8,8
LA9 6QP,98,45,53,37
LA9 6QQ,23,12,11,8
LA9 6QR,8,4,4,4
LA9 6QS,7,3,4,3
LA9 6QT,5,2,3,2
LA9 6QU,20,12,8,5
LA9 6QW,46,23,23,20
LA9 6QX,61,30,31,35
LA9 6QY,6,3,3,2
LA9 6QZ,11,5,6,5
LA9 6RA,38,18,20,14
LA9 6RB,14,5,9,7
LA9 6RD,5,2,3,2
LA9 6RE,141,61,80,63
LA9 6RG,2,1,1,1
LA9 6RH,42,19,23,24
LA9 6RP,85,45,40,25
LA9 6RR,27,15,12,10
LA9 6RS,110,56,54,43
LA9 6SB,31,11,20,11
LA9 7AA,21,10,11,14
LA9 7AD,63,32,31,35
LA9 7AE,41,20,21,21
LA9 7AF,19,7,12,12
LA9 7AG,78,41,37,37
LA9 7AH,14,6,8,7
LA9 7AJ,78,39,39,38
LA9 7AL,46,26,20,28
LA9 7AN,59,27,32,26
LA9 7AP,4,3,1,1
LA9 7AQ,106,54,52,50
LA9 7AR,3,1,2,2
LA9 7AS,66,39,27,32
LA9 7AT,99,52,47,44
LA9 7AU,87,32,55,26
LA9 7AW,15,6,9,10
LA9 7AX,30,17,13,16
LA9 7AY,65,33,32,25
LA9 7AZ,92,44,48,38
LA9 7BA,41,22,19,21
LA9 7BB,67,32,35,24
LA9 7BD,88,46,42,37
LA9 7BE,48,24,24,20
LA9 7BG,31,14,17,11
LA9 7BH,21,10,11,8
LA9 7BJ,67,31,36,30
LA9 7BL,34,22,12,12
LA9 7BN,43,21,22,18
LA9 7BP,53,22,31,44
LA9 7BQ,53,26,27,19
LA9 7BW,11,5,6,5
LA9 7DB,7,5,2,4
LA9 7DD,8,2,6,6
LA9 7DE,19,8,11,12
LA9 7DG,70,36,34,26
LA9 7DH,53,28,25,19
LA9 7DJ,51,25,26,21
LA9 7DL,4,2,2,2
LA9 7DN,19,9,10,8
LA9 7DP,13,6,7,6
LA9 7DQ,6,5,1,2
LA9 7DR,29,13,16,15
LA9 7DS,44,24,20,21
LA9 7DT,14,6,8,8
LA9 7DU,28,17,11,10
LA9 7DW,150,70,80,76
LA9 7DY,171,83,88,74
LA9 7DZ,65,33,32,26
LA9 7EA,86,41,45,33
LA9 7EB,29,14,15,14
LA9 7ED,73,42,31,25
LA9 7EF,7,3,4,3
LA9 7EG,14,10,4,11
LA9 7EH,20,10,10,9
LA9 7EJ,9,5,4,7
LA9 7EL,12,7,5,9
LA9 7EP,18,8,10,9
LA9 7ER,19,9,10,7
LA9 7ES,41,19,22,17
LA9 7ET,50,28,22,30
LA9 7EU,44,19,25,24
LA9 7EW,21,12,9,11
LA9 7EX,44,21,23,18
LA9 7EY,118,54,64,52
LA9 7EZ,136,68,68,50
LA9 7FB,23,11,12,16
LA9 7FD,5,1,4,3
LA9 7FE,9,3,6,6
LA9 7HA,135,62,73,60
LA9 7HB,34,21,13,19
LA9 7HD,62,26,36,30
LA9 7HE,133,71,62,49
LA9 7HF,1,1,0,1
LA9 7HG,9,5,4,4
LA9 7HH,51,22,29,21
LA9 7HJ,47,27,20,20
LA9 7HL,51,24,27,15
LA9 7HN,38,16,22,18
LA9 7HP,4,3,1,3
LA9 7HQ,55,23,32,23
LA9 7HS,46,21,25,16
LA9 7HT,11,5,6,6
LA9 7HU,115,67,48,43
LA9 7HW,37,17,20,14
LA9 7HX,6,3,3,3
LA9 7HY,16,8,8,6
LA9 7HZ,31,14,17,12
LA9 7JA,11,6,5,5
LA9 7JB,136,71,65,55
LA9 7JD,35,18,17,17
LA9 7JE,39,18,21,19
LA9 7JF,37,16,21,17
LA9 7JG,103,51,52,45
LA9 7JH,56,24,32,26
LA9 7JJ,11,4,7,9
LA9 7JL,27,17,10,11
LA9 7JN,7,4,3,3
LA9 7JP,46,19,27,19
LA9 7JQ,141,71,70,53
LA9 7JR,52,23,29,30
LA9 7JS,58,25,33,18
LA9 7JW,63,27,36,38
LA9 7JX,39,21,18,24
LA9 7JY,3,1,2,1
LA9 7JZ,38,18,20,16
LA9 7LA,53,24,29,24
LA9 7LB,27,13,14,21
LA9 7LD,24,10,14,15
LA9 7LG,29,15,14,14
LA9 7LH,36,15,21,21
LA9 7LJ,55,27,28,19
LA9 7LL,7,4,3,2
LA9 7LN,73,40,33,33
LA9 7LP,162,70,92,74
LA9 7LQ,30,11,19,19
LA9 7LR,86,44,42,34
LA9 7LT,73,38,35,30
LA9 7LU,63,34,29,29
LA9 7LW,41,18,23,21
LA9 7LX,10,7,3,8
LA9 7LY,49,22,27,22
LA9 7LZ,35,15,20,13
LA9 7NA,108,49,59,37
LA9 7NB,24,12,12,9
LA9 7ND,86,45,41,30
LA9 7NE,135,70,65,56
LA9 7NF,130,65,65,45
LA9 7NG,13,7,6,6
LA9 7NH,57,24,33,22
LA9 7NJ,44,21,23,18
LA9 7NL,22,11,11,9
LA9 7NN,15,5,10,9
LA9 7NP,31,13,18,16
LA9 7NQ,46,22,24,17
LA9 7NR,83,36,47,51
LA9 7NS,90,42,48,35
LA9 7NT,249,124,125,87
LA9 7NU,99,52,47,52
LA9 7NW,93,42,51,46
LA9 7NX,54,23,31,27
LA9 7NY,51,26,25,24
LA9 7NZ,28,13,15,12
LA9 7PA,96,49,47,41
LA9 7PB,81,39,42,28
LA9 7PD,26,13,13,13
LA9 7PE,121,64,57,46
LA9 7PF,62,32,30,21
LA9 7PG,14,10,4,5
LA9 7PH,23,11,12,8
LA9 7PJ,39,21,18,15
LA9 7PL,73,38,35,31
LA9 7PN,63,32,31,25
LA9 7PQ,44,25,19,19
LA9 7PR,15,8,7,5
LA9 7PS,12,7,5,5
LA9 7PT,22,13,9,9
LA9 7PU,54,24,30,30
LA9 7PW,59,29,30,29
LA9 7PX,45,22,23,22
LA9 7PY,30,11,19,20
LA9 7PZ,7,2,5,5
LA9 7QA,41,19,22,25
LA9 7QB,23,12,11,9
LA9 7QD,7,3,4,2
LA9 7QE,29,16,13,12
LA9 7QF,19,12,7,8
LA9 7QG,5,2,3,2
LA9 7QH,80,36,44,34
LA9 7QJ,19,10,9,11
LA9 7QL,22,9,13,9
LA9 7QN,37,17,20,20
LA9 7QP,26,13,13,13
LA9 7QQ,52,25,27,20
LA9 7QR,9,3,6,4
LA9 7QS,29,15,14,6
LA9 7QT,27,12,15,16
LA9 7QU,45,23,22,18
LA9 7QW,21,10,11,12
LA9 7QX,18,9,9,8
LA9 7QY,34,14,20,19
LA9 7QZ,79,38,41,42
LA9 7RA,1,1,0,1
LA9 7RB,4,2,2,1
LA9 7RD,20,13,7,14
LA9 7RE,22,11,11,14
LA9 7RF,24,11,13,9
LA9 7RG,17,7,10,2
LA9 7RH,10,7,3,4
LA9 7RN,57,34,23,20
LA9 7RP,85,38,47,35
LA9 7RQ,31,11,20,19
LA9 7RR,1,0,1,1
LA9 7RS,20,9,11,17
LA9 7RU,37,14,23,33
LA9 7RW,35,16,19,16
LA9 7RX,10,6,4,4
LA9 7RY,5,2,3,2
LA9 7RZ,115,53,62,42
LA9 7SA,15,6,9,8
LA9 7SB,80,42,38,33
LA9 7SD,35,19,16,10
LA9 7SE,175,83,92,35
LA9 7SF,84,46,38,39
LA9 7SG,67,36,31,24
LA9 7SH,65,33,32,29
LA9 7SJ,90,41,49,34
LA9 7SL,99,44,55,33
LA9 7SN,44,20,24,15
LA9 7SP,35,16,19,12
LA9 7SQ,39,17,22,15
LA9 7SR,14,7,7,5
LA9 7ST,14,7,7,7
LA9 7SU,7,3,4,2
LA9 7SW,14,7,7,7
LA9 7SY,6,3,3,6
LA9 7SZ,6,5,1,6
LA9 7XX,4,2,2,1
LD1 5AD,8,4,4,3
LD1 5AE,11,5,6,4
LD1 5AL,63,30,33,22
LD1 5BA,64,28,36,26
LD1 5BB,3,3,0,3
LD1 5BD,13,7,6,10
LD1 5BF,72,35,37,30
LD1 5BG,19,12,7,6
LD1 5BH,70,35,35,33
LD1 5BJ,9,4,5,5
LD1 5BL,31,14,17,13
LD1 5BN,4,1,3,3
LD1 5BP,24,11,13,12
LD1 5BQ,8,5,3,4
LD1 5BS,9,3,6,4
LD1 5BT,8,4,4,3
LD1 5BU,7,5,2,4
LD1 5BW,19,14,5,11
LD1 5BX,61,34,27,28
LD1 5BY,17,10,7,5
LD1 5BZ,47,23,24,21
LD1 5DA,16,7,9,8
LD1 5DB,10,4,6,7
LD1 5DD,7,3,4,4
LD1 5DE,113,55,58,55
LD1 5DG,18,9,9,8
LD1 5DH,24,19,5,18
LD1 5DL,14,11,3,10
LD1 5DP,17,16,1,12
LD1 5DU,29,14,15,21
LD1 5DY,3,1,2,0
LD1 5EB,35,17,18,14
LD1 5ED,21,11,10,8
LD1 5EE,19,9,10,10
LD1 5EF,15,5,10,9
LD1 5EG,6,2,4,5
LD1 5EH,102,47,55,47
LD1 5EL,14,7,7,7
LD1 5ER,19,10,9,7
LD1 5ES,12,5,7,9
LD1 5ET,14,10,4,9
LD1 5EW,56,23,33,20
LD1 5EX,32,16,16,11
LD1 5EY,37,21,16,18
LD1 5HB,75,36,39,38
LD1 5HE,20,9,11,11
LD1 5HF,59,33,26,41
LD1 5HG,103,45,58,44
LD1 5HP,3,2,1,2
LD1 5HR,34,13,21,20
LD1 5HS,43,20,23,21
LD1 5HT,103,47,56,57
LD1 5HU,9,4,5,7
LD1 5HW,37,22,15,28
LD1 5HY,39,14,25,34
LD1 5LA,46,22,24,20
LD1 5LB,12,6,6,7
LD1 5LD,27,16,11,23
LD1 5LE,39,16,23,23
LD1 5LF,15,5,10,9
LD1 5LJ,22,10,12,12
LD1 5LL,48,21,27,24
LD1 5LN,28,11,17,12
LD1 5LP,20,11,9,13
LD1 5LQ,21,9,12,11
LD1 5LR,13,9,4,9
LD1 5LS,14,7,7,11
LD1 5LT,43,18,25,12
LD1 5LU,76,43,33,51
LD1 5LW,64,35,29,32
LD1 5LY,7,3,4,5
LD1 5NA,55,29,26,21
LD1 5NB,126,55,71,56
LD1 5ND,14,8,6,5
LD1 5NE,13,8,5,8
LD1 5NG,11,3,8,10
LD1 5NH,15,6,9,7
LD1 5NL,63,29,34,37
LD1 5NN,20,10,10,10
LD1 5NP,52,26,26,23
LD1 5NQ,33,16,17,13
LD1 5NR,25,7,18,22
LD1 5NS,53,30,23,17
LD1 5NT,100,45,55,55
LD1 5NU,4,3,1,2
LD1 5NW,72,35,37,35
LD1 5NX,45,19,26,23
LD1 5NY,35,18,17,15
LD1 5PA,7,4,3,2
LD1 5PB,18,10,8,6
LD1 5PD,28,14,14,11
LD1 5PE,12,7,5,3
LD1 5PF,4,1,3,3
LD1 5PG,29,13,16,14
LD1 5PH,23,13,10,12
LD1 5PJ,45,20,25,19
LD1 5PL,9,5,4,4
LD1 5PN,19,11,8,12
LD1 5PP,24,12,12,13
LD1 5PR,4,2,2,2
LD1 5PS,15,9,6,7
LD1 5PT,52,24,28,22
LD1 5PU,125,64,61,83
LD1 5PW,4,2,2,2
LD1 5PY,131,56,75,57
LD1 5RA,57,25,32,32
LD1 5RB,120,68,52,53
LD1 5RD,23,10,13,17
LD1 5RE,22,10,12,8
LD1 5RF,17,10,7,9
LD1 5RG,61,31,30,28
LD1 5RH,37,17,20,10
LD1 5RJ,6,3,3,4
LD1 5RN,10,5,5,2
LD1 5RP,51,25,26,20
LD1 5RR,30,17,13,12
LD1 5RS,25,13,12,11
LD1 5RT,11,7,4,5
LD1 5RU,37,17,20,14
LD1 5RW,28,18,10,9
LD1 5RY,97,46,51,38
LD1 5SA,91,42,49,40
LD1 5SB,3,2,1,2
LD1 5SD,4,2,2,1
LD1 5SE,63,32,31,21
LD1 5SF,56,29,27,21
LD1 5SH,144,70,74,64
LD1 5SJ,10,6,4,4
LD1 5SL,38,19,19,17
LD1 5SN,5,1,4,3
LD1 5SP,22,8,14,9
LD1 5SQ,10,5,5,4
LD1 5SR,13,7,6,6
LD1 5SS,3,1,2,1
LD1 5ST,9,5,4,2
LD1 5SU,15,7,8,6
LD1 5SW,44,21,23,19
LD1 5SY,36,19,17,13
LD1 5TA,5,3,2,2
LD1 5TB,27,17,10,8
LD1 5TD,12,5,7,6
LD1 5TE,33,20,13,17
LD1 5TF,10,5,5,4
LD1 5TG,4,3,1,3
LD1 5TH,14,8,6,7
LD1 5TL,68,33,35,30
LD1 5TN,11,4,7,4
LD1 5TP,11,6,5,6
LD1 5TS,14,7,7,4
LD1 5TT,12,7,5,5
LD1 5TU,3,2,1,2
LD1 5TW,45,22,23,15
LD1 5TY,32,17,15,17
LD1 5UA,67,31,36,24
LD1 5UB,15,5,10,5
LD1 5UD,32,18,14,12
LD1 5UE,14,5,9,6
LD1 5UF,78,41,37,32
LD1 5UG,8,3,5,3
LD1 5UH,24,9,15,10
LD1 5UL,5,2,3,3
LD1 5UN,14,6,8,6
LD1 5UP,6,3,3,3
LD1 5UR,19,10,9,6
LD1 5US,32,13,19,12
LD1 5UT,14,8,6,7
LD1 5UW,46,21,25,24
LD1 5YA,159,70,89,60
LD1 5YB,196,95,101,71
LD1 5YD,24,12,12,10
LD1 5YE,46,17,29,15
LD1 5YF,29,13,16,10
LD1 6AB,69,28,41,48
LD1 6AE,5,2,3,3
LD1 6AF,5,3,2,2
LD1 6AG,100,53,47,60
LD1 6AH,39,18,21,19
LD1 6AJ,4,2,2,1
LD1 6AL,23,11,12,8
LD1 6AN,126,67,59,53
LD1 6AP,55,29,26,19
LD1 6AQ,13,6,7,10
LD1 6AR,15,9,6,8
LD1 6AS,90,48,42,39
LD1 6AT,26,11,15,14
LD1 6AU,9,4,5,8
LD1 6AX,17,7,10,8
LD1 6AY,29,17,12,20
LD1 6AZ,12,5,7,5
LD1 6BA,32,13,19,25
LD1 6BB,58,29,29,27
LD1 6BD,47,27,20,16
LD1 6BE,97,50,47,40
LD1 6BG,4,3,1,1
LD1 6BL,44,25,19,17
LD1 6BN,39,16,23,19
LD1 6BP,9,4,5,7
LD1 6BS,17,11,6,5
LD1 6BT,33,14,19,14
LD1 6BU,15,7,8,6
LD1 6BW,36,16,20,12
LD1 6BY,51,25,26,26
LD1 6BZ,2,1,1,1
LD1 6DA,4,3,1,1
LD1 6DB,34,17,17,16
LD1 6DD,4,1,3,3
LD1 6DE,16,7,9,9
LD1 6DF,4,2,2,2
LD1 6DG,40,23,17,16
LD1 6DH,12,7,5,7
LD1 6DJ,10,5,5,4
LD1 6DL,12,6,6,5
LD1 6DN,97,46,51,61
LD1 6DP,23,10,13,15
LD1 6DQ,41,16,25,17
LD1 6DR,23,10,13,14
LD1 6DS,23,11,12,15
LD1 6DT,85,38,47,42
LD1 6DU,2,1,1,1
LD1 6DW,34,14,20,22
LD1 6DX,31,14,17,14
LD1 6DY,127,62,65,60
LD1 6EA,74,39,35,34
LD1 6EB,6,3,3,3
LD1 6ED,19,8,11,8
LD1 6EE,20,10,10,5
LD1 6EF,26,14,12,7
LD1 6EG,14,9,5,6
LD1 6EH,52,26,26,24
LD1 6EL,24,12,12,9
LD1 6EN,57,23,34,21
LD1 6EP,56,32,24,24
LD1 6ER,57,28,29,20
LD1 6ES,28,14,14,10
LD1 6ET,21,9,12,8
LD1 6EU,11,5,6,6
LD1 6EW,45,24,21,19
LD1 6EY,14,8,6,5
LD1 6HA,8,4,4,3
LD1 6HB,9,4,5,4
LD1 6HD,14,7,7,5
LD1 6HE,14,9,5,4
LD1 6HF,15,7,8,7
LD1 6HG,3,2,1,2
LD1 6HH,11,6,5,7
LD1 6HL,7,3,4,4
LD1 6HN,22,11,11,11
LD1 6HP,20,13,7,7
LD1 6HR,5,3,2,2
LD1 6HS,11,6,5,5
LD1 6HT,29,14,15,11
LD1 6HU,35,21,14,16
LD1 6HW,9,5,4,3
LD1 6HY,14,8,6,4
LD1 6LA,6,3,3,4
LD1 6LB,10,8,2,6
LD1 6LD,11,7,4,6
LD1 6LE,46,22,24,21
LD1 6LF,76,37,39,38
LD1 6LG,18,9,9,9
LD1 6LH,40,21,19,17
LD1 6LL,44,14,30,20
LD1 6LN,21,11,10,9
LD1 6LP,1,1,0,1
LD1 6LR,32,13,19,12
LD1 6LS,32,13,19,14
LD1 6LT,8,4,4,4
LD1 6LU,2,1,1,1
LD1 6LW,5,3,2,3
LD1 6LX,30,15,15,17
LD1 6LY,25,15,10,11
LD1 6LZ,26,12,14,11
LD1 6NA,1,1,0,1
LD1 6NB,41,22,19,16
LD1 6ND,76,41,35,30
LD1 6NE,48,27,21,23
LD1 6NF,20,12,8,9
LD1 6NG,24,9,15,8
LD1 6NL,19,11,8,8
LD1 6NN,29,16,13,16
LD1 6NP,4,2,2,1
LD1 6NR,8,4,4,2
LD1 6NS,26,13,13,11
LD1 6NT,33,20,13,14
LD1 6NU,70,33,37,33
LD1 6NW,5,3,2,2
LD1 6NY,6,3,3,3
LD1 6PA,50,20,30,23
LD1 6PB,9,4,5,3
LD1 6PD,32,14,18,14
LD1 6PE,13,7,6,8
LD1 6PF,42,17,25,17
LD1 6PG,51,29,22,20
LD1 6PH,50,22,28,21
LD1 6PL,5,3,2,3
LD1 6PN,4,2,2,2
LD1 6PP,4,2,2,2
LD1 6PR,5,2,3,2
LD1 6PS,10,5,5,5
LD1 6PT,19,11,8,6
LD1 6PU,21,11,10,7
LD1 6PW,14,9,5,9
LD1 6RA,58,31,27,30
LD1 6RB,5,2,3,2
LD1 6RD,7,4,3,5
LD1 6RE,37,20,17,17
LD1 6RF,29,15,14,13
LD1 6RG,15,9,6,7
LD1 6RH,12,6,6,7
LD1 6RJ,43,22,21,15
LD1 6RL,3,1,2,2
LD1 6RN,35,17,18,17
LD1 6RP,66,33,33,25
LD1 6RQ,20,12,8,6
LD1 6RR,34,15,19,16
LD1 6RS,47,23,24,21
LD1 6RT,5,3,2,2
LD1 6RU,29,14,15,11
LD1 6RW,19,10,9,7
LD1 6RX,3,2,1,1
LD1 6RY,90,42,48,41
LD1 6SA,17,9,8,7
LD1 6SB,18,8,10,8
LD1 6SD,65,36,29,30
LD1 6SE,76,35,41,36
LD1 6SF,22,12,10,8
LD1 6SG,38,18,20,16
LD1 6SH,22,13,9,7
LD1 6SL,16,9,7,7
LD1 6SN,32,18,14,11
LD1 6SP,21,8,13,6
LD1 6SR,20,13,7,11
LD1 6SS,10,5,5,4
LD1 6ST,2,1,1,1
LD1 6SW,8,3,5,2
LD1 6SY,3,1,2,2
LD1 6TA,41,17,24,20
LD1 6TB,13,7,6,6
LD1 6TD,18,8,10,8
LD1 6TE,2,1,1,1
LD1 6TF,1,0,1,1
LD1 6TG,7,3,4,2
LD1 6TH,24,14,10,9
LD1 6TJ,8,4,4,4
LD1 6TL,13,7,6,5
LD1 6TN,70,39,31,32
LD1 6TP,6,3,3,4
LD1 6TR,14,8,6,4
LD1 6TS,3,1,2,1
LD1 6TT,20,11,9,9
LD1 6TU,31,14,17,12
LD1 6TW,31,13,18,16
LD1 6TY,4,1,3,2
LD1 6UA,19,12,7,7
LD1 6UB,9,4,5,3
LD1 6UD,16,9,7,5
LD1 6UE,7,3,4,3
LD1 6UF,8,4,4,3
LD1 6UG,19,10,9,7
LD1 6UH,16,11,5,7
LD1 6UL,6,2,4,2
LD1 6UN,22,13,9,11
LD1 6UP,9,5,4,3
LD1 6UR,41,18,23,14
LD1 6UT,15,9,6,6
LD1 6YA,38,21,17,13
LD1 6YB,4,3,1,2
LD1 6YD,1,0,1,1
LD1 6YE,19,9,10,4
LD1 6YF,23,13,10,5
LD1 6YG,15,8,7,6
LD1 6YH,25,15,10,15
LD1 6YL,3,2,1,2
LD1 6YN,13,5,8,3
LD1 6YP,10,4,6,3
LD1 6YR,6,2,4,3
LD1 6YS,75,31,44,29
LD1 6YT,8,4,4,2
LD1 6YW,1,0,1,1
LD2 3AB,28,17,11,18
LD2 3AG,15,8,7,6
LD2 3AH,29,17,12,11
LD2 3AJ,19,10,9,6
LD2 3AL,31,15,16,11
LD2 3AN,13,7,6,6
LD2 3AP,14,7,7,5
LD2 3AQ,5,2,3,3
LD2 3AR,136,69,67,50
LD2 3AS,21,12,9,10
LD2 3AT,26,12,14,12
LD2 3AU,51,26,25,23
LD2 3AW,88,39,49,39
LD2 3AX,5,2,3,2
LD2 3AY,17,8,9,6
LD2 3AZ,1,1,0,1
LD2 3BA,11,5,6,6
LD2 3BB,13,5,8,7
LD2 3BE,56,27,29,31
LD2 3BF,26,13,13,11
LD2 3BG,42,20,22,7
LD2 3BH,6,1,5,2
LD2 3BJ,11,5,6,7
LD2 3BN,72,41,31,30
LD2 3BP,63,32,31,23
LD2 3BQ,26,15,11,13
LD2 3BS,10,6,4,6
LD2 3BT,5,2,3,3
LD2 3BU,49,22,27,19
LD2 3BX,31,13,18,10
LD2 3BY,37,13,24,29
LD2 3BZ,6,4,2,3
LD2 3DA,64,25,39,29
LD2 3DB,58,24,34,25
LD2 3DE,76,33,43,32
LD2 3DF,61,32,29,31
LD2 3DG,3,1,2,1
LD2 3DH,97,45,52,33
LD2 3DJ,16,9,7,12
LD2 3DL,25,14,11,13
LD2 3DN,29,19,10,16
LD2 3DP,10,6,4,4
LD2 3DQ,17,9,8,7
LD2 3DR,4,2,2,2
LD2 3DS,32,12,20,14
LD2 3DT,8,5,3,4
LD2 3DU,4,2,2,3
LD2 3DW,3,2,1,2
LD2 3DX,94,44,50,36
LD2 3DY,43,14,29,26
LD2 3EA,11,5,6,4
LD2 3EB,47,24,23,19
LD2 3ED,21,12,9,15
LD2 3EE,32,15,17,17
LD2 3EF,54,30,24,30
LD2 3EG,78,41,37,35
LD2 3EH,50,25,25,22
LD2 3EJ,7,2,5,3
LD2 3EL,17,8,9,8
LD2 3EN,36,22,14,13
LD2 3EP,71,37,34,29
LD2 3EQ,32,17,15,16
LD2 3ER,54,25,29,25
LD2 3ES,2,1,1,1
LD2 3ET,5,3,2,3
LD2 3EU,3,1,2,2
LD2 3EW,4,2,2,2
LD2 3EX,20,8,12,11
LD2 3EY,6,4,2,2
LD2 3EZ,31,14,17,13
LD2 3FA,31,16,15,15
LD2 3FD,75,36,39,24
LD2 3FE,103,51,52,33
LD2 3FL,36,17,19,17
LD2 3GE,6,3,3,3
LD2 3GF,4,2,2,1
LD2 3HA,13,5,8,11
LD2 3HB,10,5,5,6
LD2 3HE,68,35,33,21
LD2 3HF,24,11,13,11
LD2 3HG,10,5,5,6
LD2 3HH,65,29,36,14
LD2 3HJ,30,16,14,10
LD2 3HL,15,9,6,6
LD2 3HN,27,13,14,14
LD2 3HP,8,4,4,5
LD2 3HQ,12,5,7,6
LD2 3HR,17,7,10,5
LD2 3HS,14,6,8,5
LD2 3HT,36,17,19,10
LD2 3HU,6,4,2,3
LD2 3HW,5,2,3,2
LD2 3HX,11,5,6,2
LD2 3HY,4,3,1,1
LD2 3HZ,19,8,11,8
LD2 3JB,14,7,7,6
LD2 3JD,5,2,3,4
LD2 3JE,7,4,3,2
LD2 3JF,10,6,4,4
LD2 3JG,4,2,2,1
LD2 3JH,20,13,7,11
LD2 3JJ,23,12,11,9
LD2 3JL,37,19,18,16
LD2 3JN,39,24,15,13
LD2 3JP,14,5,9,4
LD2 3JQ,22,12,10,10
LD2 3JR,8,5,3,2
LD2 3JS,1,1,0,1
LD2 3JT,39,20,19,17
LD2 3JU,29,17,12,10
LD2 3JW,10,5,5,5
LD2 3JY,52,24,28,26
LD2 3JZ,37,19,18,16
LD2 3LA,6,1,5,4
LD2 3LB,5,1,4,3
LD2 3LD,21,12,9,9
LD2 3LE,89,41,48,43
LD2 3LF,63,27,36,25
LD2 3LG,14,7,7,5
LD2 3LH,13,7,6,5
LD2 3LJ,3,1,2,1
LD2 3LN,15,9,6,5
LD2 3LP,6,4,2,3
LD2 3LQ,4,2,2,2
LD2 3LR,29,13,16,13
LD2 3LS,3,3,0,3
LD2 3LT,6,2,4,3
LD2 3LU,21,13,8,6
LD2 3LW,18,10,8,8
LD2 3LX,7,3,4,4
LD2 3LY,4,1,3,2
LD2 3LZ,14,6,8,6
LD2 3NA,16,6,10,7
LD2 3NB,24,12,12,10
LD2 3ND,9,5,4,3
LD2 3NE,5,2,3,3
LD2 3NF,22,12,10,11
LD2 3NG,86,38,48,47
LD2 3NH,12,5,7,7
LD2 3NN,20,9,11,11
LD2 3NP,7,3,4,3
LD2 3NQ,3,2,1,1
LD2 3NR,1,1,0,1
LD2 3NS,10,4,6,4
LD2 3NT,22,10,12,9
LD2 3NU,23,12,11,11
LD2 3NW,5,2,3,2
LD2 3NY,31,13,18,14
LD2 3PA,35,17,18,13
LD2 3PB,13,6,7,6
LD2 3PD,2,1,1,1
LD2 3PE,29,14,15,16
LD2 3PF,4,2,2,3
LD2 3PG,9,4,5,4
LD2 3PH,3,1,2,2
LD2 3PJ,17,7,10,9
LD2 3PL,14,6,8,7
LD2 3PN,15,8,7,6
LD2 3PP,13,7,6,5
LD2 3PQ,55,28,27,23
LD2 3PR,6,3,3,3
LD2 3PS,4,3,1,3
LD2 3PT,10,4,6,6
LD2 3PU,5,1,4,2
LD2 3PW,23,12,11,11
LD2 3PX,8,4,4,2
LD2 3PY,7,2,5,4
LD2 3PZ,17,12,5,9
LD2 3RA,12,6,6,9
LD2 3RB,9,4,5,5
LD2 3RD,13,7,6,5
LD2 3RE,8,5,3,2
LD2 3RF,16,8,8,9
LD2 3RG,11,4,7,5
LD2 3RH,39,21,18,15
LD2 3RJ,10,4,6,5
LD2 3RL,46,24,22,26
LD2 3RN,6,1,5,1
LD2 3RP,74,33,41,39
LD2 3RQ,7,4,3,3
LD2 3RR,14,6,8,9
LD2 3RS,6,4,2,2
LD2 3RT,19,12,7,7
LD2 3RU,27,13,14,9
LD2 3RW,43,20,23,20
LD2 3RX,11,6,5,3
LD2 3RY,10,5,5,5
LD2 3RZ,8,4,4,5
LD2 3SA,8,3,5,3
LD2 3SB,12,8,4,6
LD2 3SD,2,1,1,1
LD2 3SE,51,29,22,19
LD2 3SF,5,3,2,3
LD2 3SG,5,3,2,3
LD2 3SH,18,8,10,7
LD2 3SJ,46,23,23,15
LD2 3SL,8,5,3,3
LD2 3SN,15,7,8,8
LD2 3SP,3,1,2,2
LD2 3SQ,28,12,16,11
LD2 3SR,10,4,6,6
LD2 3SS,13,7,6,4
LD2 3SU,2,1,1,1
LD2 3SW,6,3,3,5
LD2 3SX,19,10,9,9
LD2 3SY,3,2,1,1
LD2 3SZ,16,9,7,6
LD2 3TA,6,3,3,3
LD2 3TB,2,1,1,1
LD2 3TD,18,8,10,7
LD2 3TE,49,27,22,18
LD2 3TF,46,27,19,22
LD2 3TG,9,6,3,3
LD2 3TH,3,1,2,2
LD2 3TJ,5,3,2,2
LD2 3TL,17,8,9,6
LD2 3TN,26,12,14,11
LD2 3TQ,9,5,4,5
LD2 3TR,66,29,37,32
LD2 3TS,10,4,6,6
LD2 3TT,4,3,1,3
LD2 3TX,14,8,6,5
LD2 3TY,9,4,5,4
LD2 3TZ,4,2,2,2
LD2 3UA,24,12,12,13
LD2 3UD,2,1,1,1
LD2 3UE,10,4,6,6
LD2 3UF,30,13,17,13
LD2 3UG,13,7,6,7
LD2 3UH,53,26,27,25
LD2 3UJ,11,6,5,4
LD2 3UL,25,9,16,10
LD2 3UN,2,1,1,2
LD2 3UP,39,17,22,14
LD2 3UQ,13,6,7,6
LD2 3UR,16,11,5,6
LD2 3US,78,38,40,34
LD2 3UT,8,4,4,5
LD2 3UU,18,9,9,9
LD2 3UW,28,14,14,14
LD2 3UX,11,6,5,3
LD2 3UY,11,6,5,7
LD2 3UZ,5,3,2,2
LD2 3YA,3,2,1,2
LD2 3YB,7,4,3,3
LD2 3YD,7,4,3,5
LD2 3YE,28,15,13,19
LD2 3YF,4,2,2,2
LD2 3YJ,8,2,6,4
LD2 3YL,7,4,3,1
LD2 3YN,6,3,3,3
LD2 3YP,12,5,7,7
LD2 3YQ,17,8,9,6
LD2 3YR,13,6,7,6
LD2 3YS,3,3,0,3
LD2 3YT,6,3,3,3
LD2 3YU,7,5,2,2
LD2 3YW,3,2,1,1
LD2 3YX,18,11,7,5
LD2 3YY,9,6,3,3
LD3 0AA,32,12,20,11
LD3 0AB,5,3,2,2
LD3 0AD,33,7,26,2
LD3 0AE,9,5,4,4
LD3 0AG,14,8,6,6
LD3 0AH,10,8,2,6
LD3 0AJ,5,2,3,2
LD3 0AL,27,13,14,11
LD3 0AN,16,10,6,8
LD3 0AP,2,1,1,1
LD3 0AQ,3,2,1,2
LD3 0AR,16,9,7,7
LD3 0AS,27,15,12,12
LD3 0AT,54,24,30,27
LD3 0AU,47,19,28,33
LD3 0AX,15,9,6,4
LD3 0AY,69,35,34,29
LD3 0AZ,7,4,3,3
LD3 0BA,75,38,37,31
LD3 0BB,15,8,7,7
LD3 0BD,18,11,7,6
LD3 0BE,9,5,4,4
LD3 0BG,3,1,2,3
LD3 0BH,24,12,12,11
LD3 0BJ,14,7,7,5
LD3 0BL,19,6,13,11
LD3 0BN,38,17,21,15
LD3 0BP,19,10,9,9
LD3 0BQ,30,11,19,14
LD3 0BS,20,10,10,10
LD3 0BT,21,14,7,6
LD3 0BU,24,12,12,11
LD3 0BW,19,8,11,7
LD3 0BX,18,9,9,7
LD3 0BY,17,9,8,10
LD3 0BZ,16,6,10,11
LD3 0DA,10,7,3,3
LD3 0DB,28,13,15,10
LD3 0DD,19,7,12,11
LD3 0DF,19,10,9,18
LD3 0DH,119,57,62,48
LD3 0DJ,6,3,3,3
LD3 0DL,22,13,9,5
LD3 0DN,6,4,2,1
LD3 0DP,20,10,10,5
LD3 0DR,11,6,5,5
LD3 0DT,21,10,11,8
LD3 0DU,12,7,5,4
LD3 0DW,10,4,6,6
LD3 0DY,25,14,11,7
LD3 0EA,6,4,2,2
LD3 0EB,20,8,12,9
LD3 0ED,7,3,4,4
LD3 0EE,14,6,8,6
LD3 0EF,12,8,4,6
LD3 0EG,19,10,9,10
LD3 0EH,6,3,3,2
LD3 0EJ,1,1,0,1
LD3 0EL,22,9,13,7
LD3 0EN,6,4,2,3
LD3 0EP,15,8,7,4
LD3 0ER,14,7,7,4
LD3 0ES,9,5,4,5
LD3 0ET,8,5,3,3
LD3 0EU,10,5,5,4
LD3 0EW,3,2,1,2
LD3 0EY,13,8,5,5
LD3 0HA,19,9,10,8
LD3 0HB,11,7,4,4
LD3 0HF,71,34,37,25
LD3 0HG,114,52,62,49
LD3 0HH,53,26,27,22
LD3 0HL,15,9,6,6
LD3 0HN,28,14,14,13
LD3 0HP,10,3,7,5
LD3 0HR,6,4,2,4
LD3 0HS,6,5,1,2
LD3 0HT,8,4,4,5
LD3 0HU,33,13,20,14
LD3 0HW,5,3,2,3
LD3 0HX,39,13,26,18
LD3 0HY,12,5,7,6
LD3 0LA,97,48,49,43
LD3 0LB,11,4,7,7
LD3 0LD,22,13,9,17
LD3 0LE,19,10,9,10
LD3 0LF,15,7,8,6
LD3 0LG,24,13,11,12
LD3 0LH,11,3,8,3
LD3 0LJ,15,7,8,5
LD3 0LL,14,7,7,5
LD3 0LN,11,4,7,4
LD3 0LP,44,18,26,21
LD3 0LQ,2,1,1,1
LD3 0LT,14,8,6,7
LD3 0LU,33,20,13,14
LD3 0LW,18,8,10,6
LD3 0LY,11,4,7,0
LD3 0NA,30,13,17,12
LD3 0NB,29,14,15,11
LD3 0ND,13,5,8,6
LD3 0NE,13,9,4,5
LD3 0NF,8,5,3,2
LD3 0NG,17,8,9,7
LD3 0NH,2,1,1,1
LD3 0NL,19,12,7,6
LD3 0NN,2,1,1,1
LD3 0NR,29,9,20,14
LD3 0NS,23,11,12,11
LD3 0NT,5,4,1,1
LD3 0NU,16,8,8,6
LD3 0NW,10,6,4,4
LD3 0PA,5,4,1,4
LD3 0PB,5,2,3,4
LD3 0PD,44,25,19,21
LD3 0PE,11,4,7,5
LD3 0PF,9,9,0,3
LD3 0PG,14,7,7,8
LD3 0PH,12,8,4,6
LD3 0PL,30,16,14,12
LD3 0PN,6,2,4,4
LD3 0PP,38,20,18,16
LD3 0PR,1,1,0,1
LD3 0PS,23,11,12,9
LD3 0PT,14,6,8,5
LD3 0PU,4,1,3,1
LD3 0PW,75,33,42,26
LD3 0PY,19,10,9,7
LD3 0RA,10,5,5,4
LD3 0RB,4,2,2,2
LD3 0RD,23,12,11,10
LD3 0RE,48,24,24,23
LD3 0RF,12,7,5,3
LD3 0RG,4,2,2,2
LD3 0RH,2,1,1,2
LD3 0RL,13,7,6,7
LD3 0RN,38,20,18,14
LD3 0RP,14,8,6,6
LD3 0RS,2,2,0,2
LD3 0RT,135,70,65,56
LD3 0RU,8,4,4,6
LD3 0RW,13,8,5,5
LD3 0RY,12,5,7,4
LD3 0SA,29,11,18,13
LD3 0SB,14,8,6,4
LD3 0SD,7,2,5,3
LD3 0SE,86,43,43,35
LD3 0SG,39,21,18,12
LD3 0SH,52,28,24,18
LD3 0SJ,15,7,8,8
LD3 0SL,17,11,6,7
LD3 0SN,17,9,8,6
LD3 0SP,24,16,8,2
LD3 0SQ,24,13,11,10
LD3 0SR,13,6,7,5
LD3 0SS,25,13,12,10
LD3 0ST,16,5,11,8
LD3 0SU,27,12,15,11
LD3 0SW,37,21,16,12
LD3 0SY,21,12,9,7
LD3 0SZ,12,7,5,5
LD3 0TA,28,16,12,9
LD3 0TB,46,20,26,16
LD3 0TD,35,16,19,14
LD3 0TE,9,3,6,5
LD3 0TF,14,6,8,7
LD3 0TG,31,17,14,16
LD3 0TH,10,4,6,6
LD3 0TL,29,13,16,13
LD3 0TN,10,6,4,4
LD3 0TP,2,1,1,2
LD3 0TR,9,3,6,2
LD3 0TS,11,7,4,4
LD3 0TT,13,6,7,4
LD3 0TU,2,1,1,1
LD3 0TW,1,0,1,1
LD3 0TY,13,6,7,8
LD3 0UA,6,3,3,2
LD3 0UB,28,15,13,10
LD3 0UD,11,6,5,5
LD3 0UE,42,17,25,18
LD3 0UF,17,6,11,4
LD3 0UG,50,25,25,21
LD3 0UH,5,4,1,1
LD3 0UJ,21,8,13,8
LD3 0UL,9,6,3,4
LD3 0UN,16,7,9,8
LD3 0UP,16,9,7,6
LD3 0UR,67,27,40,23
LD3 0US,47,20,27,22
LD3 0UT,6,4,2,5
LD3 0UU,48,25,23,20
LD3 0UW,6,3,3,2
LD3 0UY,13,6,7,7
LD3 0YA,15,9,6,5
LD3 0YB,18,10,8,6
LD3 0YD,23,9,14,13
LD3 0YE,2,1,1,1
LD3 0YF,34,17,17,15
LD3 0YG,43,19,24,15
LD3 0YH,17,8,9,7
LD3 0YJ,131,57,74,60
LD3 0YL,2,0,2,2
LD3 0YN,10,6,4,4
LD3 0YP,11,6,5,3
LD3 0YQ,12,6,6,5
LD3 0YR,15,7,8,6
LD3 0YS,4,2,2,1
LD3 0YT,8,3,5,3
LD3 0YU,10,6,4,4
LD3 0YW,4,3,1,2
LD3 0YY,2,1,1,1
LD3 7AA,15,11,4,11
LD3 7AD,5,4,1,2
LD3 7AG,2,1,1,1
LD3 7AJ,37,15,22,18
LD3 7AL,13,7,6,7
LD3 7AP,11,5,6,6
LD3 7AQ,8,2,6,6
LD3 7AS,9,6,3,6
LD3 7AU,8,5,3,4
LD3 7AX,15,5,10,7
LD3 7AY,5,2,3,3
LD3 7AZ,21,10,11,13
LD3 7BA,6,3,3,3
LD3 7BD,31,14,17,12
LD3 7BF,12,7,5,3
LD3 7BG,23,12,11,15
LD3 7BJ,12,5,7,7
LD3 7BL,47,22,25,27
LD3 7BN,25,12,13,11
LD3 7BQ,24,15,9,11
LD3 7BS,2,1,1,1
LD3 7BU,25,11,14,10
LD3 7BX,12,5,7,5
LD3 7BY,119,54,65,54
LD3 7BZ,6,4,2,4
LD3 7DB,84,40,44,29
LD3 7DD,11,6,5,11
LD3 7DG,4,3,1,1
LD3 7DH,17,11,6,13
LD3 7DL,7,3,4,2
LD3 7DQ,2,1,1,1
LD3 7DS,4,2,2,2
LD3 7DT,4,3,1,2
LD3 7DU,18,10,8,7
LD3 7DW,53,14,39,15
LD3 7DX,5,2,3,3
LD3 7DY,7,3,4,4
LD3 7EA,7,7,0,0
LD3 7ED,75,41,34,35
LD3 7EE,57,26,31,42
LD3 7EF,17,8,9,8
LD3 7EG,41,20,21,16
LD3 7EH,26,11,15,16
LD3 7EJ,32,17,15,16
LD3 7EL,61,28,33,28
LD3 7EN,56,22,34,21
LD3 7EP,4,2,2,2
LD3 7EQ,46,24,22,22
LD3 7ER,9,4,5,5
LD3 7ES,5,2,3,4
LD3 7ET,8,4,4,5
LD3 7EU,30,20,10,17
LD3 7EX,35,17,18,16
LD3 7EY,15,5,10,10
LD3 7EZ,11,6,5,4
LD3 7FB,29,13,16,11
LD3 7FD,1,0,1,1
LD3 7HA,4,3,1,2
LD3 7HB,20,11,9,16
LD3 7HD,60,30,30,28
LD3 7HE,7,3,4,3
LD3 7HF,37,21,16,21
LD3 7HG,9,5,4,3
LD3 7HH,8,4,4,3
LD3 7HJ,72,34,38,29
LD3 7HL,2,1,1,1
LD3 7HN,28,14,14,11
LD3 7HQ,19,10,9,9
LD3 7HT,9,5,4,4
LD3 7HU,32,19,13,12
LD3 7HX,31,18,13,14
LD3 7HY,11,8,3,8
LD3 7HZ,37,13,24,17
LD3 7JA,6,4,2,5
LD3 7JB,2,1,1,1
LD3 7JD,10,6,4,7
LD3 7JE,30,14,16,13
LD3 7JF,16,10,6,7
LD3 7JG,39,22,17,20
LD3 7JH,14,6,8,6
LD3 7JJ,33,17,16,15
LD3 7JL,4,2,2,2
LD3 7JQ,9,5,4,2
LD3 7JW,84,40,44,21
LD3 7LA,1,1,0,1
LD3 7LB,2,1,1,1
LD3 7LD,7,3,4,3
LD3 7LJ,9,5,4,3
LD3 7LL,27,16,11,13
LD3 7LN,17,7,10,10
LD3 7LP,13,4,9,8
LD3 7LQ,12,6,6,7
LD3 7LS,28,11,17,14
LD3 7LT,8,4,4,6
LD3 7LU,23,10,13,10
LD3 7LW,44,15,29,21
LD3 7LX,89,44,45,36
LD3 7LY,14,7,7,5
LD3 7LZ,4,2,2,1
LD3 7NA,18,11,7,8
LD3 7NB,7,6,1,3
LD3 7ND,13,7,6,6
LD3 7NE,17,10,7,7
LD3 7NF,10,5,5,3
LD3 7NG,20,7,13,9
LD3 7NH,1,0,1,1
LD3 7NJ,18,9,9,10
LD3 7NL,27,11,16,16
LD3 7NN,10,6,4,3
LD3 7NP,14,7,7,6
LD3 7NQ,5,3,2,2
LD3 7NR,13,6,7,5
LD3 7NT,5,2,3,3
LD3 7NU,5,3,2,2
LD3 7NW,24,11,13,11
LD3 7NX,9,4,5,5
LD3 7NY,21,10,11,13
LD3 7NZ,4,1,3,2
LD3 7PA,27,12,15,12
LD3 7PB,24,12,12,7
LD3 7PD,31,12,19,17
LD3 7PE,10,5,5,5
LD3 7PF,4,2,2,3
LD3 7PG,46,24,22,17
LD3 7PJ,5,4,1,1
LD3 7PL,3,2,1,2
LD3 7PN,52,26,26,13
LD3 7PP,63,34,29,22
LD3 7PQ,2,1,1,2
LD3 7PR,1,1,0,1
LD3 7PT,18,9,9,5
LD3 7PW,6,5,1,2
LD3 7PX,43,25,18,17
LD3 7PZ,11,4,7,4
LD3 7RA,169,113,56,33
LD3 7RD,14,7,7,5
LD3 7RE,78,43,35,23
LD3 7RH,74,33,41,31
LD3 7RJ,41,19,22,17
LD3 7RL,40,19,21,13
LD3 7RN,84,38,46,34
LD3 7RP,23,15,8,17
LD3 7RQ,21,9,12,11
LD3 7RR,14,7,7,10
LD3 7RS,35,18,17,15
LD3 7RT,121,54,67,57
LD3 7RU,39,17,22,19
LD3 7RW,52,26,26,23
LD3 7RX,15,7,8,5
LD3 7RZ,17,10,7,8
LD3 7SA,46,23,23,26
LD3 7SB,20,11,9,7
LD3 7SD,13,8,5,6
LD3 7SF,33,16,17,14
LD3 7SG,1,1,0,1
LD3 7SH,15,8,7,6
LD3 7SJ,93,44,49,41
LD3 7SL,13,6,7,5
LD3 7SN,94,42,52,49
LD3 7SP,48,24,24,21
LD3 7SQ,9,4,5,3
LD3 7SR,5,2,3,2
LD3 7SS,9,1,8,3
LD3 7ST,20,11,9,8
LD3 7SU,14,6,8,5
LD3 7SW,5,3,2,3
LD3 7SX,67,34,33,24
LD3 7SY,30,15,15,11
LD3 7SZ,21,9,12,7
LD3 7TA,25,12,13,11
LD3 7TB,18,10,8,5
LD3 7TD,29,13,16,9
LD3 7TE,17,8,9,7
LD3 7TF,49,20,29,25
LD3 7TG,72,34,38,31
LD3 7TH,15,7,8,9
LD3 7TJ,29,13,16,8
LD3 7TL,44,25,19,14
LD3 7TN,19,12,7,8
LD3 7TP,9,5,4,3
LD3 7TQ,5,2,3,3
LD3 7TR,27,13,14,12
LD3 7TS,85,39,46,38
LD3 7TT,37,17,20,14
LD3 7TU,9,5,4,3
LD3 7TW,12,6,6,5
LD3 7TX,22,12,10,8
LD3 7TY,2,1,1,1
LD3 7UA,62,27,35,11
LD3 7UB,17,8,9,8
LD3 7UD,38,20,18,15
LD3 7UE,26,10,16,15
LD3 7UG,36,18,18,16
LD3 7UH,13,7,6,6
LD3 7UL,17,8,9,8
LD3 7UN,24,14,10,11
LD3 7UP,10,5,5,4
LD3 7UQ,16,9,7,7
LD3 7UR,17,9,8,9
LD3 7US,20,10,10,9
LD3 7UW,10,5,5,5
LD3 7UX,19,10,9,8
LD3 7UY,12,7,5,5
LD3 7UZ,25,12,13,15
LD3 7YA,20,10,10,11
LD3 7YB,18,10,8,7
LD3 7YD,3,1,2,2
LD3 7YE,1,0,1,1
LD3 7YF,14,8,6,5
LD3 7YG,9,7,2,3
LD3 7YH,1,1,0,1
LD3 7YJ,25,12,13,10
LD3 7YL,6,3,3,2
LD3 7YN,32,15,17,15
LD3 7YP,26,14,12,12
LD3 7YQ,85,46,39,37
LD3 7YR,30,13,17,12
LD3 7YS,64,29,35,25
LD3 7YT,7,3,4,4
LD3 7YU,21,9,12,10
LD3 7YW,2,1,1,2
LD3 7YX,11,7,4,4
LD3 7YZ,4,2,2,2
LD3 8AD,54,23,31,0
LD3 8AF,165,109,56,3
LD3 8AH,52,23,29,27
LD3 8AL,54,29,25,23
LD3 8AN,48,23,25,19
LD3 8AP,2,1,1,1
LD3 8AR,11,7,4,6
LD3 8AS,8,4,4,4
LD3 8AT,15,9,6,6
LD3 8AU,31,18,13,19
LD3 8AW,29,11,18,10
LD3 8AY,54,24,30,27
LD3 8BA,12,6,6,6
LD3 8BB,42,20,22,20
LD3 8BD,16,5,11,13
LD3 8BE,13,9,4,10
LD3 8BG,13,7,6,5
LD3 8BH,2,1,1,1
LD3 8BL,14,7,7,6
LD3 8BN,8,3,5,2
LD3 8BU,5,0,5,5
LD3 8BY,37,13,24,19
LD3 8DA,96,40,56,24
LD3 8DB,84,37,47,35
LD3 8DD,106,58,48,48
LD3 8DE,13,6,7,5
LD3 8DF,96,40,56,54
LD3 8DG,26,15,11,10
LD3 8DH,17,9,8,8
LD3 8DJ,12,8,4,5
LD3 8DL,10,4,6,4
LD3 8DN,81,35,46,35
LD3 8DP,55,27,28,26
LD3 8DQ,18,8,10,7
LD3 8DR,21,8,13,14
LD3 8DS,23,11,12,16
LD3 8DT,88,41,47,42
LD3 8DU,49,26,23,18
LD3 8DW,22,11,11,11
LD3 8DX,79,37,42,33
LD3 8DY,23,11,12,18
LD3 8EA,5,1,4,1
LD3 8EB,13,8,5,2
LD3 8ED,50,23,27,29
LD3 8EE,14,5,9,11
LD3 8EG,15,7,8,6
LD3 8EH,17,7,10,6
LD3 8EJ,61,28,33,27
LD3 8EL,15,8,7,11
LD3 8EN,89,40,49,17
LD3 8EP,10,5,5,4
LD3 8ER,16,11,5,5
LD3 8ES,19,9,10,7
LD3 8ET,6,3,3,2
LD3 8EU,10,6,4,6
LD3 8EW,8,4,4,5
LD3 8EY,3,1,2,2
LD3 8FB,10,5,5,4
LD3 8HA,5,2,3,2
LD3 8HB,16,6,10,8
LD3 8HD,7,3,4,3
LD3 8HE,1,0,1,1
LD3 8HF,15,7,8,6
LD3 8HG,3,1,2,1
LD3 8HH,12,4,8,3
LD3 8HL,2,2,0,2
LD3 8HN,11,7,4,5
LD3 8HP,47,22,25,18
LD3 8HR,14,7,7,6
LD3 8HS,14,8,6,5
LD3 8HT,21,13,8,13
LD3 8HW,19,7,12,5
LD3 8LB,13,5,8,6
LD3 8LD,5,3,2,2
LD3 8LE,12,7,5,5
LD3 8LF,13,7,6,4
LD3 8LG,6,2,4,3
LD3 8LH,3,1,2,1
LD3 8LJ,82,44,38,43
LD3 8LL,11,7,4,5
LD3 8LN,11,6,5,4
LD3 8LP,7,4,3,2
LD3 8LR,20,11,9,7
LD3 8LS,6,3,3,3
LD3 8LT,26,13,13,11
LD3 8LU,10,4,6,4
LD3 8LW,16,9,7,6
LD3 8NA,6,3,3,2
LD3 8NB,8,5,3,1
LD3 8ND,22,13,9,9
LD3 8NE,11,5,6,6
LD3 8NF,18,8,10,6
LD3 8NG,17,8,9,5
LD3 8NH,8,6,2,5
LD3 8NN,26,13,13,10
LD3 8NP,7,4,3,3
LD3 8NR,20,10,10,9
LD3 8NS,15,6,9,7
LD3 8NW,2,0,2,2
LD3 8PA,2,1,1,1
LD3 8PB,39,23,16,16
LD3 8PD,98,43,55,46
LD3 8PE,4,1,3,1
LD3 8PF,6,3,3,3
LD3 8PG,44,29,15,19
LD3 8PH,14,5,9,8
LD3 8PJ,45,23,22,19
LD3 8PL,10,6,4,5
LD3 8PN,2,1,1,1
LD3 8PP,7,3,4,3
LD3 8PR,22,9,13,11
LD3 8PS,66,28,38,30
LD3 8PT,13,7,6,5
LD3 8PU,11,6,5,5
LD3 8PW,14,6,8,10
LD3 8PY,3,1,2,2
LD3 8RA,6,4,2,4
LD3 8RB,14,6,8,5
LD3 8RD,9,7,2,5
LD3 8RE,2,1,1,1
LD3 8RF,5,3,2,2
LD3 8RG,22,13,9,9
LD3 8RH,20,13,7,8
LD3 8RL,16,5,11,5
LD3 8RP,7,3,4,4
LD3 8RR,12,7,5,4
LD3 8RS,24,11,13,10
LD3 8RT,54,25,29,23
LD3 8RU,25,14,11,9
LD3 8RY,5,3,2,3
LD3 8SA,2,1,1,1
LD3 8SB,26,13,13,10
LD3 8SD,12,5,7,8
LD3 8SE,13,7,6,7
LD3 8SF,9,3,6,4
LD3 8SG,13,7,6,6
LD3 8SH,9,4,5,6
LD3 8SL,15,8,7,9
LD3 8SN,11,4,7,5
LD3 8SP,9,5,4,5
LD3 8SR,26,13,13,9
LD3 8SS,11,6,5,4
LD3 8ST,24,11,13,8
LD3 8SU,50,23,27,21
LD3 8SW,4,2,2,3
LD3 8TA,5,3,2,1
LD3 8TB,7,4,3,3
LD3 8TD,29,13,16,9
LD3 8TE,12,4,8,4
LD3 8TF,2,1,1,1
LD3 8TG,1,1,0,1
LD3 8TL,8,5,3,4
LD3 8TN,30,16,14,16
LD3 8TP,60,24,36,29
LD3 8TR,44,22,22,24
LD3 8TS,7,2,5,4
LD3 8TT,40,23,17,18
LD3 8TU,17,10,7,7
LD3 8TW,18,11,7,8
LD3 8TY,17,7,10,6
LD3 8UA,28,13,15,9
LD3 8UB,33,18,15,14
LD3 8UD,35,18,17,20
LD3 8UE,8,2,6,3
LD3 8UF,11,5,6,5
LD3 8UG,38,20,18,19
LD3 8UH,71,34,37,29
LD3 8UL,42,23,19,17
LD3 8UP,45,23,22,20
LD3 8UQ,16,8,8,8
LD3 8UR,13,7,6,4
LD3 8UT,8,3,5,4
LD3 8UW,11,4,7,4
LD3 8UY,14,9,5,6
LD3 8YA,22,13,9,9
LD3 8YB,3,1,2,2
LD3 8YD,18,10,8,7
LD3 8YE,8,4,4,3
LD3 8YF,39,16,23,18
LD3 8YG,4,3,1,1
LD3 8YH,60,28,32,22
LD3 8YL,9,4,5,4
LD3 8YN,19,9,10,11
LD3 8YP,33,14,19,14
LD3 8YR,23,12,11,10
LD3 8YS,23,13,10,8
LD3 8YT,18,8,10,7
LD3 8YU,14,9,5,5
LD3 8YW,11,7,4,4
LD3 8YY,9,4,5,3
LD3 9AA,7,2,5,5
LD3 9AB,19,9,10,11
LD3 9AD,21,11,10,11
LD3 9AF,11,5,6,5
LD3 9AH,8,4,4,4
LD3 9AL,5,3,2,2
LD3 9AN,40,20,20,20
LD3 9AP,20,9,11,10
LD3 9AR,15,4,11,5
LD3 9AS,15,6,9,9
LD3 9AT,2,1,1,2
LD3 9AU,7,3,4,4
LD3 9AY,16,5,11,8
LD3 9BA,9,4,5,4
LD3 9BB,8,5,3,4
LD3 9BD,14,7,7,9
LD3 9BE,7,3,4,5
LD3 9BG,19,10,9,8
LD3 9BH,3,1,2,2
LD3 9BL,15,8,7,7
LD3 9BN,17,10,7,8
LD3 9BP,120,58,62,40
LD3 9BQ,55,26,29,23
LD3 9BR,184,94,90,75
LD3 9BS,88,35,53,57
LD3 9BT,68,34,34,37
LD3 9BU,36,21,15,24
LD3 9BW,10,7,3,5
LD3 9DB,1,1,0,0
LD3 9DD,12,8,4,7
LD3 9DE,4,2,2,2
LD3 9DF,19,9,10,10
LD3 9DG,13,7,6,5
LD3 9DH,22,13,9,8
LD3 9DJ,3,1,2,1
LD3 9DL,18,8,10,7
LD3 9DN,7,4,3,4
LD3 9DP,4,3,1,3
LD3 9DR,42,17,25,21
LD3 9DS,29,13,16,14
LD3 9DT,49,22,27,30
LD3 9DU,4,3,1,4
LD3 9DW,7,3,4,4
LD3 9DX,13,8,5,5
LD3 9DY,14,6,8,8
LD3 9EA,70,32,38,35
LD3 9EB,22,9,13,10
LD3 9ED,10,2,8,9
LD3 9EF,44,21,23,14
LD3 9EG,31,16,15,13
LD3 9EH,23,9,14,14
LD3 9EL,23,9,14,13
LD3 9EN,27,12,15,15
LD3 9EP,94,39,55,58
LD3 9EQ,22,8,14,14
LD3 9ER,50,24,26,24
LD3 9ES,51,21,30,30
LD3 9ET,51,26,25,28
LD3 9EW,16,5,11,13
LD3 9EY,90,39,51,45
LD3 9HA,31,11,20,26
LD3 9HB,15,7,8,5
LD3 9HD,17,7,10,10
LD3 9HE,18,8,10,12
LD3 9HF,37,19,18,14
LD3 9HG,4,2,2,2
LD3 9HH,71,33,38,30
LD3 9HJ,15,7,8,5
LD3 9HL,86,39,47,29
LD3 9HN,15,7,8,7
LD3 9HP,128,57,71,49
LD3 9HR,98,45,53,38
LD3 9HS,3,1,2,3
LD3 9HT,137,56,81,56
LD3 9HU,27,11,16,13
LD3 9HW,68,31,37,26
LD3 9HY,35,18,17,13
LD3 9LD,98,46,52,44
LD3 9LE,112,54,58,35
LD3 9LF,71,32,39,30
LD3 9LG,35,16,19,15
LD3 9LH,95,46,49,37
LD3 9LL,9,6,3,3
LD3 9LN,42,21,21,11
LD3 9LP,33,15,18,17
LD3 9LR,21,9,12,12
LD3 9LS,13,7,6,5
LD3 9LT,21,13,8,10
LD3 9LU,6,2,4,4
LD3 9LW,6,4,2,2
LD3 9LY,15,6,9,5
LD3 9NA,30,15,15,13
LD3 9NB,28,15,13,13
LD3 9ND,23,14,9,8
LD3 9NE,3,1,2,1
LD3 9NF,2,1,1,1
LD3 9NG,9,4,5,3
LD3 9NH,16,7,9,6
LD3 9NL,20,8,12,8
LD3 9NN,27,13,14,9
LD3 9NP,8,4,4,4
LD3 9NR,9,4,5,4
LD3 9NS,1,0,1,1
LD3 9NT,5,3,2,2
LD3 9NU,8,3,5,5
LD3 9NW,22,10,12,11
LD3 9NY,11,4,7,4
LD3 9PA,5,2,3,3
LD3 9PB,13,4,9,6
LD3 9PD,20,10,10,7
LD3 9PE,17,7,10,6
LD3 9PF,5,2,3,3
LD3 9PG,3,2,1,2
LD3 9PH,22,11,11,9
LD3 9PL,122,52,70,53
LD3 9PN,72,36,36,24
LD3 9PP,26,13,13,11
LD3 9PR,50,25,25,18
LD3 9PS,1,0,1,1
LD3 9PT,30,18,12,11
LD3 9PU,8,4,4,3
LD3 9PW,14,8,6,5
LD3 9PY,14,7,7,8
LD3 9QA,52,27,25,17
LD3 9RA,14,7,7,5
LD3 9RB,11,4,7,5
LD3 9RD,2,2,0,1
LD3 9RE,60,26,34,30
LD3 9RF,44,23,21,14
LD3 9RG,78,39,39,31
LD3 9RH,14,7,7,6
LD3 9RL,29,13,16,13
LD3 9RN,63,30,33,32
LD3 9RP,2,1,1,1
LD3 9RR,22,13,9,10
LD3 9RS,8,5,3,3
LD3 9RT,13,8,5,5
LD3 9RU,2,1,1,1
LD3 9RW,22,11,11,10
LD3 9RY,1,1,0,1
LD3 9SA,36,19,17,14
LD3 9SB,6,4,2,3
LD3 9SD,26,15,11,11
LD3 9SE,3,2,1,2
LD3 9SF,13,5,8,4
LD3 9SG,21,12,9,7
LD3 9SH,13,7,6,6
LD3 9SN,1,1,0,1
LD3 9SP,13,7,6,7
LD3 9SR,4,2,2,2
LD3 9SS,86,39,47,34
LD3 9ST,12,6,6,6
LD3 9SU,6,2,4,4
LD3 9SW,15,6,9,12
LD3 9SY,38,21,17,16
LD3 9TA,12,8,4,6
LD3 9TB,5,3,2,1
LD3 9TD,5,2,3,2
LD3 9TE,8,5,3,4
LD3 9TF,31,19,12,9
LD3 9TG,6,3,3,2
LD3 9TH,14,8,6,5
LD3 9TL,3,1,2,1
LD3 9TN,31,15,16,11
LD3 9TP,13,6,7,5
LD3 9TR,8,4,4,2
LD3 9TS,10,6,4,4
LD3 9TT,13,6,7,5
LD3 9TW,25,12,13,9
LD3 9UA,132,64,68,59
LD3 9UB,114,57,57,46
LD3 9UD,65,33,32,25
LD3 9UE,108,51,57,44
LD3 9UF,111,44,67,47
LD4 4AA,33,13,20,20
LD4 4AB,4,1,3,1
LD4 4AE,53,26,27,24
LD4 4AF,18,11,7,8
LD4 4AG,14,9,5,7
LD4 4AH,10,3,7,5
LD4 4AL,16,9,7,6
LD4 4AN,6,2,4,3
LD4 4AP,12,6,6,6
LD4 4AR,20,12,8,8
LD4 4AS,23,12,11,12
LD4 4AT,8,4,4,5
LD4 4AU,2,1,1,1
LD4 4AW,1,1,0,1
LD4 4AY,13,6,7,5
LD4 4BA,14,8,6,7
LD4 4BB,6,3,3,3
LD4 4BD,26,13,13,9
LD4 4BG,13,8,5,5
LD4 4BH,8,4,4,3
LD4 4BL,20,9,11,8
LD4 4BN,7,4,3,3
LD4 4BS,25,14,11,12
LD4 4BT,44,21,23,21
LD4 4BU,18,7,11,8
LD4 4BW,21,12,9,10
LD4 4BY,7,2,5,2
LD4 4DA,5,1,4,4
LD4 4DB,6,3,3,3
LD4 4DD,4,2,2,2
LD4 4DE,6,3,3,3
LD4 4DF,1,1,0,1
LD4 4DG,14,7,7,2
LD4 4DH,12,5,7,5
LD4 4DL,23,13,10,10
LD4 4DN,25,12,13,12
LD4 4DP,25,13,12,10
LD4 4DR,36,20,16,19
LD4 4DS,17,10,7,9
LD4 4DU,14,5,9,5
LD4 4DW,20,9,11,8
LD4 4EA,28,12,16,11
LD4 4EB,20,14,6,11
LD4 4ED,2,1,1,1
LD4 4EE,7,4,3,3
LD4 4EF,3,2,1,2
LD4 4EG,4,2,2,4
LD4 4EH,10,5,5,5
LD4 4EL,26,13,13,15
LD4 4EN,30,16,14,11
LD4 4EP,11,4,7,6
LD4 4ER,2,1,1,1
LD4 4ES,12,6,6,4
LD4 4EW,12,4,8,3
LD5 4AB,2,1,1,1
LD5 4AD,7,5,2,5
LD5 4AE,2,1,1,1
LD5 4AF,7,3,4,3
LD5 4RA,39,17,22,17
LD5 4RB,9,7,2,4
LD5 4RD,7,5,2,6
LD5 4RE,20,10,10,6
LD5 4RF,21,11,10,9
LD5 4RG,22,9,13,11
LD5 4RH,62,37,25,24
LD5 4RJ,51,32,19,18
LD5 4RL,34,14,20,18
LD5 4RN,28,14,14,7
LD5 4RP,7,3,4,3
LD5 4RQ,25,11,14,8
LD5 4RR,19,9,10,4
LD5 4RS,16,9,7,5
LD5 4RT,55,29,26,24
LD5 4RU,49,23,26,22
LD5 4RW,43,21,22,15
LD5 4SA,14,6,8,5
LD5 4SB,5,3,2,2
LD5 4SE,9,6,3,4
LD5 4SF,4,3,1,2
LD5 4SG,1,1,0,1
LD5 4SL,16,10,6,6
LD5 4SN,4,3,1,2
LD5 4SR,9,5,4,6
LD5 4SS,10,4,6,5
LD5 4ST,55,25,30,31
LD5 4SU,29,17,12,13
LD5 4SY,23,14,9,7
LD5 4TA,32,18,14,14
LD5 4TB,26,12,14,11
LD5 4TD,2,1,1,1
LD5 4TE,40,24,16,20
LD5 4TH,5,2,3,3
LD5 4TL,14,9,5,7
LD5 4TN,17,7,10,8
LD5 4TP,17,10,7,12
LD5 4TR,2,1,1,1
LD5 4TS,6,4,2,3
LD5 4TT,13,6,7,5
LD5 4TW,8,3,5,4
LD5 4TY,4,2,2,1
LD5 4UA,16,6,10,5
LD5 4UB,11,6,5,6
LD5 4UD,6,4,2,1
LD5 4UE,9,5,4,5
LD5 4UF,9,5,4,3
LD5 4UG,16,7,9,6
LD5 4UH,12,6,6,4
LD5 4UL,8,4,4,5
LD5 4UN,3,2,1,2
LD5 4UP,25,12,13,10
LD5 4UR,3,1,2,2
LD5 4UT,5,3,2,3
LD5 4UU,12,6,6,5
LD5 4UY,2,0,2,2
LD5 4YA,30,11,19,20
LD5 4YB,8,3,5,3
LD5 4YD,14,6,8,7
LD5 4YE,9,4,5,4
LD5 4YF,7,4,3,4
LD5 4YG,10,3,7,4
LD6 5AB,45,24,21,25
LD6 5AD,18,11,7,11
LD6 5AF,12,5,7,7
LD6 5AG,30,18,12,15
LD6 5AL,5,2,3,3
LD6 5AN,5,2,3,4
LD6 5AP,32,16,16,17
LD6 5AR,21,12,9,13
LD6 5AS,64,30,34,26
LD6 5AT,20,9,11,8
LD6 5AU,28,13,15,11
LD6 5AW,37,19,18,14
LD6 5AY,9,6,3,6
LD6 5BA,20,8,12,12
LD6 5BB,5,1,4,4
LD6 5BD,3,1,2,1
LD6 5BE,18,8,10,9
LD6 5BG,17,7,10,7
LD6 5BH,48,19,29,29
LD6 5BL,15,8,7,4
LD6 5BN,94,39,55,40
LD6 5BP,36,14,22,19
LD6 5BT,19,12,7,13
LD6 5BU,10,5,5,5
LD6 5BW,27,13,14,12
LD6 5BY,7,2,5,3
LD6 5DA,8,5,3,4
LD6 5DB,74,22,52,9
LD6 5DD,5,2,3,2
LD6 5DE,9,4,5,7
LD6 5DF,44,17,27,25
LD6 5DG,45,21,24,22
LD6 5DH,14,5,9,9
LD6 5DJ,3,0,3,3
LD6 5DL,21,14,7,12
LD6 5DN,22,10,12,14
LD6 5DP,11,7,4,5
LD6 5DR,3,1,2,2
LD6 5DS,33,18,15,17
LD6 5DY,23,13,10,12
LD6 5DZ,64,30,34,31
LD6 5EA,47,24,23,19
LD6 5EB,5,2,3,3
LD6 5ED,20,9,11,7
LD6 5EE,4,1,3,3
LD6 5EF,88,36,52,44
LD6 5EG,99,51,48,40
LD6 5EH,58,29,29,23
LD6 5EL,34,18,16,12
LD6 5EP,131,71,60,59
LD6 5EU,16,10,6,7
LD6 5EY,15,7,8,6
LD6 5HA,31,14,17,13
LD6 5HB,13,6,7,5
LD6 5HD,10,5,5,7
LD6 5HE,6,5,1,1
LD6 5HF,18,8,10,7
LD6 5HG,19,11,8,5
LD6 5HH,20,12,8,8
LD6 5HL,10,6,4,4
LD6 5HN,21,10,11,10
LD6 5HP,40,21,19,15
LD6 5HR,2,1,1,1
LD6 5HS,22,11,11,7
LD6 5HT,5,2,3,1
LD6 5HW,7,2,5,5
LD6 5LA,10,5,5,3
LD6 5LB,9,5,4,4
LD6 5LD,10,5,5,5
LD6 5LE,10,5,5,4
LD6 5LF,9,4,5,3
LD6 5LG,28,13,15,10
LD6 5LH,31,15,16,17
LD6 5LJ,12,7,5,4
LD6 5LL,27,16,11,12
LD6 5LN,15,8,7,5
LD6 5LP,10,6,4,5
LD6 5LQ,11,6,5,5
LD6 5LR,42,22,20,18
LD6 5LS,35,16,19,18
LD6 5LT,64,30,34,27
LD6 5LU,59,29,30,29
LD6 5LW,80,41,39,36
LD6 5LY,22,12,10,8
LD6 5LZ,28,12,16,11
LD6 5NA,44,19,25,19
LD6 5NB,14,8,6,8
LD6 5ND,35,17,18,12
LD6 5NF,8,4,4,4
LD6 5NG,32,17,15,10
LD6 5NH,10,3,7,3
LD6 5NL,4,2,2,2
LD6 5NN,20,9,11,11
LD6 5NP,7,3,4,5
LD6 5NR,22,11,11,8
LD6 5NS,14,9,5,4
LD6 5NT,21,13,8,6
LD6 5NU,7,3,4,2
LD6 5NY,18,7,11,7
LD6 5PA,3,2,1,2
LD6 5PB,26,12,14,13
LD6 5PD,27,15,12,13
LD6 5PE,48,26,22,21
LD6 5PL,96,45,51,50
LD6 5PN,27,13,14,18
LD6 5PP,33,15,18,20
LD6 5PW,64,28,36,41
LD7 1AA,7,5,2,4
LD7 1AE,16,13,3,12
LD7 1AG,47,22,25,30
LD7 1AJ,11,7,4,9
LD7 1AL,13,2,11,8
LD7 1AN,8,4,4,6
LD7 1AP,6,3,3,6
LD7 1AR,5,2,3,4
LD7 1AS,4,1,3,2
LD7 1AT,39,21,18,21
LD7 1AW,3,3,0,3
LD7 1BA,19,10,9,11
LD7 1BB,5,2,3,2
LD7 1BD,29,14,15,13
LD7 1BE,21,12,9,16
LD7 1BG,9,3,6,8
LD7 1BL,42,24,18,22
LD7 1BT,47,30,17,17
LD7 1DB,17,6,11,8
LD7 1DE,8,4,4,5
LD7 1DF,11,3,8,0
LD7 1DG,74,39,35,32
LD7 1DH,14,6,8,12
LD7 1DJ,24,9,15,20
LD7 1DL,83,36,47,41
LD7 1DN,18,7,11,8
LD7 1DP,8,2,6,3
LD7 1DQ,8,4,4,4
LD7 1DR,6,5,1,3
LD7 1DS,5,2,3,2
LD7 1DT,71,33,38,32
LD7 1DW,15,7,8,8
LD7 1DY,25,14,11,10
LD7 1EA,35,19,16,15
LD7 1EB,40,17,23,18
LD7 1ED,6,4,2,2
LD7 1EE,16,7,9,8
LD7 1EF,69,33,36,33
LD7 1EG,34,15,19,20
LD7 1EH,13,6,7,8
LD7 1EN,40,21,19,23
LD7 1EP,17,8,9,7
LD7 1ER,3,1,2,2
LD7 1ES,56,26,30,24
LD7 1ET,39,18,21,19
LD7 1EU,23,13,10,12
LD7 1EW,10,6,4,5
LD7 1EY,63,37,26,30
LD7 1HA,7,3,4,3
LD7 1HB,75,40,35,33
LD7 1HD,126,63,63,48
LD7 1HE,35,14,21,21
LD7 1HF,48,23,25,28
LD7 1HG,7,3,4,4
LD7 1HH,23,12,11,13
LD7 1HL,32,16,16,18
LD7 1HN,226,117,109,87
LD7 1HP,28,18,10,8
LD7 1HQ,3,2,1,1
LD7 1HS,60,31,29,25
LD7 1HT,146,78,68,57
LD7 1HU,4,2,2,2
LD7 1HW,12,5,7,5
LD7 1HX,10,7,3,4
LD7 1HY,158,79,79,63
LD7 1LA,43,22,21,16
LD7 1LB,61,25,36,24
LD7 1LD,63,28,35,32
LD7 1LE,178,91,87,82
LD7 1LF,98,48,50,43
LD7 1LG,30,12,18,21
LD7 1LN,23,14,9,8
LD7 1LR,11,6,5,4
LD7 1LS,5,3,2,2
LD7 1LT,37,19,18,14
LD7 1LU,39,23,16,13
LD7 1LW,27,15,12,11
LD7 1LY,8,4,4,3
LD7 1NA,29,15,14,13
LD7 1NB,15,7,8,9
LD7 1ND,3,3,0,2
LD7 1NE,45,21,24,14
LD7 1NF,9,5,4,4
LD7 1NG,25,13,12,14
LD7 1NH,4,2,2,1
LD7 1NJ,31,13,18,12
LD7 1NL,25,13,12,12
LD7 1NN,23,12,11,9
LD7 1NP,84,44,40,37
LD7 1NQ,5,2,3,2
LD7 1NR,14,8,6,8
LD7 1NS,10,5,5,6
LD7 1NT,2,1,1,1
LD7 1NU,6,3,3,2
LD7 1NW,6,1,5,4
LD7 1NY,37,22,15,11
LD7 1PA,63,33,30,28
LD7 1PB,11,5,6,5
LD7 1PD,21,11,10,7
LD7 1PE,20,10,10,9
LD7 1PF,7,3,4,4
LD7 1PG,18,12,6,9
LD7 1PH,13,7,6,6
LD7 1PL,15,7,8,8
LD7 1PN,63,32,31,28
LD7 1PP,4,2,2,2
LD7 1PR,13,5,8,7
LD7 1PS,7,3,4,3
LD7 1PT,29,17,12,15
LD7 1PU,11,7,4,4
LD7 1PW,10,4,6,5
LD7 1PY,19,10,9,10
LD7 1PZ,34,17,17,15
LD7 1RA,37,18,19,15
LD7 1RB,26,14,12,13
LD7 1RD,6,3,3,2
LD7 1RE,29,16,13,13
LD7 1RF,28,16,12,10
LD7 1RG,13,8,5,5
LD7 1RH,23,9,14,10
LD7 1RL,2,1,1,1
LD7 1RN,12,7,5,3
LD7 1RR,90,38,52,39
LD7 1RS,13,4,9,8
LD7 1RT,21,8,13,13
LD7 1RW,2,1,1,1
LD7 1RY,60,22,38,20
LD7 1SA,27,13,14,8
LD7 1SB,15,8,7,9
LD7 1SD,11,6,5,4
LD7 1SE,12,6,6,5
LD7 1SF,9,5,4,4
LD7 1SG,6,4,2,3
LD7 1SH,2,1,1,1
LD7 1SL,24,13,11,8
LD7 1SN,19,5,14,8
LD7 1SP,11,4,7,6
LD7 1SR,21,9,12,13
LD7 1SS,24,12,12,11
LD7 1ST,3,2,1,1
LD7 1SU,11,8,3,6
LD7 1SW,7,3,4,5
LD7 1SY,32,18,14,13
LD7 1TA,8,4,4,4
LD7 1TB,5,3,2,4
LD7 1TD,9,6,3,4
LD7 1TE,3,2,1,1
LD7 1TN,15,8,7,5
LD7 1TP,8,5,3,3
LD7 1TR,16,7,9,5
LD7 1TS,30,18,12,13
LD7 1TT,6,2,4,2
LD7 1TU,61,29,32,25
LD7 1TW,17,9,8,9
LD7 1TY,17,10,7,6
LD7 1UA,7,4,3,3
LD7 1UB,14,9,5,5
LD7 1UD,16,8,8,6
LD7 1UE,7,3,4,4
LD7 1UF,11,4,7,5
LD7 1UG,15,11,4,4
LD7 1UH,6,3,3,2
LD7 1UP,32,13,19,15
LD7 1UR,10,3,7,3
LD7 1UT,3,2,1,1
LD7 1UU,3,1,2,1
LD7 1UW,16,7,9,8
LD7 1UY,1,0,1,1
LD7 1YA,9,4,5,4
LD7 1YB,2,1,1,2
LD7 1YD,23,16,7,9
LD7 1YE,15,5,10,7
LD7 1YF,8,4,4,4
LD7 1YG,28,11,17,14
LD7 1YH,4,2,2,2
LD7 1YL,10,6,4,4
LD7 1YN,7,3,4,5
LD7 1YP,13,10,3,4
LD7 1YR,38,16,22,18
LD7 1YS,5,3,2,3
LD7 1YT,60,31,29,24
LD7 1YU,31,19,12,9
LD7 1YW,15,8,7,7
LD7 1YY,2,1,1,1
LD8 2AA,33,18,15,14
LD8 2AB,25,14,11,10
LD8 2AD,29,18,11,9
LD8 2AE,9,2,7,4
LD8 2AF,18,8,10,11
LD8 2AG,25,11,14,9
LD8 2AH,5,3,2,3
LD8 2AJ,118,59,59,44
LD8 2AN,19,11,8,10
LD8 2AP,1,1,0,1
LD8 2AR,16,8,8,7
LD8 2AS,22,11,11,10
LD8 2AT,78,37,41,33
LD8 2AW,14,8,6,6
LD8 2AY,22,11,11,10
LD8 2BA,33,13,20,17
LD8 2BB,4,1,3,3
LD8 2BD,5,4,1,4
LD8 2BE,60,23,37,27
LD8 2BG,23,13,10,15
LD8 2BH,22,11,11,11
LD8 2BL,6,3,3,3
LD8 2BP,36,14,22,19
LD8 2BS,5,2,3,4
LD8 2BT,1,1,0,1
LD8 2BU,26,13,13,15
LD8 2BW,46,23,23,17
LD8 2BY,11,8,3,7
LD8 2DA,12,6,6,4
LD8 2DB,19,8,11,10
LD8 2DD,3,0,3,3
LD8 2DG,215,107,108,93
LD8 2DH,91,45,46,53
LD8 2DL,14,7,7,6
LD8 2DN,21,10,11,12
LD8 2DP,2,2,0,2
LD8 2DR,10,5,5,5
LD8 2DS,6,4,2,4
LD8 2DT,18,10,8,8
LD8 2DW,160,80,80,62
LD8 2DX,11,5,6,5
LD8 2DY,54,23,31,19
LD8 2EA,9,6,3,6
LD8 2EB,107,52,55,38
LD8 2ED,18,8,10,6
LD8 2EE,20,10,10,10
LD8 2EF,18,8,10,7
LD8 2EG,76,36,40,48
LD8 2EH,52,27,25,25
LD8 2EL,54,23,31,23
LD8 2EN,56,34,22,23
LD8 2EP,4,2,2,2
LD8 2EQ,12,4,8,3
LD8 2ER,5,2,3,1
LD8 2ET,16,8,8,8
LD8 2EU,26,11,15,12
LD8 2EW,7,4,3,3
LD8 2EY,12,3,9,5
LD8 2HA,17,7,10,8
LD8 2HB,21,10,11,9
LD8 2HD,7,3,4,4
LD8 2HE,6,3,3,3
LD8 2HF,49,25,24,24
LD8 2HG,64,33,31,24
LD8 2HH,10,2,8,3
LD8 2HL,16,7,9,8
LD8 2HN,19,10,9,10
LD8 2HP,13,8,5,6
LD8 2HR,19,10,9,7
LD8 2HS,39,23,16,20
LD8 2HU,4,2,2,1
LD8 2HW,6,3,3,2
LD8 2HY,50,25,25,20
LD8 2LA,4,2,2,1
LD8 2LB,99,48,51,44
LD8 2LD,40,22,18,14
LD8 2LE,10,6,4,3
LD8 2LG,22,9,13,8
LD8 2LH,16,9,7,8
LD8 2LL,5,1,4,3
LD8 2LN,11,7,4,5
LD8 2LP,38,18,20,19
LD8 2LR,4,2,2,2
LD8 2LS,27,14,13,16
LD8 2LT,16,11,5,6
LD8 2LU,20,9,11,7
LD8 2LW,22,11,11,10
LD8 2LY,6,3,3,2
LD8 2NA,10,6,4,4
LD8 2NB,22,12,10,8
LD8 2ND,9,5,4,3
LD8 2NE,100,44,56,47
LD8 2NF,42,20,22,27
LD8 2NG,2,1,1,1
LD8 2NH,122,55,67,55
LD8 2NJ,30,13,17,14
LD8 2NL,29,15,14,11
LD8 2NN,20,7,13,8
LD8 2NP,20,9,11,7
LD8 2NR,5,2,3,2
LD8 2NS,31,13,18,12
LD8 2NU,17,9,8,7
LD8 2NW,13,7,6,7
LD8 2NX,71,36,35,36
LD8 2NY,50,26,24,25
LD8 2PA,25,14,11,13
LD8 2PB,34,16,18,9
LD8 2PD,39,17,22,18
LD8 2PE,33,16,17,15
LD8 2PF,44,25,19,19
LD8 2PG,2,1,1,1
LD8 2PH,11,6,5,5
LD8 2PL,10,4,6,5
LD8 2PN,7,4,3,2
LD8 2PP,19,9,10,8
LD8 2PR,31,14,17,13
LD8 2PS,13,7,6,5
LD8 2PT,23,16,7,4
LD8 2PU,43,24,19,17
LD8 2PW,29,14,15,10
LD8 2PY,15,6,9,8
LD8 2RA,8,2,6,4
LD8 2RB,8,4,4,5
LD8 2RD,20,13,7,8
LD8 2RE,33,14,19,15
LD8 2RF,10,5,5,4
LD8 2RG,7,5,2,4
LD8 2RH,18,11,7,8
LD8 2RL,27,11,16,12
LD8 2RN,10,3,7,4
LD8 2RP,66,39,27,26
LD8 2RR,14,6,8,6
LD8 2RS,21,9,12,10
LD8 2RT,24,10,14,17
LD8 2RU,8,5,3,2
LD8 2RW,34,17,17,15
LD8 2RY,11,4,7,6
LD8 2SA,20,8,12,9
LD8 2SB,25,12,13,10
LD8 2SD,11,5,6,5
LD8 2SE,2,1,1,1
LD8 2SF,19,9,10,6
LD8 2SG,12,7,5,6
LD8 2SH,18,9,9,8
LD8 2SJ,11,5,6,5
LD8 2SL,36,15,21,15
LD8 2SN,23,10,13,13
LD8 2SP,17,8,9,10
LD8 2SQ,14,7,7,7
LD8 2SR,17,10,7,9
LD8 2SS,22,10,12,8
LD8 2ST,29,16,13,13
LD8 2SU,7,2,5,5
LD8 2SW,13,5,8,4
LD8 2SY,18,7,11,9
LD8 2TA,2,1,1,1
LD8 2TB,7,4,3,4
LD8 2TD,6,4,2,3
LD8 2TE,17,7,10,11
LD8 2TF,4,3,1,3
LD8 2TG,37,21,16,14
LD8 2TH,5,4,1,2
LD8 2TL,19,9,10,11
LD8 2TN,62,36,26,25
LD8 2TP,16,8,8,5
LD8 2TR,7,4,3,3
LD8 2TU,17,6,11,11
LD8 2TW,12,7,5,4
LD8 2UA,1,1,0,1
LD8 2UB,58,28,30,34
LD8 2UG,8,4,4,4
LD8 2UN,2,1,1,1
LE1 1AD,34,21,13,20
LE1 1DE,8,5,3,1
LE1 1DH,4,2,2,1
LE1 1DJ,1,1,0,1
LE1 1DL,49,28,21,28
LE1 1DU,2,2,0,2
LE1 1FA,3,1,2,2
LE1 1FB,6,6,0,6
LE1 1FN,64,50,14,53
LE1 1LA,17,6,11,9
LE1 1LB,109,53,56,63
LE1 1NB,94,57,37,65
LE1 1PA,50,24,26,36
LE1 1PG,44,25,19,24
LE1 1QA,174,96,78,102
LE1 1QD,95,60,35,68
LE1 1QH,61,30,31,38
LE1 1QS,109,54,55,76
LE1 1RA,24,14,10,14
LE1 1RB,30,17,13,25
LE1 1RD,50,33,17,42
LE1 1RE,31,15,16,23
LE1 1SB,3,1,2,3
LE1 1SE,62,36,26,41
LE1 1SJ,3,3,0,3
LE1 1SN,21,9,12,15
LE1 1SQ,143,70,73,86
LE1 1SS,90,48,42,55
LE1 1ST,144,77,67,84
LE1 1SU,36,22,14,19
LE1 1SY,69,42,27,37
LE1 1SZ,46,24,22,24
LE1 1TH,49,26,23,32
LE1 1TL,34,25,9,21
LE1 1TR,18,10,8,14
LE1 1UT,45,23,22,32
LE1 1WB,5,3,2,3
LE1 1WJ,51,33,18,40
LE1 1WL,65,45,20,51
LE1 2AA,9,7,2,5
LE1 2AB,43,21,22,16
LE1 2AP,32,20,12,16
LE1 2DE,13,6,7,5
LE1 2DS,70,36,34,20
LE1 2EA,107,53,54,43
LE1 2EB,139,70,69,40
LE1 2EH,26,13,13,12
LE1 2EJ,49,32,17,29
LE1 2EL,120,54,66,34
LE1 2EN,85,39,46,27
LE1 2EP,51,24,27,18
LE1 2ET,113,49,64,32
LE1 2FA,84,42,42,23
LE1 2FB,75,38,37,24
LE1 2FH,75,33,42,24
LE1 2FP,18,9,9,8
LE1 2FT,44,23,21,24
LE1 2FU,82,37,45,19
LE1 2FW,36,19,17,21
LE1 2FX,47,32,15,29
LE1 2GA,48,21,27,16
LE1 2GB,124,70,54,18
LE1 2GG,67,33,34,19
LE1 2GJ,62,30,32,21
LE1 2GL,39,18,21,13
LE1 2GN,110,46,64,30
LE1 2GR,60,26,34,49
LE1 2GS,84,48,36,26
LE1 2GT,72,40,32,20
LE1 2GX,140,76,64,36
LE1 2GY,136,72,64,37
LE1 2GZ,70,34,36,25
LE1 2HA,52,24,28,24
LE1 2HB,65,32,33,23
LE1 2HJ,1,1,0,1
LE1 2HP,1,0,1,1
LE1 2HR,56,24,32,20
LE1 2HS,4,2,2,2
LE1 2HW,58,30,28,17
LE1 2HX,111,52,59,37
LE1 2JA,15,6,9,8
LE1 2JE,98,48,50,29
LE1 2JJ,19,11,8,7
LE1 2JN,4,3,1,1
LE1 2JP,45,22,23,16
LE1 2LA,145,71,74,25
LE1 2LP,28,14,14,8
LE1 2LT,6,5,1,2
LE1 2NA,98,46,52,33
LE1 2NB,107,48,59,32
LE1 2ND,92,41,51,28
LE1 2NE,88,39,49,30
LE1 2NF,115,39,76,52
LE1 2NG,48,25,23,17
LE1 2NH,83,38,45,28
LE1 2NJ,76,34,42,27
LE1 2NL,76,41,35,28
LE1 2PA,50,22,28,20
LE1 2PB,73,33,40,26
LE1 2PD,31,12,19,13
LE1 2PN,100,45,55,34
LE1 2PP,92,42,50,30
LE1 3AL,5,3,2,3
LE1 3BE,3,3,0,2
LE1 3DB,3,1,2,2
LE1 3FT,48,22,26,36
LE1 3GQ,29,13,16,11
LE1 3GR,16,10,6,10
LE1 3HS,9,6,3,6
LE1 3HT,15,5,10,5
LE1 3JE,1,1,0,0
LE1 3JQ,57,27,30,17
LE1 3JR,1,0,1,1
LE1 3LP,39,23,16,14
LE1 3LY,17,8,9,11
LE1 3NJ,51,24,27,18
LE1 3PJ,4,2,2,2
LE1 3PL,9,5,4,6
LE1 3PT,1,1,0,1
LE1 3RE,1,1,0,1
LE1 3RF,105,61,44,65
LE1 3RW,1,1,0,1
LE1 3TE,7,2,5,2
LE1 3UG,12,4,8,7
LE1 3UJ,98,58,40,54
LE1 3UN,84,50,34,50
LE1 3WL,1,1,0,1
LE1 3XL,17,14,3,8
LE1 3XQ,2,1,1,1
LE1 3YE,1,0,1,1
LE1 4AJ,21,8,13,11
LE1 4BQ,1,1,0,1
LE1 4BR,158,85,73,84
LE1 4BX,4,3,1,3
LE1 4DB,1,1,0,1
LE1 4EP,1,0,1,1
LE1 4FQ,7,2,5,3
LE1 4FR,2,2,0,2
LE1 4FY,11,9,2,8
LE1 4JB,2,2,0,2
LE1 4LR,6,4,2,3
LE1 4NN,13,7,6,7
LE1 4NR,1,1,0,1
LE1 4PF,45,31,14,25
LE1 4PG,47,31,16,26
LE1 4QA,2,1,1,1
LE1 4QB,63,32,31,40
LE1 4QD,62,36,26,40
LE1 4QF,51,33,18,30
LE1 4QG,133,71,62,83
LE1 4QJ,3,2,1,1
LE1 4RQ,1,0,1,1
LE1 4SN,74,38,36,53
LE1 4SX,82,47,35,48
LE1 5AT,2,2,0,1
LE1 5AW,5,3,2,4
LE1 5BN,28,19,9,22
LE1 5DE,20,13,7,16
LE1 5EQ,4,4,0,1
LE1 5EU,4,2,2,1
LE1 5FL,3,2,1,1
LE1 5FQ,30,19,11,11
LE1 5FX,6,4,2,5
LE1 5GF,7,4,3,2
LE1 5JE,17,7,10,11
LE1 5JN,126,58,68,17
LE1 5LS,9,5,4,5
LE1 5NR,21,10,11,14
LE1 5NS,20,8,12,10
LE1 5PH,4,3,1,1
LE1 5PX,23,15,8,10
LE1 5RA,62,23,39,24
LE1 5SH,8,3,5,4
LE1 5SJ,17,12,5,13
LE1 5SN,52,21,31,22
LE1 5SP,281,110,171,26
LE1 5TE,42,18,24,24
LE1 5TH,16,7,9,11
LE1 5TN,39,16,23,18
LE1 5TS,27,10,17,17
LE1 5TT,59,20,39,7
LE1 5UD,51,24,27,32
LE1 5UE,53,21,32,28
LE1 5WD,39,21,18,19
LE1 5WN,470,223,247,9
LE1 5WR,2,1,1,2
LE1 5WW,1,0,1,0
LE1 5XD,19,14,5,7
LE1 5XH,44,26,18,24
LE1 5XQ,101,78,23,98
LE1 5XR,98,72,26,92
LE1 5XS,90,64,26,83
LE1 5XW,53,24,29,14
LE1 5XX,131,60,71,34
LE1 5XY,32,13,19,18
LE1 5XZ,5,1,4,2
LE1 5YP,8,4,4,1
LE1 6AF,11,4,7,7
LE1 6AN,7,4,3,6
LE1 6AS,3,2,1,3
LE1 6AT,26,19,7,16
LE1 6BU,2,1,1,1
LE1 6DN,5,2,3,3
LE1 6DP,5,3,2,2
LE1 6EH,26,12,14,10
LE1 6ES,3,2,1,0
LE1 6FE,20,15,5,14
LE1 6FF,37,22,15,23
LE1 6FJ,26,17,9,26
LE1 6GB,63,36,27,18
LE1 6GD,1,0,1,1
LE1 6GF,55,35,20,31
LE1 6HB,59,32,27,37
LE1 6HH,41,18,23,19
LE1 6HJ,27,13,14,18
LE1 6JJ,55,34,21,38
LE1 6NB,44,25,19,28
LE1 6NL,15,6,9,11
LE1 6NU,95,49,46,59
LE1 6PA,25,11,14,6
LE1 6PL,57,40,17,47
LE1 6PN,53,34,19,47
LE1 6PP,53,37,16,44
LE1 6QH,3,2,1,1
LE1 6RJ,20,13,7,12
LE1 6RL,114,46,68,9
LE1 6RN,64,31,33,40
LE1 6RP,472,136,336,9
LE1 6RS,67,36,31,49
LE1 6RT,52,26,26,40
LE1 6SL,35,18,17,17
LE1 6TE,24,17,7,16
LE1 6TF,38,20,18,25
LE1 6TP,1,1,0,1
LE1 6TR,9,4,5,3
LE1 6UN,56,23,33,47
LE1 6UP,156,60,96,10
LE1 6WA,1,1,0,1
LE1 6WB,103,41,62,57
LE1 6WJ,77,50,27,39
LE1 6WL,37,28,9,19
LE1 6WR,6,3,3,4
LE1 6WS,11,8,3,7
LE1 6WT,28,17,11,12
LE1 6WU,33,16,17,20
LE1 6WY,46,31,15,32
LE1 6XE,12,8,4,9
LE1 6XF,21,13,8,9
LE1 6XL,54,27,27,26
LE1 6XN,68,42,26,43
LE1 6XP,24,11,13,13
LE1 6XQ,64,26,38,33
LE1 6YE,11,6,5,3
LE1 6YF,41,26,15,22
LE1 6YG,9,5,4,6
LE1 6YJ,22,13,9,11
LE1 6YT,34,23,11,18
LE1 6YU,22,11,11,12
LE1 7AT,74,48,26,38
LE1 7AX,4,3,1,3
LE1 7BF,7,3,4,5
LE1 7DF,1,1,0,1
LE1 7DQ,45,26,19,30
LE1 7DW,11,5,6,6
LE1 7ER,33,18,15,26
LE1 7GD,15,8,7,8
LE1 7GF,3,1,2,3
LE1 7GX,2,1,1,1
LE1 7HA,503,194,309,1
LE1 7HB,139,61,78,20
LE1 7JA,13,9,4,8
LE1 7JL,13,4,9,10
LE1 7LT,1,0,1,0
LE1 7NA,7,3,4,4
LE1 7NP,36,24,12,25
LE1 7PE,1,1,0,1
LE1 7QA,13,5,8,7
LE1 7QJ,1,1,0,1
LE1 7QR,48,23,25,25
LE1 7RA,16,12,4,10
LE1 7RB,29,15,14,18
LE1 7RL,23,9,14,9
LE1 7RU,15,5,10,8
LE100AD,1,0,1,1
LE100AE,9,6,3,5
LE100AF,42,22,20,28
LE100AH,69,30,39,31
LE100AJ,91,47,44,30
LE100AN,2,1,1,1
LE100AP,7,4,3,7
LE100AQ,60,34,26,31
LE100AR,58,33,25,27
LE100AS,86,39,47,46
LE100AU,24,13,11,14
LE100AX,65,29,36,33
LE100AZ,5,3,2,2
LE100BA,6,2,4,4
LE100BD,22,14,8,19
LE100BE,19,12,7,6
LE100BF,5,3,2,2
LE100BG,26,14,12,10
LE100BH,57,32,25,29
LE100BJ,42,23,19,23
LE100BN,38,20,18,22
LE100BP,20,13,7,13
LE100BQ,30,21,9,19
LE100BS,17,10,7,10
LE100BT,75,50,25,39
LE100BU,46,22,24,21
LE100BW,151,77,74,59
LE100BX,67,36,31,24
LE100BY,51,26,25,27
LE100BZ,109,54,55,46
LE100DA,30,19,11,20
LE100DB,7,4,3,4
LE100DD,125,64,61,57
LE100DE,49,23,26,22
LE100DF,33,14,19,11
LE100DG,80,41,39,40
LE100DH,126,64,62,52
LE100DJ,84,38,46,41
LE100DL,109,56,53,40
LE100DN,95,41,54,40
LE100DP,35,17,18,15
LE100DQ,124,55,69,52
LE100DR,41,18,23,20
LE100DS,74,34,40,34
LE100DT,45,24,21,14
LE100DU,32,16,16,19
LE100DW,113,55,58,52
LE100DX,45,25,20,24
LE100DY,106,51,55,50
LE100DZ,14,7,7,8
LE100EA,77,34,43,35
LE100EB,72,35,37,30
LE100ED,149,72,77,54
LE100EE,126,71,55,53
LE100EF,74,39,35,29
LE100EG,99,48,51,41
LE100EH,110,56,54,49
LE100EJ,39,17,22,31
LE100EL,55,32,23,23
LE100EN,58,32,26,20
LE100EQ,87,43,44,32
LE100ER,44,21,23,17
LE100ES,81,36,45,31
LE100ET,90,44,46,44
LE100EU,78,36,42,39
LE100EX,43,24,19,19
LE100EY,79,39,40,29
LE100EZ,71,34,37,28
LE100FA,63,31,32,27
LE100FB,78,45,33,32
LE100FD,27,17,10,7
LE100FE,29,14,15,10
LE100FG,61,29,32,27
LE100FH,55,24,31,30
LE100FJ,200,95,105,77
LE100FL,193,96,97,70
LE100FP,57,23,34,17
LE100FQ,65,35,30,31
LE100FS,7,4,3,5
LE100FT,23,15,8,16
LE100FU,11,5,6,6
LE100FW,112,55,57,35
LE100FY,133,55,78,53
LE100GB,64,32,32,22
LE100GD,21,10,11,6
LE100GE,133,69,64,50
LE100GF,116,60,56,46
LE100GG,87,49,38,29
LE100GH,75,37,38,33
LE100GJ,47,25,22,17
LE100GL,5,2,3,2
LE100GN,42,20,22,14
LE100GP,54,26,28,22
LE100GR,27,12,15,11
LE100GS,8,3,5,4
LE100GT,6,3,3,6
LE100GU,54,28,26,21
LE100GW,51,26,25,22
LE100GY,80,35,45,36
LE100HA,112,60,52,38
LE100HB,89,40,49,31
LE100HD,77,35,42,32
LE100HE,19,9,10,9
LE100HF,59,27,32,23
LE100HG,63,31,32,25
LE100HH,62,28,34,24
LE100HJ,60,33,27,27
LE100HL,52,25,27,25
LE100HN,55,25,30,34
LE100HP,93,50,43,36
LE100HQ,79,37,42,33
LE100HR,87,48,39,40
LE100HS,65,35,30,28
LE100HT,106,50,56,36
LE100HU,126,61,65,44
LE100HW,6,3,3,3
LE100HX,41,24,17,22
LE100HY,5,2,3,4
LE100HZ,41,23,18,31
LE100JA,64,30,34,48
LE100JB,157,77,80,52
LE100JD,84,48,36,59
LE100JE,43,21,22,19
LE100JF,20,8,12,10
LE100JG,48,21,27,20
LE100JH,49,26,23,19
LE100JL,42,24,18,20
LE100JN,110,54,56,49
LE100JQ,72,18,54,62
LE100JR,11,6,5,6
LE100JS,67,35,32,25
LE100JT,78,45,33,39
LE100JU,53,27,26,20
LE100JW,24,11,13,11
LE100JY,18,9,9,14
LE100JZ,16,10,6,16
LE100LA,50,27,23,21
LE100LB,43,23,20,23
LE100LD,100,51,49,47
LE100LE,67,37,30,43
LE100LF,15,7,8,6
LE100LG,74,38,36,23
LE100LH,75,37,38,30
LE100LJ,123,62,61,54
LE100LL,68,41,27,26
LE100LN,48,25,23,20
LE100LP,42,20,22,21
LE100LR,119,59,60,52
LE100LS,47,20,27,24
LE100LT,89,42,47,35
LE100LU,88,38,50,34
LE100LW,108,56,52,47
LE100LX,96,46,50,30
LE100LY,66,31,35,28
LE100ND,13,4,9,5
LE100NE,140,74,66,53
LE100NF,200,103,97,83
LE100NG,115,58,57,47
LE100NH,124,58,66,46
LE100NJ,98,46,52,38
LE100NL,63,32,31,25
LE100NP,76,38,38,33
LE100NQ,110,53,57,49
LE100NR,79,41,38,29
LE100NS,81,40,41,37
LE100NT,46,23,23,21
LE100NW,140,74,66,53
LE100NX,54,28,26,23
LE100NY,223,110,113,81
LE100NZ,41,20,21,15
LE100PA,33,17,16,13
LE100PB,61,30,31,23
LE100PD,44,23,21,25
LE100PE,102,46,56,43
LE100PF,106,51,55,49
LE100PG,55,24,31,20
LE100PH,45,23,22,15
LE100PJ,135,64,71,55
LE100PL,119,59,60,50
LE100PN,22,9,13,12
LE100PP,25,14,11,12
LE100PQ,27,13,14,11
LE100PS,19,10,9,12
LE100PU,14,8,6,6
LE100PW,61,30,31,27
LE100PX,84,38,46,39
LE100PY,80,38,42,35
LE100PZ,34,19,15,12
LE100QA,69,40,29,32
LE100QB,86,40,46,31
LE100QD,38,24,14,23
LE100QE,30,15,15,12
LE100QH,35,16,19,22
LE100QJ,4,2,2,3
LE100QN,55,25,30,23
LE100QR,34,14,20,23
LE100QT,30,14,16,21
LE100QU,100,51,49,48
LE100QW,44,23,21,20
LE100QX,131,60,71,46
LE100QY,85,34,51,38
LE100QZ,99,54,45,37
LE100RA,80,41,39,41
LE100RB,103,49,54,45
LE100RD,75,36,39,33
LE100RE,33,13,20,20
LE100RF,141,64,77,61
LE100RG,47,18,29,21
LE100RH,80,43,37,35
LE100RJ,70,36,34,37
LE100RL,59,27,32,25
LE100RN,96,50,46,33
LE100RQ,67,36,31,28
LE100RS,34,14,20,13
LE100RT,41,18,23,20
LE100RU,32,19,13,15
LE100RW,61,30,31,28
LE100RX,79,40,39,26
LE100RY,38,18,20,17
LE100RZ,12,6,6,6
LE100SA,55,26,29,19
LE100SB,38,17,21,19
LE100SD,29,12,17,19
LE100SE,101,54,47,60
LE100SF,27,16,11,10
LE100SG,21,11,10,7
LE100SH,91,49,42,36
LE100SJ,114,59,55,41
LE100SL,44,23,21,21
LE100SN,50,27,23,24
LE100SP,55,24,31,24
LE100SQ,90,45,45,36
LE100SR,68,33,35,27
LE100SS,27,14,13,12
LE100ST,42,21,21,18
LE100SU,41,19,22,23
LE100SW,63,29,34,32
LE100SX,34,17,17,14
LE100SZ,26,16,10,14
LE100TA,82,42,40,33
LE100TB,49,21,28,25
LE100TD,62,29,33,25
LE100TE,65,33,32,25
LE100TF,21,9,12,10
LE100TG,91,43,48,40
LE100TH,82,38,44,37
LE100TJ,15,7,8,9
LE100TL,88,48,40,36
LE100TN,197,91,106,74
LE100TP,55,26,29,26
LE100TQ,76,33,43,28
LE100TR,54,27,27,18
LE100TS,49,26,23,19
LE100TT,37,21,16,13
LE100TU,35,18,17,18
LE100TW,159,75,84,66
LE100TX,43,23,20,15
LE100TY,55,26,29,20
LE100TZ,87,42,45,36
LE100UA,26,13,13,8
LE100UB,32,18,14,11
LE100UD,12,7,5,5
LE100UE,16,10,6,6
LE100UF,44,21,23,15
LE100UG,70,37,33,25
LE100UH,65,35,30,35
LE100UJ,38,19,19,13
LE100UL,28,12,16,9
LE100UN,40,21,19,15
LE100UP,24,8,16,8
LE100UQ,110,59,51,45
LE100UR,96,48,48,38
LE100US,44,20,24,17
LE100UT,104,57,47,49
LE100UU,14,7,7,5
LE100UW,70,34,36,27
LE100UX,34,16,18,13
LE100UY,53,29,24,27
LE100UZ,234,119,115,94
LE100WA,61,24,37,22
LE100WE,16,8,8,9
LE100WF,93,44,49,36
LE100WG,225,108,117,86
LE100WN,42,22,20,18
LE100WQ,15,8,7,7
LE100WR,17,9,8,10
LE100WS,64,32,32,30
LE100WU,39,22,17,22
LE100XA,47,21,26,19
LE100XB,32,10,22,20
LE100XD,118,66,52,68
LE100XF,34,18,16,12
LE100XG,53,25,28,17
LE100XH,66,20,46,36
LE100XJ,187,91,96,73
LE100XL,53,24,29,20
LE100XN,28,13,15,15
LE100XP,106,52,54,43
LE100XQ,55,30,25,41
LE100XR,66,34,32,31
LE100XS,50,21,29,20
LE100XT,53,30,23,39
LE100XU,43,22,21,17
LE100XW,138,77,61,63
LE100XX,56,27,29,33
LE100XY,21,6,15,13
LE100XZ,63,29,34,26
LE100YA,56,25,31,30
LE100YB,54,26,28,42
LE100YD,82,42,40,42
LE100YE,146,77,69,62
LE100YF,80,38,42,40
LE100YG,30,14,16,13
LE100YH,57,30,27,25
LE100YQ,58,35,23,25
LE100YZ,19,10,9,9
LE101AA,33,17,16,17
LE101AB,74,42,32,38
LE101AD,25,17,8,5
LE101AE,56,31,25,28
LE101AF,92,46,46,34
LE101AH,84,42,42,36
LE101AJ,62,34,28,28
LE101AL,74,35,39,27
LE101AN,77,38,39,35
LE101AP,52,27,25,24
LE101AQ,55,26,29,22
LE101AR,13,6,7,10
LE101AW,2,2,0,2
LE101AX,21,13,8,14
LE101AY,5,4,1,4
LE101BB,1,1,0,1
LE101BE,54,27,27,23
LE101BG,52,28,24,31
LE101BH,34,18,16,30
LE101BL,13,6,7,11
LE101BQ,48,19,29,18
LE101DA,31,21,10,18
LE101DD,25,14,11,16
LE101DP,72,35,37,33
LE101DR,71,35,36,35
LE101DS,10,5,5,3
LE101DT,50,29,21,26
LE101DY,51,30,21,32
LE101DZ,48,19,29,27
LE101EA,59,22,37,34
LE101EB,78,40,38,34
LE101ED,111,55,56,46
LE101EE,56,24,32,27
LE101EF,121,60,61,49
LE101EH,4,3,1,3
LE101EQ,3,1,2,1
LE101EX,79,41,38,33
LE101EY,8,4,4,5
LE101EZ,36,15,21,15
LE101GZ,16,8,8,12
LE101HA,98,48,50,44
LE101HB,106,50,56,43
LE101HD,44,19,25,21
LE101HE,13,6,7,7
LE101HF,80,31,49,34
LE101HG,71,38,33,25
LE101HH,141,63,78,41
LE101HJ,44,27,17,22
LE101HL,29,12,17,14
LE101HN,9,4,5,4
LE101HQ,33,18,15,16
LE101HR,6,1,5,4
LE101HT,148,76,72,52
LE101HU,7,4,3,3
LE101HX,12,7,5,8
LE101HY,18,11,7,7
LE101HZ,22,12,10,10
LE101JA,55,25,30,20
LE101JB,42,20,22,10
LE101JD,61,26,35,30
LE101JE,111,53,58,51
LE101JF,133,68,65,52
LE101JG,124,57,67,49
LE101JH,49,23,26,20
LE101JJ,15,7,8,5
LE101JL,8,3,5,5
LE101JQ,59,36,23,29
LE101JR,25,14,11,16
LE101JS,29,10,19,18
LE101JT,23,14,9,17
LE101LA,112,62,50,43
LE101LB,56,28,28,21
LE101LD,91,47,44,35
LE101LF,34,16,18,18
LE101LG,41,18,23,19
LE101LH,103,48,55,40
LE101LJ,34,19,15,12
LE101LL,54,25,29,23
LE101LN,64,33,31,28
LE101LP,35,21,14,12
LE101LQ,86,43,43,30
LE101LR,48,23,25,21
LE101LS,67,33,34,22
LE101LT,49,30,19,20
LE101LU,66,34,32,30
LE101LW,37,22,15,14
LE101LY,58,24,34,29
LE101NA,28,14,14,14
LE101NB,15,8,7,5
LE101ND,51,23,28,16
LE101NL,16,9,7,12
LE101NT,1,0,1,1
LE101NX,36,20,16,33
LE101NY,9,5,4,4
LE101PA,25,13,12,9
LE101PB,56,27,29,20
LE101PD,56,31,25,20
LE101PE,26,14,12,11
LE101PF,54,29,25,19
LE101PG,24,13,11,9
LE101PH,243,116,127,95
LE101PL,52,25,27,30
LE101PN,25,11,14,18
LE101PP,6,4,2,3
LE101PR,8,5,3,6
LE101PS,12,7,5,5
LE101PT,84,49,35,44
LE101PU,34,18,16,12
LE101PX,42,16,26,22
LE101PY,16,8,8,7
LE101PZ,28,17,11,13
LE101QA,14,10,4,6
LE101QB,53,25,28,30
LE101QD,17,11,6,9
LE101QE,71,34,37,32
LE101QF,101,43,58,33
LE101QG,45,23,22,22
LE101QH,50,22,28,23
LE101QJ,31,18,13,21
LE101QQ,63,33,30,33
LE101QS,18,10,8,9
LE101QT,2,1,1,2
LE101QU,14,10,4,8
LE101QW,55,31,24,24
LE101QY,81,48,33,40
LE101QZ,19,12,7,10
LE101RB,49,22,27,27
LE101RD,9,6,3,7
LE101RE,21,12,9,9
LE101RF,16,6,10,13
LE101RH,46,22,24,33
LE101RJ,6,4,2,4
LE101RL,1,0,1,1
LE101RN,8,4,4,8
LE101RP,28,18,10,16
LE101RQ,39,20,19,13
LE101RR,55,18,37,46
LE101RT,46,20,26,17
LE101RU,1,1,0,1
LE101RW,9,8,1,6
LE101RX,30,14,16,10
LE101RY,56,30,26,24
LE101RZ,51,22,29,20
LE101SA,41,21,20,16
LE101SB,34,16,18,15
LE101SD,50,26,24,23
LE101SE,89,44,45,39
LE101SF,45,22,23,18
LE101SG,75,36,39,35
LE101SH,100,45,55,41
LE101SJ,69,35,34,26
LE101SL,71,38,33,29
LE101SN,66,36,30,34
LE101SP,1,1,0,0
LE101SQ,33,15,18,21
LE101SR,21,11,10,10
LE101SS,104,52,52,44
LE101ST,32,15,17,17
LE101SU,8,4,4,4
LE101SW,115,60,55,44
LE101SX,92,46,46,45
LE101SY,66,30,36,37
LE101SZ,101,44,57,48
LE101TA,23,13,10,10
LE101TB,59,30,29,28
LE101TD,74,39,35,37
LE101TE,97,49,48,42
LE101TF,58,22,36,28
LE101TG,166,82,84,74
LE101TH,73,32,41,28
LE101TJ,63,35,28,21
LE101TL,20,9,11,13
LE101TN,23,12,11,13
LE101TP,19,9,10,8
LE101TQ,67,28,39,32
LE101TR,19,12,7,13
LE101TS,49,20,29,19
LE101TT,48,25,23,18
LE101TU,51,25,26,18
LE101TW,39,17,22,24
LE101TX,41,19,22,20
LE101TY,19,12,7,6
LE101TZ,20,12,8,8
LE101UA,108,57,51,48
LE101UB,88,44,44,39
LE101UD,19,10,9,13
LE101UF,27,14,13,14
LE101UG,15,8,7,9
LE101UH,48,24,24,17
LE101UJ,18,9,9,8
LE101UL,34,16,18,13
LE101UN,90,44,46,32
LE101UP,78,41,37,28
LE101UQ,104,52,52,38
LE101UR,40,21,19,20
LE101US,18,8,10,12
LE101UT,59,28,31,30
LE101UU,60,29,31,25
LE101UW,49,27,22,19
LE101UX,83,35,48,38
LE101UY,82,39,43,34
LE101XH,19,11,8,10
LE101XJ,23,11,12,8
LE101XL,19,8,11,6
LE101XN,116,59,57,45
LE101XP,17,9,8,6
LE101XQ,83,41,42,27
LE101XR,21,11,10,8
LE101XT,5,4,1,3
LE101YG,4,2,2,2
LE102AA,70,39,31,42
LE102AB,26,14,12,10
LE102AD,58,28,30,24
LE102AE,26,11,15,12
LE102AF,55,27,28,23
LE102AG,13,4,9,5
LE102AH,90,48,42,47
LE102AJ,29,18,11,21
LE102AL,33,16,17,15
LE102AN,27,13,14,11
LE102AP,13,5,8,9
LE102AQ,32,18,14,18
LE102AR,113,56,57,47
LE102AS,115,54,61,45
LE102AT,65,28,37,30
LE102AU,60,32,28,25
LE102AW,59,18,41,8
LE102AX,66,33,33,25
LE102AY,55,27,28,26
LE102BA,91,42,49,34
LE102BB,49,20,29,19
LE102BD,143,69,74,59
LE102BE,20,10,10,8
LE102BF,34,19,15,12
LE102BG,72,38,34,27
LE102BH,17,10,7,8
LE102BJ,46,20,26,19
LE102BL,3,2,1,2
LE102BQ,19,10,9,7
LE102BS,31,11,20,18
LE102BT,35,17,18,27
LE102BU,75,43,32,39
LE102BW,52,28,24,20
LE102BX,12,4,8,5
LE102BY,112,51,61,54
LE102DA,64,36,28,28
LE102DB,23,12,11,14
LE102DD,16,6,10,10
LE102DE,20,8,12,12
LE102DG,13,6,7,6
LE102DH,40,17,23,24
LE102DJ,69,37,32,26
LE102DL,57,23,34,24
LE102DN,43,20,23,16
LE102DP,8,0,8,7
LE102DQ,68,38,30,24
LE102DR,78,37,41,32
LE102DS,64,30,34,27
LE102DT,73,35,38,29
LE102DU,109,54,55,39
LE102DW,109,50,59,42
LE102DX,85,42,43,31
LE102DY,107,56,51,40
LE102DZ,113,61,52,41
LE102EA,122,55,67,48
LE102EB,20,12,8,11
LE102ED,5,2,3,2
LE102EE,37,17,20,23
LE102EF,44,22,22,17
LE102EG,67,31,36,33
LE102EH,54,23,31,19
LE102EJ,6,3,3,3
LE102EL,20,13,7,7
LE102EN,12,7,5,5
LE102EP,15,7,8,7
LE102EQ,135,59,76,72
LE102ER,17,9,8,4
LE102ES,114,55,59,38
LE102ET,24,14,10,17
LE102EU,60,32,28,23
LE102EW,16,7,9,8
LE102EX,20,12,8,6
LE102EY,32,14,18,12
LE102FD,8,3,5,4
LE102FE,49,23,26,20
LE102FF,25,8,17,10
LE102FG,32,16,16,14
LE102FH,7,3,4,3
LE102FJ,54,28,26,22
LE102GA,43,17,26,13
LE102GB,24,11,13,12
LE102GD,43,21,22,13
LE102GE,47,25,22,15
LE102GF,39,18,21,13
LE102GG,42,21,21,13
LE102GH,29,14,15,13
LE102GJ,15,4,11,9
LE102GS,41,22,19,18
LE102GW,12,6,6,5
LE102GX,173,93,80,49
LE102GY,64,33,31,22
LE102GZ,14,6,8,5
LE102HA,71,35,36,24
LE102HB,21,10,11,8
LE102HD,57,30,27,23
LE102HE,80,41,39,32
LE102HF,67,27,40,29
LE102HG,105,49,56,43
LE102HH,46,21,25,22
LE102HJ,31,17,14,17
LE102HL,76,37,39,35
LE102HN,55,28,27,21
LE102HP,75,33,42,36
LE102HQ,77,40,37,31
LE102HR,90,45,45,34
LE102HW,54,24,30,16
LE102HX,9,5,4,6
LE102HY,26,15,11,13
LE102HZ,63,28,35,36
LE102JA,77,38,39,34
LE102JB,71,37,34,36
LE102JD,10,3,7,3
LE102JE,78,44,34,36
LE102JF,26,12,14,13
LE102JG,81,38,43,31
LE102JH,86,45,41,43
LE102JJ,125,66,59,47
LE102JL,24,14,10,9
LE102JN,13,9,4,4
LE102JP,95,49,46,37
LE102JQ,34,20,14,8
LE102JR,76,39,37,31
LE102JS,27,13,14,12
LE102JT,61,26,35,27
LE102JU,63,30,33,39
LE102JW,3,2,1,2
LE102JX,59,33,26,33
LE102JY,70,34,36,43
LE102JZ,29,12,17,14
LE102LA,55,24,31,20
LE102LB,20,8,12,8
LE102LD,43,22,21,15
LE102LE,34,18,16,13
LE102LF,49,23,26,18
LE102LH,16,9,7,7
LE102LJ,54,24,30,29
LE102LP,63,34,29,24
LE102LQ,22,11,11,8
LE102LR,58,26,32,32
LE102LS,78,40,38,32
LE102LT,55,23,32,28
LE102LU,74,32,42,37
LE102LW,89,44,45,33
LE102LX,60,27,33,32
LE102LY,32,15,17,19
LE102LZ,74,32,42,27
LE102NA,94,47,47,37
LE102NB,62,31,31,30
LE102ND,87,43,44,45
LE102NF,28,16,12,7
LE102NG,31,16,15,13
LE102NH,34,16,18,22
LE102NJ,37,18,19,17
LE102NL,64,32,32,22
LE102NN,45,20,25,18
LE102NP,57,27,30,22
LE102NQ,22,11,11,8
LE102NR,142,63,79,68
LE102NT,15,7,8,5
LE102NU,17,9,8,7
LE102NX,126,67,59,47
LE102NY,52,26,26,20
LE102PA,50,26,24,20
LE102PB,47,28,19,19
LE102PD,17,0,17,17
LE102PH,93,51,42,39
LE102PJ,30,15,15,11
LE102PL,16,7,9,8
LE102PN,105,48,57,45
LE102PP,97,44,53,44
LE102PQ,30,13,17,29
LE102PR,37,18,19,17
LE102PS,80,46,34,35
LE102PT,66,31,35,39
LE102PU,79,38,41,34
LE102PW,119,62,57,47
LE102PX,68,37,31,29
LE102PY,76,33,43,32
LE102PZ,76,33,43,39
LE102QA,100,51,49,40
LE102QB,50,21,29,25
LE102QD,47,26,21,21
LE102QF,27,16,11,12
LE102QG,86,41,45,36
LE102QH,20,9,11,9
LE102QL,43,21,22,14
LE102QN,51,25,26,18
LE102QQ,19,9,10,9
LE102QR,58,29,29,23
LE102QS,69,24,45,57
LE102QT,61,17,44,49
LE102QU,16,5,11,10
LE102QW,23,12,11,8
LE102QX,41,18,23,19
LE102QY,35,16,19,14
LE102QZ,41,17,24,20
LE102RA,32,17,15,14
LE102RB,18,7,11,7
LE102RD,35,15,20,20
LE102RE,92,43,49,52
LE102RF,113,59,54,42
LE102RG,42,19,23,19
LE102RH,24,10,14,12
LE102RJ,29,12,17,12
LE102RL,68,31,37,33
LE102RN,79,37,42,42
LE102RP,51,28,23,21
LE102RQ,107,53,54,42
LE102RS,29,12,17,14
LE102RT,13,6,7,8
LE102RU,117,58,59,52
LE102RW,72,35,37,38
LE102RX,88,43,45,40
LE102RY,117,55,62,49
LE102RZ,29,17,12,12
LE102SA,21,9,12,13
LE102SB,91,47,44,41
LE102SD,13,6,7,8
LE102SE,41,18,23,20
LE102SF,81,36,45,40
LE102SG,86,43,43,39
LE102SH,96,45,51,55
LE102SJ,104,53,51,43
LE102SL,120,64,56,47
LE102SN,23,10,13,10
LE102SP,87,38,49,31
LE102SQ,42,19,23,24
LE102SR,47,25,22,16
LE102SS,35,17,18,14
LE102ST,42,18,24,22
LE102SU,39,18,21,16
LE102SW,56,29,27,22
LE102SX,156,72,84,57
LE102SY,67,38,29,24
LE102SZ,34,17,17,13
LE102TB,13,6,7,6
LE102TD,51,26,25,25
LE102TE,64,27,37,31
LE102TF,31,15,16,12
LE102TG,77,36,41,41
LE102TH,67,31,36,32
LE102TJ,74,34,40,35
LE102TL,125,54,71,66
LE102TN,92,42,50,31
LE102TQ,81,43,38,36
LE102TR,23,14,9,8
LE102TS,59,32,27,24
LE102TU,89,41,48,42
LE102TW,78,36,42,35
LE102TX,33,16,17,18
LE102TY,46,21,25,23
LE102TZ,48,22,26,27
LE102UA,110,50,60,44
LE102UB,34,17,17,22
LE102UD,27,11,16,10
LE102UE,37,16,21,18
LE102UF,28,14,14,9
LE102UG,34,16,18,22
LE102UH,35,16,19,17
LE102UJ,86,39,47,36
LE102UL,18,6,12,12
LE102UQ,80,40,40,35
LE102XA,55,25,30,22
LE102XB,2,1,1,1
LE103AA,34,20,14,15
LE103AB,5,3,2,2
LE103AD,2,0,2,1
LE103AE,22,13,9,9
LE103AF,13,8,5,5
LE103AG,25,16,9,10
LE103AH,34,18,16,12
LE103AJ,3,2,1,2
LE103AN,16,7,9,8
LE103AP,17,11,6,7
LE103AQ,56,23,33,21
LE103AR,16,10,6,5
LE103AS,26,11,15,9
LE103AU,10,5,5,5
LE103AW,6,2,4,3
LE103AX,11,6,5,5
LE103AY,4,2,2,2
LE103BE,1,1,0,1
LE103BS,5,2,3,2
LE103DA,5,2,3,4
LE103DD,11,6,5,6
LE103DP,14,5,9,2
LE103DR,39,22,17,18
LE103DX,32,17,15,11
LE103EA,10,5,5,3
LE103EB,15,7,8,5
LE103ED,52,26,26,17
LE103EE,8,4,4,2
LE103EF,39,23,16,17
LE103EG,54,25,29,17
LE103EH,4,3,1,2
LE103ER,2,2,0,2
LE103ES,1,1,0,1
LE103HA,13,6,7,5
LE103HB,3,2,1,1
LE103HD,15,8,7,6
LE103HE,31,16,15,14
LE103HF,17,6,11,6
LE103HG,2,1,1,1
LE103HH,12,4,8,6
LE103HJ,78,34,44,33
LE103HN,14,7,7,4
LE103HP,18,10,8,7
LE103HQ,45,23,22,21
LE103HR,36,18,18,15
LE103HS,15,8,7,7
LE103HT,49,27,22,19
LE103HU,10,6,4,3
LE103HW,8,3,5,5
LE103HX,9,5,4,5
LE103HY,11,6,5,4
LE103HZ,17,6,11,9
LE103JB,13,8,5,8
LE103JD,22,9,13,6
LE103JP,17,9,8,6
LE103LA,124,58,66,56
LE103LB,14,6,8,5
LE103LD,53,27,26,20
LE103LE,60,31,29,27
LE103LF,32,16,16,15
LE103LG,36,19,17,15
LE103LH,28,12,16,13
LE103LJ,32,14,18,14
LE103LL,70,34,36,32
LE103LN,8,3,5,3
LE103LP,45,22,23,17
LE103LQ,61,31,30,30
LE103LR,11,6,5,5
LE103LS,58,31,27,24
LE103LT,76,45,31,27
LE103LU,9,5,4,4
LE103LW,22,13,9,8
LE103NT,18,10,8,8
LE103PA,8,3,5,3
LE103PB,82,38,44,40
LE103PD,9,3,6,5
LE103PE,39,19,20,17
LE103PF,22,11,11,10
LE103PG,84,41,43,34
LE103PH,46,22,24,24
LE103PJ,2,1,1,1
LE103PL,33,13,20,24
LE103PN,84,37,47,41
LE103PP,51,28,23,24
LE103PQ,30,11,19,15
LE103PR,69,37,32,28
LE103PS,42,22,20,20
LE103PT,144,79,65,61
LE103PU,40,20,20,16
LE103PW,23,11,12,10
LE103PX,31,13,18,13
LE103PY,17,9,8,5
LE103PZ,9,5,4,4
LE103QA,25,13,12,9
LE103QD,23,12,11,9
LE111AB,9,2,7,5
LE111AD,19,11,8,12
LE111AE,18,14,4,11
LE111AF,28,13,15,15
LE111AG,29,14,15,18
LE111AH,39,13,26,37
LE111AL,15,7,8,7
LE111AN,65,41,24,39
LE111AQ,44,21,23,18
LE111AS,36,17,19,15
LE111AT,21,11,10,17
LE111AU,18,12,6,15
LE111AW,10,4,6,6
LE111AX,58,37,21,52
LE111AY,28,16,12,27
LE111BA,93,49,44,35
LE111BB,33,20,13,25
LE111BD,38,19,19,29
LE111BE,15,9,6,8
LE111BF,8,5,3,6
LE111BG,17,11,6,9
LE111BH,89,52,37,37
LE111BJ,52,31,21,30
LE111BL,44,25,19,22
LE111BN,55,33,22,28
LE111BP,61,27,34,28
LE111BQ,5,3,2,4
LE111BS,69,40,29,29
LE111BT,19,14,5,9
LE111BU,30,15,15,16
LE111BW,46,32,14,33
LE111BY,42,24,18,27
LE111BZ,25,14,11,7
LE111DD,77,37,40,63
LE111DF,67,32,35,35
LE111DG,14,7,7,11
LE111DH,15,8,7,13
LE111DJ,11,8,3,9
LE111DL,49,25,24,31
LE111DN,24,8,16,13
LE111DR,58,31,27,15
LE111DS,16,8,8,10
LE111DT,111,50,61,33
LE111DW,84,48,36,55
LE111DX,23,15,8,11
LE111DY,11,7,4,4
LE111DZ,5,4,1,1
LE111EB,28,19,9,23
LE111ED,5,5,0,4
LE111EE,7,4,3,5
LE111EF,33,17,16,20
LE111EG,8,4,4,8
LE111EJ,104,51,53,33
LE111EL,16,7,9,15
LE111EQ,5,2,3,2
LE111ER,8,3,5,3
LE111ES,22,15,7,10
LE111ET,2,1,1,1
LE111EU,91,39,52,15
LE111EX,22,11,11,12
LE111EY,4,2,2,2
LE111EZ,59,26,33,22
LE111FH,8,3,5,4
LE111GA,29,18,11,20
LE111GB,25,17,8,18
LE111GD,26,18,8,18
LE111GE,44,26,18,11
LE111GF,69,38,31,36
LE111GG,47,39,8,12
LE111HA,107,50,57,28
LE111HB,51,31,20,13
LE111HD,73,38,35,28
LE111HF,109,58,51,45
LE111HT,114,60,54,38
LE111HY,120,58,62,81
LE111HZ,40,20,20,21
LE111JA,30,18,12,12
LE111JB,26,10,16,11
LE111JD,71,35,36,19
LE111JE,97,46,51,35
LE111JF,113,63,50,35
LE111JG,67,35,32,35
LE111JH,100,52,48,35
LE111JJ,92,45,47,37
LE111JL,115,58,57,46
LE111JN,2,1,1,1
LE111JQ,77,37,40,38
LE111JR,84,39,45,31
LE111JS,62,31,31,25
LE111JT,73,33,40,26
LE111JU,70,33,37,29
LE111JW,179,79,100,60
LE111JX,16,12,4,8
LE111JY,64,31,33,25
LE111JZ,56,31,25,17
LE111LD,45,24,21,24
LE111LE,46,23,23,18
LE111LF,82,53,29,33
LE111LG,122,59,63,35
LE111LH,113,56,57,42
LE111LJ,79,38,41,36
LE111LL,97,46,51,28
LE111LN,84,46,38,52
LE111LP,50,34,16,40
LE111LQ,76,48,28,29
LE111LT,169,75,94,66
LE111LU,43,22,21,24
LE111LX,84,42,42,44
LE111LY,59,29,30,32
LE111LZ,33,12,21,15
LE111NA,32,11,21,17
LE111NG,55,24,31,19
LE111NH,29,18,11,20
LE111NL,56,31,25,23
LE111NN,48,22,26,20
LE111NP,84,46,38,34
LE111NQ,14,9,5,10
LE111NR,60,26,34,28
LE111NS,57,32,25,25
LE111NT,22,12,10,6
LE111NU,82,45,37,28
LE111NW,86,41,45,30
LE111NX,106,62,44,28
LE111PA,34,17,17,24
LE111PB,71,35,36,23
LE111PD,109,62,47,36
LE111PE,112,58,54,49
LE111PF,113,59,54,51
LE111PG,99,49,50,37
LE111PH,87,38,49,36
LE111PJ,8,5,3,2
LE111PL,54,27,27,17
LE111PN,129,70,59,39
LE111PP,44,25,19,36
LE111PQ,89,45,44,32
LE111PR,95,41,54,39
LE111PS,47,21,26,26
LE111PU,117,59,58,51
LE111PW,94,46,48,30
LE111PX,12,5,7,9
LE111PY,12,10,2,9
LE111PZ,16,8,8,9
LE111QA,11,5,6,5
LE111QE,12,6,6,7
LE111QF,79,40,39,31
LE111QG,56,32,24,23
LE111QQ,78,38,40,29
LE111RB,80,43,37,35
LE111RD,51,30,21,15
LE111RE,75,40,35,32
LE111RF,85,43,42,28
LE111RG,37,19,18,15
LE111RH,63,35,28,30
LE111RN,28,13,15,10
LE111RQ,34,20,14,16
LE111RS,104,48,56,38
LE111RU,58,29,29,25
LE111RW,85,53,32,42
LE111RX,48,24,24,25
LE111RY,62,24,38,41
LE111RZ,80,38,42,34
LE111SA,39,24,15,30
LE111SB,101,52,49,28
LE111SD,126,67,59,45
LE111SE,35,17,18,14
LE111SF,42,21,21,16
LE111SH,73,37,36,33
LE111SJ,95,46,49,34
LE111SL,89,53,36,43
LE111SN,143,72,71,45
LE111SP,96,45,51,49
LE111ST,11,6,5,3
LE111SU,15,7,8,14
LE111SY,148,65,83,38
LE111TG,14,7,7,3
LE111TH,3,3,0,3
LE111TQ,8,8,0,3
LE111TZ,7,3,4,3
LE111UA,31,17,14,20
LE111UD,15,7,8,9
LE111UE,12,7,5,7
LE111UL,5,5,0,1
LE111UQ,16,7,9,10
LE111UW,16,12,4,7
LE112AA,73,40,33,31
LE112AB,32,16,16,15
LE112AD,42,19,23,24
LE112AF,29,17,12,12
LE112AG,22,12,10,12
LE112AH,89,45,44,33
LE112AJ,48,24,24,22
LE112AP,28,12,16,17
LE112AQ,72,36,36,33
LE112AR,67,28,39,30
LE112AS,27,13,14,12
LE112AU,16,5,11,11
LE112AW,23,7,16,13
LE112BA,12,5,7,4
LE112BD,89,39,50,38
LE112BE,65,32,33,39
LE112BG,55,25,30,21
LE112BH,43,20,23,17
LE112BL,11,6,5,6
LE112BN,23,12,11,10
LE112BP,29,17,12,11
LE112BQ,97,47,50,31
LE112BS,41,28,13,12
LE112BT,90,42,48,32
LE112BU,78,43,35,28
LE112BW,67,33,34,31
LE112BX,79,40,39,36
LE112BY,78,39,39,34
LE112BZ,55,19,36,19
LE112DA,64,32,32,26
LE112DB,53,24,29,23
LE112DD,62,39,23,26
LE112DG,28,12,16,7
LE112DH,37,19,18,15
LE112DJ,15,7,8,7
LE112DL,25,11,14,8
LE112DN,26,15,11,14
LE112DQ,21,11,10,7
LE112DR,43,30,13,14
LE112DS,13,7,6,7
LE112DT,66,37,29,28
LE112DU,58,53,5,6
LE112DW,57,33,24,28
LE112DX,53,25,28,23
LE112DY,62,30,32,21
LE112DZ,11,9,2,8
LE112EA,37,17,20,16
LE112EB,70,34,36,29
LE112ED,71,27,44,23
LE112EE,12,6,6,9
LE112EG,45,25,20,24
LE112EH,84,52,32,22
LE112EL,13,7,6,7
LE112EN,54,23,31,23
LE112EP,59,29,30,37
LE112EQ,17,10,7,6
LE112ES,49,21,28,41
LE112ET,16,4,12,14
LE112EU,43,21,22,32
LE112EW,36,13,23,28
LE112EY,38,8,30,36
LE112FA,36,18,18,9
LE112FB,104,50,54,33
LE112FD,52,24,28,14
LE112GD,3,1,2,2
LE112GX,142,70,72,47
LE112GY,30,13,17,14
LE112GZ,76,36,40,30
LE112HB,44,26,18,14
LE112HD,95,49,46,42
LE112HE,59,38,21,26
LE112HF,81,40,41,32
LE112HG,49,23,26,20
LE112HH,107,54,53,39
LE112HJ,71,41,30,22
LE112HL,57,30,27,27
LE112HN,78,39,39,39
LE112HP,69,39,30,24
LE112HQ,76,33,43,31
LE112HR,33,15,18,14
LE112HT,130,64,66,55
LE112HU,126,62,64,55
LE112HW,72,38,34,25
LE112HX,24,13,11,10
LE112HY,26,12,14,11
LE112HZ,16,7,9,4
LE112JA,113,51,62,54
LE112JB,84,38,46,29
LE112JD,40,18,22,16
LE112JE,48,24,24,20
LE112JF,45,19,26,21
LE112JG,109,56,53,40
LE112JH,59,28,31,25
LE112JJ,120,55,65,41
LE112JL,62,24,38,26
LE112JN,75,33,42,31
LE112JP,50,19,31,22
LE112JQ,56,24,32,32
LE112JR,58,31,27,21
LE112JS,126,64,62,50
LE112JT,102,52,50,44
LE112JU,75,38,37,26
LE112JW,98,52,46,32
LE112JX,77,35,42,30
LE112JY,53,27,26,19
LE112JZ,32,18,14,16
LE112LA,32,18,14,15
LE112LB,40,17,23,14
LE112LD,35,22,13,16
LE112LE,93,47,46,37
LE112LF,57,24,33,28
LE112LG,50,23,27,20
LE112LH,94,43,51,35
LE112LJ,76,36,40,28
LE112LL,67,35,32,22
LE112LN,143,74,69,41
LE112LP,57,26,31,20
LE112LQ,29,18,11,14
LE112LR,106,43,63,30
LE112LS,100,54,46,24
LE112LT,81,36,45,27
LE112LU,43,14,29,15
LE112LW,26,9,17,17
LE112LX,77,34,43,28
LE112LY,66,30,36,26
LE112LZ,112,56,56,40
LE112NA,51,23,28,17
LE112NB,67,39,28,21
LE112ND,129,66,63,40
LE112NE,125,66,59,41
LE112NF,95,55,40,34
LE112NG,105,50,55,36
LE112NH,79,39,40,42
LE112NJ,61,26,35,23
LE112NL,97,41,56,45
LE112NN,68,34,34,24
LE112NP,1,1,0,1
LE112NR,17,8,9,6
LE112NS,66,31,35,27
LE112NT,84,40,44,39
LE112NU,87,44,43,39
LE112NW,57,28,29,25
LE112NX,68,31,37,30
LE112NY,41,13,28,14
LE112NZ,19,12,7,12
LE112PA,94,45,49,40
LE112PB,113,51,62,36
LE112PD,101,48,53,35
LE112PE,104,41,63,35
LE112PF,107,46,61,37
LE112PG,30,17,13,25
LE112PH,116,58,58,57
LE112PJ,108,51,57,45
LE112PL,71,38,33,30
LE112PN,86,43,43,43
LE112PP,61,28,33,27
LE112PQ,31,21,10,24
LE112PR,122,61,61,44
LE112PS,86,42,44,30
LE112PT,5,4,1,3
LE112PW,73,38,35,32
LE112PY,2,2,0,1
LE112PZ,3,3,0,3
LE112QA,124,61,63,47
LE112QD,26,10,16,23
LE112QE,31,12,19,10
LE112QL,2,2,0,0
LE112QP,21,13,8,8
LE112QQ,13,7,6,7
LE112QR,24,12,12,10
LE112QS,115,61,54,38
LE112QT,41,19,22,18
LE112QU,48,20,28,19
LE112QW,108,54,54,38
LE112QX,28,17,11,11
LE112QZ,90,40,50,28
LE112RA,93,45,48,34
LE112RB,27,11,16,11
LE112RD,85,44,41,38
LE112RE,63,29,34,30
LE112RF,9,3,6,3
LE112RG,115,59,56,48
LE112RH,51,24,27,27
LE112RJ,53,25,28,22
LE112RL,28,14,14,14
LE112RN,50,26,24,17
LE112RQ,66,35,31,35
LE112RS,24,9,15,9
LE112RT,50,24,26,19
LE112RU,103,51,52,43
LE112RX,43,22,21,20
LE112RY,86,44,42,37
LE112RZ,43,21,22,17
LE112SA,98,47,51,36
LE112SB,35,18,17,12
LE112SD,89,46,43,27
LE112SE,26,11,15,7
LE112SF,45,24,21,16
LE112SG,34,13,21,9
LE112SH,102,53,49,48
LE112SJ,90,41,49,40
LE112SL,42,20,22,21
LE112SN,75,35,40,27
LE112SP,45,19,26,26
LE112SQ,23,9,14,6
LE112SR,55,22,33,19
LE112SS,5,1,4,2
LE112ST,46,24,22,20
LE112SU,27,12,15,14
LE112SW,45,16,29,21
LE112SX,29,16,13,16
LE112SY,17,5,12,9
LE112SZ,174,88,86,61
LE112TA,37,16,21,20
LE112TB,99,46,53,39
LE112TD,60,26,34,29
LE112TE,69,32,37,30
LE112TF,33,18,15,12
LE112TH,5,2,3,2
LE112TJ,66,33,33,36
LE112TL,73,35,38,42
LE112TS,11,5,6,3
LE112TY,6,5,1,3
LE112TZ,165,95,70,68
LE112UA,182,97,85,64
LE112UB,103,51,52,45
LE112UD,13,7,6,6
LE112UE,135,72,63,56
LE112UF,66,31,35,22
LE112UG,4,2,2,2
LE113AA,32,12,20,18
LE113AB,61,33,28,24
LE113AD,103,57,46,18
LE113AE,79,49,30,39
LE113AF,27,12,15,23
LE113AG,115,66,49,24
LE113AN,239,130,109,23
LE113AP,63,30,33,37
LE113AU,53,20,33,40
LE113AY,152,80,72,44
LE113AZ,67,36,31,29
LE113BA,154,75,79,44
LE113BB,41,12,29,15
LE113BD,31,17,14,13
LE113BE,95,31,64,25
LE113BH,62,43,19,30
LE113BJ,134,73,61,38
LE113BL,61,30,31,26
LE113BN,98,34,64,30
LE113BP,89,39,50,27
LE113BQ,106,68,38,32
LE113BS,98,63,35,16
LE113BU,17,6,11,11
LE113BW,58,26,32,18
LE113BX,102,61,41,39
LE113BY,54,24,30,23
LE113BZ,133,72,61,45
LE113DA,185,88,97,47
LE113DB,4,4,0,1
LE113DD,35,18,17,21
LE113DF,3,2,1,2
LE113DL,1,0,1,1
LE113DW,26,20,6,9
LE113EP,2,1,1,1
LE113ER,25,13,12,17
LE113EZ,7,0,7,7
LE113GD,57,26,31,0
LE113GG,57,29,28,19
LE113GP,50,21,29,17
LE113GW,19,10,9,5
LE113GZ,9,3,6,3
LE113HA,6,4,2,4
LE113HB,7,5,2,5
LE113HD,131,82,49,47
LE113HE,7,5,2,2
LE113HG,102,78,24,24
LE113HH,78,58,20,19
LE113HJ,37,25,12,13
LE113HL,49,26,23,13
LE113HN,64,31,33,25
LE113HP,37,18,19,16
LE113HQ,13,7,6,5
LE113HR,9,5,4,5
LE113HS,217,143,74,42
LE113HT,86,49,37,34
LE113HU,45,25,20,18
LE113HW,66,36,30,20
LE113HX,97,53,44,39
LE113HZ,124,59,65,42
LE113JA,141,74,67,50
LE113JB,231,124,107,0
LE113JD,67,39,28,24
LE113JE,67,38,29,26
LE113JF,87,54,33,31
LE113JP,83,42,41,29
LE113JR,132,69,63,45
LE113JS,50,28,22,19
LE113JT,61,33,28,25
LE113JU,51,26,25,19
LE113JX,75,37,38,26
LE113JY,71,38,33,26
LE113JZ,42,23,19,17
LE113LA,52,28,24,25
LE113LB,87,43,44,31
LE113LD,52,22,30,23
LE113LE,57,30,27,22
LE113LF,46,26,20,12
LE113LG,14,7,7,7
LE113LH,45,18,27,16
LE113LN,119,64,55,42
LE113LP,35,20,15,11
LE113LR,50,22,28,17
LE113LS,66,32,34,26
LE113LT,48,27,21,16
LE113LU,105,52,53,44
LE113LW,48,21,27,18
LE113LX,61,31,30,27
LE113LY,83,39,44,33
LE113LZ,88,49,39,30
LE113NA,52,22,30,22
LE113NB,31,18,13,12
LE113ND,8,3,5,6
LE113NF,174,107,67,62
LE113NL,59,26,33,27
LE113NN,64,22,42,22
LE113NP,52,19,33,19
LE113NR,73,40,33,25
LE113NT,85,49,36,0
LE113NU,63,33,30,25
LE113NW,158,81,77,48
LE113NX,79,36,43,30
LE113NY,106,62,44,23
LE113PA,10,5,5,4
LE113PB,41,20,21,13
LE113PD,84,45,39,25
LE113PE,76,40,36,29
LE113PF,10,5,5,5
LE113PG,19,9,10,6
LE113PH,57,26,31,31
LE113PJ,44,26,18,17
LE113PL,2,1,1,1
LE113PN,59,29,30,22
LE113PP,73,37,36,29
LE113PQ,65,28,37,35
LE113PR,30,14,16,15
LE113PS,72,33,39,43
LE113PT,50,22,28,27
LE113PU,100,52,48,44
LE113PW,42,18,24,21
LE113PX,67,32,35,29
LE113PY,51,28,23,24
LE113PZ,84,40,44,32
LE113QA,78,40,38,28
LE113QB,49,23,26,17
LE113QD,37,17,20,21
LE113QE,9,3,6,3
LE113QG,28,16,12,20
LE113QJ,87,45,42,34
LE113QL,98,32,66,28
LE113QN,26,18,8,4
LE113QU,36,20,16,21
LE113QX,1,1,0,1
LE113RA,108,58,50,34
LE113RB,29,15,14,11
LE113RD,36,17,19,14
LE113RE,48,23,25,39
LE113RF,21,10,11,8
LE113RG,19,10,9,15
LE113RH,98,59,39,36
LE113RJ,67,36,31,22
LE113RL,24,14,10,9
LE113RN,116,60,56,41
LE113RP,119,56,63,45
LE113RQ,49,27,22,18
LE113RR,104,61,43,35
LE113RS,93,48,45,38
LE113RT,76,47,29,27
LE113RU,85,42,43,35
LE113RW,94,47,47,39
LE113RX,122,58,64,44
LE113RY,33,18,15,14
LE113SA,45,14,31,37
LE113SB,124,60,64,49
LE113SD,93,46,47,28
LE113SE,12,7,5,7
LE113SF,29,15,14,10
LE113SG,28,17,11,9
LE113SH,53,31,22,20
LE113SJ,80,40,40,32
LE113SL,32,14,18,15
LE113SN,38,21,17,15
LE113SP,89,47,42,44
LE113SQ,114,55,59,55
LE113SR,11,5,6,6
LE113SS,18,10,8,10
LE113ST,102,48,54,35
LE113SU,42,20,22,18
LE113SW,41,17,24,15
LE113SX,76,41,35,31
LE113SY,99,51,48,33
LE113SZ,40,20,20,17
LE113TA,141,72,69,56
LE113TB,30,16,14,15
LE113TG,273,189,84,0
LE113TH,283,179,104,0
LE113TJ,372,219,153,0
LE113TQ,447,269,178,1
LE113TS,259,122,137,0
LE113TX,253,183,70,0
LE113TY,302,178,124,0
LE113UA,157,75,82,0
LE113UE,377,279,98,0
LE113UG,490,305,185,0
LE113UN,359,224,135,0
LE113UQ,383,247,136,0
LE113US,681,388,293,2
LE113XA,1,1,0,1
LE113YA,31,18,13,13
LE113YB,87,42,45,40
LE113YD,87,45,42,37
LE113YE,84,36,48,22
LE113YF,2,1,1,1
LE113YG,47,26,21,13
LE113YQ,22,11,11,10
LE114AJ,82,47,35,26
LE114AN,24,13,11,11
LE114BF,13,7,6,5
LE114BP,51,27,24,20
LE114BU,60,31,29,22
LE114BZ,26,10,16,8
LE114DD,40,19,21,14
LE114EJ,91,44,47,33
LE114EL,38,21,17,21
LE114EN,26,11,15,13
LE114EP,29,15,14,16
LE114EQ,34,17,17,13
LE114ER,89,51,38,44
LE114ES,41,22,19,12
LE114ET,124,65,59,50
LE114EU,177,94,83,55
LE114EW,27,15,12,15
LE114EX,75,42,33,19
LE114FA,107,49,58,38
LE114FB,7,3,4,2
LE114FN,21,10,11,9
LE114FP,16,6,10,6
LE114FQ,76,36,40,31
LE114FR,93,45,48,30
LE114FS,33,21,12,10
LE114FT,32,16,16,13
LE114FU,40,23,17,15
LE114FW,3,0,3,3
LE114FX,66,32,34,22
LE114FY,28,14,14,10
LE114FZ,43,22,21,13
LE114HD,52,12,40,39
LE114JL,117,66,51,36
LE114JP,93,41,52,37
LE114JS,84,27,57,31
LE114JT,117,57,60,44
LE114JX,53,22,31,29
LE114LA,44,29,15,38
LE114LE,114,57,57,41
LE114LF,112,54,58,65
LE114LG,54,27,27,18
LE114LH,11,5,6,6
LE114LJ,69,38,31,33
LE114LL,91,48,43,46
LE114LN,71,29,42,58
LE114LP,43,15,28,11
LE114LQ,88,45,43,28
LE114LT,58,26,32,26
LE114LU,38,18,20,17
LE114LW,47,16,31,39
LE114LZ,87,51,36,30
LE114NA,43,19,24,19
LE114ND,69,32,37,45
LE114NE,60,31,29,36
LE114NJ,77,42,35,27
LE114NP,100,53,47,75
LE114NR,17,8,9,8
LE114NS,92,45,47,42
LE114NT,24,14,10,8
LE114NU,99,50,49,37
LE114NW,28,13,15,13
LE114NX,108,56,52,46
LE114NY,110,55,55,37
LE114NZ,89,48,41,32
LE114PA,126,60,66,41
LE114PB,98,57,41,35
LE114PD,56,24,32,22
LE114PE,77,43,34,31
LE114PF,131,79,52,45
LE114PG,84,42,42,44
LE114PJ,57,25,32,24
LE114PL,150,71,79,51
LE114PN,89,47,42,28
LE114PP,31,12,19,25
LE114PQ,118,66,52,43
LE114PR,67,32,35,32
LE114PS,62,34,28,30
LE114PU,46,24,22,15
LE114PW,149,74,75,51
LE114PX,93,48,45,34
LE114PY,130,74,56,49
LE114PZ,152,87,65,60
LE114QA,84,50,34,43
LE114QB,51,24,27,19
LE114QD,86,54,32,29
LE114QE,38,17,21,17
LE114QF,181,91,90,62
LE114QG,134,76,58,47
LE114QH,79,42,37,25
LE114QJ,69,37,32,20
LE114QL,61,37,24,29
LE114QP,15,9,6,3
LE114QT,149,74,75,63
LE114QU,157,80,77,59
LE114QW,78,42,36,28
LE114QX,35,17,18,14
LE114RL,85,26,59,40
LE114RW,77,33,44,42
LE114SA,26,13,13,12
LE114SD,105,54,51,36
LE114SE,76,42,34,30
LE114SG,64,30,34,28
LE114SH,11,6,5,6
LE114SJ,68,35,33,26
LE114SL,57,31,26,23
LE114SN,50,26,24,18
LE114SP,57,31,26,20
LE114SQ,25,12,13,1
LE114SR,69,38,31,25
LE114SS,56,33,23,20
LE114SU,108,57,51,40
LE114SX,26,13,13,11
LE114SY,72,40,32,26
LE114SZ,26,16,10,9
LE114TA,30,14,16,13
LE114TB,32,14,18,11
LE114TD,128,62,66,55
LE114TE,140,67,73,53
LE114TF,12,5,7,6
LE114TG,39,21,18,13
LE114TH,72,37,35,29
LE114TJ,27,14,13,15
LE114TL,116,58,58,44
LE114TN,108,54,54,39
LE114TP,103,50,53,54
LE114TQ,54,27,27,24
LE114TS,60,34,26,22
LE114TT,31,17,14,7
LE114TU,42,20,22,21
LE114TW,83,42,41,30
LE114TX,12,6,6,6
LE114TY,45,18,27,20
LE114TZ,29,15,14,10
LE114UG,26,12,14,20
LE114UQ,89,46,43,32
LE114UR,32,17,15,11
LE114UY,53,29,24,25
LE114UZ,79,38,41,35
LE114WA,45,23,22,25
LE114WB,104,58,46,56
LE114WD,35,18,17,15
LE114WE,42,23,19,29
LE114WF,64,33,31,36
LE114WG,50,24,26,29
LE114WH,84,44,40,40
LE114WJ,36,16,20,19
LE114WL,17,9,8,10
LE114WQ,18,9,9,14
LE114XA,39,22,17,18
LE115AA,10,6,4,5
LE115AB,108,70,38,28
LE115AD,1,1,0,1
LE115AE,54,29,25,16
LE115AG,41,29,12,7
LE115AL,2,2,0,1
LE115AN,98,44,54,65
LE115AP,130,83,47,6
LE115AR,28,16,12,17
LE115AS,41,22,19,0
LE115AT,56,30,26,26
LE115AU,14,10,4,14
LE115AX,59,33,26,23
LE115AZ,12,11,1,3
LE115BA,33,9,24,5
LE115BD,22,9,13,10
LE115BE,34,13,21,15
LE115BF,43,21,22,17
LE115BN,59,33,26,28
LE115BX,42,25,17,24
LE115BZ,39,19,20,12
LE115DA,1,0,1,1
LE115DB,26,10,16,12
LE115DE,110,74,36,34
LE115DG,122,61,61,32
LE115DH,120,69,51,41
LE115DJ,10,5,5,5
LE115DL,112,66,46,36
LE115DN,122,66,56,34
LE115DP,124,68,56,45
LE115DQ,58,32,26,22
LE115DR,73,34,39,25
LE115DS,103,60,43,33
LE115DT,126,80,46,45
LE115DU,133,74,59,54
LE115DW,147,65,82,41
LE115DX,69,51,18,23
LE115DY,29,18,11,14
LE115EA,21,11,10,5
LE115EB,156,94,62,60
LE115ED,98,56,42,35
LE115EE,46,21,25,19
LE115EF,54,29,25,19
LE115EG,68,32,36,29
LE115EH,137,80,57,34
LE115EJ,91,45,46,28
LE115EL,67,36,31,26
LE115EN,37,19,18,13
LE115EP,64,31,33,27
LE115EQ,79,45,34,20
LE115ER,50,28,22,20
LE115ET,46,26,20,14
LE115EU,20,9,11,10
LE115EW,13,8,5,7
LE115EX,56,30,26,20
LE115EY,20,10,10,9
LE115EZ,33,16,17,12
LE115FA,34,19,15,13
LE115FB,45,22,23,18
LE115FD,46,23,23,22
LE115FE,99,54,45,40
LE115FF,35,17,18,14
LE115FG,51,25,26,18
LE115FH,25,14,11,12
LE115FJ,8,4,4,2
LE115GU,3,1,2,1
LE115GX,4,2,2,1
LE115HA,48,25,23,20
LE115HB,111,58,53,47
LE115HD,51,28,23,20
LE115HE,46,27,19,13
LE115HH,33,17,16,18
LE115HJ,69,41,28,23
LE115HL,74,44,30,27
LE115HQ,26,9,17,6
LE115HS,75,40,35,28
LE115HT,62,34,28,26
LE115HU,78,32,46,33
LE115HX,61,30,31,31
LE115HY,104,48,56,44
LE115HZ,82,37,45,37
LE115JD,1,1,0,1
LE115JE,82,43,39,24
LE115JG,59,27,32,23
LE115JH,54,27,27,18
LE115JJ,108,52,56,39
LE115JL,63,31,32,17
LE115JN,116,54,62,49
LE115JQ,76,39,37,22
LE115JR,126,59,67,45
LE115JS,33,18,15,11
LE115JU,60,26,34,29
LE115JW,94,53,41,39
LE115JY,10,7,3,0
LE115JZ,98,52,46,38
LE115LA,7,4,3,4
LE115LB,60,24,36,39
LE115LD,48,19,29,17
LE115LR,108,62,46,36
LE115LS,71,38,33,23
LE115LX,98,40,58,36
LE115LY,102,52,50,37
LE115NA,20,8,12,13
LE115NB,79,35,44,45
LE115NF,82,31,51,39
LE115NG,88,40,48,32
LE115NH,71,37,34,27
LE115NL,63,36,27,24
LE115NN,68,32,36,25
LE115NQ,77,37,40,36
LE115PT,67,39,28,24
LE115QL,50,21,29,23
LE115QN,79,43,36,30
LE115QQ,49,18,31,24
LE115QY,1,1,0,1
LE115RP,40,16,24,28
LE115RS,43,18,25,15
LE115RT,32,18,14,11
LE115RU,44,19,25,18
LE115RX,16,10,6,10
LE115RY,109,50,59,51
LE115SA,129,61,68,59
LE115SB,100,54,46,48
LE115SE,38,20,18,20
LE115SF,25,12,13,6
LE115UA,130,68,62,80
LE115UB,47,23,24,23
LE115UD,32,17,15,19
LE115UE,166,82,84,90
LE115UF,71,34,37,45
LE115UH,106,54,52,40
LE115UJ,168,84,84,65
LE115UL,50,26,24,16
LE115UN,14,8,6,7
LE115UP,72,32,40,29
LE115UT,29,16,13,10
LE115UU,27,13,14,11
LE115UW,106,50,56,40
LE115UX,29,11,18,9
LE115XB,85,50,35,49
LE115XD,34,16,18,18
LE115XE,74,38,36,44
LE115XF,50,31,19,38
LE115XJ,4,2,2,1
LE115XU,36,19,17,15
LE115XX,39,21,18,13
LE115XY,28,11,17,14
LE115XZ,56,32,24,21
LE115YA,27,12,15,14
LE115YB,28,13,15,10
LE115YD,35,18,17,15
LE115YE,24,14,10,10
LE115YF,35,16,19,12
LE115YG,27,10,17,14
LE115YH,42,21,21,16
LE115YJ,14,7,7,10
LE115YL,45,23,22,15
LE115YN,23,14,9,10
LE115YP,36,16,20,13
LE115YQ,20,6,14,8
LE115YR,44,24,20,19
LE115YS,67,34,33,25
LE115YT,20,11,9,8
LE115YU,128,69,59,54
LE115YW,35,17,18,14
LE115YX,155,82,73,66
LE115YY,135,64,71,52
LE115YZ,156,80,76,69
LE125AA,27,15,12,11
LE125AB,30,15,15,13
LE125AD,54,24,30,19
LE125AE,21,12,9,6
LE125AF,27,13,14,11
LE125AG,47,24,23,21
LE125AH,81,41,40,32
LE125AJ,48,22,26,25
LE125AL,93,47,46,34
LE125AN,112,60,52,41
LE125AP,33,17,16,11
LE125AQ,27,15,12,12
LE125AT,3,1,2,2
LE125AU,44,22,22,16
LE125AW,18,10,8,6
LE125AX,77,35,42,25
LE125AY,27,11,16,9
LE125AZ,13,9,4,8
LE125BA,12,6,6,6
LE125BB,13,7,6,5
LE125BD,19,10,9,11
LE125BE,75,34,41,28
LE125BG,18,7,11,7
LE125BH,9,5,4,4
LE125BW,65,29,36,20
LE125BX,29,14,15,12
LE125BY,5,2,3,4
LE125BZ,22,9,13,14
LE125DA,76,34,42,32
LE125DB,32,13,19,17
LE125DD,30,19,11,14
LE125DF,105,51,54,49
LE125DG,94,48,46,39
LE125DH,13,6,7,6
LE125DJ,70,28,42,29
LE125DL,8,5,3,4
LE125DN,124,58,66,51
LE125DQ,77,46,31,35
LE125DR,23,12,11,10
LE125DS,12,6,6,4
LE125DW,124,62,62,58
LE125DX,11,4,7,5
LE125DY,36,15,21,16
LE125DZ,8,3,5,3
LE125EE,44,20,24,21
LE125EG,2,1,1,1
LE125EH,9,5,4,3
LE125EJ,29,14,15,8
LE125EL,2,2,0,1
LE125EN,8,3,5,4
LE125EP,17,10,7,7
LE125EQ,53,29,24,29
LE125ER,6,4,2,1
LE125EU,13,7,6,6
LE125GB,1,1,0,1
LE125GE,1,1,0,1
LE125HA,119,61,58,48
LE125HB,177,84,93,70
LE125HD,54,20,34,28
LE125HF,10,4,6,4
LE125HH,35,17,18,14
LE125HL,23,10,13,11
LE125HN,76,37,39,42
LE125HP,21,13,8,12
LE125HQ,11,6,5,4
LE125HR,56,30,26,26
LE125HS,53,26,27,22
LE125HT,74,32,42,26
LE125HU,44,26,18,22
LE125HW,111,56,55,58
LE125HX,3,1,2,2
LE125HY,70,34,36,30
LE125HZ,54,26,28,21
LE125JA,80,47,33,29
LE125JB,62,34,28,22
LE125JD,13,7,6,6
LE125JE,98,48,50,44
LE125JF,103,49,54,50
LE125JG,21,12,9,9
LE125JH,66,30,36,28
LE125JJ,12,6,6,6
LE125JL,38,17,21,20
LE125JN,12,9,3,9
LE125JQ,46,22,24,24
LE125JW,16,10,6,7
LE125LA,16,7,9,6
LE125LB,18,10,8,10
LE125LD,25,17,8,11
LE125LE,48,22,26,27
LE125LF,17,8,9,7
LE125LG,19,8,11,8
LE125LH,94,50,44,37
LE125LJ,44,24,20,17
LE125LL,81,38,43,38
LE125LN,66,32,34,32
LE125LP,83,39,44,44
LE125LQ,73,31,42,29
LE125LR,14,4,10,9
LE125LS,8,4,4,4
LE125LT,18,7,11,5
LE125LU,39,13,26,17
LE125LW,23,8,15,12
LE125LX,4,2,2,1
LE125NA,133,59,74,59
LE125NB,25,17,8,8
LE125ND,54,27,27,23
LE125NE,36,18,18,17
LE125NF,50,19,31,29
LE125NG,45,16,29,25
LE125NH,107,54,53,41
LE125NJ,25,15,10,8
LE125NL,28,16,12,13
LE125NN,65,37,28,32
LE125NP,85,46,39,37
LE125NQ,117,60,57,49
LE125NR,12,6,6,6
LE125NS,6,3,3,1
LE125NU,15,8,7,6
LE125NW,47,24,23,21
LE125PA,29,13,16,15
LE125PB,10,5,5,5
LE125PD,58,31,27,19
LE125PE,108,53,55,36
LE125PF,81,38,43,35
LE125PG,7,4,3,2
LE125PH,32,15,17,17
LE125PJ,58,25,33,25
LE125PL,17,8,9,5
LE125PQ,72,38,34,25
LE125PX,19,8,11,4
LE125PY,30,12,18,12
LE125PZ,10,4,6,5
LE125QJ,11,4,7,6
LE125QL,36,18,18,12
LE125QN,10,5,5,4
LE125QW,10,7,3,5
LE125RA,83,41,42,30
LE125RD,581,181,400,1
LE125RE,30,14,16,10
LE125RF,101,47,54,40
LE125RG,11,5,6,4
LE125RJ,18,7,11,6
LE125RL,17,10,7,7
LE125RN,4,2,2,1
LE125RP,25,12,13,8
LE125RQ,99,47,52,36
LE125RW,7,4,3,3
LE125RY,6,3,3,4
LE125SD,12,4,8,6
LE125SE,51,26,25,21
LE125SF,76,32,44,35
LE125SG,12,6,6,3
LE125SH,11,7,4,7
LE125SJ,20,12,8,8
LE125SL,15,6,9,8
LE125SN,95,44,51,33
LE125SP,5,2,3,2
LE125SQ,16,9,7,6
LE125SZ,7,4,3,2
LE125TA,20,10,10,9
LE125TB,81,38,43,36
LE125TD,22,14,8,10
LE125TE,10,4,6,3
LE125TF,6,2,4,3
LE125TG,10,4,6,5
LE125TJ,50,26,24,16
LE125TL,4,3,1,4
LE125TP,8,5,3,4
LE125TQ,28,16,12,12
LE125TR,15,5,10,5
LE125TS,52,28,24,17
LE125TU,25,13,12,7
LE125TW,16,6,10,8
LE125TX,16,8,8,6
LE125TZ,30,18,12,12
LE126AB,15,8,7,5
LE126AD,10,5,5,2
LE126HA,26,13,13,13
LE126HB,38,17,21,16
LE126HD,142,69,73,43
LE126HE,25,16,9,8
LE126HF,16,8,8,6
LE126HG,33,16,17,9
LE126HH,25,13,12,7
LE126HJ,71,40,31,23
LE126HL,26,13,13,8
LE126HN,30,17,13,7
LE126HP,69,37,32,20
LE126HS,6,2,4,3
LE126HW,111,50,61,56
LE126HY,133,59,74,57
LE126HZ,20,9,11,7
LE126JA,116,58,58,48
LE126JB,23,11,12,8
LE126JD,6,4,2,4
LE126JE,8,4,4,4
LE126JF,118,59,59,49
LE126JG,66,36,30,25
LE126JH,23,10,13,8
LE126JJ,15,7,8,8
LE126JL,87,38,49,40
LE126JN,41,18,23,16
LE126JP,114,52,62,47
LE126JR,16,7,9,8
LE126JW,108,51,57,42
LE126JY,31,8,23,29
LE126JZ,8,3,5,4
LE126LA,15,8,7,4
LE126LB,94,47,47,37
LE126LD,51,25,26,18
LE126LE,24,14,10,9
LE126LF,18,9,9,6
LE126LG,15,8,7,6
LE126LH,67,30,37,34
LE126LJ,138,70,68,51
LE126LL,97,47,50,44
LE126LN,73,36,37,30
LE126LP,16,7,9,8
LE126LQ,70,26,44,17
LE126LR,20,10,10,7
LE126LS,40,17,23,15
LE126LT,28,12,16,14
LE126LU,103,44,59,43
LE126LW,14,6,8,7
LE126LX,67,32,35,32
LE126LY,58,28,30,23
LE126LZ,89,42,47,38
LE126NA,9,5,4,5
LE126NB,47,21,26,24
LE126ND,26,11,15,15
LE126NE,6,3,3,3
LE126NF,46,23,23,29
LE126NG,45,21,24,33
LE126NH,26,13,13,12
LE126NJ,92,46,46,47
LE126NL,20,10,10,9
LE126NN,96,46,50,37
LE126NQ,49,24,25,24
LE126NR,66,34,32,26
LE126NS,6,3,3,3
LE126NT,58,29,29,20
LE126NU,45,21,24,17
LE126NW,32,12,20,23
LE126NX,98,46,52,34
LE126PA,70,31,39,33
LE126PB,77,39,38,33
LE126PD,28,11,17,12
LE126PE,75,31,44,31
LE126PF,66,32,34,28
LE126PG,61,32,29,29
LE126PH,39,22,17,23
LE126PJ,33,14,19,14
LE126PL,28,13,15,10
LE126PN,49,25,24,22
LE126PP,89,45,44,37
LE126PQ,119,57,62,47
LE126PR,44,20,24,15
LE126PS,89,40,49,40
LE126PT,52,20,32,28
LE126PU,39,18,21,14
LE126PW,63,36,27,29
LE126PX,93,46,47,38
LE126PY,74,38,36,33
LE126PZ,27,16,11,10
LE126QA,3,2,1,2
LE126QB,33,14,19,16
LE126QD,35,15,20,19
LE126QE,9,4,5,4
LE126QF,9,2,7,8
LE126QG,183,93,90,66
LE126QH,37,17,20,20
LE126QJ,117,56,61,49
LE126QL,49,19,30,24
LE126QN,78,40,38,24
LE126QP,56,29,27,22
LE126QR,104,45,59,34
LE126QS,106,51,55,35
LE126QT,137,73,64,52
LE126QU,98,37,61,38
LE126QW,35,18,17,16
LE126QX,17,9,8,8
LE126RA,11,5,6,3
LE126RD,41,18,23,17
LE126RE,69,38,31,23
LE126RF,11,6,5,5
LE126RG,9,5,4,7
LE126RH,84,40,44,43
LE126RJ,4,1,3,2
LE126RL,10,5,5,5
LE126RN,26,12,14,11
LE126RP,9,4,5,4
LE126RQ,7,4,3,2
LE126RR,31,18,13,10
LE126RS,203,101,102,67
LE126RT,32,15,17,11
LE126RU,49,26,23,22
LE126RW,116,58,58,48
LE126RX,40,21,19,12
LE126RY,92,48,44,28
LE126RZ,63,35,28,22
LE126SA,2,1,1,1
LE126SB,4,3,1,1
LE126SD,28,15,13,13
LE126SE,44,23,21,16
LE126SG,9,3,6,3
LE126SH,12,5,7,3
LE126SJ,20,10,10,6
LE126SL,26,10,16,8
LE126SN,9,4,5,3
LE126SP,3,1,2,3
LE126SQ,17,9,8,5
LE126SR,18,11,7,6
LE126SS,41,22,19,18
LE126ST,49,23,26,21
LE126SU,4,2,2,2
LE126SW,54,29,25,19
LE126SX,41,14,27,15
LE126SY,121,60,61,53
LE126SZ,138,68,70,55
LE126TA,6,3,3,3
LE126TB,10,5,5,6
LE126TD,77,35,42,29
LE126TE,22,13,9,9
LE126TF,34,16,18,19
LE126TH,29,14,15,8
LE126TJ,5,1,4,2
LE126TL,10,5,5,4
LE126TQ,8,3,5,4
LE126TS,38,18,20,20
LE126TT,104,55,49,52
LE126TU,124,61,63,49
LE126TW,13,9,4,3
LE126TX,54,29,25,28
LE126TY,44,24,20,19
LE126TZ,127,59,68,47
LE126UA,58,23,35,20
LE126UB,102,42,60,39
LE126UD,3,1,2,1
LE126UE,23,11,12,9
LE126UF,19,8,11,10
LE126UG,15,5,10,7
LE126UH,27,15,12,12
LE126UJ,25,15,10,11
LE126UL,10,5,5,3
LE126UN,2,1,1,1
LE126UP,5,2,3,2
LE126UQ,56,24,32,26
LE126UR,13,8,5,5
LE126US,17,9,8,8
LE126UT,34,14,20,14
LE126UU,60,27,33,22
LE126UW,37,19,18,15
LE126UX,67,34,33,24
LE126UY,25,12,13,16
LE126UZ,37,21,16,16
LE126XA,21,8,13,7
LE126XB,37,18,19,14
LE126XD,116,56,60,52
LE126XE,60,24,36,20
LE126XF,51,24,27,22
LE126XG,2,1,1,1
LE126XH,58,27,31,21
LE126XJ,17,9,8,7
LE126XN,19,8,11,8
LE126XP,78,42,36,27
LE126XQ,13,6,7,5
LE126XY,14,8,6,6
LE126XZ,30,15,15,12
LE127AA,54,29,25,35
LE127AB,4,2,2,2
LE127AD,19,9,10,9
LE127AE,47,24,23,22
LE127AF,45,23,22,24
LE127AG,21,14,7,15
LE127AH,110,58,52,45
LE127AJ,45,27,18,17
LE127AL,50,30,20,30
LE127AN,11,7,4,5
LE127AP,83,39,44,38
LE127AQ,78,33,45,34
LE127AR,96,42,54,44
LE127AS,8,4,4,5
LE127AT,36,18,18,16
LE127AU,104,54,50,41
LE127AW,28,15,13,12
LE127AX,50,22,28,25
LE127AY,28,14,14,11
LE127AZ,7,3,4,4
LE127BA,47,26,21,26
LE127BB,24,9,15,7
LE127BD,73,21,52,30
LE127BE,34,14,20,3
LE127BF,7,3,4,4
LE127BG,9,3,6,3
LE127BH,65,27,38,24
LE127BJ,11,5,6,6
LE127BL,37,20,17,15
LE127BN,41,21,20,15
LE127BP,30,17,13,12
LE127BR,125,67,58,50
LE127BS,49,20,29,23
LE127BT,62,24,38,42
LE127BU,78,40,38,33
LE127BW,43,23,20,18
LE127BX,24,12,12,11
LE127BY,57,30,27,23
LE127BZ,24,10,14,10
LE127DA,12,6,6,8
LE127DB,71,38,33,28
LE127DD,37,19,18,17
LE127DE,96,49,47,53
LE127DG,9,5,4,5
LE127DH,51,27,24,22
LE127DJ,61,30,31,27
LE127DL,102,48,54,48
LE127DN,31,13,18,23
LE127DR,16,9,7,12
LE127DS,128,67,61,47
LE127DT,103,54,49,44
LE127DU,91,40,51,58
LE127DW,36,14,22,21
LE127DX,135,69,66,55
LE127DY,63,32,31,24
LE127DZ,9,6,3,5
LE127EA,80,41,39,61
LE127EB,7,3,4,4
LE127ED,6,4,2,3
LE127EE,61,35,26,24
LE127EF,14,8,6,6
LE127EG,9,5,4,5
LE127EH,80,42,38,44
LE127EJ,16,9,7,7
LE127EL,73,36,37,35
LE127EN,98,41,57,37
LE127EP,149,78,71,59
LE127EQ,61,31,30,25
LE127ER,152,69,83,56
LE127ES,39,22,17,20
LE127ET,95,47,48,40
LE127EU,98,46,52,36
LE127EW,64,34,30,20
LE127EX,19,9,10,8
LE127EY,32,20,12,12
LE127EZ,75,40,35,27
LE127FE,6,2,4,2
LE127FF,18,10,8,7
LE127FG,177,90,87,66
LE127FH,59,32,27,28
LE127FJ,48,25,23,18
LE127FL,35,18,17,10
LE127FN,71,33,38,27
LE127FP,127,56,71,60
LE127FQ,35,13,22,10
LE127FR,78,35,43,27
LE127FS,16,6,10,7
LE127FT,33,14,19,11
LE127FU,79,44,35,25
LE127FW,25,10,15,11
LE127FX,34,18,16,11
LE127FY,53,26,27,24
LE127FZ,19,11,8,7
LE127GB,63,31,32,30
LE127GD,28,13,15,8
LE127GE,15,8,7,8
LE127GF,96,40,56,39
LE127GG,58,27,31,25
LE127GH,52,26,26,19
LE127GJ,33,13,20,11
LE127GL,21,12,9,9
LE127GN,55,32,23,18
LE127GP,19,10,9,6
LE127GQ,14,5,9,7
LE127GR,89,44,45,32
LE127GS,108,59,49,39
LE127GT,9,3,6,3
LE127GU,1,0,1,1
LE127GY,6,3,3,2
LE127HA,82,37,45,31
LE127HB,39,20,19,18
LE127HD,66,33,33,30
LE127HE,70,36,34,29
LE127HF,78,38,40,30
LE127HG,3,2,1,1
LE127HH,35,18,17,12
LE127HJ,36,17,19,20
LE127HL,10,6,4,6
LE127HN,26,14,12,9
LE127HP,12,6,6,6
LE127HQ,6,4,2,4
LE127HR,20,8,12,8
LE127HS,26,12,14,12
LE127HT,23,12,11,10
LE127HU,102,51,51,39
LE127HW,29,13,16,9
LE127HX,14,8,6,6
LE127HY,87,46,41,34
LE127HZ,48,24,24,26
LE127JA,36,16,20,14
LE127JB,67,32,35,24
LE127JD,69,32,37,23
LE127JE,65,33,32,33
LE127JF,98,50,48,35
LE127JG,62,33,29,27
LE127JH,31,15,16,12
LE127JJ,87,32,55,28
LE127JL,75,31,44,33
LE127JN,132,60,72,43
LE127JP,36,17,19,20
LE127JQ,56,27,29,20
LE127JR,71,34,37,32
LE127JS,98,50,48,37
LE127JT,32,16,16,15
LE127JU,70,34,36,36
LE127JW,66,37,29,32
LE127JX,90,37,53,33
LE127JY,9,5,4,4
LE127JZ,144,71,73,74
LE127LB,22,11,11,7
LE127LD,14,7,7,5
LE127LE,7,2,5,3
LE127LF,38,19,19,20
LE127LG,66,35,31,41
LE127LH,10,5,5,5
LE127LJ,20,9,11,8
LE127LL,8,4,4,3
LE127LN,4,3,1,3
LE127LP,112,53,59,66
LE127LQ,10,3,7,6
LE127LR,117,63,54,51
LE127LT,36,17,19,14
LE127LU,81,43,38,29
LE127LW,122,60,62,51
LE127LX,61,28,33,25
LE127LY,111,50,61,51
LE127LZ,36,15,21,9
LE127NA,74,43,31,35
LE127NB,54,31,23,19
LE127ND,156,76,80,73
LE127NE,6,4,2,4
LE127NF,75,26,49,20
LE127NG,7,2,5,2
LE127NH,82,38,44,25
LE127NJ,24,14,10,7
LE127NL,35,20,15,19
LE127NN,132,70,62,67
LE127NP,21,10,11,6
LE127NQ,24,12,12,8
LE127NR,8,5,3,3
LE127NS,54,26,28,24
LE127NT,123,66,57,55
LE127NU,47,26,21,20
LE127NW,83,31,52,38
LE127NX,61,29,32,25
LE127NY,8,4,4,3
LE127NZ,5,3,2,3
LE127PA,15,7,8,7
LE127PB,36,14,22,16
LE127PD,33,18,15,15
LE127PE,88,41,47,42
LE127PF,133,68,65,54
LE127PG,149,70,79,70
LE127PH,87,49,38,35
LE127PJ,66,31,35,29
LE127PL,49,23,26,22
LE127PN,87,43,44,31
LE127PP,49,23,26,22
LE127PQ,51,27,24,20
LE127PR,67,35,32,31
LE127PS,67,36,31,25
LE127PT,64,30,34,35
LE127PU,95,46,49,36
LE127PW,123,60,63,45
LE127PX,72,40,32,26
LE127PY,27,11,16,10
LE127PZ,93,45,48,36
LE127QA,110,50,60,43
LE127QB,30,15,15,12
LE127QD,28,13,15,14
LE127QE,64,31,33,26
LE127QF,79,40,39,33
LE127QG,68,31,37,23
LE127QH,26,12,14,12
LE127QJ,11,6,5,5
LE127QL,20,9,11,8
LE127QN,27,15,12,12
LE127QP,12,5,7,6
LE127QQ,75,29,46,29
LE127QR,29,16,13,10
LE127QS,10,4,6,5
LE127QT,35,17,18,13
LE127QU,54,23,31,27
LE127QW,38,18,20,18
LE127QX,9,4,5,4
LE127QY,7,4,3,3
LE127QZ,13,6,7,6
LE127RA,66,31,35,27
LE127RB,34,17,17,18
LE127RD,40,15,25,16
LE127RE,67,38,29,32
LE127RF,32,15,17,12
LE127RG,29,11,18,9
LE127RH,70,40,30,32
LE127RJ,46,22,24,19
LE127RL,131,69,62,42
LE127RN,58,27,31,34
LE127RP,63,28,35,26
LE127RQ,86,42,44,43
LE127RR,54,31,23,22
LE127RS,105,48,57,34
LE127RT,140,72,68,46
LE127RU,98,45,53,35
LE127RW,85,40,45,50
LE127RX,29,16,13,14
LE127RY,40,20,20,10
LE127SA,72,37,35,26
LE127SB,72,34,38,25
LE127SD,53,26,27,20
LE127SE,30,15,15,9
LE127SF,28,16,12,14
LE127SG,98,50,48,38
LE127SH,97,51,46,47
LE127SJ,62,27,35,22
LE127SL,19,10,9,8
LE127SN,39,19,20,11
LE127SP,10,6,4,8
LE127SQ,56,29,27,24
LE127SR,26,13,13,14
LE127SS,54,25,29,22
LE127ST,64,33,31,23
LE127SU,22,11,11,9
LE127SW,12,5,7,6
LE127SX,13,8,5,4
LE127SY,15,7,8,6
LE127SZ,71,39,32,32
LE127TA,15,8,7,7
LE127TB,82,38,44,32
LE127TD,86,36,50,34
LE127TE,102,51,51,42
LE127TF,152,73,79,51
LE127TG,175,77,98,85
LE127TH,182,91,91,67
LE127TJ,46,24,22,21
LE127TL,62,28,34,29
LE127TN,47,20,27,18
LE127TP,97,53,44,42
LE127TQ,130,63,67,54
LE127TR,46,24,22,16
LE127TS,82,41,41,32
LE127TW,118,58,60,47
LE127TX,5,2,3,2
LE127TY,11,6,5,5
LE127UD,12,9,3,1
LE127UE,79,33,46,40
LE127UF,4,2,2,2
LE127UG,28,16,12,12
LE127UH,29,15,14,14
LE127UJ,82,44,38,39
LE127UL,20,12,8,8
LE127UN,12,6,6,4
LE127UP,29,13,16,12
LE127UQ,73,39,34,27
LE127UR,24,11,13,12
LE127US,27,14,13,7
LE127UT,46,22,24,21
LE127UU,102,55,47,49
LE127UW,67,31,36,35
LE127UX,32,15,17,16
LE127UY,28,13,15,15
LE127UZ,48,29,19,21
LE127YE,16,8,8,11
LE128AA,64,33,31,23
LE128AB,101,49,52,36
LE128AD,87,40,47,35
LE128AE,14,8,6,6
LE128AF,31,14,17,14
LE128AG,16,9,7,7
LE128AH,119,59,60,46
LE128AJ,59,27,32,25
LE128AL,16,7,9,5
LE128AN,14,7,7,5
LE128AP,13,6,7,5
LE128AQ,36,18,18,14
LE128AR,10,4,6,5
LE128AS,70,32,38,26
LE128AT,85,44,41,35
LE128AU,5,2,3,3
LE128AW,7,3,4,4
LE128AX,33,15,18,12
LE128AY,61,31,30,33
LE128AZ,20,9,11,11
LE128BA,115,55,60,56
LE128BB,59,31,28,28
LE128BD,94,46,48,31
LE128BE,80,34,46,38
LE128BF,44,23,21,13
LE128BG,39,20,19,20
LE128BH,64,30,34,33
LE128BJ,83,40,43,33
LE128BL,31,14,17,13
LE128BN,28,17,11,18
LE128BP,35,17,18,15
LE128BR,13,6,7,6
LE128BS,141,67,74,65
LE128BT,18,11,7,5
LE128BU,21,12,9,11
LE128BW,35,17,18,17
LE128BX,94,43,51,36
LE128BY,73,38,35,29
LE128BZ,27,16,11,11
LE128DA,29,13,16,12
LE128DB,49,23,26,23
LE128DD,30,10,20,23
LE128DE,26,11,15,9
LE128DF,25,14,11,16
LE128DG,4,1,3,3
LE128DH,114,57,57,43
LE128DJ,33,15,18,18
LE128DL,111,57,54,43
LE128DN,63,33,30,25
LE128DP,37,12,25,9
LE128DQ,43,22,21,16
LE128DR,103,46,57,44
LE128DS,18,8,10,13
LE128DT,57,30,27,37
LE128DU,112,64,48,42
LE128DW,43,19,24,26
LE128DX,69,34,35,29
LE128DZ,47,27,20,22
LE128EA,26,17,9,16
LE128EB,29,16,13,12
LE128ED,35,16,19,13
LE128EE,49,26,23,37
LE128EF,23,12,11,14
LE128EG,6,2,4,4
LE128EH,23,14,9,6
LE128EJ,26,12,14,9
LE128EN,7,2,5,4
LE128EP,31,17,14,12
LE128EQ,63,29,34,27
LE128ER,34,18,16,18
LE128ES,22,10,12,15
LE128ET,31,18,13,15
LE128EU,76,34,42,39
LE128EW,49,24,25,21
LE128EX,23,13,10,12
LE128EY,108,53,55,42
LE128EZ,24,11,13,11
LE128FB,22,11,11,7
LE128FD,31,14,17,11
LE128FE,11,6,5,5
LE128FF,35,17,18,17
LE128FG,9,6,3,3
LE128FH,41,18,23,16
LE128FJ,11,5,6,3
LE128FL,11,7,4,6
LE128FN,19,8,11,8
LE128FP,40,21,19,13
LE128FQ,101,54,47,36
LE128FR,13,10,3,10
LE128FS,15,8,7,6
LE128FT,86,40,46,29
LE128FX,36,15,21,11
LE128FY,2,1,1,2
LE128GA,59,15,44,40
LE128GD,34,19,15,14
LE128GF,55,31,24,22
LE128GG,62,30,32,22
LE128GL,58,28,30,22
LE128GN,19,10,9,6
LE128GP,98,43,55,38
LE128GQ,113,54,59,43
LE128GR,43,13,30,22
LE128GS,73,31,42,27
LE128GT,32,16,16,12
LE128GU,5,3,2,1
LE128GW,27,14,13,20
LE128GX,5,3,2,2
LE128GY,11,6,5,4
LE128GZ,19,8,11,10
LE128HA,7,3,4,3
LE128HB,44,21,23,18
LE128HD,66,36,30,27
LE128HE,127,62,65,55
LE128HF,21,6,15,12
LE128HG,17,9,8,6
LE128HH,26,15,11,8
LE128HJ,13,7,6,8
LE128HL,50,23,27,27
LE128HN,14,9,5,6
LE128HP,52,25,27,28
LE128HQ,28,14,14,10
LE128HR,14,8,6,8
LE128HS,53,22,31,30
LE128HT,70,35,35,26
LE128HW,106,58,48,43
LE128HX,48,23,25,16
LE128HY,41,20,21,14
LE128HZ,32,12,20,13
LE128JA,13,6,7,7
LE128JB,78,40,38,30
LE128JD,17,8,9,7
LE128JE,28,15,13,10
LE128JF,56,28,28,26
LE128JG,38,16,22,15
LE128JH,7,2,5,2
LE128JJ,23,13,10,9
LE128JL,5,2,3,1
LE128JN,84,42,42,32
LE128JP,109,55,54,45
LE128JQ,32,12,20,19
LE128JR,23,10,13,9
LE128JS,103,49,54,34
LE128JT,6,2,4,3
LE128JW,13,3,10,11
LE128JX,31,13,18,10
LE128JY,15,7,8,4
LE128JZ,36,15,21,15
LE128LA,19,8,11,11
LE128LE,91,45,46,37
LE128LF,30,14,16,10
LE128LG,82,41,41,36
LE128LH,53,29,24,24
LE128LJ,89,41,48,39
LE128LL,22,9,13,13
LE128LN,76,40,36,30
LE128LP,68,32,36,25
LE128LQ,73,32,41,30
LE128LR,80,37,43,36
LE128LS,70,35,35,37
LE128LT,64,30,34,24
LE128LU,6,3,3,3
LE128LW,93,40,53,36
LE128LY,51,28,23,22
LE128LZ,56,29,27,20
LE128NA,41,21,20,21
LE128NB,70,31,39,24
LE128ND,30,15,15,13
LE128NE,80,43,37,32
LE128NF,120,51,69,42
LE128NG,19,7,12,6
LE128NH,105,48,57,44
LE128NJ,72,35,37,36
LE128NL,57,27,30,32
LE128NN,184,95,89,80
LE128NP,91,46,45,36
LE128NQ,66,32,34,25
LE128NR,20,10,10,9
LE128NS,91,45,46,41
LE128NT,53,24,29,22
LE128NU,39,18,21,18
LE128NW,39,18,21,17
LE128NX,45,21,24,18
LE128NZ,11,4,7,6
LE128PA,111,49,62,45
LE128PB,129,67,62,51
LE128PD,49,18,31,36
LE128PE,33,14,19,10
LE128PF,27,13,14,10
LE128PG,56,27,29,20
LE128PH,44,20,24,17
LE128PJ,126,68,58,53
LE128PL,83,43,40,39
LE128PN,41,22,19,17
LE128PP,6,4,2,4
LE128PQ,16,7,9,6
LE128PR,16,8,8,12
LE128PS,55,26,29,23
LE128PT,59,32,27,20
LE128PU,91,46,45,39
LE128PW,88,39,49,37
LE128PX,58,23,35,32
LE128PY,60,28,32,30
LE128PZ,69,36,33,36
LE128QA,78,37,41,45
LE128QB,10,7,3,4
LE128QD,10,9,1,10
LE128QF,26,13,13,12
LE128QG,19,10,9,8
LE128QH,38,19,19,14
LE128QJ,53,21,32,22
LE128QL,61,28,33,21
LE128QN,18,8,10,8
LE128QP,29,15,14,11
LE128QQ,177,88,89,72
LE128QR,9,4,5,5
LE128QS,20,10,10,8
LE128QT,25,14,11,10
LE128QU,32,17,15,12
LE128QX,51,28,23,18
LE128QY,59,22,37,27
LE128QZ,74,34,40,29
LE128RA,61,31,30,31
LE128RB,2,1,1,1
LE128RD,35,19,16,14
LE128RE,18,7,11,6
LE128RF,76,37,39,34
LE128RG,82,37,45,39
LE128RH,17,10,7,5
LE128RJ,50,25,25,21
LE128RL,40,15,25,15
LE128RN,57,28,29,26
LE128RP,168,82,86,72
LE128RQ,4,2,2,2
LE128RR,123,56,67,59
LE128RS,16,8,8,6
LE128RT,34,19,15,18
LE128RU,12,6,6,4
LE128RW,60,27,33,27
LE128RX,48,24,24,18
LE128RY,56,24,32,29
LE128RZ,72,37,35,36
LE128SA,45,26,19,19
LE128SB,33,14,19,17
LE128SD,46,26,20,19
LE128SE,37,15,22,19
LE128SF,22,9,13,15
LE128SG,35,19,16,17
LE128SH,19,10,9,8
LE128SJ,55,29,26,19
LE128SL,39,20,19,14
LE128SN,22,11,11,8
LE128SP,10,4,6,4
LE128SQ,56,27,29,26
LE128SR,4,3,1,1
LE128SS,57,29,28,35
LE128ST,12,4,8,6
LE128SU,7,3,4,3
LE128SW,9,4,5,5
LE128SX,19,12,7,14
LE128SY,2,1,1,1
LE128TA,8,3,5,2
LE128TB,5,0,5,1
LE128TE,7,3,4,4
LE128TF,10,6,4,4
LE128TG,36,17,19,17
LE128TH,62,31,31,28
LE128TJ,42,21,21,22
LE128TL,37,18,19,11
LE128TN,51,29,22,21
LE128TP,10,6,4,3
LE128TQ,43,24,19,21
LE128TR,68,30,38,24
LE128TS,22,12,10,7
LE128TT,44,22,22,16
LE128TU,16,8,8,7
LE128TW,3,2,1,1
LE128TX,23,10,13,8
LE128TY,11,5,6,6
LE128TZ,51,24,27,22
LE128UA,37,16,21,16
LE128UB,8,6,2,6
LE128UD,10,4,6,4
LE128UE,10,6,4,6
LE128UF,5,3,2,3
LE128UG,62,31,31,24
LE128UJ,43,22,21,15
LE128UL,14,9,5,6
LE128UN,6,2,4,3
LE128UP,39,22,17,13
LE128UQ,59,28,31,23
LE128UR,25,9,16,12
LE128US,8,5,3,3
LE128UT,19,10,9,7
LE128UU,56,26,30,27
LE128UW,28,15,13,12
LE128UX,96,48,48,43
LE128UY,9,6,3,3
LE128UZ,18,10,8,10
LE128WD,358,248,110,12
LE128XA,8,2,6,2
LE128XE,9,5,4,3
LE128XJ,3,1,2,1
LE128XL,74,33,41,30
LE128XN,36,18,18,15
LE128XU,49,24,25,17
LE128XY,81,35,46,32
LE128XZ,14,8,6,4
LE128YA,6,2,4,2
LE128YB,12,5,7,4
LE128YD,42,18,24,13
LE128YF,24,13,11,17
LE128YG,48,22,26,21
LE128YR,53,25,28,22
LE128YS,17,9,8,6
LE129AA,53,28,25,24
LE129AB,36,17,19,17
LE129AD,102,45,57,59
LE129AE,39,19,20,18
LE129AF,75,32,43,31
LE129AG,33,16,17,14
LE129AL,62,32,30,35
LE129AN,48,25,23,22
LE129AP,50,23,27,18
LE129AQ,65,33,32,29
LE129AR,111,55,56,48
LE129AS,11,4,7,7
LE129AT,37,18,19,11
LE129AU,17,9,8,7
LE129AW,33,19,14,15
LE129AX,95,47,48,36
LE129AY,15,7,8,6
LE129AZ,15,9,6,6
LE129BA,73,28,45,33
LE129BB,37,17,20,16
LE129BD,52,27,25,25
LE129BF,19,13,6,4
LE129BG,35,22,13,24
LE129BH,54,26,28,20
LE129BJ,66,33,33,34
LE129BL,105,54,51,43
LE129BN,23,9,14,7
LE129BP,170,78,92,81
LE129BQ,75,35,40,36
LE129BS,71,35,36,23
LE129BT,114,57,57,48
LE129BW,79,36,43,38
LE129BX,5,2,3,5
LE129BY,4,2,2,2
LE129BZ,98,42,56,41
LE129DA,85,42,43,41
LE129DD,16,8,8,8
LE129DE,32,16,16,11
LE129DF,136,68,68,49
LE129DG,99,59,40,41
LE129DH,78,43,35,29
LE129DL,26,11,15,11
LE129DN,17,9,8,8
LE129DP,35,17,18,16
LE129DQ,107,62,45,43
LE129DS,136,69,67,51
LE129DT,60,28,32,30
LE129DU,111,51,60,40
LE129DW,47,23,24,16
LE129DX,45,20,25,17
LE129DY,66,30,36,32
LE129DZ,79,30,49,46
LE129EA,90,46,44,46
LE129EB,26,13,13,9
LE129ED,43,18,25,14
LE129EE,28,15,13,11
LE129EF,20,11,9,6
LE129EH,160,79,81,61
LE129EJ,79,39,40,32
LE129EL,78,39,39,36
LE129EP,75,35,40,31
LE129ER,77,35,42,35
LE129ES,47,27,20,15
LE129ET,9,6,3,5
LE129EU,6,4,2,4
LE129EW,18,7,11,8
LE129EX,71,35,36,29
LE129EY,5,2,3,2
LE129EZ,22,10,12,7
LE129FB,28,12,16,7
LE129FD,26,13,13,11
LE129FE,5,2,3,2
LE129FF,10,6,4,5
LE129FG,5,2,3,3
LE129FH,10,6,4,3
LE129FU,11,7,4,4
LE129GD,3,1,2,2
LE129GY,5,2,3,3
LE129GZ,16,5,11,8
LE129HA,49,28,21,30
LE129HB,21,12,9,16
LE129HD,59,28,31,27
LE129HE,47,21,26,25
LE129HF,24,13,11,12
LE129HG,63,33,30,30
LE129HH,35,23,12,14
LE129HJ,101,52,49,31
LE129HL,47,21,26,23
LE129HN,89,38,51,37
LE129HP,65,36,29,20
LE129HQ,45,21,24,27
LE129HR,19,8,11,10
LE129HS,99,47,52,44
LE129HT,89,43,46,37
LE129HU,88,51,37,32
LE129HW,108,58,50,44
LE129HX,31,16,15,15
LE129HY,70,40,30,37
LE129HZ,82,36,46,31
LE129JA,49,21,28,24
LE129JB,118,53,65,41
LE129JD,96,51,45,39
LE129JE,50,22,28,22
LE129JF,137,63,74,51
LE129JG,156,77,79,25
LE129JH,11,5,6,7
LE129JL,44,20,24,21
LE129JN,34,21,13,17
LE129JP,34,15,19,15
LE129JQ,26,16,10,12
LE129JR,65,26,39,40
LE129JS,23,11,12,18
LE129JT,14,6,8,7
LE129JU,13,6,7,6
LE129JW,56,23,33,27
LE129JX,30,15,15,12
LE129JY,88,36,52,37
LE129LA,46,18,28,23
LE129LB,28,13,15,16
LE129LD,59,30,29,26
LE129LE,29,13,16,15
LE129LF,96,45,51,30
LE129LG,37,19,18,12
LE129LH,75,39,36,26
LE129LJ,103,47,56,39
LE129LL,80,40,40,35
LE129LN,35,13,22,22
LE129LP,70,32,38,27
LE129LQ,105,50,55,43
LE129LR,10,5,5,5
LE129LS,52,24,28,28
LE129LT,65,28,37,27
LE129LU,17,7,10,8
LE129LW,40,18,22,31
LE129LX,107,45,62,43
LE129LY,108,33,75,23
LE129LZ,55,24,31,20
LE129NA,14,8,6,7
LE129NB,99,51,48,40
LE129ND,78,41,37,32
LE129NE,51,30,21,23
LE129NF,68,33,35,28
LE129NG,63,36,27,24
LE129NJ,21,16,5,0
LE129NL,103,56,47,49
LE129NN,37,18,19,12
LE129NP,67,35,32,30
LE129NQ,68,30,38,26
LE129NR,48,22,26,18
LE129NS,37,18,19,15
LE129NT,29,13,16,16
LE129NU,80,43,37,35
LE129NW,60,31,29,23
LE129NX,69,34,35,36
LE129NY,75,39,36,29
LE129PA,80,39,41,37
LE129PB,52,27,25,24
LE129PD,103,43,60,34
LE129PF,34,11,23,30
LE129PG,116,61,55,45
LE129PH,50,26,24,17
LE129PJ,47,26,21,18
LE129PL,52,26,26,21
LE129PN,209,112,97,82
LE129PP,232,121,111,92
LE129PQ,50,25,25,21
LE129PR,54,28,26,19
LE129PS,17,7,10,5
LE129PT,37,17,20,15
LE129PU,95,49,46,49
LE129PW,54,25,29,22
LE129PX,96,54,42,43
LE129PY,45,25,20,21
LE129PZ,9,3,6,4
LE129QB,33,18,15,15
LE129QE,13,7,6,8
LE129QF,33,11,22,7
LE129QH,54,25,29,27
LE129QJ,96,50,46,28
LE129QL,50,30,20,24
LE129QN,117,57,60,49
LE129QP,67,35,32,28
LE129QQ,172,81,91,92
LE129QR,38,20,18,17
LE129QS,10,5,5,6
LE129QU,12,3,9,5
LE129QW,51,24,27,22
LE129QY,73,35,38,55
LE129RA,83,37,46,37
LE129RB,102,50,52,41
LE129RD,22,12,10,10
LE129RE,28,13,15,13
LE129RF,50,29,21,20
LE129RG,105,59,46,62
LE129RH,58,32,26,24
LE129RJ,4,0,4,3
LE129RL,19,11,8,9
LE129RN,26,13,13,14
LE129RP,126,63,63,57
LE129RQ,33,18,15,12
LE129RR,35,14,21,16
LE129RS,87,42,45,39
LE129RT,7,4,3,4
LE129RU,38,19,19,17
LE129RW,33,17,16,13
LE129RX,65,31,34,32
LE129RY,74,37,37,29
LE129RZ,28,20,8,23
LE129SA,70,32,38,37
LE129SB,64,27,37,32
LE129SD,40,20,20,19
LE129SE,67,28,39,23
LE129SF,66,32,34,30
LE129SG,94,49,45,45
LE129SH,96,43,53,36
LE129SJ,52,28,24,24
LE129SL,138,72,66,51
LE129SN,101,49,52,43
LE129SP,3,1,2,2
LE129SQ,44,23,21,18
LE129SR,42,20,22,19
LE129SS,65,31,34,27
LE129ST,8,6,2,3
LE129SU,6,3,3,2
LE129SW,64,29,35,28
LE129SX,15,8,7,6
LE129SY,60,29,31,21
LE129SZ,48,25,23,19
LE129TA,144,73,71,63
LE129TB,9,5,4,3
LE129TD,9,6,3,3
LE129TE,8,3,5,3
LE129TF,66,32,34,29
LE129TG,48,25,23,15
LE129TH,31,14,17,16
LE129TJ,16,8,8,5
LE129TL,9,5,4,4
LE129TN,9,5,4,5
LE129TP,97,50,47,37
LE129TQ,76,42,34,22
LE129TR,19,11,8,9
LE129TS,34,19,15,17
LE129TT,37,17,20,20
LE129TU,67,32,35,24
LE129TW,5,3,2,4
LE129TX,15,6,9,7
LE129TY,102,46,56,43
LE129TZ,30,13,17,12
LE129UA,38,20,18,15
LE129UB,136,67,69,56
LE129UD,15,6,9,10
LE129UE,12,6,6,4
LE129UF,39,18,21,14
LE129UG,65,32,33,27
LE129UH,19,10,9,9
LE129UJ,40,18,22,18
LE129UL,13,5,8,5
LE129UN,28,17,11,12
LE129UP,44,18,26,18
LE129UQ,43,21,22,27
LE129UR,35,16,19,22
LE129US,7,3,4,3
LE129WA,1,1,0,1
LE129XA,80,40,40,34
LE129XB,29,11,18,11
LE129XD,16,9,7,6
LE129XF,15,8,7,5
LE129XG,3,1,2,1
LE129XJ,12,4,8,3
LE129XL,7,3,4,3
LE129XN,2,1,1,1
LE129XP,24,10,14,13
LE129XT,13,7,6,7
LE129YA,2,1,1,1
LE129YB,39,19,20,14
LE129YD,14,10,4,5
LE129YE,39,18,21,16
LE129YF,2,1,1,1
LE130AA,75,37,38,33
LE130AB,50,24,26,19
LE130AD,37,16,21,16
LE130AE,68,30,38,30
LE130AF,35,14,21,24
LE130AG,39,19,20,14
LE130AH,42,21,21,18
LE130AJ,47,23,24,20
LE130AL,107,54,53,37
LE130AN,131,50,81,27
LE130AP,95,43,52,41
LE130AQ,50,23,27,24
LE130AR,80,38,42,36
LE130AS,104,45,59,42
LE130AT,31,13,18,12
LE130AU,153,82,71,63
LE130AW,116,58,58,59
LE130AX,117,62,55,51
LE130AY,106,58,48,70
LE130AZ,54,24,30,22
LE130BA,107,52,55,60
LE130BB,78,37,41,38
LE130BD,49,21,28,20
LE130BE,27,12,15,10
LE130BF,61,30,31,28
LE130BG,51,21,30,20
LE130BH,51,24,27,23
LE130BJ,76,36,40,33
LE130BL,14,6,8,4
LE130BN,22,13,9,10
LE130BP,11,0,11,0
LE130BQ,56,33,23,18
LE130BS,50,27,23,21
LE130BT,28,13,15,11
LE130BU,62,34,28,28
LE130BX,24,10,14,9
LE130BY,53,29,24,20
LE130BZ,136,74,62,50
LE130DA,17,8,9,5
LE130DB,11,4,7,4
LE130DD,11,6,5,6
LE130DE,58,28,30,49
LE130DG,1,1,0,1
LE130DJ,153,71,82,53
LE130DL,127,70,57,44
LE130DN,139,69,70,53
LE130DP,43,21,22,16
LE130DR,118,56,62,47
LE130DS,88,45,43,38
LE130DT,44,23,21,18
LE130DU,112,54,58,40
LE130DW,61,27,34,21
LE130DX,72,37,35,25
LE130DY,23,12,11,12
LE130DZ,25,9,16,20
LE130EA,44,20,24,17
LE130EB,27,10,17,8
LE130ED,38,18,20,14
LE130EE,19,10,9,11
LE130EF,54,24,30,22
LE130EG,40,24,16,18
LE130EH,103,52,51,37
LE130EJ,81,43,38,38
LE130EL,44,23,21,16
LE130EN,86,46,40,36
LE130EP,72,36,36,27
LE130EQ,36,19,17,16
LE130ER,65,36,29,18
LE130ES,16,5,11,11
LE130ET,18,7,11,7
LE130EU,68,39,29,24
LE130EW,154,77,77,65
LE130EX,48,26,22,19
LE130EY,74,32,42,36
LE130EZ,33,17,16,14
LE130FD,15,8,7,6
LE130FE,28,15,13,11
LE130FF,27,14,13,12
LE130FG,36,17,19,18
LE130FH,30,16,14,9
LE130FJ,39,21,18,13
LE130FL,30,15,15,13
LE130FP,116,60,56,41
LE130FQ,26,12,14,11
LE130FR,21,12,9,6
LE130FS,13,6,7,5
LE130FT,36,16,20,16
LE130FU,88,44,44,37
LE130FW,102,51,51,44
LE130FX,52,26,26,21
LE130FY,53,25,28,20
LE130FZ,47,23,24,16
LE130GB,41,17,24,14
LE130GE,165,75,90,66
LE130GG,37,15,22,14
LE130GH,59,27,32,31
LE130GJ,17,8,9,10
LE130GL,65,34,31,33
LE130GN,11,6,5,3
LE130HA,125,66,59,56
LE130HB,6,4,2,4
LE130HD,22,9,13,8
LE130HE,31,17,14,14
LE130HF,126,59,67,54
LE130HG,55,26,29,28
LE130HH,10,2,8,7
LE130HL,22,15,7,17
LE130HN,41,21,20,21
LE130HP,63,33,30,19
LE130HQ,36,18,18,19
LE130HR,53,38,15,27
LE130HS,47,21,26,16
LE130HT,13,7,6,7
LE130HU,72,36,36,31
LE130HW,81,39,42,32
LE130HX,97,57,40,18
LE130HY,36,18,18,13
LE130HZ,62,30,32,36
LE130JA,35,17,18,12
LE130JB,14,7,7,12
LE130JD,58,30,28,35
LE130JE,40,18,22,17
LE130JF,8,4,4,4
LE130JG,21,11,10,9
LE130JH,98,47,51,42
LE130JJ,67,30,37,34
LE130JL,3,2,1,3
LE130JN,12,5,7,9
LE130JP,45,23,22,23
LE130JQ,115,57,58,46
LE130JR,18,9,9,8
LE130JS,41,20,21,19
LE130JT,38,17,21,18
LE130JU,28,10,18,7
LE130JW,22,12,10,9
LE130JX,10,6,4,6
LE130JY,58,22,36,26
LE130JZ,91,49,42,32
LE130LA,91,46,45,37
LE130LB,123,58,65,45
LE130LD,27,13,14,19
LE130LE,132,64,68,48
LE130LF,88,40,48,33
LE130LG,116,58,58,45
LE130LH,107,53,54,42
LE130LJ,88,39,49,32
LE130LL,133,59,74,50
LE130LN,109,50,59,38
LE130LP,39,17,22,22
LE130LQ,59,32,27,21
LE130LS,116,58,58,46
LE130LT,122,61,61,63
LE130LU,106,42,64,45
LE130LW,68,30,38,26
LE130LX,4,2,2,2
LE130LY,20,7,13,14
LE130LZ,13,7,6,6
LE130NA,58,29,29,24
LE130NB,20,12,8,16
LE130ND,68,40,28,32
LE130NE,83,38,45,35
LE130NF,87,47,40,38
LE130NG,31,14,17,13
LE130NH,65,28,37,27
LE130NJ,60,30,30,23
LE130NL,17,8,9,8
LE130NN,61,25,36,32
LE130NP,128,61,67,43
LE130NQ,76,39,37,33
LE130NR,63,32,31,23
LE130NS,91,40,51,41
LE130NT,4,2,2,2
LE130NU,12,3,9,9
LE130NW,88,43,45,51
LE130NX,21,10,11,8
LE130NY,21,10,11,16
LE130NZ,54,22,32,22
LE130PA,66,35,31,26
LE130PD,27,8,19,21
LE130PE,44,24,20,18
LE130PF,31,17,14,13
LE130PG,38,18,20,13
LE130PH,43,24,19,13
LE130PJ,51,26,25,16
LE130PL,15,8,7,10
LE130PN,11,4,7,6
LE130PP,25,15,10,16
LE130PQ,106,52,54,40
LE130PR,7,5,2,6
LE130PT,12,9,3,7
LE130PU,1,1,0,1
LE130PW,15,9,6,6
LE130PX,31,17,14,15
LE130PY,35,17,18,14
LE130QA,39,18,21,15
LE130QB,51,26,25,22
LE130QD,41,22,19,17
LE130QE,81,35,46,30
LE130QF,55,26,29,23
LE130QG,118,60,58,50
LE130QH,48,25,23,20
LE130QJ,83,42,41,35
LE130QN,103,55,48,39
LE130QP,80,37,43,36
LE130QQ,109,51,58,44
LE130QR,81,41,40,29
LE130QS,129,59,70,58
LE130QT,72,39,33,28
LE130QU,66,34,32,23
LE130QW,84,40,44,32
LE130QX,39,21,18,14
LE130QY,70,32,38,29
LE130QZ,71,36,35,33
LE130RA,57,23,34,29
LE130RB,16,8,8,9
LE130RD,56,38,18,7
LE130RE,36,18,18,15
LE130RF,17,9,8,9
LE130RG,4,3,1,2
LE130RJ,38,21,17,14
LE130RW,46,6,40,43
LE130SA,34,16,18,16
LE130SB,57,31,26,29
LE130SD,77,40,37,25
LE130SE,58,28,30,24
LE130SF,98,46,52,36
LE130SG,75,40,35,32
LE130SH,32,15,17,13
LE130SJ,28,14,14,15
LE130SN,29,14,15,15
LE130SP,28,16,12,9
LE130SQ,77,36,41,31
LE130SR,65,35,30,31
LE130SS,45,22,23,19
LE130ST,85,41,44,38
LE130SU,116,59,57,34
LE130SW,26,13,13,7
LE130SX,20,11,9,7
LE130SY,91,45,46,30
LE130SZ,111,48,63,36
LE130TA,80,40,40,29
LE130TB,66,29,37,32
LE130TD,36,17,19,17
LE130TE,26,11,15,15
LE130TF,81,32,49,41
LE130TG,24,10,14,13
LE130TH,9,4,5,5
LE130TJ,86,39,47,40
LE130TL,25,11,14,14
LE130TN,41,19,22,19
LE130TP,3,2,1,2
LE130UE,25,11,14,14
LE130UF,96,51,45,36
LE130UG,46,20,26,22
LE130UH,67,32,35,28
LE130UJ,49,10,39,1
LE130UN,17,9,8,13
LE130UQ,69,37,32,22
LE130UY,29,14,15,11
LE130UZ,55,24,31,19
LE130XW,16,8,8,6
LE131AA,33,18,15,18
LE131AB,92,48,44,38
LE131AD,18,10,8,8
LE131AE,18,10,8,14
LE131AF,31,18,13,9
LE131AH,53,28,25,19
LE131AJ,3,1,2,3
LE131AP,26,16,10,8
LE131AQ,8,5,3,7
LE131AR,39,20,19,19
LE131AX,28,14,14,14
LE131AY,39,19,20,15
LE131BD,81,40,41,32
LE131BE,22,8,14,19
LE131BF,51,24,27,22
LE131BH,2,1,1,1
LE131BJ,45,24,21,25
LE131BL,86,41,45,35
LE131BN,49,26,23,27
LE131BP,89,40,49,36
LE131BS,5,2,3,2
LE131BU,3,1,2,1
LE131BW,55,36,19,23
LE131DD,82,39,43,36
LE131DE,112,53,59,49
LE131DF,43,18,25,19
LE131DG,33,17,16,15
LE131DH,21,11,10,9
LE131DJ,96,47,49,41
LE131DL,137,73,64,48
LE131DN,106,56,50,40
LE131DP,14,8,6,12
LE131DQ,44,24,20,16
LE131DS,76,40,36,33
LE131DT,67,35,32,30
LE131DU,36,15,21,17
LE131DW,34,17,17,24
LE131DX,53,24,29,27
LE131DY,58,28,30,26
LE131DZ,70,36,34,30
LE131EB,62,28,34,21
LE131ED,52,28,24,19
LE131EF,5,3,2,2
LE131EG,27,13,14,9
LE131EH,38,19,19,16
LE131EJ,95,46,49,35
LE131EL,71,34,37,30
LE131EN,134,67,67,55
LE131EP,149,71,78,56
LE131EQ,49,21,28,20
LE131ER,114,56,58,45
LE131ES,73,37,36,29
LE131ET,55,27,28,25
LE131EU,46,23,23,14
LE131EW,68,28,40,29
LE131EX,41,25,16,16
LE131EY,119,50,69,52
LE131EZ,136,75,61,55
LE131FE,19,9,10,7
LE131GY,19,7,12,8
LE131GZ,107,50,57,36
LE131HA,91,48,43,41
LE131HB,57,30,27,24
LE131HD,75,38,37,30
LE131HE,44,23,21,22
LE131HF,31,15,16,19
LE131HG,105,55,50,47
LE131HH,114,63,51,41
LE131HJ,54,27,27,24
LE131HL,34,15,19,14
LE131HN,107,55,52,45
LE131HP,40,19,21,18
LE131HQ,98,48,50,43
LE131HR,73,37,36,27
LE131HS,29,16,13,11
LE131HT,51,25,26,16
LE131HU,143,72,71,47
LE131HW,41,19,22,18
LE131HX,182,86,96,65
LE131HY,69,34,35,27
LE131HZ,88,44,44,41
LE131JB,23,8,15,19
LE131JD,77,39,38,28
LE131JE,3,2,1,2
LE131JF,136,73,63,43
LE131JG,126,54,72,41
LE131JH,153,87,66,69
LE131JJ,47,28,19,19
LE131JN,90,47,43,36
LE131JP,40,21,19,17
LE131JQ,96,50,46,28
LE131JR,30,11,19,14
LE131JS,65,32,33,27
LE131JT,91,43,48,36
LE131JU,48,16,32,35
LE131JW,53,24,29,20
LE131JX,50,25,25,25
LE131JY,47,26,21,28
LE131JZ,120,51,69,46
LE131LA,132,69,63,53
LE131LB,14,7,7,6
LE131LD,50,24,26,21
LE131LE,47,22,25,22
LE131LF,105,41,64,37
LE131LG,76,28,48,29
LE131LJ,90,46,44,39
LE131LL,58,26,32,31
LE131LN,103,47,56,52
LE131LP,35,18,17,11
LE131LR,12,5,7,5
LE131LS,77,31,46,31
LE131LT,54,23,31,19
LE131LU,20,13,7,18
LE131LW,66,34,32,29
LE131LX,30,10,20,29
LE131LY,54,37,17,43
LE131LZ,27,12,15,20
LE131ND,1,0,1,1
LE131NE,62,28,34,46
LE131NG,36,17,19,17
LE131NL,1,1,0,1
LE131NN,6,4,2,4
LE131NU,44,24,20,17
LE131NW,8,5,3,4
LE131NY,58,28,30,25
LE131NZ,20,9,11,7
LE131PB,120,59,61,44
LE131PD,8,3,5,2
LE131PF,31,17,14,11
LE131PL,93,40,53,32
LE131PN,47,25,22,17
LE131PP,103,47,56,37
LE131PR,50,28,22,15
LE131PS,55,31,24,19
LE131PT,72,37,35,57
LE131PU,38,17,21,13
LE131PW,37,20,17,13
LE131PX,62,36,26,26
LE131PY,67,31,36,31
LE131PZ,9,3,6,6
LE131QA,82,37,45,35
LE131QB,83,37,46,40
LE131QD,42,22,20,22
LE131QF,48,27,21,23
LE131QG,88,46,42,45
LE131QH,37,19,18,16
LE131QL,67,30,37,30
LE131QQ,92,51,41,43
LE131QR,25,12,13,17
LE131QS,22,12,10,17
LE131QU,48,21,27,26
LE131QX,77,38,39,31
LE131QZ,93,49,44,36
LE131RB,13,8,5,5
LE131RD,77,42,35,30
LE131RH,67,31,36,14
LE131RJ,23,11,12,14
LE131RP,116,56,60,48
LE131RR,11,5,6,6
LE131RT,78,40,38,35
LE131RU,103,50,53,48
LE131RW,28,14,14,12
LE131RX,25,9,16,13
LE131RY,50,21,29,28
LE131RZ,101,44,57,45
LE131SA,59,28,31,28
LE131SB,50,23,27,28
LE131SD,14,8,6,9
LE131SE,86,48,38,42
LE131SF,86,40,46,44
LE131SG,44,22,22,23
LE131SH,49,22,27,19
LE131SN,9,6,3,6
LE131SP,16,7,9,12
LE131SQ,14,4,10,7
LE131SR,21,4,17,19
LE131SS,22,5,17,18
LE131ST,69,31,38,24
LE131SW,17,7,10,13
LE131TA,116,58,58,51
LE131TB,134,72,62,57
LE131TD,64,30,34,29
LE131TE,87,44,43,37
LE131TF,46,21,25,25
LE131TG,75,39,36,35
LE131TH,32,13,19,21
LE131TJ,40,19,21,18
LE131TL,80,41,39,37
LE131TN,26,8,18,14
LE131TP,81,45,36,33
LE131TQ,19,12,7,10
LE131TR,38,17,21,23
LE131TS,38,19,19,16
LE131TT,26,13,13,22
LE131TW,42,18,24,25
LE131TZ,129,64,65,56
LE131UA,12,5,7,4
LE131UB,73,34,39,38
LE131UD,46,24,22,17
LE131UE,30,13,17,13
LE131UF,100,50,50,41
LE131UH,47,23,24,19
LE131UJ,90,47,43,40
LE131UL,59,31,28,24
LE131UN,33,16,17,14
LE131UP,9,5,4,4
LE131UQ,33,17,16,15
LE131UR,42,23,19,24
LE131UT,147,75,72,58
LE131UU,17,9,8,6
LE131UW,24,13,11,11
LE131UX,24,12,12,8
LE131UY,22,11,11,9
LE131UZ,19,10,9,7
LE131XA,3,1,2,3
LE131XB,10,7,3,8
LE131XD,15,6,9,9
LE131XH,16,8,8,9
LE131XJ,38,19,19,20
LE131XL,3,2,1,2
LE131XQ,14,10,4,9
LE142AA,31,18,13,9
LE142AB,26,16,10,11
LE142AD,45,25,20,18
LE142AE,2,1,1,1
LE142AG,81,46,35,39
LE142AH,27,14,13,14
LE142AL,25,13,12,8
LE142AN,39,19,20,18
LE142AP,18,9,9,7
LE142AR,10,4,6,5
LE142AS,31,16,15,10
LE142AU,21,10,11,9
LE142AX,17,8,9,9
LE142AY,34,16,18,16
LE142AZ,36,18,18,19
LE142BA,19,8,11,10
LE142BB,21,7,14,9
LE142BD,23,12,11,9
LE142BE,11,6,5,4
LE142BL,8,5,3,3
LE142BN,2,1,1,1
LE142BP,11,7,4,6
LE142BS,2,1,1,1
LE142BU,8,5,3,6
LE142BW,5,2,3,2
LE142DD,27,16,11,10
LE142DE,21,8,13,10
LE142DF,44,19,25,19
LE142DG,7,2,5,3
LE142DJ,11,6,5,5
LE142DQ,113,55,58,41
LE142DR,9,4,5,3
LE142DT,20,10,10,9
LE142DU,73,45,28,23
LE142DX,18,11,7,15
LE142EA,118,55,63,55
LE142ED,12,6,6,3
LE142EE,8,4,4,4
LE142EH,11,5,6,5
LE142EL,5,3,2,2
LE142EN,67,33,34,34
LE142EP,9,4,5,4
LE142ER,4,2,2,2
LE142ES,6,4,2,3
LE142ET,109,54,55,40
LE142EU,4,2,2,1
LE142EW,63,32,31,24
LE142EX,3,2,1,1
LE142EY,79,44,35,27
LE142EZ,5,2,3,3
LE142HA,79,40,39,29
LE142HB,9,6,3,4
LE142HL,17,10,7,7
LE142HN,26,13,13,12
LE142HP,9,4,5,5
LE142HQ,9,4,5,3
LE142HR,55,29,26,27
LE142HT,14,8,6,7
LE142HU,61,34,27,26
LE142HW,26,16,10,12
LE142HX,15,8,7,6
LE142HY,26,14,12,13
LE142HZ,48,25,23,20
LE142JA,11,8,3,3
LE142JH,7,3,4,5
LE142JJ,23,12,11,10
LE142JL,21,12,9,8
LE142JQ,97,45,52,35
LE142JT,2,1,1,1
LE142JU,36,20,16,16
LE142JX,4,1,3,3
LE142JY,13,6,7,7
LE142JZ,7,3,4,4
LE142LE,3,2,1,1
LE142LJ,19,6,13,0
LE142LL,23,8,15,9
LE142LN,6,3,3,3
LE142LP,110,60,50,45
LE142LQ,17,7,10,11
LE142LU,4,3,1,3
LE142LW,11,8,3,6
LE142NF,43,21,22,18
LE142NG,19,9,10,10
LE142NH,82,39,43,35
LE142NJ,61,30,31,26
LE142NN,48,22,26,21
LE142NP,70,39,31,26
LE142NQ,21,10,11,10
LE142NR,45,17,28,17
LE142NS,5,2,3,1
LE142NT,13,5,8,5
LE142NW,33,18,15,13
LE142PA,24,11,13,9
LE142PB,83,43,40,41
LE142PD,2,1,1,1
LE142PE,3,1,2,1
LE142PG,4,2,2,2
LE142PJ,10,6,4,3
LE142PL,10,5,5,5
LE142PN,11,6,5,7
LE142PP,49,22,27,20
LE142PR,12,8,4,6
LE142PS,27,12,15,14
LE142PT,49,26,23,17
LE142PU,36,17,19,14
LE142PZ,122,61,61,56
LE142QA,2,1,1,2
LE142QB,19,11,8,10
LE142QD,8,5,3,4
LE142QE,8,4,4,4
LE142QF,15,8,7,9
LE142QH,15,10,5,10
LE142QJ,16,7,9,8
LE142QL,12,4,8,7
LE142QN,13,6,7,3
LE142QQ,27,13,14,12
LE142QS,7,4,3,3
LE142QT,57,29,28,31
LE142QU,8,6,2,3
LE142QX,21,12,9,8
LE142QY,3,1,2,2
LE142QZ,22,11,11,10
LE142RA,20,10,10,9
LE142RE,35,16,19,14
LE142RF,4,2,2,1
LE142RG,13,9,4,6
LE142RH,13,5,8,7
LE142RP,38,18,20,16
LE142RR,19,8,11,8
LE142RS,16,11,5,6
LE142RT,6,3,3,3
LE142RU,1,0,1,1
LE142RX,14,8,6,7
LE142RY,31,14,17,14
LE142RZ,5,1,4,3
LE142SA,9,6,3,7
LE142SB,12,8,4,7
LE142SD,4,1,3,2
LE142SF,29,19,10,15
LE142SG,10,5,5,5
LE142SH,8,4,4,4
LE142SJ,19,11,8,10
LE142SL,9,6,3,3
LE142SQ,8,4,4,3
LE142SY,2,1,1,1
LE142TA,6,3,3,2
LE142TB,21,9,12,9
LE142TD,27,15,12,9
LE142TE,43,22,21,22
LE142TG,5,2,3,2
LE142TH,38,19,19,14
LE142TJ,13,6,7,6
LE142TL,7,3,4,2
LE142TN,13,6,7,4
LE142TP,41,22,19,15
LE142TQ,38,19,19,17
LE142TR,29,14,15,9
LE142TS,9,5,4,4
LE142TT,14,7,7,7
LE142TU,4,2,2,2
LE142TW,7,4,3,2
LE142UB,24,14,10,10
LE142UF,5,2,3,3
LE142UG,16,10,6,7
LE142UH,86,38,48,36
LE142UL,18,9,9,6
LE142UN,43,22,21,20
LE142UP,30,15,15,12
LE142UQ,15,7,8,8
LE142UR,42,20,22,21
LE142UT,45,20,25,16
LE142UU,112,60,52,46
LE142UW,16,9,7,7
LE142UX,20,12,8,8
LE142UY,3,1,2,2
LE142UZ,19,8,11,7
LE142XA,25,12,13,10
LE142XB,3,2,1,2
LE142XD,12,5,7,6
LE142XE,16,10,6,5
LE142XF,15,9,6,7
LE142XG,6,3,3,3
LE142XJ,17,9,8,6
LE142XL,6,3,3,2
LE142XN,7,3,4,3
LE142XQ,4,2,2,2
LE142XU,14,7,7,6
LE143AA,17,10,7,7
LE143AB,23,13,10,7
LE143AD,9,5,4,3
LE143AE,19,10,9,10
LE143AF,60,28,32,26
LE143AG,17,9,8,6
LE143AH,37,18,19,15
LE143AJ,92,51,41,36
LE143AL,5,2,3,2
LE143AN,1,1,0,1
LE143AP,13,7,6,5
LE143AQ,60,31,29,27
LE143AR,17,10,7,5
LE143AS,3,2,1,1
LE143AT,13,8,5,4
LE143AW,16,7,9,6
LE143AZ,4,3,1,2
LE143BA,40,18,22,20
LE143BB,12,7,5,5
LE143BD,19,12,7,9
LE143BG,32,17,15,9
LE143BH,30,16,14,11
LE143BJ,46,21,25,19
LE143BL,9,4,5,4
LE143BN,16,6,10,9
LE143BQ,94,48,46,33
LE143BX,4,2,2,2
LE143BY,19,10,9,7
LE143BZ,130,59,71,53
LE143DB,16,8,8,5
LE143DD,6,2,4,3
LE143DN,1,0,1,1
LE143DR,34,17,17,17
LE143DS,6,4,2,3
LE143DT,106,53,53,45
LE143DU,10,3,7,6
LE143DW,19,11,8,9
LE143DY,7,3,4,3
LE143EA,37,16,21,12
LE143EB,36,16,20,11
LE143ED,10,3,7,5
LE143EN,52,26,26,21
LE143ES,8,4,4,5
LE143ET,45,21,24,19
LE143EU,7,1,6,3
LE143EW,11,6,5,6
LE143EX,22,11,11,8
LE143EY,6,4,2,4
LE143EZ,28,14,14,10
LE143HA,43,22,21,17
LE143HB,38,19,19,18
LE143HD,63,32,31,27
LE143HF,31,13,18,15
LE143HP,45,21,24,21
LE143HQ,3,1,2,1
LE143HR,10,4,6,3
LE143HS,20,9,11,13
LE143HT,28,13,15,11
LE143HU,8,4,4,3
LE143HW,16,5,11,8
LE143HX,25,9,16,10
LE143HY,38,19,19,13
LE143HZ,1,0,1,1
LE143JA,23,12,11,12
LE143JB,14,7,7,5
LE143JD,14,5,9,5
LE143JE,26,14,12,13
LE143JF,7,3,4,4
LE143JG,2,1,1,1
LE143JH,6,2,4,2
LE143JJ,103,54,49,46
LE143JL,2,1,1,1
LE143JQ,8,3,5,4
LE143JY,29,12,17,15
LE143LA,31,12,19,12
LE143LB,74,29,45,17
LE143LD,31,16,15,10
LE143LE,91,41,50,38
LE143LF,33,16,17,14
LE143LG,55,28,27,22
LE143LH,25,11,14,10
LE143LJ,2,1,1,1
LE143LL,44,28,16,18
LE143LN,25,14,11,11
LE143LP,25,10,15,11
LE143LQ,14,7,7,6
LE143LR,55,25,30,30
LE143LS,5,2,3,4
LE143LT,7,3,4,4
LE143LU,54,29,25,21
LE143LW,10,5,5,4
LE143LX,25,13,12,8
LE143LY,14,8,6,6
LE143LZ,54,22,32,19
LE143NA,12,8,4,4
LE143NB,24,16,8,7
LE143ND,31,17,14,10
LE143NE,25,12,13,10
LE143NH,27,13,14,13
LE143NL,45,25,20,18
LE143PA,6,3,3,3
LE143PB,4,2,2,2
LE143PD,11,6,5,3
LE143PE,26,13,13,11
LE143PF,14,8,6,5
LE143PG,22,7,15,11
LE143PH,27,14,13,6
LE143PJ,13,5,8,5
LE143PL,6,3,3,3
LE143PN,12,7,5,8
LE143PP,29,14,15,12
LE143PQ,49,24,25,17
LE143PR,33,17,16,12
LE143PT,12,5,7,5
LE143QA,38,18,20,16
LE143QB,7,4,3,3
LE143QD,11,6,5,3
LE143QE,47,19,28,20
LE143QF,5,3,2,3
LE143QG,98,49,49,42
LE143QH,91,42,49,45
LE143QL,70,37,33,24
LE143QQ,91,44,47,35
LE143QS,68,36,32,27
LE143QT,53,31,22,22
LE143QU,7,4,3,5
LE143QX,108,51,57,36
LE143QY,36,19,17,18
LE143QZ,71,31,40,30
LE143RA,76,37,39,27
LE143RB,52,25,27,26
LE143RD,10,5,5,4
LE143RF,23,12,11,11
LE143RG,43,22,21,22
LE143RH,25,14,11,8
LE143RS,41,21,20,20
LE143RT,17,9,8,8
LE143RU,15,7,8,8
LE143RW,58,27,31,25
LE143RX,61,32,29,27
LE143RY,94,46,48,44
LE143RZ,75,32,43,34
LE143SA,90,43,47,44
LE143SD,53,24,29,21
LE143SE,12,5,7,6
LE143SF,24,11,13,12
LE143SG,100,48,52,43
LE143SH,49,26,23,22
LE143SJ,34,18,16,16
LE143SL,52,25,27,23
LE143SP,31,16,15,13
LE143SQ,66,32,34,29
LE143SU,59,28,31,28
LE143SW,45,20,25,18
LE143SY,7,4,3,1
LE143TA,44,23,21,18
LE143TF,24,12,12,10
LE143TG,32,13,19,17
LE143TH,22,12,10,8
LE143TJ,25,13,12,12
LE143TL,8,3,5,2
LE143TN,70,34,36,30
LE143TP,51,26,25,23
LE143TQ,38,17,21,14
LE143TR,5,3,2,2
LE143TS,26,10,16,13
LE143TT,26,11,15,14
LE143TU,80,45,35,35
LE143TW,80,39,41,32
LE143TX,22,13,9,8
LE143TY,60,25,35,26
LE143TZ,23,12,11,11
LE143UA,13,8,5,3
LE143UB,78,44,34,32
LE143UD,33,14,19,14
LE143UE,45,19,26,24
LE143UF,43,20,23,22
LE143UG,52,23,29,30
LE143YA,26,8,18,20
LE143YB,19,8,11,8
LE143YD,5,4,1,3
LE143YE,7,5,2,5
LE143YF,60,23,37,40
LE143YG,99,44,55,51
LE143YH,32,19,13,10
LE143YJ,28,12,16,10
LE143YL,83,39,44,32
LE143YN,87,40,47,38
LE143YP,80,38,42,31
LE143YQ,52,26,26,20
LE143YR,59,27,32,27
LE143YS,12,3,9,9
LE143YT,33,16,17,13
LE143YU,6,2,4,1
LE143YW,26,11,15,18
LE144AB,24,12,12,8
LE144AD,48,22,26,24
LE144AE,19,8,11,10
LE144AF,2,1,1,1
LE144AG,67,30,37,25
LE144AH,183,86,97,82
LE144AJ,203,95,108,70
LE144AL,65,34,31,23
LE144AN,5,2,3,1
LE144AP,14,8,6,7
LE144AR,11,4,7,5
LE144AS,57,28,29,20
LE144AT,49,25,24,26
LE144AU,23,11,12,7
LE144AW,23,10,13,14
LE144AX,23,9,14,9
LE144AY,24,11,13,10
LE144BA,132,72,60,55
LE144BB,33,16,17,11
LE144BD,42,21,21,23
LE144BE,42,19,23,20
LE144BG,29,14,15,15
LE144BJ,12,8,4,3
LE144BL,37,19,18,21
LE144BN,87,45,42,36
LE144BP,3,2,1,2
LE144BQ,30,17,13,16
LE144BS,31,19,12,15
LE144BT,6,3,3,4
LE144BU,36,20,16,13
LE144BW,18,10,8,7
LE144BX,53,23,30,21
LE144BY,11,6,5,4
LE144BZ,90,45,45,33
LE144DA,136,70,66,51
LE144DB,22,11,11,9
LE144DD,45,21,24,19
LE144DE,9,4,5,7
LE144DF,28,12,16,12
LE144DJ,6,3,3,3
LE144DL,84,39,45,40
LE144DN,21,11,10,6
LE144DP,11,4,7,7
LE144DR,24,15,9,12
LE144DS,53,24,29,24
LE144DT,39,18,21,16
LE144DW,68,30,38,28
LE144DX,16,8,8,8
LE144DY,41,22,19,17
LE144DZ,10,6,4,4
LE144EB,88,44,44,32
LE144ED,53,26,27,17
LE144EE,18,5,13,6
LE144EF,17,8,9,6
LE144EH,60,29,31,26
LE144EJ,34,15,19,16
LE144EL,13,3,10,7
LE144EN,36,15,21,15
LE144EP,8,2,6,2
LE144ER,9,5,4,4
LE144ET,5,2,3,1
LE144EW,8,5,3,3
LE144EX,2,1,1,2
LE144EY,27,13,14,12
LE144EZ,73,33,40,26
LE144GW,11,4,7,4
LE144HA,12,6,6,5
LE144HB,44,24,20,19
LE144HE,43,20,23,15
LE144HF,31,15,16,10
LE144HG,16,5,11,7
LE144HH,31,15,16,19
LE144HJ,77,41,36,38
LE144HP,2,1,1,1
LE144HQ,16,8,8,7
LE144HR,12,5,7,3
LE144HS,15,8,7,7
LE144HT,6,2,4,2
LE144HU,11,5,6,6
LE144HW,87,46,41,35
LE144HX,22,8,14,7
LE144HY,9,6,3,5
LE144HZ,13,4,9,4
LE144JA,30,14,16,13
LE144JB,65,27,38,25
LE144JD,17,7,10,7
LE144JE,89,40,49,39
LE144JF,15,9,6,6
LE144JG,75,40,35,34
LE144JH,5,4,1,1
LE144JJ,40,22,18,18
LE144JL,19,11,8,12
LE144JN,13,9,4,3
LE144JP,49,20,29,19
LE144JR,54,31,23,22
LE144JU,27,12,15,10
LE144JW,39,22,17,15
LE144JX,7,5,2,3
LE144LA,10,6,4,4
LE144LB,51,26,25,19
LE144LL,22,11,11,7
LE144LN,93,42,51,41
LE144LP,6,2,4,2
LE144LQ,2,1,1,1
LE144LR,2,1,1,1
LE144NA,22,11,11,10
LE144NB,15,6,9,6
LE144ND,142,69,73,57
LE144NE,5,3,2,3
LE144NF,97,50,47,33
LE144NG,144,72,72,61
LE144NJ,26,12,14,18
LE144NL,12,8,4,4
LE144NN,13,6,7,6
LE144NP,149,70,79,71
LE144NQ,34,14,20,10
LE144NR,81,36,45,34
LE144NU,15,7,8,9
LE144NW,25,11,14,11
LE144NX,41,20,21,20
LE144NY,11,6,5,4
LE144NZ,13,6,7,5
LE144PA,42,19,23,19
LE144PB,21,9,12,6
LE144PD,5,3,2,2
LE144PE,92,51,41,34
LE144PF,6,3,3,2
LE144PH,19,7,12,10
LE144PL,10,6,4,5
LE144PP,8,4,4,2
LE144PQ,13,7,6,5
LE144PR,10,6,4,4
LE144PS,2,1,1,1
LE144PT,37,19,18,14
LE144PW,4,2,2,1
LE144PX,11,6,5,4
LE144PY,15,7,8,7
LE144PZ,19,11,8,6
LE144QA,2,1,1,1
LE144QB,36,16,20,15
LE144QD,18,7,11,6
LE144QE,49,27,22,19
LE144QF,6,4,2,2
LE144QG,29,17,12,11
LE144QH,8,3,5,4
LE144QJ,14,6,8,4
LE144QL,30,14,16,10
LE144QN,4,1,3,1
LE144QP,4,2,2,1
LE144QS,41,23,18,16
LE144QT,4,2,2,1
LE144QU,7,3,4,4
LE144QW,67,38,29,27
LE144QX,33,15,18,16
LE144QY,14,6,8,6
LE144QZ,11,6,5,5
LE144RA,10,4,6,3
LE144RB,38,18,20,16
LE144RE,17,8,9,6
LE144RF,44,24,20,16
LE144RH,17,10,7,6
LE144RL,4,1,3,2
LE144RN,42,20,22,17
LE144RU,57,27,30,26
LE144RX,18,8,10,8
LE144RY,20,9,11,7
LE144RZ,8,5,3,4
LE144SA,2,1,1,1
LE144SB,42,21,21,13
LE144SD,43,21,22,18
LE144SE,7,4,3,3
LE144SF,8,4,4,3
LE144SG,8,4,4,2
LE144SJ,2,1,1,1
LE144SP,10,6,4,5
LE144SQ,17,9,8,5
LE144SR,5,2,3,2
LE144SS,46,24,22,20
LE144ST,6,1,5,4
LE144SU,18,7,11,2
LE144SW,2,1,1,1
LE144SX,6,4,2,2
LE144SY,8,6,2,3
LE144SZ,63,29,34,29
LE144TA,11,6,5,5
LE144UB,60,17,43,14
LE144UD,7,4,3,3
LE144UF,36,16,20,17
LE144UG,9,4,5,3
LE156AA,25,13,12,13
LE156AD,5,3,2,3
LE156AE,8,2,6,7
LE156AF,61,29,32,41
LE156AG,36,15,21,23
LE156AH,9,3,6,8
LE156AJ,2,1,1,1
LE156AL,23,10,13,10
LE156AQ,12,8,4,9
LE156AS,8,4,4,3
LE156AU,29,9,20,17
LE156AX,33,15,18,14
LE156AY,11,5,6,7
LE156AZ,40,12,28,36
LE156BA,30,16,14,19
LE156BB,81,38,43,38
LE156BD,5,3,2,4
LE156BE,85,39,46,38
LE156BF,9,4,5,7
LE156BG,46,20,26,28
LE156BH,6,4,2,2
LE156BJ,37,18,19,14
LE156BL,18,6,12,13
LE156BN,80,39,41,32
LE156BP,20,8,12,11
LE156BQ,46,21,25,30
LE156BS,61,22,39,25
LE156BT,33,20,13,10
LE156BU,67,29,38,29
LE156BW,25,14,11,11
LE156BX,40,19,21,17
LE156BY,23,10,13,9
LE156BZ,27,11,16,1
LE156DA,37,19,18,18
LE156DB,79,39,40,51
LE156DD,86,48,38,45
LE156DG,72,34,38,28
LE156DH,42,18,24,23
LE156DJ,49,26,23,17
LE156DL,74,34,40,26
LE156DP,8,3,5,6
LE156DQ,121,58,63,52
LE156DS,19,10,9,12
LE156DT,42,2,40,1
LE156DY,7,3,4,7
LE156EA,23,9,14,14
LE156EB,52,27,25,24
LE156ED,86,42,44,31
LE156EE,13,7,6,7
LE156EF,13,7,6,4
LE156EG,45,22,23,21
LE156EH,83,37,46,31
LE156EJ,88,42,46,31
LE156EL,60,27,33,24
LE156EP,29,12,17,12
LE156EQ,68,36,32,33
LE156ER,15,8,7,6
LE156ES,91,48,43,38
LE156EW,27,12,15,14
LE156EZ,28,8,20,14
LE156FB,2,1,1,1
LE156FD,119,60,59,44
LE156FE,36,18,18,15
LE156FF,47,25,22,20
LE156FG,27,11,16,18
LE156FH,32,14,18,15
LE156FJ,59,25,34,31
LE156FL,48,22,26,21
LE156FN,52,27,25,21
LE156FP,30,15,15,12
LE156FQ,38,16,22,18
LE156FR,31,19,12,12
LE156FS,23,10,13,9
LE156FU,50,17,33,25
LE156FW,83,41,42,35
LE156FX,30,13,17,12
LE156FY,62,28,34,23
LE156FZ,11,7,4,5
LE156GD,25,14,11,9
LE156GF,99,45,54,38
LE156GG,57,29,28,28
LE156HA,45,18,27,21
LE156HB,17,8,9,5
LE156HD,29,7,22,22
LE156HE,58,29,29,23
LE156HF,36,15,21,19
LE156HG,71,34,37,32
LE156HH,11,5,6,8
LE156HJ,87,44,43,35
LE156HL,29,15,14,13
LE156HN,29,11,18,14
LE156HQ,136,57,79,55
LE156HR,14,5,9,7
LE156HS,17,9,8,8
LE156HT,50,22,28,25
LE156HU,13,6,7,6
LE156HW,17,9,8,5
LE156HY,18,6,12,12
LE156HZ,49,24,25,20
LE156JA,92,43,49,34
LE156JB,21,17,4,4
LE156JD,40,19,21,15
LE156JE,93,42,51,41
LE156JF,8,3,5,3
LE156JG,29,14,15,14
LE156JJ,11,6,5,6
LE156JN,8,4,4,3
LE156JP,47,20,27,20
LE156JQ,20,12,8,7
LE156JR,40,21,19,15
LE156JS,15,8,7,7
LE156JT,19,11,8,8
LE156JW,48,26,22,20
LE156JX,31,8,23,26
LE156JZ,120,55,65,42
LE156LA,97,52,45,36
LE156LB,31,16,15,15
LE156LD,31,18,13,15
LE156LE,32,18,14,18
LE156LF,75,35,40,37
LE156LG,12,4,8,10
LE156LH,72,33,39,28
LE156LJ,58,27,31,30
LE156LL,43,24,19,19
LE156LN,25,15,10,16
LE156LP,76,39,37,34
LE156LQ,41,24,17,17
LE156LR,128,62,66,55
LE156LS,29,15,14,13
LE156LT,127,64,63,53
LE156LU,117,61,56,62
LE156LW,157,82,75,69
LE156LX,92,47,45,41
LE156LY,10,4,6,6
LE156LZ,105,56,49,40
LE156NA,32,15,17,14
LE156NB,34,16,18,13
LE156ND,62,29,33,20
LE156NE,14,6,8,5
LE156NF,96,40,56,37
LE156NG,29,13,16,13
LE156NH,24,11,13,9
LE156NJ,35,18,17,16
LE156NL,9,4,5,7
LE156NN,30,16,14,14
LE156NP,52,30,22,22
LE156NQ,57,28,29,26
LE156NR,42,23,19,18
LE156NS,41,19,22,20
LE156NT,92,46,46,40
LE156NU,102,53,49,41
LE156NW,39,19,20,16
LE156NX,80,34,46,35
LE156PA,75,35,40,26
LE156PB,97,41,56,46
LE156PD,66,35,31,34
LE156PE,120,62,58,46
LE156PF,52,21,31,14
LE156PG,27,15,12,8
LE156PH,68,32,36,33
LE156PJ,66,30,36,32
LE156PL,53,29,24,30
LE156PN,82,38,44,32
LE156PP,24,14,10,10
LE156PQ,43,21,22,15
LE156PR,68,31,37,25
LE156PS,14,6,8,5
LE156PT,18,6,12,10
LE156PU,14,9,5,5
LE156PW,32,14,18,13
LE156PX,35,19,16,13
LE156PY,12,6,6,4
LE156PZ,19,8,11,7
LE156QA,105,49,56,46
LE156QB,21,11,10,9
LE156QD,4,1,3,3
LE156QE,23,11,12,18
LE156QF,5,2,3,1
LE156QG,62,27,35,30
LE156QL,24,13,11,9
LE156QN,350,203,147,0
LE156QP,59,27,32,28
LE156QQ,37,17,20,15
LE156QR,50,22,28,19
LE156QS,50,25,25,22
LE156QT,69,35,34,29
LE156QU,42,19,23,22
LE156QY,8,6,2,5
LE156RD,10,4,6,10
LE156RG,86,40,46,35
LE156RH,10,6,4,7
LE156RJ,30,16,14,12
LE156RL,26,13,13,9
LE156RN,92,50,42,58
LE156RP,86,28,58,24
LE156RQ,49,25,24,22
LE156RT,64,28,36,26
LE156RU,49,26,23,18
LE156RX,66,37,29,29
LE156RY,45,22,23,21
LE156RZ,65,31,34,34
LE156SA,123,54,69,53
LE156SB,31,14,17,20
LE156SD,27,15,12,13
LE156SE,66,36,30,24
LE156SF,16,8,8,8
LE156SG,84,38,46,41
LE156SH,13,7,6,5
LE156SJ,142,80,62,60
LE156SL,162,83,79,70
LE156SN,24,13,11,11
LE156SP,25,9,16,13
LE156SQ,80,38,42,37
LE156SR,14,6,8,9
LE156SS,37,14,23,21
LE156ST,36,17,19,15
LE156SU,35,20,15,12
LE156SW,34,19,15,14
LE156SX,132,68,64,48
LE156SY,63,28,35,23
LE156SZ,100,45,55,40
LE156TA,27,11,16,16
LE156TB,17,8,9,10
LE156UJ,16,8,8,7
LE156UL,18,7,11,8
LE156UN,14,8,6,7
LE156UP,11,5,6,6
LE156UR,22,8,14,12
LE156UW,11,5,6,6
LE157AB,6,2,4,2
LE157AD,5,3,2,2
LE157AE,52,27,25,20
LE157AF,45,23,22,18
LE157AG,8,5,3,2
LE157AH,82,39,43,30
LE157AJ,40,20,20,22
LE157AN,2,1,1,1
LE157AP,27,14,13,10
LE157AQ,74,40,34,28
LE157AR,43,22,21,11
LE157AS,32,15,17,11
LE157AT,27,15,12,10
LE157AU,69,32,37,22
LE157AW,11,5,6,3
LE157AY,18,8,10,7
LE157AZ,13,6,7,4
LE157BB,34,17,17,10
LE157BG,6,4,2,4
LE157BH,19,12,7,6
LE157BL,166,144,22,0
LE157BP,7,3,4,4
LE157BQ,4,3,1,1
LE157BS,6,3,3,3
LE157BT,113,56,57,39
LE157BU,14,7,7,6
LE157BW,13,7,6,6
LE157BX,23,13,10,10
LE157BY,34,15,19,15
LE157BZ,33,15,18,14
LE157DA,14,8,6,4
LE157DB,63,33,30,25
LE157DD,6,4,2,2
LE157DE,23,11,12,8
LE157DF,44,21,23,21
LE157DG,41,20,21,20
LE157DH,67,35,32,32
LE157DJ,52,23,29,19
LE157DL,45,22,23,19
LE157DN,45,21,24,20
LE157DP,33,11,22,15
LE157DQ,16,9,7,7
LE157DR,83,41,42,35
LE157DS,77,37,40,33
LE157DT,43,23,20,17
LE157DU,17,9,8,7
LE157DW,20,9,11,10
LE157DX,22,2,20,21
LE157DY,72,37,35,29
LE157DZ,57,28,29,30
LE157EB,32,16,16,12
LE157EE,65,34,31,24
LE157EG,25,13,12,9
LE157EH,5,2,3,3
LE157EJ,76,39,37,34
LE157EL,45,28,17,28
LE157EN,39,17,22,18
LE157EP,17,9,8,8
LE157EQ,11,5,6,5
LE157ER,33,17,16,11
LE157ES,97,47,50,42
LE157ET,52,24,28,21
LE157EU,121,57,64,48
LE157EW,23,12,11,9
LE157EX,12,7,5,6
LE157EY,100,51,49,37
LE157EZ,38,15,23,17
LE157FB,8,4,4,4
LE157FD,19,7,12,8
LE157FE,16,9,7,5
LE157FG,24,13,11,9
LE157FH,23,13,10,8
LE157FJ,1,1,0,1
LE157FL,6,3,3,3
LE157FQ,4,2,2,2
LE157FX,13,6,7,9
LE157FZ,4,2,2,1
LE157GE,4,3,1,1
LE157GF,9,6,3,3
LE157GJ,17,8,9,7
LE157GN,6,3,3,3
LE157GP,2,1,1,1
LE157GQ,29,10,19,9
LE157GR,2,0,2,2
LE157GS,7,5,2,4
LE157GY,5,3,2,3
LE157GZ,57,28,29,32
LE157HA,82,42,40,34
LE157HB,16,9,7,6
LE157HD,18,9,9,9
LE157HE,113,50,63,51
LE157HF,72,38,34,28
LE157HG,28,14,14,12
LE157HH,2,1,1,1
LE157HJ,35,18,17,12
LE157HL,35,17,18,15
LE157HN,56,29,27,27
LE157HP,89,43,46,39
LE157HQ,4,2,2,2
LE157HR,41,19,22,19
LE157HS,5,2,3,3
LE157HT,12,6,6,6
LE157HU,32,13,19,16
LE157HW,11,6,5,5
LE157HX,12,5,7,7
LE157HY,45,21,24,27
LE157HZ,15,9,6,7
LE157JB,10,4,6,2
LE157JD,5,2,3,1
LE157JE,133,63,70,56
LE157JF,5,3,2,3
LE157JG,61,23,38,25
LE157JH,26,11,15,12
LE157JJ,43,20,23,17
LE157JL,67,32,35,29
LE157JN,91,45,46,35
LE157JP,39,17,22,17
LE157JQ,37,18,19,17
LE157JR,25,11,14,10
LE157JS,95,47,48,41
LE157JT,6,2,4,3
LE157JU,15,6,9,8
LE157JW,27,16,11,7
LE157JX,15,7,8,7
LE157JY,25,14,11,10
LE157JZ,61,26,35,26
LE157LB,11,5,6,3
LE157LD,9,5,4,2
LE157LE,13,5,8,6
LE157LG,85,45,40,43
LE157LH,15,8,7,8
LE157LJ,43,24,19,17
LE157LL,10,3,7,5
LE157LN,48,24,24,16
LE157LP,12,7,5,5
LE157LQ,18,10,8,11
LE157LR,5,2,3,3
LE157LS,40,22,18,16
LE157LT,31,18,13,12
LE157LU,1,1,0,1
LE157LW,20,11,9,10
LE157LX,10,4,6,5
LE157LY,3,1,2,1
LE157LZ,37,19,18,13
LE157NA,5,1,4,2
LE157NB,12,7,5,6
LE157ND,60,29,31,20
LE157NE,16,7,9,7
LE157NF,85,41,44,33
LE157NG,62,26,36,27
LE157NH,23,13,10,12
LE157NJ,80,40,40,35
LE157NL,46,22,24,22
LE157NN,31,18,13,14
LE157NP,62,33,29,22
LE157NQ,18,10,8,7
LE157NR,12,4,8,3
LE157NS,10,6,4,4
LE157NT,14,6,8,7
LE157NW,43,13,30,10
LE157NX,20,8,12,7
LE157NY,13,6,7,5
LE157NZ,125,54,71,48
LE157PB,79,38,41,32
LE157PD,3,1,2,2
LE157PE,71,39,32,35
LE157PF,5,3,2,2
LE157PG,9,4,5,3
LE157PH,29,12,17,15
LE157PJ,13,6,7,7
LE157PL,178,89,89,55
LE157PN,20,9,11,9
LE157PP,103,47,56,47
LE157PQ,30,12,18,14
LE157PR,2,1,1,1
LE157PS,13,7,6,5
LE157PT,10,5,5,5
LE157PU,22,11,11,9
LE157PW,31,12,19,16
LE157PX,20,11,9,9
LE157PY,20,11,9,8
LE157PZ,7,4,3,3
LE157QA,47,25,22,27
LE157QB,6,3,3,3
LE157QD,6,3,3,2
LE157QE,5,2,3,2
LE157QF,7,5,2,3
LE157QG,9,6,3,3
LE157QH,4,2,2,2
LE157QJ,10,7,3,5
LE157QN,9,4,5,5
LE157QP,64,39,25,36
LE157QQ,26,14,12,13
LE157QR,8,3,5,3
LE157QS,20,13,7,9
LE157QT,30,17,13,6
LE157QU,7,3,4,3
LE157QW,12,6,6,4
LE157QY,6,4,2,3
LE157QZ,32,15,17,15
LE157RA,41,19,22,16
LE157RB,14,7,7,5
LE157RD,831,831,0,0
LE157RE,84,45,39,33
LE157RF,11,4,7,4
LE157RG,17,8,9,6
LE157RH,1,1,0,1
LE157RJ,2,2,0,1
LE157RL,36,18,18,12
LE157RN,17,8,9,8
LE157RP,23,12,11,9
LE157RQ,4,2,2,2
LE157RR,27,16,11,10
LE157RS,29,15,14,12
LE157RT,43,22,21,20
LE157RU,6,2,4,2
LE157RW,7,5,2,2
LE157RX,6,3,3,3
LE157RY,13,6,7,7
LE157RZ,1,1,0,1
LE157SA,3,2,1,2
LE157SB,21,11,10,8
LE157SD,45,21,24,17
LE157SE,18,8,10,11
LE157SF,7,4,3,3
LE157SG,5,3,2,3
LE157SH,44,21,23,22
LE157SJ,22,12,10,9
LE157SN,5,2,3,1
LE157SQ,17,8,9,7
LE157SR,9,5,4,3
LE157SS,1,1,0,1
LE157ST,11,5,6,5
LE157SU,32,15,17,17
LE157SX,27,15,12,11
LE157SY,14,7,7,4
LE157SZ,8,4,4,3
LE157TA,11,8,3,7
LE157TB,12,8,4,8
LE158AA,3,2,1,1
LE158AB,31,17,14,5
LE158AD,31,15,16,12
LE158AE,8,4,4,4
LE158AF,22,9,13,9
LE158AG,22,10,12,9
LE158AH,20,10,10,8
LE158AJ,15,7,8,7
LE158AL,61,34,27,29
LE158AN,26,13,13,11
LE158AP,29,12,17,15
LE158AQ,7,4,3,3
LE158AR,5,3,2,4
LE158AS,11,5,6,5
LE158AT,11,6,5,6
LE158AU,23,10,13,10
LE158AW,98,46,52,38
LE158AX,14,7,7,8
LE158AY,15,8,7,6
LE158AZ,44,19,25,19
LE158BA,19,9,10,6
LE158BB,31,18,13,11
LE158BD,26,12,14,8
LE158BE,21,10,11,11
LE158BG,19,6,13,7
LE158BH,28,14,14,15
LE158BJ,9,4,5,3
LE158BL,9,4,5,4
LE158BN,4,2,2,2
LE158BP,4,2,2,2
LE158BQ,27,10,17,11
LE158BS,37,20,17,13
LE158BW,32,16,16,12
LE158BX,13,6,7,6
LE158BY,9,4,5,4
LE158BZ,8,4,4,3
LE158DA,15,10,5,5
LE158DB,9,4,5,4
LE158DD,5,2,3,1
LE158DE,19,10,9,8
LE158DG,15,10,5,6
LE158DH,56,30,26,25
LE158DL,7,5,2,4
LE158DN,14,6,8,7
LE158DP,5,2,3,3
LE158DQ,7,3,4,4
LE158DR,3,1,2,2
LE158DS,20,9,11,6
LE158DT,6,3,3,3
LE158DU,11,5,6,4
LE158DW,2,1,1,1
LE158EA,11,4,7,3
LE158EB,51,26,25,22
LE158ED,20,11,9,7
LE158EE,21,9,12,10
LE158EF,25,12,13,8
LE158EG,10,3,7,5
LE158EH,19,9,10,8
LE158EJ,6,3,3,4
LE158EL,7,4,3,2
LE158EN,19,9,10,8
LE158EP,66,34,32,27
LE158EQ,78,38,40,36
LE158ER,31,16,15,14
LE158ES,22,8,14,8
LE158ET,44,18,26,20
LE158EU,8,6,2,3
LE158EW,20,9,11,8
LE158EX,12,8,4,4
LE158EY,34,18,16,15
LE158EZ,22,8,14,13
LE158FE,8,4,4,3
LE158FF,7,3,4,4
LE158FG,16,10,6,7
LE158FH,19,7,12,8
LE158GA,11,4,7,6
LE158GB,7,4,3,3
LE158HA,8,5,3,5
LE158HB,2,1,1,1
LE158HD,54,29,25,19
LE158HE,15,8,7,8
LE158HF,17,8,9,8
LE158HG,27,12,15,16
LE158HH,29,16,13,8
LE158HL,10,5,5,4
LE158HN,102,51,51,30
LE158HP,80,42,38,38
LE158HQ,67,33,34,26
LE158HR,38,19,19,17
LE158HS,48,23,25,14
LE158HT,23,12,11,7
LE158HU,24,10,14,7
LE158HW,2,1,1,1
LE158HY,32,17,15,8
LE158JA,129,59,70,44
LE158JD,84,40,44,24
LE158JE,105,46,59,36
LE158JF,26,13,13,6
LE158JG,8,3,5,6
LE158JH,49,24,25,20
LE158JJ,12,4,8,6
LE158JL,48,25,23,20
LE158JN,58,26,32,24
LE158JP,11,5,6,3
LE158JR,42,19,23,16
LE158JS,37,18,19,18
LE158JT,28,12,16,9
LE158JU,35,15,20,18
LE158JW,27,17,10,13
LE158JX,18,8,10,10
LE158JY,2,1,1,1
LE158JZ,55,32,23,22
LE158LB,21,8,13,14
LE158LD,17,6,11,11
LE158LE,22,14,8,10
LE158LF,11,6,5,4
LE158LG,7,4,3,5
LE158LH,71,36,35,29
LE158LJ,31,17,14,12
LE158LL,16,7,9,9
LE158LN,13,7,6,5
LE158LP,6,3,3,3
LE158LR,13,8,5,5
LE158LS,42,17,25,19
LE158LT,18,8,10,8
LE158LW,19,11,8,6
LE158LX,63,32,31,25
LE158LY,76,53,23,21
LE158NA,7,3,4,3
LE158ND,13,7,6,5
LE158NE,74,38,36,33
LE158NG,9,5,4,5
LE158NH,30,13,17,12
LE158NJ,21,11,10,8
LE158NL,4,2,2,1
LE158NN,41,21,20,19
LE158NP,47,23,24,20
LE158NQ,35,18,17,16
LE158NR,42,21,21,22
LE158NS,13,9,4,5
LE158NT,36,18,18,19
LE158NU,14,6,8,8
LE158NW,15,6,9,5
LE158NX,37,16,21,19
LE158NY,6,3,3,3
LE158NZ,7,3,4,4
LE158PA,54,29,25,24
LE158PB,8,4,4,4
LE158PD,7,3,4,3
LE158PE,8,3,5,5
LE158PG,7,3,4,3
LE158PH,49,22,27,28
LE158PJ,50,26,24,14
LE158PL,79,36,43,48
LE158PN,29,14,15,17
LE158PP,25,11,14,15
LE158PQ,4,2,2,2
LE158PR,84,42,42,41
LE158PS,65,33,32,29
LE158PT,51,23,28,18
LE158PU,9,2,7,7
LE158PW,65,29,36,29
LE158PX,38,16,22,16
LE158PY,91,48,43,35
LE158PZ,55,26,29,22
LE158QA,7,4,3,2
LE158QB,28,14,14,12
LE158QD,6,4,2,3
LE158QE,12,7,5,6
LE158QF,3,2,1,2
LE158QG,7,2,5,5
LE158QJ,4,2,2,3
LE158QN,18,10,8,8
LE158QP,60,31,29,24
LE158QQ,75,62,13,6
LE158QR,61,30,31,28
LE158QS,36,16,20,17
LE158QT,74,36,38,31
LE158QU,54,25,29,20
LE158QW,5,4,1,2
LE158QX,69,32,37,24
LE158QY,11,7,4,4
LE158QZ,19,10,9,7
LE158RB,15,8,7,6
LE158RE,21,10,11,9
LE158RH,16,9,7,6
LE158RJ,9,4,5,4
LE158RL,336,294,42,0
LE158RN,5,3,2,3
LE158RP,21,10,11,7
LE158RQ,14,4,10,7
LE158RR,12,5,7,7
LE158RS,46,24,22,18
LE158RU,4,2,2,2
LE158RW,24,14,10,13
LE158RX,10,5,5,7
LE158RY,19,9,10,6
LE158RZ,33,17,16,14
LE158SA,65,33,32,28
LE158SB,16,15,1,1
LE158SD,22,13,9,12
LE158SE,48,22,26,22
LE158SP,11,4,7,3
LE158SQ,10,7,3,4
LE158SR,111,43,68,33
LE158SS,4,1,3,2
LE158ST,42,20,22,20
LE158SU,47,23,24,24
LE158SW,21,7,14,13
LE158SX,33,15,18,15
LE158SY,25,11,14,13
LE158SZ,24,14,10,9
LE158TH,83,40,43,31
LE158TJ,35,19,16,15
LE158TL,11,6,5,6
LE158TU,42,19,23,19
LE158TX,18,9,9,10
LE158TY,7,3,4,2
LE158TZ,16,8,8,9
LE158UH,5,2,3,2
LE158UJ,15,6,9,5
LE159AA,14,7,7,5
LE159AB,54,28,26,16
LE159AD,25,10,15,7
LE159AE,40,16,24,15
LE159AF,10,4,6,4
LE159AG,3,2,1,2
LE159AH,7,3,4,3
LE159AJ,4,2,2,1
LE159AL,7,4,3,5
LE159AN,16,9,7,6
LE159AP,26,13,13,12
LE159AQ,9,5,4,3
LE159AR,42,25,17,10
LE159AS,5,3,2,2
LE159AT,8,4,4,3
LE159AU,43,18,25,23
LE159AW,6,5,1,2
LE159AX,15,8,7,7
LE159AY,2,1,1,1
LE159AZ,35,13,22,14
LE159BA,14,4,10,7
LE159BE,4,2,2,1
LE159BF,66,29,37,27
LE159BG,56,28,28,14
LE159BH,8,4,4,3
LE159BJ,4,2,2,2
LE159BN,40,17,23,18
LE159BP,56,27,29,21
LE159BS,18,12,6,10
LE159BT,7,3,4,4
LE159BU,11,5,6,5
LE159BW,7,3,4,5
LE159BX,26,12,14,11
LE159BY,6,3,3,2
LE159DB,9,5,4,4
LE159DD,6,2,4,4
LE159DE,4,2,2,2
LE159DF,4,0,4,4
LE159DG,18,6,12,9
LE159DH,16,6,10,9
LE159DJ,7,5,2,3
LE159DL,10,5,5,4
LE159DN,87,40,47,39
LE159DP,10,5,5,6
LE159DQ,12,4,8,4
LE159DR,8,4,4,4
LE159DS,13,8,5,6
LE159DT,4,2,2,2
LE159DU,10,5,5,4
LE159DW,20,13,7,7
LE159DX,18,10,8,9
LE159DY,45,21,24,19
LE159DZ,23,13,10,9
LE159EB,5,3,2,2
LE159ED,8,4,4,3
LE159EH,9,4,5,3
LE159EJ,10,6,4,4
LE159EL,28,13,15,11
LE159EN,33,15,18,16
LE159EP,40,22,18,17
LE159EQ,11,6,5,5
LE159ER,13,7,6,6
LE159ES,31,15,16,13
LE159ET,2,1,1,1
LE159EU,10,3,7,3
LE159EW,18,8,10,9
LE159EX,10,5,5,5
LE159EY,6,3,3,3
LE159HG,14,5,9,5
LE159HH,3,2,1,2
LE159HJ,11,5,6,5
LE159HL,6,3,3,2
LE159HN,21,12,9,7
LE159HP,10,6,4,3
LE159HQ,4,2,2,2
LE159HR,34,15,19,16
LE159HS,12,6,6,5
LE159HT,11,4,7,4
LE159HU,66,34,32,31
LE159HW,2,1,1,1
LE159HX,8,3,5,4
LE159HY,17,9,8,7
LE159HZ,3,1,2,1
LE159JA,20,9,11,9
LE159JB,8,4,4,4
LE159JD,12,5,7,6
LE159JE,17,8,9,5
LE159JF,13,7,6,6
LE159JG,35,20,15,14
LE159JP,20,11,9,8
LE159JQ,35,18,17,14
LE159JR,3,1,2,3
LE159JS,11,7,4,4
LE159JT,16,8,8,6
LE159JU,37,17,20,15
LE159JX,40,17,23,16
LE159JY,4,2,2,2
LE159JZ,54,27,27,27
LE159LA,32,19,13,11
LE159LB,81,38,43,34
LE159LD,21,7,14,9
LE159LE,17,7,10,6
LE159LF,7,3,4,3
LE159LL,45,24,21,19
LE159LN,27,14,13,12
LE159LP,4,2,2,2
LE159LR,66,29,37,25
LE159LS,67,29,38,29
LE159LT,73,36,37,37
LE159LU,19,10,9,9
LE159LW,6,3,3,4
LE159LX,6,2,4,2
LE159LY,26,13,13,11
LE159LZ,2,1,1,1
LE159ND,3,0,3,2
LE159NE,4,3,1,3
LE159NG,6,2,4,2
LE159NH,2,1,1,1
LE159NJ,65,33,32,29
LE159NL,3,1,2,2
LE159NN,22,10,12,9
LE159NP,5,1,4,4
LE159NQ,25,10,15,13
LE159NR,12,5,7,3
LE159NS,2,1,1,1
LE159NT,12,6,6,4
LE159NW,45,28,17,22
LE159PA,15,8,7,8
LE159PB,10,5,5,6
LE159PD,5,2,3,2
LE159PE,48,19,29,27
LE159PF,17,10,7,7
LE159PG,101,56,45,35
LE159PH,38,15,23,20
LE159PJ,83,46,37,42
LE159PN,9,4,5,4
LE159PP,28,13,15,15
LE159PQ,95,47,48,36
LE159PR,10,8,2,6
LE159PS,13,6,7,7
LE159PT,23,9,14,15
LE159PU,23,10,13,12
LE159PW,31,13,18,17
LE159PX,31,16,15,14
LE159PY,57,31,26,28
LE159PZ,48,28,20,26
LE159QB,22,13,9,10
LE159QD,57,32,25,25
LE159QE,837,473,364,1
LE159QF,1,1,0,1
LE159QH,2,2,0,2
LE159QJ,36,17,19,14
LE159QL,34,18,16,17
LE159QN,9,4,5,7
LE159QP,138,79,59,49
LE159QQ,8,6,2,3
LE159QR,49,25,24,22
LE159QS,4,3,1,1
LE159QW,12,6,6,7
LE159QX,24,9,15,9
LE159QY,11,7,4,10
LE159QZ,26,15,11,9
LE159RA,10,4,6,6
LE159RD,68,36,32,40
LE159RE,161,78,83,66
LE159RF,9,4,5,4
LE159RG,39,19,20,15
LE159RH,21,12,9,7
LE159RJ,8,3,5,4
LE159RL,118,52,66,54
LE159RQ,26,10,16,16
LE159RR,118,55,63,51
LE159RS,138,63,75,60
LE159RT,17,7,10,8
LE159RU,42,18,24,21
LE159RX,22,13,9,8
LE159RY,79,30,49,50
LE159RZ,34,10,24,24
LE159SA,19,7,12,12
LE159SB,15,7,8,9
LE159SD,84,43,41,39
LE159SF,29,14,15,16
LE159SG,61,24,37,25
LE159SH,53,23,30,28
LE159SJ,8,2,6,5
LE159SL,29,13,16,15
LE159SN,58,23,35,24
LE159SQ,12,9,3,8
LE159SR,16,9,7,8
LE159SS,147,74,73,52
LE159ST,15,7,8,7
LE159SU,19,10,9,8
LE159SW,23,10,13,18
LE159SY,38,21,17,13
LE159SZ,6,3,3,3
LE159TA,88,45,43,30
LE159TD,7,3,4,5
LE159TE,10,6,4,4
LE159TF,26,11,15,11
LE159TG,62,33,29,30
LE159TH,11,5,6,5
LE159TJ,31,11,20,15
LE159TP,59,29,30,24
LE159TQ,32,15,17,17
LE159TR,38,16,22,15
LE159TS,72,37,35,30
LE159TT,49,25,24,28
LE159TU,44,26,18,21
LE159TX,40,20,20,15
LE159TY,10,3,7,8
LE159TZ,1,1,0,1
LE159UA,72,34,38,35
LE159UB,32,14,18,17
LE159UD,198,112,86,30
LE159UH,45,21,24,25
LE159UJ,48,23,25,20
LE159UL,76,36,40,34
LE159UP,4,1,3,2
LE159UR,38,16,22,25
LE167AA,13,7,6,8
LE167AD,31,13,18,19
LE167AE,47,23,24,25
LE167AF,20,16,4,6
LE167AJ,18,10,8,13
LE167AL,17,9,8,14
LE167AN,11,1,10,10
LE167AP,18,4,14,15
LE167AR,60,30,30,27
LE167AS,27,13,14,7
LE167AT,18,8,10,11
LE167AU,164,141,23,19
LE167AX,51,26,25,23
LE167AY,6,3,3,3
LE167AZ,6,3,3,2
LE167BB,53,20,33,29
LE167BD,34,18,16,18
LE167BF,27,16,11,18
LE167BH,2,1,1,1
LE167BL,11,4,7,9
LE167BQ,108,48,60,41
LE167BS,32,13,19,20
LE167BT,50,18,32,41
LE167BU,17,10,7,11
LE167BW,130,62,68,54
LE167DA,90,48,42,32
LE167DB,100,50,50,39
LE167DD,123,64,59,42
LE167DE,81,35,46,37
LE167DF,91,36,55,36
LE167DG,59,26,33,24
LE167DH,119,53,66,43
LE167DJ,80,44,36,31
LE167DL,88,42,46,32
LE167DN,53,28,25,23
LE167DR,1,1,0,1
LE167DS,4,4,0,4
LE167DT,109,53,56,56
LE167DU,36,19,17,17
LE167DW,150,77,73,68
LE167DX,61,36,25,36
LE167ED,144,71,73,56
LE167EG,31,16,15,13
LE167EH,27,16,11,11
LE167EJ,15,9,6,4
LE167EL,61,30,31,26
LE167EP,64,30,34,31
LE167EQ,118,51,67,50
LE167ES,27,13,14,10
LE167ET,27,13,14,8
LE167EU,82,39,43,39
LE167EW,11,4,7,6
LE167EX,12,6,6,6
LE167EY,85,41,44,35
LE167EZ,74,33,41,33
LE167FE,10,5,5,8
LE167FF,17,10,7,11
LE167FH,6,4,2,4
LE167FR,6,3,3,4
LE167FW,28,14,14,10
LE167GF,2,1,1,1
LE167GJ,14,8,6,3
LE167GL,20,11,9,14
LE167GR,10,5,5,7
LE167HA,47,23,24,20
LE167HB,55,25,30,26
LE167HD,106,56,50,43
LE167HE,40,18,22,18
LE167HF,16,7,9,7
LE167HG,100,44,56,38
LE167HH,21,7,14,10
LE167HJ,23,11,12,8
LE167HL,90,39,51,48
LE167HN,84,39,45,37
LE167HP,27,16,11,17
LE167HQ,65,33,32,31
LE167HR,16,9,7,7
LE167HS,48,22,26,17
LE167HT,26,12,14,11
LE167HU,54,24,30,20
LE167HW,28,11,17,12
LE167HX,57,24,33,21
LE167HY,10,4,6,8
LE167HZ,35,11,24,25
LE167JA,56,26,30,25
LE167JB,17,7,10,7
LE167JD,29,14,15,14
LE167JF,158,73,85,58
LE167JG,109,56,53,44
LE167JH,36,17,19,14
LE167JJ,65,32,33,31
LE167JL,3,2,1,2
LE167JN,15,9,6,13
LE167JP,73,31,42,36
LE167JQ,7,3,4,5
LE167JR,57,27,30,23
LE167JS,64,32,32,31
LE167JT,3,2,1,3
LE167JU,32,17,15,20
LE167JW,76,38,38,38
LE167JX,3,1,2,2
LE167JY,114,54,60,46
LE167JZ,89,39,50,44
LE167LA,57,33,24,25
LE167LB,40,21,19,20
LE167LD,39,17,22,17
LE167LE,47,26,21,29
LE167LF,10,5,5,5
LE167LG,110,53,57,49
LE167LH,17,6,11,7
LE167LJ,18,8,10,14
LE167LL,28,14,14,21
LE167LN,49,20,29,18
LE167LP,64,36,28,25
LE167LQ,67,28,39,25
LE167LR,19,10,9,8
LE167LS,28,13,15,13
LE167LT,42,25,17,27
LE167LU,1,0,1,1
LE167LW,34,17,17,13
LE167LX,33,12,21,12
LE167LY,29,17,12,12
LE167LZ,72,39,33,29
LE167NA,75,33,42,28
LE167NB,2,1,1,2
LE167ND,121,60,61,42
LE167NE,69,38,31,34
LE167NF,175,87,88,68
LE167NG,71,28,43,26
LE167NH,5,1,4,3
LE167NJ,1,0,1,1
LE167NL,19,9,10,15
LE167NP,1,0,1,1
LE167NQ,23,11,12,10
LE167NS,64,36,28,22
LE167NT,56,30,26,18
LE167NX,1,1,0,1
LE167NY,153,76,77,49
LE167NZ,4,2,2,2
LE167PA,6,3,3,4
LE167PF,28,12,16,13
LE167PG,69,30,39,26
LE167PJ,29,12,17,12
LE167PL,16,7,9,10
LE167PN,18,7,11,9
LE167PQ,52,29,23,24
LE167PR,35,8,27,29
LE167QB,2,1,1,1
LE167QG,8,3,5,4
LE167QL,6,4,2,5
LE167QN,56,26,30,19
LE167QQ,92,44,48,38
LE167QT,16,8,8,7
LE167QU,1,1,0,1
LE167QX,4,2,2,2
LE167QY,9,3,6,3
LE167RA,16,10,6,7
LE167RB,121,59,62,47
LE167RD,12,5,7,6
LE167RE,69,39,30,30
LE167RF,10,5,5,5
LE167RG,17,8,9,8
LE167RH,141,69,72,51
LE167RJ,26,12,14,10
LE167RL,29,13,16,9
LE167RN,79,39,40,35
LE167RP,641,639,2,0
LE167RQ,31,13,18,17
LE167RS,5,4,1,1
LE167RT,8,3,5,5
LE167RU,117,53,64,45
LE167RW,108,57,51,36
LE167RX,3,2,1,2
LE167RY,11,8,3,8
LE167RZ,5,2,3,3
LE167SB,39,18,21,16
LE167SD,9,4,5,4
LE167SE,16,9,7,6
LE167SG,2,1,1,1
LE167SH,11,7,4,3
LE167SJ,3,2,1,1
LE167SL,15,12,3,2
LE167SN,8,4,4,3
LE167SP,8,3,5,3
LE167SQ,10,5,5,4
LE167SR,10,4,6,4
LE167SS,26,12,14,10
LE167ST,33,17,16,16
LE167SU,34,14,20,14
LE167SW,25,16,9,10
LE167SX,14,8,6,6
LE167SY,25,13,12,9
LE167SZ,35,16,19,13
LE167TA,78,37,41,33
LE167TB,46,23,23,18
LE167TD,7,4,3,2
LE167TE,2,1,1,1
LE167TF,13,8,5,5
LE167TG,21,11,10,9
LE167TH,9,4,5,4
LE167TJ,75,35,40,22
LE167TL,4,0,4,1
LE167TN,8,5,3,3
LE167TP,51,23,28,21
LE167TQ,13,8,5,3
LE167TR,32,19,13,11
LE167TS,42,18,24,19
LE167TT,3,2,1,1
LE167TU,32,17,15,13
LE167TW,66,35,31,26
LE167TX,2,1,1,1
LE167TY,52,28,24,22
LE167TZ,7,3,4,4
LE167UA,15,9,6,7
LE167UB,5,2,3,1
LE167UD,9,6,3,2
LE167UE,9,4,5,7
LE167UF,90,42,48,35
LE167UG,21,11,10,9
LE167UH,10,4,6,3
LE167UJ,23,12,11,10
LE167UN,12,5,7,4
LE167UP,18,8,10,6
LE167UQ,6,2,4,1
LE167UR,18,8,10,6
LE167US,212,106,106,83
LE167UT,42,21,21,17
LE167UU,45,18,27,21
LE167UW,36,20,16,22
LE167UX,7,4,3,3
LE167UY,12,6,6,9
LE167UZ,13,7,6,5
LE167XA,92,38,54,59
LE167XB,123,62,61,47
LE167XD,219,106,113,69
LE167XE,115,63,52,38
LE167XF,48,25,23,17
LE167XG,126,61,65,43
LE167XH,176,91,85,62
LE167XJ,107,57,50,34
LE167XL,184,96,88,55
LE167XN,81,37,44,29
LE167XP,58,28,30,21
LE167XR,54,26,28,16
LE167XS,78,39,39,22
LE167XT,63,27,36,22
LE167XU,77,37,40,24
LE167XW,90,53,37,25
LE167XZ,38,21,17,11
LE168AA,34,14,20,16
LE168AB,59,28,31,28
LE168AD,31,16,15,15
LE168AE,42,20,22,20
LE168AF,21,9,12,11
LE168AG,43,23,20,21
LE168AH,34,14,20,20
LE168AJ,34,16,18,17
LE168AL,62,27,35,33
LE168AN,44,22,22,19
LE168AP,36,17,19,19
LE168AQ,32,12,20,16
LE168AR,31,17,14,15
LE168AS,72,38,34,31
LE168AT,19,8,11,10
LE168AU,46,23,23,17
LE168AW,92,46,46,34
LE168AX,78,33,45,42
LE168AY,101,50,51,43
LE168AZ,96,43,53,44
LE168BA,23,11,12,7
LE168BB,36,18,18,15
LE168BD,30,13,17,12
LE168BE,45,23,22,21
LE168BF,74,38,36,36
LE168BG,54,28,26,25
LE168BH,81,39,42,42
LE168BJ,19,7,12,10
LE168BL,27,13,14,19
LE168BN,30,15,15,19
LE168BP,71,32,39,36
LE168BQ,91,49,42,35
LE168BS,126,60,66,39
LE168BT,21,10,11,7
LE168BU,11,5,6,5
LE168BW,23,14,9,9
LE168BX,88,44,44,39
LE168BY,29,12,17,11
LE168BZ,29,17,12,15
LE168DA,9,4,5,7
LE168DB,2,1,1,1
LE168DD,6,3,3,3
LE168DE,40,17,23,18
LE168DF,5,3,2,3
LE168DG,17,6,11,5
LE168DH,31,17,14,13
LE168DJ,15,6,9,5
LE168DL,18,8,10,9
LE168DN,26,16,10,10
LE168DP,22,12,10,9
LE168DQ,30,16,14,10
LE168DR,48,28,20,26
LE168DS,13,8,5,5
LE168DT,79,36,43,29
LE168DU,31,16,15,15
LE168DW,47,23,24,21
LE168DX,11,4,7,5
LE168DY,68,31,37,26
LE168DZ,17,4,13,6
LE168EA,9,6,3,4
LE168EB,19,9,10,8
LE168ED,27,10,17,12
LE168EE,31,18,13,12
LE168EF,18,9,9,8
LE168EG,35,19,16,13
LE168EH,28,14,14,9
LE168EJ,48,22,26,19
LE168EL,9,6,3,3
LE168EN,34,13,21,12
LE168EP,116,60,56,40
LE168EQ,7,5,2,2
LE168ER,82,40,42,25
LE168ES,16,8,8,7
LE168EU,47,23,24,20
LE168EW,81,40,41,42
LE168EX,65,36,29,21
LE168EY,19,10,9,6
LE168EZ,2,1,1,1
LE168FA,41,18,23,17
LE168FB,46,23,23,19
LE168FD,48,24,24,26
LE168FF,76,36,40,60
LE168FG,4,2,2,1
LE168FX,50,23,27,14
LE168FY,67,33,34,22
LE168FZ,46,25,21,15
LE168GB,11,4,7,4
LE168GD,48,23,25,15
LE168GE,3,2,1,1
LE168GH,10,5,5,4
LE168HA,4,2,2,1
LE168HB,3,2,1,2
LE168HD,31,14,17,11
LE168HE,7,2,5,4
LE168HF,59,31,28,30
LE168HG,56,23,33,28
LE168HH,5,2,3,2
LE168HJ,5,4,1,1
LE168HL,26,14,12,12
LE168HN,13,7,6,4
LE168HP,92,40,52,40
LE168HQ,39,17,22,18
LE168HR,56,31,25,21
LE168HS,16,9,7,8
LE168HT,19,10,9,10
LE168HU,19,6,13,9
LE168HW,16,9,7,7
LE168HX,12,5,7,7
LE168HY,7,3,4,4
LE168HZ,10,5,5,5
LE168JA,62,33,29,33
LE168JB,20,9,11,8
LE168JE,52,24,28,19
LE168JF,39,20,19,22
LE168JG,15,7,8,8
LE168JH,40,20,20,13
LE168JP,65,28,37,22
LE168JR,10,4,6,3
LE168JS,21,9,12,9
LE168JT,8,5,3,3
LE168JU,2,1,1,1
LE168JW,3,1,2,1
LE168JX,15,5,10,7
LE168JY,6,3,3,2
LE168JZ,50,25,25,19
LE168LA,73,39,34,32
LE168LB,13,7,6,6
LE168LD,42,20,22,23
LE168LE,23,11,12,9
LE168LF,11,4,7,3
LE168LG,4,2,2,3
LE168LH,69,33,36,34
LE168LJ,42,24,18,20
LE168LL,2,1,1,1
LE168LN,29,16,13,13
LE168LP,4,3,1,3
LE168LQ,31,10,21,7
LE168LR,12,6,6,6
LE168LS,58,28,30,24
LE168LT,15,4,11,7
LE168LU,13,6,7,7
LE168LW,33,16,17,14
LE168LX,11,7,4,3
LE168LY,19,11,8,9
LE168LZ,7,3,4,3
LE168NA,83,41,42,27
LE168NB,2,1,1,0
LE168ND,15,9,6,9
LE168NE,108,49,59,30
LE168NF,7,4,3,3
LE168NG,43,20,23,18
LE168NH,4,1,3,1
LE168NJ,15,9,6,6
LE168NP,15,7,8,7
LE168NS,8,3,5,5
LE168NY,10,5,5,4
LE168PB,3,1,2,2
LE168PD,4,2,2,2
LE168PE,31,16,15,14
LE168PF,15,8,7,4
LE168PG,34,16,18,16
LE168PH,27,14,13,10
LE168PJ,24,11,13,12
LE168PL,19,11,8,8
LE168PN,29,13,16,13
LE168PP,5,3,2,4
LE168PQ,47,26,21,20
LE168PR,17,9,8,7
LE168PS,38,20,18,15
LE168PT,24,11,13,10
LE168PW,27,17,10,11
LE168PX,22,12,10,13
LE168PY,51,27,24,24
LE168PZ,26,13,13,10
LE168QA,41,19,22,14
LE168QB,52,23,29,25
LE168QD,67,35,32,29
LE168QE,7,4,3,2
LE168QF,10,5,5,4
LE168QG,36,17,19,15
LE168QH,10,4,6,6
LE168QJ,73,37,36,32
LE168QL,98,46,52,37
LE168QN,19,10,9,8
LE168QP,5,2,3,3
LE168QQ,65,33,32,25
LE168QR,48,20,28,21
LE168QS,41,23,18,15
LE168QT,15,8,7,6
LE168QU,18,9,9,7
LE168QW,34,15,19,15
LE168QX,37,20,17,14
LE168QY,10,5,5,4
LE168RA,8,4,4,4
LE168RB,11,6,5,4
LE168RD,11,4,7,6
LE168RE,11,7,4,6
LE168RF,51,25,26,16
LE168RG,13,5,8,4
LE168RH,4,1,3,2
LE168RJ,46,22,24,20
LE168RL,6,2,4,4
LE168RN,19,8,11,8
LE168RP,17,11,6,5
LE168RQ,19,10,9,6
LE168RR,13,5,8,6
LE168RS,59,35,24,29
LE168RT,1,1,0,1
LE168RU,24,9,15,10
LE168RW,15,7,8,7
LE168RX,25,11,14,13
LE168RY,8,5,3,3
LE168RZ,45,26,19,22
LE168SA,7,5,2,3
LE168SB,25,13,12,7
LE168SD,98,47,51,36
LE168SE,10,5,5,5
LE168SF,30,14,16,13
LE168SG,48,26,22,20
LE168SH,53,23,30,24
LE168SJ,37,15,22,15
LE168SL,16,8,8,5
LE168SN,36,17,19,17
LE168SP,24,9,15,10
LE168SQ,35,17,18,18
LE168SR,33,17,16,13
LE168SS,18,9,9,7
LE168ST,71,33,38,26
LE168SU,13,8,5,4
LE168SW,18,9,9,7
LE168SX,26,13,13,12
LE168SY,10,7,3,8
LE168SZ,10,5,5,5
LE168TA,5,1,4,4
LE168TB,33,15,18,13
LE168TD,27,15,12,10
LE168TE,12,6,6,4
LE168TF,12,6,6,5
LE168TG,78,38,40,36
LE168TH,12,5,7,6
LE168TJ,39,14,25,14
LE168TL,16,5,11,9
LE168TN,10,5,5,5
LE168TQ,62,34,28,22
LE168TR,8,4,4,6
LE168TY,38,19,19,18
LE168TZ,44,21,23,4
LE168UA,14,6,8,8
LE168UB,46,23,23,23
LE168UD,96,46,50,44
LE168UE,15,8,7,10
LE168UF,15,7,8,5
LE168UG,3,2,1,2
LE168UH,85,43,42,35
LE168UJ,113,53,60,47
LE168UL,32,15,17,14
LE168UN,19,9,10,5
LE168UP,10,5,5,1
LE168UQ,20,11,9,8
LE168UT,21,11,10,8
LE168UZ,8,4,4,3
LE168XA,73,37,36,32
LE168XB,65,35,30,26
LE168XD,79,36,43,36
LE168XE,22,14,8,9
LE168XF,32,15,17,15
LE168XG,67,38,29,25
LE168XH,31,15,16,13
LE168XJ,5,2,3,2
LE168XL,48,23,25,18
LE168XN,3,2,1,2
LE168XP,23,13,10,9
LE168XQ,80,37,43,31
LE168XR,6,3,3,3
LE168XS,90,44,46,37
LE168XT,18,8,10,8
LE168XU,25,13,12,10
LE168XW,46,21,25,21
LE168XX,55,28,27,20
LE168XY,99,49,50,40
LE168XZ,19,9,10,7
LE168YA,43,17,26,23
LE168YB,3,2,1,1
LE168YD,117,48,69,47
LE168YE,48,24,24,19
LE168YG,47,25,22,19
LE168YH,6,3,3,3
LE168YJ,7,4,3,3
LE168YP,32,14,18,13
LE168YQ,13,5,8,6
LE168YR,15,7,8,7
LE168YS,18,8,10,10
LE168YT,51,25,26,18
LE168YU,119,54,65,47
LE168YW,9,6,3,3
LE168YX,22,11,11,10
LE168YY,30,10,20,15
LE168YZ,36,21,15,13
LE169AA,9,6,3,9
LE169AB,53,26,27,21
LE169AD,135,67,68,51
LE169AE,90,35,55,48
LE169AF,54,27,27,26
LE169AG,42,20,22,15
LE169AH,60,24,36,40
LE169AJ,97,47,50,37
LE169AL,87,44,43,36
LE169AN,70,31,39,29
LE169AP,63,37,26,28
LE169AQ,81,41,40,48
LE169AR,84,43,41,38
LE169AS,37,15,22,15
LE169AU,59,25,34,20
LE169AW,92,45,47,38
LE169AX,93,48,45,40
LE169AY,102,50,52,53
LE169AZ,9,4,5,7
LE169BA,17,7,10,13
LE169BB,27,10,17,17
LE169BD,109,57,52,45
LE169BE,56,31,25,18
LE169BF,3,2,1,1
LE169BH,88,49,39,44
LE169BJ,61,30,31,23
LE169BL,38,16,22,18
LE169BN,13,6,7,13
LE169BS,6,3,3,2
LE169BT,39,23,16,37
LE169BW,10,4,6,5
LE169BX,106,46,60,27
LE169BY,16,7,9,7
LE169BZ,79,35,44,24
LE169DA,91,45,46,36
LE169DE,30,16,14,11
LE169DG,126,61,65,46
LE169DJ,11,5,6,7
LE169DL,130,60,70,55
LE169DN,140,68,72,48
LE169DP,86,43,43,30
LE169DQ,106,54,52,35
LE169DR,56,23,33,26
LE169DS,69,42,27,23
LE169DT,158,84,74,60
LE169DU,97,48,49,43
LE169DW,194,85,109,59
LE169DX,53,27,26,19
LE169DY,24,10,14,9
LE169DZ,28,15,13,10
LE169EA,20,9,11,9
LE169EB,19,9,10,8
LE169ED,34,13,21,26
LE169EH,26,12,14,14
LE169EJ,92,42,50,50
LE169EL,107,48,59,41
LE169EN,105,50,55,39
LE169EP,79,36,43,37
LE169ER,94,45,49,40
LE169ES,65,33,32,25
LE169ET,67,30,37,35
LE169EU,107,53,54,46
LE169EW,2,0,2,1
LE169EX,61,32,29,27
LE169EY,84,34,50,36
LE169FA,101,54,47,37
LE169FB,51,23,28,26
LE169FD,29,14,15,9
LE169FE,53,29,24,15
LE169FF,41,20,21,14
LE169FG,21,10,11,16
LE169FH,6,4,2,2
LE169GA,101,45,56,34
LE169GB,68,35,33,23
LE169GD,102,50,52,32
LE169GE,43,25,18,14
LE169GF,65,39,26,34
LE169GG,165,80,85,61
LE169HA,37,18,19,16
LE169HD,138,64,74,56
LE169HE,51,34,17,15
LE169HF,136,63,73,41
LE169HL,2,2,0,1
LE169HP,102,49,53,47
LE169HR,14,8,6,6
LE169HS,47,20,27,42
LE169HU,18,9,9,10
LE169HW,2,1,1,1
LE169HZ,59,16,43,43
LE169JF,73,39,34,24
LE169JG,27,13,14,16
LE169JH,19,8,11,10
LE169JJ,57,28,29,28
LE169JL,58,24,34,31
LE169JN,72,33,39,41
LE169JP,63,33,30,31
LE169JQ,42,21,21,16
LE169JR,50,29,21,19
LE169JS,84,40,44,32
LE169JT,97,50,47,44
LE169JU,50,21,29,25
LE169JW,90,50,40,34
LE169JX,28,10,18,13
LE169JZ,8,5,3,5
LE169LA,19,9,10,7
LE169LB,101,44,57,40
LE169LD,68,36,32,34
LE169LE,66,28,38,48
LE169LF,8,4,4,4
LE169LG,26,15,11,14
LE169LJ,18,9,9,8
LE169LL,27,13,14,11
LE169LN,141,68,73,58
LE169LP,106,49,57,41
LE169LQ,79,32,47,20
LE169LR,35,15,20,20
LE169LS,23,14,9,13
LE169LT,40,22,18,17
LE169LU,40,18,22,24
LE169LW,99,49,50,54
LE169LX,81,40,41,37
LE169LY,42,21,21,14
LE169LZ,30,17,13,13
LE169NA,88,41,47,33
LE169NB,89,40,49,36
LE169ND,12,5,7,7
LE169NE,22,12,10,12
LE169NF,51,21,30,23
LE169NG,33,20,13,10
LE169NL,25,11,14,15
LE169NN,14,6,8,7
LE169NP,73,33,40,44
LE169NT,81,42,39,35
LE169NU,68,35,33,36
LE169NW,43,26,17,25
LE169NX,83,37,46,33
LE169PA,65,26,39,55
LE169PB,137,72,65,52
LE169PD,72,37,35,24
LE169PE,74,37,37,27
LE169PF,31,15,16,11
LE169PG,63,24,39,31
LE169PH,98,48,50,43
LE169PJ,69,35,34,35
LE169PL,74,36,38,29
LE169PN,90,47,43,32
LE169PQ,112,55,57,48
LE169PT,5,3,2,5
LE169PW,65,32,33,27
LE169PZ,42,18,24,23
LE169QA,71,36,35,43
LE169QD,59,28,31,21
LE169QE,57,29,28,21
LE169QH,44,21,23,19
LE169QJ,71,38,33,34
LE169QL,77,37,40,37
LE169QN,108,56,52,36
LE169QP,78,32,46,35
LE169QQ,23,11,12,13
LE169QR,108,52,56,44
LE169QS,28,11,17,13
LE169QT,78,40,38,34
LE169QU,77,39,38,35
LE169QW,82,42,40,31
LE169QX,65,34,31,36
LE169QY,37,18,19,21
LE169QZ,52,23,29,31
LE169RF,2,1,1,1
LE169RG,20,8,12,10
LE169RH,35,19,16,13
LE169RJ,26,13,13,13
LE169RL,18,8,10,6
LE169RN,46,24,22,16
LE169RP,6,4,2,2
LE169RR,67,29,38,21
LE169RS,41,21,20,17
LE169RT,57,25,32,24
LE169RU,37,15,22,16
LE169RW,22,12,10,11
LE169RX,101,52,49,37
LE169RY,5,2,3,3
LE169RZ,85,47,38,29
LE169SA,10,6,4,3
LE169SB,27,13,14,12
LE169SD,33,16,17,16
LE169SE,22,9,13,10
LE169SF,27,11,16,11
LE169SG,7,3,4,2
LE169SH,67,31,36,24
LE169SJ,61,30,31,23
LE169SL,23,13,10,8
LE169SN,7,4,3,3
LE169SP,26,13,13,11
LE169SQ,59,27,32,28
LE169SR,5,2,3,2
LE169SS,9,5,4,5
LE169ST,4,2,2,1
LE169SU,10,5,5,4
LE169SW,10,4,6,3
LE169SY,65,30,35,21
LE169SZ,4,2,2,1
LE169TA,16,7,9,7
LE169TB,48,22,26,25
LE169TD,82,39,43,37
LE169TE,60,29,31,27
LE169TF,39,20,19,16
LE169TG,99,56,43,47
LE169TH,10,5,5,5
LE169TJ,28,15,13,11
LE169TL,52,25,27,23
LE169TN,66,29,37,29
LE169TP,51,27,24,30
LE169TQ,1,0,1,1
LE169TR,7,3,4,5
LE169TS,33,15,18,14
LE169TT,20,9,11,7
LE169TU,15,8,7,4
LE169TW,81,45,36,32
LE169TX,5,2,3,2
LE169TY,88,51,37,35
LE169TZ,10,5,5,3
LE169UA,92,35,57,18
LE169UB,4,2,2,1
LE169UD,97,54,43,42
LE169UE,2,1,1,1
LE169UF,45,21,24,18
LE169UG,26,16,10,11
LE169UH,15,9,6,5
LE169UJ,37,19,18,15
LE169UL,29,16,13,16
LE169UN,55,26,29,24
LE169UP,9,4,5,3
LE169UQ,17,8,9,6
LE169UT,17,7,10,11
LE169UX,15,9,6,4
LE174AB,36,14,22,15
LE174AD,13,8,5,9
LE174AE,9,8,1,7
LE174AG,14,7,7,7
LE174AH,12,5,7,7
LE174AL,20,8,12,11
LE174AN,6,2,4,2
LE174AP,60,30,30,27
LE174AR,24,12,12,10
LE174AS,61,30,31,28
LE174AT,5,4,1,4
LE174AW,12,8,4,10
LE174AY,8,5,3,6
LE174AZ,34,21,13,21
LE174BB,24,17,7,21
LE174BD,14,6,8,8
LE174BE,8,4,4,4
LE174BG,44,23,21,22
LE174BH,45,21,24,25
LE174BJ,41,23,18,12
LE174BL,4,1,3,1
LE174BN,17,8,9,5
LE174BP,88,42,46,36
LE174BQ,16,7,9,12
LE174BS,35,16,19,17
LE174BT,77,39,38,34
LE174BU,20,7,13,16
LE174BW,31,15,16,12
LE174BX,54,20,34,19
LE174BY,25,13,12,12
LE174BZ,40,15,25,3
LE174DA,223,103,120,87
LE174DB,56,30,26,28
LE174DD,103,50,53,40
LE174DE,16,9,7,7
LE174DF,117,64,53,40
LE174DH,12,8,4,9
LE174DJ,59,29,30,25
LE174DL,44,25,19,18
LE174DP,59,30,29,28
LE174DQ,9,5,4,5
LE174DR,44,13,31,35
LE174DS,38,17,21,13
LE174DT,9,5,4,4
LE174DW,5,4,1,2
LE174DX,19,11,8,8
LE174DY,52,24,28,20
LE174DZ,9,5,4,3
LE174EA,33,18,15,13
LE174EF,26,13,13,10
LE174EG,15,11,4,8
LE174EH,26,12,14,15
LE174EJ,12,7,5,6
LE174EL,32,14,18,12
LE174EN,34,18,16,11
LE174EP,13,6,7,5
LE174EQ,31,14,17,21
LE174ER,24,13,11,12
LE174ES,59,29,30,26
LE174ET,79,44,35,40
LE174EX,37,17,20,13
LE174EY,16,9,7,7
LE174EZ,14,10,4,4
LE174FA,106,54,52,28
LE174FD,78,36,42,27
LE174FE,45,24,21,19
LE174FG,21,10,11,7
LE174FH,79,40,39,26
LE174FJ,17,7,10,7
LE174FN,58,31,27,21
LE174FP,182,84,98,57
LE174FR,131,64,67,53
LE174FS,78,39,39,31
LE174FT,24,13,11,9
LE174GB,23,13,10,9
LE174GE,88,42,46,29
LE174GH,4,2,2,2
LE174GJ,142,65,77,42
LE174GL,36,17,19,13
LE174GN,47,22,25,17
LE174GP,126,71,55,35
LE174GQ,21,8,13,7
LE174GR,34,16,18,14
LE174GS,116,55,61,41
LE174GT,110,53,57,42
LE174GU,17,9,8,6
LE174GW,34,18,16,10
LE174GX,116,61,55,42
LE174HB,4,1,3,3
LE174HN,27,16,11,12
LE174HP,15,5,10,5
LE174HR,19,9,10,7
LE174HS,11,8,3,4
LE174HT,2,1,1,1
LE174HU,20,9,11,8
LE174HX,71,38,33,30
LE174HY,10,5,5,5
LE174HZ,93,50,43,39
LE174JD,6,4,2,3
LE174JE,9,5,4,3
LE174JG,4,3,1,1
LE174JH,30,15,15,13
LE174JJ,80,45,35,38
LE174JN,23,12,11,7
LE174JP,19,9,10,10
LE174JR,71,35,36,32
LE174JS,52,25,27,17
LE174JT,6,3,3,2
LE174JU,24,12,12,10
LE174JW,22,11,11,10
LE174JX,25,11,14,15
LE174JY,6,4,2,4
LE174JZ,4,2,2,2
LE174LA,9,5,4,5
LE174LB,18,8,10,6
LE174LD,31,13,18,12
LE174LE,6,3,3,3
LE174LF,5,2,3,2
LE174LG,14,8,6,4
LE174LH,5,2,3,3
LE174LJ,9,5,4,3
LE174LL,126,62,64,47
LE174LN,30,14,16,11
LE174LP,17,10,7,4
LE174LQ,9,7,2,3
LE174LR,10,6,4,4
LE174LS,54,37,17,4
LE174LT,6,4,2,2
LE174LU,7,3,4,3
LE174LW,9,3,6,3
LE174LX,19,11,8,7
LE174LY,12,7,5,4
LE174LZ,7,2,5,2
LE174NA,16,12,4,15
LE174NB,78,37,41,36
LE174NF,44,19,25,18
LE174NG,30,11,19,14
LE174NH,33,16,17,16
LE174NL,16,9,7,10
LE174NN,59,31,28,24
LE174NP,81,40,41,35
LE174NQ,33,15,18,12
LE174NR,96,58,38,48
LE174NS,70,32,38,25
LE174NT,57,27,30,20
LE174NU,23,12,11,7
LE174NW,80,45,35,31
LE174NX,90,51,39,34
LE174NY,11,8,3,4
LE174NZ,23,11,12,8
LE174PA,86,37,49,38
LE174PB,99,54,45,36
LE174PD,47,21,26,19
LE174PE,48,23,25,22
LE174PF,17,6,11,9
LE174PG,105,42,63,44
LE174PH,11,6,5,6
LE174PJ,89,40,49,38
LE174PL,18,9,9,10
LE174PN,1,1,0,1
LE174PQ,21,12,9,9
LE174PR,72,34,38,25
LE174PS,68,37,31,26
LE174PT,21,12,9,8
LE174PU,7,2,5,4
LE174PW,66,37,29,35
LE174PX,70,33,37,38
LE174PY,11,4,7,8
LE174PZ,20,11,9,9
LE174QA,12,6,6,6
LE174QB,33,13,20,16
LE174QD,27,12,15,17
LE174QE,29,11,18,18
LE174QF,60,32,28,27
LE174QG,30,15,15,17
LE174QJ,19,11,8,11
LE174QL,42,23,19,15
LE174QN,22,10,12,8
LE174QP,82,36,46,38
LE174QQ,47,21,26,18
LE174QR,78,40,38,29
LE174QW,83,48,35,39
LE174RB,36,16,20,17
LE174RD,26,13,13,15
LE174RE,15,7,8,7
LE174RF,1,0,1,1
LE174RG,30,15,15,12
LE174RH,33,17,16,19
LE174RJ,39,19,20,17
LE174RL,33,18,15,13
LE174RN,53,24,29,19
LE174RP,6,2,4,4
LE174RQ,25,13,12,11
LE174RR,8,5,3,4
LE174RS,68,39,29,36
LE174RT,18,9,9,8
LE174RW,70,39,31,27
LE174RX,33,21,12,12
LE174RY,27,14,13,9
LE174RZ,21,13,8,10
LE174SA,99,51,48,36
LE174SB,29,14,15,10
LE174SD,24,10,14,9
LE174SE,29,14,15,10
LE174SF,7,2,5,5
LE174SG,9,4,5,6
LE174SH,2,2,0,1
LE174SJ,28,11,17,26
LE174SL,40,17,23,34
LE174SP,77,39,38,30
LE174SQ,84,40,44,32
LE174SR,15,7,8,10
LE174SS,16,10,6,7
LE174ST,27,12,15,9
LE174SU,40,20,20,17
LE174SW,11,7,4,5
LE174SX,34,13,21,14
LE174SY,16,9,7,5
LE174SZ,15,7,8,9
LE174TA,4,2,2,1
LE174TB,22,10,12,11
LE174TD,49,23,26,21
LE174TE,18,9,9,5
LE174TF,44,19,25,20
LE174TG,48,23,25,17
LE174TH,39,26,13,13
LE174TJ,26,14,12,9
LE174TL,41,21,20,14
LE174TN,42,20,22,18
LE174TP,37,16,21,22
LE174TQ,25,11,14,10
LE174TR,12,5,7,7
LE174TS,5,2,3,3
LE174TT,12,7,5,6
LE174TU,97,48,49,37
LE174TW,16,6,10,7
LE174TX,26,12,14,11
LE174TY,36,17,19,15
LE174TZ,47,22,25,19
LE174UA,41,21,20,17
LE174UJ,33,9,24,28
LE174UL,53,17,36,44
LE174UP,27,11,16,15
LE174UR,16,6,10,10
LE174US,99,51,48,36
LE174UT,115,59,56,41
LE174UX,70,39,31,27
LE174XA,119,66,53,49
LE174XB,160,77,83,61
LE174XD,26,13,13,13
LE174XE,18,8,10,6
LE174XF,40,23,17,17
LE174XJ,109,61,48,34
LE174XL,31,17,14,9
LE174YA,10,4,6,5
LE174YD,42,20,22,14
LE174YE,43,20,23,16
LE174YF,71,35,36,31
LE174YG,32,14,18,16
LE174YJ,79,41,38,36
LE174YP,20,12,8,8
LE174YR,176,95,81,74
LE174YT,28,13,15,10
LE174YU,20,10,10,7
LE175AA,2,1,1,1
LE175AB,12,7,5,5
LE175AD,7,5,2,3
LE175AE,47,23,24,16
LE175AF,30,16,14,9
LE175AG,73,32,41,33
LE175AJ,72,32,40,28
LE175AL,87,43,44,28
LE175AN,18,12,6,10
LE175AP,15,4,11,4
LE175AR,104,53,51,30
LE175AS,81,41,40,31
LE175AT,19,8,11,5
LE175AU,9,4,5,3
LE175AW,61,31,30,22
LE175AX,5,3,2,2
LE175AY,33,19,14,14
LE175AZ,6,3,3,3
LE175BA,12,7,5,3
LE175BB,59,30,29,21
LE175BD,18,8,10,5
LE175BE,13,6,7,5
LE175BF,17,8,9,4
LE175BH,22,9,13,7
LE175BJ,13,8,5,6
LE175BL,59,28,31,21
LE175BN,50,26,24,24
LE175BP,27,13,14,14
LE175BQ,7,3,4,3
LE175BS,32,16,16,17
LE175BT,29,16,13,14
LE175BU,41,27,14,26
LE175BW,2,1,1,1
LE175BX,6,3,3,2
LE175BY,21,9,12,10
LE175BZ,10,4,6,3
LE175DA,9,7,2,4
LE175DB,4,2,2,2
LE175DD,37,17,20,20
LE175DE,33,16,17,21
LE175DF,8,5,3,5
LE175DG,99,49,50,38
LE175DH,14,7,7,6
LE175DJ,27,16,11,8
LE175DL,96,55,41,38
LE175DN,50,21,29,21
LE175DP,12,7,5,5
LE175DQ,50,26,24,21
LE175DR,28,13,15,12
LE175DS,8,2,6,3
LE175DT,13,5,8,5
LE175DU,39,14,25,15
LE175DW,12,6,6,4
LE175DY,116,58,58,45
LE175DZ,10,4,6,4
LE175EA,34,19,15,11
LE175EB,4,3,1,1
LE175ED,4,3,1,2
LE175EE,60,30,30,26
LE175EF,5,1,4,2
LE175EG,109,47,62,40
LE175EJ,11,6,5,5
LE175EL,8,4,4,4
LE175EN,3,0,3,3
LE175EP,4,2,2,1
LE175EQ,19,10,9,15
LE175ER,18,10,8,8
LE175ES,34,16,18,11
LE175ET,35,19,16,11
LE175EU,60,34,26,28
LE175EX,17,9,8,9
LE175EY,12,7,5,6
LE175EZ,41,20,21,14
LE175FD,15,10,5,5
LE175FE,7,3,4,4
LE175FG,20,11,9,6
LE175FH,7,3,4,3
LE175HA,19,9,10,8
LE175HB,16,8,8,7
LE175HD,24,13,11,8
LE175HE,24,10,14,9
LE175HF,27,13,14,11
LE175HG,13,6,7,4
LE175HH,20,8,12,5
LE175HJ,45,26,19,17
LE175HL,33,17,16,12
LE175HN,59,30,29,22
LE175HP,4,4,0,2
LE175HQ,9,5,4,3
LE175HR,27,14,13,10
LE175HS,53,30,23,18
LE175HT,18,10,8,6
LE175HU,17,8,9,8
LE175HW,37,22,15,17
LE175HX,11,6,5,5
LE175HY,34,13,21,19
LE175HZ,2,1,1,1
LE175JA,8,3,5,3
LE175JD,10,6,4,2
LE175JE,25,13,12,12
LE175JF,31,16,15,15
LE175JG,15,7,8,5
LE175JH,23,10,13,10
LE175JJ,43,22,21,17
LE175JL,79,42,37,32
LE175JN,73,43,30,28
LE175JP,30,14,16,12
LE175JQ,15,7,8,9
LE175JR,48,21,27,19
LE175JS,14,6,8,3
LE175JT,46,26,20,23
LE175JU,2,1,1,1
LE175JW,29,16,13,10
LE175JX,25,12,13,10
LE175JY,14,7,7,6
LE175JZ,5,2,3,3
LE175LA,11,6,5,4
LE175LB,16,7,9,9
LE175LD,6,2,4,2
LE175LE,4,3,1,1
LE175LF,25,13,12,12
LE175LG,45,20,25,20
LE175LH,81,40,41,38
LE175LJ,4,2,2,1
LE175LL,24,11,13,11
LE175LN,8,3,5,6
LE175LP,27,16,11,11
LE175LQ,23,11,12,11
LE175LR,18,8,10,9
LE175LS,51,28,23,20
LE175LT,60,29,31,21
LE175LU,30,17,13,11
LE175LW,2,1,1,1
LE175LX,2,1,1,1
LE175LY,58,31,27,23
LE175LZ,63,33,30,33
LE175NA,2,2,0,2
LE175NB,10,5,5,3
LE175ND,15,9,6,5
LE175NE,41,20,21,17
LE175NF,26,13,13,14
LE175NG,12,6,6,6
LE175NH,1,0,1,1
LE175NJ,6,3,3,3
LE175NL,65,28,37,28
LE175NN,9,6,3,2
LE175NP,29,18,11,7
LE175NQ,82,42,40,39
LE175NR,10,5,5,3
LE175NS,6,3,3,3
LE175NT,14,8,6,4
LE175NU,41,21,20,18
LE175NW,7,5,2,5
LE175NX,17,9,8,7
LE175NY,3,1,2,2
LE175NZ,4,2,2,2
LE175PA,9,5,4,2
LE175PB,19,9,10,12
LE175PD,13,7,6,4
LE175PE,58,28,30,20
LE175PF,13,5,8,5
LE175PG,49,25,24,17
LE175PH,13,6,7,4
LE175PJ,3,2,1,1
LE175PL,7,3,4,3
LE175PN,106,58,48,48
LE175PP,11,6,5,5
LE175PQ,35,17,18,12
LE175PR,25,12,13,10
LE175PS,11,5,6,7
LE175PT,109,57,52,34
LE175PU,64,27,37,26
LE175PW,26,13,13,11
LE175PX,5,3,2,2
LE175PY,33,18,15,11
LE175PZ,5,3,2,1
LE175QA,51,24,27,20
LE175QB,20,12,8,7
LE175QD,8,3,5,3
LE175QE,76,36,40,29
LE175QF,68,36,32,26
LE175QG,2,2,0,1
LE175QH,25,12,13,12
LE175QJ,46,22,24,16
LE175QL,2,1,1,1
LE175QP,44,20,24,17
LE175QQ,2,1,1,1
LE175QS,5,3,2,1
LE175QU,20,8,12,7
LE175QX,92,51,41,35
LE175QY,55,27,28,17
LE175RA,4,3,1,2
LE175RB,16,9,7,4
LE175RD,10,5,5,4
LE175RE,8,4,4,3
LE175RF,7,4,3,2
LE175RG,85,42,43,33
LE175RJ,21,13,8,7
LE175RL,70,32,38,27
LE175RN,8,3,5,3
LE175RP,71,30,41,32
LE175RQ,61,33,28,22
LE175RR,23,9,14,11
LE175RS,14,4,10,9
LE175RT,10,7,3,3
LE175RU,69,35,34,29
LE175RW,22,11,11,6
LE175RX,76,41,35,33
LE175RY,3,1,2,2
LE175RZ,22,13,9,7
LE175SA,10,6,4,4
LE175SB,7,1,6,3
LE175SD,10,4,6,4
LE175SE,52,25,27,16
LE175TB,3,1,2,1
LE176AD,3,2,1,2
LE176AE,13,6,7,7
LE176AF,6,2,4,2
LE176AG,56,31,25,26
LE176AH,2,2,0,1
LE176AJ,20,10,10,6
LE176AL,14,8,6,4
LE176AN,7,3,4,3
LE176AP,3,2,1,1
LE176AQ,33,17,16,16
LE176AR,4,2,2,1
LE176AU,28,15,13,10
LE176AW,3,2,1,2
LE176AX,7,5,2,3
LE176AY,5,3,2,3
LE176AZ,28,15,13,11
LE176BA,23,12,11,8
LE176BB,6,2,4,2
LE176BD,37,23,14,16
LE176BE,37,22,15,13
LE176BF,19,8,11,5
LE176BG,13,7,6,5
LE176BH,46,20,26,18
LE176BJ,50,25,25,20
LE176BL,15,8,7,6
LE176BN,4,2,2,2
LE176BP,6,3,3,2
LE176BQ,67,35,32,25
LE176BR,20,8,12,7
LE176BS,63,32,31,24
LE176BT,5,2,3,2
LE176BU,29,14,15,14
LE176BW,62,34,28,26
LE176BZ,18,7,11,8
LE176DA,18,9,9,8
LE176DB,48,26,22,18
LE176DD,6,2,4,2
LE176DE,7,4,3,2
LE176DF,60,28,32,19
LE176DG,9,5,4,3
LE176DH,3,2,1,1
LE176DL,15,7,8,5
LE176DN,19,6,13,11
LE176DQ,3,2,1,1
LE176DR,25,12,13,10
LE176DS,61,27,34,20
LE176DT,9,5,4,4
LE176DU,61,29,32,22
LE176DW,4,2,2,2
LE176DX,17,9,8,6
LE176DY,102,48,54,41
LE176DZ,18,10,8,5
LE176EA,30,13,17,10
LE176ED,12,8,4,6
LE176EE,35,18,17,14
LE176EF,12,7,5,5
LE176EG,25,9,16,11
LE176EH,8,4,4,4
LE176EJ,11,5,6,3
LE176EL,13,8,5,5
LE176EQ,57,30,27,18
LE176ER,17,7,10,6
LE176ES,19,12,7,4
LE176ET,24,14,10,13
LE176EU,42,20,22,14
LE176EW,26,13,13,8
LE176EX,30,15,15,11
LE176EY,12,7,5,5
LE176EZ,21,11,10,8
LE176FD,10,4,6,4
LE176FL,42,22,20,15
LE176HB,3,1,2,1
LE176HD,36,18,18,15
LE176HE,6,3,3,2
LE176HF,5,3,2,1
LE176HG,35,20,15,17
LE176HH,5,3,2,2
LE176HJ,4,2,2,2
LE176HL,13,6,7,5
LE176HN,8,5,3,3
LE176HP,14,8,6,4
LE176HQ,18,10,8,8
LE176HT,28,13,15,11
LE176HU,8,3,5,3
LE176HW,26,16,10,15
LE176HX,93,44,49,42
LE176HY,48,19,29,21
LE176HZ,5,2,3,1
LE176JA,1,1,0,1
LE176JD,1,0,1,1
LE176JE,20,10,10,7
LE176JF,58,26,32,19
LE176JG,13,6,7,6
LE176JH,3,1,2,1
LE176JL,38,22,16,11
LE176JN,12,6,6,5
LE176JT,8,5,3,2
LE176JU,34,16,18,14
LE176JW,15,8,7,6
LE176JX,52,28,24,20
LE176JY,6,3,3,4
LE176JZ,18,7,11,9
LE176LA,95,36,59,34
LE176LB,15,7,8,7
LE176LD,14,8,6,4
LE176LE,42,18,24,12
LE176LF,60,31,29,25
LE176LG,79,37,42,24
LE176LH,40,20,20,16
LE176LJ,56,22,34,21
LE176LL,51,25,26,20
LE176LN,42,23,19,17
LE176LP,7,4,3,3
LE176LQ,58,30,28,28
LE176LR,73,36,37,37
LE176LS,24,11,13,13
LE176LT,29,14,15,12
LE176LU,10,5,5,3
LE176LW,46,20,26,21
LE176LX,15,9,6,9
LE176LY,47,25,22,17
LE176LZ,13,7,6,5
LE176NA,14,4,10,11
LE176NB,19,8,11,7
LE176ND,3,1,2,1
LE176NE,28,16,12,11
LE176NF,12,5,7,4
LE176NG,17,10,7,6
LE176NJ,2,1,1,1
LE176NL,4,3,1,3
LE176NN,10,5,5,3
LE176NP,17,10,7,6
LE176NQ,4,1,3,1
LE176NR,19,9,10,6
LE176NS,10,4,6,3
LE176NT,75,37,38,32
LE176NU,65,33,32,26
LE176NW,22,10,12,10
LE176NX,18,9,9,9
LE176NY,40,20,20,20
LE176NZ,4,3,1,1
LE176PA,15,11,4,7
LE176PB,3,2,1,1
LE176PD,9,5,4,3
LE176PE,28,16,12,13
LE176PF,13,7,6,5
LE176PG,47,23,24,20
LE176PH,3,1,2,1
LE176PJ,9,4,5,3
LE176PL,29,14,15,12
LE176PN,44,20,24,12
LE176PP,4,2,2,1
LE176PQ,9,7,2,4
LE176PR,8,4,4,3
LE176PW,23,12,11,14
LE176PX,2,1,1,1
LE176PY,21,10,11,6
LE176PZ,6,1,5,3
LE176QA,14,8,6,6
LE176QB,2,1,1,1
LE176QD,30,13,17,13
LE176QE,25,12,13,11
LE176QF,10,4,6,2
LE176QG,10,5,5,3
LE176QH,20,10,10,7
LE176QL,2,1,1,1
LE176QN,13,9,4,7
LE176QP,16,8,8,8
LE176QQ,4,3,1,2
LE176QR,23,11,12,11
LE176QS,16,9,7,7
LE176QT,13,6,7,7
LE176QU,7,4,3,2
LE176QW,6,3,3,3
LE176QX,23,12,11,11
LE176QY,36,17,19,13
LE176QZ,46,24,22,18
LE181AA,81,40,41,34
LE181AB,198,64,134,30
LE181AD,5,0,5,3
LE181AE,82,37,45,37
LE181AF,14,8,6,8
LE181AG,29,13,16,20
LE181AH,61,17,44,49
LE181AJ,68,28,40,26
LE181AL,48,24,24,21
LE181AN,47,18,29,39
LE181AP,27,16,11,12
LE181AQ,37,11,26,32
LE181AR,17,8,9,9
LE181BA,94,38,56,34
LE181BB,75,34,41,32
LE181BD,93,42,51,23
LE181BE,129,72,57,43
LE181BF,25,9,16,9
LE181BG,73,35,38,33
LE181BH,51,22,29,31
LE181BJ,63,31,32,23
LE181BL,40,19,21,18
LE181BP,116,60,56,45
LE181BQ,142,63,79,46
LE181BR,63,32,31,18
LE181BS,72,41,31,29
LE181DA,72,32,40,30
LE181DB,71,37,34,29
LE181DD,17,9,8,7
LE181DE,35,19,16,12
LE181DF,87,43,44,34
LE181DG,79,43,36,27
LE181DH,52,21,31,21
LE181DJ,27,14,13,11
LE181DL,102,56,46,42
LE181DN,74,37,37,29
LE181DP,102,48,54,42
LE181DQ,49,26,23,19
LE181DS,123,54,69,50
LE181DW,52,28,24,22
LE181DX,60,30,30,21
LE181DY,33,16,17,16
LE181DZ,96,48,48,48
LE181EA,20,10,10,7
LE181EB,76,34,42,29
LE181ED,98,48,50,43
LE181EF,33,15,18,18
LE181FA,54,28,26,24
LE181FB,56,27,29,26
LE181FD,77,41,36,27
LE181FE,52,28,24,22
LE181FF,58,29,29,23
LE181FG,12,6,6,6
LE181FH,76,41,35,28
LE181FJ,58,23,35,23
LE181FL,93,39,54,33
LE181FN,66,37,29,25
LE181FP,67,37,30,23
LE181FQ,61,29,32,20
LE181FR,69,29,40,36
LE181FS,24,10,14,12
LE181FT,10,5,5,4
LE181FU,40,23,17,11
LE181FW,90,40,50,32
LE181FX,86,42,44,34
LE181GA,61,33,28,22
LE181GB,70,34,36,28
LE181GD,92,40,52,39
LE181GE,47,28,19,14
LE181HA,77,36,41,29
LE181HB,98,54,44,39
LE181HD,41,23,18,14
LE181HE,47,26,21,16
LE181HF,78,36,42,39
LE181HG,72,36,36,26
LE181HH,50,23,27,23
LE181HJ,88,41,47,32
LE181HL,63,30,33,29
LE181HN,52,29,23,23
LE181HP,96,51,45,40
LE181HQ,32,17,15,11
LE181HR,17,9,8,8
LE181HS,85,33,52,32
LE181HT,74,33,41,28
LE181HU,108,49,59,37
LE181HW,30,15,15,12
LE181HX,33,15,18,15
LE181HY,91,36,55,32
LE181HZ,17,7,10,12
LE181JA,105,51,54,37
LE181JB,54,25,29,22
LE181JD,19,9,10,13
LE181JE,60,25,35,25
LE181JF,62,29,33,27
LE181JG,98,45,53,36
LE181JH,62,30,32,24
LE181JJ,77,37,40,28
LE181JL,56,26,30,21
LE181JN,16,6,10,12
LE181JP,65,29,36,31
LE181JQ,71,30,41,30
LE181JR,32,16,16,15
LE181JS,43,22,21,20
LE181JT,82,41,41,27
LE181JU,59,23,36,22
LE181JW,28,13,15,13
LE181JX,23,7,16,11
LE181JZ,22,14,8,9
LE181LA,80,46,34,32
LE181LB,58,31,27,24
LE181LD,56,29,27,17
LE181LE,112,56,56,43
LE181LH,47,20,27,28
LE181LW,5,2,3,4
LE181LX,30,14,16,11
LE181LY,85,40,45,36
LE181LZ,56,30,26,22
LE181NA,4,2,2,1
LE181NB,79,31,48,41
LE181ND,90,45,45,37
LE181NE,5,1,4,4
LE181NF,147,79,68,50
LE181NG,47,24,23,18
LE181NH,117,56,61,40
LE181NJ,109,47,62,37
LE181NL,77,33,44,28
LE181NN,78,35,43,33
LE181NP,97,47,50,41
LE181NR,12,6,6,6
LE181NS,44,17,27,11
LE181NU,62,29,33,23
LE181NW,4,2,2,2
LE181NX,24,10,14,13
LE181NY,46,24,22,19
LE181PA,42,18,24,23
LE181PB,25,12,13,11
LE181PF,36,14,22,15
LE181PG,46,29,17,14
LE181PH,31,13,18,9
LE181PJ,3,3,0,2
LE181PL,30,15,15,12
LE181PN,69,35,34,23
LE182AA,100,47,53,42
LE182AB,79,40,39,33
LE182AE,70,41,29,34
LE182AF,51,27,24,30
LE182AH,8,4,4,4
LE182AJ,12,5,7,7
LE182AN,66,28,38,35
LE182BA,56,34,22,14
LE182BB,25,12,13,15
LE182BD,61,28,33,29
LE182BE,59,33,26,21
LE182BF,43,18,25,17
LE182BN,79,42,37,25
LE182BP,113,35,78,10
LE182BQ,22,4,18,19
LE182BR,40,15,25,26
LE182BS,70,34,36,28
LE182BT,69,34,35,27
LE182BU,43,26,17,20
LE182BW,76,40,36,25
LE182BX,28,14,14,16
LE182BY,147,70,77,65
LE182BZ,122,58,64,44
LE182DA,65,32,33,25
LE182DB,66,32,34,24
LE182DD,15,2,13,13
LE182DG,118,55,63,39
LE182DH,26,15,11,9
LE182DJ,69,28,41,23
LE182DL,29,14,15,11
LE182DN,46,24,22,18
LE182DS,2,1,1,1
LE182EA,50,26,24,17
LE182EB,92,52,40,29
LE182ED,66,30,36,20
LE182EE,40,19,21,18
LE182EF,108,55,53,43
LE182EG,126,69,57,47
LE182EH,32,15,17,12
LE182EJ,98,43,55,35
LE182EL,115,55,60,44
LE182EN,124,58,66,47
LE182EP,103,52,51,40
LE182EQ,74,38,36,28
LE182ER,30,18,12,8
LE182ES,59,28,31,21
LE182ET,70,30,40,25
LE182EU,29,11,18,22
LE182FA,106,47,59,35
LE182FB,3,2,1,2
LE182FD,66,33,33,24
LE182FE,73,35,38,27
LE182FJ,82,36,46,35
LE182FL,3,2,1,1
LE182FP,34,15,19,30
LE182FU,16,7,9,13
LE182FW,69,28,41,40
LE182FX,35,11,24,19
LE182FY,35,16,19,27
LE182FZ,22,8,14,9
LE182GA,43,17,26,21
LE182GB,2,1,1,1
LE182GD,71,36,35,33
LE182GE,67,27,40,32
LE182GG,59,25,34,31
LE182GH,65,30,35,28
LE182GJ,58,25,33,23
LE182GL,24,10,14,13
LE182GN,12,3,9,10
LE182GP,58,26,32,20
LE182GQ,13,7,6,7
LE182GR,19,9,10,8
LE182GS,15,6,9,5
LE182GT,10,7,3,4
LE182GU,25,9,16,11
LE182GW,22,12,10,10
LE182GX,19,9,10,13
LE182GY,60,27,33,28
LE182GZ,30,12,18,11
LE182HA,47,23,24,20
LE182HB,56,28,28,23
LE182HD,3,0,3,2
LE182HE,19,8,11,8
LE182HF,70,31,39,33
LE182HG,51,19,32,29
LE182HH,76,36,40,33
LE182HJ,80,39,41,27
LE182HL,40,19,21,18
LE182HN,71,33,38,33
LE182HP,51,26,25,20
LE182HQ,142,73,69,51
LE182HR,127,61,66,49
LE182HS,85,45,40,35
LE182HT,90,41,49,42
LE182HU,15,9,6,6
LE182HW,87,40,47,33
LE182HX,100,42,58,36
LE182HY,31,14,17,23
LE182HZ,112,56,56,38
LE182JA,63,31,32,24
LE182JB,98,50,48,37
LE182JD,78,36,42,25
LE182JE,40,17,23,21
LE182JF,85,43,42,39
LE182JG,13,5,8,6
LE182JH,30,18,12,13
LE182JJ,22,15,7,7
LE182JL,13,5,8,7
LE182JN,52,27,25,17
LE182JP,39,18,21,14
LE182JQ,18,8,10,7
LE182JR,24,12,12,8
LE182JS,45,26,19,16
LE182JT,46,25,21,22
LE182JU,26,10,16,21
LE182JW,24,11,13,11
LE182JX,32,13,19,14
LE182JY,45,20,25,14
LE182JZ,50,25,25,21
LE182LD,15,6,9,11
LE182LE,77,31,46,24
LE182NF,18,9,9,8
LE182NG,13,3,10,11
LE182QT,38,18,20,20
LE182QU,108,58,50,36
LE182QW,18,10,8,8
LE182QX,93,50,43,32
LE182QY,36,20,16,15
LE182QZ,19,9,10,8
LE182RA,30,11,19,12
LE182RB,50,26,24,17
LE182RD,58,27,31,19
LE182RE,19,10,9,6
LE182RF,163,74,89,66
LE182RG,138,59,79,54
LE182RH,49,26,23,22
LE182RJ,29,13,16,18
LE182RL,11,4,7,6
LE182RN,36,20,16,15
LE182RP,62,32,30,24
LE182RQ,57,25,32,24
LE182RR,23,11,12,9
LE182RS,57,30,27,23
LE182RT,69,33,36,26
LE182RU,57,26,31,22
LE182RW,116,64,52,45
LE182RX,46,21,25,24
LE182RY,97,47,50,37
LE182RZ,50,27,23,20
LE183LF,138,71,67,51
LE183LG,22,11,11,6
LE183LJ,57,26,31,32
LE183LL,55,26,29,28
LE183LN,19,10,9,7
LE183LP,35,21,14,12
LE183LQ,69,36,33,26
LE183LR,111,52,59,38
LE183LU,37,18,19,17
LE183NQ,50,30,20,20
LE183PH,69,33,36,41
LE183PL,28,13,15,14
LE183PP,19,10,9,4
LE183PQ,39,20,19,13
LE183PR,121,64,57,40
LE183PS,51,22,29,17
LE183PT,16,9,7,7
LE183PU,67,30,37,27
LE183PW,64,32,32,21
LE183PY,30,15,15,12
LE183PZ,65,30,35,24
LE183QA,66,32,34,24
LE183QB,58,28,30,21
LE183QD,85,45,40,37
LE183QE,20,8,12,8
LE183QF,50,25,25,18
LE183QG,163,83,80,71
LE183QH,51,27,24,26
LE183QJ,66,29,37,31
LE183QL,91,45,46,39
LE183QN,39,15,24,14
LE183QP,31,15,16,12
LE183QQ,25,13,12,12
LE183QR,34,17,17,16
LE183QS,65,32,33,31
LE183QT,25,16,9,13
LE183QU,16,6,10,10
LE183QW,86,45,41,32
LE183QX,71,39,32,26
LE183QY,12,5,7,8
LE183QZ,2,1,1,1
LE183RA,27,11,16,12
LE183RB,14,5,9,9
LE183RD,90,45,45,33
LE183RE,126,65,61,51
LE183RF,69,32,37,29
LE183RG,48,24,24,26
LE183RH,37,20,17,16
LE183RJ,91,48,43,40
LE183RL,130,66,64,55
LE183RN,157,77,80,60
LE183RP,56,26,30,19
LE183RQ,105,51,54,41
LE183RR,106,53,53,39
LE183RS,67,30,37,31
LE183RT,29,17,12,12
LE183RU,40,20,20,19
LE183RW,17,7,10,7
LE183RX,67,38,29,24
LE183RY,23,12,11,9
LE183RZ,27,15,12,11
LE183SA,27,14,13,13
LE183SB,110,56,54,41
LE183SD,121,59,62,52
LE183SE,72,36,36,26
LE183SF,75,42,33,26
LE183SH,23,12,11,8
LE183SJ,116,55,61,47
LE183SL,55,30,25,24
LE183SN,47,22,25,22
LE183SP,113,54,59,43
LE183SQ,60,29,31,23
LE183SR,47,21,26,22
LE183SS,111,53,58,50
LE183ST,58,26,32,31
LE183SU,67,29,38,33
LE183SW,70,36,34,25
LE183SX,7,3,4,4
LE183SY,81,41,40,33
LE183SZ,51,22,29,22
LE183TA,43,24,19,16
LE183TB,19,9,10,7
LE183TD,134,70,64,54
LE183TE,17,10,7,6
LE183TF,19,11,8,7
LE183TG,20,10,10,12
LE183TH,21,10,11,10
LE183TJ,12,6,6,5
LE183TL,5,3,2,3
LE183TN,8,4,4,3
LE183TP,21,9,12,8
LE183TQ,19,9,10,8
LE183TR,9,5,4,5
LE183TS,62,31,31,28
LE183TT,43,22,21,17
LE183TU,34,18,16,16
LE183TY,127,70,57,40
LE183TZ,19,11,8,10
LE183UD,31,15,16,14
LE183UE,24,10,14,8
LE183UF,63,31,32,23
LE183UG,26,12,14,13
LE183UH,60,27,33,26
LE183UJ,86,36,50,39
LE183UN,66,28,38,30
LE183UP,9,2,7,3
LE183WA,35,14,21,12
LE183WB,101,52,49,47
LE183WD,120,54,66,51
LE183WE,44,26,18,15
LE183WF,54,26,28,18
LE183WG,42,22,20,16
LE183WH,96,51,45,31
LE183WJ,59,32,27,21
LE183WL,34,17,17,13
LE183WN,111,52,59,60
LE183WP,29,15,14,14
LE183WQ,53,24,29,21
LE183WR,34,17,17,12
LE183WS,31,16,15,13
LE183WT,25,13,12,12
LE183WU,49,23,26,17
LE183WW,17,9,8,7
LE183WY,141,65,76,64
LE183WZ,156,70,86,64
LE183XA,35,17,18,14
LE183XB,46,20,26,17
LE183XD,22,12,10,11
LE183XE,85,43,42,33
LE183XF,33,18,15,14
LE183XG,66,36,30,30
LE183XH,33,15,18,14
LE183XJ,31,15,16,15
LE183XL,33,15,18,19
LE183XN,62,32,30,25
LE183XP,31,17,14,12
LE183XQ,20,12,8,8
LE183XR,20,11,9,11
LE183XS,8,3,5,4
LE183XT,38,21,17,18
LE183XU,38,17,21,18
LE183XW,92,46,46,34
LE183XX,22,8,14,14
LE183XY,24,12,12,12
LE183YA,84,43,41,55
LE183YB,58,29,29,31
LE183YD,23,12,11,9
LE183YE,28,14,14,12
LE183YF,20,11,9,7
LE183YG,7,4,3,4
LE183YH,30,18,12,12
LE183YJ,5,1,4,3
LE183YL,4,4,0,4
LE183YN,34,19,15,11
LE183YP,6,6,0,5
LE183ZA,23,14,9,9
LE184AB,14,8,6,11
LE184AD,13,8,5,8
LE184LA,45,22,23,22
LE184LB,21,13,8,13
LE184LD,69,38,31,36
LE184LE,15,6,9,12
LE184LF,41,19,22,18
LE184LG,20,10,10,14
LE184LH,47,23,24,23
LE184LJ,40,16,24,20
LE184LL,37,19,18,16
LE184LN,31,15,16,18
LE184LP,64,32,32,28
LE184LQ,29,9,20,13
LE184LR,45,22,23,23
LE184LS,60,33,27,26
LE184LT,31,18,13,18
LE184LU,80,34,46,38
LE184LW,71,28,43,31
LE184LX,74,39,35,33
LE184LY,94,46,48,37
LE184LZ,79,33,46,33
LE184NA,51,30,21,23
LE184NB,25,11,14,10
LE184ND,62,34,28,27
LE184NE,31,15,16,12
LE184NG,112,51,61,39
LE184NH,20,10,10,11
LE184NJ,44,18,26,15
LE184NL,99,35,64,46
LE184NN,34,17,17,12
LE184NP,40,24,16,14
LE184NQ,76,33,43,36
LE184NR,147,69,78,42
LE184NS,28,15,13,13
LE184NT,46,19,27,15
LE184NU,23,12,11,12
LE184PA,21,12,9,14
LE184PB,23,14,9,15
LE184PD,111,59,52,51
LE184PE,37,19,18,19
LE184PF,34,13,21,17
LE184PG,95,45,50,48
LE184PL,2,0,2,1
LE184PN,29,14,15,20
LE184PU,14,8,6,7
LE184PW,132,65,67,57
LE184PX,91,46,45,38
LE184PY,89,46,43,38
LE184PZ,48,20,28,22
LE184QA,122,50,72,43
LE184QB,106,58,48,37
LE184QD,109,49,60,54
LE184QE,46,25,21,22
LE184QF,63,28,35,31
LE184QG,87,41,46,38
LE184QH,53,25,28,25
LE184QJ,36,20,16,17
LE184SA,84,41,43,35
LE184SB,16,4,12,10
LE184SD,10,7,3,4
LE184SE,11,8,3,8
LE184SF,127,56,71,44
LE184SH,78,33,45,39
LE184SJ,73,35,38,34
LE184SL,66,32,34,27
LE184SN,51,25,26,21
LE184SP,78,43,35,33
LE184SQ,66,28,38,34
LE184SR,70,36,34,32
LE184SS,15,6,9,6
LE184ST,89,40,49,36
LE184SW,65,32,33,21
LE184SX,74,40,34,31
LE184TA,27,10,17,10
LE184TD,53,30,23,24
LE184TH,84,38,46,38
LE184TJ,62,31,31,34
LE184TN,521,521,0,0
LE184TR,43,11,32,36
LE184UA,38,16,22,14
LE184UB,28,13,15,9
LE184UD,74,39,35,21
LE184UE,22,11,11,9
LE184UF,159,63,96,33
LE184UH,108,53,55,41
LE184UJ,57,27,30,20
LE184UL,25,13,12,11
LE184UN,81,38,43,29
LE184UP,91,48,43,32
LE184UQ,11,5,6,6
LE184UW,25,11,14,9
LE184UX,2,1,1,1
LE184WA,55,30,25,24
LE184WB,73,33,40,37
LE184WD,86,41,45,42
LE184WE,94,44,50,41
LE184WF,57,25,32,24
LE184WG,21,12,9,6
LE184WH,99,40,59,49
LE184WJ,43,21,22,23
LE184WL,76,42,34,29
LE184WN,89,46,43,30
LE184WP,98,47,51,44
LE184WQ,60,29,31,21
LE184WS,47,42,5,0
LE184WT,13,6,7,6
LE184XA,46,20,26,31
LE184XB,66,31,35,30
LE184XE,33,15,18,19
LE184XF,58,26,32,26
LE184XG,33,14,19,14
LE184XJ,11,6,5,6
LE184XL,83,39,44,43
LE184XN,34,14,20,22
LE184XP,41,18,23,22
LE184XQ,99,47,52,49
LE184XR,73,32,41,31
LE184XS,115,63,52,47
LE184XT,11,7,4,8
LE184XU,89,45,44,37
LE184XW,49,26,23,22
LE184XX,24,12,12,10
LE184XZ,36,21,15,15
LE184YA,78,44,34,33
LE184YB,42,21,21,19
LE184YD,58,31,27,31
LE184YE,53,27,26,26
LE184YF,107,52,55,40
LE184YG,43,18,25,21
LE184YH,67,31,36,30
LE184YJ,26,12,14,12
LE184YS,26,13,13,8
LE184YT,9,4,5,4
LE191LW,4,3,1,3
LE191RJ,2,1,1,1
LE191RP,1,1,0,1
LE191SN,4,1,3,1
LE191SX,1,1,0,1
LE191WA,1,1,0,1
LE191WL,2,0,2,1
LE192AA,32,17,15,21
LE192AE,32,12,20,15
LE192AJ,17,8,9,9
LE192AR,83,40,43,33
LE192AW,24,11,13,14
LE192AZ,9,5,4,3
LE192BA,52,26,26,21
LE192BB,72,31,41,34
LE192BD,40,20,20,18
LE192BE,97,45,52,39
LE192BF,71,36,35,26
LE192BG,45,23,22,17
LE192BH,75,42,33,29
LE192BJ,23,13,10,11
LE192BL,42,18,24,15
LE192BN,20,10,10,8
LE192BP,37,23,14,12
LE192BQ,54,14,40,6
LE192BR,80,32,48,27
LE192BS,41,20,21,12
LE192BT,18,9,9,6
LE192BU,115,53,62,48
LE192BW,93,49,44,35
LE192DA,64,33,31,24
LE192DB,102,50,52,37
LE192DD,82,41,41,35
LE192DE,138,63,75,53
LE192DF,52,26,26,20
LE192DG,76,37,39,27
LE192DH,56,24,32,26
LE192DJ,56,29,27,24
LE192DN,97,48,49,36
LE192DP,74,37,37,31
LE192DQ,136,67,69,60
LE192DR,84,41,43,37
LE192DW,31,12,19,22
LE192DX,4,2,2,1
LE192DZ,6,4,2,4
LE192ED,15,10,5,6
LE192EE,64,30,34,22
LE192EL,49,25,24,19
LE192FU,8,3,5,7
LE192FX,14,4,10,13
LE192FY,72,30,42,35
LE192GB,68,32,36,27
LE192GD,21,11,10,14
LE192GE,17,7,10,8
LE192GJ,4,3,1,1
LE192GL,11,8,3,7
LE192GQ,39,24,15,17
LE192GR,47,28,19,20
LE192GS,8,4,4,3
LE192GT,15,7,8,14
LE192GU,10,5,5,6
LE192GX,11,5,6,5
LE192GY,44,20,24,19
LE192GZ,37,15,22,15
LE192HA,15,6,9,10
LE192HB,36,17,19,12
LE192HD,57,30,27,28
LE192HE,50,25,25,27
LE192HF,83,44,39,30
LE192HG,101,46,55,41
LE192HH,24,12,12,8
LE192HJ,43,26,17,20
LE192HL,36,16,20,19
LE192HN,32,21,11,20
LE192HP,85,45,40,32
LE192HQ,23,10,13,8
LE192HR,1,1,0,1
LE192HS,73,41,32,33
LE192HT,56,25,31,22
LE192HU,53,26,27,19
LE192HW,118,60,58,51
LE192HX,38,18,20,18
LE192HY,63,33,30,27
LE192HZ,15,7,8,9
LE192JA,89,47,42,36
LE192JB,18,7,11,9
LE192JD,14,6,8,5
LE192JE,32,18,14,10
LE192JF,11,4,7,7
LE192JG,34,15,19,13
LE192JH,61,31,30,38
LE192JJ,27,15,12,12
LE192JL,68,30,38,32
LE192JN,35,11,24,20
LE192JP,52,24,28,24
LE192JQ,16,9,7,10
LE192JR,36,16,20,17
LE192JS,51,25,26,14
LE192JT,13,4,9,7
LE192JU,80,40,40,37
LE192JW,11,6,5,8
LE192JX,63,29,34,28
LE192JY,48,26,22,21
LE192JZ,21,12,9,8
LE192LA,11,7,4,10
LE192LB,99,47,52,40
LE192LJ,99,44,55,47
LE192LL,187,93,94,88
LE192LP,41,21,20,22
LE192LU,11,10,1,11
LE192NH,45,19,26,17
LE192PT,50,27,23,20
LE192PU,42,18,24,23
LE192PW,15,6,9,7
LE192PX,28,14,14,12
LE192RA,53,24,29,14
LE192RB,56,26,30,21
LE192RD,21,12,9,8
LE192RE,55,24,31,18
LE192RF,18,10,8,7
LE192RG,130,64,66,50
LE192RH,69,35,34,30
LE192RJ,25,10,15,8
LE192RN,167,83,84,69
LE192RP,75,34,41,37
LE192TP,44,20,24,22
LE192TQ,25,10,15,10
LE192TR,33,21,12,10
LE192XA,8,5,3,2
LE192XW,20,9,11,8
LE193AY,33,15,18,17
LE193BT,136,64,72,43
LE193DS,24,12,12,9
LE193DT,15,7,8,7
LE193DW,50,28,22,16
LE193DX,132,63,69,69
LE193DY,50,25,25,21
LE193DZ,50,25,25,22
LE193EA,33,18,15,15
LE193EB,16,7,9,7
LE193ED,38,18,20,20
LE193EE,55,31,24,25
LE193EF,97,44,53,40
LE193EH,100,53,47,43
LE193EJ,209,108,101,81
LE193EN,16,9,7,6
LE193EP,27,11,16,12
LE193EQ,49,24,25,24
LE193ER,57,27,30,20
LE193ET,40,21,19,16
LE193EU,18,10,8,7
LE193EW,105,47,58,38
LE193EX,20,8,12,9
LE193EY,94,42,52,42
LE193EZ,22,10,12,11
LE193FA,114,55,59,38
LE193FB,88,46,42,38
LE193FD,77,38,39,35
LE193FE,24,9,15,9
LE193FF,51,24,27,20
LE193FG,37,19,18,10
LE193FH,37,21,16,15
LE193FJ,29,15,14,13
LE193FL,20,10,10,8
LE193FN,18,8,10,7
LE193FP,11,6,5,4
LE193FQ,17,7,10,7
LE193FR,29,16,13,8
LE193FS,8,3,5,3
LE193FT,51,25,26,22
LE193FU,72,39,33,23
LE193FW,34,17,17,16
LE193FX,9,4,5,5
LE193FY,39,19,20,20
LE193GA,25,13,12,8
LE193GN,82,40,42,32
LE193GP,66,31,35,24
LE193GR,12,7,5,5
LE193LD,36,19,17,14
LE193LR,2,1,1,1
LE193LU,50,22,28,19
LE193LW,55,32,23,20
LE193LX,16,8,8,9
LE193LY,41,18,23,16
LE193LZ,50,31,19,19
LE193PS,48,26,22,20
LE193PZ,39,19,20,14
LE193RX,57,27,30,21
LE193RY,134,57,77,52
LE193RZ,52,24,28,23
LE193SZ,28,11,17,10
LE193WA,49,25,24,18
LE193WB,6,3,3,3
LE193WD,21,11,10,9
LE193WE,1,0,1,1
LE193WF,69,33,36,24
LE193WG,27,15,12,8
LE193WH,39,20,19,15
LE193WJ,70,33,37,22
LE193WL,38,21,17,15
LE193WN,28,12,16,10
LE193WP,125,56,69,45
LE193WQ,41,17,24,19
LE193WS,95,51,44,33
LE193WY,3,1,2,3
LE193XP,34,17,17,18
LE193YA,52,28,24,18
LE193YB,75,39,36,24
LE193YD,30,18,12,13
LE193YE,18,6,12,6
LE193YF,20,12,8,6
LE193YH,23,13,10,7
LE193YJ,44,25,19,17
LE193YL,13,8,5,5
LE193YP,5,2,3,1
LE193YQ,20,9,11,10
LE193YR,42,20,22,21
LE193YS,35,22,13,17
LE193YT,35,17,18,19
LE193YU,54,25,29,16
LE193YW,32,18,14,10
LE193YX,72,37,35,24
LE193YY,41,20,21,12
LE193YZ,42,23,19,13
LE193ZA,153,82,71,64
LE193ZB,92,42,50,39
LE193ZD,49,23,26,21
LE194AA,29,14,15,11
LE194AB,71,41,30,33
LE194AD,22,13,9,12
LE194AF,17,8,9,8
LE194AG,59,30,29,30
LE194AH,44,19,25,14
LE194AL,31,15,16,14
LE194AN,23,13,10,15
LE194AP,85,41,44,34
LE194AQ,60,26,34,25
LE194AR,6,3,3,2
LE194AX,5,3,2,3
LE194AZ,16,8,8,7
LE194LA,23,11,12,9
LE194LE,75,39,36,34
LE194LF,101,49,52,39
LE194LG,1,0,1,1
LE194LN,93,57,36,26
LE194LP,7,3,4,2
LE194LS,68,34,34,33
LE194LT,79,35,44,36
LE194LU,9,4,5,4
LE194LZ,28,12,16,15
LE194NA,113,62,51,39
LE194NB,25,14,11,10
LE194ND,17,8,9,7
LE194NE,76,33,43,45
LE194NF,65,31,34,28
LE194NG,58,25,33,24
LE194NH,14,10,4,9
LE194NJ,42,21,21,21
LE194NN,62,29,33,36
LE194NP,74,38,36,26
LE194NQ,103,48,55,38
LE194NR,22,11,11,12
LE194NS,88,44,44,32
LE194NT,95,40,55,43
LE194NU,18,6,12,15
LE194NW,80,41,39,42
LE194NX,67,31,36,32
LE194NY,74,36,38,38
LE194NZ,95,51,44,40
LE194PA,59,30,29,30
LE194PB,13,6,7,9
LE194PD,24,12,12,8
LE194PE,8,4,4,5
LE194PF,22,10,12,10
LE194PG,11,6,5,7
LE194PH,7,3,4,3
LE194PJ,47,25,22,17
LE194PL,31,17,14,10
LE194PN,8,2,6,6
LE194PP,25,10,15,17
LE194PQ,15,6,9,4
LE194PZ,26,14,12,19
LE194QA,45,24,21,15
LE194QB,45,19,26,18
LE194QD,60,31,29,22
LE194QE,13,3,10,10
LE194QF,107,56,51,45
LE194QG,81,45,36,34
LE194QH,70,36,34,33
LE194QJ,49,26,23,21
LE194QL,97,45,52,37
LE194QN,37,18,19,16
LE194QP,20,10,10,11
LE194QQ,75,38,37,31
LE194QR,67,36,31,25
LE194QS,37,19,18,15
LE194QT,64,29,35,29
LE194QU,33,16,17,27
LE194QW,40,17,23,24
LE194QX,92,52,40,39
LE194QY,13,6,7,7
LE194QZ,151,72,79,56
LE194RL,42,18,24,23
LE194RS,34,17,17,13
LE194RT,9,4,5,4
LE194RU,98,50,48,32
LE194RW,20,11,9,6
LE194SL,2,0,2,0
LE194SN,121,56,65,38
LE194SQ,177,75,102,73
LE194XL,8,4,4,3
LE2 0AB,98,54,44,23
LE2 0AD,112,51,61,31
LE2 0AF,158,84,74,43
LE2 0AG,48,26,22,15
LE2 0AH,151,85,66,39
LE2 0AJ,66,35,31,18
LE2 0AL,111,56,55,29
LE2 0AN,92,40,52,20
LE2 0AP,152,72,80,40
LE2 0AQ,41,20,21,10
LE2 0AR,55,28,27,17
LE2 0AS,169,76,93,48
LE2 0AU,114,61,53,30
LE2 0AW,79,39,40,19
LE2 0BA,84,41,43,21
LE2 0BB,203,102,101,49
LE2 0DA,115,68,47,30
LE2 0DB,96,48,48,27
LE2 0DD,98,44,54,30
LE2 0DE,113,56,57,33
LE2 0DF,87,35,52,26
LE2 0DG,119,63,56,32
LE2 0DH,108,54,54,34
LE2 0DJ,89,46,43,30
LE2 0DL,105,54,51,38
LE2 0DN,53,31,22,13
LE2 0DP,75,36,39,14
LE2 0DQ,79,41,38,23
LE2 0DR,99,55,44,36
LE2 0DS,96,96,0,0
LE2 0DT,108,59,49,29
LE2 0DU,168,86,82,45
LE2 0DW,165,85,80,45
LE2 0DX,132,59,73,36
LE2 0EA,101,52,49,26
LE2 0EB,134,65,69,39
LE2 0ED,143,78,65,41
LE2 0FA,143,73,70,35
LE2 0FB,140,66,74,33
LE2 0FD,88,43,45,22
LE2 0FE,127,68,59,31
LE2 0FF,109,46,63,25
LE2 0FG,27,15,12,8
LE2 0FH,164,88,76,35
LE2 0FJ,33,15,18,11
LE2 0FL,64,35,29,20
LE2 0FN,43,20,23,12
LE2 0FP,54,20,34,14
LE2 0FQ,67,33,34,15
LE2 0FR,102,48,54,27
LE2 0FS,110,52,58,28
LE2 0FU,160,85,75,38
LE2 0FW,153,78,75,47
LE2 0FX,137,70,67,32
LE2 0FY,171,89,82,37
LE2 0GA,147,73,74,37
LE2 0GB,144,69,75,33
LE2 0GD,123,58,65,33
LE2 0GE,116,52,64,32
LE2 0GF,181,98,83,40
LE2 0GG,111,52,59,28
LE2 0GH,96,44,52,26
LE2 0GJ,106,59,47,30
LE2 0GL,76,39,37,20
LE2 0GN,26,15,11,11
LE2 0GP,114,61,53,25
LE2 0GQ,45,26,19,10
LE2 0GR,107,55,52,28
LE2 0GS,128,66,62,27
LE2 0GT,84,48,36,25
LE2 0GU,49,25,24,14
LE2 0GW,53,28,25,14
LE2 0HB,115,59,56,28
LE2 0HF,95,43,52,22
LE2 0JA,61,28,33,24
LE2 0JD,19,11,8,11
LE2 0JE,50,30,20,26
LE2 0JF,86,39,47,34
LE2 0JH,78,45,33,38
LE2 0JN,66,39,27,16
LE2 0JR,61,31,30,40
LE2 0JS,57,37,20,32
LE2 0JT,144,78,66,51
LE2 0JU,40,29,11,19
LE2 0LA,46,33,13,22
LE2 0LB,75,40,35,26
LE2 0NA,127,55,72,53
LE2 0ND,92,50,42,49
LE2 0NE,116,56,60,34
LE2 0NN,129,71,58,53
LE2 0NQ,145,90,55,48
LE2 0PE,21,8,13,13
LE2 0PF,34,19,15,13
LE2 0QD,18,8,10,10
LE2 0QE,59,49,10,56
LE2 0QN,66,49,17,54
LE2 0QP,59,43,16,56
LE2 0QR,3,2,1,3
LE2 0QS,53,32,21,21
LE2 0QX,41,27,14,20
LE2 0RD,18,5,13,5
LE2 0SA,177,91,86,54
LE2 0SD,67,27,40,14
LE2 0SE,159,75,84,49
LE2 0SF,74,35,39,18
LE2 0SG,47,20,27,19
LE2 0SH,103,42,61,27
LE2 0SQ,47,27,20,14
LE2 0TA,77,38,39,15
LE2 0TD,26,13,13,11
LE2 0TL,55,32,23,30
LE2 0TN,71,41,30,33
LE2 0TQ,100,43,57,30
LE2 0TR,42,23,19,11
LE2 0UA,92,52,40,40
LE2 0UF,79,37,42,26
LE2 0UG,131,66,65,39
LE2 0UH,118,62,56,41
LE2 0UJ,169,80,89,54
LE2 0UL,205,90,115,80
LE2 0UN,166,104,62,94
LE2 0UP,163,98,65,90
LE2 0UQ,121,62,59,43
LE2 0UR,50,22,28,18
LE2 0US,144,91,53,90
LE2 0UT,69,36,33,24
LE2 0UU,181,86,95,60
LE2 0UW,157,104,53,88
LE2 0UX,84,40,44,21
LE2 0UY,73,39,34,25
LE2 0UZ,85,39,46,55
LE2 1AA,23,14,9,12
LE2 1AB,63,42,21,35
LE2 1AD,171,108,63,36
LE2 1AE,10,5,5,4
LE2 1AH,66,37,29,28
LE2 1AJ,58,34,24,29
LE2 1BA,83,47,36,32
LE2 1BB,108,57,51,31
LE2 1BD,101,57,44,33
LE2 1BE,36,19,17,10
LE2 1BF,60,31,29,15
LE2 1BH,57,27,30,17
LE2 1BL,121,57,64,35
LE2 1BN,153,81,72,44
LE2 1BP,141,63,78,39
LE2 1BQ,22,12,10,8
LE2 1BR,121,65,56,35
LE2 1BS,52,27,25,21
LE2 1BT,89,45,44,24
LE2 1BU,98,50,48,28
LE2 1BW,103,51,52,31
LE2 1DA,35,19,16,17
LE2 1DB,58,36,22,27
LE2 1DD,69,32,37,23
LE2 1DE,85,46,39,18
LE2 1DF,66,36,30,22
LE2 1DG,127,60,67,31
LE2 1DH,56,32,24,17
LE2 1DJ,48,26,22,21
LE2 1DP,128,70,58,38
LE2 1DQ,80,50,30,20
LE2 1DR,5,3,2,3
LE2 1DS,103,46,57,29
LE2 1ED,13,9,4,3
LE2 1EF,6,5,1,2
LE2 1EG,20,15,5,14
LE2 1FA,182,91,91,57
LE2 1FB,193,107,86,53
LE2 1FD,27,14,13,8
LE2 1FF,140,82,58,51
LE2 1FG,87,44,43,21
LE2 1FH,134,64,70,49
LE2 1FJ,145,65,80,50
LE2 1FN,52,26,26,15
LE2 1FP,127,76,51,41
LE2 1FQ,103,49,54,33
LE2 1FR,21,10,11,7
LE2 1FT,138,66,72,46
LE2 1FU,130,58,72,41
LE2 1FX,92,53,39,28
LE2 1FY,89,49,40,43
LE2 1FZ,6,3,3,1
LE2 1GA,31,12,19,10
LE2 1GB,124,65,59,33
LE2 1GD,122,61,61,44
LE2 1GE,118,59,59,37
LE2 1GF,128,70,58,45
LE2 1GG,47,28,19,14
LE2 1GH,67,30,37,28
LE2 1GJ,124,85,39,39
LE2 1GL,70,48,22,39
LE2 1GN,34,18,16,16
LE2 1GP,18,8,10,6
LE2 1HA,82,47,35,53
LE2 1HB,130,73,57,51
LE2 1HD,119,71,48,41
LE2 1HF,12,7,5,5
LE2 1HG,62,30,32,21
LE2 1HH,95,47,48,22
LE2 1HL,10,4,6,3
LE2 1HN,108,50,58,25
LE2 1HP,24,11,13,13
LE2 1HQ,152,82,70,65
LE2 1HR,88,47,41,62
LE2 1HS,156,99,57,49
LE2 1LA,58,28,30,19
LE2 1LB,64,29,35,18
LE2 1LD,75,41,34,26
LE2 1LE,103,52,51,36
LE2 1LF,134,74,60,40
LE2 1LG,121,77,44,29
LE2 1LH,96,47,49,30
LE2 1LJ,73,30,43,25
LE2 1LL,88,38,50,25
LE2 1LN,35,19,16,12
LE2 1LP,113,54,59,33
LE2 1LQ,26,15,11,9
LE2 1LR,22,17,5,6
LE2 1LT,21,10,11,7
LE2 1LU,31,16,15,10
LE2 1LW,76,34,42,31
LE2 1NA,55,46,9,17
LE2 1ND,52,34,18,30
LE2 1NE,19,13,6,10
LE2 1NF,13,5,8,5
LE2 1PA,64,30,34,23
LE2 1PB,89,48,41,25
LE2 1PD,87,41,46,26
LE2 1PE,90,45,45,27
LE2 1PF,66,27,39,23
LE2 1PG,78,43,35,26
LE2 1PH,134,67,67,39
LE2 1PJ,101,50,51,33
LE2 1PL,124,61,63,42
LE2 1PN,69,30,39,20
LE2 1PP,82,42,40,26
LE2 1PQ,83,43,40,24
LE2 1PR,101,53,48,26
LE2 1PS,96,47,49,26
LE2 1QA,85,36,49,31
LE2 1QB,66,32,34,24
LE2 1QD,88,46,42,26
LE2 1QE,63,32,31,22
LE2 1QF,66,33,33,22
LE2 1QG,162,102,60,99
LE2 1QH,84,50,34,28
LE2 1QJ,23,13,10,6
LE2 1QL,11,7,4,6
LE2 1QN,7,4,3,2
LE2 1QZ,8,2,6,3
LE2 1RA,84,42,42,22
LE2 1RB,40,23,17,17
LE2 1RD,54,27,27,31
LE2 1RE,78,36,42,19
LE2 1RF,59,26,33,25
LE2 1RH,98,63,35,62
LE2 1RJ,43,20,23,24
LE2 1RR,45,23,22,22
LE2 1RY,4,2,2,1
LE2 1SA,78,38,40,22
LE2 1SB,45,24,21,12
LE2 1SD,41,21,20,20
LE2 1SE,72,35,37,23
LE2 1SF,75,34,41,21
LE2 1TA,64,32,32,32
LE2 1TB,107,48,59,36
LE2 1TD,91,47,44,41
LE2 1TE,63,35,28,21
LE2 1TF,82,44,38,36
LE2 1TG,79,34,45,35
LE2 1TH,59,28,31,28
LE2 1TJ,51,23,28,27
LE2 1TL,86,41,45,37
LE2 1TN,99,46,53,42
LE2 1TP,62,25,37,38
LE2 1TQ,20,11,9,11
LE2 1TR,42,18,24,20
LE2 1TS,43,20,23,27
LE2 1TT,24,15,9,15
LE2 1TU,13,8,5,7
LE2 1TW,12,7,5,7
LE2 1WA,84,33,51,23
LE2 1WB,86,46,40,39
LE2 1WD,68,35,33,32
LE2 1WE,67,50,17,20
LE2 1WF,93,53,40,36
LE2 1WG,66,32,34,35
LE2 1WH,63,30,33,21
LE2 1WJ,79,31,48,34
LE2 1WL,80,27,53,33
LE2 1WN,14,6,8,10
LE2 1WP,44,22,22,33
LE2 1WQ,42,28,14,25
LE2 1WR,71,28,43,36
LE2 1WS,36,21,15,17
LE2 1WT,97,46,51,40
LE2 1XA,19,8,11,12
LE2 1XB,89,44,45,47
LE2 1XD,46,27,19,16
LE2 1XE,67,40,27,24
LE2 1XF,71,28,43,25
LE2 1XG,57,23,34,28
LE2 1XH,103,48,55,38
LE2 1XJ,59,34,25,22
LE2 1XL,47,26,21,21
LE2 1XN,52,24,28,19
LE2 1XP,68,36,32,24
LE2 1XQ,63,36,27,26
LE2 1XR,36,27,9,29
LE2 1YA,100,47,53,36
LE2 1YB,92,48,44,43
LE2 1YD,87,37,50,35
LE2 1YE,138,66,72,47
LE2 1YF,58,35,23,20
LE2 1YG,136,78,58,46
LE2 1YH,100,48,52,36
LE2 1YN,30,16,14,19
LE2 1ZA,146,79,67,84
LE2 1ZB,85,43,42,54
LE2 1ZD,28,10,18,16
LE2 1ZE,64,30,34,36
LE2 1ZF,53,32,21,38
LE2 1ZH,31,13,18,20
LE2 2AA,93,51,42,63
LE2 2AB,76,38,38,51
LE2 2AD,125,60,65,81
LE2 2AE,46,23,23,27
LE2 2AG,43,23,20,29
LE2 2AH,53,25,28,30
LE2 2AJ,61,33,28,34
LE2 2AL,10,5,5,7
LE2 2AN,12,5,7,8
LE2 2AP,35,20,15,23
LE2 2AQ,66,39,27,22
LE2 2AR,84,45,39,30
LE2 2AS,43,24,19,33
LE2 2BA,75,35,40,29
LE2 2BB,125,68,57,64
LE2 2BD,32,15,17,18
LE2 2BE,42,21,21,24
LE2 2BF,77,41,36,28
LE2 2BG,94,39,55,29
LE2 2BH,53,31,22,30
LE2 2BJ,101,61,40,60
LE2 2BL,58,34,24,28
LE2 2BN,25,10,15,11
LE2 2BP,51,26,25,29
LE2 2BQ,10,5,5,5
LE2 2BT,16,8,8,5
LE2 2DA,32,21,11,22
LE2 2DB,55,27,28,20
LE2 2DD,60,26,34,20
LE2 2DE,29,15,14,12
LE2 2DF,34,17,17,13
LE2 2DG,15,7,8,6
LE2 2DH,16,8,8,7
LE2 2DJ,63,31,32,22
LE2 2DL,10,5,5,4
LE2 2DN,44,18,26,18
LE2 2DP,67,32,35,20
LE2 2DQ,54,28,26,16
LE2 2DR,19,11,8,6
LE2 2DS,11,5,6,4
LE2 2EA,13,6,7,4
LE2 2EB,63,32,31,29
LE2 2ED,24,10,14,9
LE2 2EE,28,14,14,9
LE2 2EF,44,21,23,15
LE2 2EG,61,32,29,21
LE2 2EH,65,30,35,26
LE2 2EJ,130,64,66,76
LE2 2EL,7,4,3,3
LE2 2EX,73,33,40,24
LE2 2EY,14,6,8,5
LE2 2EZ,7,2,5,2
LE2 2FA,11,4,7,3
LE2 2FB,17,8,9,5
LE2 2FD,46,24,22,13
LE2 2FE,15,7,8,3
LE2 2FF,56,29,27,13
LE2 2FG,14,8,6,4
LE2 2FH,135,65,70,49
LE2 2FJ,27,15,12,10
LE2 2FL,115,51,64,50
LE2 2FP,23,11,12,10
LE2 2FQ,5,3,2,1
LE2 2FR,9,5,4,4
LE2 2FS,45,22,23,18
LE2 2FT,12,7,5,6
LE2 2FU,54,29,25,17
LE2 2FW,23,12,11,8
LE2 2HA,111,58,53,30
LE2 2HB,49,28,21,16
LE2 2HD,68,36,32,16
LE2 2HE,110,53,57,27
LE2 2HF,85,45,40,25
LE2 2HG,51,24,27,10
LE2 2HH,45,19,26,12
LE2 2HJ,68,33,35,15
LE2 2HL,29,13,16,8
LE2 2HN,79,43,36,20
LE2 2HP,60,29,31,16
LE2 2HQ,44,19,25,11
LE2 2HR,31,15,16,9
LE2 2LA,21,10,11,10
LE2 2LD,43,22,21,15
LE2 2LE,72,37,35,21
LE2 2LF,71,35,36,18
LE2 2LG,716,354,362,0
LE2 2LH,632,309,323,1
LE2 2LL,72,28,44,13
LE2 2LN,14,8,6,5
LE2 2LQ,3,1,2,2
LE2 2LR,19,7,12,7
LE2 2LS,46,22,24,16
LE2 2LT,35,12,23,11
LE2 2NA,294,165,129,0
LE2 2NE,183,127,56,1
LE2 2NG,20,12,8,2
LE2 2PA,88,44,44,38
LE2 2PB,85,40,45,25
LE2 2PD,55,26,29,22
LE2 2PE,61,25,36,26
LE2 2PF,61,30,31,26
LE2 2PG,20,11,9,16
LE2 2PJ,103,63,40,25
LE2 2PL,76,30,46,44
LE2 2PN,68,40,28,46
LE2 2PP,82,31,51,36
LE2 2PQ,54,28,26,39
LE2 2PR,6,2,4,4
LE2 2PU,26,12,14,0
LE2 2PW,18,9,9,12
LE2 2PY,68,31,37,52
LE2 2PZ,30,9,21,24
LE2 2RA,50,28,22,16
LE2 2RB,77,38,39,28
LE2 2RD,84,42,42,31
LE2 2RE,58,25,33,17
LE2 2RF,84,30,54,11
LE2 2RG,56,26,30,13
LE2 2RH,64,31,33,14
LE2 2RJ,41,20,21,11
LE2 2RL,24,10,14,7
LE2 2RN,53,30,23,17
LE2 2SA,14,6,8,6
LE2 2SB,24,12,12,5
LE2 3AA,46,20,26,26
LE2 3AB,88,50,38,39
LE2 3AD,117,58,59,60
LE2 3AE,52,22,30,29
LE2 3AF,46,29,17,27
LE2 3AG,105,58,47,42
LE2 3AH,85,51,34,41
LE2 3AJ,55,29,26,26
LE2 3AL,16,8,8,10
LE2 3AN,74,36,38,26
LE2 3AP,65,27,38,20
LE2 3AQ,112,50,62,42
LE2 3AR,44,19,25,21
LE2 3BA,121,59,62,56
LE2 3BB,71,36,35,33
LE2 3BD,2,1,1,1
LE2 3BE,57,19,38,15
LE2 3BU,102,50,52,39
LE2 3BW,80,34,46,34
LE2 3BX,27,16,11,12
LE2 3BZ,65,39,26,34
LE2 3DA,20,10,10,8
LE2 3DB,99,43,56,36
LE2 3DD,22,10,12,10
LE2 3DE,62,25,37,23
LE2 3DF,58,31,27,28
LE2 3DG,68,35,33,23
LE2 3DH,77,39,38,22
LE2 3DJ,80,43,37,28
LE2 3DL,79,40,39,26
LE2 3DN,92,41,51,34
LE2 3DP,76,40,36,25
LE2 3DQ,42,21,21,11
LE2 3DR,81,39,42,29
LE2 3EA,108,48,60,59
LE2 3EB,47,19,28,30
LE2 3ED,9,5,4,6
LE2 3EE,69,35,34,25
LE2 3EF,61,28,33,24
LE2 3EG,25,13,12,12
LE2 3EH,51,21,30,25
LE2 3EJ,18,9,9,9
LE2 3EL,100,50,50,45
LE2 3EN,21,11,10,12
LE2 3EP,52,21,31,25
LE2 3EQ,64,23,41,26
LE2 3ER,105,43,62,53
LE2 3ES,6,3,3,4
LE2 3ET,19,11,8,13
LE2 3EU,21,10,11,11
LE2 3FA,42,21,21,17
LE2 3FB,50,24,26,20
LE2 3FD,50,25,25,20
LE2 3FE,79,47,32,25
LE2 3FF,51,23,28,22
LE2 3FG,87,38,49,35
LE2 3FH,99,44,55,38
LE2 3FJ,74,33,41,28
LE2 3FL,35,15,20,22
LE2 3FN,90,39,51,37
LE2 3FP,37,14,23,15
LE2 3FS,25,13,12,17
LE2 3FT,65,33,32,28
LE2 3FU,59,28,31,20
LE2 3GA,84,49,35,36
LE2 3GB,77,44,33,30
LE2 3GD,65,36,29,24
LE2 3GE,65,28,37,26
LE2 3HA,12,7,5,5
LE2 3HB,122,61,61,66
LE2 3HD,110,52,58,41
LE2 3HE,107,50,57,56
LE2 3HF,18,9,9,7
LE2 3HG,73,34,39,27
LE2 3HH,64,37,27,25
LE2 3HJ,28,12,16,10
LE2 3HL,73,36,37,31
LE2 3HN,25,11,14,6
LE2 3HP,65,35,30,22
LE2 3JA,11,5,6,3
LE2 3JB,50,20,30,24
LE2 3JD,126,53,73,25
LE2 3JE,35,19,16,7
LE2 3JF,8,3,5,3
LE2 3JG,58,24,34,29
LE2 3JH,133,72,61,55
LE2 3JJ,41,20,21,16
LE2 3JL,43,24,19,15
LE2 3JN,100,40,60,50
LE2 3JP,72,28,44,37
LE2 3JQ,38,17,21,13
LE2 3JR,52,24,28,27
LE2 3JS,52,23,29,24
LE2 3JT,36,19,17,8
LE2 3JU,57,27,30,19
LE2 3JW,28,14,14,10
LE2 3JX,9,5,4,3
LE2 3JZ,9,3,6,4
LE2 3LA,36,18,18,15
LE2 3LB,33,17,16,13
LE2 3LD,23,13,10,11
LE2 3LE,26,13,13,14
LE2 3LF,34,14,20,22
LE2 3LG,63,36,27,25
LE2 3LH,84,39,45,33
LE2 3LJ,55,27,28,22
LE2 3LL,64,28,36,19
LE2 3LN,23,9,14,13
LE2 3LP,70,30,40,32
LE2 3LQ,44,21,23,24
LE2 3LR,7,3,4,6
LE2 3LS,63,29,34,29
LE2 3LT,26,11,15,11
LE2 3LW,19,9,10,8
LE2 3NA,94,52,42,39
LE2 3NB,67,33,34,26
LE2 3ND,102,34,68,19
LE2 3NE,12,9,3,5
LE2 3NF,1,1,0,1
LE2 3NG,38,15,23,16
LE2 3NH,21,9,12,8
LE2 3PA,60,29,31,23
LE2 3PB,73,39,34,29
LE2 3PD,39,19,20,19
LE2 3PE,27,15,12,12
LE2 3PF,62,28,34,25
LE2 3PG,52,30,22,22
LE2 3PH,37,20,17,13
LE2 3PJ,42,18,24,18
LE2 3PL,59,26,33,22
LE2 3PN,59,28,31,25
LE2 3PP,94,50,44,33
LE2 3PQ,37,18,19,14
LE2 3PR,83,40,43,28
LE2 3PZ,56,24,32,21
LE2 3QA,45,22,23,18
LE2 3QB,50,25,25,20
LE2 3QD,36,18,18,13
LE2 3QE,52,25,27,19
LE2 3QF,47,20,27,21
LE2 3QG,49,20,29,17
LE2 3QJ,22,8,14,10
LE2 3RA,31,15,16,12
LE2 3RB,53,22,31,19
LE2 3RD,38,19,19,13
LE2 3RE,40,20,20,15
LE2 3RF,53,27,26,19
LE2 3RG,52,28,24,20
LE2 3RH,64,30,34,20
LE2 3RJ,67,33,34,25
LE2 3RL,41,22,19,14
LE2 3RN,11,5,6,4
LE2 3RP,40,18,22,12
LE2 3RQ,45,24,21,14
LE2 3RR,89,44,45,27
LE2 3RS,87,48,39,25
LE2 3RT,39,21,18,12
LE2 3TB,65,31,34,30
LE2 3TD,92,46,46,35
LE2 3TE,302,129,173,25
LE2 3TF,23,11,12,21
LE2 3TH,69,32,37,32
LE2 3TJ,66,31,35,20
LE2 3TL,21,8,13,7
LE2 3TN,52,24,28,19
LE2 3TP,43,23,20,13
LE2 3TQ,39,21,18,20
LE2 3TS,101,53,48,48
LE2 3TT,25,12,13,11
LE2 3TU,55,31,24,22
LE2 3TW,34,13,21,19
LE2 3TX,25,12,13,13
LE2 3TY,18,11,7,13
LE2 3TZ,49,27,22,24
LE2 3UD,22,15,7,11
LE2 3UE,32,17,15,12
LE2 3WA,43,20,23,16
LE2 3WB,97,47,50,29
LE2 3WD,40,16,24,18
LE2 3WE,41,24,17,18
LE2 3WF,38,21,17,14
LE2 3WG,28,11,17,10
LE2 3WH,12,8,4,6
LE2 3WJ,75,38,37,26
LE2 3WL,108,48,60,41
LE2 3WN,42,20,22,15
LE2 3WP,76,34,42,28
LE2 3WQ,60,36,24,37
LE2 3WR,58,26,32,25
LE2 3WS,63,28,35,23
LE2 3WT,25,12,13,18
LE2 3YA,49,23,26,16
LE2 3YB,74,32,42,24
LE2 3YD,49,24,25,15
LE2 3YE,48,23,25,19
LE2 3YF,29,17,12,12
LE2 3YG,90,44,46,37
LE2 3YH,91,42,49,37
LE2 3YJ,76,35,41,32
LE2 3YL,59,28,31,21
LE2 3YN,69,34,35,29
LE2 3YP,46,21,25,22
LE2 3YQ,68,33,35,29
LE2 3YR,51,26,25,18
LE2 3YS,41,20,21,16
LE2 3YT,13,7,6,5
LE2 4AA,30,16,14,7
LE2 4AB,43,19,24,13
LE2 4AF,54,29,25,32
LE2 4AG,33,15,18,18
LE2 4DA,50,25,25,21
LE2 4DB,59,28,31,28
LE2 4DF,35,18,17,13
LE2 4DG,113,54,59,41
LE2 4DH,120,58,62,39
LE2 4DJ,8,2,6,5
LE2 4DL,64,27,37,28
LE2 4DN,95,45,50,44
LE2 4DP,52,24,28,22
LE2 4DQ,65,30,35,24
LE2 4DS,93,42,51,35
LE2 4DT,35,17,18,11
LE2 4EA,110,50,60,30
LE2 4EB,38,22,16,10
LE2 4ED,29,17,12,8
LE2 4EE,65,32,33,15
LE2 4EF,131,61,70,42
LE2 4EG,39,17,22,15
LE2 4EH,47,28,19,16
LE2 4EQ,77,38,39,25
LE2 4EX,2,0,2,2
LE2 4EZ,73,38,35,25
LE2 4FA,36,16,20,10
LE2 4FB,63,27,36,22
LE2 4FD,111,44,67,33
LE2 4FE,21,14,7,10
LE2 4FF,55,28,27,18
LE2 4FG,57,24,33,20
LE2 4FH,104,46,58,31
LE2 4FJ,22,12,10,6
LE2 4FL,88,44,44,48
LE2 4FN,40,22,18,13
LE2 4FP,9,3,6,3
LE2 4FQ,72,29,43,16
LE2 4FR,57,31,26,11
LE2 4FS,15,9,6,6
LE2 4FU,118,69,49,26
LE2 4FW,123,59,64,34
LE2 4FY,45,18,27,21
LE2 4FZ,70,39,31,27
LE2 4GA,27,15,12,9
LE2 4GB,85,33,52,36
LE2 4GD,37,19,18,12
LE2 4GE,60,30,30,23
LE2 4GF,25,11,14,14
LE2 4GG,113,57,56,34
LE2 4GH,109,55,54,41
LE2 4GJ,148,75,73,48
LE2 4GL,98,45,53,35
LE2 4GN,56,32,24,15
LE2 4GP,47,24,23,16
LE2 4HA,69,34,35,22
LE2 4HB,47,23,24,17
LE2 4HD,116,57,59,36
LE2 4HE,24,11,13,7
LE2 4HF,87,42,45,30
LE2 4HG,78,43,35,27
LE2 4HH,88,46,42,32
LE2 4HJ,17,7,10,6
LE2 4HL,13,6,7,5
LE2 4HN,28,18,10,9
LE2 4HP,83,45,38,27
LE2 4HQ,102,51,51,37
LE2 4HR,25,10,15,8
LE2 4JA,40,18,22,17
LE2 4JB,56,25,31,22
LE2 4JD,15,6,9,9
LE2 4JE,57,32,25,28
LE2 4JF,52,22,30,21
LE2 4JG,34,18,16,11
LE2 4JH,35,20,15,15
LE2 4JP,93,41,52,26
LE2 4JQ,67,36,31,20
LE2 4LA,41,17,24,14
LE2 4LD,87,44,43,35
LE2 4LE,52,27,25,16
LE2 4LF,39,16,23,23
LE2 4LG,56,27,29,24
LE2 4LH,38,18,20,17
LE2 4LJ,41,20,21,13
LE2 4LZ,27,10,17,23
LE2 4NA,159,77,82,47
LE2 4NB,51,28,23,17
LE2 4ND,61,33,28,24
LE2 4NE,93,42,51,28
LE2 4NF,66,33,33,28
LE2 4NG,50,23,27,15
LE2 4NH,36,18,18,20
LE2 4NJ,101,50,51,32
LE2 4NL,94,47,47,29
LE2 4NN,31,15,16,13
LE2 4NP,96,44,52,35
LE2 4NQ,91,48,43,33
LE2 4NR,62,28,34,20
LE2 4NS,68,38,30,27
LE2 4NT,113,58,55,36
LE2 4NU,72,34,38,33
LE2 4NW,78,35,43,27
LE2 4NX,33,14,19,14
LE2 4NY,130,74,56,43
LE2 4NZ,70,37,33,17
LE2 4PA,55,24,31,27
LE2 4PB,56,27,29,17
LE2 4PD,83,34,49,27
LE2 4PE,6,3,3,2
LE2 4PG,12,7,5,4
LE2 4PH,124,60,64,36
LE2 4PJ,63,30,33,20
LE2 4PL,39,17,22,11
LE2 4PN,43,17,26,15
LE2 4PP,73,37,36,25
LE2 4PQ,34,18,16,9
LE2 4PS,102,46,56,40
LE2 4PT,51,22,29,25
LE2 4QA,129,57,72,46
LE2 4QB,38,18,20,11
LE2 4QD,105,56,49,38
LE2 4QE,66,32,34,20
LE2 4QF,35,18,17,9
LE2 4QG,34,15,19,11
LE2 4QL,49,16,33,18
LE2 4QN,16,7,9,6
LE2 4QP,67,29,38,17
LE2 4QQ,87,39,48,24
LE2 4QR,41,19,22,10
LE2 4QS,13,8,5,4
LE2 4QT,19,10,9,5
LE2 4QU,27,12,15,7
LE2 4QW,5,3,2,2
LE2 4QX,217,113,104,58
LE2 4QY,283,134,149,75
LE2 4QZ,4,2,2,1
LE2 4RA,23,13,10,10
LE2 4RB,21,11,10,9
LE2 4RD,72,33,39,36
LE2 4RE,29,9,20,18
LE2 4RF,100,46,54,38
LE2 4RG,19,8,11,8
LE2 4RH,10,6,4,2
LE2 4RJ,57,30,27,17
LE2 4RL,9,6,3,4
LE2 4RN,29,16,13,12
LE2 4RP,99,42,57,34
LE2 4RQ,63,28,35,29
LE2 4RR,49,24,25,20
LE2 4RS,55,25,30,24
LE2 4RT,9,6,3,5
LE2 4RU,17,7,10,8
LE2 4RW,165,77,88,40
LE2 4RX,40,19,21,11
LE2 4RY,80,39,41,29
LE2 4SA,7,3,4,2
LE2 4SB,97,48,49,38
LE2 4SD,16,6,10,8
LE2 4SE,70,32,38,28
LE2 4SF,55,25,30,23
LE2 4SG,53,23,30,17
LE2 4SH,28,14,14,9
LE2 4SJ,27,13,14,11
LE2 4SL,62,30,32,20
LE2 4SN,41,21,20,14
LE2 4SP,67,33,34,28
LE2 4SQ,83,34,49,32
LE2 4SR,46,26,20,16
LE2 4SS,8,4,4,5
LE2 4ST,45,19,26,15
LE2 4SU,60,34,26,24
LE2 4SW,31,11,20,10
LE2 4SX,50,22,28,17
LE2 4SY,71,34,37,31
LE2 4SZ,58,28,30,21
LE2 4TA,39,20,19,15
LE2 4TB,69,35,34,24
LE2 4TD,19,8,11,13
LE2 4TE,39,19,20,16
LE2 4TF,92,45,47,28
LE2 4TG,54,28,26,18
LE2 4TH,13,7,6,5
LE2 4TJ,16,8,8,7
LE2 4TL,8,4,4,5
LE2 4TN,24,14,10,8
LE2 4TP,18,10,8,6
LE2 4TQ,26,12,14,11
LE2 4TR,5,2,3,4
LE2 4TS,83,44,39,26
LE2 4TU,90,47,43,28
LE2 4TW,39,20,19,10
LE2 4TX,88,40,48,27
LE2 4TY,28,12,16,9
LE2 4UA,99,52,47,30
LE2 4UB,113,58,55,30
LE2 4UD,70,36,34,22
LE2 4UE,96,53,43,31
LE2 4UF,10,4,6,4
LE2 4UG,70,39,31,20
LE2 4UH,65,32,33,20
LE2 4UJ,71,35,36,20
LE2 4UL,55,22,33,13
LE2 4UN,63,30,33,20
LE2 4UP,25,13,12,10
LE2 4UR,37,22,15,13
LE2 4US,80,40,40,24
LE2 4UU,87,39,48,22
LE2 4UW,13,7,6,4
LE2 4UX,170,89,81,47
LE2 4UY,45,20,25,15
LE2 4UZ,41,26,15,12
LE2 4XA,76,34,42,22
LE2 5AA,23,12,11,11
LE2 5AB,49,20,29,25
LE2 5AD,28,12,16,19
LE2 5AG,5,3,2,3
LE2 5AJ,62,28,34,15
LE2 5AL,54,19,35,40
LE2 5AN,33,16,17,25
LE2 5AP,19,7,12,9
LE2 5AQ,20,9,11,8
LE2 5AR,57,26,31,29
LE2 5AS,5,2,3,4
LE2 5AT,1,1,0,1
LE2 5BA,39,20,19,15
LE2 5BB,7,5,2,4
LE2 5BD,6,6,0,2
LE2 5BF,11,5,6,5
LE2 5DA,50,13,37,33
LE2 5DB,58,25,33,26
LE2 5DF,44,22,22,29
LE2 5DG,15,9,6,8
LE2 5DH,28,12,16,12
LE2 5DJ,13,6,7,8
LE2 5DL,7,3,4,4
LE2 5DN,60,20,40,35
LE2 5DP,36,18,18,14
LE2 5DQ,22,11,11,10
LE2 5EA,8,4,4,6
LE2 5EB,45,21,24,26
LE2 5ED,83,43,40,34
LE2 5EF,108,50,58,49
LE2 5EG,12,6,6,4
LE2 5FA,20,9,11,12
LE2 5FB,55,29,26,18
LE2 5FD,59,27,32,23
LE2 5FE,46,23,23,27
LE2 5FF,38,20,18,13
LE2 5FG,57,24,33,30
LE2 5FH,57,30,27,25
LE2 5FJ,36,16,20,13
LE2 5FL,60,29,31,31
LE2 5FN,13,7,6,5
LE2 5FP,102,51,51,47
LE2 5FQ,34,14,20,19
LE2 5GA,36,20,16,12
LE2 5GB,20,9,11,11
LE2 5GD,31,15,16,14
LE2 5GE,17,10,7,5
LE2 5GF,17,8,9,7
LE2 5GG,14,8,6,8
LE2 5GH,43,18,25,26
LE2 5GJ,56,25,31,26
LE2 5GL,50,22,28,19
LE2 5GN,4,2,2,3
LE2 5HB,63,27,36,19
LE2 5HD,50,25,25,19
LE2 5HE,39,22,17,14
LE2 5HF,57,32,25,19
LE2 5HG,44,17,27,28
LE2 5HH,41,17,24,13
LE2 5HJ,13,7,6,5
LE2 5HL,96,47,49,29
LE2 5HN,60,30,30,25
LE2 5HP,58,30,28,21
LE2 5HQ,63,33,30,26
LE2 5HR,45,22,23,25
LE2 5HS,72,33,39,30
LE2 5JA,68,34,34,31
LE2 5JB,120,53,67,42
LE2 5JD,5,1,4,3
LE2 5JE,62,32,30,22
LE2 5JF,47,27,20,15
LE2 5JG,27,13,14,19
LE2 5JH,27,10,17,16
LE2 5PA,53,27,26,21
LE2 5PB,89,45,44,26
LE2 5PD,34,16,18,23
LE2 5PE,85,37,48,31
LE2 5PF,43,25,18,19
LE2 5PG,77,31,46,24
LE2 5PH,28,13,15,8
LE2 5PJ,21,9,12,9
LE2 5PL,25,9,16,14
LE2 5PN,39,21,18,16
LE2 5PP,81,36,45,32
LE2 5PQ,62,33,29,22
LE2 5PR,29,13,16,26
LE2 5PS,35,15,20,14
LE2 5PT,18,10,8,9
LE2 5PU,50,22,28,15
LE2 5QA,2,0,2,2
LE2 5QB,18,9,9,8
LE2 5QD,60,30,30,20
LE2 5QE,4,1,3,1
LE2 5QF,66,35,31,23
LE2 5QG,13,6,7,3
LE2 5QH,10,5,5,4
LE2 5QJ,13,6,7,7
LE2 5QL,74,37,37,29
LE2 5QN,6,3,3,2
LE2 5QP,38,13,25,24
LE2 5QQ,118,61,57,66
LE2 5RA,28,11,17,7
LE2 5RB,37,18,19,11
LE2 5RD,55,26,29,19
LE2 5RE,30,16,14,14
LE2 5RF,47,20,27,21
LE2 5RG,12,6,6,7
LE2 5RH,74,36,38,24
LE2 5RJ,74,40,34,31
LE2 5RL,55,29,26,13
LE2 5RN,48,25,23,18
LE2 5RP,72,34,38,26
LE2 5RQ,66,29,37,21
LE2 5RR,52,23,29,24
LE2 5RS,32,16,16,10
LE2 5RT,26,10,16,18
LE2 5SA,21,10,11,10
LE2 5SB,93,49,44,31
LE2 5SD,62,32,30,16
LE2 5SE,30,16,14,12
LE2 5SF,20,11,9,8
LE2 5SG,48,22,26,21
LE2 5SH,108,50,58,35
LE2 5SJ,82,41,41,30
LE2 5TA,26,12,14,13
LE2 5TB,14,6,8,6
LE2 5TD,44,20,24,20
LE2 5TE,34,14,20,12
LE2 5TF,17,9,8,7
LE2 5TG,16,8,8,7
LE2 5TH,31,15,16,18
LE2 5TJ,32,18,14,15
LE2 5TL,98,47,51,39
LE2 5TN,48,25,23,18
LE2 5TR,61,31,30,25
LE2 5TS,124,57,67,43
LE2 5TT,79,37,42,27
LE2 5TU,82,39,43,29
LE2 5TW,58,32,26,20
LE2 5TX,83,35,48,28
LE2 5TY,26,12,14,8
LE2 5TZ,75,34,41,23
LE2 5UA,54,26,28,17
LE2 5UB,76,37,39,34
LE2 5UD,57,25,32,28
LE2 5UE,50,28,22,16
LE2 5UF,60,28,32,15
LE2 5UG,50,22,28,18
LE2 5UH,100,43,57,39
LE2 5UL,29,16,13,11
LE2 5UN,52,29,23,15
LE2 5UP,21,9,12,11
LE2 5UQ,12,7,5,5
LE2 5UR,52,22,30,21
LE2 5US,16,8,8,7
LE2 5UT,4,2,2,2
LE2 5UW,15,2,13,14
LE2 5WA,48,23,25,14
LE2 5WB,42,22,20,18
LE2 5WD,141,70,71,48
LE2 5WE,137,69,68,50
LE2 5WF,22,10,12,11
LE2 5WG,62,31,31,25
LE2 5WH,29,15,14,10
LE2 5WJ,17,9,8,8
LE2 5WL,29,14,15,9
LE2 5WN,28,15,13,12
LE2 5WQ,73,22,51,7
LE2 5WT,74,38,36,21
LE2 5WU,34,15,19,10
LE2 5WW,73,40,33,28
LE2 5YA,67,28,39,21
LE2 5YB,29,13,16,9
LE2 5YD,12,5,7,5
LE2 5YE,47,24,23,17
LE2 5YF,78,38,40,24
LE2 5YG,84,41,43,32
LE2 5YH,59,30,29,21
LE2 5YJ,56,23,33,23
LE2 5YL,79,34,45,38
LE2 6AA,8,7,1,3
LE2 6AB,13,9,4,4
LE2 6AD,27,12,15,17
LE2 6AE,8,1,7,2
LE2 6AF,95,51,44,32
LE2 6AG,94,46,48,36
LE2 6AH,7,4,3,7
LE2 6AQ,11,7,4,9
LE2 6AT,21,10,11,8
LE2 6BD,145,75,70,58
LE2 6BF,208,97,111,2
LE2 6BH,62,41,21,24
LE2 6BJ,118,46,72,40
LE2 6BL,31,18,13,18
LE2 6BN,24,12,12,10
LE2 6BR,1,1,0,1
LE2 6DA,39,16,23,14
LE2 6DB,35,20,15,19
LE2 6DD,82,48,34,29
LE2 6DE,87,37,50,28
LE2 6DF,63,29,34,24
LE2 6DG,45,17,28,18
LE2 6DH,88,42,46,39
LE2 6DL,14,5,9,8
LE2 6DP,96,51,45,38
LE2 6DQ,62,35,27,28
LE2 6DR,69,32,37,28
LE2 6DU,49,28,21,26
LE2 6DW,83,46,37,47
LE2 6DX,67,25,42,27
LE2 6DY,3,2,1,1
LE2 6EA,11,6,5,4
LE2 6EB,36,19,17,16
LE2 6ED,112,57,55,42
LE2 6EF,61,31,30,26
LE2 6EG,33,19,14,14
LE2 6EH,15,9,6,10
LE2 6EJ,63,35,28,22
LE2 6EL,142,65,77,39
LE2 6EN,38,20,18,11
LE2 6EP,99,47,52,37
LE2 6ER,57,28,29,19
LE2 6EZ,21,10,11,12
LE2 6FA,129,66,63,43
LE2 6FB,66,31,35,27
LE2 6FD,103,45,58,31
LE2 6FE,73,33,40,30
LE2 6FF,74,38,36,31
LE2 6FG,80,44,36,33
LE2 6FH,116,63,53,34
LE2 6FJ,103,52,51,29
LE2 6FL,40,19,21,15
LE2 6FN,53,28,25,20
LE2 6FP,81,40,41,27
LE2 6FQ,100,52,48,34
LE2 6FR,38,21,17,22
LE2 6FS,143,72,71,61
LE2 6FT,59,31,28,26
LE2 6FX,30,6,24,26
LE2 6GA,100,46,54,31
LE2 6GB,23,10,13,6
LE2 6GD,58,29,29,22
LE2 6GE,62,31,31,24
LE2 6GF,50,25,25,18
LE2 6GG,84,44,40,34
LE2 6GH,58,31,27,23
LE2 6GJ,58,23,35,18
LE2 6GL,67,30,37,24
LE2 6GN,89,44,45,35
LE2 6GP,46,22,24,16
LE2 6GQ,69,32,37,28
LE2 6GR,55,26,29,23
LE2 6GS,42,22,20,14
LE2 6GT,56,27,29,25
LE2 6GU,142,65,77,70
LE2 6GW,44,21,23,30
LE2 6GX,117,48,69,73
LE2 6GY,53,29,24,19
LE2 6GZ,62,32,30,22
LE2 6HA,86,46,40,35
LE2 6HB,83,44,39,38
LE2 6HD,47,27,20,22
LE2 6HE,24,13,11,8
LE2 6HF,94,49,45,37
LE2 6HG,66,32,34,24
LE2 6HH,74,36,38,28
LE2 6HJ,86,39,47,32
LE2 6HL,61,34,27,20
LE2 6HN,69,28,41,25
LE2 6HP,62,31,31,21
LE2 6HQ,76,36,40,23
LE2 6HR,63,30,33,25
LE2 6HS,55,28,27,17
LE2 6HT,42,24,18,15
LE2 6HU,109,49,60,36
LE2 6HW,20,7,13,9
LE2 6HX,75,41,34,24
LE2 6HY,18,8,10,5
LE2 6HZ,56,30,26,21
LE2 6JA,25,13,12,10
LE2 6JB,56,26,30,20
LE2 6JD,47,26,21,12
LE2 6JE,81,41,40,32
LE2 6JF,6,2,4,3
LE2 6JG,102,52,50,40
LE2 6JH,107,56,51,31
LE2 6JJ,51,26,25,19
LE2 6JL,57,27,30,19
LE2 6JN,110,50,60,38
LE2 6JP,76,43,33,30
LE2 6JQ,88,42,46,39
LE2 6LA,103,46,57,36
LE2 6LB,45,18,27,19
LE2 6LD,112,55,57,37
LE2 6LE,38,20,18,16
LE2 6LF,71,36,35,27
LE2 6LG,104,46,58,47
LE2 6LH,92,47,45,42
LE2 6LL,69,29,40,32
LE2 6LN,55,21,34,17
LE2 6LP,109,60,49,41
LE2 6LQ,98,36,62,39
LE2 6LR,58,29,29,21
LE2 6LS,191,85,106,68
LE2 6LU,8,3,5,4
LE2 6LW,23,12,11,9
LE2 6LX,23,9,14,7
LE2 6NA,144,67,77,59
LE2 6NB,29,14,15,9
LE2 6ND,123,54,69,44
LE2 6NE,131,60,71,40
LE2 6NF,44,17,27,16
LE2 6NG,40,17,23,13
LE2 6NH,41,21,20,19
LE2 6NJ,40,13,27,11
LE2 6NL,14,4,10,9
LE2 6NN,38,24,14,19
LE2 6NP,41,18,23,12
LE2 6NQ,14,3,11,7
LE2 6NR,113,54,59,34
LE2 6NS,132,57,75,55
LE2 6NT,114,55,59,38
LE2 6NU,60,29,31,20
LE2 6NW,48,21,27,15
LE2 6NX,47,20,27,16
LE2 6NY,27,15,12,9
LE2 6PA,143,72,71,44
LE2 6PB,118,49,69,41
LE2 6PD,89,45,44,24
LE2 6QA,71,32,39,22
LE2 6QD,100,42,58,33
LE2 6QE,67,26,41,23
LE2 6QF,38,19,19,15
LE2 6QG,160,74,86,52
LE2 6QH,169,80,89,51
LE2 6QJ,131,69,62,45
LE2 6QL,78,41,37,38
LE2 6QN,52,29,23,23
LE2 6QP,88,44,44,28
LE2 6QQ,68,31,37,27
LE2 6QR,147,68,79,40
LE2 6QS,70,27,43,24
LE2 6QT,97,51,46,40
LE2 6QU,77,29,48,28
LE2 6QW,18,8,10,10
LE2 6QX,149,69,80,46
LE2 6QY,31,12,19,9
LE2 6QZ,68,36,32,24
LE2 6RA,81,34,47,26
LE2 6RB,112,47,65,32
LE2 6RD,147,72,75,59
LE2 6RE,148,64,84,63
LE2 6RF,126,69,57,49
LE2 6RG,98,49,49,52
LE2 6RH,39,17,22,16
LE2 6RJ,18,9,9,11
LE2 6SA,43,22,21,14
LE2 6SB,126,55,71,45
LE2 6SD,92,44,48,36
LE2 6SE,119,58,61,35
LE2 6SF,67,32,35,24
LE2 6SG,66,34,32,21
LE2 6SH,108,48,60,38
LE2 6SJ,130,68,62,35
LE2 6SL,81,46,35,25
LE2 6SN,49,23,26,14
LE2 6SP,52,26,26,17
LE2 6SQ,72,40,32,23
LE2 6SR,71,35,36,25
LE2 6SS,171,73,98,51
LE2 6ST,108,50,58,35
LE2 6TA,41,19,22,12
LE2 6TB,132,62,70,42
LE2 6TD,73,37,36,31
LE2 6TE,90,45,45,32
LE2 6TF,64,36,28,24
LE2 6TG,39,20,19,16
LE2 6TH,52,21,31,16
LE2 6TJ,125,61,64,38
LE2 6TL,44,22,22,15
LE2 6TN,39,20,19,16
LE2 6TP,101,48,53,36
LE2 6TQ,125,60,65,52
LE2 6TR,20,12,8,7
LE2 6TS,64,31,33,30
LE2 6TT,79,38,41,37
LE2 6TU,62,30,32,28
LE2 6TW,23,11,12,12
LE2 6TX,110,61,49,41
LE2 6TY,70,31,39,22
LE2 6TZ,88,47,41,38
LE2 6UA,52,23,29,22
LE2 6UB,51,20,31,25
LE2 6UD,27,16,11,20
LE2 6UE,45,23,22,18
LE2 6UF,41,16,25,20
LE2 6UG,27,18,9,14
LE2 6UL,31,16,15,11
LE2 6UN,73,38,35,29
LE2 6UR,60,31,29,24
LE2 7AA,13,4,9,5
LE2 7AB,59,31,28,30
LE2 7AD,37,20,17,22
LE2 7AG,76,40,36,40
LE2 7AJ,134,134,0,0
LE2 7AL,53,32,21,18
LE2 7AQ,41,17,24,16
LE2 7AS,13,10,3,4
LE2 7AT,37,12,25,14
LE2 7AW,91,41,50,43
LE2 7AX,68,39,29,42
LE2 7AZ,81,39,42,42
LE2 7BL,514,217,297,5
LE2 7BU,227,68,159,4
LE2 7BY,36,18,18,20
LE2 7DA,99,47,52,32
LE2 7DB,80,40,40,25
LE2 7DD,4,4,0,3
LE2 7DE,50,24,26,20
LE2 7DF,120,49,71,39
LE2 7DH,7,7,0,5
LE2 7DJ,185,66,119,77
LE2 7DP,29,21,8,12
LE2 7DS,86,42,44,32
LE2 7DT,85,42,43,30
LE2 7DU,83,39,44,32
LE2 7DX,82,33,49,27
LE2 7DZ,61,35,26,30
LE2 7EB,46,20,26,12
LE2 7ED,53,16,37,15
LE2 7EE,379,172,207,29
LE2 7EF,66,42,24,41
LE2 7EG,79,39,40,36
LE2 7EQ,201,90,111,0
LE2 7ER,137,65,72,53
LE2 7ES,139,50,89,53
LE2 7ET,121,45,76,39
LE2 7EY,1,0,1,0
LE2 7EZ,46,26,20,25
LE2 7FA,33,16,17,11
LE2 7FB,39,6,33,12
LE2 7FD,4,3,1,1
LE2 7FF,28,11,17,17
LE2 7FG,55,22,33,21
LE2 7FJ,4,3,1,2
LE2 7FN,77,42,35,29
LE2 7FP,587,275,312,0
LE2 7FR,22,1,21,6
LE2 7FS,117,48,69,31
LE2 7FT,2,1,1,1
LE2 7FU,59,32,27,19
LE2 7FW,21,13,8,7
LE2 7FZ,1,1,0,1
LE2 7GB,59,24,35,24
LE2 7GD,14,0,14,5
LE2 7GE,29,4,25,9
LE2 7GF,66,25,41,28
LE2 7GG,49,27,22,28
LE2 7GH,26,15,11,12
LE2 7GJ,51,24,27,24
LE2 7GL,29,10,19,12
LE2 7GN,70,23,47,26
LE2 7GP,64,32,32,25
LE2 7GQ,79,38,41,23
LE2 7GR,23,11,12,8
LE2 7GT,81,26,55,29
LE2 7GU,115,51,64,37
LE2 7GX,15,10,5,8
LE2 7GY,145,46,99,45
LE2 7GZ,153,64,89,43
LE2 7HD,55,36,19,44
LE2 7HG,32,11,21,16
LE2 7HH,67,32,35,23
LE2 7HJ,74,43,31,25
LE2 7HL,62,29,33,23
LE2 7HN,33,22,11,15
LE2 7HP,12,8,4,4
LE2 7HQ,13,5,8,4
LE2 7HR,132,55,77,69
LE2 7HS,25,8,17,14
LE2 7HW,21,10,11,11
LE2 7HY,68,40,28,41
LE2 7HZ,69,44,25,40
LE2 7JA,151,76,75,37
LE2 7JE,97,51,46,35
LE2 7JF,12,2,10,6
LE2 7JG,44,28,16,17
LE2 7JH,31,14,17,11
LE2 7JJ,35,21,14,12
LE2 7JL,103,53,50,37
LE2 7JN,134,84,50,46
LE2 7JR,10,6,4,3
LE2 7JU,1,1,0,1
LE2 7JW,42,27,15,16
LE2 7LB,2,0,2,2
LE2 7LD,61,37,24,22
LE2 7LE,27,15,12,12
LE2 7LH,3,1,2,2
LE2 7LJ,81,36,45,39
LE2 7LL,66,38,28,32
LE2 7LN,13,7,6,7
LE2 7NA,64,32,32,21
LE2 7NB,34,21,13,13
LE2 7ND,72,38,34,25
LE2 7NE,17,6,11,11
LE2 7NG,84,45,39,41
LE2 7NH,93,39,54,48
LE2 7NJ,66,36,30,27
LE2 7NL,87,42,45,36
LE2 7NN,66,29,37,30
LE2 7NP,1,1,0,1
LE2 7PA,46,20,26,20
LE2 7PD,50,28,22,37
LE2 7PE,101,61,40,47
LE2 7PF,6,5,1,2
LE2 7PG,77,39,38,28
LE2 7PH,106,57,49,66
LE2 7PJ,51,29,22,31
LE2 7PL,72,30,42,35
LE2 7PN,20,11,9,9
LE2 7PQ,167,81,86,75
LE2 7PT,366,161,205,2
LE2 7PU,39,19,20,15
LE2 7PW,40,15,25,20
LE2 7PX,91,38,53,45
LE2 7QA,49,25,24,20
LE2 7QB,30,12,18,15
LE2 7QD,83,43,40,39
LE2 7QE,99,55,44,42
LE2 7QF,68,39,29,41
LE2 7QG,16,8,8,10
LE2 7QJ,88,54,34,40
LE2 7QL,35,14,21,16
LE2 7QT,43,21,22,20
LE2 7TG,612,246,366,13
LE2 8AA,62,31,31,29
LE2 8AB,103,44,59,47
LE2 8AD,65,34,31,22
LE2 8AE,53,22,31,31
LE2 8AH,20,10,10,11
LE2 8AL,28,15,13,12
LE2 8AN,60,28,32,30
LE2 8AQ,69,32,37,31
LE2 8AR,82,38,44,44
LE2 8AS,143,79,64,51
LE2 8AT,54,26,28,29
LE2 8AU,73,38,35,33
LE2 8AW,50,28,22,31
LE2 8AX,69,34,35,48
LE2 8AY,56,28,28,24
LE2 8AZ,29,15,14,18
LE2 8BA,81,39,42,37
LE2 8BB,80,41,39,34
LE2 8BD,55,26,29,24
LE2 8BE,74,30,44,40
LE2 8BF,65,32,33,39
LE2 8BG,19,11,8,10
LE2 8BH,62,29,33,27
LE2 8BJ,47,25,22,20
LE2 8BL,70,32,38,36
LE2 8DA,60,31,29,25
LE2 8DB,102,48,54,39
LE2 8DD,95,52,43,35
LE2 8DE,115,57,58,45
LE2 8DF,26,14,12,10
LE2 8DG,35,19,16,15
LE2 8DH,63,34,29,25
LE2 8DJ,93,47,46,37
LE2 8DL,38,17,21,14
LE2 8EA,38,19,19,16
LE2 8EB,35,19,16,12
LE2 8ED,81,39,42,32
LE2 8EE,56,25,31,26
LE2 8EF,43,21,22,16
LE2 8EG,67,30,37,31
LE2 8EH,90,39,51,41
LE2 8EJ,59,27,32,27
LE2 8EN,17,9,8,10
LE2 8EP,50,28,22,24
LE2 8EQ,68,36,32,35
LE2 8ER,69,30,39,33
LE2 8ES,84,35,49,41
LE2 8ET,14,7,7,6
LE2 8FA,52,26,26,31
LE2 8FB,44,20,24,22
LE2 8FD,97,47,50,45
LE2 8FE,50,26,24,20
LE2 8FF,54,30,24,27
LE2 8FG,44,18,26,25
LE2 8FH,89,46,43,35
LE2 8FJ,27,13,14,21
LE2 8FN,74,43,31,31
LE2 8FP,57,26,31,25
LE2 8FQ,74,35,39,30
LE2 8GA,59,30,29,31
LE2 8GB,63,36,27,31
LE2 8GD,62,31,31,23
LE2 8GE,57,24,33,32
LE2 8GF,80,45,35,40
LE2 8GG,46,25,21,20
LE2 8HA,63,26,37,26
LE2 8HB,50,24,26,19
LE2 8HD,89,44,45,41
LE2 8HE,82,44,38,34
LE2 8HF,58,27,31,25
LE2 8HG,86,43,43,37
LE2 8HH,56,27,29,25
LE2 8HN,59,28,31,24
LE2 8HP,74,39,35,30
LE2 8HQ,75,41,34,26
LE2 8HR,75,35,40,31
LE2 8HS,124,68,56,62
LE2 8HT,88,42,46,30
LE2 8HU,67,32,35,24
LE2 8HW,55,25,30,22
LE2 8HX,49,23,26,22
LE2 8HY,78,39,39,31
LE2 8JA,27,13,14,12
LE2 8JB,74,40,34,32
LE2 8JD,49,31,18,21
LE2 8LB,24,12,12,12
LE2 8LD,60,32,28,32
LE2 8LE,107,54,53,42
LE2 8LF,26,15,11,9
LE2 8LG,68,30,38,40
LE2 8LH,91,44,47,66
LE2 8LJ,3,0,3,3
LE2 8LL,50,25,25,22
LE2 8LN,42,19,23,19
LE2 8LP,27,13,14,16
LE2 8LQ,33,16,17,14
LE2 8LR,52,32,20,23
LE2 8LS,50,26,24,20
LE2 8LT,15,6,9,8
LE2 8LU,42,15,27,21
LE2 8LW,41,23,18,19
LE2 8LX,5,4,1,2
LE2 8LY,10,4,6,8
LE2 8NA,68,33,35,33
LE2 8ND,121,53,68,30
LE2 8NE,1,1,0,1
LE2 8NF,58,32,26,24
LE2 8NG,66,32,34,28
LE2 8NH,51,20,31,36
LE2 8NJ,39,17,22,26
LE2 8PA,81,36,45,38
LE2 8PB,95,45,50,34
LE2 8PE,56,29,27,19
LE2 8PF,58,29,29,20
LE2 8PG,138,73,65,25
LE2 8PH,72,37,35,24
LE2 8PJ,34,13,21,7
LE2 8PL,77,38,39,28
LE2 8PN,71,31,40,18
LE2 8PP,58,27,31,21
LE2 8PQ,98,44,54,40
LE2 8PR,1,0,1,1
LE2 8PS,14,8,6,8
LE2 8PT,18,6,12,12
LE2 8PW,69,39,30,30
LE2 8PX,51,25,26,31
LE2 8PY,86,43,43,47
LE2 8PZ,49,24,25,29
LE2 8QA,91,50,41,34
LE2 8QB,81,40,41,33
LE2 8QD,94,52,42,37
LE2 8QE,98,50,48,41
LE2 8QF,77,39,38,32
LE2 8QG,52,26,26,23
LE2 8QH,54,23,31,23
LE2 8QJ,50,21,29,23
LE2 8QL,76,36,40,35
LE2 8QN,54,23,31,23
LE2 8QP,70,29,41,26
LE2 8QQ,60,29,31,27
LE2 8QR,73,35,38,27
LE2 8QS,54,22,32,25
LE2 8QT,44,21,23,23
LE2 8QU,11,4,7,5
LE2 8QW,9,7,2,6
LE2 8RA,45,25,20,21
LE2 8RB,56,32,24,27
LE2 8RD,83,45,38,34
LE2 8RE,27,13,14,14
LE2 8RF,39,18,21,16
LE2 8SA,50,30,20,20
LE2 8SB,76,40,36,30
LE2 8SD,51,24,27,25
LE2 8SE,13,6,7,7
LE2 8SF,5,2,3,2
LE2 8SG,79,44,35,31
LE2 8SH,15,9,6,6
LE2 8SJ,61,24,37,25
LE2 8SL,69,37,32,39
LE2 8SN,128,62,66,57
LE2 8SP,58,25,33,29
LE2 8SQ,84,45,39,31
LE2 8SR,6,2,4,4
LE2 8SS,101,52,49,43
LE2 8ST,58,27,31,25
LE2 8TA,66,35,31,27
LE2 8TB,5,3,2,3
LE2 8TD,20,8,12,8
LE2 8TF,19,10,9,7
LE2 8TG,62,30,32,23
LE2 8TH,85,38,47,35
LE2 8TJ,76,40,36,33
LE2 8TL,83,44,39,32
LE2 8TN,52,32,20,20
LE2 8TS,44,22,22,33
LE2 8UA,36,17,19,17
LE2 8UB,20,6,14,12
LE2 8UD,83,41,42,33
LE2 8UE,42,22,20,16
LE2 8UF,70,26,44,27
LE2 8UG,47,24,23,20
LE2 8UH,82,38,44,40
LE2 8UJ,49,22,27,26
LE2 8UL,24,9,15,8
LE2 8UN,81,43,38,38
LE2 8UP,41,21,20,25
LE2 8UQ,38,20,18,17
LE2 9AA,92,49,43,27
LE2 9AB,107,53,54,39
LE2 9AD,77,32,45,28
LE2 9AE,82,42,40,38
LE2 9AF,23,12,11,18
LE2 9AG,10,5,5,8
LE2 9AH,82,44,38,28
LE2 9AJ,84,41,43,28
LE2 9AL,55,23,32,24
LE2 9AN,89,41,48,33
LE2 9AP,95,46,49,42
LE2 9AQ,33,10,23,19
LE2 9AR,76,40,36,25
LE2 9AS,10,4,6,4
LE2 9AT,62,28,34,22
LE2 9AU,44,22,22,17
LE2 9AW,49,26,23,24
LE2 9AX,75,38,37,32
LE2 9AY,30,16,14,20
LE2 9AZ,6,2,4,4
LE2 9BA,39,12,27,17
LE2 9BB,60,31,29,17
LE2 9BD,41,19,22,19
LE2 9BE,57,25,32,25
LE2 9BF,19,10,9,17
LE2 9BG,74,34,40,36
LE2 9BH,58,27,31,23
LE2 9BJ,53,28,25,21
LE2 9BL,66,27,39,29
LE2 9BN,28,12,16,18
LE2 9BP,108,49,59,44
LE2 9BQ,21,7,14,16
LE2 9BR,17,6,11,10
LE2 9BS,72,31,41,28
LE2 9BT,63,22,41,12
LE2 9BU,14,6,8,8
LE2 9BW,78,39,39,28
LE2 9BX,131,62,69,42
LE2 9BY,7,3,4,7
LE2 9BZ,4,2,2,4
LE2 9DA,66,36,30,26
LE2 9DB,29,11,18,12
LE2 9DD,95,44,51,42
LE2 9DE,84,41,43,28
LE2 9DF,90,47,43,35
LE2 9DG,56,29,27,17
LE2 9EA,35,19,16,11
LE2 9EB,62,32,30,21
LE2 9ED,106,43,63,47
LE2 9EE,59,27,32,21
LE2 9EF,44,23,21,17
LE2 9FA,47,18,29,20
LE2 9FB,59,30,29,23
LE2 9FD,132,63,69,57
LE2 9FE,71,34,37,30
LE2 9FF,75,33,42,24
LE2 9FG,95,44,51,42
LE2 9FH,34,17,17,12
LE2 9FJ,60,29,31,18
LE2 9FL,42,17,25,23
LE2 9FN,35,17,18,16
LE2 9FP,103,47,56,54
LE2 9FQ,36,14,22,18
LE2 9FR,21,7,14,16
LE2 9FS,161,66,95,68
LE2 9FT,105,50,55,42
LE2 9FU,69,33,36,54
LE2 9FW,85,40,45,33
LE2 9FY,78,32,46,29
LE2 9FZ,56,25,31,32
LE2 9GA,99,43,56,42
LE2 9GB,26,11,15,14
LE2 9GD,42,20,22,18
LE2 9GE,45,21,24,23
LE2 9GF,34,10,24,24
LE2 9GG,13,6,7,5
LE2 9GH,28,13,15,13
LE2 9GJ,31,14,17,16
LE2 9GL,60,32,28,25
LE2 9GN,49,21,28,26
LE2 9GP,34,19,15,15
LE2 9GS,105,46,59,41
LE2 9GT,121,54,67,49
LE2 9GU,105,48,57,35
LE2 9GW,89,41,48,35
LE2 9GX,72,60,12,50
LE2 9GY,144,75,69,49
LE2 9GZ,117,60,57,58
LE2 9HA,49,22,27,23
LE2 9HB,59,29,30,29
LE2 9HD,49,26,23,23
LE2 9HE,38,17,21,15
LE2 9HF,38,20,18,15
LE2 9HG,36,15,21,6
LE2 9HH,79,41,38,26
LE2 9HJ,45,25,20,18
LE2 9HL,17,10,7,7
LE2 9HN,32,18,14,13
LE2 9HP,104,57,47,33
LE2 9HQ,70,28,42,32
LE2 9HR,96,48,48,39
LE2 9HT,63,29,34,23
LE2 9HU,40,18,22,19
LE2 9HW,78,39,39,31
LE2 9HX,130,61,69,47
LE2 9HY,34,19,15,11
LE2 9HZ,44,24,20,14
LE2 9JA,47,24,23,16
LE2 9JB,13,6,7,6
LE2 9JD,66,30,36,24
LE2 9JE,44,23,21,17
LE2 9JF,95,46,49,34
LE2 9JG,82,44,38,31
LE2 9JH,20,7,13,9
LE2 9JJ,52,25,27,20
LE2 9JL,89,43,46,34
LE2 9JN,37,20,17,15
LE2 9JP,88,44,44,42
LE2 9JQ,55,23,32,23
LE2 9JR,41,22,19,15
LE2 9JS,144,68,76,52
LE2 9JT,60,27,33,21
LE2 9JU,87,38,49,29
LE2 9JW,3,1,2,1
LE2 9JX,10,4,6,8
LE2 9JY,37,17,20,16
LE2 9JZ,49,25,24,14
LE2 9LA,27,10,17,12
LE2 9LB,70,29,41,31
LE2 9LD,13,5,8,6
LE2 9LE,65,31,34,26
LE2 9LQ,75,37,38,27
LE2 9LR,87,40,47,42
LE2 9LS,25,13,12,11
LE2 9LT,39,19,20,14
LE2 9LU,58,24,34,21
LE2 9LW,73,37,36,29
LE2 9LX,25,11,14,12
LE2 9LY,38,19,19,14
LE2 9LZ,52,25,27,20
LE2 9NA,69,35,34,32
LE2 9NB,70,37,33,23
LE2 9ND,58,23,35,24
LE2 9NE,99,35,64,34
LE2 9NG,32,4,28,31
LE2 9NH,21,9,12,16
LE2 9NJ,32,16,16,20
LE2 9NL,99,48,51,40
LE2 9NN,38,19,19,19
LE2 9NP,24,11,13,12
LE2 9NQ,20,12,8,7
LE2 9NR,57,28,29,27
LE2 9NS,68,38,30,34
LE2 9NT,17,11,6,10
LE2 9NU,60,31,29,30
LE2 9NW,84,45,39,37
LE2 9NX,50,25,25,21
LE2 9NY,44,20,24,21
LE2 9NZ,58,34,24,36
LE2 9PA,4,2,2,3
LE2 9PB,10,4,6,10
LE2 9PD,81,39,42,35
LE2 9PF,91,41,50,32
LE2 9PG,55,23,32,19
LE2 9PH,90,46,44,37
LE2 9PJ,67,32,35,19
LE2 9PL,87,42,45,32
LE2 9PN,55,29,26,29
LE2 9PP,66,30,36,27
LE2 9PQ,47,20,27,31
LE2 9PR,43,21,22,16
LE2 9PS,82,47,35,27
LE2 9PT,27,14,13,20
LE2 9PU,29,16,13,18
LE2 9PW,17,9,8,15
LE2 9PX,13,8,5,11
LE2 9PZ,111,49,62,48
LE2 9QA,20,8,12,14
LE2 9QB,75,37,38,31
LE2 9QD,82,38,44,35
LE2 9QE,91,40,51,37
LE2 9QF,8,4,4,7
LE2 9QG,22,5,17,11
LE2 9QJ,151,56,95,44
LE2 9QL,98,44,54,40
LE2 9QN,25,14,11,13
LE2 9QP,40,21,19,16
LE2 9QQ,52,34,18,32
LE2 9QR,21,7,14,13
LE2 9QS,26,13,13,21
LE2 9RA,30,15,15,13
LE2 9RB,122,50,72,65
LE2 9RD,116,51,65,45
LE2 9RE,69,39,30,30
LE2 9RF,32,11,21,16
LE2 9RG,107,54,53,47
LE2 9RH,85,42,43,46
LE2 9RJ,99,53,46,38
LE2 9RL,72,29,43,33
LE2 9RN,65,30,35,31
LE2 9RP,91,45,46,36
LE2 9RQ,124,65,59,50
LE2 9RR,75,40,35,28
LE2 9RS,61,30,31,21
LE2 9RT,71,33,38,30
LE2 9RU,142,71,71,63
LE2 9RW,54,26,28,25
LE2 9RX,52,30,22,23
LE2 9RY,114,55,59,43
LE2 9RZ,62,28,34,26
LE2 9SA,57,27,30,33
LE2 9SB,72,41,31,35
LE2 9SD,77,33,44,29
LE2 9SE,27,15,12,9
LE2 9SZ,60,27,33,21
LE2 9TA,49,24,25,18
LE2 9TB,219,111,108,77
LE2 9TD,39,26,13,13
LE2 9TE,31,13,18,10
LE2 9TF,12,6,6,4
LE2 9TG,114,52,62,51
LE2 9TH,90,43,47,31
LE2 9TJ,133,59,74,55
LE2 9TL,5,4,1,2
LE2 9TN,2,0,2,2
LE2 9TP,180,91,89,68
LE2 9TQ,66,31,35,22
LE2 9TR,78,41,37,34
LE2 9TS,55,33,22,25
LE2 9TT,48,26,22,24
LE2 9TU,53,29,24,24
LE2 9TW,48,26,22,23
LE2 9TX,93,43,50,32
LE2 9TY,81,44,37,31
LE2 9TZ,130,66,64,49
LE2 9UA,50,28,22,26
LE2 9UB,44,24,20,21
LE2 9UD,50,28,22,20
LE2 9UE,39,19,20,19
LE2 9UF,55,30,25,20
LE2 9UG,74,39,35,34
LE2 9UH,71,28,43,28
LE2 9UJ,20,9,11,7
LE2 9UL,33,16,17,14
LE2 9UN,56,26,30,20
LE2 9UP,85,40,45,30
LE2 9UR,55,25,30,24
LE2 9US,113,51,62,51
LE2 9UU,14,7,7,10
LE3 0AA,132,64,68,38
LE3 0AB,18,10,8,9
LE3 0AF,56,30,26,21
LE3 0AG,72,46,26,28
LE3 0AP,48,22,26,21
LE3 0AS,131,61,70,41
LE3 0AU,117,59,58,48
LE3 0AW,31,15,16,12
LE3 0BA,134,65,69,46
LE3 0BB,83,42,41,28
LE3 0BD,48,30,18,20
LE3 0BE,149,68,81,47
LE3 0BF,54,32,22,22
LE3 0BG,12,4,8,6
LE3 0BH,67,39,28,24
LE3 0BL,46,28,18,21
LE3 0BN,16,12,4,10
LE3 0BP,2,0,2,2
LE3 0BQ,13,10,3,6
LE3 0BR,21,14,7,12
LE3 0BS,35,26,9,18
LE3 0BT,29,21,8,15
LE3 0BU,13,6,7,5
LE3 0BW,17,9,8,5
LE3 0DA,88,39,49,44
LE3 0DB,162,92,70,68
LE3 0DD,69,40,29,27
LE3 0DF,129,73,56,59
LE3 0DG,42,26,16,20
LE3 0DH,67,26,41,26
LE3 0DJ,32,22,10,16
LE3 0DL,13,4,9,4
LE3 0DS,99,41,58,46
LE3 0DT,69,37,32,26
LE3 0DU,114,59,55,48
LE3 0DW,86,44,42,37
LE3 0DX,122,69,53,46
LE3 0DY,93,46,47,38
LE3 0EA,106,52,54,43
LE3 0EB,65,31,34,30
LE3 0ED,61,25,36,27
LE3 0FA,145,103,42,65
LE3 0FB,86,44,42,33
LE3 0FD,71,36,35,25
LE3 0FE,89,53,36,36
LE3 0FF,89,44,45,30
LE3 0FG,120,68,52,39
LE3 0FH,86,34,52,34
LE3 0FJ,72,37,35,43
LE3 0FN,14,4,10,11
LE3 0FP,23,12,11,8
LE3 0FQ,29,15,14,18
LE3 0FR,61,28,33,21
LE3 0FS,19,15,4,6
LE3 0FT,14,9,5,8
LE3 0FU,17,11,6,9
LE3 0FW,16,10,6,8
LE3 0FX,38,24,14,12
LE3 0FY,31,16,15,12
LE3 0FZ,9,3,6,5
LE3 0GA,98,50,48,44
LE3 0GB,24,16,8,8
LE3 0GD,34,15,19,14
LE3 0GE,34,19,15,13
LE3 0GF,136,63,73,17
LE3 0GG,115,60,55,84
LE3 0GR,143,77,66,93
LE3 0GT,97,55,42,33
LE3 0GU,70,30,40,24
LE3 0GW,67,36,31,28
LE3 0GX,42,19,23,22
LE3 0HA,44,25,19,13
LE3 0HB,112,67,45,28
LE3 0HD,57,31,26,18
LE3 0HE,83,53,30,31
LE3 0HF,91,53,38,36
LE3 0HG,55,32,23,20
LE3 0HH,106,67,39,66
LE3 0JA,113,40,73,46
LE3 0JB,123,76,47,41
LE3 0JD,111,64,47,41
LE3 0JE,100,52,48,37
LE3 0JF,34,15,19,13
LE3 0JG,27,14,13,14
LE3 0JH,30,16,14,12
LE3 0JJ,44,22,22,15
LE3 0JL,36,25,11,16
LE3 0JN,25,12,13,14
LE3 0JP,122,63,59,43
LE3 0JQ,108,54,54,44
LE3 0JR,147,73,74,49
LE3 0JS,37,17,20,16
LE3 0JT,46,20,26,18
LE3 0JU,28,12,16,8
LE3 0JW,108,53,55,42
LE3 0JX,71,37,34,33
LE3 0JY,145,75,70,51
LE3 0JZ,69,46,23,33
LE3 0LA,55,33,22,28
LE3 0LB,50,25,25,23
LE3 0LD,37,18,19,16
LE3 0LE,40,23,17,20
LE3 0LF,8,3,5,2
LE3 0LP,1,1,0,1
LE3 0LS,44,21,23,20
LE3 0LT,61,28,33,36
LE3 0LU,66,29,37,38
LE3 0LW,63,26,37,42
LE3 0PA,21,11,10,10
LE3 0PE,73,39,34,46
LE3 0QA,106,56,50,47
LE3 0QB,97,47,50,47
LE3 0QD,181,94,87,105
LE3 0QE,68,42,26,30
LE3 0QF,104,51,53,50
LE3 0QG,114,56,58,50
LE3 0QH,109,58,51,53
LE3 0QJ,117,55,62,53
LE3 0QL,70,34,36,33
LE3 0QN,94,40,54,43
LE3 0QP,103,47,56,46
LE3 0QQ,104,43,61,49
LE3 0QR,93,42,51,29
LE3 0QS,108,49,59,30
LE3 0QT,70,41,29,23
LE3 0QU,1,1,0,1
LE3 0QY,122,43,79,58
LE3 0RA,5,4,1,3
LE3 0RB,4,3,1,4
LE3 0RD,25,15,10,10
LE3 0SA,127,61,66,47
LE3 0SB,120,61,59,43
LE3 0SD,57,25,32,29
LE3 0SE,57,30,27,28
LE3 0SF,48,23,25,19
LE3 0SG,39,17,22,24
LE3 0SH,87,34,53,39
LE3 0SJ,56,28,28,20
LE3 0SL,20,10,10,5
LE3 0SN,38,20,18,12
LE3 0SP,75,41,34,23
LE3 0SQ,63,34,29,20
LE3 0TA,2,2,0,1
LE3 0TB,16,13,3,6
LE3 0TD,15,14,1,14
LE3 0TF,172,95,77,83
LE3 0TG,29,18,11,15
LE3 0TH,9,6,3,8
LE3 0TJ,37,19,18,13
LE3 0TL,54,30,24,19
LE3 0TN,85,43,42,33
LE3 0TR,62,29,33,43
LE3 0UA,107,50,57,41
LE3 0UB,82,37,45,32
LE3 0UD,155,82,73,56
LE3 0UE,60,31,29,21
LE3 0UF,82,43,39,30
LE3 0UG,25,10,15,11
LE3 0UH,97,52,45,39
LE3 0UJ,62,27,35,27
LE3 0UL,18,7,11,7
LE3 0UN,75,38,37,28
LE3 0UP,31,12,19,10
LE3 0UQ,35,22,13,16
LE3 0UR,63,27,36,24
LE3 0US,97,49,48,33
LE3 0UT,103,49,54,37
LE3 0UU,62,35,27,32
LE3 0UW,110,51,59,40
LE3 0UX,114,33,81,65
LE3 0UY,5,3,2,3
LE3 0WA,183,86,97,39
LE3 0WB,17,10,7,4
LE3 0WD,23,11,12,7
LE3 1AA,42,20,22,17
LE3 1AB,107,57,50,43
LE3 1AD,38,19,19,17
LE3 1AE,79,36,43,21
LE3 1AF,34,16,18,23
LE3 1AG,39,22,17,13
LE3 1AH,27,12,15,11
LE3 1AL,98,58,40,34
LE3 1AN,126,61,65,53
LE3 1AP,105,49,56,36
LE3 1AQ,93,41,52,35
LE3 1AR,126,55,71,45
LE3 1AS,78,33,45,36
LE3 1AT,118,62,56,55
LE3 1AU,37,21,16,19
LE3 1AW,43,20,23,19
LE3 1AX,120,83,37,34
LE3 1AY,143,72,71,58
LE3 1BA,62,24,38,28
LE3 1BB,131,64,67,40
LE3 1BD,41,17,24,12
LE3 1BE,37,18,19,13
LE3 1BF,50,27,23,20
LE3 1BG,65,31,34,23
LE3 1BH,18,13,5,8
LE3 1BJ,62,26,36,26
LE3 1BL,12,7,5,5
LE3 1BN,122,64,58,68
LE3 1BP,32,15,17,13
LE3 1BQ,82,39,43,30
LE3 1BR,74,35,39,22
LE3 1BS,60,28,32,24
LE3 1BT,52,29,23,36
LE3 1BU,71,27,44,28
LE3 1BW,79,35,44,26
LE3 1DA,28,16,12,14
LE3 1DB,43,20,23,18
LE3 1DD,32,14,18,14
LE3 1DE,59,28,31,21
LE3 1DF,44,23,21,17
LE3 1DG,92,39,53,45
LE3 1DH,91,45,46,38
LE3 1DJ,47,20,27,16
LE3 1EA,108,53,55,37
LE3 1EB,119,57,62,40
LE3 1ED,24,6,18,10
LE3 1EE,83,39,44,29
LE3 1EF,47,21,26,17
LE3 1EG,22,13,9,9
LE3 1EH,54,25,29,23
LE3 1EJ,15,9,6,4
LE3 1EL,37,20,17,13
LE3 1EN,75,31,44,22
LE3 1EP,63,21,42,22
LE3 1EQ,90,42,48,30
LE3 1ES,70,32,38,22
LE3 1ET,59,30,29,25
LE3 1EU,98,45,53,37
LE3 1EW,67,33,34,25
LE3 1EX,31,13,18,11
LE3 1EY,50,25,25,19
LE3 1FA,81,41,40,30
LE3 1FB,97,50,47,34
LE3 1FD,133,78,55,41
LE3 1FE,40,17,23,13
LE3 1FF,82,41,41,29
LE3 1FG,66,36,30,27
LE3 1FH,37,18,19,15
LE3 1GA,42,15,27,23
LE3 1GB,59,30,29,24
LE3 1GD,57,19,38,18
LE3 1GE,75,30,45,27
LE3 1GF,107,49,58,48
LE3 1GG,35,19,16,12
LE3 1GH,17,5,12,11
LE3 1GJ,140,75,65,47
LE3 1GL,16,7,9,10
LE3 1GN,24,13,11,10
LE3 1GP,35,16,19,24
LE3 1GQ,37,12,25,29
LE3 1GR,84,36,48,31
LE3 1GS,86,40,46,41
LE3 1GT,122,57,65,45
LE3 1GU,40,17,23,12
LE3 1GW,69,35,34,30
LE3 1HG,99,48,51,31
LE3 1HH,27,14,13,9
LE3 1HJ,78,40,38,28
LE3 1HL,66,29,37,30
LE3 1HN,37,13,24,31
LE3 1HR,2,1,1,2
LE3 1HW,63,30,33,41
LE3 1JA,58,28,30,22
LE3 1JB,36,19,17,12
LE3 1JD,24,10,14,12
LE3 1JE,56,25,31,22
LE3 1JF,122,64,58,38
LE3 1JG,73,34,39,28
LE3 1JH,54,27,27,16
LE3 1JJ,53,21,32,20
LE3 1JL,78,37,41,29
LE3 1JN,48,26,22,16
LE3 1JP,16,7,9,10
LE3 1JQ,22,10,12,10
LE3 1JR,112,55,57,45
LE3 1JS,117,65,52,32
LE3 1JT,52,25,27,28
LE3 1JU,41,22,19,13
LE3 1JW,70,39,31,31
LE3 1LA,36,13,23,12
LE3 1LB,38,15,23,10
LE3 1LD,30,14,16,12
LE3 1LE,38,20,18,17
LE3 1LP,66,35,31,59
LE3 1LQ,121,42,79,19
LE3 1LR,8,4,4,6
LE3 1LS,9,5,4,8
LE3 1LT,12,9,3,11
LE3 1LU,18,9,9,16
LE3 1LW,15,8,7,10
LE3 1LX,36,25,11,31
LE3 1LY,15,8,7,11
LE3 1LZ,20,15,5,15
LE3 1NA,39,23,16,16
LE3 1NB,18,7,11,8
LE3 1ND,29,17,12,11
LE3 1NE,15,8,7,8
LE3 1NF,23,8,15,8
LE3 1NG,37,21,16,13
LE3 1NH,129,60,69,44
LE3 1NJ,82,36,46,32
LE3 1NL,89,35,54,32
LE3 1NN,135,61,74,49
LE3 1NP,117,58,59,42
LE3 1NQ,139,71,68,47
LE3 1NR,95,40,55,34
LE3 1NT,68,30,38,18
LE3 1NU,65,30,35,23
LE3 1NW,40,19,21,13
LE3 1NX,62,33,29,24
LE3 1NY,72,28,44,26
LE3 1PA,162,77,85,51
LE3 1PB,156,68,88,52
LE3 1PD,142,57,85,47
LE3 1PE,64,32,32,25
LE3 1PF,80,41,39,22
LE3 1PG,63,30,33,18
LE3 1PH,26,14,12,8
LE3 1PJ,31,14,17,16
LE3 1PL,142,58,84,45
LE3 1PN,53,20,33,21
LE3 1PP,64,21,43,24
LE3 1PR,67,33,34,27
LE3 1PS,48,26,22,20
LE3 1PT,56,30,26,26
LE3 1PU,10,6,4,6
LE3 1PW,29,12,17,11
LE3 1PX,87,46,41,35
LE3 1PY,71,31,40,23
LE3 1PZ,23,9,14,9
LE3 1QA,21,10,11,8
LE3 1QB,55,26,29,27
LE3 1QD,49,23,26,14
LE3 1QE,49,27,22,18
LE3 1QF,39,11,28,12
LE3 1QG,115,58,57,34
LE3 1QH,42,21,21,17
LE3 1QJ,74,35,39,26
LE3 1QL,99,47,52,26
LE3 1QN,126,62,64,47
LE3 1QP,144,67,77,54
LE3 1QQ,45,21,24,14
LE3 1QR,62,28,34,19
LE3 1QU,160,79,81,61
LE3 1QW,188,87,101,43
LE3 1QX,211,108,103,63
LE3 1RA,103,49,54,62
LE3 1RB,163,83,80,60
LE3 1RD,90,40,50,26
LE3 1RE,95,41,54,24
LE3 1RF,163,71,92,52
LE3 1RG,201,92,109,62
LE3 1RH,30,14,16,17
LE3 1RJ,83,44,39,57
LE3 1RL,76,39,37,25
LE3 1RN,15,10,5,13
LE3 1RP,45,21,24,25
LE3 1RQ,136,81,55,81
LE3 1RR,76,37,39,26
LE3 1SA,30,16,14,10
LE3 1SB,120,53,67,35
LE3 1SD,87,44,43,35
LE3 1SE,140,64,76,42
LE3 1SF,108,55,53,35
LE3 1SG,119,53,66,37
LE3 1SH,87,33,54,31
LE3 1SJ,105,44,61,37
LE3 1SL,36,17,19,28
LE3 1SN,109,55,54,33
LE3 1SP,59,32,27,18
LE3 1SQ,55,31,24,14
LE3 1SR,197,90,107,59
LE3 1SS,99,44,55,30
LE3 1ST,69,38,31,53
LE3 1SU,94,45,49,30
LE3 1SW,95,49,46,36
LE3 1SX,15,6,9,7
LE3 1TA,108,57,51,41
LE3 1TB,119,55,64,36
LE3 1TD,80,31,49,23
LE3 1TE,54,21,33,18
LE3 1TF,68,29,39,24
LE3 1TG,119,60,59,43
LE3 1UQ,6,4,2,4
LE3 1UX,2,1,1,1
LE3 1UY,72,30,42,22
LE3 2AA,29,18,11,18
LE3 2AB,88,48,40,38
LE3 2AD,93,52,41,39
LE3 2AE,116,59,57,53
LE3 2AG,63,31,32,22
LE3 2AH,103,57,46,45
LE3 2AJ,109,61,48,53
LE3 2AL,92,44,48,40
LE3 2AN,17,12,5,7
LE3 2AP,11,7,4,6
LE3 2AQ,30,18,12,12
LE3 2AR,33,21,12,16
LE3 2AS,67,37,30,30
LE3 2AT,135,77,58,52
LE3 2BA,113,60,53,37
LE3 2BB,107,50,57,41
LE3 2BD,149,73,76,52
LE3 2BE,125,64,61,51
LE3 2BF,73,36,37,37
LE3 2BG,109,61,48,55
LE3 2BH,81,48,33,40
LE3 2BJ,130,67,63,63
LE3 2BL,102,59,43,52
LE3 2BN,56,30,26,25
LE3 2BP,36,13,23,21
LE3 2BQ,77,41,36,36
LE3 2BS,53,27,26,22
LE3 2BT,47,18,29,17
LE3 2BU,1,1,0,1
LE3 2BW,128,71,57,59
LE3 2BX,111,57,54,50
LE3 2BY,40,20,20,21
LE3 2DA,101,45,56,41
LE3 2DB,87,41,46,32
LE3 2DE,60,30,30,38
LE3 2DZ,130,65,65,56
LE3 2EA,74,34,40,25
LE3 2EB,65,32,33,21
LE3 2ED,70,34,36,27
LE3 2EE,68,31,37,23
LE3 2EF,36,16,20,13
LE3 2EG,73,29,44,27
LE3 2EH,89,44,45,32
LE3 2EJ,97,45,52,34
LE3 2EL,77,39,38,25
LE3 2EN,48,24,24,19
LE3 2EP,76,37,39,27
LE3 2EQ,47,22,25,16
LE3 2ER,46,25,21,20
LE3 2ES,98,48,50,38
LE3 2ET,96,41,55,36
LE3 2EU,91,48,43,30
LE3 2EW,56,27,29,20
LE3 2EX,72,36,36,21
LE3 2EY,63,34,29,28
LE3 2EZ,112,62,50,32
LE3 2FA,61,26,35,22
LE3 2FB,55,23,32,28
LE3 2FD,65,34,31,23
LE3 2FE,30,16,14,13
LE3 2FF,67,36,31,29
LE3 2FG,38,19,19,14
LE3 2FH,127,57,70,44
LE3 2FJ,81,38,43,32
LE3 2FL,58,26,32,29
LE3 2FN,50,23,27,17
LE3 2FP,25,14,11,9
LE3 2FQ,73,33,40,27
LE3 2FR,86,56,30,49
LE3 2FS,22,10,12,9
LE3 2FT,22,15,7,10
LE3 2FU,52,25,27,14
LE3 2FX,49,23,26,15
LE3 2GA,34,18,16,17
LE3 2GB,54,30,24,20
LE3 2GD,62,30,32,23
LE3 2GE,43,20,23,22
LE3 2GF,67,37,30,22
LE3 2GG,167,88,79,60
LE3 2GH,95,52,43,32
LE3 2GJ,27,13,14,12
LE3 2GL,59,32,27,24
LE3 2GN,102,44,58,46
LE3 2GP,111,54,57,43
LE3 2GR,87,48,39,38
LE3 2GS,90,46,44,33
LE3 2GT,105,54,51,40
LE3 2GU,69,37,32,29
LE3 2GW,58,26,32,23
LE3 2GX,95,47,48,40
LE3 2GY,70,35,35,32
LE3 2GZ,10,5,5,5
LE3 2HA,42,21,21,17
LE3 2HB,32,12,20,11
LE3 2HD,55,30,25,17
LE3 2HE,22,11,11,7
LE3 2JA,54,28,26,23
LE3 2JB,110,49,61,43
LE3 2JD,38,18,20,16
LE3 2JE,82,44,38,29
LE3 2JH,26,13,13,11
LE3 2JJ,67,31,36,25
LE3 2JL,25,14,11,10
LE3 2JN,68,35,33,25
LE3 2JP,111,53,58,40
LE3 2JQ,111,49,62,40
LE3 2JR,43,22,21,20
LE3 2JS,41,20,21,17
LE3 2JT,94,50,44,35
LE3 2JU,155,77,78,53
LE3 2JW,56,28,28,24
LE3 2LA,33,16,17,12
LE3 2LB,37,18,19,13
LE3 2LD,34,17,17,13
LE3 2LH,68,30,38,25
LE3 2LJ,34,14,20,15
LE3 2LN,10,5,5,6
LE3 2PA,78,39,39,33
LE3 2PB,122,59,63,38
LE3 2PD,106,56,50,34
LE3 2PE,90,43,47,32
LE3 2PF,80,40,40,27
LE3 2PG,115,61,54,39
LE3 2PH,114,54,60,44
LE3 2PJ,72,33,39,28
LE3 2PL,78,40,38,29
LE3 2PN,51,26,25,19
LE3 2PP,35,22,13,17
LE3 2PQ,14,7,7,9
LE3 2PR,138,71,67,49
LE3 2PS,83,41,42,32
LE3 2PT,42,22,20,18
LE3 2PU,76,37,39,31
LE3 2PW,64,33,31,27
LE3 2QA,78,38,40,27
LE3 2QB,52,23,29,24
LE3 2QD,52,25,27,17
LE3 2QR,36,22,14,20
LE3 2RA,55,36,19,32
LE3 2RB,15,6,9,10
LE3 2RD,71,34,37,25
LE3 2RE,39,19,20,13
LE3 2RR,18,8,10,12
LE3 2RS,47,26,21,20
LE3 2RT,81,36,45,28
LE3 2RU,75,38,37,29
LE3 2RW,113,51,62,43
LE3 2RY,70,35,35,32
LE3 2SA,68,36,32,23
LE3 2SB,29,15,14,13
LE3 2SD,76,38,38,30
LE3 2SE,54,27,27,25
LE3 2SF,68,34,34,27
LE3 2SG,65,29,36,22
LE3 2SH,41,16,25,20
LE3 2SJ,55,29,26,24
LE3 2SL,54,28,26,23
LE3 2SN,87,44,43,33
LE3 2SP,69,33,36,22
LE3 2SQ,36,17,19,15
LE3 2SR,92,43,49,35
LE3 2SS,61,27,34,25
LE3 2ST,86,35,51,28
LE3 2SU,63,33,30,26
LE3 2SW,47,22,25,20
LE3 2SX,103,58,45,61
LE3 2TA,51,27,24,19
LE3 2TB,15,7,8,7
LE3 2TD,67,30,37,26
LE3 2TE,77,47,30,29
LE3 2TG,47,23,24,12
LE3 2TQ,37,13,24,34
LE3 2TR,23,13,10,13
LE3 2TS,73,37,36,24
LE3 2TT,42,22,20,16
LE3 2TU,66,38,28,26
LE3 2TW,64,35,29,29
LE3 2TX,13,6,7,5
LE3 2TY,26,9,17,20
LE3 2UA,27,11,16,10
LE3 2UB,120,55,65,47
LE3 2UD,68,32,36,31
LE3 2UE,34,14,20,12
LE3 2UF,45,24,21,17
LE3 2UG,57,27,30,27
LE3 2UH,39,23,16,15
LE3 2UJ,75,32,43,31
LE3 2UL,47,23,24,21
LE3 2UN,26,12,14,17
LE3 2UP,50,26,24,15
LE3 2UQ,103,51,52,41
LE3 2UR,102,50,52,41
LE3 2US,107,53,54,44
LE3 2UT,60,27,33,28
LE3 2UU,13,4,9,7
LE3 2UW,27,14,13,15
LE3 2UX,15,7,8,8
LE3 2UY,28,12,16,12
LE3 2WA,45,24,21,18
LE3 2WB,58,26,32,25
LE3 2WD,92,47,45,38
LE3 2WE,54,29,25,24
LE3 2WF,36,16,20,21
LE3 2XA,83,42,41,36
LE3 2XB,97,54,43,37
LE3 2XD,63,37,26,27
LE3 2XE,124,64,60,46
LE3 2XF,47,24,23,21
LE3 2XG,53,30,23,24
LE3 2XH,80,39,41,36
LE3 2XJ,57,31,26,30
LE3 2XL,95,44,51,36
LE3 2XN,92,43,49,38
LE3 2XP,79,39,40,41
LE3 2XQ,93,48,45,46
LE3 2XR,56,24,32,44
LE3 2XS,40,20,20,16
LE3 2XZ,56,25,31,24
LE3 2YA,23,8,15,11
LE3 2YB,127,66,61,55
LE3 2YJ,29,14,15,14
LE3 2YZ,94,44,50,32
LE3 3AA,50,23,27,28
LE3 3AB,45,19,26,22
LE3 3AD,99,44,55,42
LE3 3AE,41,20,21,20
LE3 3AF,16,8,8,7
LE3 3AG,23,10,13,15
LE3 3AH,4,2,2,2
LE3 3AJ,68,34,34,28
LE3 3AL,14,5,9,9
LE3 3AN,12,7,5,6
LE3 3AP,14,7,7,6
LE3 3AQ,28,12,16,13
LE3 3AR,26,11,15,8
LE3 3AS,48,24,24,19
LE3 3AT,73,34,39,28
LE3 3AU,46,27,19,16
LE3 3BA,56,26,30,29
LE3 3BB,67,27,40,32
LE3 3BD,68,34,34,28
LE3 3BE,81,44,37,29
LE3 3BF,24,13,11,13
LE3 3BG,29,15,14,10
LE3 3DA,90,42,48,36
LE3 3DB,65,28,37,31
LE3 3DD,91,45,46,42
LE3 3DE,32,17,15,14
LE3 3DF,57,25,32,21
LE3 3DG,77,42,35,31
LE3 3DH,36,16,20,13
LE3 3DJ,22,11,11,9
LE3 3DL,35,17,18,12
LE3 3DN,70,33,37,27
LE3 3DP,70,38,32,27
LE3 3DQ,96,49,47,35
LE3 3DR,164,78,86,90
LE3 3DS,22,13,9,6
LE3 3DT,68,34,34,29
LE3 3DU,93,54,39,40
LE3 3DW,76,42,34,33
LE3 3DX,62,33,29,21
LE3 3EA,103,45,58,38
LE3 3EB,154,79,75,61
LE3 3ED,52,25,27,21
LE3 3EE,64,27,37,30
LE3 3EG,12,3,9,8
LE3 3EH,128,68,60,47
LE3 3EJ,119,54,65,50
LE3 3ET,52,29,23,14
LE3 3EU,26,12,14,11
LE3 3EX,56,23,33,21
LE3 3EY,91,52,39,32
LE3 3FA,48,21,27,21
LE3 3FB,17,7,10,10
LE3 3FD,98,43,55,47
LE3 3FE,119,59,60,39
LE3 3FF,34,16,18,11
LE3 3FG,111,51,60,49
LE3 3FH,64,33,31,28
LE3 3FJ,83,42,41,30
LE3 3FL,109,57,52,44
LE3 3FN,61,32,29,30
LE3 3FP,63,32,31,26
LE3 3FQ,85,41,44,26
LE3 3FR,75,34,41,27
LE3 3FS,29,12,17,13
LE3 3FT,76,39,37,28
LE3 3FU,74,40,34,29
LE3 3FW,99,46,53,44
LE3 3FX,23,13,10,8
LE3 3FY,42,19,23,21
LE3 3FZ,16,6,10,10
LE3 3GA,1,1,0,1
LE3 3GD,7,5,2,3
LE3 3GF,21,10,11,12
LE3 3GG,62,26,36,33
LE3 3GH,69,35,34,24
LE3 3GL,84,38,46,33
LE3 3GN,19,8,11,9
LE3 3GP,21,10,11,12
LE3 3GZ,31,15,16,16
LE3 3HA,87,47,40,34
LE3 3HB,54,27,27,24
LE3 3HL,103,58,45,45
LE3 3HR,71,35,36,26
LE3 3HW,49,23,26,21
LE3 3JA,61,29,32,23
LE3 3JB,80,38,42,32
LE3 3JD,64,31,33,26
LE3 3JE,57,28,29,21
LE3 3JF,3,2,1,3
LE3 3JL,105,47,58,44
LE3 3JP,150,80,70,57
LE3 3JQ,59,30,29,23
LE3 3JR,58,29,29,23
LE3 3JS,32,20,12,12
LE3 3JT,59,27,32,24
LE3 3JU,85,43,42,26
LE3 3JW,53,25,28,19
LE3 3JX,44,21,23,20
LE3 3JY,42,18,24,15
LE3 3LA,66,33,33,24
LE3 3LE,8,4,4,4
LE3 3LF,28,14,14,16
LE3 3LG,5,2,3,3
LE3 3LH,25,10,15,12
LE3 3LJ,57,32,25,19
LE3 3LL,10,4,6,6
LE3 3LN,79,39,40,33
LE3 3LR,46,19,27,18
LE3 3LU,22,10,12,9
LE3 3LW,147,74,73,42
LE3 3LX,171,86,85,61
LE3 3LY,49,26,23,20
LE3 3LZ,6,4,2,4
LE3 3NA,37,20,17,11
LE3 3NB,42,22,20,18
LE3 3ND,11,6,5,6
LE3 3NE,33,19,14,14
LE3 3NF,60,23,37,22
LE3 3NG,115,62,53,37
LE3 3NH,38,13,25,14
LE3 3NJ,36,18,18,13
LE3 3NL,24,10,14,9
LE3 3NN,42,20,22,18
LE3 3NP,38,19,19,16
LE3 3NQ,52,25,27,16
LE3 3NR,62,27,35,27
LE3 3NS,14,6,8,5
LE3 3NT,18,10,8,4
LE3 3NU,313,149,164,92
LE3 3NW,38,20,18,15
LE3 3NX,54,28,26,17
LE3 3NY,52,28,24,13
LE3 3NZ,40,24,16,14
LE3 3PA,51,24,27,30
LE3 3PB,72,34,38,34
LE3 3PD,94,42,52,38
LE3 3PE,70,35,35,26
LE3 3PF,64,18,46,8
LE3 3PG,23,10,13,13
LE3 3PH,132,48,84,27
LE3 3PJ,46,22,24,19
LE3 3PL,121,62,59,47
LE3 3PN,64,28,36,24
LE3 3PP,100,51,49,41
LE3 3PQ,52,26,26,22
LE3 3PR,15,7,8,9
LE3 3PS,36,21,15,16
LE3 3PT,29,14,15,12
LE3 3PU,48,26,22,17
LE3 3PW,22,10,12,13
LE3 3PX,110,53,57,44
LE3 3PY,35,16,19,11
LE3 3QA,78,37,41,33
LE3 3QB,61,29,32,22
LE3 3QE,58,25,33,25
LE3 3QF,59,31,28,25
LE3 3QG,118,55,63,45
LE3 3QH,52,28,24,26
LE3 3QJ,36,19,17,14
LE3 3QL,68,35,33,29
LE3 3QN,30,12,18,12
LE3 3QP,24,10,14,11
LE3 3QR,17,9,8,6
LE3 3QS,34,19,15,13
LE3 3QT,12,8,4,4
LE3 3QU,85,44,41,25
LE3 3QX,43,20,23,15
LE3 3QY,31,18,13,8
LE3 3QZ,24,12,12,8
LE3 3RA,49,25,24,13
LE3 3RB,33,18,15,11
LE3 3RD,61,24,37,19
LE3 3RE,29,13,16,12
LE3 3RF,54,24,30,16
LE3 3RG,60,28,32,18
LE3 3RH,16,7,9,6
LE3 3RJ,89,47,42,42
LE3 3RL,31,18,13,16
LE3 3RN,112,52,60,34
LE3 3RP,63,26,37,21
LE3 3RQ,40,22,18,21
LE3 3RR,227,117,110,83
LE3 3RS,106,54,52,37
LE3 3RT,111,52,59,45
LE3 3RU,37,20,17,13
LE3 3RW,113,58,55,43
LE3 3RX,115,58,57,52
LE3 3RY,51,30,21,23
LE3 3RZ,68,33,35,27
LE3 3SA,51,27,24,20
LE3 3SB,29,16,13,11
LE3 3SD,56,26,30,22
LE3 3SE,83,47,36,41
LE3 3SU,83,47,36,34
LE3 3SW,90,45,45,39
LE3 3SX,28,17,11,11
LE3 3SY,46,21,25,20
LE3 3SZ,52,28,24,22
LE3 3TA,113,58,55,43
LE3 3TB,46,24,22,20
LE3 3TD,54,30,24,25
LE3 3TE,29,16,13,13
LE3 3TF,23,12,11,9
LE3 3TG,28,14,14,11
LE3 3TH,20,6,14,7
LE3 3TJ,55,24,31,18
LE3 3TL,21,11,10,8
LE3 3TN,80,42,38,27
LE3 3TP,88,43,45,34
LE3 3TQ,66,38,28,34
LE3 3TS,61,34,27,22
LE3 3TT,183,94,89,70
LE3 3TU,34,15,19,14
LE3 3TW,33,16,17,18
LE3 3TX,27,15,12,12
LE3 3TY,29,16,13,15
LE3 3TZ,113,61,52,47
LE3 3UA,156,81,75,62
LE3 3UB,27,10,17,10
LE3 3UD,34,18,16,15
LE3 3UE,26,12,14,9
LE3 3UF,62,35,27,27
LE3 3UG,93,42,51,38
LE3 3UH,138,76,62,58
LE3 3UJ,80,40,40,30
LE3 3UL,49,24,25,19
LE3 3UR,53,24,29,18
LE3 3US,28,15,13,8
LE3 3UT,202,112,90,88
LE3 5AG,2,1,1,2
LE3 5BD,46,25,21,32
LE3 5BE,56,35,21,31
LE3 5BN,1,1,0,1
LE3 5DE,3,2,1,1
LE3 5EA,83,42,41,32
LE3 5EB,167,82,85,72
LE3 5ED,110,56,54,49
LE3 5EE,48,32,16,18
LE3 5EG,126,68,58,56
LE3 5EH,36,17,19,13
LE3 5EJ,88,43,45,43
LE3 5EL,166,77,89,63
LE3 5EN,161,76,85,68
LE3 5EQ,98,55,43,47
LE3 5ER,111,70,41,48
LE3 5ES,31,16,15,16
LE3 5ET,26,15,11,17
LE3 5EX,8,5,3,3
LE3 5EZ,53,29,24,19
LE3 5FA,182,87,95,73
LE3 5FB,41,22,19,20
LE3 5FD,109,50,59,43
LE3 5FF,24,13,11,12
LE3 5GE,56,30,26,25
LE3 5GF,19,7,12,8
LE3 5GG,10,4,6,6
LE3 5GH,2,1,1,1
LE3 5GR,1,1,0,1
LE3 5HA,93,48,45,46
LE3 5HB,79,43,36,37
LE3 5HD,50,28,22,24
LE3 5HE,55,25,30,27
LE3 5HF,34,20,14,14
LE3 5HG,49,24,25,25
LE3 5HH,129,66,63,53
LE3 5HL,94,48,46,47
LE3 5HN,101,56,45,41
LE3 5HP,103,54,49,43
LE3 5HQ,77,41,36,37
LE3 5HR,36,19,17,21
LE3 5HS,67,34,33,26
LE3 5HT,55,22,33,21
LE3 5HU,77,36,41,29
LE3 5HW,104,56,48,41
LE3 5HX,28,14,14,23
LE3 5JF,84,52,32,39
LE3 5JG,84,43,41,38
LE3 5JH,122,60,62,51
LE3 5JJ,154,69,85,69
LE3 5JL,97,47,50,40
LE3 5JN,73,34,39,29
LE3 5JP,26,13,13,18
LE3 5JQ,59,29,30,29
LE3 5JR,83,47,36,32
LE3 5LD,103,54,49,51
LE3 5LG,44,22,22,19
LE3 5LH,48,31,17,20
LE3 5LR,104,46,58,43
LE3 5LT,1,1,0,1
LE3 5LU,50,27,23,21
LE3 5LW,3,3,0,1
LE3 5NQ,5,4,1,2
LE3 5PA,57,27,30,38
LE3 5PB,2,1,1,1
LE3 5PD,79,50,29,53
LE3 5PG,3,1,2,1
LE3 5PH,11,9,2,7
LE3 5PJ,10,6,4,6
LE3 5PQ,84,43,41,29
LE3 5PR,166,108,58,100
LE3 5PS,76,37,39,40
LE3 5PU,68,40,28,42
LE3 5QA,6,5,1,4
LE3 5QG,16,12,4,9
LE3 5QJ,44,17,27,42
LE3 5QL,53,28,25,36
LE3 5QN,34,23,11,23
LE3 5QP,19,11,8,11
LE3 5QW,21,13,8,5
LE3 5RA,87,51,36,41
LE3 5RB,86,44,42,41
LE3 5RD,81,45,36,42
LE3 5RF,150,63,87,61
LE3 5RG,19,10,9,5
LE3 5RH,1,0,1,1
LE3 5RJ,58,28,30,28
LE3 5RL,39,25,14,33
LE3 5RN,46,21,25,16
LE3 5RQ,40,31,9,37
LE3 5RR,88,54,34,51
LE3 5RS,45,25,20,21
LE3 5RT,37,21,16,23
LE3 5RU,29,16,13,14
LE3 5RW,98,59,39,50
LE3 5RX,63,29,34,25
LE3 5SA,85,37,48,42
LE3 5SB,77,39,38,31
LE3 5SD,111,53,58,49
LE3 5SE,96,50,46,40
LE3 5SF,48,21,27,21
LE3 6AA,51,24,27,25
LE3 6AB,67,33,34,39
LE3 6AD,49,22,27,25
LE3 6AE,43,22,21,27
LE3 6AF,48,24,24,23
LE3 6AG,61,28,33,31
LE3 6AH,13,6,7,7
LE3 6AJ,48,24,24,20
LE3 6AL,113,62,51,42
LE3 6AN,82,41,41,22
LE3 6AP,34,20,14,18
LE3 6AQ,39,19,20,19
LE3 6AT,81,46,35,46
LE3 6AU,97,56,41,71
LE3 6AW,18,10,8,9
LE3 6AX,80,38,42,33
LE3 6AY,93,39,54,37
LE3 6AZ,12,5,7,10
LE3 6BA,7,7,0,2
LE3 6BD,132,60,72,45
LE3 6BE,71,32,39,29
LE3 6BF,71,30,41,36
LE3 6BG,72,37,35,33
LE3 6BH,52,27,25,25
LE3 6BJ,55,34,21,22
LE3 6BL,106,52,54,52
LE3 6BN,61,34,27,26
LE3 6DA,45,24,21,20
LE3 6DB,64,30,34,26
LE3 6DD,27,18,9,15
LE3 6DF,65,32,33,26
LE3 6DG,98,44,54,34
LE3 6DH,34,13,21,12
LE3 6DL,92,43,49,33
LE3 6DP,66,39,27,38
LE3 6DQ,65,31,34,35
LE3 6DR,171,86,85,86
LE3 6DS,67,36,31,26
LE3 6DT,41,22,19,22
LE3 6DU,62,31,31,31
LE3 6DW,74,36,38,32
LE3 6DX,80,38,42,31
LE3 6DY,56,25,31,25
LE3 6DZ,75,35,40,32
LE3 6EB,17,8,9,8
LE3 6ED,23,14,9,9
LE3 6FA,52,21,31,22
LE3 6FB,61,28,33,19
LE3 6FD,26,10,16,9
LE3 6FE,56,29,27,23
LE3 6FF,25,9,16,9
LE3 6FG,19,10,9,9
LE3 6FH,118,57,61,39
LE3 6FJ,85,44,41,34
LE3 6FL,46,23,23,15
LE3 6FN,62,30,32,22
LE3 6FP,43,21,22,16
LE3 6FQ,51,24,27,20
LE3 6FR,44,21,23,16
LE3 6FS,47,27,20,20
LE3 6FT,46,22,24,18
LE3 6FU,28,16,12,13
LE3 6GA,34,14,20,13
LE3 6GB,38,21,17,12
LE3 6GD,46,21,25,19
LE3 6GE,57,27,30,20
LE3 6HA,34,15,19,14
LE3 6HB,37,15,22,17
LE3 6HD,78,36,42,32
LE3 6HE,74,41,33,29
LE3 6HF,47,23,24,17
LE3 6HG,11,5,6,5
LE3 6HH,30,14,16,16
LE3 6HJ,29,17,12,10
LE3 6HL,100,47,53,36
LE3 6HN,69,37,32,26
LE3 6HP,50,24,26,19
LE3 6HQ,87,49,38,26
LE3 6HR,34,17,17,9
LE3 6HS,34,14,20,16
LE3 6HT,61,25,36,21
LE3 6HU,50,22,28,21
LE3 6HW,73,36,37,30
LE3 6HX,13,4,9,4
LE3 6HZ,27,10,17,20
LE3 6LA,106,43,63,51
LE3 6LB,11,5,6,11
LE3 6LD,83,38,45,33
LE3 6LE,147,63,84,58
LE3 6LF,104,50,54,40
LE3 6LG,56,30,26,20
LE3 6LH,30,13,17,14
LE3 6LJ,72,35,37,27
LE3 6LL,103,53,50,42
LE3 6LN,107,57,50,37
LE3 6LP,99,48,51,32
LE3 6LQ,6,4,2,2
LE3 6LR,69,27,42,26
LE3 6LS,19,9,10,16
LE3 6LT,29,18,11,23
LE3 6LU,51,26,25,18
LE3 6LW,6,4,2,3
LE3 6LX,49,22,27,16
LE3 6LY,31,16,15,12
LE3 6NA,57,29,28,20
LE3 6NB,18,5,13,8
LE3 6ND,25,13,12,14
LE3 6NE,106,49,57,47
LE3 6NF,81,34,47,33
LE3 6NG,31,12,19,15
LE3 6NH,5,2,3,4
LE3 6NJ,37,19,18,20
LE3 6NL,77,39,38,36
LE3 6NN,34,14,20,19
LE3 6NP,90,42,48,51
LE3 6NQ,36,18,18,20
LE3 6NR,53,24,29,20
LE3 6NS,50,21,29,26
LE3 6NT,13,5,8,8
LE3 6NU,127,58,69,45
LE3 6NW,83,41,42,28
LE3 6NX,14,7,7,12
LE3 6NY,72,37,35,28
LE3 6PA,10,9,1,6
LE3 6PB,49,22,27,19
LE3 6PD,110,49,61,41
LE3 6PE,20,11,9,7
LE3 6PF,81,42,39,33
LE3 6PG,41,24,17,21
LE3 6PH,179,86,93,74
LE3 6PJ,97,51,46,47
LE3 6PL,74,33,41,37
LE3 6PN,86,45,41,49
LE3 6PP,88,53,35,48
LE3 6PQ,140,68,72,64
LE3 6PU,54,23,31,20
LE3 6PW,79,40,39,26
LE3 6PX,146,72,74,55
LE3 6PY,41,22,19,18
LE3 6PZ,39,22,17,15
LE3 6QA,53,22,31,18
LE3 6QB,43,22,21,14
LE3 6QD,65,33,32,23
LE3 6QE,41,21,20,15
LE3 6QF,16,9,7,6
LE3 6QG,17,9,8,8
LE3 6QH,124,55,69,49
LE3 6QJ,21,12,9,14
LE3 6QL,11,5,6,6
LE3 6QN,60,36,24,31
LE3 6QP,53,21,32,23
LE3 6QQ,49,19,30,30
LE3 6QR,19,7,12,0
LE3 6QS,103,57,46,36
LE3 6QT,79,36,43,32
LE3 6QU,85,45,40,26
LE3 6QW,114,50,64,35
LE3 6QX,96,43,53,31
LE3 6QY,147,72,75,42
LE3 6QZ,40,19,21,11
LE3 6RA,80,39,41,32
LE3 6RB,85,41,44,49
LE3 6RD,47,22,25,26
LE3 6RE,23,17,6,23
LE3 6RF,26,14,12,10
LE3 6RG,21,8,13,19
LE3 6RH,6,4,2,4
LE3 6RJ,3,2,1,2
LE3 6RL,62,23,39,47
LE3 6RN,36,10,26,28
LE3 6RP,68,33,35,27
LE3 6RR,20,7,13,7
LE3 6SA,131,64,67,49
LE3 6SB,64,32,32,21
LE3 6SD,70,34,36,26
LE3 6SE,88,48,40,43
LE3 6SF,52,24,28,23
LE3 6SG,87,47,40,38
LE3 6SH,114,61,53,48
LE3 6SJ,90,46,44,37
LE3 6SL,46,22,24,16
LE3 6SN,131,68,63,54
LE3 6SP,24,10,14,14
LE3 6SQ,91,42,49,41
LE3 6TA,45,21,24,14
LE3 6TB,7,4,3,5
LE3 6TD,10,5,5,4
LE3 6TE,20,10,10,6
LE3 6TF,30,15,15,10
LE3 6TX,32,14,18,18
LE3 6TY,61,32,29,29
LE3 6UB,77,40,37,25
LE3 6UD,96,44,52,28
LE3 6UE,33,8,25,15
LE3 6UF,34,18,16,24
LE3 6UG,31,16,15,10
LE3 6UH,26,10,16,10
LE3 6UJ,161,70,91,54
LE3 6UL,56,26,30,28
LE3 6UN,27,16,11,11
LE3 6UP,58,25,33,17
LE3 6UQ,34,14,20,12
LE3 6UR,32,13,19,10
LE3 6US,46,23,23,24
LE3 6UT,50,22,28,18
LE3 6UU,147,68,79,65
LE3 6UX,39,19,20,19
LE3 6UY,40,18,22,21
LE3 6UZ,69,34,35,35
LE3 8AA,51,22,29,20
LE3 8AB,75,35,40,30
LE3 8AD,40,19,21,16
LE3 8AE,49,25,24,22
LE3 8AF,73,40,33,36
LE3 8AG,106,55,51,41
LE3 8AH,68,39,29,30
LE3 8AJ,59,31,28,28
LE3 8AL,68,32,36,28
LE3 8AN,46,22,24,24
LE3 8AP,62,31,31,26
LE3 8AQ,42,21,21,17
LE3 8AR,53,26,27,26
LE3 8AS,60,31,29,23
LE3 8AT,47,23,24,21
LE3 8AU,78,40,38,37
LE3 8AW,11,6,5,5
LE3 8AX,8,3,5,5
LE3 8BA,32,13,19,15
LE3 8BB,50,24,26,22
LE3 8BD,65,29,36,28
LE3 8BE,53,31,22,25
LE3 8BF,39,19,20,15
LE3 8BG,98,51,47,38
LE3 8BH,66,32,34,26
LE3 8BJ,35,13,22,20
LE3 8BL,30,18,12,12
LE3 8BN,67,32,35,36
LE3 8BP,54,26,28,25
LE3 8BQ,43,21,22,22
LE3 8BR,76,34,42,31
LE3 8BT,28,12,16,11
LE3 8BU,74,36,38,33
LE3 8BW,39,21,18,15
LE3 8BX,44,25,19,36
LE3 8BY,44,23,21,33
LE3 8DA,65,35,30,30
LE3 8DB,101,49,52,40
LE3 8DD,92,45,47,47
LE3 8DE,17,5,12,6
LE3 8DF,11,4,7,6
LE3 8DH,132,64,68,55
LE3 8DJ,20,6,14,18
LE3 8DL,118,55,63,50
LE3 8DN,52,22,30,22
LE3 8DP,46,20,26,20
LE3 8DQ,51,29,22,29
LE3 8DS,50,26,24,23
LE3 8DT,22,11,11,12
LE3 8DW,41,26,15,19
LE3 8DY,2,1,1,1
LE3 8EA,35,18,17,13
LE3 8EB,22,7,15,10
LE3 8ED,30,13,17,19
LE3 8EE,48,24,24,17
LE3 8EF,34,17,17,15
LE3 8EG,68,35,33,29
LE3 8EH,84,44,40,33
LE3 8EJ,88,43,45,31
LE3 8EL,41,23,18,18
LE3 8EN,77,41,36,29
LE3 8EP,65,33,32,28
LE3 8EQ,15,5,10,12
LE3 8ER,53,24,29,20
LE3 8ET,55,28,27,31
LE3 8EX,11,4,7,8
LE3 8EY,123,46,77,57
LE3 8FA,73,36,37,29
LE3 8FB,47,22,25,18
LE3 8FD,87,44,43,37
LE3 8FE,52,24,28,18
LE3 8FF,73,36,37,31
LE3 8FG,37,21,16,12
LE3 8FH,53,26,27,21
LE3 8FJ,44,21,23,20
LE3 8FL,19,9,10,8
LE3 8FN,35,16,19,18
LE3 8FP,42,23,19,15
LE3 8FQ,35,19,16,16
LE3 8FR,74,32,42,33
LE3 8FS,58,26,32,28
LE3 8FT,39,18,21,16
LE3 8FU,54,28,26,29
LE3 8FW,19,7,12,10
LE3 8GA,73,36,37,27
LE3 8GB,31,16,15,14
LE3 8GD,22,11,11,14
LE3 8GE,23,13,10,13
LE3 8GF,47,24,23,16
LE3 8GG,72,36,36,28
LE3 8GH,79,46,33,30
LE3 8GJ,72,34,38,31
LE3 8GL,29,16,13,14
LE3 8GN,21,13,8,9
LE3 8GP,67,34,33,28
LE3 8GQ,74,36,38,31
LE3 8GR,17,9,8,8
LE3 8GS,66,34,32,23
LE3 8GT,79,39,40,34
LE3 8GU,5,2,3,3
LE3 8GX,1,0,1,1
LE3 8GZ,7,3,4,4
LE3 8HA,33,19,14,13
LE3 8HE,56,30,26,21
LE3 8HF,78,41,37,30
LE3 8HG,76,37,39,30
LE3 8HH,21,13,8,11
LE3 8HL,6,3,3,3
LE3 8HN,55,27,28,20
LE3 8HP,51,28,23,40
LE3 8JA,66,31,35,29
LE3 8JB,81,39,42,36
LE3 8JD,31,17,14,17
LE3 8JE,49,26,23,23
LE3 8JF,78,34,44,32
LE3 8JG,79,38,41,32
LE3 8JH,40,20,20,23
LE3 8JL,5,1,4,5
LE3 8JN,44,19,25,22
LE3 8LA,120,62,58,51
LE3 8LB,43,15,28,21
LE3 8LD,92,48,44,43
LE3 8LE,55,34,21,43
LE3 8LF,57,34,23,25
LE3 8LG,67,27,40,33
LE3 8LH,35,17,18,14
LE3 8LJ,68,32,36,36
LE3 8LL,70,32,38,30
LE3 8LN,60,28,32,28
LE3 8LP,113,53,60,45
LE3 8LQ,57,31,26,26
LE3 8LR,58,28,30,24
LE3 8LS,29,14,15,18
LE3 8LT,66,37,29,34
LE3 8LU,67,33,34,29
LE3 8NA,21,13,8,19
LE3 8NB,24,18,6,19
LE3 8ND,26,15,11,21
LE3 8NE,30,17,13,21
LE3 8NF,133,59,74,58
LE3 8PA,27,14,13,10
LE3 8PB,40,21,19,15
LE3 8PD,57,28,29,22
LE3 8PE,33,18,15,13
LE3 8PF,29,18,11,11
LE3 8PG,37,21,16,16
LE3 8PH,19,12,7,9
LE3 8PJ,45,26,19,17
LE3 8PL,76,36,40,25
LE3 8PN,54,26,28,16
LE3 8PP,54,28,26,22
LE3 8PQ,62,32,30,24
LE3 8PR,29,14,15,15
LE3 8PS,51,26,25,21
LE3 8PT,41,17,24,17
LE3 8PU,88,46,42,28
LE3 8PW,36,16,20,17
LE3 8PX,52,21,31,22
LE3 8PY,17,7,10,8
LE3 8PZ,17,10,7,0
LE3 8QA,101,47,54,37
LE3 8QB,34,18,16,18
LE3 8QD,10,6,4,5
LE3 8QE,16,7,9,8
LE3 8QF,20,7,13,13
LE3 8QG,39,18,21,16
LE3 8QH,22,11,11,10
LE3 8QJ,42,20,22,21
LE3 8QL,23,11,12,8
LE3 8QN,9,3,6,6
LE3 8QP,93,47,46,39
LE3 8QQ,17,10,7,7
LE3 8QR,21,10,11,9
LE3 8QS,44,21,23,15
LE3 8QT,46,25,21,21
LE3 8QU,59,31,28,22
LE3 8QW,158,80,78,64
LE3 8QX,70,37,33,35
LE3 8QY,19,7,12,11
LE3 8QZ,56,32,24,18
LE3 8RG,47,27,20,19
LE3 8RH,90,41,49,40
LE3 8RR,62,25,37,19
LE3 8RS,35,18,17,13
LE3 8RU,39,22,17,20
LE3 8RW,92,41,51,30
LE3 8RX,26,12,14,9
LE3 8RY,37,17,20,12
LE3 8RZ,15,7,8,5
LE3 8SB,134,68,66,44
LE3 8SD,188,95,93,59
LE3 8SE,8,4,4,2
LE3 8SF,33,17,16,15
LE3 8SG,32,12,20,20
LE3 8SU,45,25,20,12
LE3 8SX,34,16,18,9
LE3 8SY,91,51,40,33
LE3 8SZ,82,46,36,26
LE3 9AA,3,2,1,2
LE3 9AB,170,78,92,61
LE3 9AD,181,86,95,59
LE3 9AE,39,13,26,24
LE3 9AF,105,57,48,45
LE3 9AG,216,96,120,70
LE3 9AL,75,36,39,31
LE3 9AN,96,49,47,43
LE3 9AP,91,44,47,33
LE3 9AQ,127,64,63,49
LE3 9AR,2,1,1,1
LE3 9AS,87,41,46,34
LE3 9AT,130,62,68,44
LE3 9AX,109,52,57,44
LE3 9AY,49,28,21,19
LE3 9BA,39,17,22,13
LE3 9BB,118,64,54,44
LE3 9BD,58,25,33,29
LE3 9BE,25,12,13,15
LE3 9BF,22,11,11,10
LE3 9BG,173,84,89,62
LE3 9BH,84,42,42,30
LE3 9BJ,64,27,37,24
LE3 9BL,32,18,14,16
LE3 9BN,51,24,27,23
LE3 9BP,30,10,20,15
LE3 9BQ,19,8,11,7
LE3 9BR,102,39,63,27
LE3 9BS,108,51,57,46
LE3 9BT,77,37,40,29
LE3 9BU,57,27,30,19
LE3 9BW,83,38,45,28
LE3 9BY,41,19,22,23
LE3 9BZ,60,25,35,19
LE3 9DA,38,21,17,18
LE3 9DB,14,7,7,7
LE3 9DD,31,17,14,12
LE3 9DE,34,16,18,16
LE3 9DF,111,57,54,55
LE3 9EB,15,6,9,8
LE3 9ED,16,8,8,9
LE3 9EE,113,59,54,43
LE3 9EF,85,43,42,31
LE3 9EG,145,72,73,44
LE3 9EH,53,25,28,27
LE3 9EL,107,50,57,42
LE3 9EN,32,18,14,8
LE3 9EP,214,105,109,63
LE3 9EQ,94,45,49,32
LE3 9ER,60,30,30,24
LE3 9ES,34,19,15,10
LE3 9ET,20,11,9,6
LE3 9EU,10,5,5,4
LE3 9EW,16,9,7,4
LE3 9EX,28,13,15,8
LE3 9EY,102,47,55,38
LE3 9EZ,34,16,18,9
LE3 9FA,89,40,49,31
LE3 9FB,79,29,50,37
LE3 9FD,52,28,24,23
LE3 9FE,49,20,29,23
LE3 9FF,43,18,25,15
LE3 9FG,72,38,34,28
LE3 9FH,59,35,24,23
LE3 9FJ,87,44,43,33
LE3 9FL,69,29,40,30
LE3 9FN,52,30,22,20
LE3 9FQ,118,59,59,53
LE3 9FR,108,54,54,43
LE3 9FS,76,41,35,32
LE3 9FT,32,18,14,19
LE3 9FU,106,48,58,50
LE3 9FW,27,16,11,11
LE3 9GA,87,36,51,49
LE3 9GB,104,50,54,48
LE3 9GD,59,27,32,23
LE3 9GE,94,53,41,43
LE3 9GF,53,22,31,25
LE3 9GG,19,10,9,10
LE3 9GH,36,20,16,15
LE3 9GJ,61,31,30,27
LE3 9GL,33,19,14,11
LE3 9GN,101,56,45,45
LE3 9GP,97,43,54,47
LE3 9GR,74,35,39,27
LE3 9GS,128,69,59,54
LE3 9GT,113,61,52,48
LE3 9GU,87,43,44,44
LE3 9GW,101,47,54,46
LE3 9GX,61,30,31,30
LE3 9GY,10,5,5,4
LE3 9HA,75,32,43,25
LE3 9HB,46,18,28,22
LE3 9HD,57,28,29,15
LE3 9HE,99,45,54,32
LE3 9HF,70,35,35,21
LE3 9HG,90,40,50,29
LE3 9HH,47,18,29,18
LE3 9HJ,151,79,72,46
LE3 9HL,86,46,40,32
LE3 9HN,67,27,40,25
LE3 9HP,108,51,57,32
LE3 9HQ,67,36,31,21
LE3 9HR,78,31,47,22
LE3 9HS,41,18,23,21
LE3 9HT,26,13,13,10
LE3 9HU,25,13,12,10
LE3 9HW,57,28,29,17
LE3 9HX,63,35,28,24
LE3 9HY,7,2,5,5
LE3 9HZ,76,31,45,25
LE3 9JA,98,49,49,35
LE3 9JB,74,32,42,34
LE3 9JD,24,11,13,19
LE3 9JE,81,33,48,26
LE3 9JF,89,40,49,32
LE3 9JG,42,23,19,17
LE3 9JH,108,50,58,29
LE3 9JJ,28,13,15,12
LE3 9JL,29,16,13,24
LE3 9JN,87,36,51,46
LE3 9JP,69,33,36,48
LE3 9JQ,142,64,78,63
LE3 9JR,140,63,77,66
LE3 9JS,134,59,75,66
LE3 9JT,83,38,45,46
LE3 9JU,68,36,32,47
LE3 9JW,119,56,63,50
LE3 9JX,122,56,66,45
LE3 9LA,46,21,25,14
LE3 9LB,48,21,27,16
LE3 9LD,24,10,14,13
LE3 9LE,10,4,6,5
LE3 9LF,43,21,22,15
LE3 9LG,42,13,29,9
LE3 9LH,38,20,18,15
LE3 9LJ,94,50,44,30
LE3 9LL,93,44,49,26
LE3 9LN,95,42,53,35
LE3 9LP,83,32,51,26
LE3 9LQ,92,48,44,28
LE3 9LR,35,16,19,13
LE3 9LS,68,32,36,21
LE3 9LT,63,30,33,22
LE3 9LU,78,36,42,21
LE3 9LW,4,1,3,1
LE3 9LX,65,33,32,35
LE3 9LY,65,23,42,41
LE3 9LZ,32,20,12,18
LE3 9NA,63,28,35,27
LE3 9NB,75,36,39,24
LE3 9ND,75,37,38,28
LE3 9NE,103,44,59,35
LE3 9NF,97,45,52,30
LE3 9NG,88,46,42,29
LE3 9NH,59,24,35,28
LE3 9NJ,129,64,65,37
LE3 9NL,105,53,52,38
LE3 9NN,55,26,29,22
LE3 9NP,94,52,42,29
LE3 9NQ,75,39,36,24
LE3 9NR,117,56,61,45
LE3 9NS,29,10,19,8
LE3 9NT,76,34,42,29
LE3 9NU,85,42,43,29
LE3 9NW,98,45,53,34
LE3 9NX,77,34,43,32
LE3 9NY,20,10,10,8
LE3 9NZ,21,10,11,9
LE3 9PA,51,22,29,17
LE3 9PB,55,32,23,16
LE3 9PD,12,5,7,12
LE3 9PE,11,5,6,4
LE3 9PF,90,40,50,31
LE3 9PG,82,38,44,30
LE3 9PH,85,39,46,25
LE3 9PJ,45,19,26,13
LE3 9PL,35,14,21,14
LE3 9PN,33,10,23,18
LE3 9PP,124,69,55,36
LE3 9PQ,89,48,41,26
LE3 9PR,45,21,24,19
LE3 9PS,81,37,44,26
LE3 9PT,116,49,67,42
LE3 9PU,143,75,68,49
LE3 9PX,70,33,37,26
LE3 9PZ,44,21,23,21
LE3 9QA,115,55,60,56
LE3 9QB,114,53,61,46
LE3 9QD,95,55,40,26
LE3 9QG,2,1,1,1
LE3 9QJ,12,7,5,3
LE3 9QL,16,9,7,5
LE3 9QN,105,45,60,34
LE3 9QP,8,5,3,0
LE3 9QQ,105,47,58,32
LE3 9QR,32,14,18,13
LE3 9QS,47,18,29,16
LE3 9QU,32,19,13,9
LE3 9QW,158,91,67,43
LE3 9QX,33,18,15,8
LE3 9QY,33,17,16,9
LE3 9QZ,57,33,24,26
LE3 9RA,15,12,3,14
LE3 9RB,96,47,49,43
LE3 9RD,122,66,56,48
LE3 9RE,36,17,19,15
LE3 9RF,46,26,20,19
LE3 9RG,18,9,9,12
LE3 9RH,47,23,24,15
LE3 9RJ,66,31,35,23
LE3 9RL,78,38,40,31
LE3 9RN,76,40,36,28
LE3 9RP,36,19,17,12
LE3 9RQ,28,15,13,23
LE3 9RR,29,13,16,24
LE3 9RS,126,61,65,55
LE3 9RT,106,52,54,45
LE3 9RU,67,33,34,25
LE3 9RW,58,23,35,22
LE3 9RX,20,10,10,9
LE3 9RY,86,49,37,47
LE3 9RZ,14,6,8,5
LE3 9SA,83,43,40,30
LE3 9SB,51,25,26,17
LE3 9SD,36,14,22,10
LE3 9SE,58,30,28,17
LE3 9SF,24,13,11,7
LE3 9SG,41,27,14,19
LE3 9SH,73,31,42,22
LE3 9SJ,51,26,25,18
LE3 9SL,41,23,18,16
LE3 9SN,37,16,21,11
LE3 9SP,22,13,9,7
LE3 9SQ,27,17,10,11
LE3 9SR,14,7,7,4
LE3 9SU,28,13,15,9
LE3 9TA,59,30,29,21
LE3 9TB,83,45,38,35
LE3 9TD,49,27,22,25
LE3 9TE,26,11,15,12
LE3 9TF,75,34,41,31
LE3 9TG,41,19,22,19
LE3 9TH,69,37,32,32
LE3 9TJ,81,39,42,39
LE3 9TL,39,20,19,13
LE3 9TN,67,30,37,24
LE4 0AD,57,31,26,18
LE4 0AF,44,20,24,21
LE4 0AG,53,27,26,22
LE4 0AH,4,1,3,1
LE4 0AJ,50,28,22,27
LE4 0AL,10,7,3,4
LE4 0AN,84,40,44,47
LE4 0AW,118,66,52,57
LE4 0AY,63,37,26,23
LE4 0AZ,80,40,40,25
LE4 0BA,43,22,21,15
LE4 0BB,14,7,7,7
LE4 0BD,145,70,75,39
LE4 0BE,358,171,187,133
LE4 0BF,47,24,23,14
LE4 0BG,19,9,10,5
LE4 0BH,64,33,31,21
LE4 0BJ,42,25,17,15
LE4 0BL,169,83,86,62
LE4 0BN,29,19,10,9
LE4 0BQ,2,1,1,1
LE4 0BT,5,4,1,3
LE4 0BU,73,37,36,25
LE4 0DA,120,63,57,46
LE4 0DB,26,11,15,8
LE4 0DE,89,51,38,32
LE4 0DF,26,8,18,22
LE4 0DG,42,20,22,14
LE4 0DH,59,26,33,18
LE4 0DJ,57,26,31,19
LE4 0DL,47,26,21,19
LE4 0DN,68,38,30,22
LE4 0DP,12,6,6,4
LE4 0DQ,25,13,12,9
LE4 0DR,95,41,54,32
LE4 0DS,32,14,18,12
LE4 0DT,49,24,25,14
LE4 0DU,80,34,46,24
LE4 0EA,17,7,10,4
LE4 0EB,72,40,32,22
LE4 0ED,56,27,29,20
LE4 0EE,66,35,31,18
LE4 0EF,6,3,3,4
LE4 0FA,41,18,23,13
LE4 0FB,80,39,41,29
LE4 0FD,53,29,24,21
LE4 0FE,16,7,9,7
LE4 0FF,29,13,16,13
LE4 0FG,96,48,48,45
LE4 0FH,58,31,27,25
LE4 0FJ,77,35,42,27
LE4 0FN,34,17,17,13
LE4 0FP,67,28,39,24
LE4 0FQ,66,30,36,21
LE4 0FR,34,19,15,13
LE4 0FW,40,16,24,17
LE4 0FX,20,10,10,13
LE4 0FY,26,12,14,11
LE4 0GA,37,17,20,19
LE4 0GB,58,24,34,25
LE4 0GD,54,27,27,24
LE4 0GE,73,39,34,32
LE4 0GF,44,20,24,20
LE4 0GG,22,10,12,11
LE4 0GH,27,11,16,13
LE4 0GJ,57,22,35,26
LE4 0GL,102,50,52,38
LE4 0GN,44,19,25,23
LE4 0GP,96,49,47,42
LE4 0GQ,39,19,20,18
LE4 0GR,49,29,20,19
LE4 0GS,92,43,49,36
LE4 0GT,25,14,11,11
LE4 0GU,31,14,17,17
LE4 0GW,61,29,32,32
LE4 0GX,11,6,5,6
LE4 0HA,22,13,9,8
LE4 0HB,52,27,25,21
LE4 0HD,29,15,14,7
LE4 0HE,38,18,20,12
LE4 0HF,89,42,47,35
LE4 0HG,46,23,23,16
LE4 0HH,102,56,46,29
LE4 0HJ,43,21,22,20
LE4 0HL,72,36,36,25
LE4 0HN,57,26,31,22
LE4 0HP,26,17,9,17
LE4 0HQ,73,33,40,30
LE4 0HR,16,9,7,6
LE4 0HS,25,11,14,9
LE4 0HT,42,24,18,19
LE4 0HU,30,15,15,12
LE4 0HW,54,24,30,22
LE4 0HX,62,30,32,23
LE4 0HY,64,31,33,22
LE4 0JA,30,16,14,13
LE4 0JB,71,33,38,24
LE4 0JD,52,31,21,21
LE4 0JE,9,5,4,3
LE4 0JF,97,49,48,34
LE4 0JQ,52,26,26,17
LE4 0JR,49,25,24,16
LE4 0JT,56,30,26,21
LE4 0JU,75,32,43,30
LE4 0JW,51,25,26,18
LE4 0JX,88,48,40,31
LE4 0JY,67,34,33,31
LE4 0JZ,16,8,8,12
LE4 0LA,54,24,30,22
LE4 0LB,75,38,37,28
LE4 0LD,50,27,23,18
LE4 0LE,18,9,9,9
LE4 0LF,37,17,20,16
LE4 0LG,85,50,35,30
LE4 0LH,30,13,17,11
LE4 0LJ,53,23,30,22
LE4 0LL,104,57,47,46
LE4 0LN,52,21,31,25
LE4 0LP,24,13,11,8
LE4 0LQ,49,20,29,18
LE4 0LR,77,40,37,35
LE4 0LS,52,30,22,18
LE4 0LT,87,45,42,38
LE4 0LU,54,31,23,16
LE4 0LW,33,14,19,18
LE4 0LX,55,27,28,23
LE4 0LY,27,15,12,12
LE4 0LZ,29,12,17,14
LE4 0NB,28,11,17,15
LE4 0NG,58,27,31,15
LE4 0NH,140,74,66,40
LE4 0NJ,48,26,22,18
LE4 0NN,88,41,47,30
LE4 0NZ,43,14,29,15
LE4 0PA,66,29,37,28
LE4 0PB,84,34,50,28
LE4 0PD,73,38,35,28
LE4 0PE,36,18,18,14
LE4 0PF,15,9,6,9
LE4 0PG,10,4,6,4
LE4 0PH,25,15,10,11
LE4 0PJ,67,31,36,29
LE4 0PL,35,21,14,13
LE4 0PN,51,30,21,17
LE4 0PP,56,25,31,28
LE4 0PQ,46,23,23,21
LE4 0PR,55,28,27,18
LE4 0PS,37,16,21,16
LE4 0PT,42,19,23,13
LE4 0PU,28,12,16,12
LE4 0PW,18,10,8,7
LE4 0PX,13,10,3,9
LE4 0PY,23,14,9,10
LE4 0PZ,7,5,2,4
LE4 0QA,34,19,15,17
LE4 0QB,36,18,18,12
LE4 0QD,56,27,29,21
LE4 0QE,39,23,16,15
LE4 0QF,15,9,6,5
LE4 0QG,130,63,67,35
LE4 0QH,42,22,20,27
LE4 0QJ,60,33,27,36
LE4 0QL,98,49,49,44
LE4 0QN,101,53,48,44
LE4 0QP,59,28,31,20
LE4 0QQ,73,43,30,29
LE4 0QR,27,14,13,12
LE4 0QS,116,59,57,45
LE4 0QT,94,46,48,47
LE4 0QU,106,54,52,48
LE4 0QW,180,93,87,83
LE4 0QX,101,55,46,33
LE4 0QY,65,41,24,46
LE4 0QZ,69,37,32,34
LE4 0RA,87,55,32,55
LE4 0RB,55,28,27,22
LE4 0RD,117,64,53,34
LE4 0RE,104,54,50,46
LE4 0RF,103,43,60,32
LE4 0RG,148,70,78,65
LE4 0RH,151,77,74,47
LE4 0RJ,106,49,57,37
LE4 0RL,67,31,36,30
LE4 0RN,27,11,16,8
LE4 0RP,189,104,85,80
LE4 0RQ,113,48,65,47
LE4 0RR,99,43,56,39
LE4 0RS,58,24,34,24
LE4 0RT,67,42,25,51
LE4 0RU,4,2,2,3
LE4 0RZ,14,8,6,5
LE4 0SA,114,56,58,45
LE4 0SB,93,50,43,35
LE4 0SD,39,22,17,26
LE4 0SE,242,115,127,76
LE4 0SF,133,66,67,34
LE4 0SG,147,60,87,59
LE4 0SH,107,48,59,49
LE4 0SJ,122,54,68,43
LE4 0SL,67,29,38,16
LE4 0SN,69,32,37,24
LE4 0SP,145,73,72,40
LE4 0SQ,114,57,57,27
LE4 0SR,134,66,68,35
LE4 0SS,19,7,12,7
LE4 0ST,65,32,33,22
LE4 0SU,44,24,20,26
LE4 0SW,37,27,10,30
LE4 0SX,54,37,17,29
LE4 0SY,35,14,21,13
LE4 0TA,4,1,3,3
LE4 0TB,56,30,26,24
LE4 0UA,144,75,69,52
LE4 0UB,118,56,62,38
LE4 0UD,126,66,60,40
LE4 0UE,101,44,57,29
LE4 0UF,73,36,37,26
LE4 0UG,100,63,37,50
LE4 0UH,92,48,44,44
LE4 0UJ,58,27,31,16
LE4 0UL,141,72,69,38
LE4 0UN,105,53,52,40
LE4 0UP,93,42,51,45
LE4 0UQ,68,36,32,37
LE4 0UR,232,117,115,85
LE4 0US,126,71,55,49
LE4 0UT,37,18,19,12
LE4 0UU,78,42,36,39
LE4 0UW,65,40,25,41
LE4 0UX,126,56,70,50
LE4 0UY,101,56,45,33
LE4 0WA,110,50,60,47
LE4 0WB,101,50,51,37
LE4 0WD,87,40,47,31
LE4 0WE,27,12,15,16
LE4 1AB,139,70,69,52
LE4 1AD,134,73,61,40
LE4 1AE,36,17,19,16
LE4 1AF,86,42,44,41
LE4 1AG,157,69,88,40
LE4 1AH,136,75,61,37
LE4 1AJ,65,31,34,27
LE4 1AL,71,33,38,31
LE4 1AN,166,92,74,68
LE4 1AR,68,34,34,28
LE4 1AS,72,34,38,33
LE4 1AT,97,48,49,39
LE4 1AW,1,1,0,1
LE4 1AX,38,19,19,22
LE4 1BA,22,12,10,9
LE4 1BD,136,69,67,48
LE4 1BH,69,32,37,44
LE4 1BJ,104,59,45,49
LE4 1BL,167,79,88,81
LE4 1BN,37,16,21,17
LE4 1BP,127,66,61,70
LE4 1BQ,114,54,60,61
LE4 1BT,27,16,11,13
LE4 1BU,46,18,28,24
LE4 1BW,16,10,6,10
LE4 1BX,119,59,60,60
LE4 1BY,93,45,48,39
LE4 1DA,188,92,96,61
LE4 1DB,69,28,41,25
LE4 1DD,89,43,46,45
LE4 1DG,9,5,4,7
LE4 1DL,97,49,48,40
LE4 1DN,77,31,46,40
LE4 1DP,157,84,73,61
LE4 1DQ,71,35,36,39
LE4 1DR,58,32,26,27
LE4 1DS,1,0,1,1
LE4 1DU,107,49,58,49
LE4 1DW,20,10,10,7
LE4 1DX,96,43,53,46
LE4 1DY,55,31,24,34
LE4 1EA,109,58,51,45
LE4 1EB,73,39,34,27
LE4 1ED,33,17,16,11
LE4 1EE,53,29,24,20
LE4 1EF,84,43,41,29
LE4 1EG,96,51,45,36
LE4 1EH,158,79,79,55
LE4 1EJ,58,28,30,24
LE4 1EN,132,68,64,41
LE4 1EP,40,22,18,16
LE4 1ER,125,62,63,48
LE4 1EZ,3,1,2,1
LE4 1FB,31,13,18,17
LE4 1HA,85,34,51,16
LE4 1HE,58,25,33,21
LE4 1HF,51,25,26,15
LE4 1HG,29,10,19,11
LE4 1HQ,40,20,20,13
LE4 2AA,47,28,19,20
LE4 2AB,22,11,11,8
LE4 2AF,58,25,33,28
LE4 2AG,19,9,10,7
LE4 2AH,18,7,11,8
LE4 2AJ,51,28,23,22
LE4 2AL,49,22,27,24
LE4 2AN,56,30,26,21
LE4 2AP,56,27,29,20
LE4 2AQ,98,52,46,36
LE4 2AR,48,28,20,22
LE4 2AS,67,37,30,31
LE4 2AT,52,27,25,30
LE4 2AU,19,8,11,11
LE4 2AW,17,9,8,12
LE4 2AZ,68,30,38,23
LE4 2BA,99,48,51,34
LE4 2BB,97,47,50,37
LE4 2BD,62,29,33,24
LE4 2BE,30,15,15,13
LE4 2BF,63,28,35,28
LE4 2BG,62,29,33,24
LE4 2BH,80,38,42,28
LE4 2BJ,101,47,54,39
LE4 2BL,52,19,33,25
LE4 2BN,10,6,4,3
LE4 2DA,15,7,8,9
LE4 2DB,4,0,4,4
LE4 2DD,109,52,57,31
LE4 2DE,22,9,13,9
LE4 2DF,19,9,10,16
LE4 2DG,57,24,33,32
LE4 2DH,21,11,10,8
LE4 2DJ,33,15,18,8
LE4 2DL,115,52,63,41
LE4 2DN,90,41,49,29
LE4 2DP,72,39,33,13
LE4 2DQ,59,29,30,16
LE4 2DR,12,6,6,3
LE4 2DS,22,9,13,12
LE4 2DT,43,18,25,12
LE4 2DU,33,14,19,15
LE4 2DW,48,23,25,17
LE4 2DX,16,10,6,6
LE4 2DY,20,11,9,7
LE4 2DZ,35,11,24,13
LE4 2EA,15,10,5,4
LE4 2EB,19,8,11,7
LE4 2ED,26,11,15,10
LE4 2EE,9,2,7,4
LE4 2EF,14,4,10,12
LE4 2EG,30,13,17,12
LE4 2EH,17,7,10,6
LE4 2EJ,38,22,16,14
LE4 2EL,18,4,14,13
LE4 2EN,34,17,17,14
LE4 2EP,42,20,22,14
LE4 2EQ,39,20,19,11
LE4 2ER,57,21,36,33
LE4 2ET,45,27,18,17
LE4 2EU,52,27,25,17
LE4 2EW,78,38,40,25
LE4 2EX,91,39,52,30
LE4 2EY,27,13,14,8
LE4 2EZ,15,5,10,14
LE4 2FA,36,16,20,12
LE4 2FB,23,12,11,6
LE4 2FD,41,21,20,18
LE4 2FE,29,16,13,11
LE4 2FF,28,11,17,10
LE4 2FG,24,9,15,12
LE4 2FH,40,16,24,15
LE4 2FJ,25,11,14,9
LE4 2FL,85,46,39,60
LE4 2FN,9,3,6,5
LE4 2FP,25,11,14,8
LE4 2FQ,36,18,18,14
LE4 2FR,36,20,16,13
LE4 2FS,30,13,17,8
LE4 2FT,7,4,3,3
LE4 2FU,51,33,18,32
LE4 2FW,35,17,18,13
LE4 2FX,17,10,7,6
LE4 2FY,60,41,19,24
LE4 2FZ,34,21,13,12
LE4 2GA,41,17,24,16
LE4 2GB,55,28,27,14
LE4 2GD,29,14,15,10
LE4 2GE,18,8,10,4
LE4 2GF,6,4,2,4
LE4 2GG,16,7,9,6
LE4 2GH,65,35,30,24
LE4 2GJ,48,23,25,20
LE4 2GL,55,28,27,21
LE4 2GN,57,28,29,20
LE4 2GP,66,35,31,20
LE4 2GQ,77,40,37,21
LE4 2GR,58,27,31,21
LE4 2GS,13,7,6,7
LE4 2GT,37,17,20,15
LE4 2GU,19,9,10,7
LE4 2GW,15,7,8,9
LE4 2GX,53,26,27,25
LE4 2GY,42,22,20,13
LE4 2HA,97,51,46,47
LE4 2HB,66,29,37,29
LE4 2HD,58,32,26,23
LE4 2HE,41,17,24,13
LE4 2HF,36,19,17,12
LE4 2HG,20,8,12,10
LE4 2HH,39,20,19,18
LE4 2HJ,70,35,35,30
LE4 2HL,18,9,9,10
LE4 2HN,52,26,26,20
LE4 2HP,56,30,26,16
LE4 2HQ,23,11,12,8
LE4 2HR,61,30,31,23
LE4 2HS,35,15,20,13
LE4 2HT,57,31,26,28
LE4 2HU,22,8,14,14
LE4 2HW,43,20,23,21
LE4 2HX,92,46,46,31
LE4 2HY,29,16,13,13
LE4 2HZ,192,92,100,71
LE4 2JA,16,11,5,7
LE4 2JB,79,41,38,35
LE4 2JD,98,45,53,12
LE4 2JE,27,17,10,11
LE4 2JF,40,19,21,23
LE4 2JG,69,36,33,25
LE4 2JH,44,20,24,23
LE4 2JJ,38,17,21,15
LE4 2JN,51,27,24,14
LE4 2JP,30,13,17,14
LE4 2JQ,27,16,11,10
LE4 2JR,38,16,22,18
LE4 2JS,53,23,30,18
LE4 2JT,78,35,43,30
LE4 2JU,21,7,14,11
LE4 2JW,53,22,31,19
LE4 2JX,44,24,20,16
LE4 2JY,7,2,5,4
LE4 2JZ,48,29,19,37
LE4 2LA,83,42,41,31
LE4 2LB,24,10,14,8
LE4 2LD,120,68,52,43
LE4 2LE,135,59,76,49
LE4 2LF,70,40,30,21
LE4 2LG,47,20,27,17
LE4 2LH,84,35,49,35
LE4 2LJ,71,34,37,26
LE4 2LL,23,12,11,6
LE4 2LN,12,6,6,10
LE4 2LP,85,37,48,28
LE4 2LQ,123,55,68,41
LE4 2LR,21,13,8,11
LE4 2LS,26,12,14,16
LE4 2LT,17,10,7,12
LE4 2LU,29,12,17,11
LE4 2LW,8,4,4,3
LE4 2LX,38,19,19,16
LE4 2LY,58,32,26,22
LE4 2LZ,126,51,75,57
LE4 2NA,41,15,26,16
LE4 2NB,25,11,14,12
LE4 2ND,4,2,2,2
LE4 2NE,14,10,4,4
LE4 2NF,19,6,13,8
LE4 2NG,66,31,35,27
LE4 2NH,31,16,15,11
LE4 2NJ,12,7,5,5
LE4 2NL,15,9,6,10
LE4 2NN,21,10,11,8
LE4 2NP,24,11,13,14
LE4 2NQ,121,53,68,33
LE4 2NZ,41,22,19,18
LE4 2PA,86,44,42,36
LE4 2PB,111,61,50,44
LE4 2PD,67,32,35,28
LE4 2PE,46,26,20,28
LE4 2PF,17,7,10,8
LE4 2PG,18,6,12,6
LE4 2PH,34,15,19,15
LE4 2PJ,34,14,20,12
LE4 2PL,23,8,15,12
LE4 2PN,55,31,24,29
LE4 2PP,54,27,27,30
LE4 2PQ,7,3,4,4
LE4 2PR,19,8,11,13
LE4 2PS,8,3,5,7
LE4 2PT,35,14,21,19
LE4 2PU,51,23,28,23
LE4 2PW,42,19,23,12
LE4 2PX,61,28,33,30
LE4 2PY,38,21,17,18
LE4 2PZ,32,20,12,24
LE4 2QA,37,17,20,18
LE4 2QB,45,19,26,24
LE4 2QD,60,28,32,23
LE4 2QE,45,24,21,24
LE4 2QF,25,14,11,10
LE4 2QH,11,10,1,10
LE4 2QJ,18,10,8,12
LE4 2QL,12,6,6,11
LE4 2RB,17,7,10,5
LE4 2RD,67,40,27,35
LE4 2RE,32,14,18,11
LE4 2RF,99,46,53,34
LE4 2RG,6,3,3,3
LE4 2RH,33,19,14,28
LE4 2RJ,52,23,29,18
LE4 2SA,126,64,62,38
LE4 2SB,34,18,16,11
LE4 2SD,42,20,22,12
LE4 2SE,32,18,14,10
LE4 2TA,10,4,6,7
LE4 2TB,93,48,45,41
LE4 2TE,30,15,15,11
LE4 2TH,17,8,9,9
LE4 2TJ,42,22,20,18
LE4 2TL,28,15,13,16
LE4 2TN,10,6,4,6
LE4 2TP,40,18,22,15
LE4 2TQ,27,12,15,12
LE4 2TR,33,13,20,10
LE4 2TS,29,14,15,10
LE4 2TT,21,11,10,12
LE4 2TX,19,10,9,8
LE4 2TY,17,9,8,8
LE4 2TZ,15,7,8,8
LE4 2WA,68,30,38,20
LE4 2WB,65,33,32,21
LE4 2WD,107,54,53,32
LE4 2WE,24,9,15,10
LE4 2WF,10,3,7,7
LE4 2WG,14,7,7,3
LE4 2WH,4,2,2,1
LE4 3AA,57,27,30,25
LE4 3AB,84,37,47,28
LE4 3AD,47,25,22,18
LE4 3AE,55,29,26,20
LE4 3AF,48,27,21,17
LE4 3AG,37,19,18,16
LE4 3AH,15,8,7,7
LE4 3AJ,34,17,17,16
LE4 3AL,35,16,19,17
LE4 3AN,28,12,16,13
LE4 3AP,41,23,18,15
LE4 3AQ,70,40,30,26
LE4 3AR,42,22,20,17
LE4 3AS,92,46,46,32
LE4 3AT,99,52,47,36
LE4 3AU,66,32,34,21
LE4 3AW,33,14,19,20
LE4 3AX,45,22,23,12
LE4 3AY,29,16,13,11
LE4 3AZ,19,10,9,12
LE4 3BA,29,12,17,11
LE4 3BB,12,4,8,5
LE4 3BD,39,16,23,13
LE4 3BE,23,9,14,9
LE4 3BF,15,1,14,13
LE4 3BG,30,17,13,11
LE4 3BH,15,7,8,6
LE4 3BJ,20,11,9,8
LE4 3BL,24,8,16,10
LE4 3BN,51,24,27,19
LE4 3BP,67,29,38,26
LE4 3BY,3,3,0,1
LE4 3DA,55,28,27,17
LE4 3DB,45,24,21,16
LE4 3DD,44,22,22,14
LE4 3DE,80,38,42,26
LE4 3DF,44,22,22,18
LE4 3DG,45,26,19,15
LE4 3DH,28,13,15,13
LE4 3DJ,56,28,28,21
LE4 3DL,46,22,24,16
LE4 3DN,49,21,28,22
LE4 3DP,28,12,16,9
LE4 3DQ,48,22,26,14
LE4 3DR,64,29,35,22
LE4 3DS,36,14,22,15
LE4 3DT,60,21,39,18
LE4 3DU,35,14,21,15
LE4 3DW,23,11,12,7
LE4 3DX,60,28,32,19
LE4 3DY,48,21,27,15
LE4 3EA,22,10,12,7
LE4 3EB,39,20,19,16
LE4 3ED,27,15,12,8
LE4 3EE,50,24,26,20
LE4 3EF,58,30,28,20
LE4 3EG,48,22,26,18
LE4 3EX,1,1,0,1
LE4 3FA,46,23,23,20
LE4 3FB,41,19,22,19
LE4 3FD,48,19,29,23
LE4 3FE,38,14,24,15
LE4 3FF,17,7,10,10
LE4 3FG,59,27,32,22
LE4 3FH,29,14,15,14
LE4 3GA,53,25,28,19
LE4 3GB,17,7,10,10
LE4 3GD,34,17,17,15
LE4 3GE,19,8,11,10
LE4 3GF,33,13,20,13
LE4 3GG,81,38,43,34
LE4 3GH,59,27,32,23
LE4 3GJ,6,3,3,5
LE4 3GL,28,11,17,14
LE4 3GN,23,11,12,10
LE4 3GP,48,24,24,17
LE4 3GQ,52,22,30,20
LE4 3GR,68,35,33,24
LE4 3GS,53,26,27,20
LE4 3GT,58,30,28,26
LE4 3GU,63,31,32,23
LE4 3GW,30,17,13,11
LE4 3HA,35,18,17,12
LE4 3HB,14,7,7,7
LE4 3HD,14,6,8,6
LE4 3HE,15,9,6,6
LE4 3HF,29,14,15,12
LE4 3HG,12,4,8,9
LE4 3HH,63,27,36,30
LE4 3HJ,87,47,40,39
LE4 3HL,41,19,22,16
LE4 3HN,56,28,28,23
LE4 3HP,13,6,7,9
LE4 3HQ,28,14,14,12
LE4 3HR,29,13,16,16
LE4 3HS,35,17,18,13
LE4 3HT,28,12,16,14
LE4 3HU,53,30,23,18
LE4 3HW,64,32,32,21
LE4 3JA,45,21,24,16
LE4 3JB,64,33,31,23
LE4 3JD,68,34,34,30
LE4 3JE,37,20,17,16
LE4 3JF,45,21,24,19
LE4 3JG,56,32,24,22
LE4 3JH,43,23,20,15
LE4 3JJ,47,27,20,16
LE4 3JL,32,15,17,12
LE4 3JN,32,16,16,12
LE4 3JP,25,11,14,9
LE4 3JQ,46,21,25,21
LE4 3JR,62,31,31,24
LE4 3JS,68,31,37,30
LE4 3JT,37,20,17,15
LE4 3JU,27,11,16,13
LE4 3JW,49,24,25,16
LE4 3JX,43,22,21,15
LE4 3JY,35,18,17,13
LE4 3JZ,32,15,17,11
LE4 3LA,48,24,24,17
LE4 3LB,60,31,29,28
LE4 3LE,12,7,5,4
LE4 3LF,26,10,16,8
LE4 3LH,136,61,75,53
LE4 3LJ,21,10,11,9
LE4 3LN,75,32,43,28
LE4 3LP,17,8,9,7
LE4 3LQ,15,6,9,8
LE4 3LS,49,23,26,22
LE4 3LT,23,13,10,9
LE4 3LU,34,13,21,13
LE4 3LY,5,1,4,2
LE4 3LZ,17,9,8,6
LE4 3NA,97,45,52,29
LE4 3NB,26,10,16,10
LE4 3ND,35,17,18,10
LE4 3NE,37,19,18,10
LE4 3NG,40,20,20,15
LE4 4AA,36,17,19,9
LE4 4AB,34,19,15,12
LE4 4AD,47,24,23,18
LE4 4AE,21,9,12,8
LE4 4AF,19,11,8,10
LE4 4AG,43,23,20,17
LE4 4AH,37,23,14,13
LE4 4AJ,25,12,13,13
LE4 4AL,41,20,21,14
LE4 4AN,13,7,6,5
LE4 4AP,40,24,16,16
LE4 4AQ,37,18,19,14
LE4 4AR,37,16,21,16
LE4 4AS,36,18,18,15
LE4 4AT,31,16,15,12
LE4 4AU,29,13,16,13
LE4 4AW,25,12,13,12
LE4 4BA,69,37,32,25
LE4 4BB,45,19,26,17
LE4 4BD,29,14,15,11
LE4 4BE,59,28,31,21
LE4 4BF,61,30,31,21
LE4 4BG,26,12,14,11
LE4 4BH,55,28,27,25
LE4 4BJ,89,46,43,21
LE4 4BL,2,1,1,2
LE4 4BZ,28,11,17,12
LE4 4DA,97,45,52,37
LE4 4DB,63,33,30,28
LE4 4DD,21,11,10,9
LE4 4DE,50,27,23,16
LE4 4DF,83,37,46,30
LE4 4DG,26,13,13,9
LE4 4DH,13,8,5,5
LE4 4DJ,59,30,29,25
LE4 4DN,24,10,14,12
LE4 4DP,36,16,20,22
LE4 4DQ,41,19,22,23
LE4 4DR,65,27,38,27
LE4 4DS,60,28,32,22
LE4 4DT,21,10,11,9
LE4 4DU,8,5,3,4
LE4 4DW,25,11,14,11
LE4 4DX,31,21,10,17
LE4 4DY,22,5,17,18
LE4 4EA,33,12,21,11
LE4 4EB,60,31,29,19
LE4 4ED,34,19,15,16
LE4 4EE,60,30,30,30
LE4 4EF,7,3,4,4
LE4 4EG,31,14,17,15
LE4 4EH,42,21,21,33
LE4 4EN,17,7,10,9
LE4 4FA,72,36,36,31
LE4 4FB,18,11,7,9
LE4 4FD,77,35,42,39
LE4 4FE,17,9,8,10
LE4 4FF,21,11,10,10
LE4 4FG,94,41,53,37
LE4 4FH,70,34,36,28
LE4 4FJ,45,21,24,19
LE4 4FL,51,23,28,23
LE4 4FN,33,15,18,19
LE4 4FP,45,21,24,19
LE4 4FQ,30,14,16,11
LE4 4FR,25,11,14,10
LE4 4FS,48,20,28,28
LE4 4FT,12,6,6,6
LE4 4FU,52,28,24,24
LE4 4FW,62,28,34,31
LE4 4FX,33,14,19,10
LE4 4FY,59,30,29,18
LE4 4GA,72,34,38,27
LE4 4GB,8,4,4,6
LE4 4GD,109,51,58,44
LE4 4GE,33,15,18,13
LE4 4GF,118,57,61,63
LE4 4GG,70,36,34,25
LE4 4GH,13,8,5,9
LE4 4GJ,46,24,22,20
LE4 4GL,96,48,48,43
LE4 4GN,40,19,21,15
LE4 4GP,53,29,24,21
LE4 4GQ,66,33,33,29
LE4 4GR,74,37,37,34
LE4 4GS,42,22,20,21
LE4 4GT,25,10,15,12
LE4 4GU,35,18,17,10
LE4 4GW,53,24,29,25
LE4 4GX,30,16,14,14
LE4 4HA,47,20,27,16
LE4 4HB,56,23,33,21
LE4 4HD,80,41,39,31
LE4 4HE,19,9,10,5
LE4 4HF,107,52,55,43
LE4 4HG,26,16,10,10
LE4 4HH,14,7,7,8
LE4 4HJ,44,23,21,20
LE4 4HL,34,19,15,14
LE4 4HN,36,14,22,17
LE4 4HP,45,19,26,18
LE4 4HQ,59,30,29,28
LE4 4HR,18,7,11,6
LE4 4HS,15,8,7,8
LE4 4HT,25,10,15,10
LE4 4HU,33,11,22,12
LE4 4HW,48,27,21,18
LE4 4HX,74,38,36,29
LE4 4HY,89,45,44,40
LE4 4JA,79,33,46,31
LE4 4JB,34,16,18,15
LE4 4JD,60,27,33,18
LE4 4JE,61,29,32,24
LE4 4JF,52,20,32,17
LE4 4JG,92,41,51,33
LE4 4JH,35,15,20,13
LE4 4JJ,11,3,8,6
LE4 4JL,45,23,22,20
LE4 4JN,23,10,13,12
LE4 4JP,44,27,17,16
LE4 4JQ,52,22,30,24
LE4 4JR,31,15,16,10
LE4 4JS,25,12,13,10
LE4 4JT,33,17,16,13
LE4 4JU,66,21,45,45
LE4 4LA,38,19,19,16
LE4 4LB,34,16,18,13
LE4 4LD,40,22,18,14
LE4 4LE,27,12,15,10
LE4 4LF,36,18,18,13
LE4 4LG,27,7,20,9
LE4 4LH,81,35,46,27
LE4 4LJ,17,10,7,8
LE4 4LL,84,47,37,32
LE4 4LN,14,5,9,7
LE4 4LP,38,18,20,14
LE4 4LQ,36,16,20,12
LE4 4LR,39,20,19,12
LE4 4LS,46,28,18,17
LE4 4LT,46,23,23,16
LE4 4LU,60,28,32,26
LE4 4LW,36,17,19,11
LE4 4LX,43,20,23,16
LE4 4NA,45,26,19,17
LE4 4NB,5,4,1,4
LE4 4ND,10,8,2,8
LE4 4NE,16,8,8,5
LE4 4NF,41,18,23,19
LE4 4NG,66,38,28,24
LE4 4NH,29,14,15,10
LE4 4NJ,59,28,31,22
LE4 4NL,70,33,37,26
LE4 4NN,37,15,22,20
LE4 5AB,19,11,8,4
LE4 5AL,48,23,25,16
LE4 5AP,66,33,33,26
LE4 5AS,34,20,14,13
LE4 5AT,12,8,4,6
LE4 5AY,176,78,98,60
LE4 5AZ,85,42,43,28
LE4 5BA,17,10,7,7
LE4 5BB,17,5,12,6
LE4 5BD,44,19,25,21
LE4 5BE,142,67,75,41
LE4 5BF,46,24,22,16
LE4 5BG,139,68,71,41
LE4 5BH,63,29,34,19
LE4 5BJ,82,40,42,38
LE4 5BL,67,36,31,21
LE4 5BN,115,58,57,34
LE4 5BP,95,39,56,38
LE4 5BQ,154,76,78,59
LE4 5BS,83,40,43,26
LE4 5BT,75,35,40,20
LE4 5BU,109,54,55,35
LE4 5BW,111,56,55,39
LE4 5DA,29,15,14,10
LE4 5DB,132,68,64,41
LE4 5DD,50,24,26,21
LE4 5DE,23,11,12,9
LE4 5DG,50,30,20,19
LE4 5DH,43,18,25,15
LE4 5DJ,62,33,29,22
LE4 5DL,21,10,11,12
LE4 5DN,38,14,24,15
LE4 5DP,104,52,52,29
LE4 5DQ,94,43,51,28
LE4 5DR,31,15,16,10
LE4 5DS,33,13,20,13
LE4 5DT,58,28,30,12
LE4 5DU,82,41,41,22
LE4 5DW,51,26,25,12
LE4 5DX,82,42,40,33
LE4 5DY,29,11,18,20
LE4 5EA,20,11,9,10
LE4 5EB,133,84,49,54
LE4 5ED,21,11,10,9
LE4 5EE,22,10,12,10
LE4 5EJ,34,20,14,12
LE4 5EP,13,6,7,9
LE4 5EQ,37,14,23,18
LE4 5ER,11,4,7,3
LE4 5ES,37,15,22,22
LE4 5ET,61,35,26,42
LE4 5EU,169,87,82,60
LE4 5EW,70,33,37,21
LE4 5EX,34,13,21,11
LE4 5GA,140,67,73,43
LE4 5GB,158,82,76,44
LE4 5GD,92,48,44,32
LE4 5GE,94,45,49,30
LE4 5GF,43,22,21,17
LE4 5GG,25,10,15,6
LE4 5GH,89,41,48,32
LE4 5GJ,96,46,50,27
LE4 5GL,111,60,51,34
LE4 5GN,89,44,45,28
LE4 5GP,127,66,61,40
LE4 5GQ,118,64,54,34
LE4 5GR,159,77,82,50
LE4 5GT,87,41,46,24
LE4 5GU,60,35,25,18
LE4 5GW,75,36,39,21
LE4 5GX,20,8,12,7
LE4 5GY,101,48,53,28
LE4 5GZ,12,5,7,4
LE4 5HB,12,3,9,1
LE4 5HD,147,71,76,46
LE4 5HE,119,55,64,39
LE4 5HF,150,75,75,40
LE4 5HG,134,63,71,37
LE4 5HH,44,24,20,13
LE4 5HJ,88,44,44,25
LE4 5HL,65,23,42,23
LE4 5HN,77,35,42,27
LE4 5HP,86,49,37,25
LE4 5JA,60,30,30,29
LE4 5JB,50,26,24,25
LE4 5JF,71,31,40,28
LE4 5JG,22,7,15,15
LE4 5JH,81,44,37,25
LE4 5JL,10,6,4,7
LE4 5JQ,11,3,8,10
LE4 5JR,36,16,20,19
LE4 5JS,98,40,58,36
LE4 5JT,59,28,31,20
LE4 5JW,59,29,30,20
LE4 5JX,46,24,22,20
LE4 5LA,73,34,39,21
LE4 5LB,49,24,25,14
LE4 5LD,57,25,32,21
LE4 5LE,104,36,68,30
LE4 5LF,25,12,13,11
LE4 5LG,11,5,6,6
LE4 5LH,11,5,6,6
LE4 5LJ,65,39,26,35
LE4 5LL,49,16,33,31
LE4 5LN,95,71,24,16
LE4 5LQ,23,3,20,2
LE4 5LR,8,6,2,7
LE4 5PA,93,47,46,33
LE4 5PB,78,34,44,30
LE4 5PD,62,26,36,30
LE4 5PF,17,9,8,11
LE4 5PG,31,14,17,15
LE4 5PH,41,22,19,20
LE4 5PL,24,11,13,12
LE4 5PS,25,13,12,9
LE4 5PT,7,3,4,2
LE4 5PU,194,86,108,77
LE4 5PW,77,39,38,37
LE4 5PY,134,69,65,50
LE4 5QA,25,12,13,12
LE4 5QB,97,51,46,53
LE4 5QD,69,33,36,25
LE4 5QE,94,43,51,41
LE4 5QG,2,1,1,1
LE4 5QH,27,14,13,13
LE4 5QJ,28,14,14,15
LE4 5QN,66,22,44,40
LE4 5QP,44,18,26,36
LE4 5QQ,41,19,22,14
LE4 5RB,158,67,91,63
LE4 5RD,6,2,4,2
LE4 5RE,29,19,10,24
LE4 6AB,30,16,14,9
LE4 6AE,13,4,9,5
LE4 6AL,45,24,21,15
LE4 6AN,115,52,63,35
LE4 6AP,91,44,47,26
LE4 6AQ,101,51,50,35
LE4 6AS,53,24,29,23
LE4 6AW,81,43,38,32
LE4 6AX,174,81,93,58
LE4 6AY,127,60,67,41
LE4 6AZ,52,22,30,30
LE4 6BA,2,2,0,1
LE4 6BB,5,2,3,4
LE4 6BD,25,6,19,15
LE4 6BE,120,59,61,39
LE4 6BF,64,32,32,18
LE4 6BG,66,24,42,29
LE4 6BH,89,34,55,46
LE4 6BJ,27,9,18,16
LE4 6BL,33,7,26,28
LE4 6BQ,74,36,38,24
LE4 6BR,40,18,22,11
LE4 6BS,108,46,62,32
LE4 6BT,61,32,29,15
LE4 6DH,14,9,5,4
LE4 6DP,57,25,32,35
LE4 6DR,20,8,12,12
LE4 6DS,35,15,20,16
LE4 6DT,143,65,78,67
LE4 6DU,100,44,56,47
LE4 6DW,31,11,20,16
LE4 6DX,114,57,57,55
LE4 6DY,22,6,16,12
LE4 6DZ,75,34,41,36
LE4 6EA,132,63,69,40
LE4 6EB,85,38,47,32
LE4 6ED,65,32,33,18
LE4 6EE,73,34,39,30
LE4 6EF,105,52,53,45
LE4 6EG,77,35,42,23
LE4 6EH,96,44,52,33
LE4 6EJ,26,11,15,8
LE4 6EL,12,5,7,5
LE4 6EN,11,6,5,5
LE4 6EP,51,19,32,18
LE4 6EQ,171,74,97,53
LE4 6ER,51,28,23,22
LE4 6ES,44,27,17,18
LE4 6ET,57,26,31,24
LE4 6EU,271,127,144,87
LE4 6EW,56,20,36,15
LE4 6FA,118,47,71,34
LE4 6FB,77,38,39,26
LE4 6FD,122,62,60,35
LE4 6FE,100,48,52,29
LE4 6FG,55,26,29,21
LE4 6FH,65,32,33,31
LE4 6FJ,29,16,13,14
LE4 6FL,42,21,21,16
LE4 6FN,54,27,27,24
LE4 6FP,119,52,67,35
LE4 6FQ,55,24,31,22
LE4 6FR,44,22,22,14
LE4 6FT,107,55,52,39
LE4 6FU,162,82,80,53
LE4 6FW,62,34,28,20
LE4 6FX,37,18,19,15
LE4 6GA,46,19,27,12
LE4 6GB,101,49,52,29
LE4 6GD,75,33,42,27
LE4 6GE,71,36,35,20
LE4 6GF,74,38,36,27
LE4 6GG,124,64,60,41
LE4 6GH,55,27,28,18
LE4 6GJ,74,41,33,23
LE4 6GL,61,30,31,18
LE4 6GN,90,42,48,25
LE4 6GP,70,32,38,20
LE4 6GQ,163,88,75,36
LE4 6GR,107,54,53,29
LE4 6GS,76,42,34,23
LE4 6GT,68,39,29,29
LE4 6GU,122,60,62,34
LE4 6GW,64,31,33,22
LE4 6GX,91,43,48,28
LE4 6GY,56,26,30,16
LE4 6GZ,19,8,11,6
LE4 6HA,145,79,66,60
LE4 6HB,134,65,69,48
LE4 6JA,115,53,62,31
LE4 6JB,54,28,26,16
LE4 6JD,53,27,26,16
LE4 6JE,135,68,67,41
LE4 6JF,164,87,77,44
LE4 6JG,115,61,54,32
LE4 6JH,136,66,70,44
LE4 6JJ,105,47,58,27
LE4 6JL,121,58,63,39
LE4 6JN,122,59,63,29
LE4 6JR,51,25,26,15
LE4 6JS,85,41,44,24
LE4 6JT,16,8,8,4
LE4 6JU,177,82,95,50
LE4 6JW,61,29,32,22
LE4 6JX,155,86,69,48
LE4 6JY,47,28,19,17
LE4 6LA,103,58,45,32
LE4 6LB,150,80,70,45
LE4 6LD,97,44,53,30
LE4 6LE,152,76,76,47
LE4 6LF,36,21,15,10
LE4 6NA,134,71,63,40
LE4 6NB,154,75,79,49
LE4 6ND,53,25,28,16
LE4 6NE,48,22,26,16
LE4 6NF,69,41,28,20
LE4 6NG,77,36,41,29
LE4 6NH,95,52,43,32
LE4 6NJ,170,88,82,60
LE4 6NL,135,75,60,44
LE4 6NN,87,45,42,30
LE4 6NP,146,71,75,43
LE4 6NR,162,82,80,45
LE4 6NS,115,59,56,37
LE4 6NT,166,80,86,53
LE4 6NU,151,77,74,50
LE4 6NW,40,20,20,13
LE4 6NX,131,70,61,36
LE4 6NY,94,52,42,31
LE4 6NZ,84,48,36,20
LE4 6PA,93,43,50,31
LE4 6PB,105,58,47,31
LE4 6PD,67,30,37,23
LE4 6PE,70,37,33,21
LE4 6PF,61,32,29,20
LE4 6PG,76,39,37,23
LE4 6PH,41,19,22,12
LE4 6PJ,107,51,56,33
LE4 6PL,56,24,32,16
LE4 6PN,57,29,28,33
LE4 6QA,168,91,77,46
LE4 6QB,152,69,83,45
LE4 6QD,164,72,92,53
LE4 6QE,124,56,68,47
LE4 6QH,154,77,77,46
LE4 6QJ,136,70,66,42
LE4 6QL,126,65,61,38
LE4 6QN,60,25,35,25
LE4 6QQ,166,73,93,47
LE4 6QR,170,85,85,56
LE4 6QS,27,21,6,13
LE4 6QT,41,26,15,15
LE4 6QU,19,8,11,8
LE4 6RA,49,26,23,20
LE4 6RB,45,21,24,12
LE4 6RD,70,32,38,20
LE4 6RE,42,21,21,18
LE4 6RF,41,19,22,13
LE4 6RG,32,14,18,12
LE4 6RH,58,30,28,22
LE4 6RN,156,72,84,46
LE4 6RP,131,66,65,42
LE4 6RQ,71,30,41,22
LE4 6RR,102,47,55,31
LE4 6RS,99,51,48,31
LE4 6RT,53,23,30,20
LE4 6RU,45,22,23,14
LE4 6RW,91,41,50,29
LE4 6RX,45,20,25,19
LE4 6RY,86,45,41,28
LE4 6RZ,108,53,55,36
LE4 6SA,67,33,34,20
LE4 6SB,79,43,36,24
LE4 6SD,51,22,29,19
LE4 6SE,145,69,76,41
LE4 6SG,25,9,16,20
LE4 6SL,78,39,39,21
LE4 6SN,113,47,66,28
LE4 7AA,6,3,3,2
LE4 7AB,59,28,31,19
LE4 7AD,63,35,28,20
LE4 7AE,149,75,74,45
LE4 7AF,139,74,65,45
LE4 7AG,171,77,94,46
LE4 7AH,151,75,76,46
LE4 7AJ,97,58,39,34
LE4 7AL,142,63,79,43
LE4 7AN,48,22,26,16
LE4 7AU,157,79,78,55
LE4 7AW,126,61,65,39
LE4 7BZ,86,41,45,28
LE4 7DA,31,16,15,12
LE4 7GA,115,55,60,34
LE4 7GB,102,52,50,34
LE4 7GD,91,45,46,30
LE4 7GH,71,41,30,24
LE4 7GJ,96,49,47,28
LE4 7GL,77,38,39,25
LE4 7GN,73,39,34,19
LE4 7GP,79,41,38,24
LE4 7GQ,83,43,40,34
LE4 7GR,88,48,40,24
LE4 7GS,72,36,36,24
LE4 7GT,52,25,27,18
LE4 7GU,88,40,48,32
LE4 7GW,75,36,39,25
LE4 7GX,85,40,45,31
LE4 7HA,69,33,36,22
LE4 7HB,93,43,50,24
LE4 7HD,38,21,17,12
LE4 7HE,70,32,38,18
LE4 7HF,62,31,31,15
LE4 7HG,20,8,12,6
LE4 7HH,74,34,40,23
LE4 7HJ,60,29,31,18
LE4 7NA,44,23,21,10
LE4 7NB,25,13,12,6
LE4 7ND,54,25,29,21
LE4 7NE,32,16,16,11
LE4 7NF,43,20,23,14
LE4 7NG,80,40,40,29
LE4 7NH,89,46,43,31
LE4 7NJ,93,45,48,29
LE4 7NL,133,64,69,50
LE4 7NN,38,22,16,14
LE4 7NP,64,33,31,21
LE4 7NQ,88,41,47,23
LE4 7NR,62,28,34,17
LE4 7NS,68,30,38,20
LE4 7NT,73,41,32,19
LE4 7NU,68,35,33,22
LE4 7NW,73,30,43,20
LE4 7NX,60,28,32,18
LE4 7NY,58,28,30,20
LE4 7PA,33,17,16,10
LE4 7PB,37,20,17,12
LE4 7PF,102,46,56,34
LE4 7PG,70,37,33,23
LE4 7PH,228,114,114,67
LE4 7PJ,105,51,54,37
LE4 7PL,70,33,37,26
LE4 7PN,134,67,67,45
LE4 7PP,49,22,27,15
LE4 7PQ,42,20,22,14
LE4 7PR,83,39,44,30
LE4 7PS,75,40,35,26
LE4 7PT,142,58,84,41
LE4 7PU,25,19,6,18
LE4 7PX,11,5,6,6
LE4 7PY,127,68,59,40
LE4 7PZ,77,34,43,27
LE4 7QA,77,38,39,26
LE4 7QB,35,16,19,12
LE4 7QD,36,17,19,16
LE4 7QE,102,52,50,46
LE4 7QH,23,7,16,11
LE4 7QJ,43,22,21,13
LE4 7QL,99,49,50,26
LE4 7QN,6,4,2,4
LE4 7QP,27,13,14,9
LE4 7QQ,30,13,17,12
LE4 7QR,110,53,57,53
LE4 7QS,58,28,30,23
LE4 7QT,90,43,47,26
LE4 7QU,41,17,24,16
LE4 7QW,16,6,10,9
LE4 7QY,54,24,30,31
LE4 7QZ,9,6,3,2
LE4 7RA,116,56,60,40
LE4 7RB,68,33,35,22
LE4 7RD,72,35,37,30
LE4 7RE,12,8,4,4
LE4 7RF,76,42,34,20
LE4 7RG,70,31,39,25
LE4 7RH,64,34,30,18
LE4 7RJ,75,35,40,30
LE4 7RL,40,18,22,14
LE4 7RN,121,58,63,39
LE4 7RP,73,36,37,25
LE4 7RQ,146,71,75,51
LE4 7RR,131,65,66,42
LE4 7RS,81,43,38,29
LE4 7RT,96,40,56,34
LE4 7RU,65,34,31,23
LE4 7RW,87,43,44,28
LE4 7RX,23,8,15,8
LE4 7RY,17,8,9,6
LE4 7RZ,79,38,41,25
LE4 7SA,80,40,40,40
LE4 7SB,105,57,48,37
LE4 7SD,39,24,15,15
LE4 7SE,49,23,26,22
LE4 7SF,98,48,50,36
LE4 7SG,135,70,65,44
LE4 7SJ,58,28,30,17
LE4 7SL,23,11,12,8
LE4 7SN,29,21,8,8
LE4 7SP,52,30,22,16
LE4 7ST,5,2,3,1
LE4 7SU,231,115,116,75
LE4 7SW,75,35,40,42
LE4 7SX,112,55,57,42
LE4 7SY,107,56,51,41
LE4 7SZ,22,9,13,9
LE4 7TJ,160,73,87,68
LE4 7TL,96,47,49,34
LE4 7TN,45,20,25,13
LE4 7TP,108,49,59,37
LE4 7TQ,72,39,33,22
LE4 7TR,153,72,81,46
LE4 7TS,152,82,70,50
LE4 7TT,28,12,16,10
LE4 7TU,40,17,23,11
LE4 7TW,18,10,8,9
LE4 7WA,51,30,21,30
LE4 7WB,50,23,27,15
LE4 7WD,118,58,60,41
LE4 7WG,71,29,42,23
LE4 7YA,47,23,24,24
LE4 7YB,92,51,41,32
LE4 7YD,207,108,99,72
LE4 7YE,14,5,9,7
LE4 7YF,28,11,17,9
LE4 7YH,86,40,46,25
LE4 7YJ,191,86,105,47
LE4 7YL,86,46,40,42
LE4 7ZA,97,41,56,38
LE4 7ZB,85,42,43,35
LE4 7ZD,49,28,21,17
LE4 7ZE,85,41,44,35
LE4 7ZF,31,15,16,11
LE4 7ZG,119,54,65,49
LE4 7ZH,149,77,72,46
LE4 7ZJ,35,15,20,11
LE4 7ZL,27,16,11,10
LE4 7ZP,93,50,43,29
LE4 7ZQ,126,51,75,50
LE4 7ZR,6,4,2,4
LE4 7ZS,85,35,50,22
LE4 7ZT,24,14,10,8
LE4 7ZU,74,36,38,23
LE4 7ZW,13,5,8,6
LE4 7ZX,4,1,3,2
LE4 8AA,33,21,12,19
LE4 8AB,55,26,29,23
LE4 8AD,76,35,41,28
LE4 8AE,22,11,11,12
LE4 8AF,28,12,16,8
LE4 8AG,59,30,29,22
LE4 8AH,69,32,37,24
LE4 8AJ,61,26,35,24
LE4 8AL,40,19,21,20
LE4 8AR,47,20,27,30
LE4 8AS,6,3,3,5
LE4 8AU,10,6,4,4
LE4 8AW,74,32,42,31
LE4 8AX,23,12,11,16
LE4 8AY,3,2,1,1
LE4 8BB,73,40,33,31
LE4 8BD,71,36,35,31
LE4 8BE,60,30,30,38
LE4 8BG,81,42,39,34
LE4 8BH,14,7,7,7
LE4 8BL,1,1,0,1
LE4 8BP,30,20,10,10
LE4 8BQ,6,2,4,4
LE4 8BT,1,1,0,1
LE4 8BU,9,6,3,9
LE4 8BZ,25,12,13,10
LE4 8DA,62,27,35,30
LE4 8DD,28,14,14,12
LE4 8DE,75,35,40,25
LE4 8DF,82,36,46,36
LE4 8DG,38,21,17,14
LE4 8DH,77,38,39,33
LE4 8DP,61,32,29,26
LE4 8DQ,90,44,46,43
LE4 8DR,18,10,8,7
LE4 8DS,69,20,49,15
LE4 8DU,4,3,1,1
LE4 8DW,66,31,35,23
LE4 8DX,40,21,19,22
LE4 8DY,61,27,34,24
LE4 8DZ,65,36,29,20
LE4 8EA,17,9,8,8
LE4 8EB,22,11,11,9
LE4 8ED,59,25,34,29
LE4 8EE,139,73,66,57
LE4 8EF,77,40,37,23
LE4 8EJ,87,45,42,32
LE4 8ES,213,103,110,64
LE4 8EU,179,93,86,95
LE4 8FA,79,39,40,30
LE4 8FB,60,28,32,27
LE4 8FD,51,27,24,19
LE4 8FE,46,22,24,23
LE4 8FF,78,37,41,37
LE4 8FG,35,20,15,14
LE4 8FH,24,11,13,10
LE4 8FJ,112,53,59,41
LE4 8FL,105,53,52,37
LE4 8FN,60,35,25,19
LE4 8FP,79,43,36,37
LE4 8FQ,104,62,42,37
LE4 8FR,89,43,46,34
LE4 8FS,83,39,44,31
LE4 8FT,49,22,27,21
LE4 8FU,6,2,4,2
LE4 8FW,64,27,37,22
LE4 8FX,40,16,24,16
LE4 8FY,75,36,39,26
LE4 8FZ,1,0,1,1
LE4 8GA,113,50,63,41
LE4 8GB,39,23,16,16
LE4 8GD,75,34,41,27
LE4 8GE,61,27,34,19
LE4 8GG,44,22,22,20
LE4 8GH,79,39,40,29
LE4 8GJ,32,20,12,14
LE4 8GL,34,16,18,18
LE4 8GN,75,36,39,54
LE4 8GP,20,9,11,7
LE4 8GQ,50,22,28,16
LE4 8GR,4,2,2,1
LE4 8GS,36,18,18,15
LE4 8GT,83,44,39,39
LE4 8GU,86,44,42,33
LE4 8GW,90,46,44,42
LE4 8GX,48,24,24,18
LE4 8GY,36,19,17,18
LE4 8GZ,59,28,31,16
LE4 8HA,58,29,29,21
LE4 8HB,59,26,33,24
LE4 8HD,28,13,15,15
LE4 8HE,34,17,17,10
LE4 8HF,112,51,61,40
LE4 8HG,65,36,29,22
LE4 8HH,39,23,16,15
LE4 8HJ,46,26,20,22
LE4 8HL,86,43,43,31
LE4 8HN,43,20,23,16
LE4 8HQ,82,42,40,29
LE4 8HR,62,32,30,25
LE4 8HS,82,38,44,33
LE4 8HT,60,26,34,18
LE4 8HU,71,34,37,23
LE4 8HW,12,5,7,9
LE4 8HX,87,45,42,28
LE4 8HY,28,16,12,11
LE4 8HZ,137,61,76,50
LE4 8JA,52,25,27,29
LE4 8JB,44,20,24,23
LE4 8JD,80,41,39,30
LE4 8JE,137,66,71,46
LE4 8JF,57,24,33,23
LE4 8JG,32,14,18,12
LE4 8JH,47,23,24,21
LE4 8JJ,61,33,28,24
LE4 8JL,37,20,17,15
LE4 8JN,10,7,3,4
LE4 8JP,91,47,44,35
LE4 8JQ,61,30,31,21
LE4 8JR,49,26,23,18
LE4 8JS,31,14,17,19
LE4 8JT,60,27,33,29
LE4 8JU,58,33,25,18
LE4 8JW,48,26,22,27
LE4 8JX,98,43,55,43
LE4 8JZ,22,8,14,11
LE4 8LA,107,54,53,42
LE4 8LB,60,31,29,25
LE4 8LD,119,58,61,47
LE4 8LE,45,24,21,19
LE4 8LF,117,55,62,39
LE4 8LG,82,38,44,33
LE4 8LH,17,9,8,10
LE4 8LJ,186,85,101,84
LE4 8LL,47,23,24,18
LE4 8LN,57,28,29,24
LE4 8LP,55,27,28,22
LE4 8LQ,120,65,55,53
LE4 8LR,28,14,14,12
LE4 8LS,41,20,21,17
LE4 8LT,29,12,17,19
LE4 8LU,33,13,20,14
LE4 8LW,23,12,11,8
LE4 8LX,51,26,25,19
LE4 8LY,45,21,24,24
LE4 8LZ,11,6,5,6
LE4 8NA,137,69,68,43
LE4 8NB,161,84,77,56
LE4 8ND,75,38,37,26
LE4 8NE,89,44,45,33
LE4 8NF,70,37,33,27
LE4 8NH,51,29,22,23
LE4 8NJ,64,31,33,26
LE4 8NL,47,18,29,18
LE4 8NN,6,4,2,2
LE4 8NQ,73,36,37,22
LE4 8NR,46,36,10,43
LE4 8NS,32,13,19,7
LE4 8NT,46,24,22,23
LE4 8NU,35,22,13,17
LE4 8NW,57,27,30,24
LE4 8NX,29,18,11,13
LE4 8NZ,46,21,25,34
LE4 8PA,37,20,17,14
LE4 8PJ,6,3,3,3
LE4 8PL,8,4,4,6
LE4 8PP,15,5,10,5
LE4 8RZ,3,1,2,1
LE4 9AA,29,13,16,13
LE4 9AE,30,16,14,8
LE4 9BA,80,37,43,25
LE4 9BB,84,39,45,24
LE4 9BD,24,12,12,7
LE4 9BE,77,41,36,29
LE4 9BF,88,45,43,34
LE4 9BG,69,36,33,21
LE4 9BH,83,43,40,31
LE4 9BJ,58,24,34,16
LE4 9BL,30,14,16,10
LE4 9BN,60,29,31,20
LE4 9BP,70,33,37,18
LE4 9BQ,28,15,13,8
LE4 9BS,124,56,68,41
LE4 9BT,70,36,34,28
LE4 9BU,95,41,54,24
LE4 9BW,90,42,48,29
LE4 9BX,31,15,16,12
LE4 9BY,39,18,21,9
LE4 9DB,37,18,19,13
LE4 9DD,64,33,31,28
LE4 9DG,52,25,27,15
LE4 9DH,54,27,27,17
LE4 9DJ,77,36,41,21
LE4 9DN,83,40,43,25
LE4 9DP,94,45,49,30
LE4 9DQ,60,28,32,26
LE4 9DR,105,54,51,37
LE4 9DS,48,26,22,21
LE4 9DT,48,21,27,24
LE4 9DU,73,33,40,25
LE4 9DW,126,59,67,40
LE4 9DX,67,34,33,23
LE4 9EA,73,34,39,23
LE4 9EB,81,42,39,30
LE4 9ED,59,21,38,22
LE4 9EE,48,23,25,15
LE4 9EF,111,56,55,38
LE4 9EG,105,56,49,30
LE4 9EH,96,46,50,30
LE4 9EJ,71,38,33,24
LE4 9EL,84,42,42,36
LE4 9EN,32,13,19,10
LE4 9EP,56,30,26,16
LE4 9EQ,76,36,40,31
LE4 9ER,45,23,22,13
LE4 9ES,63,35,28,23
LE4 9ET,59,27,32,20
LE4 9EU,1,1,0,1
LE4 9FA,122,61,61,36
LE4 9FB,86,47,39,30
LE4 9FD,85,42,43,33
LE4 9FE,77,32,45,25
LE4 9FF,65,30,35,15
LE4 9FG,44,21,23,16
LE4 9FH,78,45,33,26
LE4 9FJ,84,43,41,28
LE4 9FL,44,28,16,17
LE4 9FN,46,21,25,18
LE4 9FP,81,44,37,28
LE4 9FQ,43,25,18,11
LE4 9FR,65,28,37,21
LE4 9FS,22,9,13,8
LE4 9FW,23,13,10,12
LE4 9FX,173,76,97,71
LE4 9FY,73,34,39,24
LE4 9FZ,64,30,34,25
LE4 9GE,51,24,27,12
LE4 9GF,105,49,56,40
LE4 9GG,88,38,50,30
LE4 9HH,114,52,62,44
LE4 9HJ,55,30,25,19
LE4 9HL,83,39,44,26
LE4 9HN,76,43,33,27
LE4 9HP,55,25,30,22
LE4 9HR,7,4,3,3
LE4 9JA,69,36,33,35
LE4 9JD,6,4,2,2
LE4 9JH,124,66,58,40
LE4 9JL,72,40,32,28
LE4 9JN,107,56,51,38
LE4 9JP,107,53,54,45
LE4 9JR,102,53,49,37
LE4 9JY,50,22,28,18
LE4 9JZ,65,33,32,27
LE4 9LF,8,3,5,6
LE4 9LG,38,19,19,14
LE4 9LT,27,13,14,9
LE4 9LY,38,19,19,19
LE4 9LZ,2,2,0,2
LE4 9NA,89,48,41,40
LE4 9NB,79,40,39,36
LE4 9ND,131,61,70,46
LE4 9NE,75,34,41,32
LE4 9NF,31,14,17,16
LE4 9NG,37,17,20,10
LE4 9TA,65,32,33,27
LE4 9TB,79,37,42,27
LE4 9TD,37,12,25,20
LE4 9TE,110,51,59,49
LE4 9TF,80,36,44,37
LE4 9TG,49,21,28,23
LE4 9TH,96,46,50,38
LE4 9TJ,71,36,35,20
LE4 9TX,7,3,4,4
LE4 9TY,57,32,25,26
LE4 9UA,16,11,5,8
LE4 9UB,93,43,50,28
LE4 9UD,107,61,46,32
LE4 9UE,56,24,32,21
LE4 9UF,92,48,44,32
LE4 9UG,30,13,17,10
LE4 9UH,36,15,21,11
LE4 9UJ,38,15,23,9
LE4 9UL,13,8,5,4
LE4 9UN,136,71,65,43
LE4 9UP,56,26,30,18
LE4 9UQ,49,30,19,24
LE4 9UR,13,6,7,5
LE4 9US,88,49,39,37
LE4 9WT,115,57,58,52
LE4 9WU,90,47,43,43
LE4 9WW,40,20,20,23
LE4 9WX,23,13,10,14
LE4 9WY,36,21,15,25
LE4 9WZ,51,28,23,39
LE5 0AF,27,13,14,9
LE5 0AG,41,19,22,12
LE5 0AH,78,43,35,24
LE5 0AJ,79,38,41,28
LE5 0AL,25,14,11,10
LE5 0AN,35,16,19,10
LE5 0AP,182,96,86,50
LE5 0AR,13,8,5,6
LE5 0AW,167,79,88,43
LE5 0AY,90,36,54,19
LE5 0AZ,175,87,88,90
LE5 0BA,50,19,31,17
LE5 0BB,34,18,16,12
LE5 0BH,86,38,48,24
LE5 0BJ,26,13,13,9
LE5 0BL,35,16,19,14
LE5 0DE,94,51,43,24
LE5 0DL,41,23,18,14
LE5 0DN,49,24,25,13
LE5 0DP,66,34,32,24
LE5 0DQ,88,45,43,27
LE5 0DT,42,27,15,15
LE5 0DU,29,12,17,9
LE5 0DW,17,10,7,5
LE5 0EA,99,42,57,36
LE5 0EB,128,62,66,39
LE5 0EE,84,47,37,24
LE5 0EF,50,26,24,16
LE5 0EG,20,9,11,9
LE5 0EN,22,11,11,8
LE5 0EP,119,49,70,38
LE5 0ER,100,52,48,33
LE5 0ES,88,43,45,33
LE5 0ET,116,52,64,41
LE5 0EU,60,30,30,31
LE5 0EW,82,35,47,28
LE5 0EX,90,41,49,27
LE5 0EY,87,49,38,33
LE5 0EZ,128,58,70,49
LE5 0FA,70,39,31,27
LE5 0FB,54,32,22,14
LE5 0FE,135,67,68,37
LE5 0FF,80,43,37,23
LE5 0FG,140,68,72,38
LE5 0FH,112,53,59,32
LE5 0FN,48,23,25,18
LE5 0FP,67,31,36,22
LE5 0FQ,85,40,45,53
LE5 0HA,83,44,39,39
LE5 0HE,38,19,19,12
LE5 0HF,58,30,28,16
LE5 0HJ,1,1,0,1
LE5 0HL,1,1,0,1
LE5 0HN,81,32,49,26
LE5 0HS,49,26,23,16
LE5 0HW,1,0,1,1
LE5 0JA,56,26,30,14
LE5 0JB,118,72,46,44
LE5 0JP,56,25,31,20
LE5 0JQ,55,24,31,17
LE5 0LA,55,29,26,25
LE5 0LE,24,20,4,1
LE5 0LF,58,30,28,27
LE5 0LG,97,50,47,33
LE5 0LH,6,4,2,3
LE5 0LJ,29,12,17,9
LE5 0LL,31,13,18,10
LE5 0ND,25,12,13,14
LE5 0NE,91,47,44,33
LE5 0NF,14,8,6,9
LE5 0NG,26,10,16,13
LE5 0NH,97,47,50,40
LE5 0NJ,19,9,10,11
LE5 0NL,54,27,27,23
LE5 0NN,73,38,35,33
LE5 0NP,13,7,6,8
LE5 0NQ,79,43,36,34
LE5 0NR,63,30,33,27
LE5 0NS,129,66,63,51
LE5 0NT,11,4,7,5
LE5 0NU,30,16,14,21
LE5 0PA,26,11,15,9
LE5 0PB,86,39,47,27
LE5 0PD,97,46,51,29
LE5 0PE,45,26,19,18
LE5 0PF,79,33,46,35
LE5 0PG,67,37,30,22
LE5 0PH,101,53,48,29
LE5 0PJ,155,75,80,54
LE5 0PL,51,30,21,14
LE5 0PN,78,39,39,34
LE5 0PP,99,48,51,39
LE5 0PQ,120,58,62,46
LE5 0PR,139,68,71,43
LE5 0PS,83,44,39,30
LE5 0PT,99,38,61,39
LE5 0PU,3,2,1,3
LE5 0QA,86,40,46,39
LE5 0QB,72,37,35,37
LE5 0QD,74,44,30,25
LE5 0QE,82,45,37,27
LE5 0QF,138,83,55,46
LE5 0QG,57,34,23,30
LE5 0QH,31,14,17,10
LE5 0QL,59,25,34,21
LE5 0RA,81,38,43,30
LE5 0RB,45,20,25,15
LE5 0RD,64,30,34,23
LE5 0RE,111,48,63,41
LE5 0RF,86,43,43,39
LE5 0RG,58,33,25,18
LE5 0RH,16,8,8,6
LE5 0SA,140,76,64,55
LE5 0TA,60,33,27,7
LE5 0TB,55,25,30,18
LE5 0TE,27,12,15,11
LE5 0TF,11,8,3,5
LE5 0TL,90,49,41,37
LE5 1AA,63,32,31,24
LE5 1AB,68,38,30,23
LE5 1AD,18,8,10,9
LE5 1AE,129,61,68,63
LE5 1AF,26,13,13,20
LE5 1AG,24,12,12,8
LE5 1AH,32,15,17,9
LE5 1AJ,100,57,43,38
LE5 1AL,122,66,56,40
LE5 1AN,28,13,15,10
LE5 1AP,87,46,41,27
LE5 1AQ,79,41,38,33
LE5 1AR,51,32,19,18
LE5 1AS,55,29,26,23
LE5 1AT,41,18,23,16
LE5 1AU,37,16,21,11
LE5 1AW,47,22,25,16
LE5 1AX,110,54,56,37
LE5 1AY,63,35,28,27
LE5 1BA,34,21,13,12
LE5 1BB,22,12,10,9
LE5 1BD,54,29,25,13
LE5 1BE,20,9,11,8
LE5 1BF,53,22,31,12
LE5 1BG,75,35,40,24
LE5 1BH,254,135,119,76
LE5 1BN,2,1,1,1
LE5 1BP,74,38,36,27
LE5 1BQ,41,21,20,12
LE5 1BR,51,25,26,17
LE5 1BS,16,8,8,4
LE5 1BT,19,9,10,6
LE5 1BU,19,6,13,6
LE5 1BW,46,24,22,12
LE5 1BX,18,7,11,8
LE5 1BZ,25,13,12,13
LE5 1DA,98,45,53,32
LE5 1DB,39,18,21,14
LE5 1DD,36,17,19,12
LE5 1DE,11,5,6,5
LE5 1DF,122,62,60,38
LE5 1DG,34,9,25,11
LE5 1DH,26,7,19,13
LE5 1DJ,57,32,25,21
LE5 1DL,14,7,7,5
LE5 1DN,87,37,50,38
LE5 1DP,45,23,22,20
LE5 1DQ,98,42,56,39
LE5 1DR,34,11,23,18
LE5 1DS,73,35,38,24
LE5 1DU,14,8,6,5
LE5 1EA,116,57,59,34
LE5 1EB,84,48,36,31
LE5 1ED,67,28,39,31
LE5 1EE,90,42,48,37
LE5 1EF,63,33,30,38
LE5 1EG,68,37,31,48
LE5 1EH,68,33,35,23
LE5 1FA,54,25,29,28
LE5 1FB,75,35,40,24
LE5 1FD,40,20,20,18
LE5 1FE,39,18,21,18
LE5 1FF,66,32,34,24
LE5 1FG,11,7,4,4
LE5 1FH,58,25,33,24
LE5 1FJ,56,32,24,28
LE5 1FL,64,34,30,27
LE5 1FN,59,33,26,29
LE5 1FP,89,39,50,34
LE5 1FQ,42,19,23,16
LE5 1FR,49,24,25,23
LE5 1FS,73,35,38,22
LE5 1FT,33,14,19,16
LE5 1FW,33,15,18,14
LE5 1FX,45,10,35,39
LE5 1FZ,5,2,3,3
LE5 1GB,13,5,8,4
LE5 1HA,53,25,28,18
LE5 1HB,56,26,30,24
LE5 1HD,25,13,12,22
LE5 1HE,16,7,9,13
LE5 1HF,27,7,20,0
LE5 1HG,66,27,39,25
LE5 1HH,81,37,44,36
LE5 1HJ,16,7,9,4
LE5 1HL,75,38,37,32
LE5 1HN,29,11,18,12
LE5 1HP,65,30,35,39
LE5 1HQ,35,19,16,20
LE5 1HS,56,27,29,22
LE5 1HT,34,16,18,23
LE5 1HU,97,47,50,30
LE5 1HW,66,30,36,15
LE5 1HX,110,53,57,36
LE5 1JA,100,52,48,48
LE5 1JB,71,30,41,27
LE5 1JD,31,13,18,12
LE5 1JE,38,17,21,30
LE5 1JF,33,21,12,27
LE5 1JG,60,30,30,19
LE5 1JH,48,26,22,21
LE5 1JJ,91,43,48,30
LE5 1JL,81,38,43,28
LE5 1JN,58,28,30,22
LE5 1JP,6,4,2,1
LE5 1JQ,55,28,27,22
LE5 1LA,25,9,16,8
LE5 1LB,59,27,32,24
LE5 1LD,65,31,34,22
LE5 1LE,60,30,30,21
LE5 1LF,68,27,41,24
LE5 1LG,54,28,26,21
LE5 1LH,58,33,25,24
LE5 1LJ,44,21,23,17
LE5 1LL,62,34,28,27
LE5 1LN,80,35,45,31
LE5 1LP,88,40,48,32
LE5 1LQ,110,54,56,38
LE5 1LR,81,38,43,27
LE5 1LS,75,36,39,28
LE5 1LT,61,32,29,27
LE5 1LW,66,41,25,22
LE5 1LX,90,41,49,35
LE5 1LY,35,16,19,12
LE5 1NA,60,30,30,23
LE5 1NB,61,27,34,23
LE5 1ND,45,20,25,18
LE5 1NE,74,38,36,26
LE5 1NF,38,19,19,26
LE5 1NG,86,47,39,37
LE5 1NH,58,22,36,26
LE5 1NJ,71,42,29,26
LE5 1NL,18,11,7,11
LE5 1NN,88,43,45,31
LE5 1NP,89,44,45,32
LE5 1NQ,28,14,14,11
LE5 1NR,119,59,60,39
LE5 1NS,92,47,45,30
LE5 1NT,25,15,10,7
LE5 1NU,26,15,11,8
LE5 1NX,60,28,32,17
LE5 1NY,20,7,13,5
LE5 1NZ,137,67,70,54
LE5 1PA,51,22,29,17
LE5 1PB,120,63,57,42
LE5 1PD,15,7,8,6
LE5 1PE,81,39,42,41
LE5 1PF,45,24,21,16
LE5 1PG,49,28,21,10
LE5 1PH,27,13,14,8
LE5 1PJ,49,23,26,19
LE5 1PL,158,72,86,75
LE5 1PN,74,35,39,22
LE5 1PP,192,97,95,60
LE5 1PQ,186,95,91,74
LE5 1PR,23,12,11,6
LE5 1PS,154,71,83,78
LE5 1PT,302,145,157,91
LE5 1PU,72,33,39,15
LE5 1PW,38,23,15,10
LE5 1PX,20,8,12,4
LE5 1PY,74,35,39,22
LE5 1PZ,42,19,23,17
LE5 1QD,17,6,11,8
LE5 1QE,62,29,33,19
LE5 1QF,218,114,104,66
LE5 1QG,144,73,71,53
LE5 1QH,51,23,28,15
LE5 1QJ,20,9,11,7
LE5 1QL,110,51,59,30
LE5 1QN,94,51,43,25
LE5 1QP,92,47,45,33
LE5 1QQ,43,19,24,14
LE5 1QR,85,43,42,29
LE5 1QS,114,55,59,38
LE5 1QT,70,33,37,21
LE5 1QU,34,19,15,10
LE5 1QW,217,103,114,62
LE5 1QX,84,39,45,26
LE5 1QY,34,16,18,8
LE5 1RA,45,21,24,17
LE5 1RB,51,25,26,19
LE5 1RD,11,6,5,6
LE5 1RE,74,37,37,27
LE5 1RF,36,19,17,21
LE5 1RG,66,29,37,26
LE5 1RH,32,16,16,11
LE5 1RJ,35,16,19,12
LE5 1RL,65,30,35,24
LE5 1RN,70,35,35,24
LE5 1RP,38,15,23,12
LE5 1RQ,67,30,37,21
LE5 1RR,64,27,37,21
LE5 1RS,118,46,72,47
LE5 1RT,72,30,42,27
LE5 1RU,62,28,34,23
LE5 1RW,41,21,20,12
LE5 1RX,112,59,53,37
LE5 1RY,42,25,17,12
LE5 1RZ,92,47,45,29
LE5 1SA,104,48,56,34
LE5 1SB,82,41,41,36
LE5 1SD,16,4,12,8
LE5 1SE,22,10,12,13
LE5 1SF,78,37,41,30
LE5 1SG,40,20,20,16
LE5 1SH,55,24,31,22
LE5 1SJ,23,12,11,7
LE5 1SL,14,7,7,6
LE5 1SN,8,6,2,6
LE5 1SP,64,28,36,25
LE5 1SQ,14,7,7,10
LE5 1SR,27,14,13,8
LE5 1SS,80,32,48,29
LE5 1ST,63,35,28,23
LE5 1SW,185,88,97,49
LE5 1SX,56,27,29,16
LE5 1SY,67,34,33,20
LE5 1SZ,82,38,44,34
LE5 1TA,196,98,98,64
LE5 1TB,75,34,41,26
LE5 1TD,88,38,50,27
LE5 1TE,91,46,45,23
LE5 1TF,80,36,44,28
LE5 1TH,101,47,54,38
LE5 1TJ,61,30,31,18
LE5 1TP,221,101,120,74
LE5 1TQ,119,58,61,40
LE5 1TR,42,22,20,17
LE5 1TS,188,91,97,50
LE5 1TU,41,21,20,12
LE5 1TW,108,50,58,37
LE5 1TX,24,14,10,10
LE5 1UA,55,29,26,25
LE5 1UB,50,24,26,21
LE5 1UD,77,40,37,21
LE5 1UE,39,18,21,11
LE5 1UF,45,23,22,13
LE5 1UG,296,147,149,89
LE5 1UH,142,72,70,60
LE5 1UJ,37,16,21,20
LE5 1UL,41,21,20,12
LE5 1UN,19,9,10,6
LE5 1UP,33,16,17,10
LE5 1UQ,47,21,26,13
LE5 1UR,32,13,19,10
LE5 1US,28,14,14,11
LE5 1UT,131,64,67,31
LE5 1UU,52,25,27,14
LE5 1UW,22,11,11,7
LE5 1UX,66,30,36,18
LE5 1UY,48,23,25,15
LE5 1UZ,26,14,12,9
LE5 1WA,56,26,30,27
LE5 1WB,108,52,56,33
LE5 1WD,36,20,16,12
LE5 1WE,36,18,18,11
LE5 1WH,24,12,12,6
LE5 2AA,72,34,38,21
LE5 2AB,80,39,41,26
LE5 2AD,72,33,39,22
LE5 2AE,72,32,40,21
LE5 2AF,38,17,21,15
LE5 2AG,91,41,50,34
LE5 2AH,76,36,40,29
LE5 2AJ,64,36,28,22
LE5 2AL,79,44,35,28
LE5 2AN,73,38,35,22
LE5 2AP,53,27,26,20
LE5 2AQ,72,34,38,24
LE5 2AR,61,31,30,17
LE5 2BA,44,23,21,16
LE5 2BB,49,26,23,23
LE5 2BD,10,5,5,7
LE5 2BE,172,75,97,40
LE5 2BF,50,17,33,15
LE5 2BH,41,16,25,11
LE5 2DA,121,58,63,42
LE5 2DB,75,39,36,29
LE5 2DD,109,47,62,35
LE5 2DE,104,50,54,37
LE5 2DF,107,54,53,33
LE5 2DG,101,56,45,28
LE5 2DH,100,48,52,33
LE5 2DJ,84,46,38,33
LE5 2DL,38,19,19,23
LE5 2DN,75,34,41,23
LE5 2DP,135,70,65,37
LE5 2DZ,34,14,20,14
LE5 2EA,87,47,40,28
LE5 2EB,88,45,43,26
LE5 2ED,31,13,18,14
LE5 2EE,81,46,35,25
LE5 2EF,74,32,42,28
LE5 2EG,82,43,39,26
LE5 2EH,68,30,38,23
LE5 2EJ,76,37,39,29
LE5 2EL,87,41,46,34
LE5 2EN,113,63,50,43
LE5 2EP,24,12,12,18
LE5 2EQ,22,11,11,11
LE5 2ER,68,31,37,36
LE5 2ES,62,29,33,19
LE5 2ET,55,28,27,36
LE5 2EU,61,28,33,37
LE5 2EW,101,46,55,35
LE5 2EX,129,57,72,41
LE5 2EY,14,4,10,9
LE5 2EZ,75,34,41,32
LE5 2FA,69,34,35,24
LE5 2FB,62,24,38,20
LE5 2FD,93,49,44,30
LE5 2FE,98,46,52,35
LE5 2FF,71,36,35,22
LE5 2FG,79,50,29,43
LE5 2FH,32,17,15,13
LE5 2FJ,60,33,27,18
LE5 2GA,88,40,48,28
LE5 2GB,40,21,19,13
LE5 2GD,36,14,22,11
LE5 2GE,34,17,17,10
LE5 2GF,76,38,38,26
LE5 2GG,117,58,59,39
LE5 2GH,86,44,42,36
LE5 2GJ,101,49,52,31
LE5 2GL,74,36,38,25
LE5 2GN,92,47,45,32
LE5 2GP,75,38,37,26
LE5 2GQ,62,31,31,17
LE5 2GR,39,20,19,16
LE5 2GS,55,26,29,27
LE5 2GT,43,19,24,13
LE5 2HA,57,25,32,23
LE5 2HB,48,24,24,24
LE5 2HD,40,15,25,23
LE5 2HE,80,40,40,41
LE5 2HF,32,18,14,20
LE5 2HG,49,24,25,36
LE5 2HH,22,9,13,11
LE5 2HJ,32,14,18,22
LE5 2HL,94,39,55,36
LE5 2HN,85,46,39,48
LE5 2HP,97,54,43,30
LE5 2HQ,103,49,54,43
LE5 2HR,48,25,23,24
LE5 2HS,54,27,27,20
LE5 2HT,96,41,55,26
LE5 2HU,122,61,61,40
LE5 2HW,52,30,22,25
LE5 2HX,51,24,27,23
LE5 2HY,50,25,25,28
LE5 2HZ,95,45,50,38
LE5 2JA,40,17,23,20
LE5 2JB,44,16,28,25
LE5 2JD,30,18,12,27
LE5 2JE,46,27,19,36
LE5 2LA,37,20,17,14
LE5 2LB,36,18,18,12
LE5 2LD,67,29,38,24
LE5 2LE,85,38,47,35
LE5 2LF,26,12,14,11
LE5 2LG,82,41,41,30
LE5 2LH,92,48,44,34
LE5 2LJ,48,23,25,21
LE5 2LL,32,15,17,8
LE5 2LN,23,11,12,8
LE5 2LP,33,20,13,14
LE5 2LQ,55,23,32,26
LE5 2LR,23,8,15,11
LE5 2LS,62,31,31,22
LE5 2LT,52,25,27,16
LE5 2LU,133,72,61,51
LE5 2LW,52,25,27,20
LE5 2LX,153,77,76,66
LE5 2NA,18,9,9,8
LE5 2NB,75,34,41,26
LE5 2ND,21,11,10,14
LE5 2NE,13,7,6,12
LE5 2NF,70,29,41,28
LE5 2NG,44,17,27,8
LE5 2NH,96,37,59,43
LE5 2NJ,11,5,6,7
LE5 2NL,53,27,26,24
LE5 2NN,75,35,40,47
LE5 2NP,17,11,6,12
LE5 2NQ,46,22,24,15
LE5 2NR,13,8,5,9
LE5 2NS,107,54,53,44
LE5 2NT,36,21,15,16
LE5 2PA,34,15,19,16
LE5 2PB,17,6,11,8
LE5 2PD,70,31,39,31
LE5 2PE,93,43,50,39
LE5 2PF,92,45,47,41
LE5 2PG,67,35,32,27
LE5 2PH,62,25,37,25
LE5 2PJ,25,11,14,8
LE5 2PL,66,30,36,29
LE5 2PN,83,44,39,32
LE5 2PP,112,51,61,45
LE5 2PQ,35,16,19,16
LE5 2PR,78,40,38,23
LE5 2PS,38,19,19,13
LE5 2PT,40,20,20,12
LE5 2PU,68,32,36,29
LE5 2PW,32,19,13,13
LE5 2QA,33,14,19,15
LE5 2QB,45,21,24,15
LE5 2QD,94,44,50,39
LE5 2QE,34,11,23,16
LE5 2QF,25,15,10,20
LE5 2QG,68,29,39,25
LE5 2QH,46,26,20,24
LE5 2QJ,115,54,61,40
LE5 2QL,152,72,80,50
LE5 2QN,62,35,27,35
LE5 2QP,95,46,49,50
LE5 2QQ,15,4,11,5
LE5 2QR,19,6,13,7
LE5 2RA,23,14,9,19
LE5 2RB,36,17,19,26
LE5 2RD,20,9,11,16
LE5 2RE,25,11,14,18
LE5 2RF,78,40,38,35
LE5 2RG,32,22,10,26
LE5 2RH,49,21,28,20
LE5 2RJ,19,6,13,13
LE5 2RL,86,45,41,30
LE5 3AP,3,1,2,1
LE5 3DF,107,50,57,23
LE5 3DJ,144,67,77,41
LE5 3DN,142,72,70,45
LE5 3DQ,47,25,22,15
LE5 3DR,84,45,39,21
LE5 3DS,60,31,29,15
LE5 3DT,79,36,43,21
LE5 3ED,98,49,49,27
LE5 3EE,116,56,60,29
LE5 3EG,12,6,6,5
LE5 3FA,7,4,3,3
LE5 3FB,43,18,25,24
LE5 3FD,39,16,23,24
LE5 3FE,21,8,13,12
LE5 3FF,39,19,20,19
LE5 3FH,11,4,7,5
LE5 3FJ,27,17,10,12
LE5 3FL,49,28,21,9
LE5 3FN,1,1,0,1
LE5 3FP,69,31,38,47
LE5 3FR,28,16,12,19
LE5 3FS,71,32,39,33
LE5 3FT,44,24,20,29
LE5 3FU,82,41,41,20
LE5 3FW,112,54,58,27
LE5 3FX,123,61,62,27
LE5 3FY,35,20,15,17
LE5 3GE,56,29,27,22
LE5 3GG,23,13,10,7
LE5 3GW,51,30,21,26
LE5 3HA,141,73,68,36
LE5 3HB,136,70,66,31
LE5 3HD,14,8,6,4
LE5 3HE,140,68,72,38
LE5 3HF,174,85,89,43
LE5 3HG,152,75,77,38
LE5 3HJ,128,68,60,39
LE5 3HL,69,29,40,17
LE5 3HN,115,45,70,26
LE5 3HP,72,40,32,19
LE5 3HQ,124,73,51,42
LE5 3HR,158,83,75,35
LE5 3HS,37,18,19,13
LE5 3HT,65,35,30,17
LE5 3HU,54,25,29,23
LE5 3HW,57,28,29,13
LE5 3HX,51,24,27,12
LE5 3JA,63,35,28,18
LE5 3JB,42,19,23,14
LE5 3LA,77,36,41,28
LE5 3LB,148,75,73,45
LE5 3LD,60,30,30,16
LE5 3LE,30,19,11,10
LE5 3LF,63,33,30,16
LE5 3LJ,17,8,9,7
LE5 3LL,15,9,6,3
LE5 3LN,120,57,63,40
LE5 3LP,39,20,19,15
LE5 3LQ,150,79,71,52
LE5 3LR,92,52,40,31
LE5 3LS,47,24,23,13
LE5 3LT,43,19,24,13
LE5 3LU,57,27,30,12
LE5 3LW,132,65,67,35
LE5 3LX,131,68,63,26
LE5 3LY,109,45,64,31
LE5 3ND,131,64,67,30
LE5 3NE,88,49,39,23
LE5 3NF,189,94,95,52
LE5 3NG,155,74,81,40
LE5 3NH,125,64,61,35
LE5 3NJ,82,41,41,26
LE5 3NL,94,48,46,28
LE5 3NN,46,23,23,11
LE5 3NP,68,30,38,21
LE5 3NQ,87,41,46,22
LE5 3NR,68,37,31,20
LE5 3NS,29,15,14,11
LE5 3NT,85,47,38,25
LE5 3NU,40,21,19,11
LE5 3NX,94,54,40,25
LE5 3NY,44,26,18,16
LE5 3PA,42,23,19,10
LE5 3PB,67,35,32,20
LE5 3PD,112,57,55,26
LE5 3PE,127,72,55,33
LE5 3PF,112,64,48,32
LE5 3PG,105,53,52,25
LE5 3PH,52,28,24,17
LE5 3PJ,36,18,18,14
LE5 3QG,139,71,68,38
LE5 3QH,124,68,56,33
LE5 3QJ,95,51,44,28
LE5 3QL,94,49,45,28
LE5 3QN,66,39,27,19
LE5 3QS,80,41,39,25
LE5 3QT,52,28,24,15
LE5 3QU,66,34,32,20
LE5 3QW,125,67,58,35
LE5 3QX,40,19,21,10
LE5 3RA,19,7,12,5
LE5 3RB,55,31,24,14
LE5 3RD,149,79,70,35
LE5 3RE,143,68,75,40
LE5 3RF,60,23,37,16
LE5 3RN,72,32,40,19
LE5 3RQ,54,22,32,36
LE5 3RR,96,45,51,23
LE5 3RS,133,66,67,36
LE5 3RT,188,89,99,52
LE5 3SA,69,34,35,23
LE5 3SB,87,43,44,21
LE5 3SD,74,41,33,22
LE5 3SG,160,77,83,42
LE5 3SH,128,65,63,26
LE5 3SN,1,1,0,1
LE5 3SP,161,82,79,47
LE5 3SQ,68,31,37,18
LE5 3SS,25,11,14,6
LE5 3TA,35,23,12,14
LE5 3TB,57,31,26,19
LE5 3TH,7,4,3,3
LE5 3TJ,62,36,26,23
LE5 3TL,97,52,45,30
LE5 3TN,85,43,42,22
LE5 3TP,93,48,45,26
LE5 3TQ,45,29,16,15
LE5 3TT,64,37,27,19
LE5 4AA,109,60,49,52
LE5 4AB,36,18,18,10
LE5 4AD,75,47,28,28
LE5 4AE,31,18,13,21
LE5 4AF,39,17,22,13
LE5 4AH,94,47,47,24
LE5 4AL,122,67,55,33
LE5 4AQ,46,26,20,18
LE5 4AR,97,45,52,32
LE5 4AS,110,57,53,31
LE5 4AT,75,37,38,20
LE5 4AU,89,47,42,24
LE5 4AW,119,59,60,34
LE5 4AX,89,43,46,47
LE5 4BD,49,28,21,13
LE5 4BE,102,50,52,29
LE5 4BF,140,74,66,33
LE5 4BG,6,4,2,2
LE5 4BH,84,43,41,30
LE5 4BJ,97,55,42,33
LE5 4BL,73,36,37,28
LE5 4BP,95,54,41,36
LE5 4BQ,15,9,6,9
LE5 4DA,7,4,3,3
LE5 4DB,78,33,45,27
LE5 4DD,83,45,38,31
LE5 4DE,32,22,10,14
LE5 4DF,98,51,47,31
LE5 4DG,28,16,12,10
LE5 4DJ,9,3,6,5
LE5 4DL,46,25,21,12
LE5 4DN,101,48,53,30
LE5 4DP,63,33,30,19
LE5 4DQ,98,50,48,22
LE5 4DW,14,8,6,4
LE5 4DZ,139,69,70,44
LE5 4EA,60,36,24,37
LE5 4ED,82,36,46,36
LE5 4EE,74,34,40,39
LE5 4EF,36,16,20,13
LE5 4EG,163,78,85,70
LE5 4EH,110,52,58,40
LE5 4EJ,171,84,87,51
LE5 4EL,123,70,53,46
LE5 4EN,53,21,32,33
LE5 4EP,24,10,14,11
LE5 4EQ,94,52,42,50
LE5 4ER,39,17,22,16
LE5 4ES,147,74,73,50
LE5 4ET,88,57,31,69
LE5 4EU,61,25,36,25
LE5 4EW,35,23,12,29
LE5 4EX,98,57,41,36
LE5 4EY,69,30,39,24
LE5 4EZ,51,23,28,19
LE5 4FA,113,59,54,26
LE5 4FF,167,87,80,45
LE5 4FG,113,59,54,32
LE5 4FH,138,63,75,39
LE5 4FJ,106,53,53,29
LE5 4FL,85,42,43,22
LE5 4FN,94,46,48,25
LE5 4FP,118,65,53,32
LE5 4FQ,77,40,37,19
LE5 4FR,99,56,43,29
LE5 4FS,14,6,8,5
LE5 4GA,102,57,45,26
LE5 4GB,73,40,33,24
LE5 4GD,78,40,38,23
LE5 4GE,77,44,33,27
LE5 4GH,62,33,29,17
LE5 4GJ,72,34,38,20
LE5 4GL,97,51,46,28
LE5 4GN,17,9,8,6
LE5 4GP,75,35,40,20
LE5 4GR,93,44,49,26
LE5 4GS,75,35,40,19
LE5 4GT,66,32,34,17
LE5 4GU,71,38,33,22
LE5 4HD,117,59,58,29
LE5 4HE,157,79,78,45
LE5 4HF,32,16,16,8
LE5 4HG,45,23,22,18
LE5 4HH,161,86,75,43
LE5 4HJ,77,36,41,26
LE5 4HL,126,61,65,38
LE5 4HN,147,78,69,40
LE5 4JA,17,7,10,5
LE5 4JD,43,22,21,12
LE5 4JE,42,21,21,11
LE5 4JY,41,17,24,12
LE5 4JZ,44,21,23,15
LE5 4LA,213,106,107,84
LE5 4LB,85,41,44,28
LE5 4LD,16,9,7,7
LE5 4LF,62,32,30,25
LE5 4LG,49,21,28,22
LE5 4LH,103,46,57,37
LE5 4LJ,121,53,68,32
LE5 4LL,56,23,33,23
LE5 4LN,123,53,70,42
LE5 4LP,49,22,27,39
LE5 4LR,184,87,97,60
LE5 4LS,130,60,70,42
LE5 4LT,50,26,24,14
LE5 4LU,90,47,43,34
LE5 4LW,82,39,43,28
LE5 4LX,50,15,35,21
LE5 4LY,49,21,28,19
LE5 4LZ,30,16,14,11
LE5 4NA,138,70,68,47
LE5 4NB,141,73,68,45
LE5 4ND,39,23,16,13
LE5 4NE,70,34,36,19
LE5 4NF,31,14,17,12
LE5 4NG,51,22,29,18
LE5 4NH,108,56,52,43
LE5 4NJ,67,32,35,17
LE5 4NP,21,9,12,8
LE5 4NT,145,73,72,41
LE5 4NU,130,64,66,40
LE5 4NW,19,14,5,13
LE5 4NX,93,47,46,32
LE5 4PA,33,17,16,12
LE5 4PB,56,32,24,15
LE5 4PD,25,14,11,7
LE5 4PE,97,42,55,30
LE5 4PG,32,17,15,12
LE5 4PH,83,45,38,23
LE5 4PN,112,48,64,38
LE5 4PP,73,35,38,19
LE5 4PQ,108,48,60,32
LE5 4PR,110,56,54,36
LE5 4PS,87,46,41,31
LE5 4PT,193,101,92,55
LE5 4PU,107,55,52,33
LE5 4PW,5,1,4,0
LE5 4PX,45,25,20,15
LE5 4PZ,145,67,78,63
LE5 4QA,25,11,14,7
LE5 4QB,57,38,19,23
LE5 4QD,10,5,5,4
LE5 4QG,2,1,1,0
LE5 4QJ,35,9,26,0
LE5 4QL,81,47,34,51
LE5 4RA,86,41,45,32
LE5 4RB,166,85,81,56
LE5 4RD,154,75,79,45
LE5 4TA,16,5,11,7
LE5 4TB,51,28,23,21
LE5 4TD,8,5,3,7
LE5 4TE,42,20,22,16
LE5 4TF,33,16,17,13
LE5 4TJ,57,29,28,17
LE5 4TL,49,26,23,24
LE5 4TN,53,22,31,24
LE5 4TP,36,22,14,16
LE5 4TU,86,40,46,22
LE5 4TW,10,5,5,3
LE5 4UF,97,44,53,38
LE5 4UG,86,49,37,57
LE5 4UH,86,42,44,18
LE5 4UJ,53,21,32,23
LE5 4UL,50,21,29,24
LE5 4UN,45,21,24,12
LE5 4UP,6,4,2,4
LE5 4WA,63,30,33,24
LE5 4WB,30,15,15,12
LE5 4WE,6,3,3,3
LE5 4WF,70,35,35,23
LE5 4WG,38,16,22,15
LE5 4WH,84,42,42,42
LE5 4WJ,36,14,22,18
LE5 4WL,10,7,3,4
LE5 4WN,98,54,44,63
LE5 4WP,251,120,131,79
LE5 4WQ,89,40,49,29
LE5 4WR,40,24,16,33
LE5 4WS,35,18,17,25
LE5 4WT,21,15,6,19
LE5 4WU,12,7,5,9
LE5 5AA,80,43,37,20
LE5 5AB,52,30,22,18
LE5 5AD,71,36,35,19
LE5 5AE,64,31,33,20
LE5 5AF,65,30,35,18
LE5 5AG,71,33,38,18
LE5 5AH,48,26,22,12
LE5 5AJ,69,35,34,19
LE5 5AL,59,32,27,15
LE5 5AN,37,16,21,9
LE5 5AP,89,48,41,24
LE5 5AQ,77,41,36,21
LE5 5AR,104,52,52,27
LE5 5AS,91,47,44,29
LE5 5AT,77,37,40,25
LE5 5AU,77,34,43,21
LE5 5AW,85,44,41,27
LE5 5AY,96,51,45,28
LE5 5AZ,62,33,29,17
LE5 5BA,51,25,26,19
LE5 5BB,24,15,9,7
LE5 5BD,32,20,12,11
LE5 5BE,41,23,18,13
LE5 5BF,104,49,55,29
LE5 5BG,98,40,58,28
LE5 5BH,104,41,63,31
LE5 5BJ,87,48,39,28
LE5 5BL,108,56,52,28
LE5 5BN,91,40,51,26
LE5 5BP,106,55,51,20
LE5 5BQ,53,27,26,13
LE5 5BR,97,48,49,22
LE5 5BS,67,33,34,21
LE5 5BT,62,34,28,17
LE5 5BU,127,64,63,34
LE5 5BW,76,42,34,19
LE5 5BX,94,52,42,22
LE5 5DB,89,51,38,25
LE5 5DD,65,29,36,16
LE5 5DE,69,31,38,18
LE5 5DF,24,14,10,9
LE5 5DG,123,63,60,36
LE5 5DH,51,23,28,16
LE5 5DJ,138,67,71,26
LE5 5DP,69,30,39,19
LE5 5DQ,130,74,56,30
LE5 5DR,59,30,29,18
LE5 5DT,62,27,35,23
LE5 5DU,63,35,28,20
LE5 5DX,45,27,18,13
LE5 5ED,44,22,22,14
LE5 5EE,33,18,15,11
LE5 5EF,93,52,41,27
LE5 5EG,149,82,67,43
LE5 5EL,61,31,30,14
LE5 5EN,104,55,49,36
LE5 5EQ,56,29,27,19
LE5 5ER,138,65,73,35
LE5 5ES,58,34,24,17
LE5 5ET,77,39,38,20
LE5 5EU,65,37,28,18
LE5 5EW,94,45,49,27
LE5 5EX,75,36,39,19
LE5 5EY,60,31,29,18
LE5 5EZ,39,18,21,13
LE5 5FA,124,64,60,29
LE5 5FB,78,38,40,21
LE5 5FD,144,81,63,36
LE5 5FE,160,89,71,41
LE5 5FF,52,32,20,10
LE5 5FG,78,37,41,20
LE5 5FH,124,61,63,29
LE5 5FJ,99,51,48,28
LE5 5FL,143,78,65,42
LE5 5FN,57,27,30,14
LE5 5FP,14,7,7,4
LE5 5FW,9,5,4,3
LE5 5FX,48,22,26,15
LE5 5FY,57,30,27,13
LE5 5GA,22,7,15,5
LE5 5GB,82,38,44,25
LE5 5GD,160,83,77,44
LE5 5GE,75,37,38,21
LE5 5GF,11,5,6,7
LE5 5GN,130,68,62,37
LE5 5GP,86,48,38,33
LE5 5GQ,181,87,94,40
LE5 5GR,134,70,64,34
LE5 5GS,155,82,73,41
LE5 5HA,65,25,40,13
LE5 5HB,88,40,48,24
LE5 5HD,38,16,22,9
LE5 5HE,37,21,16,10
LE5 5HF,31,20,11,11
LE5 5HG,31,17,14,8
LE5 5HH,130,67,63,33
LE5 5HJ,52,23,29,16
LE5 5HL,166,93,73,45
LE5 5HN,70,37,33,21
LE5 5HP,110,56,54,30
LE5 5HQ,79,46,33,19
LE5 5HR,60,24,36,19
LE5 5HS,54,27,27,13
LE5 5HT,42,21,21,12
LE5 5HU,94,43,51,25
LE5 5HW,89,53,36,25
LE5 5HX,30,18,12,11
LE5 5HY,53,23,30,15
LE5 5JA,47,28,19,16
LE5 5JB,91,37,54,24
LE5 5JD,81,40,41,20
LE5 5JE,70,33,37,22
LE5 5JF,82,51,31,25
LE5 5JG,86,53,33,22
LE5 5JH,62,28,34,17
LE5 5JJ,42,21,21,13
LE5 5JL,28,13,15,8
LE5 5JN,55,25,30,14
LE5 5JP,101,57,44,38
LE5 5JQ,90,41,49,26
LE5 5JR,87,50,37,27
LE5 5JS,25,11,14,7
LE5 5JT,49,23,26,16
LE5 5JU,104,57,47,22
LE5 5JW,83,41,42,19
LE5 5LA,105,54,51,27
LE5 5LB,92,49,43,28
LE5 5LD,102,46,56,25
LE5 5LE,100,51,49,37
LE5 5LF,31,14,17,10
LE5 5LG,89,41,48,21
LE5 5LH,48,25,23,11
LE5 5LJ,137,71,66,28
LE5 5LL,92,41,51,20
LE5 5LW,77,42,35,15
LE5 5NA,69,29,40,19
LE5 5NB,104,49,55,24
LE5 5ND,46,24,22,16
LE5 5NG,74,40,34,20
LE5 5NH,58,30,28,14
LE5 5NJ,164,79,85,43
LE5 5NL,197,107,90,52
LE5 5NN,127,55,72,35
LE5 5NP,46,22,24,21
LE5 5NQ,74,33,41,27
LE5 5NR,141,70,71,47
LE5 5NS,110,55,55,43
LE5 5NT,115,59,56,39
LE5 5NU,84,42,42,27
LE5 5PA,161,79,82,38
LE5 5PB,82,39,43,17
LE5 5PD,83,37,46,18
LE5 5PE,73,34,39,22
LE5 5PF,72,29,43,19
LE5 5PG,60,25,35,13
LE5 5PH,64,36,28,18
LE5 5PJ,75,37,38,19
LE5 5PL,49,24,25,11
LE5 5PN,54,28,26,11
LE5 5PP,152,74,78,30
LE5 5PQ,60,27,33,11
LE5 5PR,160,84,76,34
LE5 5PS,94,41,53,23
LE5 5QA,91,46,45,20
LE5 5QB,36,19,17,9
LE5 5QD,132,69,63,34
LE5 5QE,138,66,72,37
LE5 5QF,76,42,34,22
LE5 5QG,112,56,56,25
LE5 5RA,104,44,60,34
LE5 5RB,158,80,78,44
LE5 5RD,142,69,73,37
LE5 5RE,81,44,37,21
LE5 5RF,147,75,72,41
LE5 5RG,146,69,77,40
LE5 5RH,96,53,43,30
LE5 5RJ,135,68,67,33
LE5 5SA,108,53,55,30
LE5 5SB,89,42,47,21
LE5 5SD,104,52,52,28
LE5 5SE,81,45,36,24
LE5 5SF,93,43,50,24
LE5 5SG,64,28,36,16
LE5 5TA,99,45,54,29
LE5 5TB,146,70,76,40
LE5 5TD,30,15,15,9
LE5 5TE,46,23,23,16
LE5 5TF,84,44,40,23
LE5 5TG,136,61,75,37
LE5 5TH,51,24,27,16
LE5 5TJ,40,22,18,14
LE5 5TL,48,21,27,14
LE5 5TN,33,19,14,10
LE5 5TP,145,76,69,39
LE5 5TQ,55,36,19,22
LE5 5TR,62,29,33,31
LE5 5TS,42,23,19,9
LE5 5TT,48,25,23,14
LE5 5TU,67,35,32,22
LE5 5TW,18,10,8,6
LE5 5TX,19,10,9,9
LE5 5TY,61,30,31,21
LE5 5TZ,44,21,23,11
LE5 5UA,161,71,90,39
LE5 5UB,76,40,36,20
LE5 5UD,127,67,60,42
LE5 5UF,66,33,33,19
LE5 5UG,134,68,66,32
LE5 5UH,102,49,53,34
LE5 5WA,92,42,50,27
LE5 5WB,25,15,10,8
LE5 6AA,152,69,83,46
LE5 6AB,36,16,20,14
LE5 6AD,45,21,24,15
LE5 6AE,137,66,71,42
LE5 6AF,108,44,64,44
LE5 6AG,73,41,32,24
LE5 6AH,83,40,43,29
LE5 6AJ,72,32,40,26
LE5 6AL,28,6,22,2
LE5 6AN,62,30,32,22
LE5 6AP,35,15,20,11
LE5 6AQ,122,60,62,41
LE5 6AR,113,55,58,37
LE5 6DA,54,28,26,16
LE5 6DB,118,61,57,44
LE5 6DD,47,26,21,13
LE5 6DE,41,16,25,19
LE5 6DF,97,48,49,31
LE5 6DG,76,36,40,25
LE5 6DH,24,13,11,15
LE5 6DJ,55,23,32,33
LE5 6DL,45,24,21,24
LE5 6DN,49,25,24,32
LE5 6DP,32,15,17,15
LE5 6DR,10,5,5,6
LE5 6DS,58,29,29,29
LE5 6DT,74,38,36,31
LE5 6DU,6,2,4,4
LE5 6DW,21,11,10,7
LE5 6EA,34,16,18,17
LE5 6ED,40,17,23,28
LE5 6EE,37,16,21,21
LE5 6EF,33,17,16,10
LE5 6EG,58,27,31,49
LE5 6FA,37,16,21,18
LE5 6FB,26,11,15,10
LE5 6FD,20,7,13,12
LE5 6FE,87,36,51,26
LE5 6FF,53,27,26,19
LE5 6FG,70,33,37,18
LE5 6FH,55,17,38,16
LE5 6FJ,26,11,15,17
LE5 6FL,27,13,14,13
LE5 6FN,10,6,4,6
LE5 6FP,19,12,7,13
LE5 6GA,41,21,20,14
LE5 6GB,18,9,9,6
LE5 6GD,71,40,31,24
LE5 6GE,53,29,24,19
LE5 6GF,19,8,11,8
LE5 6GG,63,30,33,25
LE5 6GH,92,49,43,30
LE5 6GJ,31,13,18,11
LE5 6GL,3,1,2,1
LE5 6HA,68,31,37,21
LE5 6HB,80,36,44,24
LE5 6HD,56,28,28,19
LE5 6HE,78,39,39,23
LE5 6HF,109,58,51,35
LE5 6HG,130,63,67,37
LE5 6HH,84,41,43,24
LE5 6HJ,125,65,60,32
LE5 6HL,89,46,43,27
LE5 6HP,47,19,28,22
LE5 6HQ,41,21,20,11
LE5 6HR,17,8,9,7
LE5 6HS,19,10,9,8
LE5 6HT,18,9,9,8
LE5 6JA,41,20,21,18
LE5 6JB,57,25,32,18
LE5 6JD,47,26,21,16
LE5 6JE,17,8,9,10
LE5 6JF,40,19,21,17
LE5 6JG,41,19,22,14
LE5 6JH,73,37,36,25
LE5 6JJ,33,15,18,17
LE5 6LA,37,16,21,17
LE5 6LB,57,27,30,22
LE5 6LD,32,13,19,15
LE5 6LE,45,21,24,20
LE5 6LF,16,8,8,7
LE5 6LG,64,28,36,25
LE5 6LH,71,32,39,23
LE5 6LJ,8,3,5,3
LE5 6LL,56,26,30,20
LE5 6LP,1,1,0,1
LE5 6LQ,50,21,29,15
LE5 6LR,59,27,32,21
LE5 6NA,20,11,9,10
LE5 6NB,33,17,16,11
LE5 6ND,27,15,12,16
LE5 6NE,6,3,3,4
LE5 6NF,32,20,12,10
LE5 6NG,41,22,19,16
LE5 6NH,7,2,5,5
LE5 6NJ,58,27,31,22
LE5 6NL,83,39,44,25
LE5 6NN,20,10,10,9
LE5 6PA,8,4,4,5
LE5 6PB,58,28,30,19
LE5 6PD,50,21,29,19
LE5 6PE,9,4,5,4
LE5 6PF,44,18,26,12
LE5 6PG,55,31,24,16
LE5 6PH,36,19,17,14
LE5 6PJ,48,26,22,17
LE5 6PL,19,9,10,10
LE5 6PN,65,32,33,25
LE5 6PP,62,30,32,22
LE5 6PQ,19,12,7,11
LE5 6PR,82,37,45,27
LE5 6PS,63,29,34,21
LE5 6PT,50,26,24,17
LE5 6PU,43,21,22,12
LE5 6PW,45,27,18,20
LE5 6PX,75,39,36,27
LE5 6QA,66,33,33,25
LE5 6QB,64,27,37,17
LE5 6RA,69,32,37,24
LE5 6RB,24,10,14,6
LE5 6RD,22,10,12,7
LE5 6RE,25,13,12,8
LE5 6SA,109,47,62,37
LE5 6SB,65,35,30,31
LE5 6SD,71,30,41,15
LE5 6SE,72,33,39,29
LE5 6SF,51,22,29,20
LE5 6SG,19,11,8,9
LE5 6SH,28,14,14,14
LE5 6SJ,31,14,17,16
LE5 6SL,65,30,35,31
LE5 6SN,36,19,17,21
LE5 6SP,29,14,15,10
LE5 6SQ,51,19,32,18
LE5 6SR,74,36,38,22
LE5 6SS,83,41,42,27
LE5 6ST,83,36,47,32
LE5 6SU,69,31,38,21
LE5 6SW,94,55,39,25
LE5 6SX,89,40,49,26
LE5 6SY,60,31,29,19
LE5 6TA,44,20,24,32
LE5 6TB,35,16,19,13
LE5 6TD,10,5,5,4
LE5 6TE,182,89,93,48
LE5 6TF,84,43,41,30
LE5 6TG,23,9,14,8
LE5 6TH,16,4,12,13
LE5 6TJ,108,49,59,45
LE5 6TL,142,71,71,46
LE5 6TN,54,23,31,22
LE5 6TP,63,28,35,25
LE5 6TQ,115,59,56,47
LE5 6TR,130,61,69,47
LE5 6TS,26,15,11,19
LE5 6TT,30,18,12,22
LE5 6XA,12,5,7,5
LE5 6XB,60,27,33,16
LE5 6XD,41,22,19,12
LE5 6XE,25,13,12,9
LE5 6XF,35,18,17,13
LE5 6XG,48,22,26,14
LE5 6XH,49,28,21,16
LE5 6XJ,19,8,11,6
LE5 6XL,59,29,30,17
LE5 6XN,30,12,18,11
LE5 6XP,27,10,17,8
LE5 6XQ,88,41,47,24
LE5 6XR,40,20,20,13
LE5 6XS,60,34,26,19
LE5 6XT,29,13,16,6
LE6 0AA,102,49,53,42
LE6 0AB,55,27,28,24
LE6 0AD,60,29,31,31
LE6 0AE,54,27,27,24
LE6 0AF,62,27,35,31
LE6 0AG,6,3,3,3
LE6 0AH,12,5,7,3
LE6 0AJ,45,24,21,13
LE6 0AL,28,15,13,11
LE6 0AN,28,17,11,8
LE6 0AP,31,13,18,12
LE6 0AQ,61,29,32,27
LE6 0AR,27,13,14,7
LE6 0AS,80,38,42,31
LE6 0AT,8,4,4,5
LE6 0AU,120,58,62,46
LE6 0AW,39,18,21,14
LE6 0AX,116,57,59,37
LE6 0AY,21,14,7,7
LE6 0AZ,23,10,13,11
LE6 0BA,61,28,33,35
LE6 0BB,36,19,17,15
LE6 0BD,22,9,13,11
LE6 0BE,47,21,26,28
LE6 0BF,29,12,17,19
LE6 0BG,38,19,19,18
LE6 0BH,84,43,41,37
LE6 0BJ,18,8,10,11
LE6 0BL,63,28,35,36
LE6 0BN,53,23,30,23
LE6 0BP,73,33,40,39
LE6 0BQ,61,34,27,25
LE6 0BR,75,30,45,39
LE6 0BS,6,2,4,4
LE6 0BT,72,34,38,29
LE6 0BU,11,5,6,8
LE6 0BW,28,11,17,17
LE6 0BX,61,24,37,27
LE6 0BY,50,25,25,16
LE6 0DA,74,37,37,29
LE6 0DB,51,24,27,24
LE6 0DD,62,32,30,24
LE6 0DE,53,32,21,18
LE6 0DF,27,10,17,18
LE6 0DG,102,49,53,39
LE6 0DH,31,15,16,17
LE6 0DJ,60,26,34,31
LE6 0DL,47,25,22,13
LE6 0DN,58,28,30,26
LE6 0DP,88,40,48,31
LE6 0DQ,87,44,43,34
LE6 0DR,5,2,3,3
LE6 0DS,10,6,4,3
LE6 0DT,43,18,25,18
LE6 0DW,41,20,21,18
LE6 0DX,91,43,48,34
LE6 0DY,45,19,26,23
LE6 0DZ,38,21,17,12
LE6 0EA,20,9,11,11
LE6 0EB,40,21,19,17
LE6 0ED,85,43,42,38
LE6 0EE,64,36,28,22
LE6 0EF,51,26,25,15
LE6 0EG,29,12,17,17
LE6 0EH,61,25,36,27
LE6 0EJ,68,36,32,28
LE6 0EL,43,24,19,23
LE6 0EN,78,41,37,33
LE6 0EP,82,42,40,30
LE6 0EQ,96,49,47,34
LE6 0ER,41,16,25,28
LE6 0ES,28,14,14,15
LE6 0ET,15,7,8,8
LE6 0EU,34,16,18,12
LE6 0EW,132,62,70,59
LE6 0EX,29,14,15,12
LE6 0EY,32,15,17,20
LE6 0EZ,113,53,60,45
LE6 0FA,65,36,29,25
LE6 0FB,21,9,12,10
LE6 0FD,148,74,74,55
LE6 0FE,50,27,23,22
LE6 0FF,45,21,24,23
LE6 0FG,38,19,19,20
LE6 0FJ,78,41,37,32
LE6 0FL,66,35,31,31
LE6 0FN,32,10,22,17
LE6 0FQ,23,10,13,19
LE6 0FS,64,33,31,30
LE6 0FT,77,43,34,30
LE6 0FU,11,5,6,5
LE6 0FW,80,41,39,36
LE6 0FX,93,45,48,35
LE6 0FY,47,24,23,18
LE6 0GB,52,22,30,19
LE6 0GD,24,11,13,7
LE6 0GF,78,41,37,39
LE6 0GG,24,9,15,13
LE6 0GH,52,26,26,23
LE6 0GJ,62,33,29,21
LE6 0GL,71,37,34,34
LE6 0GN,23,10,13,10
LE6 0GP,8,5,3,3
LE6 0GQ,62,26,36,29
LE6 0GR,25,13,12,10
LE6 0GS,32,14,18,17
LE6 0GT,126,60,66,45
LE6 0GU,187,101,86,66
LE6 0GW,25,14,11,9
LE6 0GX,23,13,10,10
LE6 0GY,30,14,16,11
LE6 0GZ,106,51,55,46
LE6 0HA,135,63,72,50
LE6 0HB,66,33,33,26
LE6 0HD,19,9,10,12
LE6 0HE,9,4,5,3
LE6 0HG,7,4,3,2
LE6 0HH,56,26,30,26
LE6 0HJ,13,8,5,8
LE6 0HL,24,13,11,10
LE6 0HN,18,9,9,7
LE6 0HP,54,26,28,18
LE6 0HQ,71,36,35,23
LE6 0HR,24,10,14,13
LE6 0HS,23,11,12,9
LE6 0HT,27,14,13,8
LE6 0HU,15,5,10,11
LE6 0HW,19,8,11,10
LE6 0HX,45,24,21,14
LE6 0HY,23,12,11,6
LE6 0JA,46,27,19,25
LE6 0JB,47,26,21,29
LE6 0JD,35,17,18,17
LE6 0JE,36,14,22,13
LE6 0JF,55,26,29,25
LE6 0JG,21,9,12,13
LE6 0JH,52,22,30,19
LE6 0JJ,62,26,36,29
LE6 0JL,74,41,33,34
LE6 0JN,86,41,45,38
LE6 0JP,50,28,22,19
LE6 0JQ,122,66,56,59
LE6 0JR,95,51,44,45
LE6 0JS,69,31,38,33
LE6 0JT,109,44,65,49
LE6 0JU,80,34,46,36
LE6 0JW,40,20,20,13
LE6 0JX,145,71,74,51
LE6 0JY,23,11,12,22
LE6 0JZ,27,13,14,15
LE6 0LA,35,20,15,12
LE6 0LB,57,29,28,21
LE6 0LD,59,30,29,30
LE6 0LE,27,13,14,12
LE6 0LF,16,8,8,5
LE6 0LG,43,16,27,18
LE6 0LH,97,48,49,42
LE6 0LJ,78,38,40,31
LE6 0LL,36,16,20,19
LE6 0LN,49,21,28,21
LE6 0LP,115,64,51,37
LE6 0LQ,59,25,34,22
LE6 0LR,3,2,1,1
LE6 0LS,80,43,37,32
LE6 0LT,85,37,48,31
LE6 0LU,26,11,15,15
LE6 0LW,43,20,23,13
LE6 0LX,21,10,11,10
LE6 0LY,25,10,15,14
LE6 0LZ,29,13,16,17
LE6 0NA,55,26,29,17
LE6 0NB,12,5,7,8
LE6 0ND,75,38,37,30
LE6 0NE,33,16,17,16
LE6 0NF,42,21,21,19
LE6 0NG,120,63,57,51
LE6 0NH,61,27,34,33
LE6 0NJ,122,60,62,49
LE6 0NL,41,23,18,16
LE6 0NN,51,23,28,21
LE6 0NP,39,18,21,16
LE6 0NQ,124,60,64,45
LE6 0NR,30,13,17,16
LE6 0NS,38,18,20,18
LE6 0NT,43,19,24,15
LE6 0NU,38,16,22,16
LE6 0NW,26,13,13,11
LE6 0NX,38,16,22,18
LE6 0NY,36,19,17,13
LE6 0NZ,49,23,26,32
LE6 0PA,15,8,7,12
LE6 0PB,12,5,7,6
LE6 0PY,13,8,5,4
LE6 0QG,34,16,18,13
LE6 0QP,20,7,13,9
LE6 0QS,63,26,37,20
LE6 0QT,34,17,17,10
LE6 0QU,40,19,21,15
LE6 0QX,29,15,14,9
LE6 0SA,59,30,29,18
LE6 0SD,15,8,7,9
LE6 0XA,32,13,19,13
LE6 0XB,69,36,33,25
LE6 0XD,7,3,4,5
LE6 0XW,17,12,5,10
LE6 0XY,83,39,44,33
LE6 0XZ,13,5,8,5
LE6 0YA,36,20,16,15
LE6 0YB,67,36,31,27
LE6 0YD,121,62,59,48
LE6 0YE,121,59,62,45
LE6 0YF,160,73,87,67
LE6 0YG,31,19,12,10
LE6 0YH,55,20,35,25
LE6 0YJ,45,24,21,15
LE6 0YL,45,24,21,15
LE6 0YN,105,48,57,37
LE6 0YP,103,54,49,41
LE6 0YQ,61,27,34,23
LE6 0YR,95,50,45,29
LE6 0YS,35,14,21,9
LE6 0YT,49,23,26,15
LE6 0YU,80,37,43,30
LE6 0YW,81,41,40,30
LE6 0YX,23,12,11,8
LE6 0YY,47,27,20,15
LE6 0YZ,72,35,37,30
LE6 0ZA,40,18,22,11
LE651AA,2,1,1,1
LE651AB,28,15,13,14
LE651AE,31,18,13,13
LE651AF,8,4,4,5
LE651AG,13,7,6,8
LE651AH,12,4,8,6
LE651AJ,5,3,2,3
LE651AL,2,2,0,1
LE651AN,10,4,6,5
LE651AP,31,19,12,12
LE651AQ,28,14,14,10
LE651AW,12,6,6,4
LE651AX,39,17,22,14
LE651AY,13,6,7,6
LE651BA,37,17,20,12
LE651BF,15,9,6,12
LE651BG,1,1,0,1
LE651BH,34,19,15,12
LE651BJ,21,7,14,8
LE651BL,17,7,10,8
LE651BP,2,1,1,1
LE651BQ,51,27,24,25
LE651BR,34,15,19,15
LE651BW,7,4,3,4
LE651BX,34,19,15,18
LE651BY,23,7,16,17
LE651BZ,5,2,3,5
LE651DA,30,17,13,18
LE651DB,9,4,5,3
LE651DD,84,42,42,28
LE651DE,19,10,9,7
LE651DF,24,14,10,8
LE651DH,51,50,1,0
LE651DJ,39,17,22,16
LE651DL,11,5,6,6
LE651DN,29,14,15,10
LE651DP,25,12,13,13
LE651DQ,68,37,31,28
LE651DS,2,1,1,1
LE651DX,78,38,40,30
LE651DY,21,10,11,10
LE651DZ,44,27,17,21
LE651EA,91,45,46,39
LE651EB,59,34,25,22
LE651ED,60,27,33,27
LE651EE,12,8,4,6
LE651EF,67,36,31,31
LE651EG,66,32,34,32
LE651EH,14,10,4,5
LE651EJ,7,5,2,4
LE651EL,68,35,33,31
LE651EP,60,30,30,20
LE651EQ,53,29,24,25
LE651ER,47,22,25,19
LE651ES,55,24,31,24
LE651ET,39,21,18,13
LE651EU,36,17,19,20
LE651EW,123,61,62,56
LE651EX,51,25,26,22
LE651EY,33,16,17,13
LE651EZ,25,12,13,10
LE651FA,91,42,49,29
LE651FB,59,30,29,21
LE651FD,32,12,20,9
LE651FH,108,51,57,36
LE651FJ,82,43,39,25
LE651FN,70,39,31,22
LE651FP,65,35,30,23
LE651FW,28,13,15,10
LE651FX,135,73,62,58
LE651GD,96,48,48,34
LE651GE,41,22,19,14
LE651GF,6,2,4,2
LE651GG,6,3,3,2
LE651GH,12,5,7,3
LE651GJ,2,1,1,2
LE651GR,12,7,5,3
LE651HA,2,2,0,2
LE651HB,35,9,26,27
LE651HF,30,14,16,11
LE651HG,56,29,27,23
LE651HH,10,4,6,6
LE651HJ,29,16,13,9
LE651HL,17,7,10,6
LE651HN,31,10,21,9
LE651HQ,40,19,21,29
LE651HR,76,37,39,28
LE651HS,6,4,2,4
LE651HT,47,23,24,23
LE651HU,18,8,10,9
LE651HY,32,14,18,29
LE651HZ,4,2,2,2
LE651JA,59,28,31,27
LE651JB,9,4,5,4
LE651JE,72,39,33,24
LE651JH,91,50,41,37
LE651JW,7,4,3,4
LE651JX,80,43,37,32
LE651JY,63,32,31,28
LE651JZ,10,3,7,5
LE651LB,30,14,16,13
LE651LD,35,18,17,10
LE651LE,35,15,20,10
LE651LH,59,25,34,16
LE651LT,22,15,7,7
LE651LU,27,13,14,12
LE651LX,15,9,6,6
LE651LY,122,60,62,52
LE651LZ,43,20,23,13
LE651NF,3,1,2,1
LE651RA,10,7,3,4
LE651RD,10,6,4,4
LE651RE,59,27,32,24
LE651RH,25,12,13,7
LE651RJ,34,13,21,12
LE651RL,20,10,10,7
LE651RN,29,13,16,12
LE651RP,43,20,23,15
LE651RQ,47,23,24,22
LE651RR,18,10,8,7
LE651RS,7,5,2,3
LE651RT,5,3,2,1
LE651RU,30,16,14,18
LE651RW,29,13,16,11
LE651RX,58,28,30,28
LE651RZ,11,6,5,4
LE651SB,1,1,0,1
LE651SD,51,27,24,22
LE651SE,12,6,6,4
LE651SF,87,47,40,30
LE651SG,81,38,43,31
LE651SH,65,27,38,28
LE651SJ,23,7,16,19
LE651SP,46,24,22,23
LE651SQ,27,14,13,13
LE651SS,25,10,15,10
LE651ST,15,9,6,5
LE651TB,8,4,4,4
LE651TD,39,17,22,18
LE651TG,8,3,5,2
LE651TH,2,1,1,1
LE651TP,11,7,4,4
LE651TQ,67,30,37,28
LE651TR,23,11,12,11
LE651TS,4,3,1,1
LE651TW,103,50,53,43
LE651TZ,70,32,38,29
LE651UD,2,1,1,1
LE651UL,5,3,2,2
LE651UR,13,8,5,7
LE651US,70,40,30,28
LE651UZ,7,3,4,3
LE651WA,15,8,7,7
LE651WB,24,13,11,11
LE651WD,57,29,28,30
LE651WE,46,22,24,17
LE651WF,23,11,12,8
LE651WG,59,27,32,32
LE651WH,40,19,21,18
LE651WJ,42,21,21,21
LE651WL,33,17,16,14
LE651WN,35,17,18,10
LE651WP,18,11,7,6
LE651WQ,5,2,3,3
LE651WR,41,20,21,18
LE651WS,70,31,39,27
LE651WT,39,19,20,17
LE651WU,49,21,28,20
LE651WW,69,34,35,29
LE651WX,5,2,3,3
LE651WY,20,10,10,14
LE651WZ,17,6,11,14
LE651XA,6,4,2,2
LE651XB,10,3,7,8
LE651XD,11,4,7,9
LE651YZ,20,6,14,15
LE652AG,15,7,8,10
LE652FA,64,30,34,24
LE652FB,67,28,39,36
LE652FE,62,32,30,27
LE652FG,15,7,8,8
LE652FH,33,20,13,19
LE652FN,84,39,45,35
LE652FP,54,25,29,21
LE652FQ,37,19,18,12
LE652FR,25,11,14,13
LE652FS,67,37,30,25
LE652FT,10,5,5,6
LE652FZ,11,6,5,4
LE652GA,49,24,25,14
LE652GB,83,39,44,31
LE652GJ,62,32,30,40
LE652GL,16,6,10,8
LE652GQ,30,13,17,13
LE652GR,41,22,19,18
LE652GS,56,26,30,30
LE652GT,5,1,4,4
LE652GU,5,2,3,3
LE652GW,26,10,16,12
LE652GX,71,35,36,43
LE652GY,80,31,49,58
LE652GZ,49,26,23,18
LE652HB,14,4,10,6
LE652HD,34,14,20,13
LE652HE,26,15,11,14
LE652HF,14,5,9,9
LE652HL,77,43,34,26
LE652HN,35,18,17,17
LE652HP,45,23,22,26
LE652HW,76,37,39,27
LE652JA,70,39,31,32
LE652JB,78,31,47,33
LE652JD,28,13,15,13
LE652JE,28,12,16,18
LE652JF,76,34,42,35
LE652JG,37,20,17,17
LE652JJ,35,17,18,20
LE652JL,104,58,46,50
LE652JN,66,32,34,33
LE652JP,37,19,18,14
LE652JQ,18,9,9,10
LE652JR,120,62,58,47
LE652JS,85,39,46,34
LE652JW,41,22,19,15
LE652JX,5,2,3,3
LE652JY,29,17,12,13
LE652JZ,159,81,78,64
LE652LA,59,30,29,27
LE652LB,103,53,50,36
LE652LD,48,27,21,17
LE652LE,59,26,33,23
LE652LF,72,37,35,31
LE652LG,68,26,42,20
LE652LH,55,32,23,16
LE652LJ,11,6,5,6
LE652LL,54,29,25,27
LE652LN,10,6,4,3
LE652LP,18,10,8,7
LE652LQ,7,4,3,3
LE652LR,85,38,47,40
LE652LS,38,16,22,16
LE652LT,54,27,27,18
LE652LU,52,25,27,21
LE652LW,26,15,11,11
LE652LX,74,32,42,30
LE652LY,36,17,19,20
LE652LZ,40,15,25,35
LE652NA,69,36,33,22
LE652NB,25,13,12,12
LE652ND,108,52,56,37
LE652NE,20,9,11,6
LE652NF,137,60,77,51
LE652NG,39,18,21,18
LE652NH,125,58,67,51
LE652NJ,93,37,56,38
LE652NL,83,46,37,34
LE652NN,95,47,48,41
LE652NP,57,35,22,23
LE652NQ,48,25,23,26
LE652NR,95,40,55,40
LE652NS,13,8,5,7
LE652NT,96,49,47,39
LE652NU,117,55,62,49
LE652NW,24,9,15,15
LE652NX,55,26,29,22
LE652NY,114,60,54,52
LE652PA,15,9,6,7
LE652PB,99,45,54,33
LE652PD,20,12,8,7
LE652PE,9,2,7,7
LE652PF,46,23,23,19
LE652PG,7,4,3,6
LE652PH,16,8,8,12
LE652PJ,74,29,45,21
LE652PL,134,64,70,58
LE652PN,38,20,18,17
LE652PP,84,33,51,33
LE652PQ,133,72,61,49
LE652PR,64,32,32,27
LE652PT,19,10,9,5
LE652PW,91,36,55,18
LE652PX,97,40,57,19
LE652PY,29,16,13,9
LE652PZ,7,2,5,7
LE652QA,68,34,34,26
LE652QB,39,21,18,14
LE652QD,62,28,34,27
LE652QE,61,29,32,24
LE652QF,116,53,63,44
LE652QG,9,5,4,4
LE652QH,123,59,64,64
LE652QJ,14,7,7,6
LE652QL,55,25,30,21
LE652QN,34,15,19,17
LE652QP,101,51,50,37
LE652QQ,105,46,59,39
LE652QR,60,26,34,21
LE652QS,40,18,22,13
LE652QT,32,17,15,14
LE652QU,44,22,22,14
LE652QX,166,81,85,64
LE652QY,38,20,18,17
LE652QZ,27,14,13,10
LE652RG,16,8,8,7
LE652RY,47,20,27,19
LE652SA,38,19,19,16
LE652SB,25,15,10,12
LE652SD,39,19,20,18
LE652SE,34,19,15,11
LE652SF,34,18,16,10
LE652SG,82,46,36,32
LE652SN,12,4,8,4
LE652SR,11,5,6,6
LE652SX,44,23,21,20
LE652SY,27,15,12,13
LE652SZ,20,10,10,11
LE652TA,28,12,16,14
LE652TE,30,13,17,10
LE652TF,28,14,14,12
LE652TJ,56,28,28,26
LE652TL,12,8,4,4
LE652TN,2,1,1,1
LE652TT,7,4,3,3
LE652TU,57,27,30,26
LE652TY,59,24,35,25
LE652UA,14,6,8,5
LE652UB,24,13,11,7
LE652UD,29,15,14,20
LE652UH,4,1,3,2
LE652UJ,44,19,25,18
LE652UL,14,8,6,6
LE652UN,18,7,11,8
LE652UP,23,11,12,8
LE652US,19,9,10,9
LE652YA,33,17,16,12
LE652YB,29,15,14,11
LE652YD,26,14,12,8
LE652YE,36,13,23,12
LE671AA,11,5,6,6
LE671AB,6,3,3,4
LE671AD,69,30,39,36
LE671AE,69,32,37,30
LE671AF,66,34,32,24
LE671AG,107,57,50,45
LE671AH,145,69,76,65
LE671AJ,77,38,39,37
LE671AL,7,4,3,4
LE671AN,45,21,24,20
LE671AP,19,9,10,9
LE671AQ,8,4,4,4
LE671AR,4,1,3,1
LE671AS,10,6,4,4
LE671AT,14,7,7,5
LE671AU,65,32,33,31
LE671AW,135,65,70,46
LE671AX,88,40,48,27
LE671AY,30,18,12,10
LE671BA,33,14,19,14
LE671BB,17,8,9,6
LE671BD,17,9,8,7
LE671BE,15,8,7,6
LE671BG,12,4,8,5
LE671BH,85,49,36,38
LE671BJ,130,64,66,55
LE671BL,143,75,68,62
LE671BN,74,41,33,31
LE671BP,10,5,5,5
LE671BQ,3,1,2,2
LE671BR,14,7,7,8
LE671BS,14,6,8,5
LE671BT,6,2,4,2
LE671BU,62,34,28,21
LE671BW,19,11,8,10
LE671BX,22,11,11,8
LE671BY,26,13,13,11
LE671BZ,17,7,10,11
LE671DB,2,1,1,2
LE671DD,9,6,3,3
LE671DE,15,8,7,6
LE671DF,4,2,2,1
LE671DG,6,2,4,2
LE671DH,26,14,12,8
LE671DN,81,40,41,38
LE671DQ,22,10,12,11
LE671DR,8,3,5,3
LE671DT,28,14,14,9
LE671DW,25,12,13,9
LE671DX,8,4,4,5
LE671DY,9,4,5,5
LE671EA,29,12,17,13
LE671EB,28,16,12,10
LE671ED,77,42,35,37
LE671EE,106,54,52,48
LE671EF,60,23,37,31
LE671EG,147,73,74,58
LE671EH,88,42,46,37
LE671EJ,110,55,55,36
LE671EL,96,40,56,41
LE671EN,52,26,26,20
LE671EP,72,35,37,30
LE671EQ,73,33,40,28
LE671ER,119,58,61,46
LE671ES,39,14,25,17
LE671EW,66,32,34,26
LE671EX,26,13,13,13
LE671EY,15,6,9,9
LE671EZ,11,7,4,4
LE671FA,3,2,1,1
LE671FB,2,1,1,1
LE671FD,116,56,60,40
LE671FE,97,47,50,43
LE671FF,6,4,2,2
LE671FG,126,64,62,88
LE671FH,17,11,6,7
LE671FJ,53,28,25,21
LE671FN,15,11,4,6
LE671FP,71,36,35,30
LE671FQ,5,3,2,3
LE671FR,103,48,55,33
LE671FS,57,32,25,17
LE671FT,77,39,38,28
LE671FU,36,18,18,11
LE671FW,112,56,56,42
LE671FX,33,16,17,11
LE671FY,50,26,24,12
LE671FZ,33,13,20,13
LE671GA,75,37,38,29
LE671GB,101,52,49,47
LE671GD,2,0,2,2
LE671GE,10,6,4,5
LE671GF,45,27,18,17
LE671GU,38,16,22,13
LE671GW,88,39,49,30
LE671HA,74,40,34,29
LE671HB,80,44,36,29
LE671HD,43,20,23,11
LE671HE,36,19,17,14
LE671HF,32,15,17,12
LE671HG,23,10,13,11
LE671HJ,49,29,20,18
LE671HL,251,120,131,80
LE671HN,46,24,22,13
LE671HP,45,22,23,12
LE671HR,90,47,43,30
LE671HS,46,25,21,14
LE671TB,35,18,17,12
LE671TD,17,10,7,9
LE671TG,57,30,27,23
LE672AA,100,44,56,30
LE672AB,35,14,21,17
LE672AD,33,19,14,15
LE672AE,52,25,27,22
LE672AF,78,39,39,39
LE672AG,54,31,23,24
LE672AH,42,22,20,16
LE672AJ,12,8,4,6
LE672AL,62,30,32,27
LE672AN,3,1,2,2
LE672AP,65,30,35,34
LE672AQ,80,40,40,32
LE672AR,83,43,40,35
LE672AS,84,44,40,36
LE672AT,92,42,50,34
LE672AU,68,29,39,24
LE672AW,62,28,34,24
LE672AX,1,0,1,1
LE672AZ,79,40,39,33
LE672BA,78,39,39,31
LE672BB,114,58,56,39
LE672BD,108,55,53,41
LE672BE,86,45,41,34
LE672BF,99,39,60,36
LE672BG,27,15,12,17
LE672BJ,42,20,22,19
LE672BL,61,31,30,22
LE672BN,18,8,10,6
LE672BP,31,14,17,13
LE672BQ,91,41,50,38
LE672BS,55,26,29,24
LE672BT,9,5,4,2
LE672BU,31,17,14,11
LE672BW,20,8,12,9
LE672BX,26,1,25,25
LE672BY,16,8,8,9
LE672BZ,50,28,22,17
LE672DA,27,17,10,6
LE672DB,28,14,14,9
LE672DD,16,10,6,5
LE672DJ,10,4,6,6
LE672DQ,67,32,35,23
LE672EH,16,4,12,6
LE672FA,21,13,8,6
LE672FB,39,21,18,17
LE672FD,70,35,35,31
LE672FE,40,21,19,14
LE672FF,56,27,29,25
LE672FG,40,18,22,19
LE672FH,64,24,40,30
LE672FJ,37,21,16,16
LE672FL,50,24,26,21
LE672FN,62,31,31,28
LE672FP,113,55,58,50
LE672FQ,16,9,7,6
LE672FR,23,13,10,7
LE672FT,42,23,19,18
LE672FU,57,29,28,24
LE672FW,63,29,34,25
LE672FX,2,1,1,1
LE672FY,47,25,22,19
LE672GA,46,23,23,20
LE672GB,100,45,55,44
LE672GD,53,26,27,22
LE672GE,82,44,38,32
LE672GF,47,27,20,23
LE672GG,45,19,26,17
LE672GH,43,25,18,13
LE672GJ,65,38,27,21
LE672GL,39,14,25,12
LE672GN,41,18,23,13
LE672GP,46,24,22,14
LE672GQ,22,10,12,7
LE672GR,31,15,16,10
LE672GS,19,9,10,7
LE672GT,47,20,27,30
LE672GY,123,60,63,54
LE672GZ,15,8,7,7
LE672HA,80,36,44,33
LE672HB,101,51,50,62
LE672HD,111,52,59,44
LE672HE,116,60,56,47
LE672HF,50,22,28,14
LE672HG,99,49,50,39
LE672HQ,26,10,16,19
LE672HR,67,27,40,46
LE672HS,4,3,1,4
LE672HT,83,36,47,34
LE672HU,102,46,56,42
LE672HW,100,52,48,54
LE672HX,21,11,10,8
LE672HY,15,7,8,8
LE672HZ,16,9,7,10
LE672JA,37,19,18,16
LE672JD,36,16,20,9
LE672JS,25,13,12,8
LE672JT,47,23,24,17
LE672JU,21,11,10,9
LE672JW,25,13,12,9
LE672JY,32,17,15,11
LE672LA,63,32,31,27
LE672LR,87,50,37,36
LE672ND,168,90,78,61
LE672NJ,26,12,14,13
LE672NS,56,31,25,20
LE672NT,13,5,8,6
LE672NU,10,4,6,6
LE672NW,66,32,34,31
LE672NX,16,7,9,5
LE672NY,40,18,22,14
LE672QA,2,0,2,2
LE672QB,10,4,6,5
LE672QD,88,45,43,36
LE672QE,26,13,13,11
LE672QF,30,13,17,12
LE672QG,10,5,5,4
LE672QH,13,5,8,4
LE672QJ,52,28,24,23
LE672QL,23,11,12,12
LE672QN,63,34,29,26
LE672QP,13,7,6,9
LE672RA,68,36,32,33
LE672RB,18,10,8,8
LE672RD,58,26,32,30
LE672RE,76,42,34,31
LE672RF,16,6,10,7
LE672RG,101,52,49,40
LE672RH,8,4,4,3
LE672RJ,35,16,19,15
LE672RL,52,28,24,20
LE672RN,87,48,39,30
LE672RP,18,9,9,8
LE672RR,42,25,17,14
LE672RS,20,11,9,6
LE672RW,8,2,6,5
LE672SA,63,35,28,24
LE672SB,25,15,10,11
LE672SD,70,35,35,27
LE672SE,63,32,31,30
LE672SF,4,2,2,2
LE672SG,63,32,31,30
LE672SH,44,21,23,17
LE672SJ,7,4,3,2
LE672SL,40,18,22,18
LE672SN,41,21,20,17
LE672SP,67,36,31,21
LE672SQ,15,8,7,6
LE672SR,9,5,4,3
LE672SS,43,20,23,20
LE672ST,57,28,29,20
LE672SW,12,6,6,4
LE672TA,1,1,0,1
LE672TB,88,43,45,34
LE672TD,5,2,3,2
LE672TE,2,1,1,1
LE672TF,1,1,0,1
LE672TH,29,15,14,13
LE672TJ,20,12,8,6
LE672TL,10,6,4,4
LE672TN,14,9,5,4
LE672XA,60,30,30,21
LE672XB,21,12,9,7
LE672XD,46,26,20,14
LE672XE,31,15,16,10
LE672XG,21,11,10,7
LE673AA,155,68,87,49
LE673AD,95,51,44,36
LE673AE,103,55,48,38
LE673AF,53,29,24,24
LE673AG,107,53,54,43
LE673AH,52,23,29,24
LE673AJ,14,10,4,4
LE673AL,16,5,11,5
LE673AN,19,10,9,9
LE673AR,16,8,8,11
LE673AS,22,12,10,13
LE673AU,115,56,59,57
LE673AW,102,50,52,39
LE673AX,22,11,11,10
LE673AY,119,69,50,81
LE673AZ,12,3,9,4
LE673BA,139,70,69,54
LE673BB,126,63,63,56
LE673BE,29,15,14,13
LE673BF,21,10,11,17
LE673BG,60,29,31,31
LE673BH,52,21,31,25
LE673BJ,63,33,30,29
LE673BL,77,42,35,34
LE673BN,63,35,28,24
LE673BP,81,41,40,39
LE673BQ,50,31,19,28
LE673BR,60,28,32,24
LE673BS,72,34,38,29
LE673BT,64,33,31,25
LE673BW,54,28,26,26
LE673BX,63,31,32,27
LE673DA,163,72,91,47
LE673DB,26,12,14,11
LE673DD,5,2,3,4
LE673DF,69,30,39,32
LE673DG,84,44,40,28
LE673DH,70,36,34,28
LE673DJ,92,45,47,38
LE673DL,42,20,22,21
LE673DN,35,15,20,20
LE673DQ,50,23,27,21
LE673DR,40,20,20,20
LE673DS,3,2,1,2
LE673DW,34,19,15,14
LE673DY,19,8,11,6
LE673ED,6,4,2,5
LE673EE,6,4,2,3
LE673EP,29,14,15,15
LE673EQ,2,0,2,1
LE673FA,8,5,3,5
LE673GB,7,4,3,3
LE673GF,33,17,16,14
LE673GG,24,13,11,12
LE673GH,110,54,56,41
LE673GQ,1,0,1,1
LE673GR,139,74,65,66
LE673GS,132,67,65,52
LE673GT,6,3,3,3
LE673HH,6,3,3,3
LE673HJ,12,8,4,5
LE673HL,57,31,26,26
LE673HN,37,21,16,17
LE673HS,7,2,5,2
LE673JA,65,35,30,28
LE673JB,56,30,26,25
LE673JD,94,40,54,34
LE673JE,92,49,43,35
LE673JF,28,19,9,20
LE673JG,40,16,24,13
LE673JH,6,2,4,3
LE673JL,28,16,12,23
LE673JP,45,28,17,18
LE673JX,22,8,14,7
LE673JZ,25,11,14,14
LE673LA,32,18,14,15
LE673LB,40,20,20,20
LE673LD,82,35,47,35
LE673LE,94,48,46,37
LE673LG,48,22,26,20
LE673LH,77,40,37,34
LE673LJ,58,32,26,25
LE673LL,12,7,5,5
LE673LQ,50,23,27,20
LE673LR,99,47,52,43
LE673LS,45,18,27,12
LE673LT,25,12,13,16
LE673LW,43,24,19,20
LE673LX,67,34,33,33
LE673LY,51,32,19,25
LE673LZ,47,26,21,23
LE673NA,81,36,45,27
LE673NB,63,33,30,24
LE673ND,4,1,3,1
LE673NE,44,26,18,21
LE673NF,101,48,53,47
LE673NG,47,28,19,17
LE673NH,66,30,36,35
LE673NJ,21,10,11,7
LE673NN,11,5,6,6
LE673NP,140,69,71,59
LE673NS,5,4,1,4
LE673NX,41,20,21,13
LE673NY,30,16,14,19
LE673PA,65,31,34,30
LE673PB,56,22,34,23
LE673PD,5,2,3,3
LE673PE,6,2,4,3
LE673PF,4,2,2,3
LE673PH,10,7,3,8
LE673PJ,81,46,35,41
LE673PL,117,56,61,48
LE673PN,23,14,9,13
LE673PP,76,27,49,26
LE673PQ,65,31,34,31
LE673PR,20,13,7,9
LE673PS,72,33,39,33
LE673PT,89,45,44,39
LE673PW,127,64,63,60
LE673PX,153,65,88,62
LE673PY,29,10,19,27
LE673PZ,11,2,9,9
LE673QF,93,49,44,26
LE673QL,104,52,52,32
LE673QQ,19,8,11,14
LE673QR,7,6,1,6
LE673QS,45,25,20,20
LE673QT,109,50,59,46
LE673QU,84,44,40,40
LE673QW,10,4,6,5
LE673QX,97,48,49,45
LE673RA,28,13,15,12
LE673RB,28,12,16,16
LE673RD,47,23,24,17
LE673RE,79,39,40,31
LE673RF,121,51,70,44
LE673RG,27,13,14,14
LE673SA,54,22,32,24
LE673SB,51,29,22,28
LE673SD,43,17,26,15
LE673SE,74,36,38,28
LE673SF,21,11,10,10
LE673SH,78,38,40,39
LE673SJ,83,43,40,39
LE673SL,31,9,22,15
LE673SN,109,55,54,48
LE673SP,108,62,46,45
LE673SQ,16,9,7,5
LE673SU,161,87,74,61
LE673SW,34,15,19,20
LE673TG,7,3,4,2
LE673TH,51,24,27,20
LE673TJ,87,46,41,32
LE673TL,53,27,26,24
LE673TN,85,43,42,34
LE673XA,1,1,0,1
LE673XB,3,3,0,3
LE673XE,2,1,1,2
LE674AX,47,23,24,16
LE674AY,26,12,14,10
LE674AZ,14,6,8,9
LE674BA,14,6,8,4
LE674BB,35,17,18,12
LE674BD,102,52,50,37
LE674BE,27,14,13,13
LE674BF,80,40,40,30
LE674BG,63,33,30,24
LE674BH,96,47,49,37
LE674BJ,113,51,62,46
LE674BL,83,40,43,38
LE674BN,82,37,45,32
LE674BP,51,24,27,23
LE674BQ,104,49,55,43
LE674BS,99,44,55,52
LE674BT,117,58,59,41
LE674BU,28,15,13,14
LE674BW,47,25,22,21
LE674BX,43,23,20,16
LE674BY,41,19,22,19
LE674BZ,28,14,14,13
LE674DA,75,36,39,31
LE674DB,49,20,29,18
LE674DD,58,29,29,22
LE674DE,65,32,33,22
LE674DF,47,23,24,14
LE674DG,22,11,11,6
LE674DH,108,61,47,43
LE674DJ,69,35,34,28
LE674DL,87,40,47,39
LE674DN,134,71,63,45
LE674DP,76,39,37,35
LE674DQ,29,13,16,13
LE674DS,52,28,24,16
LE674DT,93,47,46,39
LE674DU,118,57,61,41
LE674DW,27,18,9,9
LE674DX,40,21,19,19
LE674DY,32,17,15,14
LE674DZ,142,73,69,45
LE674EA,59,31,28,24
LE674EB,38,19,19,20
LE674ED,40,18,22,15
LE674EE,58,33,25,20
LE674EF,36,21,15,16
LE674EG,82,41,41,25
LE674EH,52,26,26,17
LE674EJ,70,34,36,24
LE674EL,59,30,29,17
LE674EN,61,29,32,16
LE674EP,34,18,16,11
LE674GB,129,69,60,46
LE674GD,74,39,35,32
LE674GE,64,30,34,26
LE674GF,81,43,38,29
LE674GG,139,73,66,46
LE674GH,17,8,9,6
LE674GJ,24,12,12,8
LE674GL,42,22,20,17
LE674GN,157,80,77,56
LE674HA,93,50,43,29
LE674HB,34,18,16,24
LE674HD,26,11,15,8
LE674HE,113,61,52,38
LE674HF,81,24,57,16
LE674HG,123,59,64,38
LE674HH,53,23,30,18
LE674HJ,97,47,50,37
LE674HL,71,38,33,25
LE674HN,36,16,20,20
LE674HP,55,32,23,21
LE674HQ,40,21,19,12
LE674HR,41,16,25,17
LE674HS,51,30,21,16
LE674HT,35,17,18,12
LE674HU,48,23,25,23
LE674JA,90,46,44,32
LE674JB,82,37,45,28
LE674JD,41,22,19,23
LE674JE,68,36,32,21
LE674JF,39,22,17,16
LE674JG,54,22,32,23
LE674JH,62,24,38,22
LE674JJ,182,90,92,80
LE674JL,27,12,15,19
LE674JN,65,36,29,22
LE674JS,12,6,6,5
LE674JU,53,28,25,20
LE674LB,71,32,39,24
LE674LD,51,25,26,22
LE674LE,18,8,10,6
LE674LF,23,13,10,8
LE674PA,80,41,39,31
LE674PB,71,36,35,24
LE674PD,104,55,49,37
LE674PE,136,65,71,41
LE674PF,52,26,26,15
LE674PG,33,19,14,11
LE674QA,35,13,22,10
LE674QB,29,14,15,9
LE674QP,28,14,14,10
LE674QQ,53,27,26,22
LE674QR,37,22,15,15
LE674QS,25,13,12,11
LE674QU,134,68,66,52
LE674QW,62,28,34,44
LE674QX,76,20,56,69
LE674QY,42,12,30,28
LE674QZ,27,16,11,10
LE674RA,104,52,52,36
LE674RB,73,36,37,24
LE674RD,87,46,41,33
LE674RE,78,39,39,27
LE674RF,113,47,66,45
LE674RG,78,39,39,35
LE674RH,104,51,53,39
LE674RJ,61,26,35,27
LE674RL,114,57,57,50
LE674RN,47,20,27,20
LE674RP,44,23,21,17
LE674RQ,229,117,112,97
LE674RR,22,10,12,8
LE674RS,27,13,14,12
LE674RT,138,79,59,48
LE674RU,33,19,14,17
LE674RW,54,29,25,23
LE674RX,19,11,8,10
LE674RY,73,33,40,30
LE674RZ,43,23,20,14
LE674SA,70,32,38,36
LE674SB,88,45,43,42
LE674SD,27,12,15,16
LE674SE,175,77,98,83
LE674SF,41,24,17,18
LE674SG,54,29,25,22
LE674SH,37,17,20,20
LE674SJ,35,16,19,17
LE674SL,67,30,37,25
LE674SN,41,18,23,12
LE674SP,64,29,35,22
LE674SQ,64,32,32,21
LE674SR,74,37,37,24
LE674SS,43,19,24,20
LE674ST,43,20,23,26
LE674SU,27,12,15,14
LE674SW,26,15,11,11
LE674SX,47,22,25,23
LE674SY,109,51,58,52
LE674SZ,70,36,34,31
LE674TA,136,64,72,61
LE674TB,132,67,65,70
LE674TD,81,36,45,30
LE674TE,65,34,31,34
LE674TF,80,30,50,24
LE674TG,46,22,24,17
LE674TH,70,35,35,27
LE674TJ,182,80,102,53
LE674TL,65,33,32,33
LE674TN,73,35,38,23
LE674TP,21,9,12,9
LE674TQ,11,7,4,9
LE674TT,8,2,6,6
LE674TX,11,6,5,7
LE674TY,18,9,9,7
LE674TZ,9,4,5,6
LE674UA,32,16,16,12
LE674UB,2,1,1,1
LE674UE,8,4,4,2
LE674UF,17,8,9,8
LE674UU,4,3,1,1
LE674UX,18,11,7,5
LE674UY,27,13,14,11
LE675AA,92,49,43,45
LE675AB,22,9,13,10
LE675AD,55,26,29,20
LE675AE,80,42,38,36
LE675AF,5,2,3,1
LE675AG,63,28,35,31
LE675AH,50,27,23,22
LE675AJ,128,67,61,54
LE675AL,49,19,30,24
LE675AN,63,30,33,28
LE675AP,68,39,29,35
LE675AQ,57,31,26,22
LE675AR,12,7,5,4
LE675AS,57,27,30,24
LE675AT,70,34,36,30
LE675AU,37,20,17,18
LE675AW,8,5,3,5
LE675AX,77,35,42,35
LE675AY,25,11,14,14
LE675AZ,72,37,35,38
LE675BA,6,3,3,3
LE675BB,50,24,26,22
LE675BD,46,25,21,24
LE675BE,25,13,12,11
LE675BF,34,19,15,15
LE675BG,5,4,1,1
LE675BH,26,12,14,14
LE675BJ,25,13,12,11
LE675BL,98,44,54,48
LE675BN,32,13,19,24
LE675BP,111,56,55,46
LE675BQ,59,31,28,22
LE675BR,44,24,20,26
LE675BS,26,14,12,12
LE675BT,152,75,77,56
LE675BU,25,13,12,10
LE675BW,29,14,15,11
LE675BX,82,40,42,32
LE675BY,105,51,54,40
LE675BZ,112,51,61,45
LE675DA,8,4,4,4
LE675DB,69,37,32,31
LE675DD,18,6,12,5
LE675DE,41,21,20,20
LE675DF,51,29,22,24
LE675DG,56,24,32,25
LE675DJ,151,72,79,80
LE675DL,64,34,30,22
LE675DN,104,52,52,40
LE675DP,98,43,55,44
LE675DQ,13,5,8,5
LE675DR,26,13,13,9
LE675DS,36,14,22,24
LE675DT,10,7,3,8
LE675DU,100,54,46,41
LE675DW,79,35,44,27
LE675DX,17,5,12,13
LE675DY,52,23,29,20
LE675DZ,93,46,47,44
LE675EA,93,46,47,37
LE675EB,74,38,36,28
LE675ED,38,17,21,16
LE675EE,10,6,4,4
LE675EF,65,32,33,30
LE675EG,120,52,68,49
LE675EH,90,40,50,42
LE675EJ,71,33,38,27
LE675EL,61,34,27,26
LE675EN,25,9,16,10
LE675EP,17,8,9,13
LE675EQ,16,10,6,11
LE675ER,58,28,30,23
LE675ES,31,16,15,12
LE675ET,56,30,26,33
LE675EU,57,28,29,24
LE675EW,110,54,56,34
LE675EX,56,29,27,25
LE675EY,18,4,14,18
LE675EZ,75,36,39,22
LE675FD,107,55,52,44
LE675FE,80,39,41,29
LE675FF,110,54,56,41
LE675FG,47,24,23,15
LE675FU,10,5,5,3
LE675FX,28,14,14,18
LE675FY,174,88,86,68
LE675GA,131,63,68,45
LE675GB,46,26,20,15
LE675GD,151,71,80,62
LE675GE,50,25,25,20
LE675GF,122,64,58,47
LE675GG,65,32,33,24
LE675GH,58,27,31,30
LE675GJ,76,44,32,39
LE675GL,44,24,20,18
LE675GN,119,58,61,50
LE675GP,24,12,12,8
LE675GQ,6,3,3,2
LE675GS,38,19,19,21
LE675GT,52,24,28,24
LE675GU,120,67,53,43
LE675GW,42,18,24,22
LE675GX,78,30,48,24
LE675GY,70,33,37,32
LE675GZ,26,11,15,16
LE675HA,91,46,45,45
LE675HB,83,43,40,39
LE675HE,84,37,47,33
LE675HF,4,1,3,3
LE675HG,73,45,28,27
LE675HH,84,44,40,30
LE675HJ,81,35,46,31
LE675HL,39,18,21,21
LE675HN,25,13,12,7
LE675HP,25,14,11,12
LE675HT,41,18,23,22
LE675HU,25,14,11,8
LE675HW,56,28,28,25
LE675HX,1,1,0,1
LE675HY,18,9,9,8
LE675JA,14,7,7,5
LE675JZ,21,10,11,7
LE675NQ,40,24,16,18
LE675PA,81,40,41,31
LE675PB,56,27,29,21
LE675PD,85,41,44,36
LE675PE,66,33,33,29
LE675PF,51,24,27,21
LE675PG,44,22,22,20
LE675PH,59,23,36,33
LE675PJ,27,15,12,8
LE675PL,50,26,24,28
LE675PN,52,27,25,28
LE675PP,61,27,34,21
LE675PQ,60,31,29,27
LE675PR,84,41,43,38
LE675PS,87,41,46,40
LE675PT,117,60,57,48
LE675PU,132,68,64,51
LE675PW,79,34,45,38
LE675PX,88,41,47,39
LE675PY,42,25,17,31
LE675QA,56,29,27,19
LE675QB,90,35,55,51
LE675QD,49,21,28,22
LE675QE,57,26,31,33
LE675UG,24,12,12,10
LE675UL,37,36,1,0
LE675UN,11,6,5,7
LE675UP,6,1,5,4
LE675UQ,2,1,1,1
LE675UT,2,1,1,1
LE675UZ,16,7,9,5
LE676AA,88,41,47,33
LE676AB,47,24,23,23
LE676AD,11,6,5,5
LE676AE,15,8,7,9
LE676AF,27,12,15,11
LE676AG,26,15,11,16
LE676GA,10,5,5,5
LE676GB,52,24,28,19
LE676GD,63,31,32,24
LE676GY,88,44,44,30
LE676GZ,6,5,1,2
LE676HA,56,28,28,24
LE676HB,14,5,9,8
LE676HD,2,1,1,2
LE676HE,47,25,22,24
LE676HF,71,33,38,42
LE676HG,103,41,62,26
LE676HH,58,31,27,31
LE676HJ,83,49,34,38
LE676HL,122,61,61,40
LE676HN,113,50,63,45
LE676HQ,18,7,11,9
LE676HR,23,10,13,9
LE676HT,86,41,45,33
LE676HU,40,22,18,17
LE676HW,46,24,22,19
LE676HX,114,59,55,47
LE676HY,23,12,11,11
LE676JA,106,56,50,43
LE676JB,17,10,7,6
LE676JD,27,17,10,10
LE676JE,41,23,18,15
LE676JG,101,47,54,32
LE676JH,127,61,66,38
LE676JJ,76,38,38,34
LE676JL,113,57,56,40
LE676JN,11,8,3,10
LE676JP,52,24,28,20
LE676JQ,40,21,19,21
LE676JS,104,50,54,42
LE676JT,102,54,48,46
LE676JU,36,18,18,15
LE676JW,123,58,65,53
LE676JX,44,22,22,18
LE676JY,19,9,10,8
LE676JZ,70,38,32,31
LE676LA,74,40,34,34
LE676LB,93,42,51,37
LE676LD,78,40,38,35
LE676LE,87,44,43,36
LE676LF,95,50,45,47
LE676LG,26,16,10,16
LE676LH,79,40,39,34
LE676LJ,37,21,16,17
LE676LL,106,47,59,48
LE676LN,49,23,26,15
LE676LP,103,53,50,47
LE676LQ,88,44,44,35
LE676LR,48,23,25,24
LE676LS,75,45,30,30
LE676LT,29,16,13,21
LE676LU,17,7,10,9
LE676LW,49,19,30,34
LE676LX,26,14,12,11
LE676LY,56,25,31,24
LE676LZ,34,12,22,18
LE676NA,20,12,8,11
LE676NB,29,14,15,12
LE676ND,30,15,15,18
LE676NE,30,11,19,21
LE676NF,41,16,25,24
LE676NG,55,26,29,25
LE676NH,35,19,16,17
LE676NJ,92,47,45,42
LE676NL,45,22,23,20
LE676NN,155,71,84,57
LE676NP,69,38,31,26
LE676NQ,88,42,46,37
LE676NR,69,35,34,29
LE676NS,123,59,64,40
LE676NT,15,6,9,6
LE676NU,103,53,50,42
LE676NW,16,10,6,9
LE676NX,152,74,78,58
LE676NY,76,37,39,38
LE676NZ,17,9,8,6
LE676PA,17,8,9,6
LE676PB,39,18,21,15
LE676PD,21,12,9,8
LE676PE,27,14,13,8
LE676PF,7,5,2,5
LE676PG,101,56,45,34
LE676PH,19,12,7,7
LE676PJ,16,8,8,8
LE676PL,32,15,17,22
LE676PP,44,23,21,15
LE676PR,107,51,56,38
LE676PS,95,45,50,35
LE676PT,10,6,4,4
LE676PX,36,17,19,14
LE676PY,22,10,12,8
LE676PZ,30,15,15,10
LE676QE,4,2,2,3
LE676RB,23,12,11,8
LE676RD,26,14,12,9
LE676RE,40,21,19,13
LE676RF,42,20,22,12
LE676RG,33,18,15,9
LE678AB,5,4,1,2
LE678AH,4,2,2,1
LE678AL,12,6,6,5
LE678DD,32,20,12,12
LE678FA,90,47,43,28
LE678FB,11,4,7,4
LE678FD,33,16,17,10
LE678FE,8,6,2,3
LE678FF,1,1,0,1
LE678FG,23,11,12,6
LE678FH,21,11,10,9
LE678FJ,56,30,26,24
LE678FL,19,11,8,6
LE678FN,20,8,12,14
LE678FP,16,7,9,9
LE678FQ,27,15,12,11
LE678FR,16,6,10,6
LE678FS,7,4,3,2
LE678FT,5,4,1,2
LE678FU,34,18,16,14
LE678FW,9,5,4,5
LE678FY,13,6,7,5
LE678FZ,17,10,7,9
LE678GA,94,43,51,41
LE678GB,42,22,20,17
LE678GD,50,23,27,16
LE678GE,77,40,37,24
LE678GF,43,21,22,13
LE678GG,77,37,40,34
LE678GH,23,14,9,8
LE678GJ,8,4,4,4
LE678GL,46,23,23,19
LE678GN,13,7,6,5
LE678HA,15,8,7,7
LE678HB,16,9,7,7
LE678HD,81,41,40,37
LE678HE,18,9,9,7
LE678HF,38,17,21,18
LE678HG,53,29,24,19
LE678HH,25,13,12,10
LE678HJ,10,6,4,3
LE678HL,46,20,26,18
LE678HN,48,21,27,20
LE678HP,25,13,12,8
LE678HQ,5,2,3,2
LE678HR,21,9,12,8
LE678HS,4,1,3,1
LE678HT,13,4,9,6
LE678HU,78,35,43,33
LE678HW,5,2,3,2
LE678HX,16,11,5,5
LE678HY,7,3,4,3
LE678HZ,4,1,3,1
LE678JA,32,15,17,12
LE678JB,30,17,13,8
LE678JD,11,7,4,5
LE678JE,20,7,13,9
LE678JF,33,18,15,15
LE678JG,23,9,14,7
LE678JH,21,12,9,10
LE678JJ,41,20,21,18
LE678JL,17,6,11,7
LE678JN,19,9,10,8
LE678JP,82,45,37,27
LE678LA,57,31,26,29
LE678LB,19,9,10,13
LE678LD,43,22,21,22
LE678LE,49,23,26,22
LE678LF,46,24,22,19
LE678LG,29,15,14,16
LE678LH,92,44,48,38
LE678LJ,104,56,48,37
LE678LL,37,14,23,16
LE678LN,40,15,25,19
LE678LP,71,29,42,32
LE678LQ,88,49,39,35
LE678LR,95,31,64,26
LE678LS,17,9,8,8
LE678LT,112,56,56,50
LE678LU,31,15,16,14
LE678LW,20,10,10,9
LE678LX,29,14,15,13
LE678LY,177,92,85,68
LE678LZ,71,39,32,28
LE678NA,65,27,38,28
LE678NB,79,42,37,35
LE678ND,66,33,33,21
LE678NE,83,44,39,37
LE678NF,80,31,49,33
LE678NG,111,55,56,38
LE678NH,51,24,27,21
LE678NJ,35,17,18,16
LE678NL,5,3,2,1
LE678NN,57,26,31,25
LE678NP,31,15,16,15
LE678NR,42,20,22,21
LE678NS,24,8,16,10
LE678NT,2,1,1,1
LE678NU,164,80,84,66
LE678NW,113,62,51,45
LE678NX,62,30,32,27
LE678NY,30,18,12,10
LE678PA,5,3,2,3
LE678PB,85,43,42,38
LE678PD,41,20,21,19
LE678PE,1,1,0,1
LE678PF,96,48,48,41
LE678PG,83,41,42,37
LE678PH,53,24,29,17
LE678PJ,96,52,44,39
LE678PL,9,5,4,3
LE678PP,46,27,19,14
LE678PT,25,11,14,18
LE678PU,31,17,14,11
LE678PX,17,10,7,5
LE678QA,24,10,14,9
LE678QB,11,6,5,5
LE678QD,4,2,2,2
LE678QE,18,9,9,9
LE678QF,6,2,4,2
LE678QG,25,14,11,11
LE678QH,12,6,6,6
LE678QJ,75,38,37,34
LE678QL,61,30,31,28
LE678QN,50,25,25,25
LE678QP,51,25,26,23
LE678QQ,55,30,25,23
LE678QR,60,30,30,27
LE678QS,11,6,5,5
LE678QT,6,3,3,3
LE678QU,15,7,8,8
LE678QW,70,36,34,32
LE678QX,5,4,1,2
LE678QY,9,3,6,6
LE678RA,4,2,2,2
LE678RD,104,54,50,43
LE678RE,66,32,34,29
LE678RF,25,12,13,11
LE678RG,2,1,1,1
LE678RH,51,26,25,24
LE678RJ,72,38,34,30
LE678RL,51,26,25,24
LE678RN,19,11,8,12
LE678UH,14,6,8,7
LE678UJ,2,1,1,1
LE678UR,5,3,2,2
LE678US,5,3,2,2
LE679HA,16,6,10,11
LE679LA,25,13,12,10
LE679NA,39,15,24,12
LE679NB,67,31,36,22
LE679PA,11,6,5,6
LE679PB,21,10,11,6
LE679PD,12,8,4,6
LE679PE,23,12,11,8
LE679PF,5,2,3,3
LE679PH,14,7,7,9
LE679PJ,26,12,14,11
LE679PL,5,3,2,2
LE679PN,15,13,2,0
LE679PP,59,31,28,27
LE679PQ,74,39,35,28
LE679PR,81,39,42,35
LE679PS,9,4,5,4
LE679PT,14,6,8,7
LE679PU,35,21,14,15
LE679PW,87,41,46,42
LE679PX,13,7,6,7
LE679PZ,2,0,2,1
LE679QA,17,10,7,10
LE679QB,43,23,20,19
LE679QD,23,11,12,8
LE679QE,32,13,19,12
LE679QF,2,1,1,1
LE679QH,26,16,10,10
LE679QJ,31,14,17,18
LE679QL,80,39,41,25
LE679QQ,38,20,18,13
LE679QR,27,10,17,8
LE679QS,27,13,14,9
LE679QT,109,59,50,34
LE679QU,49,25,24,15
LE679RA,26,12,14,12
LE679RB,79,38,41,36
LE679RD,65,30,35,26
LE679RE,85,37,48,37
LE679RF,93,44,49,34
LE679RG,143,73,70,52
LE679RH,139,63,76,51
LE679RJ,155,71,84,57
LE679RL,16,5,11,5
LE679RN,53,18,35,0
LE679RP,74,43,31,25
LE679RQ,31,11,20,24
LE679RR,45,22,23,19
LE679RS,44,23,21,21
LE679RT,76,32,44,37
LE679RU,27,11,16,20
LE679RW,13,5,8,10
LE679RX,28,10,18,19
LE679RZ,10,5,5,7
LE679SB,15,6,9,11
LE679SE,27,13,14,15
LE679SG,17,7,10,10
LE679SH,63,31,32,27
LE679SJ,16,8,8,11
LE679SL,29,16,13,12
LE679SN,17,7,10,10
LE679SP,78,40,38,43
LE679SQ,95,47,48,47
LE679SR,26,12,14,17
LE679SS,38,16,22,23
LE679ST,52,21,31,40
LE679SW,93,48,45,33
LE679SX,15,6,9,10
LE679SY,6,3,3,1
LE679SZ,13,5,8,4
LE679TA,10,3,7,5
LE679TB,45,21,24,17
LE679TD,21,12,9,8
LE679TE,7,4,3,3
LE679TF,24,14,10,6
LE679TG,107,48,59,47
LE679TH,14,6,8,8
LE679TJ,14,5,9,6
LE679TL,21,11,10,8
LE679TN,93,49,44,35
LE679TP,79,41,38,40
LE679TQ,91,53,38,39
LE679TR,40,19,21,19
LE679TS,1,0,1,1
LE679TT,12,6,6,5
LE679TU,11,6,5,5
LE679TW,5,2,3,1
LE679TX,80,36,44,34
LE679TY,55,28,27,23
LE679TZ,19,9,10,7
LE679UB,69,34,35,26
LE679UD,12,6,6,3
LE679UE,22,13,9,11
LE679UF,81,41,40,31
LE679UG,142,70,72,60
LE679UH,46,22,24,18
LE679UJ,20,10,10,11
LE679UL,25,12,13,15
LE679UN,114,59,55,53
LE679UP,63,28,35,28
LE679UQ,7,3,4,3
LE679UR,103,45,58,43
LE679US,2,1,1,1
LE679UT,73,39,34,36
LE679UU,72,35,37,31
LE679UW,63,28,35,30
LE679UX,48,20,28,25
LE679UY,2,1,1,1
LE679WA,96,48,48,43
LE679WB,39,21,18,17
LE679WD,54,27,27,31
LE679WE,27,16,11,12
LE679WF,143,65,78,80
LE679WG,110,60,50,39
LE679WH,83,42,41,35
LE679WJ,77,44,33,27
LE679WL,27,9,18,15
LE679WN,135,65,70,69
LE679WP,57,24,33,22
LE679WQ,45,23,22,22
LE679WR,34,16,18,18
LE679WS,37,20,17,24
LE679WT,50,24,26,32
LE679WU,116,59,57,63
LE679WW,14,4,10,11
LE679WX,20,9,11,12
LE679WY,35,15,20,13
LE679WZ,82,39,43,50
LE679XE,20,9,11,11
LE679XF,43,21,22,20
LE679XQ,14,6,8,5
LE7 1BA,3,1,2,1
LE7 1BS,14,7,7,13
LE7 1BT,39,23,16,31
LE7 1FZ,20,9,11,13
LE7 1GA,15,7,8,7
LE7 1GB,59,28,31,39
LE7 1GD,11,7,4,6
LE7 1GE,108,44,64,41
LE7 1GF,65,35,30,25
LE7 1GG,18,9,9,8
LE7 1GH,187,101,86,68
LE7 1GJ,38,24,14,15
LE7 1GL,34,18,16,21
LE7 1GN,17,7,10,12
LE7 1GP,55,31,24,30
LE7 1GQ,70,35,35,36
LE7 1GW,18,9,9,11
LE7 1GX,28,15,13,13
LE7 1GY,18,6,12,16
LE7 1GZ,6,3,3,2
LE7 1HA,36,14,22,14
LE7 1HE,7,2,5,4
LE7 1HF,30,16,14,15
LE7 1HH,19,12,7,8
LE7 1HJ,65,29,36,29
LE7 1HL,105,47,58,44
LE7 1HN,40,23,17,26
LE7 1HP,44,18,26,21
LE7 1HQ,19,10,9,7
LE7 1HR,46,23,23,17
LE7 1HS,40,20,20,32
LE7 1HT,62,27,35,30
LE7 1HU,11,5,6,8
LE7 1HW,80,38,42,31
LE7 1HX,61,31,30,31
LE7 1HY,70,34,36,30
LE7 1HZ,98,52,46,35
LE7 1JA,44,23,21,16
LE7 1JB,57,29,28,21
LE7 1LB,27,9,18,23
LE7 1LD,1,1,0,1
LE7 1LP,25,10,15,16
LE7 1LQ,16,5,11,11
LE7 1LR,18,9,9,9
LE7 1LS,21,10,11,10
LE7 1LT,23,12,11,8
LE7 1LU,71,36,35,25
LE7 1LW,22,11,11,8
LE7 1LX,72,38,34,31
LE7 1LY,134,67,67,45
LE7 1NA,76,34,42,35
LE7 1NB,57,26,31,27
LE7 1ND,22,8,14,11
LE7 1NE,115,50,65,42
LE7 1NF,116,50,66,41
LE7 1NG,77,40,37,30
LE7 1NH,34,16,18,14
LE7 1NL,13,6,7,0
LE7 1NN,22,8,14,6
LE7 1NP,152,79,73,72
LE7 1NQ,11,6,5,8
LE7 1NR,7,3,4,2
LE7 1NS,1,1,0,1
LE7 1NT,103,51,52,63
LE7 1NU,35,13,22,17
LE7 1NW,41,21,20,18
LE7 1NX,106,51,55,47
LE7 1NY,76,35,41,31
LE7 1NZ,60,30,30,31
LE7 1PA,102,45,57,39
LE7 1PB,120,59,61,38
LE7 1PD,3,1,2,3
LE7 1PH,27,9,18,21
LE7 1PP,126,63,63,57
LE7 1QJ,105,56,49,29
LE7 1QP,58,30,28,15
LE7 1RP,152,78,74,74
LE7 1RY,39,21,18,12
LE7 1UR,90,42,48,53
LE7 1XA,64,30,34,25
LE7 1XB,31,12,19,11
LE7 1YA,78,35,43,32
LE7 1YE,10,5,5,6
LE7 1YF,22,14,8,7
LE7 1YG,17,10,7,5
LE7 1YH,25,12,13,13
LE7 1YJ,115,55,60,55
LE7 1YL,45,22,23,21
LE7 1YN,40,18,22,18
LE7 1YP,25,12,13,12
LE7 1YQ,15,7,8,6
LE7 1YR,31,17,14,13
LE7 1YS,28,14,14,9
LE7 1YT,94,49,45,37
LE7 1YU,141,69,72,67
LE7 1YW,43,20,23,12
LE7 1YX,76,35,41,31
LE7 1ZA,26,12,14,14
LE7 1ZD,56,31,25,17
LE7 1ZE,24,10,14,9
LE7 1ZF,24,11,13,8
LE7 1ZG,18,10,8,6
LE7 1ZH,22,10,12,6
LE7 1ZJ,23,13,10,7
LE7 1ZL,76,36,40,23
LE7 1ZN,151,78,73,42
LE7 1ZP,34,14,20,12
LE7 1ZQ,32,12,20,29
LE7 1ZS,45,24,21,19
LE7 2AA,54,27,27,28
LE7 2AB,30,12,18,17
LE7 2AD,120,56,64,43
LE7 2AF,86,34,52,34
LE7 2AG,81,44,37,38
LE7 2AH,84,43,41,37
LE7 2AJ,75,38,37,30
LE7 2AL,112,48,64,43
LE7 2AN,102,53,49,33
LE7 2AP,24,10,14,9
LE7 2AQ,113,56,57,51
LE7 2AR,74,36,38,34
LE7 2AS,87,41,46,35
LE7 2AT,104,47,57,43
LE7 2AU,124,66,58,42
LE7 2AW,95,49,46,35
LE7 2AX,43,14,29,27
LE7 2AY,54,31,23,29
LE7 2AZ,32,11,21,13
LE7 2BA,45,20,25,13
LE7 2BB,58,28,30,27
LE7 2BD,67,39,28,20
LE7 2BE,79,27,52,16
LE7 2BG,28,14,14,9
LE7 2BJ,68,34,34,18
LE7 2BL,7,4,3,4
LE7 2BN,40,17,23,9
LE7 2BP,38,20,18,8
LE7 2BQ,87,38,49,30
LE7 2BR,210,102,108,74
LE7 2BS,43,15,28,14
LE7 2BT,8,4,4,4
LE7 2BU,21,11,10,9
LE7 2BW,71,39,32,27
LE7 2BX,42,20,22,14
LE7 2BY,89,47,42,38
LE7 2BZ,200,101,99,74
LE7 2DA,11,7,4,6
LE7 2DB,35,17,18,12
LE7 2DD,19,11,8,8
LE7 2DE,9,3,6,5
LE7 2DL,198,96,102,71
LE7 2DW,35,18,17,20
LE7 2DX,48,15,33,42
LE7 2DY,27,9,18,20
LE7 2DZ,11,6,5,6
LE7 2EA,67,33,34,30
LE7 2EB,81,40,41,37
LE7 2ED,54,25,29,27
LE7 2EE,87,41,46,38
LE7 2EF,93,41,52,41
LE7 2EG,109,52,57,39
LE7 2EH,86,50,36,37
LE7 2EJ,92,43,49,39
LE7 2EL,77,28,49,53
LE7 2EN,76,41,35,47
LE7 2EP,70,36,34,25
LE7 2EQ,65,29,36,18
LE7 2ES,75,42,33,30
LE7 2ET,93,51,42,36
LE7 2EU,118,55,63,52
LE7 2EW,75,35,40,32
LE7 2EY,74,37,37,34
LE7 2EZ,87,40,47,35
LE7 2FT,86,40,46,32
LE7 2GF,16,9,7,11
LE7 2HA,25,14,11,16
LE7 2HB,19,11,8,13
LE7 2HD,16,10,6,10
LE7 2HF,21,10,11,10
LE7 2HG,26,12,14,11
LE7 2HH,63,34,29,23
LE7 2HJ,5,2,3,2
LE7 2HL,27,13,14,12
LE7 2JA,94,43,51,35
LE7 2JD,96,49,47,43
LE7 2JE,101,48,53,42
LE7 2JF,59,27,32,34
LE7 2JG,9,5,4,2
LE7 2JH,80,41,39,31
LE7 2JJ,136,65,71,47
LE7 2JL,104,58,46,38
LE7 2JN,76,43,33,29
LE7 2JP,78,33,45,40
LE7 2JQ,58,27,31,27
LE7 2JR,15,7,8,6
LE7 2JS,56,32,24,26
LE7 2JT,4,3,1,3
LE7 2JW,67,33,34,31
LE7 2JX,87,48,39,34
LE7 2JY,104,51,53,37
LE7 2JZ,73,29,44,32
LE7 2LA,29,15,14,15
LE7 2LG,98,50,48,39
LE7 2LH,102,45,57,40
LE7 2LJ,67,32,35,24
LE7 2LL,82,42,40,33
LE7 2LN,56,26,30,24
LE7 2LP,12,6,6,9
LE7 2NL,2,1,1,1
LE7 2NN,100,48,52,33
LE7 2NR,46,23,23,18
LE7 2PQ,52,27,25,24
LE7 2PR,72,36,36,28
LE7 2PS,22,8,14,10
LE7 2PT,23,14,9,9
LE7 2PU,25,15,10,10
LE7 2PW,76,38,38,33
LE7 2PX,179,86,93,77
LE7 2PY,11,7,4,6
LE7 2PZ,77,41,36,30
LE7 2ZR,31,16,15,12
LE7 3BH,4,3,1,3
LE7 3BJ,24,13,11,9
LE7 3BL,24,9,15,9
LE7 3BN,7,5,2,3
LE7 3BP,7,3,4,3
LE7 3BQ,15,7,8,8
LE7 3BR,13,7,6,4
LE7 3DA,89,43,46,42
LE7 3DB,86,40,46,40
LE7 3DE,46,18,28,21
LE7 3DF,8,4,4,4
LE7 3DG,81,42,39,38
LE7 3DH,19,8,11,8
LE7 3DJ,9,4,5,1
LE7 3DL,122,61,61,52
LE7 3DN,90,47,43,40
LE7 3DP,118,54,64,39
LE7 3DQ,13,7,6,5
LE7 3DR,30,14,16,10
LE7 3DS,18,7,11,8
LE7 3DT,17,11,6,5
LE7 3DU,40,20,20,13
LE7 3DW,33,17,16,14
LE7 3DX,22,9,13,11
LE7 3DZ,45,24,21,22
LE7 3FA,54,24,30,28
LE7 3FB,94,47,47,38
LE7 3FD,43,26,17,24
LE7 3FE,46,25,21,23
LE7 3FF,36,14,22,13
LE7 3FG,17,10,7,9
LE7 3FH,127,54,73,64
LE7 3FJ,35,17,18,14
LE7 3FL,107,49,58,42
LE7 3FN,36,19,17,16
LE7 3FP,69,35,34,28
LE7 3FR,94,45,49,30
LE7 3FS,61,29,32,28
LE7 3FT,98,50,48,37
LE7 3FU,101,55,46,40
LE7 3FW,9,6,3,3
LE7 3FX,96,49,47,39
LE7 3FY,23,9,14,11
LE7 3FZ,18,8,10,6
LE7 3QA,8,5,3,4
LE7 3QB,31,15,16,12
LE7 3QD,67,31,36,29
LE7 3QE,14,8,6,6
LE7 3QF,6,3,3,2
LE7 3QG,78,33,45,36
LE7 3QH,14,8,6,6
LE7 3QJ,2,1,1,1
LE7 3QL,33,12,21,18
LE7 3QN,15,7,8,9
LE7 3QQ,26,10,16,9
LE7 3QR,26,11,15,13
LE7 3QS,51,23,28,18
LE7 3QT,32,16,16,14
LE7 3QU,70,35,35,25
LE7 3QW,106,52,54,36
LE7 3QX,14,7,7,6
LE7 3QY,9,4,5,6
LE7 3QZ,44,21,23,18
LE7 3RB,14,9,5,5
LE7 3RD,8,4,4,2
LE7 3RE,21,12,9,10
LE7 3RJ,75,34,41,31
LE7 3RL,31,15,16,15
LE7 3RN,4,2,2,1
LE7 3RQ,16,8,8,4
LE7 3RS,15,8,7,7
LE7 3RT,56,27,29,24
LE7 3RU,11,4,7,4
LE7 3RX,27,14,13,10
LE7 3RZ,4,1,3,1
LE7 3SA,103,55,48,40
LE7 3SR,1,1,0,1
LE7 3SS,13,5,8,6
LE7 3ST,102,45,57,38
LE7 3SU,113,51,62,42
LE7 3SW,62,28,34,24
LE7 3SX,37,18,19,15
LE7 3SY,21,9,12,8
LE7 3SZ,69,36,33,31
LE7 3TT,41,16,25,20
LE7 3TU,87,45,42,35
LE7 3TW,17,8,9,7
LE7 3TX,13,7,6,6
LE7 3TY,15,7,8,8
LE7 3TZ,8,3,5,3
LE7 3UJ,43,16,27,32
LE7 3UL,9,4,5,4
LE7 3UY,18,6,12,14
LE7 3WP,2,0,2,2
LE7 3WQ,116,55,61,39
LE7 3WR,9,5,4,4
LE7 3WS,36,17,19,15
LE7 3WT,14,7,7,4
LE7 3WU,39,18,21,14
LE7 3WW,47,26,21,22
LE7 3WX,76,39,37,33
LE7 3WY,35,19,16,14
LE7 3WZ,22,10,12,10
LE7 3XH,7,2,5,4
LE7 3XL,12,6,6,4
LE7 3XN,38,19,19,14
LE7 3XP,19,11,8,6
LE7 3XQ,4,2,2,3
LE7 3XR,16,7,9,8
LE7 3XS,55,28,27,24
LE7 3XT,32,14,18,13
LE7 3XU,7,5,2,5
LE7 3XW,102,32,70,29
LE7 3XX,7,3,4,6
LE7 3XY,30,16,14,12
LE7 3ZA,22,14,8,6
LE7 3ZB,31,15,16,12
LE7 3ZD,6,2,4,4
LE7 3ZE,64,31,33,23
LE7 3ZF,12,6,6,4
LE7 3ZG,55,24,31,21
LE7 3ZH,47,25,22,19
LE7 3ZJ,81,43,38,29
LE7 3ZL,122,64,58,50
LE7 3ZN,72,34,38,26
LE7 3ZP,27,12,15,10
LE7 3ZQ,52,24,28,22
LE7 3ZR,95,45,50,37
LE7 3ZS,61,29,32,20
LE7 3ZT,39,19,20,11
LE7 3ZU,22,11,11,10
LE7 3ZW,29,17,12,11
LE7 3ZX,15,6,9,5
LE7 3ZY,38,19,19,18
LE7 3ZZ,40,21,19,13
LE7 4DA,36,19,17,13
LE7 4FY,31,17,14,13
LE7 4PH,23,12,11,9
LE7 4PJ,68,35,33,29
LE7 4PL,70,37,33,27
LE7 4PN,14,7,7,4
LE7 4RA,2,1,1,1
LE7 4RB,88,44,44,36
LE7 4RD,2,1,1,1
LE7 4RF,12,4,8,5
LE7 4RG,8,3,5,3
LE7 4RH,55,28,27,23
LE7 4RJ,9,5,4,4
LE7 4RQ,11,6,5,4
LE7 4SB,34,17,17,11
LE7 4SE,1,1,0,1
LE7 4SF,35,17,18,16
LE7 4SG,83,49,34,1
LE7 4SH,6,5,1,2
LE7 4SJ,21,11,10,9
LE7 4SL,12,7,5,4
LE7 4SN,79,42,37,28
LE7 4SP,6,3,3,2
LE7 4SQ,20,12,8,9
LE7 4ST,16,7,9,5
LE7 4TA,3,2,1,1
LE7 4TB,5,2,3,2
LE7 4TD,43,21,22,22
LE7 4TE,41,21,20,13
LE7 4TG,14,8,6,6
LE7 4TH,39,19,20,21
LE7 4TJ,2,1,1,1
LE7 4TL,31,19,12,12
LE7 4TN,17,10,7,6
LE7 4TP,25,11,14,8
LE7 4TQ,4,2,2,2
LE7 4TR,3,2,1,1
LE7 4TS,8,6,2,2
LE7 4TT,27,12,15,9
LE7 4UA,30,12,18,14
LE7 4UB,50,26,24,17
LE7 4UD,33,16,17,14
LE7 4UF,101,51,50,42
LE7 4UG,23,12,11,12
LE7 4UH,66,35,31,28
LE7 4UJ,23,10,13,7
LE7 4UN,43,21,22,18
LE7 4UP,48,23,25,21
LE7 4UQ,23,13,10,13
LE7 4US,35,14,21,17
LE7 4UT,96,44,52,40
LE7 4UU,115,57,58,45
LE7 4UW,50,22,28,22
LE7 4UX,18,9,9,7
LE7 4UY,10,6,4,4
LE7 4UZ,27,15,12,13
LE7 4WA,25,12,13,9
LE7 4WB,58,30,28,20
LE7 4WD,18,6,12,7
LE7 4WE,32,16,16,13
LE7 4WF,42,21,21,20
LE7 4WG,51,25,26,22
LE7 4WH,56,26,30,28
LE7 4WJ,81,39,42,32
LE7 4WL,19,11,8,10
LE7 4WN,16,6,10,4
LE7 4XB,5,3,2,2
LE7 4XD,9,4,5,2
LE7 4XE,12,5,7,6
LE7 4XF,11,7,4,6
LE7 4XG,12,5,7,3
LE7 4XJ,9,4,5,3
LE7 4XT,11,5,6,3
LE7 4XU,136,70,66,42
LE7 4XW,29,12,17,8
LE7 4XY,36,18,18,13
LE7 4XZ,68,41,27,18
LE7 4YA,43,21,22,15
LE7 4YB,94,41,53,30
LE7 4YD,81,39,42,34
LE7 4YE,14,9,5,5
LE7 4YF,57,24,33,26
LE7 4YG,40,20,20,18
LE7 4YJ,47,23,24,17
LE7 4YL,8,4,4,4
LE7 4YN,98,46,52,37
LE7 4YQ,24,14,10,10
LE7 4YR,92,47,45,36
LE7 4YS,77,32,45,33
LE7 4YT,4,2,2,1
LE7 4YU,7,2,5,3
LE7 4YW,103,49,54,32
LE7 4YX,41,23,18,16
LE7 4YY,107,41,66,32
LE7 4YZ,68,35,33,27
LE7 4ZA,59,29,30,21
LE7 7AA,62,35,27,27
LE7 7AB,22,13,9,7
LE7 7AD,23,8,15,17
LE7 7AE,7,4,3,2
LE7 7AF,87,39,48,45
LE7 7AG,65,33,32,26
LE7 7AH,15,9,6,12
LE7 7AJ,64,31,33,29
LE7 7AL,7,3,4,2
LE7 7AN,20,10,10,8
LE7 7AP,48,23,25,20
LE7 7AQ,74,40,34,41
LE7 7AR,6,2,4,2
LE7 7AS,13,5,8,12
LE7 7AT,67,33,34,27
LE7 7AU,31,12,19,27
LE7 7AW,76,26,50,60
LE7 7AX,27,14,13,15
LE7 7AY,94,44,50,35
LE7 7AZ,10,8,2,7
LE7 7BA,40,19,21,18
LE7 7BB,79,38,41,34
LE7 7BD,52,27,25,26
LE7 7BE,108,53,55,41
LE7 7BF,73,32,41,29
LE7 7BG,71,36,35,29
LE7 7BH,58,34,24,23
LE7 7BJ,49,25,24,29
LE7 7BL,80,41,39,31
LE7 7BN,84,42,42,29
LE7 7BP,38,17,21,14
LE7 7BQ,34,15,19,14
LE7 7BR,102,53,49,39
LE7 7BS,14,6,8,5
LE7 7BT,93,50,43,38
LE7 7BU,12,6,6,4
LE7 7BW,56,23,33,25
LE7 7BX,77,39,38,30
LE7 7BY,109,54,55,40
LE7 7BZ,59,29,30,23
LE7 7DA,33,18,15,20
LE7 7DD,71,33,38,30
LE7 7DE,71,26,45,29
LE7 7DF,22,10,12,9
LE7 7DG,58,26,32,25
LE7 7DH,72,35,37,32
LE7 7DJ,118,50,68,41
LE7 7DL,107,55,52,39
LE7 7DN,23,12,11,11
LE7 7DP,50,19,31,27
LE7 7DQ,31,17,14,19
LE7 7DR,127,65,62,46
LE7 7DS,20,6,14,14
LE7 7DT,58,30,28,29
LE7 7DU,73,34,39,35
LE7 7DW,57,30,27,22
LE7 7DX,107,53,54,40
LE7 7DY,105,54,51,40
LE7 7DZ,14,7,7,8
LE7 7EA,49,21,28,20
LE7 7EB,74,33,41,26
LE7 7ED,114,59,55,47
LE7 7EE,48,22,26,19
LE7 7EF,67,25,42,27
LE7 7EG,47,21,26,24
LE7 7EH,11,5,6,7
LE7 7EJ,65,34,31,24
LE7 7EL,79,39,40,33
LE7 7EN,45,21,24,21
LE7 7EP,36,17,19,13
LE7 7EQ,80,33,47,31
LE7 7ER,54,28,26,25
LE7 7ES,110,60,50,47
LE7 7ET,30,15,15,10
LE7 7EU,38,11,27,30
LE7 7EW,44,21,23,19
LE7 7EX,42,21,21,13
LE7 7EY,9,5,4,4
LE7 7FA,76,37,39,39
LE7 7FB,35,16,19,15
LE7 7FD,85,40,45,36
LE7 7FE,70,26,44,50
LE7 7FG,5,2,3,2
LE7 7FH,119,55,64,45
LE7 7FJ,126,54,72,47
LE7 7FL,45,23,22,27
LE7 7FN,47,23,24,21
LE7 7FQ,55,29,26,25
LE7 7FR,68,30,38,25
LE7 7FS,60,26,34,29
LE7 7FT,15,5,10,6
LE7 7FU,30,17,13,12
LE7 7FW,32,13,19,11
LE7 7FX,104,53,51,47
LE7 7FY,134,67,67,51
LE7 7FZ,42,18,24,16
LE7 7GA,20,10,10,8
LE7 7GB,11,5,6,5
LE7 7GD,58,26,32,22
LE7 7GE,24,11,13,12
LE7 7GF,25,11,14,10
LE7 7GG,4,1,3,1
LE7 7GH,9,4,5,4
LE7 7GJ,2,2,0,2
LE7 7GL,11,10,1,0
LE7 7GN,89,46,43,38
LE7 7GP,78,36,42,32
LE7 7GQ,18,8,10,6
LE7 7GS,18,11,7,7
LE7 7GT,16,9,7,7
LE7 7GW,42,19,23,20
LE7 7GY,12,3,9,9
LE7 7GZ,10,6,4,8
LE7 7HA,50,23,27,23
LE7 7HB,55,29,26,26
LE7 7HD,51,21,30,26
LE7 7HE,59,26,33,25
LE7 7HF,61,33,28,22
LE7 7HG,113,51,62,42
LE7 7HH,125,67,58,45
LE7 7HJ,38,18,20,18
LE7 7HL,32,15,17,20
LE7 7HN,54,27,27,21
LE7 7HP,24,13,11,17
LE7 7HQ,10,6,4,5
LE7 7HS,2,2,0,1
LE7 7HT,35,19,16,12
LE7 7HU,13,8,5,6
LE7 7HW,27,14,13,7
LE7 7HX,16,9,7,5
LE7 7JA,61,29,32,28
LE7 7JB,54,26,28,19
LE7 7JD,61,27,34,28
LE7 7JE,22,14,8,9
LE7 7JF,11,6,5,5
LE7 7JG,122,63,59,42
LE7 7JH,115,53,62,44
LE7 7JJ,76,42,34,25
LE7 7JL,93,46,47,39
LE7 7JN,14,5,9,9
LE7 7JP,69,34,35,29
LE7 7JQ,71,29,42,33
LE7 7JR,49,25,24,22
LE7 7JS,44,13,31,34
LE7 7JT,21,12,9,9
LE7 7JU,33,17,16,11
LE7 7JW,12,9,3,10
LE7 7JX,16,7,9,5
LE7 7LA,25,13,12,10
LE7 7LB,48,28,20,21
LE7 7LD,54,15,39,8
LE7 7LE,71,37,34,29
LE7 7LF,15,7,8,7
LE7 7LG,4,4,0,0
LE7 7LH,53,28,25,18
LE7 7LJ,77,34,43,44
LE7 7LL,45,19,26,23
LE7 7LN,20,9,11,11
LE7 7LP,18,10,8,7
LE7 7LR,23,12,11,18
LE7 7LS,86,45,41,28
LE7 7LT,41,18,23,12
LE7 7LU,35,17,18,11
LE7 7LY,69,29,40,27
LE7 7LZ,107,56,51,38
LE7 7NA,17,9,8,7
LE7 7NB,77,37,40,35
LE7 7ND,33,13,20,18
LE7 7NE,42,22,20,18
LE7 7NF,55,24,31,22
LE7 7NG,113,50,63,50
LE7 7NH,60,31,29,21
LE7 7NJ,142,73,69,58
LE7 7NL,13,10,3,6
LE7 7NN,66,34,32,33
LE7 7NP,14,8,6,9
LE7 7NQ,95,47,48,38
LE7 7NU,62,30,32,31
LE7 7NW,68,29,39,35
LE7 7NX,4,2,2,1
LE7 7NY,16,7,9,9
LE7 7PA,21,9,12,14
LE7 7PB,80,44,36,33
LE7 7PD,26,13,13,9
LE7 7PE,10,4,6,5
LE7 7PF,24,13,11,12
LE7 7PH,27,14,13,13
LE7 7PJ,69,32,37,39
LE7 7PL,36,15,21,26
LE7 7PN,36,16,20,21
LE7 7PR,68,37,31,26
LE7 7PS,55,28,27,30
LE7 7PT,90,37,53,35
LE7 7PU,73,34,39,31
LE7 7PW,109,53,56,41
LE7 7PX,47,24,23,22
LE7 7PY,46,20,26,19
LE7 7QB,35,16,19,19
LE7 7QD,55,28,27,16
LE7 7QE,87,39,48,27
LE7 7QF,79,46,33,24
LE7 7QG,80,44,36,30
LE7 7QH,22,12,10,9
LE7 7QJ,62,33,29,19
LE7 7QL,39,18,21,11
LE7 7QN,34,15,19,12
LE7 7QP,82,45,37,26
LE7 7QQ,14,7,7,6
LE7 7QR,20,10,10,6
LE7 7QU,9,4,5,5
LE7 7QW,4,3,1,1
LE7 7QX,15,7,8,10
LE7 7QY,4,2,2,2
LE7 7RA,17,9,8,8
LE7 7RB,58,26,32,31
LE7 7RD,100,47,53,39
LE7 7RE,75,37,38,32
LE7 7RF,52,25,27,23
LE7 7RG,69,34,35,27
LE7 7RH,14,7,7,8
LE7 7RJ,17,8,9,7
LE7 7RL,41,18,23,16
LE7 7RN,51,26,25,21
LE7 7RP,34,16,18,13
LE7 7RQ,26,10,16,11
LE7 7RR,31,16,15,12
LE7 7RS,30,17,13,14
LE7 7RW,19,8,11,7
LE7 7RY,15,7,8,7
LE7 7SA,33,14,19,8
LE7 7SB,18,9,9,8
LE7 7SD,3,1,2,2
LE7 7SE,111,60,51,41
LE7 7SF,56,34,22,22
LE7 7SG,103,49,54,39
LE7 7SH,72,33,39,27
LE7 7SJ,83,42,41,32
LE7 7SL,36,18,18,15
LE7 7SQ,19,12,7,7
LE7 7ST,31,13,18,9
LE7 7SU,23,10,13,10
LE7 7TA,186,93,93,83
LE7 7TB,67,30,37,23
LE7 7TD,116,58,58,44
LE7 7TE,132,66,66,51
LE7 7TF,64,33,31,26
LE7 7TG,26,11,15,11
LE7 7TH,61,28,33,25
LE7 7TJ,12,5,7,7
LE7 7TL,41,22,19,15
LE7 7TP,18,8,10,6
LE7 7TQ,2,1,1,1
LE7 9AA,25,12,13,10
LE7 9AB,68,32,36,36
LE7 9AD,33,15,18,18
LE7 9AE,110,49,61,53
LE7 9AF,55,27,28,23
LE7 9AG,9,5,4,4
LE7 9AH,20,9,11,12
LE7 9AJ,18,9,9,7
LE7 9AL,57,27,30,29
LE7 9AN,52,29,23,29
LE7 9AP,28,14,14,12
LE7 9AQ,48,24,24,21
LE7 9AR,39,18,21,19
LE7 9AS,32,14,18,24
LE7 9AT,12,6,6,7
LE7 9AU,44,21,23,20
LE7 9AX,4,0,4,2
LE7 9AY,4,1,3,4
LE7 9AZ,12,5,7,4
LE7 9BA,16,9,7,7
LE7 9BB,5,3,2,2
LE7 9BD,16,10,6,5
LE7 9BE,38,21,17,11
LE7 9BF,46,22,24,21
LE7 9BG,2,2,0,1
LE7 9BN,40,20,20,16
LE7 9BT,6,3,3,1
LE7 9BU,13,7,6,4
LE7 9BW,22,12,10,11
LE7 9BX,26,15,11,11
LE7 9DA,35,18,17,17
LE7 9DB,83,37,46,39
LE7 9DD,39,21,18,17
LE7 9DE,70,38,32,23
LE7 9DF,23,12,11,9
LE7 9DG,9,6,3,3
LE7 9DH,16,8,8,6
LE7 9DJ,85,46,39,32
LE7 9DL,6,4,2,3
LE7 9DN,5,4,1,3
LE7 9DP,8,5,3,4
LE7 9DQ,11,6,5,4
LE7 9DR,14,6,8,6
LE7 9DS,18,7,11,6
LE7 9DY,126,63,63,40
LE7 9EA,4,3,1,1
LE7 9EB,4,2,2,2
LE7 9ED,3,2,1,1
LE7 9EE,54,24,30,22
LE7 9EF,11,6,5,7
LE7 9EG,121,59,62,50
LE7 9EH,29,17,12,14
LE7 9EJ,4,1,3,1
LE7 9EL,59,30,29,21
LE7 9EN,39,15,24,16
LE7 9EP,9,5,4,4
LE7 9EQ,11,6,5,5
LE7 9ER,4,3,1,1
LE7 9ES,3,1,2,1
LE7 9ET,9,5,4,3
LE7 9EU,24,10,14,8
LE7 9EW,10,5,5,4
LE7 9EX,18,9,9,6
LE7 9EY,11,6,5,5
LE7 9FA,2,1,1,1
LE7 9FB,15,7,8,9
LE7 9FD,7,3,4,4
LE7 9FE,12,4,8,5
LE7 9FF,3,2,1,2
LE7 9FG,7,3,4,3
LE7 9FH,8,4,4,3
LE7 9FJ,8,3,5,2
LE7 9FL,7,2,5,3
LE7 9FN,8,3,5,2
LE7 9FP,102,52,50,41
LE7 9FQ,68,38,30,35
LE7 9FR,50,25,25,19
LE7 9FS,54,27,27,26
LE7 9FT,27,15,12,6
LE7 9FW,53,25,28,21
LE7 9FX,82,45,37,38
LE7 9GA,36,17,19,16
LE7 9GB,12,8,4,4
LE7 9GD,66,31,35,30
LE7 9GE,90,45,45,31
LE7 9GF,15,8,7,5
LE7 9GG,18,7,11,15
LE7 9GH,67,34,33,28
LE7 9GJ,12,6,6,7
LE7 9GL,30,18,12,10
LE7 9GN,27,13,14,8
LE7 9GQ,29,14,15,10
LE7 9GR,37,16,21,15
LE7 9GS,40,19,21,18
LE7 9GT,90,44,46,35
LE7 9GU,106,56,50,40
LE7 9GW,26,14,12,9
LE7 9HA,60,28,32,27
LE7 9HB,16,8,8,6
LE7 9HD,53,25,28,27
LE7 9HE,113,52,61,52
LE7 9HF,15,5,10,9
LE7 9HG,45,28,17,16
LE7 9HH,50,26,24,18
LE7 9HJ,70,32,38,34
LE7 9HL,53,26,27,15
LE7 9HN,18,11,7,7
LE7 9HP,18,11,7,9
LE7 9HQ,37,22,15,15
LE7 9HR,51,26,25,21
LE7 9HS,26,10,16,10
LE7 9HT,59,27,32,19
LE7 9HU,45,24,21,17
LE7 9JA,8,5,3,3
LE7 9JB,36,15,21,15
LE7 9JD,12,6,6,4
LE7 9JE,11,6,5,5
LE7 9JF,23,15,8,16
LE7 9JH,17,8,9,8
LE7 9JJ,65,32,33,26
LE7 9JL,27,14,13,11
LE7 9JN,47,25,22,20
LE7 9JP,17,8,9,6
LE7 9JQ,52,29,23,26
LE7 9JR,89,45,44,34
LE7 9JS,43,20,23,21
LE7 9JT,36,15,21,13
LE7 9JU,12,6,6,4
LE7 9JX,11,7,4,6
LE7 9JY,9,4,5,5
LE7 9LA,28,15,13,14
LE7 9LB,12,7,5,5
LE7 9LE,16,8,8,8
LE7 9LF,65,30,35,26
LE7 9LG,32,16,16,14
LE7 9LH,6,3,3,5
LE7 9LJ,55,27,28,21
LE7 9LL,105,50,55,43
LE7 9LN,5,3,2,1
LE7 9LP,31,15,16,12
LE7 9LR,15,8,7,5
LE7 9LS,13,8,5,4
LE7 9LT,8,4,4,3
LE7 9NA,86,43,43,25
LE7 9NB,13,6,7,6
LE7 9ND,26,11,15,10
LE7 9NE,49,21,28,14
LE7 9NF,103,51,52,29
LE7 9NP,55,27,28,22
LE7 9NY,35,14,21,24
LE7 9PA,13,8,5,6
LE7 9PB,105,48,57,37
LE7 9PD,87,38,49,31
LE7 9PE,4,2,2,2
LE7 9PF,64,33,31,26
LE7 9PG,86,41,45,31
LE7 9PH,97,29,68,35
LE7 9PJ,41,21,20,18
LE7 9PL,73,39,34,31
LE7 9PN,46,21,25,22
LE7 9PP,48,25,23,16
LE7 9PQ,27,17,10,10
LE7 9PR,125,61,64,52
LE7 9PS,117,62,55,47
LE7 9PT,77,38,39,28
LE7 9PU,34,16,18,18
LE7 9PW,88,45,43,32
LE7 9PX,22,11,11,9
LE7 9PY,21,11,10,10
LE7 9QA,44,20,24,11
LE7 9QB,1,1,0,1
LE7 9QD,28,15,13,15
LE7 9QE,28,12,16,14
LE7 9QF,36,15,21,11
LE7 9QG,32,17,15,16
LE7 9QH,44,21,23,25
LE7 9QJ,85,37,48,47
LE7 9QL,31,14,17,21
LE7 9QP,22,10,12,9
LE7 9QQ,6,3,3,3
LE7 9QS,25,12,13,9
LE7 9QT,74,36,38,25
LE7 9QU,10,5,5,4
LE7 9QW,23,13,10,9
LE7 9QZ,20,9,11,6
LE7 9RA,76,34,42,36
LE7 9RB,21,8,13,10
LE7 9RD,65,36,29,27
LE7 9RE,67,33,34,27
LE7 9RF,45,22,23,24
LE7 9RG,40,18,22,19
LE7 9RH,21,9,12,10
LE7 9RJ,82,42,40,31
LE7 9RL,51,25,26,20
LE7 9RN,136,67,69,40
LE7 9RP,11,8,3,3
LE7 9RQ,33,15,18,12
LE7 9RR,19,12,7,7
LE7 9RS,52,24,28,28
LE7 9RT,15,7,8,8
LE7 9RU,68,37,31,24
LE7 9RW,30,13,17,9
LE7 9RX,36,18,18,14
LE7 9RY,28,15,13,12
LE7 9RZ,38,19,19,13
LE7 9SA,11,5,6,7
LE7 9SB,22,10,12,10
LE7 9SD,63,24,39,32
LE7 9SE,60,33,27,23
LE7 9SG,57,30,27,24
LE7 9SH,24,11,13,10
LE7 9SJ,11,6,5,5
LE7 9SL,9,3,6,6
LE7 9SN,11,6,5,4
LE7 9SP,7,4,3,2
LE7 9SQ,13,6,7,3
LE7 9SR,22,13,9,7
LE7 9ST,16,7,9,6
LE7 9SW,23,14,9,10
LE7 9SX,44,22,22,21
LE7 9SY,89,39,50,38
LE7 9SZ,16,7,9,6
LE7 9TB,11,6,5,7
LE7 9TD,39,20,19,15
LE7 9TE,25,8,17,9
LE7 9TF,4,3,1,3
LE7 9TG,33,17,16,12
LE7 9TH,52,24,28,25
LE7 9TJ,16,9,7,6
LE7 9TL,11,3,8,7
LE7 9UA,63,36,27,20
LE7 9UB,89,40,49,35
LE7 9UD,143,77,66,52
LE7 9UE,51,21,30,22
LE7 9UF,61,32,29,28
LE7 9UG,64,32,32,25
LE7 9UH,48,22,26,21
LE7 9UJ,18,9,9,9
LE7 9UL,34,19,15,14
LE7 9UQ,86,43,43,34
LE7 9UR,79,36,43,24
LE7 9US,10,6,4,4
LE7 9UT,17,9,8,6
LE7 9UU,24,12,12,7
LE7 9UW,81,42,39,29
LE7 9WA,32,11,21,13
LE7 9WB,82,42,40,29
LE7 9WD,99,47,52,45
LE7 9WE,23,12,11,8
LE7 9WF,31,16,15,16
LE7 9XA,14,8,6,7
LE7 9XB,44,24,20,15
LE7 9XD,12,6,6,4
LE7 9XE,52,24,28,21
LE7 9XF,17,9,8,8
LE7 9XG,7,4,3,3
LE7 9XH,25,14,11,11
LE7 9XJ,32,16,16,12
LE7 9XL,44,21,23,15
LE7 9XN,6,2,4,2
LE7 9YA,30,14,16,14
LE7 9YB,85,40,45,35
LE7 9YD,55,28,27,22
LE7 9YE,44,24,20,23
LE8 0ES,29,16,13,19
LE8 0EW,11,5,6,5
LE8 0EZ,75,32,43,34
LE8 0HA,25,13,12,8
LE8 0HB,30,13,17,13
LE8 0HD,142,70,72,67
LE8 0HE,88,30,58,25
LE8 0HF,41,21,20,18
LE8 0HG,54,26,28,23
LE8 0HH,60,28,32,25
LE8 0HJ,21,11,10,6
LE8 0HL,139,69,70,49
LE8 0HN,51,23,28,17
LE8 0HP,50,24,26,25
LE8 0HQ,41,20,21,18
LE8 0HR,26,14,12,11
LE8 0HS,50,26,24,27
LE8 0HT,25,14,11,13
LE8 0HU,163,83,80,63
LE8 0HW,51,24,27,20
LE8 0HX,68,35,33,31
LE8 0HY,29,17,12,13
LE8 0HZ,47,20,27,20
LE8 0JA,20,9,11,7
LE8 0JB,29,13,16,13
LE8 0JD,5,4,1,4
LE8 0JE,26,18,8,16
LE8 0JF,14,10,4,2
LE8 0JG,56,27,29,27
LE8 0JH,2,1,1,1
LE8 0JJ,45,21,24,22
LE8 0JL,37,18,19,15
LE8 0JN,22,14,8,11
LE8 0JP,15,7,8,8
LE8 0JQ,51,12,39,47
LE8 0JR,64,30,34,21
LE8 0JS,57,31,26,22
LE8 0JT,75,39,36,38
LE8 0JU,36,18,18,15
LE8 0JW,16,9,7,7
LE8 0JX,112,53,59,47
LE8 0JY,35,18,17,11
LE8 0LA,56,25,31,26
LE8 0LB,93,44,49,41
LE8 0LD,51,25,26,22
LE8 0LE,38,16,22,17
LE8 0LF,15,5,10,14
LE8 0LG,72,26,46,21
LE8 0LH,70,35,35,27
LE8 0LJ,47,24,23,23
LE8 0LL,23,10,13,11
LE8 0LN,35,17,18,16
LE8 0LP,92,45,47,35
LE8 0LQ,89,45,44,39
LE8 0LR,72,29,43,42
LE8 0LT,18,8,10,8
LE8 0LU,62,28,34,23
LE8 0LW,26,10,16,18
LE8 0LX,37,18,19,20
LE8 0LY,3,2,1,1
LE8 0LZ,20,9,11,7
LE8 0NA,29,14,15,15
LE8 0NB,48,23,25,19
LE8 0ND,46,22,24,19
LE8 0NE,31,14,17,13
LE8 0NF,71,32,39,28
LE8 0NG,71,31,40,30
LE8 0NH,52,25,27,18
LE8 0NJ,103,49,54,36
LE8 0NL,32,14,18,13
LE8 0NN,26,13,13,11
LE8 0NP,47,21,26,14
LE8 0NQ,99,45,54,49
LE8 0NR,52,24,28,21
LE8 0NS,38,17,21,20
LE8 0NT,62,28,34,31
LE8 0NU,47,23,24,20
LE8 0NW,82,39,43,32
LE8 0NX,16,8,8,5
LE8 0NY,19,8,11,7
LE8 0NZ,74,34,40,34
LE8 0PA,88,42,46,30
LE8 0PB,4,2,2,2
LE8 0PD,23,10,13,9
LE8 0PE,9,6,3,7
LE8 0PF,98,50,48,31
LE8 0PG,44,20,24,18
LE8 0PH,30,17,13,14
LE8 0PJ,109,47,62,45
LE8 0PL,13,7,6,5
LE8 0PN,57,27,30,19
LE8 0PP,8,4,4,4
LE8 0PQ,6,3,3,3
LE8 0PR,5,2,3,3
LE8 0PS,60,34,26,6
LE8 0PT,19,9,10,8
LE8 0PU,48,23,25,19
LE8 0PW,48,23,25,19
LE8 0PX,10,3,7,3
LE8 0PY,74,38,36,28
LE8 0PZ,14,8,6,5
LE8 0QA,14,7,7,6
LE8 0QB,9,4,5,3
LE8 0QD,20,11,9,9
LE8 0QE,12,7,5,6
LE8 0QF,50,26,24,26
LE8 0QG,5,3,2,2
LE8 0QH,54,24,30,26
LE8 0QJ,117,56,61,49
LE8 0QL,37,19,18,11
LE8 0QN,13,6,7,8
LE8 0QP,23,13,10,7
LE8 0QQ,21,12,9,9
LE8 0QR,19,12,7,10
LE8 0QS,16,7,9,6
LE8 0QT,129,56,73,27
LE8 0QU,9,4,5,4
LE8 0QW,17,9,8,8
LE8 0QY,12,6,6,6
LE8 0RA,47,25,22,20
LE8 0RB,58,29,29,24
LE8 0RD,20,9,11,4
LE8 0RG,6,3,3,2
LE8 0RH,36,15,21,13
LE8 0RJ,7,4,3,2
LE8 0RL,28,13,15,10
LE8 0RN,25,13,12,9
LE8 0RS,13,8,5,6
LE8 0RT,34,16,18,15
LE8 0RU,32,17,15,12
LE8 0RY,62,30,32,18
LE8 0RZ,24,12,12,17
LE8 0SA,81,37,44,32
LE8 0SB,36,20,16,15
LE8 0SD,89,42,47,32
LE8 0SE,99,48,51,35
LE8 0SF,17,7,10,9
LE8 0SG,12,5,7,7
LE8 0SH,13,5,8,5
LE8 0SJ,25,10,15,13
LE8 0SL,57,26,31,19
LE8 0SN,106,45,61,48
LE8 0SS,31,19,12,10
LE8 0SU,55,25,30,27
LE8 0SX,54,27,27,22
LE8 0UW,48,26,22,14
LE8 0XA,23,13,10,11
LE8 0XB,56,26,30,20
LE8 4AA,7,3,4,3
LE8 4AB,168,76,92,73
LE8 4AD,103,56,47,40
LE8 4AE,75,40,35,29
LE8 4AF,82,37,45,31
LE8 4AG,39,19,20,17
LE8 4AH,50,24,26,22
LE8 4AJ,72,36,36,25
LE8 4AL,91,45,46,37
LE8 4AN,82,39,43,32
LE8 4AP,52,25,27,20
LE8 4AQ,47,28,19,21
LE8 4AR,42,23,19,12
LE8 4AS,108,52,56,41
LE8 4AT,137,65,72,55
LE8 4AU,65,29,36,28
LE8 4AW,46,23,23,20
LE8 4AX,24,11,13,8
LE8 4AY,36,22,14,19
LE8 4BA,35,20,15,13
LE8 4BB,171,81,90,67
LE8 4BD,28,12,16,15
LE8 4BE,49,23,26,23
LE8 4BF,110,51,59,44
LE8 4BG,66,31,35,41
LE8 4DA,133,66,67,71
LE8 4DD,14,9,5,9
LE8 4DE,61,24,37,24
LE8 4DF,66,33,33,26
LE8 4DG,96,51,45,35
LE8 4DH,123,62,61,47
LE8 4DJ,8,4,4,6
LE8 4DL,156,70,86,68
LE8 4DN,78,38,40,36
LE8 4DP,138,68,70,50
LE8 4DW,55,26,29,29
LE8 4DX,104,47,57,42
LE8 4DZ,4,2,2,2
LE8 4EB,5,3,2,2
LE8 4ED,89,41,48,41
LE8 4EF,71,36,35,33
LE8 4EG,51,21,30,21
LE8 4EH,106,57,49,42
LE8 4EJ,19,7,12,14
LE8 4EL,75,41,34,33
LE8 4EN,68,29,39,32
LE8 4EP,6,3,3,4
LE8 4EQ,20,5,15,16
LE8 4FA,20,8,12,8
LE8 4FB,5,1,4,4
LE8 4FD,7,6,1,6
LE8 4FE,70,35,35,30
LE8 4FF,14,11,3,6
LE8 4FG,30,15,15,12
LE8 4FH,20,9,11,13
LE8 4FJ,63,29,34,40
LE8 4FL,26,9,17,15
LE8 4FN,67,31,36,25
LE8 4FP,108,55,53,44
LE8 4FQ,18,6,12,15
LE8 4FR,128,66,62,43
LE8 4FS,73,35,38,29
LE8 4FT,156,80,76,57
LE8 4FU,94,37,57,57
LE8 4FW,59,32,27,22
LE8 4FX,48,26,22,19
LE8 4FZ,17,11,6,12
LE8 4GA,39,16,23,17
LE8 4GB,74,31,43,35
LE8 4GD,131,56,75,39
LE8 4GE,5,2,3,4
LE8 4GF,37,18,19,18
LE8 4GH,47,21,26,25
LE8 4GJ,67,28,39,31
LE8 4GP,26,12,14,15
LE8 4GQ,45,25,20,17
LE8 4GR,17,10,7,8
LE8 4GS,30,13,17,12
LE8 4GT,95,45,50,48
LE8 4GU,67,32,35,24
LE8 4GW,50,24,26,19
LE8 4GX,9,4,5,4
LE8 4GY,81,33,48,43
LE8 4HA,95,42,53,42
LE8 4HB,53,28,25,24
LE8 4HD,16,9,7,10
LE8 4HE,84,41,43,35
LE8 4HF,53,28,25,22
LE8 4HG,40,22,18,16
LE8 4HH,57,28,29,23
LE8 4HJ,91,45,46,37
LE8 4HL,100,49,51,36
LE8 4HN,16,9,7,6
LE8 4HP,19,8,11,11
LE8 4HQ,113,56,57,41
LE8 4HR,9,3,6,3
LE8 4HS,95,46,49,37
LE8 4HT,97,39,58,61
LE8 4HU,9,4,5,5
LE8 4HW,14,5,9,10
LE8 4HX,6,4,2,5
LE8 4HY,30,15,15,18
LE8 4HZ,6,3,3,4
LE8 4JA,16,9,7,5
LE8 4JZ,96,39,57,40
LE8 4PB,102,52,50,46
LE8 4PD,10,4,6,7
LE8 5BX,26,15,11,9
LE8 5BY,70,36,34,25
LE8 5LA,114,59,55,33
LE8 5LW,8,4,4,2
LE8 5LZ,42,19,23,20
LE8 5PA,81,39,42,37
LE8 5PB,38,22,16,21
LE8 5PD,79,35,44,33
LE8 5PE,53,26,27,26
LE8 5PF,5,2,3,2
LE8 5PG,86,41,45,34
LE8 5PH,95,46,49,37
LE8 5PJ,36,17,19,19
LE8 5PL,76,41,35,30
LE8 5PN,93,42,51,34
LE8 5PP,86,47,39,32
LE8 5PQ,70,35,35,26
LE8 5PS,16,7,9,7
LE8 5PT,12,5,7,7
LE8 5PU,97,47,50,41
LE8 5PW,74,35,39,33
LE8 5PX,83,39,44,31
LE8 5PY,112,60,52,42
LE8 5QA,15,7,8,6
LE8 5QB,28,12,16,10
LE8 5QD,30,16,14,14
LE8 5QE,37,10,27,31
LE8 5QF,54,26,28,22
LE8 5QG,128,69,59,48
LE8 5QH,13,5,8,4
LE8 5QJ,25,13,12,9
LE8 5QL,24,6,18,18
LE8 5QN,93,43,50,41
LE8 5QP,40,18,22,20
LE8 5QQ,32,15,17,16
LE8 5QR,20,10,10,13
LE8 5QS,34,13,21,19
LE8 5QT,37,19,18,13
LE8 5QU,78,32,46,31
LE8 5QW,25,14,11,11
LE8 5QX,48,24,24,27
LE8 5QY,171,91,80,70
LE8 5QZ,57,26,31,24
LE8 5RA,32,16,16,18
LE8 5RB,26,12,14,8
LE8 5RD,72,38,34,34
LE8 5RE,129,61,68,59
LE8 5RF,18,6,12,9
LE8 5RG,5,3,2,3
LE8 5RH,13,7,6,6
LE8 5RJ,67,28,39,25
LE8 5RL,8,5,3,6
LE8 5RN,13,8,5,4
LE8 5RP,1,1,0,1
LE8 5RQ,49,20,29,26
LE8 5RR,40,16,24,14
LE8 5RS,38,18,20,16
LE8 5RT,145,73,72,57
LE8 5RU,51,25,26,21
LE8 5RW,35,17,18,14
LE8 5RX,21,9,12,10
LE8 5RY,25,13,12,10
LE8 5RZ,28,14,14,11
LE8 5SA,41,21,20,12
LE8 5SB,22,11,11,9
LE8 5SD,39,18,21,14
LE8 5SE,87,30,57,27
LE8 5SF,45,22,23,21
LE8 5SG,18,9,9,8
LE8 5SH,63,29,34,31
LE8 5SJ,50,22,28,20
LE8 5SL,78,40,38,36
LE8 5SN,33,17,16,12
LE8 5SP,39,18,21,15
LE8 5SQ,75,41,34,30
LE8 5SR,36,14,22,14
LE8 5SS,26,11,15,12
LE8 5ST,46,24,22,21
LE8 5SU,77,38,39,33
LE8 5SW,74,35,39,30
LE8 5SX,56,27,29,26
LE8 5SY,29,15,14,14
LE8 5SZ,48,22,26,18
LE8 5TA,120,57,63,46
LE8 5TB,94,47,47,38
LE8 5TD,75,38,37,32
LE8 5TF,27,15,12,11
LE8 5TG,37,22,15,14
LE8 5TH,48,24,24,22
LE8 5TJ,52,25,27,20
LE8 5TL,74,38,36,32
LE8 5TN,45,23,22,21
LE8 5TP,68,33,35,26
LE8 5TQ,43,22,21,16
LE8 5TR,74,38,36,32
LE8 5TS,50,24,26,23
LE8 5TT,25,11,14,12
LE8 5TU,13,3,10,10
LE8 5TW,50,25,25,20
LE8 5TX,35,19,16,12
LE8 5TY,54,23,31,27
LE8 5TZ,85,39,46,46
LE8 5UA,88,45,43,35
LE8 5UE,15,8,7,4
LE8 5UG,46,19,27,15
LE8 5UH,18,10,8,6
LE8 5UL,5,3,2,2
LE8 5UN,24,14,10,11
LE8 5UP,6,1,5,2
LE8 5UQ,110,59,51,51
LE8 5UR,19,7,12,12
LE8 5US,24,13,11,10
LE8 5UT,58,24,34,26
LE8 5UU,33,15,18,14
LE8 5UW,7,3,4,3
LE8 5UX,25,12,13,10
LE8 5WA,6,3,3,2
LE8 5WB,10,6,4,3
LE8 5WD,5,3,2,2
LE8 5WE,28,13,15,10
LE8 5WF,3,2,1,2
LE8 5WG,49,21,28,21
LE8 5WH,14,6,8,6
LE8 5WJ,114,54,60,41
LE8 5WL,6,3,3,2
LE8 5WN,4,2,2,2
LE8 5WP,15,7,8,6
LE8 5WQ,8,4,4,3
LE8 5WR,35,19,16,18
LE8 5WS,26,10,16,15
LE8 5WT,11,5,6,7
LE8 5WU,52,31,21,17
LE8 5WW,47,21,26,16
LE8 5WX,32,15,17,11
LE8 5WY,4,2,2,2
LE8 5WZ,10,7,3,4
LE8 5XG,32,15,17,16
LE8 5XH,168,82,86,80
LE8 5XJ,54,27,27,18
LE8 5XL,7,3,4,3
LE8 5XN,107,51,56,35
LE8 5XP,42,24,18,15
LE8 5XQ,7,3,4,4
LE8 5XR,102,51,51,43
LE8 5XS,20,11,9,8
LE8 5XT,34,18,16,11
LE8 5XU,3,2,1,2
LE8 5XX,20,9,11,9
LE8 5YA,105,55,50,45
LE8 6AN,13,10,3,6
LE8 6BA,4,2,2,1
LE8 6BH,103,48,55,31
LE8 6BJ,89,46,43,30
LE8 6BT,41,23,18,12
LE8 6BU,16,6,10,5
LE8 6BW,26,11,15,7
LE8 6EA,34,18,16,12
LE8 6ER,152,73,79,55
LE8 6ES,22,12,10,10
LE8 6ET,30,15,15,16
LE8 6EU,20,11,9,7
LE8 6EW,21,12,9,9
LE8 6EX,54,31,23,14
LE8 6EY,65,25,40,23
LE8 6HA,7,5,2,4
LE8 6HL,66,24,42,29
LE8 6HN,56,31,25,27
LE8 6HT,15,8,7,11
LE8 6HU,110,47,63,53
LE8 6HW,76,37,39,30
LE8 6HX,10,5,5,6
LE8 6HY,155,82,73,57
LE8 6JA,60,28,32,27
LE8 6JB,37,16,21,19
LE8 6JD,22,10,12,10
LE8 6JE,84,38,46,50
LE8 6JF,78,32,46,38
LE8 6JG,105,46,59,42
LE8 6JH,80,35,45,31
LE8 6JJ,120,53,67,44
LE8 6JL,4,2,2,1
LE8 6JP,21,9,12,10
LE8 6JQ,43,23,20,18
LE8 6JR,7,4,3,5
LE8 6JS,30,16,14,15
LE8 6JT,47,20,27,17
LE8 6JU,60,29,31,30
LE8 6JW,121,63,58,45
LE8 6JX,43,25,18,17
LE8 6JY,87,37,50,36
LE8 6JZ,42,20,22,23
LE8 6LA,25,13,12,11
LE8 6LB,4,2,2,2
LE8 6LD,15,8,7,5
LE8 6LE,5,3,2,3
LE8 6LG,51,25,26,20
LE8 6LN,55,23,32,20
LE8 6LP,100,51,49,50
LE8 6LQ,62,33,29,29
LE8 6LR,82,35,47,30
LE8 6LS,49,25,24,23
LE8 6LT,75,41,34,24
LE8 6LU,25,13,12,11
LE8 6LW,9,4,5,3
LE8 6LX,19,13,6,11
LE8 6LY,113,58,55,44
LE8 6NA,2,1,1,2
LE8 6NB,3,3,0,1
LE8 6ND,109,50,59,44
LE8 6NE,117,48,69,49
LE8 6NF,53,30,23,21
LE8 6NG,39,18,21,15
LE8 6NH,41,17,24,15
LE8 6NJ,43,23,20,14
LE8 6NL,24,14,10,9
LE8 6NN,62,34,28,20
LE8 6NP,44,17,27,18
LE8 6NQ,78,34,44,43
LE8 6NR,27,17,10,15
LE8 6NS,54,29,25,18
LE8 6NT,42,21,21,17
LE8 6NW,55,21,34,42
LE8 6NX,25,11,14,19
LE8 6NY,52,26,26,25
LE8 6NZ,40,18,22,22
LE8 6PE,12,3,9,4
LE8 6PT,63,32,31,23
LE8 6QS,27,12,15,8
LE8 6QT,34,17,17,10
LE8 6QU,31,15,16,9
LE8 6QW,23,11,12,8
LE8 6QX,53,27,26,16
LE8 6QY,122,64,58,37
LE8 6QZ,63,30,33,19
LE8 6UB,10,5,5,4
LE8 6UD,25,13,12,11
LE8 6UE,19,8,11,5
LE8 6UF,206,105,101,81
LE8 6UG,13,7,6,3
LE8 6UH,32,15,17,13
LE8 6UJ,6,2,4,2
LE8 6WA,37,19,18,10
LE8 6WB,96,56,40,34
LE8 6WD,22,10,12,10
LE8 6WE,20,8,12,8
LE8 6WF,44,20,24,15
LE8 6WG,33,18,15,14
LE8 6WH,34,22,12,11
LE8 6XA,69,33,36,27
LE8 6XS,64,30,34,23
LE8 6XT,36,18,18,17
LE8 6XU,18,8,10,9
LE8 6XW,31,15,16,11
LE8 6XY,23,9,14,8
LE8 6YB,54,23,31,17
LE8 6YD,29,13,16,11
LE8 6YF,53,27,26,18
LE8 6YH,55,24,31,17
LE8 6YJ,59,30,29,20
LE8 6YL,47,21,26,17
LE8 6YN,55,30,25,17
LE8 6YP,62,32,30,20
LE8 6YQ,43,24,19,14
LE8 6YS,37,24,13,12
LE8 6YT,35,18,17,15
LE8 6YU,37,19,18,16
LE8 6YW,57,28,29,27
LE8 6YX,54,24,30,29
LE8 6YZ,74,33,41,27
LE8 6ZA,37,17,20,14
LE8 6ZB,28,17,11,10
LE8 6ZD,23,10,13,10
LE8 6ZE,49,22,27,18
LE8 6ZF,26,14,12,11
LE8 6ZH,41,12,29,35
LE8 6ZL,75,34,41,23
LE8 6ZN,53,23,30,15
LE8 6ZP,59,26,33,24
LE8 6ZQ,24,12,12,9
LE8 6ZR,47,22,25,15
LE8 6ZS,48,23,25,16
LE8 6ZT,38,18,20,14
LE8 6ZU,47,26,21,16
LE8 6ZW,41,20,21,14
LE8 6ZX,30,14,16,9
LE8 6ZY,76,39,37,25
LE8 6ZZ,30,12,18,11
LE8 8AB,30,11,19,29
LE8 8AD,93,47,46,31
LE8 8AE,111,52,59,53
LE8 8AF,14,8,6,4
LE8 8AG,90,40,50,39
LE8 8AH,54,24,30,28
LE8 8AJ,30,18,12,12
LE8 8AL,48,23,25,25
LE8 8AN,99,52,47,49
LE8 8AP,66,33,33,29
LE8 8AQ,30,15,15,8
LE8 8AR,103,57,46,37
LE8 8AS,29,16,13,9
LE8 8AT,22,10,12,15
LE8 8AU,23,10,13,12
LE8 8AW,31,15,16,12
LE8 8AX,85,45,40,37
LE8 8AY,9,5,4,4
LE8 8AZ,119,56,63,48
LE8 8BA,131,67,64,48
LE8 8BB,25,9,16,12
LE8 8BD,76,38,38,31
LE8 8BE,116,60,56,37
LE8 8BF,63,32,31,26
LE8 8BG,164,81,83,58
LE8 8BH,241,120,121,96
LE8 8BJ,15,8,7,8
LE8 8BL,110,61,49,45
LE8 8BN,84,36,48,35
LE8 8BP,68,33,35,31
LE8 8BQ,18,11,7,8
LE8 8BR,15,7,8,8
LE8 8BS,78,37,41,29
LE8 8BT,26,15,11,12
LE8 8BU,33,14,19,12
LE8 8BW,33,17,16,13
LE8 8BX,130,61,69,44
LE8 8BY,42,24,18,20
LE8 8DA,122,60,62,55
LE8 8DB,42,18,24,12
LE8 8DD,104,51,53,32
LE8 8DE,19,10,9,7
LE8 8DF,26,14,12,10
LE8 8DG,71,39,32,21
LE8 8DH,35,16,19,15
LE8 8DJ,27,14,13,8
LE8 8DL,41,21,20,15
LE8 8DN,10,6,4,5
LE8 8DP,6,4,2,5
LE8 8DR,5,3,2,5
LE8 8DS,14,7,7,10
LE8 8DZ,32,16,16,13
LE8 8LL,29,11,18,9
LE8 8TA,21,11,10,12
LE8 8TB,129,64,65,54
LE8 8TD,15,7,8,10
LE8 8TE,85,49,36,32
LE8 8TF,38,17,21,18
LE8 8TG,19,8,11,11
LE8 8TH,34,17,17,14
LE8 8TJ,105,52,53,36
LE8 8TL,11,5,6,5
LE8 8TN,143,74,69,52
LE8 8TP,31,16,15,14
LE8 8TQ,32,14,18,12
LE8 8TR,88,44,44,31
LE8 8TS,46,27,19,16
LE8 8TT,56,29,27,18
LE8 8TU,28,15,13,12
LE8 8TW,105,54,51,41
LE8 8TX,23,11,12,9
LE8 8TY,8,3,5,3
LE8 8TZ,146,71,75,60
LE8 8UA,42,21,21,16
LE8 8UB,87,43,44,33
LE8 8UF,140,71,69,52
LE8 8UG,23,13,10,7
LE8 8UH,82,39,43,26
LE8 8UJ,34,18,16,10
LE8 8UL,40,21,19,13
LE8 8UN,142,65,77,44
LE8 8UP,20,8,12,15
LE8 8UQ,4,2,2,2
LE8 9DA,24,10,14,10
LE8 9DB,17,8,9,8
LE8 9DD,13,6,7,5
LE8 9DE,21,9,12,9
LE8 9DF,19,10,9,8
LE8 9DG,44,19,25,20
LE8 9DH,5,1,4,3
LE8 9DJ,20,11,9,8
LE8 9DL,70,32,38,33
LE8 9DP,15,8,7,6
LE8 9DQ,20,12,8,8
LE8 9DR,41,19,22,19
LE8 9DS,13,7,6,6
LE8 9DT,21,9,12,10
LE8 9DU,43,19,24,20
LE8 9DW,12,6,6,6
LE8 9DX,127,64,63,53
LE8 9DY,16,8,8,7
LE8 9DZ,52,25,27,22
LE8 9EA,142,74,68,57
LE8 9EB,174,86,88,65
LE8 9ED,20,13,7,7
LE8 9EE,56,28,28,27
LE8 9EF,81,41,40,34
LE8 9EG,82,44,38,33
LE8 9EH,58,24,34,23
LE8 9EJ,112,57,55,43
LE8 9EL,98,43,55,46
LE8 9EN,21,13,8,17
LE8 9EP,11,5,6,5
LE8 9EQ,59,26,33,23
LE8 9ER,55,27,28,20
LE8 9ES,33,16,17,17
LE8 9ET,15,6,9,6
LE8 9EU,48,22,26,24
LE8 9EW,12,5,7,5
LE8 9EX,28,13,15,7
LE8 9FA,23,10,13,12
LE8 9FB,11,5,6,6
LE8 9FD,23,4,19,22
LE8 9FE,52,27,25,22
LE8 9FF,17,9,8,10
LE8 9FG,23,12,11,12
LE8 9FH,105,51,54,41
LE8 9FJ,73,31,42,36
LE8 9FL,58,31,27,23
LE8 9FN,11,5,6,5
LE8 9FP,11,7,4,4
LE8 9FQ,54,24,30,23
LE8 9FR,15,4,11,11
LE8 9FS,18,11,7,7
LE8 9FT,23,13,10,13
LE8 9FW,14,7,7,6
LE8 9FX,15,7,8,7
LE8 9FY,32,13,19,12
LE8 9FZ,42,18,24,23
LE8 9GA,72,35,37,29
LE8 9GB,49,23,26,21
LE8 9GD,42,16,26,19
LE8 9GE,66,32,34,27
LE8 9GF,40,20,20,15
LE8 9GG,67,28,39,28
LE8 9GH,55,24,31,27
LE8 9GJ,35,20,15,14
LE8 9GL,34,18,16,13
LE8 9GN,115,55,60,49
LE8 9GP,36,20,16,13
LE8 9GQ,23,10,13,11
LE8 9GR,56,26,30,22
LE8 9GS,98,43,55,51
LE8 9GT,21,11,10,12
LE8 9GU,119,59,60,51
LE8 9GW,30,14,16,17
LE8 9GX,20,9,11,11
LE8 9GY,19,8,11,11
LE8 9HA,15,6,9,5
LE8 9HB,6,5,1,6
LE8 9HD,22,7,15,9
LE8 9HE,17,8,9,8
LE8 9JY,76,34,42,30
LE8 9PX,11,4,7,5
LE8 9ST,12,4,8,8
LE9 1RA,2,1,1,1
LE9 1RB,35,18,17,18
LE9 1RD,5,3,2,3
LE9 1RE,48,26,22,20
LE9 1RF,16,10,6,6
LE9 1RG,44,22,22,20
LE9 1RH,34,19,15,11
LE9 1RJ,127,58,69,46
LE9 1RL,104,55,49,40
LE9 1RN,59,26,33,22
LE9 1RP,43,22,21,16
LE9 1RQ,41,18,23,23
LE9 1RR,74,36,38,27
LE9 1RS,4,2,2,2
LE9 1RT,2,1,1,1
LE9 1SA,45,23,22,15
LE9 1SB,51,28,23,20
LE9 1SD,175,88,87,71
LE9 1SE,72,37,35,38
LE9 1SF,64,29,35,25
LE9 1SG,23,13,10,7
LE9 1SH,112,54,58,38
LE9 1SJ,17,10,7,8
LE9 1SL,45,19,26,16
LE9 1SN,101,51,50,35
LE9 1SR,78,32,46,28
LE9 1SS,47,22,25,23
LE9 1ST,12,6,6,4
LE9 1SU,28,13,15,14
LE9 1SW,40,17,23,16
LE9 1SX,156,65,91,59
LE9 1SY,76,43,33,26
LE9 1TA,24,13,11,10
LE9 1TB,73,33,40,32
LE9 1TD,2,1,1,1
LE9 1TE,54,19,35,19
LE9 1TF,55,21,34,27
LE9 1TH,16,8,8,5
LE9 1TJ,40,22,18,14
LE9 1TL,55,27,28,22
LE9 1TN,69,36,33,27
LE9 1TP,39,18,21,15
LE9 1TQ,32,14,18,14
LE9 1TR,12,5,7,4
LE9 1TS,25,8,17,22
LE9 1TT,40,20,20,24
LE9 1TU,112,53,59,56
LE9 1TW,41,22,19,13
LE9 1TX,34,16,18,19
LE9 1TY,33,16,17,13
LE9 1UA,55,30,25,28
LE9 1UB,17,9,8,7
LE9 1UD,10,6,4,5
LE9 1UE,14,7,7,5
LE9 1UF,151,67,84,55
LE9 1UG,81,43,38,30
LE9 1UH,26,15,11,10
LE9 1UJ,41,18,23,20
LE9 1UL,2,1,1,1
LE9 1UN,51,24,27,19
LE9 1UP,71,34,37,28
LE9 1UQ,35,17,18,13
LE9 1UR,77,42,35,37
LE9 1US,55,26,29,21
LE9 1UT,24,12,12,13
LE9 1UU,90,39,51,36
LE9 1UW,54,25,29,27
LE9 1UX,48,18,30,17
LE9 1UY,37,19,18,16
LE9 1UZ,23,11,12,10
LE9 1ZP,25,6,19,19
LE9 2AA,96,43,53,48
LE9 2AB,65,34,31,31
LE9 2AD,68,32,36,29
LE9 2AE,6,4,2,5
LE9 2AF,32,14,18,15
LE9 2AG,17,9,8,7
LE9 2AH,33,18,15,13
LE9 2AJ,10,4,6,4
LE9 2AL,107,54,53,48
LE9 2AN,96,53,43,33
LE9 2AP,107,56,51,44
LE9 2AQ,34,12,22,18
LE9 2AR,30,11,19,11
LE9 2AS,95,44,51,40
LE9 2AT,5,3,2,2
LE9 2AW,35,19,16,19
LE9 2AX,28,14,14,21
LE9 2AY,17,3,14,13
LE9 2AZ,3,1,2,2
LE9 2BA,50,26,24,18
LE9 2BB,78,39,39,23
LE9 2BD,75,33,42,30
LE9 2BE,68,34,34,9
LE9 2BF,6,4,2,3
LE9 2BH,40,10,30,37
LE9 2BL,110,54,56,41
LE9 2BN,69,37,32,25
LE9 2BP,67,35,32,28
LE9 2BQ,3,1,2,2
LE9 2BS,43,18,25,21
LE9 2BT,41,15,26,18
LE9 2BU,23,15,8,19
LE9 2BW,210,100,110,73
LE9 2BX,80,43,37,26
LE9 2BY,11,8,3,2
LE9 2DA,66,30,36,28
LE9 2DB,54,21,33,32
LE9 2DD,60,32,28,26
LE9 2DE,61,29,32,22
LE9 2DF,120,55,65,55
LE9 2DG,69,34,35,30
LE9 2DH,64,25,39,37
LE9 2DJ,104,46,58,45
LE9 2DL,58,25,33,31
LE9 2DN,46,22,24,17
LE9 2DR,73,35,38,24
LE9 2DY,28,14,14,10
LE9 2DZ,15,7,8,7
LE9 2EA,139,66,73,50
LE9 2EB,44,23,21,23
LE9 2EE,17,8,9,7
LE9 2EF,10,5,5,4
LE9 2EG,52,21,31,20
LE9 2EH,50,16,34,15
LE9 2EJ,104,44,60,31
LE9 2EL,114,52,62,42
LE9 2EN,48,25,23,17
LE9 2EP,39,20,19,14
LE9 2EQ,71,33,38,24
LE9 2ER,73,36,37,23
LE9 2ES,53,28,25,26
LE9 2ET,10,4,6,3
LE9 2EU,40,18,22,17
LE9 2EW,46,20,26,19
LE9 2EX,30,16,14,12
LE9 2EY,11,6,5,5
LE9 2EZ,23,12,11,9
LE9 2HD,67,32,35,33
LE9 2HE,67,31,36,29
LE9 2HF,9,5,4,4
LE9 2HG,51,26,25,20
LE9 2HH,91,42,49,45
LE9 2HJ,92,47,45,48
LE9 2HN,49,24,25,26
LE9 2HP,36,17,19,19
LE9 2HQ,129,60,69,46
LE9 2HS,27,12,15,16
LE9 2HT,9,5,4,5
LE9 2HU,14,5,9,8
LE9 2HX,21,9,12,6
LE9 2JG,183,88,95,56
LE9 2JH,40,24,16,21
LE9 2JJ,11,5,6,5
LE9 2JN,22,9,13,9
LE9 2LB,7,4,3,3
LE9 2LD,11,6,5,7
LE9 2LP,45,20,25,26
LE9 2LQ,19,12,7,13
LE9 2LT,76,38,38,28
LE9 3AA,77,35,42,31
LE9 3AB,49,21,28,19
LE9 3AD,42,22,20,18
LE9 3AE,87,41,46,27
LE9 3AF,12,7,5,6
LE9 3AG,37,21,16,13
LE9 3AH,23,10,13,13
LE9 3AJ,32,16,16,12
LE9 3AL,161,78,83,62
LE9 3AN,50,24,26,21
LE9 3AP,40,19,21,17
LE9 3AQ,26,10,16,12
LE9 3AR,44,20,24,17
LE9 3AS,48,23,25,14
LE9 3AT,46,24,22,20
LE9 3AU,48,25,23,23
LE9 3AW,103,44,59,35
LE9 3AY,23,10,13,7
LE9 3BA,118,59,59,45
LE9 3BB,19,11,8,10
LE9 3BD,114,55,59,40
LE9 3BE,72,33,39,35
LE9 3BF,32,17,15,10
LE9 3BG,81,41,40,36
LE9 3BH,131,61,70,51
LE9 3BJ,14,6,8,9
LE9 3BL,46,24,22,24
LE9 3BS,93,48,45,36
LE9 3EA,126,61,65,51
LE9 3EB,58,28,30,23
LE9 3EE,10,4,6,4
LE9 3EF,15,6,9,7
LE9 3EG,42,24,18,17
LE9 3EH,57,23,34,26
LE9 3EJ,117,62,55,53
LE9 3EL,24,12,12,10
LE9 3EN,6,3,3,4
LE9 3EP,97,50,47,44
LE9 3EQ,23,13,10,9
LE9 3ER,33,17,16,17
LE9 3GA,21,10,11,7
LE9 3GB,83,34,49,29
LE9 3GD,85,43,42,34
LE9 3GE,2,2,0,1
LE9 3GF,71,36,35,27
LE9 3GG,12,8,4,4
LE9 3GJ,116,59,57,55
LE9 3GL,83,34,49,43
LE9 3GN,7,1,6,4
LE9 3GP,17,8,9,6
LE9 3GR,9,5,4,3
LE9 3GT,13,6,7,5
LE9 3GU,17,10,7,8
LE9 3GW,71,33,38,28
LE9 3GX,24,12,12,8
LE9 3GY,107,49,58,45
LE9 3HA,59,27,32,28
LE9 3HB,51,24,27,27
LE9 3HD,35,18,17,15
LE9 3HE,69,32,37,34
LE9 3HF,43,23,20,17
LE9 3JQ,37,20,17,10
LE9 3JR,11,6,5,4
LE9 3LE,22,10,12,8
LE9 3ZG,37,15,22,20
LE9 3ZH,38,17,21,14
LE9 4BA,21,11,10,12
LE9 4BB,15,8,7,8
LE9 4BP,53,23,30,23
LE9 4BQ,13,7,6,7
LE9 4BR,36,17,19,12
LE9 4BT,126,63,63,44
LE9 4BU,60,30,30,21
LE9 4BW,59,31,28,21
LE9 4BX,57,23,34,22
LE9 4BY,16,8,8,6
LE9 4BZ,88,43,45,36
LE9 4DA,12,9,3,7
LE9 4DB,69,33,36,34
LE9 4DD,14,7,7,5
LE9 4DE,6,3,3,3
LE9 4DF,85,44,41,39
LE9 4DG,96,50,46,41
LE9 4DH,74,38,36,31
LE9 4DJ,9,6,3,3
LE9 4DL,22,10,12,11
LE9 4DN,115,58,57,41
LE9 4DP,121,63,58,46
LE9 4DQ,60,29,31,29
LE9 4DR,1,0,1,1
LE9 4DS,12,7,5,6
LE9 4DT,6,2,4,4
LE9 4DU,8,2,6,4
LE9 4DW,131,63,68,62
LE9 4DX,38,23,15,19
LE9 4DY,70,35,35,30
LE9 4DZ,115,56,59,46
LE9 4ED,35,20,15,13
LE9 4EU,11,6,5,6
LE9 4EW,31,12,19,18
LE9 4EZ,45,21,24,16
LE9 4FA,31,16,15,11
LE9 4FB,6,5,1,2
LE9 4FD,45,22,23,20
LE9 4FE,63,28,35,23
LE9 4FF,4,2,2,3
LE9 4FG,64,25,39,21
LE9 4FH,24,11,13,13
LE9 4FJ,32,17,15,11
LE9 4FL,29,15,14,16
LE9 4FN,94,44,50,39
LE9 4FP,73,36,37,33
LE9 4FQ,25,13,12,10
LE9 4FR,109,56,53,46
LE9 4FS,38,19,19,15
LE9 4FW,44,20,24,21
LE9 4FX,160,82,78,61
LE9 4FY,89,46,43,34
LE9 4FZ,27,14,13,11
LE9 4GJ,16,8,8,10
LE9 4GL,92,43,49,33
LE9 4GN,119,49,70,49
LE9 4GP,37,17,20,13
LE9 4GQ,14,7,7,10
LE9 4HA,147,81,66,47
LE9 4HB,37,22,15,14
LE9 4HD,88,42,46,36
LE9 4HE,42,20,22,18
LE9 4HF,38,19,19,14
LE9 4HG,37,19,18,15
LE9 4HH,4,2,2,2
LE9 4HY,27,13,14,11
LE9 4HZ,28,9,19,28
LE9 4JA,100,49,51,43
LE9 4JB,34,14,20,17
LE9 4JD,105,48,57,43
LE9 4JE,81,43,38,37
LE9 4JF,88,44,44,34
LE9 4JG,74,33,41,31
LE9 4JH,44,22,22,22
LE9 4JL,72,40,32,27
LE9 4JN,116,60,56,48
LE9 4JP,101,45,56,40
LE9 4JQ,17,10,7,5
LE9 4JR,10,5,5,4
LE9 4JS,98,46,52,39
LE9 4JT,10,4,6,8
LE9 4JU,9,6,3,3
LE9 4JX,43,20,23,24
LE9 4JY,21,10,11,13
LE9 4JZ,51,26,25,26
LE9 4LA,33,19,14,13
LE9 4LB,78,40,38,34
LE9 4LD,6,3,3,2
LE9 4LE,32,14,18,12
LE9 4LF,88,39,49,36
LE9 4LG,96,46,50,42
LE9 4LH,102,48,54,39
LE9 4LJ,101,48,53,44
LE9 4LL,109,60,49,47
LE9 4LN,63,32,31,22
LE9 4LP,61,18,43,23
LE9 4LQ,6,3,3,2
LE9 4LR,12,6,6,4
LE9 4LS,55,28,27,29
LE9 4LT,8,5,3,4
LE9 4LU,25,12,13,10
LE9 4LW,47,22,25,24
LE9 4ND,14,8,6,9
LE9 4NS,24,11,13,8
LE9 4PT,5,3,2,4
LE9 4TA,63,27,36,30
LE9 4TB,92,47,45,30
LE9 4TD,81,39,42,27
LE9 4TE,26,15,11,11
LE9 4TF,42,17,25,17
LE9 4TG,31,15,16,12
LE9 4TH,8,4,4,5
LE9 4TJ,27,13,14,23
LE9 4TL,22,9,13,7
LE9 4TN,38,21,17,15
LE9 4TP,36,20,16,10
LE9 4TQ,22,11,11,8
LE9 4TR,24,13,11,9
LE9 4TS,71,38,33,28
LE9 4TT,33,14,19,10
LE9 4TY,39,23,16,36
LE9 4TZ,10,3,7,7
LE9 4WF,10,5,5,3
LE9 4WG,19,9,10,6
LE9 4WH,79,41,38,25
LE9 4WJ,27,10,17,9
LE9 4WP,39,20,19,13
LE9 4WQ,28,14,14,8
LE9 6ES,39,20,19,14
LE9 6HF,82,44,38,30
LE9 6HH,44,24,20,16
LE9 6HJ,167,84,83,64
LE9 6HL,56,27,29,26
LE9 6HN,23,11,12,12
LE9 6HP,30,15,15,12
LE9 6HQ,52,26,26,20
LE9 6HR,36,18,18,11
LE9 6HZ,9,4,5,5
LE9 6NA,144,69,75,59
LE9 6NB,72,38,34,27
LE9 6ND,103,51,52,39
LE9 6NE,123,59,64,43
LE9 6NF,69,34,35,24
LE9 6NG,20,10,10,9
LE9 6NH,18,7,11,8
LE9 6NJ,41,22,19,17
LE9 6NL,62,32,30,28
LE9 6NN,63,36,27,20
LE9 6NP,34,17,17,13
LE9 6NQ,194,91,103,80
LE9 6NR,26,11,15,11
LE9 6NS,42,22,20,19
LE9 6NT,16,8,8,8
LE9 6NU,116,53,63,55
LE9 6NW,96,49,47,36
LE9 6NX,68,23,45,25
LE9 6NY,20,8,12,13
LE9 6NZ,13,8,5,5
LE9 6PA,22,13,9,7
LE9 6PB,30,13,17,10
LE9 6PD,7,5,2,1
LE9 6PE,25,14,11,9
LE9 6PF,53,28,25,24
LE9 6PG,10,5,5,5
LE9 6PH,78,35,43,45
LE9 6PJ,55,26,29,29
LE9 6PL,74,41,33,30
LE9 6PN,59,30,29,27
LE9 6PP,59,30,29,24
LE9 6PQ,136,73,63,53
LE9 6PR,29,14,15,8
LE9 6PS,15,7,8,5
LE9 6PT,74,33,41,31
LE9 6PU,77,43,34,29
LE9 6PW,51,25,26,19
LE9 6PX,102,53,49,42
LE9 6PY,30,15,15,10
LE9 6PZ,12,6,6,8
LE9 6QA,119,65,54,46
LE9 6QB,52,27,25,23
LE9 6QE,172,84,88,76
LE9 6QF,188,87,101,64
LE9 6QG,10,5,5,2
LE9 6QH,20,12,8,5
LE9 6QJ,15,6,9,5
LE9 6QL,59,29,30,28
LE9 6QN,44,22,22,16
LE9 6QP,40,17,23,17
LE9 6QQ,29,18,11,11
LE9 6QR,48,24,24,18
LE9 6QS,99,44,55,40
LE9 6QT,35,15,20,13
LE9 6QU,61,30,31,24
LE9 6QW,27,14,13,14
LE9 6QX,62,29,33,22
LE9 6QY,84,47,37,40
LE9 6RA,40,20,20,19
LE9 6RB,12,5,7,4
LE9 6RD,64,38,26,28
LE9 6RE,99,47,52,38
LE9 6RF,19,11,8,6
LE9 6RG,48,29,19,18
LE9 6RH,126,66,60,49
LE9 6RJ,47,22,25,19
LE9 6RL,5,2,3,3
LE9 6RN,32,17,15,12
LE9 6RP,82,36,46,45
LE9 6RQ,31,15,16,12
LE9 6RR,68,34,34,27
LE9 6RS,39,22,17,20
LE9 6RT,66,36,30,25
LE9 6RU,59,32,27,23
LE9 6RW,22,7,15,12
LE9 6RX,20,10,10,8
LE9 6RY,32,16,16,11
LE9 6RZ,99,53,46,37
LE9 6SA,146,80,66,54
LE9 6SB,128,64,64,48
LE9 6SD,32,14,18,12
LE9 6SE,51,29,22,20
LE9 6SF,31,11,20,11
LE9 6SG,67,33,34,25
LE9 6SH,41,25,16,15
LE9 6SJ,16,8,8,8
LE9 6SL,63,32,31,20
LE9 6SN,1,1,0,1
LE9 6SP,10,4,6,5
LE9 6SQ,28,9,19,27
LE9 6SR,66,31,35,21
LE9 6SS,13,5,8,6
LE9 6ST,41,22,19,16
LE9 6SU,108,52,56,40
LE9 6SW,65,32,33,20
LE9 6SX,75,37,38,32
LE9 6SY,67,31,36,32
LE9 6SZ,33,17,16,14
LE9 6TT,109,60,49,38
LE9 6TU,2,1,1,1
LE9 6TX,89,43,46,24
LE9 6UB,67,36,31,23
LE9 6UD,103,47,56,33
LE9 6UF,70,34,36,22
LE9 6UG,60,33,27,20
LE9 6UH,44,24,20,14
LE9 6UJ,19,12,7,7
LE9 6UL,50,29,21,20
LE9 6UN,20,9,11,6
LE9 6UP,22,12,10,7
LE9 6UQ,8,3,5,2
LE9 6UR,64,31,33,22
LE9 6US,37,22,15,14
LE9 6UT,218,119,99,67
LE9 6UU,32,14,18,12
LE9 6UW,35,18,17,11
LE9 6UX,26,15,11,10
LE9 6UY,20,10,10,8
LE9 6UZ,11,5,6,5
LE9 6WA,171,78,93,59
LE9 6WB,21,6,15,20
LE9 6WD,78,35,43,32
LE9 6WF,12,5,7,6
LE9 6WL,158,76,82,46
LE9 6WR,57,32,25,17
LE9 6WS,60,33,27,20
LE9 6WT,45,24,21,12
LE9 6WW,42,22,20,17
LE9 6WY,134,64,70,43
LE9 6WZ,118,65,53,40
LE9 6XA,21,10,11,8
LE9 6XB,8,4,4,4
LE9 6XD,39,17,22,20
LE9 6XE,12,7,5,6
LE9 6XF,28,12,16,15
LE9 6XG,16,9,7,7
LE9 6XH,9,5,4,4
LE9 6XL,37,19,18,21
LE9 6XN,32,16,16,9
LE9 6XS,16,7,9,6
LE9 6XW,20,9,11,6
LE9 6XX,97,51,46,28
LE9 6XY,38,22,16,11
LE9 6XZ,81,44,37,24
LE9 6YU,71,34,37,20
LE9 6YW,166,83,83,49
LE9 6YX,97,43,54,32
LE9 6YZ,45,21,24,14
LE9 7AA,101,54,47,37
LE9 7AB,134,59,75,36
LE9 7AD,52,25,27,21
LE9 7AE,127,65,62,45
LE9 7AF,140,65,75,49
LE9 7AG,98,40,58,40
LE9 7AH,72,35,37,26
LE9 7AJ,126,65,61,58
LE9 7AL,68,39,29,28
LE9 7AP,10,6,4,4
LE9 7AQ,124,60,64,36
LE9 7AR,102,46,56,34
LE9 7AS,29,13,16,17
LE9 7AT,139,76,63,53
LE9 7AU,9,3,6,6
LE9 7AW,68,33,35,29
LE9 7AX,38,18,20,15
LE9 7AY,91,49,42,40
LE9 7AZ,25,9,16,12
LE9 7BA,30,21,9,22
LE9 7BB,38,18,20,14
LE9 7BD,20,8,12,15
LE9 7BE,65,34,31,29
LE9 7BF,33,18,15,16
LE9 7BG,66,26,40,24
LE9 7BH,29,15,14,12
LE9 7BJ,61,31,30,23
LE9 7BL,74,38,36,31
LE9 7BN,108,48,60,36
LE9 7BP,61,38,23,38
LE9 7BQ,52,24,28,20
LE9 7BR,27,13,14,15
LE9 7BS,33,17,16,13
LE9 7BT,19,10,9,5
LE9 7BU,30,10,20,25
LE9 7BW,29,20,9,22
LE9 7BY,37,19,18,13
LE9 7DA,139,65,74,55
LE9 7DB,7,3,4,3
LE9 7DD,23,12,11,12
LE9 7DE,17,8,9,7
LE9 7DF,55,21,34,33
LE9 7DG,59,27,32,30
LE9 7DH,28,20,8,20
LE9 7DJ,10,6,4,7
LE9 7DL,17,9,8,7
LE9 7DN,13,7,6,7
LE9 7DP,32,18,14,15
LE9 7DQ,25,13,12,13
LE9 7DR,89,43,46,44
LE9 7DS,105,50,55,40
LE9 7DT,45,23,22,21
LE9 7DU,42,18,24,20
LE9 7DW,46,23,23,19
LE9 7DX,10,6,4,4
LE9 7DY,4,2,2,2
LE9 7DZ,17,9,8,10
LE9 7EA,45,26,19,18
LE9 7EB,180,86,94,68
LE9 7EE,12,4,8,6
LE9 7EF,74,41,33,32
LE9 7EG,90,41,49,35
LE9 7EJ,55,31,24,22
LE9 7EL,60,29,31,23
LE9 7EP,108,39,69,36
LE9 7EQ,12,5,7,7
LE9 7ER,39,23,16,14
LE9 7ES,35,18,17,18
LE9 7ET,104,53,51,41
LE9 7EW,26,13,13,10
LE9 7EX,57,28,29,26
LE9 7EY,135,66,69,57
LE9 7EZ,138,69,69,55
LE9 7FA,58,29,29,29
LE9 7FB,94,47,47,38
LE9 7FD,46,24,22,21
LE9 7FE,58,29,29,23
LE9 7FF,66,31,35,24
LE9 7FG,65,32,33,29
LE9 7FH,46,23,23,15
LE9 7FJ,50,26,24,27
LE9 7FL,27,12,15,13
LE9 7FN,4,1,3,3
LE9 7FP,76,36,40,38
LE9 7FQ,55,28,27,29
LE9 7FR,81,39,42,36
LE9 7FS,92,44,48,47
LE9 7FT,75,39,36,29
LE9 7FW,25,15,10,18
LE9 7FX,5,2,3,3
LE9 7FY,146,58,88,49
LE9 7FZ,82,44,38,34
LE9 7GA,67,36,31,31
LE9 7GB,33,16,17,16
LE9 7GD,35,18,17,17
LE9 7GE,90,44,46,42
LE9 7GF,38,18,20,18
LE9 7GG,56,28,28,20
LE9 7GH,7,3,4,5
LE9 7GJ,87,43,44,35
LE9 7GL,48,26,22,16
LE9 7GN,45,25,20,16
LE9 7GP,69,30,39,24
LE9 7GQ,35,16,19,15
LE9 7GR,47,23,24,17
LE9 7GS,59,28,31,35
LE9 7GT,18,9,9,9
LE9 7GU,48,25,23,22
LE9 7GW,18,10,8,8
LE9 7GZ,18,7,11,13
LE9 7HA,46,22,24,23
LE9 7HB,87,40,47,39
LE9 7HD,27,11,16,15
LE9 7HE,77,39,38,37
LE9 7HF,61,30,31,26
LE9 7HG,74,35,39,37
LE9 7HH,45,23,22,15
LE9 7HJ,77,36,41,36
LE9 7HL,41,19,22,19
LE9 7HN,72,34,38,39
LE9 7HP,39,18,21,18
LE9 7HQ,73,36,37,34
LE9 7HR,40,19,21,23
LE9 7HS,116,63,53,51
LE9 7HT,89,46,43,28
LE9 7HU,25,14,11,10
LE9 7HW,169,82,87,74
LE9 7HX,67,32,35,33
LE9 7HY,62,26,36,28
LE9 7HZ,66,32,34,30
LE9 7JA,49,23,26,30
LE9 7JB,43,21,22,21
LE9 7JD,44,24,20,18
LE9 7JE,29,13,16,12
LE9 7JF,70,31,39,23
LE9 7JG,43,21,22,17
LE9 7JH,10,2,8,3
LE9 7JN,27,16,11,20
LE9 7JP,7,4,3,6
LE9 7JQ,16,5,11,14
LE9 7JR,62,32,30,26
LE9 7JS,6,2,4,3
LE9 7JT,8,5,3,2
LE9 7JU,42,27,15,34
LE9 7JW,65,31,34,26
LE9 7JY,42,25,17,16
LE9 7JZ,15,6,9,4
LE9 7LB,93,49,44,37
LE9 7LD,70,34,36,33
LE9 7LE,89,42,47,38
LE9 7LF,29,14,15,11
LE9 7LG,44,24,20,18
LE9 7LH,63,33,30,23
LE9 7LJ,79,44,35,47
LE9 7LP,52,22,30,23
LE9 7LQ,52,30,22,28
LE9 7LR,50,26,24,24
LE9 7LS,12,5,7,8
LE9 7LT,80,37,43,37
LE9 7LU,19,10,9,9
LE9 7LW,55,24,31,25
LE9 7LX,18,8,10,10
LE9 7LZ,53,24,29,19
LE9 7NA,18,8,10,7
LE9 7ND,34,15,19,18
LE9 7NE,32,16,16,13
LE9 7NL,7,4,3,4
LE9 7NP,24,12,12,19
LE9 7NQ,10,4,6,8
LE9 7NR,29,10,19,3
LE9 7NS,66,38,28,48
LE9 7NW,16,7,9,5
LE9 7PA,91,50,41,37
LE9 7PB,55,27,28,27
LE9 7PD,116,63,53,51
LE9 7PE,49,25,24,24
LE9 7PF,70,35,35,25
LE9 7PG,33,18,15,18
LE9 7PH,72,33,39,30
LE9 7PJ,51,24,27,22
LE9 7PL,16,9,7,8
LE9 7PQ,8,5,3,5
LE9 7PS,12,6,6,7
LE9 7PT,120,63,57,49
LE9 7PU,4,2,2,2
LE9 7PW,8,4,4,4
LE9 7QA,30,14,16,12
LE9 7QB,51,24,27,22
LE9 7QD,9,4,5,4
LE9 7QE,105,57,48,36
LE9 7QF,27,14,13,13
LE9 7QG,40,21,19,14
LE9 7QH,12,7,5,5
LE9 7QJ,25,13,12,13
LE9 7QL,12,6,6,4
LE9 7QN,20,9,11,7
LE9 7QP,52,26,26,18
LE9 7RA,19,11,8,7
LE9 7RB,19,7,12,8
LE9 7RD,9,5,4,5
LE9 7RE,83,38,45,36
LE9 7RF,24,12,12,9
LE9 7RH,8,4,4,3
LE9 7RJ,27,14,13,8
LE9 7RL,1,0,1,1
LE9 7RN,7,3,4,3
LE9 7RQ,41,17,24,14
LE9 7RR,19,9,10,13
LE9 7SA,38,22,16,13
LE9 7SB,18,9,9,8
LE9 7SD,24,13,11,8
LE9 7SE,48,26,22,23
LE9 7SF,65,34,31,31
LE9 7SG,95,45,50,40
LE9 7SH,39,20,19,15
LE9 7SJ,45,25,20,22
LE9 7SL,31,15,16,14
LE9 7SP,22,11,11,8
LE9 7SQ,6,3,3,3
LE9 7SR,68,32,36,23
LE9 7TA,28,13,15,13
LE9 7TB,59,31,28,20
LE9 7TD,16,10,6,5
LE9 7TE,150,80,70,53
LE9 7TG,47,22,25,17
LE9 7TH,66,35,31,32
LE9 7TJ,22,12,10,9
LE9 7TN,59,27,32,25
LE9 7TP,51,25,26,22
LE9 7TQ,85,39,46,42
LE9 7TR,9,6,3,5
LE9 7TS,14,9,5,5
LE9 7TT,32,17,15,19
LE9 7TU,7,4,3,3
LE9 7TW,76,30,46,26
LE9 7TX,9,5,4,4
LE9 7TZ,37,16,21,16
LE9 8AA,79,37,42,29
LE9 8AB,31,15,16,19
LE9 8AD,36,17,19,13
LE9 8AE,59,29,30,22
LE9 8AF,75,34,41,29
LE9 8AG,63,32,31,32
LE9 8AJ,75,32,43,34
LE9 8AL,40,19,21,30
LE9 8AN,32,19,13,22
LE9 8AP,81,38,43,44
LE9 8AQ,50,26,24,23
LE9 8AR,82,39,43,30
LE9 8AS,26,10,16,12
LE9 8AT,8,4,4,4
LE9 8AU,46,23,23,28
LE9 8AW,35,12,23,23
LE9 8AX,68,31,37,34
LE9 8AY,17,9,8,7
LE9 8AZ,17,9,8,6
LE9 8BA,29,13,16,13
LE9 8BB,8,5,3,5
LE9 8BD,8,5,3,3
LE9 8BE,23,14,9,10
LE9 8BF,28,15,13,19
LE9 8BG,38,17,21,16
LE9 8BH,94,41,53,47
LE9 8BJ,43,19,24,21
LE9 8BL,123,67,56,54
LE9 8BN,109,54,55,46
LE9 8BP,54,24,30,17
LE9 8BQ,32,14,18,14
LE9 8BR,96,51,45,43
LE9 8BS,99,51,48,38
LE9 8BT,33,19,14,16
LE9 8BU,57,27,30,20
LE9 8BW,40,18,22,14
LE9 8BX,23,11,12,10
LE9 8BY,38,23,15,13
LE9 8BZ,22,11,11,18
LE9 8DA,4,2,2,1
LE9 8DB,31,12,19,15
LE9 8DD,67,30,37,34
LE9 8DE,58,31,27,32
LE9 8DF,42,15,27,28
LE9 8DG,208,88,120,61
LE9 8DJ,77,41,36,37
LE9 8DL,53,30,23,22
LE9 8DN,81,48,33,32
LE9 8DP,6,3,3,3
LE9 8DQ,98,46,52,24
LE9 8DR,56,26,30,33
LE9 8DS,67,35,32,29
LE9 8DT,47,24,23,17
LE9 8DU,12,4,8,8
LE9 8DW,61,26,35,25
LE9 8DX,68,30,38,35
LE9 8DY,29,12,17,14
LE9 8DZ,16,8,8,12
LE9 8EA,88,40,48,38
LE9 8EB,25,10,15,12
LE9 8ED,28,11,17,12
LE9 8EE,47,24,23,25
LE9 8EF,23,15,8,15
LE9 8EG,16,8,8,13
LE9 8EH,144,70,74,63
LE9 8EJ,25,11,14,12
LE9 8EL,24,12,12,12
LE9 8EN,97,42,55,40
LE9 8EP,72,39,33,29
LE9 8EQ,38,19,19,15
LE9 8ER,14,6,8,8
LE9 8ES,59,31,28,22
LE9 8ET,32,18,14,13
LE9 8EU,22,12,10,8
LE9 8EW,41,24,17,16
LE9 8EX,54,28,26,24
LE9 8EY,4,2,2,1
LE9 8EZ,10,6,4,8
LE9 8FA,131,62,69,49
LE9 8FB,119,63,56,47
LE9 8FD,106,55,51,50
LE9 8FE,138,71,67,55
LE9 8FF,133,65,68,50
LE9 8FG,122,50,72,49
LE9 8FH,177,82,95,73
LE9 8FJ,66,36,30,32
LE9 8FL,135,69,66,48
LE9 8FN,109,54,55,45
LE9 8FP,105,56,49,55
LE9 8FQ,38,19,19,12
LE9 8FR,87,42,45,38
LE9 8FS,111,51,60,48
LE9 8FT,32,19,13,14
LE9 8FU,67,25,42,25
LE9 8FW,23,12,11,9
LE9 8FX,42,21,21,20
LE9 8FY,31,19,12,10
LE9 8FZ,10,4,6,8
LE9 8GA,50,22,28,20
LE9 8GB,39,21,18,14
LE9 8GE,25,14,11,15
LE9 8GF,21,10,11,17
LE9 8GG,21,9,12,9
LE9 8GH,20,12,8,11
LE9 8GJ,4,2,2,1
LE9 8GL,50,29,21,17
LE9 8GN,9,4,5,4
LE9 8GP,76,39,37,34
LE9 8GQ,10,5,5,4
LE9 8GR,101,44,57,41
LE9 8GS,12,7,5,8
LE9 8GU,56,33,23,22
LE9 8GW,17,8,9,7
LE9 8GX,67,33,34,26
LE9 8GY,102,49,53,40
LE9 8HA,64,30,34,32
LE9 8HB,72,34,38,34
LE9 8HD,42,20,22,27
LE9 8HE,117,59,58,48
LE9 8HF,60,32,28,29
LE9 8HG,29,14,15,11
LE9 8HH,123,55,68,46
LE9 8HJ,57,29,28,21
LE9 8HL,156,74,82,64
LE9 8HN,24,15,9,9
LE9 8HP,166,79,87,69
LE9 8HQ,23,12,11,12
LE9 8HR,148,68,80,63
LE9 8HS,55,25,30,24
LE9 8HT,102,50,52,52
LE9 8HU,74,34,40,36
LE9 8HW,16,10,6,5
LE9 8HX,123,68,55,46
LE9 8HY,19,9,10,5
LE9 8HZ,158,76,82,59
LE9 8JA,7,4,3,2
LE9 8JB,15,7,8,8
LE9 8JD,16,8,8,7
LE9 8JE,25,10,15,12
LE9 8JF,52,27,25,22
LE9 8JG,13,8,5,5
LE9 8JH,13,7,6,6
LE9 8JJ,13,6,7,7
LE9 8JL,53,27,26,23
LE9 8JN,17,9,8,8
LE9 8JP,44,23,21,17
LE9 8JQ,86,47,39,37
LE9 8JR,31,16,15,14
LE9 8JS,20,10,10,12
LE9 8JT,5,4,1,4
LE9 8JU,11,7,4,5
LE9 8JW,115,58,57,45
LE9 8JX,28,14,14,10
LE9 8JY,32,16,16,11
LE9 8JZ,39,20,19,17
LE9 8LA,70,37,33,30
LE9 8LB,75,36,39,33
LE9 8LD,70,36,34,28
LE9 8LE,73,36,37,29
LE9 8LF,2,1,1,1
LE9 8LG,35,18,17,21
LE9 8LH,37,18,19,16
LE9 8LJ,28,15,13,10
LE9 8LL,15,8,7,6
LE9 8LN,42,20,22,13
LE9 8LP,110,54,56,43
LE9 8LQ,25,14,11,10
LE9 8LR,23,13,10,9
LE9 8LX,17,11,6,6
LE9 8LY,4,3,1,4
LE9 8LZ,10,5,5,5
LE9 8NB,49,27,22,24
LE9 8ND,17,10,7,6
LE9 8NE,25,14,11,17
LE9 8NF,19,10,9,9
LE9 8NG,72,32,40,28
LE9 8NH,44,23,21,24
LE9 8NJ,6,2,4,6
LE9 9AJ,3,2,1,1
LE9 9DA,24,10,14,9
LE9 9DB,23,8,15,11
LE9 9DR,6,3,3,2
LE9 9DU,14,8,6,5
LE9 9DW,64,31,33,20
LE9 9DX,86,41,45,35
LE9 9DY,19,10,9,6
LE9 9FA,6,3,3,2
LE9 9FB,18,12,6,7
LE9 9FD,38,20,18,13
LE9 9FE,38,16,22,12
LE9 9FF,132,63,69,57
LE9 9FG,120,52,68,63
LE9 9FH,45,23,22,17
LE9 9FL,31,16,15,7
LE9 9FN,73,38,35,30
LE9 9FP,32,21,11,12
LE9 9FQ,31,16,15,14
LE9 9FR,15,3,12,13
LE9 9FS,2,2,0,2
LE9 9FT,1,1,0,1
LE9 9FW,51,26,25,17
LE9 9FX,35,17,18,18
LE9 9FY,83,43,40,31
LE9 9FZ,100,51,49,39
LE9 9GA,13,4,9,10
LE9 9GB,6,4,2,4
LE9 9GD,36,16,20,16
LE9 9GE,7,4,3,3
LE9 9GF,37,23,14,13
LE9 9GG,3,2,1,1
LE9 9GH,2,1,1,1
LE9 9GJ,20,10,10,12
LE9 9GL,5,2,3,2
LE9 9GN,66,34,32,24
LE9 9GP,5,1,4,2
LE9 9GQ,8,2,6,4
LE9 9GR,55,28,27,24
LE9 9GS,72,32,40,31
LE9 9GT,77,36,41,31
LE9 9GU,103,46,57,42
LE9 9GW,83,38,45,34
LE9 9GX,48,23,25,28
LE9 9GY,79,39,40,32
LE9 9GZ,16,7,9,6
LE9 9HA,20,10,10,13
LE9 9HB,97,50,47,38
LE9 9HD,46,24,22,19
LE9 9HE,1,0,1,1
LE9 9HF,61,30,31,22
LE9 9HG,29,13,16,16
LE9 9HH,37,17,20,18
LE9 9HJ,41,20,21,15
LE9 9HL,13,6,7,6
LE9 9HN,14,6,8,10
LE9 9HP,10,4,6,6
LE9 9HQ,30,17,13,11
LE9 9HR,86,44,42,39
LE9 9HS,24,13,11,12
LE9 9HT,33,15,18,16
LE9 9HU,26,12,14,11
LE9 9HW,27,13,14,10
LE9 9HX,41,20,21,19
LE9 9HY,88,48,40,37
LE9 9HZ,38,15,23,15
LE9 9JB,73,35,38,30
LE9 9JD,5,3,2,4
LE9 9JE,37,16,21,20
LE9 9JF,79,42,37,33
LE9 9JG,106,60,46,42
LE9 9JH,48,22,26,22
LE9 9JJ,160,69,91,61
LE9 9JN,40,17,23,17
LE9 9JP,20,9,11,13
LE9 9JQ,58,36,22,22
LE9 9JR,41,21,20,18
LE9 9JS,70,36,34,25
LE9 9JU,171,86,85,68
LE9 9JX,5,2,3,3
LE9 9JY,34,14,20,14
LE9 9LA,53,28,25,23
LE9 9LB,38,19,19,16
LE9 9LD,79,38,41,42
LE9 9LE,5,2,3,4
LE9 9LF,104,51,53,44
LE9 9LG,139,71,68,58
LE9 9LH,67,34,33,29
LE9 9LJ,37,17,20,16
LE9 9LL,86,41,45,36
LE9 9LN,25,13,12,11
LE9 9LP,35,19,16,15
LE9 9LQ,105,50,55,45
LE9 9LR,17,9,8,8
LE9 9LS,11,6,5,6
LE9 9LT,23,10,13,10
LE9 9LU,121,56,65,57
LE9 9LW,117,57,60,46
LE9 9LX,57,30,27,21
LE9 9LY,29,13,16,11
LE9 9LZ,90,46,44,37
LE9 9NA,6,3,3,3
LE9 9NB,62,28,34,23
LE9 9ND,4,1,3,3
LE9 9NE,8,5,3,3
LE9 9NF,17,9,8,5
LE9 9NG,73,34,39,31
LE9 9NH,116,56,60,50
LE9 9NJ,34,12,22,14
LE9 9NL,44,18,26,23
LE9 9NN,51,25,26,23
LE9 9NP,102,50,52,49
LE9 9NQ,69,35,34,31
LE9 9NR,100,50,50,42
LE9 9NS,29,14,15,14
LE9 9NT,94,48,46,43
LE9 9NU,31,14,17,14
LE9 9NW,29,14,15,13
LE9 9NX,37,18,19,27
LE9 9PA,72,39,33,28
LE9 9PB,6,3,3,4
LE9 9PD,65,26,39,22
LE9 9PE,42,19,23,13
LE9 9PF,12,5,7,8
LE9 9PH,49,21,28,21
LE9 9PJ,132,69,63,53
LE9 9PL,100,49,51,44
LE9 9PN,78,36,42,31
LE9 9PP,23,10,13,9
LE9 9PQ,36,19,17,20
LE9 9PR,98,49,49,46
LE9 9PS,31,17,14,12
LE9 9PT,80,41,39,36
LE9 9PU,51,28,23,21
LE9 9PW,16,8,8,6
LE9 9PZ,13,5,8,7
LE9 9QA,26,10,16,15
LE9 9QB,56,26,30,20
LE9 9QD,27,12,15,8
LE9 9QF,63,31,32,24
LE9 9QG,15,7,8,6
LE9 9QH,22,10,12,11
LE9 9QY,34,17,17,14
LE9 9QZ,11,6,5,4
LL111AH,6,3,3,3
LL111AP,3,2,1,2
LL111BB,1,0,1,1
LL111BE,3,2,1,2
LL111BG,4,2,2,2
LL111BU,3,2,1,2
LL111DY,49,16,33,11
LL111EF,80,36,44,20
LL111EH,37,26,11,11
LL111EL,100,55,45,43
LL111EP,42,18,24,34
LL111EW,31,12,19,20
LL111HG,1,1,0,1
LL111HR,3,1,2,2
LL111LG,4,2,2,2
LL111LR,2,0,2,1
LL111LW,10,5,5,6
LL111PA,113,64,49,64
LL111RB,6,6,0,4
LL111TA,7,6,1,5
LL112AE,51,28,23,20
LL112AF,19,11,8,8
LL112AG,20,11,9,8
LL112AJ,37,21,16,6
LL112AP,112,68,44,38
LL112AQ,32,18,14,14
LL112AS,10,4,6,3
LL112AT,91,47,44,49
LL112AU,17,11,6,5
LL112AW,131,70,61,0
LL112AX,138,64,74,68
LL112AZ,30,17,13,20
LL112BB,68,37,31,35
LL112BD,54,27,27,22
LL112BE,32,15,17,12
LL112BF,28,11,17,27
LL112BG,108,50,58,40
LL112BH,38,21,17,19
LL112BJ,85,44,41,54
LL112BL,6,3,3,2
LL112BP,32,18,14,13
LL112BQ,103,27,76,21
LL112BS,28,16,12,12
LL112BT,5,4,1,3
LL112BW,33,21,12,10
LL112BX,14,8,6,7
LL112DD,23,12,11,12
LL112DE,49,23,26,31
LL112DF,17,9,8,9
LL112DG,10,5,5,7
LL112DH,20,8,12,9
LL112DL,5,2,3,3
LL112DP,26,13,13,16
LL112EA,58,39,19,22
LL112ED,42,23,19,19
LL112EE,14,4,10,4
LL112EF,48,22,26,20
LL112EG,64,33,31,28
LL112EH,16,7,9,10
LL112EN,49,26,23,23
LL112EP,56,26,30,19
LL112ER,77,32,45,29
LL112ES,75,39,36,31
LL112ET,26,12,14,11
LL112EU,70,35,35,30
LL112EW,17,8,9,7
LL112EY,25,13,12,14
LL112EZ,157,69,88,57
LL112HA,21,10,11,13
LL112HB,38,19,19,20
LL112HD,77,40,37,36
LL112HE,12,7,5,4
LL112HF,43,23,20,16
LL112HG,3,1,2,2
LL112HH,5,2,3,2
LL112HJ,10,5,5,6
LL112HL,19,7,12,9
LL112HN,15,9,6,6
LL112HQ,53,26,27,25
LL112HR,36,21,15,16
LL112HS,64,36,28,24
LL112HT,88,51,37,11
LL112HU,43,19,24,17
LL112HW,16,9,7,7
LL112HX,15,6,9,9
LL112HY,9,4,5,6
LL112HZ,86,42,44,42
LL112JA,39,17,22,19
LL112LA,42,22,20,18
LL112LB,23,12,11,8
LL112LD,32,18,14,11
LL112LE,27,13,14,11
LL112LF,4,2,2,2
LL112LG,24,10,14,9
LL112LH,30,16,14,13
LL112LL,29,14,15,10
LL112LN,104,48,56,53
LL112LP,33,18,15,19
LL112LR,80,41,39,42
LL112LS,49,23,26,20
LL112LT,72,34,38,28
LL112LU,127,70,57,52
LL112LW,91,44,47,45
LL112LY,119,63,56,45
LL112NA,103,48,55,34
LL112NB,82,46,36,34
LL112ND,49,23,26,22
LL112NE,40,19,21,20
LL112NG,29,16,13,12
LL112NH,11,5,6,5
LL112NJ,7,4,3,3
LL112NL,30,14,16,12
LL112NN,101,52,49,48
LL112NP,39,23,16,16
LL112NQ,11,4,7,11
LL112NR,75,42,33,29
LL112NS,20,10,10,13
LL112NT,30,19,11,12
LL112NU,70,35,35,33
LL112NW,52,28,24,21
LL112NX,182,94,88,67
LL112NZ,18,11,7,8
LL112PA,47,25,22,39
LL112PB,31,16,15,24
LL112PH,33,17,16,14
LL112PL,17,8,9,8
LL112PN,47,23,24,20
LL112PP,18,8,10,7
LL112PR,11,6,5,5
LL112PS,14,6,8,6
LL112PT,104,53,51,38
LL112PU,41,26,15,17
LL112PW,47,24,23,20
LL112PX,23,13,10,8
LL112PY,43,18,25,20
LL112RA,55,25,30,24
LL112RB,56,27,29,21
LL112RD,6,2,4,3
LL112RE,61,32,29,29
LL112RF,50,28,22,23
LL112RG,51,24,27,27
LL112RH,93,46,47,45
LL112RL,15,7,8,7
LL112RN,8,3,5,4
LL112RP,17,7,10,8
LL112RR,31,17,14,14
LL112RS,86,41,45,24
LL112RW,57,30,27,27
LL112SA,28,6,22,3
LL112SD,20,10,10,8
LL112SE,11,6,5,8
LL112SF,20,9,11,12
LL112SG,36,17,19,15
LL112SH,55,29,26,21
LL112SL,3,2,1,1
LL112SN,31,17,14,13
LL112SP,46,23,23,20
LL112SQ,27,17,10,13
LL112SR,55,27,28,24
LL112SS,58,27,31,27
LL112ST,38,18,20,19
LL112SU,65,31,34,32
LL112SW,46,23,23,16
LL112SY,49,23,26,16
LL112TA,14,5,9,8
LL112TB,61,31,30,33
LL112TD,55,24,31,23
LL112TE,29,13,16,14
LL112TF,57,28,29,24
LL112TG,51,21,30,24
LL112TH,57,26,31,25
LL112TJ,11,6,5,5
LL112TL,32,16,16,21
LL112TN,10,6,4,3
LL112TP,1,1,0,1
LL112TR,43,23,20,16
LL112TS,26,16,10,11
LL112TT,24,15,9,12
LL112UA,14,6,8,7
LL112UE,27,12,15,9
LL112UF,31,16,15,12
LL112UG,101,49,52,46
LL112UH,28,12,16,16
LL112UL,2,1,1,1
LL112UP,8,4,4,4
LL112UQ,6,2,4,6
LL112UR,10,4,6,4
LL112US,23,11,12,13
LL112UT,29,12,17,17
LL112UU,10,6,4,4
LL112UW,32,16,16,16
LL112UY,77,37,40,35
LL112YA,67,32,35,34
LL112YB,31,16,15,16
LL112YD,36,20,16,18
LL112YE,10,5,5,4
LL112YF,24,11,13,13
LL112YG,32,16,16,18
LL112YH,36,18,18,14
LL113AA,40,22,18,14
LL113AB,14,8,6,6
LL113AD,10,3,7,2
LL113AE,34,13,21,10
LL113AF,16,8,8,5
LL113AG,48,25,23,20
LL113AH,22,10,12,8
LL113AJ,11,6,5,4
LL113AL,18,10,8,9
LL113AN,14,6,8,9
LL113AP,32,20,12,14
LL113AQ,15,6,9,5
LL113AR,6,4,2,3
LL113AS,5,2,3,3
LL113AT,25,13,12,9
LL113AU,32,16,16,13
LL113AW,54,22,32,24
LL113AX,24,11,13,11
LL113AY,20,8,12,6
LL113AZ,19,9,10,5
LL113BA,4,2,2,2
LL113BB,6,4,2,4
LL113BD,16,7,9,5
LL113BE,10,5,5,3
LL113BG,33,17,16,12
LL113BH,14,7,7,7
LL113BJ,37,19,18,12
LL113BN,32,14,18,11
LL113BP,61,31,30,18
LL113BQ,131,71,60,67
LL113BS,5,3,2,2
LL113BT,33,16,17,16
LL113BU,29,14,15,11
LL113BW,3,1,2,1
LL113BX,32,17,15,15
LL113BY,10,5,5,4
LL113BZ,37,20,17,15
LL113DA,54,27,27,30
LL113DB,11,6,5,3
LL113DD,10,3,7,5
LL113DE,23,11,12,9
LL113DH,25,15,10,10
LL113DL,59,32,27,22
LL113DN,63,33,30,30
LL113DP,34,21,13,14
LL113DQ,4,1,3,2
LL113DR,18,10,8,6
LL113DS,6,3,3,2
LL113DT,75,39,36,32
LL113DU,15,7,8,6
LL113DW,27,14,13,11
LL113DX,20,11,9,11
LL113DY,37,18,19,15
LL113EA,10,3,7,5
LL113EB,1,1,0,1
LL113ED,4,3,1,1
LL113EE,3,2,1,2
LL113EG,31,15,16,12
LL113EH,16,10,6,9
LL113EL,12,6,6,4
LL113EN,23,13,10,8
LL113EP,43,20,23,18
LL113EQ,18,8,10,7
LL113ER,1,0,1,1
LL113ES,103,45,58,43
LL113ET,6,4,2,2
LL113EU,25,12,13,10
LL113EW,10,6,4,3
LL113EY,14,7,7,5
LL113HA,15,7,8,14
LL113HB,63,33,30,23
LL113HD,31,15,16,12
LL113HE,49,21,28,18
LL113HF,50,27,23,18
LL113HG,10,8,2,5
LL113HH,51,22,29,13
LL113HJ,8,5,3,7
LL113HL,91,42,49,32
LL113HN,110,55,55,43
LL113HP,98,47,51,34
LL113HR,55,31,24,20
LL113HS,17,9,8,6
LL113HT,37,16,21,13
LL113HU,15,8,7,6
LL113HW,131,64,67,55
LL113HX,42,21,21,23
LL113HY,48,23,25,18
LL113HZ,13,2,11,11
LL113LA,45,26,19,20
LL113LB,9,6,3,4
LL113LD,12,6,6,6
LL113LE,3,2,1,1
LL113LF,2,1,1,1
LL113LG,4,1,3,1
LL113LH,11,4,7,3
LL113LJ,107,55,52,43
LL113LL,16,9,7,8
LL113LN,6,4,2,4
LL113LP,14,8,6,7
LL113LQ,19,12,7,5
LL113LR,50,26,24,18
LL113LS,30,17,13,13
LL113LT,8,4,4,3
LL113LU,8,5,3,5
LL113LW,66,30,36,34
LL113LX,45,25,20,20
LL113LY,70,33,37,28
LL113LZ,62,34,28,21
LL113NA,8,4,4,4
LL113NB,33,18,15,15
LL113ND,2,1,1,1
LL113NE,5,3,2,3
LL113NJ,25,9,16,14
LL113NL,10,7,3,5
LL113NN,23,13,10,9
LL113NP,6,3,3,3
LL113NQ,30,12,18,10
LL113NR,10,3,7,5
LL113NS,49,20,29,21
LL113NT,16,7,9,8
LL113NU,85,41,44,30
LL113NW,5,4,1,3
LL113NX,14,5,9,10
LL113NY,37,18,19,16
LL113NZ,51,28,23,43
LL113PA,28,13,15,12
LL113PB,169,80,89,65
LL113PD,23,10,13,9
LL113PE,86,48,38,33
LL113PF,44,21,23,15
LL113PG,96,53,43,45
LL113PH,3,2,1,2
LL113PJ,117,62,55,46
LL113PL,17,9,8,7
LL113PN,11,4,7,7
LL113PP,45,25,20,19
LL113PQ,92,48,44,39
LL113PR,86,47,39,35
LL113PS,65,29,36,25
LL113PT,32,17,15,17
LL113PW,32,8,24,25
LL113PX,74,35,39,32
LL113PY,23,12,11,9
LL113PZ,32,17,15,20
LL113QB,35,17,18,12
LL113RA,4,2,2,2
LL113RB,6,4,2,4
LL113RD,2,1,1,1
LL113RE,32,20,12,13
LL113RF,4,0,4,2
LL113RG,6,2,4,2
LL113RH,4,3,1,2
LL113RJ,38,21,17,12
LL113RL,55,22,33,12
LL113RN,11,6,5,5
LL113RP,23,15,8,10
LL113RR,10,6,4,7
LL113RS,8,5,3,3
LL113RT,13,6,7,8
LL113RU,14,8,6,9
LL113RW,63,28,35,23
LL113RY,43,26,17,18
LL113SA,14,8,6,7
LL113SB,25,15,10,15
LL113SD,13,7,6,7
LL113SE,4,3,1,4
LL113SF,16,9,7,6
LL113SG,34,16,18,18
LL113SH,62,29,33,32
LL113SL,65,27,38,31
LL113SN,11,4,7,5
LL113SP,25,14,11,10
LL113SR,80,43,37,40
LL113SS,17,9,8,9
LL113ST,15,6,9,6
LL113SU,25,12,13,12
LL113SW,22,8,14,14
LL113SY,2,0,2,2
LL113TA,4,1,3,3
LL113TB,18,7,11,9
LL113TD,48,26,22,19
LL113TE,14,7,7,8
LL113TF,65,35,30,27
LL113TG,3,1,2,1
LL113TH,17,7,10,7
LL113TJ,15,7,8,12
LL113TL,1,0,1,1
LL113TN,113,66,47,47
LL113TP,17,7,10,6
LL113TR,4,3,1,2
LL113TS,5,4,1,3
LL113TT,2,1,1,1
LL113TU,11,6,5,3
LL113TW,47,29,18,22
LL113TY,12,7,5,3
LL113UA,6,3,3,2
LL113UB,14,7,7,11
LL113UD,24,7,17,22
LL113UE,17,9,8,7
LL113UF,49,12,37,13
LL113UG,24,14,10,8
LL113UH,16,11,5,6
LL113UL,23,9,14,9
LL113UN,10,6,4,4
LL113UQ,22,11,11,11
LL113UR,9,4,5,5
LL113US,48,23,25,18
LL113UT,40,18,22,12
LL113UW,16,9,7,9
LL113YA,31,13,18,15
LL113YB,91,42,49,36
LL113YD,28,16,12,12
LL113YE,31,13,18,11
LL113YF,12,5,7,6
LL113YG,18,9,9,9
LL113YH,37,19,18,14
LL113YJ,7,3,4,6
LL113YL,119,66,53,41
LL113YN,21,12,9,11
LL113YP,8,4,4,6
LL113YQ,2,1,1,1
LL113YR,16,9,7,8
LL113YS,25,12,13,9
LL113YT,24,11,13,11
LL113YU,6,2,4,6
LL113YW,46,24,22,19
LL113YY,58,30,28,27
LL113YZ,68,33,35,22
LL114AA,57,30,27,27
LL114AB,16,11,5,7
LL114AD,28,13,15,14
LL114AF,10,4,6,5
LL114AH,14,6,8,7
LL114AJ,41,20,21,13
LL114AL,16,8,8,5
LL114AN,8,4,4,5
LL114AP,27,12,15,14
LL114AR,23,8,15,8
LL114AS,12,7,5,4
LL114AT,15,7,8,5
LL114AW,15,5,10,6
LL114AX,166,83,83,67
LL114AY,11,5,6,3
LL114AZ,59,29,30,25
LL114BA,24,13,11,9
LL114BB,45,20,25,16
LL114BD,21,9,12,12
LL114BE,35,19,16,19
LL114BG,7,5,2,3
LL114BH,27,13,14,13
LL114BJ,55,29,26,19
LL114BL,73,35,38,27
LL114BN,19,10,9,7
LL114BP,116,56,60,49
LL114BQ,24,15,9,9
LL114BS,66,26,40,27
LL114BT,9,5,4,6
LL114BU,29,15,14,12
LL114BW,51,25,26,25
LL114BX,76,40,36,28
LL114BY,97,48,49,41
LL114BZ,15,8,7,8
LL114DA,61,34,27,27
LL114DB,4,1,3,2
LL114DD,1,0,1,1
LL114DF,14,7,7,5
LL114DG,96,44,52,44
LL114DH,15,7,8,9
LL114DJ,22,12,10,12
LL114DL,50,22,28,19
LL114DN,124,73,51,45
LL114DP,36,17,19,13
LL114DQ,16,6,10,7
LL114DR,52,24,28,20
LL114DS,12,6,6,5
LL114DT,40,24,16,16
LL114DU,21,8,13,10
LL114DW,60,32,28,22
LL114DY,92,58,34,46
LL114DZ,26,13,13,10
LL114EA,88,37,51,30
LL114EB,14,8,6,7
LL114ED,65,35,30,25
LL114EE,33,12,21,10
LL114EF,152,74,78,56
LL114EG,21,11,10,8
LL114EH,54,25,29,25
LL114EJ,11,5,6,5
LL114EL,42,20,22,11
LL114EN,74,34,40,29
LL114EP,33,17,16,10
LL114EQ,34,16,18,16
LL114ER,42,18,24,16
LL114ES,10,5,5,6
LL114ET,38,18,20,16
LL114EU,123,55,68,47
LL114EW,22,9,13,9
LL114EX,11,6,5,5
LL114EY,48,23,25,18
LL114EZ,35,23,12,25
LL114FB,59,29,30,23
LL114FD,65,32,33,34
LL114FE,43,23,20,15
LL114FH,26,11,15,12
LL114FW,10,4,6,4
LL114HA,33,19,14,10
LL114HB,28,17,11,11
LL114HD,8,4,4,2
LL114HE,18,10,8,6
LL114HF,46,19,27,26
LL114HG,30,14,16,12
LL114HH,29,15,14,11
LL114HJ,13,7,6,6
LL114HL,27,11,16,14
LL114HN,22,10,12,10
LL114HP,48,25,23,17
LL114HQ,19,9,10,8
LL114HR,53,23,30,19
LL114HS,36,18,18,14
LL114HT,24,9,15,8
LL114HU,125,64,61,49
LL114HW,52,27,25,19
LL114HX,42,22,20,17
LL114HY,15,9,6,6
LL114HZ,33,16,17,10
LL114LA,38,16,22,19
LL114LB,37,22,15,18
LL114LD,9,3,6,6
LL114LE,50,26,24,34
LL114LG,54,27,27,21
LL114LN,8,4,4,6
LL114LS,59,23,36,22
LL114LW,17,9,8,12
LL114LY,64,31,33,26
LL114NA,55,28,27,28
LL114NB,37,19,18,17
LL114ND,43,22,21,13
LL114NE,23,12,11,11
LL114NF,22,13,9,10
LL114NG,55,25,30,20
LL114NH,38,14,24,16
LL114NJ,6,4,2,2
LL114NL,17,6,11,8
LL114NN,2,1,1,1
LL114NP,7,3,4,4
LL114NR,14,9,5,8
LL114NS,42,19,23,17
LL114NT,11,4,7,4
LL114NU,9,8,1,4
LL114PB,12,6,6,5
LL114PD,23,12,11,6
LL114PE,45,25,20,14
LL114PF,60,30,30,25
LL114PG,43,24,19,20
LL114PH,21,12,9,6
LL114PJ,160,76,84,76
LL114PL,19,11,8,8
LL114PN,5,1,4,1
LL114PP,1,1,0,1
LL114PQ,39,20,19,17
LL114PR,8,3,5,5
LL114PS,7,3,4,3
LL114PT,15,7,8,4
LL114PW,12,6,6,6
LL114PX,69,33,36,29
LL114PZ,27,10,17,25
LL114QA,21,12,9,11
LL114QB,7,3,4,3
LL114QD,16,8,8,8
LL114QE,29,15,14,10
LL114QH,18,8,10,6
LL114QJ,20,12,8,5
LL114QN,14,9,5,5
LL114QS,7,4,3,3
LL114QT,5,1,4,3
LL114QU,15,8,7,8
LL114QW,40,19,21,13
LL114QX,83,41,42,35
LL114QY,21,12,9,11
LL114QZ,40,22,18,18
LL114RA,16,9,7,7
LL114RB,25,14,11,5
LL114RF,16,8,8,7
LL114RG,9,5,4,5
LL114RH,15,7,8,5
LL114RJ,43,22,21,14
LL114RL,26,13,13,14
LL114RN,5,4,1,3
LL114RP,9,4,5,5
LL114RQ,86,41,45,31
LL114RR,94,47,47,40
LL114RS,39,18,21,17
LL114RT,49,22,27,22
LL114RU,23,10,13,16
LL114RW,4,1,3,3
LL114RX,43,26,17,15
LL114RY,199,107,92,74
LL114SB,87,42,45,34
LL114SD,16,9,7,6
LL114SE,5,3,2,2
LL114SF,17,5,12,5
LL114SG,8,4,4,4
LL114SH,35,17,18,15
LL114SJ,27,13,14,9
LL114SL,17,9,8,8
LL114SP,16,7,9,6
LL114SQ,101,50,51,41
LL114SR,43,22,21,19
LL114SS,9,5,4,4
LL114ST,16,9,7,7
LL114SU,5,2,3,4
LL114SW,42,23,19,17
LL114SX,54,25,29,28
LL114SY,59,34,25,21
LL114SZ,57,26,31,30
LL114TA,54,23,31,25
LL114TB,7,4,3,4
LL114TD,6,2,4,4
LL114TE,46,22,24,19
LL114TF,5,3,2,4
LL114TG,18,9,9,7
LL114TH,16,8,8,8
LL114TJ,94,49,45,40
LL114TN,67,32,35,29
LL114TP,14,5,9,5
LL114TQ,40,18,22,19
LL114TR,44,22,22,19
LL114TS,1,1,0,1
LL114TT,16,7,9,7
LL114TU,3,1,2,2
LL114TW,59,26,33,20
LL114TX,82,38,44,31
LL114TY,31,17,14,13
LL114TZ,14,8,6,5
LL114UA,33,20,13,11
LL114UB,46,18,28,22
LL114UD,11,5,6,5
LL114UE,114,56,58,54
LL114UF,118,58,60,40
LL114UG,87,45,42,34
LL114UH,138,74,64,54
LL114UJ,72,37,35,28
LL114UL,72,35,37,41
LL114UN,38,17,21,15
LL114UQ,104,47,57,42
LL114UR,5,4,1,3
LL114US,16,9,7,7
LL114UT,3,2,1,2
LL114UU,4,1,3,2
LL114UW,59,29,30,23
LL114UX,78,38,40,45
LL114UY,13,6,7,3
LL114UZ,32,12,20,24
LL114XA,28,10,18,21
LL114XB,59,28,31,23
LL114XD,45,24,21,15
LL114XE,19,10,9,7
LL114XF,41,19,22,17
LL114XG,26,13,13,11
LL114XQ,42,21,21,15
LL114YA,10,5,5,3
LL114YB,3,2,1,2
LL114YD,6,3,3,2
LL114YE,251,130,121,1
LL114YF,7,4,3,3
LL114YG,20,11,9,10
LL114YH,15,6,9,5
LL114YJ,42,19,23,16
LL114YN,9,5,4,3
LL114YP,96,49,47,37
LL114YQ,20,13,7,9
LL114YR,56,29,27,19
LL114YS,43,22,21,18
LL114YT,22,12,10,10
LL114YW,14,6,8,3
LL114YX,20,9,11,13
LL115AA,23,13,10,12
LL115AB,6,3,3,3
LL115AD,58,25,33,22
LL115AE,97,53,44,41
LL115AF,8,4,4,5
LL115AG,70,31,39,29
LL115AH,139,67,72,52
LL115AJ,34,15,19,12
LL115AL,19,8,11,9
LL115AN,88,42,46,27
LL115AP,68,34,34,34
LL115AR,14,4,10,6
LL115AS,79,42,37,28
LL115AT,61,27,34,33
LL115AU,17,12,5,11
LL115AW,158,80,78,59
LL115AY,52,25,27,20
LL115BA,22,11,11,11
LL115BB,106,50,56,49
LL115BD,41,22,19,15
LL115BJ,4,2,2,2
LL115BL,44,24,20,25
LL115BN,9,6,3,5
LL115BP,35,16,19,16
LL115BQ,20,7,13,17
LL115BW,6,2,4,3
LL115BY,9,3,6,3
LL115DA,18,10,8,8
LL115DB,24,11,13,8
LL115DD,5,3,2,4
LL115DE,2,1,1,1
LL115DF,18,11,7,7
LL115DG,6,3,3,4
LL115DH,56,21,35,5
LL115DJ,4,2,2,2
LL115DL,29,18,11,13
LL115DN,24,12,12,11
LL115DP,62,33,29,26
LL115DQ,21,10,11,11
LL115DR,15,7,8,7
LL115DS,28,11,17,12
LL115DT,49,24,25,19
LL115DU,1,0,1,1
LL115DW,7,4,3,4
LL115DX,16,8,8,8
LL115DY,5,2,3,1
LL115DZ,26,14,12,8
LL115EA,35,14,21,12
LL115EB,69,31,38,34
LL115ED,35,17,18,10
LL115EE,27,16,11,9
LL115EF,24,13,11,8
LL115EG,8,5,3,2
LL115EH,7,6,1,4
LL115EJ,18,11,7,6
LL115EL,3,3,0,1
LL115EN,3,2,1,1
LL115EP,67,33,34,29
LL115EQ,13,8,5,5
LL115ER,85,33,52,24
LL115ES,14,9,5,5
LL115ET,2,1,1,1
LL115EU,70,31,39,36
LL115EW,60,27,33,23
LL115EX,17,11,6,6
LL115EY,44,24,20,18
LL115EZ,12,5,7,5
LL115FB,57,31,26,31
LL115FD,134,71,63,45
LL115FE,55,24,31,24
LL115FF,61,25,36,18
LL115FG,33,16,17,13
LL115FH,108,53,55,35
LL115FJ,50,25,25,18
LL115FL,82,45,37,36
LL115FN,189,104,85,107
LL115FP,22,12,10,10
LL115FQ,12,8,4,8
LL115HA,5,3,2,2
LL115HB,13,5,8,6
LL115HD,7,3,4,3
LL115HF,19,10,9,6
LL115HG,21,8,13,10
LL115HH,63,32,31,28
LL115HJ,70,35,35,41
LL115HL,12,7,5,5
LL115HN,25,10,15,11
LL115HQ,29,16,13,10
LL115HR,16,8,8,9
LL115HS,15,7,8,6
LL115HT,10,5,5,3
LL115HU,35,19,16,10
LL115HW,40,19,21,12
LL115HX,77,38,39,25
LL115HY,42,21,21,16
LL115LA,12,7,5,5
LL115LB,14,7,7,6
LL115LD,1,0,1,1
LL115LE,31,18,13,13
LL115LF,27,15,12,11
LL115LG,33,14,19,12
LL115LH,65,32,33,30
LL115LJ,12,6,6,7
LL115LL,4,3,1,3
LL115LN,8,2,6,5
LL115LP,61,30,31,22
LL115LR,16,10,6,6
LL115LS,7,3,4,2
LL115LT,18,10,8,7
LL115LU,12,7,5,4
LL115LW,57,25,32,24
LL115LY,22,11,11,8
LL115NA,5,2,3,2
LL115NB,37,22,15,12
LL115NF,49,14,35,5
LL115NG,113,53,60,48
LL115NP,4,2,2,2
LL115NR,5,2,3,4
LL115NS,22,9,13,8
LL115NT,16,9,7,9
LL115NW,34,17,17,16
LL115NY,5,4,1,2
LL115PA,9,5,4,3
LL115PB,38,18,20,19
LL115PD,43,20,23,20
LL115PE,44,21,23,19
LL115PF,20,11,9,14
LL115PG,20,11,9,10
LL115PH,32,16,16,17
LL115PJ,12,7,5,5
LL115PL,15,8,7,6
LL115PN,3,2,1,2
LL115PP,8,3,5,3
LL115PQ,10,3,7,3
LL115PR,4,1,3,2
LL115PS,3,2,1,1
LL115PU,11,3,8,7
LL115PW,4,3,1,2
LL115PY,10,6,4,2
LL115RA,3,1,2,2
LL115RB,6,3,3,2
LL115RD,6,2,4,4
LL115RE,14,8,6,5
LL115RF,8,6,2,6
LL115RG,7,3,4,2
LL115RH,4,2,2,2
LL115RN,15,7,8,6
LL115RP,18,7,11,9
LL115RR,23,13,10,8
LL115RS,37,17,20,14
LL115RW,10,6,4,5
LL115SA,35,16,19,13
LL115SB,2,2,0,1
LL115SD,63,32,31,21
LL115SE,39,17,22,17
LL115SF,3,1,2,2
LL115SG,47,24,23,22
LL115SH,54,23,31,21
LL115SJ,16,8,8,8
LL115SL,9,5,4,6
LL115SN,9,3,6,4
LL115SQ,6,3,3,3
LL115SR,21,7,14,9
LL115SS,55,24,31,21
LL115ST,21,10,11,7
LL115SU,15,7,8,5
LL115SW,103,56,47,43
LL115SX,8,3,5,4
LL115SY,55,28,27,23
LL115TA,6,3,3,6
LL115TB,6,4,2,2
LL115TD,5,2,3,3
LL115TE,8,4,4,4
LL115TF,31,15,16,15
LL115TG,1,1,0,1
LL115TH,49,27,22,21
LL115TJ,8,3,5,5
LL115TL,32,15,17,14
LL115TN,51,23,28,22
LL115TP,23,10,13,14
LL115TQ,16,7,9,6
LL115TR,13,9,4,5
LL115TS,32,17,15,15
LL115TT,6,4,2,3
LL115TU,28,15,13,9
LL115TW,10,6,4,4
LL115TY,10,6,4,4
LL115UA,73,36,37,35
LL115UB,27,11,16,13
LL115UD,10,4,6,4
LL115UE,9,4,5,4
LL115UF,44,22,22,15
LL115UG,13,8,5,7
LL115UH,24,13,11,10
LL115UJ,23,12,11,11
LL115UL,8,3,5,3
LL115UN,66,35,31,28
LL115UP,20,10,10,7
LL115UQ,107,56,51,51
LL115UR,21,11,10,10
LL115US,5,2,3,5
LL115UT,135,64,71,47
LL115UU,36,18,18,12
LL115UW,20,10,10,6
LL115UY,71,40,31,32
LL115YA,37,15,22,16
LL115YB,11,6,5,5
LL115YD,8,5,3,3
LL115YE,64,37,27,22
LL115YF,30,14,16,12
LL115YG,14,6,8,7
LL115YH,72,34,38,28
LL115YJ,15,8,7,5
LL115YL,13,8,5,6
LL115YN,26,16,10,11
LL115YP,39,18,21,14
LL115YQ,26,13,13,8
LL115YR,27,14,13,10
LL115YS,11,4,7,3
LL115YT,59,30,29,22
LL115YU,46,22,24,16
LL115YW,26,9,17,13
LL115YX,14,8,6,5
LL115YY,36,19,17,16
LL116AA,8,2,6,2
LL116AB,70,38,32,25
LL116AD,6,3,3,4
LL116AE,7,3,4,3
LL116AF,24,14,10,10
LL116AG,97,55,42,38
LL116AH,14,5,9,5
LL116AJ,20,9,11,8
LL116AL,14,6,8,5
LL116AN,5,2,3,3
LL116AP,24,12,12,11
LL116AQ,65,30,35,22
LL116AR,20,12,8,9
LL116AT,45,26,19,20
LL116AU,20,8,12,9
LL116AW,37,19,18,16
LL116AX,8,3,5,3
LL116AY,26,12,14,21
LL116AZ,6,4,2,2
LL116BA,23,12,11,13
LL116BD,15,7,8,6
LL116BE,12,4,8,8
LL116BF,2,1,1,1
LL116BG,46,25,21,21
LL116BH,8,4,4,4
LL116BJ,95,42,53,39
LL116BL,40,17,23,20
LL116BN,11,4,7,6
LL116BP,63,36,27,24
LL116BQ,81,44,37,31
LL116BS,70,27,43,27
LL116BT,26,12,14,11
LL116BU,5,3,2,2
LL116BW,3,2,1,1
LL116BX,169,76,93,69
LL116BY,11,6,5,5
LL116DA,34,18,16,17
LL116DB,35,20,15,19
LL116DD,15,8,7,6
LL116DE,11,4,7,3
LL116DF,43,25,18,20
LL116DG,41,16,25,15
LL116DH,27,14,13,12
LL116DJ,33,15,18,12
LL116DL,9,3,6,3
LL116DN,7,4,3,2
LL116DQ,7,3,4,4
LL116DR,2,1,1,2
LL116DS,3,2,1,1
LL116DT,5,2,3,2
LL116DU,11,5,6,4
LL116DW,63,31,32,24
LL116EA,23,12,11,13
LL116EB,7,3,4,2
LL116ED,5,2,3,4
LL116EE,9,6,3,3
LL116EF,3,1,2,2
LL116EG,4,1,3,3
LL116EH,34,19,15,17
LL116EJ,31,17,14,9
LL116EL,39,19,20,13
LL116EN,17,9,8,7
LL116EP,60,27,33,23
LL116ES,41,24,17,11
LL116ET,11,7,4,5
LL116EU,78,39,39,28
LL116EW,6,4,2,2
LL116HA,16,9,7,5
LL116HB,10,5,5,4
LL116HD,32,16,16,24
LL116HF,12,7,5,4
LL116HG,12,5,7,9
LL116HH,4,3,1,1
LL116HJ,2,1,1,1
LL116HL,2,1,1,2
LL116HN,4,1,3,2
LL116HP,25,11,14,13
LL116HR,7,4,3,3
LL116HS,3,2,1,1
LL116HT,37,20,17,16
LL116HU,6,5,1,2
LL116HW,10,4,6,4
LL116HX,7,4,3,5
LL116HY,4,2,2,2
LL116HZ,7,3,4,1
LL116JA,205,93,112,86
LL116JB,27,12,15,9
LL116JD,23,14,9,9
LL116JE,30,18,12,11
LL116JF,11,3,8,5
LL116JG,25,11,14,9
LL116LA,11,7,4,4
LL116LB,4,3,1,2
LL116LD,14,7,7,8
LL116LE,16,8,8,7
LL116LF,6,3,3,1
LL116LG,30,12,18,12
LL116LH,17,8,9,8
LL116LJ,70,32,38,42
LL116LL,29,14,15,14
LL116LN,96,49,47,28
LL116LP,2,1,1,1
LL116LQ,53,38,15,26
LL116LR,43,18,25,18
LL116LS,61,27,34,22
LL116LT,7,0,7,4
LL116LU,70,34,36,25
LL116LW,17,9,8,10
LL116LY,145,64,81,58
LL116LZ,25,13,12,11
LL116NA,68,42,26,24
LL116NB,10,3,7,6
LL116ND,37,19,18,16
LL116NE,9,6,3,5
LL116NF,8,4,4,4
LL116NG,67,30,37,31
LL116NH,21,12,9,10
LL116NJ,26,13,13,13
LL116NL,54,25,29,24
LL116NN,29,14,15,14
LL116NP,3,0,3,1
LL116NQ,22,14,8,12
LL116NR,2,1,1,2
LL116NS,48,23,25,22
LL116NT,2,1,1,1
LL116NU,4,2,2,2
LL116NW,6,4,2,3
LL116NY,9,4,5,5
LL116PA,25,14,11,10
LL116PB,15,7,8,7
LL116PD,62,32,30,25
LL116PE,31,15,16,16
LL116PF,9,3,6,5
LL116PJ,7,3,4,6
LL116PL,3,2,1,1
LL116PN,10,5,5,3
LL116PP,31,18,13,13
LL116PR,47,26,21,24
LL116PS,60,29,31,20
LL116PT,89,39,50,29
LL116PU,106,55,51,42
LL116PW,4,3,1,2
LL116PY,9,4,5,4
LL116QA,119,51,68,36
LL116QD,13,6,7,6
LL116QF,80,41,39,25
LL116QG,14,8,6,5
LL116RA,26,15,11,10
LL116RB,60,33,27,19
LL116RD,11,4,7,8
LL116RE,36,17,19,12
LL116RF,40,20,20,15
LL116RG,20,11,9,9
LL116RH,21,9,12,10
LL116RL,93,43,50,37
LL116RN,21,10,11,10
LL116RP,13,7,6,7
LL116RR,113,50,63,43
LL116RS,30,11,19,13
LL116RT,94,48,46,35
LL116RU,40,20,20,18
LL116RW,25,14,11,8
LL116RY,27,13,14,8
LL116SA,17,8,9,6
LL116SB,53,24,29,19
LL116SD,23,12,11,10
LL116SE,13,8,5,5
LL116SF,70,34,36,24
LL116SG,37,18,19,14
LL116SJ,8,2,6,3
LL116SL,18,9,9,5
LL116SN,22,11,11,10
LL116SP,11,4,7,6
LL116SR,19,8,11,4
LL116SS,5,4,1,3
LL116ST,15,8,7,7
LL116SU,71,38,33,32
LL116SW,2,1,1,2
LL116SY,26,8,18,16
LL116TA,4,2,2,2
LL116TB,4,2,2,2
LL116TD,12,6,6,4
LL116TE,7,4,3,5
LL116TF,27,13,14,10
LL116TG,65,34,31,27
LL116TH,27,13,14,14
LL116TJ,36,20,16,14
LL116TL,46,18,28,21
LL116TN,34,13,21,18
LL116TP,23,12,11,16
LL116TQ,22,12,10,6
LL116TR,10,2,8,9
LL116TS,42,24,18,20
LL116TT,11,5,6,4
LL116TU,3,2,1,2
LL116TW,30,11,19,24
LL116TX,95,48,47,39
LL116TY,11,6,5,6
LL116TZ,6,3,3,4
LL116UA,13,6,7,6
LL116UB,53,27,26,25
LL116UD,48,27,21,15
LL116UE,14,7,7,6
LL116UF,8,4,4,6
LL116UG,39,22,17,19
LL116UH,14,5,9,9
LL116UL,19,8,11,12
LL116UN,29,16,13,18
LL116UP,2,0,2,2
LL116UR,13,4,9,6
LL116US,11,7,4,4
LL116UT,6,3,3,4
LL116UU,16,7,9,5
LL116UW,6,4,2,2
LL116UY,35,17,18,15
LL116YA,7,3,4,3
LL116YB,19,11,8,10
LL116YD,13,9,4,9
LL116YE,43,23,20,16
LL116YF,14,7,7,5
LL116YG,56,28,28,20
LL116YJ,16,8,8,7
LL116YL,61,30,31,29
LL116YN,110,52,58,54
LL116YP,93,51,42,43
LL116YR,11,8,3,8
LL116YS,20,10,10,8
LL116YT,25,10,15,15
LL116YW,13,6,7,4
LL116YZ,10,7,3,4
LL120AA,16,8,8,6
LL120AB,17,10,7,6
LL120AD,11,7,4,7
LL120AE,32,19,13,12
LL120AF,9,5,4,2
LL120AG,4,3,1,1
LL120AH,13,7,6,5
LL120AJ,14,5,9,6
LL120AL,28,14,14,9
LL120AN,10,8,2,3
LL120AP,21,14,7,10
LL120AQ,23,15,8,13
LL120AR,26,17,9,11
LL120AS,10,5,5,4
LL120AT,2,1,1,1
LL120AU,12,8,4,5
LL120AW,31,16,15,12
LL120AX,8,4,4,2
LL120AY,8,4,4,4
LL120BA,44,22,22,22
LL120BB,7,5,2,2
LL120BD,22,10,12,7
LL120BE,17,8,9,3
LL120BG,10,6,4,4
LL120BH,12,6,6,6
LL120BJ,44,19,25,16
LL120BL,21,11,10,7
LL120BN,16,7,9,5
LL120BP,8,4,4,3
LL120BQ,15,8,7,5
LL120BS,7,4,3,4
LL120BT,13,8,5,6
LL120BU,5,3,2,2
LL120BW,8,5,3,5
LL120BY,21,11,10,8
LL120DA,35,18,17,13
LL120DB,13,6,7,5
LL120DD,39,17,22,17
LL120DE,17,9,8,9
LL120DF,41,18,23,15
LL120DG,10,5,5,6
LL120DH,37,19,18,16
LL120DJ,31,16,15,11
LL120DL,32,19,13,12
LL120DN,51,29,22,25
LL120DP,25,11,14,10
LL120DQ,14,9,5,6
LL120DS,27,12,15,12
LL120DT,6,2,4,4
LL120DU,4,3,1,2
LL120DW,11,6,5,5
LL120DX,46,23,23,19
LL120DY,5,2,3,3
LL120DZ,7,2,5,3
LL120EA,13,6,7,6
LL120EB,3,1,2,3
LL120ED,82,41,41,35
LL120EE,56,24,32,22
LL120EF,106,49,57,35
LL120EG,118,56,62,46
LL120EH,46,26,20,21
LL120EJ,80,37,43,35
LL120EL,73,39,34,31
LL120EN,15,6,9,7
LL120EP,4,3,1,3
LL120EQ,28,17,11,10
LL120ER,14,8,6,6
LL120ES,28,14,14,11
LL120ET,34,15,19,15
LL120EU,94,43,51,41
LL120EW,9,4,5,5
LL120EX,27,12,15,11
LL120EY,11,2,9,9
LL120EZ,20,8,12,6
LL120FA,62,36,26,21
LL120FB,84,39,45,29
LL120FD,5,3,2,2
LL120GA,54,31,23,18
LL120GB,41,22,19,19
LL120GD,32,16,16,11
LL120HA,17,7,10,10
LL120HB,84,41,43,38
LL120HD,11,6,5,5
LL120HE,79,43,36,34
LL120HG,9,2,7,6
LL120HH,17,10,7,7
LL120HJ,13,2,11,11
LL120HL,16,8,8,8
LL120HN,34,19,15,13
LL120HP,18,8,10,9
LL120HQ,115,57,58,51
LL120HR,32,13,19,16
LL120HS,23,13,10,11
LL120HT,22,11,11,9
LL120HU,89,42,47,39
LL120HW,7,3,4,4
LL120HX,61,34,27,24
LL120HY,31,18,13,19
LL120HZ,46,21,25,17
LL120JA,16,8,8,14
LL120LA,88,43,45,37
LL120LB,71,40,31,31
LL120LD,4,2,2,2
LL120LE,88,46,42,38
LL120LF,48,25,23,22
LL120LG,85,44,41,34
LL120LL,28,16,12,9
LL120LN,54,27,27,22
LL120LP,80,39,41,40
LL120LR,31,12,19,11
LL120LS,110,51,59,40
LL120LT,149,67,82,49
LL120LU,5,1,4,4
LL120LW,49,23,26,19
LL120LX,28,13,15,11
LL120LY,10,6,4,6
LL120LZ,22,9,13,10
LL120NA,16,9,7,6
LL120NB,53,28,25,23
LL120ND,14,8,6,7
LL120NE,12,6,6,7
LL120NF,117,61,56,40
LL120NG,19,10,9,10
LL120NH,130,67,63,55
LL120NJ,8,6,2,2
LL120NN,6,3,3,3
LL120NP,68,41,27,48
LL120NQ,98,45,53,44
LL120NR,11,7,4,4
LL120NS,23,10,13,9
LL120NT,1,1,0,1
LL120NU,8,5,3,2
LL120NW,113,56,57,45
LL120NX,19,10,9,10
LL120NY,56,28,28,23
LL120NZ,27,12,15,15
LL120PA,32,17,15,11
LL120PB,38,18,20,13
LL120PH,22,11,11,12
LL120PL,83,41,42,37
LL120PN,57,25,32,27
LL120PP,110,54,56,44
LL120PR,24,11,13,8
LL120PS,40,14,26,18
LL120PT,12,6,6,4
LL120PU,24,13,11,8
LL120PW,42,21,21,17
LL120PY,56,32,24,22
LL120QA,56,25,31,28
LL120QB,12,7,5,5
LL120RA,49,21,28,26
LL120RB,29,14,15,12
LL120RD,22,12,10,12
LL120RE,27,13,14,11
LL120RF,26,13,13,12
LL120RG,24,12,12,11
LL120RH,6,3,3,4
LL120RL,36,18,18,18
LL120RN,122,64,58,48
LL120RP,76,39,37,34
LL120RR,55,28,27,22
LL120RS,71,36,35,27
LL120RT,90,41,49,33
LL120RW,79,42,37,30
LL120RY,2,1,1,1
LL120SA,5,3,2,4
LL120SB,90,49,41,28
LL120SD,136,65,71,51
LL120SE,64,27,37,28
LL120SF,43,21,22,13
LL120SG,58,26,32,21
LL120SH,64,31,33,26
LL120SJ,17,10,7,9
LL120SL,65,28,37,10
LL120SN,24,12,12,16
LL120SP,4,2,2,4
LL120SQ,37,18,19,11
LL120SR,62,27,35,22
LL120SS,10,5,5,4
LL120ST,25,10,15,9
LL120SU,31,14,17,13
LL120SW,64,34,30,23
LL120SX,9,6,3,7
LL120SY,40,18,22,16
LL120SZ,14,8,6,5
LL120TA,27,10,17,10
LL120TB,79,44,35,34
LL120TD,85,38,47,35
LL120TE,18,11,7,8
LL120TF,29,14,15,13
LL120TH,3,2,1,1
LL120TJ,27,10,17,22
LL120TL,25,14,11,10
LL120TN,86,41,45,30
LL120TP,11,7,4,6
LL120TQ,13,5,8,8
LL120TT,30,18,12,29
LL120TW,72,38,34,31
LL120TX,112,56,56,37
LL120TY,66,36,30,23
LL120UA,40,17,23,19
LL120UB,90,40,50,36
LL120UD,32,16,16,15
LL120UE,12,4,8,5
LL120UF,34,16,18,18
LL120UG,19,8,11,5
LL120UL,19,11,8,7
LL120UN,14,8,6,6
LL120UR,6,3,3,5
LL120UW,91,48,43,34
LL120UX,12,6,6,4
LL127AD,7,3,4,2
LL127AE,4,1,3,3
LL127AH,88,44,44,30
LL127AJ,13,6,7,7
LL127AL,31,16,15,12
LL127AN,48,26,22,19
LL127AP,41,20,21,15
LL127AR,8,4,4,4
LL127AS,16,9,7,7
LL127AT,40,22,18,16
LL127AU,72,38,34,27
LL127AW,45,22,23,17
LL127AX,5,4,1,0
LL127AY,21,11,10,10
LL127BA,42,19,23,17
LL127BB,43,20,23,17
LL127BD,84,35,49,38
LL127BE,10,4,6,5
LL127BG,17,8,9,6
LL127BH,15,8,7,6
LL127BJ,19,11,8,7
LL127BL,28,13,15,12
LL127BN,29,11,18,9
LL127BS,29,12,17,12
LL127BT,25,11,14,13
LL127BU,50,28,22,24
LL127BY,15,10,5,6
LL127DA,39,17,22,16
LL127DB,16,10,6,5
LL127DD,28,14,14,11
LL127DE,5,3,2,3
LL127DF,50,24,26,19
LL127DG,81,35,46,45
LL127DH,68,31,37,26
LL127DJ,10,5,5,8
LL127DL,23,11,12,9
LL127DN,8,4,4,5
LL127DP,13,6,7,5
LL127DR,76,32,44,31
LL127DS,33,12,21,12
LL127DT,52,27,25,19
LL127DU,39,20,19,19
LL127DW,24,14,10,10
LL127DY,24,12,12,8
LL127EA,37,19,18,10
LL127EB,64,31,33,26
LL127ED,25,10,15,11
LL127EE,31,15,16,11
LL127EF,29,12,17,18
LL127EG,31,19,12,12
LL127EH,20,10,10,6
LL127EL,10,6,4,3
LL127EN,19,8,11,9
LL127EP,43,20,23,20
LL127ER,33,20,13,12
LL127EU,56,25,31,25
LL127EW,16,6,10,11
LL127EY,7,4,3,5
LL127HA,44,22,22,28
LL127HB,28,13,15,11
LL127HD,10,6,4,6
LL127HE,59,28,31,25
LL127HF,33,15,18,13
LL127HG,24,11,13,9
LL127HH,54,26,28,20
LL127HL,70,34,36,30
LL127HN,14,8,6,6
LL127HP,76,41,35,28
LL127HR,53,24,29,17
LL127HS,31,17,14,14
LL127HT,19,10,9,9
LL127HU,41,23,18,17
LL127HW,63,32,31,31
LL127HY,37,18,19,9
LL127LB,88,46,42,43
LL127LD,51,26,25,26
LL127LE,51,24,27,31
LL127LF,35,16,19,16
LL127LG,16,8,8,9
LL127LJ,12,5,7,5
LL127LN,16,10,6,8
LL127LP,21,12,9,10
LL127LR,31,16,15,14
LL127LS,48,22,26,28
LL127LT,12,3,9,9
LL127LU,82,42,40,36
LL127LW,55,24,31,26
LL127LY,17,8,9,6
LL127NA,56,27,29,22
LL127NB,30,14,16,13
LL127NF,22,10,12,10
LL127NG,25,8,17,15
LL127NH,62,31,31,24
LL127NJ,20,11,9,13
LL127NL,18,5,13,7
LL127NN,15,11,4,4
LL127NP,27,10,17,10
LL127NR,94,45,49,44
LL127NS,11,5,6,5
LL127NT,53,27,26,23
LL127NU,46,21,25,23
LL127NW,113,55,58,46
LL127PB,23,14,9,9
LL127PD,51,25,26,16
LL127PE,68,34,34,26
LL127PF,7,3,4,4
LL127PG,30,17,13,12
LL127PH,78,39,39,36
LL127PL,43,24,19,18
LL127PN,33,19,14,13
LL127PP,48,22,26,21
LL127PR,28,12,16,14
LL127PS,55,28,27,28
LL127PT,75,33,42,38
LL127PU,12,4,8,7
LL127PW,18,8,10,8
LL127PY,8,4,4,4
LL127RA,58,24,34,34
LL127RB,45,21,24,21
LL127RD,23,11,12,8
LL127RE,29,16,13,14
LL127RF,10,4,6,6
LL127RG,38,21,17,18
LL127RH,33,16,17,13
LL127RL,18,7,11,8
LL127RN,29,13,16,12
LL127RP,1,1,0,1
LL127RR,6,2,4,3
LL127RS,27,13,14,12
LL127RT,36,16,20,20
LL127RU,18,8,10,14
LL127RW,54,26,28,24
LL127RY,29,12,17,15
LL127SA,16,8,8,7
LL127SB,46,20,26,19
LL127SD,29,14,15,14
LL127SE,36,20,16,11
LL127SF,47,17,30,25
LL127SG,50,26,24,19
LL127SH,41,18,23,23
LL127SL,29,14,15,17
LL127SN,41,21,20,16
LL127SP,38,18,20,11
LL127SR,19,10,9,12
LL127SS,61,30,31,33
LL127ST,73,33,40,33
LL127SW,13,7,6,6
LL127TD,3,2,1,2
LL127TE,25,12,13,12
LL127TF,47,24,23,23
LL127TG,11,6,5,5
LL127TJ,30,17,13,9
LL127TL,22,9,13,12
LL127TN,10,3,7,6
LL127TP,69,34,35,34
LL127TQ,78,40,38,36
LL127TR,29,16,13,15
LL127TS,109,47,62,50
LL127TT,43,21,22,21
LL127TU,45,21,24,19
LL127TW,111,53,58,48
LL127TX,46,21,25,16
LL127TY,52,21,31,25
LL127UA,23,9,14,12
LL127UB,43,22,21,18
LL127UD,3,2,1,1
LL127UE,77,39,38,35
LL127UF,25,14,11,12
LL127UG,54,29,25,24
LL127UH,58,27,31,23
LL127UP,89,42,47,37
LL127UR,50,21,29,21
LL127US,61,27,34,25
LL127UT,24,11,13,11
LL127UU,8,3,5,7
LL127UY,48,22,26,23
LL127YA,92,40,52,43
LL127YB,41,14,27,27
LL127YD,63,25,38,40
LL127YE,22,11,11,8
LL127YF,62,29,33,27
LL127YG,28,10,18,13
LL127YH,57,25,32,20
LL127YJ,137,73,64,54
LL127YL,57,29,28,26
LL127YN,86,36,50,47
LL127YP,103,48,55,52
LL127YR,48,23,25,26
LL127YS,56,27,29,25
LL127YT,22,7,15,9
LL127YW,27,12,15,11
LL128AA,20,9,11,13
LL128AB,38,16,22,20
LL128AD,45,20,25,24
LL128AE,7,3,4,4
LL128AF,53,26,27,28
LL128AG,38,18,20,17
LL128AH,18,8,10,6
LL128AJ,96,46,50,33
LL128AL,15,7,8,5
LL128AN,26,13,13,16
LL128AQ,8,3,5,5
LL128AR,58,25,33,22
LL128AS,38,20,18,16
LL128AT,16,8,8,8
LL128AU,8,4,4,4
LL128AW,33,14,19,12
LL128AY,39,18,21,20
LL128BA,37,19,18,17
LL128BB,78,37,41,36
LL128BD,16,9,7,12
LL128BE,32,13,19,12
LL128BG,51,24,27,25
LL128BH,39,19,20,18
LL128BL,68,32,36,29
LL128BN,26,13,13,14
LL128BS,9,4,5,3
LL128BT,16,7,9,7
LL128BU,13,4,9,1
LL128BW,7,3,4,4
LL128BY,69,35,34,27
LL128DA,18,9,9,6
LL128DD,71,35,36,26
LL128DE,27,13,14,9
LL128DF,77,42,35,37
LL128DG,87,42,45,39
LL128DH,63,25,38,26
LL128DL,15,10,5,4
LL128DQ,13,5,8,7
LL128DS,42,20,22,15
LL128DT,61,26,35,26
LL128DU,62,32,30,30
LL128DW,37,24,13,16
LL128EA,9,5,4,4
LL128EB,23,9,14,9
LL128ED,27,16,11,9
LL128EE,26,13,13,10
LL128EF,8,4,4,3
LL128EG,34,18,16,13
LL128EH,30,10,20,15
LL128EJ,99,47,52,33
LL128EL,24,12,12,12
LL128EN,33,15,18,16
LL128EP,32,19,13,17
LL128EQ,36,20,16,12
LL128ER,37,16,21,15
LL128ES,64,29,35,35
LL128ET,37,19,18,19
LL128EU,54,27,27,18
LL128EW,17,7,10,8
LL128EY,48,29,19,20
LL128EZ,62,31,31,23
LL128HA,5,2,3,3
LL128HB,52,23,29,26
LL128HD,65,27,38,34
LL128HE,5,2,3,2
LL128HF,46,25,21,25
LL128HG,25,9,16,12
LL128HH,39,19,20,18
LL128HL,17,6,11,9
LL128HN,2,0,2,2
LL128HP,28,13,15,17
LL128HR,40,19,21,21
LL128HS,30,14,16,16
LL128HT,10,3,7,4
LL128HU,10,5,5,4
LL128HW,50,24,26,27
LL128HY,30,15,15,13
LL128JA,11,7,4,4
LL128JB,43,22,21,17
LL128JD,80,40,40,32
LL128JE,104,47,57,38
LL128JF,30,11,19,16
LL128JG,16,9,7,6
LL128JH,23,11,12,10
LL128JJ,65,29,36,24
LL128JL,46,25,21,16
LL128JN,67,37,30,24
LL128JP,80,36,44,29
LL128JQ,50,22,28,17
LL128JR,9,4,5,3
LL128JS,6,3,3,3
LL128JT,14,8,6,5
LL128JU,20,11,9,9
LL128JW,62,29,33,25
LL128JX,42,24,18,16
LL128JY,21,11,10,7
LL128JZ,6,3,3,2
LL128LA,8,5,3,3
LL128LB,55,27,28,23
LL128LD,115,60,55,45
LL128LE,28,16,12,11
LL128LF,46,20,26,23
LL128LG,50,25,25,18
LL128LH,82,42,40,36
LL128LL,2,1,1,1
LL128LN,89,53,36,33
LL128LP,23,9,14,8
LL128LQ,30,18,12,10
LL128LR,31,14,17,13
LL128LS,71,35,36,30
LL128LT,43,20,23,23
LL128LU,7,3,4,6
LL128LW,52,25,27,24
LL128LY,10,3,7,5
LL128LZ,67,32,35,23
LL128NB,14,7,7,8
LL128ND,13,7,6,5
LL128NE,14,7,7,5
LL128NF,25,11,14,10
LL128NG,55,26,29,25
LL128NH,16,9,7,6
LL128NL,42,20,22,21
LL128NN,94,47,47,41
LL128NP,44,22,22,18
LL128NQ,145,74,71,57
LL128NR,58,30,28,29
LL128NS,47,24,23,26
LL128NT,26,13,13,12
LL128NU,39,23,16,13
LL128NW,28,16,12,12
LL128NZ,65,31,34,35
LL128PA,7,4,3,2
LL128PB,70,33,37,27
LL128PD,7,3,4,3
LL128PF,25,10,15,14
LL128PG,16,6,10,5
LL128PH,17,7,10,9
LL128PN,13,7,6,4
LL128PP,70,8,62,0
LL128PQ,35,18,17,11
LL128PR,6,3,3,4
LL128PS,35,16,19,15
LL128PT,46,23,23,19
LL128PU,21,6,15,10
LL128PW,1,1,0,1
LL128PY,7,4,3,2
LL128PZ,122,59,63,41
LL128RA,14,8,6,8
LL128RB,8,5,3,4
LL128RD,3,1,2,3
LL128RE,5,2,3,2
LL128RF,1,1,0,1
LL128RG,31,13,18,12
LL128RH,5,4,1,2
LL128RJ,24,12,12,9
LL128RL,20,9,11,6
LL128RN,9,6,3,3
LL128RP,4,2,2,3
LL128RR,11,6,5,5
LL128RS,19,11,8,8
LL128RT,11,3,8,4
LL128RU,23,13,10,10
LL128RW,25,11,14,9
LL128RY,5,2,3,3
LL128SA,17,10,7,10
LL128SE,11,6,5,6
LL128SF,2,1,1,1
LL128SG,27,13,14,8
LL128SH,12,4,8,5
LL128SJ,39,22,17,13
LL128SL,2,1,1,1
LL128SP,84,41,43,34
LL128SR,6,3,3,2
LL128SS,55,26,29,21
LL128ST,20,11,9,9
LL128SU,93,43,50,39
LL128SW,45,24,21,21
LL128SX,13,5,8,5
LL128SY,30,15,15,9
LL128SZ,23,12,11,11
LL128TA,34,15,19,17
LL128TB,8,6,2,2
LL128TD,5,2,3,2
LL128TE,83,38,45,35
LL128TF,40,21,19,16
LL128TG,33,14,19,11
LL128TJ,16,9,7,6
LL128TL,3,2,1,1
LL128TN,59,33,26,28
LL128TP,16,8,8,10
LL128TQ,22,11,11,7
LL128TR,9,3,6,7
LL128TS,3,1,2,1
LL128TT,33,15,18,11
LL128TU,5,2,3,3
LL128TW,7,4,3,3
LL128TY,8,5,3,4
LL128UA,55,28,27,28
LL128UB,11,5,6,4
LL128UD,54,26,28,23
LL128UE,7,4,3,5
LL128UF,3,1,2,2
LL128UG,9,6,3,6
LL128UH,7,3,4,3
LL128UL,3,2,1,2
LL128UN,15,7,8,11
LL128UP,16,7,9,8
LL128UR,11,6,5,5
LL128US,72,26,46,26
LL128UT,57,31,26,19
LL128UW,39,19,20,15
LL128UY,2,1,1,2
LL128XH,16,7,9,6
LL128XJ,75,35,40,24
LL128XL,7,3,4,4
LL128XN,37,18,19,16
LL128XQ,22,8,14,8
LL128XR,18,9,9,6
LL128XS,32,16,16,10
LL128XT,26,11,15,12
LL128XU,74,38,36,28
LL128XX,1,0,1,1
LL128XY,8,3,5,4
LL128YA,13,8,5,5
LL128YB,5,3,2,2
LL128YD,9,5,4,3
LL128YE,39,21,18,18
LL128YF,12,4,8,6
LL128YG,33,15,18,12
LL128YH,18,9,9,7
LL128YJ,35,19,16,13
LL128YL,120,57,63,54
LL128YN,20,12,8,7
LL128YP,9,5,4,3
LL128YQ,33,15,18,12
LL128YT,3,1,2,2
LL128YU,88,45,43,39
LL128YX,36,18,18,14
LL128YY,21,11,10,8
LL128YZ,34,18,16,11
LL129AA,27,14,13,14
LL129AB,84,41,43,38
LL129AD,4,2,2,1
LL129AE,64,34,30,28
LL129AF,52,21,31,22
LL129AG,13,5,8,6
LL129AH,16,6,10,11
LL129AJ,82,42,40,31
LL129AL,4,2,2,2
LL129AN,3,2,1,1
LL129AP,5,3,2,2
LL129AQ,22,13,9,11
LL129AR,15,10,5,6
LL129AS,7,5,2,3
LL129AT,5,3,2,2
LL129AU,59,29,30,24
LL129AW,11,7,4,5
LL129AY,19,10,9,9
LL129BA,16,7,9,7
LL129BB,80,46,34,40
LL129BD,3,2,1,2
LL129BE,9,5,4,3
LL129BG,10,7,3,5
LL129BH,3,1,2,2
LL129BL,7,4,3,3
LL129BN,8,4,4,3
LL129BP,8,6,2,2
LL129BQ,13,3,10,11
LL129BS,66,30,36,27
LL129BT,18,9,9,11
LL129BU,34,20,14,19
LL129BW,8,5,3,3
LL129BX,7,3,4,4
LL129BY,52,22,30,21
LL129DB,4,1,3,1
LL129DD,12,5,7,6
LL129DE,20,12,8,12
LL129DF,15,9,6,6
LL129DG,102,44,58,39
LL129DH,27,13,14,13
LL129DR,1,0,1,1
LL129DS,56,31,25,34
LL129DT,8,5,3,3
LL129DU,5,2,3,2
LL129DW,34,14,20,14
LL129DY,5,2,3,3
LL129EA,1,1,0,1
LL129EB,73,37,36,30
LL129ED,2,0,2,2
LL129EE,47,25,22,18
LL129EF,78,34,44,30
LL129EL,3,1,2,1
LL129EN,6,2,4,3
LL129EP,14,8,6,8
LL129ER,23,11,12,11
LL129ES,11,6,5,10
LL129ET,30,16,14,13
LL129EU,35,12,23,6
LL129EW,9,5,4,4
LL129EY,4,2,2,3
LL129HA,57,33,24,19
LL129HB,4,1,3,1
LL129HD,36,20,16,13
LL129HE,30,16,14,14
LL129HF,13,7,6,5
LL129HG,9,3,6,5
LL129HH,8,4,4,4
LL129HL,17,7,10,5
LL129HN,38,23,15,18
LL129HP,47,24,23,21
LL129HR,13,7,6,6
LL129HS,56,27,29,19
LL129HT,26,10,16,8
LL129HU,56,30,26,28
LL129HY,84,37,47,41
LL129LA,7,1,6,7
LL129LB,9,4,5,7
LL129LD,47,23,24,21
LL129LE,8,3,5,5
LL129LF,4,2,2,4
LL129LG,1,1,0,1
LL129LH,34,11,23,5
LL129LL,26,15,11,12
LL129LN,39,19,20,18
LL129LP,21,11,10,7
LL129LR,19,9,10,10
LL129LS,14,7,7,6
LL129LT,36,22,14,16
LL129LU,91,48,43,37
LL129LW,15,7,8,8
LL129NB,7,3,4,3
LL129ND,5,2,3,3
LL129NE,68,31,37,30
LL129NF,27,13,14,11
LL129NH,52,22,30,3
LL129NJ,86,39,47,30
LL129NL,83,42,41,37
LL129NP,13,10,3,4
LL129NQ,65,33,32,32
LL129NR,78,39,39,30
LL129NS,23,12,11,8
LL129NT,27,12,15,9
LL129NU,19,9,10,8
LL129NW,80,39,41,33
LL129NX,122,63,59,41
LL129NY,15,7,8,6
LL129NZ,47,24,23,16
LL129PA,16,9,7,5
LL129PB,47,25,22,17
LL129PD,98,49,49,38
LL129PE,23,12,11,12
LL129PF,50,23,27,22
LL129PG,73,34,39,30
LL129PH,90,44,46,36
LL129PJ,18,11,7,8
LL129PL,9,4,5,4
LL129PN,1,0,1,1
LL129PP,5,2,3,2
LL129PQ,18,9,9,7
LL129PR,21,9,12,18
LL129PS,7,4,3,2
LL129PT,102,54,48,44
LL129PU,9,6,3,3
LL129PW,21,10,11,10
LL129PY,33,20,13,12
LL129RA,10,5,5,4
LL129RB,84,37,47,33
LL129RD,2,1,1,1
LL129RE,14,8,6,6
LL129RF,12,7,5,6
LL129RG,19,9,10,7
LL129RH,33,17,16,14
LL129RJ,14,6,8,4
LL129RL,4,1,3,2
LL129RN,10,5,5,4
LL129RP,15,5,10,4
LL129RQ,23,12,11,6
LL129RR,7,3,4,3
LL129RS,2,1,1,1
LL129RT,28,15,13,11
LL129RU,11,5,6,6
LL129RW,24,11,13,7
LL129RY,5,3,2,2
LL129SA,1,0,1,1
LL129SB,16,6,10,6
LL129SD,3,0,3,2
LL129SE,45,22,23,18
LL129SL,85,39,46,35
LL129SN,20,10,10,6
LL129SP,73,35,38,24
LL129SR,7,5,2,6
LL129SS,13,7,6,6
LL129ST,6,3,3,2
LL129SU,7,4,3,3
LL129SW,52,26,26,15
LL129SY,5,3,2,2
LL129TA,7,5,2,3
LL129TB,2,1,1,1
LL129TD,7,4,3,4
LL129TE,9,4,5,5
LL129TF,6,3,3,3
LL129TG,4,2,2,2
LL129TH,5,3,2,2
LL129TN,7,3,4,2
LL129TP,15,9,6,5
LL129TQ,9,5,4,5
LL129TR,13,10,3,6
LL129TS,16,10,6,6
LL129TU,7,3,4,3
LL129TW,4,2,2,2
LL129UB,5,2,3,3
LL129UD,9,6,3,4
LL129UE,13,8,5,8
LL129UF,5,2,3,2
LL129UG,18,10,8,7
LL129UH,32,14,18,2
LL129UL,54,27,27,26
LL129UP,13,6,7,6
LL129UR,13,6,7,7
LL129US,35,9,26,8
LL129UT,6,3,3,2
LL129UU,7,3,4,3
LL129UW,32,18,14,13
LL129UY,3,1,2,2
LL129YA,16,5,11,10
LL129YB,100,49,51,41
LL129YD,105,55,50,43
LL129YE,39,23,16,16
LL129YF,16,8,8,5
LL129YG,10,6,4,4
LL129YL,14,7,7,5
LL129YN,6,4,2,3
LL129YR,5,2,3,2
LL129YT,108,52,56,36
LL130AA,85,40,45,46
LL130AB,59,27,32,20
LL130AD,9,5,4,3
LL130AE,22,11,11,7
LL130AF,6,3,3,2
LL130AG,10,6,4,3
LL130AH,4,2,2,1
LL130AJ,50,22,28,18
LL130AL,40,20,20,14
LL130AN,21,9,12,10
LL130AP,9,5,4,4
LL130AQ,26,12,14,14
LL130AR,14,8,6,8
LL130AS,2,1,1,2
LL130AT,74,44,30,29
LL130AU,25,15,10,8
LL130AW,102,52,50,48
LL130AX,53,21,32,24
LL130AY,48,24,24,29
LL130AZ,18,9,9,7
LL130BA,50,21,29,22
LL130BB,20,9,11,12
LL130BD,53,26,27,21
LL130BE,5,4,1,3
LL130BF,11,5,6,3
LL130BG,14,9,5,5
LL130BH,24,11,13,11
LL130BJ,18,10,8,5
LL130BL,41,23,18,15
LL130BN,7,5,2,3
LL130BP,8,4,4,3
LL130BQ,40,18,22,24
LL130BS,2,1,1,2
LL130BT,40,18,22,15
LL130BU,15,9,6,6
LL130BW,42,20,22,18
LL130BX,6,3,3,2
LL130BY,37,17,20,15
LL130BZ,53,30,23,20
LL130DA,93,47,46,38
LL130DB,6,2,4,5
LL130DD,24,14,10,12
LL130DE,14,7,7,6
LL130DF,29,18,11,13
LL130DG,38,19,19,14
LL130DH,13,6,7,7
LL130DJ,33,15,18,15
LL130DL,30,17,13,13
LL130DN,16,7,9,12
LL130DP,6,2,4,4
LL130DQ,28,15,13,12
LL130DR,10,5,5,5
LL130DS,35,17,18,11
LL130DT,43,22,21,18
LL130DU,16,7,9,8
LL130DW,17,9,8,9
LL130DX,11,7,4,3
LL130DY,33,18,15,14
LL130DZ,44,20,24,23
LL130EA,27,13,14,11
LL130EB,25,12,13,11
LL130ED,2,1,1,2
LL130EE,29,10,19,14
LL130EF,23,10,13,9
LL130EG,35,18,17,17
LL130EH,51,26,25,22
LL130EJ,20,10,10,13
LL130EL,8,4,4,5
LL130EN,15,4,11,6
LL130EP,40,21,19,14
LL130EQ,22,10,12,13
LL130ER,46,21,25,19
LL130ES,42,24,18,16
LL130ET,9,5,4,4
LL130EU,4,0,4,4
LL130EW,26,14,12,12
LL130EX,65,31,34,25
LL130EY,36,13,23,25
LL130EZ,12,7,5,7
LL130FA,6,1,5,3
LL130FB,10,4,6,5
LL130FD,8,5,3,2
LL130FE,6,3,3,3
LL130GA,9,5,4,4
LL130HA,49,26,23,24
LL130HB,68,30,38,29
LL130HD,10,5,5,6
LL130HE,48,24,24,18
LL130HF,17,6,11,4
LL130HG,15,7,8,3
LL130HH,26,11,15,9
LL130HJ,26,14,12,8
LL130HL,6,3,3,1
LL130HN,4,2,2,2
LL130HP,7,3,4,3
LL130HR,41,21,20,15
LL130HS,16,7,9,8
LL130HT,50,28,22,19
LL130HW,20,12,8,8
LL130HY,1,0,1,1
LL130JA,55,26,29,22
LL130JB,42,22,20,21
LL130JD,26,15,11,12
LL130JE,14,7,7,7
LL130JF,17,9,8,8
LL130JG,25,12,13,13
LL130JH,29,14,15,13
LL130JJ,48,27,21,21
LL130JL,46,21,25,21
LL130JN,26,16,10,9
LL130JP,34,18,16,10
LL130JQ,14,8,6,6
LL130JR,37,17,20,12
LL130JS,27,14,13,10
LL130JT,54,26,28,20
LL130JU,18,9,9,6
LL130JW,37,18,19,21
LL130JX,152,75,77,57
LL130JY,165,79,86,59
LL130JZ,53,26,27,15
LL130LA,22,13,9,8
LL130LB,13,7,6,5
LL130LD,21,13,8,7
LL130LE,72,31,41,30
LL130LF,60,31,29,27
LL130LG,42,17,25,15
LL130LJ,55,29,26,20
LL130LL,49,23,26,19
LL130LN,9,5,4,5
LL130LP,76,35,41,31
LL130LR,7,3,4,3
LL130LS,46,25,21,16
LL130LT,14,12,2,8
LL130LU,35,17,18,16
LL130LW,18,9,9,8
LL130LX,84,44,40,32
LL130LY,15,6,9,5
LL130LZ,54,26,28,17
LL130NA,27,17,10,15
LL130NB,17,8,9,7
LL130ND,18,11,7,8
LL130NE,61,28,33,22
LL130NF,25,13,12,7
LL130NG,10,6,4,4
LL130NH,15,9,6,6
LL130NJ,37,22,15,16
LL130NL,34,19,15,12
LL130NN,115,65,50,50
LL130NP,65,36,29,31
LL130NQ,52,24,28,25
LL130NR,35,16,19,11
LL130NS,24,11,13,8
LL130NT,34,12,22,14
LL130NU,154,84,70,56
LL130NW,34,15,19,18
LL130NX,12,7,5,7
LL130NY,21,13,8,6
LL130NZ,17,8,9,11
LL130PA,11,6,5,4
LL130PB,19,11,8,8
LL130PD,7,3,4,3
LL130PE,12,7,5,4
LL130PF,57,31,26,23
LL130PG,11,4,7,5
LL130PH,15,7,8,4
LL130PJ,33,14,19,14
LL130PL,6,2,4,4
LL130PN,14,8,6,8
LL130PP,4,2,2,2
LL130PQ,4,3,1,3
LL130PR,6,3,3,3
LL130PS,14,9,5,6
LL130PT,13,7,6,7
LL130PU,7,3,4,4
LL130PW,3,1,2,2
LL130PX,25,10,15,9
LL130PY,23,13,10,11
LL130PZ,33,16,17,12
LL130QA,39,19,20,13
LL130QB,25,14,11,8
LL130QD,26,13,13,8
LL130QF,40,18,22,15
LL130QG,19,9,10,8
LL130QH,48,24,24,15
LL130QL,34,18,16,14
LL130QN,38,18,20,14
LL130QP,10,7,3,4
LL130QQ,53,24,29,24
LL130RA,4,2,2,2
LL130RB,18,9,9,6
LL130RD,27,14,13,16
LL130RE,6,3,3,4
LL130RF,10,3,7,6
LL130RG,20,8,12,13
LL130RH,36,16,20,15
LL130RJ,16,6,10,15
LL130RL,48,22,26,20
LL130RN,44,26,18,18
LL130RP,13,5,8,6
LL130RQ,75,35,40,26
LL130RR,43,24,19,17
LL130RS,34,18,16,15
LL130RT,26,10,16,13
LL130RU,33,16,17,14
LL130RW,17,7,10,5
LL130RX,68,37,31,28
LL130RY,34,16,18,14
LL130RZ,32,14,18,11
LL130SA,43,23,20,17
LL130SB,106,53,53,43
LL130SD,5,2,3,3
LL130SE,6,3,3,4
LL130SF,27,14,13,12
LL130SG,53,26,27,21
LL130SH,15,8,7,6
LL130SL,8,5,3,7
LL130SN,32,18,14,11
LL130SP,34,15,19,15
LL130SR,13,5,8,5
LL130SS,9,3,6,2
LL130ST,35,19,16,10
LL130SU,14,7,7,5
LL130SW,28,13,15,11
LL130SX,17,12,5,4
LL130SY,16,6,10,5
LL130SZ,21,12,9,10
LL130TA,14,7,7,5
LL130TB,13,5,8,4
LL130TD,14,10,4,6
LL130TE,43,21,22,13
LL130TF,26,15,11,10
LL130TG,29,16,13,12
LL130TH,4,2,2,2
LL130TJ,19,10,9,7
LL130TL,10,4,6,4
LL130TN,17,6,11,7
LL130TP,9,5,4,4
LL130TQ,21,10,11,9
LL130TR,26,17,9,11
LL130TS,11,6,5,3
LL130TT,26,15,11,12
LL130TU,7,5,2,3
LL130TW,8,5,3,4
LL130TX,27,15,12,16
LL130TY,13,5,8,4
LL130UA,7,4,3,3
LL130UB,2,2,0,2
LL130UD,6,4,2,2
LL130UE,22,9,13,9
LL130UF,1,1,0,1
LL130UG,23,13,10,12
LL130UH,8,5,3,3
LL130UJ,42,24,18,13
LL130UL,9,4,5,4
LL130UN,3,1,2,2
LL130UP,8,5,3,4
LL130UQ,28,14,14,10
LL130UR,3,1,2,2
LL130UU,6,3,3,2
LL130UX,33,13,20,11
LL130UY,7,3,4,3
LL130UZ,15,8,7,5
LL130YA,22,9,13,8
LL130YB,40,19,21,13
LL130YD,62,32,30,27
LL130YE,1,1,0,1
LL130YF,49,25,24,18
LL130YG,8,3,5,3
LL130YH,83,45,38,29
LL130YJ,41,20,21,17
LL130YL,13,7,6,5
LL130YN,17,9,8,9
LL130YP,16,9,7,7
LL130YR,5,3,2,3
LL130YS,7,3,4,2
LL130YT,12,9,3,4
LL130YU,72,32,40,32
LL130YW,15,6,9,7
LL130YY,88,39,49,34
LL137AA,28,14,14,16
LL137AB,1,1,0,1
LL137AF,41,23,18,17
LL137AN,36,19,17,12
LL137AP,43,21,22,16
LL137AR,40,26,14,22
LL137AS,75,43,32,30
LL137AT,41,20,21,18
LL137AU,105,49,56,35
LL137AW,51,23,28,22
LL137BA,91,44,47,38
LL137BB,127,70,57,55
LL137BD,84,46,38,31
LL137BE,130,69,61,51
LL137BG,141,74,67,53
LL137BH,44,21,23,18
LL137BL,24,15,9,9
LL137BN,91,45,46,30
LL137BS,20,12,8,7
LL137BT,9,3,6,8
LL137BU,56,21,35,24
LL137BY,13,6,7,8
LL137DD,27,18,9,14
LL137DF,5,4,1,3
LL137DG,28,18,10,11
LL137DH,25,12,13,15
LL137DJ,58,48,10,21
LL137DL,13,7,6,12
LL137DN,22,14,8,12
LL137DP,55,36,19,23
LL137DQ,9,5,4,5
LL137DR,17,9,8,7
LL137DS,34,22,12,16
LL137DT,36,19,17,11
LL137DU,23,15,8,11
LL137DW,33,20,13,13
LL137DX,15,9,6,6
LL137DY,143,83,60,49
LL137DZ,18,8,10,6
LL137EA,67,25,42,16
LL137EB,33,16,17,12
LL137ED,22,10,12,10
LL137EE,46,27,19,18
LL137EF,53,11,42,4
LL137EG,90,52,38,36
LL137EH,16,7,9,5
LL137EJ,11,6,5,5
LL137EL,12,8,4,3
LL137EN,57,25,32,21
LL137EP,33,18,15,12
LL137EQ,73,37,36,30
LL137ER,56,27,29,20
LL137ES,39,20,19,12
LL137ET,18,10,8,6
LL137EW,50,18,32,1
LL137EX,35,18,17,11
LL137EY,59,31,28,22
LL137EZ,18,7,11,8
LL137GU,38,21,17,13
LL137GW,72,36,36,26
LL137GX,29,13,16,8
LL137GY,31,16,15,11
LL137GZ,33,16,17,12
LL137HA,52,28,24,20
LL137HB,53,30,23,20
LL137HD,22,12,10,10
LL137HE,67,26,41,28
LL137HF,29,14,15,16
LL137HG,23,10,13,20
LL137HH,13,5,8,10
LL137HJ,73,36,37,54
LL137HL,70,36,34,54
LL137HN,66,41,25,37
LL137HP,26,15,11,15
LL137HQ,19,8,11,14
LL137HS,14,8,6,7
LL137HU,35,19,16,17
LL137HX,36,13,23,31
LL137HY,24,11,13,8
LL137JA,21,10,11,10
LL137JB,61,28,33,27
LL137JD,19,12,7,7
LL137JE,17,8,9,7
LL137JF,14,7,7,6
LL137LD,23,14,9,16
LL137LL,32,24,8,19
LL137LT,67,36,31,39
LL137LY,98,47,51,45
LL137NA,30,15,15,14
LL137ND,40,18,22,24
LL137NH,36,19,17,16
LL137NN,81,46,35,36
LL137NP,10,5,5,4
LL137NQ,7,2,5,0
LL137NR,52,26,26,34
LL137NU,36,18,18,16
LL137NW,30,15,15,11
LL137NX,39,15,24,15
LL137NY,45,21,24,20
LL137NZ,101,50,51,41
LL137PB,18,10,8,7
LL137PD,38,21,17,19
LL137PE,10,3,7,6
LL137PF,53,30,23,18
LL137PG,25,20,5,8
LL137PH,92,55,37,35
LL137PL,35,17,18,13
LL137PN,25,15,10,12
LL137PR,87,47,40,40
LL137PT,20,10,10,5
LL137PU,62,32,30,26
LL137PW,22,11,11,9
LL137PY,43,25,18,15
LL137QB,59,33,26,23
LL137QD,18,8,10,9
LL137QE,62,32,30,27
LL137QF,32,18,14,10
LL137QG,8,3,5,3
LL137QH,43,23,20,12
LL137QJ,15,8,7,6
LL137QL,53,26,27,21
LL137QN,70,33,37,27
LL137QP,22,12,10,7
LL137QQ,132,68,64,49
LL137QW,98,50,48,39
LL137RA,22,15,7,6
LL137RB,56,30,26,14
LL137RH,121,50,71,55
LL137RN,21,12,9,8
LL137RP,81,47,34,36
LL137RS,18,13,5,7
LL137RT,21,10,11,9
LL137RU,88,49,39,38
LL137RW,108,50,58,43
LL137RY,150,72,78,67
LL137SA,21,18,3,14
LL137SB,14,12,2,4
LL137SD,24,14,10,9
LL137SE,49,24,25,20
LL137SG,50,32,18,22
LL137SH,99,51,48,32
LL137SL,72,42,30,24
LL137SN,6,3,3,3
LL137SP,39,19,20,23
LL137SY,48,32,16,16
LL137TB,8,7,1,4
LL137TD,2,1,1,1
LL137TE,24,9,15,11
LL137TG,46,24,22,18
LL137TH,69,32,37,29
LL137TL,63,30,33,34
LL137TN,61,37,24,25
LL137TP,58,35,23,21
LL137TR,49,26,23,24
LL137TS,88,44,44,40
LL137TT,25,14,11,10
LL137TU,7,6,1,5
LL137TW,75,38,37,34
LL137TX,81,41,40,36
LL137TZ,9,6,3,3
LL137UA,78,40,38,37
LL137UD,49,23,26,24
LL137UE,91,45,46,47
LL137UF,98,55,43,47
LL137UG,34,16,18,14
LL137UL,60,26,34,37
LL137UN,69,35,34,29
LL137UP,35,20,15,14
LL137UR,83,44,39,35
LL137US,56,29,27,19
LL137UT,19,13,6,11
LL137UW,26,11,15,14
LL137YD,64,36,28,21
LL137YE,86,42,44,37
LL137YR,27,11,16,24
LL138AF,35,17,18,20
LL138AH,5,4,1,3
LL138AP,9,5,4,7
LL138BA,7,5,2,5
LL138BD,19,9,10,14
LL138BG,1,1,0,1
LL138BS,21,11,10,9
LL138BT,46,28,18,25
LL138BX,3,0,3,2
LL138BY,4,3,1,3
LL138DA,7,4,3,3
LL138DB,15,8,7,8
LL138DH,1,1,0,1
LL138DJ,33,18,15,21
LL138DP,26,15,11,19
LL138DQ,84,44,40,42
LL138DS,67,32,35,26
LL138DT,31,14,17,12
LL138DU,17,10,7,7
LL138DW,1,0,1,1
LL138DZ,40,9,31,34
LL138EA,87,49,38,39
LL138EB,49,24,25,22
LL138ED,26,14,12,11
LL138EE,88,59,29,37
LL138EF,20,10,10,13
LL138EG,167,91,76,67
LL138EH,75,34,41,36
LL138EJ,28,16,12,17
LL138EL,93,52,41,40
LL138EN,50,34,16,26
LL138EP,28,22,6,14
LL138ER,50,29,21,19
LL138ES,37,18,19,12
LL138ET,60,31,29,28
LL138EU,80,39,41,41
LL138EY,105,51,54,44
LL138HA,70,38,32,30
LL138HB,62,29,33,32
LL138HD,13,8,5,6
LL138HE,37,19,18,16
LL138HF,37,24,13,0
LL138HH,55,50,5,31
LL138HY,6,4,2,5
LL138JA,25,13,12,12
LL138JB,33,17,16,15
LL138JD,30,16,14,16
LL138JE,31,15,16,13
LL138JF,18,8,10,8
LL138JG,24,10,14,12
LL138JH,33,13,20,15
LL138JJ,64,30,34,30
LL138JL,55,27,28,25
LL138JQ,30,14,16,14
LL138LU,14,7,7,4
LL138LW,38,27,11,22
LL138LY,2,1,1,1
LL138NF,31,16,15,7
LL138NG,8,5,3,5
LL138NH,65,31,34,26
LL138NL,1,0,1,1
LL138NN,11,8,3,5
LL138NR,28,12,16,16
LL138NS,60,34,26,27
LL138NT,64,35,29,25
LL138NU,42,23,19,18
LL138NW,34,14,20,17
LL138NX,57,27,30,28
LL138NY,10,6,4,4
LL138PA,6,4,2,2
LL138PE,37,22,15,21
LL138PF,50,25,25,20
LL138PG,75,33,42,27
LL138PH,115,64,51,50
LL138PL,59,32,27,26
LL138PN,149,67,82,52
LL138PP,53,26,27,28
LL138PR,55,28,27,22
LL138PS,75,38,37,27
LL138PT,12,6,6,4
LL138PU,2,1,1,2
LL138PW,63,31,32,33
LL138PY,77,41,36,22
LL138QA,37,24,13,29
LL138QH,43,21,22,22
LL138QJ,32,18,14,29
LL138QL,22,14,8,21
LL138QN,59,25,34,31
LL138QP,34,23,11,31
LL138QR,38,19,19,19
LL138QS,80,36,44,42
LL138QT,42,19,23,20
LL138QU,34,18,16,24
LL138QW,24,17,7,20
LL138QX,21,12,9,9
LL138QY,43,23,20,20
LL138QZ,14,5,9,6
LL138RA,9,3,6,8
LL138RB,74,41,33,31
LL138RD,3,3,0,3
LL138RE,19,12,7,11
LL138RG,49,22,27,25
LL138RH,24,11,13,9
LL138RJ,16,11,5,11
LL138RL,23,10,13,8
LL138RN,22,10,12,8
LL138RP,43,24,19,17
LL138RR,93,45,48,38
LL138RS,33,17,16,13
LL138RT,40,17,23,16
LL138RU,99,45,54,38
LL138RW,77,41,36,32
LL138RY,51,23,28,19
LL138SA,15,5,10,8
LL138SB,79,44,35,34
LL138SD,81,39,42,31
LL138SE,9,9,0,8
LL138SF,70,35,35,27
LL138SG,50,26,24,14
LL138SH,93,49,44,35
LL138SJ,86,49,37,64
LL138SL,94,46,48,33
LL138SN,70,35,35,26
LL138SP,133,63,70,53
LL138SQ,34,12,22,13
LL138SR,3,1,2,2
LL138SS,20,10,10,7
LL138ST,53,32,21,23
LL138SU,56,26,30,25
LL138SW,171,82,89,54
LL138SY,56,23,33,26
LL138TA,46,21,25,23
LL138TB,15,8,7,14
LL138TD,13,8,5,9
LL138TE,47,25,22,29
LL138TG,3,2,1,1
LL138TH,16,9,7,8
LL138TJ,4,2,2,3
LL138TL,33,15,18,16
LL138TN,72,33,39,25
LL138TP,157,81,76,40
LL138TR,89,42,47,31
LL138TS,91,47,44,36
LL138TT,106,47,59,42
LL138TU,114,50,64,42
LL138TW,94,39,55,33
LL138TY,102,51,51,46
LL138UA,183,95,88,72
LL138UB,97,43,54,38
LL138UD,147,69,78,66
LL138UL,56,28,28,34
LL138UN,66,35,31,29
LL138UQ,37,16,21,23
LL138UR,13,5,8,8
LL138US,10,9,1,8
LL138UT,15,9,6,5
LL138UU,80,44,36,30
LL138UY,70,34,36,35
LL138YA,64,33,31,27
LL138YB,5,3,2,3
LL138YD,48,22,26,22
LL138YE,145,76,69,60
LL138YF,106,48,58,39
LL138YG,101,51,50,41
LL138YH,135,64,71,54
LL138YL,94,47,47,33
LL139AB,89,46,43,34
LL139AH,46,20,26,17
LL139AJ,37,18,19,16
LL139AL,47,20,27,17
LL139AN,39,22,17,15
LL139AP,14,7,7,7
LL139AQ,43,20,23,18
LL139AR,89,43,46,35
LL139AS,78,30,48,28
LL139AT,81,43,38,38
LL139AU,87,41,46,35
LL139AW,46,28,18,34
LL139AX,11,5,6,4
LL139AY,102,55,47,44
LL139AZ,8,3,5,5
LL139BA,66,31,35,26
LL139BB,47,24,23,16
LL139BD,69,35,34,23
LL139BE,75,38,37,35
LL139BF,16,11,5,8
LL139BG,28,12,16,11
LL139BH,99,47,52,25
LL139BJ,2,1,1,1
LL139BL,6,4,2,2
LL139BN,64,26,38,18
LL139BP,44,25,19,16
LL139BS,24,10,14,10
LL139BT,59,28,31,25
LL139BU,18,11,7,6
LL139BW,48,21,27,17
LL139BY,9,5,4,3
LL139DA,9,5,4,5
LL139DB,15,7,8,6
LL139DD,24,12,12,14
LL139DE,48,22,26,31
LL139DF,58,25,33,25
LL139DG,17,9,8,7
LL139DH,43,23,20,22
LL139DJ,25,12,13,12
LL139DL,50,27,23,17
LL139DN,29,14,15,12
LL139DP,42,22,20,19
LL139DQ,93,50,43,34
LL139DR,100,45,55,41
LL139DS,31,15,16,12
LL139DT,18,11,7,10
LL139DU,42,20,22,20
LL139DW,35,18,17,14
LL139DX,15,6,9,8
LL139DY,64,35,29,28
LL139DZ,14,7,7,4
LL139EA,6,2,4,6
LL139EB,26,16,10,12
LL139ED,8,6,2,5
LL139EE,31,15,16,10
LL139EF,39,20,19,20
LL139EG,24,11,13,12
LL139EH,49,23,26,32
LL139EJ,8,6,2,4
LL139EL,23,12,11,9
LL139EN,66,24,42,40
LL139EP,57,26,31,23
LL139EQ,49,28,21,17
LL139ER,44,19,25,18
LL139ES,49,22,27,23
LL139ET,4,2,2,1
LL139EU,92,43,49,37
LL139EW,21,12,9,10
LL139EX,74,38,36,33
LL139EY,16,8,8,6
LL139EZ,21,11,10,18
LL139FX,35,15,20,10
LL139FY,39,21,18,14
LL139GA,27,12,15,12
LL139GB,27,13,14,8
LL139GD,46,22,24,18
LL139GE,27,13,14,12
LL139GF,11,4,7,5
LL139GG,59,33,26,20
LL139GJ,57,24,33,16
LL139GL,57,31,26,18
LL139GN,35,20,15,10
LL139GP,48,21,27,23
LL139GQ,36,17,19,13
LL139GR,45,22,23,21
LL139GS,47,24,23,16
LL139GT,38,18,20,12
LL139GU,18,8,10,6
LL139GW,34,22,12,11
LL139GX,97,45,52,34
LL139GY,75,38,37,31
LL139GZ,108,52,56,38
LL139HA,50,23,27,19
LL139HB,93,51,42,37
LL139HD,15,8,7,5
LL139HE,64,37,27,23
LL139HF,6,2,4,2
LL139HG,4,2,2,2
LL139HH,41,20,21,13
LL139HJ,64,32,32,33
LL139HL,33,17,16,11
LL139HN,39,21,18,15
LL139HP,34,16,18,12
LL139HQ,135,75,60,51
LL139HR,84,44,40,27
LL139HS,64,26,38,28
LL139HT,39,18,21,15
LL139HU,21,11,10,8
LL139HW,26,12,14,8
LL139HX,11,6,5,8
LL139HY,20,9,11,11
LL139HZ,13,7,6,5
LL139JA,4,2,2,2
LL139JB,21,11,10,7
LL139JD,13,7,6,5
LL139JE,32,14,18,14
LL139JF,57,25,32,15
LL139JG,20,11,9,8
LL139JH,4,2,2,2
LL139JJ,4,1,3,1
LL139JL,7,2,5,7
LL139JN,18,8,10,14
LL139JP,36,20,16,19
LL139JQ,16,8,8,7
LL139JR,14,8,6,5
LL139JS,21,9,12,13
LL139JW,26,13,13,14
LL139JX,14,8,6,8
LL139JY,110,55,55,54
LL139JZ,33,14,19,12
LL139LA,51,29,22,25
LL139LB,30,13,17,13
LL139LD,29,13,16,11
LL139LE,33,20,13,15
LL139LF,35,14,21,14
LL139LG,11,5,6,8
LL139LH,36,16,20,13
LL139LJ,35,15,20,12
LL139LL,20,10,10,7
LL139LN,41,17,24,17
LL139LP,32,15,17,16
LL139LQ,11,5,6,9
LL139LR,25,11,14,10
LL139LS,42,23,19,13
LL139LT,31,16,15,12
LL139LU,69,37,32,22
LL139LW,9,4,5,5
LL139LX,113,56,57,45
LL139LY,33,19,14,14
LL139LZ,16,11,5,7
LL139NA,51,26,25,14
LL139NB,17,10,7,9
LL139ND,26,11,15,10
LL139NE,10,6,4,4
LL139NF,6,3,3,3
LL139NH,120,55,65,23
LL139NJ,55,31,24,21
LL139NN,37,24,13,24
LL139NP,15,7,8,7
LL139NQ,57,32,25,19
LL139NR,50,24,26,19
LL139NS,17,10,7,12
LL139NT,123,62,61,41
LL139NU,110,56,54,43
LL139NW,20,6,14,8
LL139NX,8,4,4,6
LL139NY,152,74,78,65
LL139NZ,21,9,12,9
LL139PA,139,74,65,58
LL139PB,106,50,56,43
LL139PD,96,42,54,41
LL139PE,91,41,50,37
LL139PF,53,25,28,18
LL139PG,79,36,43,35
LL139PJ,12,7,5,6
LL139PR,1,1,0,1
LL139PT,30,19,11,11
LL139PU,79,38,41,31
LL139PY,41,20,21,18
LL139PZ,105,52,53,37
LL139QB,31,19,12,13
LL139QD,34,17,17,13
LL139QF,20,9,11,8
LL139QG,40,17,23,15
LL139QH,47,25,22,16
LL139QJ,25,12,13,10
LL139QL,6,2,4,4
LL139QN,18,9,9,12
LL139QP,35,15,20,11
LL139QQ,8,4,4,5
LL139QR,81,35,46,33
LL139QT,33,14,19,19
LL139QU,71,35,36,24
LL139QW,65,35,30,25
LL139QX,30,18,12,12
LL139QY,32,17,15,13
LL139QZ,34,17,17,13
LL139RA,70,35,35,24
LL139RB,55,27,28,17
LL139RG,17,7,10,6
LL139RH,31,18,13,9
LL139RL,40,23,17,14
LL139RN,38,19,19,15
LL139RP,27,13,14,10
LL139RQ,103,49,54,33
LL139RR,21,11,10,7
LL139RS,4,2,2,1
LL139RT,46,23,23,17
LL139RU,10,5,5,5
LL139RW,42,21,21,16
LL139RY,51,23,28,20
LL139RZ,48,25,23,21
LL139SA,15,3,12,7
LL139SD,3,1,2,2
LL139SF,8,4,4,4
LL139SG,29,16,13,12
LL139SH,24,12,12,12
LL139SJ,12,5,7,8
LL139SL,2,1,1,1
LL139SS,4,2,2,2
LL139ST,24,12,12,11
LL139SU,5,2,3,2
LL139SW,32,15,17,11
LL139SX,25,13,12,12
LL139SY,45,24,21,19
LL139SZ,62,28,34,32
LL139TA,18,9,9,7
LL139TE,5,2,3,1
LL139TF,24,14,10,8
LL139TG,3,3,0,2
LL139TH,1,1,0,1
LL139TJ,29,14,15,12
LL139TL,23,13,10,13
LL139TN,14,7,7,5
LL139TP,14,8,6,5
LL139TQ,30,14,16,13
LL139TR,5,2,3,2
LL139TS,47,23,24,17
LL139TT,31,18,13,17
LL139TU,12,8,4,2
LL139TW,8,6,2,2
LL139TX,31,18,13,12
LL139TY,19,12,7,7
LL139TZ,104,50,54,39
LL139UB,11,5,6,5
LL139UD,8,4,4,4
LL139UH,7,3,4,2
LL139UJ,67,33,34,25
LL139UQ,53,27,26,16
LL139UR,2,1,1,1
LL139US,31,14,17,16
LL139UT,1,1,0,1
LL139UU,5,3,2,2
LL139UX,31,17,14,11
LL139UY,13,7,6,5
LL139WJ,29,12,17,8
LL139XA,52,24,28,21
LL139XB,30,16,14,16
LL139XD,71,40,31,36
LL139XH,15,5,10,6
LL139XJ,9,4,5,6
LL139XL,22,9,13,8
LL139XW,6,1,5,3
LL139XY,10,6,4,4
LL139YA,21,10,11,6
LL139YB,29,14,15,10
LL139YD,8,3,5,2
LL139YE,56,33,23,23
LL139YF,9,5,4,5
LL139YG,9,5,4,4
LL139YH,5,3,2,2
LL139YJ,13,5,8,5
LL139YL,59,32,27,23
LL139YN,2,1,1,1
LL139YP,10,5,5,3
LL139YQ,6,1,5,5
LL139YR,8,4,4,3
LL139YS,128,59,69,56
LL139YT,6,4,2,3
LL139YU,31,13,18,19
LL139YW,43,21,22,13
LL139YX,6,3,3,4
LL139YY,16,8,8,10
LL139YZ,22,12,10,9
LL141AA,55,16,39,41
LL141AB,8,3,5,5
LL141AD,44,25,19,20
LL141AE,30,12,18,14
LL141AF,7,4,3,4
LL141AG,1,1,0,1
LL141AL,38,17,21,16
LL141AN,41,18,23,18
LL141AP,14,10,4,5
LL141AR,18,8,10,8
LL141AS,72,34,38,31
LL141AT,24,10,14,11
LL141AU,39,20,19,18
LL141AW,50,20,30,24
LL141AY,12,6,6,6
LL141BA,43,21,22,21
LL141BB,12,6,6,6
LL141BD,24,13,11,11
LL141BE,7,4,3,3
LL141BF,10,3,7,7
LL141BG,11,5,6,6
LL141BH,1,0,1,1
LL141BJ,17,6,11,7
LL141BL,25,8,17,13
LL141BN,22,10,12,8
LL141BP,8,3,5,4
LL141BQ,17,7,10,8
LL141BS,28,17,11,11
LL141BT,15,6,9,13
LL141BU,6,4,2,2
LL141BW,28,13,15,13
LL141BX,18,8,10,8
LL141BY,7,5,2,6
LL141DA,24,13,11,14
LL141DB,14,5,9,10
LL141DD,25,12,13,10
LL141DE,22,12,10,10
LL141DF,20,10,10,10
LL141DH,15,10,5,6
LL141DJ,12,4,8,6
LL141DL,6,2,4,3
LL141DP,23,12,11,8
LL141DQ,12,9,3,6
LL141DT,30,16,14,13
LL141DU,30,14,16,16
LL141DY,29,12,17,18
LL141EA,14,4,10,12
LL141EB,40,18,22,18
LL141ED,18,7,11,8
LL141EE,13,8,5,8
LL141EF,29,10,19,14
LL141EG,31,15,16,29
LL141EH,23,15,8,7
LL141EJ,11,4,7,4
LL141EL,25,11,14,8
LL141EN,51,25,26,26
LL141EP,5,2,3,3
LL141ER,28,15,13,11
LL141ES,21,10,11,7
LL141ET,10,5,5,5
LL141EU,7,5,2,5
LL141EW,30,13,17,15
LL141HA,24,11,13,11
LL141HB,64,37,27,34
LL141HD,21,9,12,8
LL141HE,68,36,32,29
LL141HF,12,6,6,4
LL141HG,3,2,1,2
LL141HH,118,60,58,51
LL141HL,63,31,32,26
LL141HN,10,5,5,5
LL141HP,11,5,6,4
LL141HQ,31,15,16,14
LL141HS,73,40,33,32
LL141HT,7,3,4,4
LL141HU,5,3,2,3
LL141HW,4,3,1,1
LL141HX,20,13,7,9
LL141HY,6,4,2,2
LL141LA,14,6,8,6
LL141LB,5,1,4,3
LL141LD,6,1,5,2
LL141LE,10,6,4,5
LL141LN,40,22,18,20
LL141LP,14,8,6,6
LL141LR,43,20,23,19
LL141LT,34,17,17,13
LL141LW,60,32,28,26
LL141LY,7,3,4,4
LL141NA,7,3,4,3
LL141NB,35,21,14,16
LL141ND,45,21,24,28
LL141NE,47,21,26,19
LL141NF,46,22,24,18
LL141NG,10,7,3,8
LL141NH,2,1,1,1
LL141NJ,6,2,4,5
LL141NL,24,13,11,12
LL141NN,5,3,2,2
LL141NP,33,17,16,22
LL141NQ,12,8,4,8
LL141NR,26,10,16,18
LL141NS,3,1,2,2
LL141NT,12,5,7,5
LL141NU,9,6,3,6
LL141NW,36,16,20,21
LL141NY,7,3,4,3
LL141PA,27,11,16,9
LL141PB,20,10,10,9
LL141PE,89,40,49,40
LL141PF,17,8,9,6
LL141PG,44,23,21,19
LL141PH,21,9,12,8
LL141PL,19,10,9,7
LL141PN,3,2,1,1
LL141PP,39,14,25,21
LL141PQ,37,21,16,12
LL141PR,211,100,111,91
LL141PS,49,25,24,19
LL141PT,21,11,10,8
LL141PU,34,14,20,18
LL141PW,103,54,49,46
LL141PY,39,19,20,16
LL141RA,25,16,9,11
LL141RB,42,22,20,22
LL141RD,5,4,1,2
LL141RE,50,28,22,28
LL141RF,12,6,6,6
LL141RG,14,6,8,9
LL141RH,37,19,18,18
LL141RJ,18,10,8,5
LL141RL,34,15,19,15
LL141RN,3,2,1,2
LL141RP,32,17,15,14
LL141RS,14,7,7,5
LL141RT,68,36,32,29
LL141RU,4,2,2,3
LL141RW,36,20,16,16
LL141RY,2,0,2,1
LL141SA,2,2,0,2
LL141SB,4,2,2,2
LL141SD,79,40,39,38
LL141SE,85,47,38,35
LL141SF,21,10,11,11
LL141SH,8,3,5,3
LL141SL,38,20,18,16
LL141SN,13,7,6,6
LL141SP,6,3,3,3
LL141SR,9,6,3,3
LL141SS,35,19,16,15
LL141ST,61,30,31,27
LL141SU,101,48,53,37
LL141SW,25,12,13,12
LL141SY,28,16,12,13
LL141TA,13,6,7,8
LL141TB,32,19,13,15
LL141TD,21,9,12,8
LL141TE,12,6,6,3
LL141TG,73,41,32,20
LL141TH,40,20,20,16
LL141TL,6,3,3,2
LL141TN,2,1,1,1
LL141TP,56,27,29,29
LL141TR,12,4,8,6
LL141TS,4,2,2,3
LL141TT,10,6,4,3
LL141TU,27,15,12,7
LL141TW,9,5,4,2
LL141TY,16,9,7,5
LL141UA,40,20,20,18
LL141UB,6,3,3,3
LL141UE,24,13,11,10
LL141UF,9,4,5,5
LL141UG,50,31,19,20
LL141UH,7,2,5,2
LL141UJ,5,3,2,2
LL141UL,3,0,3,2
LL141UN,11,7,4,3
LL141UP,46,24,22,22
LL141UR,110,56,54,45
LL141US,15,8,7,9
LL141UT,7,4,3,4
LL141UU,82,39,43,34
LL141UW,1,1,0,1
LL141UY,35,19,16,18
LL141YE,44,19,25,20
LL141YF,55,29,26,19
LL141YG,21,11,10,9
LL142AA,47,19,28,19
LL142AB,50,27,23,21
LL142AD,72,31,41,56
LL142AE,18,8,10,8
LL142AF,21,8,13,12
LL142AG,63,31,32,21
LL142AH,65,35,30,26
LL142AJ,55,31,24,20
LL142AL,1,1,0,1
LL142AN,2,1,1,1
LL142AP,22,13,9,10
LL142AR,62,32,30,24
LL142AS,77,41,36,28
LL142AT,33,12,21,10
LL142AU,82,36,46,35
LL142AW,24,12,12,8
LL142AX,14,8,6,8
LL142AY,27,14,13,6
LL142BA,97,39,58,40
LL142BB,64,31,33,28
LL142BD,90,39,51,31
LL142BE,63,30,33,28
LL142BF,75,39,36,45
LL142BN,43,22,21,11
LL142BP,17,8,9,7
LL142BS,54,24,30,36
LL142BT,16,10,6,7
LL142BU,63,36,27,21
LL142BW,30,15,15,17
LL142BY,59,25,34,21
LL142DA,7,4,3,4
LL142DB,29,19,10,14
LL142DD,24,13,11,8
LL142DE,9,5,4,4
LL142DF,18,9,9,9
LL142DG,94,49,45,32
LL142DH,38,19,19,22
LL142DJ,8,3,5,4
LL142DL,46,21,25,13
LL142DN,97,45,52,32
LL142DP,76,35,41,37
LL142DQ,50,25,25,32
LL142DR,7,3,4,7
LL142DS,41,20,21,16
LL142DT,59,30,29,18
LL142DU,5,3,2,2
LL142DW,57,37,20,22
LL142DY,9,2,7,3
LL142EA,62,31,31,27
LL142EB,34,18,16,14
LL142ED,59,28,31,24
LL142EE,9,4,5,4
LL142EG,19,9,10,8
LL142EH,42,23,19,21
LL142EJ,93,38,55,33
LL142EL,80,41,39,29
LL142EN,71,24,47,11
LL142EP,103,42,61,33
LL142EQ,17,6,11,17
LL142ER,5,1,4,3
LL142ES,64,30,34,19
LL142ET,60,30,30,22
LL142EU,71,37,34,34
LL142EW,33,18,15,14
LL142EY,64,32,32,42
LL142HA,20,9,11,7
LL142HB,100,46,54,39
LL142HD,33,15,18,12
LL142HE,48,23,25,21
LL142HF,34,17,17,15
LL142HG,89,49,40,29
LL142HH,54,20,34,19
LL142HL,30,19,11,12
LL142HN,67,30,37,20
LL142HP,8,4,4,4
LL142HR,11,3,8,9
LL142HS,81,41,40,27
LL142HT,68,30,38,34
LL142HU,79,36,43,34
LL142HW,67,36,31,22
LL142HY,20,10,10,11
LL142LA,16,8,8,8
LL142LB,28,13,15,12
LL142LD,26,15,11,11
LL142LE,8,4,4,5
LL142LF,37,23,14,15
LL142LG,29,16,13,11
LL142LH,21,13,8,9
LL142LL,12,7,5,5
LL142LN,32,21,11,21
LL142LP,62,34,28,38
LL142LR,30,15,15,18
LL142LS,37,21,16,16
LL142LT,29,13,16,18
LL142LW,44,20,24,24
LL142LY,17,6,11,8
LL142NA,126,64,62,41
LL142NB,24,9,15,8
LL142ND,97,45,52,37
LL142NE,54,28,26,30
LL142NF,120,59,61,50
LL142NG,36,17,19,15
LL142NH,37,19,18,17
LL142NL,24,14,10,8
LL142NN,22,7,15,8
LL142NP,71,31,40,25
LL142NR,44,19,25,13
LL142NS,89,50,39,29
LL142NT,52,22,30,27
LL142NW,59,28,31,20
LL142PA,64,29,35,23
LL142PB,34,16,18,13
LL142PD,20,8,12,7
LL142PE,67,31,36,34
LL142PF,45,23,22,21
LL142PG,58,25,33,20
LL142PH,103,57,46,42
LL142PJ,62,33,29,27
LL142PL,114,54,60,38
LL142PN,102,54,48,45
LL142PP,5,1,4,2
LL142PQ,14,6,8,5
LL142PR,150,79,71,60
LL142PS,84,43,41,38
LL142PT,34,16,18,15
LL142PU,5,3,2,2
LL142PW,18,9,9,8
LL142PY,13,8,5,8
LL142RA,8,3,5,4
LL142RB,12,7,5,5
LL142RD,17,8,9,10
LL142RE,64,31,33,23
LL142RF,64,29,35,30
LL142RG,40,21,19,23
LL142RH,31,16,15,14
LL142RL,49,27,22,21
LL142RN,9,5,4,4
LL142RP,131,69,62,50
LL142RR,68,37,31,26
LL142RS,89,48,41,29
LL142RT,20,10,10,7
LL142RU,78,42,36,33
LL142RW,17,9,8,6
LL142RY,16,7,9,9
LL142SA,65,31,34,31
LL142SD,2,1,1,1
LL142SE,120,58,62,49
LL142SF,67,34,33,25
LL142SG,43,22,21,14
LL142SH,21,10,11,9
LL142SJ,107,42,65,41
LL142SL,21,12,9,7
LL142SN,29,15,14,11
LL142SP,75,36,39,33
LL142SR,65,33,32,26
LL142SS,29,14,15,10
LL142ST,99,46,53,39
LL142SU,63,30,33,26
LL142SW,44,25,19,19
LL142SX,88,46,42,28
LL142SY,9,5,4,3
LL142TA,11,6,5,5
LL142TB,62,31,31,26
LL142TD,69,36,33,34
LL142TE,33,16,17,18
LL142TF,19,7,12,8
LL142TG,12,6,6,6
LL142TH,36,17,19,18
LL142TL,44,21,23,16
LL142TN,46,25,21,15
LL142TP,33,14,19,13
LL142TR,58,26,32,34
LL142TS,71,38,33,33
LL142TW,26,16,10,14
LL143AA,17,7,10,5
LL143AB,26,17,9,17
LL143AE,26,19,7,20
LL143AF,2,1,1,1
LL143AH,11,6,5,4
LL143AJ,28,13,15,12
LL143AL,6,3,3,3
LL143AN,10,5,5,5
LL143AP,12,7,5,9
LL143AR,6,5,1,5
LL143AS,9,4,5,6
LL143AT,39,20,19,15
LL143AW,28,15,13,11
LL143AX,2,1,1,1
LL143AY,14,8,6,8
LL143BA,17,11,6,7
LL143BB,4,2,2,3
LL143BD,5,2,3,3
LL143BE,4,3,1,2
LL143BG,5,3,2,2
LL143BH,19,6,13,8
LL143BJ,10,9,1,7
LL143BL,33,17,16,13
LL143BN,3,2,1,2
LL143BP,14,5,9,5
LL143BQ,9,5,4,4
LL143BS,2,1,1,1
LL143BT,7,4,3,3
LL143BU,11,6,5,4
LL143BW,5,3,2,2
LL143BY,17,9,8,11
LL143DA,11,6,5,6
LL143DD,10,7,3,4
LL143DE,7,4,3,3
LL143DF,8,5,3,2
LL143DG,5,3,2,2
LL143DH,14,7,7,6
LL143DJ,6,2,4,4
LL143DL,61,32,29,23
LL143DN,20,9,11,6
LL143DP,18,10,8,8
LL143DR,15,9,6,7
LL143DS,31,14,17,13
LL143DW,5,2,3,2
LL143DX,20,11,9,11
LL143DZ,19,11,8,16
LL143EA,30,15,15,16
LL143EB,8,3,5,5
LL143EE,10,7,3,5
LL143EF,20,4,16,0
LL143EG,27,16,11,13
LL143EH,14,6,8,5
LL143EJ,13,6,7,4
LL143EN,59,30,29,23
LL143EP,32,19,13,15
LL143EQ,15,7,8,13
LL143ER,67,25,42,29
LL143ES,70,28,42,27
LL143ET,94,35,59,41
LL143EU,70,38,32,35
LL143EW,116,56,60,50
LL143EX,9,6,3,8
LL143EY,49,23,26,20
LL143EZ,14,5,9,11
LL143GB,30,17,13,9
LL143HA,70,30,40,27
LL143HB,115,60,55,42
LL143HD,148,69,79,57
LL143HE,118,60,58,58
LL143HF,54,25,29,23
LL143HG,107,55,52,39
LL143HP,87,46,41,48
LL143HQ,8,6,2,7
LL143HR,16,8,8,7
LL143HS,31,15,16,10
LL143HT,49,25,24,18
LL143HU,13,8,5,6
LL143HY,7,4,3,4
LL143JA,10,4,6,3
LL143JD,5,4,1,3
LL143JE,18,8,10,7
LL143JF,17,9,8,5
LL143JG,26,9,17,3
LL143JH,9,2,7,4
LL143JJ,6,3,3,3
LL143JL,18,11,7,6
LL143JN,1,1,0,1
LL143JQ,17,7,10,6
LL143JW,32,17,15,15
LL143LA,45,23,22,15
LL143LB,71,36,35,28
LL143LD,75,36,39,23
LL143LE,99,50,49,37
LL143LF,35,16,19,12
LL143LG,87,42,45,47
LL143LH,37,16,21,13
LL143LJ,81,39,42,29
LL143LN,5,2,3,1
LL143LP,2,1,1,1
LL143LR,56,20,36,30
LL143LS,90,49,41,39
LL143LT,44,21,23,19
LL143LU,129,74,55,46
LL143LX,34,17,17,14
LL143LY,81,45,36,27
LL143NA,44,19,25,15
LL143NB,45,25,20,20
LL143ND,114,61,53,43
LL143NE,110,55,55,41
LL143NF,36,20,16,17
LL143NH,30,13,17,10
LL143NJ,35,18,17,16
LL143NL,18,10,8,8
LL143NN,26,13,13,13
LL143NP,9,5,4,5
LL143NU,39,18,21,16
LL143NW,15,4,11,8
LL143NY,37,18,19,13
LL143PA,73,32,41,29
LL143PB,62,30,32,21
LL143PD,46,24,22,15
LL143PE,112,61,51,35
LL143PF,9,4,5,3
LL143PG,69,32,37,22
LL143PH,63,30,33,19
LL143PL,24,16,8,8
LL143PN,15,8,7,5
LL143PP,189,96,93,69
LL143PR,7,5,2,6
LL143PS,84,39,45,34
LL143PT,32,14,18,11
LL143PU,51,26,25,17
LL143PW,70,30,40,25
LL143RA,3,2,1,2
LL143RB,24,13,11,14
LL143RD,86,43,43,34
LL143RE,13,7,6,6
LL143RF,14,8,6,8
LL143RG,9,4,5,4
LL143RH,28,17,11,13
LL143RJ,2,1,1,1
LL143RL,33,15,18,12
LL143RN,3,1,2,2
LL143RP,9,4,5,6
LL143RR,17,9,8,9
LL143RS,7,3,4,4
LL143RT,17,9,8,4
LL143RU,58,28,30,22
LL143RW,5,3,2,2
LL143RY,41,18,23,17
LL143SB,12,3,9,9
LL143SD,13,8,5,5
LL143SE,39,14,25,17
LL143SF,16,5,11,8
LL143SG,13,9,4,7
LL143SH,8,5,3,5
LL143SN,39,21,18,17
LL143SR,125,67,58,59
LL143SS,45,23,22,24
LL143ST,49,24,25,18
LL143SU,8,3,5,4
LL143SW,40,23,17,16
LL143SY,10,6,4,4
LL143TA,13,4,9,6
LL143TB,35,17,18,19
LL143TD,8,5,3,5
LL143TE,3,1,2,2
LL143TF,6,4,2,3
LL143TG,27,10,17,9
LL143TH,13,6,7,5
LL143TJ,32,13,19,11
LL143TL,5,2,3,2
LL143TN,10,5,5,3
LL143TP,12,4,8,7
LL143TR,14,7,7,7
LL143TS,14,6,8,8
LL143TT,10,4,6,5
LL143TU,8,2,6,5
LL143TW,53,32,21,27
LL143TX,48,23,25,14
LL143TY,18,7,11,5
LL143TZ,7,3,4,4
LL143UA,32,16,16,13
LL143UB,15,6,9,8
LL143UD,15,9,6,6
LL143UE,30,14,16,10
LL143UF,3,1,2,2
LL143UG,11,6,5,3
LL143UH,132,68,64,52
LL143UJ,37,19,18,14
LL143UL,51,28,23,25
LL143UN,20,13,7,11
LL143UP,58,24,34,22
LL143UR,139,60,79,49
LL143US,40,22,18,16
LL143UT,19,11,8,10
LL143UU,30,15,15,12
LL143UW,29,16,13,18
LL143UY,91,47,44,38
LL143YA,96,54,42,38
LL143YB,12,5,7,6
LL143YD,2,1,1,2
LL143YE,35,14,21,15
LL143YF,11,4,7,7
LL143YG,15,6,9,5
LL143YH,36,12,24,29
LL143YJ,18,7,11,14
LL143YL,41,21,20,20
LL143YN,18,9,9,10
LL143YP,14,8,6,8
LL143YQ,6,4,2,6
LL143YS,31,13,18,13
LL143YT,11,4,7,5
LL143YW,9,5,4,5
LL143YY,21,9,12,10
LL144AA,67,34,33,30
LL144AB,47,25,22,17
LL144AD,51,26,25,23
LL144AE,65,35,30,19
LL144AF,56,30,26,25
LL144AG,50,24,26,22
LL144AH,21,13,8,11
LL144AJ,13,4,9,12
LL144AL,60,33,27,27
LL144AN,50,22,28,22
LL144AP,32,13,19,14
LL144AQ,10,7,3,10
LL144AR,49,21,28,23
LL144AS,35,18,17,18
LL144AT,34,17,17,17
LL144AU,14,10,4,5
LL144AW,18,8,10,7
LL144AX,9,2,7,6
LL144AY,6,3,3,5
LL144BA,12,5,7,5
LL144BB,23,10,13,15
LL144BD,88,46,42,30
LL144BE,50,31,19,18
LL144BG,34,15,19,12
LL144BH,28,14,14,12
LL144BL,28,17,11,8
LL144BN,67,32,35,24
LL144BP,82,44,38,34
LL144BQ,15,6,9,8
LL144BS,23,10,13,10
LL144BT,41,21,20,16
LL144BU,38,18,20,12
LL144BW,64,30,34,26
LL144BX,16,8,8,7
LL144BY,62,26,36,27
LL144DA,59,28,31,26
LL144DB,14,5,9,8
LL144DD,18,9,9,7
LL144DE,23,10,13,12
LL144DF,28,12,16,10
LL144DG,29,12,17,9
LL144DH,68,42,26,24
LL144DJ,25,11,14,12
LL144DL,32,14,18,17
LL144DN,51,27,24,23
LL144DQ,52,27,25,20
LL144DR,25,14,11,12
LL144DS,38,20,18,16
LL144DT,15,6,9,6
LL144DW,6,2,4,5
LL144DX,60,35,25,26
LL144DY,31,14,17,18
LL144DZ,11,5,6,7
LL144EA,73,31,42,25
LL144EB,21,12,9,8
LL144ED,27,15,12,11
LL144EE,35,18,17,16
LL144EF,24,11,13,12
LL144EN,77,38,39,32
LL144EP,11,5,6,4
LL144EQ,18,10,8,7
LL144ER,38,21,17,17
LL144ES,13,7,6,6
LL144ET,22,10,12,8
LL144EU,133,75,58,56
LL144EW,34,17,17,10
LL144EX,72,37,35,23
LL144EY,13,7,6,5
LL144EZ,39,20,19,18
LL144FA,21,8,13,8
LL144FB,13,9,4,6
LL144FD,142,69,73,52
LL144FE,15,8,7,7
LL144FF,18,9,9,7
LL144FH,42,19,23,17
LL144GA,44,22,22,18
LL144HD,39,19,20,15
LL144HF,13,7,6,4
LL144HG,8,4,4,4
LL144HJ,10,6,4,5
LL144HL,8,4,4,5
LL144HN,40,25,15,19
LL144HP,4,2,2,1
LL144HQ,170,86,84,73
LL144HR,10,7,3,3
LL144HS,10,5,5,4
LL144HT,21,10,11,8
LL144HU,15,9,6,7
LL144HX,18,10,8,6
LL144HY,27,12,15,10
LL144HZ,8,6,2,4
LL144JA,215,103,112,85
LL144JB,41,21,20,21
LL144JD,29,13,16,13
LL144JE,47,23,24,17
LL144JF,19,9,10,7
LL144LA,12,6,6,4
LL144LB,6,4,2,2
LL144LD,16,9,7,5
LL144LE,4,2,2,1
LL144LF,21,10,11,7
LL144LG,46,25,21,18
LL144LH,2,1,1,1
LL144LL,17,10,7,7
LL144LN,6,3,3,3
LL144LP,15,7,8,7
LL144LS,16,7,9,4
LL144LT,15,8,7,8
LL144LU,35,19,16,16
LL144LW,4,2,2,2
LL144LY,10,7,3,3
LL144NB,17,10,7,8
LL144ND,11,8,3,4
LL144PJ,15,10,5,5
LL145AA,6,3,3,3
LL145AB,13,9,4,7
LL145AD,19,11,8,8
LL145AE,15,8,7,8
LL145AF,2,1,1,1
LL145AG,6,3,3,2
LL145AH,23,12,11,11
LL145AJ,61,32,29,21
LL145AL,4,2,2,2
LL145AN,21,8,13,8
LL145AP,17,8,9,10
LL145AQ,23,11,12,11
LL145AR,7,4,3,4
LL145AS,28,15,13,13
LL145AT,20,9,11,11
LL145AU,9,4,5,4
LL145AW,108,54,54,45
LL145AY,16,10,6,6
LL145BA,26,12,14,12
LL145BB,175,79,96,68
LL145BD,14,5,9,5
LL145BE,70,34,36,33
LL145BF,55,30,25,24
LL145BG,43,22,21,21
LL145BH,32,19,13,14
LL145BJ,114,50,64,58
LL145BL,29,14,15,12
LL145BN,117,52,65,59
LL145BP,136,55,81,66
LL145BQ,5,2,3,3
LL145BS,29,13,16,12
LL145BT,2,1,1,1
LL145BU,22,11,11,5
LL145BW,41,24,17,15
LL145BX,63,31,32,20
LL145BY,15,6,9,6
LL145BZ,29,14,15,12
LL145DA,6,2,4,3
LL145DB,1,1,0,1
LL145DD,17,10,7,8
LL145DE,33,16,17,18
LL145DF,16,9,7,8
LL145DG,13,8,5,6
LL145DJ,94,50,44,45
LL145DL,14,8,6,5
LL145DN,12,5,7,7
LL145DP,49,23,26,22
LL145DR,30,13,17,15
LL145DS,20,9,11,14
LL145DU,26,15,11,7
LL145DW,52,23,29,19
LL145DY,25,13,12,10
LL145EA,25,15,10,8
LL145EB,11,5,6,6
LL145ED,19,7,12,7
LL145EE,11,4,7,4
LL145EF,35,18,17,15
LL145EH,37,20,17,18
LL145EL,27,13,14,12
LL145EN,17,8,9,8
LL145EP,56,25,31,24
LL145EQ,25,12,13,11
LL145ER,117,58,59,49
LL145EU,12,6,6,7
LL145EW,37,18,19,16
LL145EZ,5,3,2,1
LL145HA,13,9,4,9
LL145HB,6,3,3,3
LL145HD,33,16,17,11
LL145HE,12,4,8,8
LL145HF,8,5,3,4
LL145HL,16,9,7,8
LL145HN,47,22,25,16
LL145HP,3,2,1,2
LL145HR,5,2,3,3
LL145HS,71,35,36,25
LL145HT,67,35,32,25
LL145HU,41,21,20,16
LL145HW,30,15,15,8
LL145HX,1,0,1,1
LL145HY,83,40,43,25
LL145LA,75,42,33,28
LL145LB,38,21,17,18
LL145LD,10,4,6,9
LL145LE,21,15,6,6
LL145LF,81,43,38,46
LL145LG,113,52,61,56
LL145LH,67,27,40,28
LL145LJ,8,4,4,4
LL145LL,134,64,70,38
LL145LP,26,13,13,11
LL145LQ,104,49,55,39
LL145LR,27,12,15,15
LL145LS,29,15,14,14
LL145LU,27,13,14,11
LL145LW,63,37,26,47
LL145LY,29,14,15,16
LL145NA,14,7,7,7
LL145ND,104,47,57,37
LL145NE,105,49,56,45
LL145NF,10,4,6,4
LL145NG,15,9,6,8
LL145NH,43,20,23,17
LL145NJ,74,34,40,21
LL145NL,5,2,3,3
LL145NN,27,15,12,8
LL145NQ,46,24,22,14
LL145NR,17,8,9,6
LL145NS,12,6,6,5
LL145NU,110,48,62,46
LL145NY,29,10,19,20
LL145PA,2,1,1,1
LL145PB,3,1,2,2
LL145PD,40,23,17,19
LL145PE,66,21,45,37
LL145PF,69,34,35,39
LL145PG,22,9,13,7
LL145PH,25,14,11,10
LL145PJ,22,13,9,8
LL145PL,15,5,10,6
LL145PN,32,15,17,10
LL145PP,95,43,52,52
LL145PQ,12,8,4,9
LL145PR,108,51,57,39
LL145PS,24,9,15,8
LL145PT,6,2,4,4
LL145PU,23,12,11,9
LL145PW,98,44,54,36
LL145PY,43,22,21,19
LL145QB,15,9,6,6
LL145RA,29,14,15,9
LL145RB,8,5,3,4
LL145RD,2,1,1,1
LL145RE,68,35,33,34
LL145RF,19,10,9,8
LL145RG,37,17,20,17
LL145SB,25,9,16,17
LL146AB,30,18,12,10
LL146AD,15,7,8,7
LL146AF,130,60,70,47
LL146AG,152,64,88,67
LL146AH,63,30,33,32
LL146AJ,16,8,8,7
LL146AL,92,46,46,33
LL146AN,64,25,39,28
LL146AP,13,7,6,10
LL146AQ,15,9,6,10
LL146AR,95,46,49,33
LL146AS,100,48,52,39
LL146AT,33,18,15,11
LL146AU,33,17,16,17
LL146AW,24,16,8,10
LL146AY,44,22,22,28
LL146BA,33,19,14,13
LL146BB,31,14,17,17
LL146BD,18,10,8,12
LL146BE,104,45,59,34
LL146BF,19,10,9,10
LL146BG,70,35,35,26
LL146BH,30,12,18,14
LL146BJ,38,18,20,13
LL146BL,13,7,6,5
LL146BN,19,4,15,16
LL146BP,150,79,71,57
LL146BQ,11,4,7,5
LL146BS,20,11,9,6
LL146BU,7,5,2,6
LL146BW,57,29,28,19
LL146BX,62,30,32,20
LL146BY,22,10,12,8
LL146BZ,159,82,77,55
LL146DA,12,8,4,4
LL146DB,8,2,6,2
LL146DD,30,14,16,13
LL146DE,16,8,8,8
LL146DF,17,8,9,4
LL146DG,6,4,2,3
LL146DH,15,9,6,7
LL146DJ,24,13,11,9
LL146DL,21,11,10,8
LL146DP,9,6,3,4
LL146DQ,11,6,5,8
LL146DR,6,4,2,4
LL146DS,25,12,13,14
LL146DT,13,7,6,10
LL146DU,1,1,0,1
LL146DW,2,1,1,1
LL146DX,11,7,4,4
LL146DY,18,6,12,10
LL146EA,9,4,5,5
LL146EB,10,3,7,7
LL146ED,104,49,55,48
LL146EE,70,34,36,34
LL146EF,78,41,37,35
LL146EG,67,30,37,31
LL146EH,7,2,5,4
LL146EJ,106,50,56,51
LL146HB,35,34,1,4
LL146HF,31,12,19,6
LL146HG,5,2,3,2
LL146HL,13,9,4,3
LL146HN,21,10,11,9
LL146HP,31,15,16,14
LL146HR,9,5,4,4
LL146HS,14,6,8,8
LL146HT,15,6,9,9
LL146HW,42,17,25,17
LL146LA,86,43,43,34
LL146LB,38,22,16,23
LL146LE,28,13,15,18
LL146LF,5,2,3,2
LL146LG,81,37,44,34
LL146LH,19,9,10,9
LL146LJ,9,6,3,6
LL146LL,17,8,9,8
LL146LN,3,2,1,2
LL146LP,29,13,16,10
LL146LR,5,4,1,2
LL146LS,18,9,9,8
LL146LT,16,9,7,5
LL146LU,16,8,8,5
LL146LW,28,13,15,10
LL146NB,13,7,6,10
LL146ND,10,4,6,9
LL146NH,4,2,2,3
LL146NJ,15,8,7,5
LL146NL,8,4,4,5
LL146NN,49,25,24,27
LL146NP,1,1,0,1
LL146NR,36,21,15,15
LL146NS,62,31,31,28
LL146NT,11,6,5,7
LL146NU,19,9,10,9
LL146NW,11,7,4,5
LL146NY,10,8,2,6
LL146PA,37,16,21,18
LL146PB,39,19,20,15
LL146PD,16,9,7,7
LL146PE,20,9,11,11
LL146PF,8,3,5,5
LL146PG,30,15,15,12
LL146PH,30,17,13,14
LL146PL,9,4,5,5
LL146PN,10,6,4,6
LL146PP,46,23,23,38
LL146PS,49,24,25,21
LL146PT,11,5,6,6
LL146PU,13,5,8,7
LL146PW,28,14,14,10
LL146PY,25,11,14,10
LL146RA,4,2,2,2
LL146RB,43,18,25,8
LL146RD,21,12,9,8
LL146RE,32,14,18,11
LL146RF,32,14,18,11
LL146RH,9,6,3,4
LL146RJ,11,4,7,5
LL146RL,12,7,5,4
LL146RN,31,27,4,4
LL146RP,55,25,30,19
LL146RW,1,0,1,1
LL146TA,69,33,36,31
LL146TB,43,17,26,17
LL146TD,110,55,55,41
LL146TE,38,18,20,14
LL146TF,13,6,7,6
LL146TG,18,10,8,8
LL151AA,10,5,5,6
LL151AE,30,14,16,15
LL151AF,13,8,5,6
LL151AG,12,7,5,5
LL151AH,11,6,5,5
LL151AL,1,1,0,1
LL151AQ,68,34,34,30
LL151AR,7,2,5,5
LL151AU,9,3,6,6
LL151AW,35,16,19,17
LL151BA,66,33,33,21
LL151BE,20,9,11,8
LL151BG,12,5,7,8
LL151BJ,12,2,10,0
LL151BL,20,9,11,11
LL151BN,24,8,16,0
LL151BQ,27,13,14,17
LL151BS,1,1,0,1
LL151BT,20,12,8,12
LL151BU,38,20,18,16
LL151BW,29,13,16,24
LL151BY,93,42,51,35
LL151DA,48,26,22,19
LL151DB,72,44,28,24
LL151DD,19,10,9,7
LL151DE,36,17,19,18
LL151DF,55,23,32,25
LL151DG,32,13,19,17
LL151DH,12,7,5,6
LL151DJ,10,6,4,6
LL151DN,6,2,4,4
LL151DP,34,18,16,16
LL151DQ,11,7,4,5
LL151DR,17,10,7,7
LL151DS,20,12,8,11
LL151DT,61,32,29,26
LL151DU,23,13,10,12
LL151DX,3,1,2,2
LL151DY,44,26,18,27
LL151DZ,5,3,2,3
LL151EA,9,3,6,8
LL151EB,7,4,3,4
LL151EE,106,59,47,0
LL151EH,32,16,16,13
LL151EL,48,20,28,25
LL151EN,27,11,16,14
LL151EP,29,14,15,11
LL151EQ,23,9,14,10
LL151ER,15,9,6,10
LL151ES,16,8,8,7
LL151ET,46,25,21,17
LL151EU,31,13,18,17
LL151EW,49,27,22,19
LL151EX,3,1,2,3
LL151EY,24,13,11,12
LL151EZ,11,6,5,5
LL151FA,27,17,10,10
LL151HA,30,13,17,11
LL151HB,66,31,35,34
LL151HD,89,41,48,39
LL151HE,3,1,2,3
LL151HF,14,7,7,7
LL151HH,36,15,21,18
LL151HL,21,11,10,14
LL151HN,11,6,5,5
LL151HR,3,3,0,3
LL151HT,10,7,3,6
LL151HW,36,19,17,23
LL151HY,22,7,15,11
LL151JA,126,60,66,44
LL151JB,18,6,12,11
LL151JD,47,27,20,21
LL151JE,17,8,9,8
LL151JF,29,14,15,9
LL151JZ,11,5,6,9
LL151LB,73,41,32,35
LL151LD,32,9,23,11
LL151LE,42,25,17,16
LL151LF,110,53,57,53
LL151LG,49,24,25,27
LL151LH,72,35,37,32
LL151LJ,90,42,48,30
LL151LL,121,63,58,56
LL151LN,12,7,5,6
LL151LP,88,42,46,37
LL151LQ,33,4,29,30
LL151LR,79,41,38,30
LL151LT,41,23,18,22
LL151LU,94,40,54,35
LL151LX,35,17,18,20
LL151LZ,44,21,23,34
LL151NA,4,1,3,1
LL151NB,88,40,48,34
LL151ND,17,8,9,12
LL151NJ,1,1,0,1
LL151NR,36,15,21,23
LL151NS,7,4,3,6
LL151NT,24,16,8,12
LL151NU,69,38,31,26
LL151NW,4,2,2,2
LL151NY,24,14,10,11
LL151PA,12,6,6,5
LL151PB,20,9,11,8
LL151PD,5,3,2,3
LL151PE,73,31,42,31
LL151PF,129,58,71,58
LL151PG,103,48,55,43
LL151PH,111,51,60,44
LL151PJ,31,16,15,13
LL151PL,24,14,10,8
LL151PP,34,17,17,17
LL151PQ,67,28,39,28
LL151PT,32,19,13,12
LL151PU,2,1,1,1
LL151PW,66,32,34,38
LL151PY,14,8,6,6
LL151QB,3,2,1,1
LL151QD,22,11,11,7
LL151QE,19,9,10,5
LL151QF,16,7,9,5
LL151QH,2,1,1,1
LL151QL,73,37,36,28
LL151RA,12,5,7,7
LL151RB,42,18,24,17
LL151RD,43,22,21,19
LL151RE,30,15,15,13
LL151RF,8,4,4,3
LL151RG,94,46,48,34
LL151RH,34,17,17,17
LL151RJ,37,15,22,15
LL151RL,19,6,13,14
LL151RN,48,23,25,31
LL151RP,10,3,7,8
LL151RQ,7,3,4,5
LL151RR,121,55,66,53
LL151RS,111,55,56,45
LL151RT,38,21,17,14
LL151RU,31,16,15,12
LL151RW,6,2,4,4
LL151RX,45,22,23,18
LL151RY,52,31,21,20
LL151SB,41,19,22,19
LL151SE,35,17,18,20
LL151SF,95,46,49,41
LL151SG,19,10,9,7
LL151SH,6,4,2,4
LL151SJ,16,9,7,5
LL151SL,64,33,31,24
LL151SN,8,3,5,3
LL151SP,11,6,5,6
LL151SR,9,5,4,3
LL151SS,8,5,3,4
LL151ST,48,23,25,32
LL151SU,12,5,7,6
LL151SW,7,5,2,2
LL151SY,13,8,5,8
LL151TA,15,9,6,6
LL151TB,32,18,14,14
LL151TD,9,5,4,2
LL151TE,1,1,0,1
LL151TF,14,7,7,9
LL151TG,41,18,23,14
LL151TH,20,10,10,8
LL151TL,22,11,11,15
LL151TN,27,13,14,10
LL151TP,20,8,12,7
LL151TR,7,4,3,2
LL151TS,4,2,2,2
LL151TT,6,3,3,3
LL151TU,8,5,3,2
LL151TW,8,5,3,3
LL151TX,36,14,22,11
LL151TY,54,20,34,9
LL151TZ,13,7,6,4
LL151UB,21,10,11,10
LL151UD,7,3,4,4
LL151UE,4,1,3,1
LL151UF,26,13,13,10
LL151UG,5,3,2,2
LL151UH,30,15,15,11
LL151UL,35,19,16,13
LL151UN,5,3,2,2
LL151UP,62,30,32,23
LL151UR,14,6,8,7
LL151US,42,18,24,21
LL151UT,67,28,39,28
LL151UU,12,8,4,5
LL151UW,5,3,2,3
LL151UY,8,6,2,5
LL151UZ,18,8,10,7
LL151XY,153,77,76,57
LL151YA,15,10,5,4
LL151YB,2,1,1,2
LL151YD,16,6,10,8
LL151YE,16,5,11,5
LL151YF,39,19,20,18
LL151YG,6,3,3,4
LL151YH,34,13,21,17
LL151YP,115,59,56,54
LL151YQ,166,81,85,59
LL151YR,35,14,21,12
LL151YS,13,6,7,8
LL152AA,9,5,4,6
LL152AB,12,6,6,5
LL152AD,20,10,10,7
LL152AE,9,5,4,4
LL152AF,7,6,1,2
LL152AG,10,4,6,4
LL152AH,23,9,14,8
LL152AL,11,6,5,3
LL152AN,29,14,15,13
LL152AP,10,5,5,3
LL152AR,25,14,11,12
LL152AS,4,2,2,2
LL152AT,23,12,11,7
LL152AU,35,19,16,13
LL152AW,16,7,9,5
LL152AX,18,10,8,5
LL152AY,10,6,4,5
LL152BA,10,5,5,3
LL152BB,20,9,11,10
LL152BD,4,2,2,2
LL152BE,13,8,5,5
LL152BG,24,10,14,9
LL152BH,11,7,4,5
LL152BL,12,6,6,3
LL152BN,10,4,6,2
LL152BP,14,6,8,6
LL152BS,12,6,6,6
LL152BT,21,11,10,9
LL152BW,3,1,2,2
LL152BY,9,5,4,3
LL152DA,4,3,1,1
LL152DB,8,5,3,5
LL152DD,8,3,5,5
LL152DE,38,16,22,15
LL152DF,11,5,6,6
LL152DG,19,10,9,6
LL152DH,29,16,13,8
LL152DL,19,10,9,8
LL152DN,34,15,19,16
LL152DP,27,15,12,9
LL152DR,25,13,12,9
LL152DS,9,5,4,4
LL152DT,9,4,5,3
LL152DU,37,18,19,16
LL152DW,49,22,27,16
LL152DX,37,20,17,13
LL152DY,7,3,4,3
LL152EB,10,5,5,6
LL152ED,20,12,8,8
LL152EE,7,3,4,2
LL152EF,2,1,1,1
LL152EG,18,9,9,7
LL152EH,2,1,1,1
LL152EL,21,15,6,10
LL152EN,11,5,6,6
LL152EP,30,16,14,6
LL152EQ,8,4,4,7
LL152ER,5,2,3,2
LL152ES,8,4,4,4
LL152ET,27,12,15,16
LL152EU,32,15,17,12
LL152EW,31,16,15,14
LL152EX,15,7,8,7
LL152EY,47,28,19,23
LL152EZ,15,9,6,5
LL152HA,42,19,23,20
LL152HB,26,12,14,10
LL152HD,10,5,5,4
LL152HE,35,21,14,13
LL152HF,11,6,5,5
LL152HG,4,3,1,2
LL152HH,11,5,6,4
LL152HL,12,6,6,5
LL152HN,2,1,1,1
LL152HP,14,5,9,3
LL152HR,41,24,17,17
LL152HS,3,1,2,2
LL152HT,17,9,8,7
LL152HU,12,7,5,4
LL152HW,13,7,6,6
LL152HY,6,4,2,2
LL152LA,16,9,7,5
LL152LB,4,3,1,0
LL152LD,16,9,7,9
LL152LE,10,6,4,4
LL152LF,9,4,5,2
LL152LG,9,3,6,3
LL152LL,34,16,18,11
LL152LN,4,3,1,2
LL152LP,17,7,10,6
LL152LR,18,9,9,5
LL152LS,19,10,9,7
LL152LT,24,10,14,8
LL152LU,26,12,14,9
LL152LW,20,11,9,7
LL152LY,2,0,2,1
LL152NA,58,30,28,21
LL152NB,24,13,11,11
LL152ND,15,9,6,7
LL152NE,12,5,7,6
LL152NF,28,11,17,12
LL152NG,12,7,5,5
LL152NH,14,8,6,6
LL152NJ,11,5,6,5
LL152NL,27,14,13,10
LL152NN,14,8,6,6
LL152NP,10,6,4,4
LL152NQ,69,37,32,33
LL152NR,2,1,1,1
LL152NS,5,3,2,2
LL152NT,11,6,5,4
LL152NU,2,2,0,0
LL152NW,12,7,5,5
LL152NX,5,2,3,1
LL152NY,10,5,5,3
LL152NZ,8,3,5,4
LL152PA,24,13,11,11
LL152PB,50,24,26,18
LL152PD,20,9,11,10
LL152PE,26,13,13,11
LL152PF,21,11,10,8
LL152PG,34,16,18,16
LL152PH,31,15,16,9
LL152PJ,105,49,56,47
LL152PL,11,5,6,4
LL152PN,22,13,9,7
LL152PP,9,4,5,4
LL152PQ,50,24,26,15
LL152PR,6,2,4,3
LL152PS,5,2,3,1
LL152PT,9,4,5,4
LL152PU,13,6,7,7
LL152PW,33,16,17,10
LL152PY,25,13,12,10
LL152RA,28,13,15,12
LL152RB,9,3,6,6
LL152RD,20,10,10,9
LL152RE,4,2,2,2
LL152RF,2,1,1,1
LL152RG,2,1,1,1
LL152RH,5,3,2,2
LL152RJ,11,6,5,5
LL152RL,3,1,2,1
LL152RN,10,6,4,4
LL152RP,18,9,9,8
LL152RR,9,3,6,4
LL152RS,8,4,4,3
LL152RT,10,5,5,3
LL152RU,35,19,16,14
LL152RW,9,4,5,4
LL152SA,13,3,10,6
LL152SB,68,32,36,36
LL152SD,7,4,3,5
LL152SE,15,7,8,5
LL152SF,9,5,4,3
LL152SG,3,1,2,2
LL152SH,13,8,5,5
LL152SL,27,12,15,9
LL152SN,9,5,4,4
LL152SP,13,7,6,4
LL152SR,11,5,6,4
LL152SS,5,3,2,1
LL152ST,20,10,10,6
LL152SU,17,10,7,7
LL152SW,9,5,4,3
LL152SY,3,2,1,2
LL152TA,11,5,6,5
LL152TB,2,1,1,1
LL152TD,3,2,1,2
LL152TE,5,3,2,2
LL152TF,18,8,10,7
LL152TG,14,5,9,8
LL152TL,8,5,3,3
LL152TN,7,2,5,2
LL152TP,6,3,3,3
LL152TR,40,16,24,16
LL152TS,20,9,11,7
LL152TT,29,16,13,12
LL152TU,3,1,2,1
LL152TW,1,0,1,1
LL152TY,9,4,5,3
LL152TZ,28,14,14,11
LL152UA,6,3,3,2
LL152UB,17,6,11,7
LL152UD,25,15,10,10
LL152UE,3,1,2,2
LL152UF,20,8,12,9
LL152UH,14,6,8,6
LL152UL,13,6,7,4
LL152UN,16,6,10,5
LL152UP,5,3,2,3
LL152UR,1,1,0,1
LL152US,13,8,5,5
LL152UT,24,13,11,12
LL152UU,68,46,22,45
LL152UW,4,2,2,3
LL152UY,8,5,3,6
LL152YA,17,10,7,9
LL152YB,4,3,1,2
LL152YD,12,8,4,5
LL152YE,11,5,6,3
LL152YF,14,6,8,9
LL152YG,10,5,5,3
LL152YL,96,44,52,46
LL152YU,50,24,26,18
LL163AA,13,6,7,3
LL163AB,2,2,0,2
LL163AD,3,2,1,2
LL163AE,14,10,4,5
LL163AH,26,16,10,15
LL163AP,45,26,19,13
LL163AU,32,18,14,15
LL163BE,32,23,9,21
LL163BS,45,20,25,16
LL163BT,3,1,2,1
LL163BW,63,37,26,19
LL163BY,12,8,4,10
LL163DA,17,0,17,0
LL163DB,61,29,32,26
LL163DD,25,12,13,14
LL163DE,84,43,41,34
LL163DF,3,2,1,2
LL163DG,3,1,2,1
LL163DH,38,20,18,14
LL163DJ,32,18,14,12
LL163DL,29,14,15,11
LL163DN,22,11,11,8
LL163DP,11,5,6,6
LL163DQ,99,43,56,38
LL163DS,6,2,4,2
LL163DT,43,24,19,21
LL163DU,53,25,28,24
LL163DW,15,7,8,6
LL163DX,26,14,12,9
LL163DY,56,29,27,19
LL163DZ,28,17,11,10
LL163EB,10,7,3,10
LL163ED,52,26,26,26
LL163EE,3,2,1,1
LL163EF,17,9,8,8
LL163EG,84,41,43,29
LL163EH,37,21,16,22
LL163EJ,11,7,4,4
LL163EL,21,11,10,11
LL163EN,59,0,59,0
LL163EP,14,6,8,7
LL163EQ,4,2,2,2
LL163ER,109,39,70,51
LL163ET,165,74,91,56
LL163EU,54,28,26,19
LL163EW,6,3,3,2
LL163EY,25,15,10,11
LL163GA,10,3,7,4
LL163HA,33,18,15,13
LL163HB,83,31,52,41
LL163HD,13,8,5,6
LL163HE,30,13,17,12
LL163HF,136,77,59,48
LL163HG,56,32,24,23
LL163HH,49,25,24,22
LL163HL,25,10,15,10
LL163HN,79,33,46,42
LL163HP,44,23,21,22
LL163HR,52,24,28,27
LL163HT,90,46,44,40
LL163HU,76,33,43,33
LL163HW,15,6,9,9
LL163HX,45,22,23,27
LL163HY,11,9,2,3
LL163HZ,104,56,48,39
LL163JG,37,23,14,13
LL163JP,73,40,33,23
LL163JQ,39,22,17,13
LL163JR,98,52,46,30
LL163JS,130,63,67,42
LL163JT,97,48,49,29
LL163JU,60,33,27,18
LL163LB,2,1,1,1
LL163LD,36,18,18,18
LL163LE,15,7,8,8
LL163LF,10,4,6,5
LL163LG,43,23,20,14
LL163LH,31,15,16,28
LL163LJ,12,8,4,10
LL163LL,13,7,6,5
LL163LN,21,11,10,8
LL163LP,7,3,4,4
LL163LR,16,9,7,7
LL163LS,7,4,3,4
LL163LT,67,32,35,36
LL163LU,102,54,48,48
LL163LW,14,6,8,9
LL163LY,7,4,3,2
LL163NA,10,5,5,5
LL163NB,22,11,11,10
LL163ND,18,7,11,9
LL163NE,6,3,3,3
LL163NF,22,12,10,11
LL163NG,27,12,15,14
LL163NH,9,4,5,6
LL163NL,14,5,9,9
LL163NN,26,13,13,11
LL163NP,9,6,3,2
LL163NR,99,47,52,44
LL163NS,48,24,24,21
LL163NT,113,55,58,51
LL163NW,6,3,3,5
LL163PD,20,10,10,12
LL163PE,54,28,26,21
LL163PF,53,27,26,27
LL163PG,23,10,13,11
LL163PH,33,19,14,27
LL163PJ,88,48,40,35
LL163PL,3,2,1,2
LL163PN,39,16,23,22
LL163PP,10,4,6,5
LL163PQ,16,6,10,8
LL163PR,45,27,18,19
LL163PS,33,14,19,12
LL163PT,98,50,48,32
LL163PU,36,18,18,15
LL163PW,65,33,32,36
LL163PY,57,31,26,22
LL163RA,17,8,9,9
LL163RE,19,10,9,12
LL163RF,96,49,47,35
LL163RG,22,13,9,10
LL163RH,73,41,32,30
LL163RL,46,31,15,21
LL163RN,37,19,18,18
LL163RP,57,28,29,22
LL163RR,59,28,31,21
LL163RS,53,28,25,21
LL163RT,139,72,67,51
LL163RU,1,1,0,1
LL163RW,55,23,32,25
LL163RX,44,19,25,13
LL163RY,1,0,1,1
LL163RZ,19,9,10,7
LL163SB,46,24,22,19
LL163SD,5,3,2,2
LL163SF,6,6,0,6
LL163SH,15,8,7,6
LL163SN,36,20,16,13
LL163SP,30,14,16,9
LL163SR,11,5,6,6
LL163SS,21,13,8,8
LL163ST,15,7,8,7
LL163SW,20,13,7,11
LL163SY,13,8,5,8
LL163SZ,14,3,11,5
LL163TB,3,1,2,2
LL163TD,101,51,50,38
LL163TE,11,5,6,4
LL163TF,3,2,1,3
LL163TJ,5,4,1,4
LL163TL,3,2,1,3
LL163TN,19,13,6,8
LL163TP,11,3,8,4
LL163TR,52,26,26,22
LL163TS,5,2,3,4
LL163TT,1,1,0,1
LL163TU,36,18,18,13
LL163TW,15,5,10,10
LL163TY,8,4,4,6
LL163UA,28,12,16,17
LL163UB,8,5,3,4
LL163UD,55,31,24,32
LL163UE,8,5,3,3
LL163UF,6,4,2,3
LL163UG,25,13,12,12
LL163UH,11,5,6,7
LL163UJ,16,6,10,11
LL163UL,9,4,5,7
LL163UN,35,18,17,17
LL163UP,4,1,3,3
LL163UR,10,7,3,4
LL163US,8,4,4,3
LL163UT,12,6,6,6
LL163UU,49,22,27,24
LL163UW,21,8,13,12
LL163UY,27,13,14,12
LL163WY,1,1,0,1
LL163YA,9,5,4,4
LL163YB,2,1,1,1
LL163YF,4,2,2,1
LL163YG,164,90,74,57
LL163YH,9,6,3,6
LL163YJ,33,12,21,14
LL163YL,19,8,11,7
LL163YN,7,3,4,4
LL163YP,11,4,7,7
LL163YQ,14,7,7,5
LL163YR,11,7,4,6
LL163YS,22,10,12,12
LL163YT,61,26,35,20
LL163YU,63,36,27,34
LL163YW,11,7,4,4
LL163YY,137,70,67,52
LL164AA,7,3,4,4
LL164AB,3,1,2,2
LL164AD,12,4,8,5
LL164AE,21,9,12,12
LL164AF,14,8,6,7
LL164AG,30,13,17,15
LL164AH,39,19,20,20
LL164AL,13,7,6,5
LL164AN,30,14,16,13
LL164AP,17,8,9,8
LL164AR,46,22,24,18
LL164AS,33,14,19,20
LL164AT,11,5,6,7
LL164AU,18,7,11,7
LL164AW,27,13,14,11
LL164AY,17,8,9,7
LL164BA,40,19,21,20
LL164BB,27,15,12,13
LL164BD,12,6,6,6
LL164BE,37,17,20,18
LL164BH,41,16,25,12
LL164BN,30,13,17,11
LL164BP,30,16,14,11
LL164BQ,34,13,21,20
LL164BS,12,6,6,4
LL164BT,46,20,26,24
LL164BU,29,13,16,16
LL164BW,47,20,27,19
LL164BY,8,5,3,6
LL164DA,58,31,27,24
LL164DB,9,4,5,5
LL164DD,11,5,6,5
LL164DE,65,34,31,21
LL164DF,5,4,1,3
LL164DG,5,2,3,4
LL164DH,12,5,7,6
LL164DJ,27,16,11,11
LL164DL,2,2,0,1
LL164DN,6,2,4,2
LL164DP,12,5,7,5
LL164DR,29,14,15,14
LL164DS,16,6,10,8
LL164DT,12,7,5,4
LL164DU,4,2,2,2
LL164DW,21,10,11,9
LL164DY,5,2,3,2
LL164EA,7,4,3,4
LL164EB,2,1,1,2
LL164ED,3,2,1,2
LL164EE,11,6,5,4
LL164EF,35,17,18,21
LL164EG,7,3,4,4
LL164EH,8,5,3,3
LL164EL,14,7,7,5
LL164EN,7,3,4,4
LL164ER,18,10,8,7
LL164ET,16,10,6,7
LL164EU,62,32,30,19
LL164EW,48,27,21,17
LL164EY,44,25,19,20
LL164HA,89,44,45,32
LL164HB,74,42,32,38
LL164HD,73,36,37,30
LL164HE,52,25,27,25
LL164HF,54,29,25,18
LL164HG,33,14,19,20
LL164HH,26,13,13,12
LL164HJ,15,6,9,4
LL164HL,27,14,13,14
LL164HN,34,20,14,11
LL164HP,26,9,17,9
LL164HR,12,6,6,6
LL164HS,7,3,4,3
LL164HT,20,9,11,8
LL164HU,18,10,8,8
LL164HW,25,12,13,11
LL164HX,44,24,20,16
LL164HY,23,10,13,11
LL164LA,22,13,9,7
LL164LE,40,19,21,13
LL164LF,9,4,5,4
LL164LG,11,6,5,5
LL164LH,14,9,5,4
LL164LL,50,26,24,23
LL164LN,88,47,41,30
LL164LP,17,8,9,6
LL164LR,56,26,30,21
LL164LS,24,13,11,8
LL164LT,59,27,32,19
LL164LU,71,45,26,8
LL164LW,10,5,5,4
LL164LY,11,6,5,7
LL164NA,15,7,8,9
LL164NB,27,11,16,12
LL164NE,20,9,11,15
LL164NF,42,17,25,23
LL164NG,21,9,12,8
LL164NH,57,26,31,20
LL164NL,45,11,34,14
LL164NN,43,20,23,18
LL164NP,15,8,7,8
LL164NR,20,9,11,5
LL164NS,28,12,16,18
LL164NT,36,14,22,16
LL164NU,5,2,3,2
LL164NW,44,23,21,17
LL164NY,23,10,13,8
LL164PA,50,22,28,21
LL164PB,27,13,14,8
LL164PD,12,7,5,5
LL164PE,31,16,15,14
LL164PF,13,8,5,5
LL164PG,16,10,6,7
LL164PH,25,14,11,10
LL164PJ,123,59,64,55
LL164PL,17,9,8,5
LL164PN,23,13,10,8
LL164PP,5,1,4,2
LL164PQ,141,66,75,57
LL164PR,62,33,29,24
LL164PT,40,18,22,17
LL164PU,13,2,11,5
LL164PW,38,20,18,14
LL164PX,52,28,24,22
LL164PY,60,31,29,17
LL164RA,31,16,15,13
LL164RB,17,8,9,8
LL164RD,11,5,6,5
LL164RE,24,9,15,14
LL164RF,6,3,3,4
LL164RH,14,6,8,6
LL164RL,37,19,18,18
LL164RN,5,3,2,2
LL164RP,9,3,6,3
LL164RQ,26,14,12,12
LL164RR,16,9,7,5
LL164RS,17,9,8,5
LL164RT,10,4,6,6
LL164RU,18,6,12,7
LL164RW,17,8,9,7
LL164RY,30,18,12,10
LL164SA,35,19,16,14
LL164SB,28,17,11,11
LL164SD,10,4,6,5
LL164SE,6,2,4,3
LL164SF,8,5,3,4
LL164SG,29,15,14,10
LL164SH,3,1,2,2
LL164SL,13,8,5,5
LL164SN,10,5,5,5
LL164SP,8,5,3,2
LL164SR,14,9,5,5
LL164SS,16,7,9,8
LL164ST,4,2,2,2
LL164SU,46,25,21,24
LL164SW,28,15,13,10
LL164SY,4,3,1,1
LL164TA,14,8,6,3
LL164TB,13,9,4,6
LL164TD,21,10,11,7
LL164TE,8,4,4,2
LL164TF,8,5,3,3
LL164TG,5,2,3,3
LL164TH,22,12,10,7
LL164TL,49,24,25,18
LL164TN,13,7,6,5
LL164TP,5,3,2,1
LL164TR,13,10,3,5
LL164TS,11,6,5,4
LL164TT,5,3,2,2
LL164TU,10,5,5,3
LL164TW,6,2,4,3
LL164UA,16,5,11,7
LL164UB,8,3,5,4
LL164UD,9,4,5,4
LL164UE,6,3,3,2
LL164UF,13,6,7,4
LL164UG,4,2,2,1
LL164UH,18,9,9,9
LL164UJ,26,11,15,12
LL164UL,123,59,64,50
LL164UN,48,22,26,6
LL164UP,6,4,2,2
LL164UQ,21,10,11,7
LL164UR,16,6,10,9
LL164US,4,3,1,3
LL164UT,9,4,5,3
LL164UU,23,10,13,11
LL164UW,3,1,2,1
LL164UY,13,6,7,7
LL164YA,36,16,20,17
LL164YB,13,7,6,11
LL164YD,17,4,13,12
LL164YE,27,15,12,10
LL164YF,13,8,5,4
LL164YG,7,3,4,4
LL164YH,31,14,17,12
LL164YJ,57,30,27,21
LL164YL,43,23,20,17
LL164YN,19,11,8,12
LL164YP,33,16,17,20
LL164YW,22,10,12,13
LL165AA,11,5,6,6
LL165AB,19,10,9,5
LL165AD,10,7,3,3
LL165AE,12,6,6,6
LL165AF,1,1,0,1
LL165AG,76,33,43,12
LL165AH,26,11,15,9
LL165AJ,11,6,5,5
LL165AL,12,6,6,8
LL165AN,5,2,3,3
LL165AP,12,5,7,6
LL165AQ,106,52,54,46
LL165AR,63,31,32,24
LL165AS,49,26,23,26
LL165AT,55,28,27,23
LL165AU,57,33,24,19
LL165AW,4,2,2,3
LL165AX,30,18,12,12
LL165AY,68,32,36,25
LL165AZ,14,6,8,7
LL165BA,42,19,23,20
LL165BB,21,11,10,14
LL165BD,18,10,8,9
LL165BE,25,12,13,11
LL165BF,14,6,8,5
LL165BG,19,11,8,8
LL165BH,22,8,14,12
LL165BJ,4,3,1,4
LL165BL,15,10,5,6
LL165BN,9,5,4,3
LL165BP,4,1,3,2
LL165BQ,42,21,21,16
LL165BS,9,4,5,3
LL165BT,24,13,11,7
LL165BU,7,4,3,3
LL165BW,2,1,1,2
LL165BY,11,6,5,2
LL165DA,30,16,14,9
LL165DD,19,11,8,6
LL165DE,24,12,12,9
LL165DF,6,4,2,3
LL165DG,5,2,3,2
LL165DH,29,14,15,8
LL165DL,14,7,7,4
LL165DN,7,3,4,2
LL165DP,9,4,5,3
LL165DR,5,2,3,2
LL165DS,10,5,5,3
LL165DT,1,1,0,1
LL165DY,17,7,10,5
LL165EA,35,21,14,12
LL165EB,48,30,18,17
LL165ED,53,29,24,19
LL165EE,26,14,12,8
LL165EF,15,6,9,7
LL165EG,2,1,1,2
LL165EH,5,3,2,2
LL165EL,1,1,0,1
LL165EN,13,9,4,3
LL165EP,8,4,4,3
LL165EQ,15,7,8,10
LL165ER,19,9,10,6
LL165ES,16,9,7,6
LL165ET,16,9,7,5
LL165EU,9,6,3,2
LL165EW,7,4,3,3
LL165EY,4,3,1,2
LL165HA,13,7,6,3
LL165HB,6,3,3,3
LL165HD,12,5,7,6
LL165HE,24,12,12,9
LL165HF,15,8,7,7
LL165HG,12,4,8,6
LL165HH,6,4,2,2
LL165HJ,16,9,7,11
LL165HL,26,13,13,11
LL165HN,28,14,14,14
LL165HP,6,3,3,5
LL165HQ,19,10,9,7
LL165HR,20,10,10,8
LL165HS,53,24,29,17
LL165HT,67,35,32,34
LL165HW,22,7,15,7
LL165HX,22,11,11,8
LL165HY,15,8,7,4
LL165HZ,28,15,13,13
LL165LA,3,2,1,2
LL165LB,12,5,7,5
LL165LD,12,6,6,4
LL165LE,7,3,4,3
LL165LF,27,14,13,8
LL165LG,11,7,4,4
LL165LH,14,8,6,5
LL165LJ,18,8,10,12
LL165LL,9,4,5,5
LL165LN,15,7,8,5
LL165LP,3,2,1,1
LL165LR,5,4,1,1
LL165LS,32,18,14,13
LL165LT,16,8,8,5
LL165LU,10,4,6,4
LL165LW,11,6,5,5
LL165LY,9,5,4,5
LL165NA,28,14,14,14
LL165NB,23,12,11,8
LL165ND,34,18,16,15
LL165NE,12,8,4,3
LL165NF,15,7,8,8
LL165NG,20,11,9,6
LL165NH,7,4,3,3
LL165NL,25,16,9,10
LL165NN,11,7,4,4
LL165NP,41,24,17,15
LL165NR,32,17,15,14
LL165NS,32,18,14,9
LL165NT,6,3,3,1
LL165NU,23,12,11,9
LL165NW,18,11,7,6
LL165NY,13,8,5,4
LL165PA,18,11,7,7
LL165PD,14,8,6,4
LL165PE,7,3,4,3
LL165PF,4,3,1,2
LL165PG,16,8,8,6
LL165PH,34,16,18,14
LL165PL,36,17,19,18
LL165PN,9,5,4,4
LL165PP,8,3,5,3
LL165PR,7,4,3,2
LL165PS,10,5,5,3
LL165PT,19,10,9,9
LL165PU,33,17,16,15
LL165PW,2,1,1,1
LL165PX,12,6,6,6
LL165PY,13,6,7,4
LL165RA,4,3,1,3
LL165RD,9,6,3,3
LL165RE,1,1,0,1
LL165RF,2,1,1,1
LL165RG,20,8,12,5
LL165RH,10,8,2,5
LL165RL,18,10,8,6
LL165RN,3,3,0,1
LL165RP,10,4,6,3
LL165RR,2,1,1,1
LL165RS,30,17,13,12
LL165RT,59,31,28,24
LL165RU,15,8,7,8
LL165RW,5,2,3,1
LL165RY,9,4,5,5
LL165SA,4,2,2,3
LL165SB,37,18,19,14
LL165SD,18,11,7,6
LL165SE,3,2,1,1
LL165SF,3,2,1,1
LL165SG,3,1,2,2
LL165SH,25,14,11,12
LL165SL,15,6,9,7
LL165SN,20,9,11,6
LL165SP,18,10,8,6
LL165SR,4,2,2,1
LL165ST,10,4,6,4
LL165SW,7,5,2,2
LL165SY,40,12,28,3
LL165TG,33,16,17,13
LL165TH,16,10,6,5
LL165TJ,13,6,7,6
LL165TL,28,16,12,12
LL165TN,16,8,8,9
LL165TP,1,0,1,1
LL165TR,7,3,4,4
LL165TT,10,4,6,4
LL165TU,18,8,10,10
LL165TW,41,18,23,21
LL165TY,5,4,1,3
LL165UA,4,2,2,4
LL165UB,28,13,15,18
LL165UD,35,17,18,13
LL165UE,11,5,6,5
LL165UF,21,12,9,8
LL165UG,16,10,6,5
LL165UH,12,6,6,5
LL165UL,2,2,0,1
LL165UN,15,8,7,5
LL165UP,10,6,4,3
LL165UR,4,3,1,1
LL165UT,124,65,59,47
LL165UU,124,61,63,53
LL165UW,4,2,2,1
LL165UY,27,14,13,12
LL165YA,5,2,3,1
LL165YB,40,24,16,16
LL165YD,30,15,15,12
LL165YE,24,14,10,10
LL165YF,27,15,12,10
LL165YG,48,23,25,18
LL165YH,40,17,23,12
LL165YL,89,45,44,44
LL165YN,45,26,19,18
LL165YP,15,8,7,5
LL165YT,26,10,16,15
LL165YW,26,13,13,8
LL170AA,10,5,5,4
LL170AB,5,4,1,1
LL170AD,19,10,9,8
LL170AE,16,8,8,6
LL170AF,7,5,2,3
LL170AG,18,9,9,9
LL170AH,4,3,1,1
LL170AJ,50,26,24,21
LL170AL,21,11,10,7
LL170AN,9,4,5,4
LL170AP,3,2,1,1
LL170AQ,29,17,12,10
LL170AR,5,3,2,4
LL170AS,13,10,3,1
LL170AT,5,3,2,3
LL170AU,32,15,17,11
LL170AW,29,15,14,14
LL170AX,17,9,8,7
LL170AY,18,9,9,7
LL170AZ,19,9,10,10
LL170BA,9,6,3,3
LL170BB,16,6,10,7
LL170BD,70,35,35,26
LL170BE,14,5,9,6
LL170BF,10,4,6,3
LL170BG,83,30,53,20
LL170BH,38,18,20,15
LL170BJ,59,32,27,33
LL170BL,14,7,7,6
LL170BN,74,40,34,35
LL170BP,54,25,29,24
LL170BQ,82,38,44,35
LL170BS,18,12,6,4
LL170BT,43,18,25,20
LL170BU,36,18,18,16
LL170BW,53,26,27,18
LL170BX,19,9,10,9
LL170BY,18,8,10,6
LL170BZ,8,3,5,5
LL170DA,19,7,12,11
LL170DB,24,12,12,10
LL170DD,18,8,10,7
LL170DE,43,24,19,13
LL170DF,54,28,26,20
LL170DG,5,3,2,2
LL170DH,28,14,14,11
LL170DJ,15,9,6,6
LL170DL,12,6,6,7
LL170DN,83,44,39,21
LL170DP,20,12,8,9
LL170DQ,53,23,30,22
LL170DS,34,19,15,14
LL170DT,26,9,17,5
LL170DU,11,5,6,3
LL170DW,66,30,36,29
LL170DX,23,14,9,7
LL170DY,77,37,40,29
LL170DZ,3,2,1,2
LL170EB,37,18,19,28
LL170ED,16,10,6,5
LL170EE,18,10,8,6
LL170EF,4,2,2,2
LL170EH,32,18,14,13
LL170EL,27,14,13,10
LL170EN,37,20,17,17
LL170EP,14,7,7,4
LL170ES,16,9,7,6
LL170ET,33,16,17,16
LL170EU,19,8,11,10
LL170EW,5,4,1,2
LL170EY,13,6,7,6
LL170HA,4,3,1,1
LL170HB,27,12,15,11
LL170HD,4,2,2,2
LL170HE,9,5,4,4
LL170HF,8,4,4,3
LL170HG,28,15,13,12
LL170HH,12,6,6,8
LL170HL,5,2,3,1
LL170HN,6,4,2,2
LL170HP,3,2,1,2
LL170HR,17,14,3,13
LL170HT,1,1,0,1
LL170HU,18,0,18,0
LL170HW,7,3,4,3
LL170HX,19,10,9,8
LL170HY,38,18,20,18
LL170JG,1,1,0,1
LL170LB,10,5,5,4
LL170LD,123,61,62,53
LL170LF,20,11,9,8
LL170LG,6,1,5,3
LL170LH,70,36,34,32
LL170LN,2,1,1,1
LL170LT,33,17,16,13
LL170LU,66,37,29,18
LL170LW,31,16,15,13
LL170LY,15,5,10,5
LL170LZ,14,5,9,5
LL170NA,2,1,1,1
LL170NB,27,10,17,11
LL170ND,9,5,4,4
LL170NE,50,16,34,12
LL170NF,11,2,9,6
LL170NG,2,1,1,1
LL170NH,16,6,10,7
LL170NL,1,1,0,1
LL170NN,58,30,28,19
LL170NP,56,28,28,20
LL170NR,9,4,5,4
LL170NS,56,32,24,24
LL170NT,30,11,19,17
LL170NU,55,31,24,18
LL170NW,26,10,16,13
LL170NX,23,12,11,7
LL170NY,20,9,11,11
LL170PA,118,65,53,50
LL170PB,28,12,16,11
LL170PD,57,23,34,26
LL170PE,45,20,25,16
LL170PF,13,7,6,4
LL170PG,112,51,61,53
LL170PH,42,18,24,24
LL170PJ,55,24,31,22
LL170PL,29,15,14,15
LL170PN,18,9,9,8
LL170PR,15,6,9,6
LL170PS,8,4,4,5
LL170PT,64,25,39,31
LL170PU,83,39,44,44
LL170PW,8,4,4,3
LL170PY,22,9,13,9
LL170RD,23,14,9,11
LL170RE,70,34,36,24
LL170RF,19,8,11,7
LL170RG,6,3,3,2
LL170RH,19,10,9,14
LL170RL,9,5,4,4
LL170RQ,59,23,36,47
LL170RR,30,11,19,12
LL170RS,3,2,1,2
LL170RT,28,15,13,15
LL170RU,68,34,34,29
LL170RW,53,26,27,20
LL170RY,29,12,17,12
LL170SA,13,5,8,6
LL170SB,26,12,14,12
LL170SD,2,1,1,2
LL170SE,33,19,14,15
LL170SF,12,2,10,6
LL170SG,31,20,11,12
LL170SH,7,3,4,4
LL170SJ,19,6,13,11
LL170SL,11,4,7,6
LL170SN,3,1,2,3
LL170SP,19,10,9,8
LL170SQ,27,15,12,12
LL170SR,6,2,4,4
LL170SS,9,4,5,6
LL170ST,43,19,24,32
LL170SU,111,54,57,49
LL170SW,8,3,5,4
LL170SX,45,23,22,17
LL170SZ,83,41,42,37
LL170TA,66,28,38,29
LL170TB,13,7,6,5
LL170TD,15,7,8,5
LL170TE,41,21,20,14
LL170TF,21,11,10,6
LL170TG,12,6,6,4
LL170TH,22,12,10,9
LL170TL,3,1,2,1
LL170TP,27,13,14,12
LL170TR,11,6,5,3
LL170TS,4,1,3,2
LL170TT,36,13,23,12
LL170TU,22,13,9,10
LL170TW,4,2,2,1
LL170TY,12,6,6,5
LL170UA,31,18,13,13
LL170UB,24,11,13,13
LL170UD,6,1,5,3
LL170UE,59,31,28,25
LL170UG,9,5,4,5
LL170UH,18,8,10,6
LL170UL,49,22,27,24
LL170UN,73,42,31,26
LL170UP,27,11,16,11
LL170UR,41,21,20,15
LL170US,18,7,11,8
LL170UT,2,2,0,1
LL170UU,29,14,15,16
LL170UW,12,5,7,5
LL170YA,38,18,20,17
LL170YP,13,5,8,8
LL170YR,31,11,20,15
LL181AE,7,3,4,3
LL181AG,17,10,7,10
LL181AH,19,11,8,11
LL181AL,12,8,4,7
LL181AN,3,2,1,2
LL181AS,1,1,0,1
LL181AT,1,0,1,1
LL181AU,16,9,7,8
LL181AW,33,25,8,21
LL181BA,3,2,1,1
LL181BD,3,2,1,2
LL181BE,4,0,4,2
LL181BG,1,1,0,1
LL181BN,14,7,7,8
LL181BP,25,15,10,18
LL181BS,22,17,5,12
LL181BT,26,15,11,13
LL181BU,32,16,16,13
LL181BW,42,21,21,23
LL181BX,5,3,2,4
LL181BY,3,2,1,3
LL181DA,46,27,19,22
LL181DB,76,36,40,35
LL181DD,78,38,40,30
LL181DE,54,22,32,18
LL181DF,15,8,7,8
LL181DG,41,21,20,14
LL181DH,47,26,21,13
LL181DL,36,18,18,14
LL181DN,74,32,42,25
LL181DP,45,18,27,17
LL181DR,90,41,49,33
LL181DS,29,13,16,14
LL181DW,61,25,36,23
LL181DY,12,6,6,3
LL181EA,92,56,36,40
LL181EB,25,12,13,15
LL181ED,44,23,21,17
LL181EE,11,7,4,7
LL181EG,33,17,16,13
LL181EL,17,7,10,7
LL181EP,3,2,1,1
LL181HB,6,3,3,1
LL181HE,4,3,1,1
LL181HF,12,7,5,5
LL181HH,59,30,29,26
LL181HL,107,54,53,79
LL181HN,134,62,72,95
LL181HR,32,12,20,11
LL181HS,89,45,44,28
LL181HT,42,28,14,19
LL181HU,59,27,32,19
LL181HW,2,1,1,1
LL181HX,14,7,7,9
LL181HY,122,62,60,38
LL181LA,26,18,8,18
LL181LB,31,22,9,21
LL181LE,54,29,25,24
LL181LF,4,4,0,4
LL181LG,8,4,4,2
LL181LH,53,36,17,17
LL181LL,27,11,16,12
LL181LP,11,6,5,5
LL181LR,4,3,1,1
LL181LS,68,45,23,51
LL181LT,59,27,32,23
LL181LU,23,13,10,8
LL181LW,16,9,7,8
LL181LY,17,7,10,5
LL181LZ,28,15,13,22
LL181NA,11,5,6,7
LL181NB,29,14,15,15
LL181NE,16,4,12,6
LL181NF,32,19,13,15
LL181NG,46,17,29,12
LL181NH,26,12,14,8
LL181NL,20,8,12,7
LL181NN,72,33,39,24
LL181NP,28,14,14,10
LL181NS,45,18,27,16
LL181NT,39,25,14,23
LL181NW,34,14,20,15
LL181NY,27,20,7,18
LL181PA,27,13,14,19
LL181PB,31,19,12,13
LL181PE,18,12,6,6
LL181PF,3,1,2,2
LL181PG,84,44,40,59
LL181PH,42,25,17,18
LL181PL,10,7,3,6
LL181PN,65,32,33,32
LL181PP,49,26,23,31
LL181PR,23,13,10,11
LL181PS,37,17,20,13
LL181PT,69,44,25,45
LL181PW,87,47,40,37
LL181PY,87,47,40,36
LL181RA,21,16,5,17
LL181RB,76,50,26,37
LL181RF,100,49,51,33
LL181RL,8,5,3,5
LL181RP,2,1,1,2
LL181RR,7,5,2,2
LL181SB,14,8,6,8
LL181SD,4,1,3,3
LL181SG,9,9,0,8
LL181SH,6,3,3,2
LL181SP,7,4,3,3
LL181SR,43,26,17,19
LL181SS,36,17,19,18
LL181SW,8,4,4,2
LL181SY,34,14,20,11
LL181TD,5,5,0,3
LL181TE,82,59,23,58
LL181TF,70,32,38,30
LL181TG,2,1,1,2
LL181TL,10,6,4,5
LL181UB,6,4,2,4
LL182AA,80,41,39,28
LL182AB,8,3,5,2
LL182AD,40,19,21,18
LL182AE,23,9,14,7
LL182AF,9,5,4,2
LL182AH,62,29,33,18
LL182AJ,13,5,8,8
LL182AN,88,40,48,35
LL182AP,128,61,67,45
LL182AR,65,29,36,22
LL182AS,102,45,57,38
LL182AT,105,49,56,33
LL182AU,84,47,37,29
LL182AW,71,30,41,27
LL182AY,30,13,17,10
LL182BA,82,46,36,19
LL182BB,47,20,27,20
LL182BD,106,56,50,31
LL182BE,120,58,62,33
LL182BG,51,23,28,20
LL182BH,95,44,51,31
LL182BL,76,35,41,23
LL182BN,21,8,13,7
LL182BT,40,21,19,16
LL182BU,28,15,13,13
LL182BW,39,22,17,11
LL182BX,29,16,13,22
LL182BY,39,21,18,20
LL182DA,60,30,30,27
LL182DB,114,43,71,42
LL182DD,15,7,8,13
LL182DE,79,37,42,27
LL182DG,67,33,34,23
LL182DH,11,6,5,5
LL182DL,53,27,26,18
LL182DN,61,26,35,23
LL182DR,31,19,12,10
LL182DT,50,24,26,22
LL182DU,45,20,25,15
LL182DW,37,14,23,15
LL182DY,30,18,12,15
LL182ED,36,17,19,11
LL182EF,22,11,11,12
LL182EG,22,13,9,9
LL182EH,61,33,28,32
LL182EL,95,43,52,42
LL182EN,86,43,43,29
LL182EP,37,20,17,14
LL182ER,143,61,82,47
LL182ES,47,22,25,17
LL182ET,41,15,26,13
LL182EY,47,20,27,23
LL182EZ,47,25,22,19
LL182HA,65,34,31,25
LL182HB,14,6,8,6
LL182HG,30,12,18,11
LL182HH,8,3,5,2
LL182HL,109,57,52,48
LL182HN,135,60,75,48
LL182HP,73,35,38,39
LL182HR,7,5,2,4
LL182HS,18,6,12,10
LL182HT,10,6,4,4
LL182HU,66,37,29,27
LL182HW,102,43,59,50
LL182HY,47,19,28,23
LL182JH,17,8,9,6
LL182JJ,66,33,33,23
LL182JL,38,20,18,13
LL182JN,41,19,22,33
LL182JP,32,14,18,8
LL182LA,39,18,21,23
LL182LB,66,36,30,32
LL182LD,21,12,9,9
LL182LE,12,4,8,7
LL182LF,21,11,10,10
LL182LG,22,7,15,15
LL182LH,8,3,5,4
LL182LJ,12,5,7,7
LL182LL,6,3,3,4
LL182LN,23,10,13,12
LL182LP,9,4,5,4
LL182LQ,23,12,11,10
LL182LR,8,5,3,3
LL182LS,8,2,6,2
LL182LT,41,22,19,15
LL182LU,50,24,26,21
LL182LW,41,20,21,20
LL182LX,44,20,24,19
LL182LY,9,4,5,5
LL182LZ,31,16,15,11
LL182NA,35,15,20,19
LL182NB,5,3,2,2
LL182ND,9,3,6,5
LL182NE,63,29,34,35
LL182NF,26,12,14,16
LL182NG,5,1,4,4
LL182NH,31,15,16,17
LL182NJ,12,4,8,10
LL182NL,17,6,11,10
LL182NN,7,4,3,3
LL182NP,28,14,14,13
LL182NR,20,9,11,11
LL182NS,85,45,40,33
LL182NT,43,21,22,23
LL182NU,27,11,16,16
LL182NW,34,16,18,18
LL182NY,23,9,14,12
LL182PA,20,10,10,11
LL182PB,85,42,43,33
LL182PD,37,23,14,32
LL182PF,25,11,14,7
LL182PG,20,11,9,8
LL182PH,36,17,19,16
LL182PJ,47,23,24,19
LL182PN,24,10,14,21
LL182PP,28,11,17,11
LL182PR,33,16,17,12
LL182PS,35,14,21,14
LL182PT,34,14,20,12
LL182PU,25,11,14,9
LL182PW,12,6,6,6
LL182RA,57,26,31,22
LL182RB,6,3,3,4
LL182RD,54,27,27,18
LL182RE,20,13,7,7
LL182RF,42,22,20,22
LL182RG,18,7,11,9
LL182RH,29,16,13,13
LL182RN,34,16,18,17
LL182RP,25,14,11,11
LL182RR,22,10,12,9
LL182RS,52,29,23,24
LL182RU,33,16,17,14
LL182RW,36,19,17,16
LL182RX,12,5,7,6
LL182RY,21,11,10,12
LL182SA,17,8,9,7
LL182SB,44,22,22,20
LL182SD,60,27,33,30
LL182SF,18,8,10,9
LL182SH,14,6,8,6
LL182SJ,8,2,6,5
LL182SL,4,2,2,2
LL182SN,10,4,6,6
LL182SP,50,21,29,24
LL182SQ,42,18,24,19
LL182SR,29,13,16,18
LL182SS,30,13,17,15
LL182ST,12,6,6,7
LL182SU,17,9,8,11
LL182SW,52,24,28,27
LL182SX,65,26,39,27
LL182SY,27,10,17,15
LL182TA,19,9,10,10
LL182TB,28,14,14,18
LL182TD,27,12,15,17
LL182TE,20,8,12,14
LL182TF,21,6,15,13
LL182TG,59,33,26,28
LL182TH,22,8,14,15
LL182TL,6,3,3,1
LL182TN,11,6,5,3
LL182TP,68,33,35,29
LL182TQ,22,7,15,16
LL182TR,30,17,13,13
LL182TS,15,9,6,7
LL182TU,6,2,4,4
LL182TW,24,11,13,11
LL182TX,16,7,9,12
LL182TY,16,10,6,9
LL182TZ,29,15,14,24
LL182UA,12,6,6,6
LL182UB,15,8,7,11
LL182UD,4,1,3,3
LL182UE,29,14,15,12
LL182UF,43,21,22,22
LL182UG,71,34,37,24
LL182UH,7,2,5,6
LL182UL,120,50,70,45
LL182UN,61,31,30,25
LL182UP,24,13,11,11
LL182UQ,47,22,25,19
LL182UR,83,34,49,46
LL182US,59,25,34,28
LL182UT,86,40,46,38
LL182UU,9,4,5,7
LL182UW,44,23,21,17
LL182UX,46,20,26,18
LL182UY,8,2,6,7
LL182YA,37,26,11,22
LL182YB,28,16,12,14
LL182YD,46,26,20,22
LL182YE,43,22,21,18
LL182YG,41,22,19,24
LL182YH,38,21,17,17
LL182YL,42,22,20,16
LL182YN,20,8,12,7
LL182YP,51,27,24,21
LL182YS,28,14,14,10
LL182YU,28,14,14,9
LL182YW,26,12,14,11
LL183AA,43,26,17,29
LL183AE,32,17,15,19
LL183AG,15,12,3,8
LL183AL,51,32,19,9
LL183AN,20,10,10,2
LL183AP,20,11,9,7
LL183AR,11,6,5,6
LL183AT,16,9,7,7
LL183AU,47,20,27,29
LL183AW,66,37,29,40
LL183AY,65,31,34,32
LL183BA,18,7,11,9
LL183BB,20,11,9,10
LL183BD,4,2,2,2
LL183BE,35,20,15,17
LL183BF,31,20,11,19
LL183BG,40,17,23,19
LL183BH,13,5,8,5
LL183BJ,9,5,4,9
LL183BL,18,8,10,9
LL183BN,45,25,20,21
LL183BP,12,5,7,5
LL183BS,6,3,3,4
LL183BW,35,17,18,18
LL183DA,9,4,5,6
LL183DD,16,9,7,5
LL183DF,4,2,2,1
LL183DG,17,4,13,12
LL183DH,24,7,17,6
LL183DJ,43,22,21,29
LL183DN,1,0,1,1
LL183DQ,25,12,13,9
LL183DR,7,5,2,4
LL183DS,38,17,21,11
LL183DW,12,7,5,7
LL183DX,5,2,3,4
LL183EB,65,36,29,40
LL183EE,49,24,25,26
LL183EF,45,26,19,20
LL183EG,41,23,18,23
LL183EH,2,1,1,1
LL183EL,14,8,6,6
LL183EN,27,12,15,15
LL183EP,1,1,0,1
LL183ER,19,8,11,8
LL183ES,24,9,15,16
LL183ET,46,24,22,19
LL183EU,67,42,25,32
LL183EW,24,11,13,19
LL183EY,20,9,11,9
LL183HD,9,5,4,6
LL183HF,55,31,24,46
LL183HG,15,8,7,8
LL183HL,50,23,27,23
LL183HN,1,1,0,1
LL183HU,103,48,55,38
LL183LA,10,4,6,5
LL183LR,21,12,9,6
LL183LS,12,6,6,5
LL183LU,63,39,24,43
LL183LW,16,8,8,12
LL183NA,22,16,6,8
LL183NB,3,1,2,3
LL183ND,6,4,2,4
LL183NE,15,8,7,8
LL183NF,4,2,2,2
LL183NG,29,14,15,12
LL183NH,132,62,70,45
LL183NL,20,10,10,6
LL183NN,96,53,43,35
LL183NP,54,26,28,20
LL183NQ,18,9,9,10
LL183NR,7,3,4,5
LL183NT,22,12,10,8
LL183NU,39,18,21,14
LL183NW,90,42,48,43
LL183NY,11,6,5,7
LL183PA,2,1,1,1
LL183PB,29,15,14,23
LL183PD,71,37,34,24
LL183PE,57,28,29,17
LL183PF,4,2,2,2
LL183PG,42,19,23,13
LL183PH,9,5,4,3
LL183PN,43,22,21,12
LL183PP,24,10,14,12
LL183PR,23,8,15,13
LL183PS,38,16,22,19
LL183PT,21,9,12,11
LL183PU,30,16,14,10
LL183PW,30,13,17,16
LL183RA,24,8,16,10
LL183RB,35,18,17,14
LL183RD,24,11,13,8
LL183RE,28,13,15,14
LL183RF,35,15,20,11
LL183RG,74,32,42,33
LL183RH,16,9,7,4
LL183RL,20,11,9,9
LL183RN,13,7,6,4
LL183RP,39,16,23,16
LL183RR,55,27,28,19
LL183RS,44,24,20,23
LL183RT,22,8,14,15
LL183RU,28,12,16,16
LL183RW,42,17,25,16
LL183RY,14,6,8,9
LL183SA,15,6,9,8
LL183SB,13,6,7,9
LL183SD,16,10,6,8
LL183SE,15,6,9,8
LL183SF,64,24,40,55
LL183SG,23,14,9,14
LL183SP,2,1,1,1
LL183SR,9,4,5,5
LL183SS,20,5,15,6
LL183ST,17,9,8,8
LL183SU,39,18,21,29
LL183SY,36,18,18,20
LL183TA,45,22,23,19
LL183TB,12,5,7,7
LL183TD,14,5,9,8
LL183TE,55,24,31,27
LL183TF,48,22,26,23
LL183TG,74,38,36,29
LL183TH,50,27,23,25
LL183TL,70,39,31,26
LL183TN,41,19,22,20
LL183TP,15,7,8,6
LL183TR,37,17,20,19
LL183TS,8,4,4,4
LL183TT,24,13,11,21
LL183TU,60,26,34,32
LL183TW,29,16,13,8
LL183TY,21,9,12,10
LL183UA,18,9,9,11
LL183UB,9,4,5,6
LL183UD,60,28,32,32
LL183UE,52,25,27,27
LL183UF,39,21,18,23
LL183UG,52,25,27,27
LL183UH,73,40,33,26
LL183UL,39,22,17,16
LL183UN,16,8,8,12
LL183UP,83,45,38,29
LL183UR,76,36,40,30
LL183US,48,28,20,16
LL183UU,5,3,2,2
LL183UW,14,7,7,5
LL183YE,7,3,4,5
LL183YG,25,12,13,10
LL183YN,6,4,2,3
LL183YW,17,7,10,8
LL184AA,68,32,36,23
LL184AB,74,31,43,31
LL184AD,16,8,8,5
LL184AE,22,10,12,7
LL184AF,66,30,36,23
LL184AG,29,15,14,11
LL184AH,43,21,22,17
LL184AJ,16,5,11,9
LL184AL,36,15,21,13
LL184AN,19,9,10,7
LL184AP,48,22,26,19
LL184AR,32,18,14,12
LL184AS,30,16,14,12
LL184AT,37,18,19,11
LL184AU,26,11,15,13
LL184AW,68,30,38,27
LL184AX,38,18,20,22
LL184AY,11,4,7,8
LL184AZ,12,7,5,5
LL184BA,45,22,23,22
LL184BB,44,19,25,21
LL184BD,4,2,2,2
LL184BE,27,12,15,13
LL184BG,6,3,3,4
LL184BH,81,41,40,35
LL184BJ,6,2,4,3
LL184BL,56,27,29,29
LL184BN,40,20,20,19
LL184BP,20,14,6,7
LL184BQ,56,27,29,25
LL184BS,54,19,35,43
LL184BT,32,18,14,11
LL184BU,11,5,6,4
LL184BW,40,23,17,16
LL184BX,50,28,22,20
LL184BY,47,21,26,18
LL184BZ,9,6,3,4
LL184DA,37,17,20,15
LL184DB,49,26,23,18
LL184DD,29,17,12,12
LL184DE,10,7,3,3
LL184DF,37,16,21,14
LL184DG,31,14,17,13
LL184DH,15,7,8,8
LL184DJ,23,10,13,8
LL184DL,49,25,24,17
LL184DN,53,28,25,26
LL184DP,49,26,23,22
LL184DQ,29,12,17,8
LL184DR,43,19,24,22
LL184DS,39,21,18,15
LL184DT,80,34,46,33
LL184DU,21,10,11,11
LL184DW,36,20,16,11
LL184DX,17,10,7,7
LL184DY,40,17,23,16
LL184DZ,22,12,10,7
LL184EA,13,7,6,5
LL184EB,82,42,40,36
LL184ED,84,37,47,41
LL184EE,19,9,10,9
LL184EF,16,8,8,7
LL184EG,19,11,8,8
LL184EH,25,12,13,13
LL184EJ,21,11,10,6
LL184EL,16,7,9,5
LL184EN,24,12,12,12
LL184EP,22,10,12,9
LL184EQ,13,8,5,6
LL184ES,31,17,14,15
LL184ET,27,13,14,18
LL184EW,55,23,32,19
LL184EX,24,10,14,14
LL184EY,7,4,3,4
LL184EZ,5,2,3,4
LL184FB,9,6,3,4
LL184FD,58,26,32,19
LL184FE,139,65,74,42
LL184FF,17,8,9,7
LL184FY,84,41,43,28
LL184FZ,28,14,14,14
LL184GA,63,36,27,19
LL184GB,33,20,13,15
LL184GD,14,7,7,6
LL184GE,69,29,40,23
LL184GF,54,25,29,15
LL184GG,65,37,28,26
LL184GH,27,10,17,11
LL184GJ,79,40,39,29
LL184HA,95,52,43,33
LL184HB,87,49,38,33
LL184HD,8,2,6,5
LL184HE,51,23,28,22
LL184HF,21,10,11,8
LL184HG,32,17,15,14
LL184HH,42,21,21,22
LL184HJ,69,29,40,27
LL184HL,77,39,38,27
LL184HN,42,21,21,18
LL184HP,104,56,48,43
LL184HQ,59,27,32,30
LL184HR,77,32,45,39
LL184HS,60,33,27,25
LL184HT,19,8,11,7
LL184HU,74,41,33,29
LL184HW,55,27,28,25
LL184HX,24,12,12,12
LL184HY,32,18,14,18
LL184HZ,33,19,14,16
LL184JA,54,30,24,19
LL184JB,49,29,20,16
LL184JD,80,41,39,38
LL184JE,50,21,29,20
LL184JF,49,25,24,16
LL184JG,73,34,39,40
LL184JH,67,28,39,35
LL184JJ,26,13,13,10
LL184JL,12,5,7,8
LL184JN,31,15,16,13
LL184JP,15,10,5,7
LL184JQ,52,24,28,25
LL184JR,46,25,21,29
LL184JS,40,16,24,24
LL184JT,45,21,24,27
LL184JU,12,5,7,7
LL184JW,144,69,75,59
LL184JX,36,19,17,17
LL184JY,27,13,14,12
LL184JZ,13,5,8,7
LL184LA,16,9,7,8
LL184LB,25,13,12,6
LL184LD,16,8,8,7
LL184LE,111,58,53,59
LL184LF,21,10,11,10
LL184LG,27,12,15,14
LL184LH,45,21,24,20
LL184LJ,11,6,5,5
LL184LL,26,13,13,11
LL184LN,66,32,34,29
LL184LP,62,24,38,26
LL184LQ,17,9,8,6
LL184LR,10,3,7,6
LL184LS,58,24,34,21
LL184LT,30,15,15,8
LL184LU,33,16,17,13
LL184LW,13,7,6,6
LL184LX,27,14,13,13
LL184LY,10,2,8,4
LL184LZ,82,38,44,35
LL184NA,24,10,14,11
LL184NB,47,21,26,16
LL184ND,7,2,5,4
LL184NE,25,10,15,9
LL184NF,29,10,19,12
LL184NG,37,15,22,13
LL184NH,108,46,62,44
LL184NJ,9,3,6,6
LL184NL,39,21,18,15
LL184NN,25,13,12,10
LL184NP,59,29,30,23
LL184NQ,88,38,50,39
LL184NR,101,47,54,32
LL184NS,50,29,21,24
LL184NT,74,36,38,25
LL184NU,63,28,35,24
LL184NW,15,8,7,12
LL184NX,11,6,5,5
LL184NY,8,2,6,5
LL184NZ,39,21,18,19
LL184PA,42,17,25,19
LL184PB,17,7,10,7
LL184PD,27,19,8,11
LL184PE,61,30,31,23
LL184PF,2,2,0,2
LL184PG,41,19,22,15
LL184PL,90,42,48,34
LL184PN,77,37,40,27
LL184PP,15,6,9,6
LL184PQ,70,34,36,26
LL184PR,32,14,18,14
LL184PS,22,12,10,8
LL184PT,58,29,29,21
LL184PU,42,20,22,15
LL184PW,19,9,10,6
LL184PY,21,11,10,8
LL184QA,235,116,119,83
LL184QB,16,8,8,6
LL184QD,32,13,19,15
LL184QE,26,12,14,14
LL184QF,14,8,6,4
LL184QG,34,18,16,11
LL184QH,22,9,13,7
LL184QJ,92,48,44,30
LL184QL,34,18,16,13
LL184RA,23,8,15,11
LL184RB,26,12,14,11
LL184RD,29,16,13,15
LL184RE,14,6,8,4
LL184RF,10,5,5,6
LL184RG,18,11,7,6
LL184RH,61,27,34,20
LL184RJ,32,17,15,15
LL184RL,52,28,24,17
LL184RN,28,12,16,11
LL184RP,14,9,5,8
LL184RQ,39,18,21,19
LL184RR,50,31,19,17
LL184RS,58,31,27,19
LL184RT,20,12,8,9
LL184RU,93,43,50,32
LL184RW,67,32,35,34
LL184RX,38,18,20,18
LL184RY,92,51,41,32
LL184RZ,58,25,33,29
LL184SA,30,10,20,13
LL184SB,68,36,32,25
LL184SD,42,17,25,24
LL184SE,46,22,24,22
LL184SF,30,16,14,13
LL184SG,140,64,76,57
LL184SH,33,15,18,15
LL184SJ,24,8,16,14
LL184SL,37,16,21,15
LL184SN,35,18,17,12
LL184SP,70,40,30,25
LL184SQ,49,22,27,20
LL184SR,24,11,13,7
LL184SS,33,17,16,13
LL184ST,42,15,27,25
LL184SU,30,14,16,14
LL184SW,77,39,38,24
LL184SX,47,24,23,20
LL184SY,14,7,7,7
LL184SZ,51,23,28,24
LL184TA,27,12,15,16
LL184TB,37,17,20,20
LL184TD,21,10,11,11
LL184TE,43,22,21,22
LL184TF,20,9,11,11
LL184TG,6,3,3,3
LL184TH,27,12,15,15
LL184TJ,46,22,24,18
LL184TN,70,34,36,25
LL184TP,24,13,11,11
LL184TR,20,7,13,13
LL184TS,24,9,15,13
LL184TT,21,9,12,13
LL184TU,20,11,9,10
LL184TW,16,7,9,8
LL184TY,34,15,19,12
LL184UA,22,14,8,11
LL184UB,40,16,24,22
LL184UD,46,19,27,27
LL184UE,40,20,20,20
LL184UF,23,9,14,12
LL184UG,49,24,25,27
LL184UH,40,16,24,23
LL184UL,59,30,29,18
LL184UN,46,22,24,26
LL184UR,57,27,30,19
LL184US,36,17,19,20
LL184UU,22,9,13,9
LL184XA,81,45,36,26
LL184XB,23,10,13,11
LL185AA,10,7,3,8
LL185AB,23,9,14,11
LL185AD,15,7,8,9
LL185AE,40,20,20,19
LL185AF,5,3,2,3
LL185AG,85,42,43,37
LL185AH,12,5,7,8
LL185AL,13,6,7,4
LL185AN,14,6,8,9
LL185AR,2,0,2,1
LL185AT,31,15,16,12
LL185AU,47,23,24,19
LL185AW,33,14,19,15
LL185AY,7,3,4,5
LL185AZ,49,18,31,17
LL185BA,71,30,41,17
LL185BB,22,12,10,8
LL185BD,26,12,14,15
LL185BE,4,2,2,2
LL185BF,65,34,31,23
LL185BG,15,5,10,7
LL185BH,41,19,22,15
LL185BJ,21,12,9,9
LL185BL,64,27,37,21
LL185BN,68,28,40,11
LL185BP,37,19,18,16
LL185BQ,25,14,11,23
LL185BS,18,9,9,11
LL185BT,56,28,28,23
LL185BW,146,70,76,59
LL185BX,33,15,18,14
LL185BY,187,91,96,71
LL185BZ,112,52,60,43
LL185DA,7,4,3,2
LL185DB,3,2,1,2
LL185DD,1,0,1,1
LL185DE,31,15,16,10
LL185DF,38,15,23,12
LL185DG,61,30,31,23
LL185DH,8,5,3,4
LL185DL,39,17,22,20
LL185DN,28,12,16,19
LL185DP,53,25,28,22
LL185DR,58,26,32,28
LL185DS,46,20,26,22
LL185DT,35,14,21,19
LL185DU,16,7,9,7
LL185DW,35,14,21,18
LL185DX,39,20,19,19
LL185DY,13,7,6,6
LL185DZ,41,19,22,19
LL185EA,17,9,8,8
LL185EB,18,11,7,7
LL185EE,16,5,11,0
LL185EF,33,20,13,14
LL185EG,20,12,8,11
LL185EJ,159,77,82,68
LL185EL,26,14,12,10
LL185EN,16,4,12,10
LL185ER,8,5,3,3
LL185ET,54,33,21,17
LL185EW,5,2,3,2
LL185EX,42,21,21,19
LL185EY,99,44,55,43
LL185EZ,47,22,25,25
LL185FA,34,15,19,15
LL185FB,25,15,10,11
LL185FD,17,8,9,5
LL185FE,194,94,100,69
LL185FF,58,33,25,22
LL185FG,50,24,26,22
LL185FH,3,1,2,1
LL185FJ,41,21,20,16
LL185FL,12,6,6,7
LL185FN,45,24,21,18
LL185FP,23,8,15,11
LL185FQ,17,6,11,8
LL185FR,28,14,14,14
LL185FS,50,23,27,21
LL185FT,5,3,2,3
LL185FW,27,9,18,9
LL185FX,34,19,15,11
LL185FY,45,19,26,14
LL185FZ,40,24,16,14
LL185HA,56,27,29,23
LL185HB,32,18,14,15
LL185HD,42,23,19,21
LL185HE,19,9,10,7
LL185HF,60,28,32,28
LL185HG,6,3,3,2
LL185HH,34,19,15,15
LL185HJ,44,20,24,20
LL185HL,3,0,3,1
LL185HN,87,42,45,25
LL185HP,31,15,16,11
LL185HQ,8,1,7,2
LL185HR,81,36,45,42
LL185HS,2,1,1,1
LL185HT,13,6,7,5
LL185HU,41,22,19,20
LL185HW,102,46,56,46
LL185HX,10,5,5,5
LL185HY,40,23,17,17
LL185HZ,85,44,41,42
LL185JB,53,29,24,25
LL185JD,12,6,6,7
LL185JE,13,6,7,6
LL185JF,51,27,24,22
LL185JG,47,24,23,18
LL185JJ,6,2,4,5
LL185JL,18,9,9,9
LL185JN,67,35,32,27
LL185JP,49,21,28,14
LL185JQ,66,34,32,22
LL185JR,47,18,29,16
LL185JS,10,5,5,3
LL185JT,45,21,24,20
LL185JU,47,23,24,15
LL185JW,60,33,27,19
LL185JX,12,8,4,3
LL185LA,58,29,29,25
LL185LB,57,30,27,25
LL185LD,67,36,31,32
LL185LE,48,24,24,18
LL185LF,86,37,49,29
LL185LJ,4,2,2,1
LL185LN,135,63,72,48
LL185LP,152,76,76,44
LL185LQ,45,22,23,18
LL185LR,34,16,18,16
LL185LS,32,18,14,15
LL185LT,63,36,27,25
LL185LU,42,24,18,14
LL185LW,108,53,55,45
LL185LX,32,15,17,19
LL185LY,38,16,22,13
LL185LZ,16,7,9,10
LL185NA,3,2,1,1
LL185NB,77,38,39,42
LL185ND,35,18,17,23
LL185NE,22,12,10,10
LL185NF,13,5,8,6
LL185NG,47,19,28,25
LL185NH,55,28,27,24
LL185NJ,8,3,5,3
LL185NL,21,10,11,12
LL185NN,42,22,20,23
LL185NP,78,39,39,33
LL185NQ,45,19,26,29
LL185NR,4,2,2,2
LL185NS,46,26,20,23
LL185NT,38,17,21,23
LL185NU,66,23,43,31
LL185NW,12,6,6,8
LL185NY,24,11,13,12
LL185PA,16,7,9,8
LL185PE,43,20,23,24
LL185PF,2,0,2,2
LL185PG,153,77,76,56
LL185PH,22,10,12,8
LL185PL,23,11,12,9
LL185PN,42,18,24,27
LL185PP,28,12,16,15
LL185PQ,11,6,5,7
LL185PT,18,7,11,8
LL185PU,36,17,19,17
LL185PW,28,12,16,15
LL185PY,15,8,7,7
LL185RA,49,27,22,19
LL185RB,37,19,18,13
LL185RD,57,28,29,17
LL185RE,10,5,5,4
LL185RF,57,29,28,20
LL185RG,45,22,23,16
LL185RH,25,12,13,10
LL185RJ,41,16,25,16
LL185RL,6,2,4,2
LL185RN,3,2,1,1
LL185RP,69,31,38,31
LL185RR,41,21,20,18
LL185RS,18,9,9,9
LL185RT,10,5,5,4
LL185RU,10,6,4,2
LL185RW,66,34,32,25
LL185RY,6,3,3,2
LL185SA,17,9,8,12
LL185SB,19,10,9,9
LL185SD,10,5,5,5
LL185SE,19,8,11,7
LL185SF,9,5,4,5
LL185SG,36,18,18,15
LL185SH,21,10,11,7
LL185SL,35,18,17,14
LL185SN,27,13,14,9
LL185SP,23,10,13,10
LL185SR,20,8,12,9
LL185SS,15,7,8,6
LL185ST,24,10,14,11
LL185SU,71,38,33,26
LL185SW,51,27,24,21
LL185SY,156,75,81,55
LL185SZ,40,22,18,18
LL185TA,34,12,22,12
LL185TB,43,24,19,14
LL185TD,24,9,15,8
LL185TE,4,2,2,2
LL185TF,13,5,8,5
LL185TG,11,6,5,5
LL185TH,16,9,7,7
LL185TJ,19,11,8,8
LL185TL,144,80,64,59
LL185TN,92,43,49,48
LL185TP,94,49,45,40
LL185TR,54,26,28,22
LL185TS,18,8,10,10
LL185TT,97,47,50,46
LL185TU,4,3,1,2
LL185TW,55,30,25,27
LL185UB,25,12,13,10
LL185UE,69,37,32,29
LL185UF,8,4,4,2
LL185UG,16,9,7,5
LL185UH,44,23,21,11
LL185UJ,25,12,13,10
LL185UL,23,12,11,9
LL185UN,11,3,8,5
LL185UP,34,15,19,17
LL185UQ,12,6,6,5
LL185UR,39,18,21,22
LL185US,61,31,30,33
LL185UT,10,5,5,5
LL185UW,12,5,7,8
LL185UY,21,9,12,9
LL185WD,222,105,117,85
LL185WE,47,24,23,14
LL185WF,25,11,14,9
LL185WG,67,36,31,24
LL185WH,25,11,14,8
LL185WJ,20,8,12,6
LL185WL,27,11,16,11
LL185WP,41,21,20,16
LL185WR,38,15,23,13
LL185WT,21,12,9,7
LL185YB,4,3,1,2
LL185YD,32,19,13,11
LL185YE,52,24,28,19
LL185YF,22,10,12,8
LL185YG,61,29,32,27
LL185YH,36,17,19,18
LL186AA,72,38,34,34
LL186AB,80,40,40,36
LL186AE,66,34,32,33
LL186AF,13,3,10,6
LL186AG,33,19,14,18
LL186AH,18,8,10,8
LL186AL,17,10,7,6
LL186AN,39,18,21,15
LL186AP,68,31,37,24
LL186AR,14,6,8,9
LL186AS,25,10,15,12
LL186AT,49,23,26,17
LL186AU,109,53,56,51
LL186AX,12,7,5,6
LL186AY,34,15,19,7
LL186BA,70,28,42,28
LL186BB,58,27,31,20
LL186BD,45,25,20,16
LL186BE,42,24,18,16
LL186BG,66,30,36,33
LL186BJ,18,9,9,7
LL186BL,3,2,1,2
LL186BN,2,1,1,1
LL186BP,23,13,10,12
LL186BQ,23,9,14,13
LL186BS,56,27,29,21
LL186BT,15,7,8,10
LL186BU,6,3,3,2
LL186BW,18,9,9,6
LL186BX,19,7,12,12
LL186BY,53,28,25,25
LL186DA,11,7,4,7
LL186DB,38,20,18,19
LL186DD,10,5,5,4
LL186DE,16,9,7,7
LL186DF,19,8,11,5
LL186DG,12,6,6,4
LL186DH,38,15,23,18
LL186DL,28,11,17,15
LL186DN,20,8,12,10
LL186DP,35,16,19,18
LL186DR,5,3,2,4
LL186DS,11,8,3,4
LL186DT,24,11,13,15
LL186DU,74,38,36,32
LL186DW,29,14,15,11
LL186DX,1,1,0,1
LL186DY,19,11,8,7
LL186EA,7,2,5,4
LL186EB,75,33,42,28
LL186ED,31,13,18,11
LL186EE,8,4,4,3
LL186EF,23,12,11,12
LL186EG,78,35,43,36
LL186EH,20,8,12,12
LL186EJ,25,10,15,12
LL186EL,31,17,14,17
LL186EN,27,11,16,12
LL186EP,64,31,33,28
LL186EQ,20,8,12,9
LL186ER,2,1,1,1
LL186ES,15,6,9,5
LL186ET,45,25,20,26
LL186EU,34,17,17,15
LL186EW,27,13,14,13
LL186EY,24,13,11,9
LL186HA,103,43,60,41
LL186HB,53,16,37,31
LL186HD,18,6,12,9
LL186HE,13,4,9,10
LL186HF,23,15,8,18
LL186HG,109,59,50,41
LL186HH,17,10,7,8
LL186HJ,30,19,11,12
LL186HL,15,8,7,8
LL186HN,54,27,27,24
LL186HP,8,5,3,2
LL186HR,51,22,29,25
LL186HS,62,29,33,24
LL186HT,22,8,14,9
LL186HU,58,31,27,20
LL186HW,26,12,14,11
LL186HY,48,27,21,18
LL186LA,7,3,4,2
LL186LD,1,0,1,1
LL186LE,42,25,17,17
LL186LF,51,28,23,20
LL186LG,61,32,29,20
LL186LN,119,63,56,47
LL186LP,66,33,33,23
LL186LR,14,9,5,5
LL186LS,55,30,25,17
LL186LT,47,24,23,18
LL186LW,18,7,11,10
LL186PB,21,9,12,15
LL186PD,31,14,17,16
LL186PE,64,28,36,32
LL186PG,9,5,4,4
LL197AA,24,12,12,13
LL197AB,30,17,13,18
LL197AD,18,9,9,7
LL197AE,7,2,5,4
LL197AF,23,11,12,12
LL197AG,2,1,1,1
LL197AH,7,3,4,2
LL197AL,20,11,9,11
LL197AN,14,6,8,8
LL197AP,4,0,4,2
LL197AS,17,8,9,10
LL197AT,48,27,21,18
LL197AU,22,9,13,10
LL197AW,12,6,6,6
LL197AY,4,2,2,2
LL197BA,9,4,5,5
LL197BB,20,10,10,11
LL197BD,8,5,3,3
LL197BE,18,8,10,10
LL197BG,1,0,1,1
LL197BH,42,20,22,22
LL197BL,20,10,10,8
LL197BN,14,7,7,8
LL197BP,11,5,6,6
LL197BS,13,4,9,9
LL197BW,13,6,7,8
LL197DA,51,24,27,29
LL197DB,25,11,14,17
LL197DD,56,28,28,32
LL197DE,17,11,6,8
LL197DF,27,14,13,18
LL197DG,51,20,31,28
LL197DH,39,20,19,21
LL197DJ,26,11,15,17
LL197DL,57,29,28,34
LL197DN,52,25,27,27
LL197DP,26,14,12,12
LL197DQ,27,13,14,14
LL197DR,19,7,12,10
LL197DS,11,7,4,7
LL197DT,6,2,4,4
LL197DU,5,2,3,3
LL197DY,14,8,6,10
LL197EB,33,18,15,21
LL197ED,33,15,18,21
LL197EF,29,17,12,18
LL197EG,43,21,22,22
LL197EH,52,21,31,35
LL197EL,16,9,7,9
LL197EN,36,18,18,21
LL197EQ,18,10,8,9
LL197ES,54,34,20,34
LL197ET,28,14,14,10
LL197EU,1,0,1,1
LL197HA,17,10,7,7
LL197HD,116,57,59,46
LL197HE,60,26,34,20
LL197HF,16,7,9,9
LL197HG,13,6,7,5
LL197HH,21,10,11,10
LL197HJ,21,14,7,10
LL197HL,54,22,32,18
LL197HN,12,6,6,7
LL197HP,40,19,21,18
LL197HR,40,21,19,17
LL197HS,43,20,23,27
LL197HT,62,31,31,27
LL197HW,10,5,5,5
LL197HY,7,3,4,6
LL197JA,120,59,61,39
LL197JB,96,46,50,38
LL197JD,26,11,15,10
LL197JG,117,57,60,38
LL197LD,14,6,8,9
LL197LE,15,9,6,5
LL197LF,30,12,18,14
LL197LH,9,3,6,4
LL197LL,32,9,23,10
LL197LN,33,16,17,16
LL197LP,27,11,16,11
LL197LR,8,4,4,4
LL197LS,24,12,12,11
LL197LT,34,15,19,15
LL197LU,138,65,73,57
LL197LW,42,22,20,16
LL197NB,17,11,6,7
LL197ND,40,17,23,14
LL197NE,14,4,10,11
LL197NG,77,35,42,27
LL197NH,38,15,23,19
LL197NJ,34,19,15,15
LL197NL,19,10,9,8
LL197NN,42,22,20,15
LL197NP,94,47,47,35
LL197NQ,13,5,8,8
LL197NR,39,18,21,13
LL197NS,94,42,52,30
LL197NT,62,33,29,27
LL197NU,42,22,20,19
LL197NW,72,31,41,24
LL197NX,28,12,16,17
LL197NY,65,34,31,16
LL197PA,15,10,5,5
LL197PB,27,15,12,13
LL197PD,12,4,8,3
LL197PE,56,21,35,20
LL197PF,99,51,48,53
LL197PG,94,44,50,39
LL197PH,113,55,58,37
LL197PJ,20,10,10,9
LL197PL,23,12,11,10
LL197PN,21,10,11,9
LL197PP,44,19,25,26
LL197PR,27,15,12,16
LL197PS,29,15,14,14
LL197PT,16,6,10,8
LL197PU,21,12,9,12
LL197PW,27,15,12,14
LL197PX,13,8,5,5
LL197PY,13,5,8,8
LL197RA,37,15,22,16
LL197RB,69,35,34,32
LL197RD,53,24,29,29
LL197RE,44,16,28,23
LL197RF,6,3,3,3
LL197RG,14,7,7,7
LL197RH,75,34,41,30
LL197RJ,23,6,17,20
LL197RL,155,80,75,62
LL197RN,38,18,20,12
LL197RP,22,10,12,15
LL197RQ,17,2,15,16
LL197RR,6,3,3,4
LL197RS,11,6,5,5
LL197RT,78,40,38,37
LL197RU,49,25,24,26
LL197RY,67,33,34,38
LL197SA,73,30,43,34
LL197SB,37,19,18,24
LL197SE,2,1,1,1
LL197SF,36,19,17,15
LL197SG,12,7,5,6
LL197SH,60,32,28,26
LL197SJ,10,4,6,6
LL197SL,26,10,16,14
LL197SN,15,5,10,7
LL197SP,51,29,22,17
LL197SR,32,18,14,12
LL197SS,27,17,10,10
LL197ST,17,9,8,8
LL197SU,44,17,27,15
LL197SW,61,27,34,25
LL197SY,30,12,18,11
LL197TA,35,18,17,15
LL197TB,47,23,24,16
LL197TF,28,14,14,23
LL197TH,14,6,8,10
LL197TL,24,12,12,10
LL197TP,10,5,5,5
LL197TR,97,45,52,52
LL197TS,96,47,49,33
LL197TT,70,36,34,25
LL197TU,71,34,37,27
LL197TW,27,12,15,10
LL197TY,23,12,11,8
LL197UA,5,2,3,4
LL197UB,12,5,7,4
LL197UD,11,6,5,4
LL197UE,16,5,11,6
LL197UF,24,11,13,11
LL197UG,24,8,16,16
LL197UH,53,26,27,27
LL197UJ,60,32,28,21
LL197UL,28,14,14,12
LL197UN,77,35,42,28
LL197UP,49,25,24,18
LL197UQ,43,24,19,16
LL197UR,7,3,4,2
LL197US,152,72,80,50
LL197UT,47,26,21,19
LL197UU,59,33,26,19
LL197UW,33,14,19,12
LL197UX,33,16,17,9
LL197UY,19,9,10,8
LL197UZ,54,28,26,21
LL197YA,41,18,23,15
LL197YB,54,29,25,23
LL197YD,30,14,16,14
LL197YE,73,35,38,32
LL197YF,13,5,8,5
LL197YG,26,8,18,17
LL197YH,5,1,4,2
LL197YL,28,13,15,16
LL197YN,60,31,29,30
LL197YP,3,1,2,2
LL197YQ,1,1,0,1
LL197YR,6,4,2,3
LL197YS,19,11,8,10
LL197YT,21,8,13,13
LL197YU,11,6,5,7
LL197YW,6,3,3,4
LL197YY,37,15,22,22
LL198AA,3,2,1,2
LL198AB,5,3,2,1
LL198AD,27,11,16,9
LL198AE,56,27,29,17
LL198AF,12,6,6,6
LL198AG,40,21,19,17
LL198AH,33,19,14,16
LL198AL,59,29,30,25
LL198AN,27,11,16,10
LL198AP,25,12,13,14
LL198AR,29,12,17,16
LL198AS,63,32,31,24
LL198AT,75,33,42,30
LL198AU,61,27,34,29
LL198AW,4,2,2,2
LL198AY,16,7,9,9
LL198BA,36,18,18,18
LL198BB,31,14,17,15
LL198BD,34,15,19,17
LL198BE,15,7,8,5
LL198BH,5,3,2,3
LL198BL,45,24,21,23
LL198BN,31,11,20,18
LL198BP,48,23,25,27
LL198BS,24,11,13,12
LL198BT,5,2,3,2
LL198BU,113,58,55,38
LL198BW,112,57,55,57
LL198BY,71,34,37,28
LL198BZ,14,7,7,7
LL198DA,45,17,28,21
LL198DB,47,21,26,27
LL198DD,13,5,8,9
LL198DE,16,5,11,6
LL198DF,14,4,10,7
LL198DG,46,26,20,30
LL198DH,40,14,26,22
LL198DJ,49,21,28,23
LL198DL,42,19,23,20
LL198DN,56,24,32,32
LL198DP,68,35,33,40
LL198DQ,33,14,19,21
LL198DR,50,26,24,30
LL198DS,9,4,5,6
LL198DT,10,6,4,3
LL198DU,28,12,16,13
LL198DW,3,2,1,2
LL198DX,12,4,8,8
LL198DY,76,40,36,27
LL198DZ,32,12,20,20
LL198EA,24,10,14,16
LL198EB,39,19,20,14
LL198ED,13,6,7,8
LL198EE,52,26,26,28
LL198EF,32,16,16,13
LL198EG,27,9,18,15
LL198EH,86,43,43,36
LL198EJ,69,29,40,36
LL198EL,11,7,4,9
LL198EN,93,42,51,49
LL198EP,23,9,14,10
LL198EQ,22,10,12,12
LL198ER,49,24,25,30
LL198ES,14,9,5,7
LL198ET,22,12,10,13
LL198EU,66,25,41,39
LL198EW,24,9,15,14
LL198EX,35,16,19,19
LL198EY,27,14,13,13
LL198HA,50,21,29,28
LL198HB,23,12,11,16
LL198HD,7,4,3,4
LL198HE,4,1,3,3
LL198HF,3,2,1,2
LL198HG,27,17,10,9
LL198HH,11,5,6,5
LL198HJ,61,28,33,30
LL198HL,45,26,19,19
LL198HN,14,6,8,5
LL198HP,11,4,7,6
LL198HQ,57,24,33,30
LL198HR,25,13,12,10
LL198HT,20,14,6,9
LL198HU,68,37,31,23
LL198HW,25,12,13,10
LL198HX,38,20,18,27
LL198HZ,16,9,7,6
LL198LA,20,13,7,10
LL198LB,38,19,19,13
LL198LD,59,30,29,25
LL198LE,80,41,39,33
LL198LF,9,4,5,4
LL198LG,62,31,31,34
LL198LH,21,9,12,9
LL198LL,30,13,17,17
LL198LN,57,28,29,24
LL198LP,26,13,13,16
LL198LR,23,9,14,13
LL198LS,20,10,10,11
LL198LT,31,16,15,12
LL198LU,33,15,18,11
LL198LW,26,12,14,8
LL198LY,13,7,6,7
LL198NA,18,8,10,11
LL198NB,19,8,11,9
LL198NF,71,32,39,25
LL198NN,9,4,5,4
LL198NP,43,22,21,26
LL198NQ,5,4,1,4
LL198NR,46,22,24,20
LL198NS,21,13,8,9
LL198NT,9,2,7,4
LL198NU,13,7,6,5
LL198NY,3,1,2,2
LL198PA,135,71,64,48
LL198PB,35,18,17,12
LL198PD,56,28,28,23
LL198PE,101,44,57,32
LL198PF,10,3,7,3
LL198PG,2,1,1,1
LL198PH,10,3,7,7
LL198PJ,26,11,15,12
LL198PL,26,11,15,12
LL198PN,52,25,27,19
LL198PP,42,19,23,19
LL198PQ,122,54,68,41
LL198PR,24,11,13,10
LL198PS,48,23,25,18
LL198PT,15,8,7,7
LL198PU,10,4,6,5
LL198PW,32,19,13,9
LL198PX,7,3,4,4
LL198PY,83,42,41,34
LL198PZ,6,5,1,4
LL198QA,8,4,4,4
LL198RA,32,17,15,10
LL198RB,38,21,17,20
LL198RD,46,19,27,15
LL198RE,14,4,10,12
LL198RH,45,21,24,16
LL198RL,59,26,33,22
LL198RN,123,58,65,56
LL198RR,52,22,30,24
LL198RT,10,5,5,5
LL198RU,44,21,23,19
LL198RW,71,33,38,25
LL198RY,35,17,18,19
LL198SA,14,6,8,8
LL198SB,41,21,20,17
LL198SD,7,3,4,3
LL198SE,76,39,37,26
LL198SF,16,7,9,8
LL198SG,73,41,32,23
LL198SH,10,6,4,6
LL198SN,91,42,49,51
LL198SP,38,17,21,12
LL198SR,26,13,13,10
LL198SS,68,34,34,25
LL198ST,17,9,8,7
LL198SU,8,4,4,4
LL198SW,10,6,4,6
LL198SY,34,17,17,17
LL198SZ,46,23,23,20
LL198TA,37,17,20,13
LL198TB,20,9,11,8
LL198TD,12,4,8,8
LL198TE,99,44,55,40
LL198TF,83,39,44,28
LL198TG,52,25,27,21
LL198TH,140,63,77,46
LL198TJ,14,8,6,12
LL198TL,29,16,13,13
LL198TN,7,3,4,3
LL198TS,49,27,22,17
LL198TT,56,32,24,23
LL198TU,112,52,60,44
LL198TW,113,46,67,34
LL198TY,25,13,12,9
LL198YA,25,9,16,8
LL198YB,36,14,22,11
LL198YD,78,33,45,29
LL198YE,58,26,32,25
LL198YF,58,26,32,41
LL198YG,102,47,55,38
LL198YH,28,14,14,10
LL198YJ,88,46,42,35
LL198YL,15,5,10,7
LL198YN,57,27,30,20
LL198YP,50,25,25,23
LL198YQ,53,28,25,25
LL199AA,12,6,6,4
LL199AH,2,2,0,1
LL199AP,7,4,3,3
LL199AR,5,2,3,2
LL199AS,9,5,4,4
LL199AY,12,5,7,5
LL199BB,2,0,2,1
LL199BH,1,0,1,1
LL199BN,16,10,6,7
LL199BP,1,0,1,1
LL199BQ,1,1,0,1
LL199BW,13,7,6,4
LL199BY,14,7,7,5
LL199DA,65,33,32,26
LL199DD,18,7,11,16
LL199DE,30,12,18,21
LL199DF,131,67,64,66
LL199DG,33,16,17,15
LL199DL,43,17,26,21
LL199DN,47,27,20,18
LL199DS,37,20,17,14
LL199DT,86,38,48,26
LL199DU,77,34,43,28
LL199DW,15,6,9,5
LL199DY,24,14,10,10
LL199EA,1,0,1,1
LL199EB,47,22,25,16
LL199ED,33,14,19,15
LL199EE,22,9,13,8
LL199EF,19,10,9,7
LL199EG,5,2,3,4
LL199EH,47,21,26,15
LL199EL,33,15,18,15
LL199EN,11,7,4,6
LL199ER,15,11,4,6
LL199ES,56,24,32,23
LL199ET,7,4,3,4
LL199EU,25,13,12,10
LL199EY,43,20,23,17
LL199HA,59,31,28,22
LL199HB,18,10,8,7
LL199HD,65,32,33,30
LL199HE,103,52,51,44
LL199HF,16,8,8,6
LL199HG,40,17,23,16
LL199HH,77,37,40,27
LL199HJ,9,3,6,3
LL199HL,37,19,18,17
LL199HN,75,37,38,30
LL199HP,29,15,14,14
LL199HR,28,16,12,11
LL199HS,13,9,4,4
LL199HT,18,9,9,7
LL199HU,23,12,11,10
LL199HW,5,2,3,3
LL199HY,51,17,34,22
LL199JZ,40,21,19,17
LL199LA,11,4,7,6
LL199LB,13,7,6,10
LL199LD,4,2,2,2
LL199LF,46,21,25,20
LL199LH,2,2,0,1
LL199LJ,137,66,71,50
LL199LN,45,24,21,24
LL199LP,37,18,19,14
LL199LQ,38,20,18,15
LL199LS,41,17,24,15
LL199LT,25,11,14,9
LL199LU,41,11,30,8
LL199LW,43,17,26,18
LL199LX,24,10,14,12
LL199LY,8,3,5,3
LL199LZ,33,17,16,12
LL199NA,11,7,4,5
LL199NB,15,7,8,5
LL199ND,19,5,14,2
LL199NE,15,7,8,8
LL199NF,32,13,19,13
LL199NG,112,56,56,45
LL199NH,89,45,44,38
LL199NJ,18,8,10,12
LL199NL,26,14,12,8
LL199NN,80,37,43,30
LL199NP,14,6,8,10
LL199NQ,5,3,2,4
LL199NR,108,47,61,43
LL199NS,58,27,31,32
LL199NT,65,36,29,22
LL199NU,60,26,34,18
LL199NX,52,24,28,20
LL199NY,11,3,8,7
LL199PA,11,7,4,3
LL199PB,24,9,15,11
LL199PD,31,15,16,13
LL199PE,27,14,13,12
LL199PF,41,20,21,22
LL199PG,54,29,25,25
LL199PH,7,4,3,3
LL199PL,61,33,28,26
LL199PN,6,4,2,3
LL199PS,12,8,4,5
LL199PT,8,3,5,6
LL199PU,39,15,24,19
LL199PW,42,14,28,9
LL199PY,20,9,11,7
LL199RA,15,8,7,7
LL199RB,37,19,18,14
LL199RD,80,41,39,27
LL199RE,31,16,15,15
LL199RF,79,41,38,29
LL199RG,15,8,7,10
LL199RH,22,9,13,10
LL199RL,18,8,10,9
LL199RN,51,26,25,23
LL199RP,18,9,9,8
LL199RR,12,7,5,12
LL199RT,16,10,6,5
LL199RU,19,7,12,6
LL199RW,43,18,25,20
LL199RY,20,12,8,7
LL199SA,11,5,6,8
LL199SB,3,2,1,2
LL199SD,10,4,6,5
LL199SE,52,24,28,21
LL199SF,15,7,8,10
LL199SG,89,50,39,36
LL199SH,84,40,44,31
LL199SJ,13,5,8,7
LL199SL,90,42,48,34
LL199SN,8,3,5,7
LL199SP,12,4,8,4
LL199SQ,6,2,4,3
LL199SR,61,28,33,31
LL199SS,30,13,17,16
LL199SU,60,32,28,34
LL199SW,9,5,4,4
LL199SY,35,18,17,23
LL199TA,4,2,2,1
LL199TB,1,1,0,1
LL199TD,2,0,2,2
LL199TE,106,52,54,44
LL199TF,34,21,13,16
LL199TG,45,23,22,17
LL199TH,36,20,16,17
LL199TJ,31,17,14,15
LL199TL,69,35,34,33
LL199TN,44,21,23,20
LL199TP,1,1,0,1
LL199TQ,14,8,6,7
LL199TR,17,11,6,5
LL199TS,18,7,11,10
LL199TU,16,9,7,7
LL199TW,80,42,38,31
LL199TX,8,5,3,4
LL199TY,158,74,84,54
LL199TZ,11,7,4,6
LL199UA,10,3,7,8
LL199UE,33,16,17,19
LL199UF,30,12,18,7
LL199UG,49,25,24,16
LL199UH,58,29,29,19
LL199UL,25,12,13,13
LL199UN,28,13,15,15
LL207AA,7,3,4,2
LL207AB,20,11,9,7
LL207AD,3,1,2,2
LL207AE,22,9,13,8
LL207AF,28,16,12,0
LL207AG,82,42,40,34
LL207AH,8,5,3,4
LL207AJ,15,8,7,6
LL207AL,21,9,12,9
LL207AN,32,20,12,10
LL207AP,14,8,6,7
LL207AR,27,11,16,10
LL207AS,65,34,31,29
LL207AT,35,22,13,16
LL207AU,35,21,14,13
LL207AW,36,16,20,15
LL207AY,5,2,3,3
LL207BA,21,12,9,8
LL207BB,47,24,23,17
LL207BD,23,15,8,10
LL207BE,35,16,19,11
LL207BG,47,23,24,20
LL207BH,30,13,17,17
LL207BJ,18,8,10,7
LL207BL,21,10,11,10
LL207BN,16,8,8,8
LL207BP,20,10,10,10
LL207BS,49,23,26,16
LL207BT,8,4,4,3
LL207BU,8,4,4,3
LL207BW,29,13,16,16
LL207BX,14,6,8,6
LL207BY,18,8,10,5
LL207DA,31,14,17,15
LL207DB,22,11,11,9
LL207DD,34,19,15,15
LL207DE,22,11,11,6
LL207DF,8,5,3,3
LL207DG,3,2,1,2
LL207DH,10,4,6,5
LL207DJ,30,17,13,13
LL207DL,8,5,3,2
LL207DN,10,6,4,3
LL207DP,11,6,5,6
LL207DQ,36,16,20,15
LL207DR,10,5,5,6
LL207DS,112,56,56,48
LL207DT,41,19,22,15
LL207DU,11,4,7,4
LL207DW,49,24,25,19
LL207DY,12,6,6,5
LL207EA,2,0,2,2
LL207EB,9,5,4,3
LL207ED,11,8,3,3
LL207EE,9,5,4,4
LL207EF,4,2,2,1
LL207EG,12,7,5,4
LL207EH,56,31,25,29
LL207EJ,12,6,6,4
LL207EL,1,0,1,1
LL207EN,3,0,3,2
LL207EP,7,2,5,5
LL207EQ,18,9,9,8
LL207ER,6,4,2,2
LL207ES,5,3,2,2
LL207ET,8,2,6,4
LL207EU,2,2,0,1
LL207EW,4,1,3,3
LL207EY,23,10,13,13
LL207FB,4,2,2,2
LL207HA,2,1,1,2
LL207HB,18,9,9,8
LL207HD,5,3,2,1
LL207HE,2,2,0,1
LL207HF,22,12,10,10
LL207HG,42,15,27,26
LL207HH,3,1,2,2
LL207HJ,8,3,5,7
LL207HL,8,4,4,4
LL207HN,17,9,8,7
LL207HP,26,13,13,14
LL207HR,21,10,11,10
LL207HS,7,5,2,2
LL207HT,38,22,16,15
LL207HU,9,5,4,4
LL207HW,28,16,12,14
LL207HY,24,12,12,8
LL207LA,48,27,21,19
LL207LB,25,14,11,10
LL207LD,37,22,15,13
LL207LE,13,5,8,7
LL207LF,25,12,13,12
LL207LG,8,5,3,3
LL207LH,48,24,24,17
LL207LJ,4,2,2,3
LL207LL,8,3,5,2
LL207LP,28,14,14,12
LL207LR,7,4,3,3
LL207LS,8,5,3,7
LL207LT,7,3,4,4
LL207LU,2,1,1,1
LL207LY,30,16,14,11
LL207NA,6,3,3,3
LL207NB,6,4,2,2
LL207ND,2,0,2,2
LL207NE,3,1,2,2
LL207NF,34,17,17,12
LL207NG,20,12,8,7
LL207NH,3,2,1,1
LL207NJ,20,8,12,6
LL207NL,17,10,7,7
LL207NN,6,3,3,1
LL207NP,21,11,10,9
LL207NR,24,14,10,8
LL207NS,7,1,6,3
LL207NT,16,7,9,6
LL207NU,6,4,2,3
LL207NW,6,3,3,4
LL207NY,8,3,5,5
LL207PA,14,6,8,4
LL207PB,1,0,1,1
LL207PD,24,15,9,13
LL207PE,9,3,6,4
LL207PF,32,15,17,14
LL207PG,93,49,44,37
LL207PH,13,7,6,1
LL207PL,21,9,12,11
LL207PN,61,27,34,30
LL207PP,1,1,0,1
LL207PR,32,7,25,4
LL207PS,27,15,12,11
LL207PT,3,2,1,2
LL207PU,15,8,7,4
LL207PW,28,14,14,12
LL207PY,3,1,2,1
LL207RA,45,25,20,17
LL207RB,34,15,19,14
LL207RD,5,3,2,3
LL207RE,4,3,1,2
LL207RF,4,1,3,4
LL207RG,6,3,3,3
LL207RH,53,28,25,17
LL207RJ,11,7,4,8
LL207RL,62,28,34,27
LL207RN,19,12,7,10
LL207RP,3,2,1,2
LL207RR,26,13,13,10
LL207RS,38,19,19,17
LL207RT,11,6,5,6
LL207RU,7,4,3,3
LL207RW,6,4,2,2
LL207RY,21,13,8,7
LL207SA,49,22,27,19
LL207SB,4,2,2,3
LL207SD,3,1,2,2
LL207SE,6,4,2,3
LL207SF,21,11,10,9
LL207SG,19,11,8,5
LL207SH,12,7,5,5
LL207SL,1,1,0,1
LL207SN,39,24,15,14
LL207SP,4,2,2,2
LL207SS,13,7,6,4
LL207ST,15,9,6,6
LL207SU,16,6,10,7
LL207SW,29,13,16,11
LL207SY,15,6,9,6
LL207TA,3,1,2,1
LL207TB,39,19,20,18
LL207TD,12,5,7,5
LL207TE,6,4,2,4
LL207TF,28,14,14,12
LL207TG,23,10,13,6
LL207TJ,42,21,21,13
LL207TL,18,11,7,6
LL207TN,58,27,31,20
LL207TP,43,22,21,19
LL207TQ,16,7,9,12
LL207TR,11,6,5,3
LL207TT,2,1,1,1
LL207TU,53,25,28,21
LL207TW,32,14,18,13
LL207TX,119,66,53,40
LL207UA,74,37,37,32
LL207UB,120,60,60,49
LL207UD,123,61,62,47
LL207UE,47,21,26,20
LL207UF,23,10,13,17
LL207UH,15,7,8,7
LL207UL,46,23,23,29
LL207UN,22,11,11,10
LL207UP,27,14,13,15
LL207UR,75,38,37,37
LL207US,16,8,8,6
LL207UT,34,14,20,18
LL207UU,3,2,1,2
LL207UY,72,33,39,29
LL207YA,7,3,4,4
LL207YB,20,8,12,6
LL207YD,2,1,1,2
LL207YE,6,2,4,3
LL207YH,15,10,5,6
LL207YL,15,7,8,8
LL207YN,22,13,9,11
LL207YP,11,6,5,4
LL207YQ,7,4,3,4
LL207YR,17,9,8,11
LL207YS,10,5,5,5
LL207YT,26,13,13,12
LL207YU,24,14,10,12
LL207YW,16,7,9,10
LL207YY,7,4,3,3
LL208AA,28,14,14,11
LL208AB,6,2,4,3
LL208AD,19,11,8,10
LL208AF,36,17,19,15
LL208AH,2,1,1,1
LL208AL,53,26,27,24
LL208AN,2,2,0,2
LL208AP,31,16,15,13
LL208AQ,28,13,15,15
LL208AR,45,20,25,18
LL208AS,73,35,38,32
LL208AT,124,63,61,47
LL208AU,72,32,40,29
LL208AW,12,5,7,5
LL208AY,12,6,6,10
LL208AZ,15,6,9,8
LL208BA,77,40,37,29
LL208BB,84,41,43,35
LL208BD,34,18,16,10
LL208BE,50,22,28,24
LL208BG,77,37,40,26
LL208BH,10,6,4,2
LL208BJ,22,10,12,8
LL208BL,65,29,36,21
LL208BN,5,2,3,3
LL208BS,28,13,15,9
LL208BT,17,11,6,7
LL208BU,22,12,10,11
LL208BW,16,9,7,5
LL208BY,7,4,3,4
LL208DA,20,10,10,8
LL208DB,16,8,8,8
LL208DD,32,10,22,6
LL208DE,16,9,7,8
LL208DF,2,1,1,2
LL208DG,45,20,25,18
LL208DH,8,4,4,3
LL208DN,19,11,8,7
LL208DP,4,2,2,3
LL208DR,6,3,3,3
LL208DU,68,31,37,29
LL208DW,12,7,5,7
LL208DY,33,15,18,13
LL208EB,13,8,5,5
LL208ED,12,8,4,6
LL208EE,21,11,10,12
LL208EF,37,21,16,15
LL208EG,41,23,18,23
LL208EH,34,17,17,13
LL208EJ,49,26,23,17
LL208EL,19,11,8,5
LL208EN,95,48,47,51
LL208EP,14,9,5,9
LL208EQ,14,5,9,5
LL208ET,1,1,0,1
LL208EU,47,24,23,22
LL208EY,9,5,4,6
LL208HA,7,3,4,3
LL208HB,10,6,4,3
LL208HD,13,5,8,4
LL208HE,9,5,4,4
LL208HF,38,7,31,8
LL208HG,18,9,9,8
LL208HH,34,19,15,15
LL208HJ,22,8,14,15
LL208HL,11,6,5,6
LL208HN,17,8,9,8
LL208HS,26,10,16,11
LL208HT,12,6,6,6
LL208HU,5,2,3,2
LL208HW,41,21,20,18
LL208HY,105,50,55,47
LL208HZ,22,11,11,12
LL208LA,14,8,6,4
LL208LB,52,25,27,24
LL208LD,11,6,5,5
LL208LF,17,7,10,7
LL208LG,6,3,3,5
LL208LH,5,1,4,2
LL208LJ,13,8,5,6
LL208LL,3,1,2,1
LL208LN,87,48,39,37
LL208LP,16,8,8,9
LL208LR,8,5,3,4
LL208LS,22,14,8,12
LL208LT,21,10,11,15
LL208LU,48,25,23,17
LL208LW,12,7,5,6
LL208NA,18,10,8,7
LL208NB,32,19,13,13
LL208ND,6,4,2,4
LL208NE,5,4,1,4
LL208NF,5,3,2,3
LL208NN,22,12,10,12
LL208NP,4,1,3,2
LL208NQ,22,9,13,17
LL208NR,11,9,2,5
LL208NS,8,4,4,3
LL208NY,9,6,3,6
LL208PE,4,2,2,1
LL208PF,29,18,11,10
LL208PG,3,3,0,0
LL208PN,4,3,1,3
LL208PP,6,2,4,5
LL208PR,3,2,1,1
LL208PS,23,13,10,16
LL208PT,18,8,10,5
LL208PU,7,3,4,3
LL208PY,7,4,3,4
LL208RA,5,2,3,3
LL208RB,2,2,0,1
LL208RD,37,16,21,25
LL208RE,6,2,4,4
LL208RF,11,6,5,8
LL208RG,32,19,13,15
LL208RH,8,4,4,4
LL208RJ,32,17,15,21
LL208RN,5,3,2,2
LL208RP,2,2,0,2
LL208RQ,59,32,27,41
LL208RS,9,4,5,5
LL208RU,10,5,5,6
LL208RY,8,6,2,3
LL208RZ,61,27,34,29
LL208SA,1,0,1,1
LL208SE,9,4,5,5
LL208SG,5,3,2,2
LL208SH,8,4,4,3
LL208SL,15,7,8,9
LL208SN,51,26,25,17
LL208SP,15,9,6,7
LL208SR,1,0,1,1
LL208SS,42,22,20,15
LL208ST,6,5,1,5
LL208SU,4,2,2,2
LL208SW,17,8,9,10
LL208SY,8,4,4,7
LL208TA,6,3,3,2
LL208TB,31,16,15,13
LL208TD,3,0,3,3
LL208TE,53,32,21,9
LL208TF,42,22,20,16
LL208TH,6,3,3,3
LL208TJ,40,11,29,30
LL208TP,30,11,19,21
LL208TY,17,8,9,11
LL208UE,17,4,13,14
LL210AA,11,5,6,6
LL210AB,24,13,11,10
LL210AD,8,5,3,3
LL210AE,6,2,4,4
LL210AG,4,2,2,2
LL210AH,3,2,1,2
LL210AJ,8,4,4,4
LL210AL,6,4,2,2
LL210AN,26,17,9,8
LL210AP,2,1,1,2
LL210AR,18,9,9,5
LL210AS,8,3,5,3
LL210AT,11,5,6,6
LL210AU,22,10,12,10
LL210AY,8,5,3,6
LL210BA,8,5,3,3
LL210BB,8,4,4,6
LL210BD,59,28,31,27
LL210BE,67,33,34,23
LL210BG,2,1,1,1
LL210BH,6,3,3,2
LL210BL,2,1,1,1
LL210BN,6,3,3,6
LL210BP,41,20,21,18
LL210BS,85,44,41,33
LL210BT,5,2,3,4
LL210BU,35,14,21,14
LL210BY,29,15,14,14
LL210DA,17,10,7,7
LL210DE,6,4,2,4
LL210DF,1,1,0,1
LL210DG,3,2,1,2
LL210DL,11,4,7,6
LL210DN,12,7,5,6
LL210DP,9,3,6,5
LL210DR,61,31,30,26
LL210DT,15,10,5,8
LL210DU,24,11,13,10
LL210DW,3,2,1,2
LL210DY,9,5,4,7
LL210EA,9,5,4,6
LL210EB,5,2,3,1
LL210ED,7,6,1,3
LL210EH,23,12,11,10
LL210EL,25,13,12,12
LL210EN,22,11,11,10
LL210EP,25,14,11,10
LL210ER,18,8,10,10
LL210ES,4,4,0,0
LL210ET,42,22,20,17
LL210EU,25,14,11,11
LL210EW,8,4,4,5
LL210HA,20,13,7,8
LL210HB,7,4,3,3
LL210HD,27,13,14,12
LL210HE,17,8,9,8
LL210HF,21,9,12,6
LL210HG,38,20,18,14
LL210HN,14,6,8,6
LL210HP,42,20,22,17
LL210HR,10,5,5,4
LL210HU,61,30,31,25
LL210HW,21,11,10,11
LL210HY,11,5,6,4
LL210LA,24,14,10,10
LL210LD,10,5,5,4
LL210LE,5,4,1,3
LL210LF,23,12,11,7
LL210LG,15,8,7,9
LL210LH,30,15,15,12
LL210LL,10,4,6,4
LL210LN,10,6,4,4
LL210LP,9,4,5,2
LL210LR,5,3,2,2
LL210LT,4,2,2,2
LL210LU,24,12,12,7
LL210LW,11,5,6,4
LL210LY,14,7,7,7
LL210NA,29,18,11,14
LL210NB,23,11,12,10
LL210ND,7,4,3,5
LL210NE,14,9,5,6
LL210NF,13,6,7,7
LL210NG,22,9,13,13
LL210NH,59,30,29,21
LL210NL,21,13,8,9
LL210NN,6,3,3,3
LL210NP,6,4,2,3
LL210NR,8,2,6,4
LL210NS,15,7,8,10
LL210NT,20,11,9,9
LL210NU,3,1,2,1
LL210NW,13,6,7,6
LL210NX,3,2,1,2
LL210NY,34,14,20,14
LL210PA,15,7,8,6
LL210PB,7,4,3,4
LL210PD,11,5,6,6
LL210PE,20,9,11,8
LL210PF,23,11,12,10
LL210PG,12,7,5,4
LL210PH,20,11,9,8
LL210PL,12,6,6,6
LL210PN,10,5,5,3
LL210PR,12,4,8,6
LL210PS,12,7,5,4
LL210PT,15,7,8,6
LL210PU,6,2,4,2
LL210PY,19,7,12,8
LL210RA,65,36,29,24
LL210RB,13,6,7,5
LL210RD,4,2,2,2
LL210RE,11,5,6,4
LL210RF,11,5,6,6
LL210RG,10,6,4,4
LL210RH,10,6,4,5
LL210RL,14,6,8,4
LL210RN,13,6,7,4
LL210RP,2,0,2,2
LL210RR,5,2,3,4
LL210RS,14,9,5,5
LL210RT,11,5,6,7
LL210RU,46,19,27,13
LL210RW,21,11,10,10
LL210RY,32,15,17,14
LL210SA,17,12,5,5
LL210SB,27,13,14,8
LL210SD,22,7,15,5
LL210SE,9,3,6,3
LL210SF,21,8,13,8
LL210SG,11,7,4,4
LL210SH,20,11,9,10
LL210SJ,25,12,13,9
LL210SL,33,18,15,11
LL210SN,16,8,8,9
LL210SP,14,6,8,5
LL210SQ,19,9,10,9
LL210SR,16,7,9,5
LL210SS,12,4,8,7
LL210ST,22,10,12,10
LL210SU,5,3,2,3
LL210SW,9,3,6,4
LL210SY,35,19,16,14
LL210TA,26,20,6,7
LL210TB,14,6,8,8
LL210TD,41,21,20,15
LL210TE,12,6,6,6
LL210TF,16,9,7,7
LL210TG,14,7,7,4
LL210TH,51,27,24,27
LL210TJ,13,7,6,4
LL210TL,38,18,20,18
LL210TN,2,1,1,1
LL210TP,16,9,7,11
LL210TR,15,9,6,9
LL210TS,10,6,4,3
LL210TT,22,10,12,11
LL210TU,1,1,0,1
LL210TW,59,35,24,26
LL219AA,4,2,2,2
LL219AB,27,16,11,12
LL219AD,113,59,54,50
LL219AE,14,4,10,0
LL219AF,12,5,7,8
LL219AG,6,2,4,3
LL219AH,13,8,5,7
LL219AJ,14,5,9,7
LL219AL,9,4,5,5
LL219AN,6,3,3,3
LL219AP,19,9,10,7
LL219AR,4,2,2,2
LL219AS,18,12,6,9
LL219AT,29,15,14,11
LL219AU,3,1,2,2
LL219AW,71,31,40,35
LL219AY,8,4,4,4
LL219BA,1,1,0,1
LL219BB,1,1,0,1
LL219BD,4,2,2,2
LL219BE,4,1,3,2
LL219BG,17,17,0,0
LL219BH,7,5,2,4
LL219BL,9,3,6,3
LL219BN,46,26,20,18
LL219BP,27,14,13,12
LL219BS,16,9,7,8
LL219BT,5,2,3,3
LL219BU,16,5,11,6
LL219BW,10,3,7,5
LL219BY,11,6,5,5
LL219DA,10,5,5,5
LL219DB,15,8,7,4
LL219DD,22,14,8,10
LL219DE,35,20,15,14
LL219DF,10,4,6,4
LL219DG,8,5,3,5
LL219DH,21,14,7,12
LL219DL,29,13,16,11
LL219DN,21,8,13,7
LL219DP,10,3,7,6
LL219DQ,15,6,9,9
LL219DR,22,11,11,10
LL219DS,7,3,4,3
LL219DT,7,5,2,6
LL219DU,42,19,23,16
LL219DW,55,30,25,18
LL219DY,6,4,2,1
LL219EA,14,8,6,5
LL219EB,7,3,4,5
LL219ED,8,4,4,3
LL219EE,10,7,3,4
LL219EF,9,2,7,3
LL219EG,16,7,9,7
LL219EH,5,3,2,3
LL219EJ,55,27,28,30
LL219EL,34,17,17,18
LL219EN,9,4,5,4
LL219EP,12,9,3,9
LL219ER,3,1,2,3
LL219ES,9,4,5,4
LL219ET,8,4,4,3
LL219EU,17,11,6,7
LL219EW,13,7,6,4
LL219EY,3,3,0,3
LL219HA,4,2,2,3
LL219HB,38,19,19,17
LL219HD,3,0,3,2
LL219HE,7,4,3,3
LL219HF,62,28,34,21
LL219HG,30,13,17,15
LL219HH,11,3,8,6
LL219HL,11,6,5,6
LL219HN,18,10,8,8
LL219HP,14,7,7,7
LL219HR,27,9,18,15
LL219HS,8,6,2,5
LL219HT,10,4,6,3
LL219HU,10,6,4,5
LL219HW,33,14,19,12
LL219HY,7,5,2,3
LL219LA,16,8,8,8
LL219LB,16,8,8,6
LL219LD,17,11,6,7
LL219LE,7,3,4,3
LL219LF,13,6,7,4
LL219LG,10,3,7,6
LL219LH,25,14,11,10
LL219LL,22,12,10,9
LL219LN,11,7,4,6
LL219LP,9,3,6,4
LL219LQ,20,9,11,9
LL219LR,19,10,9,6
LL219LS,11,6,5,5
LL219LT,9,4,5,6
LL219LU,7,4,3,5
LL219LW,2,1,1,2
LL219LY,10,6,4,4
LL219NA,14,6,8,6
LL219NB,24,12,12,8
LL219ND,12,7,5,4
LL219NE,30,18,12,10
LL219NF,14,7,7,6
LL219NG,8,5,3,3
LL219NH,1,0,1,1
LL219NL,6,2,4,2
LL219NN,5,2,3,2
LL219NP,18,9,9,6
LL219NS,5,3,2,2
LL219NT,10,7,3,3
LL219NU,2,2,0,1
LL219NW,25,11,14,7
LL219NY,23,9,14,11
LL219PA,6,3,3,4
LL219PB,14,8,6,5
LL219PD,12,5,7,7
LL219PE,5,2,3,3
LL219PF,13,6,7,2
LL219PG,14,7,7,5
LL219PH,5,3,2,2
LL219PL,18,9,9,7
LL219PN,7,4,3,4
LL219PP,2,1,1,1
LL219PR,10,4,6,4
LL219PS,16,9,7,7
LL219PT,17,10,7,9
LL219PU,45,19,26,16
LL219PW,10,6,4,3
LL219PY,24,12,12,10
LL219RA,8,4,4,4
LL219RB,18,7,11,7
LL219RD,13,7,6,6
LL219RE,20,11,9,10
LL219RF,14,6,8,4
LL219RG,27,14,13,10
LL219RH,28,12,16,8
LL219RL,30,13,17,8
LL219RN,21,11,10,7
LL219RP,21,13,8,9
LL219RS,5,3,2,3
LL219RT,170,86,84,59
LL219RU,11,5,6,5
LL219RW,3,2,1,1
LL219RX,33,14,19,15
LL219RY,21,13,8,8
LL219SA,24,13,11,9
LL219SB,60,32,28,26
LL219SD,14,6,8,6
LL219SE,15,3,12,10
LL219SF,49,23,26,17
LL219SG,12,6,6,7
LL219SH,29,15,14,10
LL219SL,11,6,5,5
LL219SN,26,12,14,7
LL219SP,12,6,6,6
LL219SR,5,3,2,2
LL219SS,5,3,2,2
LL219ST,20,10,10,8
LL219SU,30,13,17,15
LL219SW,18,10,8,8
LL219TA,27,14,13,9
LL219TB,21,11,10,8
LL219TD,15,8,7,6
LL219TE,17,10,7,6
LL219TF,15,7,8,5
LL219TG,18,10,8,8
LL219TH,28,17,11,12
LL219TL,4,3,1,3
LL219TN,8,5,3,5
LL219TQ,9,2,7,5
LL219TR,10,5,5,4
LL219TS,32,15,17,13
LL219TT,17,6,11,8
LL219TU,46,24,22,19
LL219TW,7,4,3,3
LL219UA,43,22,21,18
LL219UB,42,22,20,19
LL219UD,18,7,11,8
LL219UE,61,28,33,38
LL219UF,20,13,7,7
LL219UG,25,11,14,10
LL219UH,28,16,12,12
LL219UL,22,10,12,9
LL219UN,27,14,13,11
LL219UP,14,5,9,6
LL219UR,29,16,13,14
LL219US,24,10,14,12
LL219UW,11,5,6,5
LL219YA,26,14,12,9
LL219YB,55,26,29,23
LL219YD,20,9,11,15
LL219YE,27,18,9,14
LL219YF,20,8,12,8
LL227AA,15,12,3,8
LL227AF,14,7,7,7
LL227AG,11,6,5,5
LL227AH,6,1,5,4
LL227AJ,39,17,22,12
LL227AN,2,2,0,2
LL227AP,8,4,4,4
LL227AR,89,43,46,33
LL227AS,15,8,7,6
LL227AT,26,11,15,13
LL227AU,45,25,20,16
LL227AW,33,18,15,15
LL227AY,20,8,12,11
LL227BA,7,4,3,6
LL227BB,44,23,21,18
LL227BD,54,28,26,27
LL227BE,46,25,21,22
LL227BG,25,11,14,13
LL227BH,4,0,4,3
LL227BL,83,38,45,37
LL227BP,13,7,6,6
LL227BS,18,8,10,9
LL227BT,2,1,1,1
LL227BU,74,37,37,25
LL227BY,45,24,21,18
LL227BZ,27,12,15,14
LL227DA,55,27,28,27
LL227DB,7,2,5,5
LL227DD,34,15,19,19
LL227DE,42,22,20,26
LL227DF,71,30,41,40
LL227DG,26,13,13,12
LL227DH,19,8,11,8
LL227DJ,10,5,5,5
LL227DL,64,27,37,34
LL227DN,75,33,42,37
LL227DP,21,9,12,11
LL227DQ,109,53,56,58
LL227DR,22,12,10,13
LL227DS,65,26,39,36
LL227DT,47,20,27,29
LL227DU,57,24,33,35
LL227DW,46,18,28,28
LL227DX,32,16,16,18
LL227DY,40,20,20,25
LL227DZ,73,37,36,28
LL227EA,64,27,37,37
LL227EB,29,14,15,19
LL227ED,5,1,4,4
LL227EE,32,17,15,16
LL227EF,21,9,12,12
LL227EG,50,24,26,24
LL227EH,73,33,40,37
LL227EL,28,12,16,18
LL227EN,49,23,26,30
LL227EP,8,4,4,5
LL227ER,1,0,1,1
LL227ES,31,15,16,17
LL227ET,16,7,9,11
LL227EU,35,14,21,22
LL227EW,54,19,35,24
LL227EY,23,9,14,14
LL227EZ,10,2,8,4
LL227FA,24,11,13,11
LL227HA,27,15,12,15
LL227HB,73,30,43,38
LL227HD,35,16,19,19
LL227HF,3,2,1,1
LL227HG,7,1,6,1
LL227HH,10,5,5,7
LL227HL,22,9,13,11
LL227HN,32,14,18,16
LL227HP,91,49,42,34
LL227HQ,39,19,20,29
LL227HR,104,46,58,41
LL227HS,88,47,41,33
LL227HT,56,29,27,20
LL227HW,133,60,73,47
LL227HX,7,4,3,3
LL227HY,81,36,45,38
LL227JA,9,4,5,5
LL227JB,5,2,3,3
LL227JD,24,10,14,15
LL227JE,13,6,7,5
LL227JF,125,61,64,40
LL227JG,137,63,74,48
LL227JH,30,16,14,12
LL227JQ,28,16,12,10
LL227LA,7,3,4,3
LL227LD,5,2,3,5
LL227LE,73,36,37,31
LL227LF,18,13,5,17
LL227LH,6,1,5,3
LL227LJ,43,25,18,14
LL227LL,14,6,8,5
LL227LN,33,14,19,13
LL227LQ,3,1,2,2
LL227LR,47,19,28,29
LL227LS,52,22,30,26
LL227LT,15,9,6,6
LL227LU,33,17,16,13
LL227LW,39,16,23,12
LL227LY,135,68,67,58
LL227NA,70,30,40,29
LL227NB,15,7,8,8
LL227ND,43,20,23,22
LL227NE,19,8,11,10
LL227NF,158,73,85,58
LL227NG,117,61,56,42
LL227NH,72,35,37,32
LL227NL,20,7,13,8
LL227NN,30,11,19,24
LL227NP,15,5,10,8
LL227NR,27,11,16,13
LL227NS,52,20,32,20
LL227NT,108,49,59,43
LL227NU,55,22,33,21
LL227NW,17,11,6,5
LL227NY,14,6,8,8
LL227PA,86,48,38,35
LL227PB,63,27,36,34
LL227PD,22,11,11,10
LL227PE,54,26,28,23
LL227PF,9,4,5,5
LL227PG,36,15,21,17
LL227PL,48,21,27,34
LL227PR,150,80,70,80
LL227PS,73,39,34,38
LL227PY,58,30,28,27
LL227RA,5,3,2,2
LL227RB,6,4,2,2
LL227RD,29,14,15,13
LL227RE,15,9,6,7
LL227RF,11,7,4,4
LL227RG,103,67,36,70
LL227RH,79,46,33,47
LL227RJ,19,9,10,7
LL227RL,36,18,18,18
LL227RN,50,24,26,23
LL227RP,98,45,53,54
LL227RQ,44,17,27,25
LL227RR,64,34,30,33
LL227RS,32,17,15,17
LL227RT,19,9,10,9
LL227RU,111,59,52,58
LL227RW,58,24,34,32
LL227RX,45,20,25,23
LL227RY,60,34,26,33
LL227RZ,67,32,35,24
LL227SA,28,15,13,18
LL227SB,34,13,21,19
LL227SD,7,3,4,4
LL227SE,24,13,11,12
LL227SG,37,16,21,17
LL227SH,87,35,52,24
LL227SJ,10,6,4,6
LL227SN,30,15,15,14
LL227SP,40,20,20,14
LL227SQ,11,6,5,9
LL227SR,56,17,39,41
LL227SS,26,12,14,12
LL227ST,14,7,7,11
LL227SU,22,11,11,11
LL227SW,5,3,2,3
LL227SX,45,24,21,32
LL227SY,23,11,12,7
LL227SZ,11,6,5,5
LL227TA,59,25,34,18
LL227TB,8,2,6,3
LL227TD,8,2,6,4
LL227TE,54,28,26,20
LL227TF,43,21,22,25
LL227TG,16,9,7,8
LL227TH,5,1,4,4
LL227TJ,10,3,7,7
LL227TL,9,3,6,7
LL227TN,29,10,19,19
LL227TP,28,12,16,15
LL227TR,51,20,31,31
LL227TS,19,10,9,13
LL227TT,19,7,12,13
LL227TU,11,5,6,7
LL227TW,38,15,23,24
LL227TY,25,11,14,14
LL227UA,30,11,19,19
LL227UB,67,32,35,36
LL227UD,76,32,44,44
LL227UE,37,20,17,15
LL227UF,22,11,11,9
LL227UG,17,8,9,5
LL227UL,13,5,8,6
LL227UN,17,6,11,6
LL227UP,67,33,34,31
LL227UQ,57,26,31,25
LL227UR,17,10,7,6
LL227US,19,9,10,9
LL227UT,93,47,46,40
LL227UU,13,7,6,10
LL227UW,11,3,8,8
LL227YA,5,4,1,4
LL227YR,34,13,21,21
LL227YU,33,16,17,23
LL228AA,5,2,3,1
LL228AB,6,4,2,2
LL228AD,11,5,6,4
LL228AE,1,1,0,1
LL228AF,45,22,23,18
LL228AG,4,3,1,3
LL228AH,34,16,18,12
LL228AJ,10,6,4,3
LL228AL,2,1,1,1
LL228AN,40,16,24,17
LL228AP,134,69,65,57
LL228AQ,34,18,16,14
LL228AR,20,13,7,9
LL228AS,1,1,0,1
LL228AT,20,10,10,9
LL228AU,5,2,3,1
LL228AW,43,21,22,18
LL228AX,14,6,8,8
LL228AY,2,1,1,1
LL228AZ,11,6,5,7
LL228BA,2,1,1,1
LL228BB,2,1,1,1
LL228BD,39,21,18,12
LL228BE,4,1,3,3
LL228BG,5,2,3,2
LL228BH,5,2,3,2
LL228BJ,20,11,9,6
LL228BL,10,5,5,4
LL228BN,11,5,6,6
LL228BP,13,6,7,4
LL228BQ,3,2,1,2
LL228BS,12,7,5,5
LL228BT,7,4,3,3
LL228BU,12,7,5,6
LL228BW,36,17,19,17
LL228BY,4,2,2,2
LL228BZ,14,6,8,5
LL228DA,15,7,8,6
LL228DB,4,2,2,2
LL228DD,170,77,93,78
LL228DE,63,29,34,28
LL228DF,61,31,30,34
LL228DG,11,6,5,5
LL228DH,153,73,80,49
LL228DJ,33,17,16,15
LL228DL,23,13,10,8
LL228DN,6,2,4,2
LL228DP,30,12,18,1
LL228DQ,2,0,2,2
LL228DR,19,9,10,10
LL228DS,28,16,12,10
LL228DT,20,11,9,8
LL228DU,30,14,16,12
LL228DW,29,12,17,9
LL228DX,7,4,3,3
LL228DY,44,21,23,19
LL228DZ,14,7,7,6
LL228EA,35,18,17,18
LL228EB,16,7,9,8
LL228ED,23,7,16,12
LL228EE,12,8,4,5
LL228EF,25,13,12,8
LL228EG,19,11,8,10
LL228EH,37,20,17,18
LL228EJ,15,8,7,10
LL228EL,50,27,23,23
LL228EN,50,24,26,29
LL228EP,27,15,12,12
LL228EQ,23,11,12,13
LL228ER,82,43,39,36
LL228ES,19,10,9,10
LL228EU,24,13,11,8
LL228EW,64,31,33,30
LL228EX,19,8,11,12
LL228EY,19,12,7,7
LL228EZ,39,21,18,19
LL228FA,13,6,7,9
LL228FG,11,4,7,6
LL228FR,4,2,2,3
LL228HB,12,5,7,5
LL228HD,74,42,32,27
LL228HE,27,13,14,8
LL228HF,98,46,52,49
LL228HG,78,39,39,40
LL228HH,9,5,4,3
LL228HL,6,2,4,3
LL228HN,18,6,12,9
LL228HP,28,13,15,6
LL228HQ,25,11,14,10
LL228HR,6,5,1,1
LL228HS,4,2,2,1
LL228HT,10,5,5,5
LL228HW,19,12,7,8
LL228HY,12,5,7,6
LL228HZ,41,17,24,25
LL228JA,20,9,11,9
LL228JB,15,7,8,10
LL228JD,94,45,49,47
LL228JE,26,14,12,13
LL228JF,23,10,13,9
LL228JG,10,5,5,5
LL228JL,11,5,6,6
LL228JN,33,16,17,14
LL228JP,19,10,9,12
LL228JQ,95,49,46,39
LL228JW,16,9,7,7
LL228LN,5,2,3,4
LL228LP,14,6,8,8
LL228LQ,8,3,5,5
LL228LR,44,19,25,18
LL228LS,36,18,18,12
LL228LT,8,5,3,4
LL228LU,3,2,1,2
LL228LW,1,0,1,1
LL228LY,74,40,34,35
LL228LZ,2,0,2,1
LL228NA,18,9,9,8
LL228NB,11,6,5,5
LL228ND,16,9,7,5
LL228NE,8,5,3,4
LL228NF,15,8,7,5
LL228NG,13,5,8,7
LL228NH,13,7,6,5
LL228NL,15,8,7,8
LL228NN,4,3,1,1
LL228NP,27,13,14,13
LL228NR,20,7,13,5
LL228NS,15,7,8,6
LL228NT,24,10,14,9
LL228NU,14,9,5,5
LL228NW,8,4,4,3
LL228NY,8,4,4,3
LL228PA,12,8,4,5
LL228PB,27,14,13,10
LL228PD,23,12,11,8
LL228PE,11,7,4,4
LL228PF,24,13,11,9
LL228PG,9,4,5,3
LL228PH,26,12,14,9
LL228PJ,54,31,23,20
LL228PL,35,17,18,15
LL228PN,9,7,2,4
LL228PP,119,60,59,55
LL228PQ,48,20,28,19
LL228PR,21,9,12,8
LL228PS,8,3,5,4
LL228PT,10,5,5,3
LL228PU,8,5,3,3
LL228PW,91,42,49,39
LL228PX,69,35,34,29
LL228PY,11,5,6,5
LL228PZ,26,11,15,13
LL228QA,140,69,71,55
LL228QB,19,10,9,9
LL228QD,30,16,14,13
LL228QE,27,14,13,11
LL228QF,21,9,12,7
LL228QH,23,11,12,10
LL228QJ,15,9,6,6
LL228QL,45,27,18,15
LL228QN,15,6,9,6
LL228QP,24,14,10,12
LL228QR,28,13,15,12
LL228QW,16,8,8,5
LL228RA,12,7,5,5
LL228RB,8,3,5,3
LL228RD,17,8,9,6
LL228RE,9,3,6,4
LL228RF,28,11,17,10
LL228RG,27,15,12,12
LL228RH,14,8,6,6
LL228RL,25,10,15,9
LL228RN,19,9,10,7
LL228RP,3,2,1,1
LL228RR,18,8,10,8
LL228RS,21,9,12,6
LL228RT,13,5,8,7
LL228RU,3,0,3,3
LL228RW,15,9,6,5
LL228RY,26,11,15,11
LL228SA,6,3,3,4
LL228SB,17,9,8,8
LL228SD,25,10,15,8
LL228SE,12,7,5,5
LL228SF,32,15,17,16
LL228SG,9,4,5,4
LL228SH,51,25,26,24
LL228SJ,8,3,5,5
LL228SL,61,27,34,24
LL228SN,17,7,10,7
LL228SP,13,5,8,7
LL228SQ,39,19,20,17
LL228SR,6,2,4,4
LL228SS,20,8,12,11
LL228ST,14,4,10,5
LL228SU,5,2,3,3
LL228SW,15,6,9,6
LL228SX,29,12,17,16
LL228SY,2,1,1,1
LL228TB,10,6,4,4
LL228TD,8,3,5,2
LL228TE,11,7,4,4
LL228TF,23,11,12,9
LL228TG,5,2,3,3
LL228TH,7,2,5,2
LL228TL,2,1,1,1
LL228TN,8,4,4,4
LL228TP,15,8,7,6
LL228TR,6,2,4,2
LL228TS,20,8,12,7
LL228TT,15,6,9,5
LL228TU,7,4,3,4
LL228TW,19,13,6,6
LL228UA,10,6,4,4
LL228UB,26,13,13,10
LL228UD,12,6,6,4
LL228UE,53,25,28,10
LL228UF,13,8,5,5
LL228UG,8,4,4,5
LL228UH,7,5,2,2
LL228UJ,1,1,0,1
LL228UL,70,37,33,29
LL228UN,20,12,8,8
LL228UP,16,10,6,4
LL228UQ,17,10,7,6
LL228UR,8,4,4,4
LL228US,4,2,2,3
LL228UT,1,1,0,1
LL228UU,35,16,19,19
LL228UW,3,2,1,2
LL228UY,23,11,12,8
LL228YA,5,3,2,2
LL228YB,12,8,4,5
LL228YD,10,5,5,7
LL228YE,18,8,10,6
LL228YF,9,5,4,3
LL228YG,10,6,4,5
LL228YH,10,7,3,6
LL228YL,9,5,4,4
LL228YN,13,7,6,5
LL228YP,17,10,7,7
LL228YR,15,10,5,7
LL228YS,7,3,4,2
LL228YT,8,5,3,3
LL228YU,16,7,9,5
LL228YW,2,1,1,1
LL228YY,30,16,14,10
LL229AA,3,2,1,2
LL229AB,16,9,7,7
LL229AD,5,1,4,2
LL229AF,49,23,26,22
LL229AG,29,15,14,14
LL229AH,46,22,24,23
LL229AL,12,5,7,7
LL229AN,12,4,8,6
LL229AP,19,11,8,7
LL229AQ,60,31,29,30
LL229AR,20,7,13,9
LL229AS,6,4,2,1
LL229AT,15,8,7,6
LL229AU,12,5,7,4
LL229AW,16,3,13,1
LL229AX,95,44,51,31
LL229AY,25,13,12,13
LL229BA,25,10,15,11
LL229BB,22,10,12,7
LL229BE,18,11,7,7
LL229BG,21,8,13,10
LL229BH,87,40,47,37
LL229BL,4,0,4,4
LL229BN,13,8,5,3
LL229BP,19,12,7,7
LL229BS,18,9,9,8
LL229BT,2,1,1,1
LL229BU,20,10,10,8
LL229BW,10,6,4,4
LL229BY,2,1,1,1
LL229DA,15,4,11,7
LL229DD,4,2,2,2
LL229DE,29,15,14,11
LL229DF,7,2,5,2
LL229DG,16,10,6,4
LL229DP,30,13,17,12
LL229DR,36,18,18,18
LL229DS,22,10,12,10
LL229DT,8,5,3,4
LL229DU,15,8,7,8
LL229DW,21,12,9,8
LL229DY,32,19,13,14
LL229EA,5,3,2,2
LL229EB,12,7,5,5
LL229ED,7,4,3,3
LL229EN,6,4,2,3
LL229EP,6,3,3,4
LL229ER,22,14,8,4
LL229ES,12,8,4,6
LL229EY,8,4,4,1
LL229HA,2,0,2,2
LL229HD,4,3,1,3
LL229HE,6,3,3,2
LL229HF,9,2,7,5
LL229HG,4,1,3,3
LL229HH,4,2,2,2
LL229HL,3,1,2,1
LL229HN,39,17,22,18
LL229HP,16,7,9,5
LL229HQ,18,10,8,7
LL229HR,10,5,5,5
LL229HT,35,21,14,14
LL229HU,2,1,1,1
LL229HW,3,1,2,2
LL229JA,110,51,59,31
LL229LA,19,10,9,8
LL229LB,43,19,24,21
LL229LD,10,4,6,4
LL229LE,24,12,12,13
LL229LF,147,63,84,72
LL229LG,40,21,19,19
LL229LH,34,18,16,19
LL229LJ,16,8,8,8
LL229LL,66,34,32,26
LL229LN,8,3,5,4
LL229LP,52,24,28,20
LL229LQ,78,35,43,33
LL229LR,7,3,4,3
LL229LS,68,32,36,24
LL229LT,24,12,12,12
LL229LU,16,8,8,4
LL229LW,52,26,26,22
LL229LX,49,27,22,21
LL229LY,27,9,18,11
LL229LZ,86,37,49,30
LL229NA,43,22,21,22
LL229NB,56,31,25,20
LL229ND,58,29,29,19
LL229NE,77,32,45,37
LL229NF,17,8,9,8
LL229NG,17,8,9,10
LL229NH,16,9,7,10
LL229NJ,63,28,35,36
LL229NL,53,23,30,19
LL229NN,42,21,21,20
LL229NP,89,38,51,44
LL229NQ,11,5,6,5
LL229NR,116,55,61,46
LL229NS,26,10,16,16
LL229NT,56,24,32,28
LL229NU,30,14,16,18
LL229NX,18,8,10,6
LL229NY,36,16,20,23
LL229NZ,60,26,34,19
LL229PA,28,16,12,17
LL229PB,24,14,10,15
LL229PD,40,18,22,31
LL229PE,37,16,21,17
LL229PF,43,21,22,24
LL229PG,15,7,8,9
LL229PH,34,18,16,20
LL229PJ,10,4,6,4
LL229PY,8,5,3,4
LL229RA,12,6,6,5
LL229RB,16,8,8,8
LL229RD,3,2,1,1
LL229RE,20,12,8,11
LL229RF,27,13,14,16
LL229RG,22,12,10,8
LL229RH,12,7,5,5
LL229RL,16,8,8,5
LL229RN,11,6,5,5
LL229RP,3,1,2,1
LL229RR,7,4,3,3
LL229RS,14,9,5,6
LL229RT,9,5,4,4
LL229RW,16,6,10,6
LL229SB,24,10,14,12
LL229SD,7,3,4,3
LL229SE,29,14,15,16
LL229SF,27,11,16,10
LL229SG,3,2,1,2
LL229SH,4,2,2,2
LL229SL,5,2,3,3
LL229XZ,56,26,30,23
LL229YA,18,9,9,8
LL229YB,9,4,5,6
LL229YD,8,5,3,7
LL229YE,9,4,5,5
LL229YF,17,10,7,7
LL229YG,17,9,8,7
LL229YH,135,74,61,58
LL229YJ,18,8,10,10
LL229YL,36,15,21,19
LL229YN,18,8,10,8
LL229YP,58,25,33,20
LL229YQ,212,95,117,85
LL229YS,18,10,8,6
LL229YT,55,24,31,12
LL229YU,25,14,11,13
LL229YW,13,7,6,6
LL229YY,45,18,27,25
LL229YZ,42,18,24,15
LL237AA,7,4,3,7
LL237AB,18,9,9,11
LL237AD,13,8,5,8
LL237AE,30,16,14,12
LL237AF,12,6,6,7
LL237AG,42,21,21,20
LL237AH,55,25,30,29
LL237AJ,5,3,2,4
LL237AL,16,7,9,11
LL237AN,72,32,40,29
LL237AP,21,11,10,8
LL237AQ,25,12,13,12
LL237AR,72,39,33,30
LL237AS,61,27,34,25
LL237AT,78,38,40,32
LL237AU,99,49,50,45
LL237AW,11,6,5,8
LL237AY,44,17,27,24
LL237BB,94,46,48,45
LL237BD,147,66,81,69
LL237BE,94,52,42,44
LL237BF,42,22,20,14
LL237BG,8,4,4,6
LL237BJ,12,6,6,5
LL237BL,22,11,11,10
LL237BN,20,9,11,6
LL237BP,7,3,4,3
LL237BQ,8,5,3,3
LL237BS,6,3,3,2
LL237BT,18,9,9,6
LL237BU,9,4,5,4
LL237BW,21,11,10,9
LL237BY,24,13,11,9
LL237DA,11,7,4,6
LL237DB,7,4,3,3
LL237DD,16,8,8,9
LL237DE,27,14,13,9
LL237DF,45,23,22,17
LL237DG,54,27,27,27
LL237DN,4,2,2,1
LL237DP,16,8,8,6
LL237DR,20,13,7,4
LL237DS,9,5,4,3
LL237DT,43,19,24,19
LL237DU,12,5,7,4
LL237DW,10,4,6,6
LL237DX,26,11,15,10
LL237DY,3,2,1,3
LL237DZ,14,8,6,5
LL237EA,4,3,1,3
LL237EB,38,18,20,12
LL237ED,21,12,9,8
LL237EH,28,14,14,15
LL237EL,14,5,9,7
LL237EN,52,24,28,29
LL237EP,18,9,9,9
LL237EQ,24,12,12,11
LL237ER,2,1,1,1
LL237ES,25,14,11,12
LL237ET,23,11,12,8
LL237EU,8,4,4,3
LL237EW,7,4,3,3
LL237EY,28,15,13,11
LL237GA,58,26,32,23
LL237HD,14,10,4,6
LL237HE,18,10,8,6
LL237HF,3,2,1,2
LL237HG,57,28,29,17
LL237HH,51,19,32,20
LL237HL,13,6,7,8
LL237HN,5,2,3,3
LL237HP,12,7,5,7
LL237HQ,24,12,12,11
LL237HR,10,5,5,4
LL237HS,6,3,3,4
LL237HT,22,10,12,7
LL237HU,22,12,10,8
LL237HW,3,2,1,1
LL237HY,19,10,9,8
LL237LA,19,7,12,6
LL237LB,12,6,6,4
LL237LD,3,1,2,2
LL237LE,2,1,1,1
LL237LF,5,2,3,1
LL237LG,42,20,22,18
LL237LH,4,2,2,3
LL237LL,4,2,2,2
LL237LN,28,13,15,12
LL237LW,7,4,3,2
LL237NA,21,11,10,14
LL237NE,5,2,3,2
LL237NG,22,8,14,8
LL237NH,7,5,2,4
LL237NN,6,3,3,3
LL237NP,26,16,10,10
LL237NR,10,6,4,3
LL237NS,10,5,5,4
LL237NT,86,46,40,33
LL237NU,26,11,15,14
LL237NW,1,1,0,1
LL237NY,9,3,6,5
LL237PA,8,7,1,5
LL237PB,21,14,7,9
LL237PH,2,1,1,1
LL237PL,9,6,3,4
LL237PN,6,4,2,2
LL237PP,10,4,6,4
LL237PR,7,4,3,2
LL237PS,13,5,8,3
LL237PT,10,6,4,4
LL237PU,2,1,1,2
LL237PW,10,6,4,3
LL237PY,3,2,1,1
LL237RA,21,12,9,8
LL237RB,1,1,0,1
LL237RD,8,5,3,5
LL237RE,20,9,11,8
LL237RF,25,11,14,12
LL237RG,15,11,4,7
LL237RH,11,6,5,5
LL237RL,11,6,5,6
LL237RN,2,2,0,2
LL237RR,12,5,7,8
LL237RS,59,27,32,32
LL237RT,40,22,18,17
LL237RU,13,4,9,11
LL237RY,36,13,23,14
LL237SA,16,8,8,8
LL237SB,24,13,11,9
LL237SD,78,37,41,30
LL237SE,15,8,7,5
LL237SF,10,5,5,4
LL237SG,20,8,12,11
LL237SH,25,11,14,7
LL237SN,10,5,5,4
LL237SP,14,4,10,12
LL237SR,26,14,12,9
LL237ST,62,32,30,23
LL237SU,23,13,10,9
LL237SW,33,17,16,18
LL237SY,6,4,2,5
LL237TA,12,5,7,5
LL237TB,27,14,13,10
LL237TD,18,11,7,6
LL237TE,5,2,3,2
LL237TF,20,10,10,11
LL237TH,5,3,2,2
LL237TL,25,12,13,8
LL237TN,13,8,5,8
LL237TP,6,2,4,6
LL237TR,56,25,31,29
LL237TS,7,3,4,5
LL237TT,28,14,14,14
LL237TU,4,2,2,4
LL237TW,30,14,16,14
LL237TY,53,28,25,27
LL237UA,9,3,6,5
LL237UB,36,20,16,13
LL237UD,10,5,5,4
LL237UE,8,3,5,3
LL237UF,25,14,11,11
LL237UG,6,3,3,3
LL237UH,13,7,6,6
LL237UL,9,2,7,3
LL237UN,14,8,6,7
LL237UR,21,13,8,12
LL237UT,4,2,2,4
LL237UU,17,9,8,13
LL237UW,43,20,23,17
LL237UY,10,3,7,5
LL237YA,31,16,15,17
LL237YB,32,14,18,11
LL237YD,42,23,19,14
LL237YE,5,3,2,2
LL237YF,7,3,4,3
LL237YG,26,12,14,14
LL237YH,15,8,7,5
LL237YL,6,3,3,2
LL237YN,15,8,7,6
LL237YP,10,5,5,5
LL237YR,21,10,11,7
LL237YS,28,14,14,9
LL237YT,19,12,7,8
LL237YU,20,12,8,9
LL237YW,24,14,10,11
LL237YY,28,14,14,19
LL237YZ,22,11,11,9
LL240AA,1,1,0,0
LL240AB,9,5,4,3
LL240AD,18,10,8,6
LL240AE,11,4,7,6
LL240AF,5,2,3,2
LL240AG,11,4,7,7
LL240AH,5,2,3,2
LL240AJ,32,20,12,13
LL240AL,9,5,4,4
LL240AN,13,6,7,4
LL240AP,6,5,1,4
LL240AQ,12,7,5,6
LL240AR,15,9,6,5
LL240AS,4,3,1,3
LL240AT,2,1,1,1
LL240AW,1,0,1,1
LL240AX,1,1,0,1
LL240AY,9,5,4,4
LL240AZ,8,3,5,4
LL240BB,36,18,18,15
LL240BD,14,6,8,7
LL240BG,1,1,0,1
LL240BH,1,0,1,1
LL240BL,39,17,22,20
LL240BN,59,30,29,20
LL240BP,10,6,4,3
LL240BS,43,21,22,20
LL240BT,97,44,53,44
LL240BU,21,12,9,9
LL240BW,4,3,1,2
LL240BY,29,14,15,12
LL240DA,14,9,5,8
LL240DB,4,2,2,1
LL240DE,18,11,7,5
LL240DF,9,5,4,2
LL240DG,9,5,4,6
LL240DH,18,10,8,8
LL240DN,11,5,6,4
LL240DP,8,4,4,3
LL240DR,4,2,2,2
LL240DS,13,8,5,5
LL240DU,7,4,3,2
LL240DW,5,3,2,3
LL240DY,3,1,2,2
LL240EA,12,5,7,5
LL240EB,9,5,4,4
LL240ED,1,1,0,1
LL240EE,26,13,13,6
LL240EF,2,0,2,2
LL240EG,4,3,1,1
LL240EH,13,8,5,7
LL240EL,22,12,10,9
LL240EN,9,5,4,3
LL240EP,6,4,2,2
LL240ES,9,6,3,7
LL240EU,26,13,13,13
LL240EW,5,3,2,3
LL240HA,26,15,11,10
LL240HD,14,7,7,6
LL240HE,7,3,4,3
LL240HF,29,15,14,13
LL240HH,3,3,0,3
LL240HL,4,2,2,1
LL240HN,6,4,2,3
LL240HP,2,0,2,1
LL240HR,5,1,4,2
LL240HS,3,1,2,2
LL240HT,3,1,2,1
LL240HU,8,5,3,3
LL240HW,2,1,1,1
LL240HY,40,13,27,7
LL240HZ,11,7,4,4
LL240LA,5,4,1,3
LL240LB,23,14,9,9
LL240LD,4,3,1,2
LL240LE,26,11,15,10
LL240LF,31,14,17,18
LL240LG,20,11,9,9
LL240LH,7,4,3,3
LL240LL,15,5,10,7
LL240LN,11,7,4,2
LL240LP,6,3,3,3
LL240LR,22,15,7,8
LL240LS,3,1,2,2
LL240LT,2,1,1,1
LL240LU,16,8,8,4
LL240LW,22,10,12,8
LL240LY,14,8,6,4
LL240ND,1,0,1,1
LL240NF,51,30,21,13
LL240NG,2,1,1,1
LL240NH,1,0,1,1
LL240NL,1,0,1,1
LL240NN,6,1,5,5
LL240NP,10,5,5,3
LL240NR,12,6,6,5
LL240NT,34,15,19,16
LL240NU,1,1,0,1
LL240NW,6,2,4,3
LL240NY,14,6,8,5
LL240PB,10,5,5,4
LL240PD,29,16,13,10
LL240PE,10,5,5,3
LL240PF,6,2,4,1
LL240PG,5,2,3,1
LL240PN,1,0,1,1
LL240PP,10,5,5,5
LL240PR,11,6,5,3
LL240PS,33,18,15,13
LL240PT,1,0,1,1
LL240PU,24,13,11,9
LL240PW,13,8,5,4
LL240PY,2,1,1,1
LL240RA,4,3,1,1
LL240RB,9,6,3,5
LL240RD,6,4,2,2
LL240RE,5,2,3,4
LL240RG,8,2,6,4
LL240RH,13,7,6,9
LL240RL,19,8,11,10
LL240RN,16,10,6,7
LL240RP,2,1,1,2
LL240RR,2,1,1,1
LL240RS,10,7,3,6
LL240RU,7,4,3,5
LL240SA,15,7,8,10
LL240SB,12,4,8,7
LL240SD,4,3,1,2
LL240SG,7,4,3,2
LL240SH,14,8,6,7
LL240SL,4,2,2,2
LL240SR,1,0,1,1
LL240SS,13,6,7,5
LL240ST,2,1,1,1
LL240SU,11,3,8,3
LL240SW,6,3,3,2
LL240SY,3,2,1,2
LL240TA,24,13,11,7
LL240TB,5,4,1,2
LL240TD,7,6,1,2
LL240TE,3,1,2,1
LL240TF,4,2,2,3
LL240TG,2,0,2,2
LL240TH,4,2,2,1
LL240TL,1,1,0,1
LL240TN,4,2,2,1
LL240TP,4,2,2,2
LL240TR,19,9,10,6
LL240TW,4,4,0,2
LL240TY,9,7,2,5
LL240UA,5,2,3,3
LL240UB,16,9,7,8
LL240UD,1,0,1,1
LL240UE,3,2,1,2
LL240UF,13,7,6,6
LL240UH,2,2,0,2
LL240UL,13,6,7,6
LL240UN,14,9,5,8
LL240UP,4,2,2,2
LL240UR,5,4,1,3
LL240UT,5,4,1,4
LL240UU,14,6,8,4
LL240UW,7,3,4,3
LL240UY,6,4,2,3
LL240YB,9,4,5,4
LL240YD,12,6,6,6
LL240YE,15,7,8,3
LL240YF,7,4,3,3
LL240YG,14,7,7,7
LL240YH,4,2,2,3
LL240YL,9,4,5,3
LL240YN,48,25,23,20
LL240YP,9,7,2,3
LL240YR,12,7,5,6
LL240YS,1,0,1,1
LL240YT,3,2,1,1
LL240YU,23,11,12,11
LL240YW,11,5,6,7
LL240YY,11,5,6,5
LL250DJ,7,4,3,4
LL250DQ,8,5,3,2
LL250DX,15,6,9,6
LL250DZ,15,5,10,8
LL250EJ,33,16,17,14
LL250EQ,3,1,2,2
LL250EX,7,1,6,5
LL250EZ,7,5,2,5
LL250HJ,6,3,3,3
LL250HQ,7,4,3,2
LL250HX,4,3,1,1
LL250JA,13,6,7,7
LL250JB,3,1,2,2
LL250JD,18,9,9,11
LL250JE,3,1,2,2
LL250JF,2,1,1,1
LL250JG,5,4,1,4
LL250JH,6,4,2,2
LL250JJ,2,1,1,1
LL250JQ,16,8,8,7
LL250LZ,7,4,3,3
LL250NJ,38,19,19,15
LL250NQ,25,15,10,11
LL250NZ,7,4,3,3
LL250PJ,27,18,9,9
LL250PQ,11,7,4,5
LL250PX,2,1,1,2
LL250PZ,6,3,3,2
LL250RJ,5,3,2,4
LL250RZ,6,3,3,3
LL250SJ,17,8,9,9
LL250SQ,36,19,17,14
LL250SX,16,8,8,6
LL250SZ,5,2,3,2
LL250TJ,7,2,5,5
LL250TQ,2,1,1,1
LL250TX,8,4,4,3
LL250UJ,4,2,2,2
LL250UQ,5,1,4,2
LL250UX,11,5,6,5
LL250UZ,10,7,3,6
LL250WA,12,5,7,4
LL250YJ,4,3,1,2
LL250YQ,45,22,23,17
LL250YX,4,1,3,3
LL250YZ,1,0,1,1
LL260AA,30,14,16,13
LL260AE,14,2,12,5
LL260AF,25,14,11,7
LL260AG,16,10,6,10
LL260AJ,21,11,10,10
LL260AL,58,18,40,42
LL260AQ,10,6,4,4
LL260AR,50,16,34,39
LL260AT,15,7,8,8
LL260AU,23,13,10,8
LL260AW,27,13,14,15
LL260AX,24,14,10,11
LL260AY,13,5,8,6
LL260AZ,7,3,4,3
LL260BA,17,13,4,13
LL260BB,11,3,8,5
LL260BD,2,1,1,1
LL260BG,61,28,33,22
LL260BH,159,70,89,63
LL260BJ,13,7,6,5
LL260BL,94,46,48,36
LL260BN,152,70,82,60
LL260BP,150,73,77,62
LL260BQ,33,18,15,13
LL260BT,33,17,16,12
LL260BX,33,19,14,11
LL260BZ,53,27,26,20
LL260DB,21,13,8,12
LL260DD,2,0,2,1
LL260DG,55,29,26,18
LL260DH,87,40,47,33
LL260DJ,8,3,5,2
LL260DL,78,39,39,29
LL260DN,34,14,20,16
LL260DP,93,44,49,41
LL260DQ,7,4,3,2
LL260DR,13,8,5,7
LL260DS,41,14,27,15
LL260DT,28,14,14,12
LL260DU,19,6,13,8
LL260DW,21,9,12,7
LL260DX,6,3,3,2
LL260DZ,46,26,20,20
LL260EA,7,3,4,3
LL260EB,13,8,5,8
LL260ED,17,9,8,6
LL260EE,9,3,6,6
LL260EF,15,8,7,6
LL260EG,7,4,3,3
LL260EH,63,30,33,25
LL260EL,33,16,17,18
LL260EP,43,26,17,16
LL260ER,12,7,5,6
LL260ES,17,9,8,9
LL260ET,31,18,13,19
LL260EU,9,3,6,4
LL260EW,40,17,23,12
LL260EY,18,10,8,8
LL260GA,22,15,7,12
LL260HD,1,0,1,1
LL260HE,69,26,43,22
LL260HF,12,6,6,5
LL260HG,59,21,38,13
LL260HH,67,26,41,34
LL260HL,6,4,2,3
LL260HP,1,1,0,1
LL260HQ,64,26,38,25
LL260HR,31,15,16,14
LL260HS,54,25,29,24
LL260HT,113,56,57,44
LL260HU,11,5,6,4
LL260HW,40,17,23,21
LL260LA,13,6,7,9
LL260LB,11,7,4,8
LL260LD,4,3,1,2
LL260LE,10,5,5,3
LL260LG,2,2,0,0
LL260LJ,1,1,0,1
LL260LL,29,18,11,19
LL260LQ,1,1,0,1
LL260LS,125,67,58,63
LL260LT,5,3,2,4
LL260LU,7,2,5,4
LL260LZ,11,5,6,4
LL260NA,39,18,21,30
LL260ND,37,15,22,19
LL260NE,41,16,25,16
LL260NF,72,38,34,31
LL260NG,62,31,31,26
LL260NH,1,0,1,1
LL260NL,25,13,12,9
LL260NN,8,4,4,5
LL260NP,8,3,5,2
LL260NR,3,2,1,2
LL260NS,4,3,1,1
LL260NT,36,20,16,12
LL260NU,2,1,1,1
LL260NW,19,11,8,6
LL260NY,16,9,7,7
LL260PA,9,5,4,3
LL260PB,5,3,2,2
LL260PD,31,18,13,12
LL260PE,5,1,4,2
LL260PF,4,1,3,3
LL260PG,22,14,8,11
LL260PH,15,6,9,8
LL260PJ,14,7,7,7
LL260PN,14,7,7,6
LL260PP,10,5,5,5
LL260PR,15,8,7,6
LL260PS,3,2,1,2
LL260PT,9,6,3,4
LL260PW,17,10,7,6
LL260PY,2,1,1,1
LL260RA,5,2,3,3
LL260RB,12,5,7,5
LL260RD,4,2,2,2
LL260RE,14,7,7,6
LL260RF,15,7,8,7
LL260RG,27,15,12,14
LL260RJ,1,1,0,1
LL260RL,16,6,10,6
LL260RN,33,17,16,16
LL260RP,9,4,5,3
LL260RR,17,7,10,5
LL260RT,3,2,1,2
LL260RU,6,3,3,3
LL260RW,14,9,5,7
LL260RY,58,28,30,31
LL260SA,102,43,59,41
LL260SB,3,2,1,1
LL260SD,43,21,22,17
LL260SF,20,11,9,14
LL260SG,17,9,8,8
LL260SH,4,2,2,2
LL260SJ,3,2,1,1
LL260SL,22,10,12,8
LL260SN,24,11,13,15
LL260SP,9,5,4,5
LL260SR,6,4,2,2
LL260SS,4,2,2,2
LL260ST,2,1,1,1
LL260SU,5,3,2,1
LL260SW,18,10,8,8
LL260SY,25,14,11,9
LL260SZ,22,11,11,8
LL260TA,6,4,2,2
LL260TB,13,4,9,6
LL260TD,2,1,1,1
LL260TE,3,2,1,1
LL260TF,32,17,15,14
LL260TG,4,3,1,1
LL260TH,6,3,3,2
LL260TL,11,5,6,5
LL260TN,4,3,1,2
LL260TP,3,2,1,2
LL260TR,15,6,9,5
LL260TS,51,23,28,27
LL260TT,14,7,7,6
LL260TU,4,2,2,2
LL260TW,4,2,2,1
LL260TY,28,15,13,11
LL260UA,21,10,11,8
LL260UB,5,1,4,2
LL260UD,2,1,1,2
LL260UE,3,1,2,2
LL260UF,17,10,7,5
LL260UG,6,4,2,1
LL260UH,4,2,2,1
LL260UL,20,12,8,8
LL260UN,9,4,5,5
LL260UP,14,7,7,6
LL260UR,7,4,3,3
LL260UT,9,4,5,4
LL260UU,14,8,6,6
LL260UW,2,0,2,1
LL260YA,20,10,10,6
LL260YB,21,11,10,6
LL260YD,6,3,3,2
LL260YE,3,1,2,2
LL260YF,1,0,1,1
LL260YG,9,5,4,5
LL260YH,7,3,4,2
LL260YL,4,2,2,1
LL260YN,35,21,14,14
LL260YP,3,2,1,2
LL260YR,54,26,28,19
LL260YS,6,2,4,2
LL260YT,3,1,2,1
LL260YU,88,37,51,36
LL260YW,2,0,2,1
LL260YY,16,5,11,3
LL270HZ,6,3,3,3
LL270JA,4,2,2,2
LL270JB,25,13,12,12
LL270JD,4,2,2,2
LL270JE,51,24,27,21
LL270JG,10,7,3,9
LL270JH,34,16,18,16
LL270JJ,53,30,23,27
LL270JL,24,13,11,12
LL270JP,56,27,29,24
LL270JQ,1,0,1,1
LL270JR,18,11,7,9
LL270JS,6,2,4,2
LL270JT,2,1,1,1
LL270JU,22,10,12,11
LL270JW,6,2,4,3
LL270JX,34,18,16,19
LL270JY,11,6,5,7
LL270JZ,54,30,24,25
LL270NJ,26,10,16,12
LL270NX,12,5,7,8
LL270NZ,6,3,3,4
LL270QA,22,9,13,12
LL270QD,13,6,7,5
LL270RJ,13,6,7,6
LL270RQ,17,8,9,8
LL270RY,17,7,10,5
LL270RZ,12,8,4,7
LL270SQ,26,12,14,11
LL270SX,2,1,1,1
LL270SZ,10,6,4,7
LL270TJ,19,10,9,6
LL270TQ,26,13,13,11
LL270TX,3,1,2,3
LL270TZ,11,4,7,7
LL270UJ,8,5,3,3
LL270UQ,3,1,2,2
LL270UX,5,2,3,2
LL270UZ,12,6,6,6
LL270YJ,46,20,26,14
LL270YQ,1,1,0,1
LL270YX,24,14,10,10
LL270YZ,2,1,1,1
LL284AA,3,2,1,1
LL284AB,10,5,5,5
LL284AD,104,25,79,5
LL284AE,15,8,7,5
LL284AF,28,11,17,13
LL284AG,10,3,7,5
LL284AH,9,4,5,4
LL284AJ,20,8,12,9
LL284AL,8,4,4,5
LL284AN,9,5,4,6
LL284AP,75,37,38,39
LL284AQ,42,17,25,13
LL284AR,23,10,13,12
LL284AS,178,80,98,46
LL284AT,5,2,3,4
LL284AU,36,12,24,15
LL284AW,21,9,12,16
LL284AX,31,9,22,16
LL284AZ,70,28,42,27
LL284BA,5,1,4,2
LL284BB,28,16,12,13
LL284BD,25,11,14,15
LL284BF,46,21,25,20
LL284BG,15,8,7,6
LL284BH,2,1,1,1
LL284BJ,61,29,32,33
LL284BN,15,8,7,9
LL284BQ,24,12,12,8
LL284BS,49,24,25,25
LL284BT,21,9,12,15
LL284BU,11,7,4,6
LL284BX,27,16,11,8
LL284BY,40,16,24,28
LL284BZ,26,12,14,15
LL284DB,41,24,17,20
LL284DD,5,2,3,2
LL284DE,84,36,48,35
LL284DF,17,8,9,8
LL284DH,24,13,11,9
LL284DJ,72,32,40,36
LL284DL,18,11,7,5
LL284DN,24,10,14,11
LL284DP,26,12,14,10
LL284DQ,76,31,45,33
LL284DR,47,27,20,22
LL284DS,8,4,4,5
LL284DT,5,3,2,2
LL284DU,6,4,2,4
LL284DW,79,28,51,27
LL284DX,50,22,28,21
LL284DY,16,8,8,9
LL284DZ,65,29,36,26
LL284EA,15,7,8,7
LL284EB,31,13,18,16
LL284ED,13,6,7,6
LL284EE,62,22,40,14
LL284EF,3,1,2,2
LL284EH,15,6,9,7
LL284EJ,36,18,18,14
LL284EL,14,6,8,10
LL284EN,44,16,28,22
LL284EP,23,10,13,7
LL284EQ,30,12,18,15
LL284ES,35,15,20,18
LL284ET,54,30,24,36
LL284EU,2,1,1,1
LL284EW,125,73,52,69
LL284EX,24,10,14,10
LL284EY,73,30,43,44
LL284EZ,38,19,19,15
LL284FB,7,3,4,4
LL284HA,114,52,62,46
LL284HD,3,1,2,2
LL284HE,47,18,29,33
LL284HF,84,43,41,32
LL284HG,19,9,10,11
LL284HH,28,15,13,14
LL284HJ,11,5,6,7
LL284HL,35,18,17,18
LL284HN,59,30,29,21
LL284HQ,31,13,18,20
LL284HR,30,15,15,18
LL284HS,45,17,28,25
LL284HT,44,21,23,21
LL284HU,27,15,12,13
LL284HW,135,50,85,35
LL284HY,37,17,20,19
LL284LA,24,11,13,10
LL284LB,57,22,35,32
LL284LD,21,10,11,11
LL284LE,15,6,9,8
LL284LF,11,6,5,7
LL284LG,48,26,22,26
LL284LH,42,18,24,18
LL284LJ,28,14,14,24
LL284LL,16,9,7,11
LL284LN,32,13,19,18
LL284LP,19,10,9,9
LL284LQ,78,31,47,48
LL284LR,63,34,29,28
LL284LS,15,8,7,9
LL284LT,12,9,3,6
LL284LU,12,5,7,8
LL284LW,45,19,26,20
LL284LX,26,12,14,11
LL284LY,16,10,6,6
LL284LZ,75,40,35,27
LL284NA,11,4,7,5
LL284NB,92,47,45,38
LL284ND,24,12,12,10
LL284NE,27,12,15,15
LL284NG,33,12,21,22
LL284NH,16,10,6,12
LL284NJ,61,26,35,37
LL284NL,13,7,6,6
LL284NN,9,2,7,7
LL284NP,5,2,3,4
LL284NQ,27,12,15,17
LL284NR,74,36,38,33
LL284NS,82,39,43,52
LL284NT,75,35,40,36
LL284NU,58,25,33,27
LL284NW,43,17,26,22
LL284NX,13,3,10,9
LL284NY,22,6,16,12
LL284NZ,12,4,8,10
LL284PA,24,12,12,14
LL284PB,36,18,18,17
LL284PD,56,26,30,29
LL284PE,19,10,9,10
LL284PF,53,26,27,22
LL284PG,27,11,16,14
LL284PH,14,6,8,4
LL284PJ,36,18,18,15
LL284PL,46,15,31,36
LL284PN,43,11,32,35
LL284PP,15,7,8,8
LL284PQ,108,52,56,43
LL284PR,5,2,3,4
LL284PS,16,6,10,11
LL284PU,36,13,23,26
LL284PW,88,43,45,39
LL284PX,33,18,15,13
LL284PY,24,10,14,18
LL284PZ,23,11,12,13
LL284QA,20,10,10,13
LL284RA,8,3,5,3
LL284RB,30,12,18,17
LL284RD,56,26,30,30
LL284RF,40,19,21,17
LL284RG,67,37,30,27
LL284RH,37,20,17,18
LL284RJ,19,7,12,9
LL284RL,13,6,7,9
LL284RQ,44,19,25,25
LL284RR,12,5,7,7
LL284RS,88,36,52,41
LL284RT,53,24,29,23
LL284RU,62,26,36,25
LL284RW,4,3,1,3
LL284RX,33,13,20,21
LL284RY,120,42,78,39
LL284RZ,36,16,20,21
LL284SA,26,11,15,14
LL284SB,87,50,37,29
LL284SD,25,14,11,19
LL284SE,30,10,20,24
LL284SG,94,43,51,37
LL284SH,41,19,22,23
LL284SL,90,47,43,42
LL284SN,15,6,9,10
LL284SP,8,4,4,6
LL284SR,20,9,11,11
LL284SS,88,46,42,36
LL284ST,11,4,7,8
LL284SU,80,41,39,37
LL284SW,44,20,24,23
LL284SY,50,26,24,24
LL284TA,59,28,31,33
LL284TB,6,3,3,5
LL284TE,46,21,25,22
LL284TF,104,41,63,33
LL284TG,25,12,13,14
LL284TH,15,8,7,8
LL284TJ,20,11,9,7
LL284TL,44,13,31,32
LL284TN,29,13,16,16
LL284TP,63,22,41,18
LL284TR,29,14,15,10
LL284TS,21,11,10,9
LL284TT,12,5,7,6
LL284TU,32,17,15,13
LL284TW,34,16,18,18
LL284TY,20,11,9,8
LL284UA,54,28,26,22
LL284UB,43,19,24,17
LL284UD,44,18,26,28
LL284UG,11,7,4,4
LL284UH,37,17,20,16
LL284UN,25,9,16,20
LL284UP,112,58,54,48
LL284UR,22,10,12,13
LL284UT,42,17,25,24
LL284UU,34,17,17,16
LL284UY,29,12,17,16
LL284YA,2,0,2,2
LL284YB,100,46,54,48
LL284YD,2,0,2,1
LL284YE,30,10,20,17
LL284YF,100,40,60,40
LL284YG,87,41,46,32
LL284YH,69,30,39,29
LL284YN,17,9,8,8
LL284YR,10,4,6,6
LL284YS,101,46,55,46
LL284YT,2,1,1,1
LL284YU,50,20,30,23
LL284YY,75,39,36,44
LL285AA,46,20,26,18
LL285AD,21,11,10,12
LL285AE,60,28,32,25
LL285AF,48,24,24,24
LL285AG,76,36,40,34
LL285AH,39,19,20,24
LL285AJ,44,18,26,20
LL285AL,40,21,19,16
LL285AN,30,10,20,17
LL285AP,112,59,53,46
LL285AQ,41,19,22,21
LL285AR,38,21,17,14
LL285AS,41,20,21,17
LL285AT,3,1,2,1
LL285AU,7,5,2,2
LL285AW,34,17,17,18
LL285AY,55,23,32,26
LL285BA,12,7,5,10
LL285BB,53,27,26,26
LL285BD,51,28,23,20
LL285BE,5,3,2,2
LL285BG,53,24,29,23
LL285BJ,38,18,20,18
LL285BL,32,15,17,16
LL285BN,25,9,16,8
LL285BW,32,15,17,12
LL285BX,25,13,12,8
LL285BY,62,26,36,21
LL285BZ,43,18,25,19
LL285DA,16,6,10,8
LL285DB,7,3,4,4
LL285DD,44,22,22,15
LL285DE,11,6,5,4
LL285DF,64,27,37,19
LL285DG,119,60,59,36
LL285DH,70,40,30,21
LL285DL,68,33,35,23
LL285DN,37,22,15,13
LL285DP,20,8,12,11
LL285DR,83,38,45,37
LL285DS,19,9,10,8
LL285DT,47,25,22,20
LL285DU,21,10,11,10
LL285DW,32,14,18,17
LL285DY,32,18,14,12
LL285DZ,71,40,31,34
LL285EA,82,42,40,33
LL285EB,11,4,7,8
LL285ED,27,17,10,19
LL285EF,79,39,40,30
LL285EG,26,13,13,19
LL285EJ,3,1,2,2
LL285EN,18,8,10,7
LL285EP,1,1,0,1
LL285EQ,36,15,21,15
LL285ER,4,3,1,2
LL285ES,4,2,2,2
LL285ET,15,7,8,4
LL285EU,6,2,4,1
LL285EW,28,16,12,10
LL285EY,2,1,1,1
LL285HN,1,1,0,1
LL285HP,42,19,23,17
LL285HR,22,11,11,9
LL285HS,15,6,9,5
LL285HT,2,1,1,1
LL285HU,12,5,7,7
LL285HW,3,2,1,1
LL285HY,12,6,6,6
LL285LB,5,3,2,2
LL285LD,5,2,3,2
LL285LE,8,4,4,3
LL285LF,9,6,3,6
LL285LG,3,2,1,1
LL285LH,2,1,1,1
LL285LJ,27,14,13,15
LL285LL,4,2,2,2
LL285LN,22,8,14,8
LL285LP,13,6,7,6
LL285LQ,30,16,14,15
LL285LS,27,13,14,10
LL285LT,23,12,11,11
LL285LU,63,26,37,30
LL285LW,8,5,3,4
LL285LX,39,19,20,16
LL285LY,9,3,6,5
LL285NA,1,0,1,1
LL285NB,8,6,2,5
LL285ND,102,45,57,41
LL285NE,55,29,26,24
LL285NF,123,60,63,55
LL285NG,86,41,45,39
LL285NH,119,65,54,61
LL285NJ,52,26,26,22
LL285NL,42,18,24,17
LL285NN,92,44,48,40
LL285NP,6,4,2,4
LL285NR,2,1,1,1
LL285NS,17,10,7,8
LL285NT,29,11,18,13
LL285NU,79,35,44,36
LL285NW,22,14,8,8
LL285NY,10,4,6,6
LL285PA,3,2,1,2
LL285PB,4,0,4,3
LL285PD,12,5,7,4
LL285PE,19,9,10,6
LL285PF,18,7,11,8
LL285PG,10,2,8,4
LL285PH,6,3,3,4
LL285PL,11,4,7,4
LL285PN,20,9,11,5
LL285PP,10,4,6,4
LL285PR,19,8,11,10
LL285PT,34,16,18,13
LL285PU,18,7,11,7
LL285PW,18,9,9,8
LL285PY,20,12,8,6
LL285RA,20,10,10,11
LL285RB,9,7,2,4
LL285RD,5,2,3,1
LL285RE,4,2,2,1
LL285RF,6,2,4,6
LL285RG,16,7,9,8
LL285RH,13,7,6,7
LL285RJ,4,2,2,2
LL285RL,16,9,7,6
LL285RN,13,6,7,5
LL285RP,14,7,7,6
LL285RR,8,5,3,4
LL285RS,2,1,1,1
LL285RT,19,10,9,8
LL285RU,6,3,3,1
LL285RW,22,10,12,7
LL285RX,11,5,6,6
LL285RY,10,4,6,3
LL285SA,24,10,14,9
LL285SB,31,13,18,13
LL285SD,10,6,4,4
LL285SE,1,0,1,1
LL285SF,26,14,12,9
LL285SG,16,6,10,6
LL285SH,12,6,6,5
LL285SL,17,8,9,7
LL285SR,35,17,18,19
LL285SS,33,15,18,19
LL285ST,16,10,6,9
LL285SU,8,4,4,6
LL285SW,5,3,2,3
LL285SY,91,42,49,43
LL285TA,37,21,16,21
LL285TB,1,0,1,1
LL285TD,45,21,24,19
LL285TE,5,4,1,4
LL285TF,19,11,8,11
LL285TG,35,17,18,16
LL285TH,36,19,17,14
LL285TL,26,13,13,12
LL285TN,29,12,17,11
LL285TS,13,6,7,8
LL285TT,9,6,3,3
LL285TU,23,11,12,13
LL285TW,42,18,24,18
LL285TY,32,13,19,14
LL285UA,14,5,9,6
LL285UB,70,33,37,32
LL285UD,83,40,43,35
LL285UE,30,16,14,13
LL285UF,20,15,5,5
LL285UG,9,4,5,3
LL285UH,22,11,11,7
LL285UJ,10,5,5,3
LL285UL,8,5,3,2
LL285UN,82,43,39,32
LL285UP,11,4,7,6
LL285UR,15,8,7,6
LL285UT,40,22,18,16
LL285UU,2,1,1,1
LL285UW,13,7,6,3
LL285UY,30,15,15,13
LL285YA,45,27,18,0
LL285YB,22,10,12,15
LL285YD,2,1,1,1
LL285YE,15,5,10,10
LL285YF,12,6,6,4
LL285YG,10,5,5,6
LL285YH,98,45,53,41
LL285YJ,13,7,6,3
LL285YL,130,63,67,53
LL285YN,55,30,25,20
LL285YP,86,49,37,22
LL285YQ,20,11,9,7
LL285YR,29,12,17,11
LL285YS,104,48,56,44
LL285YT,5,2,3,2
LL285YU,17,8,9,7
LL285YW,21,11,10,7
LL285YX,13,7,6,5
LL285YY,50,24,26,18
LL285YZ,12,3,9,4
LL296AA,11,4,7,4
LL296AB,35,12,23,11
LL296AE,46,19,27,12
LL296AF,84,44,40,32
LL296AG,71,37,34,27
LL296AH,15,8,7,6
LL296AJ,21,12,9,10
LL296AL,55,29,26,20
LL296AN,14,8,6,5
LL296AP,76,34,42,27
LL296AR,32,16,16,13
LL296AT,14,8,6,5
LL296AU,1,0,1,1
LL296AW,24,13,11,12
LL296AY,11,6,5,5
LL296BA,6,4,2,3
LL296BB,7,4,3,3
LL296BD,10,5,5,6
LL296BE,13,7,6,6
LL296DA,58,31,27,19
LL296DB,90,41,49,35
LL296DD,28,13,15,12
LL296DE,26,11,15,10
LL296DF,101,53,48,36
LL296DG,84,44,40,27
LL296DH,178,85,93,70
LL296DJ,75,32,43,29
LL296DL,191,101,90,72
LL296DN,65,31,34,24
LL296DP,89,48,41,40
LL296DQ,43,23,20,15
LL296DR,30,15,15,15
LL296DS,61,27,34,31
LL296DT,56,29,27,19
LL296DU,8,4,4,4
LL296DW,210,97,113,84
LL296DX,28,13,15,9
LL296DY,6,3,3,4
LL296DZ,16,7,9,7
LL296EA,70,39,31,21
LL296EB,36,19,17,12
LL296ED,13,7,6,4
LL296EE,33,14,19,11
LL296EF,25,12,13,8
LL297AA,10,6,4,6
LL297AJ,95,50,45,35
LL297AP,43,21,22,19
LL297AQ,19,7,12,10
LL297AS,45,16,29,28
LL297AT,21,9,12,9
LL297AX,75,39,36,27
LL297AY,4,0,4,3
LL297BA,23,15,8,10
LL297BB,65,32,33,18
LL297BE,16,8,8,8
LL297BF,14,8,6,5
LL297BG,16,10,6,12
LL297BH,28,15,13,8
LL297BJ,68,24,44,53
LL297BN,2,1,1,1
LL297BS,3,1,2,2
LL297BT,115,76,39,1
LL297BU,26,12,14,20
LL297BW,24,10,14,8
LL297DA,27,10,17,2
LL297DH,58,30,28,31
LL297DP,73,39,34,24
LL297DR,23,14,9,7
LL297DS,47,19,28,19
LL297DT,43,27,16,16
LL297ED,60,34,26,31
LL297EF,21,8,13,11
LL297EG,18,7,11,8
LL297EH,27,12,15,14
LL297EL,61,37,24,19
LL297EN,27,13,14,11
LL297EP,9,4,5,3
LL297ER,26,14,12,10
LL297ES,20,10,10,7
LL297ET,14,8,6,5
LL297EU,54,32,22,19
LL297EW,16,9,7,7
LL297EY,31,17,14,11
LL297HA,26,13,13,10
LL297HB,75,39,36,28
LL297HD,37,23,14,13
LL297HE,5,2,3,1
LL297HF,4,2,2,2
LL297HR,57,20,37,52
LL297HS,4,2,2,3
LL297HT,12,6,6,8
LL297LD,27,13,14,13
LL297LE,67,30,37,45
LL297LG,3,2,1,2
LL297LL,36,17,19,16
LL297LN,24,9,15,4
LL297LR,41,24,17,18
LL297LS,21,9,12,9
LL297LU,52,29,23,29
LL297LW,13,6,7,4
LL297NA,47,23,24,15
LL297NB,108,54,54,38
LL297ND,42,24,18,19
LL297NE,6,1,5,4
LL297NF,18,9,9,8
LL297PA,27,16,11,15
LL297PE,3,1,2,1
LL297PH,54,39,15,42
LL297PL,8,3,5,4
LL297PN,10,6,4,3
LL297PP,53,23,30,26
LL297PR,66,35,31,29
LL297PS,25,18,7,15
LL297PT,41,20,21,20
LL297PU,54,28,26,25
LL297PW,31,15,16,17
LL297RA,34,17,17,16
LL297RB,27,13,14,11
LL297RD,96,49,47,46
LL297RE,50,25,25,25
LL297RG,2,1,1,1
LL297RH,38,18,20,14
LL297RL,80,40,40,33
LL297RN,54,24,30,26
LL297RP,7,5,2,5
LL297RS,3,2,1,2
LL297RU,18,7,11,10
LL297RW,83,38,45,31
LL297SA,41,24,17,23
LL297SD,43,19,24,21
LL297SG,27,14,13,10
LL297SL,25,13,12,15
LL297SN,7,1,6,1
LL297SP,5,2,3,2
LL297SS,3,1,2,1
LL297ST,32,13,19,16
LL297SU,6,4,2,1
LL297SW,62,29,33,26
LL297TE,22,11,11,9
LL297TH,8,5,3,6
LL297TL,6,3,3,2
LL297TN,42,18,24,20
LL297TP,29,13,16,11
LL297TR,48,21,27,20
LL297TS,24,13,11,9
LL297TT,62,31,31,28
LL297TU,93,50,43,39
LL297TW,53,27,26,29
LL297TY,125,69,56,46
LL297UA,47,21,26,21
LL297UB,20,10,10,9
LL297UD,23,13,10,7
LL297UE,20,11,9,9
LL297UF,56,25,31,24
LL297UG,141,70,71,52
LL297UH,28,15,13,13
LL297UL,87,42,45,36
LL297UN,33,18,15,19
LL297UP,11,4,7,6
LL297UU,21,10,11,12
LL297UW,25,11,14,14
LL297UY,33,13,20,14
LL297WY,8,3,5,3
LL297YA,20,10,10,9
LL297YB,39,18,21,12
LL297YD,33,11,22,4
LL297YE,2,1,1,1
LL297YF,35,17,18,20
LL297YG,85,41,44,37
LL297YH,21,12,9,8
LL297YJ,13,6,7,5
LL297YN,13,11,2,1
LL297YP,18,9,9,8
LL297YR,13,7,6,6
LL297YS,15,10,5,6
LL297YT,11,6,5,5
LL297YU,22,6,16,1
LL297YY,22,10,12,10
LL298AA,9,3,6,3
LL298AB,17,9,8,8
LL298AD,36,17,19,14
LL298AE,23,12,11,10
LL298AF,33,16,17,13
LL298AG,16,8,8,8
LL298AH,90,41,49,41
LL298AJ,9,5,4,3
LL298AL,32,18,14,11
LL298AN,15,7,8,4
LL298AQ,3,2,1,2
LL298AS,60,22,38,20
LL298AT,107,58,49,36
LL298AU,44,20,24,13
LL298AX,2,1,1,1
LL298AZ,14,9,5,6
LL298BA,72,33,39,21
LL298BB,54,21,33,20
LL298BD,6,3,3,2
LL298BE,97,52,45,33
LL298BG,21,12,9,8
LL298BH,48,25,23,21
LL298BJ,10,5,5,6
LL298BL,30,12,18,18
LL298BP,7,4,3,6
LL298BQ,1,0,1,1
LL298BU,11,6,5,4
LL298BX,8,3,5,2
LL298BY,1,1,0,1
LL298BZ,13,7,6,5
LL298DG,19,11,8,11
LL298DH,42,15,27,30
LL298DJ,46,24,22,35
LL298DL,4,1,3,2
LL298DN,11,6,5,6
LL298DQ,63,32,31,30
LL298DW,75,41,34,39
LL298DX,8,2,6,3
LL298DY,11,6,5,8
LL298EA,66,32,34,24
LL298EB,22,14,8,8
LL298ED,28,17,11,8
LL298EE,36,15,21,22
LL298EF,39,19,20,11
LL298EL,46,29,17,18
LL298EN,67,32,35,30
LL298ER,74,37,37,22
LL298ES,43,26,17,27
LL298ET,31,17,14,12
LL298EU,126,57,69,51
LL298EW,160,90,70,53
LL298EX,43,22,21,15
LL298EY,56,33,23,30
LL298FA,3,1,2,1
LL298FB,21,11,10,11
LL298FD,41,20,21,18
LL298FE,9,4,5,5
LL298FF,8,6,2,4
LL298FG,14,4,10,7
LL298FH,5,2,3,3
LL298FJ,100,42,58,29
LL298FL,48,23,25,13
LL298FQ,13,8,5,10
LL298HA,1,1,0,1
LL298HB,58,35,23,34
LL298HD,15,8,7,7
LL298HE,70,40,30,45
LL298HF,28,14,14,14
LL298HN,19,8,11,17
LL298HT,11,3,8,3
LL298LA,11,6,5,6
LL298LE,88,39,49,42
LL298LG,71,34,37,52
LL298LH,4,2,2,1
LL298LJ,25,11,14,8
LL298LL,34,16,18,16
LL298LQ,27,13,14,11
LL298LT,18,4,14,13
LL298LX,1,1,0,1
LL298LZ,14,7,7,5
LL298NA,103,55,48,41
LL298NB,15,7,8,10
LL298NG,40,19,21,22
LL298NU,14,7,7,5
LL298NY,10,4,6,6
LL298PA,23,11,12,8
LL298PB,99,59,40,60
LL298PD,3,1,2,2
LL298PF,12,10,2,0
LL298PG,150,71,79,59
LL298PH,44,34,10,12
LL298PJ,24,15,9,18
LL298PL,37,23,14,21
LL298PN,46,18,28,20
LL298PP,14,8,6,6
LL298PQ,26,11,15,22
LL298PS,28,15,13,21
LL298PT,31,14,17,21
LL298PU,55,27,28,28
LL298PW,126,54,72,43
LL298PX,23,12,11,16
LL298PY,59,29,30,28
LL298PZ,19,10,9,16
LL298QA,106,48,58,32
LL298QB,32,17,15,11
LL298RA,82,33,49,27
LL298RB,71,35,36,32
LL298RD,76,30,46,35
LL298RE,61,32,29,26
LL298RF,43,19,24,19
LL298RG,45,24,21,22
LL298RH,2,0,2,2
LL298RL,21,8,13,10
LL298RN,29,15,14,10
LL298RP,73,32,41,27
LL298RQ,47,25,22,16
LL298RR,14,10,4,10
LL298RS,21,11,10,6
LL298RT,45,20,25,16
LL298RU,39,22,17,17
LL298RW,19,10,9,6
LL298RX,42,21,21,14
LL298RY,10,4,6,3
LL298SA,75,38,37,25
LL298SB,20,8,12,11
LL298SD,10,4,6,4
LL298SE,11,5,6,6
LL298SF,13,6,7,5
LL298SG,4,2,2,2
LL298SH,2,1,1,1
LL298SL,12,5,7,7
LL298SN,6,2,4,4
LL298SP,8,4,4,5
LL298SR,2,1,1,1
LL298SS,24,13,11,11
LL298ST,10,5,5,4
LL298SU,142,77,65,54
LL298SW,11,4,7,5
LL298SY,25,13,12,7
LL298TA,150,75,75,58
LL298TB,108,48,60,50
LL298TD,48,25,23,17
LL298TE,7,3,4,4
LL298TF,55,25,30,23
LL298TG,18,8,10,8
LL298TH,9,5,4,5
LL298TJ,48,24,24,21
LL298TN,107,46,61,68
LL298TP,34,15,19,14
LL298TS,9,4,5,4
LL298TT,11,5,6,5
LL298TU,6,3,3,1
LL298TW,20,9,11,9
LL298TY,9,5,4,4
LL298UA,16,9,7,6
LL298UB,5,2,3,4
LL298UD,27,14,13,14
LL298UE,16,9,7,7
LL298UF,15,11,4,9
LL298UL,31,18,13,9
LL298UN,71,30,41,37
LL298UP,58,26,32,27
LL298UR,7,4,3,2
LL298US,16,8,8,6
LL298UT,28,12,16,18
LL298UU,9,5,4,3
LL298UW,80,41,39,28
LL298UY,34,14,20,15
LL298UZ,16,8,8,5
LL298YA,27,13,14,10
LL298YB,66,35,31,34
LL298YD,86,46,40,30
LL298YE,43,21,22,17
LL298YF,28,16,12,11
LL298YH,105,42,63,49
LL298YJ,4,1,3,3
LL298YL,30,13,17,14
LL298YN,9,4,5,3
LL298YP,4,1,3,3
LL298YR,18,9,9,9
LL298YS,3,1,2,1
LL298YT,9,5,4,3
LL298YU,4,2,2,2
LL298YW,4,2,2,2
LL298YY,4,2,2,2
LL298YZ,32,14,18,10
LL298ZA,53,23,30,17
LL299AA,13,7,6,8
LL299AB,11,5,6,3
LL299AD,24,12,12,11
LL299AE,46,27,19,23
LL299AF,23,13,10,8
LL299AG,30,15,15,13
LL299AH,6,5,1,2
LL299AJ,19,8,11,7
LL299AL,4,2,2,3
LL299AN,3,2,1,2
LL299AP,11,5,6,6
LL299AR,5,2,3,3
LL299AS,14,8,6,8
LL299AT,17,7,10,6
LL299AU,30,14,16,11
LL299AW,7,5,2,3
LL299AY,23,13,10,10
LL299BA,86,37,49,28
LL299BB,68,41,27,26
LL299BD,57,23,34,21
LL299BE,93,48,45,34
LL299BG,26,12,14,16
LL299BH,76,33,43,32
LL299BL,30,11,19,16
LL299BN,21,10,11,10
LL299BP,36,24,12,17
LL299BS,46,24,22,15
LL299BT,62,32,30,22
LL299BW,53,30,23,32
LL299BY,13,6,7,10
LL299DB,23,10,13,9
LL299DD,96,42,54,33
LL299DE,30,9,21,22
LL299DF,18,8,10,11
LL299DG,35,15,20,13
LL299DH,35,17,18,19
LL299DJ,4,2,2,2
LL299DL,52,27,25,23
LL299DN,36,15,21,18
LL299DP,55,33,22,22
LL299DR,63,28,35,22
LL299DS,85,39,46,33
LL299DT,67,31,36,25
LL299DU,47,24,23,17
LL299DW,25,7,18,17
LL299DY,50,24,26,21
LL299EA,20,10,10,9
LL299EB,14,7,7,6
LL299ED,59,26,33,29
LL299EE,29,15,14,11
LL299EF,24,13,11,10
LL299EG,23,15,8,6
LL299EH,30,14,16,12
LL299EL,22,8,14,10
LL299EN,19,8,11,8
LL299ER,57,29,28,19
LL299ET,17,8,9,9
LL299EU,8,2,6,5
LL299EY,11,5,6,6
LL299HA,36,17,19,16
LL299HB,28,13,15,14
LL299HD,29,15,14,15
LL299HG,19,8,11,8
LL299HH,32,17,15,16
LL299HJ,4,1,3,4
LL299HL,68,34,34,31
LL299HN,27,13,14,15
LL299HP,68,33,35,27
LL299HR,101,54,47,38
LL299HS,59,31,28,21
LL299HT,138,69,69,58
LL299HU,39,19,20,15
LL299HW,36,20,16,14
LL299HY,13,7,6,4
LL299LA,48,22,26,17
LL299LB,86,38,48,35
LL299LD,32,14,18,14
LL299LE,20,7,13,9
LL299LF,5,3,2,2
LL299LG,166,77,89,50
LL299LH,57,21,36,17
LL299LJ,60,28,32,36
LL299LL,40,18,22,16
LL299LN,37,18,19,23
LL299LP,25,11,14,12
LL299LQ,67,33,34,26
LL299LS,7,5,2,6
LL299LT,47,26,21,21
LL299LU,22,14,8,15
LL299NA,3,2,1,3
LL299NB,9,5,4,5
LL299ND,50,23,27,24
LL299NE,32,17,15,17
LL299NF,89,44,45,44
LL299NG,14,8,6,8
LL299NH,14,7,7,4
LL299NJ,194,106,88,66
LL299NL,9,5,4,4
LL299NN,40,13,27,11
LL299NP,63,32,31,25
LL299NR,54,32,22,21
LL299NS,21,10,11,8
LL299NT,16,7,9,8
LL299NU,61,34,27,20
LL299NW,19,9,10,7
LL299NY,38,17,21,20
LL299PA,10,5,5,4
LL299PB,12,6,6,5
LL299PF,28,14,14,21
LL299PG,7,3,4,3
LL299PH,51,26,25,28
LL299PL,31,15,16,14
LL299PN,25,17,8,15
LL299PR,34,19,15,25
LL299PS,56,32,24,30
LL299PT,66,29,37,20
LL299PW,50,25,25,30
LL299PY,58,27,31,24
LL299RA,15,8,7,5
LL299RB,8,4,4,3
LL299RD,13,7,6,5
LL299RE,40,9,31,8
LL299RF,58,25,33,22
LL299RG,24,10,14,10
LL299RH,38,14,24,21
LL299RN,23,9,14,8
LL299RP,44,25,19,22
LL299RR,46,19,27,20
LL299RS,70,34,36,32
LL299RU,38,16,22,19
LL299RW,32,18,14,21
LL299RY,8,2,6,8
LL299SD,46,26,20,16
LL299SE,28,10,18,11
LL299SF,16,9,7,7
LL299SG,17,8,9,7
LL299SH,12,5,7,5
LL299SL,35,18,17,14
LL299SN,34,16,18,18
LL299SP,74,40,34,32
LL299SR,6,4,2,6
LL299SS,14,8,6,5
LL299ST,82,45,37,29
LL299SU,94,48,46,35
LL299SW,50,26,24,18
LL299SY,16,9,7,6
LL299TA,73,36,37,27
LL299TB,21,10,11,7
LL299TD,2,1,1,1
LL299TE,73,38,35,30
LL299TF,53,28,25,24
LL299TG,15,9,6,9
LL299TH,13,7,6,8
LL299TN,20,11,9,16
LL299TP,32,16,16,14
LL299TR,21,9,12,9
LL299TS,35,15,20,32
LL299TT,75,38,37,32
LL299TU,8,3,5,3
LL299TW,37,16,21,16
LL299TY,24,15,9,11
LL299UA,48,21,27,22
LL299UB,36,19,17,13
LL299UD,43,21,22,19
LL299UE,45,25,20,17
LL299UF,37,28,9,33
LL299UG,28,8,20,21
LL299UH,77,38,39,30
LL299UL,31,20,11,23
LL299UN,52,25,27,24
LL299UP,83,44,39,35
LL299UR,62,33,29,27
LL299UU,88,43,45,44
LL299UW,47,26,21,19
LL299UY,21,12,9,10
LL299YA,17,9,8,9
LL299YF,3,2,1,2
LL299YH,32,17,15,13
LL299YN,149,76,73,42
LL299YP,61,28,33,25
LL301AB,51,30,21,25
LL301AD,13,6,7,9
LL301AE,38,21,17,26
LL301AH,35,16,19,20
LL301AJ,17,8,9,9
LL301AL,21,9,12,7
LL301AN,16,6,10,0
LL301AR,15,11,4,2
LL301AS,16,12,4,1
LL301AT,31,15,16,16
LL301AU,16,6,10,7
LL301AW,18,11,7,9
LL301AY,7,5,2,0
LL301AZ,16,9,7,10
LL301BD,17,10,7,0
LL301BE,17,12,5,12
LL301BF,19,8,11,10
LL301BG,48,24,24,9
LL301BH,15,6,9,10
LL301BL,97,48,49,48
LL301BN,33,15,18,18
LL301BP,59,32,27,25
LL301BS,47,26,21,16
LL301BT,18,9,9,8
LL301BU,37,12,25,31
LL301BW,25,11,14,15
LL301BX,26,14,12,14
LL301BZ,71,26,45,52
LL301DD,1,1,0,1
LL301DH,38,20,18,16
LL301DJ,5,2,3,4
LL301DP,5,2,3,3
LL301DQ,101,41,60,44
LL301DT,38,12,26,21
LL301DU,79,38,41,41
LL301DX,17,9,8,8
LL301DY,25,10,15,17
LL301DZ,105,60,45,56
LL301EA,93,48,45,39
LL301EB,59,28,31,20
LL301EF,26,13,13,12
LL301EG,48,27,21,18
LL301EH,36,15,21,18
LL301EJ,26,16,10,10
LL301EL,31,8,23,15
LL301EN,65,26,39,24
LL301EP,35,17,18,24
LL301EQ,56,29,27,20
LL301ER,63,27,36,25
LL301ES,96,43,53,35
LL301ET,66,35,31,25
LL301EU,2,2,0,2
LL301EW,32,14,18,9
LL301EX,12,8,4,5
LL301EY,77,37,40,26
LL301EZ,37,15,22,18
LL301FB,57,29,28,16
LL301GB,97,43,54,34
LL301GD,58,26,32,27
LL301GE,30,15,15,11
LL301GF,27,16,11,10
LL301GG,26,14,12,14
LL301GZ,65,32,33,23
LL301HB,96,41,55,44
LL301HD,95,40,55,30
LL301HE,55,27,28,17
LL301HJ,16,6,10,5
LL301HL,50,22,28,23
LL301HN,51,26,25,31
LL301HP,9,5,4,4
LL301HQ,64,31,33,32
LL301HS,9,5,4,4
LL301HT,33,17,16,16
LL301HU,52,26,26,20
LL301HX,34,15,19,19
LL301HY,51,27,24,17
LL301HZ,101,54,47,39
LL301JA,100,46,54,40
LL301JB,38,19,19,13
LL301JD,10,4,6,3
LL301JE,93,41,52,32
LL301JF,13,6,7,5
LL301JH,29,14,15,12
LL301JJ,62,30,32,23
LL301JL,63,28,35,29
LL301JW,28,13,15,8
LL301LA,35,20,15,13
LL301LD,178,84,94,69
LL301LE,48,23,25,38
LL301LG,69,29,40,20
LL301LH,40,16,24,20
LL301LJ,36,16,20,12
LL301LL,19,10,9,13
LL301LN,154,69,85,66
LL301LP,126,52,74,51
LL301LQ,33,15,18,21
LL301LR,26,11,15,16
LL301LS,10,3,7,5
LL301LT,87,43,44,35
LL301LU,105,49,56,56
LL301LW,43,19,24,19
LL301LX,65,31,34,33
LL301LY,74,33,41,28
LL301LZ,77,23,54,37
LL301NA,71,29,42,38
LL301NB,30,10,20,22
LL301ND,49,20,29,25
LL301NE,80,39,41,41
LL301NF,2,0,2,2
LL301NG,110,50,60,53
LL301NH,89,45,44,45
LL301NJ,11,7,4,5
LL301NL,56,27,29,22
LL301NQ,130,63,67,69
LL301NR,40,18,22,23
LL301NS,49,20,29,24
LL301NT,35,17,18,16
LL301NU,31,18,13,14
LL301NX,20,11,9,8
LL301NY,4,2,2,3
LL301NZ,42,18,24,18
LL301PA,8,3,5,4
LL301PB,88,35,53,47
LL301PD,52,25,27,31
LL301PE,45,18,27,25
LL301PF,97,46,51,50
LL301PG,43,20,23,17
LL301PH,15,9,6,6
LL301PL,38,17,21,14
LL301PN,3,1,2,1
LL301PP,23,12,11,11
LL301PQ,21,9,12,7
LL301PR,42,23,19,14
LL301PS,90,46,44,43
LL301PT,55,28,27,22
LL301PU,12,6,6,7
LL301PY,30,13,17,11
LL301PZ,10,4,6,6
LL301QA,4,2,2,2
LL301RD,126,99,27,3
LL301RF,9,5,4,4
LL301RG,34,17,17,17
LL301RH,16,7,9,9
LL301RJ,21,10,11,12
LL301RN,17,8,9,5
LL301RP,4,2,2,2
LL301RQ,65,30,35,28
LL301RS,4,2,2,2
LL301RU,35,17,18,18
LL301RW,11,5,6,5
LL301RX,17,7,10,9
LL301RZ,19,11,8,10
LL301SB,2,1,1,1
LL301SD,87,44,43,40
LL301SE,73,30,43,28
LL301SF,62,30,32,39
LL301SH,59,27,32,8
LL301SJ,106,47,59,54
LL301SL,68,31,37,33
LL301SN,56,22,34,23
LL301SP,43,15,28,22
LL301SQ,18,8,10,9
LL301SR,24,11,13,12
LL301SS,81,38,43,34
LL301SW,26,16,10,11
LL301SX,32,13,19,13
LL301SZ,77,30,47,35
LL301TA,57,29,28,23
LL301TB,64,32,32,33
LL301TD,24,13,11,9
LL301TE,58,32,26,42
LL301TF,80,34,46,36
LL301TH,12,5,7,7
LL301TJ,65,25,40,44
LL301TL,32,17,15,13
LL301TP,67,23,44,56
LL301TQ,6,2,4,4
LL301TR,76,30,46,7
LL301TS,54,28,26,19
LL301TT,32,20,12,12
LL301TU,53,25,28,27
LL301TW,86,40,46,35
LL301TX,32,15,17,16
LL301TY,91,45,46,38
LL301TZ,6,3,3,3
LL301UA,42,8,34,6
LL301UB,10,8,2,2
LL301UD,19,8,11,10
LL301UE,41,22,19,21
LL301UF,21,9,12,13
LL301UG,13,4,9,10
LL301UH,86,34,52,56
LL301UJ,16,10,6,9
LL301UL,59,33,26,24
LL301UN,47,27,20,20
LL301UP,121,64,57,50
LL301UQ,20,10,10,9
LL301UR,11,6,5,5
LL301US,27,13,14,10
LL301UU,69,18,51,23
LL301UW,70,31,39,31
LL301UX,7,4,3,4
LL301UY,90,40,50,36
LL301UZ,28,14,14,16
LL301YA,141,66,75,73
LL301YB,13,5,8,8
LL301YD,77,36,41,33
LL301YE,29,16,13,12
LL301YG,23,11,12,13
LL301YJ,18,7,11,10
LL301YL,10,4,6,5
LL301YN,18,8,10,13
LL301YQ,52,23,29,33
LL301YS,61,30,31,30
LL301YT,15,6,9,4
LL301YW,22,7,15,14
LL301YY,65,29,36,34
LL302AA,57,33,24,22
LL302AB,3,2,1,3
LL302AD,38,19,19,22
LL302AE,24,11,13,16
LL302AG,10,5,5,7
LL302AH,33,19,14,17
LL302AL,27,13,14,11
LL302AN,25,10,15,10
LL302AP,84,42,42,32
LL302AR,34,16,18,13
LL302AS,5,2,3,3
LL302AT,14,8,6,6
LL302AU,3,1,2,2
LL302AW,15,4,11,5
LL302AX,7,4,3,3
LL302AY,8,3,5,5
LL302AZ,5,3,2,1
LL302BA,41,22,19,32
LL302BB,28,14,14,17
LL302BD,27,14,13,14
LL302BE,17,7,10,11
LL302BF,6,4,2,3
LL302BG,21,9,12,9
LL302BH,18,7,11,10
LL302BJ,23,9,14,19
LL302BL,23,9,14,9
LL302BN,72,32,40,43
LL302BP,51,29,22,28
LL302BQ,72,36,36,48
LL302BS,36,19,17,19
LL302BT,25,10,15,11
LL302BU,109,53,56,48
LL302BW,28,13,15,17
LL302BX,23,15,8,10
LL302BZ,158,72,86,57
LL302DB,38,17,21,31
LL302DD,24,13,11,9
LL302DF,76,33,43,47
LL302DH,35,10,25,25
LL302DJ,90,49,41,38
LL302DL,17,6,11,6
LL302DN,49,23,26,9
LL302DP,4,3,1,1
LL302DQ,129,62,67,57
LL302DS,7,6,1,7
LL302DT,73,33,40,37
LL302DU,1,1,0,1
LL302DW,3,1,2,0
LL302DX,4,2,2,1
LL302DY,50,22,28,15
LL302DZ,109,47,62,47
LL302EA,51,25,26,13
LL302EB,2,1,1,1
LL302ED,51,33,18,22
LL302EE,82,49,33,47
LL302EF,15,6,9,9
LL302EG,2,1,1,2
LL302EH,179,93,86,85
LL302EJ,6,3,3,3
LL302EP,6,5,1,1
LL302EQ,16,8,8,10
LL302ER,41,21,20,21
LL302EU,2,1,1,0
LL302EW,115,57,58,62
LL302EX,60,26,34,21
LL302EY,3,1,2,2
LL302EZ,114,50,64,31
LL302HA,12,7,5,4
LL302HB,30,14,16,16
LL302HD,51,23,28,17
LL302HF,27,10,17,22
LL302HG,86,39,47,36
LL302HJ,9,5,4,5
LL302HL,78,39,39,24
LL302HN,18,8,10,6
LL302HP,26,14,12,15
LL302HQ,20,10,10,6
LL302HR,25,11,14,15
LL302HS,2,1,1,1
LL302HT,27,12,15,12
LL302HU,10,3,7,6
LL302HW,2,0,2,0
LL302HX,150,78,72,53
LL302HY,2,1,1,1
LL302HZ,80,41,39,36
LL302JA,9,5,4,2
LL302JB,67,29,38,35
LL302JD,46,22,24,18
LL302JE,40,22,18,17
LL302JF,41,18,23,37
LL302JH,7,3,4,4
LL302JJ,4,2,2,3
LL302JL,7,3,4,5
LL302JN,9,6,3,3
LL302JP,7,4,3,4
LL302JR,10,5,5,5
LL302JS,14,6,8,7
LL302JT,22,12,10,11
LL302JU,6,2,4,2
LL302JW,8,5,3,4
LL302JX,6,3,3,4
LL302JY,8,4,4,5
LL302JZ,13,8,5,5
LL302LD,46,21,25,26
LL302LE,15,10,5,9
LL302LF,4,2,2,1
LL302LG,5,3,2,0
LL302LH,13,7,6,7
LL302LJ,10,4,6,5
LL302LN,39,27,12,15
LL302LP,40,19,21,7
LL302LQ,30,15,15,13
LL302LS,21,13,8,5
LL302LT,9,4,5,6
LL302LU,10,5,5,5
LL302LX,36,13,23,20
LL302LY,2,2,0,1
LL302LZ,34,13,21,14
LL302NA,4,1,3,2
LL302NB,7,3,4,3
LL302ND,4,3,1,2
LL302NE,5,2,3,3
LL302NF,3,2,1,2
LL302NJ,9,3,6,7
LL302NL,11,8,3,6
LL302NN,2,2,0,2
LL302NQ,23,13,10,12
LL302NR,20,12,8,6
LL302NX,6,2,4,5
LL302NZ,6,2,4,4
LL302PD,1,1,0,1
LL302PE,78,46,32,42
LL302PH,15,9,6,7
LL302PJ,8,4,4,2
LL302PL,5,2,3,4
LL302PN,24,13,11,11
LL302PQ,54,20,34,33
LL302PS,24,10,14,16
LL302PX,8,2,6,5
LL302PY,7,1,6,6
LL302PZ,12,5,7,6
LL302QA,51,27,24,28
LL302QB,26,9,17,13
LL302QD,2,0,2,1
LL302QE,75,37,38,30
LL302QF,143,65,78,57
LL302QG,7,4,3,3
LL302QH,16,8,8,7
LL302QL,21,10,11,11
LL302QN,26,13,13,12
LL302QP,10,3,7,3
LL302QQ,31,16,15,15
LL302QR,65,37,28,22
LL302QW,12,5,7,5
LL302QZ,33,15,18,14
LL302RA,35,19,16,21
LL302RJ,40,18,22,36
LL302RP,4,4,0,2
LL302RQ,79,29,50,36
LL302SE,60,17,43,52
LL302SJ,73,45,28,19
LL302SQ,94,45,49,48
LL302SR,4,3,1,1
LL302SW,23,15,8,12
LL302SY,103,44,59,30
LL302SZ,1,0,1,1
LL302TA,20,8,12,5
LL302TD,4,4,0,3
LL302TE,5,1,4,2
LL302TG,9,6,3,6
LL302TJ,59,25,34,48
LL302TL,27,15,12,14
LL302TQ,62,32,30,37
LL302TT,34,16,18,19
LL302TU,2,1,1,1
LL302TW,18,11,7,8
LL302TX,18,10,8,8
LL302TY,162,87,75,78
LL302TZ,7,3,4,3
LL302UB,79,39,40,30
LL302UE,33,18,15,11
LL302UF,46,20,26,13
LL302UG,23,14,9,8
LL302UH,13,10,3,4
LL302UJ,32,14,18,14
LL302UL,95,51,44,26
LL302UN,21,6,15,17
LL302UQ,22,12,10,6
LL302UU,29,16,13,16
LL302UX,87,43,44,32
LL302UZ,34,16,18,13
LL302XB,39,19,20,15
LL302XD,3,2,1,1
LL302XE,4,1,3,1
LL302XF,6,3,3,3
LL302XG,2,1,1,1
LL302XS,11,5,6,1
LL302YA,71,35,36,47
LL302YB,66,37,29,24
LL302YD,7,3,4,5
LL302YE,48,24,24,22
LL302YF,3,0,3,1
LL302YG,68,37,31,26
LL302YH,209,106,103,105
LL302YJ,50,19,31,28
LL302YN,113,54,59,54
LL302YP,86,38,48,39
LL302YQ,22,8,14,10
LL302YR,69,30,39,29
LL302YS,1,1,0,1
LL302YT,91,40,51,38
LL302YU,26,8,18,17
LL302YW,16,7,9,7
LL302YX,55,24,31,25
LL302YY,55,25,30,24
LL302YZ,8,4,4,3
LL303AA,34,18,16,15
LL303AB,2,1,1,1
LL303AD,10,5,5,2
LL303AE,6,3,3,5
LL303AF,8,6,2,2
LL303AG,4,2,2,2
LL303AH,27,11,16,15
LL303AJ,16,9,7,9
LL303AL,8,5,3,3
LL303AN,37,15,22,23
LL303AP,16,7,9,7
LL303AQ,19,10,9,8
LL303AR,12,4,8,7
LL303AS,75,39,36,30
LL303AT,13,7,6,5
LL303AU,12,6,6,8
LL303AW,17,7,10,8
LL303AX,12,5,7,9
LL303AY,23,9,14,10
LL303AZ,12,7,5,4
LL303BA,47,16,31,9
LL303BB,11,7,4,3
LL303BD,45,19,26,23
LL303BE,21,9,12,12
LL303BF,10,5,5,5
LL303BG,34,13,21,22
LL303BH,21,10,11,10
LL303BL,8,4,4,3
LL303BN,3,1,2,2
LL303BP,22,12,10,10
LL303BS,5,2,3,2
LL303BT,20,9,11,11
LL303BW,12,5,7,6
LL303BY,23,11,12,12
LL303DA,49,20,29,22
LL303DB,8,2,6,4
LL303DD,24,12,12,9
LL303DE,15,8,7,6
LL303DF,19,9,10,9
LL303DG,44,25,19,23
LL303DL,9,3,6,4
LL303DN,20,10,10,6
LL303DP,12,6,6,5
LL303DR,1,1,0,1
LL303DS,7,4,3,4
LL303DT,1,1,0,1
LL303DU,2,1,1,1
LL303DW,12,6,6,5
LL303DX,15,9,6,8
LL303DY,116,64,52,57
LL303EA,16,8,8,7
LL303EE,9,6,3,3
LL303EF,4,2,2,3
LL303EG,31,17,14,13
LL303EH,35,17,18,13
LL303EJ,59,17,42,47
LL303EL,25,11,14,16
LL303EN,13,7,6,7
LL303EP,75,39,36,24
LL303EQ,19,10,9,8
LL303ER,93,42,51,41
LL303ES,11,6,5,6
LL303ET,33,18,15,12
LL303EU,54,25,29,25
LL303EY,15,7,8,7
LL303FA,9,5,4,5
LL303FB,100,52,48,44
LL303FD,77,35,42,33
LL303FE,83,39,44,33
LL303FF,28,15,13,14
LL303FG,39,16,23,18
LL303FH,11,5,6,5
LL303FJ,71,35,36,26
LL303FL,44,20,24,21
LL303FN,54,30,24,28
LL303FP,45,19,26,19
LL303FQ,23,13,10,8
LL303HA,81,41,40,32
LL303HB,84,37,47,40
LL303HD,138,63,75,51
LL303HE,71,32,39,27
LL303HF,25,11,14,14
LL303HG,18,7,11,12
LL303HH,12,5,7,10
LL303HL,29,13,16,14
LL303HN,39,17,22,22
LL303HP,14,5,9,8
LL303HR,6,3,3,3
LL303HS,42,23,19,20
LL303HT,20,13,7,7
LL303HU,65,28,37,34
LL303HW,22,10,12,8
LL303HX,30,18,12,10
LL303HY,68,38,30,28
LL303HZ,51,27,24,17
LL303LA,14,7,7,10
LL303LD,8,3,5,4
LL303LE,64,35,29,24
LL303LF,30,17,13,11
LL303LH,74,39,35,34
LL303LL,14,6,8,8
LL303LN,11,5,6,7
LL303LP,6,4,2,3
LL303LR,14,7,7,9
LL303LS,63,33,30,27
LL303LT,113,51,62,47
LL303LU,12,6,6,7
LL303LW,43,20,23,22
LL303LY,76,34,42,33
LL303NA,74,35,39,37
LL303ND,11,3,8,7
LL303NE,20,14,6,6
LL303NF,18,10,8,6
LL303NH,36,15,21,23
LL303NL,49,23,26,17
LL303NN,3,1,2,2
LL303NP,45,22,23,19
LL303NR,55,24,31,26
LL303NS,48,20,28,27
LL303NT,31,13,18,16
LL303NU,30,14,16,17
LL303NW,56,23,33,24
LL303NY,49,22,27,25
LL303PA,19,11,8,10
LL303PB,24,10,14,15
LL303PD,14,6,8,9
LL303PE,33,12,21,19
LL303PF,146,78,68,58
LL303PG,40,18,22,20
LL303PH,54,28,26,27
LL303PL,6,3,3,2
LL303PN,54,23,31,27
LL303PP,44,15,29,22
LL303PR,17,7,10,8
LL303PS,67,36,31,26
LL303PT,78,35,43,34
LL303PW,19,9,10,11
LL303PY,25,11,14,17
LL303RA,58,27,31,31
LL303RB,31,9,22,16
LL303RE,21,7,14,13
LL303RF,9,4,5,6
LL303RG,18,5,13,9
LL303RH,28,12,16,16
LL303RL,12,6,6,7
LL303RN,13,6,7,8
LL303RW,63,28,35,37
LL319AA,50,21,29,19
LL319AB,9,7,2,5
LL319AD,30,16,14,13
LL319AE,38,15,23,31
LL319AG,35,16,19,12
LL319AH,82,38,44,30
LL319AJ,36,13,23,13
LL319AL,48,20,28,24
LL319AN,148,69,79,49
LL319AP,36,18,18,15
LL319AQ,29,13,16,12
LL319AR,91,46,45,33
LL319AS,135,69,66,51
LL319AT,83,36,47,38
LL319AU,43,20,23,18
LL319AW,55,30,25,20
LL319AX,8,4,4,4
LL319AY,56,28,28,25
LL319BA,28,9,19,14
LL319BB,65,29,36,24
LL319BD,24,8,16,16
LL319BF,29,12,17,18
LL319BJ,56,25,31,24
LL319BL,69,44,25,52
LL319BN,24,10,14,13
LL319BP,14,6,8,6
LL319BQ,35,15,20,17
LL319BS,13,5,8,9
LL319BT,13,6,7,9
LL319BU,14,6,8,10
LL319BW,36,18,18,21
LL319BX,19,9,10,9
LL319BY,40,16,24,24
LL319BZ,64,27,37,38
LL319DD,12,5,7,7
LL319DF,27,15,12,19
LL319DG,74,35,39,33
LL319DH,39,22,17,23
LL319DL,25,11,14,14
LL319DN,59,31,28,29
LL319DP,51,22,29,36
LL319DQ,66,36,30,42
LL319DR,31,13,18,15
LL319DS,8,3,5,5
LL319DT,35,18,17,13
LL319DU,16,10,6,9
LL319DW,2,1,1,1
LL319DY,29,15,14,13
LL319DZ,20,14,6,7
LL319EA,11,5,6,5
LL319EB,4,4,0,4
LL319ED,13,7,6,5
LL319EE,14,8,6,6
LL319EF,21,10,11,8
LL319EG,38,23,15,21
LL319EH,20,8,12,9
LL319EJ,29,15,14,20
LL319EL,155,77,78,58
LL319EN,117,60,57,47
LL319EP,42,15,27,21
LL319EQ,20,8,12,8
LL319ER,64,31,33,29
LL319ES,28,13,15,12
LL319ET,36,17,19,18
LL319EU,68,33,35,25
LL319EW,24,12,12,13
LL319EX,40,21,19,22
LL319EY,104,46,58,33
LL319EZ,110,53,57,44
LL319FD,76,38,38,30
LL319GA,7,3,4,2
LL319GD,16,9,7,9
LL319HA,43,22,21,15
LL319HB,115,52,63,47
LL319HE,4,4,0,4
LL319HF,24,12,12,8
LL319HG,53,27,26,24
LL319HH,14,7,7,5
LL319HJ,61,28,33,19
LL319HL,10,5,5,5
LL319HN,99,44,55,38
LL319HP,27,12,15,16
LL319HQ,44,22,22,19
LL319HR,76,39,37,25
LL319HS,26,8,18,12
LL319HT,69,32,37,26
LL319HU,51,26,25,28
LL319HW,55,22,33,23
LL319HX,46,23,23,27
LL319HY,18,11,7,8
LL319JA,15,4,11,10
LL319JB,16,7,9,6
LL319JD,6,3,3,2
LL319JE,58,30,28,24
LL319JF,42,20,22,15
LL319JG,14,6,8,6
LL319JH,13,7,6,5
LL319JJ,23,10,13,9
LL319JL,10,5,5,4
LL319JN,9,3,6,4
LL319JP,36,16,20,17
LL319JQ,7,4,3,3
LL319JR,3,2,1,1
LL319JS,10,4,6,7
LL319JT,12,6,6,5
LL319JU,11,5,6,4
LL319JW,17,10,7,8
LL319JX,16,10,6,8
LL319JY,4,3,1,3
LL319JZ,28,16,12,11
LL319LA,64,29,35,23
LL319LB,19,11,8,6
LL319LD,53,20,33,28
LL319LE,24,8,16,15
LL319LF,40,15,25,17
LL319LG,68,27,41,39
LL319LH,23,10,13,13
LL319LL,54,26,28,22
LL319LN,129,66,63,47
LL319LP,48,19,29,22
LL319LQ,6,0,6,6
LL319LT,26,11,15,8
LL319LU,3,1,2,1
LL319LW,7,4,3,4
LL319LX,8,4,4,4
LL319LY,5,2,3,2
LL319LZ,12,5,7,4
LL319NE,22,11,11,7
LL319NG,15,7,8,7
LL319NH,24,12,12,11
LL319NJ,30,16,14,11
LL319NL,33,17,16,14
LL319NN,22,11,11,12
LL319NQ,61,24,37,34
LL319NR,33,16,17,13
LL319NS,125,60,65,50
LL319NT,12,5,7,6
LL319NU,28,15,13,10
LL319NW,8,4,4,4
LL319NY,107,51,56,36
LL319PA,22,9,13,8
LL319PB,12,6,6,6
LL319PD,8,6,2,4
LL319PE,41,17,24,19
LL319PF,88,46,42,32
LL319PG,41,21,20,18
LL319PH,26,13,13,11
LL319PJ,36,19,17,16
LL319PP,135,78,57,53
LL319PQ,81,41,40,29
LL319PR,28,15,13,8
LL319PS,64,36,28,24
LL319PT,4,1,3,3
LL319PU,40,21,19,16
LL319PX,46,26,20,27
LL319PY,71,36,35,36
LL319PZ,102,51,51,40
LL319QA,65,35,30,24
LL319QB,24,9,15,12
LL319QD,19,13,6,5
LL319QE,30,14,16,12
LL319QF,73,40,33,31
LL319QG,16,8,8,7
LL319QH,19,7,12,7
LL319RA,98,48,50,42
LL319RB,30,15,15,15
LL319RD,89,42,47,41
LL319RE,7,4,3,2
LL319RF,31,16,15,19
LL319RG,48,28,20,25
LL319RH,61,30,31,26
LL319RL,33,14,19,13
LL319RN,7,3,4,3
LL319RU,7,4,3,4
LL319RW,17,9,8,10
LL319RX,2,1,1,1
LL319SA,37,13,24,30
LL319SB,27,13,14,13
LL319SD,11,6,5,5
LL319SG,9,4,5,4
LL319SH,16,6,10,6
LL319SN,3,2,1,2
LL319SP,74,40,34,28
LL319SR,16,9,7,9
LL319SS,126,66,60,58
LL319ST,94,48,46,44
LL319SU,49,25,24,18
LL319SW,13,4,9,8
LL319SY,4,2,2,3
LL319SZ,42,26,16,16
LL319TA,65,33,32,29
LL319TB,31,13,18,16
LL319TD,39,21,18,14
LL319TE,29,16,13,10
LL319TF,6,2,4,3
LL319TG,24,9,15,14
LL319TH,6,4,2,3
LL319TJ,107,49,58,41
LL319TL,10,5,5,5
LL319TN,13,5,8,10
LL319TQ,12,7,5,6
LL319TS,2,1,1,1
LL319TT,2,1,1,2
LL319TU,8,3,5,6
LL319TX,68,32,36,25
LL319TY,5,2,3,1
LL319TZ,78,36,42,35
LL319UA,10,4,6,4
LL319UB,38,20,18,17
LL319UD,60,28,32,34
LL319UE,40,22,18,13
LL319UF,63,33,30,26
LL319UG,51,23,28,28
LL319UH,58,29,29,28
LL319UJ,83,41,42,39
LL319UL,23,12,11,12
LL319UN,10,4,6,5
LL319UP,10,3,7,8
LL319UQ,25,11,14,13
LL319UR,35,17,18,22
LL319UT,65,34,31,25
LL319UU,96,52,44,37
LL319UW,6,3,3,3
LL319UX,43,20,23,15
LL319UY,85,45,40,32
LL319YA,92,46,46,39
LL319YB,63,32,31,23
LL319YF,12,8,4,5
LL319YH,24,13,11,10
LL319YJ,22,12,10,6
LL319YL,51,26,25,20
LL319YN,56,32,24,26
LL319YP,4,2,2,2
LL319YQ,31,14,17,15
LL319YR,30,14,16,18
LL319YS,34,16,18,13
LL319YT,49,14,35,2
LL319YU,12,5,7,7
LL319YW,27,14,13,9
LL319YX,28,10,18,0
LL319YY,61,30,31,26
LL328AB,3,2,1,1
LL328AE,12,6,6,7
LL328AF,9,5,4,6
LL328AJ,6,2,4,0
LL328AL,6,4,2,3
LL328AN,7,4,3,6
LL328AT,1,0,1,1
LL328AW,13,6,7,10
LL328AY,49,28,21,26
LL328AZ,48,23,25,17
LL328BD,6,3,3,3
LL328BE,8,5,3,5
LL328BG,8,4,4,4
LL328BH,17,8,9,9
LL328BJ,13,8,5,6
LL328BL,10,3,7,4
LL328BN,2,0,2,2
LL328BP,16,9,7,9
LL328BS,18,10,8,13
LL328BW,12,5,7,6
LL328BX,11,6,5,5
LL328BZ,19,11,8,8
LL328DA,1,1,0,1
LL328DB,10,5,5,4
LL328DD,2,1,1,1
LL328DE,8,1,7,6
LL328DF,9,3,6,5
LL328DG,44,23,21,23
LL328DH,24,9,15,19
LL328DJ,7,3,4,5
LL328DL,37,19,18,18
LL328DP,7,2,5,2
LL328DQ,39,20,19,19
LL328DR,2,1,1,1
LL328DT,1,0,1,1
LL328DX,13,6,7,4
LL328DZ,6,3,3,3
LL328EA,5,3,2,4
LL328ED,2,1,1,1
LL328EE,12,4,8,7
LL328EF,88,45,43,30
LL328EJ,4,2,2,1
LL328EL,3,1,2,1
LL328EP,33,14,19,14
LL328EQ,5,3,2,3
LL328ET,75,34,41,32
LL328EU,78,36,42,27
LL328EX,4,1,3,1
LL328EY,8,2,6,4
LL328EZ,24,12,12,10
LL328GH,23,13,10,16
LL328GJ,19,10,9,11
LL328GN,8,4,4,6
LL328GP,39,16,23,15
LL328GR,17,10,7,10
LL328GS,42,24,18,26
LL328GT,22,13,9,12
LL328GU,38,20,18,22
LL328GW,10,4,6,7
LL328GY,7,3,4,4
LL328GZ,76,36,40,38
LL328HA,51,26,25,18
LL328HD,64,30,34,21
LL328HE,27,12,15,13
LL328HF,72,40,32,37
LL328HG,18,7,11,9
LL328HL,11,4,7,6
LL328HN,6,4,2,4
LL328HP,47,28,19,19
LL328HQ,29,18,11,12
LL328HS,6,2,4,3
LL328HT,13,6,7,8
LL328HU,8,5,3,3
LL328HW,8,5,3,5
LL328HY,29,15,14,24
LL328HZ,31,16,15,11
LL328JA,6,4,2,4
LL328JB,26,14,12,13
LL328JD,12,7,5,5
LL328JE,17,8,9,8
LL328JF,23,11,12,8
LL328JJ,20,11,9,7
LL328JL,77,46,31,30
LL328JN,71,35,36,33
LL328JP,57,31,26,22
LL328JQ,178,73,105,65
LL328JR,27,13,14,10
LL328JS,61,26,35,29
LL328JT,15,9,6,4
LL328JU,4,2,2,2
LL328JW,18,10,8,8
LL328JX,26,11,15,11
LL328JY,24,11,13,12
LL328JZ,22,9,13,12
LL328LA,6,0,6,5
LL328LB,5,3,2,4
LL328LD,33,15,18,19
LL328LF,122,62,60,60
LL328LG,19,9,10,7
LL328LH,12,5,7,6
LL328LJ,23,13,10,11
LL328LL,12,4,8,5
LL328LN,8,3,5,5
LL328LP,18,11,7,8
LL328LQ,59,29,30,22
LL328LR,16,6,10,7
LL328LS,6,3,3,5
LL328LT,95,47,48,39
LL328LU,21,10,11,11
LL328LW,40,17,23,20
LL328LX,14,6,8,5
LL328LY,22,11,11,13
LL328LZ,3,1,2,1
LL328NA,16,7,9,10
LL328NB,85,45,40,40
LL328ND,28,15,13,11
LL328NE,64,28,36,26
LL328NF,70,36,34,46
LL328NG,6,3,3,5
LL328NJ,18,8,10,7
LL328NL,6,3,3,3
LL328NN,5,0,5,3
LL328NP,53,30,23,17
LL328NQ,6,2,4,6
LL328NR,58,29,29,20
LL328NS,55,27,28,23
LL328NT,32,16,16,18
LL328NW,24,10,14,10
LL328NX,4,2,2,2
LL328NY,6,3,3,3
LL328NZ,3,1,2,1
LL328PA,53,25,28,29
LL328PB,6,2,4,6
LL328PD,6,1,5,2
LL328PE,59,30,29,25
LL328PF,42,22,20,18
LL328PH,33,18,15,18
LL328PJ,4,2,2,1
LL328PN,19,9,10,13
LL328PP,17,9,8,9
LL328PQ,5,3,2,3
LL328PR,78,35,43,29
LL328PU,75,38,37,31
LL328PW,60,29,31,27
LL328PY,3,1,2,1
LL328PZ,5,2,3,1
LL328QA,11,7,4,5
LL328QB,1,1,0,1
LL328QD,12,7,5,4
LL328QE,3,2,1,1
LL328QF,1,0,1,1
LL328QG,28,19,9,13
LL328QL,24,8,16,23
LL328QZ,6,3,3,3
LL328RA,52,28,24,20
LL328RB,73,41,32,35
LL328RD,55,26,29,21
LL328RE,50,22,28,16
LL328RF,30,14,16,17
LL328RG,3,2,1,2
LL328RH,8,2,6,3
LL328RJ,11,6,5,5
LL328RL,18,9,9,8
LL328RN,82,43,39,42
LL328RP,96,44,52,31
LL328RQ,3,2,1,2
LL328RR,79,33,46,34
LL328RS,59,32,27,24
LL328RT,100,41,59,35
LL328RU,79,38,41,37
LL328RW,81,34,47,33
LL328RX,10,5,5,4
LL328RY,53,27,26,25
LL328RZ,5,3,2,2
LL328SA,2,1,1,2
LL328SB,160,80,80,75
LL328SD,9,5,4,5
LL328SE,25,12,13,11
LL328SF,77,39,38,30
LL328SG,14,7,7,9
LL328SH,22,16,6,10
LL328SJ,9,5,4,4
LL328SL,10,4,6,3
LL328SP,9,4,5,3
LL328SQ,9,5,4,4
LL328SR,27,12,15,13
LL328SS,22,10,12,12
LL328ST,6,3,3,4
LL328SU,3,1,2,1
LL328SW,33,16,17,18
LL328SX,2,1,1,1
LL328SY,12,8,4,4
LL328SZ,20,9,11,10
LL328TA,36,17,19,15
LL328TB,1,0,1,1
LL328TD,10,3,7,6
LL328TE,12,6,6,5
LL328TF,4,2,2,2
LL328TG,10,5,5,5
LL328TH,6,3,3,3
LL328TJ,30,12,18,14
LL328TL,2,1,1,1
LL328TN,1,1,0,1
LL328TP,29,14,15,12
LL328TQ,27,14,13,11
LL328TR,5,2,3,2
LL328TS,22,11,11,9
LL328TW,65,29,36,26
LL328TX,6,3,3,2
LL328TY,2,1,1,1
LL328TZ,9,4,5,3
LL328UA,20,9,11,8
LL328UB,15,7,8,6
LL328UD,15,9,6,5
LL328UE,29,15,14,11
LL328UF,9,5,4,5
LL328UG,8,4,4,3
LL328UH,1,1,0,1
LL328UJ,2,1,1,1
LL328UL,6,3,3,2
LL328UN,16,8,8,12
LL328UP,7,3,4,5
LL328UQ,7,2,5,3
LL328UR,27,11,16,9
LL328UT,13,6,7,6
LL328UU,4,3,1,1
LL328UW,12,6,6,5
LL328UX,42,21,21,18
LL328UY,14,7,7,5
LL328UZ,7,3,4,4
LL328WA,17,6,11,8
LL328WB,104,40,64,30
LL328WD,61,29,32,18
LL328YA,32,15,17,16
LL328YB,16,5,11,8
LL328YD,8,4,4,4
LL328YE,8,4,4,3
LL328YF,7,3,4,3
LL328YG,11,6,5,5
LL328YH,64,34,30,26
LL328YJ,15,5,10,6
LL328YL,9,7,2,4
LL328YN,17,10,7,8
LL328YP,25,12,13,16
LL328YR,22,9,13,14
LL328YS,27,17,10,10
LL328YT,48,23,25,26
LL328YU,26,13,13,11
LL328YW,20,10,10,7
LL328YX,68,31,37,31
LL328YY,50,20,30,27
LL328YZ,24,13,11,8
LL330AA,26,11,15,10
LL330AD,17,11,6,6
LL330AE,38,19,19,20
LL330AG,37,18,19,16
LL330AH,32,13,19,17
LL330AL,31,15,16,19
LL330AN,10,5,5,4
LL330AP,13,6,7,3
LL330AR,6,3,3,4
LL330AS,24,14,10,7
LL330AT,18,11,7,7
LL330AU,63,33,30,21
LL330AW,5,2,3,2
LL330AY,30,15,15,16
LL330BA,37,19,18,13
LL330BB,37,18,19,14
LL330BD,19,11,8,8
LL330BE,17,8,9,7
LL330BG,4,1,3,3
LL330BH,11,7,4,3
LL330BL,1,0,1,1
LL330BN,23,11,12,11
LL330BP,8,3,5,4
LL330BS,15,10,5,6
LL330BT,14,6,8,7
LL330BU,105,56,49,40
LL330BW,4,3,1,3
LL330BY,20,9,11,12
LL330DA,24,13,11,6
LL330DN,2,1,1,1
LL330DP,11,6,5,4
LL330DR,63,31,32,30
LL330DS,74,38,36,34
LL330DT,83,39,44,45
LL330DU,47,18,29,19
LL330DW,65,29,36,23
LL330DY,17,8,9,6
LL330EB,14,8,6,5
LL330ED,6,3,3,3
LL330EE,20,9,11,7
LL330EF,5,3,2,3
LL330EG,16,6,10,8
LL330EH,11,5,6,3
LL330EL,12,6,6,6
LL330EN,6,3,3,4
LL330EP,9,4,5,5
LL330ER,6,3,3,4
LL330ES,11,7,4,5
LL330ET,38,19,19,17
LL330EU,7,3,4,3
LL330EW,13,6,7,6
LL330EY,5,3,2,2
LL330HA,16,8,8,8
LL330HB,18,8,10,8
LL330HD,19,7,12,9
LL330HH,48,38,10,0
LL330HL,16,8,8,4
LL330HN,5,2,3,3
LL330HP,67,17,50,1
LL330HR,20,11,9,9
LL330HS,5,3,2,3
LL330HU,4,2,2,2
LL330HX,2,1,1,1
LL330HY,9,6,3,3
LL330LA,6,2,4,3
LL330LB,29,13,16,15
LL330LD,12,5,7,3
LL330LE,22,12,10,13
LL330LF,11,6,5,5
LL330LG,13,7,6,5
LL330LH,22,10,12,12
LL330LL,11,6,5,6
LL330LN,12,4,8,7
LL330LP,15,5,10,4
LL330LR,7,4,3,3
LL330LS,3,2,1,1
LL330LT,8,5,3,4
LL330LU,22,11,11,9
LL330LW,35,18,17,13
LL330LY,15,8,7,7
LL330NH,15,9,6,7
LL330NL,8,3,5,3
LL330NR,4,2,2,2
LL330NS,9,5,4,4
LL330NT,21,9,12,10
LL330NU,38,18,20,32
LL330NW,3,2,1,2
LL330NY,27,14,13,12
LL330PA,12,7,5,4
LL330PB,5,3,2,1
LL330PG,3,1,2,2
LL330PH,10,6,4,5
LL330PL,48,30,18,24
LL330PN,34,20,14,15
LL330PT,4,2,2,2
LL330PY,14,8,6,7
LL330RA,52,26,26,26
LL330RB,57,30,27,23
LL330RD,112,55,57,33
LL330RE,29,12,17,16
LL330RF,22,7,15,9
LL330RH,7,4,3,4
LL330RJ,65,31,34,23
LL330RL,16,8,8,7
LL330RN,55,27,28,31
LL330RP,105,48,57,43
LL330RS,3,1,2,2
LL330RT,9,6,3,5
LL330RU,5,2,3,3
LL330RW,87,43,44,43
LL330RY,3,1,2,2
LL330SA,8,5,3,4
LL330SB,5,3,2,4
LL330SD,5,2,3,2
LL330SE,77,37,40,29
LL330SF,24,13,11,8
LL330SG,21,12,9,8
LL330SH,4,2,2,3
LL330SJ,118,61,57,47
LL330SL,32,15,17,15
LL330SN,87,37,50,29
LL330SP,16,9,7,7
LL330SQ,47,25,22,18
LL330SR,12,6,6,5
LL330SS,77,39,38,33
LL330ST,2,1,1,1
LL330SU,29,17,12,11
LL330SW,31,17,14,11
LL330SY,23,11,12,9
LL330TA,4,2,2,2
LL330TB,47,21,26,18
LL330TD,14,7,7,8
LL330TE,11,4,7,5
LL330TF,14,8,6,9
LL330TG,48,26,22,23
LL330TH,5,3,2,3
LL330TL,6,3,3,3
LL330TN,16,8,8,7
LL330TP,18,8,10,8
LL330TQ,10,6,4,4
LL330TR,6,2,4,5
LL330TS,11,5,6,6
LL330TT,9,4,5,5
LL330TU,33,15,18,15
LL330TW,3,1,2,2
LL330TY,22,12,10,11
LL330UA,8,5,3,5
LL330UB,17,9,8,7
LL330UD,6,4,2,4
LL330UE,8,6,2,6
LL330UG,32,14,18,17
LL330UH,79,40,39,22
LL330UL,20,11,9,5
LL330UN,52,23,29,21
LL330UP,67,33,34,27
LL330UR,46,20,26,16
LL330UT,76,41,35,33
LL330UU,15,5,10,10
LL330UW,1,0,1,1
LL346AD,25,12,13,14
LL346AE,12,6,6,6
LL346AF,52,23,29,33
LL346AG,16,6,10,1
LL346AH,32,11,21,25
LL346AJ,60,28,32,19
LL346AL,2,1,1,1
LL346AN,34,21,13,19
LL346AQ,16,8,8,6
LL346AR,8,4,4,3
LL346AS,17,8,9,8
LL346AU,39,23,16,12
LL346AW,3,2,1,1
LL346AX,25,13,12,14
LL346AY,16,8,8,10
LL346AZ,24,13,11,10
LL346BA,16,9,7,5
LL346BB,44,19,25,20
LL346BD,29,15,14,12
LL346BE,14,8,6,11
LL346BG,35,16,19,13
LL346BH,31,19,12,13
LL346BL,27,13,14,14
LL346BN,36,18,18,14
LL346BP,24,10,14,12
LL346BS,28,12,16,9
LL346BT,29,14,15,9
LL346BU,4,1,3,3
LL346BW,31,16,15,10
LL346BY,30,12,18,16
LL346DA,2,1,1,1
LL346DD,20,8,12,8
LL346DE,54,27,27,23
LL346DF,5,2,3,4
LL346DG,18,10,8,6
LL346DH,113,55,58,54
LL346DJ,10,4,6,7
LL346DL,3,1,2,2
LL346DN,82,42,40,32
LL346DP,20,9,11,7
LL346EB,8,4,4,2
LL346ED,1,0,1,1
LL346EG,19,9,10,7
LL346EH,3,2,1,1
LL346EL,45,33,12,27
LL346EN,11,5,6,4
LL346EP,19,9,10,8
LL346EQ,2,1,1,1
LL346ER,45,23,22,17
LL346ES,4,1,3,4
LL346ET,6,2,4,4
LL346EU,3,1,2,3
LL346EW,34,13,21,19
LL346EY,16,6,10,8
LL346HA,44,19,25,24
LL346HB,51,22,29,19
LL346HD,51,25,26,22
LL346HE,34,19,15,16
LL346HF,20,11,9,8
LL346HG,32,11,21,11
LL346HH,8,4,4,1
LL346HP,11,6,5,3
LL346HR,80,29,51,45
LL346HS,23,6,17,5
LL346HU,29,15,14,11
LL346HW,39,18,21,17
LL346JA,14,6,8,6
LL346LD,9,4,5,3
LL346LE,3,1,2,2
LL346LF,4,0,4,1
LL346LG,70,31,39,30
LL346LH,70,32,38,33
LL346LL,8,4,4,4
LL346LN,37,19,18,15
LL346LP,29,12,17,9
LL346LR,23,13,10,10
LL346LS,4,3,1,1
LL346LT,22,12,10,7
LL346LU,79,45,34,47
LL346LW,27,14,13,12
LL346LY,76,41,35,32
LL346ND,17,10,7,7
LL346NE,35,14,21,13
LL346NF,77,38,39,31
LL346NG,56,29,27,31
LL346NH,6,3,3,4
LL346NL,6,3,3,5
LL346NN,6,2,4,5
LL346NS,12,6,6,5
LL346NT,7,4,3,3
LL346NU,10,7,3,6
LL346NY,1,0,1,1
LL346PA,35,17,18,18
LL346PB,79,38,41,39
LL346PD,22,10,12,11
LL346PE,18,10,8,10
LL346PF,14,5,9,7
LL346PG,13,5,8,5
LL346PH,2,1,1,1
LL346PL,1,1,0,1
LL346PN,5,3,2,1
LL346PR,5,3,2,1
LL346PS,7,2,5,4
LL346PT,19,11,8,9
LL346PU,32,15,17,14
LL346PW,64,32,32,24
LL346PY,65,32,33,36
LL346RA,26,14,12,11
LL346RB,44,19,25,21
LL346RD,26,14,12,10
LL346RE,2,0,2,1
LL346RF,47,20,27,19
LL346RG,37,21,16,16
LL346RH,35,18,17,17
LL346RL,42,17,25,19
LL346RN,55,29,26,20
LL346RP,40,19,21,22
LL346RR,99,50,49,51
LL346RS,17,8,9,8
LL346RU,33,17,16,12
LL346RW,24,10,14,11
LL346RY,106,50,56,46
LL346SA,44,18,26,17
LL346SF,3,2,1,2
LL346SG,2,1,1,1
LL346SH,4,2,2,3
LL346SL,8,4,4,5
LL346SN,11,5,6,6
LL346SP,34,18,16,17
LL346SR,6,2,4,5
LL346SS,2,1,1,2
LL346ST,3,1,2,2
LL346SW,19,9,10,9
LL346SY,2,1,1,2
LL346TA,10,5,5,4
LL346TB,15,7,8,7
LL346TD,8,4,4,5
LL346TE,33,17,16,17
LL346TF,16,11,5,8
LL346TG,47,22,25,20
LL346TH,5,2,3,3
LL346TL,17,9,8,10
LL346TN,36,17,19,20
LL346TP,1,1,0,1
LL346TR,59,23,36,36
LL346TW,20,6,14,6
LL346TY,22,12,10,10
LL346UA,91,50,41,39
LL346UB,21,9,12,8
LL346UD,22,9,13,10
LL346UE,13,7,6,7
LL346UF,25,13,12,14
LL346UG,7,3,4,3
LL346UU,5,3,2,1
LL346UW,23,12,11,6
LL346UY,10,7,3,7
LL346YB,38,13,25,7
LL346YD,2,1,1,1
LL346YE,42,17,25,16
LL346YF,12,2,10,3
LL346YG,15,8,7,5
LL346YH,26,12,14,9
LL346YJ,13,5,8,6
LL346YL,5,3,2,2
LL346YN,7,4,3,4
LL346YP,45,24,21,20
LL346YR,8,4,4,4
LL346YS,4,2,2,2
LL346YT,1,0,1,1
LL346YU,22,11,11,8
LL346YW,17,7,10,8
LL350DY,20,8,12,12
LL350EA,25,13,12,17
LL350EB,24,12,12,15
LL350ED,3,1,2,3
LL350EE,11,7,4,7
LL350EF,12,5,7,7
LL350EH,10,7,3,5
LL350EL,8,5,3,6
LL350ER,6,3,3,2
LL350ES,16,9,7,10
LL350ET,3,1,2,2
LL350EU,3,1,2,1
LL350EY,10,3,7,6
LL350HA,20,15,5,14
LL350HB,6,5,1,3
LL350HD,1,0,1,1
LL350HF,12,9,3,8
LL350HG,9,3,6,3
LL350HH,7,3,4,4
LL350HL,11,5,6,7
LL350HN,3,2,1,1
LL350HR,6,3,3,4
LL350HT,3,2,1,2
LL350HU,7,4,3,5
LL350HW,2,1,1,1
LL350HY,7,3,4,5
LL350LA,4,1,3,3
LL350LB,11,6,5,5
LL350LD,3,2,1,1
LL350LE,4,2,2,2
LL350LF,7,2,5,6
LL350LG,3,2,1,2
LL350LL,13,7,6,9
LL350LN,8,6,2,6
LL350LP,3,0,3,3
LL350LR,4,2,2,2
LL350LS,1,0,1,1
LL350LT,5,2,3,4
LL350LU,10,5,5,6
LL350LW,7,4,3,4
LL350LY,2,1,1,1
LL350NA,10,4,6,6
LL350NB,13,6,7,7
LL350ND,1,0,1,1
LL350NF,7,3,4,3
LL350NG,2,0,2,2
LL350NH,23,12,11,11
LL350NL,1,0,1,1
LL350NP,1,0,1,1
LL350NQ,29,10,19,17
LL350NR,30,16,14,15
LL350NS,14,5,9,9
LL350NT,13,7,6,6
LL350NU,5,3,2,2
LL350NY,9,5,4,4
LL350PA,3,1,2,1
LL350PB,2,1,1,1
LL350PD,93,44,49,48
LL350PE,2,1,1,1
LL350PG,4,1,3,1
LL350PH,34,18,16,17
LL350PL,1,0,1,1
LL350PN,19,11,8,9
LL350PS,8,5,3,6
LL350PT,17,8,9,10
LL350PU,6,4,2,3
LL350PW,5,3,2,2
LL350PY,7,3,4,5
LL350RB,8,4,4,5
LL350RD,8,4,4,4
LL350RE,12,8,4,8
LL350RF,31,15,16,18
LL350RG,1,1,0,1
LL350RL,6,3,3,3
LL350RN,4,2,2,2
LL350RP,9,8,1,4
LL350RT,6,3,3,5
LL350RU,6,3,3,4
LL350RY,18,8,10,11
LL350SA,8,5,3,4
LL350SD,4,2,2,3
LL350SE,5,4,1,3
LL350SF,5,3,2,1
LL350SG,11,5,6,3
LL350SH,11,8,3,3
LL350SL,8,6,2,2
LL350SN,2,1,1,1
LL350SP,6,2,4,2
LL350TA,7,3,4,5
LL360AA,20,10,10,13
LL360AB,5,2,3,2
LL360AD,16,8,8,9
LL360AE,6,2,4,5
LL360AF,9,4,5,5
LL360AG,58,30,28,30
LL360AH,37,19,18,20
LL360AJ,11,4,7,4
LL360AL,38,16,22,10
LL360AN,12,5,7,6
LL360AP,1,0,1,1
LL360AR,6,4,2,4
LL360AS,125,52,73,72
LL360AT,3,1,2,2
LL360AU,31,12,19,9
LL360AW,11,4,7,7
LL360AY,14,7,7,7
LL360BA,23,9,14,15
LL360BB,9,4,5,5
LL360BD,6,2,4,4
LL360BE,7,3,4,5
LL360BG,9,3,6,6
LL360BH,10,5,5,6
LL360BL,57,27,30,31
LL360BN,27,13,14,15
LL360BP,15,8,7,7
LL360BS,8,4,4,6
LL360BT,11,4,7,8
LL360BU,8,4,4,6
LL360BW,59,24,35,37
LL360BY,22,9,13,14
LL360DA,58,25,33,35
LL360DB,25,6,19,17
LL360DE,56,28,28,35
LL360DF,21,12,9,11
LL360DG,37,19,18,27
LL360DH,40,19,21,22
LL360DJ,34,19,15,16
LL360DL,8,5,3,4
LL360DN,9,4,5,3
LL360DP,4,2,2,1
LL360DR,6,3,3,3
LL360DS,49,18,31,30
LL360DT,38,15,23,24
LL360DU,33,14,19,21
LL360DW,137,65,72,62
LL360DY,12,5,7,7
LL360ST,6,3,3,4
LL360TA,12,6,6,7
LL360TB,7,4,3,6
LL360TD,9,4,5,6
LL360TE,16,7,9,9
LL360TF,15,6,9,11
LL360TG,6,3,3,3
LL369AA,13,6,7,5
LL369AB,29,10,19,17
LL369AD,60,29,31,26
LL369AE,64,32,32,35
LL369AF,7,4,3,4
LL369AG,28,14,14,9
LL369AH,21,10,11,8
LL369AJ,32,16,16,14
LL369AL,18,9,9,9
LL369AN,24,10,14,15
LL369AP,10,5,5,5
LL369AQ,3,2,1,2
LL369AR,24,11,13,16
LL369AS,27,8,19,1
LL369AT,76,35,41,31
LL369AU,51,24,27,24
LL369AW,66,35,31,28
LL369AX,9,4,5,3
LL369AY,85,45,40,33
LL369BF,2,1,1,1
LL369BJ,94,43,51,35
LL369BL,96,42,54,29
LL369BP,11,5,6,2
LL369BS,28,16,12,13
LL369BT,15,8,7,8
LL369BU,5,1,4,3
LL369DA,18,9,9,11
LL369DB,33,15,18,14
LL369DD,8,4,4,2
LL369DE,72,33,39,39
LL369DF,11,6,5,5
LL369DH,16,8,8,9
LL369DJ,5,2,3,3
LL369DL,5,3,2,2
LL369DN,22,12,10,10
LL369DP,11,5,6,5
LL369DR,10,6,4,5
LL369DS,1,0,1,1
LL369DT,9,4,5,5
LL369DU,38,20,18,20
LL369DW,54,26,28,26
LL369DY,81,36,45,33
LL369EA,40,20,20,18
LL369EB,54,23,31,35
LL369ED,45,22,23,18
LL369EE,17,9,8,12
LL369EF,22,8,14,13
LL369EG,35,15,20,15
LL369EH,80,34,46,38
LL369EL,2,1,1,1
LL369EN,12,7,5,5
LL369EP,20,9,11,11
LL369ET,32,12,20,10
LL369EW,36,17,19,23
LL369HA,8,3,5,2
LL369HE,17,9,8,9
LL369HG,73,33,40,16
LL369HL,20,10,10,6
LL369HN,42,26,16,17
LL369HP,6,2,4,3
LL369HR,2,2,0,2
LL369HS,21,11,10,8
LL369HU,38,15,23,19
LL369HW,2,1,1,1
LL369HY,32,16,16,14
LL369LA,16,7,9,9
LL369LF,4,2,2,2
LL369LG,15,8,7,8
LL369LH,5,3,2,2
LL369LL,7,4,3,3
LL369LN,7,4,3,3
LL369LP,15,7,8,5
LL369LT,8,5,3,3
LL369LU,2,1,1,1
LL369LW,1,1,0,1
LL369LY,1,1,0,1
LL369NA,2,1,1,2
LL369NB,2,1,1,2
LL369ND,26,15,11,10
LL369NE,7,5,2,3
LL369NF,10,6,4,3
LL369NG,3,2,1,2
LL369NH,20,9,11,12
LL369NL,9,4,5,3
LL369NN,23,9,14,11
LL369NS,26,12,14,11
LL369NT,24,12,12,9
LL369NU,15,7,8,8
LL369NY,6,4,2,2
LL369PA,24,10,14,9
LL369PB,17,8,9,8
LL369PD,22,10,12,11
LL369PE,3,2,1,1
LL369PF,12,6,6,6
LL369PG,4,2,2,3
LL369PH,26,10,16,15
LL369PL,9,3,6,4
LL369PN,1,0,1,1
LL369PP,4,3,1,4
LL369PR,43,24,19,17
LL369PS,81,39,42,35
LL369PT,8,4,4,3
LL369PU,10,4,6,3
LL369PW,10,6,4,4
LL369PY,8,5,3,3
LL369RA,14,7,7,7
LL369RB,15,9,6,6
LL369RD,9,5,4,6
LL369RE,12,6,6,6
LL369RF,18,10,8,7
LL369RG,9,5,4,7
LL369RH,9,5,4,4
LL369RN,3,2,1,2
LL369RP,75,37,38,39
LL369RR,64,31,33,30
LL369RU,33,14,19,13
LL369RW,4,2,2,4
LL369RY,19,9,10,8
LL369SA,12,8,4,7
LL369SB,12,6,6,4
LL369SD,1,1,0,0
LL369SE,4,2,2,2
LL369SF,2,1,1,1
LL369SG,14,9,5,6
LL369SH,74,40,34,31
LL369SL,16,6,10,9
LL369SN,17,8,9,9
LL369SP,4,3,1,1
LL369SR,2,1,1,1
LL369SS,4,1,3,3
LL369ST,1,1,0,1
LL369SU,4,2,2,2
LL369SW,2,1,1,2
LL369SY,19,12,7,8
LL369TA,3,2,1,2
LL369TH,5,2,3,2
LL369TL,5,2,3,1
LL369TN,8,4,4,6
LL369TR,8,4,4,5
LL369TS,10,4,6,2
LL369TU,20,11,9,6
LL369TW,8,4,4,2
LL369TY,36,15,21,17
LL369UA,7,2,5,3
LL369UD,2,1,1,2
LL369UE,6,4,2,3
LL369UF,6,3,3,3
LL369UG,12,7,5,6
LL369UH,2,1,1,1
LL369UL,9,5,4,3
LL369UN,7,4,3,3
LL369UP,11,4,7,4
LL369UR,4,2,2,2
LL369UT,6,3,3,3
LL369UU,19,9,10,9
LL369UW,11,4,7,4
LL369UY,13,6,7,8
LL369YA,8,3,5,6
LL369YB,25,12,13,16
LL369YD,2,1,1,1
LL369YE,25,16,9,15
LL369YF,28,15,13,12
LL369YG,1,1,0,1
LL369YH,13,3,10,10
LL369YL,2,1,1,1
LL369YN,3,3,0,3
LL369YP,9,5,4,5
LL369YR,3,2,1,1
LL369YS,1,0,1,1
LL369YT,4,2,2,3
LL369YU,45,19,26,23
LL369YW,1,1,0,1
LL369YY,4,3,1,3
LL372JA,9,6,3,6
LL372JB,25,16,9,9
LL372JD,54,26,28,28
LL372JE,13,7,6,7
LL372JF,2,1,1,2
LL372JG,20,10,10,8
LL372JH,5,2,3,3
LL372JJ,10,5,5,4
LL372JL,2,1,1,1
LL372JP,12,7,5,4
LL372JQ,76,41,35,30
LL372JR,3,2,1,3
LL372JS,20,9,11,9
LL372JU,13,4,9,5
LL372JX,5,3,2,4
LL372JY,7,3,4,5
LL372JZ,82,38,44,34
LL372LA,33,17,16,15
LL372QA,4,2,2,2
LL372QB,19,9,10,7
LL372QD,2,1,1,1
LL372QE,6,4,2,1
LL372QF,2,1,1,1
LL372QH,13,6,7,4
LL372QJ,10,5,5,3
LL372QL,18,9,9,9
LL372QP,4,2,2,2
LL372QQ,2,1,1,1
LL372QR,4,1,3,2
LL372QS,4,2,2,2
LL372QW,1,0,1,1
LL372UJ,2,1,1,1
LL372UX,2,1,1,1
LL372UZ,40,23,17,17
LL372YJ,15,6,9,9
LL372YQ,13,8,5,5
LL372YX,2,2,0,2
LL382AJ,8,3,5,4
LL382AQ,6,3,3,4
LL382AX,42,23,19,15
LL382AZ,49,21,28,24
LL382BJ,16,12,4,10
LL382BQ,24,11,13,14
LL382BX,40,21,19,22
LL382DJ,17,8,9,6
LL382DQ,22,12,10,15
LL382DX,9,2,7,5
LL382DZ,23,12,11,14
LL382EJ,2,1,1,1
LL382EQ,40,20,20,20
LL382EY,28,15,13,16
LL382EZ,28,15,13,17
LL382HJ,18,7,11,9
LL382HQ,8,5,3,4
LL382HX,23,11,12,9
LL382HZ,10,5,5,5
LL382LJ,25,14,11,10
LL382LQ,38,18,20,24
LL382LX,3,1,2,2
LL382LZ,24,12,12,12
LL382NQ,8,3,5,3
LL382NX,25,13,12,11
LL382NZ,9,4,5,4
LL382PQ,17,6,11,10
LL382PX,25,14,11,12
LL382PZ,4,2,2,3
LL382QY,25,11,14,14
LL382QZ,3,1,2,3
LL382RJ,13,5,8,6
LL382RQ,8,3,5,4
LL382RX,3,2,1,2
LL382RZ,12,6,6,8
LL382SQ,2,1,1,2
LL382SX,5,1,4,2
LL382TJ,12,5,7,3
LL382TQ,6,4,2,4
LL382TX,10,5,5,9
LL382TZ,14,9,5,9
LL382UQ,20,11,9,13
LL391AJ,1,0,1,1
LL391AQ,15,7,8,8
LL391AX,33,20,13,13
LL391AZ,11,5,6,6
LL391BJ,16,8,8,9
LL391BQ,29,15,14,15
LL391BX,25,16,9,11
LL391BZ,16,9,7,3
LL391DQ,1,1,0,1
LL391LJ,13,9,4,7
LL391LQ,3,2,1,1
LL391LX,3,2,1,2
LL391LZ,2,1,1,1
LL391YP,2,1,1,1
LL391YR,16,9,7,6
LL391YS,3,2,1,1
LL391YT,18,9,9,9
LL391YU,24,16,8,15
LL391YY,5,3,2,3
LL401AA,11,7,4,9
LL401AE,2,0,2,1
LL401AF,3,2,1,2
LL401AR,5,3,2,0
LL401AU,6,2,4,5
LL401BB,11,5,6,4
LL401BD,33,20,13,17
LL401BE,8,5,3,5
LL401BG,9,5,4,3
LL401BH,15,8,7,6
LL401BL,5,3,2,3
LL401BN,6,4,2,5
LL401BT,6,4,2,2
LL401BU,11,6,5,7
LL401BW,4,2,2,1
LL401BY,2,1,1,2
LL401DB,3,2,1,3
LL401DD,14,7,7,7
LL401DE,3,1,2,2
LL401DF,1,1,0,1
LL401DG,6,3,3,3
LL401DJ,3,1,2,2
LL401DL,6,5,1,4
LL401DN,14,10,4,9
LL401DP,1,1,0,1
LL401DS,4,2,2,3
LL401DT,10,5,5,7
LL401DU,10,6,4,7
LL401DY,9,3,6,6
LL401EB,4,2,2,2
LL401ED,6,4,2,3
LL401EE,5,2,3,4
LL401EF,1,0,1,1
LL401EG,7,5,2,5
LL401EH,4,1,3,2
LL401EL,6,2,4,5
LL401ES,13,8,5,6
LL401ET,9,5,4,3
LL401EY,3,2,1,3
LL401GA,70,37,33,33
LL401GB,14,8,6,6
LL401GD,23,12,11,11
LL401GE,22,13,9,11
LL401HB,4,2,2,2
LL401HD,8,5,3,3
LL401HF,5,4,1,5
LL401HG,22,10,12,12
LL401HH,50,25,25,20
LL401HL,3,2,1,2
LL401HN,14,8,6,7
LL401HP,13,7,6,10
LL401HR,32,15,17,16
LL401HS,16,8,8,7
LL401HU,97,49,48,40
LL401LA,12,6,6,5
LL401LB,29,11,18,14
LL401LD,17,8,9,11
LL401LF,148,73,75,57
LL401LG,16,8,8,12
LL401LN,10,6,4,4
LL401LR,22,9,13,14
LL401LS,7,2,5,4
LL401LT,42,15,27,30
LL401LU,10,5,5,4
LL401LY,57,32,25,40
LL401NA,30,16,14,16
LL401NB,1,1,0,1
LL401ND,5,2,3,3
LL401NE,39,19,20,21
LL401NF,13,5,8,8
LL401NL,12,3,9,6
LL401NN,3,1,2,2
LL401NP,7,2,5,5
LL401NR,6,3,3,4
LL401NS,48,20,28,23
LL401NU,17,6,11,10
LL401NW,1,0,1,1
LL401NY,23,9,14,10
LL401PA,36,18,18,13
LL401PB,30,13,17,8
LL401PD,26,8,18,10
LL401PE,31,12,19,10
LL401PF,25,9,16,8
LL401PG,21,9,12,8
LL401PH,20,11,9,6
LL401PL,15,6,9,9
LL401PN,7,2,5,5
LL401PS,6,1,5,4
LL401PT,9,4,5,5
LL401PW,62,23,39,24
LL401PY,3,1,2,3
LL401RB,7,6,1,3
LL401RD,4,3,1,3
LL401RE,2,2,0,2
LL401RF,4,2,2,1
LL401RG,1,0,1,1
LL401RH,17,6,11,12
LL401RJ,1,0,1,1
LL401RN,10,7,3,5
LL401RP,6,3,3,3
LL401RR,4,3,1,0
LL401RS,3,2,1,1
LL401RT,14,7,7,6
LL401RU,7,5,2,4
LL401RW,5,3,2,3
LL401RY,4,0,4,2
LL401SA,4,2,2,2
LL401SB,2,0,2,2
LL401SD,2,1,1,2
LL401SE,5,2,3,4
LL401SF,30,17,13,18
LL401SG,21,8,13,10
LL401SH,19,2,17,4
LL401SL,32,12,20,15
LL401SN,9,3,6,4
LL401SP,8,2,6,4
LL401SR,16,9,7,7
LL401SS,10,7,3,6
LL401ST,30,15,15,10
LL401SW,12,4,8,6
LL401TA,16,13,3,11
LL401TD,38,19,19,17
LL401TE,4,1,3,1
LL401TF,6,4,2,1
LL401TG,3,1,2,2
LL401TH,4,2,2,2
LL401TL,32,16,16,12
LL401TP,4,3,1,2
LL401TR,5,3,2,3
LL401TS,17,9,8,9
LL401TW,2,1,1,1
LL401UA,7,3,4,3
LL401UB,6,4,2,1
LL401UD,4,2,2,3
LL401UE,12,5,7,6
LL401UF,13,5,8,8
LL401UG,30,9,21,4
LL401UT,23,10,13,10
LL401YA,10,6,4,6
LL401YB,5,4,1,2
LL401YD,29,14,15,16
LL401YE,11,6,5,6
LL401YF,22,10,12,13
LL401YH,4,2,2,2
LL401YJ,4,3,1,1
LL402AA,6,3,3,3
LL402AB,11,6,5,3
LL402AD,5,3,2,3
LL402AE,3,2,1,1
LL402AF,1,1,0,1
LL402AG,6,3,3,1
LL402AH,5,2,3,3
LL402AL,3,1,2,2
LL402AN,21,13,8,12
LL402AP,10,5,5,4
LL402AR,21,17,4,4
LL402AS,38,18,20,21
LL402AT,1,1,0,1
LL402AU,5,1,4,4
LL402AW,5,3,2,2
LL402AY,23,10,13,12
LL402BB,9,5,4,3
LL402BD,8,4,4,3
LL402BE,11,5,6,4
LL402BH,10,4,6,6
LL402BN,3,1,2,2
LL402BP,14,6,8,5
LL402BS,2,1,1,1
LL402BT,1,1,0,1
LL402BU,33,19,14,10
LL402BW,2,1,1,1
LL402BY,9,5,4,3
LL402DE,7,4,3,2
LL402DF,15,8,7,8
LL402DG,8,4,4,3
LL402DH,3,2,1,2
LL402DL,14,5,9,5
LL402DN,9,4,5,3
LL402DP,14,6,8,6
LL402DS,6,3,3,3
LL402DT,5,3,2,2
LL402DU,1,0,1,1
LL402DW,3,2,1,1
LL402DY,4,2,2,2
LL402EA,22,11,11,10
LL402EB,18,10,8,7
LL402ED,14,7,7,7
LL402EE,18,9,9,8
LL402EF,8,5,3,5
LL402EG,2,1,1,1
LL402EH,19,10,9,9
LL402ER,76,35,41,31
LL402ES,6,2,4,3
LL402ET,10,3,7,7
LL402EU,6,4,2,3
LL402EW,30,14,16,15
LL402EY,3,2,1,1
LL402HA,3,1,2,1
LL402HB,7,3,4,3
LL402HD,2,1,1,1
LL402HE,7,4,3,1
LL402HF,3,2,1,1
LL402HG,1,1,0,1
LL402HH,9,6,3,4
LL402HL,1,1,0,1
LL402HN,8,3,5,4
LL402HP,23,11,12,7
LL402HR,5,1,4,2
LL402HS,4,2,2,2
LL402HT,2,2,0,2
LL402HU,6,3,3,3
LL402HW,4,3,1,1
LL402HY,12,5,7,4
LL402LA,10,7,3,3
LL402LB,3,2,1,1
LL402LD,3,2,1,1
LL402LE,3,2,1,1
LL402LF,12,7,5,4
LL402LH,2,1,1,1
LL402LL,3,1,2,2
LL402LS,9,3,6,4
LL402LT,2,1,1,1
LL402LU,7,3,4,3
LL402LW,2,1,1,1
LL402LY,1,1,0,1
LL402NA,1,0,1,1
LL402NB,5,2,3,1
LL402ND,8,4,4,2
LL402NE,2,2,0,1
LL402NF,18,6,12,6
LL402NG,8,7,1,3
LL402NH,2,1,1,1
LL402NL,8,5,3,2
LL402NN,5,2,3,3
LL402NR,4,2,2,2
LL402NS,3,2,1,1
LL402NT,3,1,2,1
LL402NU,1,1,0,1
LL402NW,1,1,0,1
LL402NY,1,1,0,1
LL402PA,2,1,1,1
LL402PB,4,2,2,2
LL402PD,2,1,1,1
LL402PE,3,2,1,1
LL402PF,32,19,13,10
LL402PG,8,3,5,3
LL402PH,8,6,2,2
LL402PR,14,8,6,7
LL402PS,7,4,3,3
LL402PT,2,1,1,1
LL402PU,4,2,2,2
LL402PW,5,4,1,3
LL402PY,3,2,1,2
LL402RA,1,0,1,1
LL402RB,3,1,2,1
LL402RD,4,3,1,1
LL402RE,13,3,10,5
LL402RF,11,5,6,3
LL402RG,3,2,1,2
LL402RH,2,1,1,1
LL402RL,5,2,3,2
LL402RN,7,3,4,2
LL402RP,5,3,2,4
LL402RR,10,5,5,3
LL402RS,20,9,11,10
LL402RT,8,3,5,5
LL402RU,21,9,12,8
LL402RW,9,4,5,2
LL402RY,23,11,12,12
LL402SA,22,11,11,8
LL402SB,9,4,5,4
LL402SD,7,3,4,4
LL402SE,18,9,9,8
LL402SF,9,4,5,3
LL402SG,15,10,5,7
LL402SH,12,6,6,6
LL402SP,35,24,11,3
LL402SR,10,5,5,4
LL402SS,6,4,2,2
LL402ST,14,7,7,5
LL402SU,29,14,15,17
LL402SY,71,33,38,31
LL402TA,90,47,43,38
LL402TB,25,15,10,9
LL402TD,11,7,4,7
LL402TE,6,4,2,3
LL402TF,9,6,3,4
LL402TG,4,3,1,3
LL402TH,25,13,12,8
LL402TL,7,4,3,1
LL402TN,6,3,3,2
LL402TT,6,2,4,6
LL402TU,40,21,19,21
LL402TY,15,6,9,10
LL402UA,25,14,11,11
LL402UB,30,20,10,17
LL402UD,26,13,13,9
LL402UE,14,7,7,7
LL402UG,5,3,2,2
LL402UH,5,3,2,4
LL402UN,1,1,0,1
LL402UP,10,5,5,7
LL402UR,32,17,15,10
LL402UT,15,6,9,7
LL402UW,5,3,2,3
LL402YA,28,13,15,13
LL402YD,110,57,53,51
LL402YF,26,7,19,4
LL402YG,35,16,19,19
LL402YL,11,3,8,5
LL402YN,5,3,2,2
LL402YP,91,42,49,41
LL402YQ,1,0,1,1
LL402YS,28,16,12,14
LL402YT,12,4,8,7
LL402YW,4,2,2,2
LL402YY,2,0,2,2
LL413AA,21,14,7,14
LL413AD,61,25,36,31
LL413AE,23,10,13,12
LL413AF,21,8,13,11
LL413AJ,3,0,3,1
LL413AN,15,5,10,11
LL413AP,12,8,4,6
LL413AQ,18,8,10,7
LL413AR,21,10,11,13
LL413AS,11,4,7,11
LL413AU,86,32,54,40
LL413AW,76,44,32,39
LL413AX,47,26,21,29
LL413AY,5,3,2,2
LL413AZ,3,1,2,2
LL413BA,13,6,7,7
LL413BB,9,4,5,3
LL413BD,6,3,3,3
LL413BE,9,4,5,3
LL413BG,12,7,5,5
LL413BL,8,5,3,6
LL413BN,5,2,3,3
LL413BP,13,4,9,11
LL413BQ,2,1,1,1
LL413BW,12,4,8,5
LL413BX,3,1,2,2
LL413BZ,16,9,7,11
LL413DA,18,10,8,8
LL413DB,19,8,11,13
LL413DG,24,13,11,13
LL413DH,29,14,15,16
LL413DJ,6,3,3,3
LL413DL,43,22,21,18
LL413DN,30,16,14,22
LL413DP,19,11,8,8
LL413DQ,10,4,6,6
LL413DR,6,2,4,2
LL413DS,33,18,15,15
LL413DT,4,1,3,4
LL413DU,27,10,17,14
LL413DW,25,11,14,12
LL413DX,5,3,2,3
LL413DY,22,13,9,15
LL413DZ,2,1,1,1
LL413EA,3,1,2,2
LL413EB,7,5,2,5
LL413ED,44,21,23,16
LL413EE,7,4,3,4
LL413EF,8,3,5,6
LL413EG,9,3,6,4
LL413EH,23,11,12,8
LL413EJ,9,3,6,6
LL413EL,10,6,4,7
LL413EN,12,5,7,6
LL413EQ,21,8,13,11
LL413ES,7,3,4,3
LL413EW,57,30,27,24
LL413EX,1,0,1,1
LL413HB,43,21,22,22
LL413HD,19,9,10,12
LL413HF,1,1,0,1
LL413HG,37,16,21,20
LL413HH,22,14,8,13
LL413HL,44,23,21,17
LL413HP,2,1,1,2
LL413HR,7,4,3,3
LL413HS,14,6,8,7
LL413HT,10,6,4,4
LL413HU,5,3,2,3
LL413HW,4,1,3,2
LL413HY,9,5,4,3
LL413LA,4,3,1,3
LL413LB,9,7,2,3
LL413LE,5,2,3,4
LL413LF,5,3,2,3
LL413LG,7,4,3,4
LL413LH,19,11,8,8
LL413LJ,7,2,5,3
LL413LL,5,3,2,4
LL413LN,12,4,8,3
LL413LP,13,8,5,5
LL413LQ,2,2,0,1
LL413LR,3,2,1,2
LL413LS,1,1,0,1
LL413LT,1,0,1,1
LL413LW,12,5,7,5
LL413LX,1,1,0,1
LL413LY,23,13,10,10
LL413LZ,25,12,13,11
LL413NA,13,7,6,5
LL413NP,13,9,4,6
LL413NR,32,18,14,22
LL413NS,7,4,3,4
LL413NT,15,11,4,6
LL413NU,4,2,2,2
LL413NY,7,5,2,2
LL413PA,11,4,7,5
LL413PB,9,6,3,4
LL413PD,11,7,4,5
LL413PE,17,10,7,5
LL413PG,35,18,17,13
LL413PH,5,3,2,3
LL413PJ,6,1,5,4
LL413PL,10,4,6,3
LL413PN,1,1,0,1
LL413PP,11,6,5,5
LL413PR,23,14,9,12
LL413PS,16,7,9,6
LL413PT,5,3,2,2
LL413PU,16,7,9,5
LL413PW,8,4,4,4
LL413PY,2,1,1,1
LL413RA,2,1,1,2
LL413RB,7,5,2,5
LL413RD,11,6,5,7
LL413RE,8,3,5,7
LL413RF,10,4,6,7
LL413RG,19,12,7,7
LL413RH,10,6,4,4
LL413RL,5,4,1,5
LL413RN,3,2,1,3
LL413RP,4,2,2,2
LL413RR,10,6,4,6
LL413RS,3,2,1,2
LL413RT,18,7,11,8
LL413RU,10,6,4,6
LL413RW,1,0,1,1
LL413RY,2,0,2,2
LL413SA,56,24,32,24
LL413SB,3,2,1,1
LL413SE,10,5,5,4
LL413SF,2,1,1,2
LL413SG,5,2,3,5
LL413SH,10,5,5,6
LL413SL,27,14,13,11
LL413SN,18,9,9,11
LL413SP,4,2,2,2
LL413SR,6,3,3,5
LL413SS,23,12,11,9
LL413ST,18,11,7,7
LL413SU,23,13,10,10
LL413SW,16,10,6,8
LL413SY,26,18,8,10
LL413TA,5,2,3,2
LL413TB,12,3,9,3
LL413TD,4,1,3,2
LL413TE,4,2,2,2
LL413TF,11,5,6,7
LL413TG,12,5,7,6
LL413TH,9,4,5,4
LL413TL,7,3,4,3
LL413TN,13,7,6,6
LL413TW,18,8,10,8
LL413TY,6,2,4,5
LL413UA,18,10,8,7
LL413UB,24,13,11,11
LL413UD,16,8,8,6
LL413UE,15,8,7,9
LL413UF,18,7,11,8
LL413UG,24,12,12,10
LL413UH,34,17,17,18
LL413UL,107,60,47,33
LL413UN,7,4,3,5
LL413UP,19,9,10,9
LL413UR,15,7,8,6
LL413UT,20,8,12,13
LL413UU,18,7,11,6
LL413UW,4,2,2,3
LL413UY,109,54,55,45
LL413YA,8,3,5,6
LL413YB,4,2,2,2
LL413YD,91,43,48,31
LL413YE,75,34,41,29
LL413YF,71,33,38,33
LL413YG,10,5,5,6
LL413YH,19,10,9,8
LL413YJ,9,6,3,9
LL413YL,12,4,8,5
LL413YN,42,23,19,16
LL413YP,24,12,12,11
LL413YT,19,8,11,11
LL413YU,28,15,13,12
LL413YW,19,9,10,8
LL413YY,7,5,2,5
LL414AA,95,40,55,36
LL414AB,61,33,28,19
LL414AD,3,2,1,3
LL414AE,46,17,29,23
LL414AF,85,44,41,43
LL414AG,12,7,5,4
LL414AH,109,54,55,42
LL414AL,57,28,29,21
LL414AN,18,7,11,10
LL414AP,16,7,9,8
LL414AR,87,44,43,43
LL414AS,8,4,4,3
LL414AT,4,2,2,3
LL414AU,58,27,31,26
LL414AW,21,9,12,7
LL414BA,9,4,5,4
LL414BB,3,2,1,1
LL414BD,6,2,4,3
LL414BE,2,1,1,1
LL414BG,16,5,11,6
LL414BH,12,7,5,6
LL414BL,9,5,4,5
LL414BN,6,2,4,3
LL414BU,26,13,13,14
LL414BW,20,10,10,9
LL414BY,30,12,18,12
LL414DA,40,23,17,21
LL414DB,23,10,13,11
LL414DD,13,7,6,6
LL414DE,74,40,34,29
LL414DF,23,12,11,11
LL414DG,17,7,10,7
LL414DH,5,3,2,3
LL414DL,12,10,2,5
LL414DN,5,2,3,3
LL414DS,6,4,2,2
LL414DU,1,1,0,1
LL414DY,10,4,6,6
LL414DZ,16,7,9,6
LL414EA,11,8,3,7
LL414EB,8,4,4,4
LL414ED,12,7,5,5
LL414EE,14,8,6,9
LL414EF,25,11,14,13
LL414EG,20,12,8,7
LL414EH,25,12,13,11
LL414EL,7,3,4,2
LL414EN,18,10,8,11
LL414EP,30,14,16,11
LL414ER,5,3,2,3
LL414ES,4,2,2,3
LL414ET,2,1,1,1
LL414EU,5,3,2,3
LL414EW,103,47,56,43
LL414EY,30,13,17,11
LL414HA,3,2,1,2
LL414HF,9,4,5,4
LL414HG,3,2,1,1
LL414HH,2,1,1,1
LL414HL,3,2,1,2
LL414HN,28,13,15,17
LL414HP,10,6,4,7
LL414HR,14,4,10,7
LL414HS,7,4,3,5
LL414HT,4,2,2,2
LL414HU,11,5,6,5
LL414HW,7,5,2,5
LL414HY,15,8,7,5
LL414LB,21,15,6,9
LL414LF,3,1,2,3
LL414LG,17,7,10,8
LL414LH,2,1,1,1
LL414LL,42,18,24,20
LL414LN,73,36,37,32
LL414LP,21,11,10,7
LL414LR,12,6,6,7
LL414LS,28,13,15,10
LL414LT,4,2,2,3
LL414LU,24,12,12,14
LL414LW,29,6,23,6
LL414LY,5,2,3,2
LL414NA,22,8,14,11
LL414ND,13,8,5,7
LL414NE,38,21,17,23
LL414NF,6,2,4,2
LL414NG,11,7,4,5
LL414NH,14,7,7,5
LL414NN,68,34,34,27
LL414NP,3,1,2,3
LL414NQ,29,10,19,12
LL414NR,5,3,2,2
LL414NS,17,9,8,9
LL414NT,14,8,6,6
LL414NU,62,26,36,30
LL414NW,38,20,18,18
LL414NY,31,19,12,12
LL414PA,12,6,6,8
LL414PB,2,1,1,1
LL414PD,17,7,10,10
LL414PE,22,10,12,9
LL414PG,16,9,7,5
LL414PH,15,4,11,7
LL414PL,7,3,4,2
LL414PN,25,12,13,12
LL414PP,25,11,14,13
LL414PS,17,9,8,7
LL414PT,18,12,6,6
LL414PU,13,6,7,7
LL414PW,7,3,4,4
LL414PY,36,16,20,12
LL414RA,21,10,11,6
LL414RB,29,16,13,10
LL414RD,7,3,4,3
LL414RE,9,5,4,6
LL414RF,13,5,8,6
LL414RP,8,4,4,4
LL414RR,4,2,2,4
LL414RS,8,5,3,3
LL414RT,2,0,2,1
LL414RU,7,4,3,5
LL414RW,11,7,4,5
LL414RY,13,9,4,5
LL414SA,13,4,9,7
LL414SB,4,3,1,0
LL414SE,28,11,17,14
LL414SF,42,20,22,15
LL414SG,76,36,40,36
LL414SH,1,0,1,1
LL414SL,9,3,6,6
LL414SN,11,5,6,4
LL414SP,52,27,25,22
LL414SR,58,28,30,22
LL414SS,39,17,22,18
LL414SW,26,13,13,11
LL414TA,12,5,7,5
LL414TB,8,6,2,5
LL414TD,9,4,5,2
LL414TE,37,20,17,10
LL414TF,7,5,2,3
LL414TG,16,7,9,8
LL414TH,25,12,13,12
LL414TL,5,1,4,3
LL414TN,19,12,7,6
LL414TP,29,16,13,12
LL414TR,30,17,13,12
LL414TS,25,13,12,10
LL414UB,35,16,19,14
LL414UE,24,13,11,15
LL414UF,16,7,9,9
LL414UG,17,8,9,7
LL414UH,23,11,12,11
LL414UL,18,7,11,9
LL414UN,13,5,8,5
LL414UP,13,5,8,5
LL414UR,22,12,10,8
LL414UT,12,6,6,5
LL414UU,22,11,11,7
LL414UW,8,5,3,5
LL414UY,14,8,6,4
LL414YB,33,14,19,19
LL414YD,12,7,5,5
LL414YE,18,8,10,7
LL421AB,1,1,0,1
LL421AD,16,10,6,12
LL421AE,12,7,5,4
LL421AF,27,10,17,17
LL421AG,3,2,1,1
LL421AJ,45,22,23,25
LL421AN,4,2,2,2
LL421AQ,16,8,8,8
LL421AR,10,4,6,3
LL421AS,10,7,3,5
LL421AT,31,18,13,18
LL421AU,7,4,3,3
LL421AY,5,2,3,4
LL421AZ,13,4,9,4
LL421BA,17,8,9,10
LL421BD,6,3,3,3
LL421BE,12,4,8,4
LL421BG,7,3,4,4
LL421BH,7,2,5,5
LL421BJ,6,3,3,3
LL421BL,8,4,4,4
LL421BN,14,7,7,7
LL421BP,2,1,1,2
LL421BQ,2,0,2,1
LL421BS,2,2,0,2
LL421BT,10,5,5,5
LL421BU,6,4,2,3
LL421BW,16,9,7,11
LL421BY,3,0,3,2
LL421DB,6,3,3,5
LL421DD,13,7,6,6
LL421DE,21,11,10,13
LL421DF,9,6,3,6
LL421DJ,7,5,2,5
LL421DL,4,2,2,2
LL421DN,4,1,3,2
LL421DP,21,12,9,13
LL421DQ,17,8,9,9
LL421DS,58,30,28,30
LL421DT,6,5,1,5
LL421DU,10,5,5,6
LL421DW,21,12,9,14
LL421DX,26,11,15,15
LL421DZ,15,6,9,8
LL421ED,2,2,0,2
LL421EE,11,6,5,6
LL421EF,13,6,7,5
LL421EG,14,5,9,11
LL421EH,19,8,11,11
LL421EL,48,24,24,25
LL421EN,46,21,25,26
LL421EP,20,5,15,15
LL421EQ,2,1,1,1
LL421ER,1,1,0,1
LL421ES,13,6,7,8
LL421ET,9,3,6,4
LL421EU,15,8,7,5
LL421EW,27,18,9,19
LL421EY,3,2,1,1
LL421HA,14,6,8,8
LL421HB,6,4,2,4
LL421HD,7,4,3,4
LL421HG,3,1,2,2
LL421HH,13,5,8,9
LL421HL,45,23,22,19
LL421HP,72,33,39,30
LL421HR,18,9,9,9
LL421HS,1,1,0,1
LL421HT,9,2,7,6
LL421HU,27,16,11,13
LL421HW,1,1,0,0
LL421HX,4,1,3,2
LL421HY,44,25,19,18
LL421LA,42,20,22,18
LL421LB,21,13,8,10
LL421LD,127,55,72,54
LL421LE,1,0,1,1
LL421LF,135,67,68,46
LL421LG,50,18,32,19
LL421LP,12,3,9,10
LL421LR,18,12,6,15
LL421LT,8,4,4,5
LL421LX,26,14,12,17
LL421LZ,17,9,8,10
LL421NA,97,48,49,40
LL421NB,12,5,7,6
LL421ND,12,9,3,4
LL421NE,9,5,4,3
LL421NH,19,12,7,10
LL421NL,27,12,15,13
LL421NN,3,0,3,2
LL421NP,31,13,18,15
LL421NQ,17,8,9,10
LL421NR,39,18,21,22
LL421NS,9,3,6,4
LL421NW,47,20,27,11
LL421NY,39,23,16,29
LL421PA,17,10,7,7
LL421PD,25,13,12,15
LL421PE,7,4,3,5
LL421PF,30,12,18,13
LL421PG,4,2,2,3
LL421PH,26,13,13,12
LL421PL,50,23,27,22
LL421PN,13,5,8,4
LL421PP,8,3,5,6
LL421PR,15,8,7,6
LL421PS,22,12,10,8
LL421PT,8,2,6,4
LL421PW,16,8,8,6
LL421PY,8,5,3,3
LL421RB,32,21,11,15
LL421RD,14,6,8,7
LL421RE,6,2,4,4
LL421RF,4,2,2,2
LL421RL,40,19,21,17
LL421RN,11,7,4,4
LL421RR,51,24,27,22
LL421RW,27,9,18,22
LL421SU,18,9,9,8
LL421TB,12,7,5,7
LL421TD,7,4,3,5
LL421TE,1,1,0,1
LL421TF,10,3,7,6
LL421TG,25,12,13,10
LL421TH,2,1,1,1
LL421TL,21,12,9,7
LL421TN,14,7,7,9
LL421YA,19,11,8,10
LL421YF,4,2,2,2
LL421YG,26,13,13,10
LL421YN,5,2,3,0
LL421YP,10,5,5,4
LL421YR,6,2,4,2
LL421YS,16,9,7,6
LL421YT,6,4,2,5
LL421YY,28,13,15,8
LL432AA,25,12,13,13
LL432AB,11,5,6,4
LL432AD,1,1,0,1
LL432AE,24,13,11,13
LL432AF,16,10,6,6
LL432AG,70,32,38,44
LL432AH,6,1,5,2
LL432AL,68,34,34,39
LL432AN,9,5,4,4
LL432AP,16,6,10,11
LL432AQ,24,11,13,8
LL432AR,33,15,18,16
LL432AS,2,0,2,2
LL432AT,2,1,1,1
LL432AU,19,9,10,5
LL432AX,11,4,7,3
LL432AY,1,0,1,1
LL432AZ,3,1,2,1
LL432BA,8,5,3,4
LL432BB,74,33,41,44
LL432BF,2,1,1,1
LL432BJ,4,2,2,0
LL432BQ,8,3,5,3
LL432BX,4,2,2,2
LL432BZ,31,15,16,13
LL432LQ,15,5,10,9
LL442BE,49,24,25,21
LL442BF,10,3,7,3
LL442BG,108,52,56,61
LL442BH,42,23,19,19
LL442BL,26,14,12,13
LL442BN,1,0,1,1
LL442BP,13,5,8,6
LL442BS,15,8,7,8
LL442BT,5,3,2,3
LL442BU,2,0,2,2
LL442BW,31,15,16,12
LL442BY,3,1,2,2
LL442DA,37,17,20,21
LL442DB,8,4,4,4
LL442DD,12,7,5,6
LL442DG,18,8,10,6
LL442DH,47,19,28,17
LL442DJ,33,20,13,10
LL442DL,4,2,2,1
LL442DN,41,22,19,19
LL442DP,11,3,8,7
LL442DR,4,2,2,2
LL442DS,2,2,0,2
LL442DT,4,2,2,1
LL442DU,3,2,1,2
LL442DW,65,34,31,26
LL442DY,11,7,4,5
LL442EA,5,2,3,1
LL442EE,37,16,21,18
LL442EF,11,4,7,5
LL442EG,6,5,1,3
LL442EH,25,13,12,9
LL442EL,9,3,6,5
LL442EN,23,12,11,10
LL442EP,47,22,25,22
LL442EQ,4,2,2,2
LL442ER,13,5,8,7
LL442ES,18,8,10,9
LL442ET,9,4,5,5
LL442EU,26,13,13,14
LL442EW,23,13,10,12
LL442EY,9,5,4,4
LL442HA,16,7,9,4
LL442HD,1,0,1,1
LL442HF,38,18,20,28
LL442HX,19,10,9,12
LL442HZ,3,3,0,3
LL442RJ,37,19,18,18
LL442RQ,19,11,8,8
LL442RX,25,13,12,12
LL452DJ,25,15,10,13
LL452DQ,9,4,5,4
LL452DX,4,2,2,3
LL452DZ,11,6,5,6
LL452EQ,7,3,4,3
LL452EZ,2,1,1,1
LL452HH,11,6,5,4
LL452HL,61,30,31,26
LL452HN,22,12,10,11
LL452HP,2,1,1,1
LL452HS,28,10,18,13
LL452HT,20,12,8,8
LL452HU,4,3,1,0
LL452HW,8,3,5,4
LL452LA,13,7,6,5
LL452LD,8,2,6,2
LL452LE,43,23,20,18
LL452LF,85,39,46,40
LL452LG,6,4,2,3
LL452LH,9,4,5,4
LL452LL,6,3,3,4
LL452LP,13,7,6,6
LL452LR,5,2,3,2
LL452LS,8,4,4,3
LL452LT,8,4,4,2
LL452LU,8,4,4,3
LL452LW,1,1,0,1
LL452LY,7,3,4,3
LL452NA,10,6,4,5
LL452NB,3,1,2,2
LL452ND,7,2,5,4
LL452NH,17,9,8,8
LL452NL,17,7,10,6
LL452NN,3,2,1,2
LL452NP,4,2,2,1
LL452NR,7,3,4,3
LL452NS,13,8,5,6
LL452NT,7,4,3,3
LL452NU,5,1,4,1
LL452NW,14,4,10,9
LL452NY,24,12,12,9
LL452PA,39,22,17,22
LL452PB,3,2,1,2
LL452PD,18,8,10,8
LL452PE,5,3,2,2
LL452PF,6,2,4,2
LL452PG,5,3,2,2
LL452PH,13,5,8,5
LL452PJ,7,1,6,3
LL452PL,41,19,22,18
LL452PZ,6,4,2,2
LL462GA,41,16,25,25
LL462GS,7,6,1,5
LL462GX,4,1,3,3
LL462GY,133,71,62,48
LL462GZ,25,13,12,9
LL462NJ,41,22,19,34
LL462NX,37,21,16,19
LL462NZ,104,51,53,45
LL462PR,8,3,5,5
LL462PS,1,0,1,1
LL462PU,53,44,9,1
LL462PY,2,0,2,2
LL462RA,23,11,12,15
LL462RB,2,0,2,2
LL462RD,1,0,1,1
LL462RE,16,8,8,10
LL462RH,2,1,1,1
LL462RL,6,3,3,3
LL462RN,1,1,0,1
LL462RP,10,6,4,4
LL462RR,13,6,7,7
LL462RS,16,8,8,9
LL462RT,26,12,14,14
LL462RU,2,1,1,1
LL462RW,21,13,8,10
LL462RY,2,1,1,1
LL462SA,51,24,27,23
LL462SB,54,26,28,37
LL462SD,29,15,14,15
LL462SE,39,19,20,20
LL462SG,12,6,6,6
LL462SH,2,1,1,2
LL462SL,6,3,3,4
LL462SN,6,3,3,4
LL462SP,6,1,5,5
LL462SQ,23,13,10,16
LL462SR,46,20,26,28
LL462SS,77,33,44,41
LL462ST,21,11,10,12
LL462SU,7,4,3,5
LL462SW,25,12,13,17
LL462SX,25,12,13,15
LL462SY,16,9,7,5
LL462TA,7,3,4,5
LL462TB,25,13,12,10
LL462TD,25,12,13,12
LL462TE,3,2,1,2
LL462TG,2,1,1,1
LL462TH,14,6,8,5
LL462TL,2,1,1,1
LL462TN,2,1,1,1
LL462TP,4,1,3,1
LL462TR,3,1,2,2
LL462TS,16,8,8,8
LL462TT,4,1,3,1
LL462TU,73,37,36,35
LL462TW,3,2,1,2
LL462UA,10,4,6,7
LL462UB,8,3,5,2
LL462UD,6,5,1,4
LL462UE,21,10,11,8
LL462UF,4,3,1,0
LL462UG,33,17,16,15
LL462UJ,23,12,11,10
LL462UL,29,13,16,13
LL462UN,138,66,72,61
LL462UR,6,4,2,5
LL462UT,11,4,7,3
LL462UU,7,4,3,4
LL462UW,92,40,52,33
LL462WA,32,19,13,9
LL462YA,49,25,24,19
LL462YB,25,10,15,9
LL462YD,11,3,8,5
LL462YE,38,19,19,18
LL462YF,10,3,7,6
LL462YG,13,5,8,9
LL462YH,10,3,7,5
LL462YL,17,7,10,10
LL462YN,2,1,1,1
LL462YP,2,1,1,1
LL462YR,6,3,3,5
LL462YS,8,4,4,4
LL462YT,18,9,9,10
LL462YW,2,2,0,1
LL476TA,24,16,8,13
LL476TB,17,6,11,8
LL476TD,1,1,0,1
LL476TE,1,1,0,1
LL476TG,16,9,7,8
LL476TH,17,7,10,8
LL476TJ,18,10,8,4
LL476TL,15,7,8,9
LL476TN,11,7,4,7
LL476TP,11,6,5,4
LL476TR,12,7,5,5
LL476TS,1,1,0,0
LL476TU,26,12,14,17
LL476TW,4,2,2,2
LL476TY,55,31,24,27
LL476UA,3,2,1,2
LL476UB,20,9,11,9
LL476UD,8,4,4,5
LL476UF,14,6,8,4
LL476UG,8,6,2,4
LL476UH,30,12,18,17
LL476UL,4,2,2,3
LL476UN,34,17,17,11
LL476UR,1,1,0,1
LL476UU,8,3,5,5
LL476UW,2,0,2,2
LL476UY,5,3,2,2
LL476YA,8,5,3,3
LL476YB,11,5,6,5
LL476YD,6,4,2,2
LL476YF,29,14,15,13
LL476YG,29,13,16,15
LL476YH,32,16,16,12
LL476YL,13,5,8,9
LL476YN,5,2,3,4
LL476YP,2,1,1,1
LL476YR,2,1,1,2
LL476YS,5,2,3,3
LL476YT,17,9,8,7
LL476YU,3,2,1,2
LL476YW,2,2,0,2
LL476YY,7,2,5,3
LL486AA,7,5,2,4
LL486AB,22,13,9,10
LL486AE,36,17,19,16
LL486AG,23,11,12,10
LL486AH,16,6,10,7
LL486AJ,2,1,1,1
LL486AL,52,24,28,30
LL486AN,10,6,4,7
LL486AP,152,76,76,55
LL486AQ,12,6,6,6
LL486AR,65,30,35,23
LL486AS,42,21,21,23
LL486AT,34,12,22,14
LL486AU,35,16,19,19
LL486AW,12,7,5,5
LL486AX,17,8,9,9
LL486AY,6,2,4,3
LL486AZ,4,2,2,2
LL486BA,45,20,25,19
LL486BB,27,13,14,8
LL486BD,11,3,8,3
LL486BE,14,9,5,6
LL486BF,60,31,29,19
LL486BG,10,7,3,6
LL486BH,30,13,17,19
LL486BJ,9,5,4,5
LL486BL,13,8,5,8
LL486BN,53,29,24,23
LL486BP,2,1,1,2
LL486BQ,19,12,7,6
LL486BS,28,14,14,12
LL486BT,27,16,11,12
LL486BU,19,9,10,8
LL486BW,10,3,7,3
LL486BX,4,1,3,3
LL486BY,7,4,3,4
LL486BZ,52,22,30,23
LL486DA,5,3,2,3
LL486DB,7,3,4,3
LL486DD,13,6,7,5
LL486DE,14,9,5,5
LL486DF,4,3,1,4
LL486DG,6,3,3,2
LL486DH,6,3,3,4
LL486DJ,4,3,1,2
LL486DL,11,7,4,4
LL486DN,15,11,4,8
LL486DP,12,6,6,4
LL486DQ,12,5,7,4
LL486DS,14,8,6,6
LL486DT,17,8,9,7
LL486DU,28,13,15,10
LL486DW,14,9,5,5
LL486DX,2,1,1,1
LL486DY,6,2,4,3
LL486DZ,10,3,7,5
LL486ED,19,12,7,9
LL486EE,137,69,68,56
LL486EF,34,16,18,14
LL486EG,55,25,30,22
LL486EH,20,11,9,10
LL486EL,29,12,17,14
LL486EN,20,11,9,9
LL486EP,3,1,2,2
LL486ET,5,4,1,0
LL486EW,1,0,1,1
LL486HA,5,2,3,2
LL486HB,58,28,30,20
LL486HD,4,3,1,3
LL486HF,17,6,11,5
LL486HG,50,25,25,22
LL486HL,9,3,6,4
LL486HN,30,16,14,17
LL486HP,20,10,10,9
LL486HR,3,1,2,2
LL486HS,1,1,0,1
LL486HT,4,2,2,2
LL486HU,5,3,2,2
LL486HW,12,7,5,6
LL486HY,4,1,3,2
LL486LA,2,1,1,1
LL486LE,1,1,0,1
LL486LG,5,2,3,2
LL486LJ,15,7,8,6
LL486LL,5,2,3,1
LL486LN,22,13,9,10
LL486LP,10,3,7,5
LL486LQ,1,1,0,1
LL486LR,34,17,17,15
LL486LS,36,20,16,14
LL486LW,16,6,10,3
LL486LX,5,3,2,4
LL486LY,17,9,8,8
LL486LZ,5,3,2,3
LL486NA,12,3,9,4
LL486NB,28,14,14,13
LL486ND,4,2,2,2
LL486NE,16,6,10,9
LL486NF,4,2,2,2
LL486NG,24,14,10,11
LL486NH,2,1,1,1
LL486NL,3,2,1,2
LL486NN,1,1,0,1
LL486NP,16,8,8,7
LL486NQ,15,6,9,5
LL486NR,7,3,4,2
LL486NW,3,2,1,2
LL486NY,6,3,3,1
LL486PA,19,8,11,12
LL486PD,1,0,1,1
LL486PF,10,4,6,5
LL486PG,8,4,4,5
LL486PH,14,8,6,5
LL486PL,10,7,3,4
LL486PN,15,7,8,9
LL486PP,31,12,19,11
LL486PR,19,8,11,9
LL486PS,11,6,5,4
LL486PT,8,4,4,2
LL486PU,5,3,2,2
LL486PW,7,2,5,3
LL486PY,22,14,8,8
LL486RB,3,2,1,3
LL486RD,5,4,1,4
LL486RE,8,6,2,3
LL486RF,2,1,1,1
LL486RG,10,5,5,5
LL486RH,12,5,7,4
LL486RL,17,8,9,6
LL486RN,20,11,9,8
LL486RP,10,5,5,2
LL486RR,8,5,3,4
LL486RS,40,19,21,16
LL486RT,25,12,13,9
LL486RU,4,2,2,2
LL486RW,14,7,7,5
LL486RY,21,9,12,8
LL486SE,1,1,0,1
LL486SF,12,6,6,7
LL486SG,25,15,10,10
LL486SH,17,9,8,6
LL486SN,16,7,9,7
LL486SP,2,2,0,2
LL486SR,23,9,14,14
LL486SS,28,12,16,11
LL486ST,20,10,10,8
LL486SW,33,12,21,15
LL499AA,46,23,23,23
LL499AE,12,6,6,7
LL499AF,41,20,21,19
LL499AG,23,10,13,7
LL499AH,5,3,2,2
LL499AJ,9,6,3,7
LL499AL,22,10,12,11
LL499AN,17,9,8,7
LL499AP,43,22,21,22
LL499AR,32,15,17,16
LL499AS,12,5,7,10
LL499AT,35,19,16,21
LL499AU,3,1,2,3
LL499AX,1,1,0,1
LL499AY,9,5,4,4
LL499BA,26,11,15,15
LL499BB,14,7,7,6
LL499BD,4,2,2,2
LL499BE,36,21,15,21
LL499BG,7,3,4,3
LL499BH,12,6,6,9
LL499BL,8,3,5,4
LL499BN,60,19,41,12
LL499BT,69,36,33,33
LL499BU,121,57,64,54
LL499BW,2,0,2,1
LL499BY,1,1,0,1
LL499DB,19,9,10,8
LL499DD,2,2,0,2
LL499DF,42,22,20,16
LL499DG,9,5,4,6
LL499DH,23,11,12,10
LL499DN,76,40,36,39
LL499DP,6,3,3,2
LL499DR,6,4,2,2
LL499DS,60,35,25,28
LL499DT,6,3,3,1
LL499DU,9,6,3,5
LL499DW,11,4,7,5
LL499EA,8,2,6,5
LL499EB,16,7,9,10
LL499ED,49,27,22,25
LL499EE,86,43,43,36
LL499EF,9,3,6,6
LL499EG,50,27,23,20
LL499EH,13,6,7,8
LL499EJ,30,15,15,9
LL499EL,51,22,29,26
LL499EN,68,38,30,29
LL499EP,20,9,11,14
LL499EQ,25,12,13,11
LL499EU,12,8,4,5
LL499EW,7,4,3,6
LL499GA,64,28,36,27
LL499HA,20,10,10,11
LL499HB,3,2,1,0
LL499HD,35,20,15,18
LL499HN,23,15,8,16
LL499HT,6,4,2,3
LL499HU,35,14,21,20
LL499HW,18,9,9,12
LL499HY,36,15,21,20
LL499JA,51,21,30,29
LL499JJ,8,4,4,4
LL499JN,58,33,25,30
LL499LA,64,24,40,18
LL499LB,145,76,69,48
LL499LD,152,80,72,50
LL499LE,168,75,93,77
LL499LR,40,22,18,24
LL499LW,4,2,2,2
LL499LY,4,2,2,2
LL499NB,14,9,5,8
LL499ND,32,18,14,24
LL499NE,11,5,6,6
LL499NG,2,1,1,2
LL499NH,7,4,3,4
LL499NN,13,7,6,7
LL499NU,25,11,14,9
LL499NW,22,13,9,12
LL499NY,33,16,17,14
LL499PA,15,7,8,5
LL499PB,8,5,3,6
LL499PF,45,19,26,22
LL499PG,1,1,0,1
LL499PP,32,13,19,11
LL499PR,35,12,23,2
LL499PS,23,12,11,6
LL499PT,133,67,66,59
LL499PU,105,51,54,55
LL499PW,7,4,3,2
LL499PY,41,18,23,37
LL499RA,57,32,25,23
LL499RB,28,12,16,12
LL499RD,24,10,14,15
LL499RE,4,1,3,3
LL499RF,2,1,1,1
LL499RG,22,15,7,7
LL499RH,77,30,47,34
LL499RL,16,9,7,9
LL499RN,17,9,8,7
LL499RP,2,1,1,1
LL499RR,18,8,10,8
LL499RS,7,3,4,2
LL499RT,16,10,6,6
LL499RU,4,1,3,3
LL499RW,38,15,23,16
LL499RY,27,10,17,11
LL499SA,2,1,1,1
LL499SB,11,5,6,6
LL499SD,25,12,13,12
LL499SE,8,3,5,3
LL499SF,5,2,3,3
LL499SG,10,5,5,3
LL499SH,24,11,13,9
LL499SL,2,1,1,1
LL499SN,21,8,13,8
LL499SP,23,12,11,8
LL499SR,6,4,2,3
LL499SS,17,7,10,7
LL499ST,7,3,4,4
LL499SU,9,3,6,5
LL499SW,7,5,2,3
LL499SY,3,1,2,2
LL499TA,10,5,5,3
LL499TD,11,7,4,4
LL499TE,8,5,3,5
LL499TF,4,2,2,1
LL499TG,83,40,43,31
LL499TN,14,7,7,5
LL499TP,48,25,23,22
LL499TR,24,11,13,13
LL499TS,7,2,5,4
LL499TT,12,6,6,6
LL499TU,5,2,3,4
LL499TW,31,14,17,17
LL499TY,8,3,5,4
LL499UA,35,18,17,22
LL499UB,28,14,14,15
LL499UD,3,2,1,2
LL499UE,61,27,34,33
LL499UF,31,14,17,17
LL499UG,14,6,8,9
LL499UH,14,8,6,8
LL499UP,18,8,10,9
LL499UR,36,18,18,11
LL499UT,17,8,9,9
LL499UU,33,17,16,14
LL499UW,1,0,1,1
LL499UY,52,28,24,26
LL499YA,54,27,27,26
LL499YB,16,8,8,9
LL499YD,72,38,34,42
LL499YF,1,1,0,0
LL499YG,28,14,14,9
LL499YH,32,18,14,12
LL499YL,16,10,6,6
LL499YN,31,17,14,10
LL499YQ,11,5,6,6
LL499YR,82,39,43,37
LL499YS,70,36,34,45
LL499YU,13,8,5,7
LL499YW,8,4,4,2
LL519AJ,20,8,12,7
LL519AL,30,15,15,10
LL519AQ,20,12,8,6
LL519AX,40,23,17,17
LL519AZ,34,15,19,11
LL519BQ,6,4,2,2
LL519DJ,53,25,28,18
LL519DQ,30,11,19,9
LL519DX,19,12,7,7
LL519DZ,2,1,1,2
LL519EJ,37,20,17,13
LL519EQ,13,4,9,8
LL519EX,13,6,7,5
LL519EZ,19,8,11,5
LL519HX,3,2,1,1
LL519HZ,5,3,2,3
LL519LJ,6,3,3,3
LL519LQ,9,3,6,6
LL519LX,57,27,30,23
LL519LZ,4,2,2,1
LL519NJ,4,1,3,2
LL519NX,33,17,16,12
LL519NZ,5,3,2,3
LL519PJ,11,7,4,4
LL519PQ,2,0,2,2
LL519RJ,2,1,1,1
LL519RQ,11,5,6,3
LL519RX,27,15,12,15
LL519RZ,4,2,2,2
LL519SJ,15,9,6,7
LL519SQ,7,4,3,4
LL519SX,43,24,19,14
LL519SZ,12,6,6,4
LL519TJ,11,7,4,6
LL519TQ,56,26,30,18
LL519TX,30,18,12,13
LL519TZ,33,18,15,14
LL519UJ,34,21,13,17
LL519UQ,32,16,16,15
LL519UX,33,20,13,15
LL519YT,14,7,7,6
LL519YU,35,20,15,14
LL519YY,14,7,7,6
LL520AA,1,0,1,1
LL520AB,9,5,4,5
LL520AD,17,8,9,8
LL520AE,17,11,6,6
LL520AG,12,5,7,8
LL520AH,16,7,9,7
LL520AL,4,2,2,2
LL520AP,16,8,8,5
LL520AS,2,1,1,1
LL520AT,10,3,7,4
LL520AU,22,10,12,7
LL520AW,14,6,8,8
LL520AY,9,3,6,6
LL520BA,5,3,2,3
LL520BB,8,3,5,4
LL520BD,8,5,3,4
LL520BE,18,11,7,7
LL520BG,3,3,0,2
LL520BH,158,83,75,60
LL520BJ,88,33,55,30
LL520BL,38,16,22,16
LL520BP,5,2,3,1
LL520BS,19,9,10,10
LL520BT,9,5,4,6
LL520BU,5,2,3,3
LL520BY,2,1,1,1
LL520DA,1,1,0,1
LL520DB,35,11,24,11
LL520DD,17,7,10,15
LL520DG,36,19,17,19
LL520DH,3,1,2,2
LL520DL,30,12,18,11
LL520DN,14,5,9,8
LL520DP,30,17,13,17
LL520DR,10,3,7,7
LL520DT,4,2,2,3
LL520DU,7,2,5,5
LL520DW,82,36,46,40
LL520DY,17,9,8,6
LL520EA,10,5,5,5
LL520EB,2,1,1,1
LL520ED,1,1,0,1
LL520EE,3,1,2,2
LL520EF,48,26,22,26
LL520EG,27,14,13,15
LL520EH,30,16,14,14
LL520EJ,12,4,8,5
LL520EL,17,12,5,8
LL520EN,40,22,18,20
LL520EP,14,5,9,7
LL520ER,1,0,1,1
LL520ES,82,40,42,41
LL520EY,50,28,22,19
LL520HB,30,18,12,15
LL520HD,14,5,9,7
LL520HE,14,9,5,6
LL520HF,9,4,5,5
LL520HG,19,7,12,7
LL520HN,9,5,4,4
LL520HP,36,16,20,16
LL520HQ,1,1,0,1
LL520HR,11,5,6,4
LL520HT,13,7,6,5
LL520HU,3,1,2,1
LL520HW,10,3,7,6
LL520HY,20,9,11,13
LL520LA,15,7,8,6
LL520LB,42,18,24,24
LL520LD,27,12,15,13
LL520LE,2,1,1,2
LL520LF,12,6,6,6
LL520LL,3,2,1,2
LL520LN,31,3,28,2
LL520LP,16,7,9,5
LL520LR,1,1,0,1
LL520LS,21,10,11,8
LL520LU,15,5,10,7
LL520LW,37,16,21,14
LL520LY,18,8,10,7
LL520NA,16,8,8,5
LL520NB,13,7,6,9
LL520ND,11,4,7,5
LL520NF,5,1,4,2
LL520NH,4,2,2,1
LL520NL,20,11,9,12
LL520NN,30,9,21,11
LL520NP,9,5,4,4
LL520NR,17,8,9,5
LL520NS,18,5,13,6
LL520NT,15,5,10,8
LL520NU,9,4,5,2
LL520NW,25,12,13,11
LL520NY,14,8,6,3
LL520PA,13,6,7,4
LL520PB,8,2,6,5
LL520PD,1,1,0,1
LL520PE,79,39,40,47
LL520PH,11,6,5,3
LL520PN,9,5,4,5
LL520PP,39,17,22,23
LL520PR,13,6,7,7
LL520PS,32,14,18,10
LL520PT,82,36,46,29
LL520PU,31,12,19,17
LL520PW,27,13,14,10
LL520PY,24,11,13,12
LL520RA,21,9,12,12
LL520RB,11,8,3,4
LL520RD,6,2,4,2
LL520RE,9,4,5,2
LL520RF,9,6,3,3
LL520RG,5,3,2,1
LL520RN,25,12,13,8
LL520RP,11,7,4,2
LL520RR,25,12,13,9
LL520RS,12,7,5,5
LL520RT,6,4,2,2
LL520RU,31,13,18,20
LL520RW,11,4,7,4
LL520RY,4,1,3,1
LL520SA,41,25,16,15
LL520SB,26,10,16,10
LL520SD,6,4,2,2
LL520SE,11,3,8,4
LL520SF,109,60,49,42
LL520SG,17,6,11,7
LL520SH,15,6,9,11
LL520SL,9,5,4,2
LL520SN,6,3,3,2
LL520SP,24,9,15,11
LL520SQ,13,5,8,6
LL520SR,18,10,8,10
LL520SS,14,8,6,5
LL520ST,4,2,2,2
LL520SU,23,8,15,10
LL520SW,17,8,9,10
LL520SY,24,12,12,8
LL520TA,9,5,4,4
LL520TB,56,25,31,32
LL535AA,82,44,38,23
LL535AB,28,16,12,18
LL535AD,68,43,25,45
LL535AE,9,5,4,5
LL535AF,34,20,14,13
LL535AG,25,10,15,10
LL535AH,17,10,7,11
LL535AJ,20,10,10,7
LL535AL,61,40,21,40
LL535AN,62,29,33,35
LL535AP,85,36,49,34
LL535AR,49,24,25,18
LL535AS,22,11,11,9
LL535AT,74,34,40,24
LL535AU,177,96,81,61
LL535AW,8,4,4,3
LL535AY,24,9,15,13
LL535BA,92,38,54,39
LL535BB,101,52,49,38
LL535BD,10,5,5,10
LL535BL,140,71,69,56
LL535BN,33,17,16,16
LL535BU,35,17,18,16
LL535BW,40,22,18,16
LL535BY,22,10,12,10
LL535DA,1,1,0,1
LL535DD,11,4,7,7
LL535DE,20,14,6,14
LL535DH,16,4,12,6
LL535DL,10,4,6,6
LL535DP,20,10,10,9
LL535DR,53,24,29,29
LL535DS,21,12,9,7
LL535DT,11,6,5,6
LL535DU,36,17,19,19
LL535DY,14,7,7,8
LL535EA,23,11,12,11
LL535ED,7,3,4,4
LL535EE,38,17,21,20
LL535EF,7,5,2,4
LL535EG,43,22,21,18
LL535EH,62,22,40,33
LL535EJ,11,7,4,10
LL535EL,7,4,3,4
LL535EP,19,10,9,10
LL535ER,22,12,10,8
LL535ES,89,50,39,38
LL535EU,15,8,7,7
LL535EW,1,1,0,1
LL535GA,31,14,17,17
LL535HA,5,2,3,3
LL535HB,16,8,8,7
LL535HD,2,1,1,2
LL535HE,1,1,0,1
LL535HG,8,4,4,4
LL535HH,1,1,0,1
LL535HN,20,8,12,7
LL535HP,68,28,40,31
LL535HR,5,2,3,1
LL535HS,9,6,3,6
LL535HT,17,10,7,6
LL535HU,9,4,5,7
LL535HW,17,8,9,6
LL535HY,33,17,16,18
LL535LA,16,9,7,8
LL535LB,27,12,15,14
LL535LD,21,7,14,11
LL535LF,57,25,32,36
LL535LG,18,9,9,8
LL535LL,4,2,2,3
LL535LN,6,3,3,3
LL535LP,10,6,4,8
LL535LR,69,31,38,36
LL535LS,46,21,25,17
LL535LT,31,17,14,10
LL535LW,11,7,4,5
LL535NH,13,7,6,5
LL535NJ,35,13,22,10
LL535NL,30,13,17,19
LL535NN,3,1,2,2
LL535NP,8,2,6,6
LL535NR,13,5,8,6
LL535NT,16,13,3,13
LL535NU,124,64,60,55
LL535NW,20,10,10,10
LL535NX,19,8,11,11
LL535PA,24,15,9,13
LL535PB,45,26,19,30
LL535PD,90,43,47,36
LL535PE,42,21,21,16
LL535PF,37,20,17,15
LL535PG,3,1,2,2
LL535PN,93,56,37,56
LL535PP,136,69,67,72
LL535PR,17,11,6,9
LL535PS,4,2,2,1
LL535PU,61,28,33,27
LL535PW,7,3,4,4
LL535PY,57,21,36,29
LL535RA,71,31,40,30
LL535RE,51,25,26,21
LL535RF,15,8,7,8
LL535RG,3,2,1,3
LL535RH,122,55,67,55
LL535RP,11,4,7,7
LL535RR,33,21,12,19
LL535RT,54,25,29,27
LL535RU,6,4,2,3
LL535SG,24,9,15,14
LL535SH,7,1,6,7
LL535SL,82,41,41,38
LL535SN,3,1,2,2
LL535SP,14,5,9,8
LL535SR,3,1,2,2
LL535SW,70,34,36,26
LL535TB,3,1,2,1
LL535TF,5,3,2,2
LL535TG,19,9,10,5
LL535TH,34,14,20,16
LL535TJ,30,17,13,10
LL535TL,49,25,24,27
LL535TN,38,19,19,20
LL535TP,9,5,4,3
LL535TR,25,12,13,12
LL535TW,28,13,15,12
LL535TY,4,2,2,1
LL535UA,12,7,5,5
LL535UB,23,14,9,8
LL535UD,26,15,11,13
LL535UE,52,25,27,19
LL535UF,4,1,3,2
LL535UG,24,13,11,7
LL535UH,10,6,4,3
LL535UL,5,3,2,3
LL535UN,8,3,5,4
LL535UP,21,11,10,8
LL535UR,17,8,9,7
LL535UT,24,15,9,8
LL535UW,39,20,19,15
LL535YA,6,3,3,3
LL535YB,4,3,1,2
LL535YD,11,4,7,6
LL535YE,39,18,21,15
LL535YF,34,16,18,13
LL535YG,1,0,1,1
LL535YH,4,3,1,1
LL535YR,2,1,1,1
LL535YU,1,1,0,1
LL535YY,44,23,21,23
LL536AA,6,3,3,2
LL536AB,9,5,4,3
LL536AD,63,27,36,24
LL536AE,17,9,8,6
LL536AH,32,18,14,13
LL536AJ,9,5,4,6
LL536AL,40,17,23,20
LL536AN,2,1,1,1
LL536AP,33,14,19,16
LL536AQ,13,8,5,6
LL536AR,22,14,8,13
LL536AS,30,15,15,12
LL536AT,14,7,7,8
LL536AU,16,8,8,7
LL536AW,4,2,2,1
LL536AX,28,8,20,15
LL536AY,12,6,6,9
LL536AZ,8,3,5,4
LL536BA,9,5,4,4
LL536BB,18,9,9,11
LL536BD,34,15,19,18
LL536BE,4,2,2,1
LL536BF,18,7,11,7
LL536BG,18,9,9,8
LL536BH,1,0,1,1
LL536BJ,174,78,96,76
LL536BL,63,31,32,30
LL536BP,4,3,1,1
LL536BQ,12,7,5,5
LL536BS,27,14,13,10
LL536BT,11,6,5,4
LL536BU,10,5,5,2
LL536BW,112,51,61,44
LL536BX,30,16,14,16
LL536BY,23,9,14,12
LL536BZ,30,14,16,12
LL536DA,3,2,1,3
LL536DB,4,2,2,3
LL536DD,19,7,12,10
LL536DE,23,9,14,17
LL536DF,34,16,18,18
LL536DG,27,12,15,15
LL536DH,3,1,2,1
LL536DJ,61,37,24,23
LL536DL,12,8,4,4
LL536DN,2,1,1,1
LL536DP,8,3,5,3
LL536DQ,103,51,52,34
LL536DR,23,12,11,10
LL536DS,8,4,4,2
LL536DT,25,12,13,11
LL536DU,25,14,11,11
LL536DW,11,6,5,5
LL536DX,7,4,3,2
LL536DY,31,14,17,16
LL536EA,38,20,18,15
LL536EB,46,19,27,24
LL536ED,2,1,1,1
LL536EE,13,7,6,9
LL536EF,15,5,10,6
LL536EG,49,23,26,22
LL536EH,89,50,39,35
LL536EL,50,27,23,16
LL536EN,8,4,4,3
LL536EP,2,1,1,2
LL536EQ,22,10,12,10
LL536ES,5,2,3,3
LL536ET,46,16,30,26
LL536EU,4,2,2,1
LL536EW,11,7,4,5
LL536HA,3,2,1,1
LL536HB,36,18,18,14
LL536HD,87,45,42,39
LL536HE,26,10,16,12
LL536HF,3,1,2,1
LL536HG,23,14,9,10
LL536HH,12,6,6,3
LL536HJ,20,12,8,11
LL536HL,5,2,3,1
LL536HP,57,27,30,28
LL536HQ,12,7,5,5
LL536HR,8,3,5,5
LL536HS,3,2,1,2
LL536HT,20,9,11,9
LL536HU,36,16,20,19
LL536HW,110,54,56,52
LL536HX,1,1,0,1
LL536HY,49,22,27,24
LL536JA,58,30,28,30
LL536JB,28,10,18,8
LL536JD,11,4,7,6
LL536JF,21,12,9,5
LL536LA,9,4,5,4
LL536LB,8,3,5,6
LL536LD,8,4,4,4
LL536LE,10,5,5,4
LL536LF,125,59,66,61
LL536LG,25,14,11,12
LL536LH,65,34,31,20
LL536LJ,5,2,3,4
LL536LL,12,4,8,7
LL536LN,6,2,4,3
LL536LP,39,18,21,16
LL536LQ,27,13,14,8
LL536LR,10,6,4,3
LL536LS,29,14,15,12
LL536LT,24,9,15,8
LL536LW,25,12,13,10
LL536LX,32,14,18,13
LL536LY,35,16,19,12
LL536LZ,41,19,22,20
LL536NA,9,5,4,4
LL536NB,53,26,27,25
LL536ND,63,35,28,24
LL536NE,12,6,6,6
LL536NF,25,11,14,9
LL536NG,41,20,21,14
LL536NH,46,24,22,20
LL536NJ,39,19,20,15
LL536NL,15,9,6,9
LL536NN,42,22,20,18
LL536NP,11,6,5,6
LL536NQ,17,8,9,7
LL536NR,41,18,23,15
LL536NS,61,30,31,22
LL536NT,12,6,6,8
LL536NU,6,2,4,5
LL536NW,30,13,17,15
LL536NX,43,19,24,19
LL536NY,4,1,3,2
LL536NZ,9,3,6,5
LL536PA,108,53,55,50
LL536PB,6,2,4,2
LL536PD,7,2,5,5
LL536PE,15,8,7,5
LL536PF,11,4,7,5
LL536PJ,11,8,3,5
LL536PL,2,1,1,1
LL536PP,5,3,2,3
LL536PQ,13,6,7,6
LL536PR,21,11,10,11
LL536PS,36,18,18,11
LL536PT,37,20,17,16
LL536PU,39,21,18,11
LL536PW,16,8,8,6
LL536PX,8,4,4,3
LL536PY,2,1,1,1
LL536PZ,3,2,1,1
LL536RA,41,17,24,15
LL536RB,82,43,39,28
LL536RD,41,18,23,12
LL536RF,27,14,13,10
LL536RG,6,3,3,3
LL536RH,3,2,1,1
LL536RJ,10,4,6,6
LL536RL,12,6,6,6
LL536RN,18,10,8,7
LL536RP,1,0,1,1
LL536RQ,15,8,7,8
LL536RR,8,3,5,3
LL536RT,2,1,1,2
LL536RW,10,5,5,4
LL536RZ,9,3,6,5
LL536SD,11,7,4,6
LL536SE,4,2,2,2
LL536SF,45,17,28,16
LL536SG,11,6,5,7
LL536SH,85,47,38,44
LL536SJ,4,2,2,1
LL536SL,44,23,21,15
LL536SN,20,10,10,11
LL536SP,11,7,4,3
LL536SQ,10,5,5,5
LL536SR,38,16,22,14
LL536SS,12,6,6,5
LL536ST,3,1,2,2
LL536SU,23,13,10,7
LL536SW,51,27,24,25
LL536SX,15,10,5,4
LL536SY,6,4,2,2
LL536SZ,11,5,6,5
LL536TA,5,3,2,4
LL536TB,15,9,6,7
LL536TD,15,7,8,5
LL536TE,32,14,18,13
LL536TF,62,31,31,23
LL536TG,14,6,8,9
LL536TJ,4,1,3,3
LL536TL,37,17,20,18
LL536TN,29,13,16,12
LL536TQ,17,9,8,5
LL536TT,25,11,14,11
LL536TU,26,16,10,11
LL536TW,4,2,2,2
LL536TX,14,8,6,4
LL536TY,12,4,8,6
LL536TZ,6,2,4,2
LL536UA,3,2,1,3
LL536UB,17,10,7,8
LL536UD,32,18,14,13
LL536UE,44,19,25,18
LL536UF,68,32,36,29
LL536UG,5,3,2,1
LL536UH,23,11,12,12
LL536UJ,3,0,3,3
LL536UL,11,5,6,7
LL536UN,32,13,19,19
LL536UP,31,15,16,15
LL536UQ,125,57,68,41
LL536UR,19,10,9,11
LL536UT,5,3,2,3
LL536UU,45,24,21,18
LL536UW,6,2,4,4
LL536UY,42,19,23,16
LL536YA,37,18,19,18
LL536YB,6,2,4,4
LL536YD,1,1,0,1
LL536YE,6,3,3,3
LL536YF,3,1,2,2
LL536YG,26,12,14,9
LL536YH,2,1,1,1
LL536YJ,26,15,11,14
LL536YN,8,6,2,6
LL536YP,39,20,19,15
LL536YQ,4,2,2,2
LL536YR,2,0,2,2
LL536YS,12,5,7,6
LL536YT,14,8,6,9
LL536YU,14,7,7,7
LL536YX,24,14,10,11
LL536YY,13,8,5,5
LL536YZ,12,7,5,6
LL537AA,8,2,6,3
LL537AB,2,2,0,2
LL537AD,15,6,9,9
LL537AE,2,0,2,2
LL537AF,14,5,9,7
LL537AG,22,13,9,14
LL537AH,1,0,1,1
LL537AL,3,1,2,1
LL537AP,13,5,8,7
LL537AS,4,2,2,3
LL537AT,4,1,3,4
LL537AU,4,1,3,3
LL537AW,6,3,3,3
LL537AY,8,4,4,4
LL537BA,7,2,5,5
LL537BB,4,3,1,1
LL537BE,7,2,5,4
LL537BG,22,11,11,11
LL537BH,7,2,5,4
LL537BL,7,3,4,3
LL537BN,16,7,9,10
LL537BP,22,12,10,8
LL537BS,4,2,2,2
LL537BT,29,14,15,17
LL537BU,18,9,9,9
LL537BW,13,5,8,4
LL537BY,26,13,13,11
LL537DA,23,8,15,9
LL537DB,46,25,21,21
LL537DD,66,33,33,24
LL537DE,33,14,19,20
LL537DF,8,4,4,5
LL537DH,14,7,7,9
LL537DJ,41,21,20,14
LL537DL,3,2,1,1
LL537DN,1,1,0,1
LL537DP,7,4,3,4
LL537DR,10,6,4,3
LL537DS,10,6,4,6
LL537DT,2,1,1,2
LL537DU,7,1,6,5
LL537DX,3,1,2,1
LL537DY,9,3,6,5
LL537DZ,24,12,12,14
LL537EA,20,10,10,8
LL537EB,9,4,5,4
LL537ED,76,40,36,38
LL537EE,9,4,5,5
LL537EF,7,3,4,5
LL537EG,1,1,0,1
LL537EH,4,0,4,4
LL537EL,18,11,7,12
LL537EN,32,16,16,18
LL537EP,13,7,6,8
LL537ER,11,6,5,6
LL537ES,3,2,1,2
LL537ET,11,6,5,6
LL537EU,11,7,4,6
LL537EW,19,9,10,11
LL537HF,16,7,9,6
LL537HG,8,5,3,5
LL537HL,34,18,16,16
LL537HN,136,50,86,100
LL537HP,6,5,1,4
LL537HR,15,8,7,8
LL537HS,28,13,15,14
LL537HT,16,8,8,7
LL537HU,16,9,7,7
LL537HW,1,1,0,0
LL537HY,15,8,7,7
LL537LA,10,6,4,5
LL537LB,28,15,13,17
LL537LD,20,10,10,9
LL537LE,15,7,8,8
LL537LG,46,27,19,22
LL537LH,45,24,21,20
LL537LL,31,17,14,14
LL537LN,25,11,14,11
LL537LP,12,5,7,4
LL537LR,6,2,4,4
LL537LS,7,3,4,2
LL537LT,10,6,4,3
LL537LU,6,4,2,2
LL537LW,5,3,2,4
LL537LY,23,10,13,14
LL537NE,2,1,1,1
LL537NF,17,9,8,10
LL537NG,22,9,13,8
LL537NH,25,12,13,11
LL537NL,11,7,4,4
LL537NN,49,26,23,23
LL537NP,5,2,3,4
LL537NR,25,13,12,10
LL537NS,25,13,12,8
LL537NT,11,6,5,2
LL537NU,83,41,42,37
LL537NW,23,11,12,15
LL537NY,50,20,30,25
LL537PA,92,42,50,41
LL537PB,42,19,23,15
LL537PD,2,1,1,1
LL537PE,20,9,11,9
LL537PF,43,25,18,19
LL537PG,100,52,48,48
LL537PH,7,4,3,2
LL537PL,1,1,0,1
LL537PN,14,9,5,4
LL537PR,2,1,1,1
LL537PS,23,11,12,11
LL537PT,12,5,7,4
LL537PU,14,5,9,9
LL537PW,2,1,1,1
LL537PY,26,13,13,11
LL537RD,7,4,3,3
LL537RE,17,10,7,7
LL537RF,67,31,36,32
LL537RG,11,7,4,9
LL537RH,79,36,43,31
LL537RJ,7,2,5,2
LL537RL,13,6,7,8
LL537RN,32,18,14,16
LL537RP,3,2,1,2
LL537RR,13,4,9,8
LL537RS,43,24,19,21
LL537RT,6,4,2,2
LL537RU,28,14,14,15
LL537RW,19,10,9,10
LL537RY,34,15,19,15
LL537SA,32,14,18,17
LL537SB,77,35,42,32
LL537SD,9,5,4,4
LL537SE,13,9,4,7
LL537SF,28,15,13,12
LL537SG,10,6,4,3
LL537SL,4,2,2,1
LL537SN,27,16,11,11
LL537SP,5,3,2,3
LL537SR,12,5,7,4
LL537SS,29,16,13,13
LL537ST,17,9,8,8
LL537SW,22,11,11,6
LL537TA,10,4,6,5
LL537TB,23,9,14,10
LL537TD,12,7,5,6
LL537TE,6,2,4,3
LL537TF,1,0,1,1
LL537TG,6,3,3,4
LL537TH,1,1,0,1
LL537TL,2,1,1,1
LL537TN,8,3,5,4
LL537TP,24,10,14,15
LL537TS,1,1,0,1
LL537TT,7,3,4,4
LL537TU,13,8,5,7
LL537TW,6,2,4,4
LL537TY,7,2,5,5
LL537UA,44,24,20,20
LL537UB,6,2,4,5
LL537UD,26,16,10,11
LL537UE,8,5,3,3
LL537UF,3,1,2,1
LL537UG,16,10,6,9
LL537UH,10,5,5,5
LL537UJ,53,27,26,17
LL537UL,21,13,8,13
LL537UP,23,14,9,8
LL537UR,3,1,2,2
LL537UT,1,1,0,1
LL537UW,10,5,5,5
LL537YA,7,2,5,3
LL537YB,4,3,1,3
LL537YD,8,5,3,4
LL537YH,40,22,18,17
LL537YL,5,2,3,3
LL537YN,30,15,15,12
LL537YP,74,39,35,30
LL537YR,13,6,7,5
LL537YS,14,8,6,4
LL537YW,7,4,3,4
LL538AA,9,7,2,6
LL538AB,8,5,3,3
LL538AD,14,6,8,9
LL538AE,28,14,14,13
LL538AF,22,11,11,12
LL538AG,31,13,18,13
LL538AH,37,16,21,12
LL538AJ,13,6,7,7
LL538AL,1,0,1,1
LL538AN,13,4,9,6
LL538AP,11,5,6,6
LL538AQ,29,16,13,12
LL538AR,20,9,11,7
LL538AS,5,3,2,1
LL538AT,3,1,2,2
LL538AU,15,10,5,5
LL538AW,13,7,6,8
LL538AX,24,13,11,11
LL538AZ,9,8,1,1
LL538BD,17,7,10,8
LL538BE,46,20,26,24
LL538BG,27,13,14,12
LL538BH,3,2,1,1
LL538BJ,10,5,5,5
LL538BL,50,22,28,24
LL538BN,6,3,3,2
LL538BP,47,22,25,24
LL538BQ,6,3,3,2
LL538BS,12,4,8,7
LL538BT,22,10,12,11
LL538BU,3,1,2,1
LL538BW,13,9,4,4
LL538BY,79,40,39,30
LL538DA,38,20,18,14
LL538DB,13,6,7,7
LL538DD,9,7,2,3
LL538DE,11,7,4,4
LL538DJ,19,10,9,11
LL538DL,7,3,4,3
LL538DN,4,2,2,1
LL538DP,3,1,2,1
LL538DQ,6,3,3,3
LL538DS,43,23,20,14
LL538DT,33,13,20,11
LL538DU,18,11,7,9
LL538DW,6,4,2,1
LL538DX,13,8,5,5
LL538DY,34,17,17,15
LL538DZ,13,6,7,5
LL538EA,15,7,8,6
LL538EB,22,9,13,8
LL538ED,72,31,41,25
LL538EE,6,3,3,3
LL538EF,34,14,20,14
LL538EG,23,12,11,8
LL538EH,25,13,12,12
LL538EJ,7,4,3,4
LL538EL,6,3,3,2
LL538EN,9,4,5,3
LL538EP,4,2,2,3
LL538EQ,12,5,7,6
LL538ER,4,1,3,2
LL538ES,1,0,1,1
LL538ET,27,12,15,9
LL538EU,18,9,9,7
LL538EW,32,17,15,18
LL538EX,13,6,7,7
LL538EY,34,16,18,17
LL538EZ,3,2,1,2
LL538HA,19,11,8,7
LL538HF,8,4,4,5
LL538HG,10,4,6,3
LL538HL,12,6,6,5
LL538HN,55,27,28,24
LL538HP,7,4,3,5
LL538HR,10,6,4,4
LL538HS,8,4,4,3
LL538HT,19,7,12,9
LL538HU,7,4,3,2
LL538HW,20,9,11,8
LL538HY,4,2,2,1
LL538LA,4,2,2,1
LL538LB,26,14,12,11
LL538LD,14,7,7,6
LL538LE,8,5,3,4
LL538LF,35,20,15,14
LL538LG,3,1,2,1
LL538LH,17,12,5,6
LL538LJ,12,6,6,6
LL538LL,40,24,16,12
LL538LN,2,2,0,2
LL538LP,26,16,10,12
LL538LR,13,8,5,7
LL538LW,15,8,7,5
LL538LX,5,3,2,2
LL538LZ,14,8,6,9
LL538NA,30,15,15,12
LL538NB,46,20,26,23
LL538ND,31,11,20,14
LL538NE,29,17,12,12
LL538NF,36,15,21,11
LL538NG,17,8,9,8
LL538NH,6,3,3,3
LL538NL,18,9,9,8
LL538NP,5,3,2,3
LL538NR,18,9,9,8
LL538NS,26,12,14,12
LL538NT,40,23,17,17
LL538NU,40,22,18,19
LL538NW,24,12,12,9
LL538NY,20,10,10,8
LL538PA,7,4,3,2
LL538PB,45,24,21,19
LL538PD,32,17,15,12
LL538PE,14,6,8,4
LL538PF,7,3,4,6
LL538PJ,1,1,0,1
LL538PL,32,17,15,11
LL538PQ,25,13,12,10
LL538PR,6,2,4,4
LL538PS,25,12,13,9
LL538PT,15,9,6,7
LL538PU,2,1,1,2
LL538PX,3,2,1,2
LL538PY,42,22,20,16
LL538PZ,19,8,11,5
LL538RA,48,25,23,17
LL538RB,25,13,12,14
LL538RD,19,8,11,10
LL538RE,4,2,2,1
LL538RF,11,5,6,5
LL538RG,32,19,13,10
LL538RH,7,5,2,1
LL538RL,17,10,7,8
LL538RN,26,13,13,11
LL538RP,9,5,4,4
LL538RR,31,14,17,12
LL538RT,3,1,2,1
LL538RW,6,2,4,2
LL538SB,2,1,1,1
LL538SD,24,14,10,9
LL538SE,6,3,3,2
LL538SF,13,7,6,5
LL538SG,32,15,17,15
LL538SH,17,10,7,7
LL538SL,11,6,5,6
LL538SP,13,8,5,5
LL538SR,29,17,12,10
LL538SS,8,3,5,3
LL538ST,1,0,1,1
LL538SU,60,33,27,20
LL538SW,10,4,6,5
LL538SY,6,4,2,2
LL538TA,15,5,10,8
LL538TB,5,3,2,4
LL538TD,10,6,4,5
LL538TE,1,0,1,1
LL538TF,15,10,5,8
LL538TG,94,45,49,35
LL538TN,25,13,12,8
LL538TP,14,10,4,4
LL538TR,11,6,5,6
LL538TS,11,5,6,4
LL538TT,5,4,1,4
LL538TU,1,1,0,1
LL538TW,3,2,1,1
LL538TY,11,6,5,5
LL538UA,33,18,15,12
LL538UB,37,18,19,16
LL538UD,15,9,6,5
LL538UE,38,22,16,18
LL538UF,8,5,3,4
LL538UG,23,11,12,8
LL538UH,7,3,4,2
LL538UN,28,14,14,8
LL538UP,2,1,1,1
LL538UR,3,1,2,1
LL538UT,3,1,2,3
LL538UU,9,4,5,2
LL538UW,36,18,18,18
LL538UY,13,8,5,6
LL538YE,14,6,8,6
LL538YG,3,2,1,2
LL538YH,11,5,6,5
LL538YL,6,3,3,2
LL538YN,11,7,4,4
LL538YP,12,6,6,8
LL538YR,6,4,2,4
LL538YS,31,17,14,13
LL538YT,59,31,28,28
LL538YU,68,32,36,30
LL538YW,7,2,5,5
LL538YY,39,23,16,14
LL545AA,10,6,4,5
LL545AB,1,0,1,1
LL545AD,17,6,11,9
LL545AE,30,19,11,14
LL545AF,1,0,1,1
LL545AG,45,24,21,17
LL545AH,6,3,3,4
LL545AJ,7,4,3,5
LL545AL,8,2,6,4
LL545AN,6,3,3,4
LL545AP,2,1,1,1
LL545AQ,24,14,10,8
LL545AR,38,21,17,12
LL545AS,12,5,7,6
LL545AT,13,7,6,6
LL545AU,31,13,18,13
LL545AW,11,10,1,5
LL545AY,25,11,14,10
LL545AZ,29,16,13,10
LL545BA,13,7,6,5
LL545BB,1,1,0,1
LL545BD,2,0,2,1
LL545BE,24,13,11,8
LL545BG,10,4,6,3
LL545BH,34,20,14,14
LL545BP,6,3,3,3
LL545BS,11,6,5,5
LL545BT,36,19,17,16
LL545BU,67,31,36,27
LL545BW,11,7,4,4
LL545DA,8,3,5,3
LL545DB,18,9,9,7
LL545DD,4,2,2,4
LL545DE,32,18,14,15
LL545DF,2,1,1,1
LL545DG,4,3,1,1
LL545DH,66,30,36,25
LL545DL,16,9,7,7
LL545DN,6,3,3,3
LL545DP,9,4,5,3
LL545DU,16,13,3,1
LL545DW,10,4,6,5
LL545DY,9,5,4,5
LL545EB,1,0,1,1
LL545ED,20,10,10,7
LL545EE,26,12,14,14
LL545EF,18,9,9,6
LL545EG,34,20,14,16
LL545EL,9,4,5,4
LL545EN,10,4,6,5
LL545EP,29,14,15,11
LL545ER,52,25,27,20
LL545ES,43,23,20,17
LL545ET,39,17,22,20
LL545EU,25,14,11,14
LL545EW,17,7,10,11
LL545EY,25,11,14,7
LL545HE,16,6,10,9
LL545HF,6,3,3,5
LL545HG,29,20,9,17
LL545HH,14,9,5,7
LL545HL,65,33,32,24
LL545HN,95,50,45,36
LL545HP,10,5,5,5
LL545HR,5,2,3,3
LL545HS,12,6,6,6
LL545HT,3,2,1,3
LL545HU,15,8,7,7
LL545HW,6,3,3,4
LL545HY,14,6,8,6
LL545LA,28,15,13,10
LL545LB,69,36,33,24
LL545LD,8,3,5,3
LL545LE,40,16,24,22
LL545LF,6,2,4,3
LL545LH,4,3,1,1
LL545LL,27,11,16,11
LL545LN,30,14,16,11
LL545LP,3,1,2,1
LL545LR,33,19,14,13
LL545LS,14,8,6,8
LL545LT,15,7,8,5
LL545LU,30,18,12,16
LL545LW,74,30,44,30
LL545LY,18,9,9,8
LL545NA,8,4,4,4
LL545NB,5,2,3,3
LL545NG,16,9,7,7
LL545NH,8,4,4,4
LL545NL,9,4,5,4
LL545NN,5,2,3,2
LL545NP,6,2,4,3
LL545NR,10,5,5,4
LL545NS,2,2,0,1
LL545NT,3,3,0,1
LL545NW,6,2,4,3
LL545PB,1,1,0,1
LL545PE,16,8,8,8
LL545PF,31,19,12,10
LL545PG,7,3,4,2
LL545PH,10,5,5,5
LL545PL,10,6,4,5
LL545PN,6,2,4,2
LL545PP,3,2,1,2
LL545PR,3,2,1,2
LL545PS,31,15,16,12
LL545PT,30,17,13,14
LL545PW,6,3,3,2
LL545RA,43,20,23,16
LL545RB,24,10,14,10
LL545RD,37,19,18,12
LL545RE,9,4,5,4
LL545RF,24,12,12,9
LL545RG,1,0,1,1
LL545RH,21,9,12,9
LL545RL,31,14,17,12
LL545RN,9,6,3,2
LL545RP,2,1,1,1
LL545RR,1,0,1,1
LL545RS,7,4,3,3
LL545SD,53,29,24,19
LL545SF,26,14,12,11
LL545SG,15,9,6,10
LL545SH,2,1,1,1
LL545SL,11,6,5,4
LL545SN,36,20,16,18
LL545SR,9,4,5,3
LL545SS,9,6,3,5
LL545SU,16,7,9,7
LL545SW,14,9,5,5
LL545SY,20,12,8,12
LL545TA,53,28,25,20
LL545TB,3,1,2,2
LL545TD,6,2,4,5
LL545TE,11,2,9,4
LL545TF,50,21,29,26
LL545TG,37,19,18,18
LL545TH,24,10,14,10
LL545TL,35,16,19,10
LL545TN,26,11,15,9
LL545TP,4,3,1,3
LL545TQ,16,6,10,4
LL545TR,11,5,6,7
LL545TT,37,20,17,12
LL545TU,21,11,10,8
LL545TW,88,36,52,38
LL545TY,23,11,12,8
LL545UA,9,6,3,6
LL545UB,49,22,27,17
LL545UE,20,9,11,12
LL545UF,7,5,2,4
LL545UG,14,5,9,5
LL545UH,30,15,15,14
LL545UL,27,13,14,11
LL545UN,19,11,8,8
LL545UW,48,23,25,20
LL546AB,114,47,67,49
LL546AD,10,3,7,3
LL546AE,35,16,19,20
LL546AF,3,0,3,3
LL546AH,21,9,12,8
LL546AJ,36,17,19,12
LL546AL,42,22,20,18
LL546AN,6,2,4,2
LL546AP,17,9,8,7
LL546AS,25,14,11,15
LL546AT,3,2,1,3
LL546AU,137,72,65,55
LL546AW,28,10,18,15
LL546AY,7,4,3,3
LL546BA,18,9,9,10
LL546BB,13,7,6,8
LL546BD,41,21,20,16
LL546BE,22,9,13,13
LL546BG,1,0,1,1
LL546BH,17,7,10,9
LL546BL,12,6,6,7
LL546BN,19,9,10,8
LL546BP,28,12,16,14
LL546BS,12,5,7,6
LL546BT,24,13,11,7
LL546BU,10,3,7,8
LL546BW,1,0,1,1
LL546BY,15,7,8,11
LL546DA,2,2,0,1
LL546DB,30,15,15,13
LL546DD,18,10,8,10
LL546DE,97,42,55,37
LL546DF,32,17,15,11
LL546DG,7,3,4,4
LL546DH,30,15,15,9
LL546DJ,38,14,24,10
LL546DL,5,3,2,2
LL546DN,3,2,1,1
LL546DP,6,1,5,2
LL546DR,8,5,3,4
LL546DS,13,6,7,3
LL546DT,24,14,10,9
LL546DU,30,14,16,13
LL546DW,13,7,6,7
LL546DY,18,9,9,9
LL546EA,11,7,4,4
LL546EB,2,1,1,1
LL546ED,3,1,2,2
LL546EE,15,9,6,7
LL546EF,14,6,8,7
LL546EG,39,14,25,13
LL546EH,17,9,8,9
LL546EL,18,8,10,7
LL546EN,22,11,11,10
LL546ES,81,41,40,35
LL546ET,18,8,10,10
LL546EW,33,17,16,12
LL546EY,94,42,52,36
LL546HB,3,1,2,3
LL546HD,66,26,40,22
LL546HE,25,14,11,8
LL546HF,78,45,33,42
LL546HG,56,30,26,30
LL546HH,1,0,1,1
LL546HL,103,51,52,44
LL546HN,1,0,1,1
LL546HP,32,15,17,13
LL546HR,101,47,54,41
LL546HS,43,20,23,14
LL546HT,5,1,4,2
LL546HU,61,28,33,24
LL546HW,9,6,3,3
LL546HY,4,1,3,1
LL546LA,4,1,3,4
LL546LB,3,2,1,2
LL546LD,34,18,16,14
LL546LE,14,6,8,8
LL546LF,11,6,5,6
LL546LG,6,3,3,5
LL546LP,1,0,1,1
LL546LR,36,20,16,19
LL546LU,2,1,1,1
LL546LW,11,7,4,5
LL546LY,4,2,2,3
LL546ND,38,17,21,21
LL546NE,144,63,81,64
LL546NG,82,42,40,41
LL546NH,6,3,3,4
LL546NN,31,13,18,17
LL546NP,25,14,11,10
LL546NR,24,11,13,11
LL546NS,86,43,43,38
LL546NT,2,1,1,1
LL546NU,64,30,34,31
LL546NW,46,24,22,18
LL546NX,4,2,2,2
LL546NY,26,13,13,14
LL546NZ,3,2,1,1
LL546PA,28,10,18,14
LL546PB,8,3,5,4
LL546PD,9,6,3,2
LL546PE,10,4,6,4
LL546PF,19,9,10,14
LL546PG,18,12,6,6
LL546PJ,24,11,13,11
LL546PL,109,47,62,51
LL546PN,15,5,10,6
LL546PP,14,8,6,4
LL546PR,39,16,23,16
LL546PS,24,11,13,12
LL546PT,30,15,15,15
LL546PU,19,7,12,8
LL546PW,31,12,19,18
LL546RA,58,33,25,21
LL546RE,110,47,63,43
LL546RF,17,10,7,5
LL546RG,63,32,31,27
LL546RH,5,3,2,3
LL546RL,39,19,20,16
LL546RN,32,15,17,15
LL546RP,28,15,13,14
LL546RR,31,16,15,16
LL546RS,4,2,2,3
LL546RT,10,5,5,5
LL546RU,3,2,1,1
LL546RW,60,28,32,23
LL546RY,25,14,11,9
LL546SA,1,1,0,1
LL546SB,21,11,10,10
LL546SD,46,20,26,19
LL546SG,81,39,42,30
LL546SL,7,4,3,2
LL546SN,140,62,78,56
LL546SP,6,3,3,3
LL546SS,92,44,48,39
LL546ST,12,5,7,3
LL546SU,19,10,9,7
LL546SW,56,30,26,27
LL546SY,28,15,13,11
LL546TF,2,2,0,2
LL546TG,5,4,1,3
LL546TL,12,6,6,8
LL546TN,9,4,5,6
LL546TP,35,18,17,12
LL546TU,23,7,16,13
LL546TW,8,4,4,2
LL547AA,30,15,15,14
LL547AB,44,18,26,17
LL547AD,22,10,12,11
LL547AE,15,8,7,7
LL547AF,5,3,2,1
LL547AG,20,12,8,9
LL547AH,21,9,12,9
LL547AJ,30,18,12,16
LL547AL,10,6,4,3
LL547AN,15,8,7,4
LL547AP,5,3,2,3
LL547AQ,16,9,7,8
LL547AR,35,19,16,16
LL547AS,3,1,2,1
LL547AT,7,4,3,2
LL547AU,2,1,1,1
LL547AW,21,14,7,9
LL547AX,30,14,16,10
LL547AY,4,1,3,2
LL547AZ,9,4,5,6
LL547BA,8,4,4,3
LL547BB,34,15,19,16
LL547BD,12,7,5,7
LL547BE,4,1,3,3
LL547BG,21,10,11,11
LL547BH,49,29,20,15
LL547BJ,2,1,1,1
LL547BL,14,9,5,7
LL547BN,9,4,5,5
LL547BP,22,14,8,7
LL547BQ,18,7,11,8
LL547BS,12,5,7,4
LL547BT,9,4,5,4
LL547BW,3,2,1,2
LL547DD,4,3,1,1
LL547DE,19,9,10,11
LL547DF,15,8,7,7
LL547DG,24,15,9,11
LL547DH,13,6,7,8
LL547DL,47,27,20,15
LL547DN,29,14,15,18
LL547DP,37,22,15,13
LL547DR,12,5,7,6
LL547DS,20,8,12,8
LL547DU,30,13,17,22
LL547DW,10,5,5,9
LL547DY,2,0,2,1
LL547EA,1,1,0,1
LL547EB,9,4,5,5
LL547ED,33,14,19,11
LL547EE,4,3,1,2
LL547EF,41,23,18,16
LL547EG,19,11,8,6
LL547EH,14,9,5,6
LL547EL,35,14,21,12
LL547EN,8,4,4,4
LL547ET,89,40,49,39
LL547EU,15,5,10,5
LL547EW,18,9,9,8
LL547EY,9,5,4,4
LL547HA,40,16,24,19
LL547HB,9,4,5,3
LL547HD,10,4,6,6
LL547HE,35,14,21,14
LL547HF,13,7,6,4
LL547HG,5,3,2,3
LL547HH,20,8,12,9
LL547HL,40,18,22,17
LL547HN,22,12,10,6
LL547HP,93,53,40,28
LL547HR,34,18,16,13
LL547HS,23,12,11,12
LL547HT,17,9,8,6
LL547HU,12,5,7,7
LL547HW,17,8,9,6
LL547HY,14,6,8,6
LL547LA,19,9,10,9
LL547LB,73,39,34,28
LL547LD,15,9,6,6
LL547LE,5,0,5,3
LL547LF,11,5,6,4
LL547LH,10,6,4,3
LL547LN,5,4,1,2
LL547LP,53,26,27,21
LL547LQ,17,7,10,6
LL547LR,26,14,12,10
LL547LS,5,2,3,4
LL547LT,26,9,17,11
LL547LU,45,23,22,18
LL547LW,9,4,5,6
LL547LY,16,9,7,6
LL547NA,7,3,4,3
LL547NB,1,0,1,1
LL547ND,11,6,5,6
LL547NE,33,17,16,11
LL547NF,46,23,23,23
LL547NG,34,15,19,10
LL547NH,17,8,9,8
LL547NL,20,11,9,8
LL547NN,71,28,43,31
LL547NS,14,7,7,4
LL547NT,47,25,22,20
LL547NU,20,11,9,7
LL547NY,12,4,8,6
LL547PA,9,3,6,6
LL547PB,27,15,12,11
LL547PD,23,12,11,8
LL547PE,7,4,3,3
LL547PF,22,10,12,10
LL547PG,8,3,5,2
LL547PH,6,4,2,3
LL547PL,4,3,1,1
LL547PN,12,7,5,4
LL547PP,53,26,27,18
LL547PT,20,10,10,13
LL547PU,19,6,13,10
LL547PW,15,9,6,5
LL547PY,8,4,4,3
LL547RA,27,15,12,11
LL547RB,12,5,7,6
LL547RD,7,3,4,3
LL547RE,9,4,5,4
LL547RF,16,9,7,7
LL547RL,21,12,9,10
LL547RN,3,2,1,1
LL547RP,30,16,14,13
LL547RR,6,4,2,2
LL547RS,49,20,29,24
LL547RT,4,2,2,2
LL547RU,1,0,1,1
LL547RW,29,17,12,12
LL547RY,2,1,1,1
LL547SA,15,7,8,8
LL547SB,16,9,7,7
LL547SD,3,2,1,2
LL547SE,9,4,5,3
LL547SF,3,1,2,2
LL547SG,16,7,9,5
LL547SH,18,12,6,8
LL547SL,6,3,3,4
LL547SN,4,2,2,3
LL547SP,2,1,1,1
LL547ST,26,10,16,15
LL547SU,50,26,24,20
LL547SW,4,2,2,1
LL547SY,63,31,32,24
LL547TA,79,39,40,40
LL547TB,25,14,11,12
LL547TD,22,10,12,10
LL547TE,35,17,18,16
LL547TF,16,5,11,5
LL547TG,36,20,16,13
LL547TH,15,8,7,6
LL547TJ,5,3,2,3
LL547TL,25,13,12,12
LL547TN,14,6,8,6
LL547TP,2,2,0,1
LL547TQ,89,42,47,27
LL547TR,12,5,7,5
LL547TS,11,5,6,5
LL547TT,7,4,3,4
LL547TU,25,13,12,9
LL547TW,91,45,46,39
LL547TY,2,1,1,1
LL547UA,10,3,7,4
LL547UB,13,6,7,7
LL547UD,9,4,5,4
LL547UE,17,10,7,6
LL547UF,16,8,8,5
LL547UN,49,24,25,21
LL547UP,25,12,13,10
LL547UR,17,7,10,7
LL547UT,37,20,17,15
LL547UW,26,13,13,10
LL547UY,5,2,3,2
LL547YA,30,15,15,12
LL547YB,22,10,12,11
LL547YE,81,37,44,14
LL547YF,18,7,11,8
LL547YG,58,28,30,24
LL547YH,38,21,17,14
LL547YJ,18,10,8,6
LL547YL,16,9,7,8
LL547YN,59,30,29,22
LL547YP,19,8,11,10
LL547YR,27,12,15,13
LL547YS,26,14,12,10
LL547YT,12,7,5,4
LL547YU,5,3,2,3
LL547YW,6,3,3,3
LL547YY,10,6,4,4
LL551AB,6,5,1,5
LL551AF,4,3,1,4
LL551AG,9,4,5,7
LL551AJ,82,38,44,25
LL551AQ,97,41,56,42
LL551AR,12,8,4,8
LL551AT,37,24,13,22
LL551AX,30,15,15,12
LL551AZ,7,5,2,2
LL551BA,69,24,45,17
LL551BB,5,1,4,2
LL551BD,13,6,7,8
LL551BE,112,50,62,36
LL551BF,13,7,6,4
LL551BG,14,7,7,6
LL551BH,91,47,44,38
LL551BJ,25,10,15,11
LL551BL,15,4,11,9
LL551BP,57,24,33,27
LL551BQ,4,0,4,1
LL551BS,75,36,39,31
LL551BT,7,5,2,3
LL551BW,7,4,3,6
LL551BX,48,24,24,19
LL551BY,63,26,37,23
LL551DA,77,34,43,34
LL551DB,21,7,14,0
LL551DD,3,2,1,0
LL551DE,33,22,11,28
LL551DG,3,2,1,1
LL551DH,29,19,10,10
LL551DJ,8,4,4,4
LL551DL,128,59,69,54
LL551DN,82,38,44,34
LL551DP,16,6,10,13
LL551DR,44,24,20,29
LL551DS,169,79,90,68
LL551DT,6,3,3,3
LL551DU,29,14,15,14
LL551DW,40,18,22,16
LL551DY,27,9,18,15
LL551EA,26,14,12,14
LL551EB,34,17,17,15
LL551ED,62,36,26,53
LL551EE,78,42,36,29
LL551EF,100,42,58,34
LL551EG,7,5,2,2
LL551EH,14,6,8,8
LL551EL,87,43,44,32
LL551EN,89,44,45,43
LL551ET,16,7,9,7
LL551EU,55,25,30,25
LL551EY,59,25,34,22
LL551GA,97,43,54,37
LL551HA,84,43,41,26
LL551HB,29,16,13,13
LL551HD,31,15,16,12
LL551HE,9,3,6,7
LL551HF,85,48,37,30
LL551HG,21,9,12,8
LL551HH,70,35,35,35
LL551HJ,16,6,10,7
LL551HL,8,4,4,3
LL551HP,14,5,9,8
LL551HS,80,36,44,32
LL551HT,3,1,2,2
LL551HY,35,18,17,15
LL551LA,4,3,1,2
LL551LE,51,27,24,21
LL551LF,26,11,15,10
LL551LL,143,60,83,66
LL551LN,54,23,31,26
LL551LP,30,16,14,14
LL551LR,65,29,36,30
LL551LW,8,4,4,4
LL551NA,5,2,3,4
LL551NB,70,36,34,39
LL551ND,69,36,33,35
LL551NE,6,3,3,5
LL551NP,5,3,2,4
LL551NS,30,18,12,15
LL551NW,2,2,0,2
LL551PA,9,5,4,4
LL551PB,46,22,24,20
LL551PE,32,17,15,15
LL551PF,35,16,19,16
LL551PG,67,37,30,40
LL551PH,43,23,20,26
LL551PL,32,11,21,19
LL551PN,103,55,48,47
LL551PP,54,26,28,32
LL551PR,1,1,0,1
LL551PS,90,41,49,35
LL551PT,23,16,7,20
LL551PU,66,38,28,32
LL551PW,71,35,36,39
LL551RB,4,2,2,1
LL551RE,75,39,36,30
LL551RF,12,10,2,6
LL551RH,26,16,10,18
LL551RN,29,17,12,16
LL551RR,14,9,5,9
LL551RT,48,22,26,27
LL551RU,4,2,2,4
LL551RW,20,10,10,15
LL551SE,11,6,5,6
LL551SH,4,3,1,1
LL551SP,22,10,12,20
LL551SU,12,5,7,5
LL551SW,26,15,11,12
LL551TA,18,5,13,17
LL551TB,12,5,7,7
LL551TD,16,8,8,10
LL551TH,55,30,25,32
LL551TP,28,14,14,14
LL551TS,25,14,11,7
LL551TT,25,9,16,11
LL551TU,15,6,9,6
LL551TY,4,3,1,2
LL551UA,10,6,4,2
LL551UB,9,6,3,4
LL551UD,2,1,1,1
LL551UE,5,4,1,0
LL551UH,23,11,12,10
LL551UL,12,6,6,4
LL551UN,102,47,55,43
LL551UP,43,23,20,17
LL551UR,14,7,7,4
LL551UT,32,16,16,11
LL551UU,20,13,7,7
LL551UW,70,39,31,29
LL551UY,17,10,7,7
LL551YA,33,15,18,15
LL551YB,72,36,36,29
LL551YD,61,30,31,20
LL551YE,11,6,5,6
LL551YF,22,9,13,9
LL551YG,2,1,1,2
LL551YH,18,9,9,5
LL551YL,10,6,4,4
LL551YN,9,4,5,4
LL551YP,20,8,12,9
LL551YS,14,9,5,7
LL551YT,53,28,25,19
LL551YU,40,19,21,18
LL551YW,22,12,10,10
LL551YY,10,6,4,4
LL552AB,3,2,1,2
LL552AD,3,2,1,2
LL552AE,7,3,4,5
LL552AF,9,4,5,5
LL552AG,74,38,36,25
LL552AJ,8,4,4,4
LL552AL,24,12,12,11
LL552AP,15,6,9,6
LL552AQ,38,20,18,13
LL552AR,24,11,13,11
LL552AW,14,9,5,8
LL552AX,3,1,2,2
LL552AY,2,0,2,1
LL552AZ,22,13,9,9
LL552BB,21,11,10,8
LL552BG,21,11,10,6
LL552BH,10,5,5,3
LL552BJ,13,7,6,5
LL552BL,28,14,14,8
LL552BN,23,11,12,9
LL552BP,1,1,0,1
LL552BQ,4,2,2,2
LL552BS,26,13,13,11
LL552BT,73,35,38,30
LL552BW,16,5,11,11
LL552BZ,86,44,42,38
LL552DD,3,1,2,1
LL552DE,65,34,31,26
LL552DF,42,22,20,21
LL552DG,23,11,12,10
LL552DH,32,16,16,12
LL552DJ,22,13,9,8
LL552DL,124,63,61,42
LL552DN,46,24,22,17
LL552DP,43,25,18,12
LL552DQ,56,26,30,21
LL552DR,93,45,48,29
LL552DS,38,14,24,15
LL552DT,55,31,24,24
LL552DU,118,55,63,42
LL552DW,22,11,11,10
LL552DX,140,67,73,53
LL552DY,60,30,30,20
LL552DZ,5,3,2,0
LL552EA,45,23,22,16
LL552EB,57,27,30,24
LL552ED,1,0,1,1
LL552EE,7,3,4,3
LL552EF,72,35,37,32
LL552EG,148,68,80,63
LL552EH,56,27,29,25
LL552EJ,2,1,1,1
LL552EL,14,7,7,5
LL552EN,44,21,23,20
LL552EP,32,13,19,19
LL552ER,50,23,27,21
LL552ES,11,5,6,6
LL552ET,4,1,3,2
LL552EU,60,28,32,26
LL552EW,39,20,19,21
LL552HB,103,45,58,35
LL552HE,27,11,16,13
LL552HH,11,6,5,7
LL552HL,34,14,20,18
LL552HP,41,21,20,14
LL552HR,83,44,39,35
LL552HS,9,3,6,6
LL552HT,113,56,57,44
LL552HU,36,15,21,16
LL552HW,8,4,4,5
LL552HY,64,30,34,35
LL552LA,28,15,13,11
LL552LB,20,13,7,11
LL552LD,44,23,21,25
LL552LE,18,13,5,13
LL552LF,87,39,48,37
LL552LH,42,25,17,23
LL552LJ,96,42,54,61
LL552LL,86,38,48,31
LL552LN,16,10,6,4
LL552LP,102,47,55,40
LL552LQ,43,18,25,23
LL552LR,59,29,30,19
LL552LS,39,17,22,17
LL552LT,48,24,24,16
LL552LU,101,41,60,44
LL552LW,67,33,34,30
LL552LX,141,72,69,53
LL552LZ,8,4,4,2
LL552NF,16,9,7,7
LL552PH,20,9,11,12
LL552PL,16,9,7,7
LL552PN,28,12,16,13
LL552PQ,20,7,13,17
LL552PR,37,21,16,19
LL552PS,21,10,11,11
LL552PT,48,28,20,43
LL552PU,59,32,27,33
LL552RB,63,34,29,28
LL552RD,17,9,8,13
LL552RE,35,21,14,13
LL552RF,46,22,24,19
LL552RG,102,50,52,41
LL552RH,77,42,35,32
LL552RJ,15,9,6,5
LL552RL,77,33,44,32
LL552RN,28,15,13,8
LL552RP,82,44,38,43
LL552RQ,19,9,10,6
LL552RR,83,35,48,35
LL552RS,14,9,5,8
LL552RT,65,31,34,27
LL552RU,114,57,57,36
LL552RW,4,2,2,3
LL552RX,25,11,14,11
LL552SE,9,6,3,5
LL552SF,122,56,66,49
LL552SG,22,9,13,9
LL552SL,23,11,12,8
LL552SN,12,5,7,4
LL552SP,9,4,5,3
LL552SR,27,12,15,8
LL552SS,39,17,22,20
LL552ST,12,5,7,8
LL552SU,31,14,17,19
LL552SW,15,4,11,7
LL552SX,76,32,44,25
LL552SY,17,8,9,8
LL552SZ,58,19,39,20
LL552TA,47,26,21,18
LL552TB,5,2,3,3
LL552TD,22,10,12,6
LL552TE,11,6,5,5
LL552TF,11,5,6,6
LL552TG,20,10,10,10
LL552TH,8,5,3,4
LL552TL,3,1,2,1
LL552TN,9,5,4,5
LL552TW,36,17,19,15
LL552TY,26,14,12,12
LL552UA,31,14,17,18
LL552UB,83,39,44,35
LL552UD,24,12,12,13
LL552UE,83,38,45,32
LL552UF,6,4,2,4
LL552UG,12,8,4,7
LL552UH,124,65,59,52
LL552UL,51,26,25,22
LL552UN,84,42,42,41
LL552UP,54,28,26,18
LL552UR,116,51,65,52
LL552US,39,20,19,17
LL552UT,61,30,31,22
LL552UU,59,27,32,27
LL552UW,121,60,61,50
LL552UY,37,18,19,11
LL552YA,5,2,3,3
LL552YD,4,2,2,2
LL552YL,31,16,15,14
LL552YN,2,1,1,1
LL552YR,40,17,23,22
LL552YS,7,4,3,4
LL552YT,17,6,11,7
LL553AA,24,12,12,7
LL553AB,1,1,0,1
LL553AD,24,12,12,8
LL553AE,32,16,16,11
LL553AF,24,13,11,11
LL553AG,21,12,9,11
LL553AH,5,1,4,2
LL553AL,9,4,5,4
LL553AN,8,5,3,2
LL553AP,13,8,5,7
LL553AR,28,14,14,10
LL553AS,18,8,10,9
LL553AW,10,6,4,5
LL553AY,27,16,11,9
LL553BA,3,1,2,2
LL553BB,15,6,9,5
LL553BD,18,7,11,7
LL553BE,9,5,4,6
LL553BL,14,7,7,4
LL553BN,20,13,7,8
LL553BP,66,32,34,25
LL553BS,75,36,39,30
LL553BT,14,9,5,4
LL553BU,8,2,6,6
LL553BW,35,17,18,21
LL553BY,11,6,5,5
LL553DA,1,1,0,1
LL553DB,68,35,33,29
LL553DD,12,7,5,4
LL553DE,64,30,34,23
LL553DF,15,8,7,6
LL553DG,37,22,15,12
LL553DH,43,21,22,17
LL553DL,28,14,14,12
LL553DN,27,8,19,15
LL553DP,22,12,10,9
LL553DR,17,8,9,7
LL553DS,2,1,1,2
LL553DT,16,7,9,6
LL553DU,11,7,4,4
LL553DW,15,9,6,7
LL553DY,17,9,8,6
LL553EA,15,8,7,6
LL553EB,56,21,35,22
LL553ED,7,4,3,2
LL553EE,15,8,7,6
LL553EF,31,18,13,15
LL553EG,50,22,28,24
LL553EH,71,29,42,24
LL553EJ,12,8,4,3
LL553EL,29,14,15,14
LL553EN,23,13,10,10
LL553EP,5,2,3,2
LL553ER,26,16,10,11
LL553ES,41,17,24,17
LL553ET,15,9,6,8
LL553EU,13,7,6,6
LL553EW,24,9,15,10
LL553EY,2,0,2,2
LL553HA,30,15,15,14
LL553HB,16,8,8,6
LL553HD,38,18,20,19
LL553HE,26,12,14,13
LL553HG,8,4,4,8
LL553HH,11,4,7,3
LL553HL,91,32,59,43
LL553HN,5,1,4,3
LL553HP,5,2,3,2
LL553HR,60,32,28,28
LL553HS,45,26,19,17
LL553HT,24,13,11,13
LL553HU,32,16,16,14
LL553HW,34,21,13,13
LL553HY,19,9,10,12
LL553LA,11,7,4,3
LL553LB,11,6,5,7
LL553LD,14,7,7,5
LL553LE,9,2,7,5
LL553LF,9,6,3,4
LL553LG,30,12,18,10
LL553LH,36,19,17,18
LL553LJ,9,3,6,4
LL553LL,60,31,29,20
LL553LN,134,66,68,50
LL553LP,72,35,37,34
LL553LR,8,3,5,4
LL553LS,10,6,4,3
LL553LT,30,16,14,13
LL553LU,54,28,26,18
LL553LW,127,64,63,49
LL553LY,13,7,6,3
LL553NA,13,6,7,4
LL553NB,11,6,5,5
LL553ND,12,4,8,3
LL553NE,11,7,4,4
LL553NF,54,24,30,27
LL553NG,6,3,3,4
LL553NH,12,9,3,3
LL553NP,19,10,9,7
LL553NR,95,51,44,42
LL553NS,6,3,3,3
LL553NT,26,13,13,12
LL553NY,25,15,10,9
LL553PA,2,0,2,2
LL553PB,5,0,5,5
LL553PD,37,15,22,15
LL553PE,21,8,13,8
LL553PF,29,14,15,8
LL553PG,42,24,18,15
LL553PH,20,8,12,9
LL553PJ,20,7,13,7
LL553PL,19,10,9,9
LL553PN,23,14,9,12
LL553PP,32,16,16,13
LL553PR,16,9,7,8
LL553PS,15,9,6,6
LL553PT,33,17,16,12
LL553PW,42,23,19,21
LL553UA,10,5,5,4
LL554AB,9,5,4,3
LL554AE,118,57,61,51
LL554AF,37,16,21,14
LL554AG,127,56,71,62
LL554AH,187,92,95,58
LL554AJ,9,5,4,5
LL554AL,20,11,9,7
LL554AN,70,35,35,30
LL554AP,20,8,12,9
LL554AQ,2,1,1,1
LL554AR,16,8,8,9
LL554AS,11,5,6,5
LL554AT,41,16,25,18
LL554AU,163,83,80,60
LL554AW,50,26,24,16
LL554AX,100,47,53,37
LL554AY,11,3,8,4
LL554AZ,65,30,35,21
LL554BA,73,37,36,31
LL554BD,12,5,7,3
LL554BE,46,18,28,14
LL554BG,62,25,37,20
LL554BH,2,1,1,1
LL554BJ,49,24,25,23
LL554BL,31,18,13,11
LL554BN,3,1,2,1
LL554BP,10,5,5,5
LL554BQ,18,9,9,9
LL554BS,17,8,9,9
LL554BT,52,25,27,22
LL554BU,30,9,21,24
LL554BW,11,6,5,6
LL554BX,41,21,20,16
LL554BZ,9,4,5,3
LL554DA,5,2,3,2
LL554DB,84,41,43,24
LL554DD,21,11,10,9
LL554DE,37,19,18,19
LL554DF,8,4,4,3
LL554DG,2,0,2,1
LL554DH,47,26,21,22
LL554DJ,6,3,3,3
LL554DL,43,22,21,18
LL554DN,9,6,3,4
LL554DP,11,6,5,5
LL554DQ,52,23,29,20
LL554DR,16,5,11,4
LL554DS,14,7,7,6
LL554DT,14,5,9,7
LL554DU,34,19,15,18
LL554DW,24,13,11,13
LL554DX,18,10,8,5
LL554DY,19,8,11,9
LL554DZ,7,5,2,2
LL554EA,12,7,5,4
LL554EB,5,2,3,1
LL554ED,25,12,13,12
LL554EE,12,11,1,5
LL554EG,18,9,9,7
LL554EH,18,10,8,7
LL554EJ,15,7,8,7
LL554EL,14,7,7,7
LL554EN,89,44,45,36
LL554EP,23,12,11,13
LL554EQ,21,11,10,10
LL554ER,19,7,12,13
LL554ES,30,11,19,14
LL554ET,2,2,0,2
LL554EU,73,40,33,31
LL554EW,27,14,13,12
LL554EX,25,11,14,10
LL554EY,7,6,1,3
LL554EZ,55,25,30,20
LL554FA,7,4,3,2
LL554FG,20,8,12,6
LL554GA,7,4,3,5
LL554HA,35,15,20,18
LL554HB,25,13,12,9
LL554HD,43,18,25,20
LL554HE,45,28,17,24
LL554HF,10,5,5,4
LL554HG,22,11,11,11
LL554HH,17,10,7,8
LL554HJ,16,7,9,6
LL554HL,98,58,40,40
LL554HN,101,46,55,40
LL554HP,18,8,10,9
LL554HQ,7,3,4,2
LL554HR,7,5,2,4
LL554HS,18,9,9,9
LL554HT,13,6,7,8
LL554HU,14,8,6,8
LL554HW,11,7,4,7
LL554HX,12,8,4,6
LL554HY,8,5,3,2
LL554HZ,19,10,9,5
LL554JA,34,15,19,13
LL554LA,11,5,6,6
LL554LB,6,2,4,2
LL554LD,11,4,7,6
LL554LE,43,26,17,17
LL554LF,39,20,19,14
LL554LG,30,14,16,14
LL554LH,39,19,20,23
LL554LJ,11,6,5,4
LL554LL,11,8,3,7
LL554LN,5,3,2,3
LL554LQ,20,9,11,6
LL554LT,8,3,5,2
LL554LU,1,0,1,1
LL554LW,6,3,3,2
LL554LX,39,15,24,14
LL554LY,13,7,6,9
LL554LZ,20,15,5,7
LL554NA,4,2,2,4
LL554NB,14,6,8,5
LL554ND,5,2,3,3
LL554NE,13,5,8,4
LL554NF,2,2,0,1
LL554NG,13,6,7,5
LL554NJ,2,1,1,2
LL554NL,36,18,18,16
LL554NP,1,1,0,0
LL554NS,1,1,0,1
LL554NT,5,2,3,0
LL554NW,35,20,15,16
LL554PE,11,7,4,6
LL554PF,6,3,3,2
LL554PG,78,42,36,21
LL554PH,81,43,38,35
LL554PJ,63,32,31,21
LL554PL,14,5,9,9
LL554PN,13,9,4,5
LL554PP,19,7,12,8
LL554PQ,18,10,8,8
LL554PR,122,63,59,48
LL554PS,31,16,15,14
LL554PT,27,15,12,10
LL554PU,130,61,69,46
LL554PW,7,4,3,3
LL554PX,39,20,19,15
LL554PY,24,12,12,7
LL554PZ,45,19,26,26
LL554RA,13,7,6,6
LL554RB,8,4,4,3
LL554RD,5,3,2,2
LL554RE,3,2,1,1
LL554RF,7,4,3,4
LL554RG,30,13,17,9
LL554RH,14,9,5,10
LL554RJ,11,5,6,4
LL554RL,23,13,10,9
LL554RN,13,8,5,4
LL554RP,25,13,12,12
LL554RR,14,4,10,8
LL554RS,21,11,10,7
LL554RT,21,10,11,9
LL554RU,17,9,8,8
LL554RW,13,7,6,4
LL554RY,89,52,37,36
LL554SA,27,14,13,11
LL554SB,20,12,8,9
LL554SD,48,20,28,25
LL554SE,50,25,25,16
LL554SH,53,27,26,22
LL554SL,12,3,9,6
LL554SN,2,1,1,1
LL554SP,30,13,17,17
LL554SR,13,7,6,4
LL554ST,3,2,1,1
LL554SU,22,12,10,7
LL554SW,7,4,3,6
LL554SY,12,6,6,7
LL554SZ,12,7,5,3
LL554TA,8,4,4,4
LL554TD,96,53,43,47
LL554TE,109,45,64,50
LL554TF,37,22,15,17
LL554TG,10,4,6,3
LL554TH,13,5,8,4
LL554TL,21,12,9,9
LL554TN,159,65,94,59
LL554TP,25,1,24,0
LL554TR,28,17,11,11
LL554TS,14,6,8,9
LL554TT,35,16,19,14
LL554TU,12,7,5,5
LL554TW,26,15,11,10
LL554TY,4,3,1,2
LL554UB,13,4,9,5
LL554UD,14,7,7,4
LL554UE,33,15,18,12
LL554UF,21,9,12,10
LL554UG,14,8,6,8
LL554UH,8,3,5,4
LL554UL,20,9,11,13
LL554UN,24,13,11,9
LL554UP,30,12,18,26
LL554UU,20,9,11,10
LL554UW,12,8,4,3
LL554UY,47,20,27,27
LL554YA,8,3,5,5
LL554YB,18,10,8,9
LL554YD,41,19,22,17
LL554YE,1,0,1,0
LL554YF,20,10,10,9
LL554YG,35,19,16,21
LL554YH,11,4,7,5
LL554YJ,23,9,14,10
LL554YL,13,5,8,7
LL554YN,11,5,6,6
LL554YP,19,9,10,12
LL554YQ,2,1,1,1
LL554YR,6,4,2,2
LL554YS,109,53,56,45
LL554YT,24,14,10,9
LL554YU,28,11,17,12
LL554YW,38,16,22,16
LL554YX,7,2,5,5
LL554YY,149,72,77,66
LL554ZA,39,22,17,16
LL564AB,8,3,5,6
LL564HJ,36,21,15,18
LL564HQ,35,16,19,20
LL564HX,54,21,33,23
LL564JA,24,11,13,12
LL564JB,3,2,1,2
LL564JD,70,31,39,41
LL564JE,67,35,32,27
LL564JF,14,8,6,6
LL564JG,23,14,9,14
LL564JH,35,19,16,16
LL564JJ,53,32,21,25
LL564JN,1,1,0,1
LL564JP,8,3,5,2
LL564JQ,28,17,11,8
LL564JR,40,22,18,14
LL564JS,9,3,6,5
LL564JT,10,5,5,6
LL564JU,1,1,0,1
LL564JW,8,4,4,4
LL564JX,13,7,6,7
LL564JY,26,12,14,11
LL564JZ,10,3,7,4
LL564LY,70,34,36,23
LL564NJ,29,19,10,10
LL564NQ,37,17,20,21
LL564NX,56,15,41,1
LL564NY,35,13,22,16
LL564NZ,37,18,19,13
LL564PA,37,20,17,19
LL564PB,20,9,11,9
LL564PD,25,12,13,12
LL564PE,32,16,16,15
LL564PJ,56,33,23,29
LL564PZ,36,18,18,15
LL564QA,4,3,1,1
LL564QB,12,7,5,6
LL564QD,9,5,4,5
LL564QE,16,9,7,4
LL564QF,20,10,10,6
LL564QG,16,8,8,8
LL564QJ,6,2,4,4
LL564QL,28,15,13,11
LL564QN,9,4,5,3
LL564QP,12,5,7,4
LL564QQ,2,1,1,1
LL564QS,3,2,1,1
LL564QT,34,20,14,13
LL564QU,2,1,1,1
LL564QW,2,1,1,1
LL564QX,90,42,48,48
LL564QY,95,56,39,50
LL564QZ,30,19,11,16
LL564RQ,63,35,28,30
LL564RX,13,7,6,6
LL564RZ,49,21,28,23
LL564SJ,45,23,22,22
LL564SQ,10,4,6,5
LL564SX,66,36,30,34
LL564SZ,36,17,19,17
LL564TJ,6,3,3,2
LL564TQ,50,26,24,19
LL564TX,135,63,72,48
LL564TZ,119,59,60,46
LL564UJ,25,15,10,14
LL564UQ,53,25,28,20
LL564UX,16,7,9,10
LL564UZ,59,32,27,24
LL564XA,50,27,23,22
LL564XD,8,1,7,8
LL564YJ,36,19,17,14
LL564YQ,24,12,12,11
LL571AB,9,5,4,4
LL571AD,1,1,0,1
LL571AG,39,22,17,17
LL571AH,37,19,18,11
LL571AJ,2,1,1,1
LL571AL,15,6,9,7
LL571AN,33,13,20,14
LL571AP,21,8,13,11
LL571AQ,42,17,25,18
LL571AR,47,23,24,19
LL571AS,99,39,60,38
LL571AT,11,4,7,5
LL571AU,154,81,73,50
LL571AW,54,28,26,21
LL571AX,27,18,9,11
LL571AY,114,57,57,41
LL571AZ,14,9,5,7
LL571BB,93,43,50,25
LL571BD,9,5,4,4
LL571BE,101,37,64,27
LL571BF,24,11,13,15
LL571BG,52,34,18,26
LL571BH,52,25,27,19
LL571BJ,27,13,14,15
LL571BL,28,14,14,20
LL571BN,85,43,42,31
LL571BP,13,7,6,12
LL571BQ,98,62,36,45
LL571BS,29,15,14,19
LL571BT,30,14,16,16
LL571BU,14,5,9,6
LL571BW,8,4,4,4
LL571BX,13,7,6,7
LL571BY,19,8,11,9
LL571BZ,8,2,6,4
LL571DA,18,12,6,17
LL571DB,45,21,24,22
LL571DD,11,4,7,7
LL571DE,28,15,13,13
LL571DF,30,15,15,19
LL571DG,7,4,3,3
LL571DH,57,30,27,24
LL571DL,47,22,25,19
LL571DP,2,2,0,1
LL571DQ,11,5,6,2
LL571DU,23,6,17,11
LL571DZ,56,36,20,0
LL571EA,18,12,6,12
LL571EH,91,44,47,36
LL571EJ,7,6,1,2
LL571EQ,3,2,1,2
LL571EX,6,3,3,2
LL571HB,65,29,36,19
LL571HD,27,11,16,8
LL571HE,11,6,5,3
LL571HF,103,61,42,33
LL571HG,81,55,26,20
LL571HH,42,16,26,16
LL571HJ,16,7,9,14
LL571HL,8,4,4,2
LL571HN,35,21,14,13
LL571HQ,154,76,78,58
LL571HR,38,22,16,16
LL571HS,13,4,9,7
LL571HT,8,7,1,3
LL571HU,8,5,3,4
LL571HW,9,2,7,2
LL571HY,9,6,3,6
LL571LA,11,6,5,5
LL571LB,38,20,18,11
LL571LD,9,4,5,2
LL571LE,27,18,9,16
LL571LF,13,5,8,10
LL571LG,40,17,23,22
LL571LH,36,26,10,13
LL571LJ,89,57,32,23
LL571LQ,14,8,6,5
LL571LR,32,14,18,12
LL571LS,23,9,14,10
LL571LT,128,48,80,48
LL571LU,153,71,82,49
LL571LW,9,3,6,6
LL571LY,91,48,43,34
LL571LZ,4,2,2,1
LL571NA,77,29,48,23
LL571NB,5,2,3,2
LL571ND,128,54,74,54
LL571NE,68,33,35,24
LL571NF,26,14,12,9
LL571NG,59,27,32,23
LL571NH,186,84,102,68
LL571NP,379,153,226,34
LL571NR,41,29,12,18
LL571NS,81,35,46,14
LL571NT,18,8,10,6
LL571NU,8,5,3,2
LL571NX,22,7,15,5
LL571PA,6,3,3,1
LL571PH,50,20,30,19
LL571PX,34,21,13,12
LL571PZ,2,2,0,2
LL571RB,9,5,4,5
LL571RL,4,2,2,3
LL571SB,21,10,11,9
LL571SD,19,14,5,17
LL571SE,37,17,20,16
LL571SF,94,45,49,38
LL571SG,102,51,51,42
LL571SH,12,6,6,5
LL571SJ,18,10,8,12
LL571SL,28,18,10,20
LL571SN,7,5,2,2
LL571SP,30,19,11,15
LL571SR,17,9,8,11
LL571SS,25,9,16,9
LL571SU,136,69,67,50
LL571SW,38,19,19,24
LL571SY,6,4,2,4
LL571TA,71,32,39,27
LL571TB,93,42,51,31
LL571TD,123,60,63,41
LL571TE,16,6,10,8
LL571TF,120,56,64,42
LL571TG,16,8,8,8
LL571TH,109,49,60,40
LL571TJ,10,6,4,4
LL571TL,15,8,7,11
LL571TN,29,16,13,12
LL571TS,21,13,8,16
LL571TT,29,20,9,23
LL571UB,23,15,8,11
LL571UL,21,8,13,5
LL571UP,3,2,1,2
LL571UR,47,24,23,18
LL571YA,18,10,8,13
LL571YE,36,20,16,13
LL571YG,22,10,12,8
LL571YH,4,2,2,2
LL571YL,59,30,29,23
LL571YQ,25,15,10,11
LL571YR,5,2,3,2
LL571YS,65,27,38,26
LL571YT,1,1,0,1
LL571YX,12,9,3,2
LL571YY,10,6,4,4
LL572AA,58,20,38,13
LL572AB,37,23,14,9
LL572AD,13,6,7,5
LL572AE,8,5,3,2
LL572AF,21,15,6,3
LL572AG,4,2,2,2
LL572AH,30,19,11,6
LL572AJ,11,7,4,5
LL572AL,54,20,34,20
LL572AN,111,61,50,25
LL572AP,100,60,40,24
LL572AQ,25,11,14,12
LL572AT,17,7,10,8
LL572AU,12,12,0,3
LL572AX,119,62,57,48
LL572AY,9,5,4,5
LL572AZ,43,23,20,16
LL572BD,44,17,27,8
LL572BE,12,6,6,5
LL572BF,9,3,6,3
LL572BG,50,19,31,16
LL572BH,59,20,39,23
LL572BJ,14,6,8,6
LL572BL,2,1,1,1
LL572BN,32,14,18,15
LL572BP,26,11,15,10
LL572BQ,110,57,53,37
LL572BS,23,13,10,11
LL572BT,6,4,2,4
LL572BU,17,9,8,8
LL572BW,16,5,11,4
LL572BX,93,42,51,35
LL572BY,38,12,26,3
LL572DA,10,6,4,3
LL572DB,13,8,5,6
LL572DF,1,1,0,0
LL572DG,3,2,1,1
LL572DJ,30,18,12,10
LL572DL,96,45,51,42
LL572DP,86,55,31,22
LL572DQ,8,4,4,2
LL572DR,6,2,4,4
LL572DS,13,7,6,5
LL572DT,10,5,5,8
LL572DU,76,44,32,18
LL572DX,84,44,40,31
LL572DZ,13,6,7,5
LL572EA,26,9,17,10
LL572EB,7,2,5,3
LL572ED,37,23,14,10
LL572EE,6,4,2,1
LL572EG,74,45,29,21
LL572EH,56,36,20,14
LL572EJ,90,41,49,29
LL572EN,17,11,6,6
LL572EP,24,10,14,7
LL572EQ,14,7,7,6
LL572ER,40,10,30,15
LL572ET,14,7,7,12
LL572EU,94,45,49,28
LL572EW,48,21,27,17
LL572EX,54,22,32,23
LL572EY,68,28,40,22
LL572EZ,24,12,12,7
LL572GA,11,5,6,4
LL572GB,134,61,73,0
LL572GE,141,77,64,0
LL572GF,127,58,69,0
LL572GL,46,22,24,0
LL572GP,54,25,29,0
LL572GS,92,42,50,1
LL572GT,94,41,53,0
LL572GU,119,51,68,0
LL572GW,75,34,41,0
LL572GX,62,30,32,0
LL572GY,55,24,31,19
LL572GZ,50,23,27,14
LL572HA,93,56,37,32
LL572HB,21,9,12,11
LL572HD,77,40,37,28
LL572HE,67,38,29,19
LL572HF,111,70,41,28
LL572HG,10,2,8,4
LL572HH,38,17,21,15
LL572HJ,2,1,1,1
LL572HQ,15,7,8,7
LL572HR,35,18,17,13
LL572HS,48,19,29,18
LL572HT,97,46,51,38
LL572HU,77,43,34,32
LL572HW,33,9,24,28
LL572HX,23,12,11,12
LL572HY,39,20,19,17
LL572HZ,4,1,3,1
LL572JB,21,6,15,18
LL572JD,41,21,20,0
LL572JN,141,58,83,0
LL572JQ,53,23,30,0
LL572JR,185,86,99,0
LL572JS,99,38,61,0
LL572JT,176,77,99,0
LL572JY,128,54,74,0
LL572JZ,36,18,18,10
LL572LA,89,44,45,38
LL572LB,56,24,32,18
LL572LD,45,24,21,19
LL572LE,33,15,18,15
LL572LF,48,26,22,16
LL572LG,19,10,9,9
LL572LH,64,37,27,21
LL572LJ,99,49,50,32
LL572LL,74,36,38,27
LL572LP,20,8,12,8
LL572LR,40,18,22,19
LL572LS,11,5,6,5
LL572LT,73,38,35,25
LL572LU,20,8,12,7
LL572LW,8,5,3,3
LL572LX,90,46,44,32
LL572LY,42,22,20,13
LL572LZ,121,64,57,44
LL572NA,34,16,18,14
LL572NB,36,17,19,12
LL572ND,3,2,1,1
LL572NE,6,2,4,5
LL572NF,6,2,4,2
LL572NG,23,13,10,9
LL572NH,41,23,18,17
LL572NJ,25,12,13,11
LL572NL,32,15,17,11
LL572NQ,82,36,46,38
LL572NR,48,22,26,23
LL572NS,119,57,62,51
LL572NT,104,54,50,40
LL572NU,33,20,13,13
LL572NW,1,0,1,1
LL572NX,18,8,10,7
LL572NZ,22,10,12,7
LL572PA,50,24,26,45
LL572PB,9,3,6,3
LL572PD,28,15,13,12
LL572PF,30,17,13,21
LL572PG,25,15,10,9
LL572PH,16,9,7,7
LL572PJ,72,38,34,0
LL572PN,10,6,4,6
LL572PQ,85,47,38,0
LL572PR,16,11,5,3
LL572PT,2,2,0,1
LL572PU,44,24,20,11
LL572PW,22,20,2,20
LL572PY,40,24,16,7
LL572PZ,2,2,0,1
LL572QD,9,2,7,9
LL572RA,25,12,13,5
LL572RB,26,19,7,11
LL572RD,51,36,15,10
LL572RJ,47,22,25,20
LL572RL,44,27,17,24
LL572RQ,75,32,43,3
LL572RT,50,30,20,15
LL572RU,35,20,15,9
LL572RX,20,11,9,9
LL572RY,38,20,18,10
LL572RZ,2,1,1,1
LL572SA,26,12,14,8
LL572SB,33,24,9,22
LL572SE,52,25,27,28
LL572SF,29,16,13,9
LL572SG,20,7,13,5
LL572SH,21,12,9,5
LL572SJ,17,10,7,9
LL572SL,18,10,8,7
LL572SN,7,6,1,4
LL572SP,8,3,5,4
LL572SQ,33,15,18,11
LL572SR,53,28,25,28
LL572SS,120,47,73,50
LL572ST,7,3,4,4
LL572SU,28,16,12,11
LL572SW,17,10,7,9
LL572SX,31,16,15,12
LL572SY,6,3,3,4
LL572TA,7,4,3,3
LL572TB,6,2,4,4
LL572TD,13,6,7,7
LL572TE,16,11,5,5
LL572TF,231,125,106,0
LL572TT,108,48,60,44
LL572TU,33,17,16,9
LL572TW,67,29,38,23
LL572UA,116,45,71,45
LL572UB,11,5,6,9
LL572UD,138,61,77,52
LL572UE,40,19,21,13
LL572UF,109,41,68,43
LL572UG,39,16,23,19
LL572UJ,33,13,20,23
LL572UP,87,36,51,19
LL572UQ,23,14,9,12
LL572UR,49,24,25,23
LL572UT,24,7,17,10
LL572UU,1,0,1,1
LL572UY,74,37,37,24
LL572XZ,34,18,16,12
LL572YA,80,42,38,25
LL572YB,10,8,2,4
LL572YD,5,2,3,2
LL572YE,47,29,18,17
LL572YF,112,56,56,40
LL572YG,52,24,28,19
LL572YH,59,32,27,20
LL572YJ,16,10,6,12
LL572YL,37,20,17,13
LL572YN,20,12,8,5
LL572YP,25,14,11,11
LL572YR,18,9,9,4
LL572YS,60,25,35,24
LL572YT,21,5,16,8
LL572YU,80,33,47,28
LL572YW,38,17,21,14
LL573AA,9,4,5,4
LL573AB,20,9,11,9
LL573AD,1,1,0,1
LL573AE,8,4,4,5
LL573AF,4,4,0,4
LL573AG,15,9,6,8
LL573AH,5,4,1,3
LL573AJ,13,5,8,4
LL573AL,29,13,16,21
LL573AN,43,25,18,31
LL573AP,4,2,2,4
LL573AQ,1,1,0,1
LL573AR,64,35,29,40
LL573AS,19,8,11,10
LL573AT,17,9,8,8
LL573AU,1,1,0,1
LL573AW,5,3,2,4
LL573AX,14,5,9,6
LL573AY,71,44,27,32
LL573AZ,4,2,2,2
LL573BB,21,7,14,9
LL573BD,77,35,42,33
LL573BE,12,6,6,6
LL573BF,29,12,17,10
LL573BG,36,18,18,18
LL573BH,30,13,17,13
LL573BL,35,15,20,15
LL573BN,9,4,5,6
LL573BP,50,23,27,30
LL573BQ,11,4,7,5
LL573BS,20,11,9,9
LL573BT,22,13,9,10
LL573BU,16,6,10,7
LL573BW,65,33,32,28
LL573BY,14,7,7,7
LL573BZ,9,4,5,4
LL573DA,21,7,14,13
LL573DB,10,4,6,4
LL573DG,1,0,1,1
LL573DH,4,2,2,3
LL573DL,4,1,3,1
LL573DN,11,5,6,5
LL573DP,18,10,8,6
LL573DQ,4,2,2,3
LL573DR,67,30,37,24
LL573DS,92,49,43,37
LL573DT,18,10,8,5
LL573DU,8,4,4,4
LL573DW,6,5,1,2
LL573DY,3,2,1,2
LL573EA,31,12,19,10
LL573ED,12,6,6,5
LL573EE,67,32,35,27
LL573EF,23,9,14,11
LL573EG,178,93,85,59
LL573EJ,9,2,7,8
LL573EL,32,16,16,15
LL573EN,5,3,2,3
LL573EP,8,3,5,4
LL573ER,11,6,5,5
LL573ES,5,2,3,4
LL573ET,6,4,2,4
LL573EU,82,38,44,40
LL573EW,60,31,29,22
LL573EX,2,0,2,2
LL573EY,5,3,2,3
LL573GA,16,10,6,5
LL573GB,72,31,41,23
LL573HA,8,5,3,6
LL573HB,12,5,7,7
LL573HD,8,5,3,6
LL573HE,12,7,5,5
LL573HF,42,24,18,17
LL573HG,3,1,2,2
LL573HH,3,2,1,2
LL573HJ,8,4,4,4
LL573HL,2,2,0,2
LL573HN,6,5,1,5
LL573HP,4,3,1,2
LL573HR,6,2,4,5
LL573HS,57,30,27,22
LL573HT,4,3,1,1
LL573HU,80,35,45,37
LL573HW,4,3,1,2
LL573HY,3,1,2,1
LL573LA,9,4,5,2
LL573LB,20,11,9,8
LL573LD,9,5,4,4
LL573LE,40,22,18,15
LL573LF,20,10,10,7
LL573LG,9,6,3,4
LL573LH,2,1,1,1
LL573LJ,11,5,6,5
LL573LL,15,5,10,5
LL573LN,7,4,3,2
LL573LQ,10,4,6,3
LL573LT,12,5,7,10
LL573LU,62,31,31,27
LL573LW,24,12,12,9
LL573LX,34,16,18,9
LL573LY,10,4,6,4
LL573LZ,10,2,8,3
LL573NA,12,6,6,7
LL573NB,45,16,29,29
LL573ND,10,2,8,4
LL573NE,23,12,11,9
LL573NF,2,1,1,1
LL573NG,68,32,36,30
LL573NH,22,9,13,10
LL573NJ,17,8,9,6
LL573NL,25,15,10,12
LL573NN,108,46,62,46
LL573NP,27,11,16,10
LL573NQ,43,18,25,14
LL573NR,44,19,25,19
LL573NS,10,3,7,4
LL573NT,20,9,11,8
LL573NU,9,5,4,4
LL573NW,27,14,13,12
LL573NX,31,12,19,9
LL573NY,110,56,54,45
LL573PA,16,8,8,6
LL573PB,3,1,2,1
LL573PD,45,19,26,16
LL573PE,21,12,9,8
LL573PF,57,28,29,27
LL573PG,135,71,64,52
LL573PH,3,3,0,1
LL573PJ,4,2,2,1
LL573PL,101,56,45,48
LL573PN,2,1,1,1
LL573PP,21,13,8,10
LL573PR,4,1,3,2
LL573PS,17,11,6,10
LL573PU,4,2,2,2
LL573PW,23,7,16,0
LL573PY,52,24,28,24
LL573RA,30,16,14,15
LL573RB,2,1,1,1
LL573RD,67,33,34,34
LL573RE,53,28,25,19
LL573RF,10,5,5,3
LL573RG,8,3,5,3
LL573RH,17,8,9,6
LL573RJ,6,3,3,2
LL573RL,22,11,11,8
LL573RN,2,1,1,1
LL573RS,47,21,26,17
LL573RT,36,21,15,11
LL573RU,8,5,3,4
LL573RW,63,28,35,18
LL573RX,16,6,10,7
LL573RY,55,31,24,21
LL573RZ,2,1,1,1
LL573SA,9,2,7,3
LL573SB,11,6,5,4
LL573SD,4,2,2,3
LL573SE,77,36,41,40
LL573SF,9,5,4,4
LL573SG,74,35,39,33
LL573SH,6,3,3,3
LL573SJ,22,10,12,10
LL573SL,57,34,23,25
LL573SN,48,24,24,21
LL573SP,34,19,15,14
LL573SR,14,8,6,6
LL573SS,17,8,9,10
LL573ST,53,28,25,20
LL573SU,7,3,4,4
LL573SW,10,4,6,4
LL573SY,28,14,14,11
LL573TA,117,53,64,36
LL573TB,14,7,7,8
LL573TD,48,24,24,20
LL573TE,25,13,12,9
LL573TF,22,13,9,7
LL573TG,12,8,4,5
LL573TH,4,1,3,1
LL573TJ,21,11,10,7
LL573TL,29,15,14,12
LL573TN,21,8,13,8
LL573TP,24,14,10,12
LL573TR,23,11,12,12
LL573TS,21,11,10,12
LL573TT,25,12,13,12
LL573TU,22,9,13,7
LL573TW,27,14,13,12
LL573TY,32,15,17,13
LL573UA,13,6,7,4
LL573UB,29,17,12,11
LL573UD,18,11,7,8
LL573UE,7,4,3,3
LL573UF,5,4,1,2
LL573UG,5,2,3,2
LL573UH,9,5,4,3
LL573UL,20,12,8,12
LL573UN,81,33,48,40
LL573UR,32,16,16,14
LL573UT,19,11,8,9
LL573UU,7,2,5,4
LL573UY,104,50,54,35
LL573UZ,9,3,6,4
LL573YA,51,21,30,21
LL573YB,15,8,7,9
LL573YD,8,4,4,5
LL573YE,20,11,9,6
LL573YF,10,5,5,4
LL573YG,11,6,5,4
LL573YH,15,7,8,5
LL573YJ,8,3,5,6
LL573YL,2,1,1,1
LL573YN,16,7,9,8
LL573YP,7,5,2,4
LL573YR,23,11,12,10
LL573YS,80,42,38,29
LL573YT,110,53,57,38
LL573YU,31,17,14,10
LL573YW,20,10,10,9
LL574AA,7,3,4,4
LL574AB,17,13,4,8
LL574AD,3,1,2,1
LL574AE,137,69,68,59
LL574AF,25,12,13,10
LL574AG,1,0,1,1
LL574AH,133,65,68,56
LL574AJ,43,17,26,15
LL574AL,7,2,5,5
LL574AN,3,1,2,2
LL574AP,56,19,37,30
LL574AR,12,7,5,4
LL574AS,103,45,58,37
LL574AT,119,59,60,39
LL574AU,23,10,13,8
LL574AW,8,3,5,3
LL574AX,21,11,10,11
LL574AY,9,4,5,3
LL574AZ,13,3,10,6
LL574BA,25,12,13,12
LL574BB,47,24,23,16
LL574BD,4,3,1,1
LL574BE,7,5,2,3
LL574BG,18,10,8,9
LL574BJ,27,12,15,9
LL574BP,46,23,23,15
LL574BQ,35,16,19,18
LL574BS,4,2,2,2
LL574BT,2,1,1,1
LL574BU,20,12,8,9
LL574BX,83,36,47,30
LL574BY,33,16,17,13
LL574BZ,13,6,7,5
LL574DA,29,14,15,11
LL574DB,14,9,5,6
LL574DG,4,3,1,3
LL574DH,5,4,1,2
LL574DJ,28,13,15,11
LL574DL,4,2,2,4
LL574DN,28,10,18,14
LL574DP,1,1,0,1
LL574DQ,26,13,13,8
LL574DR,71,35,36,38
LL574DS,26,13,13,13
LL574DT,32,16,16,15
LL574DU,18,8,10,6
LL574DX,76,38,38,32
LL574DY,15,7,8,5
LL574DZ,47,29,18,19
LL574EA,22,9,13,8
LL574EB,18,10,8,6
LL574EE,21,8,13,6
LL574EF,28,12,16,12
LL574EG,13,7,6,4
LL574EH,54,29,25,21
LL574EJ,11,6,5,4
LL574EL,83,40,43,35
LL574EN,1,1,0,1
LL574EP,8,4,4,4
LL574EQ,17,8,9,7
LL574ER,6,3,3,4
LL574ES,11,6,5,3
LL574ET,12,7,5,7
LL574EU,7,4,3,6
LL574EW,118,65,53,37
LL574EX,46,20,26,20
LL574EY,30,15,15,15
LL574FA,2,0,2,2
LL574FE,1,0,1,1
LL574GA,28,14,14,15
LL574GD,24,12,12,12
LL574HA,4,2,2,3
LL574HB,11,8,3,7
LL574HD,43,16,27,15
LL574HE,6,2,4,3
LL574HF,7,3,4,3
LL574HG,77,38,39,30
LL574HH,7,1,6,4
LL574HN,39,21,18,15
LL574HP,28,14,14,11
LL574HT,1,1,0,1
LL574HU,54,23,31,34
LL574HW,16,8,8,8
LL574HY,4,2,2,2
LL574LA,4,2,2,2
LL574LB,4,2,2,3
LL574LD,31,17,14,14
LL574LG,31,21,10,10
LL574LH,15,7,8,7
LL574LJ,64,34,30,24
LL574LN,108,61,47,38
LL574LP,45,22,23,14
LL574LQ,5,3,2,3
LL574LR,12,6,6,7
LL574LS,21,14,7,8
LL574LT,14,8,6,4
LL574LU,79,34,45,30
LL574LW,27,15,12,11
LL574LX,36,20,16,12
LL574LZ,13,7,6,8
LL574NA,4,2,2,2
LL574NB,7,4,3,2
LL574ND,3,2,1,1
LL574NE,17,10,7,7
LL574NF,15,11,4,5
LL574NG,11,9,2,6
LL574NH,19,8,11,8
LL574NL,1,0,1,1
LL574NN,35,19,16,12
LL574NP,17,7,10,8
LL574NR,3,2,1,1
LL574NS,11,6,5,6
LL574NT,6,4,2,2
LL574NU,7,5,2,4
LL574NW,16,9,7,5
LL574NY,23,9,14,9
LL574PA,16,8,8,6
LL574PB,1,1,0,1
LL574PD,48,24,24,17
LL574PE,32,21,11,12
LL574PF,12,5,7,6
LL574PG,13,6,7,5
LL574PH,71,41,30,23
LL574PL,31,20,11,14
LL574PN,19,11,8,9
LL574PP,4,2,2,2
LL574PR,7,1,6,3
LL574PS,7,4,3,2
LL574PT,11,6,5,6
LL574PU,3,1,2,3
LL574PW,52,27,25,22
LL574PY,9,5,4,4
LL574RA,70,30,40,27
LL574RB,23,12,11,11
LL574RD,10,4,6,6
LL574RE,11,5,6,5
LL574RF,27,11,16,10
LL574RG,11,5,6,8
LL574RH,32,18,14,14
LL574RJ,19,7,12,5
LL574RL,7,2,5,3
LL574RN,12,5,7,7
LL574RP,22,10,12,8
LL574RR,25,10,15,14
LL574RU,18,8,10,7
LL574RW,7,3,4,3
LL574RY,19,8,11,13
LL574SA,14,6,8,8
LL574SB,74,42,32,51
LL574SD,60,28,32,30
LL574SE,5,2,3,3
LL574SG,86,36,50,34
LL574SH,47,21,26,18
LL574SN,14,7,7,9
LL574SR,28,13,15,12
LL574ST,5,2,3,3
LL574SW,89,45,44,36
LL574SX,11,6,5,9
LL574SY,4,3,1,3
LL574TA,41,19,22,18
LL574TB,98,55,43,32
LL574TD,36,16,20,14
LL574TE,85,44,41,32
LL574TF,111,57,54,39
LL574TG,113,48,65,43
LL574TH,75,41,34,32
LL574TL,42,21,21,17
LL574TN,60,32,28,23
LL574TQ,166,80,86,52
LL574TR,37,19,18,15
LL574TS,111,54,57,41
LL574TT,135,63,72,48
LL574TW,8,4,4,4
LL574UA,104,48,56,37
LL574UB,14,11,3,6
LL574UD,4,1,3,3
LL574UE,4,2,2,1
LL574UF,60,28,32,25
LL574UG,73,39,34,30
LL574UH,5,1,4,4
LL574UL,6,2,4,3
LL574UN,22,9,13,11
LL574UP,21,5,16,11
LL574UR,100,47,53,42
LL574UT,5,3,2,2
LL574UU,19,11,8,10
LL574UW,38,20,18,16
LL574UX,4,1,3,1
LL574UY,23,11,12,8
LL574YA,28,16,12,13
LL574YB,15,6,9,10
LL574YD,9,4,5,5
LL574YN,11,5,6,6
LL574YR,9,4,5,6
LL574YS,28,15,13,14
LL574YU,7,3,4,3
LL574YW,26,15,11,8
LL574YY,2,1,1,1
LL588AA,17,6,11,9
LL588AB,49,31,18,33
LL588AD,11,6,5,3
LL588AE,8,4,4,6
LL588AF,55,23,32,32
LL588AL,10,6,4,9
LL588AP,30,12,18,17
LL588AQ,18,8,10,9
LL588AT,71,30,41,34
LL588AU,13,6,7,7
LL588BA,1,1,0,1
LL588BB,31,15,16,16
LL588BD,11,4,7,6
LL588BE,6,4,2,5
LL588BG,15,7,8,7
LL588BH,14,7,7,7
LL588BL,33,19,14,15
LL588BN,10,4,6,7
LL588BP,14,10,4,10
LL588BS,12,7,5,10
LL588BT,8,4,4,3
LL588BU,25,15,10,15
LL588BW,6,4,2,5
LL588BY,9,4,5,6
LL588DA,2,1,1,1
LL588DB,14,8,6,7
LL588DN,35,18,17,18
LL588DP,5,3,2,4
LL588DS,14,7,7,9
LL588DT,5,2,3,2
LL588DU,4,3,1,3
LL588DY,2,1,1,2
LL588EA,5,2,3,3
LL588ED,62,25,37,37
LL588EE,16,6,10,9
LL588EF,7,4,3,4
LL588EG,8,4,4,5
LL588EH,9,5,4,3
LL588EJ,2,1,1,1
LL588EL,12,4,8,8
LL588EN,24,9,15,15
LL588EP,5,3,2,3
LL588ER,27,11,16,12
LL588ES,14,7,7,7
LL588ET,27,14,13,21
LL588EU,2,0,2,2
LL588EW,5,3,2,2
LL588EY,80,42,38,30
LL588HA,15,8,7,6
LL588HB,19,9,10,15
LL588HD,70,37,33,29
LL588HE,49,18,31,23
LL588HF,67,28,39,26
LL588HG,29,18,11,11
LL588HH,63,27,36,29
LL588HN,27,10,17,13
LL588HP,5,3,2,1
LL588HR,40,18,22,29
LL588HU,10,5,5,6
LL588HW,48,25,23,32
LL588LB,23,10,13,7
LL588LD,44,16,28,17
LL588LE,22,10,12,10
LL588LF,19,9,10,7
LL588LG,69,29,40,27
LL588LH,89,46,43,28
LL588LN,7,4,3,3
LL588LP,9,4,5,4
LL588LR,42,23,19,19
LL588LS,78,31,47,47
LL588LT,89,45,44,35
LL588LU,10,3,7,5
LL588LW,1,1,0,1
LL588LY,11,7,4,6
LL588NA,66,25,41,28
LL588NB,4,3,1,3
LL588ND,27,14,13,11
LL588NE,12,6,6,7
LL588NF,11,6,5,7
LL588NG,10,5,5,4
LL588NH,3,0,3,3
LL588NL,17,8,9,7
LL588NN,38,20,18,18
LL588NP,37,19,18,18
LL588NR,44,27,17,15
LL588NS,14,7,7,7
LL588NT,15,6,9,4
LL588NU,5,3,2,3
LL588NW,82,40,42,36
LL588NY,25,10,15,13
LL588PA,2,2,0,1
LL588PB,27,13,14,15
LL588PD,9,4,5,4
LL588PE,21,8,13,10
LL588PF,10,5,5,5
LL588PG,6,3,3,3
LL588PH,33,15,18,16
LL588PL,2,1,1,1
LL588PN,1,1,0,1
LL588PP,4,2,2,1
LL588PR,5,3,2,3
LL588PS,15,10,5,3
LL588PT,50,24,26,26
LL588PW,25,12,13,8
LL588RA,3,1,2,1
LL588RB,23,12,11,9
LL588RD,6,3,3,2
LL588RE,16,5,11,9
LL588RF,16,8,8,10
LL588RG,22,11,11,12
LL588RH,56,29,27,29
LL588RL,2,1,1,1
LL588RN,95,40,55,42
LL588RP,1,1,0,1
LL588RR,4,3,1,1
LL588RS,2,1,1,1
LL588RT,18,9,9,6
LL588RU,15,7,8,7
LL588RW,12,6,6,7
LL588RY,40,21,19,8
LL588SA,46,23,23,20
LL588SB,34,15,19,18
LL588SD,10,7,3,3
LL588SF,7,4,3,3
LL588SG,5,2,3,2
LL588SH,15,8,7,6
LL588SL,20,9,11,11
LL588SN,13,5,8,9
LL588SP,23,7,16,11
LL588SR,2,1,1,1
LL588SS,9,3,6,5
LL588ST,20,10,10,14
LL588SU,13,7,6,8
LL588SW,12,6,6,9
LL588SY,20,11,9,8
LL588TA,2,1,1,1
LL588TB,7,4,3,4
LL588TH,6,3,3,4
LL588TL,5,1,4,4
LL588TN,34,19,15,14
LL588TP,57,28,29,31
LL588TR,59,27,32,25
LL588TS,46,23,23,21
LL588TT,26,15,11,9
LL588TU,49,23,26,22
LL588TW,9,5,4,6
LL588TX,12,5,7,5
LL588TY,3,1,2,2
LL588UA,25,13,12,9
LL588UB,54,24,30,23
LL588UD,4,3,1,2
LL588UE,13,7,6,5
LL588UF,21,12,9,7
LL588UG,41,22,19,17
LL588UH,32,17,15,12
LL588UL,20,8,12,8
LL588UN,10,7,3,5
LL588UP,8,5,3,2
LL588UR,19,9,10,7
LL588UU,7,3,4,3
LL588UW,10,5,5,7
LL588UY,20,10,10,9
LL588YA,7,3,4,2
LL588YB,4,2,2,3
LL588YD,14,8,6,3
LL588YE,6,3,3,2
LL588YF,10,8,2,3
LL588YG,14,6,8,6
LL588YN,75,33,42,42
LL588YP,8,4,4,4
LL588YQ,78,36,42,41
LL588YR,13,7,6,5
LL588YS,6,3,3,3
LL588YT,1,1,0,1
LL588YU,4,2,2,2
LL588YW,2,1,1,1
LL588YX,8,4,4,4
LL588YZ,16,7,9,9
LL595AA,14,7,7,5
LL595AD,29,14,15,14
LL595AE,4,2,2,3
LL595AF,4,1,3,3
LL595AG,37,26,11,26
LL595AH,32,21,11,16
LL595AJ,16,8,8,12
LL595AN,41,14,27,30
LL595AS,18,10,8,8
LL595AX,36,17,19,12
LL595AY,15,11,4,4
LL595BA,9,5,4,4
LL595BB,6,1,5,2
LL595BD,18,9,9,7
LL595BE,52,24,28,16
LL595BF,5,2,3,4
LL595BG,92,49,43,38
LL595BH,57,30,27,32
LL595BL,5,4,1,2
LL595BN,9,4,5,4
LL595BP,41,20,21,18
LL595BS,28,14,14,13
LL595BT,20,10,10,10
LL595BU,17,5,12,10
LL595BW,41,16,25,21
LL595BY,99,48,51,34
LL595DA,79,35,44,41
LL595DB,18,7,11,8
LL595DD,33,19,14,11
LL595DE,4,2,2,2
LL595DF,1,1,0,1
LL595DL,3,1,2,1
LL595DR,15,5,10,6
LL595DS,160,86,74,72
LL595DT,15,9,6,8
LL595DU,2,1,1,1
LL595DW,7,5,2,3
LL595DX,61,29,32,28
LL595DY,2,1,1,1
LL595EA,21,11,10,11
LL595EE,27,14,13,11
LL595EF,66,38,28,30
LL595EG,13,7,6,7
LL595EJ,38,20,18,14
LL595EL,8,4,4,5
LL595EN,17,8,9,8
LL595EP,15,8,7,8
LL595ER,11,4,7,5
LL595ES,21,11,10,11
LL595EW,30,12,18,18
LL595EY,36,17,19,17
LL595HA,19,8,11,7
LL595HB,28,10,18,16
LL595HD,11,6,5,6
LL595HE,15,9,6,9
LL595HF,41,19,22,16
LL595HG,11,5,6,5
LL595HH,7,5,2,3
LL595HL,2,0,2,2
LL595HN,64,29,35,29
LL595HP,53,28,25,18
LL595HS,7,3,4,3
LL595HT,22,11,11,12
LL595HU,13,6,7,6
LL595HW,43,19,24,22
LL595HY,26,15,11,9
LL595LA,15,6,9,10
LL595LB,103,49,54,43
LL595LD,46,22,24,17
LL595LE,15,8,7,7
LL595LF,45,20,25,16
LL595LG,52,26,26,22
LL595LH,14,9,5,4
LL595LJ,32,18,14,15
LL595LL,69,32,37,31
LL595LN,79,40,39,36
LL595LP,16,7,9,8
LL595LR,30,17,13,13
LL595LS,14,8,6,4
LL595LT,20,9,11,9
LL595LU,52,26,26,22
LL595LW,21,11,10,10
LL595LY,22,12,10,9
LL595NA,26,11,15,12
LL595NB,120,52,68,54
LL595ND,40,19,21,17
LL595NE,169,79,90,74
LL595NF,5,3,2,4
LL595NG,25,13,12,12
LL595NH,23,15,8,11
LL595NL,10,5,5,5
LL595NN,8,4,4,4
LL595NP,13,6,7,7
LL595NR,15,8,7,7
LL595NS,8,4,4,6
LL595NT,1,0,1,1
LL595NU,33,16,17,16
LL595NW,5,3,2,2
LL595NY,5,3,2,3
LL595PA,9,5,4,4
LL595PB,36,17,19,27
LL595PD,22,14,8,12
LL595PE,16,9,7,9
LL595PF,36,8,28,5
LL595PG,31,16,15,13
LL595PH,2,0,2,2
LL595PL,6,4,2,2
LL595PN,15,7,8,7
LL595PP,30,17,13,15
LL595PR,22,13,9,8
LL595PS,21,7,14,12
LL595PT,32,15,17,11
LL595PU,8,3,5,4
LL595PW,28,12,16,15
LL595PY,34,16,18,16
LL595QH,77,41,36,29
LL595QJ,91,40,51,37
LL595QL,36,20,16,14
LL595QN,12,6,6,6
LL595QP,11,5,6,7
LL595QW,33,4,29,30
LL595QY,69,33,36,22
LL595QZ,52,27,25,21
LL595RA,22,11,11,8
LL595RB,15,7,8,6
LL595RD,178,86,92,63
LL595RG,35,15,20,16
LL595RH,43,20,23,21
LL595RN,2,1,1,1
LL595RP,11,8,3,3
LL595RR,13,7,6,5
LL595RS,17,8,9,5
LL595RT,13,5,8,5
LL595RU,4,2,2,3
LL595RW,14,5,9,4
LL595RX,2,1,1,1
LL595RY,16,7,9,6
LL595SA,21,11,10,7
LL595SB,39,17,22,11
LL595SD,5,3,2,2
LL595SE,60,29,31,26
LL595SF,24,10,14,10
LL595SG,17,9,8,7
LL595SH,22,12,10,9
LL595SL,55,27,28,20
LL595SN,19,9,10,8
LL595SP,19,12,7,6
LL595SR,33,15,18,12
LL595ST,40,17,23,20
LL595SU,9,5,4,5
LL595SW,15,6,9,6
LL595TA,15,7,8,6
LL595TB,9,6,3,4
LL595TD,8,4,4,4
LL595TE,8,4,4,4
LL595TF,37,17,20,13
LL595TG,11,4,7,4
LL595TH,95,49,46,39
LL595TL,20,8,12,9
LL595TN,49,25,24,27
LL595TP,2,1,1,2
LL595TR,9,4,5,4
LL595TS,13,4,9,9
LL595TT,56,29,27,23
LL595TU,3,1,2,2
LL595TY,94,49,45,40
LL595UA,20,10,10,8
LL595UB,2,1,1,1
LL595UD,16,7,9,7
LL595UE,17,7,10,7
LL595UF,39,18,21,16
LL595UG,2,1,1,1
LL595UH,3,1,2,1
LL595UL,12,7,5,4
LL595UN,6,1,5,3
LL595UP,164,77,87,65
LL595UR,60,27,33,23
LL595UT,2,1,1,1
LL595UU,22,9,13,6
LL595UW,4,2,2,3
LL595UY,31,17,14,14
LL595YA,26,15,11,13
LL595YB,148,70,78,62
LL595YD,24,13,11,11
LL595YE,12,6,6,6
LL595YF,56,25,31,21
LL595YH,63,30,33,19
LL606AA,30,18,12,12
LL606AB,23,15,8,9
LL606AE,6,2,4,4
LL606AH,3,1,2,1
LL606AJ,14,7,7,4
LL606AL,18,9,9,6
LL606AN,32,16,16,11
LL606AP,13,6,7,5
LL606AR,30,14,16,12
LL606AS,24,12,12,9
LL606AT,11,6,5,5
LL606AU,23,11,12,8
LL606AW,8,5,3,4
LL606AY,32,15,17,13
LL606BA,59,34,25,22
LL606BB,52,23,29,20
LL606BL,15,6,9,9
LL606BN,30,18,12,12
LL606BP,14,6,8,6
LL606BS,20,12,8,13
LL606BU,19,9,10,10
LL606BW,13,7,6,7
LL606BY,5,2,3,4
LL606DA,7,2,5,3
LL606DB,17,9,8,8
LL606DD,16,8,8,9
LL606DE,17,9,8,8
LL606DF,39,17,22,16
LL606DG,108,54,54,43
LL606DH,44,18,26,20
LL606DJ,5,2,3,3
LL606DL,8,4,4,4
LL606DN,10,3,7,6
LL606DP,34,18,16,17
LL606DR,2,1,1,1
LL606DS,24,17,7,8
LL606DT,76,37,39,31
LL606DU,9,6,3,3
LL606DW,29,21,8,14
LL606DY,18,4,14,8
LL606DZ,14,6,8,7
LL606EA,40,19,21,23
LL606EB,33,16,17,11
LL606ED,24,13,11,9
LL606EF,23,11,12,9
LL606EG,47,24,23,17
LL606EH,2,1,1,1
LL606EL,2,1,1,1
LL606EN,5,3,2,1
LL606EP,25,12,13,9
LL606EQ,8,4,4,4
LL606ES,20,10,10,10
LL606ET,15,7,8,7
LL606EU,30,14,16,12
LL606EW,8,3,5,5
LL606EY,27,10,17,10
LL606HA,10,5,5,4
LL606HB,36,17,19,18
LL606HD,5,3,2,2
LL606HE,21,10,11,9
LL606HF,2,1,1,1
LL606HG,1,1,0,1
LL606HH,29,17,12,18
LL606HL,138,63,75,58
LL606HN,137,64,73,67
LL606HP,11,4,7,6
LL606HQ,21,10,11,6
LL606HS,22,11,11,8
LL606HT,19,11,8,7
LL606HU,25,13,12,11
LL606HW,56,30,26,25
LL606HY,4,3,1,2
LL606JN,56,30,26,25
LL606JW,181,89,92,67
LL606LA,4,1,3,1
LL606LB,15,8,7,5
LL606LD,10,5,5,6
LL606LE,84,47,37,34
LL606LF,27,15,12,13
LL606LG,33,14,19,14
LL606LH,13,5,8,5
LL606LL,54,31,23,24
LL606LN,15,6,9,7
LL606LP,26,15,11,14
LL606LR,22,10,12,10
LL606LS,18,9,9,10
LL606LT,40,22,18,17
LL606LU,39,15,24,18
LL606LW,23,14,9,8
LL606LY,39,20,19,16
LL606NA,9,3,6,4
LL606NB,21,8,13,10
LL606ND,30,18,12,14
LL606NE,10,4,6,6
LL606NF,10,6,4,4
LL606NG,5,1,4,1
LL606NH,12,5,7,5
LL606NJ,38,20,18,20
LL606NL,21,11,10,8
LL606NN,52,28,24,19
LL606NP,80,35,45,29
LL606NW,13,7,6,4
LL615AJ,7,3,4,3
LL615AL,34,15,19,12
LL615AN,25,10,15,8
LL615AQ,148,72,76,63
LL615AX,43,22,21,16
LL615AZ,11,6,5,4
LL615BJ,4,2,2,1
LL615BQ,2,0,2,1
LL615BX,17,8,9,7
LL615DZ,2,2,0,1
LL615EJ,16,7,9,7
LL615EX,136,50,86,34
LL615EZ,15,5,10,6
LL615HJ,2,1,1,2
LL615HQ,19,8,11,7
LL615HX,8,4,4,3
LL615HY,15,8,7,5
LL615HZ,5,2,3,4
LL615JA,13,6,7,7
LL615JB,24,14,10,9
LL615JD,15,10,5,8
LL615JE,26,12,14,10
LL615JF,159,74,85,84
LL615JG,3,1,2,2
LL615JH,13,4,9,6
LL615JJ,11,7,4,3
LL615JL,7,4,3,5
LL615JN,18,9,9,10
LL615JP,18,9,9,11
LL615JQ,3,2,1,2
LL615JR,187,91,96,80
LL615JS,81,30,51,39
LL615JT,30,14,16,11
LL615JU,34,18,16,17
LL615JX,61,30,31,22
LL615JY,100,48,52,33
LL615JZ,52,25,27,18
LL615LA,39,23,16,15
LL615LQ,17,8,9,9
LL615NJ,17,10,7,8
LL615NQ,6,2,4,2
LL615NX,19,8,11,11
LL615NZ,179,91,88,63
LL615PJ,17,9,8,9
LL615PQ,8,2,6,4
LL615PX,41,15,26,20
LL615PZ,6,3,3,4
LL615QA,35,16,19,18
LL615QB,75,36,39,26
LL615QD,81,33,48,35
LL615QF,78,40,38,28
LL615QG,35,19,16,30
LL615QH,41,20,21,13
LL615QQ,67,34,33,23
LL615RA,5,4,1,2
LL615RJ,1,1,0,1
LL615RQ,4,3,1,2
LL615RX,10,4,6,7
LL615RZ,60,29,31,24
LL615SJ,4,2,2,1
LL615SX,49,24,25,19
LL615SZ,56,36,20,21
LL615TJ,28,14,14,10
LL615TQ,18,12,6,6
LL615TX,29,12,17,18
LL615TZ,7,4,3,4
LL615UJ,14,6,8,7
LL615UQ,13,6,7,7
LL615UX,9,5,4,5
LL615UZ,11,5,6,5
LL615YA,13,5,8,5
LL615YH,27,17,10,11
LL615YJ,11,6,5,5
LL615YL,6,2,4,2
LL615YN,54,31,23,25
LL615YP,40,18,22,15
LL615YQ,6,3,3,3
LL615YR,122,51,71,18
LL615YS,34,15,19,13
LL615YT,52,24,28,27
LL615YU,4,2,2,2
LL615YW,89,42,47,41
LL615YX,106,55,51,46
LL615YY,3,1,2,1
LL615YZ,4,3,1,3
LL616AB,35,17,18,12
LL616AJ,17,8,9,9
LL616AQ,13,7,6,7
LL616AU,23,9,14,13
LL616AX,25,13,12,12
LL616AZ,5,2,3,2
LL616BD,24,13,11,15
LL616BJ,26,12,14,14
LL616BQ,9,4,5,4
LL616BZ,13,8,5,5
LL616DQ,32,15,17,18
LL616DZ,2,1,1,1
LL616EQ,51,32,19,20
LL616EZ,9,4,5,5
LL616HJ,22,9,13,7
LL616HQ,9,4,5,5
LL616HX,4,2,2,2
LL616JA,24,12,12,9
LL616LJ,76,40,36,42
LL616LQ,48,23,25,19
LL616LX,23,14,9,9
LL616LZ,23,11,12,14
LL616NJ,18,10,8,7
LL616NQ,10,6,4,4
LL616NT,2,2,0,0
LL616NU,1,1,0,1
LL616NX,30,14,16,14
LL616NY,43,22,21,17
LL616NZ,2,1,1,1
LL616PA,9,5,4,3
LL616PB,12,5,7,5
LL616PD,4,2,2,2
LL616PE,9,4,5,3
LL616PF,7,2,5,3
LL616PG,53,25,28,20
LL616PH,55,27,28,24
LL616PJ,24,13,11,11
LL616PL,5,3,2,3
LL616PN,18,9,9,6
LL616PQ,5,2,3,3
LL616PS,2,1,1,1
LL616PT,6,3,3,1
LL616PU,14,7,7,7
LL616PX,17,7,10,11
LL616PY,20,6,14,11
LL616PZ,21,11,10,7
LL616QR,19,11,8,5
LL616RA,11,6,5,4
LL616RB,44,21,23,14
LL616RD,33,19,14,16
LL616RE,2,1,1,1
LL616RF,10,5,5,4
LL616RG,7,3,4,3
LL616RH,17,10,7,7
LL616RJ,38,18,20,19
LL616RL,5,3,2,3
LL616RN,14,5,9,6
LL616RP,36,18,18,14
LL616RQ,45,20,25,16
LL616RR,7,4,3,4
LL616RS,93,54,39,38
LL616RT,16,8,8,6
LL616RU,45,20,25,22
LL616RW,13,6,7,4
LL616RX,5,1,4,3
LL616RY,8,2,6,3
LL616RZ,110,56,54,39
LL616SA,8,4,4,4
LL616SB,22,9,13,9
LL616SD,32,14,18,14
LL616SE,12,6,6,6
LL616SF,45,22,23,20
LL616SG,65,34,31,31
LL616SH,22,8,14,13
LL616SJ,13,5,8,6
LL616SL,9,3,6,8
LL616SN,42,23,19,17
LL616SP,1,0,1,1
LL616SQ,10,6,4,3
LL616SR,2,1,1,1
LL616ST,35,15,20,16
LL616SU,23,12,11,13
LL616SW,71,28,43,34
LL616SX,26,14,12,9
LL616SY,38,18,20,20
LL616SZ,26,13,13,8
LL616TA,24,14,10,10
LL616TB,16,5,11,8
LL616TD,91,44,47,37
LL616TE,15,7,8,6
LL616TF,10,5,5,5
LL616TG,98,50,48,39
LL616TH,3,1,2,2
LL616TJ,35,22,13,10
LL616TL,15,8,7,9
LL616TN,14,7,7,5
LL616TP,9,3,6,4
LL616TQ,52,23,29,22
LL616TR,27,11,16,12
LL616TS,4,2,2,1
LL616TT,21,12,9,10
LL616TU,17,10,7,8
LL616TW,21,6,15,9
LL616TX,21,12,9,9
LL616TY,6,3,3,2
LL616TZ,74,22,52,8
LL616UA,59,30,29,28
LL616UB,26,13,13,10
LL616UD,47,23,24,21
LL616UE,13,7,6,7
LL616UF,23,11,12,11
LL616UG,52,31,21,25
LL616UH,7,4,3,6
LL616UJ,4,2,2,2
LL616UL,28,14,14,11
LL616UN,16,7,9,10
LL616UP,11,5,6,5
LL616UQ,6,3,3,1
LL616UR,5,3,2,3
LL616US,10,6,4,4
LL616UT,11,6,5,5
LL616UU,13,4,9,4
LL616UW,27,15,12,12
LL616UX,31,12,19,9
LL616UY,2,1,1,1
LL616YA,3,1,2,1
LL616YB,14,8,6,5
LL616YD,78,36,42,35
LL616YE,12,6,6,6
LL616YF,50,28,22,23
LL616YG,37,18,19,18
LL616YH,31,17,14,14
LL616YL,25,9,16,11
LL616YN,26,11,15,12
LL616YP,28,9,19,10
LL616YR,3,2,1,1
LL616YT,5,2,3,2
LL616YU,19,10,9,10
LL616YW,20,11,9,6
LL616YY,20,10,10,8
LL616YZ,6,3,3,3
LL625AB,9,3,6,6
LL625AD,8,5,3,5
LL625AE,45,10,35,3
LL625AF,36,20,16,14
LL625AG,7,3,4,3
LL625AH,9,6,3,3
LL625AL,10,7,3,3
LL625AN,79,39,40,33
LL625AP,3,2,1,1
LL625AR,1,1,0,1
LL625AS,65,28,37,29
LL625AT,9,5,4,6
LL625AU,3,0,3,1
LL625AW,31,11,20,19
LL625AY,24,9,15,9
LL625BA,13,6,7,6
LL625BB,18,9,9,8
LL625BD,15,7,8,6
LL625BG,9,5,4,7
LL625BL,14,8,6,6
LL625BN,8,3,5,3
LL625BP,11,6,5,4
LL625BS,2,1,1,1
LL625BT,8,5,3,3
LL625BU,1,1,0,1
LL625BW,20,8,12,6
LL625BY,13,8,5,5
LL625DA,6,4,2,2
LL625DB,5,3,2,2
LL625DD,11,6,5,5
LL625DE,2,1,1,1
LL625DG,2,1,1,1
LL625DH,4,2,2,3
LL625DL,45,20,25,16
LL625DN,16,10,6,9
LL625DQ,21,11,10,7
LL625DR,32,18,14,11
LL625DS,23,10,13,8
LL625DT,29,13,16,8
LL625DU,31,15,16,12
LL625DW,35,19,16,13
LL625DX,28,14,14,11
LL625DY,9,4,5,4
LL625EA,32,15,17,11
LL625EB,17,9,8,6
LL625ED,16,7,9,6
LL625EE,14,7,7,3
LL625EF,9,6,3,3
LL625EG,12,7,5,3
LL625EH,15,8,7,7
LL625ER,8,3,5,4
LL625ES,17,8,9,7
LL625ET,7,4,3,2
LL625EU,12,5,7,9
LL625EY,3,2,1,2
LL625HA,15,8,7,4
LL625HB,7,3,4,4
LL625HD,41,21,20,16
LL625HE,6,2,4,2
LL625HF,2,1,1,1
LL625HG,4,2,2,2
LL625HH,7,5,2,5
LL625HL,8,4,4,2
LL625HP,19,9,10,6
LL625HR,1,0,1,1
LL625HS,2,1,1,1
LL625HU,3,1,2,2
LL625HY,2,1,1,1
LL625LA,13,8,5,6
LL625LB,16,10,6,4
LL625LE,7,3,4,5
LL625LF,35,17,18,15
LL625LG,23,11,12,9
LL625LH,44,20,24,20
LL625LL,8,2,6,4
LL625LN,5,2,3,2
LL625LR,1,1,0,1
LL625LS,18,7,11,9
LL625LT,7,4,3,2
LL625LU,15,5,10,5
LL625LW,11,6,5,6
LL625LY,4,2,2,2
LL625NE,18,10,8,10
LL625NF,21,11,10,10
LL625NG,2,1,1,1
LL625NH,16,7,9,8
LL625NL,21,10,11,11
LL625NN,1,0,1,1
LL625NR,6,4,2,5
LL625NS,12,7,5,5
LL625NT,12,5,7,5
LL625NU,13,8,5,7
LL625NW,53,28,25,25
LL625NY,2,1,1,1
LL625PA,4,2,2,2
LL625PB,11,7,4,4
LL625PD,19,13,6,7
LL625PE,28,14,14,12
LL625PF,2,1,1,1
LL625PG,13,6,7,7
LL625PH,8,3,5,4
LL625PN,9,4,5,4
LL625PP,11,6,5,7
LL625PR,29,13,16,12
LL625PS,14,6,8,7
LL625PT,25,10,15,9
LL625PU,8,5,3,3
LL625PW,16,9,7,6
LL625PY,6,3,3,3
LL625RA,23,9,14,9
LL625RB,13,6,7,7
LL625RD,19,8,11,7
LL625RE,1,1,0,1
LL625RF,1,1,0,1
LL625RG,1,0,1,1
LL635AJ,11,4,7,6
LL635AX,4,1,3,2
LL635AZ,26,13,13,17
LL635BJ,15,9,6,4
LL635BQ,24,12,12,13
LL635BX,10,7,3,6
LL635BZ,11,6,5,4
LL635DJ,20,9,11,9
LL635DQ,37,16,21,21
LL635DX,11,5,6,6
LL635DZ,8,4,4,3
LL635EJ,1,0,1,1
LL635EQ,43,21,22,19
LL635EX,6,4,2,3
LL635EZ,82,43,39,40
LL635HJ,2,1,1,1
LL635HX,7,3,4,3
LL635HZ,15,6,9,5
LL635LJ,5,4,1,4
LL635LQ,19,7,12,10
LL635LX,2,1,1,1
LL635LZ,8,2,6,7
LL635NJ,1,1,0,1
LL635NQ,3,2,1,1
LL635NX,2,1,1,1
LL635NZ,6,2,4,2
LL635PJ,10,5,5,7
LL635PQ,22,9,13,16
LL635RJ,1,1,0,1
LL635RN,17,10,7,7
LL635RP,48,26,22,20
LL635RQ,1,1,0,1
LL635RR,28,15,13,13
LL635RS,6,3,3,4
LL635RT,11,7,4,4
LL635RU,9,3,6,4
LL635RW,8,5,3,4
LL635RX,11,3,8,5
LL635RY,30,12,18,12
LL635RZ,11,6,5,3
LL635SA,9,3,6,3
LL635SB,9,4,5,4
LL635SD,20,13,7,7
LL635SE,12,4,8,5
LL635SF,13,8,5,5
LL635SH,13,9,4,4
LL635SJ,3,2,1,1
LL635SN,96,47,49,47
LL635SP,28,10,18,11
LL635SQ,1,1,0,1
LL635SR,20,8,12,10
LL635SS,21,12,9,7
LL635ST,11,5,6,6
LL635SW,17,8,9,8
LL635SX,20,10,10,6
LL635SY,35,21,14,17
LL635SZ,3,2,1,1
LL635TA,17,7,10,10
LL635TB,41,21,20,20
LL635TD,1,0,1,1
LL635TE,15,7,8,7
LL635TG,12,7,5,6
LL635TN,32,13,19,9
LL635TP,25,12,13,10
LL635TQ,8,4,4,3
LL635TR,2,1,1,1
LL635TS,23,10,13,10
LL635TT,25,14,11,11
LL635TU,15,9,6,7
LL635TW,21,10,11,12
LL635TY,9,4,5,4
LL635UA,6,4,2,3
LL635UB,1,1,0,1
LL635UD,15,8,7,5
LL635UE,2,1,1,1
LL635UF,12,5,7,4
LL635UG,2,1,1,1
LL635UH,11,7,4,5
LL635UL,8,3,5,4
LL635UN,1,0,1,1
LL635UP,9,5,4,3
LL635UR,2,1,1,1
LL635UT,16,8,8,7
LL635UU,2,0,2,2
LL635UY,6,3,3,4
LL635YA,12,6,6,4
LL635YB,16,10,6,5
LL635YD,3,2,1,2
LL635YH,6,2,4,1
LL635YL,6,4,2,2
LL635YN,1,1,0,1
LL635YP,3,2,1,2
LL635YR,1,1,0,1
LL635YS,6,4,2,3
LL635YT,6,2,4,2
LL635YU,14,8,6,5
LL635YY,3,1,2,1
LL645AB,5,4,1,3
LL645JA,15,5,10,6
LL645JD,11,5,6,5
LL645JE,10,5,5,5
LL645JF,44,24,20,24
LL645JG,16,3,13,0
LL645JH,17,10,7,7
LL645JJ,9,5,4,4
LL645JL,1,0,1,1
LL645JP,2,1,1,1
LL645JQ,5,1,4,2
LL645JR,7,4,3,2
LL645JS,7,3,4,4
LL645JT,4,3,1,2
LL645JU,2,1,1,2
LL645JW,10,6,4,6
LL645JX,51,26,25,20
LL645JY,9,4,5,8
LL645JZ,16,7,9,9
LL645QB,26,12,14,15
LL645QD,16,6,10,11
LL645QE,35,20,15,14
LL645QF,63,30,33,29
LL645QG,45,23,22,15
LL645QH,15,7,8,7
LL645QJ,5,2,3,3
LL645QL,4,2,2,2
LL645QN,6,3,3,4
LL645QP,76,41,35,35
LL645QQ,22,12,10,12
LL645QR,97,42,55,36
LL645QS,53,26,27,22
LL645QT,49,28,21,27
LL645QU,6,2,4,4
LL645QW,9,5,4,5
LL645QX,4,1,3,2
LL645QY,8,4,4,2
LL645QZ,11,4,7,6
LL645RA,7,4,3,4
LL645RB,8,3,5,4
LL645UJ,26,6,20,24
LL645UQ,19,9,10,11
LL645UR,12,7,5,6
LL645UX,25,11,14,14
LL645UZ,10,4,6,5
LL645XA,20,10,10,6
LL645XB,43,24,19,25
LL645XG,11,5,6,5
LL645YJ,13,5,8,9
LL645YQ,5,3,2,3
LL645YX,9,5,4,6
LL645YZ,2,2,0,2
LL651AA,34,17,17,10
LL651AB,77,41,36,23
LL651AD,37,24,13,13
LL651AE,17,8,9,4
LL651AF,44,18,26,14
LL651AG,125,72,53,51
LL651AH,3,1,2,1
LL651AJ,54,26,28,26
LL651AL,81,45,36,38
LL651AN,27,12,15,10
LL651AP,23,9,14,12
LL651AQ,42,20,22,20
LL651AR,71,44,27,27
LL651AS,22,13,9,12
LL651AT,22,10,12,10
LL651AU,4,1,3,2
LL651AW,62,31,31,25
LL651AX,9,3,6,6
LL651AY,23,11,12,12
LL651BA,17,7,10,7
LL651BB,9,5,4,4
LL651BD,19,12,7,11
LL651BE,25,12,13,13
LL651BG,51,25,26,22
LL651BQ,24,11,13,12
LL651BU,12,8,4,8
LL651BW,18,10,8,10
LL651BY,9,5,4,6
LL651DD,10,10,0,10
LL651DE,4,2,2,3
LL651DG,9,4,5,2
LL651DH,43,15,28,17
LL651DL,4,1,3,3
LL651DS,32,15,17,16
LL651DT,61,32,29,28
LL651DU,68,34,34,28
LL651DW,13,7,6,5
LL651DY,31,15,16,16
LL651EA,13,5,8,5
LL651EB,8,4,4,3
LL651ED,35,14,21,13
LL651EE,41,33,8,34
LL651EF,6,5,1,5
LL651EG,7,3,4,4
LL651EH,46,21,25,24
LL651EN,13,7,6,6
LL651EP,9,6,3,5
LL651ER,39,17,22,15
LL651ES,11,6,5,6
LL651ET,13,5,8,6
LL651EU,60,30,30,28
LL651EW,12,5,7,6
LL651EY,27,11,16,12
LL651FA,10,7,3,6
LL651HA,30,12,18,11
LL651HB,17,9,8,8
LL651HG,11,8,3,7
LL651HL,12,8,4,10
LL651HP,88,49,39,43
LL651HR,71,34,37,34
LL651HS,3,2,1,2
LL651HT,44,17,27,24
LL651HU,9,7,2,8
LL651HW,6,5,1,2
LL651HY,122,58,64,46
LL651LA,44,18,26,18
LL651LB,37,21,16,15
LL651LE,111,62,49,48
LL651LF,48,27,21,22
LL651LG,51,28,23,18
LL651LH,70,29,41,38
LL651LJ,13,6,7,11
LL651LL,96,45,51,42
LL651LP,64,33,31,32
LL651LR,27,13,14,11
LL651LS,34,16,18,14
LL651LT,32,17,15,15
LL651LW,4,2,2,2
LL651LX,30,15,15,10
LL651LY,28,15,13,17
LL651LZ,52,29,23,17
LL651NA,8,3,5,3
LL651NB,25,12,13,14
LL651ND,8,5,3,2
LL651NE,6,3,3,5
LL651NF,63,25,38,24
LL651NG,8,7,1,7
LL651NH,123,56,67,40
LL651NJ,17,8,9,14
LL651NL,56,29,27,20
LL651NN,10,3,7,3
LL651NR,55,30,25,20
LL651NS,45,12,33,6
LL651NT,12,7,5,8
LL651NW,162,81,81,70
LL651PA,13,5,8,6
LL651PB,45,21,24,21
LL651PD,21,12,9,5
LL651PE,18,8,10,10
LL651PF,11,5,6,6
LL651PG,21,10,11,12
LL651PH,43,23,20,16
LL651PJ,20,10,10,10
LL651PL,12,5,7,5
LL651PN,109,58,51,49
LL651PP,32,17,15,15
LL651PQ,4,1,3,1
LL651PR,41,20,21,25
LL651PS,53,24,29,20
LL651PT,10,6,4,4
LL651PU,21,8,13,6
LL651PW,26,13,13,12
LL651PX,13,6,7,4
LL651PY,16,11,5,16
LL651PZ,18,14,4,14
LL651RB,25,17,8,22
LL651RD,66,33,33,38
LL651RE,25,8,17,23
LL651RF,36,23,13,21
LL651RJ,12,5,7,12
LL651RN,14,9,5,11
LL651RR,55,30,25,29
LL651RS,33,21,12,14
LL651RT,7,5,2,7
LL651RU,33,14,19,18
LL651RW,15,4,11,8
LL651SA,56,29,27,28
LL651SB,4,2,2,2
LL651SD,53,29,24,15
LL651SE,16,9,7,8
LL651SF,3,2,1,3
LL651SG,11,4,7,8
LL651SH,20,9,11,7
LL651SJ,63,28,35,27
LL651SL,36,18,18,13
LL651SN,25,11,14,8
LL651SP,41,23,18,17
LL651SR,12,7,5,5
LL651SS,21,10,11,7
LL651ST,67,31,36,28
LL651SU,12,7,5,4
LL651SY,19,11,8,9
LL651TA,9,4,5,4
LL651TB,20,9,11,14
LL651TD,30,15,15,12
LL651TE,22,11,11,10
LL651TF,107,49,58,47
LL651TG,28,9,19,12
LL651TH,15,6,9,7
LL651TL,88,41,47,43
LL651TN,52,27,25,19
LL651TP,3,1,2,1
LL651TR,13,6,7,7
LL651TS,14,8,6,7
LL651TT,20,13,7,15
LL651TU,11,7,4,6
LL651TY,41,20,21,18
LL651UB,9,5,4,4
LL651UD,16,11,5,13
LL651UF,6,4,2,5
LL651UL,8,6,2,6
LL651UN,20,14,6,12
LL651UT,4,2,2,3
LL651UW,23,14,9,13
LL651YA,47,27,20,26
LL651YF,6,4,2,2
LL651YH,22,9,13,10
LL651YL,12,5,7,5
LL651YN,2,1,1,1
LL651YP,6,2,4,4
LL651YR,26,11,15,16
LL651YS,19,11,8,9
LL651YT,2,2,0,2
LL651YU,52,27,25,20
LL651YW,36,18,18,16
LL652AA,18,8,10,8
LL652AB,4,2,2,2
LL652AD,34,16,18,14
LL652AE,12,6,6,4
LL652AF,100,47,53,40
LL652AG,50,28,22,24
LL652AH,34,15,19,14
LL652AJ,9,4,5,7
LL652AL,101,54,47,37
LL652AN,11,5,6,5
LL652AP,17,7,10,7
LL652AQ,21,12,9,12
LL652AR,98,41,57,39
LL652AS,46,24,22,19
LL652AT,64,32,32,22
LL652AU,16,7,9,7
LL652AW,26,12,14,11
LL652AX,31,18,13,17
LL652AY,40,23,17,18
LL652AZ,82,42,40,35
LL652BA,42,19,23,16
LL652BB,27,14,13,9
LL652BD,14,7,7,7
LL652BE,70,31,39,29
LL652BF,3,2,1,2
LL652BG,98,45,53,32
LL652BH,9,4,5,4
LL652BJ,63,30,33,28
LL652BL,79,37,42,31
LL652BN,42,19,23,24
LL652BP,6,3,3,3
LL652BQ,23,12,11,10
LL652BU,24,13,11,11
LL652BW,9,3,6,6
LL652BX,48,26,22,20
LL652BY,8,3,5,2
LL652BZ,20,11,9,8
LL652DA,36,15,21,18
LL652DB,21,12,9,14
LL652DD,33,12,21,28
LL652DF,5,2,3,4
LL652DG,8,5,3,5
LL652DH,87,41,46,33
LL652DJ,2,1,1,1
LL652DL,37,18,19,15
LL652DN,15,7,8,7
LL652DP,30,13,17,13
LL652DQ,9,6,3,4
LL652DR,84,35,49,33
LL652DT,4,2,2,1
LL652DU,38,16,22,27
LL652DW,2,0,2,2
LL652DX,24,14,10,8
LL652DY,66,26,40,29
LL652DZ,24,10,14,8
LL652EA,12,5,7,4
LL652EB,35,10,25,11
LL652ED,68,34,34,25
LL652EE,29,12,17,11
LL652EF,4,1,3,3
LL652EG,41,37,4,39
LL652EH,64,27,37,25
LL652EJ,37,16,21,15
LL652EL,15,9,6,10
LL652EN,64,34,30,33
LL652EP,59,27,32,27
LL652EQ,16,10,6,6
LL652ER,82,35,47,31
LL652ES,10,5,5,5
LL652ET,58,36,22,26
LL652EU,40,21,19,28
LL652EW,115,64,51,51
LL652EX,68,33,35,33
LL652EY,15,8,7,1
LL652EZ,42,23,19,18
LL652FB,14,7,7,7
LL652FE,16,7,9,8
LL652FF,50,27,23,25
LL652GA,5,4,1,3
LL652GB,12,5,7,6
LL652HA,5,4,1,2
LL652HB,11,8,3,5
LL652HD,132,58,74,52
LL652HE,29,16,13,10
LL652HF,25,12,13,8
LL652HG,16,8,8,7
LL652HH,4,1,3,3
LL652HJ,38,16,22,18
LL652HL,34,19,15,18
LL652HN,39,19,20,33
LL652HP,9,2,7,6
LL652HQ,6,3,3,3
LL652HR,2,1,1,1
LL652HS,4,2,2,2
LL652HU,23,11,12,13
LL652HW,4,1,3,3
LL652HX,23,14,9,8
LL652HY,2,2,0,1
LL652HZ,9,4,5,3
LL652JA,8,3,5,4
LL652JB,2,1,1,1
LL652JD,13,7,6,7
LL652JG,51,25,26,17
LL652LB,29,14,15,14
LL652LD,70,31,39,22
LL652LE,7,6,1,7
LL652LF,105,50,55,46
LL652LG,8,4,4,2
LL652LH,2,1,1,1
LL652LJ,3,1,2,3
LL652LL,73,37,36,28
LL652LN,2,1,1,1
LL652LP,13,3,10,3
LL652LQ,9,5,4,3
LL652LS,12,6,6,7
LL652LT,23,12,11,10
LL652LU,40,19,21,16
LL652LW,16,9,7,6
LL652LX,69,32,37,32
LL652LZ,6,4,2,2
LL652NA,12,5,7,5
LL652NB,87,42,45,31
LL652ND,12,9,3,12
LL652NE,12,5,7,5
LL652NF,17,7,10,9
LL652NG,63,33,30,33
LL652NH,25,12,13,17
LL652NJ,17,10,7,8
LL652NL,20,10,10,12
LL652NN,127,61,66,56
LL652NP,79,34,45,42
LL652NQ,49,22,27,22
LL652NR,104,46,58,45
LL652NS,27,13,14,13
LL652NT,66,30,36,31
LL652NU,62,32,30,28
LL652NW,28,14,14,13
LL652NY,116,52,64,52
LL652NZ,8,4,4,3
LL652PA,5,4,1,4
LL652PB,26,12,14,22
LL652PD,33,17,16,27
LL652PE,61,31,30,32
LL652PF,78,36,42,33
LL652PG,63,33,30,25
LL652PH,3,2,1,2
LL652PJ,55,23,32,26
LL652PL,75,34,41,29
LL652PN,116,62,54,48
LL652PP,37,22,15,16
LL652PQ,17,7,10,9
LL652PR,44,26,18,18
LL652PS,5,3,2,3
LL652PT,9,6,3,5
LL652PU,25,13,12,12
LL652PW,6,3,3,4
LL652PX,4,2,2,2
LL652PY,33,13,20,18
LL652PZ,27,12,15,10
LL652QB,21,10,11,10
LL652QD,13,7,6,4
LL652QE,3,1,2,2
LL652QF,18,6,12,13
LL652RA,6,3,3,2
LL652RB,50,24,26,28
LL652RD,49,29,20,32
LL652RE,50,22,28,17
LL652RF,26,15,11,13
LL652RG,16,8,8,7
LL652RH,8,5,3,6
LL652RJ,4,2,2,1
LL652RL,16,9,7,9
LL652RN,1,0,1,1
LL652RP,37,14,23,14
LL652RQ,12,7,5,5
LL652RR,24,13,11,13
LL652RS,16,7,9,9
LL652RT,26,13,13,14
LL652RU,35,16,19,14
LL652RW,35,19,16,14
LL652RX,7,4,3,2
LL652RY,15,10,5,6
LL652RZ,14,7,7,7
LL652SA,3,1,2,2
LL652SD,122,54,68,43
LL652SE,125,57,68,44
LL652SF,30,15,15,16
LL652SG,15,9,6,8
LL652SH,27,14,13,12
LL652SJ,12,6,6,6
LL652SL,9,5,4,4
LL652SP,129,70,59,56
LL652SQ,10,5,5,4
LL652SR,7,3,4,3
LL652SS,6,3,3,3
LL652SU,12,9,3,6
LL652SW,37,23,14,15
LL652SX,50,25,25,24
LL652SY,16,9,7,4
LL652TA,62,31,31,26
LL652TB,10,3,7,7
LL652TD,33,13,20,12
LL652TE,15,7,8,7
LL652TF,23,13,10,12
LL652TG,6,6,0,6
LL652TH,65,30,35,24
LL652TJ,10,5,5,6
LL652TL,46,24,22,20
LL652TN,67,34,33,27
LL652TQ,49,22,27,21
LL652TR,5,3,2,2
LL652TS,12,6,6,7
LL652TT,27,17,10,13
LL652TU,33,16,17,12
LL652TW,20,9,11,8
LL652TX,10,4,6,6
LL652TY,66,28,38,20
LL652UA,5,4,1,3
LL652UB,1,0,1,1
LL652UD,101,34,67,32
LL652UE,74,32,42,41
LL652UF,27,15,12,10
LL652UG,64,33,31,33
LL652UL,5,1,4,4
LL652UN,11,3,8,4
LL652UP,77,39,38,36
LL652UR,6,1,5,2
LL652US,20,10,10,12
LL652UT,1,1,0,1
LL652UU,5,3,2,2
LL652UY,68,34,34,28
LL652WA,30,11,19,18
LL652WB,61,33,28,23
LL652WG,11,6,5,5
LL652YD,18,10,8,7
LL652YE,9,4,5,4
LL652YF,1,0,1,1
LL652YG,4,2,2,3
LL652YH,64,27,37,28
LL652YJ,8,5,3,4
LL652YL,49,21,28,20
LL652YN,146,78,68,62
LL652YR,27,17,10,16
LL652YS,14,8,6,11
LL652YU,29,13,16,19
LL652YW,57,26,31,27
LL652YX,3,3,0,1
LL652YY,14,8,6,6
LL653AA,10,6,4,4
LL653AE,31,16,15,14
LL653AF,7,2,5,4
LL653AG,2,1,1,1
LL653AH,48,20,28,25
LL653AJ,9,5,4,6
LL653AL,29,15,14,12
LL653AN,46,21,25,23
LL653AP,75,37,38,32
LL653AQ,1,1,0,1
LL653AR,144,73,71,67
LL653AS,19,9,10,9
LL653AT,77,41,36,27
LL653AU,6,3,3,2
LL653AW,41,20,21,18
LL653AX,14,8,6,8
LL653AY,35,17,18,18
LL653AZ,32,17,15,14
LL653BA,17,8,9,9
LL653BB,58,27,31,28
LL653BD,97,47,50,37
LL653BE,40,19,21,16
LL653BF,34,17,17,13
LL653BG,47,24,23,23
LL653BH,17,8,9,9
LL653BJ,102,54,48,45
LL653BL,17,9,8,9
LL653BN,12,6,6,6
LL653BP,1,1,0,1
LL653BQ,10,4,6,4
LL653BS,9,4,5,3
LL653BT,33,15,18,8
LL653BU,30,15,15,17
LL653BW,30,15,15,17
LL653BX,4,1,3,1
LL653BY,41,24,17,16
LL653BZ,13,6,7,6
LL653DA,7,5,2,3
LL653DB,1,1,0,1
LL653DD,16,9,7,6
LL653DE,9,5,4,4
LL653DF,9,5,4,4
LL653DG,5,2,3,1
LL653DJ,16,5,11,6
LL653DL,22,11,11,9
LL653DN,143,74,69,58
LL653DP,52,28,24,27
LL653DQ,20,12,8,8
LL653DT,4,0,4,2
LL653DU,8,5,3,4
LL653DW,22,10,12,10
LL653DX,31,18,13,12
LL653DY,144,74,70,57
LL653DZ,4,1,3,1
LL653EA,3,1,2,2
LL653EB,39,18,21,22
LL653ED,6,3,3,3
LL653EE,3,2,1,2
LL653EF,7,4,3,4
LL653EG,49,17,32,30
LL653EL,98,42,56,43
LL653EN,38,19,19,13
LL653EP,2,1,1,1
LL653EQ,8,2,6,2
LL653ER,176,90,86,67
LL653ES,195,89,106,73
LL653ET,3,2,1,2
LL653EU,4,2,2,2
LL653EW,22,9,13,9
LL653EX,14,6,8,4
LL653EY,60,28,32,29
LL653EZ,1,0,1,1
LL653FA,81,40,41,35
LL653FB,12,4,8,5
LL653HA,15,8,7,5
LL653HB,32,15,17,19
LL653HD,4,1,3,1
LL653HE,3,1,2,2
LL653HF,9,3,6,4
LL653HG,6,3,3,4
LL653HH,13,6,7,4
LL653HL,16,8,8,7
LL653HN,23,10,13,10
LL653HP,4,2,2,1
LL653HQ,9,5,4,3
LL653HR,11,6,5,4
LL653HS,56,32,24,18
LL653HU,15,7,8,6
LL653HW,7,2,5,4
LL653HY,10,4,6,3
LL653LA,7,4,3,3
LL653LB,26,15,11,6
LL653LD,11,6,5,7
LL653LF,12,4,8,5
LL653LH,123,65,58,41
LL653LJ,33,15,18,14
LL653LL,87,44,43,29
LL653LN,5,2,3,3
LL653LP,61,27,34,25
LL653LQ,7,3,4,4
LL653LR,8,4,4,3
LL653LS,94,44,50,35
LL653LT,43,25,18,19
LL653LU,78,39,39,31
LL653LX,32,17,15,10
LL653LY,11,6,5,3
LL653LZ,11,5,6,4
LL653NA,96,43,53,39
LL653NB,67,39,28,26
LL653ND,60,31,29,19
LL653NE,80,45,35,29
LL653NF,40,22,18,14
LL653NG,113,53,60,36
LL653NL,11,6,5,4
LL653NN,19,10,9,8
LL653NR,55,26,29,18
LL653NS,45,24,21,16
LL653NT,63,34,29,22
LL653NY,146,122,24,0
LL653PA,4,3,1,1
LL653PB,6,3,3,2
LL653PD,4,3,1,1
LL653PE,15,6,9,5
LL653PF,2,1,1,1
LL653PG,4,2,2,1
LL653PH,14,7,7,4
LL653PJ,18,4,14,15
LL653PL,21,11,10,12
LL653PN,9,5,4,4
LL653PP,130,68,62,54
LL653PQ,70,34,36,31
LL653PR,36,18,18,14
LL653PS,19,7,12,7
LL653PT,77,42,35,32
LL653PU,37,16,21,14
LL653PW,47,25,22,28
LL653PY,71,34,37,31
LL653PZ,26,13,13,10
LL653RA,54,23,31,16
LL653RB,10,4,6,2
LL653RD,39,19,20,22
LL653RE,1,0,1,1
LL653RF,3,1,2,2
LL653RG,4,2,2,2
LL653RH,7,3,4,3
LL653RL,12,6,6,6
LL653RN,2,1,1,1
LL653RP,8,3,5,3
LL653RR,28,13,15,12
LL653RS,20,7,13,7
LL653RT,2,1,1,1
LL653RU,5,2,3,3
LL653RW,6,1,5,2
LL653RY,1,1,0,1
LL653SA,16,9,7,9
LL653SB,19,8,11,6
LL653SD,12,7,5,6
LL653SE,4,2,2,2
LL653SF,17,7,10,5
LL653SG,4,2,2,2
LL653SH,69,37,32,21
LL653SL,2,1,1,1
LL653SN,5,0,5,3
LL653SR,13,10,3,3
LL653SS,28,11,17,13
LL653ST,4,2,2,2
LL653SU,58,30,28,22
LL653SW,27,14,13,14
LL653SX,56,30,26,21
LL653SY,116,54,62,51
LL653SZ,24,14,10,7
LL653TB,30,13,17,14
LL653TD,49,26,23,22
LL653TE,15,7,8,7
LL653TF,13,8,5,6
LL653TG,16,9,7,7
LL653TH,62,31,31,28
LL653TL,10,6,4,5
LL653TN,21,9,12,10
LL653TP,19,7,12,12
LL653TR,5,2,3,2
LL653TS,39,24,15,19
LL653TT,27,15,12,10
LL653TU,44,24,20,18
LL653TW,14,8,6,7
LL653TX,20,11,9,6
LL653TY,4,1,3,1
LL653TZ,6,4,2,3
LL653UA,19,9,10,6
LL653UB,11,7,4,4
LL653UD,81,41,40,29
LL653UE,8,5,3,3
LL653UF,9,4,5,3
LL653UG,9,3,6,4
LL653UH,6,2,4,3
LL653UJ,24,12,12,12
LL653UL,12,6,6,4
LL653UN,19,8,11,9
LL653UP,10,5,5,3
LL653UR,23,8,15,18
LL653UW,3,1,2,1
LL653YA,1,0,1,1
LL653YB,87,42,45,38
LL653YD,42,22,20,21
LL653YE,27,11,16,9
LL653YF,23,11,12,10
LL653YG,14,7,7,7
LL653YH,2,1,1,1
LL653YL,15,6,9,10
LL653YN,6,3,3,1
LL653YP,2,1,1,1
LL653YR,2,1,1,1
LL653YS,7,6,1,4
LL653YT,29,13,16,12
LL653YU,4,2,2,1
LL653YW,6,3,3,3
LL653YY,6,3,3,3
LL654AA,22,12,10,7
LL654AB,2,1,1,2
LL654AD,96,46,50,41
LL654AE,11,4,7,5
LL654AF,49,25,24,19
LL654AG,39,18,21,14
LL654AH,30,12,18,16
LL654AL,12,8,4,6
LL654AN,2,1,1,1
LL654AP,7,3,4,3
LL654AR,8,3,5,3
LL654AS,22,11,11,8
LL654AT,17,9,8,6
LL654AU,6,3,3,3
LL654AW,5,2,3,2
LL654AY,23,12,11,9
LL654BB,3,1,2,1
LL654BD,7,4,3,3
LL654BE,2,1,1,1
LL654BG,28,16,12,11
LL654BH,7,3,4,3
LL654BL,4,2,2,2
LL654BS,9,5,4,4
LL654BT,2,1,1,1
LL654BU,17,10,7,6
LL654BY,5,4,1,1
LL654DA,3,1,2,1
LL654DB,24,12,12,9
LL654DD,2,1,1,1
LL654DE,12,8,4,6
LL654DG,10,5,5,4
LL654DH,15,8,7,8
LL654DL,55,27,28,18
LL654DN,1,1,0,1
LL654DP,8,5,3,2
LL654DR,3,2,1,1
LL654DS,4,2,2,2
LL654DT,14,8,6,5
LL654DU,2,1,1,1
LL654DW,27,14,13,8
LL654DY,17,10,7,9
LL654EA,20,10,10,10
LL654EB,40,20,20,19
LL654ED,5,2,3,3
LL654EE,9,4,5,2
LL654EF,9,3,6,6
LL654EG,52,22,30,27
LL654EJ,15,7,8,8
LL654EN,1,1,0,1
LL654EP,5,3,2,2
LL654EQ,15,8,7,6
LL654ER,12,6,6,6
LL654ES,14,7,7,7
LL654ET,8,4,4,5
LL654EW,1,1,0,1
LL654EY,18,5,13,9
LL654HA,13,5,8,10
LL654HB,12,6,6,5
LL654HD,6,3,3,3
LL654HH,10,6,4,4
LL654HL,16,11,5,6
LL654HN,10,6,4,4
LL654HP,31,15,16,9
LL654HR,18,12,6,7
LL654HS,11,6,5,4
LL654HT,60,33,27,23
LL654HU,5,3,2,2
LL654HY,5,3,2,2
LL654LA,7,1,6,3
LL654LB,26,12,14,11
LL654LD,11,5,6,5
LL654LF,6,3,3,3
LL654LG,14,8,6,5
LL654LH,3,2,1,1
LL654LL,32,16,16,12
LL654LN,22,11,11,9
LL654LP,5,3,2,3
LL654LR,14,7,7,6
LL654LS,9,5,4,5
LL654LT,6,4,2,3
LL654LU,6,4,2,1
LL654LW,53,27,26,23
LL654LY,16,8,8,7
LL654NE,4,2,2,2
LL654NF,22,12,10,7
LL654NG,9,4,5,3
LL654NH,20,10,10,8
LL654NL,31,13,18,13
LL654NN,11,6,5,4
LL654NP,2,1,1,1
LL654NR,3,1,2,1
LL654NS,1,1,0,1
LL654NT,13,5,8,6
LL654NU,93,46,47,37
LL654NW,40,23,17,16
LL654NY,25,14,11,12
LL654PA,10,6,4,3
LL654PB,30,18,12,11
LL654PD,2,1,1,2
LL654PE,12,6,6,5
LL654PF,29,17,12,9
LL654PG,48,24,24,20
LL654PH,25,11,14,11
LL654PJ,15,5,10,6
LL654PL,11,4,7,4
LL654PN,1,0,1,1
LL654PP,11,4,7,4
LL654PR,6,1,5,4
LL654PS,45,26,19,17
LL654PT,14,7,7,7
LL654PU,26,15,11,9
LL654PW,30,12,18,15
LL654PY,23,10,13,10
LL654RA,9,4,5,4
LL654RB,86,39,47,34
LL654RD,7,4,3,3
LL654RE,34,12,22,5
LL654RF,6,2,4,3
LL654RG,3,1,2,3
LL654RH,14,8,6,4
LL654RL,2,1,1,1
LL654RN,7,5,2,3
LL654RP,14,6,8,5
LL654RR,23,13,10,9
LL654RS,50,21,29,19
LL654RT,10,6,4,7
LL654RU,15,6,9,4
LL654RW,13,5,8,4
LL654RY,91,41,50,42
LL654SA,65,29,36,22
LL654SB,67,37,30,21
LL654SD,18,7,11,9
LL654SE,3,2,1,1
LL654SF,41,20,21,16
LL654SG,39,16,23,19
LL654SH,36,22,14,14
LL654SL,52,26,26,24
LL654SN,15,11,4,6
LL654SP,37,21,16,15
LL654SR,26,10,16,9
LL654SS,11,6,5,5
LL654ST,46,23,23,20
LL654SU,19,12,7,12
LL654SW,9,3,6,3
LL654TA,20,10,10,9
LL654TB,2,2,0,1
LL654TD,9,4,5,4
LL654TE,7,4,3,2
LL654TF,3,2,1,1
LL654TG,4,3,1,1
LL654TH,5,2,3,1
LL654TL,5,2,3,3
LL654TN,14,7,7,7
LL654TP,22,13,9,9
LL654TR,13,5,8,5
LL654TS,16,9,7,7
LL654TW,44,23,21,13
LL654TY,12,7,5,5
LL654UA,10,3,7,3
LL654UE,12,6,6,5
LL654UF,47,22,25,24
LL654UG,28,11,17,9
LL654UH,4,1,3,3
LL654UL,8,3,5,5
LL654UN,15,8,7,7
LL654UP,33,17,16,17
LL654UR,38,14,24,10
LL654UT,29,15,14,12
LL654UU,31,17,14,13
LL654UW,31,18,13,10
LL654UY,19,9,10,7
LL654YA,12,8,4,3
LL654YB,32,16,16,14
LL654YD,13,6,7,5
LL654YE,11,7,4,6
LL654YF,12,6,6,6
LL654YG,41,19,22,14
LL654YH,1,0,1,1
LL654YL,44,25,19,18
LL654YN,2,0,2,1
LL654YP,7,5,2,2
LL654YR,35,17,18,17
LL654YW,16,10,6,8
LL660AA,11,6,5,5
LL660AB,45,27,18,19
LL660AD,12,6,6,5
LL660AE,53,25,28,29
LL660AN,4,2,2,2
LL660AP,5,2,3,3
LL660AS,13,7,6,4
LL660AT,8,4,4,3
LL660AU,8,5,3,4
LL660AW,11,6,5,3
LL660AX,6,3,3,2
LL660AY,5,2,3,2
LL660BE,2,1,1,2
LL660BG,37,18,19,12
LL660BH,4,3,1,1
LL660BL,11,6,5,4
LL660BN,5,4,1,2
LL660BP,8,5,3,4
LL660BW,4,2,2,1
LL669AA,7,4,3,4
LL669AB,5,3,2,4
LL670DA,60,24,36,26
LL670DN,10,6,4,6
LL670DP,49,27,22,24
LL670DR,54,32,22,18
LL670DS,48,28,20,20
LL670DT,8,5,3,3
LL670DU,19,9,10,7
LL670DW,36,21,15,13
LL670DY,10,8,2,4
LL670EA,16,9,7,9
LL670ED,37,22,15,15
LL670EP,2,2,0,2
LL670ER,3,1,2,2
LL670ES,9,4,5,6
LL670ET,2,1,1,1
LL670EU,6,3,3,3
LL670EW,1,1,0,1
LL670EY,61,26,35,25
LL670HA,18,10,8,8
LL670HB,12,6,6,6
LL670HD,5,3,2,2
LL670HE,13,8,5,5
LL670HF,18,8,10,6
LL670HG,12,5,7,5
LL670HH,41,20,21,23
LL670HJ,6,3,3,2
LL670HL,58,27,31,30
LL670HN,13,9,4,5
LL670HP,18,8,10,9
LL670HR,18,8,10,7
LL670HS,152,66,86,79
LL670HU,33,18,15,16
LL670HY,16,7,9,10
LL670LA,13,7,6,10
LL670LB,14,6,8,4
LL670LD,14,5,9,8
LL670LE,30,13,17,12
LL670LF,48,23,25,27
LL670LG,14,5,9,6
LL670LH,3,2,1,2
LL670LJ,30,10,20,14
LL670LL,9,4,5,4
LL670LN,25,13,12,13
LL670LP,35,16,19,19
LL670LS,12,5,7,3
LL670LT,30,15,15,13
LL670LW,47,30,17,19
LL670NA,29,16,13,16
LL670NB,4,2,2,2
LL670ND,22,15,7,12
LL670NF,6,4,2,4
LL670NG,7,4,3,6
LL670NH,1,0,1,1
LL670NL,88,39,49,48
LL670NN,12,7,5,6
LL670NP,58,30,28,25
LL670NW,1,1,0,1
LL680NT,13,7,6,6
LL680NU,5,5,0,2
LL680NY,19,15,4,10
LL680PA,10,3,7,4
LL680PB,9,5,4,4
LL680PD,6,5,1,4
LL680PF,13,6,7,6
LL680PG,14,6,8,7
LL680PH,12,4,8,5
LL680PL,12,3,9,5
LL680PN,20,9,11,7
LL680PP,2,1,1,1
LL680PR,35,17,18,15
LL680PS,9,3,6,2
LL680PT,14,7,7,6
LL680PU,4,3,1,2
LL680PW,13,5,8,6
LL680PY,13,8,5,7
LL680RA,44,21,23,16
LL680RB,44,16,28,22
LL680RD,44,28,16,18
LL680RE,46,20,26,20
LL680RF,75,37,38,28
LL680RG,49,21,28,22
LL680RH,13,7,6,3
LL680RJ,29,12,17,10
LL680RL,12,8,4,4
LL680RR,17,9,8,10
LL680RS,9,5,4,5
LL680RT,11,5,6,6
LL680RU,4,2,2,2
LL680RY,42,24,18,20
LL680SA,23,11,12,8
LL680SB,25,8,17,17
LL680SD,31,13,18,12
LL680SE,24,10,14,11
LL680SF,16,7,9,5
LL680SG,8,4,4,3
LL680SH,2,1,1,1
LL680SJ,31,19,12,12
LL680SL,5,2,3,2
LL680SN,19,9,10,8
LL680SP,8,4,4,3
LL680SR,17,9,8,6
LL680SS,81,42,39,36
LL680SW,28,14,14,9
LL680TA,6,3,3,3
LL680TB,2,1,1,1
LL680TD,3,1,2,1
LL680TE,54,31,23,27
LL680TF,8,6,2,4
LL680TG,22,10,12,9
LL680TH,20,11,9,6
LL680TL,9,4,5,3
LL680TN,17,6,11,9
LL680TP,4,2,2,2
LL680TR,53,27,26,18
LL680TS,18,7,11,6
LL680TT,11,5,6,5
LL680TW,24,13,11,10
LL680UB,2,0,2,1
LL680UD,9,5,4,3
LL680UE,10,6,4,4
LL680UF,22,11,11,10
LL680UG,2,1,1,1
LL689AE,13,8,5,12
LL689AF,5,3,2,2
LL689AL,1,1,0,0
LL689AN,81,50,31,44
LL689AS,11,7,4,6
LL689AT,157,73,84,56
LL689AU,86,38,48,40
LL689AW,81,39,42,27
LL689AY,22,12,10,10
LL689BA,62,32,30,33
LL689BB,10,4,6,8
LL689BD,71,37,34,22
LL689BE,132,64,68,48
LL689BG,118,53,65,46
LL689BH,9,5,4,6
LL689BL,43,20,23,22
LL689BP,33,19,14,14
LL689BT,78,32,46,36
LL689BU,30,16,14,19
LL689DA,5,3,2,1
LL689DD,2,1,1,1
LL689DE,15,7,8,6
LL689DF,85,39,46,38
LL689DG,74,35,39,32
LL689DH,30,13,17,22
LL689DL,59,22,37,14
LL689DN,56,29,27,26
LL689DP,57,26,31,20
LL689DS,35,14,21,26
LL689DT,123,58,65,46
LL689DU,82,38,44,31
LL689DW,145,68,77,60
LL689DY,21,10,11,10
LL689EA,130,61,69,53
LL689EB,1,1,0,1
LL689ED,7,4,3,4
LL689EE,21,9,12,9
LL689EF,45,24,21,19
LL689EG,50,24,26,23
LL689EH,47,22,25,23
LL689EL,17,13,4,13
LL689EN,5,4,1,4
LL689EP,29,11,18,11
LL689ER,7,4,3,2
LL689ES,9,7,2,2
LL689ET,41,25,16,20
LL689EU,73,43,30,29
LL689EW,15,8,7,7
LL689EY,53,27,26,31
LL689HA,80,40,40,43
LL689HD,12,7,5,6
LL689HE,14,6,8,10
LL689HF,50,23,27,24
LL689HG,20,10,10,8
LL689HH,28,12,16,13
LL689HJ,18,9,9,7
LL689HL,39,19,20,20
LL689HN,32,16,16,13
LL689HP,35,21,14,17
LL689HS,26,14,12,14
LL689HT,47,22,25,23
LL689HU,140,70,70,60
LL689HW,54,24,30,22
LL689HY,4,1,3,1
LL689LE,14,6,8,7
LL689LF,5,4,1,2
LL689LL,5,3,2,2
LL689LN,36,18,18,13
LL689LP,3,1,2,2
LL689LR,36,20,16,16
LL689LS,70,33,37,35
LL689LT,18,10,8,8
LL689LU,32,19,13,12
LL689LW,16,10,6,5
LL689LY,58,28,30,26
LL689NA,15,8,7,8
LL689NB,17,10,7,9
LL689ND,20,10,10,5
LL689NE,74,39,35,37
LL689NG,13,7,6,7
LL689NH,32,12,20,2
LL689NL,2,1,1,2
LL689NN,29,15,14,16
LL689NT,1,1,0,1
LL689NU,5,3,2,2
LL689NX,18,4,14,17
LL689NY,10,6,4,3
LL689PA,5,3,2,2
LL689PB,2,1,1,1
LL689PD,23,10,13,12
LL689PE,63,31,32,30
LL689PF,19,7,12,7
LL689PG,30,16,14,10
LL689PH,16,8,8,9
LL689PL,12,5,7,6
LL689PP,27,14,13,9
LL689PR,9,5,4,4
LL689PS,8,5,3,3
LL689PT,58,28,30,32
LL689PU,64,33,31,29
LL689PW,4,2,2,2
LL689PY,74,34,40,28
LL689RA,3,1,2,1
LL689RB,3,2,1,1
LL689RD,32,15,17,12
LL689RE,14,7,7,6
LL689RF,8,5,3,3
LL689RG,6,2,4,2
LL689RH,13,7,6,7
LL689RL,18,8,10,9
LL689RN,8,3,5,3
LL689RP,39,19,20,16
LL689RR,11,6,5,5
LL689RS,8,4,4,3
LL689RT,4,2,2,1
LL689RU,9,3,6,3
LL689RW,5,3,2,2
LL689RX,6,3,3,4
LL689SB,15,8,7,6
LL689SD,21,10,11,11
LL689SE,3,2,1,1
LL689SF,10,5,5,4
LL689SG,22,10,12,10
LL689SN,4,3,1,1
LL689SP,12,6,6,5
LL689SR,40,22,18,22
LL689SS,31,16,15,14
LL689ST,19,11,8,9
LL689SU,34,16,18,13
LL689SW,9,5,4,5
LL689SY,8,4,4,4
LL689TA,7,4,3,2
LL689TB,7,4,3,2
LL689TE,129,66,63,63
LL689TF,3,1,2,3
LL689TG,3,2,1,2
LL689TH,1,1,0,1
LL689TL,2,1,1,1
LL689TN,24,13,11,10
LL689TP,18,8,10,5
LL689TR,45,23,22,15
LL689TS,84,40,44,32
LL689TT,47,24,23,19
LL689TU,4,3,1,2
LL689TY,22,10,12,8
LL689UA,6,3,3,4
LL689UB,9,5,4,6
LL689UD,89,49,40,37
LL699AJ,26,11,15,12
LL699AQ,13,8,5,7
LL699AX,6,3,3,4
LL699AZ,9,4,5,4
LL699BJ,24,10,14,8
LL699BQ,28,14,14,10
LL699BX,50,26,24,23
LL699BZ,122,62,60,53
LL699UE,26,13,13,9
LL699UF,18,10,8,6
LL699UG,4,2,2,2
LL699UH,24,13,11,10
LL699UL,45,23,22,19
LL699UN,11,5,6,4
LL699UP,8,4,4,4
LL699UR,18,8,10,6
LL699UT,5,2,3,2
LL699YA,28,12,16,17
LL699YB,53,26,27,24
LL699YD,9,5,4,6
LL699YE,65,37,28,28
LL699YF,16,8,8,4
LL699YG,4,2,2,3
LL699YH,14,7,7,6
LL699YL,12,5,7,6
LL699YN,10,5,5,3
LL699YP,21,13,8,9
LL699YR,37,21,16,12
LL699YS,3,2,1,2
LL699YT,1,0,1,1
LL699YU,13,7,6,4
LL699YW,2,0,2,2
LL699YY,10,4,6,5
LL709DJ,5,3,2,2
LL709DQ,17,10,7,8
LL709DX,17,7,10,6
LL709DZ,14,7,7,6
LL709EJ,27,14,13,8
LL709EQ,2,1,1,1
LL709EX,24,13,11,13
LL709EZ,5,3,2,2
LL709HJ,12,7,5,4
LL709HQ,4,2,2,2
LL709HX,9,5,4,4
LL709HZ,9,6,3,4
LL709LJ,9,3,6,2
LL709LQ,6,2,4,4
LL709LX,12,5,7,7
LL709LZ,10,6,4,5
LL709PJ,8,3,5,6
LL709PQ,37,15,22,16
LL709PX,24,12,12,9
LL709PZ,18,10,8,8
LL717AA,21,12,9,11
LL717AB,15,8,7,8
LL717AD,8,6,2,5
LL717AE,30,12,18,12
LL717AF,8,5,3,4
LL717AG,16,8,8,6
LL717AH,10,4,6,3
LL717AL,14,6,8,5
LL717AN,26,15,11,10
LL717AP,7,5,2,4
LL717AW,18,8,10,8
LL717BB,4,2,2,3
LL717BD,47,24,23,20
LL717BE,18,11,7,7
LL717BG,13,3,10,6
LL717BH,6,3,3,2
LL717BL,17,10,7,5
LL717BN,8,6,2,4
LL717BP,14,8,6,4
LL717BS,7,4,3,3
LL717BT,13,6,7,6
LL717BU,32,18,14,12
LL717BY,4,1,3,2
LL717DA,3,1,2,1
LL717DB,26,13,13,7
LL717DD,9,6,3,4
LL717DE,7,3,4,3
LL717DF,1,1,0,1
LL717DG,30,13,17,10
LL717DH,37,17,20,13
LL717DL,29,17,12,13
LL718AA,56,27,29,19
LL718AB,53,26,27,21
LL718AD,22,11,11,9
LL718AE,15,5,10,3
LL718AF,42,19,23,15
LL718AG,15,6,9,5
LL718AH,10,6,4,5
LL718AL,17,8,9,6
LL718AN,7,4,3,3
LL718AP,38,19,19,15
LL718AR,12,8,4,6
LL718AS,35,16,19,17
LL718AT,50,28,22,22
LL718AU,4,2,2,3
LL718AW,11,8,3,4
LL718AY,9,6,3,3
LL718BD,26,11,15,10
LL718BE,5,2,3,3
LL718BG,59,27,32,23
LL718BH,8,4,4,2
LL718BL,16,7,9,8
LL718BN,12,5,7,5
LL718BP,2,1,1,1
LL718BU,1,1,0,1
LL718BW,4,2,2,3
LL718BY,14,6,8,5
LL718DA,2,0,2,2
LL718DB,20,11,9,10
LL718DD,18,10,8,8
LL718DE,52,27,25,20
LL718DF,45,25,20,22
LL718DL,114,50,64,42
LL718DP,43,20,23,14
LL718DR,10,4,6,5
LL718DT,2,1,1,1
LL718DU,23,13,10,12
LL718DY,4,1,3,2
LL718EA,72,42,30,29
LL718EB,73,35,38,32
LL718ED,42,23,19,17
LL718EF,7,2,5,3
LL718EG,45,29,16,15
LL718EH,18,7,11,8
LL718EJ,54,29,25,23
LL718EL,40,21,19,17
LL718EP,6,4,2,3
LL718EQ,43,25,18,19
LL718ER,14,9,5,7
LL718ES,45,19,26,27
LL718EU,20,11,9,11
LL718EW,12,6,6,5
LL728HA,22,9,13,9
LL728HB,20,11,9,7
LL728HD,81,37,44,40
LL728HE,83,45,38,43
LL728HF,4,2,2,2
LL728HG,7,4,3,3
LL728HH,15,8,7,4
LL728HL,5,3,2,2
LL728HN,12,5,7,5
LL728HP,2,2,0,2
LL728HR,3,2,1,2
LL728HT,15,7,8,9
LL728HU,12,4,8,6
LL728HW,8,5,3,4
LL728HY,10,6,4,4
LL728LA,10,4,6,6
LL728LB,7,3,4,1
LL728LD,4,2,2,2
LL728LE,7,3,4,6
LL728LG,8,3,5,4
LL728LH,20,10,10,11
LL728LJ,18,9,9,9
LL728LL,39,18,21,23
LL728LN,6,3,3,3
LL728LP,6,2,4,4
LL728LR,33,15,18,21
LL728LS,65,34,31,28
LL728LT,116,52,64,44
LL728LU,26,11,15,14
LL728LW,51,23,28,22
LL728LY,4,2,2,1
LL728LZ,13,3,10,11
LL728NA,20,8,12,8
LL728NE,22,9,13,7
LL728NF,4,1,3,1
LL728NG,14,6,8,6
LL728NH,5,2,3,1
LL728NN,13,8,5,4
LL728NW,10,3,7,6
LL738NY,13,7,6,6
LL738PA,27,13,14,15
LL738PB,25,13,12,13
LL738PD,2,1,1,1
LL738PE,49,24,25,24
LL738PF,26,13,13,13
LL738PG,33,13,20,16
LL738PH,22,10,12,11
LL738PL,11,6,5,6
LL738PN,9,5,4,4
LL738PP,3,2,1,2
LL738PW,13,5,8,6
LL748NR,4,2,2,2
LL748NS,54,24,30,25
LL748NT,17,10,7,8
LL748NU,30,13,17,18
LL748PR,37,18,19,10
LL748PT,4,3,1,1
LL748PU,27,12,15,12
LL748PY,14,8,6,4
LL748QE,10,6,4,3
LL748QF,56,25,31,18
LL748QG,62,25,37,38
LL748QH,13,5,8,9
LL748RA,88,43,45,44
LL748RB,98,53,45,45
LL748RD,84,41,43,46
LL748RE,31,17,14,12
LL748RF,18,10,8,11
LL748RG,48,19,29,18
LL748RH,29,15,14,11
LL748RL,29,13,16,15
LL748RN,22,11,11,17
LL748RP,60,26,34,34
LL748RR,8,3,5,4
LL748RS,13,6,7,7
LL748RT,11,6,5,5
LL748RU,28,13,15,12
LL748RW,15,6,9,10
LL748RY,3,2,1,2
LL748SA,4,3,1,2
LL748SB,5,2,3,2
LL748SD,111,57,54,51
LL748SE,20,11,9,10
LL748SF,8,4,4,4
LL748SG,34,17,17,14
LL748SH,22,6,16,21
LL748SJ,18,9,9,10
LL748SL,30,14,16,15
LL748SN,14,6,8,5
LL748SP,82,45,37,38
LL748SR,92,46,46,45
LL748SS,11,8,3,11
LL748ST,2,1,1,1
LL748SU,41,16,25,16
LL748SW,15,10,5,8
LL748SX,4,2,2,1
LL748SY,21,11,10,9
LL748SZ,4,2,2,2
LL748TA,31,14,17,18
LL748TB,145,65,80,78
LL748TD,28,12,16,11
LL748TE,8,2,6,5
LL748TF,21,7,14,9
LL748TG,38,22,16,18
LL748TH,4,1,3,3
LL748TJ,15,8,7,3
LL748TL,4,3,1,2
LL748TN,32,17,15,12
LL748TQ,10,4,6,5
LL748TR,8,4,4,5
LL748TS,13,5,8,5
LL748TT,119,61,58,57
LL748TU,75,36,39,37
LL748TX,24,9,15,20
LL748TZ,30,11,19,18
LL748UA,103,47,56,54
LL748UB,40,21,19,20
LL748UE,62,26,36,33
LL748UF,41,18,23,20
LL748UG,13,5,8,7
LL748UL,38,22,16,21
LL748XA,36,15,21,19
LL757DR,45,24,21,17
LL758AJ,22,12,10,8
LL758AQ,21,12,9,6
LL758AX,21,12,9,8
LL758AZ,13,7,6,7
LL758BJ,4,2,2,2
LL758BX,17,5,12,6
LL758BZ,15,6,9,7
LL758DJ,15,8,7,5
LL758DQ,11,7,4,7
LL758DX,11,7,4,6
LL758DZ,22,9,13,9
LL758EJ,7,3,4,4
LL758EQ,2,1,1,1
LL758EX,58,16,42,4
LL758EZ,5,3,2,1
LL758HA,3,2,1,2
LL758HJ,27,13,14,14
LL758HQ,28,15,13,14
LL758HZ,4,2,2,1
LL758LJ,11,5,6,7
LL758LN,69,37,32,29
LL758LQ,18,10,8,10
LL758LX,36,19,17,15
LL758LZ,2,1,1,1
LL758NJ,38,20,18,18
LL758NQ,28,13,15,16
LL758PQ,9,5,4,7
LL758PX,6,2,4,2
LL758PZ,29,15,14,14
LL758RJ,56,29,27,22
LL758RQ,2,1,1,1
LL758RX,15,7,8,8
LL758RZ,69,35,34,27
LL758UL,18,10,8,6
LL758UN,35,17,18,15
LL758UR,56,26,30,30
LL758UT,46,21,25,14
LL758UW,25,15,10,9
LL758UY,133,63,70,50
LL758YA,129,61,68,52
LL758YB,24,10,14,9
LL758YD,9,6,3,6
LL758YE,10,4,6,5
LL758YF,40,21,19,19
LL758YG,38,18,20,17
LL758YH,32,15,17,16
LL758YL,4,1,3,3
LL758YP,26,14,12,9
LL758YR,44,15,29,14
LL758YS,39,19,20,19
LL758YT,42,16,26,19
LL758YU,22,9,13,11
LL758YW,5,3,2,2
LL758YY,17,8,9,7
LL768NX,40,20,20,17
LL768SJ,20,11,9,11
LL768SQ,27,16,11,11
LL768SX,39,22,17,15
LL768SZ,35,19,16,15
LL768TJ,4,2,2,3
LL768TQ,22,11,11,10
LL768TX,11,5,6,5
LL768TZ,82,48,34,35
LL777AB,2,1,1,1
LL777AJ,9,4,5,4
LL777AQ,28,15,13,13
LL777AX,57,32,25,22
LL777AZ,2,2,0,2
LL777BJ,9,5,4,4
LL777BQ,2,1,1,1
LL777BX,35,18,17,13
LL777DJ,4,3,1,2
LL777DQ,87,36,51,39
LL777DU,28,15,13,19
LL777DX,40,22,18,16
LL777DY,3,2,1,1
LL777DZ,32,15,17,15
LL777EA,3,2,1,1
LL777EB,62,32,30,26
LL777ED,6,3,3,2
LL777EF,15,8,7,8
LL777EG,23,9,14,21
LL777EH,25,11,14,13
LL777EJ,71,35,36,30
LL777EL,8,4,4,5
LL777EN,41,19,22,20
LL777EQ,20,11,9,9
LL777ER,5,3,2,2
LL777ET,9,4,5,3
LL777EU,36,18,18,14
LL777EX,83,32,51,41
LL777EY,21,8,13,8
LL777EZ,77,31,46,34
LL777FA,7,3,4,3
LL777FD,17,10,7,5
LL777GA,184,91,93,74
LL777GB,11,6,5,4
LL777GD,47,25,22,16
LL777GE,33,19,14,14
LL777GF,133,62,71,49
LL777GL,31,13,18,12
LL777HB,32,17,15,14
LL777HD,13,3,10,5
LL777HF,36,18,18,13
LL777HG,17,5,12,8
LL777HH,16,8,8,8
LL777HJ,17,9,8,7
LL777HN,15,5,10,12
LL777HP,74,35,39,33
LL777HQ,15,7,8,5
LL777HR,31,14,17,14
LL777HS,14,7,7,7
LL777HT,41,15,26,23
LL777HU,10,6,4,5
LL777HW,98,44,54,39
LL777HX,2,1,1,1
LL777HY,3,0,3,1
LL777HZ,3,1,2,2
LL777JB,125,56,69,57
LL777JE,160,70,90,68
LL777JF,61,33,28,22
LL777JG,55,25,30,23
LL777JR,36,18,18,16
LL777JS,45,21,24,26
LL777JU,17,7,10,14
LL777LA,25,11,14,14
LL777LB,153,80,73,60
LL777LD,123,59,64,35
LL777LE,46,23,23,16
LL777LF,131,63,68,45
LL777LG,54,23,31,21
LL777LH,33,20,13,28
LL777LJ,43,22,21,20
LL777LL,114,52,62,39
LL777LN,92,44,48,28
LL777LQ,93,53,40,42
LL777LX,5,2,3,2
LL777LY,9,4,5,5
LL777LZ,25,14,11,11
LL777NA,31,17,14,22
LL777NE,23,11,12,14
LL777NF,25,11,14,12
LL777NH,14,6,8,7
LL777NJ,12,7,5,5
LL777NL,47,23,24,21
LL777NN,28,18,10,16
LL777NP,50,25,25,25
LL777NQ,28,15,13,11
LL777NR,60,27,33,25
LL777NS,33,15,18,16
LL777NT,55,25,30,18
LL777NU,84,40,44,36
LL777NW,30,15,15,13
LL777NX,7,3,4,3
LL777NY,75,36,39,34
LL777NZ,13,8,5,4
LL777PA,23,11,12,10
LL777PB,25,10,15,12
LL777PD,24,13,11,11
LL777PE,17,7,10,6
LL777PH,1,0,1,1
LL777PJ,26,12,14,8
LL777PN,55,29,26,22
LL777PQ,16,8,8,7
LL777PR,45,18,27,37
LL777PT,41,18,23,18
LL777PU,58,29,29,24
LL777PX,45,21,24,22
LL777PY,120,61,59,44
LL777PZ,24,12,12,11
LL777QA,28,12,16,15
LL777QD,92,49,43,31
LL777QE,81,39,42,30
LL777RB,87,37,50,35
LL777RD,94,41,53,39
LL777RE,66,29,37,34
LL777RF,88,38,50,24
LL777RG,51,26,25,21
LL777RH,55,35,20,23
LL777RJ,2,1,1,1
LL777RL,21,12,9,10
LL777RN,39,20,19,16
LL777RP,30,17,13,13
LL777RQ,7,3,4,2
LL777RR,5,3,2,2
LL777RS,24,13,11,14
LL777RW,66,32,34,25
LL777RX,10,6,4,3
LL777RY,5,3,2,2
LL777RZ,16,9,7,5
LL777SA,2,2,0,1
LL777SB,5,2,3,3
LL777SD,20,10,10,7
LL777SE,22,10,12,8
LL777SF,8,5,3,3
LL777SG,3,1,2,1
LL777SH,18,11,7,7
LL777SJ,106,48,58,41
LL777SL,4,1,3,3
LL777SN,12,6,6,7
LL777SP,35,14,21,13
LL777SQ,10,3,7,5
LL777SR,5,1,4,2
LL777SS,51,24,27,21
LL777ST,12,5,7,6
LL777SU,26,12,14,10
LL777SW,5,2,3,3
LL777SX,26,13,13,14
LL777SY,28,12,16,12
LL777SZ,4,1,3,2
LL777TA,18,13,5,5
LL777TB,11,8,3,3
LL777TD,40,25,15,18
LL777TE,35,21,14,13
LL777TF,25,14,11,9
LL777TG,25,12,13,9
LL777TH,5,2,3,2
LL777TJ,6,3,3,3
LL777TL,6,3,3,2
LL777TQ,15,6,9,5
LL777TS,40,18,22,33
LL777TY,41,20,21,17
LL777UA,46,23,23,22
LL777UD,2,1,1,1
LL777UE,15,7,8,4
LL777UF,2,1,1,1
LL777UG,13,6,7,5
LL777UH,8,5,3,3
LL777UL,1,0,1,1
LL777UN,1,0,1,1
LL777UP,28,13,15,7
LL777UR,69,32,37,32
LL777UT,56,27,29,27
LL777UU,59,30,29,17
LL777UW,4,2,2,2
LL777WA,79,36,43,33
LL777WB,102,53,49,40
LL777WD,94,42,52,34
LL777YA,2,1,1,1
LL777YB,8,5,3,2
LL777YE,11,4,7,3
LL777YF,5,2,3,1
LL777YG,11,6,5,2
LL777YH,13,6,7,5
LL777YL,12,8,4,10
LL777YN,2,1,1,1
LL777YP,82,39,43,40
LL777YR,77,41,36,30
LL777YS,55,28,27,22
LL777YT,120,59,61,52
LL777YU,3,2,1,2
LL777YW,4,2,2,2
LL777YY,6,2,4,3
LL778JA,9,5,4,4
LL778JB,9,3,6,3
LL778JD,15,8,7,7
LL778UX,3,1,2,2
LL778WA,9,4,5,5
LL778WB,63,32,31,31
LL778YJ,8,3,5,4
LL778YQ,55,28,27,23
LL778YX,65,30,35,34
LL787JF,30,15,15,14
LL787JG,21,11,10,6
LL787JH,38,20,18,21
LL787JJ,10,5,5,3
LL787JL,6,4,2,3
LL787JQ,6,3,3,2
LL788JF,43,20,23,19
LL788JG,44,25,19,17
LL788JH,13,6,7,7
LL788JJ,34,14,20,12
LL788JL,42,19,23,16
LL788JN,21,10,11,9
LL788JP,15,7,8,5
LL788JQ,8,4,4,4
LL788JR,49,27,22,18
LL788JS,13,6,7,6
LL788JT,12,7,5,6
LL788JW,6,4,2,4
LL788JY,14,8,6,6
LL788JZ,12,4,8,3
LL788QA,65,34,31,28
LN1 1AB,128,74,54,44
LN1 1AD,101,48,53,48
LN1 1AE,27,14,13,13
LN1 1AF,25,13,12,12
LN1 1AG,159,85,74,57
LN1 1AH,29,16,13,8
LN1 1AJ,22,11,11,8
LN1 1AL,20,8,12,8
LN1 1AN,60,31,29,22
LN1 1AP,25,12,13,9
LN1 1AQ,14,6,8,7
LN1 1AR,8,4,4,4
LN1 1AS,6,3,3,2
LN1 1AT,56,25,31,18
LN1 1AU,13,7,6,7
LN1 1AW,70,33,37,38
LN1 1DG,54,30,24,22
LN1 1DP,30,15,15,13
LN1 1DR,28,15,13,10
LN1 1DX,14,6,8,5
LN1 1DY,40,20,20,21
LN1 1DZ,14,4,10,9
LN1 1EA,8,4,4,4
LN1 1EB,106,49,57,53
LN1 1ED,46,20,26,25
LN1 1EE,4,2,2,3
LN1 1EH,19,12,7,4
LN1 1EL,21,13,8,12
LN1 1EN,27,15,12,17
LN1 1EP,26,12,14,12
LN1 1EQ,56,29,27,22
LN1 1ER,2,1,1,2
LN1 1ES,23,14,9,13
LN1 1ET,14,11,3,6
LN1 1EW,22,11,11,7
LN1 1EX,10,2,8,7
LN1 1EY,10,4,6,4
LN1 1EZ,57,23,34,20
LN1 1HB,18,10,8,9
LN1 1HD,10,7,3,3
LN1 1HE,16,11,5,11
LN1 1HF,9,5,4,5
LN1 1HG,30,16,14,13
LN1 1HH,64,29,35,36
LN1 1HJ,3,1,2,2
LN1 1HL,37,20,17,16
LN1 1HN,26,12,14,13
LN1 1HP,66,23,43,19
LN1 1HQ,7,3,4,5
LN1 1HR,104,59,45,36
LN1 1HS,153,79,74,51
LN1 1HT,48,22,26,22
LN1 1HU,15,11,4,9
LN1 1HW,6,3,3,2
LN1 1HX,11,5,6,6
LN1 1HY,72,37,35,30
LN1 1HZ,52,21,31,26
LN1 1JA,1,1,0,1
LN1 1JB,14,6,8,5
LN1 1JD,5,3,2,4
LN1 1JE,48,29,19,27
LN1 1JF,105,57,48,49
LN1 1JH,10,7,3,5
LN1 1JT,7,4,3,3
LN1 1JX,11,5,6,5
LN1 1JY,35,9,26,10
LN1 1JZ,20,11,9,9
LN1 1LA,22,8,14,8
LN1 1LB,71,39,32,27
LN1 1LD,25,13,12,6
LN1 1LE,63,34,29,23
LN1 1LF,90,42,48,24
LN1 1LG,15,10,5,7
LN1 1LH,106,51,55,36
LN1 1LJ,7,4,3,3
LN1 1LL,82,40,42,32
LN1 1LN,6,4,2,4
LN1 1LP,55,20,35,24
LN1 1LQ,128,60,68,40
LN1 1LR,58,29,29,22
LN1 1LS,87,42,45,32
LN1 1LT,40,22,18,16
LN1 1LU,7,4,3,2
LN1 1LW,2,2,0,2
LN1 1LX,67,30,37,24
LN1 1LY,139,71,68,35
LN1 1LZ,70,38,32,24
LN1 1NA,26,15,11,9
LN1 1NB,48,25,23,20
LN1 1ND,52,27,25,19
LN1 1NH,14,7,7,7
LN1 1NL,14,7,7,5
LN1 1PA,21,6,15,8
LN1 1PB,29,12,17,1
LN1 1PD,24,15,9,12
LN1 1PE,1,0,1,1
LN1 1PF,15,6,9,5
LN1 1PG,58,23,35,25
LN1 1PH,88,42,46,42
LN1 1PJ,31,15,16,10
LN1 1PL,22,10,12,7
LN1 1PN,30,8,22,14
LN1 1PP,168,108,60,74
LN1 1PQ,40,17,23,14
LN1 1PR,126,58,68,53
LN1 1PT,41,27,14,23
LN1 1PU,38,16,22,22
LN1 1PW,19,14,5,5
LN1 1PX,86,41,45,27
LN1 1PY,21,12,9,8
LN1 1PZ,82,42,40,37
LN1 1QA,60,23,37,24
LN1 1QD,47,26,21,23
LN1 1QE,32,18,14,16
LN1 1QF,54,20,34,18
LN1 1QH,51,29,22,21
LN1 1QJ,93,46,47,49
LN1 1QL,64,15,49,18
LN1 1QN,37,19,18,16
LN1 1QP,46,27,19,19
LN1 1QQ,71,33,38,32
LN1 1QR,44,21,23,18
LN1 1QS,81,45,36,31
LN1 1QT,10,4,6,5
LN1 1QU,8,3,5,4
LN1 1QW,42,21,21,10
LN1 1QZ,25,9,16,25
LN1 1RB,47,27,20,47
LN1 1RD,1,1,0,1
LN1 1RF,215,78,137,0
LN1 1RG,5,2,3,4
LN1 1RJ,17,9,8,0
LN1 1RN,26,13,13,8
LN1 1RP,65,34,31,21
LN1 1RR,30,25,5,10
LN1 1RS,105,46,59,8
LN1 1RT,108,48,60,37
LN1 1RU,121,62,59,43
LN1 1RX,152,71,81,52
LN1 1RZ,117,62,55,41
LN1 1SA,31,18,13,11
LN1 1SB,23,12,11,11
LN1 1SD,36,17,19,15
LN1 1SH,18,10,8,9
LN1 1SJ,73,42,31,34
LN1 1SL,89,44,45,32
LN1 1SN,51,29,22,31
LN1 1SP,75,34,41,17
LN1 1SQ,21,11,10,8
LN1 1SR,82,39,43,50
LN1 1ST,100,46,54,34
LN1 1SU,60,34,26,48
LN1 1SW,293,108,185,0
LN1 1SX,10,6,4,6
LN1 1SY,46,20,26,30
LN1 1SZ,19,10,9,8
LN1 1TA,18,9,9,10
LN1 1TB,55,23,32,22
LN1 1TD,15,9,6,6
LN1 1TE,77,32,45,5
LN1 1TG,8,6,2,5
LN1 1TJ,12,5,7,4
LN1 1TL,54,30,24,39
LN1 1TN,28,16,12,11
LN1 1TQ,19,5,14,9
LN1 1TW,4,1,3,3
LN1 1UD,2,2,0,1
LN1 1UF,5,4,1,2
LN1 1UH,5,2,3,4
LN1 1UR,261,115,146,12
LN1 1UX,2,1,1,1
LN1 1WA,16,8,8,6
LN1 1WB,12,6,6,5
LN1 1WD,88,46,42,37
LN1 1WE,51,25,26,20
LN1 1WG,19,6,13,7
LN1 1XA,6,4,2,3
LN1 1XG,3,3,0,1
LN1 1XP,3,0,3,1
LN1 1XS,11,5,6,10
LN1 1XZ,12,8,4,1
LN1 1YA,18,8,10,7
LN1 2AA,97,45,52,44
LN1 2AB,72,33,39,34
LN1 2AD,83,41,42,38
LN1 2AE,115,55,60,44
LN1 2AF,14,9,5,4
LN1 2AG,81,34,47,41
LN1 2AH,31,21,10,9
LN1 2AJ,13,8,5,5
LN1 2AL,28,13,15,12
LN1 2AN,25,11,14,9
LN1 2AP,10,5,5,5
LN1 2AQ,35,16,19,14
LN1 2AR,6,2,4,3
LN1 2AS,3,1,2,2
LN1 2AT,10,4,6,3
LN1 2AU,19,9,10,5
LN1 2AW,8,4,4,2
LN1 2AX,4,2,2,2
LN1 2AY,11,5,6,4
LN1 2AZ,19,9,10,11
LN1 2BA,14,8,6,8
LN1 2BB,22,8,14,8
LN1 2BD,55,25,30,18
LN1 2BE,12,6,6,5
LN1 2BF,5,2,3,3
LN1 2BG,13,6,7,6
LN1 2BH,16,10,6,5
LN1 2BJ,27,13,14,9
LN1 2BL,5,3,2,2
LN1 2BN,53,30,23,22
LN1 2BP,81,36,45,35
LN1 2BS,16,9,7,6
LN1 2BT,17,7,10,7
LN1 2BU,41,23,18,21
LN1 2BW,13,5,8,4
LN1 2BY,23,13,10,7
LN1 2BZ,80,40,40,32
LN1 2DA,30,19,11,12
LN1 2DB,7,2,5,3
LN1 2DD,29,18,11,10
LN1 2DE,52,23,29,24
LN1 2DF,26,12,14,12
LN1 2DG,55,30,25,25
LN1 2DH,35,20,15,13
LN1 2DJ,28,11,17,13
LN1 2DL,8,5,3,2
LN1 2DN,2,2,0,2
LN1 2DP,13,7,6,3
LN1 2DQ,15,4,11,7
LN1 2DR,24,11,13,7
LN1 2DS,17,9,8,4
LN1 2DT,25,13,12,12
LN1 2DU,35,16,19,22
LN1 2DW,24,12,12,12
LN1 2DX,5,2,3,3
LN1 2DY,28,16,12,13
LN1 2DZ,15,7,8,7
LN1 2EA,21,7,14,11
LN1 2EB,12,7,5,6
LN1 2ED,23,14,9,9
LN1 2EE,58,28,30,25
LN1 2EF,14,9,5,5
LN1 2EG,58,27,31,28
LN1 2EH,19,13,6,11
LN1 2EJ,29,17,12,11
LN1 2EL,57,29,28,28
LN1 2EN,16,8,8,8
LN1 2EP,85,43,42,40
LN1 2EQ,31,14,17,11
LN1 2ER,44,22,22,20
LN1 2ES,5,2,3,2
LN1 2ET,24,10,14,14
LN1 2EU,23,11,12,13
LN1 2EW,71,41,30,32
LN1 2EX,27,16,11,18
LN1 2EY,30,13,17,17
LN1 2EZ,34,15,19,20
LN1 2FB,8,3,5,4
LN1 2FD,8,4,4,3
LN1 2FE,54,29,25,23
LN1 2FF,59,29,30,22
LN1 2FG,15,9,6,4
LN1 2FH,27,13,14,14
LN1 2FJ,4,2,2,2
LN1 2FL,8,4,4,4
LN1 2FN,15,8,7,9
LN1 2FP,117,52,65,46
LN1 2FQ,72,40,32,23
LN1 2FR,58,25,33,27
LN1 2FS,22,11,11,6
LN1 2FT,89,45,44,31
LN1 2FW,9,4,5,3
LN1 2FY,30,11,19,11
LN1 2FZ,35,16,19,12
LN1 2GA,9,5,4,5
LN1 2GD,2,1,1,1
LN1 2GE,6,4,2,2
LN1 2GF,12,6,6,6
LN1 2GG,71,33,38,41
LN1 2GJ,11,6,5,5
LN1 2GL,5,3,2,2
LN1 2GN,18,12,6,6
LN1 2GR,41,21,20,14
LN1 2GU,22,9,13,8
LN1 2GW,17,8,9,6
LN1 2GY,16,8,8,6
LN1 2HA,89,46,43,41
LN1 2HB,4,2,2,2
LN1 2HD,5,2,3,2
LN1 2HE,17,8,9,7
LN1 2HF,35,17,18,22
LN1 2HG,47,25,22,16
LN1 2HH,67,32,35,29
LN1 2HJ,64,30,34,25
LN1 2HL,15,6,9,8
LN1 2HN,103,52,51,46
LN1 2HP,53,22,31,30
LN1 2HQ,25,13,12,9
LN1 2HR,12,6,6,5
LN1 2HS,14,5,9,8
LN1 2HT,23,11,12,10
LN1 2HU,59,25,34,25
LN1 2HW,75,36,39,37
LN1 2HX,73,34,39,31
LN1 2HY,61,29,32,33
LN1 2HZ,37,16,21,19
LN1 2JA,44,18,26,21
LN1 2JB,12,6,6,4
LN1 2JD,37,15,22,19
LN1 2JE,79,41,38,30
LN1 2JF,18,6,12,18
LN1 2JG,20,11,9,8
LN1 2JH,5,3,2,2
LN1 2JJ,10,7,3,6
LN1 2JN,11,4,7,4
LN1 2JP,61,31,30,27
LN1 2JR,72,37,35,26
LN1 2JS,85,42,43,34
LN1 2JT,13,8,5,5
LN1 2JU,48,26,22,20
LN1 2JW,6,4,2,3
LN1 2JX,31,14,17,15
LN1 2JY,34,18,16,13
LN1 2JZ,65,34,31,29
LN1 2LA,5,3,2,3
LN1 2LB,15,9,6,9
LN1 2LD,68,36,32,31
LN1 2LE,5,2,3,2
LN1 2LF,11,5,6,3
LN1 2LG,19,10,9,10
LN1 2LH,19,13,6,12
LN1 2LJ,1,1,0,1
LN1 2LL,10,4,6,3
LN1 2LN,60,29,31,23
LN1 2LP,54,29,25,23
LN1 2LQ,18,10,8,9
LN1 2LR,4,3,1,2
LN1 2LS,34,18,16,14
LN1 2LT,5,3,2,2
LN1 2LU,77,38,39,36
LN1 2LW,29,19,10,23
LN1 2LX,53,30,23,23
LN1 2LY,2,1,1,1
LN1 2LZ,43,20,23,17
LN1 2NA,12,6,6,6
LN1 2NB,32,16,16,13
LN1 2ND,5,3,2,3
LN1 2NE,19,10,9,6
LN1 2NF,64,33,31,28
LN1 2NG,68,37,31,28
LN1 2NH,26,13,13,15
LN1 2NJ,33,17,16,18
LN1 2NL,48,22,26,31
LN1 2NN,21,11,10,10
LN1 2NP,32,14,18,16
LN1 2NQ,4,3,1,2
LN1 2NR,1,1,0,1
LN1 2NS,104,56,48,47
LN1 2NT,38,16,22,17
LN1 2NU,58,27,31,31
LN1 2NW,47,22,25,27
LN1 2NX,15,8,7,7
LN1 2NY,47,22,25,25
LN1 2NZ,14,7,7,9
LN1 2PA,2,1,1,1
LN1 2PB,7,2,5,2
LN1 2PE,121,61,60,54
LN1 2PF,20,9,11,10
LN1 2PG,64,24,40,20
LN1 2PH,36,16,20,15
LN1 2PJ,3,2,1,2
LN1 2PL,8,3,5,3
LN1 2PN,23,9,14,14
LN1 2PP,32,15,17,16
LN1 2PQ,62,41,21,17
LN1 2PR,98,44,54,48
LN1 2PS,18,10,8,8
LN1 2PT,129,67,62,45
LN1 2PU,16,6,10,9
LN1 2PW,51,22,29,17
LN1 2PX,41,21,20,20
LN1 2PY,32,15,17,18
LN1 2PZ,50,24,26,20
LN1 2QA,26,13,13,16
LN1 2QB,56,28,28,29
LN1 2QD,103,45,58,37
LN1 2QE,37,21,16,19
LN1 2QF,39,18,21,27
LN1 2QG,31,14,17,13
LN1 2QH,15,7,8,8
LN1 2QJ,37,19,18,18
LN1 2QL,42,23,19,21
LN1 2QN,71,30,41,35
LN1 2QP,67,28,39,29
LN1 2QQ,32,14,18,17
LN1 2QR,15,7,8,4
LN1 2QS,15,8,7,8
LN1 2QT,4,1,3,4
LN1 2QW,123,56,67,52
LN1 2QX,8,5,3,3
LN1 2QY,23,11,12,8
LN1 2QZ,24,12,12,9
LN1 2RA,38,17,21,28
LN1 2RB,7,2,5,2
LN1 2RD,114,56,58,54
LN1 2RE,14,5,9,3
LN1 2RF,12,7,5,11
LN1 2RG,16,10,6,6
LN1 2RH,20,10,10,7
LN1 2RJ,3,3,0,3
LN1 2RL,26,15,11,11
LN1 2RN,24,13,11,12
LN1 2RP,15,9,6,6
LN1 2RQ,2,1,1,1
LN1 2RR,56,27,29,13
LN1 2RS,45,22,23,18
LN1 2RT,8,2,6,1
LN1 2RU,14,10,4,5
LN1 2RW,23,13,10,11
LN1 2RX,63,33,30,23
LN1 2RZ,47,24,23,16
LN1 2SB,39,17,22,17
LN1 2SD,81,45,36,35
LN1 2SE,76,36,40,29
LN1 2SF,3,2,1,1
LN1 2SG,99,55,44,44
LN1 2SH,85,45,40,34
LN1 2SL,3,2,1,2
LN1 2SN,11,6,5,4
LN1 2SP,14,7,7,5
LN1 2SQ,109,59,50,45
LN1 2SS,3,1,2,1
LN1 2ST,1,1,0,0
LN1 2SU,9,4,5,4
LN1 2SW,67,33,34,34
LN1 2SY,2,1,1,2
LN1 2SZ,8,3,5,4
LN1 2TA,31,17,14,9
LN1 2TB,35,14,21,8
LN1 2TD,49,23,26,15
LN1 2TE,11,8,3,3
LN1 2TF,93,49,44,28
LN1 2TG,60,33,27,16
LN1 2TH,40,19,21,15
LN1 2TL,16,5,11,6
LN1 2TS,30,15,15,13
LN1 2TT,2,1,1,1
LN1 2TW,39,18,21,22
LN1 2TX,30,12,18,14
LN1 2UB,104,53,51,33
LN1 2UD,15,4,11,5
LN1 2UE,81,37,44,27
LN1 2UF,24,10,14,10
LN1 2UG,94,46,48,29
LN1 2UH,17,11,6,6
LN1 2UJ,51,28,23,21
LN1 2UL,91,38,53,33
LN1 2UN,13,6,7,6
LN1 2UP,112,55,57,41
LN1 2UQ,56,26,30,25
LN1 2UR,18,10,8,8
LN1 2UT,47,23,24,18
LN1 2UU,24,14,10,9
LN1 2UW,52,26,26,18
LN1 2UX,10,3,7,4
LN1 2UY,41,19,22,14
LN1 2UZ,85,38,47,42
LN1 2WA,69,31,38,25
LN1 2WB,19,8,11,9
LN1 2WF,9,4,5,3
LN1 2WG,28,12,16,11
LN1 2WH,23,11,12,16
LN1 2WJ,19,9,10,7
LN1 2WL,40,24,16,12
LN1 2WP,117,65,52,68
LN1 2WQ,40,19,21,26
LN1 2WR,27,17,10,15
LN1 2WS,37,19,18,16
LN1 2WT,85,45,40,28
LN1 2WU,27,13,14,12
LN1 2WW,29,12,17,17
LN1 2WX,73,31,42,24
LN1 2WY,15,5,10,10
LN1 2XA,8,5,3,5
LN1 2XF,121,59,62,53
LN1 2XH,9,3,6,3
LN1 2XJ,44,21,23,20
LN1 2XL,15,8,7,9
LN1 2XN,9,5,4,6
LN1 2XP,6,1,5,3
LN1 2XQ,53,24,29,23
LN1 2XR,5,2,3,4
LN1 2XS,9,4,5,3
LN1 2XT,95,47,48,41
LN1 2XW,19,11,8,8
LN1 2XX,7,3,4,2
LN1 2XY,74,31,43,29
LN1 2XZ,7,3,4,4
LN1 2YA,6,1,5,4
LN1 2YB,16,8,8,6
LN1 2YD,76,39,37,30
LN1 2YE,28,13,15,10
LN1 2YG,3,2,1,1
LN1 2YH,15,9,6,7
LN1 2YN,2,1,1,1
LN1 2YP,5,2,3,2
LN1 2YQ,26,11,15,9
LN1 2YR,14,6,8,6
LN1 2YU,34,14,20,16
LN1 2YW,40,20,20,18
LN1 2YX,41,21,20,16
LN1 2YY,9,6,3,4
LN1 2YZ,24,12,12,11
LN1 3AA,1,1,0,1
LN1 3AD,12,5,7,11
LN1 3AE,8,3,5,5
LN1 3AH,40,18,22,23
LN1 3AJ,2,2,0,2
LN1 3AL,18,13,5,12
LN1 3AN,1,0,1,1
LN1 3AP,26,12,14,10
LN1 3AR,43,21,22,25
LN1 3AS,3,0,3,2
LN1 3AT,88,46,42,46
LN1 3AU,72,30,42,37
LN1 3AZ,17,11,6,11
LN1 3BA,3,3,0,3
LN1 3BB,36,14,22,28
LN1 3BD,7,3,4,6
LN1 3BE,25,15,10,15
LN1 3BG,31,12,19,11
LN1 3BH,9,3,6,4
LN1 3BJ,73,35,38,26
LN1 3BN,46,23,23,28
LN1 3BQ,9,5,4,5
LN1 3BS,10,6,4,4
LN1 3BT,11,5,6,5
LN1 3BU,1,1,0,1
LN1 3BW,15,8,7,11
LN1 3BX,11,7,4,6
LN1 3BZ,17,8,9,10
LN1 3DB,17,9,8,12
LN1 3DD,7,3,4,4
LN1 3DE,1,1,0,1
LN1 3DF,30,14,16,13
LN1 3DG,13,7,6,6
LN1 3DH,17,11,6,8
LN1 3DJ,4,2,2,4
LN1 3DL,52,13,39,44
LN1 3DN,31,10,21,16
LN1 3DP,36,9,27,19
LN1 3DQ,7,4,3,3
LN1 3DR,27,12,15,11
LN1 3DS,7,4,3,4
LN1 3DW,13,9,4,6
LN1 3DX,33,16,17,13
LN1 3DY,179,39,140,1
LN1 3DZ,14,7,7,7
LN1 3EA,51,23,28,24
LN1 3EB,24,9,15,5
LN1 3ED,10,5,5,4
LN1 3EE,17,4,13,9
LN1 3EF,73,31,42,30
LN1 3EG,105,52,53,50
LN1 3EH,43,18,25,23
LN1 3EJ,31,17,14,16
LN1 3EL,13,5,8,5
LN1 3EN,10,7,3,4
LN1 3EP,23,13,10,19
LN1 3EQ,107,49,58,54
LN1 3ER,23,13,10,15
LN1 3ES,15,4,11,11
LN1 3ET,23,16,7,16
LN1 3EW,59,25,34,25
LN1 3EY,21,10,11,10
LN1 3EZ,77,35,42,35
LN1 3HA,33,9,24,16
LN1 3HB,50,23,27,23
LN1 3HD,30,12,18,18
LN1 3HE,25,15,10,20
LN1 3HF,5,2,3,3
LN1 3HG,14,4,10,7
LN1 3HH,43,20,23,22
LN1 3HJ,45,18,27,21
LN1 3HL,70,28,42,43
LN1 3HN,29,15,14,17
LN1 3HQ,36,19,17,15
LN1 3HR,93,46,47,46
LN1 3HS,72,40,32,31
LN1 3HT,37,17,20,14
LN1 3HU,53,30,23,27
LN1 3HW,22,14,8,12
LN1 3HX,27,14,13,14
LN1 3HY,40,17,23,22
LN1 3HZ,65,31,34,32
LN1 3JA,17,9,8,11
LN1 3JB,64,26,38,33
LN1 3JD,52,20,32,30
LN1 3JE,19,4,15,7
LN1 3JF,65,34,31,26
LN1 3JG,105,48,57,35
LN1 3JH,48,20,28,21
LN1 3JJ,60,24,36,37
LN1 3JL,74,42,32,32
LN1 3JN,81,34,47,53
LN1 3JP,27,15,12,16
LN1 3JQ,43,20,23,22
LN1 3JR,21,8,13,15
LN1 3JS,40,18,22,29
LN1 3JT,12,4,8,8
LN1 3JU,7,3,4,5
LN1 3JW,23,10,13,16
LN1 3JY,48,26,22,28
LN1 3JZ,20,10,10,9
LN1 3LA,7,3,4,4
LN1 3LB,31,12,19,20
LN1 3LD,24,12,12,14
LN1 3LF,9,2,7,7
LN1 3LG,79,34,45,39
LN1 3LH,9,9,0,9
LN1 3LJ,20,8,12,9
LN1 3LL,7,2,5,4
LN1 3LN,25,11,14,19
LN1 3LP,4,2,2,4
LN1 3LQ,21,8,13,11
LN1 3LR,36,22,14,27
LN1 3LS,5,3,2,3
LN1 3LT,32,17,15,13
LN1 3LU,50,28,22,21
LN1 3LW,52,28,24,27
LN1 3LX,51,24,27,22
LN1 3NE,69,36,33,23
LN1 3NF,67,30,37,29
LN1 3NG,16,10,6,6
LN1 3NH,14,9,5,7
LN1 3NJ,12,5,7,8
LN1 3NL,18,11,7,17
LN1 3NN,6,2,4,6
LN1 3NQ,83,52,31,28
LN1 3NT,61,26,35,24
LN1 3NU,7,4,3,4
LN1 3NX,61,30,31,23
LN1 3PA,26,17,9,19
LN1 3PB,12,6,6,6
LN1 3PD,55,23,32,23
LN1 3PE,11,5,6,6
LN1 3PF,63,37,26,41
LN1 3PG,66,33,33,42
LN1 3PH,36,17,19,18
LN1 3PJ,38,16,22,14
LN1 3PL,3,3,0,3
LN1 3PN,10,6,4,4
LN1 3PP,6,2,4,2
LN1 3PQ,15,5,10,4
LN1 3PS,84,39,45,28
LN1 3PT,20,11,9,9
LN1 3PU,26,14,12,10
LN1 3PX,72,39,33,24
LN1 3PY,1,1,0,1
LN1 3PZ,22,15,7,19
LN1 3QA,16,8,8,11
LN1 3QB,37,21,16,17
LN1 3QG,78,36,42,35
LN1 3QH,16,5,11,6
LN1 3QJ,8,4,4,4
LN1 3QL,47,21,26,18
LN1 3QN,17,11,6,11
LN1 3QP,31,12,19,10
LN1 3QQ,58,30,28,28
LN1 3QR,30,14,16,11
LN1 3QS,17,7,10,11
LN1 3QT,12,8,4,8
LN1 3QU,18,6,12,11
LN1 3QW,13,7,6,12
LN1 3QX,14,6,8,8
LN1 3QY,5,5,0,4
LN1 3QZ,24,12,12,11
LN1 3RA,12,8,4,8
LN1 3RB,8,6,2,8
LN1 3RD,22,11,11,11
LN1 3RE,22,12,10,16
LN1 3RF,33,13,20,12
LN1 3RG,5,3,2,3
LN1 3RH,23,13,10,12
LN1 3RJ,8,6,2,7
LN1 3RL,64,33,31,27
LN1 3RN,87,43,44,33
LN1 3RP,17,10,7,12
LN1 3RQ,55,22,33,38
LN1 3RR,41,17,24,18
LN1 3RS,13,8,5,8
LN1 3RT,29,14,15,12
LN1 3RU,20,9,11,10
LN1 3RW,27,18,9,15
LN1 3RX,13,5,8,11
LN1 3RY,28,17,11,13
LN1 3RZ,15,5,10,10
LN1 3SA,11,5,6,6
LN1 3SB,48,22,26,26
LN1 3SD,47,22,25,18
LN1 3SL,7,2,5,3
LN1 3SN,57,27,30,19
LN1 3SP,30,11,19,17
LN1 3SR,10,4,6,4
LN1 3SS,46,20,26,28
LN1 3ST,83,38,45,43
LN1 3SU,35,15,20,14
LN1 3SW,40,20,20,22
LN1 3SX,45,34,11,40
LN1 3SY,35,16,19,13
LN1 3SZ,40,13,27,18
LN1 3TA,34,17,17,12
LN1 3TB,60,30,30,34
LN1 3TD,31,13,18,14
LN1 3TE,29,14,15,15
LN1 3TF,27,20,7,22
LN1 3TG,41,14,27,19
LN1 3TH,64,35,29,38
LN1 3TJ,107,48,59,53
LN1 3TL,28,16,12,22
LN1 3TN,17,8,9,14
LN1 3TP,46,15,31,0
LN1 3TQ,24,10,14,12
LN1 3TR,11,5,6,6
LN1 3TX,41,19,22,20
LN1 3TY,8,4,4,4
LN1 3TZ,81,39,42,38
LN1 3UA,4,2,2,2
LN1 3UB,75,47,28,31
LN1 3UD,52,28,24,15
LN1 3UE,45,24,21,18
LN1 3UF,28,11,17,14
LN1 3UG,50,25,25,22
LN1 3UH,13,8,5,5
LN1 3UJ,76,39,37,39
LN1 3UL,85,41,44,47
LN1 3UN,51,25,26,28
LN1 3UP,47,22,25,22
LN1 3UQ,41,19,22,18
LN1 3UR,13,5,8,5
LN1 3US,6,4,2,3
LN1 3UT,76,32,44,31
LN1 3UU,67,35,32,29
LN1 3UW,79,29,50,36
LN1 3UX,13,7,6,6
LN1 3UY,13,5,8,7
LN1 3UZ,18,8,10,14
LN1 3WA,51,27,24,25
LN1 3WB,22,10,12,13
LN1 3WT,29,15,14,14
LN1 3XA,102,51,51,57
LN1 3XB,15,7,8,9
LN1 3XD,69,32,37,31
LN1 3XE,39,20,19,14
LN1 3XF,20,8,12,8
LN1 3XG,41,20,21,18
LN1 3XH,85,43,42,37
LN1 3XL,8,5,3,4
LN1 3XN,18,9,9,14
LN1 3XQ,77,37,40,38
LN105DS,45,22,23,22
LN105DT,113,47,66,34
LN105DU,45,22,23,22
LN105DX,24,12,12,9
LN105DY,64,32,32,26
LN105DZ,5,2,3,2
LN105EA,5,3,2,2
LN105EB,7,4,3,3
LN105ED,5,2,3,3
LN105EE,6,3,3,2
LN105EF,1,0,1,1
LN105EG,8,5,3,5
LN105EJ,21,9,12,8
LN105EQ,27,13,14,13
LN105ER,4,1,3,3
LN105ES,10,6,4,4
LN105ET,27,12,15,12
LN105EX,117,61,56,55
LN105EY,28,18,10,10
LN105EZ,15,7,8,6
LN105HA,8,3,5,2
LN105HH,13,6,7,6
LN105HJ,10,5,5,4
LN105HL,15,6,9,6
LN105HN,10,2,8,5
LN105HP,59,29,30,31
LN105HR,6,3,3,3
LN105HS,7,3,4,2
LN105HT,8,4,4,3
LN105HW,7,4,3,4
LN106AR,18,8,10,10
LN106BA,8,4,4,4
LN106BB,42,20,22,17
LN106BD,26,10,16,11
LN106BE,35,16,19,20
LN106BN,44,25,19,20
LN106BP,21,11,10,12
LN106DA,12,5,7,7
LN106GA,22,11,11,11
LN106GB,21,12,9,13
LN106GD,8,3,5,3
LN106NA,15,7,8,7
LN106NE,44,17,27,15
LN106NU,26,17,9,15
LN106PB,12,6,6,6
LN106PD,24,13,11,11
LN106PE,29,16,13,10
LN106PF,101,47,54,44
LN106PG,42,20,22,24
LN106PH,12,6,6,7
LN106PJ,53,26,27,27
LN106PL,6,3,3,3
LN106PP,19,9,10,10
LN106PR,9,4,5,5
LN106PT,9,4,5,3
LN106PU,6,3,3,3
LN106PW,5,3,2,2
LN106PY,5,3,2,3
LN106PZ,25,11,14,12
LN106QA,4,1,3,2
LN106QD,15,9,6,5
LN106QE,22,10,12,10
LN106QG,17,10,7,10
LN106QH,42,20,22,21
LN106QL,15,8,7,10
LN106QQ,15,7,8,7
LN106QT,17,9,8,12
LN106QU,49,24,25,27
LN106QW,32,15,17,20
LN106QX,39,23,16,21
LN106QY,56,29,27,24
LN106QZ,112,56,56,51
LN106RA,109,50,59,49
LN106RB,46,25,21,23
LN106RD,65,30,35,22
LN106RE,96,47,49,42
LN106RF,20,11,9,6
LN106RG,38,19,19,16
LN106RH,43,17,26,37
LN106RJ,44,21,23,18
LN106RL,98,49,49,40
LN106RN,17,9,8,8
LN106RQ,33,18,15,13
LN106RR,12,5,7,8
LN106RS,7,3,4,5
LN106RT,64,25,39,29
LN106RU,10,4,6,5
LN106RW,59,28,31,26
LN106RX,30,15,15,21
LN106RY,15,7,8,6
LN106RZ,51,25,26,22
LN106SA,28,16,12,12
LN106SB,58,27,31,27
LN106SD,56,27,29,21
LN106SE,40,20,20,16
LN106SF,24,10,14,15
LN106SG,3,1,2,0
LN106SH,5,3,2,3
LN106SL,34,15,19,15
LN106SN,37,20,17,16
LN106SP,67,25,42,15
LN106SQ,73,30,43,18
LN106SR,36,16,20,15
LN106ST,53,27,26,28
LN106SX,112,50,62,47
LN106SY,26,11,15,15
LN106SZ,60,29,31,18
LN106TA,43,19,24,15
LN106TB,10,6,4,4
LN106TD,41,23,18,21
LN106TE,9,4,5,6
LN106TF,28,13,15,11
LN106TG,16,8,8,8
LN106TH,56,26,30,27
LN106TJ,45,21,24,26
LN106TL,31,15,16,13
LN106TN,15,8,7,5
LN106TP,50,24,26,21
LN106TQ,47,30,17,1
LN106TR,36,10,26,31
LN106TS,90,40,50,36
LN106TT,14,5,9,7
LN106TU,19,9,10,8
LN106TW,20,8,12,6
LN106TX,1,0,1,1
LN106TY,66,30,36,24
LN106TZ,18,10,8,11
LN106UB,62,29,33,36
LN106UD,6,1,5,4
LN106UE,105,55,50,48
LN106UF,18,7,11,8
LN106UG,19,8,11,10
LN106UH,25,13,12,10
LN106UJ,10,4,6,2
LN106UL,4,2,2,2
LN106UN,5,3,2,3
LN106UP,7,4,3,3
LN106UQ,37,19,18,13
LN106UR,71,35,36,34
LN106UT,29,13,16,15
LN106UU,135,69,66,79
LN106UW,16,7,9,4
LN106UX,144,72,72,59
LN106UY,52,27,25,26
LN106UZ,91,41,50,39
LN106WA,23,11,12,9
LN106WB,28,15,13,16
LN106WD,11,4,7,7
LN106XH,45,22,23,18
LN106XJ,14,9,5,8
LN106XL,20,11,9,9
LN106XN,11,6,5,6
LN106XP,19,10,9,8
LN106XR,11,5,6,5
LN106XS,26,13,13,10
LN106XT,8,5,3,5
LN106XU,31,14,17,11
LN106XW,32,15,17,11
LN106XX,32,16,16,17
LN106XY,49,20,29,29
LN106XZ,35,15,20,17
LN106YA,24,14,10,15
LN106YB,12,7,5,4
LN106YD,50,24,26,23
LN106YE,18,10,8,10
LN106YF,50,23,27,25
LN106YG,67,31,36,33
LN106YH,62,30,32,23
LN106YJ,70,35,35,29
LN106YL,36,20,16,15
LN106YN,22,12,10,9
LN106YP,24,12,12,11
LN106YQ,6,3,3,3
LN106YR,6,3,3,2
LN106YS,10,6,4,4
LN106YT,80,35,45,30
LN106YU,33,18,15,15
LN106YW,24,13,11,13
LN106YY,55,30,25,21
LN106YZ,19,11,8,9
LN110AA,49,27,22,23
LN110AB,20,6,14,8
LN110AD,102,47,55,42
LN110AE,52,28,24,20
LN110AH,24,11,13,10
LN110AJ,21,9,12,8
LN110AL,143,67,76,57
LN110AN,90,40,50,39
LN110AP,68,27,41,32
LN110AQ,54,24,30,19
LN110AR,60,32,28,24
LN110AT,27,14,13,10
LN110AU,71,38,33,31
LN110AW,13,6,7,10
LN110AY,45,25,20,17
LN110AZ,113,50,63,45
LN110BA,93,48,45,42
LN110BB,30,14,16,16
LN110BD,54,28,26,21
LN110BE,12,5,7,5
LN110BF,5,4,1,4
LN110BG,104,52,52,44
LN110BH,34,16,18,18
LN110BJ,63,31,32,29
LN110BL,30,14,16,16
LN110BN,68,33,35,29
LN110BP,43,23,20,19
LN110BQ,25,8,17,9
LN110BS,43,21,22,27
LN110BT,53,25,28,29
LN110BU,69,35,34,33
LN110BW,8,2,6,3
LN110BX,85,43,42,30
LN110BY,8,5,3,5
LN110BZ,34,15,19,14
LN110DA,3,1,2,1
LN110DB,29,13,16,11
LN110DD,74,32,42,33
LN110DE,125,47,78,17
LN110DF,30,16,14,14
LN110DG,26,13,13,11
LN110DH,10,6,4,6
LN110DJ,20,9,11,12
LN110DN,150,67,83,65
LN110DP,24,13,11,13
LN110DQ,46,20,26,16
LN110DR,20,11,9,9
LN110DS,12,4,8,7
LN110DT,82,38,44,38
LN110DU,41,23,18,17
LN110DW,55,24,31,30
LN110DX,8,2,6,4
LN110DY,31,16,15,14
LN110DZ,62,33,29,24
LN110EA,42,24,18,17
LN110EB,32,18,14,13
LN110ED,50,24,26,22
LN110EE,15,5,10,6
LN110EF,103,54,49,46
LN110EG,6,3,3,4
LN110EH,30,16,14,15
LN110EJ,5,3,2,2
LN110EL,16,9,7,13
LN110EN,16,7,9,10
LN110EP,24,13,11,8
LN110EQ,31,16,15,15
LN110ER,22,11,11,11
LN110ES,39,22,17,18
LN110ET,1,1,0,1
LN110EU,6,3,3,5
LN110EW,47,21,26,24
LN110EX,71,36,35,26
LN110EY,67,27,40,29
LN110EZ,30,13,17,16
LN110FB,8,3,5,5
LN110FE,4,3,1,3
LN110FF,16,8,8,7
LN110FG,7,4,3,3
LN110FL,11,6,5,6
LN110FN,7,3,4,6
LN110FR,24,13,11,8
LN110GA,9,3,6,3
LN110GB,11,3,8,5
LN110GD,32,17,15,11
LN110GE,100,43,57,38
LN110GF,29,15,14,9
LN110GG,9,3,6,3
LN110GH,6,3,3,3
LN110GJ,21,12,9,6
LN110GL,37,20,17,18
LN110GN,16,7,9,7
LN110GQ,33,18,15,12
LN110GR,88,42,46,35
LN110GS,3,2,1,2
LN110GT,78,36,42,43
LN110GU,8,4,4,4
LN110HA,73,26,47,60
LN110HB,70,39,31,27
LN110HD,166,81,85,52
LN110HE,90,42,48,43
LN110HF,30,17,13,21
LN110HT,83,36,47,39
LN110HU,29,12,17,13
LN110HW,22,13,9,10
LN110HX,62,31,31,20
LN110HY,54,25,29,19
LN110HZ,93,40,53,33
LN110JA,56,30,26,24
LN110JB,55,30,25,19
LN110JD,114,51,63,42
LN110JE,144,77,67,52
LN110JJ,18,11,7,10
LN110JL,6,2,4,4
LN110JN,26,10,16,9
LN110JP,38,12,26,32
LN110JR,13,7,6,10
LN110JS,38,18,20,20
LN110JU,6,2,4,3
LN110JW,60,32,28,26
LN110JX,19,8,11,6
LN110JY,16,9,7,10
LN110JZ,41,21,20,16
LN110LB,71,36,35,33
LN110LD,64,27,37,30
LN110LE,31,14,17,17
LN110LG,7,3,4,3
LN110LH,13,6,7,6
LN110LN,10,6,4,5
LN110LP,5,3,2,3
LN110LR,4,2,2,2
LN110LT,32,15,17,22
LN110LU,23,13,10,16
LN110LW,10,4,6,7
LN110LY,42,22,20,24
LN110LZ,28,14,14,23
LN110NA,17,10,7,10
LN110NB,33,13,20,16
LN110ND,33,15,18,19
LN110NE,63,31,32,31
LN110NF,8,3,5,4
LN110NG,14,5,9,7
LN110NH,37,16,21,19
LN110NJ,39,21,18,19
LN110NN,16,9,7,10
LN110NP,7,4,3,4
LN110NQ,83,41,42,33
LN110NR,1,1,0,1
LN110NS,14,8,6,7
LN110NT,8,5,3,4
LN110NU,7,3,4,4
LN110NW,31,18,13,21
LN110NX,17,7,10,6
LN110NY,57,32,25,21
LN110PA,24,11,13,7
LN110PB,31,16,15,10
LN110PD,21,9,12,11
LN110PE,13,6,7,4
LN110PF,98,49,49,44
LN110PG,33,16,17,15
LN110PH,7,3,4,5
LN110PJ,14,7,7,7
LN110PL,22,14,8,10
LN110PN,47,23,24,25
LN110PP,15,7,8,4
LN110PQ,68,31,37,25
LN110PR,2,1,1,1
LN110PS,53,20,33,34
LN110PT,12,2,10,6
LN110PU,14,7,7,4
LN110PW,49,26,23,17
LN110PX,29,12,17,17
LN110PY,24,10,14,12
LN110PZ,7,4,3,3
LN110QA,6,3,3,3
LN110QB,15,7,8,8
LN110QD,67,33,34,27
LN110QE,30,16,14,11
LN110QF,38,20,18,12
LN110QG,29,16,13,13
LN110QH,25,14,11,10
LN110QL,7,3,4,3
LN110QP,11,4,7,5
LN110QQ,20,10,10,6
LN110QR,16,7,9,7
LN110QS,17,8,9,7
LN110QT,79,39,40,32
LN110QU,9,5,4,5
LN110QW,47,23,24,21
LN110QX,6,2,4,3
LN110QY,5,3,2,2
LN110QZ,19,10,9,5
LN110RA,9,5,4,4
LN110RB,14,7,7,6
LN110RD,5,2,3,2
LN110RE,11,5,6,4
LN110RF,5,3,2,2
LN110RG,38,16,22,16
LN110RH,2,1,1,1
LN110RQ,10,7,3,3
LN110RR,5,3,2,3
LN110RT,7,4,3,2
LN110RU,39,21,18,19
LN110RX,2,1,1,1
LN110RY,24,10,14,12
LN110RZ,17,6,11,9
LN110SA,33,16,17,16
LN110SB,12,8,4,5
LN110SD,14,7,7,5
LN110SE,27,9,18,9
LN110SF,15,9,6,6
LN110SG,7,3,4,4
LN110SH,7,3,4,4
LN110SJ,8,5,3,3
LN110SL,6,4,2,1
LN110SN,7,4,3,4
LN110SR,15,8,7,8
LN110SS,27,17,10,9
LN110ST,160,78,82,62
LN110SU,11,4,7,3
LN110SW,34,16,18,11
LN110SX,4,3,1,3
LN110SZ,16,6,10,7
LN110TA,3,2,1,1
LN110TB,19,11,8,9
LN110TD,12,5,7,6
LN110TE,34,18,16,16
LN110TF,47,20,27,22
LN110TG,9,4,5,3
LN110TH,81,41,40,38
LN110TJ,49,23,26,19
LN110TP,36,18,18,17
LN110TQ,38,20,18,18
LN110TR,28,13,15,14
LN110TS,25,11,14,16
LN110TT,17,9,8,6
LN110TU,20,10,10,10
LN110TW,1,1,0,1
LN110TX,12,4,8,5
LN110TZ,6,3,3,3
LN110UA,17,11,6,17
LN110UB,48,22,26,26
LN110UD,1,1,0,1
LN110UF,15,7,8,5
LN110UG,62,22,40,22
LN110UH,17,10,7,10
LN110UJ,35,18,17,18
LN110UL,38,20,18,19
LN110UN,18,9,9,6
LN110UP,2,1,1,1
LN110UQ,6,3,3,6
LN110UR,2,1,1,1
LN110UT,1,1,0,1
LN110UU,32,16,16,14
LN110UW,94,44,50,45
LN110UX,2,1,1,1
LN110UY,29,16,13,20
LN110WH,16,7,9,5
LN110WS,15,7,8,6
LN110XE,42,20,22,19
LN110XF,91,49,42,39
LN110XG,61,34,27,24
LN110XH,73,34,39,28
LN110XJ,64,29,35,27
LN110XL,50,25,25,22
LN110XN,10,5,5,4
LN110XP,10,6,4,5
LN110XQ,25,14,11,9
LN110XR,36,14,22,14
LN110XS,5,2,3,3
LN110XT,3,2,1,2
LN110XU,15,7,8,5
LN110XW,9,3,6,2
LN110XX,2,1,1,1
LN110XY,17,9,8,7
LN110YH,59,25,34,24
LN110YJ,13,7,6,8
LN110YL,7,6,1,6
LN110YN,30,16,14,11
LN110YS,35,12,23,34
LN110YT,28,10,18,14
LN110YU,47,21,26,24
LN110YW,112,52,60,43
LN110YX,21,10,11,10
LN110YY,13,6,7,5
LN117AA,22,9,13,14
LN117AB,18,5,13,9
LN117AD,44,21,23,23
LN117AF,3,1,2,3
LN117AG,32,19,13,14
LN117AJ,51,23,28,23
LN117AL,3,1,2,1
LN117AN,2,1,1,1
LN117AP,54,30,24,28
LN117AQ,5,2,3,1
LN117AR,93,50,43,38
LN117AS,104,47,57,42
LN117AT,22,8,14,11
LN117AX,145,74,71,55
LN117AY,104,53,51,41
LN117AZ,4,2,2,3
LN117BA,15,8,7,9
LN117BB,26,12,14,10
LN117BE,24,12,12,8
LN117BG,1,1,0,1
LN117BH,32,15,17,17
LN117BL,39,19,20,13
LN117BN,14,7,7,5
LN117BP,6,4,2,2
LN117BQ,38,21,17,11
LN117BS,13,7,6,5
LN117BT,33,22,11,23
LN117BW,36,20,16,16
LN117DA,7,3,4,4
LN117DB,15,6,9,7
LN117DD,9,6,3,4
LN117DE,10,5,5,4
LN117DF,21,13,8,8
LN117DG,11,6,5,5
LN117DH,20,9,11,7
LN117DJ,27,15,12,8
LN117DL,32,17,15,11
LN117DQ,12,5,7,4
LN117DU,10,6,4,4
LN117DX,15,6,9,6
LN117DY,32,16,16,14
LN117DZ,4,2,2,2
LN117EA,2,1,1,1
LN117EB,41,23,18,19
LN117ED,66,31,35,32
LN117EE,15,7,8,5
LN117EF,29,16,13,9
LN117EG,15,7,8,7
LN117EJ,23,9,14,8
LN117EL,18,10,8,7
LN117EN,7,4,3,2
LN117EP,15,6,9,7
LN117EQ,8,5,3,5
LN117ER,54,23,31,21
LN117ES,6,3,3,3
LN117ET,51,20,31,24
LN117EU,6,2,4,4
LN117EW,5,3,2,3
LN117EX,9,6,3,3
LN117FB,8,6,2,8
LN117FD,20,11,9,10
LN117GA,18,9,9,10
LN117GB,28,12,16,11
LN117GD,33,13,20,11
LN117HA,11,5,6,5
LN117HF,19,10,9,7
LN117HG,21,12,9,8
LN117HH,9,5,4,5
LN117HJ,2,1,1,1
LN117HL,19,9,10,6
LN117HQ,7,4,3,4
LN117HR,21,13,8,8
LN117HS,20,9,11,9
LN117HT,15,5,10,7
LN117HU,50,23,27,16
LN117HX,15,7,8,8
LN117HY,54,26,28,23
LN117HZ,14,6,8,5
LN117JA,47,23,24,19
LN117JB,37,17,20,14
LN117JD,117,56,61,43
LN117JF,26,14,12,10
LN117JG,15,12,3,13
LN117JP,6,2,4,3
LN117JQ,18,9,9,8
LN117JR,15,7,8,5
LN117JS,39,19,20,15
LN117JT,19,12,7,5
LN117JU,11,5,6,5
LN117JW,29,13,16,14
LN117JX,16,9,7,9
LN117JY,48,27,21,17
LN117JZ,7,4,3,4
LN117LA,3,1,2,1
LN117LH,158,81,77,65
LN117LJ,35,17,18,14
LN117LL,13,8,5,4
LN117LN,99,45,54,40
LN117LP,28,12,16,12
LN117LR,13,9,4,4
LN117LS,25,10,15,10
LN117LU,18,8,10,6
LN117LW,7,4,3,3
LN117LX,23,14,9,11
LN117LY,4,2,2,1
LN117LZ,3,1,2,2
LN117NA,2,1,1,1
LN117NH,50,22,28,27
LN117NJ,8,4,4,4
LN117NL,11,4,7,6
LN117NN,7,3,4,2
LN117NP,27,13,14,14
LN117NR,62,31,31,30
LN117NS,10,5,5,5
LN117NT,25,13,12,12
LN117NU,13,9,4,6
LN117NW,4,3,1,3
LN117NX,25,10,15,6
LN117PA,8,4,4,4
LN117PB,8,4,4,3
LN117PD,22,10,12,10
LN117PE,89,41,48,39
LN117PF,5,1,4,2
LN117PL,61,28,33,31
LN117PR,29,10,19,12
LN117PS,124,71,53,46
LN117PT,37,18,19,14
LN117PU,4,2,2,2
LN117PW,11,6,5,3
LN117PX,1,0,1,1
LN117PY,6,4,2,3
LN117PZ,63,30,33,24
LN117QA,5,3,2,3
LN117QB,37,19,18,18
LN117QD,2,1,1,1
LN117QG,97,44,53,34
LN117QH,39,14,25,23
LN117QJ,8,5,3,3
LN117QL,1,1,0,1
LN117QN,7,4,3,4
LN117QP,5,2,3,3
LN117QR,61,33,28,24
LN117QS,50,24,26,21
LN117QT,58,25,33,24
LN117QU,51,29,22,21
LN117QW,43,25,18,18
LN117QY,34,19,15,22
LN117QZ,17,9,8,8
LN117RA,22,9,13,11
LN117RB,4,2,2,2
LN117RD,4,2,2,2
LN117RF,12,6,6,8
LN117RG,34,18,16,17
LN117RJ,21,8,13,7
LN117RL,56,26,30,22
LN117RN,24,11,13,11
LN117RP,54,28,26,28
LN117RR,8,4,4,5
LN117RT,10,5,5,4
LN117RU,40,22,18,20
LN117RW,15,4,11,8
LN117RX,16,10,6,5
LN117RY,6,4,2,5
LN117RZ,27,11,16,10
LN117SA,44,24,20,19
LN117SB,68,36,32,29
LN117SD,4,3,1,2
LN117SE,7,4,3,5
LN117SF,8,3,5,5
LN117SN,83,42,41,37
LN117SP,41,17,24,16
LN117SR,14,8,6,8
LN117SS,129,65,64,52
LN117ST,26,15,11,9
LN117SU,3,2,1,1
LN117SW,8,5,3,5
LN117SX,5,3,2,3
LN117SY,11,4,7,3
LN117SZ,3,1,2,2
LN117TA,6,3,3,3
LN117TB,10,5,5,3
LN117TJ,8,6,2,2
LN117TL,47,22,25,20
LN117TP,62,33,29,24
LN117TR,4,2,2,2
LN117TS,8,4,4,3
LN117TT,6,3,3,3
LN117TU,59,27,32,23
LN117TW,1,0,1,1
LN117TX,11,6,5,5
LN117TZ,8,4,4,5
LN117UA,2,1,1,1
LN117UD,28,18,10,9
LN117UH,20,11,9,8
LN117UJ,19,8,11,8
LN117UL,18,10,8,8
LN117WA,21,11,10,15
LN117XA,8,3,5,3
LN118AA,122,59,63,45
LN118AB,37,19,18,10
LN118AD,14,5,9,10
LN118AE,63,26,37,24
LN118AF,3,1,2,2
LN118AG,35,17,18,14
LN118AH,26,13,13,11
LN118AJ,10,6,4,3
LN118AL,57,35,22,20
LN118AN,69,32,37,23
LN118AP,16,6,10,4
LN118AQ,81,44,37,26
LN118AR,125,55,70,44
LN118AS,59,26,33,23
LN118AT,38,16,22,15
LN118AU,7,5,2,3
LN118AW,92,46,46,37
LN118AX,25,11,14,10
LN118AY,13,5,8,7
LN118AZ,24,10,14,10
LN118BA,12,5,7,8
LN118BB,7,4,3,2
LN118BD,55,25,30,27
LN118BE,22,15,7,10
LN118BF,3,2,1,2
LN118BG,13,7,6,6
LN118BH,27,14,13,11
LN118BJ,42,14,28,26
LN118BL,22,8,14,8
LN118BN,18,11,7,9
LN118BP,91,35,56,42
LN118BQ,9,5,4,4
LN118BS,39,21,18,28
LN118BT,37,12,25,19
LN118BU,4,2,2,1
LN118BW,35,16,19,22
LN118BX,62,22,40,31
LN118BY,53,24,29,31
LN118BZ,49,17,32,19
LN118DA,19,8,11,8
LN118DB,54,27,27,21
LN118DD,18,11,7,12
LN118DE,2,1,1,1
LN118DF,57,29,28,22
LN118DG,83,41,42,30
LN118DJ,31,12,19,9
LN118DL,105,53,52,49
LN118DN,77,36,41,30
LN118DP,14,7,7,5
LN118DR,21,8,13,10
LN118DS,17,8,9,7
LN118DT,67,29,38,33
LN118DW,21,11,10,8
LN118DX,68,36,32,25
LN118DY,12,5,7,7
LN118EA,13,7,6,7
LN118ED,8,2,6,5
LN118EE,25,10,15,9
LN118EF,2,1,1,1
LN118EG,39,22,17,17
LN118EH,54,25,29,23
LN118EJ,42,22,20,16
LN118EL,53,26,27,25
LN118EN,20,10,10,9
LN118EP,28,15,13,13
LN118EQ,36,15,21,19
LN118ER,85,40,45,33
LN118ES,90,43,47,37
LN118ET,62,26,36,32
LN118EU,44,21,23,21
LN118EW,115,64,51,47
LN118EX,17,8,9,9
LN118EY,16,8,8,10
LN118EZ,10,5,5,4
LN118FB,35,15,20,15
LN118FD,51,25,26,26
LN118FE,18,11,7,11
LN118FF,23,7,16,14
LN118FS,4,2,2,2
LN118FZ,14,8,6,6
LN118GD,6,3,3,3
LN118GZ,8,3,5,3
LN118HA,3,1,2,1
LN118HB,23,13,10,10
LN118HD,5,2,3,2
LN118HE,7,3,4,3
LN118HF,29,14,15,13
LN118HG,15,10,5,5
LN118HH,30,16,14,15
LN118HJ,66,31,35,28
LN118HL,73,37,36,36
LN118HN,38,21,17,18
LN118HP,68,33,35,26
LN118HQ,43,22,21,23
LN118HR,3,1,2,2
LN118HS,8,5,3,2
LN118HT,2,1,1,1
LN118HU,17,8,9,10
LN118HW,9,5,4,3
LN118HY,47,25,22,18
LN118HZ,9,4,5,3
LN118JD,18,9,9,7
LN118JE,4,2,2,2
LN118JF,2,1,1,2
LN118JG,1,1,0,1
LN118JH,11,6,5,3
LN118JJ,13,7,6,6
LN118JL,12,6,6,7
LN118JN,5,2,3,2
LN118JP,15,6,9,8
LN118JQ,125,71,54,48
LN118JR,22,13,9,8
LN118JS,15,8,7,5
LN118JT,8,4,4,4
LN118JU,32,14,18,12
LN118JW,2,1,1,1
LN118JX,21,12,9,9
LN118JY,5,3,2,3
LN118JZ,5,2,3,1
LN118LG,49,23,26,16
LN118LH,120,58,62,54
LN118LJ,5,2,3,3
LN118LL,77,36,41,33
LN118LN,28,15,13,11
LN118LP,18,10,8,10
LN118LQ,33,16,17,15
LN118LR,18,10,8,7
LN118LS,8,4,4,4
LN118LT,89,48,41,39
LN118LU,10,5,5,4
LN118LW,28,15,13,13
LN118LX,25,12,13,16
LN118LY,24,11,13,10
LN118LZ,53,27,26,23
LN118NA,4,2,2,2
LN118NB,27,12,15,14
LN118NE,29,13,16,13
LN118NF,35,19,16,13
LN118NH,30,13,17,14
LN118NL,13,6,7,5
LN118NN,8,2,6,2
LN118NP,12,6,6,6
LN118NR,7,2,5,3
LN118NS,14,4,10,6
LN118NT,11,5,6,5
LN118NU,26,13,13,11
LN118NW,4,3,1,2
LN118NX,2,1,1,1
LN118PB,2,1,1,1
LN118PD,8,3,5,2
LN118PE,6,3,3,3
LN118PF,59,26,33,28
LN118PG,41,20,21,16
LN118PH,10,6,4,4
LN118PJ,3,2,1,2
LN118PL,6,3,3,3
LN118PN,7,3,4,5
LN118PP,7,4,3,3
LN118PQ,8,3,5,2
LN118PR,45,24,21,18
LN118PS,9,6,3,3
LN118PT,16,11,5,6
LN118PU,13,9,4,5
LN118PW,7,4,3,3
LN118PX,8,3,5,4
LN118PY,4,2,2,2
LN118PZ,2,1,1,1
LN118QF,17,8,9,9
LN118QG,66,31,35,42
LN118QH,23,11,12,13
LN118QJ,9,5,4,3
LN118QL,4,2,2,2
LN118QN,22,13,9,12
LN118QP,9,4,5,4
LN118QQ,1,0,1,1
LN118QR,12,8,4,5
LN118QS,20,12,8,12
LN118QT,2,1,1,1
LN118QU,5,2,3,2
LN118QW,11,7,4,7
LN118QX,23,13,10,9
LN118QY,41,17,24,18
LN118QZ,5,2,3,1
LN118RA,34,16,18,17
LN118RB,9,4,5,3
LN118RD,1,1,0,1
LN118RE,4,2,2,2
LN118RF,5,2,3,4
LN118RG,11,5,6,6
LN118RJ,14,6,8,8
LN118RP,61,19,42,39
LN118RQ,12,4,8,5
LN118RR,12,7,5,8
LN118RS,20,10,10,9
LN118RT,49,23,26,18
LN118RU,46,21,25,18
LN118RX,21,11,10,10
LN118RY,20,8,12,10
LN118RZ,143,57,86,48
LN118SA,27,15,12,13
LN118SB,88,48,40,40
LN118SD,15,9,6,7
LN118SE,2,1,1,1
LN118SF,10,4,6,4
LN118SG,64,26,38,29
LN118SH,32,13,19,14
LN118SJ,36,17,19,12
LN118SL,153,72,81,70
LN118SN,28,12,16,12
LN118SP,39,20,19,18
LN118SQ,76,37,39,27
LN118SR,28,14,14,11
LN118SS,31,16,15,12
LN118ST,27,13,14,12
LN118SU,9,3,6,4
LN118SW,104,55,49,43
LN118SY,24,11,13,9
LN118SZ,106,47,59,44
LN118TA,18,8,10,12
LN118TB,26,13,13,10
LN118TD,57,30,27,21
LN118TE,26,10,16,17
LN118TF,66,33,33,31
LN118TG,34,14,20,16
LN118TH,8,4,4,4
LN118TJ,6,4,2,3
LN118TL,15,10,5,6
LN118TN,34,16,18,16
LN118TQ,8,6,2,2
LN118TT,62,30,32,23
LN118TU,43,20,23,18
LN118TX,33,16,17,16
LN118TY,23,13,10,11
LN118TZ,57,31,26,19
LN118UA,14,5,9,6
LN118UB,20,12,8,5
LN118UD,10,3,7,5
LN118UE,15,7,8,7
LN118UF,31,18,13,11
LN118UG,18,8,10,7
LN118UH,59,29,30,22
LN118UJ,34,18,16,12
LN118UL,23,9,14,10
LN118UN,70,36,34,27
LN118UQ,118,63,55,46
LN118US,6,4,2,2
LN118UT,23,12,11,9
LN118UW,38,16,22,16
LN118UY,44,24,20,12
LN118XA,33,17,16,18
LN118XB,36,18,18,14
LN118XG,5,2,3,2
LN118XH,20,10,10,9
LN118XJ,4,2,2,2
LN118XZ,1,0,1,1
LN118YG,116,53,63,46
LN118YH,27,13,14,9
LN118YJ,51,23,28,27
LN118YL,62,30,32,29
LN118YN,42,23,19,17
LN118YP,25,15,10,11
LN119AA,16,7,9,13
LN119AB,20,11,9,9
LN119AD,3,3,0,2
LN119AG,69,40,29,32
LN119AH,10,10,0,10
LN119AJ,37,21,16,8
LN119AL,45,22,23,23
LN119AN,25,15,10,6
LN119AP,21,7,14,14
LN119AS,89,41,48,47
LN119AU,40,22,18,23
LN119AX,8,2,6,4
LN119AY,10,7,3,5
LN119BA,31,10,21,21
LN119BD,19,11,8,11
LN119BF,14,7,7,6
LN119BG,6,3,3,2
LN119BJ,54,26,28,23
LN119BL,30,15,15,19
LN119BP,44,14,30,39
LN119BS,11,6,5,6
LN119BT,54,22,32,23
LN119BU,7,4,3,4
LN119BW,4,1,3,1
LN119BX,29,14,15,13
LN119BY,11,3,8,7
LN119BZ,34,15,19,21
LN119DA,67,34,33,31
LN119DB,58,31,27,26
LN119DD,24,11,13,16
LN119DE,58,25,33,28
LN119DF,32,16,16,19
LN119DG,101,45,56,40
LN119DH,60,26,34,24
LN119DJ,66,24,42,28
LN119DN,22,14,8,8
LN119DQ,9,4,5,7
LN119DR,53,22,31,28
LN119DT,32,20,12,15
LN119DU,56,25,31,29
LN119DW,67,30,37,30
LN119DY,10,5,5,5
LN119DZ,17,8,9,8
LN119EA,5,3,2,4
LN119EB,25,12,13,14
LN119ED,40,17,23,17
LN119EE,122,57,65,60
LN119EF,9,3,6,6
LN119EG,43,20,23,26
LN119EH,9,3,6,4
LN119EJ,58,33,25,33
LN119EN,44,25,19,19
LN119EP,60,24,36,25
LN119EQ,96,50,46,50
LN119ER,9,3,6,7
LN119ET,35,20,15,20
LN119EW,95,46,49,47
LN119EX,16,7,9,11
LN119EZ,27,17,10,16
LN119FB,65,35,30,27
LN119FD,27,14,13,10
LN119FE,71,28,43,35
LN119FF,44,19,25,20
LN119FG,23,12,11,9
LN119HA,11,3,8,5
LN119HD,37,19,18,17
LN119HF,44,14,30,20
LN119HG,17,10,7,8
LN119HH,18,11,7,11
LN119HJ,64,31,33,36
LN119HL,7,5,2,5
LN119HN,53,24,29,30
LN119HP,45,23,22,21
LN119HR,29,17,12,11
LN119HS,7,3,4,3
LN119HT,68,35,33,30
LN119HU,23,12,11,8
LN119HW,33,15,18,18
LN119HX,13,5,8,7
LN119HY,18,10,8,6
LN119HZ,101,48,53,43
LN119JA,14,9,5,9
LN119JE,16,5,11,12
LN119JG,7,5,2,6
LN119JN,39,21,18,21
LN119JP,12,5,7,6
LN119JQ,17,9,8,11
LN119JR,26,10,16,12
LN119JS,28,14,14,11
LN119JT,29,10,19,4
LN119JU,87,44,43,43
LN119JW,21,11,10,12
LN119JX,33,12,21,23
LN119JY,6,1,5,6
LN119JZ,28,12,16,17
LN119LA,20,9,11,13
LN119LB,30,15,15,13
LN119LD,52,27,25,20
LN119LE,5,3,2,3
LN119LF,16,6,10,10
LN119LG,28,11,17,15
LN119LH,27,16,11,10
LN119LJ,2,1,1,2
LN119LL,17,9,8,9
LN119LN,30,15,15,13
LN119LP,4,2,2,2
LN119LQ,32,15,17,16
LN119LR,26,14,12,19
LN119LT,7,5,2,3
LN119LW,3,1,2,1
LN119LX,7,3,4,4
LN119NE,28,13,15,21
LN119NH,3,1,2,1
LN119NL,7,4,3,5
LN119NN,10,2,8,9
LN119NP,14,9,5,6
LN119NQ,9,5,4,5
LN119NR,1,1,0,1
LN119PB,1,0,1,1
LN119PD,1,1,0,1
LN119PG,1,0,1,1
LN119PJ,5,2,3,4
LN119PL,28,16,12,15
LN119PR,13,1,12,12
LN119PT,6,5,1,5
LN119PU,2,0,2,1
LN119PY,4,2,2,1
LN119QE,42,24,18,26
LN119QN,20,12,8,7
LN119QP,2,1,1,1
LN119QT,22,13,9,10
LN119QU,11,6,5,4
LN119QW,1,1,0,1
LN119QX,18,7,11,9
LN119QY,11,5,6,4
LN119QZ,18,10,8,9
LN119RA,12,7,5,7
LN119RD,2,1,1,1
LN119RE,3,2,1,2
LN119RF,4,2,2,2
LN119RH,3,2,1,2
LN119RJ,3,2,1,1
LN119RL,32,15,17,14
LN119RN,9,5,4,3
LN119RP,2,1,1,1
LN119RQ,12,7,5,7
LN119RR,24,9,15,11
LN119RW,2,1,1,1
LN119RY,11,6,5,5
LN119RZ,3,2,1,2
LN119SA,12,5,7,4
LN119SB,12,8,4,4
LN119SD,3,2,1,1
LN119SF,4,1,3,1
LN119SG,5,3,2,3
LN119SH,16,7,9,6
LN119SL,16,6,10,7
LN119SN,14,9,5,6
LN119SP,9,4,5,5
LN119SQ,3,2,1,3
LN119SR,89,44,45,43
LN119SS,5,2,3,2
LN119ST,14,7,7,7
LN119SU,6,4,2,3
LN119SW,14,7,7,5
LN119SX,7,4,3,3
LN119SY,5,2,3,2
LN119TF,26,9,17,11
LN119TG,17,9,8,10
LN119TH,9,5,4,5
LN119TJ,35,18,17,16
LN119TL,8,3,5,3
LN119TN,20,11,9,8
LN119TP,43,22,21,17
LN119TQ,38,20,18,14
LN119TR,56,25,31,24
LN119TS,17,8,9,8
LN119TT,17,8,9,6
LN119TW,32,19,13,11
LN119TX,15,4,11,6
LN119TZ,8,5,3,3
LN119UA,4,2,2,2
LN119UB,18,8,10,7
LN119UD,6,3,3,1
LN119UE,12,6,6,6
LN119UF,21,11,10,10
LN119UG,4,2,2,2
LN119UN,4,2,2,3
LN119UP,26,11,15,12
LN119UR,19,11,8,10
LN119UT,16,7,9,7
LN119UW,24,12,12,12
LN119UX,13,6,7,7
LN119WA,5,3,2,3
LN119WB,12,5,7,6
LN119WD,39,19,20,17
LN119XF,29,14,15,15
LN119XG,51,26,25,23
LN119XH,16,9,7,8
LN119XJ,7,2,5,4
LN119XL,12,5,7,6
LN119XP,65,31,34,32
LN119XQ,9,7,2,3
LN119XR,7,3,4,2
LN119XS,3,1,2,2
LN119XT,14,5,9,6
LN119XU,8,5,3,4
LN119XX,23,10,13,10
LN119XY,36,15,21,16
LN119XZ,39,13,26,18
LN119YA,22,14,8,5
LN119YD,62,32,30,34
LN119YE,12,7,5,4
LN119YH,68,29,39,19
LN119YJ,9,4,5,7
LN119YL,6,3,3,5
LN119YN,10,3,7,7
LN119YP,1,0,1,1
LN119YQ,16,9,7,9
LN119YW,14,7,7,10
LN119YX,12,9,3,10
LN121AA,57,30,27,24
LN121AB,8,2,6,3
LN121AD,7,5,2,5
LN121AF,13,4,9,6
LN121AG,4,2,2,2
LN121AL,11,7,4,6
LN121AS,8,3,5,6
LN121AT,6,4,2,2
LN121AU,1,0,1,1
LN121AX,1,0,1,1
LN121BE,68,34,34,34
LN121BG,3,2,1,2
LN121BH,13,6,7,8
LN121BJ,90,43,47,34
LN121BL,7,1,6,3
LN121BN,9,4,5,6
LN121BP,44,17,27,5
LN121BQ,123,60,63,70
LN121BS,16,8,8,10
LN121BT,27,9,18,8
LN121BU,11,6,5,6
LN121BW,11,5,6,6
LN121BX,16,8,8,9
LN121BY,70,35,35,36
LN121DA,31,13,18,12
LN121DB,21,10,11,10
LN121DD,83,36,47,33
LN121DE,26,12,14,11
LN121DF,21,13,8,7
LN121DG,42,19,23,16
LN121DP,29,15,14,12
LN121DR,46,20,26,26
LN121EH,33,17,16,15
LN121EJ,32,14,18,10
LN121EL,97,41,56,19
LN121EN,77,37,40,35
LN121EP,51,27,24,27
LN121ER,5,3,2,2
LN121ES,4,2,2,1
LN121ET,51,24,27,22
LN121EU,45,23,22,17
LN121EW,14,8,6,5
LN121EX,7,4,3,3
LN121EY,71,34,37,39
LN121EZ,46,18,28,25
LN121FR,55,25,30,31
LN121GA,30,17,13,10
LN121HA,81,38,43,37
LN121HB,22,9,13,15
LN121HE,34,15,19,14
LN121HF,13,7,6,6
LN121HH,53,24,29,24
LN121HL,15,8,7,7
LN121HN,24,11,13,8
LN121HP,14,6,8,6
LN121HQ,6,3,3,2
LN121HR,126,66,60,69
LN121HT,57,28,29,25
LN121HU,17,12,5,9
LN121HW,34,12,22,15
LN121HX,12,4,8,7
LN121HY,70,40,30,29
LN121HZ,11,4,7,6
LN121JA,64,37,27,29
LN121JB,63,32,31,29
LN121JD,3,1,2,2
LN121JE,28,16,12,6
LN121JF,72,37,35,33
LN121JH,107,49,58,58
LN121JJ,15,9,6,9
LN121JL,5,1,4,4
LN121JN,8,3,5,5
LN121JP,64,32,32,29
LN121JR,62,30,32,25
LN121JS,36,17,19,21
LN121JT,29,13,16,16
LN121JU,11,5,6,7
LN121JW,7,3,4,3
LN121JX,44,25,19,25
LN121JY,14,7,7,8
LN121JZ,18,9,9,9
LN121LA,14,7,7,6
LN121LB,16,7,9,10
LN121LD,30,16,14,16
LN121LE,84,40,44,24
LN121LF,20,12,8,13
LN121LG,54,26,28,27
LN121LH,13,9,4,9
LN121LJ,23,13,10,11
LN121LL,100,48,52,49
LN121LN,3,2,1,2
LN121LP,9,4,5,6
LN121LQ,60,27,33,28
LN121LR,17,6,11,7
LN121LS,69,29,40,25
LN121LT,15,6,9,8
LN121LU,15,7,8,6
LN121LW,20,12,8,8
LN121LX,27,13,14,13
LN121LY,68,31,37,31
LN121LZ,7,4,3,4
LN121NA,18,8,10,12
LN121NB,33,16,17,18
LN121NE,11,5,6,6
LN121NF,104,47,57,53
LN121NG,57,26,31,21
LN121NH,9,5,4,4
LN121NJ,5,2,3,3
LN121NL,14,5,9,3
LN121NN,13,5,8,7
LN121NP,4,1,3,2
LN121NQ,43,19,24,17
LN121NR,42,22,20,21
LN121NS,79,44,35,42
LN121NT,2,1,1,1
LN121NU,16,9,7,6
LN121NW,19,10,9,13
LN121NX,115,61,54,43
LN121PA,32,11,21,12
LN121PB,48,23,25,21
LN121PD,32,18,14,13
LN121PE,10,6,4,6
LN121PF,30,13,17,16
LN121PG,11,4,7,7
LN121PH,31,17,14,7
LN121PJ,13,5,8,7
LN121PQ,20,11,9,12
LN121PR,2,1,1,1
LN121PX,80,39,41,23
LN121PZ,11,5,6,7
LN121QA,6,4,2,3
LN121QB,39,19,20,18
LN121QD,11,6,5,6
LN121QE,72,38,34,34
LN121QF,9,4,5,2
LN121QG,4,1,3,1
LN121QL,58,27,31,28
LN121QN,19,7,12,13
LN121QP,24,9,15,12
LN121QQ,2,1,1,1
LN121QR,49,23,26,25
LN121QS,31,13,18,15
LN121QT,13,7,6,7
LN121QW,6,3,3,3
LN121QX,3,2,1,0
LN121QY,6,2,4,2
LN121RB,36,19,17,15
LN121RD,24,11,13,13
LN121RH,29,12,17,18
LN121RN,16,10,6,8
LN121RP,39,17,22,25
LN121RQ,142,70,72,59
LN121RR,33,14,19,25
LN122AA,55,29,26,24
LN122AB,2,1,1,1
LN122AD,59,32,27,21
LN122AE,17,10,7,7
LN122AF,102,49,53,48
LN122AJ,131,67,64,52
LN122AL,72,35,37,26
LN122AN,7,4,3,5
LN122AP,60,32,28,35
LN122AQ,23,13,10,11
LN122AS,54,32,22,28
LN122AT,32,14,18,14
LN122AU,7,3,4,4
LN122AW,3,2,1,2
LN122AX,83,36,47,45
LN122AY,81,35,46,42
LN122BA,35,16,19,21
LN122BB,17,10,7,9
LN122BD,15,11,4,8
LN122BE,38,18,20,14
LN122BF,44,21,23,23
LN122BG,27,12,15,9
LN122BH,63,33,30,23
LN122BJ,99,45,54,37
LN122BL,34,18,16,11
LN122BN,14,6,8,6
LN122BP,39,19,20,20
LN122BQ,10,5,5,6
LN122BS,22,10,12,10
LN122BT,9,6,3,5
LN122BU,8,4,4,5
LN122BW,12,7,5,5
LN122BX,11,5,6,8
LN122BY,12,6,6,6
LN122DA,100,46,54,57
LN122DB,47,19,28,24
LN122DD,9,4,5,4
LN122DE,21,11,10,6
LN122DF,16,7,9,6
LN122DG,27,10,17,13
LN122DH,18,8,10,8
LN122DJ,7,4,3,4
LN122DL,19,10,9,8
LN122DN,9,5,4,3
LN122DP,21,11,10,10
LN122DQ,13,8,5,7
LN122DR,8,4,4,5
LN122DS,15,7,8,5
LN122DT,28,6,22,25
LN122DU,93,39,54,44
LN122DW,12,6,6,6
LN122DX,9,4,5,2
LN122DY,84,35,49,44
LN122DZ,150,63,87,60
LN122EA,38,19,19,19
LN122EB,7,4,3,3
LN122EE,14,8,6,8
LN122EF,8,5,3,4
LN122EG,8,4,4,5
LN122EH,9,5,4,4
LN122EJ,41,18,23,22
LN122EL,56,26,30,41
LN122EP,26,15,11,11
LN122EQ,1,1,0,1
LN122ER,68,27,41,22
LN122ES,69,30,39,24
LN122ET,4,3,1,2
LN122EU,11,5,6,3
LN122EW,80,37,43,37
LN122EX,18,9,9,9
LN122EY,19,12,7,10
LN122FB,46,23,23,25
LN122FD,23,11,12,12
LN122FE,7,4,3,4
LN122FF,8,5,3,4
LN122FG,8,4,4,4
LN122FH,44,18,26,38
LN122FJ,36,14,22,17
LN122FL,8,4,4,4
LN122GF,7,5,2,4
LN122GG,5,3,2,3
LN122GH,55,26,29,14
LN122GN,16,9,7,10
LN122GR,16,7,9,8
LN122GS,24,11,13,11
LN122GT,8,4,4,4
LN122GY,9,3,6,7
LN122GZ,17,9,8,6
LN122HA,8,4,4,3
LN122HB,11,5,6,5
LN122HD,39,20,19,21
LN122HE,8,5,3,3
LN122HF,55,21,34,13
LN122HG,36,15,21,13
LN122HH,36,19,17,16
LN122HJ,20,13,7,9
LN122HL,44,17,27,14
LN122HN,22,12,10,11
LN122HP,119,53,66,64
LN122HQ,31,16,15,13
LN122HR,50,20,30,15
LN122HS,16,7,9,10
LN122HT,47,18,29,19
LN122HU,13,8,5,4
LN122HW,11,4,7,5
LN122HX,6,3,3,3
LN122HY,39,21,18,14
LN122HZ,6,3,3,4
LN122JA,129,54,75,51
LN122JB,57,28,29,26
LN122JD,52,24,28,29
LN122JE,8,3,5,4
LN122JF,4,2,2,4
LN122JG,10,4,6,7
LN122JH,106,45,61,55
LN122JJ,26,11,15,14
LN122JL,16,7,9,9
LN122JN,29,12,17,14
LN122JP,106,50,56,62
LN122JQ,9,4,5,5
LN122JR,79,35,44,43
LN122JS,70,28,42,37
LN122JT,5,2,3,4
LN122JU,31,15,16,14
LN122JW,11,5,6,6
LN122JX,12,8,4,9
LN122JY,9,5,4,8
LN122JZ,9,7,2,8
LN122LA,6,3,3,5
LN122LB,8,3,5,6
LN122LD,5,3,2,4
LN122LE,6,2,4,4
LN122LF,10,6,4,7
LN122LG,33,14,19,14
LN122LH,9,5,4,6
LN122LJ,118,56,62,62
LN122LL,30,17,13,9
LN122LN,22,9,13,10
LN122LP,39,15,24,8
LN122LQ,22,10,12,13
LN122LR,14,11,3,5
LN122LT,146,74,72,58
LN122LU,9,4,5,7
LN122LW,38,19,19,18
LN122LX,36,18,18,14
LN122LY,12,4,8,7
LN122LZ,19,11,8,10
LN122NA,16,6,10,10
LN122NB,45,19,26,27
LN122ND,110,49,61,53
LN122NE,83,40,43,42
LN122NF,45,21,24,12
LN122NG,7,3,4,4
LN122NH,55,26,29,26
LN122NJ,39,22,17,14
LN122NL,45,16,29,11
LN122NN,15,7,8,8
LN122NP,14,6,8,8
LN122NQ,32,18,14,17
LN122NR,7,2,5,5
LN122NS,18,10,8,10
LN122NT,59,26,33,32
LN122NU,129,59,70,67
LN122NW,2,1,1,2
LN122NX,36,16,20,16
LN122PA,43,19,24,25
LN122PB,26,11,15,16
LN122PD,19,11,8,12
LN122PE,1,1,0,1
LN122PF,8,6,2,8
LN122PG,39,17,22,18
LN122PH,81,44,37,40
LN122PJ,38,19,19,23
LN122PL,13,8,5,7
LN122PP,13,6,7,7
LN122PQ,17,10,7,11
LN122PR,13,7,6,7
LN122PS,19,11,8,11
LN122PT,41,18,23,16
LN122PW,7,2,5,4
LN122PX,40,20,20,20
LN122PY,23,11,12,13
LN122PZ,7,4,3,4
LN122QA,29,17,12,24
LN122QB,13,5,8,6
LN122QD,42,25,17,26
LN122QE,47,29,18,23
LN122QF,11,5,6,2
LN122QH,14,8,6,6
LN122QJ,2,1,1,1
LN122QL,6,4,2,2
LN122QN,16,8,8,7
LN122QP,66,36,30,36
LN122QQ,7,4,3,3
LN122QR,36,18,18,17
LN122QS,128,56,72,79
LN122QU,11,5,6,6
LN122QW,11,5,6,6
LN122QX,31,16,15,15
LN122QY,61,31,30,29
LN122QZ,52,26,26,24
LN122RA,36,19,17,17
LN122RB,17,9,8,6
LN122RD,4,2,2,2
LN122RE,4,2,2,3
LN122RF,62,28,34,36
LN122RG,10,3,7,8
LN122RH,26,13,13,16
LN122RJ,45,22,23,21
LN122RL,22,10,12,8
LN122RN,20,9,11,6
LN122RP,6,2,4,3
LN122RQ,22,12,10,8
LN122RR,10,6,4,5
LN122RS,17,9,8,6
LN122RT,101,47,54,44
LN122RU,37,19,18,17
LN122RW,4,2,2,2
LN122RX,12,8,4,5
LN122RY,8,6,2,3
LN122RZ,33,15,18,17
LN122SA,49,26,23,24
LN122SB,22,10,12,13
LN122SD,16,5,11,11
LN122SE,7,3,4,5
LN122SF,59,28,31,29
LN122SG,8,3,5,5
LN122SH,17,9,8,7
LN122SJ,76,33,43,39
LN122SL,55,26,29,35
LN122SN,5,3,2,4
LN122SP,7,4,3,4
LN122SQ,31,16,15,18
LN122SR,7,2,5,5
LN122SS,11,4,7,7
LN122ST,53,26,27,29
LN122SU,24,11,13,15
LN122SW,5,3,2,3
LN122SZ,9,2,7,7
LN122TA,23,12,11,11
LN122TE,43,19,24,21
LN122TH,7,3,4,4
LN122TL,17,8,9,9
LN122TN,8,4,4,4
LN122TP,1,0,1,1
LN122TQ,11,6,5,6
LN122TT,6,3,3,4
LN122TU,11,5,6,6
LN122TX,63,26,37,40
LN122TY,12,7,5,8
LN122TZ,10,5,5,5
LN122UA,5,3,2,4
LN122UB,10,5,5,7
LN122UD,91,44,47,45
LN122UE,16,8,8,8
LN122UF,11,5,6,7
LN122UG,12,6,6,6
LN122UH,37,18,19,20
LN122UJ,23,10,13,11
LN122UL,25,12,13,13
LN122UT,31,15,16,10
LN122UU,52,24,28,22
LN122XA,44,20,24,28
LN122YA,10,5,5,6
LN122YB,107,53,54,58
LN130AA,39,17,22,19
LN130AB,157,72,85,65
LN130AD,6,3,3,3
LN130AE,10,4,6,4
LN130AG,17,10,7,8
LN130AH,66,27,39,35
LN130AJ,19,10,9,9
LN130AL,8,4,4,5
LN130AN,9,3,6,4
LN130AQ,51,24,27,22
LN130AS,45,22,23,19
LN130AT,5,3,2,3
LN130AU,6,3,3,3
LN130AW,13,6,7,7
LN130AX,7,2,5,3
LN130AY,11,5,6,3
LN130AZ,40,22,18,18
LN130BA,9,6,3,5
LN130BB,11,6,5,6
LN130BD,26,14,12,14
LN130BE,20,10,10,6
LN130BG,18,8,10,8
LN130BH,12,4,8,6
LN130BJ,4,2,2,2
LN130BL,2,1,1,1
LN130BP,10,6,4,3
LN130BQ,40,22,18,18
LN130BS,22,12,10,7
LN130BT,10,7,3,4
LN130BU,9,5,4,5
LN130BW,20,11,9,9
LN130BX,10,6,4,5
LN130DD,24,11,13,10
LN130DF,8,5,3,4
LN130DG,17,10,7,6
LN130DH,32,14,18,13
LN130DJ,10,5,5,4
LN130DL,55,28,27,22
LN130DN,4,2,2,2
LN130DP,2,1,1,2
LN130DQ,6,4,2,3
LN130DR,7,3,4,3
LN130DS,14,7,7,5
LN130DT,7,3,4,4
LN130DU,23,11,12,9
LN130DW,24,8,16,10
LN130DX,8,4,4,3
LN130DY,6,2,4,2
LN130DZ,5,3,2,3
LN130EB,8,5,3,4
LN130ED,3,2,1,2
LN130EE,7,5,2,2
LN130EG,2,1,1,1
LN130EH,69,36,33,28
LN130EP,4,1,3,1
LN130ER,22,10,12,8
LN130ES,25,12,13,11
LN130ET,32,15,17,16
LN130EU,11,7,4,3
LN130EW,6,3,3,4
LN130EX,2,1,1,1
LN130EY,7,4,3,3
LN130EZ,4,2,2,2
LN130HA,2,1,1,1
LN130HB,4,2,2,2
LN130HD,14,6,8,4
LN130HE,30,16,14,12
LN130HF,57,30,27,21
LN130HG,6,4,2,4
LN130HH,15,7,8,7
LN130HJ,34,15,19,11
LN130HL,25,14,11,7
LN130HQ,25,12,13,9
LN130HU,19,8,11,7
LN130HX,16,8,8,7
LN130HY,46,27,19,18
LN130HZ,27,16,11,11
LN130JA,8,4,4,3
LN130JF,16,7,9,9
LN130JG,57,30,27,25
LN130JH,31,14,17,13
LN130JJ,35,19,16,15
LN130JL,6,2,4,2
LN130JN,46,24,22,22
LN130JP,182,92,90,79
LN130JQ,5,2,3,2
LN130JR,18,9,9,7
LN130JS,12,7,5,5
LN130JT,1,1,0,1
LN130JW,1,1,0,1
LN130LB,8,4,4,3
LN130LD,75,34,41,37
LN130LE,11,7,4,3
LN130LF,5,2,3,4
LN130LG,9,5,4,6
LN130LH,5,3,2,3
LN130LJ,4,2,2,2
LN130LL,10,6,4,6
LN130LN,24,11,13,11
LN130LP,27,12,15,14
LN130LQ,10,5,5,6
LN130LR,17,9,8,6
LN130LS,9,6,3,2
LN130LW,13,6,7,6
LN130NB,73,39,34,32
LN130ND,16,7,9,8
LN130NE,14,7,7,8
LN130NF,3,2,1,2
LN130NG,84,34,50,30
LN130NH,7,6,1,1
LN130NJ,23,13,10,8
LN130NL,2,1,1,1
LN130NN,1,0,1,1
LN130NP,16,10,6,4
LN130NQ,5,2,3,1
LN130NR,2,1,1,2
LN130NS,63,30,33,23
LN130NT,12,5,7,4
LN130NW,49,23,26,21
LN130PF,18,9,9,7
LN130PL,13,7,6,7
LN130PN,28,9,19,16
LN130PP,16,8,8,9
LN130PR,33,17,16,20
LN130PS,29,14,15,13
LN130PT,9,2,7,8
LN130PU,18,9,9,9
LN130PW,45,21,24,30
LN139AA,16,6,10,9
LN139AB,15,3,12,13
LN139AE,25,10,15,11
LN139AF,5,3,2,3
LN139AG,23,10,13,10
LN139AH,12,6,6,4
LN139AJ,21,12,9,6
LN139AL,29,12,17,13
LN139AN,54,30,24,24
LN139AP,47,27,20,23
LN139AQ,66,26,40,17
LN139AR,11,5,6,6
LN139AS,21,13,8,9
LN139AT,112,49,63,39
LN139AU,35,17,18,12
LN139AW,20,9,11,6
LN139AX,27,15,12,12
LN139AY,26,12,14,11
LN139AZ,8,5,3,4
LN139BA,46,22,24,16
LN139BB,55,23,32,27
LN139BD,62,30,32,28
LN139BE,41,21,20,15
LN139BF,26,15,11,13
LN139BG,23,10,13,12
LN139BH,88,47,41,38
LN139BN,46,22,24,24
LN139BQ,11,6,5,6
LN139BS,9,3,6,5
LN139BT,11,6,5,4
LN139BW,34,16,18,17
LN139DG,55,27,28,28
LN139DJ,28,12,16,10
LN139DN,65,34,31,27
LN139DP,87,45,42,36
LN139DR,10,6,4,4
LN139DS,10,5,5,5
LN139DW,42,20,22,19
LN139DY,30,10,20,10
LN139EB,16,9,7,10
LN139EE,12,4,8,8
LN139EF,2,0,2,2
LN139EG,12,5,7,7
LN139EH,38,21,17,15
LN139EJ,16,7,9,8
LN139EL,11,7,4,4
LN139EN,9,5,4,4
LN139EQ,71,38,33,30
LN139EU,39,14,25,24
LN139EW,50,21,29,17
LN139EX,12,5,7,6
LN139EY,39,18,21,18
LN139EZ,17,6,11,7
LN139FB,38,15,23,14
LN139FD,50,23,27,21
LN139GF,85,39,46,44
LN139HA,44,18,26,16
LN139HB,15,7,8,5
LN139HD,20,10,10,9
LN139HE,14,6,8,5
LN139HF,35,12,23,17
LN139HG,42,22,20,14
LN139HH,37,16,21,14
LN139HJ,58,27,31,26
LN139HL,98,51,47,41
LN139HN,22,10,12,11
LN139HP,7,3,4,4
LN139HQ,9,5,4,4
LN139HR,22,10,12,8
LN139HS,26,13,13,9
LN139HT,22,8,14,9
LN139HU,8,3,5,3
LN139HW,110,49,61,55
LN139HX,79,37,42,32
LN139HY,55,31,24,18
LN139JB,95,43,52,41
LN139JD,59,24,35,32
LN139JJ,55,26,29,29
LN139JL,33,16,17,13
LN139JP,20,11,9,8
LN139JQ,3,2,1,2
LN139JR,8,5,3,4
LN139JT,36,17,19,12
LN139JU,2,1,1,1
LN139JW,9,3,6,5
LN139JY,59,30,29,27
LN139JZ,28,15,13,12
LN139LA,11,7,4,6
LN139LB,11,6,5,4
LN139LD,4,2,2,1
LN139LE,6,3,3,3
LN139LF,106,54,52,41
LN139LG,1,1,0,1
LN139LJ,5,3,2,3
LN139LP,20,9,11,10
LN139LT,12,5,7,6
LN139LU,11,5,6,5
LN139LX,6,3,3,2
LN139LY,4,2,2,2
LN139LZ,20,10,10,9
LN139NA,88,46,42,36
LN139NB,8,4,4,5
LN139NE,21,11,10,7
LN139NF,2,1,1,1
LN139NG,47,24,23,18
LN139NH,18,9,9,9
LN139NJ,18,7,11,8
LN139NN,7,2,5,2
LN139NP,38,22,16,18
LN139NQ,7,4,3,4
LN139NR,80,39,41,33
LN139NS,13,7,6,6
LN139NT,10,5,5,3
LN139NU,18,8,10,8
LN139NW,21,11,10,10
LN139NX,4,3,1,1
LN139NY,33,17,16,11
LN139NZ,30,13,17,12
LN139PD,48,21,27,16
LN139PG,1,1,0,1
LN139PH,47,23,24,16
LN139PL,5,2,3,2
LN139PQ,2,0,2,2
LN139PS,35,12,23,16
LN139PT,76,40,36,32
LN139PU,18,8,10,9
LN139PX,33,15,18,14
LN139PY,104,47,57,49
LN139PZ,26,12,14,11
LN139QG,1,0,1,1
LN139QH,22,11,11,10
LN139QJ,34,12,22,15
LN139QL,17,9,8,8
LN139QN,29,13,16,13
LN139QP,3,1,2,1
LN139QQ,9,4,5,3
LN139QR,22,12,10,7
LN139QS,16,9,7,7
LN139QW,3,2,1,1
LN139RA,18,9,9,7
LN139RB,35,16,19,14
LN139RD,74,35,39,32
LN139RF,135,60,75,49
LN139RG,56,29,27,28
LN139RH,41,25,16,18
LN139RJ,7,3,4,4
LN139RL,15,9,6,7
LN139RN,12,6,6,4
LN139RP,7,4,3,2
LN139RQ,2,1,1,1
LN139RR,22,13,9,12
LN139RS,15,10,5,8
LN139RT,22,9,13,11
LN139RU,33,19,14,11
LN139RW,7,4,3,2
LN139RX,16,9,7,8
LN139SD,55,25,30,23
LN139SE,29,13,16,14
LN139SG,6,4,2,3
LN139SH,4,3,1,3
LN139SJ,12,6,6,4
LN139SL,12,5,7,5
LN139SP,20,11,9,10
LN139SQ,2,1,1,1
LN139SU,38,20,18,14
LN139SX,3,1,2,2
LN139SY,15,6,9,10
LN139SZ,2,1,1,1
LN139TA,18,9,9,8
LN139TD,12,7,5,5
LN139TE,6,3,3,2
LN139TL,12,4,8,5
LN139TR,48,24,24,18
LN139TS,30,14,16,11
LN2 1AU,8,3,5,3
LN2 1AX,12,8,4,5
LN2 1BA,152,90,62,0
LN2 1BB,70,38,32,20
LN2 1BH,22,11,11,8
LN2 1DH,2,1,1,1
LN2 1EW,1,1,0,1
LN2 1HA,47,26,21,32
LN2 1HL,1,0,1,1
LN2 1HQ,2,2,0,2
LN2 1HW,2,2,0,1
LN2 1HZ,11,5,6,4
LN2 1JA,6,4,2,3
LN2 1JB,21,15,6,14
LN2 1JD,6,4,2,5
LN2 1JJ,2,2,0,1
LN2 1JS,1,1,0,1
LN2 1JZ,11,6,5,8
LN2 1LD,15,9,6,8
LN2 1LF,15,7,8,9
LN2 1LP,7,3,4,4
LN2 1LR,9,2,7,3
LN2 1LS,1,1,0,1
LN2 1LT,9,7,2,8
LN2 1LU,8,4,4,4
LN2 1LY,8,3,5,5
LN2 1LZ,5,2,3,3
LN2 1NA,1,1,0,1
LN2 1NB,7,4,3,6
LN2 1ND,14,7,7,8
LN2 1NN,18,10,8,1
LN2 1NP,14,8,6,3
LN2 1NR,15,10,5,1
LN2 1NS,38,24,14,15
LN2 1NT,2,1,1,1
LN2 1PG,19,10,9,11
LN2 1PH,15,8,7,6
LN2 1PJ,30,13,17,17
LN2 1PP,16,9,7,7
LN2 1PR,4,2,2,2
LN2 1PS,24,15,9,16
LN2 1PT,13,8,5,7
LN2 1PW,18,10,8,7
LN2 1PX,12,7,5,8
LN2 1PY,16,8,8,9
LN2 1PZ,5,2,3,2
LN2 1QA,3,1,2,3
LN2 1QE,24,9,15,11
LN2 1QF,5,2,3,4
LN2 1QG,9,6,3,3
LN2 1QH,14,5,9,9
LN2 1QJ,30,12,18,18
LN2 1QL,47,25,22,22
LN2 1QP,33,14,19,18
LN2 1QR,18,8,10,9
LN2 1QS,20,9,11,11
LN2 1QT,6,4,2,3
LN2 1QW,24,10,14,15
LN2 1RE,30,13,17,18
LN2 1RF,5,2,3,3
LN2 1RG,29,13,16,11
LN2 1RH,18,8,10,8
LN2 1RJ,25,9,16,15
LN2 1RL,14,6,8,7
LN2 1RN,71,34,37,33
LN2 1RP,48,24,24,23
LN2 1RQ,47,14,33,6
LN2 1RR,37,18,19,20
LN2 1RS,49,25,24,25
LN2 1RT,24,14,10,13
LN2 1RU,37,16,21,14
LN2 1RW,31,17,14,13
LN2 1RX,41,18,23,13
LN2 1RY,11,7,4,4
LN2 1SG,70,36,34,31
LN2 1SH,53,26,27,20
LN2 1SJ,41,22,19,14
LN2 1SL,33,17,16,12
LN2 1SN,18,9,9,10
LN2 1SP,24,9,15,12
LN2 1SQ,40,22,18,17
LN2 1SR,22,8,14,12
LN2 1SW,28,13,15,11
LN2 2AA,17,7,10,11
LN2 2AB,57,30,27,21
LN2 2AD,19,10,9,11
LN2 2AE,52,20,32,21
LN2 2AF,54,26,28,20
LN2 2AG,163,76,87,61
LN2 2AH,44,22,22,16
LN2 2AJ,11,4,7,5
LN2 2AL,20,13,7,12
LN2 2AN,8,5,3,8
LN2 2AP,71,33,38,37
LN2 2AQ,78,36,42,34
LN2 2AR,16,7,9,10
LN2 2AS,16,7,9,11
LN2 2AT,22,11,11,12
LN2 2AU,6,4,2,6
LN2 2AW,110,51,59,40
LN2 2AX,15,7,8,9
LN2 2AY,50,22,28,21
LN2 2AZ,31,14,17,11
LN2 2BA,43,18,25,17
LN2 2BB,16,6,10,10
LN2 2BD,15,9,6,11
LN2 2BE,17,9,8,10
LN2 2BG,27,13,14,13
LN2 2BH,151,70,81,55
LN2 2BN,48,21,27,17
LN2 2BQ,13,8,5,8
LN2 2BU,16,9,7,12
LN2 2BX,21,11,10,10
LN2 2BY,21,12,9,11
LN2 2BZ,14,7,7,11
LN2 2DA,101,44,57,39
LN2 2DB,38,12,26,18
LN2 2DD,45,20,25,16
LN2 2DE,21,11,10,11
LN2 2DF,45,18,27,19
LN2 2DG,31,14,17,13
LN2 2DH,49,19,30,20
LN2 2DJ,53,26,27,21
LN2 2DL,108,49,59,42
LN2 2DN,32,13,19,16
LN2 2DP,114,53,61,40
LN2 2DQ,5,2,3,4
LN2 2DR,91,40,51,40
LN2 2DS,39,16,23,17
LN2 2DT,40,21,19,13
LN2 2DU,13,5,8,6
LN2 2DW,36,15,21,14
LN2 2DX,11,5,6,5
LN2 2DY,27,17,10,12
LN2 2DZ,27,12,15,17
LN2 2EA,44,25,19,16
LN2 2EB,93,44,49,52
LN2 2ED,20,10,10,13
LN2 2EE,7,3,4,6
LN2 2EF,29,15,14,11
LN2 2EL,12,6,6,3
LN2 2EP,29,13,16,10
LN2 2ER,78,36,42,30
LN2 2ES,95,42,53,36
LN2 2ET,87,37,50,34
LN2 2EU,48,21,27,23
LN2 2EW,57,28,29,23
LN2 2EX,61,19,42,9
LN2 2EY,46,23,23,26
LN2 2FB,64,35,29,21
LN2 2FD,45,24,21,13
LN2 2FE,26,13,13,7
LN2 2FF,26,13,13,7
LN2 2FH,10,2,8,8
LN2 2FT,33,15,18,13
LN2 2GA,16,6,10,4
LN2 2GB,85,45,40,32
LN2 2GD,21,10,11,9
LN2 2GE,13,4,9,10
LN2 2GF,65,15,50,55
LN2 2GZ,8,4,4,5
LN2 2HA,28,9,19,17
LN2 2HB,24,11,13,9
LN2 2HE,36,15,21,15
LN2 2HF,17,8,9,7
LN2 2HG,131,63,68,49
LN2 2HH,6,2,4,4
LN2 2HJ,10,5,5,6
LN2 2HL,24,13,11,11
LN2 2HN,10,7,3,8
LN2 2HP,22,9,13,12
LN2 2HQ,18,6,12,11
LN2 2HR,36,14,22,33
LN2 2HS,67,32,35,33
LN2 2HT,17,7,10,12
LN2 2HU,77,39,38,33
LN2 2HW,18,6,12,10
LN2 2HX,36,19,17,21
LN2 2HY,35,18,17,25
LN2 2HZ,58,30,28,28
LN2 2JA,9,2,7,7
LN2 2JB,17,9,8,8
LN2 2JD,31,15,16,26
LN2 2JE,22,10,12,12
LN2 2JF,16,9,7,8
LN2 2JG,31,20,11,22
LN2 2JH,44,22,22,26
LN2 2JJ,9,4,5,5
LN2 2JL,94,50,44,44
LN2 2JN,18,8,10,10
LN2 2JP,10,5,5,7
LN2 2JQ,7,3,4,6
LN2 2JR,56,29,27,25
LN2 2JS,80,38,42,32
LN2 2JT,37,17,20,15
LN2 2JU,60,28,32,24
LN2 2JW,40,22,18,23
LN2 2JZ,37,17,20,16
LN2 2LB,2,1,1,1
LN2 2LD,46,21,25,22
LN2 2LE,14,8,6,10
LN2 2LG,127,49,78,0
LN2 2LL,1,0,1,1
LN2 2LQ,34,15,19,15
LN2 2LS,64,29,35,26
LN2 2LT,65,26,39,32
LN2 2LU,50,26,24,21
LN2 2LX,9,3,6,5
LN2 2LY,11,5,6,4
LN2 2LZ,16,10,6,6
LN2 2NB,2,1,1,1
LN2 2ND,7,4,3,2
LN2 2NE,26,12,14,9
LN2 2NF,63,27,36,31
LN2 2NG,7,3,4,3
LN2 2NH,38,17,21,15
LN2 2NJ,69,32,37,34
LN2 2NQ,3,1,2,2
LN2 2NR,36,17,19,21
LN2 2NT,45,22,23,26
LN2 2NU,34,6,28,30
LN2 2NW,19,9,10,12
LN2 2NX,37,17,20,21
LN2 2PA,43,21,22,18
LN2 2PB,14,5,9,5
LN2 2PD,18,8,10,7
LN2 2PE,19,10,9,9
LN2 2PG,22,12,10,8
LN2 2PH,28,11,17,15
LN2 2PJ,5,2,3,4
LN2 2PL,77,37,40,34
LN2 2PN,81,42,39,26
LN2 2PP,41,20,21,22
LN2 2PQ,12,7,5,4
LN2 2PR,63,28,35,27
LN2 2PT,8,4,4,4
LN2 2PU,63,31,32,35
LN2 2PW,10,4,6,4
LN2 2PX,33,17,16,12
LN2 2PY,79,37,42,30
LN2 2PZ,1,0,1,1
LN2 2QA,113,57,56,48
LN2 2QB,49,24,25,26
LN2 2QE,8,5,3,3
LN2 2QG,74,38,36,28
LN2 2QH,49,27,22,22
LN2 2QJ,43,23,20,18
LN2 2QL,62,31,31,32
LN2 2QN,31,13,18,15
LN2 2QP,5,3,2,3
LN2 2QQ,5,2,3,3
LN2 2QR,119,58,61,52
LN2 2QS,42,20,22,19
LN2 2QT,45,20,25,16
LN2 2QU,89,44,45,36
LN2 2QW,7,2,5,4
LN2 2QX,63,31,32,25
LN2 2QY,12,5,7,6
LN2 2QZ,50,22,28,16
LN2 2RA,73,34,39,30
LN2 2RB,12,5,7,4
LN2 2RD,32,16,16,13
LN2 2RE,62,28,34,24
LN2 2RF,18,8,10,9
LN2 2RG,17,7,10,8
LN2 2RH,14,5,9,6
LN2 2RJ,28,15,13,14
LN2 2RL,19,8,11,8
LN2 2RN,17,9,8,8
LN2 2RP,44,21,23,19
LN2 2RQ,87,40,47,35
LN2 2RR,28,13,15,12
LN2 2RS,98,50,48,42
LN2 2RT,30,15,15,13
LN2 2RU,12,5,7,5
LN2 2RW,74,37,37,30
LN2 2RX,13,6,7,5
LN2 2RY,61,24,37,32
LN2 2RZ,66,32,34,29
LN2 2SA,16,8,8,6
LN2 2SB,13,4,9,7
LN2 2SD,24,12,12,15
LN2 2SE,25,12,13,14
LN2 2SF,120,65,55,43
LN2 2SG,6,2,4,2
LN2 2SH,27,14,13,11
LN2 2SL,17,8,9,8
LN2 2SN,9,5,4,5
LN2 2SP,13,7,6,9
LN2 2SQ,39,19,20,19
LN2 2SR,46,19,27,26
LN2 2SS,9,4,5,6
LN2 2ST,43,21,22,19
LN2 2SU,12,6,6,6
LN2 2SW,22,12,10,10
LN2 2SX,15,7,8,7
LN2 2SY,52,27,25,24
LN2 2SZ,53,28,25,23
LN2 2TA,45,17,28,33
LN2 2TB,91,45,46,42
LN2 2TD,16,6,10,5
LN2 2TE,16,9,7,7
LN2 2TF,29,14,15,13
LN2 2TG,2,1,1,1
LN2 2TH,76,34,42,35
LN2 2TJ,7,3,4,2
LN2 2TL,130,63,67,59
LN2 2TQ,68,32,36,30
LN2 2TS,12,5,7,5
LN2 2TU,43,22,21,18
LN2 2TX,90,42,48,39
LN2 2TY,13,7,6,5
LN2 2TZ,33,11,22,20
LN2 2UA,58,31,27,23
LN2 2UB,30,12,18,9
LN2 2UD,20,11,9,10
LN2 2UE,8,5,3,2
LN2 2UF,29,14,15,12
LN2 2UG,10,5,5,5
LN2 2UH,12,5,7,6
LN2 2UJ,55,18,37,15
LN2 2UL,36,17,19,17
LN2 2UN,23,9,14,9
LN2 2UP,44,22,22,14
LN2 2UQ,28,12,16,11
LN2 2UR,15,8,7,6
LN2 2UT,13,7,6,6
LN2 2UU,75,32,43,26
LN2 2UW,41,19,22,15
LN2 2UX,12,7,5,6
LN2 2UY,4,3,1,1
LN2 2UZ,74,40,34,32
LN2 2WA,12,5,7,5
LN2 2WB,12,5,7,5
LN2 2WD,42,22,20,21
LN2 2WE,57,28,29,21
LN2 2WF,34,13,21,18
LN2 2WG,24,10,14,11
LN2 2WH,46,20,26,15
LN2 2WJ,25,13,12,10
LN2 2WL,14,8,6,6
LN2 2WP,10,5,5,5
LN2 2WZ,4,2,2,2
LN2 2XA,33,14,19,13
LN2 2XB,37,20,17,14
LN2 2XD,27,15,12,10
LN2 2XH,28,13,15,11
LN2 2XJ,6,3,3,3
LN2 2XQ,29,14,15,11
LN2 2XS,58,26,32,22
LN2 2XT,85,39,46,30
LN2 2XU,25,12,13,11
LN2 2XW,25,10,15,15
LN2 2XX,33,17,16,14
LN2 2XY,20,10,10,7
LN2 2XZ,54,27,27,17
LN2 2YA,61,28,33,22
LN2 2YD,136,60,76,56
LN2 2YE,46,24,22,17
LN2 2YG,8,3,5,3
LN2 2YH,91,42,49,29
LN2 3BF,9,4,5,3
LN2 3BP,28,12,16,11
LN2 3BT,46,21,25,18
LN2 3FB,13,8,5,4
LN2 3FD,41,19,22,15
LN2 3FE,105,44,61,34
LN2 3FF,174,79,95,55
LN2 3FG,52,29,23,15
LN2 3FH,27,13,14,10
LN2 3FJ,18,10,8,6
LN2 3FN,8,2,6,6
LN2 3FP,46,22,24,15
LN2 3FQ,101,42,59,32
LN2 3FR,26,13,13,9
LN2 3FS,25,14,11,9
LN2 3FT,52,24,28,17
LN2 3FW,7,3,4,3
LN2 3HA,20,8,12,7
LN2 3HB,25,11,14,8
LN2 3HX,70,30,40,25
LN2 3HZ,32,11,21,26
LN2 3JA,44,21,23,20
LN2 3JD,66,28,38,31
LN2 3JE,17,9,8,7
LN2 3JF,60,26,34,26
LN2 3JG,31,17,14,17
LN2 3JJ,36,18,18,13
LN2 3JL,2,1,1,1
LN2 3JN,59,35,24,17
LN2 3JP,51,24,27,23
LN2 3JQ,20,11,9,6
LN2 3JR,59,29,30,23
LN2 3JS,40,18,22,26
LN2 3JT,68,27,41,40
LN2 3JU,22,9,13,10
LN2 3JW,31,12,19,19
LN2 3JX,6,3,3,4
LN2 3JY,53,27,26,19
LN2 3JZ,30,15,15,17
LN2 3LA,23,10,13,10
LN2 3LB,12,5,7,6
LN2 3LD,24,13,11,9
LN2 3LE,12,5,7,8
LN2 3LF,20,8,12,7
LN2 3LG,11,4,7,6
LN2 3LH,188,95,93,81
LN2 3LJ,220,105,115,73
LN2 3LL,100,41,59,64
LN2 3LN,103,51,52,48
LN2 3LP,79,41,38,28
LN2 3LQ,23,13,10,10
LN2 3LR,12,5,7,9
LN2 3LS,10,5,5,3
LN2 3LT,26,12,14,9
LN2 3LU,111,59,52,40
LN2 3LW,11,8,3,11
LN2 3LX,21,11,10,12
LN2 3LY,122,58,64,44
LN2 3LZ,90,43,47,38
LN2 3NA,42,20,22,19
LN2 3NB,50,23,27,23
LN2 3ND,53,23,30,26
LN2 3NE,51,26,25,21
LN2 3NF,18,7,11,6
LN2 3NG,20,12,8,9
LN2 3NH,15,9,6,7
LN2 3NL,5,3,2,2
LN2 3NN,71,32,39,28
LN2 3NP,60,28,32,26
LN2 3NQ,17,10,7,7
LN2 3NR,80,40,40,30
LN2 3NS,125,59,66,52
LN2 3NT,8,3,5,4
LN2 3NU,32,16,16,12
LN2 3NW,10,5,5,4
LN2 3NX,8,5,3,2
LN2 3PA,17,10,7,6
LN2 3PB,21,11,10,6
LN2 3PE,19,10,9,7
LN2 3PF,60,31,29,30
LN2 3PG,10,5,5,5
LN2 3PH,21,9,12,9
LN2 3PJ,4,2,2,2
LN2 3PL,4,3,1,1
LN2 3PN,8,4,4,3
LN2 3PP,2,1,1,2
LN2 3PQ,24,10,14,9
LN2 3PR,4,2,2,1
LN2 3PT,4,3,1,1
LN2 3PU,8,4,4,4
LN2 3PW,6,3,3,2
LN2 3PX,6,2,4,2
LN2 3PY,19,9,10,7
LN2 3PZ,9,4,5,4
LN2 3QA,4,2,2,2
LN2 3QB,1,1,0,1
LN2 3QD,8,4,4,2
LN2 3QG,44,23,21,17
LN2 3QH,64,28,36,18
LN2 3QL,47,20,27,23
LN2 3QN,44,17,27,21
LN2 3QP,22,13,9,10
LN2 3QQ,56,28,28,19
LN2 3QR,19,11,8,7
LN2 3QS,39,19,20,15
LN2 3QT,57,32,25,21
LN2 3QU,97,41,56,39
LN2 3QW,53,26,27,25
LN2 3QX,34,15,19,19
LN2 3QY,110,55,55,43
LN2 3QZ,19,9,10,7
LN2 3RA,15,7,8,6
LN2 3RB,5,1,4,2
LN2 3RD,28,13,15,12
LN2 3RE,20,8,12,7
LN2 3RF,6,4,2,4
LN2 3RG,1,1,0,1
LN2 3RH,8,4,4,3
LN2 3RP,42,19,23,20
LN2 3RQ,8,4,4,3
LN2 3RS,67,36,31,26
LN2 3RT,101,41,60,47
LN2 3RU,28,12,16,14
LN2 3RX,46,25,21,18
LN2 3RY,18,9,9,9
LN2 3RZ,7,3,4,2
LN2 3SA,19,11,8,10
LN2 3SB,37,19,18,16
LN2 3SD,32,11,21,13
LN2 3SE,39,20,19,10
LN2 3SF,19,9,10,12
LN2 3SG,44,21,23,20
LN2 3SH,65,34,31,31
LN2 3SJ,10,5,5,6
LN2 3SL,17,5,12,9
LN2 3SN,37,16,21,19
LN2 3SP,65,32,33,25
LN2 3SQ,40,21,19,18
LN2 3SR,53,25,28,28
LN2 3SS,13,6,7,6
LN2 3ST,60,24,36,30
LN2 3SU,10,5,5,3
LN2 3SW,42,21,21,22
LN2 3SX,37,17,20,22
LN2 3SY,44,19,25,13
LN2 3SZ,43,20,23,14
LN2 3TE,44,20,24,17
LN2 3TF,79,36,43,24
LN2 3TJ,6,3,3,2
LN2 3TR,76,39,37,28
LN2 3TS,62,33,29,20
LN2 3TT,47,23,24,16
LN2 3TU,87,38,49,42
LN2 3TW,16,8,8,7
LN2 3TX,55,30,25,18
LN2 3TY,5,3,2,4
LN2 3UA,12,7,5,3
LN2 3UB,24,13,11,10
LN2 3UD,8,4,4,4
LN2 3UE,33,15,18,9
LN2 3UF,41,20,21,11
LN2 3UG,24,10,14,10
LN2 3UH,102,44,58,44
LN2 3UJ,3,3,0,3
LN2 3UL,12,5,7,5
LN2 3UN,24,12,12,9
LN2 3UP,102,54,48,34
LN2 3UQ,19,9,10,6
LN2 3UR,52,27,25,18
LN2 3US,35,14,21,14
LN2 3UT,11,5,6,4
LN2 3UW,18,9,9,11
LN2 4AA,26,15,11,14
LN2 4AB,4,2,2,2
LN2 4AD,42,20,22,24
LN2 4AE,5,2,3,2
LN2 4AF,12,6,6,8
LN2 4AG,25,16,9,15
LN2 4AH,44,22,22,16
LN2 4AJ,34,17,17,14
LN2 4AL,37,18,19,19
LN2 4AN,45,24,21,20
LN2 4AP,4,2,2,2
LN2 4AQ,43,22,21,17
LN2 4AR,19,12,7,7
LN2 4AS,36,20,16,22
LN2 4AT,27,11,16,13
LN2 4AU,6,4,2,4
LN2 4AW,41,11,30,22
LN2 4AX,67,37,30,27
LN2 4AY,27,14,13,11
LN2 4AZ,24,10,14,13
LN2 4BA,100,46,54,38
LN2 4BB,51,21,30,19
LN2 4BD,466,465,1,0
LN2 4BF,33,16,17,20
LN2 4BG,7,5,2,6
LN2 4BH,35,15,20,17
LN2 4BJ,22,10,12,11
LN2 4BL,27,10,17,15
LN2 4BN,47,23,24,16
LN2 4BQ,33,19,14,10
LN2 4BS,22,8,14,11
LN2 4BT,52,29,23,21
LN2 4BU,20,10,10,9
LN2 4BW,3,2,1,2
LN2 4BX,100,46,54,31
LN2 4BY,87,34,53,31
LN2 4BZ,7,4,3,4
LN2 4DA,40,19,21,16
LN2 4DB,38,18,20,16
LN2 4DD,51,25,26,18
LN2 4DE,53,23,30,24
LN2 4DF,42,18,24,19
LN2 4DG,9,4,5,5
LN2 4DH,32,14,18,15
LN2 4DN,5,2,3,2
LN2 4DQ,42,21,21,17
LN2 4DT,42,20,22,23
LN2 4DU,18,9,9,12
LN2 4DW,5,2,3,1
LN2 4DX,65,29,36,26
LN2 4DY,59,27,32,23
LN2 4DZ,76,35,41,32
LN2 4EA,87,42,45,36
LN2 4EB,118,58,60,40
LN2 4ED,16,9,7,6
LN2 4EE,80,35,45,26
LN2 4EF,85,39,46,29
LN2 4EG,123,58,65,40
LN2 4EH,6,2,4,2
LN2 4EJ,84,45,39,24
LN2 4EL,49,22,27,19
LN2 4EN,23,13,10,8
LN2 4EP,44,17,27,13
LN2 4EQ,53,27,26,15
LN2 4ER,31,9,22,12
LN2 4ES,31,15,16,13
LN2 4ET,45,26,19,9
LN2 4EU,7,4,3,5
LN2 4EW,13,6,7,7
LN2 4EX,112,56,56,39
LN2 4EY,11,6,5,8
LN2 4EZ,2,1,1,2
LN2 4FB,12,3,9,5
LN2 4FD,42,16,26,13
LN2 4FE,7,3,4,3
LN2 4FF,65,28,37,24
LN2 4FG,6,4,2,6
LN2 4FH,75,37,38,27
LN2 4FJ,14,7,7,11
LN2 4FL,6,3,3,4
LN2 4FP,52,22,30,17
LN2 4FQ,29,11,18,21
LN2 4FT,17,12,5,14
LN2 4FW,17,10,7,13
LN2 4FX,120,58,62,49
LN2 4FY,24,9,15,9
LN2 4FZ,6,4,2,3
LN2 4GA,20,11,9,9
LN2 4GB,93,43,50,40
LN2 4GD,72,32,40,38
LN2 4GE,8,4,4,4
LN2 4GF,11,7,4,5
LN2 4GG,47,25,22,26
LN2 4GH,32,16,16,13
LN2 4GJ,36,20,16,17
LN2 4GL,138,64,74,54
LN2 4GN,92,44,48,34
LN2 4GP,28,12,16,23
LN2 4GQ,18,8,10,13
LN2 4GT,23,11,12,12
LN2 4GU,18,9,9,8
LN2 4HA,101,45,56,36
LN2 4HB,121,53,68,35
LN2 4HD,106,43,63,40
LN2 4HE,32,15,17,12
LN2 4HF,105,50,55,37
LN2 4JF,43,21,22,17
LN2 4JG,78,34,44,22
LN2 4JH,43,20,23,28
LN2 4JJ,15,7,8,8
LN2 4JL,85,36,49,47
LN2 4JN,13,5,8,4
LN2 4JP,120,61,59,38
LN2 4JQ,36,15,21,21
LN2 4JR,101,49,52,32
LN2 4JS,101,51,50,39
LN2 4JT,65,38,27,24
LN2 4JU,32,16,16,25
LN2 4JW,175,85,90,58
LN2 4JX,32,21,11,16
LN2 4LF,34,18,16,13
LN2 4LG,85,42,43,32
LN2 4LH,44,17,27,12
LN2 4LJ,105,53,52,31
LN2 4LL,11,7,4,5
LN2 4LN,35,19,16,17
LN2 4LP,36,16,20,14
LN2 4LQ,41,19,22,14
LN2 4LR,29,11,18,12
LN2 4LS,49,23,26,21
LN2 4LT,48,24,24,18
LN2 4LU,14,8,6,5
LN2 4LW,51,24,27,21
LN2 4LX,85,44,41,30
LN2 4LY,75,41,34,26
LN2 4LZ,25,8,17,6
LN2 4NA,92,47,45,28
LN2 4NB,29,11,18,12
LN2 4ND,35,23,12,12
LN2 4NF,92,48,44,34
LN2 4NG,14,6,8,12
LN2 4NH,17,10,7,6
LN2 4NJ,62,29,33,26
LN2 4NL,53,28,25,12
LN2 4NN,32,16,16,12
LN2 4NQ,156,67,89,66
LN2 4NR,31,14,17,21
LN2 4NS,167,73,94,41
LN2 4NX,15,8,7,6
LN2 4NY,26,10,16,13
LN2 4PA,11,6,5,4
LN2 4PD,17,10,7,6
LN2 4PE,28,12,16,19
LN2 4PF,4,3,1,3
LN2 4PG,14,5,9,6
LN2 4PH,81,39,42,30
LN2 4PJ,67,35,32,29
LN2 4PL,5,2,3,3
LN2 4PP,16,5,11,14
LN2 4PQ,7,4,3,4
LN2 4PR,25,11,14,8
LN2 4PS,20,9,11,9
LN2 4PT,15,7,8,8
LN2 4PW,72,33,39,28
LN2 4PX,5,4,1,2
LN2 4PY,67,33,34,25
LN2 4PZ,78,38,40,29
LN2 4QE,28,14,14,14
LN2 4QH,100,45,55,41
LN2 4QJ,37,16,21,18
LN2 4QL,27,10,17,14
LN2 4QN,103,53,50,40
LN2 4QP,91,40,51,36
LN2 4QR,35,19,16,12
LN2 4QS,83,42,41,32
LN2 4QT,52,24,28,23
LN2 4QU,54,27,27,23
LN2 4QW,30,13,17,12
LN2 4QX,139,71,68,58
LN2 4QY,79,37,42,35
LN2 4QZ,47,23,24,15
LN2 4RA,20,11,9,9
LN2 4RB,72,35,37,35
LN2 4RD,58,30,28,26
LN2 4RE,66,35,31,35
LN2 4RF,156,72,84,70
LN2 4RG,86,38,48,48
LN2 4RL,64,35,29,25
LN2 4RN,63,34,29,25
LN2 4RP,74,30,44,33
LN2 4RQ,23,13,10,14
LN2 4RR,72,32,40,37
LN2 4RS,41,22,19,21
LN2 4RT,57,26,31,32
LN2 4RU,50,23,27,21
LN2 4RW,53,28,25,27
LN2 4RX,107,51,56,57
LN2 4RY,10,5,5,5
LN2 4RZ,72,30,42,33
LN2 4SA,86,41,45,42
LN2 4SB,35,17,18,15
LN2 4SD,29,15,14,18
LN2 4SE,72,33,39,41
LN2 4SF,108,56,52,48
LN2 4SG,77,39,38,42
LN2 4SH,65,29,36,27
LN2 4SJ,58,30,28,23
LN2 4SL,84,37,47,45
LN2 4SN,70,35,35,34
LN2 4SP,16,7,9,8
LN2 4SQ,36,16,20,20
LN2 4SS,71,36,35,28
LN2 4ST,94,39,55,52
LN2 4SU,9,3,6,5
LN2 4SW,62,25,37,29
LN2 4SZ,39,17,22,23
LN2 4TB,60,32,28,29
LN2 4TD,18,5,13,11
LN2 4TE,22,13,9,11
LN2 4TG,34,15,19,13
LN2 4TH,67,33,34,23
LN2 4TN,16,8,8,7
LN2 4TP,109,48,61,50
LN2 4TQ,11,5,6,4
LN2 4TR,22,11,11,12
LN2 4TS,19,8,11,12
LN2 4TU,8,5,3,5
LN2 4TW,53,26,27,26
LN2 4TX,20,10,10,11
LN2 4TY,22,8,14,17
LN2 4TZ,50,24,26,21
LN2 4UA,27,12,15,16
LN2 4UB,25,14,11,12
LN2 4UD,19,7,12,12
LN2 4UE,16,6,10,8
LN2 4UF,17,9,8,7
LN2 4UH,23,11,12,11
LN2 4UJ,30,13,17,13
LN2 4UL,29,15,14,13
LN2 4UN,58,29,29,29
LN2 4UP,32,17,15,11
LN2 4UQ,21,8,13,12
LN2 4UR,7,3,4,4
LN2 4UT,60,37,23,42
LN2 4UY,54,26,28,20
LN2 4UZ,87,38,49,70
LN2 4WB,96,54,42,34
LN2 4WD,33,16,17,14
LN2 4WE,27,15,12,14
LN2 4WF,31,14,17,13
LN2 4WG,41,26,15,11
LN2 4WJ,113,60,53,44
LN2 4WN,103,47,56,45
LN2 4WP,60,28,32,26
LN2 4WQ,128,51,77,20
LN2 4WR,4,1,3,2
LN2 4WS,128,66,62,52
LN2 4XA,36,20,16,19
LN2 4XB,56,23,33,31
LN2 4XD,51,23,28,22
LN2 4ZB,113,61,52,35
LN2 4ZD,128,59,69,51
LN2 4ZE,79,44,35,51
LN2 5AL,30,22,8,21
LN2 5AP,24,10,14,8
LN2 5AQ,19,10,9,9
LN2 5AR,64,55,9,0
LN2 5AS,31,16,15,17
LN2 5AT,47,28,19,17
LN2 5AU,41,23,18,13
LN2 5AW,11,4,7,1
LN2 5AX,32,19,13,24
LN2 5AZ,32,13,19,19
LN2 5BB,11,6,5,7
LN2 5BD,19,10,9,14
LN2 5BE,16,7,9,7
LN2 5BG,120,56,64,59
LN2 5BH,85,45,40,36
LN2 5BJ,82,41,41,54
LN2 5BL,104,53,51,42
LN2 5BN,99,53,46,40
LN2 5BQ,88,41,47,44
LN2 5BS,2,1,1,2
LN2 5BU,13,7,6,6
LN2 5BW,92,58,34,40
LN2 5BZ,5,4,1,4
LN2 5DB,70,39,31,38
LN2 5DL,3,3,0,1
LN2 5DN,28,15,13,12
LN2 5DP,35,17,18,26
LN2 5DQ,3,1,2,2
LN2 5DS,2,2,0,1
LN2 5DU,10,6,4,6
LN2 5DX,93,63,30,60
LN2 5DY,97,63,34,63
LN2 5EA,36,19,17,12
LN2 5EB,4,1,3,2
LN2 5ED,28,18,10,24
LN2 5EE,22,11,11,15
LN2 5EF,54,28,26,37
LN2 5EG,43,26,17,31
LN2 5EH,62,37,25,39
LN2 5EJ,11,7,4,7
LN2 5EL,16,11,5,12
LN2 5EN,7,2,5,4
LN2 5EP,61,34,27,25
LN2 5EQ,61,32,29,28
LN2 5ER,6,6,0,2
LN2 5ES,34,22,12,17
LN2 5ET,14,8,6,5
LN2 5EU,15,10,5,6
LN2 5EW,46,23,23,17
LN2 5EX,10,3,7,5
LN2 5EY,32,18,14,14
LN2 5EZ,39,28,11,29
LN2 5HH,85,54,31,2
LN2 5HL,25,20,5,9
LN2 5HN,44,24,20,24
LN2 5HP,51,19,32,5
LN2 5HR,11,6,5,5
LN2 5HS,21,14,7,10
LN2 5HT,15,7,8,7
LN2 5HU,21,8,13,7
LN2 5HW,15,7,8,7
LN2 5HX,19,8,11,9
LN2 5HY,19,11,8,8
LN2 5HZ,76,39,37,32
LN2 5JA,11,7,4,5
LN2 5JB,52,19,33,28
LN2 5JD,89,42,47,37
LN2 5JE,106,45,61,46
LN2 5JF,14,12,2,5
LN2 5JG,12,4,8,3
LN2 5JH,20,19,1,8
LN2 5JJ,36,19,17,10
LN2 5JL,29,15,14,17
LN2 5JN,16,10,6,7
LN2 5JP,13,8,5,4
LN2 5JQ,22,10,12,11
LN2 5JR,21,7,14,7
LN2 5JS,23,9,14,8
LN2 5JT,8,6,2,3
LN2 5JX,4,2,2,2
LN2 5JY,24,14,10,10
LN2 5JZ,8,6,2,5
LN2 5LA,9,6,3,7
LN2 5LB,25,16,9,9
LN2 5LD,12,8,4,6
LN2 5LE,6,3,3,3
LN2 5LF,12,8,4,5
LN2 5LG,2,0,2,2
LN2 5LP,138,66,72,55
LN2 5LR,124,63,61,52
LN2 5LS,102,56,46,49
LN2 5LT,113,65,48,50
LN2 5LU,125,63,62,52
LN2 5LX,52,22,30,20
LN2 5LY,19,11,8,11
LN2 5LZ,75,38,37,42
LN2 5NA,68,34,34,37
LN2 5NB,38,22,16,13
LN2 5ND,94,42,52,44
LN2 5NE,78,38,40,39
LN2 5NF,95,49,46,45
LN2 5NG,88,48,40,44
LN2 5NH,12,4,8,4
LN2 5NJ,65,32,33,27
LN2 5NL,91,41,50,45
LN2 5NN,41,23,18,18
LN2 5NP,36,15,21,15
LN2 5NQ,61,33,28,24
LN2 5NR,70,24,46,26
LN2 5NS,62,29,33,28
LN2 5NT,61,31,30,27
LN2 5NW,29,13,16,17
LN2 5PB,39,16,23,21
LN2 5PG,20,8,12,7
LN2 5PH,14,5,9,5
LN2 5PJ,21,10,11,5
LN2 5PL,18,9,9,8
LN2 5PN,20,9,11,9
LN2 5PP,33,13,20,20
LN2 5PQ,16,11,5,6
LN2 5PR,6,3,3,2
LN2 5PS,100,51,49,34
LN2 5PT,74,37,37,38
LN2 5PU,70,34,36,33
LN2 5PW,28,15,13,10
LN2 5PX,70,33,37,33
LN2 5PZ,52,28,24,23
LN2 5QA,94,48,46,42
LN2 5QB,31,18,13,11
LN2 5QD,39,14,25,16
LN2 5QE,57,27,30,26
LN2 5QF,105,54,51,43
LN2 5QG,36,19,17,16
LN2 5QH,46,20,26,16
LN2 5QJ,24,15,9,16
LN2 5QQ,85,42,43,30
LN2 5QS,13,4,9,12
LN2 5QT,4,2,2,2
LN2 5QU,6,1,5,6
LN2 5QY,19,17,2,2
LN2 5RB,24,12,12,9
LN2 5RD,157,79,78,61
LN2 5RE,140,58,82,56
LN2 5RH,7,3,4,4
LN2 5RJ,4,1,3,4
LN2 5RL,3,1,2,2
LN2 5RN,8,4,4,3
LN2 5RP,10,4,6,4
LN2 5RQ,6,4,2,6
LN2 5RS,15,10,5,10
LN2 5RT,23,11,12,9
LN2 5RU,14,7,7,6
LN2 5RW,70,34,36,0
LN2 5RX,9,3,6,6
LN2 5RY,35,19,16,13
LN2 5RZ,36,15,21,18
LN2 5SH,6,5,1,5
LN2 5SL,22,8,14,6
LN2 5TA,15,8,7,7
LN3 4AA,8,3,5,3
LN3 4AB,81,44,37,32
LN3 4AD,46,23,23,17
LN3 4AE,1,0,1,1
LN3 4AF,21,8,13,8
LN3 4AG,15,7,8,6
LN3 4AH,27,15,12,13
LN3 4AJ,28,8,20,18
LN3 4AL,14,7,7,5
LN3 4AN,85,42,43,38
LN3 4AP,25,12,13,10
LN3 4AQ,53,26,27,19
LN3 4AR,38,15,23,17
LN3 4AS,45,24,21,27
LN3 4AT,38,16,22,17
LN3 4AU,31,16,15,14
LN3 4AW,5,3,2,2
LN3 4AX,10,5,5,5
LN3 4AY,33,13,20,18
LN3 4AZ,64,32,32,26
LN3 4BA,22,15,7,13
LN3 4BB,47,22,25,25
LN3 4BD,16,8,8,7
LN3 4BE,28,14,14,15
LN3 4BG,125,61,64,54
LN3 4BH,40,21,19,20
LN3 4BJ,22,10,12,11
LN3 4BL,21,11,10,11
LN3 4BN,20,8,12,12
LN3 4BP,46,20,26,19
LN3 4BQ,26,15,11,10
LN3 4BS,4,1,3,2
LN3 4BT,45,22,23,25
LN3 4BU,10,5,5,3
LN3 4BW,224,103,121,99
LN3 4BX,12,5,7,5
LN3 4BY,12,7,5,6
LN3 4BZ,9,5,4,4
LN3 4DA,38,21,17,19
LN3 4DB,9,4,5,6
LN3 4DD,11,5,6,6
LN3 4DG,8,4,4,5
LN3 4DH,30,14,16,13
LN3 4DJ,9,6,3,4
LN3 4DL,10,6,4,4
LN3 4DN,75,34,41,29
LN3 4DP,74,37,37,33
LN3 4DQ,57,31,26,23
LN3 4DR,6,3,3,2
LN3 4DT,49,22,27,27
LN3 4DU,71,39,32,29
LN3 4DX,76,39,37,34
LN3 4DY,25,14,11,10
LN3 4DZ,16,11,5,7
LN3 4EA,3,2,1,1
LN3 4EB,33,16,17,19
LN3 4ED,33,15,18,15
LN3 4EE,19,10,9,7
LN3 4EF,92,51,41,40
LN3 4EG,12,7,5,2
LN3 4EH,23,15,8,10
LN3 4EJ,37,18,19,15
LN3 4EL,8,5,3,4
LN3 4EN,31,15,16,9
LN3 4EP,4,3,1,1
LN3 4ER,43,23,20,16
LN3 4ES,18,7,11,6
LN3 4ET,14,8,6,6
LN3 4EU,7,3,4,4
LN3 4EX,7,4,3,4
LN3 4EY,25,12,13,8
LN3 4EZ,12,5,7,5
LN3 4FB,11,5,6,4
LN3 4FD,12,7,5,4
LN3 4FE,10,5,5,5
LN3 4FF,4,2,2,2
LN3 4GA,114,54,60,39
LN3 4GB,15,7,8,5
LN3 4GD,117,51,66,46
LN3 4GE,62,32,30,21
LN3 4GF,46,21,25,16
LN3 4GH,12,5,7,5
LN3 4GL,57,27,30,19
LN3 4GP,63,35,28,23
LN3 4GQ,42,24,18,17
LN3 4GR,18,11,7,7
LN3 4GS,59,26,33,22
LN3 4HA,6,3,3,3
LN3 4HB,102,48,54,35
LN3 4HD,37,20,17,12
LN3 4HE,18,9,9,8
LN3 4HF,29,15,14,13
LN3 4HG,13,7,6,6
LN3 4HH,23,10,13,12
LN3 4HJ,36,18,18,16
LN3 4HL,41,20,21,18
LN3 4HN,68,31,37,27
LN3 4HP,39,17,22,16
LN3 4HQ,27,12,15,19
LN3 4HS,47,23,24,23
LN3 4HT,20,9,11,10
LN3 4HU,135,69,66,14
LN3 4HW,119,55,64,51
LN3 4HX,6,3,3,3
LN3 4HY,56,27,29,25
LN3 4HZ,1,1,0,1
LN3 4JA,23,8,15,15
LN3 4JB,29,6,23,26
LN3 4JD,32,16,16,13
LN3 4JE,26,12,14,8
LN3 4JF,62,29,33,30
LN3 4JG,122,58,64,52
LN3 4JH,7,4,3,4
LN3 4JJ,13,5,8,9
LN3 4JL,13,8,5,7
LN3 4JN,46,25,21,21
LN3 4JP,22,10,12,8
LN3 4JQ,45,20,25,21
LN3 4JR,10,5,5,5
LN3 4JS,135,59,76,60
LN3 4JT,20,10,10,9
LN3 4JU,68,34,34,27
LN3 4JW,58,17,41,4
LN3 4JX,21,12,9,10
LN3 4JY,8,4,4,3
LN3 4JZ,28,11,17,14
LN3 4LA,30,17,13,12
LN3 4LD,28,11,17,10
LN3 4LH,59,28,31,29
LN3 4LJ,30,14,16,11
LN3 4LL,51,27,24,20
LN3 4LN,7,5,2,2
LN3 4LP,65,28,37,26
LN3 4LR,46,23,23,18
LN3 4LS,59,29,30,28
LN3 4LT,56,30,26,23
LN3 4LU,24,11,13,15
LN3 4LW,61,26,35,20
LN3 4LX,70,36,34,32
LN3 4LY,52,27,25,27
LN3 4LZ,23,14,9,10
LN3 4NA,46,23,23,22
LN3 4NB,17,6,11,9
LN3 4ND,30,8,22,23
LN3 4NG,5,2,3,4
LN3 4NQ,19,11,8,9
LN3 4NR,3,1,2,1
LN3 4PP,24,11,13,14
LN3 4PQ,17,8,9,8
LN3 4PR,9,3,6,4
LN3 4PS,12,6,6,6
LN3 4PT,8,3,5,6
LN3 4RA,34,18,16,14
LN3 4RB,33,16,17,15
LN3 4RD,36,17,19,19
LN3 4RE,47,23,24,21
LN3 4RH,49,23,26,31
LN3 4RJ,100,47,53,45
LN3 4RP,97,47,50,43
LN3 4UT,13,7,6,7
LN3 5AA,41,24,17,20
LN3 5AB,120,66,54,50
LN3 5AE,116,57,59,48
LN3 5AF,14,9,5,5
LN3 5AG,13,6,7,5
LN3 5AH,23,12,11,10
LN3 5AJ,2,1,1,1
LN3 5AL,62,38,24,16
LN3 5AN,18,10,8,8
LN3 5AP,4,2,2,2
LN3 5AQ,32,17,15,14
LN3 5AR,6,3,3,3
LN3 5AS,7,3,4,3
LN3 5AT,16,6,10,6
LN3 5AU,11,5,6,5
LN3 5AW,24,12,12,11
LN3 5AX,6,2,4,2
LN3 5BB,109,54,55,48
LN3 5BD,32,15,17,14
LN3 5BF,21,13,8,6
LN3 5BH,33,18,15,14
LN3 5BJ,46,25,21,21
LN3 5BL,61,34,27,25
LN3 5BN,2,1,1,1
LN3 5BP,8,4,4,5
LN3 5BQ,6,2,4,4
LN3 5BS,1,0,1,1
LN3 5BU,6,3,3,2
LN3 5BW,10,5,5,7
LN3 5DA,12,6,6,7
LN3 5DB,23,12,11,8
LN3 5DD,12,7,5,6
LN3 5DE,12,6,6,7
LN3 5DF,137,72,65,51
LN3 5DG,33,18,15,15
LN3 5DH,12,7,5,5
LN3 5DJ,5,3,2,2
LN3 5DQ,35,15,20,14
LN3 5FB,2,1,1,1
LN3 5SB,44,22,22,19
LN3 5SD,78,39,39,27
LN3 5SE,11,5,6,5
LN3 5SH,4,1,3,2
LN3 5SL,51,19,32,27
LN3 5SS,80,38,42,38
LN3 5ST,21,6,15,15
LN3 5SU,67,29,38,27
LN3 5SY,6,3,3,2
LN3 5TA,73,34,39,36
LN3 5TB,60,26,34,26
LN3 5TD,54,29,25,26
LN3 5TE,18,9,9,9
LN3 5TH,11,4,7,4
LN3 5TJ,2,1,1,1
LN3 5TL,21,13,8,7
LN3 5TN,2,1,1,1
LN3 5TQ,3,2,1,2
LN3 5TS,12,6,6,5
LN3 5TW,6,2,4,2
LN3 5TY,7,5,2,6
LN3 5TZ,33,15,18,14
LN3 5UA,41,16,25,22
LN3 5UB,1,0,1,1
LN3 5UD,125,63,62,49
LN3 5UE,27,14,13,9
LN3 5UF,82,40,42,39
LN3 5UJ,1,1,0,1
LN3 5UL,3,2,1,2
LN3 5UN,6,4,2,2
LN3 5UP,11,7,4,3
LN3 5UQ,2,1,1,1
LN3 5UR,6,3,3,3
LN3 5WA,2,1,1,1
LN3 5XA,112,57,55,49
LN3 5XB,47,17,30,22
LN3 5XD,48,24,24,23
LN3 5XE,20,9,11,8
LN3 5XF,53,22,31,22
LN3 5XG,75,38,37,31
LN3 5XH,40,19,21,22
LN3 5XJ,73,34,39,41
LN3 5XL,61,28,33,22
LN3 5XN,75,36,39,31
LN3 5XP,17,10,7,7
LN3 5XQ,4,2,2,2
LN3 5XR,95,46,49,44
LN3 5XS,35,19,16,15
LN3 5XT,35,16,19,18
LN3 5XU,9,4,5,6
LN3 5XW,46,21,25,21
LN3 5XX,19,9,10,13
LN3 5XY,13,7,6,6
LN3 5YE,8,3,5,3
LN4 1AA,3,1,2,1
LN4 1AB,76,39,37,35
LN4 1AD,39,19,20,16
LN4 1AE,45,25,20,18
LN4 1AF,19,12,7,6
LN4 1AJ,13,6,7,7
LN4 1AL,17,6,11,10
LN4 1AQ,16,8,8,7
LN4 1AS,33,16,17,17
LN4 1AT,71,37,34,30
LN4 1AU,53,27,26,26
LN4 1AW,37,18,19,15
LN4 1AX,8,3,5,4
LN4 1AY,58,28,30,28
LN4 1AZ,17,9,8,11
LN4 1BA,27,13,14,11
LN4 1BB,14,6,8,6
LN4 1BD,5,3,2,3
LN4 1BF,1,1,0,1
LN4 1BG,22,12,10,10
LN4 1BH,58,30,28,26
LN4 1BL,29,15,14,13
LN4 1BP,25,10,15,10
LN4 1BQ,22,12,10,12
LN4 1BS,88,45,43,34
LN4 1BT,8,4,4,4
LN4 1BW,18,10,8,7
LN4 1BY,22,9,13,14
LN4 1DA,16,10,6,7
LN4 1DB,115,54,61,51
LN4 1DD,48,26,22,25
LN4 1DE,53,27,26,23
LN4 1DF,19,11,8,9
LN4 1DG,37,20,17,20
LN4 1DH,18,7,11,10
LN4 1DJ,60,30,30,29
LN4 1DL,13,6,7,7
LN4 1DN,16,5,11,4
LN4 1DP,29,13,16,18
LN4 1DQ,2,2,0,1
LN4 1DR,24,12,12,8
LN4 1DS,34,15,19,18
LN4 1DT,75,32,43,29
LN4 1DU,103,49,54,52
LN4 1DW,51,21,30,29
LN4 1DX,15,8,7,6
LN4 1DY,20,11,9,10
LN4 1DZ,68,36,32,30
LN4 1EA,25,11,14,13
LN4 1EB,105,45,60,57
LN4 1ED,22,11,11,8
LN4 1EE,2,1,1,1
LN4 1EF,52,23,29,22
LN4 1EG,80,40,40,34
LN4 1EH,33,20,13,10
LN4 1EJ,18,9,9,6
LN4 1EL,11,5,6,4
LN4 1EN,13,7,6,4
LN4 1EP,10,5,5,4
LN4 1EQ,58,30,28,22
LN4 1ER,11,5,6,4
LN4 1ES,21,10,11,9
LN4 1ET,30,13,17,13
LN4 1EU,30,16,14,11
LN4 1EW,10,5,5,3
LN4 1EX,25,13,12,15
LN4 1EY,113,56,57,51
LN4 1EZ,29,12,17,15
LN4 1FB,3,1,2,1
LN4 1FD,5,4,1,4
LN4 1FE,18,7,11,7
LN4 1FS,1,0,1,1
LN4 1GA,88,33,55,33
LN4 1GB,31,12,19,10
LN4 1GD,33,15,18,16
LN4 1GE,17,7,10,4
LN4 1GF,117,59,58,40
LN4 1GG,12,6,6,8
LN4 1GH,132,64,68,44
LN4 1GJ,78,36,42,30
LN4 1GL,15,6,9,9
LN4 1GN,20,6,14,10
LN4 1GP,41,18,23,20
LN4 1GQ,25,11,14,14
LN4 1GR,32,17,15,16
LN4 1GS,62,27,35,25
LN4 1HA,3,1,2,1
LN4 1HB,40,17,23,24
LN4 1HD,36,16,20,16
LN4 1HE,7,1,6,4
LN4 1HF,58,29,29,29
LN4 1HG,12,6,6,6
LN4 1HH,15,7,8,7
LN4 1HJ,7,3,4,4
LN4 1HL,8,4,4,4
LN4 1HN,48,21,27,21
LN4 1HP,10,5,5,5
LN4 1HQ,5,2,3,3
LN4 1HR,3,2,1,2
LN4 1HS,11,4,7,4
LN4 1HT,16,8,8,7
LN4 1HW,9,5,4,4
LN4 1HX,30,17,13,10
LN4 1HZ,13,7,6,6
LN4 1JA,19,10,9,9
LN4 1JB,8,3,5,2
LN4 1JD,5,1,4,2
LN4 1JE,105,48,57,49
LN4 1JF,23,12,11,11
LN4 1JG,25,14,11,10
LN4 1JH,21,11,10,12
LN4 1JJ,1,1,0,1
LN4 1JL,112,56,56,52
LN4 1JN,34,21,13,17
LN4 1JP,69,33,36,25
LN4 1JQ,2,1,1,1
LN4 1JR,13,7,6,10
LN4 1JS,101,54,47,40
LN4 1JT,19,11,8,8
LN4 1JU,16,8,8,7
LN4 1JW,104,47,57,45
LN4 1JX,4,2,2,1
LN4 1JY,35,18,17,14
LN4 1LA,12,6,6,7
LN4 1LB,14,7,7,6
LN4 1LD,19,9,10,10
LN4 1LE,4,2,2,2
LN4 1LF,4,2,2,2
LN4 1LG,90,41,49,40
LN4 1LH,74,36,38,28
LN4 1LJ,27,14,13,15
LN4 1LL,151,80,71,70
LN4 1LP,24,10,14,8
LN4 1LQ,45,18,27,21
LN4 1LR,92,49,43,46
LN4 1LS,15,6,9,8
LN4 1LT,20,10,10,8
LN4 1LU,6,3,3,2
LN4 1LW,50,22,28,32
LN4 1LY,6,3,3,3
LN4 1LZ,35,17,18,18
LN4 1NA,30,17,13,16
LN4 1NB,58,25,33,26
LN4 1ND,2,2,0,1
LN4 1NE,55,31,24,18
LN4 1NF,137,64,73,44
LN4 1NG,24,10,14,14
LN4 1NH,56,23,33,32
LN4 1NL,49,25,24,19
LN4 1NN,42,17,25,26
LN4 1NP,55,25,30,29
LN4 1NQ,72,38,34,26
LN4 1NR,32,16,16,17
LN4 1NS,155,75,80,64
LN4 1NT,73,32,41,13
LN4 1NU,47,23,24,21
LN4 1NW,128,67,61,57
LN4 1NX,73,40,33,31
LN4 1NY,44,18,26,35
LN4 1NZ,81,39,42,40
LN4 1PA,53,24,29,26
LN4 1PB,9,4,5,5
LN4 1PD,49,22,27,19
LN4 1PE,42,23,19,18
LN4 1PF,45,24,21,21
LN4 1PG,23,11,12,12
LN4 1PH,9,4,5,6
LN4 1PJ,14,6,8,9
LN4 1PL,28,12,16,14
LN4 1PN,20,8,12,6
LN4 1PP,45,22,23,23
LN4 1PQ,9,4,5,5
LN4 1PR,37,16,21,20
LN4 1PS,24,11,13,13
LN4 1PT,17,11,6,8
LN4 1PU,32,15,17,15
LN4 1PW,71,30,41,31
LN4 1PY,8,5,3,3
LN4 1PZ,36,16,20,16
LN4 1QA,28,13,15,13
LN4 1QB,43,18,25,21
LN4 1QD,46,21,25,20
LN4 1QE,61,29,32,30
LN4 1QF,35,20,15,19
LN4 1QG,31,16,15,14
LN4 1QH,27,10,17,12
LN4 1QJ,41,12,29,10
LN4 1QL,11,5,6,4
LN4 1QN,14,7,7,5
LN4 1QP,41,21,20,18
LN4 1QQ,39,21,18,17
LN4 1QR,76,39,37,27
LN4 1QS,31,16,15,20
LN4 1QT,68,32,36,29
LN4 1QU,62,28,34,27
LN4 1QW,75,38,37,36
LN4 1QX,14,5,9,8
LN4 1QY,14,5,9,8
LN4 1QZ,59,32,27,22
LN4 1RA,20,10,10,10
LN4 1RB,22,10,12,7
LN4 1RD,26,13,13,9
LN4 1RE,62,32,30,26
LN4 1RF,90,39,51,44
LN4 1RG,50,21,29,22
LN4 1RH,49,20,29,24
LN4 1RJ,19,9,10,7
LN4 1RL,76,36,40,31
LN4 1RN,57,27,30,21
LN4 1RP,9,4,5,5
LN4 1RQ,37,15,22,19
LN4 1RR,13,6,7,4
LN4 1RS,24,14,10,10
LN4 1RT,23,10,13,8
LN4 1RU,31,15,16,11
LN4 1RW,36,16,20,16
LN4 1RX,93,49,44,39
LN4 1RY,30,14,16,12
LN4 1RZ,29,15,14,9
LN4 1SB,30,17,13,12
LN4 1SD,8,4,4,5
LN4 1SE,39,20,19,20
LN4 1SF,62,26,36,24
LN4 1SG,38,18,20,19
LN4 1SH,58,28,30,29
LN4 1SJ,106,52,54,45
LN4 1SL,38,19,19,15
LN4 1SN,22,13,9,10
LN4 1SP,76,37,39,28
LN4 1SQ,15,9,6,7
LN4 1SR,29,13,16,18
LN4 1SS,60,29,31,18
LN4 1ST,25,9,16,9
LN4 1SU,45,23,22,18
LN4 1SW,28,14,14,12
LN4 1SX,107,61,46,46
LN4 1TA,37,15,22,12
LN4 1TB,41,25,16,13
LN4 1TD,47,22,25,26
LN4 1TE,26,7,19,21
LN4 1TF,46,20,26,20
LN4 1TG,22,10,12,11
LN4 1TH,36,15,21,12
LN4 1TJ,81,40,41,33
LN4 1TL,44,23,21,18
LN4 1TN,59,32,27,25
LN4 1TP,25,11,14,14
LN4 1TR,23,9,14,10
LN4 1TS,14,8,6,6
LN4 1TT,16,7,9,10
LN4 1TU,41,21,20,16
LN4 1TW,57,29,28,24
LN4 1TX,34,19,15,14
LN4 1TY,127,65,62,49
LN4 1TZ,26,13,13,12
LN4 1UA,57,32,25,25
LN4 1UB,6,2,4,3
LN4 1UD,122,67,55,54
LN4 1UE,46,25,21,20
LN4 1UF,151,70,81,60
LN4 1UG,111,58,53,42
LN4 1UH,18,11,7,11
LN4 1UJ,31,13,18,15
LN4 1UL,21,11,10,10
LN4 1UP,4,2,2,3
LN4 1UT,25,12,13,12
LN4 1UY,41,22,19,22
LN4 1UZ,88,37,51,34
LN4 2AB,51,22,29,1
LN4 2AE,40,20,20,15
LN4 2AF,12,5,7,5
LN4 2AG,5,3,2,1
LN4 2AH,14,8,6,4
LN4 2AJ,7,4,3,4
LN4 2AL,11,6,5,4
LN4 2AN,9,3,6,4
LN4 2AQ,5,3,2,3
LN4 2AR,11,4,7,5
LN4 2AT,12,8,4,6
LN4 2AU,45,20,25,18
LN4 2AX,2,1,1,1
LN4 2AY,12,6,6,5
LN4 2AZ,7,4,3,3
LN4 2BA,39,8,31,3
LN4 2BB,22,11,11,10
LN4 2BD,100,45,55,46
LN4 2BE,54,29,25,20
LN4 2BF,73,37,36,23
LN4 2BG,31,20,11,10
LN4 2BH,85,42,43,31
LN4 2BJ,22,10,12,7
LN4 2BN,10,6,4,5
LN4 2BP,35,18,17,16
LN4 2BQ,14,7,7,6
LN4 2BS,8,4,4,3
LN4 2BT,30,18,12,11
LN4 2BW,121,58,63,48
LN4 2BX,11,4,7,4
LN4 2BZ,23,13,10,10
LN4 2DA,19,9,10,8
LN4 2DB,62,27,35,20
LN4 2DD,35,15,20,19
LN4 2DE,51,22,29,22
LN4 2DG,27,14,13,11
LN4 2DH,12,5,7,6
LN4 2DJ,29,14,15,12
LN4 2DN,34,17,17,12
LN4 2DP,42,20,22,13
LN4 2DQ,13,7,6,6
LN4 2DR,11,3,8,5
LN4 2DS,17,8,9,7
LN4 2DT,25,12,13,13
LN4 2DU,102,46,56,44
LN4 2DW,14,4,10,6
LN4 2DX,34,20,14,16
LN4 2DZ,117,57,60,44
LN4 2EA,133,57,76,51
LN4 2EB,111,49,62,35
LN4 2ED,24,11,13,8
LN4 2EE,9,6,3,4
LN4 2EF,61,30,31,22
LN4 2EG,20,10,10,9
LN4 2EH,53,27,26,22
LN4 2EJ,11,7,4,4
LN4 2EL,30,14,16,12
LN4 2EN,6,3,3,3
LN4 2EP,19,10,9,8
LN4 2EQ,36,20,16,13
LN4 2ER,14,7,7,6
LN4 2ES,51,23,28,20
LN4 2ET,85,45,40,36
LN4 2EU,29,14,15,12
LN4 2EW,74,32,42,34
LN4 2EX,52,27,25,19
LN4 2EY,9,4,5,5
LN4 2EZ,22,12,10,10
LN4 2FD,7,4,3,4
LN4 2FE,49,29,20,33
LN4 2FP,8,5,3,3
LN4 2HA,5,3,2,2
LN4 2HB,82,43,39,34
LN4 2HD,11,7,4,4
LN4 2HE,18,10,8,8
LN4 2HJ,41,21,20,18
LN4 2HP,3,3,0,3
LN4 2HR,2,1,1,1
LN4 2HS,5,1,4,1
LN4 2HT,23,9,14,8
LN4 2HW,10,4,6,5
LN4 2HX,12,6,6,6
LN4 2HY,4,2,2,2
LN4 2HZ,21,11,10,10
LN4 2JA,7,5,2,5
LN4 2JB,2,1,1,1
LN4 2JD,5,3,2,2
LN4 2JG,15,8,7,6
LN4 2JJ,1,1,0,1
LN4 2JL,37,21,16,17
LN4 2JN,2,1,1,1
LN4 2JP,14,8,6,5
LN4 2JR,21,11,10,9
LN4 2JS,54,23,31,27
LN4 2JT,18,7,11,9
LN4 2JU,13,6,7,6
LN4 2JW,82,41,41,32
LN4 2JX,65,34,31,33
LN4 2JY,20,12,8,6
LN4 2JZ,17,9,8,6
LN4 2LA,5,3,2,1
LN4 2LB,26,14,12,10
LN4 2LD,18,9,9,9
LN4 2LE,89,43,46,36
LN4 2LF,15,9,6,9
LN4 2LG,17,8,9,9
LN4 2LH,74,36,38,40
LN4 2LJ,35,17,18,18
LN4 2LL,58,24,34,26
LN4 2LN,19,10,9,9
LN4 2LP,42,19,23,23
LN4 2LQ,32,15,17,16
LN4 2LS,15,7,8,4
LN4 2LW,44,20,24,22
LN4 2LZ,81,38,43,32
LN4 2NA,23,14,9,14
LN4 2NB,42,21,21,24
LN4 2ND,26,11,15,15
LN4 2NE,21,10,11,12
LN4 2NF,58,32,26,25
LN4 2NG,25,12,13,8
LN4 2NP,69,30,39,39
LN4 2NR,6,3,3,4
LN4 2NS,47,27,20,22
LN4 2NT,3,2,1,2
LN4 2NU,9,4,5,4
LN4 2NX,45,26,19,29
LN4 2NY,7,3,4,4
LN4 2NZ,50,26,24,24
LN4 2PA,34,15,19,24
LN4 2PB,6,3,3,2
LN4 2PD,8,4,4,4
LN4 2PE,70,32,38,30
LN4 2PF,21,13,8,8
LN4 2PG,57,23,34,46
LN4 2PH,37,19,18,14
LN4 2PJ,14,7,7,7
LN4 2PL,18,8,10,6
LN4 2PN,52,25,27,34
LN4 2PP,66,35,31,28
LN4 2PQ,28,13,15,12
LN4 2PR,21,11,10,13
LN4 2PS,30,12,18,21
LN4 2PT,6,2,4,5
LN4 2PU,12,7,5,8
LN4 2PW,60,23,37,38
LN4 2PY,21,8,13,11
LN4 2PZ,23,10,13,12
LN4 2QD,57,26,31,27
LN4 2QE,12,6,6,6
LN4 2QF,14,7,7,6
LN4 2QG,11,4,7,6
LN4 2QH,56,27,29,29
LN4 2QJ,7,3,4,4
LN4 2QL,2,1,1,1
LN4 2QN,36,19,17,15
LN4 2QP,75,37,38,39
LN4 2QQ,54,24,30,25
LN4 2QR,46,21,25,24
LN4 2QS,42,21,21,19
LN4 2QT,25,11,14,15
LN4 2QU,70,37,33,34
LN4 2QW,60,34,26,25
LN4 2QX,32,16,16,17
LN4 2QY,18,9,9,10
LN4 2QZ,30,17,13,13
LN4 2RA,69,32,37,30
LN4 2RB,5,3,2,3
LN4 2RD,213,105,108,75
LN4 2RE,25,9,16,16
LN4 2RF,11,5,6,3
LN4 2RG,71,33,38,34
LN4 2RH,20,11,9,6
LN4 2RJ,17,6,11,7
LN4 2RL,19,8,11,8
LN4 2RN,25,12,13,13
LN4 2RP,40,19,21,19
LN4 2RQ,15,7,8,9
LN4 2RR,21,9,12,12
LN4 2RS,9,4,5,3
LN4 2RT,15,9,6,5
LN4 2RW,23,13,10,11
LN4 2RX,9,5,4,4
LN4 2RY,5,2,3,3
LN4 2SE,9,2,7,8
LN4 2SF,10,4,6,8
LN4 2SP,1,1,0,1
LN4 2SS,172,89,83,59
LN4 2ST,96,52,44,36
LN4 2SW,133,63,70,44
LN4 2SX,31,14,17,10
LN4 2SY,38,18,20,13
LN4 2SZ,42,23,19,18
LN4 2TA,28,12,16,10
LN4 2TB,79,35,44,34
LN4 2TD,74,41,33,25
LN4 2TE,21,11,10,9
LN4 2TF,166,81,85,61
LN4 2TH,6,2,4,2
LN4 2TJ,78,38,40,27
LN4 2TL,42,15,27,22
LN4 2TN,45,22,23,19
LN4 2TP,20,8,12,9
LN4 2TQ,49,22,27,19
LN4 2TR,37,19,18,16
LN4 2TS,51,14,37,45
LN4 2TT,25,15,10,10
LN4 2TU,99,46,53,33
LN4 2TW,112,57,55,37
LN4 2TX,22,11,11,9
LN4 2TY,131,67,64,42
LN4 2TZ,84,42,42,32
LN4 2UA,89,47,42,28
LN4 2UB,25,11,14,11
LN4 2UD,17,8,9,5
LN4 2UE,122,60,62,43
LN4 2UG,33,17,16,14
LN4 2UH,67,34,33,21
LN4 2UJ,57,27,30,25
LN4 2UL,130,62,68,52
LN4 2UN,87,42,45,30
LN4 2UP,64,29,35,21
LN4 2UQ,104,53,51,39
LN4 2UR,29,16,13,10
LN4 3AA,52,25,27,20
LN4 3AB,54,23,31,23
LN4 3AE,28,11,17,13
LN4 3AF,34,16,18,16
LN4 3AH,22,10,12,10
LN4 3AJ,35,13,22,13
LN4 3AL,32,15,17,15
LN4 3AN,5,2,3,4
LN4 3AP,16,7,9,7
LN4 3AQ,43,22,21,17
LN4 3AR,32,12,20,24
LN4 3AW,14,8,6,5
LN4 3AZ,38,20,18,19
LN4 3BA,7,3,4,3
LN4 3BB,39,21,18,20
LN4 3BD,4,2,2,2
LN4 3BE,8,3,5,3
LN4 3BF,4,2,2,1
LN4 3BG,1,0,1,1
LN4 3BH,13,7,6,5
LN4 3BJ,37,20,17,16
LN4 3BP,15,8,7,7
LN4 3BQ,35,19,16,13
LN4 3BX,89,41,48,36
LN4 3BY,27,12,15,18
LN4 3DA,100,49,51,46
LN4 3DB,15,4,11,11
LN4 3DD,54,24,30,27
LN4 3DE,56,24,32,29
LN4 3DF,10,4,6,3
LN4 3DG,46,28,18,21
LN4 3DH,14,9,5,5
LN4 3DJ,17,10,7,7
LN4 3DL,6,4,2,2
LN4 3DN,14,8,6,8
LN4 3DP,28,14,14,12
LN4 3DQ,12,6,6,5
LN4 3DR,211,98,113,76
LN4 3DS,46,26,20,20
LN4 3DT,14,7,7,7
LN4 3DU,3,2,1,3
LN4 3DW,52,26,26,24
LN4 3DX,43,21,22,18
LN4 3DZ,26,11,15,17
LN4 3EA,64,30,34,29
LN4 3EB,1,1,0,1
LN4 3ED,59,34,25,26
LN4 3EE,86,41,45,39
LN4 3EF,106,53,53,32
LN4 3EG,42,19,23,21
LN4 3EH,50,27,23,22
LN4 3EJ,93,51,42,36
LN4 3EL,74,38,36,26
LN4 3EN,39,19,20,21
LN4 3EP,23,12,11,13
LN4 3EQ,27,13,14,13
LN4 3ER,19,10,9,10
LN4 3ES,25,11,14,14
LN4 3ET,28,14,14,12
LN4 3EU,50,30,20,22
LN4 3EW,29,12,17,14
LN4 3EX,14,6,8,4
LN4 3EY,10,3,7,5
LN4 3EZ,76,35,41,39
LN4 3FB,40,16,24,16
LN4 3GA,4,2,2,2
LN4 3GB,87,38,49,36
LN4 3GD,4,2,2,2
LN4 3GE,18,9,9,9
LN4 3HA,23,12,11,13
LN4 3HB,2,1,1,1
LN4 3HD,6,4,2,2
LN4 3HE,3,0,3,1
LN4 3HF,164,81,83,81
LN4 3HG,22,8,14,9
LN4 3HH,19,7,12,11
LN4 3HJ,26,12,14,11
LN4 3HL,29,15,14,17
LN4 3HN,15,6,9,9
LN4 3HP,49,24,25,23
LN4 3HQ,38,18,20,19
LN4 3HR,29,14,15,15
LN4 3HS,24,9,15,15
LN4 3HT,103,46,57,49
LN4 3HU,10,5,5,5
LN4 3HW,34,19,15,15
LN4 3HX,5,4,1,2
LN4 3HY,31,18,13,11
LN4 3HZ,54,22,32,21
LN4 3JA,10,5,5,3
LN4 3JB,10,5,5,5
LN4 3JD,68,42,26,8
LN4 3JE,42,21,21,13
LN4 3JF,17,10,7,6
LN4 3JG,119,58,61,51
LN4 3JH,27,11,16,18
LN4 3JJ,24,13,11,8
LN4 3JL,6,3,3,3
LN4 3JN,7,4,3,2
LN4 3JQ,31,14,17,10
LN4 3JW,10,5,5,5
LN4 3LH,119,107,12,0
LN4 3LJ,23,14,9,7
LN4 3LL,35,12,23,11
LN4 3LN,47,28,19,16
LN4 3LP,62,34,28,23
LN4 3LR,14,6,8,5
LN4 3LT,15,7,8,5
LN4 3LU,87,42,45,31
LN4 3LX,18,11,7,6
LN4 3LY,93,49,44,40
LN4 3LZ,52,26,26,26
LN4 3NA,43,20,23,17
LN4 3NB,9,4,5,4
LN4 3ND,67,33,34,24
LN4 3NE,72,35,37,27
LN4 3NF,42,24,18,17
LN4 3NG,25,14,11,9
LN4 3NH,118,62,56,43
LN4 3NJ,34,17,17,17
LN4 3NL,18,9,9,7
LN4 3NP,76,38,38,38
LN4 3NQ,19,9,10,11
LN4 3NR,38,19,19,15
LN4 3NS,7,3,4,4
LN4 3NT,19,8,11,7
LN4 3NU,40,23,17,17
LN4 3NW,96,39,57,32
LN4 3NX,19,10,9,12
LN4 3PA,24,13,11,10
LN4 3PB,6,3,3,2
LN4 3PD,44,19,25,26
LN4 3PE,57,31,26,27
LN4 3PF,23,11,12,8
LN4 3PG,8,4,4,3
LN4 3PH,3,2,1,1
LN4 3PJ,23,10,13,14
LN4 3PL,29,13,16,12
LN4 3PQ,7,4,3,3
LN4 3PR,2,1,1,1
LN4 3PS,6,3,3,3
LN4 3PT,39,19,20,10
LN4 3PU,18,8,10,12
LN4 3PX,110,52,58,48
LN4 3PY,88,45,43,34
LN4 3PZ,25,15,10,12
LN4 3QA,71,35,36,34
LN4 3QB,35,21,14,14
LN4 3QD,10,6,4,4
LN4 3QE,5,1,4,2
LN4 3QF,31,16,15,15
LN4 3QG,5,2,3,4
LN4 3QH,12,5,7,5
LN4 3QP,5,3,2,3
LN4 3QQ,2,2,0,2
LN4 3QR,2,1,1,1
LN4 3QS,31,17,14,10
LN4 3QT,109,53,56,47
LN4 3QU,10,6,4,5
LN4 3QX,79,35,44,25
LN4 3QY,148,71,77,49
LN4 3QZ,15,7,8,8
LN4 3RA,15,8,7,7
LN4 3RB,70,30,40,30
LN4 3RD,29,13,16,15
LN4 3RF,16,9,7,6
LN4 3RG,31,14,17,12
LN4 3RH,14,10,4,6
LN4 3RJ,15,9,6,4
LN4 3RL,16,4,12,12
LN4 3RN,73,36,37,26
LN4 3RQ,7,4,3,3
LN4 3RR,3,2,1,2
LN4 3RT,30,15,15,13
LN4 3RU,11,5,6,6
LN4 3RX,22,12,10,12
LN4 3RY,17,7,10,7
LN4 3RZ,16,7,9,8
LN4 3SA,40,20,20,16
LN4 3SB,95,45,50,39
LN4 3SD,89,46,43,41
LN4 3SE,40,16,24,13
LN4 3SL,33,16,17,13
LN4 3SN,56,28,28,31
LN4 3SR,12,6,6,4
LN4 3SS,31,14,17,12
LN4 3ST,61,28,33,30
LN4 3SU,8,4,4,3
LN4 3SW,62,34,28,30
LN4 3SY,30,15,15,13
LN4 3SZ,77,38,39,30
LN4 3TA,61,28,33,24
LN4 3TB,102,46,56,37
LN4 3TD,24,13,11,9
LN4 3TE,10,5,5,4
LN4 3TF,2,1,1,1
LN4 3TL,30,15,15,11
LN4 3TN,37,17,20,15
LN4 3TP,65,34,31,20
LN4 3TW,49,23,26,14
LN4 3UF,42,21,21,23
LN4 3UG,25,10,15,15
LN4 3UH,21,11,10,8
LN4 3UQ,8,4,4,4
LN4 3XA,28,14,14,11
LN4 3XB,61,32,29,19
LN4 3XD,50,20,30,17
LN4 3YA,41,18,23,13
LN4 3YB,73,36,37,24
LN4 3YD,56,31,25,18
LN4 3YE,51,25,26,14
LN4 3YF,38,13,25,12
LN4 3YG,126,61,65,46
LN4 3YH,13,6,7,6
LN4 3YJ,7,3,4,3
LN4 3YL,65,33,32,27
LN4 3YN,12,8,4,4
LN4 3YP,57,31,26,19
LN4 3YQ,49,26,23,17
LN4 3YR,34,16,18,20
LN4 3YS,9,3,6,4
LN4 3YT,48,24,24,17
LN4 4AA,1,0,1,1
LN4 4AB,18,9,9,6
LN4 4AD,104,49,55,44
LN4 4AE,40,18,22,18
LN4 4AF,4,2,2,2
LN4 4AG,78,41,37,35
LN4 4AH,30,15,15,11
LN4 4AJ,2,2,0,2
LN4 4AL,27,14,13,11
LN4 4AN,5,1,4,3
LN4 4AP,4,3,1,2
LN4 4AQ,45,26,19,12
LN4 4AR,21,10,11,8
LN4 4AT,9,7,2,4
LN4 4AU,92,42,50,37
LN4 4AX,15,7,8,9
LN4 4AY,75,41,34,24
LN4 4AZ,43,22,21,19
LN4 4BA,3,1,2,2
LN4 4BB,19,9,10,9
LN4 4BD,5,2,3,2
LN4 4BE,24,12,12,10
LN4 4BG,25,12,13,9
LN4 4BH,9,4,5,3
LN4 4BJ,12,6,6,6
LN4 4BL,12,7,5,6
LN4 4BP,26,15,11,12
LN4 4BQ,7,3,4,2
LN4 4BS,7,3,4,3
LN4 4BT,18,9,9,7
LN4 4BU,18,2,16,2
LN4 4BW,28,15,13,11
LN4 4BX,9,4,5,4
LN4 4DA,9,3,6,3
LN4 4DD,27,13,14,9
LN4 4DE,27,15,12,10
LN4 4DF,54,24,30,23
LN4 4DG,81,40,41,40
LN4 4DH,7,4,3,3
LN4 4DJ,41,21,20,17
LN4 4DL,39,18,21,19
LN4 4DN,57,31,26,26
LN4 4DP,34,18,16,11
LN4 4DQ,34,18,16,17
LN4 4DR,8,3,5,3
LN4 4DS,30,15,15,10
LN4 4DT,27,15,12,11
LN4 4DW,8,4,4,3
LN4 4DX,2,1,1,1
LN4 4EA,146,74,72,51
LN4 4EB,36,18,18,15
LN4 4ED,85,38,47,36
LN4 4EE,45,22,23,18
LN4 4EF,24,11,13,9
LN4 4EG,91,39,52,42
LN4 4EJ,120,62,58,39
LN4 4EL,30,14,16,15
LN4 4EN,44,22,22,20
LN4 4EP,4,1,3,1
LN4 4EQ,79,29,50,60
LN4 4ER,5,2,3,3
LN4 4ES,53,25,28,19
LN4 4ET,48,22,26,16
LN4 4EU,27,15,12,14
LN4 4EW,4,2,2,2
LN4 4EX,57,23,34,40
LN4 4EY,5,2,3,5
LN4 4EZ,106,48,58,49
LN4 4FB,91,43,48,24
LN4 4FD,18,9,9,6
LN4 4FE,75,44,31,20
LN4 4FF,18,5,13,6
LN4 4FG,32,16,16,8
LN4 4FH,38,20,18,11
LN4 4FJ,32,16,16,13
LN4 4FN,34,20,14,10
LN4 4GJ,21,11,10,12
LN4 4GL,77,34,43,33
LN4 4GN,59,27,32,26
LN4 4GP,7,3,4,4
LN4 4GQ,19,10,9,8
LN4 4GR,92,41,51,42
LN4 4GS,22,7,15,7
LN4 4GW,60,30,30,22
LN4 4HA,19,11,8,6
LN4 4HB,47,21,26,16
LN4 4HD,38,20,18,13
LN4 4HE,18,9,9,10
LN4 4HG,12,6,6,6
LN4 4HH,9,5,4,3
LN4 4HJ,25,11,14,11
LN4 4HL,13,7,6,5
LN4 4HN,21,9,12,11
LN4 4HP,20,11,9,7
LN4 4HQ,84,43,41,41
LN4 4HR,49,26,23,17
LN4 4HT,8,4,4,4
LN4 4HW,32,21,11,12
LN4 4HX,56,30,26,24
LN4 4HY,80,34,46,35
LN4 4HZ,3,2,1,1
LN4 4JA,10,6,4,3
LN4 4JB,26,13,13,14
LN4 4JD,172,83,89,57
LN4 4JG,24,10,14,11
LN4 4JH,4,2,2,2
LN4 4JJ,124,56,68,40
LN4 4JL,40,25,15,23
LN4 4JP,55,26,29,28
LN4 4JQ,21,11,10,7
LN4 4JR,6,2,4,3
LN4 4JS,35,18,17,12
LN4 4JT,14,8,6,6
LN4 4JU,6,3,3,4
LN4 4JW,29,16,13,14
LN4 4JX,60,29,31,28
LN4 4JY,40,21,19,13
LN4 4JZ,27,14,13,10
LN4 4LA,20,12,8,11
LN4 4LD,107,47,60,48
LN4 4LE,45,20,25,20
LN4 4LG,20,10,10,9
LN4 4LH,21,14,7,18
LN4 4LJ,18,12,6,10
LN4 4LL,68,31,37,29
LN4 4LN,42,24,18,22
LN4 4LP,18,9,9,7
LN4 4LQ,30,17,13,17
LN4 4LR,127,61,66,70
LN4 4LS,13,5,8,3
LN4 4LT,115,57,58,28
LN4 4LU,28,14,14,7
LN4 4LW,8,4,4,4
LN4 4LX,26,14,12,6
LN4 4LY,57,30,27,22
LN4 4LZ,40,22,18,19
LN4 4NA,19,6,13,8
LN4 4NB,49,28,21,18
LN4 4ND,87,49,38,34
LN4 4NG,58,30,28,19
LN4 4NH,20,9,11,8
LN4 4NL,30,8,22,4
LN4 4NN,80,35,45,36
LN4 4NP,17,8,9,7
LN4 4NQ,139,69,70,54
LN4 4NR,21,10,11,12
LN4 4NS,14,6,8,5
LN4 4NT,83,46,37,23
LN4 4NU,102,48,54,29
LN4 4NW,94,43,51,47
LN4 4NX,16,10,6,4
LN4 4NY,18,9,9,9
LN4 4PA,65,35,30,23
LN4 4PB,69,33,36,30
LN4 4PD,6,3,3,4
LN4 4PE,47,21,26,21
LN4 4PF,22,9,13,8
LN4 4PG,54,26,28,24
LN4 4PJ,7,3,4,3
LN4 4PL,3,1,2,2
LN4 4PP,87,43,44,31
LN4 4PQ,57,28,29,24
LN4 4PR,96,48,48,32
LN4 4PS,88,37,51,30
LN4 4PT,80,41,39,30
LN4 4PU,84,46,38,31
LN4 4PW,84,37,47,32
LN4 4PX,5,1,4,2
LN4 4PY,65,39,26,30
LN4 4PZ,2,1,1,1
LN4 4QA,8,4,4,4
LN4 4QB,3,2,1,2
LN4 4QD,6,4,2,3
LN4 4QE,28,13,15,9
LN4 4QF,2,1,1,1
LN4 4QG,10,4,6,5
LN4 4QH,154,77,77,53
LN4 4QJ,15,7,8,6
LN4 4QL,10,5,5,5
LN4 4QN,30,13,17,13
LN4 4QQ,10,5,5,4
LN4 4QR,2,1,1,1
LN4 4QS,22,11,11,6
LN4 4QT,36,16,20,12
LN4 4QU,36,17,19,14
LN4 4QW,1,1,0,1
LN4 4QX,88,46,42,30
LN4 4QY,71,38,33,31
LN4 4RA,33,19,14,18
LN4 4RB,53,25,28,27
LN4 4RD,15,7,8,8
LN4 4RE,35,14,21,16
LN4 4RF,94,46,48,43
LN4 4RG,60,30,30,29
LN4 4RH,55,32,23,23
LN4 4RJ,64,29,35,23
LN4 4RL,12,6,6,6
LN4 4RN,58,28,30,20
LN4 4RP,108,58,50,42
LN4 4RQ,25,13,12,11
LN4 4RR,54,26,28,24
LN4 4RS,11,7,4,4
LN4 4RT,17,8,9,7
LN4 4RU,33,20,13,16
LN4 4RW,54,24,30,20
LN4 4RX,22,12,10,10
LN4 4RY,5,4,1,2
LN4 4RZ,8,5,3,4
LN4 4SA,16,7,9,5
LN4 4SB,17,10,7,8
LN4 4SE,2,1,1,1
LN4 4SG,27,16,11,12
LN4 4SJ,65,24,41,10
LN4 4SL,29,12,17,15
LN4 4SN,44,20,24,27
LN4 4SP,46,18,28,23
LN4 4SS,7,4,3,3
LN4 4ST,9,4,5,4
LN4 4SW,87,44,43,35
LN4 4SY,525,467,58,14
LN4 4SZ,76,42,34,32
LN4 4TA,38,22,16,16
LN4 4TB,56,30,26,23
LN4 4TD,11,4,7,5
LN4 4TE,71,36,35,34
LN4 4TF,58,23,35,29
LN4 4TG,33,16,17,12
LN4 4TH,22,11,11,8
LN4 4TJ,76,36,40,32
LN4 4TL,35,20,15,15
LN4 4TN,63,28,35,25
LN4 4TS,21,6,15,15
LN4 4TT,68,33,35,39
LN4 4TU,46,23,23,21
LN4 4TW,47,26,21,14
LN4 4TX,61,28,33,25
LN4 4TY,36,17,19,19
LN4 4TZ,9,4,5,5
LN4 4UA,8,4,4,2
LN4 4UD,24,12,12,12
LN4 4UE,45,26,19,19
LN4 4UF,61,31,30,29
LN4 4UG,58,31,27,20
LN4 4UH,13,5,8,6
LN4 4UJ,20,11,9,11
LN4 4UL,47,25,22,18
LN4 4UN,2,1,1,1
LN4 4UP,3,1,2,2
LN4 4UR,67,31,36,26
LN4 4UT,176,87,89,96
LN4 4UU,11,5,6,6
LN4 4UW,4,2,2,2
LN4 4UX,3,2,1,2
LN4 4UY,10,5,5,5
LN4 4UZ,87,44,43,32
LN4 4XA,25,13,12,15
LN4 4XD,60,28,32,25
LN4 4XE,18,8,10,7
LN4 4XF,26,14,12,10
LN4 4XG,2,0,2,1
LN4 4XH,43,24,19,16
LN4 4XJ,1,1,0,1
LN4 4XL,2,1,1,2
LN4 4XN,8,5,3,4
LN4 4XP,2,1,1,1
LN4 4XQ,53,24,29,19
LN4 4XR,6,2,4,3
LN4 4XS,13,6,7,7
LN4 4XT,11,4,7,5
LN4 4XW,1,1,0,1
LN4 4XY,12,8,4,8
LN4 4YA,26,16,10,17
LN4 4YD,74,36,38,29
LN4 4YE,88,42,46,36
LN4 4YF,12,7,5,4
LN4 4YG,69,40,29,27
LN4 4YH,6,4,2,2
LN4 4YJ,8,5,3,4
LN4 4YL,31,13,18,15
LN4 4YN,52,19,33,16
LN4 4YP,15,6,9,6
LN4 4YQ,9,4,5,3
LN4 4YR,1,1,0,1
LN4 4YW,29,13,16,14
LN4 4YY,11,4,7,8
LN4 4ZJ,8,4,4,2
LN4 4ZL,20,9,11,11
LN4 4ZN,5,3,2,3
LN4 4ZP,12,5,7,4
LN4 4ZR,7,4,3,5
LN5 0AA,5,2,3,3
LN5 0AB,28,11,17,8
LN5 0AD,45,18,27,18
LN5 0AE,17,8,9,6
LN5 0AG,37,20,17,15
LN5 0AH,47,27,20,19
LN5 0AJ,42,23,19,15
LN5 0AL,49,23,26,24
LN5 0AN,18,6,12,12
LN5 0AP,62,33,29,23
LN5 0AQ,33,16,17,14
LN5 0AR,20,11,9,8
LN5 0AS,18,9,9,4
LN5 0AT,7,3,4,3
LN5 0AU,12,7,5,6
LN5 0AY,5,2,3,3
LN5 0BB,10,2,8,8
LN5 0BD,10,5,5,3
LN5 0BE,7,2,5,4
LN5 0BG,18,10,8,6
LN5 0BH,10,4,6,5
LN5 0BJ,53,23,30,23
LN5 0BL,105,51,54,42
LN5 0BN,46,16,30,20
LN5 0BP,2,1,1,1
LN5 0BS,2,1,1,1
LN5 0BT,1,1,0,1
LN5 0BW,7,3,4,3
LN5 0BX,1,1,0,1
LN5 0BY,5,3,2,2
LN5 0DA,17,10,7,7
LN5 0DB,27,13,14,11
LN5 0DE,13,4,9,6
LN5 0DF,13,6,7,5
LN5 0DG,8,5,3,3
LN5 0DH,14,7,7,9
LN5 0DL,9,5,4,3
LN5 0DP,2,1,1,1
LN5 0DQ,3,2,1,1
LN5 0DR,17,7,10,7
LN5 0DS,19,8,11,10
LN5 0DT,11,4,7,7
LN5 0DU,16,6,10,7
LN5 0DW,18,10,8,6
LN5 0DX,14,7,7,10
LN5 0DY,28,16,12,11
LN5 0DZ,44,18,26,19
LN5 0EA,18,8,10,13
LN5 0EB,3,2,1,2
LN5 0ED,38,15,23,15
LN5 0EE,31,13,18,13
LN5 0EF,13,4,9,10
LN5 0EG,17,8,9,10
LN5 0EH,52,26,26,24
LN5 0EL,2,1,1,1
LN5 0EN,44,24,20,18
LN5 0EP,96,47,49,47
LN5 0EQ,11,5,6,4
LN5 0ER,141,67,74,57
LN5 0ES,39,20,19,20
LN5 0ET,26,12,14,13
LN5 0EU,19,9,10,7
LN5 0EX,76,44,32,33
LN5 0EY,20,8,12,9
LN5 0EZ,24,13,11,10
LN5 0FB,16,8,8,5
LN5 0FD,12,6,6,5
LN5 0FE,14,8,6,6
LN5 0GW,39,18,21,18
LN5 0HA,30,11,19,20
LN5 0HB,114,58,56,49
LN5 0HD,36,19,17,15
LN5 0HE,20,8,12,8
LN5 0HF,8,3,5,3
LN5 0HG,43,19,24,13
LN5 0HH,2,1,1,1
LN5 0HL,13,5,8,5
LN5 0HP,4,1,3,3
LN5 0HR,35,18,17,16
LN5 0HS,8,3,5,3
LN5 0HT,6,3,3,3
LN5 0HU,23,10,13,11
LN5 0HW,70,35,35,29
LN5 0HX,14,7,7,5
LN5 0HY,23,12,11,11
LN5 0JA,49,25,24,22
LN5 0JB,44,21,23,18
LN5 0JE,9,4,5,4
LN5 0JF,41,21,20,16
LN5 0JH,25,10,15,16
LN5 0JJ,70,34,36,28
LN5 0JN,56,29,27,23
LN5 0JP,5,1,4,5
LN5 0JQ,19,7,12,15
LN5 0JR,7,3,4,4
LN5 0JW,18,9,9,11
LN5 0JY,142,70,72,58
LN5 0JZ,19,8,11,8
LN5 0LA,58,14,44,6
LN5 0LB,31,16,15,13
LN5 0LD,5,4,1,1
LN5 0LE,52,27,25,27
LN5 0LF,20,10,10,7
LN5 0LG,40,21,19,12
LN5 0LH,7,2,5,3
LN5 0LJ,8,4,4,3
LN5 0LL,6,3,3,3
LN5 0LN,5,4,1,2
LN5 0LP,12,6,6,5
LN5 0LQ,43,20,23,17
LN5 0LS,4,2,2,2
LN5 0LW,5,3,2,2
LN5 0LZ,40,17,23,18
LN5 0NA,21,4,17,20
LN5 0NB,3,1,2,2
LN5 0ND,8,4,4,3
LN5 0NE,20,11,9,9
LN5 0NF,16,8,8,9
LN5 0NG,56,25,31,25
LN5 0NH,113,51,62,41
LN5 0NJ,111,53,58,52
LN5 0NL,104,49,55,45
LN5 0NN,36,14,22,5
LN5 0NP,4,2,2,2
LN5 0NR,24,11,13,13
LN5 0NW,6,3,3,3
LN5 0PA,11,5,6,5
LN5 0PD,2,1,1,1
LN5 0PE,7,4,3,4
LN5 0PF,27,17,10,10
LN5 0PG,75,34,41,38
LN5 0PH,3,2,1,1
LN5 0PJ,9,3,6,5
LN5 0PL,14,7,7,8
LN5 0PN,56,31,25,23
LN5 0PP,42,23,19,19
LN5 0PR,1,1,0,1
LN5 0PT,6,2,4,2
LN5 0PW,25,11,14,11
LN5 0PX,16,11,5,7
LN5 0PY,9,4,5,5
LN5 0PZ,7,4,3,3
LN5 0QA,8,4,4,2
LN5 0QB,6,3,3,3
LN5 0QD,5,2,3,2
LN5 0QE,3,2,1,2
LN5 0QF,3,2,1,1
LN5 0QG,6,4,2,1
LN5 0QH,3,2,1,1
LN5 0QJ,18,8,10,8
LN5 0QN,3,1,2,2
LN5 0QP,8,3,5,3
LN5 0QQ,2,1,1,1
LN5 0QW,63,36,27,22
LN5 0QX,8,4,4,4
LN5 0QY,14,8,6,6
LN5 0QZ,60,25,35,22
LN5 0RA,17,9,8,7
LN5 0RB,26,11,15,7
LN5 0RD,41,22,19,18
LN5 0RE,27,13,14,11
LN5 0RF,75,39,36,31
LN5 0RG,27,12,15,11
LN5 0RH,48,24,24,19
LN5 0RJ,19,11,8,7
LN5 0RL,2,1,1,2
LN5 0RN,5,3,2,3
LN5 0RP,36,16,20,17
LN5 0RQ,46,22,24,20
LN5 0RR,17,9,8,6
LN5 0RS,16,8,8,7
LN5 0RW,21,13,8,6
LN5 0RZ,38,22,16,21
LN5 0SA,66,31,35,28
LN5 0SB,11,7,4,4
LN5 0SD,5,2,3,3
LN5 0SE,24,12,12,12
LN5 0SF,91,42,49,43
LN5 0SG,24,12,12,11
LN5 0SH,25,9,16,11
LN5 0SJ,18,5,13,14
LN5 0SL,113,61,52,36
LN5 0SN,27,14,13,13
LN5 0SP,21,10,11,10
LN5 0SQ,30,15,15,10
LN5 0SR,29,17,12,11
LN5 0SS,2,1,1,1
LN5 0ST,1,1,0,1
LN5 0SU,6,1,5,5
LN5 0SW,56,25,31,17
LN5 0TB,9,5,4,4
LN5 0TE,35,14,21,17
LN5 0TF,79,35,44,35
LN5 0TJ,28,17,11,11
LN5 0TL,36,15,21,14
LN5 0TP,20,8,12,9
LN5 0TQ,58,24,34,32
LN5 0TR,113,58,55,50
LN5 0TS,13,7,6,7
LN5 0TT,191,91,100,71
LN5 0TW,18,8,10,9
LN5 0TX,103,53,50,34
LN5 7AA,3,0,3,2
LN5 7AF,3,1,2,1
LN5 7AG,58,33,25,37
LN5 7BA,2,2,0,1
LN5 7BG,543,241,302,6
LN5 7BW,22,13,9,20
LN5 7DB,2,2,0,2
LN5 7DH,76,49,27,52
LN5 7DL,68,37,31,46
LN5 7DQ,5,2,3,4
LN5 7ED,3,0,3,1
LN5 7EQ,20,16,4,4
LN5 7ET,3,1,2,3
LN5 7EX,11,7,4,6
LN5 7EY,13,9,4,10
LN5 7HW,4,2,2,4
LN5 7JX,35,20,15,17
LN5 7JZ,77,46,31,39
LN5 7LA,16,13,3,16
LN5 7LB,89,44,45,41
LN5 7LD,10,5,5,4
LN5 7LE,55,24,31,23
LN5 7LF,15,7,8,8
LN5 7LG,24,14,10,17
LN5 7LH,61,32,29,40
LN5 7LL,66,32,34,24
LN5 7LN,24,10,14,12
LN5 7LP,33,18,15,24
LN5 7LQ,38,24,14,25
LN5 7LR,26,17,9,11
LN5 7LS,41,19,22,20
LN5 7LT,36,17,19,16
LN5 7LU,18,9,9,9
LN5 7LW,3,1,2,3
LN5 7LX,26,13,13,12
LN5 7LY,34,19,15,18
LN5 7LZ,34,20,14,14
LN5 7NA,8,4,4,4
LN5 7ND,10,5,5,5
LN5 7NE,67,33,34,26
LN5 7NF,72,30,42,32
LN5 7NG,26,7,19,8
LN5 7NH,58,37,21,21
LN5 7NJ,72,42,30,22
LN5 7NL,54,27,27,25
LN5 7NQ,70,40,30,28
LN5 7NX,19,9,10,11
LN5 7NY,40,19,21,19
LN5 7NZ,81,40,41,52
LN5 7PB,105,59,46,61
LN5 7PD,8,4,4,5
LN5 7PE,26,15,11,15
LN5 7PG,33,11,22,14
LN5 7PJ,7,3,4,3
LN5 7PN,10,7,3,5
LN5 7PQ,6,1,5,5
LN5 7PR,10,6,4,5
LN5 7PT,25,13,12,9
LN5 7PU,45,16,29,21
LN5 7PX,33,20,13,26
LN5 7PY,1,1,0,1
LN5 7PZ,10,6,4,6
LN5 7QB,11,4,7,7
LN5 7QD,32,16,16,19
LN5 7QE,126,62,64,49
LN5 7QF,95,51,44,44
LN5 7QG,1,0,1,1
LN5 7QH,9,5,4,5
LN5 7QJ,52,29,23,49
LN5 7QL,57,32,25,43
LN5 7QN,31,14,17,15
LN5 7QR,36,15,21,19
LN5 7QT,56,30,26,24
LN5 7QU,133,69,64,57
LN5 7QW,2,1,1,2
LN5 7QZ,15,5,10,10
LN5 7RA,30,12,18,27
LN5 7RB,16,7,9,11
LN5 7RD,37,15,22,26
LN5 7RE,34,16,18,22
LN5 7RH,33,17,16,13
LN5 7RU,7,1,6,6
LN5 7RY,4,3,1,1
LN5 7RZ,70,30,40,20
LN5 7SB,64,32,32,26
LN5 7SF,4,2,2,2
LN5 7SH,72,37,35,21
LN5 7SJ,155,63,92,54
LN5 7SL,42,19,23,19
LN5 7SN,66,35,31,30
LN5 7SP,11,7,4,4
LN5 7SR,29,16,13,22
LN5 7SS,7,4,3,4
LN5 7SW,60,25,35,30
LN5 7SX,75,38,37,30
LN5 7SY,101,56,45,34
LN5 7TA,72,36,36,34
LN5 7TD,69,35,34,34
LN5 7TE,12,9,3,7
LN5 7TF,82,48,34,32
LN5 7TG,52,29,23,25
LN5 7TH,50,25,25,19
LN5 7TJ,60,26,34,26
LN5 7TQ,38,19,19,17
LN5 7TR,64,34,30,57
LN5 7TT,101,49,52,45
LN5 7TU,63,27,36,27
LN5 7TX,66,34,32,24
LN5 7TY,17,8,9,8
LN5 7TZ,41,23,18,17
LN5 7UA,10,7,3,6
LN5 7UB,25,8,17,11
LN5 7UD,43,20,23,19
LN5 7UE,48,21,27,21
LN5 7UF,3,2,1,2
LN5 7UG,46,27,19,21
LN5 7UH,53,24,29,27
LN5 7UJ,76,37,39,35
LN5 7UL,37,22,15,18
LN5 7UN,27,14,13,12
LN5 7UP,18,9,9,7
LN5 7UQ,56,26,30,28
LN5 7UR,24,13,11,11
LN5 7UT,13,7,6,7
LN5 7UU,39,14,25,21
LN5 7UW,20,12,8,7
LN5 7UX,42,23,19,18
LN5 7UY,73,40,33,32
LN5 7UZ,21,11,10,9
LN5 7WA,62,34,28,44
LN5 7WB,25,17,8,15
LN5 7XA,26,10,16,12
LN5 7XB,120,53,67,48
LN5 7XD,61,34,27,26
LN5 7XE,116,57,59,48
LN5 7XF,35,20,15,17
LN5 7XG,24,11,13,11
LN5 7XH,20,9,11,9
LN5 7XJ,21,11,10,11
LN5 7XL,48,25,23,18
LN5 7XN,14,7,7,4
LN5 7XP,7,4,3,3
LN5 7XQ,19,9,10,8
LN5 7XR,15,9,6,8
LN5 7XS,34,14,20,19
LN5 7XT,31,19,12,23
LN5 7XW,15,7,8,5
LN5 7XZ,158,89,69,57
LN5 7YA,9,6,3,4
LN5 8AA,11,7,4,7
LN5 8AB,167,84,83,88
LN5 8AD,8,5,3,5
LN5 8AF,27,15,12,12
LN5 8AG,97,44,53,46
LN5 8AH,2,1,1,2
LN5 8AJ,116,63,53,44
LN5 8AL,11,3,8,6
LN5 8AN,4,1,3,2
LN5 8AQ,110,65,45,49
LN5 8AR,12,6,6,6
LN5 8AS,12,9,3,7
LN5 8AT,20,14,6,10
LN5 8AU,85,43,42,34
LN5 8AW,9,3,6,4
LN5 8AX,22,12,10,13
LN5 8AY,9,5,4,8
LN5 8AZ,59,28,31,37
LN5 8BA,62,32,30,36
LN5 8BB,56,26,30,28
LN5 8BD,5,2,3,2
LN5 8BE,5,3,2,2
LN5 8BG,7,5,2,4
LN5 8BH,101,50,51,43
LN5 8BJ,67,32,35,51
LN5 8BL,46,20,26,44
LN5 8BQ,4,2,2,2
LN5 8BS,76,35,41,42
LN5 8BT,64,35,29,29
LN5 8BU,13,4,9,10
LN5 8BX,4,2,2,4
LN5 8BZ,26,9,17,12
LN5 8DA,23,14,9,6
LN5 8DB,20,10,10,8
LN5 8DD,24,15,9,9
LN5 8DE,10,6,4,7
LN5 8DF,9,3,6,4
LN5 8DG,10,8,2,4
LN5 8DH,39,17,22,15
LN5 8DJ,12,5,7,6
LN5 8DL,91,50,41,43
LN5 8DN,80,37,43,33
LN5 8DP,33,13,20,15
LN5 8DQ,46,23,23,23
LN5 8DR,58,22,36,21
LN5 8DS,5,3,2,2
LN5 8DU,19,12,7,9
LN5 8DW,27,15,12,12
LN5 8DX,3,0,3,1
LN5 8DY,25,12,13,13
LN5 8DZ,10,6,4,5
LN5 8EA,4,4,0,3
LN5 8ED,54,29,25,24
LN5 8EE,22,9,13,15
LN5 8EF,85,42,43,56
LN5 8EG,69,41,28,61
LN5 8EJ,10,3,7,3
LN5 8EN,28,11,17,13
LN5 8EP,48,24,24,16
LN5 8EQ,8,6,2,6
LN5 8ER,41,23,18,23
LN5 8ES,97,49,48,27
LN5 8ET,2,1,1,1
LN5 8EU,47,21,26,23
LN5 8EW,31,5,26,0
LN5 8EX,3,1,2,1
LN5 8EY,37,18,19,10
LN5 8GA,32,18,14,19
LN5 8GB,28,11,17,10
LN5 8HB,13,8,5,10
LN5 8HE,40,22,18,15
LN5 8HN,5,3,2,2
LN5 8HS,1,1,0,1
LN5 8HW,10,6,4,5
LN5 8HX,13,10,3,8
LN5 8HY,133,70,63,63
LN5 8HZ,21,11,10,9
LN5 8JA,5,4,1,4
LN5 8JD,2,1,1,1
LN5 8JH,67,38,29,32
LN5 8JL,56,25,31,37
LN5 8JP,69,33,36,32
LN5 8JR,24,11,13,14
LN5 8JS,61,28,33,31
LN5 8JT,34,17,17,20
LN5 8JW,20,10,10,13
LN5 8JX,88,44,44,38
LN5 8JY,41,19,22,22
LN5 8JZ,55,28,27,34
LN5 8LA,33,17,16,16
LN5 8LB,79,45,34,39
LN5 8LN,25,11,14,13
LN5 8LP,27,12,15,16
LN5 8LR,20,8,12,2
LN5 8LS,27,16,11,16
LN5 8LW,6,4,2,4
LN5 8LY,83,46,37,24
LN5 8NA,162,69,93,66
LN5 8NB,48,20,28,25
LN5 8ND,107,47,60,43
LN5 8NE,29,16,13,15
LN5 8NF,27,18,9,12
LN5 8NG,57,23,34,27
LN5 8NH,59,34,25,25
LN5 8NJ,74,36,38,33
LN5 8NL,41,18,23,20
LN5 8NN,57,26,31,31
LN5 8NP,20,7,13,9
LN5 8NQ,37,18,19,16
LN5 8NR,144,71,73,79
LN5 8NT,19,12,7,11
LN5 8NW,103,46,57,42
LN5 8NX,75,35,40,44
LN5 8NY,20,6,14,12
LN5 8NZ,44,21,23,27
LN5 8PA,13,5,8,7
LN5 8PB,30,24,6,23
LN5 8PE,49,31,18,26
LN5 8PF,63,33,30,39
LN5 8PG,63,33,30,23
LN5 8PL,10,5,5,3
LN5 8PN,29,13,16,10
LN5 8PP,25,9,16,15
LN5 8PQ,51,31,20,36
LN5 8PR,66,39,27,30
LN5 8PS,45,23,22,24
LN5 8PT,16,9,7,7
LN5 8PU,69,33,36,33
LN5 8PY,8,5,3,5
LN5 8PZ,4,2,2,3
LN5 8QA,38,20,18,15
LN5 8QB,40,19,21,14
LN5 8QD,16,8,8,6
LN5 8QE,63,33,30,22
LN5 8QF,9,4,5,4
LN5 8QG,48,26,22,22
LN5 8QH,86,35,51,38
LN5 8QJ,40,16,24,4
LN5 8QL,51,23,28,22
LN5 8QN,30,22,8,26
LN5 8QP,28,13,15,15
LN5 8QR,46,26,20,30
LN5 8QS,90,48,42,40
LN5 8QT,85,40,45,28
LN5 8QU,12,6,6,5
LN5 8QW,40,19,21,21
LN5 8QX,96,51,45,40
LN5 8QY,14,4,10,5
LN5 8QZ,25,12,13,9
LN5 8RA,125,63,62,43
LN5 8RF,17,7,10,14
LN5 8RH,1,1,0,1
LN5 8RJ,63,41,22,48
LN5 8RL,74,44,30,24
LN5 8RN,55,29,26,21
LN5 8RP,91,42,49,29
LN5 8RQ,29,17,12,11
LN5 8RR,97,45,52,40
LN5 8RS,55,26,29,23
LN5 8RT,110,52,58,42
LN5 8RU,18,7,11,12
LN5 8RW,34,14,20,23
LN5 8RX,58,20,38,9
LN5 8RY,4,2,2,4
LN5 8RZ,73,31,42,29
LN5 8SA,45,21,24,16
LN5 8SB,118,52,66,46
LN5 8SD,14,6,8,4
LN5 8SE,49,22,27,21
LN5 8SF,36,20,16,13
LN5 8SG,80,42,38,27
LN5 8SH,90,45,45,36
LN5 8SJ,22,14,8,12
LN5 8SN,84,47,37,34
LN5 8SP,108,51,57,45
LN5 8SQ,15,8,7,6
LN5 8SR,159,80,79,57
LN5 8SS,67,35,32,27
LN5 8ST,36,15,21,12
LN5 8SU,22,12,10,9
LN5 8SW,120,64,56,46
LN5 8SX,30,15,15,11
LN5 8SY,55,27,28,25
LN5 8SZ,52,24,28,26
LN5 8TA,35,16,19,16
LN5 8TB,79,34,45,40
LN5 8TD,60,30,30,33
LN5 8TE,49,25,24,28
LN5 8TF,118,55,63,62
LN5 8TG,48,24,24,24
LN5 8TH,48,21,27,23
LN5 8TJ,93,46,47,37
LN5 8TL,95,50,45,36
LN5 8TN,76,40,36,39
LN5 8TQ,82,40,42,39
LN5 9AB,39,23,16,18
LN5 9AF,28,13,15,14
LN5 9AH,52,24,28,18
LN5 9AJ,67,33,34,27
LN5 9AL,79,39,40,30
LN5 9AN,61,30,31,33
LN5 9AP,74,38,36,37
LN5 9AQ,87,43,44,36
LN5 9AR,41,21,20,21
LN5 9AS,20,9,11,9
LN5 9AT,14,11,3,10
LN5 9AU,58,29,29,23
LN5 9AW,69,34,35,28
LN5 9AX,19,10,9,9
LN5 9AY,33,15,18,13
LN5 9AZ,63,35,28,22
LN5 9BA,24,11,13,12
LN5 9BB,97,52,45,44
LN5 9BD,107,55,52,46
LN5 9BE,55,23,32,22
LN5 9BG,29,14,15,15
LN5 9BH,35,14,21,15
LN5 9BJ,14,7,7,8
LN5 9BL,43,21,22,19
LN5 9BN,123,58,65,51
LN5 9BP,48,20,28,24
LN5 9BQ,39,22,17,19
LN5 9BS,17,7,10,6
LN5 9BT,38,18,20,22
LN5 9BU,6,2,4,4
LN5 9BW,20,10,10,8
LN5 9BX,41,18,23,17
LN5 9BY,70,35,35,27
LN5 9BZ,118,55,63,54
LN5 9DA,36,18,18,16
LN5 9DB,49,20,29,26
LN5 9DD,66,27,39,31
LN5 9DE,4,3,1,2
LN5 9DF,38,24,14,15
LN5 9DG,35,15,20,17
LN5 9DH,36,15,21,17
LN5 9DJ,14,5,9,9
LN5 9DL,60,34,26,22
LN5 9DN,5,2,3,3
LN5 9DP,53,25,28,24
LN5 9DQ,7,4,3,4
LN5 9DR,76,38,38,32
LN5 9DS,35,16,19,14
LN5 9DT,86,46,40,38
LN5 9DU,37,17,20,14
LN5 9DW,9,5,4,2
LN5 9DX,2,1,1,1
LN5 9DY,6,3,3,4
LN5 9DZ,14,7,7,7
LN5 9EA,24,12,12,13
LN5 9EB,2,1,1,1
LN5 9ED,21,9,12,9
LN5 9EE,3,2,1,1
LN5 9EF,62,32,30,21
LN5 9EG,36,17,19,13
LN5 9EH,6,4,2,3
LN5 9EJ,12,5,7,5
LN5 9EQ,28,11,17,10
LN5 9ER,24,12,12,14
LN5 9EW,20,8,12,8
LN5 9EX,11,5,6,4
LN5 9EY,75,39,36,32
LN5 9EZ,23,12,11,9
LN5 9FA,2,1,1,1
LN5 9FB,2,1,1,1
LN5 9FF,14,6,8,5
LN5 9FH,18,10,8,6
LN5 9FJ,8,5,3,3
LN5 9FL,18,7,11,6
LN5 9FN,5,3,2,5
LN5 9FP,2,2,0,2
LN5 9FR,5,2,3,2
LN5 9FS,4,2,2,2
LN5 9FT,28,13,15,8
LN5 9FZ,92,39,53,30
LN5 9GB,64,34,30,20
LN5 9GD,10,6,4,3
LN5 9GE,46,23,23,21
LN5 9GF,93,49,44,36
LN5 9GH,17,10,7,6
LN5 9GJ,104,45,59,36
LN5 9GL,31,17,14,10
LN5 9GN,28,12,16,12
LN5 9GP,8,4,4,4
LN5 9GS,45,25,20,16
LN5 9GU,12,3,9,10
LN5 9GW,35,17,18,15
LN5 9GY,84,43,41,32
LN5 9HA,75,39,36,28
LN5 9HB,19,8,11,11
LN5 9HD,25,12,13,9
LN5 9HE,41,18,23,7
LN5 9HF,23,9,14,9
LN5 9HG,28,11,17,16
LN5 9HH,1,0,1,1
LN5 9HJ,46,23,23,19
LN5 9HL,17,8,9,6
LN5 9HN,29,12,17,13
LN5 9HP,8,5,3,3
LN5 9HQ,11,4,7,6
LN5 9HR,33,17,16,14
LN5 9HS,11,6,5,3
LN5 9HT,82,41,41,29
LN5 9HU,21,11,10,8
LN5 9HW,35,16,19,17
LN5 9HX,11,5,6,4
LN5 9HZ,38,22,16,18
LN5 9JA,38,18,20,15
LN5 9JB,26,12,14,12
LN5 9JD,22,13,9,14
LN5 9JE,12,7,5,7
LN5 9JF,7,3,4,4
LN5 9JG,6,3,3,3
LN5 9JJ,14,6,8,5
LN5 9JL,32,16,16,9
LN5 9JN,25,10,15,10
LN5 9JP,50,26,24,20
LN5 9JQ,3,1,2,2
LN5 9JR,56,27,29,23
LN5 9JS,105,48,57,36
LN5 9JT,15,6,9,7
LN5 9JU,24,13,11,14
LN5 9JX,34,19,15,14
LN5 9JZ,59,25,34,22
LN5 9LA,90,44,46,39
LN5 9LB,39,23,16,14
LN5 9LD,55,27,28,27
LN5 9LE,16,9,7,7
LN5 9LF,14,5,9,5
LN5 9LG,33,19,14,11
LN5 9LH,7,3,4,6
LN5 9LJ,50,25,25,19
LN5 9LL,45,19,26,24
LN5 9LN,55,25,30,23
LN5 9LQ,12,6,6,4
LN5 9LR,21,9,12,9
LN5 9LS,69,39,30,33
LN5 9LT,59,24,35,32
LN5 9LU,37,18,19,15
LN5 9LX,16,6,10,9
LN5 9LY,77,37,40,31
LN5 9LZ,40,17,23,18
LN5 9NA,17,8,9,8
LN5 9NB,387,333,54,1
LN5 9ND,13,7,6,5
LN5 9NE,29,16,13,9
LN5 9NF,27,14,13,10
LN5 9NG,118,58,60,39
LN5 9NH,42,20,22,12
LN5 9NJ,22,10,12,5
LN5 9NL,21,11,10,10
LN5 9NP,42,21,21,13
LN5 9NQ,102,54,48,32
LN5 9NR,22,10,12,13
LN5 9NS,51,28,23,21
LN5 9NT,104,51,53,43
LN5 9NU,41,19,22,22
LN5 9NW,8,4,4,3
LN5 9NX,149,76,73,58
LN5 9PB,30,13,17,8
LN5 9PD,82,42,40,25
LN5 9PE,106,50,56,35
LN5 9PF,18,10,8,6
LN5 9PG,38,18,20,16
LN5 9PH,94,50,44,31
LN5 9PJ,63,33,30,13
LN5 9PL,37,16,21,12
LN5 9PN,160,77,83,46
LN5 9PP,176,89,87,54
LN5 9PT,4,1,3,2
LN5 9PW,42,20,22,11
LN5 9PY,34,11,23,25
LN5 9PZ,33,17,16,19
LN5 9QA,27,14,13,14
LN5 9QD,23,13,10,9
LN5 9QE,19,11,8,10
LN5 9QF,12,6,6,4
LN5 9QG,59,26,33,24
LN5 9QH,61,31,30,39
LN5 9QJ,5,2,3,2
LN5 9QL,42,19,23,26
LN5 9QN,72,35,37,25
LN5 9QP,61,29,32,29
LN5 9QQ,39,17,22,16
LN5 9QR,76,38,38,29
LN5 9QS,85,42,43,36
LN5 9QT,78,41,37,36
LN5 9QW,60,27,33,20
LN5 9QX,48,20,28,19
LN5 9RA,51,22,29,17
LN5 9RF,133,62,71,33
LN5 9RJ,13,6,7,4
LN5 9RL,15,5,10,10
LN5 9RN,10,6,4,4
LN5 9RP,32,16,16,15
LN5 9RQ,29,14,15,12
LN5 9RR,35,21,14,11
LN5 9RS,25,13,12,15
LN5 9RT,25,11,14,12
LN5 9RU,66,31,35,31
LN5 9RW,16,9,7,10
LN5 9RX,47,17,30,35
LN5 9RY,32,15,17,16
LN5 9RZ,52,25,27,23
LN5 9SA,23,8,15,13
LN5 9SB,38,19,19,19
LN5 9SG,39,17,22,24
LN5 9SH,4,1,3,1
LN5 9SJ,4,2,2,2
LN5 9SL,74,31,43,24
LN5 9SN,31,18,13,13
LN5 9SP,27,12,15,11
LN5 9SS,50,28,22,21
LN5 9SU,19,11,8,8
LN5 9SW,46,21,25,25
LN5 9SX,34,15,19,11
LN5 9SY,35,17,18,17
LN5 9SZ,3,2,1,1
LN5 9TA,9,5,4,4
LN5 9TB,41,21,20,16
LN5 9TD,13,6,7,4
LN5 9TJ,76,36,40,28
LN5 9TL,106,47,59,31
LN5 9TN,21,10,11,10
LN5 9TP,157,87,70,69
LN5 9TR,2,1,1,1
LN5 9TS,61,28,33,23
LN5 9TT,37,18,19,16
LN5 9TU,21,8,13,7
LN5 9TW,33,18,15,15
LN5 9TX,92,39,53,39
LN5 9TY,145,65,80,58
LN5 9TZ,91,38,53,52
LN5 9UA,52,19,33,27
LN5 9UB,62,32,30,19
LN5 9UD,107,58,49,34
LN5 9UE,35,17,18,14
LN5 9UF,113,56,57,39
LN5 9UG,59,29,30,27
LN5 9UH,10,6,4,7
LN5 9UJ,73,31,42,40
LN5 9UL,98,44,54,42
LN5 9UP,32,15,17,27
LN5 9UQ,5,3,2,2
LN5 9UR,13,6,7,6
LN5 9UT,122,59,63,54
LN5 9UU,29,14,15,11
LN5 9UW,98,46,52,52
LN5 9UX,30,11,19,16
LN5 9WG,44,18,26,18
LN5 9WR,10,4,6,3
LN5 9XA,67,37,30,26
LN5 9XB,28,12,16,12
LN5 9XD,157,85,72,55
LN5 9XE,16,9,7,7
LN5 9XF,58,30,28,26
LN5 9XG,28,12,16,11
LN5 9XH,23,12,11,10
LN5 9XJ,169,79,90,51
LN5 9XL,35,14,21,11
LN5 9XN,110,53,57,41
LN5 9XP,4,2,2,2
LN5 9XQ,2,1,1,1
LN6 0AA,20,10,10,10
LN6 0AB,10,4,6,4
LN6 0AD,61,31,30,29
LN6 0AE,17,5,12,7
LN6 0AG,89,46,43,34
LN6 0AH,74,36,38,33
LN6 0AJ,18,7,11,8
LN6 0AL,37,15,22,14
LN6 0AN,16,12,4,4
LN6 0AP,18,7,11,7
LN6 0AQ,83,38,45,33
LN6 0AR,25,15,10,10
LN6 0AS,40,18,22,18
LN6 0AT,22,14,8,11
LN6 0AU,20,9,11,8
LN6 0AW,81,43,38,36
LN6 0AX,30,16,14,14
LN6 0AY,7,2,5,3
LN6 0AZ,17,10,7,7
LN6 0BA,18,9,9,8
LN6 0BB,52,28,24,24
LN6 0BD,47,21,26,22
LN6 0BE,35,18,17,12
LN6 0BG,43,21,22,19
LN6 0BH,24,15,9,9
LN6 0BJ,28,16,12,10
LN6 0BL,31,15,16,14
LN6 0BN,61,30,31,39
LN6 0BP,81,32,49,43
LN6 0BQ,30,16,14,18
LN6 0BU,225,114,111,87
LN6 0BW,6,4,2,3
LN6 0BX,17,7,10,11
LN6 0BY,80,37,43,44
LN6 0BZ,22,9,13,13
LN6 0DA,18,10,8,13
LN6 0DB,23,10,13,12
LN6 0DD,18,8,10,13
LN6 0DE,5,2,3,3
LN6 0DF,9,5,4,6
LN6 0DG,52,28,24,22
LN6 0DH,24,13,11,8
LN6 0DJ,49,17,32,41
LN6 0DL,48,26,22,15
LN6 0DN,25,11,14,12
LN6 0DP,45,27,18,13
LN6 0DQ,24,6,18,8
LN6 0DR,38,16,22,24
LN6 0DS,38,17,21,16
LN6 0DT,22,11,11,10
LN6 0DU,14,10,4,7
LN6 0DW,39,20,19,18
LN6 0DX,14,7,7,6
LN6 0DY,38,20,18,15
LN6 0DZ,41,21,20,16
LN6 0EA,71,39,32,42
LN6 0EB,62,35,27,42
LN6 0ED,116,34,82,9
LN6 0EG,99,42,57,42
LN6 0EH,49,22,27,20
LN6 0EJ,136,59,77,71
LN6 0EN,5,3,2,3
LN6 0EQ,80,40,40,36
LN6 0ER,10,5,5,5
LN6 0ES,21,10,11,15
LN6 0EU,15,8,7,8
LN6 0EW,31,12,19,19
LN6 0EX,30,16,14,13
LN6 0EY,10,4,6,3
LN6 0EZ,2,1,1,1
LN6 0FB,118,56,62,44
LN6 0FD,35,16,19,14
LN6 0FE,58,37,21,28
LN6 0FG,24,14,10,13
LN6 0FH,91,34,57,31
LN6 0FJ,79,42,37,40
LN6 0FL,60,31,29,27
LN6 0FN,53,24,29,19
LN6 0FP,13,10,3,12
LN6 0FQ,85,41,44,27
LN6 0FR,48,28,20,18
LN6 0FS,35,16,19,12
LN6 0FT,33,16,17,15
LN6 0FW,60,34,26,23
LN6 0FX,25,10,15,8
LN6 0FY,55,27,28,26
LN6 0FZ,104,48,56,41
LN6 0HA,22,11,11,8
LN6 0HB,91,44,47,39
LN6 0HD,10,4,6,4
LN6 0HE,33,18,15,14
LN6 0HF,93,51,42,36
LN6 0HG,38,18,20,14
LN6 0HH,2,1,1,1
LN6 0HJ,25,13,12,10
LN6 0HL,67,31,36,33
LN6 0HN,56,25,31,30
LN6 0HP,95,46,49,36
LN6 0HQ,75,44,31,27
LN6 0HR,99,44,55,41
LN6 0HS,130,72,58,42
LN6 0HT,113,49,64,40
LN6 0HU,15,3,12,14
LN6 0HW,62,24,38,22
LN6 0HX,28,14,14,10
LN6 0HZ,103,48,55,56
LN6 0JA,86,37,49,41
LN6 0JB,70,35,35,27
LN6 0JD,93,37,56,38
LN6 0JE,22,7,15,9
LN6 0JF,9,6,3,4
LN6 0JG,78,35,43,30
LN6 0JH,32,16,16,12
LN6 0JJ,78,39,39,27
LN6 0JL,37,20,17,16
LN6 0JN,72,31,41,26
LN6 0JP,51,24,27,21
LN6 0JQ,44,20,24,18
LN6 0JR,112,52,60,51
LN6 0JS,15,6,9,9
LN6 0JT,51,26,25,15
LN6 0JU,49,23,26,18
LN6 0JW,48,27,21,19
LN6 0JX,53,22,31,19
LN6 0JY,27,11,16,12
LN6 0JZ,56,24,32,22
LN6 0LA,127,69,58,52
LN6 0LB,7,3,4,3
LN6 0LD,68,31,37,35
LN6 0LG,13,8,5,9
LN6 0LH,54,25,29,24
LN6 0LJ,49,24,25,22
LN6 0LL,128,61,67,63
LN6 0LN,38,17,21,13
LN6 0LP,17,6,11,7
LN6 0LR,63,34,29,39
LN6 0LS,36,20,16,20
LN6 0LT,104,46,58,43
LN6 0LU,123,66,57,66
LN6 0LW,21,11,10,9
LN6 0LX,33,15,18,12
LN6 0LY,31,14,17,14
LN6 0LZ,29,15,14,11
LN6 0NA,20,11,9,10
LN6 0NB,75,36,39,30
LN6 0ND,20,11,9,12
LN6 0NE,18,9,9,8
LN6 0NF,37,19,18,17
LN6 0NG,18,9,9,8
LN6 0NH,32,15,17,14
LN6 0NJ,19,11,8,8
LN6 0NL,64,33,31,23
LN6 0NN,24,11,13,7
LN6 0NP,21,6,15,8
LN6 0NQ,48,27,21,25
LN6 0NR,112,52,60,36
LN6 0NS,55,30,25,23
LN6 0NT,47,27,20,24
LN6 0NU,70,31,39,35
LN6 0NW,121,67,54,44
LN6 0NX,28,14,14,17
LN6 0NY,38,22,16,20
LN6 0NZ,50,27,23,27
LN6 0PA,57,15,42,7
LN6 0PD,61,29,32,27
LN6 0PE,36,18,18,13
LN6 0PF,45,21,24,20
LN6 0PG,10,4,6,4
LN6 0PH,99,52,47,48
LN6 0PJ,39,22,17,8
LN6 0PL,23,8,15,8
LN6 0PN,23,13,10,8
LN6 0PP,108,51,57,50
LN6 0PQ,57,28,29,23
LN6 0PR,89,39,50,42
LN6 0PS,83,36,47,44
LN6 0PT,30,17,13,17
LN6 0PU,44,22,22,23
LN6 0PW,86,43,43,37
LN6 0PX,110,59,51,38
LN6 0PY,30,15,15,13
LN6 0PZ,82,40,42,31
LN6 0QA,62,30,32,24
LN6 0QB,4,2,2,1
LN6 0QD,56,28,28,30
LN6 0QE,49,16,33,42
LN6 0QF,25,11,14,12
LN6 0QG,15,8,7,10
LN6 0QH,14,6,8,9
LN6 0QJ,21,10,11,9
LN6 0QL,20,11,9,9
LN6 0QN,87,45,42,33
LN6 0QP,7,4,3,2
LN6 0QT,63,15,48,22
LN6 0QW,48,23,25,24
LN6 0QY,8,4,4,6
LN6 0RA,52,26,26,23
LN6 0RD,72,32,40,31
LN6 0RE,14,6,8,10
LN6 0RF,36,16,20,14
LN6 0RH,55,27,28,20
LN6 0RJ,35,17,18,12
LN6 0RL,44,22,22,18
LN6 0RN,172,92,80,63
LN6 0RP,26,12,14,9
LN6 0RQ,58,28,30,22
LN6 0RR,122,60,62,38
LN6 0RS,55,28,27,24
LN6 0RT,100,48,52,37
LN6 0RU,46,21,25,20
LN6 0RW,19,11,8,8
LN6 0RX,37,17,20,18
LN6 0RY,34,17,17,15
LN6 0SA,10,4,6,7
LN6 0SB,11,6,5,3
LN6 0SD,86,35,51,47
LN6 0SE,20,9,11,13
LN6 0SG,20,10,10,10
LN6 0SJ,118,59,59,62
LN6 0SL,32,14,18,21
LN6 0SN,57,22,35,38
LN6 0SP,38,19,19,22
LN6 0SQ,32,15,17,13
LN6 0SR,12,6,6,6
LN6 0SS,34,16,18,13
LN6 0ST,34,14,20,19
LN6 0SU,34,15,19,13
LN6 0SW,10,2,8,8
LN6 0SX,28,13,15,15
LN6 0SY,55,29,26,26
LN6 0SZ,31,12,19,16
LN6 0TB,59,31,28,30
LN6 0TH,18,6,12,14
LN6 0UA,47,21,26,33
LN6 0UG,20,11,9,8
LN6 0UJ,12,4,8,4
LN6 0UL,54,26,28,19
LN6 0UN,11,6,5,6
LN6 0UP,49,22,27,24
LN6 0UQ,59,30,29,28
LN6 0UX,20,11,9,8
LN6 0UZ,29,16,13,15
LN6 0WA,11,7,4,8
LN6 0WB,23,11,12,11
LN6 0WD,35,17,18,14
LN6 0WE,122,56,66,54
LN6 0WF,50,23,27,23
LN6 0XA,63,33,30,34
LN6 0XB,7,4,3,4
LN6 0XD,172,88,84,81
LN6 0XE,34,15,19,20
LN6 0XF,30,17,13,13
LN6 0XG,27,18,9,10
LN6 0XH,18,9,9,5
LN6 0XJ,49,22,27,24
LN6 0XL,22,11,11,9
LN6 0XQ,55,25,30,26
LN6 0XR,32,16,16,16
LN6 0XT,89,46,43,37
LN6 0XU,25,10,15,11
LN6 0XW,39,20,19,17
LN6 0XX,21,11,10,11
LN6 0XY,57,27,30,26
LN6 0XZ,13,6,7,5
LN6 0YA,10,6,4,5
LN6 0YB,21,9,12,7
LN6 0YD,15,9,6,8
LN6 0YE,10,4,6,6
LN6 0YF,110,54,56,43
LN6 0YG,71,34,37,31
LN6 0YH,24,11,13,8
LN6 0YJ,93,46,47,39
LN6 0YL,46,15,31,35
LN6 0YN,82,43,39,37
LN6 0YP,49,28,21,20
LN6 0YQ,60,27,33,21
LN6 0YR,1,1,0,1
LN6 0YS,78,33,45,30
LN6 0YT,124,51,73,48
LN6 0YU,66,28,38,20
LN6 0YW,165,89,76,59
LN6 0YX,96,45,51,38
LN6 0YY,48,20,28,17
LN6 0YZ,156,67,89,62
LN6 3DA,41,22,19,13
LN6 3DD,55,27,28,18
LN6 3DE,67,32,35,26
LN6 3DF,47,24,23,19
LN6 3FE,1,1,0,1
LN6 3JA,27,12,15,8
LN6 3JY,3,1,2,1
LN6 3LA,146,77,69,56
LN6 3LB,47,24,23,23
LN6 3LD,47,24,23,20
LN6 3LE,86,45,41,38
LN6 3LH,2,1,1,2
LN6 3LL,95,53,42,39
LN6 3LN,12,5,7,6
LN6 3LP,12,6,6,7
LN6 3LR,33,16,17,20
LN6 3LS,33,17,16,10
LN6 3LT,58,26,32,25
LN6 3LU,102,51,51,44
LN6 3LW,30,15,15,16
LN6 3NA,30,16,14,14
LN6 3NB,16,10,6,8
LN6 3ND,13,5,8,6
LN6 3NE,5,3,2,2
LN6 3NG,4,1,3,4
LN6 3NH,30,15,15,18
LN6 3NJ,73,31,42,35
LN6 3NL,48,27,21,18
LN6 3NN,31,18,13,12
LN6 3NP,25,14,11,15
LN6 3NQ,34,16,18,13
LN6 3NR,25,14,11,15
LN6 3NT,68,34,34,28
LN6 3NU,71,37,34,33
LN6 3NW,14,6,8,9
LN6 3NX,29,17,12,10
LN6 3NY,38,16,22,16
LN6 3NZ,67,37,30,30
LN6 3PA,52,29,23,22
LN6 3PB,62,27,35,30
LN6 3PD,21,12,9,10
LN6 3PE,28,12,16,13
LN6 3PF,38,22,16,19
LN6 3PG,56,21,35,29
LN6 3PH,58,24,34,23
LN6 3PJ,31,14,17,14
LN6 3PL,51,24,27,25
LN6 3PN,59,27,32,26
LN6 3PP,41,22,19,20
LN6 3PQ,51,25,26,24
LN6 3PR,10,4,6,7
LN6 3PS,20,8,12,11
LN6 3PT,18,11,7,9
LN6 3PU,5,2,3,3
LN6 3PX,93,40,53,46
LN6 3PY,37,16,21,16
LN6 3PZ,53,27,26,22
LN6 3QA,101,49,52,38
LN6 3QB,21,9,12,5
LN6 3QD,45,24,21,20
LN6 3QE,28,13,15,10
LN6 3QF,83,45,38,39
LN6 3QG,20,11,9,9
LN6 3QQ,64,30,34,36
LN6 3QZ,2,1,1,1
LN6 3RB,58,28,30,24
LN6 3RD,136,72,64,60
LN6 3RE,14,7,7,7
LN6 3RF,41,16,25,16
LN6 3RH,80,41,39,34
LN6 3RJ,9,4,5,6
LN6 3RL,123,68,55,52
LN6 3RN,9,5,4,5
LN6 3RP,14,6,8,8
LN6 3RQ,88,46,42,36
LN6 3RW,23,8,15,8
LN6 3RY,5,3,2,1
LN6 3TG,29,14,15,16
LN6 3UH,24,13,11,13
LN6 3YP,28,14,14,11
LN6 3YQ,68,34,34,30
LN6 3YR,12,6,6,7
LN6 3YS,42,21,21,20
LN6 3YT,25,15,10,16
LN6 3YU,18,5,13,15
LN6 3YW,15,5,10,12
LN6 3YX,37,17,20,25
LN6 3YY,39,20,19,21
LN6 3YZ,86,40,46,42
LN6 4RB,13,7,6,6
LN6 4RD,19,10,9,6
LN6 4RH,104,53,51,45
LN6 4RJ,149,70,79,67
LN6 4RN,43,20,23,19
LN6 4RP,11,5,6,3
LN6 4RR,11,4,7,4
LN6 4RS,25,12,13,12
LN6 4RT,32,13,19,15
LN6 4RU,8,5,3,5
LN6 4RX,28,14,14,13
LN6 4RY,25,13,12,12
LN6 4RZ,1,1,0,1
LN6 5AR,24,12,12,10
LN6 5AS,46,25,21,21
LN6 5AT,39,20,19,15
LN6 5AU,15,7,8,11
LN6 5AW,28,15,13,15
LN6 5AX,77,38,39,26
LN6 5BL,19,7,12,7
LN6 5RA,12,6,6,7
LN6 5RB,25,12,13,8
LN6 5RD,14,9,5,4
LN6 5RY,35,21,14,15
LN6 5SA,69,29,40,6
LN6 5SD,33,17,16,17
LN6 5SE,23,11,12,12
LN6 5SF,54,26,28,26
LN6 5SG,33,18,15,16
LN6 5SH,32,14,18,15
LN6 5SJ,62,29,33,28
LN6 5SL,70,33,37,30
LN6 5SN,26,13,13,13
LN6 5SP,58,27,31,30
LN6 5SQ,86,42,44,37
LN6 5SR,20,9,11,9
LN6 5SS,23,11,12,11
LN6 5ST,17,8,9,7
LN6 5SU,40,19,21,21
LN6 5SW,18,10,8,9
LN6 5SY,79,42,37,38
LN6 5SZ,70,33,37,33
LN6 5TA,57,28,29,28
LN6 5TB,14,6,8,6
LN6 5TD,13,7,6,7
LN6 5TE,45,23,22,22
LN6 5TF,48,24,24,27
LN6 5TG,37,20,17,11
LN6 5TH,42,22,20,20
LN6 5TJ,66,28,38,25
LN6 5TL,41,22,19,14
LN6 5TN,70,37,33,27
LN6 5TP,14,5,9,10
LN6 5TQ,8,4,4,5
LN6 5TR,50,24,26,26
LN6 5TS,102,54,48,39
LN6 5TT,55,26,29,25
LN6 5TU,14,6,8,8
LN6 5TW,95,45,50,37
LN6 5TX,3,1,2,2
LN6 5TY,50,19,31,21
LN6 5TZ,51,26,25,18
LN6 5UA,106,52,54,44
LN6 5UB,115,52,63,47
LN6 5UD,26,13,13,10
LN6 5UE,51,26,25,27
LN6 5UF,46,24,22,17
LN6 5UG,33,18,15,15
LN6 5UH,23,12,11,9
LN6 5UJ,17,10,7,8
LN6 5UL,15,8,7,6
LN6 5UP,20,11,9,10
LN6 5UR,19,10,9,8
LN6 5UT,60,28,32,26
LN6 5UU,27,15,12,13
LN6 5UW,89,37,52,25
LN6 5UX,32,16,16,12
LN6 5UY,6,4,2,3
LN6 5UZ,42,24,18,18
LN6 5XA,11,5,6,4
LN6 5XB,89,41,48,43
LN6 5XF,39,20,19,18
LN6 5XG,12,5,7,8
LN6 5XJ,64,29,35,27
LN6 5XL,47,18,29,22
LN6 5XN,12,6,6,4
LN6 5XP,39,19,20,16
LN6 5XR,12,4,8,7
LN6 5XS,49,24,25,20
LN6 5XW,16,9,7,8
LN6 7AD,13,4,9,5
LN6 7AE,11,6,5,5
LN6 7AL,34,18,16,21
LN6 7AQ,30,15,15,12
LN6 7AS,3,1,2,1
LN6 7AT,109,53,56,48
LN6 7AX,93,45,48,37
LN6 7AY,38,16,22,16
LN6 7AZ,21,12,9,9
LN6 7BA,49,19,30,30
LN6 7BB,7,4,3,5
LN6 7BD,22,11,11,8
LN6 7BE,28,14,14,15
LN6 7BF,15,2,13,12
LN6 7BG,14,7,7,7
LN6 7BH,1,1,0,1
LN6 7BJ,2,0,2,1
LN6 7BL,2,1,1,0
LN6 7BN,1,0,1,1
LN6 7BQ,1264,595,669,0
LN6 7BX,31,17,14,15
LN6 7DA,4,2,2,2
LN6 7DF,106,47,59,38
LN6 7DJ,1,1,0,1
LN6 7DP,44,21,23,15
LN6 7DR,95,42,53,31
LN6 7DS,17,11,6,14
LN6 7DT,9,5,4,7
LN6 7DU,67,27,40,26
LN6 7DX,8,4,4,4
LN6 7DY,35,13,22,30
LN6 7DZ,47,23,24,20
LN6 7EA,12,5,7,10
LN6 7EB,31,15,16,19
LN6 7ED,26,14,12,12
LN6 7EE,11,6,5,4
LN6 7EF,24,9,15,20
LN6 7EH,45,28,17,20
LN6 7EJ,42,25,17,21
LN6 7EN,64,26,38,34
LN6 7EP,89,46,43,45
LN6 7ER,52,20,32,31
LN6 7ES,58,30,28,26
LN6 7ET,16,5,11,9
LN6 7EU,87,45,42,30
LN6 7EW,41,18,23,23
LN6 7EX,52,21,31,27
LN6 7EY,28,16,12,13
LN6 7EZ,57,23,34,24
LN6 7FD,11,5,6,6
LN6 7FF,2,1,1,2
LN6 7FG,18,9,9,7
LN6 7FJ,143,65,78,41
LN6 7FN,38,16,22,23
LN6 7FP,77,38,39,39
LN6 7FR,63,36,27,40
LN6 7FT,406,170,236,0
LN6 7GG,45,18,27,0
LN6 7GH,47,20,27,0
LN6 7GJ,38,20,18,0
LN6 7GR,9,5,4,3
LN6 7HA,61,25,36,30
LN6 7HB,39,20,19,14
LN6 7HD,4,2,2,3
LN6 7HE,71,39,32,28
LN6 7HF,88,46,42,36
LN6 7HH,16,5,11,7
LN6 7HJ,9,2,7,7
LN6 7HL,4,3,1,1
LN6 7HN,37,18,19,19
LN6 7HP,63,27,36,34
LN6 7HQ,58,25,33,21
LN6 7HR,61,32,29,25
LN6 7HT,9,6,3,4
LN6 7HU,39,21,18,22
LN6 7HW,20,9,11,14
LN6 7HX,12,5,7,10
LN6 7HY,50,24,26,20
LN6 7HZ,8,5,3,5
LN6 7JA,30,13,17,12
LN6 7JB,69,32,37,27
LN6 7JD,46,24,22,18
LN6 7JE,44,22,22,18
LN6 7JF,19,8,11,10
LN6 7JG,92,44,48,29
LN6 7JH,85,40,45,36
LN6 7JQ,20,7,13,8
LN6 7JT,54,24,30,23
LN6 7JU,115,49,66,58
LN6 7JX,52,25,27,27
LN6 7JY,3,1,2,2
LN6 7JZ,28,15,13,13
LN6 7LA,43,21,22,18
LN6 7LB,20,10,10,10
LN6 7LD,80,36,44,36
LN6 7LE,94,51,43,36
LN6 7LF,21,12,9,9
LN6 7LG,55,22,33,20
LN6 7LH,11,6,5,7
LN6 7LJ,38,18,20,17
LN6 7LL,135,68,67,69
LN6 7LN,6,2,4,4
LN6 7LP,4,2,2,2
LN6 7LQ,81,36,45,33
LN6 7LS,40,22,18,18
LN6 7LX,31,15,16,14
LN6 7LY,16,13,3,10
LN6 7LZ,59,26,33,25
LN6 7NA,14,11,3,9
LN6 7NB,43,15,28,22
LN6 7ND,62,31,31,33
LN6 7NE,37,18,19,19
LN6 7NF,19,8,11,5
LN6 7NG,51,26,25,20
LN6 7NH,104,57,47,37
LN6 7NJ,65,32,33,25
LN6 7NL,126,54,72,56
LN6 7NN,10,5,5,5
LN6 7NP,86,37,49,55
LN6 7NQ,17,9,8,14
LN6 7NR,27,9,18,10
LN6 7NS,23,11,12,12
LN6 7NT,78,41,37,45
LN6 7NU,61,32,29,25
LN6 7NW,48,26,22,24
LN6 7NX,39,17,22,35
LN6 7PA,51,29,22,28
LN6 7PB,43,21,22,30
LN6 7PD,39,24,15,9
LN6 7PH,114,46,68,36
LN6 7PJ,79,35,44,25
LN6 7PL,44,20,24,22
LN6 7PN,107,50,57,48
LN6 7PP,56,30,26,23
LN6 7PR,136,67,69,58
LN6 7PS,6,4,2,3
LN6 7PT,6,2,4,4
LN6 7PU,90,44,46,42
LN6 7PW,27,15,12,19
LN6 7PX,34,17,17,18
LN6 7PY,68,38,30,23
LN6 7PZ,18,7,11,6
LN6 7QA,79,41,38,31
LN6 7QB,77,35,42,28
LN6 7QD,85,40,45,29
LN6 7QE,95,40,55,39
LN6 7QF,63,30,33,26
LN6 7QG,127,58,69,51
LN6 7QJ,6,4,2,6
LN6 7QP,81,46,35,34
LN6 7QQ,17,8,9,12
LN6 7QR,21,11,10,7
LN6 7QS,117,62,55,47
LN6 7QT,58,30,28,24
LN6 7QU,30,11,19,12
LN6 7QW,24,15,9,10
LN6 7QX,23,12,11,9
LN6 7QZ,25,12,13,13
LN6 7RA,121,64,57,48
LN6 7RB,45,24,21,16
LN6 7RD,93,49,44,34
LN6 7RE,86,47,39,31
LN6 7RF,12,6,6,6
LN6 7RG,140,75,65,40
LN6 7RH,110,44,66,42
LN6 7RJ,151,74,77,57
LN6 7RL,14,9,5,12
LN6 7RN,81,47,34,25
LN6 7RP,26,13,13,15
LN6 7RQ,211,101,110,60
LN6 7RR,101,44,57,37
LN6 7RT,10,4,6,9
LN6 7RW,86,37,49,22
LN6 7SB,4,2,2,2
LN6 7SD,120,61,59,58
LN6 7SE,92,43,49,37
LN6 7SG,14,5,9,7
LN6 7SH,73,40,33,28
LN6 7SJ,59,30,29,24
LN6 7SL,26,13,13,9
LN6 7SN,25,14,11,8
LN6 7SP,46,15,31,0
LN6 7SQ,80,43,37,34
LN6 7SR,90,43,47,34
LN6 7ST,9,5,4,2
LN6 7SU,23,12,11,11
LN6 7SW,74,44,30,23
LN6 7SY,3,1,2,2
LN6 7SZ,141,65,76,60
LN6 7TA,28,12,16,12
LN6 7TB,24,11,13,13
LN6 7TD,143,75,68,62
LN6 7TE,49,25,24,20
LN6 7TF,45,25,20,17
LN6 7TG,11,8,3,4
LN6 7TH,8,4,4,4
LN6 7TJ,19,10,9,8
LN6 7TL,7,3,4,4
LN6 7TQ,13,6,7,7
LN6 7TR,14,7,7,8
LN6 7TS,38,13,25,0
LN6 7TT,16,9,7,7
LN6 7TY,104,50,54,44
LN6 7UD,23,11,12,10
LN6 7UE,115,61,54,47
LN6 7UF,98,51,47,43
LN6 7UG,140,77,63,55
LN6 7UH,58,28,30,25
LN6 7UJ,16,8,8,8
LN6 7UL,65,34,31,29
LN6 7UN,54,28,26,23
LN6 7UP,66,32,34,27
LN6 7UQ,73,37,36,47
LN6 7UR,63,28,35,21
LN6 7UT,52,29,23,22
LN6 7UU,82,36,46,34
LN6 7UW,14,7,7,6
LN6 7UX,28,15,13,15
LN6 7UY,9,5,4,4
LN6 7UZ,116,49,67,45
LN6 7WA,87,39,48,0
LN6 7WB,87,35,52,0
LN6 7WD,62,26,36,0
LN6 7WE,60,23,37,0
LN6 7WF,55,19,36,0
LN6 7WW,22,15,7,14
LN6 7XA,45,23,22,18
LN6 7XB,13,5,8,6
LN6 7YD,16,6,10,0
LN6 7YE,73,31,42,35
LN6 7YF,16,8,8,10
LN6 7YH,13,5,8,7
LN6 8AA,95,36,59,23
LN6 8AB,106,49,57,42
LN6 8AD,129,62,67,51
LN6 8AE,15,7,8,6
LN6 8AF,75,33,42,32
LN6 8AG,41,17,24,18
LN6 8AH,96,49,47,33
LN6 8AJ,17,9,8,8
LN6 8AL,58,29,29,25
LN6 8AN,21,11,10,9
LN6 8AP,91,42,49,32
LN6 8AQ,95,38,57,36
LN6 8AR,59,27,32,23
LN6 8AS,101,40,61,41
LN6 8AT,17,7,10,7
LN6 8AU,41,23,18,16
LN6 8AW,52,32,20,19
LN6 8AZ,6,3,3,3
LN6 8BD,40,17,23,15
LN6 8BE,43,18,25,16
LN6 8BG,142,68,74,59
LN6 8BH,57,29,28,24
LN6 8BJ,35,17,18,16
LN6 8BL,38,17,21,15
LN6 8BN,28,13,15,12
LN6 8BP,20,11,9,9
LN6 8BQ,33,19,14,13
LN6 8BS,34,15,19,15
LN6 8BT,91,44,47,42
LN6 8BU,24,10,14,10
LN6 8BW,19,9,10,8
LN6 8BX,21,12,9,7
LN6 8BY,77,35,42,34
LN6 8BZ,19,10,9,8
LN6 8DA,59,23,36,27
LN6 8DB,21,10,11,10
LN6 8DD,23,10,13,10
LN6 8DE,76,38,38,32
LN6 8DL,71,33,38,29
LN6 8DP,45,22,23,21
LN6 8DR,17,9,8,7
LN6 8DS,72,34,38,33
LN6 8DT,11,5,6,6
LN6 8DU,81,44,37,33
LN6 8DW,63,25,38,36
LN6 8DX,1,0,1,1
LN6 8DY,30,13,17,12
LN6 8DZ,39,18,21,23
LN6 8EA,49,23,26,39
LN6 8EB,71,33,38,28
LN6 8ED,33,13,20,13
LN6 8EE,59,28,31,21
LN6 8EF,36,19,17,16
LN6 8EG,63,33,30,21
LN6 8EH,2,1,1,1
LN6 8EJ,6,2,4,5
LN6 8EL,13,6,7,7
LN6 8EN,8,5,3,4
LN6 8EP,33,16,17,14
LN6 8EQ,9,5,4,5
LN6 8ER,39,19,20,19
LN6 8ES,27,12,15,16
LN6 8ET,16,5,11,9
LN6 8EU,27,11,16,14
LN6 8EW,31,13,18,15
LN6 8EX,30,15,15,15
LN6 8EY,10,4,6,7
LN6 8EZ,15,7,8,7
LN6 8FB,150,76,74,48
LN6 8FD,89,45,44,26
LN6 8FE,216,112,104,72
LN6 8GA,19,14,5,5
LN6 8HA,53,28,25,26
LN6 8HB,51,27,24,18
LN6 8HD,16,7,9,7
LN6 8HE,26,12,14,12
LN6 8HJ,59,30,29,24
LN6 8HL,32,14,18,15
LN6 8HN,26,13,13,11
LN6 8HP,1,0,1,1
LN6 8HR,72,35,37,30
LN6 8HS,93,43,50,40
LN6 8HT,27,11,16,9
LN6 8HU,32,15,17,15
LN6 8HW,4,1,3,2
LN6 8HX,12,6,6,4
LN6 8HY,11,5,6,4
LN6 8HZ,109,52,57,41
LN6 8JA,59,29,30,27
LN6 8JB,81,38,43,35
LN6 8JD,61,30,31,23
LN6 8JE,19,6,13,8
LN6 8JF,23,10,13,8
LN6 8JG,46,23,23,17
LN6 8JH,15,6,9,7
LN6 8JJ,98,49,49,41
LN6 8JL,54,29,25,22
LN6 8JN,39,15,24,16
LN6 8JP,144,74,70,63
LN6 8JQ,98,46,52,40
LN6 8JR,43,23,20,22
LN6 8JS,103,49,54,32
LN6 8JT,137,66,71,54
LN6 8JU,106,53,53,54
LN6 8JW,34,14,20,17
LN6 8JX,64,30,34,27
LN6 8LA,11,5,6,6
LN6 8LD,35,19,16,10
LN6 8LE,17,8,9,6
LN6 8LF,46,23,23,18
LN6 8LG,48,24,24,20
LN6 8LH,31,17,14,11
LN6 8LJ,117,55,62,43
LN6 8LL,39,18,21,17
LN6 8LN,45,19,26,15
LN6 8LP,20,11,9,6
LN6 8LQ,51,26,25,22
LN6 8LR,50,27,23,20
LN6 8LS,43,21,22,18
LN6 8LT,52,28,24,18
LN6 8LU,67,29,38,31
LN6 8LW,68,33,35,26
LN6 8LX,57,31,26,23
LN6 8LY,40,13,27,16
LN6 8LZ,40,17,23,18
LN6 8NA,50,26,24,18
LN6 8NH,52,28,24,29
LN6 8NJ,81,38,43,32
LN6 8NL,34,15,19,18
LN6 8NN,63,32,31,38
LN6 8NP,14,6,8,10
LN6 8NR,25,11,14,13
LN6 8NS,11,7,4,7
LN6 8NT,24,13,11,15
LN6 8NU,24,12,12,8
LN6 8NW,20,7,13,9
LN6 8NX,21,10,11,10
LN6 8NY,11,5,6,7
LN6 8PA,41,20,21,25
LN6 8PB,40,22,18,15
LN6 8PE,21,13,8,9
LN6 8PG,22,12,10,9
LN6 8PH,19,12,7,8
LN6 8PJ,16,9,7,10
LN6 8PL,10,7,3,7
LN6 8PN,62,34,28,24
LN6 8PP,57,29,28,29
LN6 8PQ,62,28,34,23
LN6 8PR,45,15,30,22
LN6 8PS,44,23,21,20
LN6 8PT,49,25,24,16
LN6 8PU,69,36,33,31
LN6 8PW,11,6,5,5
LN6 8QA,29,13,16,14
LN6 8QE,22,13,9,13
LN6 8QF,57,30,27,31
LN6 8QG,28,12,16,17
LN6 8QH,46,20,26,22
LN6 8QJ,32,14,18,15
LN6 8QL,50,23,27,27
LN6 8QN,52,24,28,29
LN6 8QP,19,9,10,12
LN6 8QQ,25,11,14,12
LN6 8QR,30,15,15,21
LN6 8QS,88,46,42,35
LN6 8QT,80,38,42,44
LN6 8QW,59,28,31,29
LN6 8QY,135,76,59,48
LN6 8QZ,31,14,17,13
LN6 8RA,60,26,34,25
LN6 8RB,49,23,26,20
LN6 8RD,65,32,33,37
LN6 8RF,44,18,26,28
LN6 8RG,10,6,4,3
LN6 8RH,17,6,11,6
LN6 8RP,7,4,3,3
LN6 8RQ,156,74,82,65
LN6 8RT,59,26,33,30
LN6 8RU,45,21,24,34
LN6 8RW,1,0,1,1
LN6 8RX,94,47,47,38
LN6 8RY,58,25,33,25
LN6 8RZ,25,13,12,10
LN6 8SA,62,30,32,25
LN6 8SB,5,2,3,2
LN6 8SD,27,12,15,12
LN6 8SE,23,9,14,9
LN6 8SG,41,20,21,13
LN6 8SH,48,20,28,21
LN6 8SJ,67,33,34,28
LN6 8SL,69,34,35,33
LN6 8SN,55,26,29,26
LN6 8SP,40,21,19,16
LN6 8SR,39,19,20,13
LN6 8SS,44,24,20,18
LN6 8ST,42,20,22,23
LN6 8SU,8,5,3,3
LN6 8SW,30,17,13,10
LN6 8SX,80,38,42,32
LN6 8SY,19,7,12,13
LN6 8SZ,82,43,39,34
LN6 8TA,24,12,12,11
LN6 8TB,16,7,9,9
LN6 8TD,27,12,15,16
LN6 8TE,41,18,23,16
LN6 8TF,14,6,8,6
LN6 8TG,28,14,14,12
LN6 8TH,34,12,22,17
LN6 8TJ,51,21,30,28
LN6 8TL,16,5,11,9
LN6 8TN,19,9,10,10
LN6 8TQ,27,14,13,10
LN6 8TU,96,48,48,30
LN6 8TW,34,14,20,18
LN6 8TX,15,8,7,7
LN6 8TY,9,5,4,4
LN6 8TZ,17,8,9,10
LN6 8UA,78,32,46,44
LN6 8UB,34,17,17,18
LN6 8UD,41,20,21,16
LN6 8UE,9,4,5,5
LN6 8UF,10,5,5,6
LN6 8UG,9,5,4,5
LN6 8UH,27,13,14,12
LN6 8UJ,19,6,13,12
LN6 8UL,48,23,25,26
LN6 8UN,28,14,14,15
LN6 8UP,26,13,13,14
LN6 8UQ,36,16,20,17
LN6 8UR,39,21,18,20
LN6 8UT,13,6,7,7
LN6 8UU,39,20,19,17
LN6 8UW,31,13,18,14
LN6 8UX,36,19,17,18
LN6 8UY,3,1,2,2
LN6 9AA,82,39,43,30
LN6 9AB,78,38,40,35
LN6 9AE,104,53,51,43
LN6 9AH,14,9,5,8
LN6 9AL,85,43,42,31
LN6 9AN,35,17,18,15
LN6 9AQ,114,54,60,50
LN6 9AT,47,26,21,18
LN6 9AW,12,10,2,3
LN6 9AZ,66,33,33,29
LN6 9BB,108,47,61,55
LN6 9BE,84,40,44,35
LN6 9BF,46,23,23,15
LN6 9BG,43,20,23,20
LN6 9BH,130,65,65,51
LN6 9BL,21,11,10,12
LN6 9BN,14,6,8,5
LN6 9BP,32,19,13,17
LN6 9BQ,31,16,15,14
LN6 9BS,64,28,36,23
LN6 9BT,40,19,21,15
LN6 9BU,6,3,3,4
LN6 9BW,28,14,14,10
LN6 9BX,45,25,20,17
LN6 9BY,43,20,23,22
LN6 9BZ,10,3,7,8
LN6 9DB,5,3,2,3
LN6 9DD,56,25,31,21
LN6 9DE,2,1,1,1
LN6 9DF,25,12,13,11
LN6 9DG,76,29,47,33
LN6 9DH,58,30,28,25
LN6 9DJ,45,24,21,21
LN6 9DL,54,23,31,10
LN6 9DN,68,35,33,23
LN6 9DP,23,13,10,13
LN6 9DR,10,4,6,5
LN6 9DS,6,3,3,4
LN6 9DU,59,24,35,33
LN6 9DW,32,13,19,13
LN6 9DX,53,26,27,24
LN6 9DY,11,5,6,4
LN6 9DZ,14,7,7,6
LN6 9EA,17,8,9,6
LN6 9EB,20,11,9,8
LN6 9ED,18,8,10,11
LN6 9EE,12,7,5,4
LN6 9EF,19,11,8,5
LN6 9EG,5,2,3,1
LN6 9EH,1,0,1,1
LN6 9EJ,50,22,28,24
LN6 9EL,17,8,9,8
LN6 9EN,9,5,4,5
LN6 9EP,88,42,46,35
LN6 9EQ,5,2,3,3
LN6 9ER,78,41,37,37
LN6 9ES,5,2,3,1
LN6 9ET,2,1,1,1
LN6 9EU,44,22,22,19
LN6 9EW,79,38,41,29
LN6 9EX,73,34,39,27
LN6 9EY,38,20,18,12
LN6 9EZ,53,26,27,15
LN6 9FB,19,9,10,8
LN6 9FD,16,8,8,7
LN6 9FE,37,21,16,16
LN6 9FF,22,10,12,8
LN6 9FG,41,20,21,13
LN6 9FH,66,37,29,27
LN6 9FJ,78,39,39,37
LN6 9FL,65,30,35,30
LN6 9FN,61,25,36,36
LN6 9FP,6,2,4,2
LN6 9FQ,48,25,23,21
LN6 9FR,10,5,5,4
LN6 9FS,9,4,5,5
LN6 9FW,55,31,24,34
LN6 9FY,5,2,3,3
LN6 9GA,46,23,23,24
LN6 9GB,23,11,12,13
LN6 9GD,21,11,10,8
LN6 9GE,34,18,16,16
LN6 9GF,100,46,54,41
LN6 9GG,16,10,6,7
LN6 9GR,47,25,22,14
LN6 9GW,22,10,12,6
LN6 9GX,95,49,46,40
LN6 9GY,55,28,27,20
LN6 9GZ,48,21,27,21
LN6 9HA,23,9,14,11
LN6 9HB,7,4,3,3
LN6 9HD,36,20,16,12
LN6 9HE,9,4,5,2
LN6 9HF,27,12,15,10
LN6 9HG,78,39,39,35
LN6 9HH,106,52,54,32
LN6 9HJ,50,28,22,16
LN6 9HL,56,27,29,28
LN6 9HN,20,11,9,6
LN6 9HP,10,5,5,4
LN6 9HQ,47,25,22,16
LN6 9HR,7,2,5,3
LN6 9HS,5,1,4,2
LN6 9HT,21,11,10,8
LN6 9HW,11,5,6,5
LN6 9HX,28,12,16,11
LN6 9HY,18,11,7,6
LN6 9HZ,30,14,16,12
LN6 9JA,13,5,8,5
LN6 9JB,15,7,8,5
LN6 9JD,56,24,32,26
LN6 9JE,71,38,33,26
LN6 9JF,80,40,40,28
LN6 9JG,100,50,50,41
LN6 9JH,25,12,13,9
LN6 9JJ,9,4,5,5
LN6 9JL,1,0,1,1
LN6 9JN,11,4,7,5
LN6 9JP,12,5,7,5
LN6 9JQ,64,30,34,25
LN6 9JR,6,2,4,2
LN6 9JS,41,17,24,15
LN6 9JT,22,12,10,13
LN6 9JU,88,39,49,42
LN6 9JW,4,2,2,2
LN6 9JX,11,8,3,7
LN6 9JY,17,9,8,7
LN6 9JZ,7,5,2,3
LN6 9LA,22,9,13,7
LN6 9LB,24,14,10,10
LN6 9LD,5,2,3,2
LN6 9LE,10,4,6,4
LN6 9LF,62,31,31,20
LN6 9LH,11,5,6,6
LN6 9LJ,66,33,33,24
LN6 9LN,15,9,6,4
LN6 9LP,21,8,13,14
LN6 9LQ,19,11,8,7
LN6 9LR,16,6,10,5
LN6 9LS,107,54,53,49
LN6 9LT,4,1,3,3
LN6 9LU,94,57,37,28
LN6 9LW,91,52,39,41
LN6 9LX,6,3,3,3
LN6 9LY,106,55,51,50
LN6 9LZ,19,10,9,12
LN6 9NA,19,9,10,8
LN6 9NB,67,33,34,23
LN6 9ND,20,9,11,13
LN6 9NE,19,10,9,5
LN6 9NF,65,34,31,20
LN6 9NG,74,41,33,29
LN6 9NH,15,9,6,7
LN6 9NJ,45,20,25,30
LN6 9NL,38,18,20,16
LN6 9NN,13,7,6,8
LN6 9NP,65,36,29,26
LN6 9NQ,53,23,30,19
LN6 9NR,13,8,5,4
LN6 9NS,190,90,100,67
LN6 9NU,99,52,47,31
LN6 9NW,81,33,48,42
LN6 9NX,6,3,3,2
LN6 9NY,30,15,15,6
LN6 9NZ,154,73,81,52
LN6 9PA,111,52,59,45
LN6 9PB,12,8,4,5
LN6 9PD,114,56,58,46
LN6 9PE,69,30,39,26
LN6 9PF,56,26,30,26
LN6 9PG,13,5,8,4
LN6 9PH,95,46,49,27
LN6 9PJ,121,55,66,69
LN6 9PL,59,27,32,21
LN6 9PN,28,14,14,12
LN6 9PP,106,44,62,59
LN6 9PQ,18,9,9,6
LN6 9PR,11,5,6,7
LN6 9PS,53,27,26,39
LN6 9PU,2,1,1,1
LN6 9PW,19,11,8,11
LN6 9PX,25,13,12,9
LN6 9PY,24,11,13,10
LN6 9PZ,39,17,22,14
LN6 9QA,10,5,5,3
LN6 9QB,65,34,31,22
LN6 9QD,44,22,22,14
LN6 9QE,27,17,10,11
LN6 9QF,9,5,4,5
LN6 9QG,2,1,1,1
LN6 9QH,30,16,14,13
LN6 9QL,29,14,15,15
LN6 9QN,67,31,36,33
LN6 9QP,21,8,13,14
LN6 9QQ,3,1,2,2
LN6 9QR,29,15,14,16
LN6 9QS,16,8,8,8
LN6 9QT,57,28,29,26
LN6 9QU,14,8,6,9
LN6 9QW,160,75,85,76
LN6 9QX,109,42,67,25
LN6 9QY,13,9,4,6
LN6 9QZ,60,30,30,25
LN6 9RA,25,15,10,20
LN6 9RB,13,6,7,12
LN6 9RD,15,8,7,14
LN6 9RE,53,31,22,21
LN6 9RF,45,22,23,28
LN6 9RG,106,61,45,41
LN6 9RH,117,56,61,41
LN6 9RJ,84,41,43,41
LN6 9RL,32,13,19,12
LN6 9RN,10,4,6,5
LN6 9RP,92,37,55,46
LN6 9RQ,130,62,68,37
LN6 9RR,173,90,83,68
LN6 9RS,48,22,26,31
LN6 9RT,189,98,91,72
LN6 9RU,39,20,19,14
LN6 9RW,39,21,18,16
LN6 9RX,64,38,26,16
LN6 9RY,15,7,8,5
LN6 9RZ,1,1,0,1
LN6 9SA,60,34,26,32
LN6 9SB,37,20,17,20
LN6 9SD,38,19,19,16
LN6 9SE,70,34,36,37
LN6 9SF,41,20,21,20
LN6 9SG,38,16,22,18
LN6 9SH,16,7,9,6
LN6 9SJ,17,15,2,16
LN6 9SL,17,11,6,10
LN6 9SN,28,15,13,18
LN6 9SP,113,56,57,38
LN6 9SQ,47,23,24,24
LN6 9SR,17,7,10,8
LN6 9SS,8,4,4,4
LN6 9ST,66,30,36,24
LN6 9SU,59,22,37,32
LN6 9SW,42,19,23,14
LN6 9SX,30,11,19,13
LN6 9SY,58,25,33,27
LN6 9SZ,51,23,28,26
LN6 9TA,51,26,25,18
LN6 9TB,23,13,10,12
LN6 9TD,31,17,14,17
LN6 9TE,60,34,26,25
LN6 9TG,35,18,17,13
LN6 9TH,51,25,26,17
LN6 9TJ,21,12,9,7
LN6 9TL,57,30,27,18
LN6 9TP,127,60,67,46
LN6 9TQ,15,8,7,4
LN6 9TR,105,51,54,43
LN6 9TS,50,24,26,19
LN6 9TT,23,14,9,10
LN6 9TU,92,45,47,32
LN6 9TX,31,15,16,11
LN6 9TY,52,21,31,28
LN6 9TZ,7,4,3,3
LN6 9UA,34,7,27,9
LN6 9UB,17,8,9,12
LN6 9UD,37,17,20,15
LN6 9UE,69,30,39,30
LN6 9UF,21,10,11,10
LN6 9UG,156,77,79,62
LN6 9UH,3,0,3,2
LN6 9UJ,5,3,2,3
LN6 9UN,45,24,21,17
LN6 9UP,24,10,14,10
LN6 9UQ,78,42,36,27
LN6 9UR,15,8,7,5
LN6 9US,98,50,48,38
LN6 9UT,18,10,8,6
LN6 9UU,134,66,68,48
LN6 9UW,18,9,9,7
LN6 9UX,143,64,79,60
LN6 9UY,134,59,75,47
LN6 9UZ,50,25,25,19
LN6 9WE,26,13,13,10
LN6 9WF,5,2,3,4
LN6 9WJ,89,44,45,40
LN6 9WL,6,4,2,2
LN6 9WQ,61,33,28,27
LN6 9WT,11,3,8,6
LN6 9XA,26,9,17,25
LN6 9XB,34,15,19,25
LN6 9XD,7,2,5,5
LN6 9XU,33,17,16,11
LN6 9XW,88,44,44,35
LN6 9XX,11,7,4,8
LN6 9XY,60,28,32,20
LN6 9XZ,37,19,18,21
LN6 9YF,31,15,16,19
LN6 9YL,2,2,0,1
LN7 6AA,56,29,27,24
LN7 6AB,17,9,8,12
LN7 6AD,67,31,36,24
LN7 6AE,88,45,43,38
LN7 6AF,11,6,5,4
LN7 6AG,32,15,17,16
LN7 6AH,30,16,14,15
LN7 6AL,10,5,5,5
LN7 6AN,9,4,5,2
LN7 6AP,8,4,4,5
LN7 6AQ,6,4,2,5
LN7 6AR,6,2,4,2
LN7 6AS,77,42,35,29
LN7 6AT,13,6,7,5
LN7 6AU,4,2,2,1
LN7 6AW,26,13,13,10
LN7 6AZ,38,18,20,16
LN7 6BA,37,13,24,16
LN7 6BB,26,12,14,8
LN7 6BD,27,14,13,11
LN7 6BH,43,23,20,17
LN7 6BN,8,5,3,6
LN7 6BP,23,8,15,8
LN7 6BW,19,8,11,5
LN7 6BX,31,16,15,16
LN7 6DA,28,15,13,15
LN7 6DD,1,1,0,1
LN7 6DE,40,20,20,19
LN7 6DF,10,6,4,4
LN7 6DG,21,10,11,10
LN7 6DH,6,2,4,4
LN7 6DJ,20,9,11,8
LN7 6DL,23,15,8,7
LN7 6DN,25,12,13,10
LN7 6DP,5,3,2,1
LN7 6DQ,6,3,3,2
LN7 6DR,20,12,8,6
LN7 6DW,17,10,7,8
LN7 6DY,2,1,1,1
LN7 6EA,19,10,9,9
LN7 6EB,60,30,30,22
LN7 6ED,14,9,5,6
LN7 6EE,23,10,13,11
LN7 6EF,11,5,6,6
LN7 6EG,23,10,13,10
LN7 6EH,41,20,21,18
LN7 6EJ,8,2,6,3
LN7 6EL,40,19,21,20
LN7 6EN,6,1,5,3
LN7 6EP,20,10,10,6
LN7 6EQ,8,5,3,3
LN7 6ER,33,16,17,16
LN7 6ES,4,2,2,2
LN7 6ET,79,38,41,29
LN7 6EU,4,2,2,2
LN7 6EW,56,24,32,23
LN7 6EX,5,3,2,2
LN7 6EY,21,8,13,7
LN7 6EZ,20,10,10,12
LN7 6FH,2,1,1,1
LN7 6FN,1,0,1,1
LN7 6FW,2,1,1,1
LN7 6GB,22,11,11,7
LN7 6GH,2,0,2,1
LN7 6GR,6,2,4,3
LN7 6GY,4,1,3,2
LN7 6HA,43,21,22,19
LN7 6HB,7,2,5,4
LN7 6HD,38,18,20,14
LN7 6HE,45,24,21,18
LN7 6HF,12,6,6,5
LN7 6HG,9,5,4,5
LN7 6HH,2,1,1,1
LN7 6HJ,25,12,13,9
LN7 6HL,1,1,0,1
LN7 6HN,2,1,1,1
LN7 6HQ,4,2,2,1
LN7 6HR,24,13,11,11
LN7 6HS,14,10,4,10
LN7 6HT,2,1,1,1
LN7 6HU,42,24,18,17
LN7 6HX,102,39,63,33
LN7 6HY,7,4,3,3
LN7 6HZ,62,32,30,26
LN7 6JA,35,18,17,17
LN7 6JB,31,17,14,15
LN7 6JD,27,13,14,10
LN7 6JF,10,3,7,5
LN7 6JG,6,3,3,4
LN7 6JH,44,18,26,15
LN7 6JN,9,6,3,3
LN7 6JP,12,5,7,6
LN7 6JR,22,12,10,8
LN7 6JS,17,7,10,8
LN7 6JT,13,8,5,5
LN7 6JU,27,15,12,11
LN7 6JW,37,20,17,16
LN7 6JX,4,2,2,1
LN7 6JY,6,4,2,2
LN7 6JZ,37,17,20,13
LN7 6LA,55,30,25,23
LN7 6LB,41,20,21,14
LN7 6LD,76,41,35,32
LN7 6LE,28,13,15,11
LN7 6LF,41,22,19,15
LN7 6LG,68,33,35,26
LN7 6LH,36,18,18,19
LN7 6LL,15,9,6,4
LN7 6LP,8,4,4,5
LN7 6LQ,3,1,2,3
LN7 6LS,56,24,32,16
LN7 6LT,20,6,14,16
LN7 6LU,5,1,4,4
LN7 6LW,11,5,6,7
LN7 6NA,5,3,2,2
LN7 6NB,59,27,32,31
LN7 6NE,14,5,9,10
LN7 6NF,56,24,32,26
LN7 6NG,24,9,15,12
LN7 6NH,68,33,35,34
LN7 6NJ,54,23,31,24
LN7 6NL,51,25,26,22
LN7 6NN,10,5,5,5
LN7 6NP,55,30,25,27
LN7 6NQ,94,49,45,38
LN7 6NR,18,7,11,10
LN7 6NT,22,11,11,12
LN7 6NU,7,4,3,4
LN7 6NW,16,7,9,10
LN7 6NY,70,35,35,31
LN7 6NZ,58,28,30,34
LN7 6PA,100,50,50,39
LN7 6PB,50,22,28,22
LN7 6PD,15,5,10,7
LN7 6PE,8,4,4,4
LN7 6PG,25,14,11,12
LN7 6PH,57,31,26,22
LN7 6PJ,5,3,2,4
LN7 6PL,19,13,6,6
LN7 6PN,34,18,16,15
LN7 6PP,15,8,7,4
LN7 6PQ,68,34,34,31
LN7 6PR,44,22,22,19
LN7 6PS,55,29,26,26
LN7 6PT,40,18,22,15
LN7 6PU,14,8,6,8
LN7 6PW,15,10,5,5
LN7 6PY,20,8,12,7
LN7 6QB,96,47,49,39
LN7 6QE,1,1,0,1
LN7 6QF,11,5,6,5
LN7 6QG,8,5,3,4
LN7 6QH,23,10,13,12
LN7 6QL,8,3,5,3
LN7 6QN,59,34,25,22
LN7 6QP,117,54,63,42
LN7 6QQ,27,14,13,15
LN7 6QR,30,14,16,13
LN7 6QS,3,2,1,2
LN7 6QT,90,49,41,31
LN7 6QU,80,38,42,46
LN7 6QW,8,3,5,5
LN7 6QX,11,5,6,4
LN7 6QY,61,25,36,19
LN7 6RA,29,16,13,9
LN7 6RB,23,10,13,10
LN7 6RE,45,22,23,14
LN7 6RF,9,6,3,3
LN7 6RH,34,16,18,17
LN7 6RJ,1,0,1,1
LN7 6RL,21,12,9,8
LN7 6RN,50,27,23,17
LN7 6RP,3,1,2,2
LN7 6RQ,19,9,10,8
LN7 6RR,6,3,3,2
LN7 6RS,10,7,3,3
LN7 6RT,7,3,4,4
LN7 6RU,20,10,10,8
LN7 6RW,2,0,2,1
LN7 6RX,68,33,35,26
LN7 6RZ,7,4,3,3
LN7 6SA,77,40,37,39
LN7 6SB,8,5,3,4
LN7 6SD,11,5,6,4
LN7 6SF,124,66,58,45
LN7 6SG,26,12,14,13
LN7 6SJ,17,7,10,9
LN7 6SL,5,5,0,5
LN7 6SN,21,8,13,14
LN7 6SP,10,5,5,3
LN7 6SQ,22,11,11,9
LN7 6SR,15,6,9,6
LN7 6SS,7,4,3,3
LN7 6ST,6,3,3,3
LN7 6SU,27,15,12,11
LN7 6SW,42,18,24,17
LN7 6SX,16,7,9,5
LN7 6SY,18,11,7,6
LN7 6SZ,4,2,2,1
LN7 6TA,35,20,15,15
LN7 6TB,50,24,26,23
LN7 6TD,38,20,18,16
LN7 6TE,8,4,4,3
LN7 6TR,2,1,1,1
LN7 6TS,21,8,13,18
LN7 6TU,6,4,2,4
LN7 6TX,25,13,12,11
LN7 6TY,10,6,4,4
LN7 6TZ,16,9,7,6
LN7 6UA,25,15,10,13
LN7 6UB,80,46,34,36
LN7 6UD,17,8,9,9
LN7 6UE,5,2,3,4
LN7 6UF,21,10,11,10
LN7 6UG,22,12,10,10
LN7 6UH,43,19,24,16
LN7 6UJ,20,10,10,12
LN7 6UL,27,13,14,9
LN7 6UP,37,18,19,20
LN7 6UQ,3,0,3,3
LN7 6UR,27,16,11,12
LN7 6UT,13,7,6,8
LN7 6UU,12,7,5,5
LN7 6UX,20,11,9,14
LN7 6XD,40,20,20,19
LN8 2AA,4,2,2,3
LN8 2AB,14,10,4,7
LN8 2AD,67,34,33,21
LN8 2AE,12,5,7,3
LN8 2AF,4,2,2,1
LN8 2AG,4,2,2,3
LN8 2AH,8,3,5,4
LN8 2AJ,2,1,1,1
LN8 2AL,13,7,6,4
LN8 2AN,9,4,5,3
LN8 2AP,11,7,4,5
LN8 2AQ,2,1,1,1
LN8 2AR,5,2,3,2
LN8 2AT,5,3,2,1
LN8 2AU,26,15,11,11
LN8 2AW,1,0,1,1
LN8 2AX,17,11,6,8
LN8 2AY,15,8,7,8
LN8 2AZ,36,15,21,16
LN8 2BA,4,3,1,2
LN8 2BB,28,12,16,12
LN8 2BD,18,9,9,8
LN8 2BE,30,14,16,15
LN8 2BG,41,24,17,15
LN8 2BH,8,5,3,5
LN8 2BJ,36,19,17,16
LN8 2BL,2,1,1,1
LN8 2BP,10,5,5,5
LN8 2BQ,24,13,11,7
LN8 2BT,6,1,5,2
LN8 2BX,9,4,5,3
LN8 2DA,4,2,2,2
LN8 2DB,18,11,7,7
LN8 2DD,76,36,40,29
LN8 2DE,20,8,12,6
LN8 2DF,48,24,24,22
LN8 2DG,5,1,4,1
LN8 2DH,17,7,10,10
LN8 2DJ,2,1,1,2
LN8 2DL,10,5,5,5
LN8 2DN,12,8,4,6
LN8 2DP,4,2,2,1
LN8 2DQ,13,8,5,5
LN8 2DR,7,4,3,3
LN8 2DT,10,3,7,5
LN8 2DW,31,15,16,13
LN8 2DX,21,11,10,10
LN8 2DY,27,12,15,9
LN8 2EA,5,3,2,2
LN8 2EB,56,28,28,26
LN8 2ED,7,4,3,3
LN8 2EE,21,7,14,9
LN8 2EF,17,8,9,6
LN8 2EG,1,0,1,1
LN8 2EH,8,5,3,4
LN8 2EL,21,10,11,10
LN8 2EN,49,23,26,21
LN8 2EP,9,6,3,4
LN8 2EQ,58,25,33,19
LN8 2ER,29,13,16,14
LN8 2ES,12,6,6,3
LN8 2ET,40,20,20,20
LN8 2EU,55,28,27,30
LN8 2EW,7,4,3,4
LN8 2EX,10,5,5,4
LN8 2EY,6,3,3,4
LN8 2EZ,17,7,10,7
LN8 2FB,8,3,5,4
LN8 2FD,41,17,24,16
LN8 2FS,9,6,3,3
LN8 2GA,5,2,3,2
LN8 2HA,31,19,12,10
LN8 2HB,9,5,4,4
LN8 2HD,13,7,6,4
LN8 2HE,81,40,41,35
LN8 2HF,65,37,28,23
LN8 2HG,42,20,22,15
LN8 2HH,17,9,8,5
LN8 2HL,53,32,21,22
LN8 2HN,53,28,25,24
LN8 2HP,83,37,46,33
LN8 2HQ,44,21,23,16
LN8 2HR,21,7,14,10
LN8 2HS,5,1,4,4
LN8 2HW,6,3,3,3
LN8 2TH,4,4,0,3
LN8 2TZ,9,6,3,6
LN8 3AA,88,48,40,41
LN8 3AB,38,19,19,15
LN8 3AD,55,24,31,25
LN8 3AE,128,64,64,52
LN8 3AF,54,19,35,40
LN8 3AG,36,17,19,15
LN8 3AL,41,23,18,24
LN8 3AN,33,18,15,15
LN8 3AP,169,84,85,78
LN8 3AQ,16,9,7,9
LN8 3AR,56,27,29,29
LN8 3AS,53,29,24,30
LN8 3AU,8,5,3,8
LN8 3AW,34,21,13,12
LN8 3AX,41,15,26,15
LN8 3AY,5,2,3,2
LN8 3AZ,36,12,24,23
LN8 3BA,26,14,12,10
LN8 3BB,135,82,53,59
LN8 3BD,45,21,24,19
LN8 3BE,23,7,16,17
LN8 3BG,11,4,7,5
LN8 3BH,70,33,37,32
LN8 3BJ,29,20,9,13
LN8 3BN,18,8,10,9
LN8 3BP,115,59,56,50
LN8 3BQ,20,7,13,15
LN8 3BS,8,3,5,5
LN8 3BT,13,8,5,8
LN8 3BU,38,16,22,18
LN8 3BW,24,11,13,10
LN8 3BX,35,22,13,25
LN8 3BY,4,2,2,2
LN8 3BZ,13,8,5,6
LN8 3DA,14,7,7,6
LN8 3DB,119,65,54,44
LN8 3DD,93,46,47,35
LN8 3DE,46,27,19,24
LN8 3DF,131,56,75,46
LN8 3DG,16,9,7,5
LN8 3DH,8,4,4,4
LN8 3DJ,32,18,14,14
LN8 3DL,23,12,11,10
LN8 3DN,31,16,15,13
LN8 3DP,24,11,13,13
LN8 3DQ,23,12,11,8
LN8 3DR,22,11,11,10
LN8 3DS,94,38,56,23
LN8 3DT,28,16,12,12
LN8 3DU,6,2,4,3
LN8 3DW,28,14,14,9
LN8 3DX,117,55,62,42
LN8 3DY,88,41,47,36
LN8 3DZ,55,25,30,26
LN8 3EB,30,15,15,15
LN8 3ED,17,8,9,10
LN8 3EE,113,51,62,57
LN8 3EF,32,15,17,21
LN8 3EG,12,4,8,8
LN8 3EH,31,20,11,23
LN8 3EJ,31,16,15,15
LN8 3EN,25,12,13,16
LN8 3EP,53,27,26,30
LN8 3EQ,8,4,4,5
LN8 3ER,31,14,17,12
LN8 3ES,95,46,49,49
LN8 3ET,52,25,27,22
LN8 3EU,8,4,4,4
LN8 3EW,42,17,25,25
LN8 3EX,32,6,26,0
LN8 3EY,102,50,52,48
LN8 3EZ,5,2,3,2
LN8 3FB,6,2,4,2
LN8 3FD,3,1,2,1
LN8 3FE,10,5,5,5
LN8 3FF,63,31,32,23
LN8 3FG,16,9,7,5
LN8 3FH,10,5,5,3
LN8 3FJ,52,26,26,25
LN8 3FL,17,11,6,5
LN8 3FN,22,12,10,11
LN8 3FP,9,4,5,6
LN8 3FQ,14,6,8,7
LN8 3FR,6,3,3,3
LN8 3FS,4,2,2,2
LN8 3FT,15,8,7,6
LN8 3FW,10,4,6,4
LN8 3FX,16,6,10,7
LN8 3FZ,22,11,11,10
LN8 3GU,33,13,20,12
LN8 3GW,27,11,16,14
LN8 3GX,52,25,27,26
LN8 3GZ,1,1,0,1
LN8 3HA,1,1,0,1
LN8 3HD,54,27,27,22
LN8 3HE,16,10,6,12
LN8 3HF,6,2,4,3
LN8 3HG,9,4,5,7
LN8 3HH,18,13,5,10
LN8 3HJ,3,2,1,2
LN8 3HL,5,3,2,3
LN8 3HN,18,9,9,8
LN8 3HQ,3,1,2,3
LN8 3HT,9,2,7,4
LN8 3HU,28,12,16,14
LN8 3HX,17,8,9,11
LN8 3HY,47,24,23,25
LN8 3HZ,18,10,8,7
LN8 3JA,82,41,41,39
LN8 3JB,9,4,5,5
LN8 3JD,22,12,10,7
LN8 3JE,32,13,19,12
LN8 3JF,7,4,3,4
LN8 3JJ,99,50,49,38
LN8 3JL,13,4,9,10
LN8 3JN,17,8,9,11
LN8 3JR,61,28,33,29
LN8 3JS,45,21,24,21
LN8 3JT,6,3,3,3
LN8 3JU,110,56,54,47
LN8 3JW,17,9,8,9
LN8 3JX,31,16,15,12
LN8 3JY,16,9,7,9
LN8 3LA,12,5,7,6
LN8 3LB,18,10,8,8
LN8 3LD,27,15,12,16
LN8 3LE,38,20,18,18
LN8 3LG,14,8,6,4
LN8 3LH,8,3,5,3
LN8 3LJ,10,4,6,4
LN8 3LL,10,3,7,2
LN8 3LN,10,5,5,4
LN8 3LP,2,1,1,1
LN8 3LQ,9,4,5,3
LN8 3LR,12,6,6,6
LN8 3LS,41,16,25,16
LN8 3LU,8,4,4,3
LN8 3LX,2,1,1,1
LN8 3LY,26,15,11,11
LN8 3LZ,2,1,1,1
LN8 3NB,2,1,1,1
LN8 3ND,4,2,2,2
LN8 3NE,34,18,16,16
LN8 3NF,60,30,30,28
LN8 3NG,8,3,5,4
LN8 3NH,20,11,9,12
LN8 3NJ,22,10,12,8
LN8 3NL,34,19,15,18
LN8 3NN,79,37,42,33
LN8 3NP,38,18,20,16
LN8 3NQ,71,41,30,25
LN8 3NR,8,6,2,6
LN8 3NS,143,70,73,56
LN8 3NT,23,11,12,9
LN8 3NU,70,36,34,27
LN8 3NW,66,30,36,27
LN8 3NX,50,24,26,21
LN8 3NY,13,5,8,5
LN8 3NZ,9,4,5,5
LN8 3PA,70,31,39,33
LN8 3PB,35,17,18,12
LN8 3PD,6,3,3,3
LN8 3PE,106,49,57,49
LN8 3PF,5,2,3,2
LN8 3PG,10,6,4,5
LN8 3PJ,8,4,4,5
LN8 3PL,6,4,2,1
LN8 3PN,14,7,7,5
LN8 3PP,15,7,8,4
LN8 3PR,78,41,37,35
LN8 3PS,19,10,9,6
LN8 3PT,10,5,5,3
LN8 3PU,27,13,14,13
LN8 3PW,35,19,16,14
LN8 3PX,9,4,5,5
LN8 3PY,8,5,3,4
LN8 3QA,13,6,7,5
LN8 3QB,12,7,5,5
LN8 3QD,2,1,1,1
LN8 3QE,27,14,13,10
LN8 3QG,69,30,39,27
LN8 3QH,5,2,3,2
LN8 3QJ,10,4,6,3
LN8 3QL,55,29,26,26
LN8 3QN,8,3,5,4
LN8 3QP,27,14,13,12
LN8 3QQ,9,4,5,4
LN8 3QR,7,2,5,3
LN8 3QS,4,2,2,2
LN8 3QT,11,5,6,3
LN8 3QU,5,1,4,3
LN8 3QW,53,28,25,27
LN8 3QX,16,8,8,5
LN8 3RA,78,42,36,26
LN8 3RB,52,24,28,19
LN8 3RD,29,10,19,11
LN8 3RE,77,38,39,36
LN8 3RF,80,43,37,0
LN8 3RG,16,9,7,6
LN8 3RH,7,3,4,3
LN8 3RJ,34,19,15,17
LN8 3RL,37,21,16,17
LN8 3RN,7,3,4,4
LN8 3RP,131,66,65,64
LN8 3RQ,14,7,7,8
LN8 3RW,6,3,3,2
LN8 3RY,2,1,1,1
LN8 3RZ,22,13,9,7
LN8 3SA,1,0,1,1
LN8 3SB,14,7,7,6
LN8 3SD,13,7,6,4
LN8 3SE,61,28,33,28
LN8 3SF,32,17,15,13
LN8 3SH,28,13,15,13
LN8 3SL,31,16,15,11
LN8 3SN,13,8,5,4
LN8 3SQ,124,62,62,54
LN8 3SW,18,8,10,8
LN8 3SY,7,4,3,4
LN8 3SZ,54,32,22,24
LN8 3TA,83,40,43,44
LN8 3TB,61,29,32,23
LN8 3TD,19,8,11,9
LN8 3TE,42,18,24,6
LN8 3TG,15,7,8,6
LN8 3TH,66,30,36,23
LN8 3TL,16,6,10,6
LN8 3TN,4,2,2,3
LN8 3TP,24,10,14,14
LN8 3TQ,13,7,6,5
LN8 3TR,113,61,52,52
LN8 3TS,122,53,69,51
LN8 3TT,6,3,3,3
LN8 3TU,8,3,5,3
LN8 3TX,4,1,3,2
LN8 3TY,54,28,26,28
LN8 3TZ,4,1,3,4
LN8 3UA,20,12,8,11
LN8 3UB,30,13,17,8
LN8 3UD,64,28,36,35
LN8 3UE,20,9,11,10
LN8 3UF,18,10,8,8
LN8 3UG,18,4,14,15
LN8 3UH,18,10,8,5
LN8 3UJ,16,8,8,9
LN8 3UL,6,3,3,3
LN8 3UN,15,6,9,7
LN8 3UP,4,2,2,2
LN8 3UQ,29,13,16,15
LN8 3UR,57,33,24,25
LN8 3US,28,14,14,14
LN8 3UT,27,11,16,10
LN8 3UU,17,10,7,5
LN8 3UW,44,23,21,19
LN8 3UX,14,6,8,4
LN8 3UY,66,35,31,27
LN8 3UZ,1,1,0,1
LN8 3WA,15,9,6,4
LN8 3WD,32,19,13,12
LN8 3XA,8,3,5,5
LN8 3XB,8,2,6,6
LN8 3XH,23,9,14,9
LN8 3XJ,28,12,16,13
LN8 3XL,105,45,60,52
LN8 3XN,34,16,18,18
LN8 3XP,50,22,28,16
LN8 3XS,25,15,10,11
LN8 3XT,22,12,10,8
LN8 3XU,61,29,32,30
LN8 3XW,13,9,4,7
LN8 3XX,8,4,4,4
LN8 3XZ,27,13,14,15
LN8 3YA,34,19,15,12
LN8 3YB,77,35,42,30
LN8 3YD,9,4,5,4
LN8 3YE,11,7,4,4
LN8 3YF,50,26,24,21
LN8 3YJ,38,19,19,16
LN8 3YL,18,9,9,8
LN8 3YN,26,13,13,8
LN8 3YP,8,3,5,4
LN8 3YR,23,11,12,11
LN8 3YS,69,33,36,31
LN8 3YT,9,4,5,3
LN8 3YW,5,3,2,2
LN8 3YX,8,4,4,2
LN8 3YY,8,2,6,4
LN8 3YZ,51,25,26,21
LN8 5AF,14,6,8,5
LN8 5AG,15,8,7,7
LN8 5AL,106,54,52,43
LN8 5BA,26,12,14,14
LN8 5BB,14,6,8,5
LN8 5BD,28,13,15,16
LN8 5DA,20,10,10,8
LN8 5JA,6,3,3,2
LN8 5JD,26,11,15,12
LN8 5JE,20,11,9,8
LN8 5JF,14,6,8,6
LN8 5JG,15,6,9,8
LN8 5JH,7,4,3,2
LN8 5JJ,62,29,33,23
LN8 5JL,48,21,27,13
LN8 5JN,31,19,12,10
LN8 5JP,40,20,20,19
LN8 5JQ,29,13,16,14
LN8 5JR,31,14,17,14
LN8 5JS,2,1,1,1
LN8 5JT,96,43,53,30
LN8 5JW,2,1,1,1
LN8 5LB,31,18,13,11
LN8 5LD,6,2,4,3
LN8 5LE,7,3,4,2
LN8 5LF,48,23,25,24
LN8 5LG,23,12,11,8
LN8 5LH,36,20,16,15
LN8 5LJ,37,18,19,15
LN8 5LN,50,23,27,23
LN8 5LP,6,3,3,4
LN8 5LQ,29,12,17,13
LN8 5LR,13,6,7,7
LN8 5LS,18,7,11,7
LN8 5LT,4,2,2,1
LN8 5ND,23,12,11,8
LN8 5NF,48,24,24,22
LN8 5NG,110,52,58,38
LN8 5NJ,31,18,13,14
LN8 5NL,12,7,5,4
LN8 5NP,7,3,4,2
LN8 5NR,21,12,9,8
LN8 5NS,4,2,2,3
LN8 5NT,4,3,1,1
LN8 5NW,18,9,9,9
LN8 5PA,17,9,8,6
LN8 5PD,17,8,9,6
LN8 5PE,21,10,11,10
LN8 5PF,59,30,29,22
LN8 5PG,39,19,20,22
LN8 5PH,77,37,40,34
LN8 5PJ,29,14,15,14
LN8 5PL,93,44,49,38
LN8 5PN,37,14,23,28
LN8 5PP,15,8,7,9
LN8 5PQ,93,47,46,40
LN8 5PR,19,11,8,13
LN8 5PS,76,39,37,34
LN8 5PU,67,30,37,38
LN8 5PX,24,10,14,11
LN8 5PY,17,9,8,7
LN8 5PZ,8,3,5,6
LN8 5QA,13,7,6,6
LN8 5QB,13,4,9,7
LN8 5QD,8,3,5,3
LN8 5QE,17,9,8,7
LN8 5QF,2,1,1,1
LN8 5QG,50,25,25,21
LN8 5QL,8,4,4,4
LN8 5QQ,20,11,9,8
LN8 5QU,36,21,15,15
LN8 5QX,2,1,1,1
LN8 5QY,10,1,9,10
LN8 5QZ,103,50,53,44
LN8 5RA,29,12,17,13
LN8 5RB,94,44,50,37
LN8 5RD,10,6,4,5
LN8 5RE,27,14,13,12
LN8 5RF,43,25,18,20
LN8 5RG,40,17,23,22
LN8 5RH,27,12,15,14
LN8 5RJ,12,3,9,8
LN8 5RL,15,8,7,8
LN8 5RN,42,19,23,20
LN8 5RP,51,23,28,24
LN8 5RQ,29,14,15,13
LN8 5RR,18,11,7,8
LN8 5RS,20,12,8,7
LN8 5RT,17,11,6,6
LN8 5RU,15,8,7,6
LN8 5RW,41,17,24,17
LN8 5RX,39,19,20,14
LN8 5RY,118,61,57,52
LN8 5RZ,10,5,5,4
LN8 5SB,7,3,4,3
LN8 5SD,11,5,6,4
LN8 5SE,12,5,7,8
LN8 5SF,5,3,2,3
LN8 5SG,5,4,1,2
LN8 5SH,15,7,8,6
LN8 5SL,52,27,25,21
LN8 5SN,36,18,18,20
LN8 5SQ,63,30,33,27
LN8 5UT,42,18,24,19
LN8 5YA,33,16,17,19
LN8 5YB,6,2,4,4
LN8 6AA,9,5,4,5
LN8 6AB,18,9,9,10
LN8 6AD,48,24,24,19
LN8 6AE,34,17,17,14
LN8 6AF,11,7,4,4
LN8 6AG,26,13,13,13
LN8 6AH,48,23,25,24
LN8 6AJ,85,43,42,36
LN8 6AL,16,8,8,7
LN8 6AN,15,7,8,5
LN8 6AP,7,3,4,2
LN8 6AQ,38,19,19,14
LN8 6AR,11,6,5,5
LN8 6AS,8,6,2,2
LN8 6AT,7,5,2,3
LN8 6AU,18,7,11,8
LN8 6AX,4,1,3,2
LN8 6AY,6,3,3,1
LN8 6AZ,27,16,11,12
LN8 6BG,9,5,4,4
LN8 6BH,81,42,39,32
LN8 6BJ,19,10,9,9
LN8 6BL,10,4,6,5
LN8 6BN,12,6,6,6
LN8 6BP,50,24,26,28
LN8 6BQ,50,23,27,25
LN8 6BS,3,2,1,2
LN8 6BT,1,0,1,1
LN8 6BU,13,6,7,6
LN8 6BW,24,11,13,12
LN8 6BX,47,21,26,22
LN8 6DA,37,18,19,21
LN8 6DB,9,5,4,4
LN8 6DD,9,4,5,5
LN8 6DE,30,16,14,16
LN8 6DF,33,15,18,15
LN8 6DG,6,3,3,2
LN8 6DH,51,25,26,26
LN8 6DJ,22,12,10,10
LN8 6DL,74,38,36,36
LN8 6DN,30,14,16,13
LN8 6DP,32,15,17,13
LN8 6DQ,48,23,25,25
LN8 6DR,38,21,17,18
LN8 6DS,40,22,18,19
LN8 6DT,24,14,10,13
LN8 6DU,17,7,10,8
LN8 6DW,16,6,10,8
LN8 6DX,28,15,13,15
LN8 6DY,2,1,1,1
LN8 6EA,19,9,10,10
LN8 6EB,6,3,3,4
LN8 6ED,17,10,7,8
LN8 6EE,22,13,9,10
LN8 6EF,49,23,26,23
LN8 6EG,34,17,17,16
LN8 6EH,6,4,2,3
LN8 6EJ,34,15,19,14
LN8 6EL,29,17,12,9
LN8 6EN,45,20,25,15
LN8 6EP,62,31,31,25
LN8 6EQ,27,8,19,11
LN8 6ER,58,25,33,22
LN8 6ES,43,24,19,23
LN8 6ET,46,26,20,19
LN8 6EU,17,8,9,9
LN8 6EW,51,24,27,17
LN8 6EX,30,14,16,12
LN8 6EY,24,12,12,9
LN8 6EZ,31,17,14,11
LN8 6FB,2,1,1,1
LN8 6FL,3,2,1,1
LN8 6HA,4,2,2,1
LN8 6HB,16,9,7,6
LN8 6HD,24,11,13,9
LN8 6HE,5,3,2,2
LN8 6HF,4,4,0,2
LN8 6HL,2,1,1,1
LN8 6HP,40,23,17,20
LN8 6HS,84,45,39,1
LN8 6HT,18,8,10,7
LN8 6HU,14,7,7,7
LN8 6HW,4,1,3,1
LN8 6HX,14,8,6,6
LN8 6HY,37,15,22,17
LN8 6HZ,39,19,20,19
LN8 6JA,5,2,3,3
LN8 6JB,2,1,1,2
LN8 6JH,23,12,11,9
LN8 6JJ,12,7,5,8
LN8 6JL,10,6,4,4
LN8 6JN,20,6,14,7
LN8 6JP,29,12,17,13
LN8 6JQ,16,9,7,7
LN8 6JR,24,11,13,9
LN8 6JS,8,5,3,4
LN8 6JT,14,9,5,4
LN8 6JU,12,7,5,4
LN8 6JW,45,21,24,21
LN8 6JX,7,4,3,2
LN8 6JY,24,13,11,11
LN8 6JZ,51,28,23,25
LN8 6LA,26,12,14,13
LN8 6LB,16,10,6,6
LN8 6LF,44,20,24,21
LN8 6LL,4,3,1,1
LN8 6LN,6,3,3,2
LN8 6LR,9,4,5,5
LN8 6LS,11,6,5,4
LN8 6LT,8,4,4,3
LN8 6LU,7,4,3,4
LN8 6LW,33,13,20,13
LN8 6LX,28,14,14,11
LN8 6LY,1,1,0,1
LN8 6NG,15,8,7,5
LN8 6NH,6,2,4,3
LN8 6NJ,16,11,5,7
LN8 6NL,19,10,9,10
LN8 6NN,66,30,36,34
LN8 6NQ,6,4,2,4
LN9 5AA,6,2,4,4
LN9 5AD,17,7,10,6
LN9 5AE,11,6,5,4
LN9 5AF,23,12,11,8
LN9 5AH,129,60,69,51
LN9 5AJ,49,22,27,17
LN9 5AN,8,3,5,4
LN9 5AP,30,15,15,16
LN9 5AR,48,25,23,20
LN9 5AS,74,35,39,37
LN9 5AT,57,26,31,29
LN9 5AU,1,1,0,1
LN9 5AW,170,89,81,73
LN9 5AX,45,23,22,21
LN9 5AY,1,0,1,1
LN9 5AZ,44,18,26,27
LN9 5BA,119,53,66,55
LN9 5BB,1,0,1,1
LN9 5BD,107,46,61,61
LN9 5BE,25,12,13,12
LN9 5BF,25,11,14,9
LN9 5BG,12,6,6,6
LN9 5BH,37,17,20,16
LN9 5BL,12,7,5,11
LN9 5BQ,26,10,16,16
LN9 5BS,8,5,3,2
LN9 5BT,83,38,45,27
LN9 5BU,1,0,1,1
LN9 5BW,44,22,22,22
LN9 5DA,34,16,18,13
LN9 5DD,17,9,8,10
LN9 5DE,15,11,4,14
LN9 5DF,5,3,2,2
LN9 5DG,18,9,9,8
LN9 5DH,4,1,3,1
LN9 5DJ,4,3,1,2
LN9 5DN,11,5,6,7
LN9 5DQ,8,3,5,3
LN9 5DR,10,6,4,8
LN9 5DS,40,24,16,27
LN9 5DT,61,31,30,23
LN9 5DU,4,0,4,4
LN9 5DW,34,17,17,23
LN9 5DX,59,24,35,33
LN9 5ED,40,19,21,21
LN9 5EE,32,15,17,14
LN9 5EF,13,6,7,6
LN9 5EG,22,14,8,6
LN9 5EL,37,17,20,19
LN9 5EN,144,53,91,34
LN9 5EP,4,3,1,2
LN9 5EQ,30,16,14,12
LN9 5ER,50,26,24,24
LN9 5ES,13,6,7,8
LN9 5ET,32,17,15,14
LN9 5EU,31,15,16,18
LN9 5EW,16,6,10,8
LN9 5EX,49,27,22,31
LN9 5EY,22,12,10,10
LN9 5EZ,59,29,30,30
LN9 5GA,15,3,12,9
LN9 5GB,29,14,15,12
LN9 5GD,35,18,17,15
LN9 5GE,89,46,43,45
LN9 5GF,29,13,16,15
LN9 5HA,52,23,29,29
LN9 5HB,10,5,5,7
LN9 5HD,9,4,5,4
LN9 5HF,8,6,2,4
LN9 5HH,4,2,2,2
LN9 5HJ,20,9,11,10
LN9 5HL,4,3,1,2
LN9 5HP,20,13,7,15
LN9 5HT,5,4,1,3
LN9 5HU,18,11,7,10
LN9 5HW,8,5,3,4
LN9 5JD,9,7,2,3
LN9 5JE,50,24,26,17
LN9 5JF,68,29,39,30
LN9 5JG,6,3,3,3
LN9 5JL,1,0,1,1
LN9 5JP,13,6,7,5
LN9 5JR,7,3,4,2
LN9 5JS,44,19,25,24
LN9 5JT,34,18,16,12
LN9 5JU,19,9,10,9
LN9 5JX,14,5,9,8
LN9 5JY,4,2,2,2
LN9 5JZ,17,10,7,8
LN9 5LA,8,4,4,4
LN9 5LB,9,5,4,4
LN9 5LJ,7,2,5,3
LN9 5LL,68,38,30,29
LN9 5LN,49,23,26,22
LN9 5LP,109,58,51,56
LN9 5LU,18,9,9,10
LN9 5LX,25,11,14,8
LN9 5LY,17,7,10,6
LN9 5NA,17,9,8,6
LN9 5NB,2,1,1,2
LN9 5ND,39,18,21,18
LN9 5NE,12,6,6,5
LN9 5NF,2,1,1,1
LN9 5NG,34,17,17,15
LN9 5NH,20,13,7,11
LN9 5NJ,6,3,3,2
LN9 5NL,13,6,7,5
LN9 5NN,4,2,2,2
LN9 5NP,3,2,1,1
LN9 5NQ,15,7,8,6
LN9 5NR,16,8,8,7
LN9 5NS,1,1,0,1
LN9 5NT,2,1,1,1
LN9 5NU,4,2,2,2
LN9 5NW,6,3,3,2
LN9 5NX,38,18,20,16
LN9 5PA,3,1,2,2
LN9 5PB,15,9,6,5
LN9 5PE,8,5,3,3
LN9 5PG,70,34,36,27
LN9 5PH,4,3,1,1
LN9 5PJ,34,18,16,13
LN9 5PN,36,16,20,13
LN9 5PP,13,6,7,6
LN9 5PR,25,6,19,2
LN9 5PS,37,18,19,14
LN9 5PT,80,40,40,39
LN9 5PU,20,12,8,9
LN9 5PW,7,1,6,3
LN9 5PX,9,5,4,4
LN9 5PY,16,6,10,8
LN9 5PZ,19,11,8,7
LN9 5QA,3,1,2,3
LN9 5QB,17,9,8,6
LN9 5QD,4,2,2,2
LN9 5QE,4,2,2,1
LN9 5QF,59,28,31,26
LN9 5QG,31,17,14,16
LN9 5QH,60,33,27,24
LN9 5QJ,2,1,1,1
LN9 5QL,7,4,3,3
LN9 5QN,18,9,9,9
LN9 5QP,1,0,1,1
LN9 5QQ,70,30,40,32
LN9 5QR,6,4,2,4
LN9 5QW,8,4,4,4
LN9 5RB,35,13,22,15
LN9 5RD,3,1,2,3
LN9 5RE,92,47,45,37
LN9 5RF,11,4,7,4
LN9 5RG,11,7,4,4
LN9 5RH,11,6,5,4
LN9 5RJ,60,27,33,26
LN9 5RL,13,7,6,5
LN9 5RN,27,13,14,13
LN9 5RP,61,33,28,24
LN9 5RQ,11,5,6,8
LN9 5RR,9,4,5,5
LN9 5RS,38,17,21,19
LN9 5RT,16,8,8,7
LN9 5RU,11,5,6,5
LN9 5RW,6,4,2,2
LN9 5RX,32,17,15,12
LN9 5RY,7,3,4,4
LN9 5RZ,7,3,4,2
LN9 5SA,22,10,12,9
LN9 5SB,4,2,2,2
LN9 5SD,65,34,31,22
LN9 5SH,10,5,5,7
LN9 5SR,44,19,25,18
LN9 5SS,27,11,16,11
LN9 5ST,24,10,14,12
LN9 5SU,24,12,12,13
LN9 5SW,8,3,5,5
LN9 5TR,6,2,4,4
LN9 5UA,50,22,28,22
LN9 6AA,33,18,15,18
LN9 6AB,92,49,43,47
LN9 6AD,8,5,3,7
LN9 6AE,16,7,9,7
LN9 6AF,31,16,15,21
LN9 6AG,71,32,39,35
LN9 6AH,7,1,6,5
LN9 6AJ,87,41,46,37
LN9 6AL,44,22,22,15
LN9 6AN,23,10,13,12
LN9 6AP,7,6,1,6
LN9 6AT,1,1,0,1
LN9 6AW,109,56,53,44
LN9 6AY,8,2,6,4
LN9 6AZ,49,27,22,17
LN9 6BD,96,51,45,42
LN9 6BE,39,15,24,12
LN9 6BG,47,25,22,15
LN9 6BH,35,14,21,20
LN9 6BL,11,5,6,5
LN9 6BN,83,45,38,33
LN9 6BP,91,44,47,36
LN9 6BQ,8,4,4,5
LN9 6BY,62,30,32,36
LN9 6BZ,68,36,32,31
LN9 6DB,47,22,25,25
LN9 6DD,63,28,35,28
LN9 6DE,59,34,25,28
LN9 6DF,58,25,33,20
LN9 6DG,40,22,18,14
LN9 6DH,80,36,44,34
LN9 6DJ,36,20,16,17
LN9 6DQ,21,12,9,13
LN9 6DT,5,3,2,3
LN9 6DU,1,0,1,1
LN9 6DX,25,12,13,11
LN9 6DY,34,18,16,27
LN9 6DZ,33,15,18,16
LN9 6EA,43,19,24,26
LN9 6EB,7,4,3,4
LN9 6EE,10,4,6,4
LN9 6EF,9,5,4,6
LN9 6EH,30,10,20,20
LN9 6EJ,37,13,24,30
LN9 6EL,57,29,28,23
LN9 6EN,30,15,15,14
LN9 6EP,83,43,40,50
LN9 6ER,11,5,6,4
LN9 6ES,30,15,15,14
LN9 6ET,27,15,12,12
LN9 6EU,6,3,3,3
LN9 6EW,53,23,30,20
LN9 6EX,12,8,4,9
LN9 6EY,15,5,10,11
LN9 6EZ,87,49,38,24
LN9 6HA,17,9,8,8
LN9 6HB,29,16,13,14
LN9 6HD,6,3,3,3
LN9 6HE,4,2,2,1
LN9 6HG,37,17,20,32
LN9 6HP,2,0,2,1
LN9 6HU,71,37,34,30
LN9 6HZ,2,1,1,1
LN9 6JA,14,7,7,7
LN9 6JB,6,2,4,2
LN9 6JD,22,12,10,9
LN9 6JE,23,9,14,8
LN9 6JF,8,4,4,5
LN9 6JG,50,25,25,26
LN9 6JH,15,9,6,5
LN9 6JJ,14,7,7,4
LN9 6JL,5,2,3,2
LN9 6JP,88,41,47,49
LN9 6JQ,26,12,14,11
LN9 6JT,9,4,5,4
LN9 6JU,24,15,9,14
LN9 6JX,13,7,6,6
LN9 6JY,60,32,28,26
LN9 6JZ,1,1,0,1
LN9 6LA,2,1,1,1
LN9 6LB,2,1,1,1
LN9 6LD,27,14,13,12
LN9 6LE,14,5,9,8
LN9 6LF,27,15,12,14
LN9 6LG,13,7,6,8
LN9 6LH,32,18,14,13
LN9 6LJ,24,13,11,10
LN9 6LN,9,6,3,3
LN9 6LP,27,12,15,11
LN9 6LQ,18,9,9,8
LN9 6LR,25,10,15,12
LN9 6LS,16,9,7,7
LN9 6LT,2,1,1,1
LN9 6LU,14,7,7,6
LN9 6LX,5,1,4,4
LN9 6NE,16,9,7,5
LN9 6NJ,31,18,13,19
LN9 6NL,10,5,5,4
LN9 6NN,32,18,14,15
LN9 6NP,22,15,7,9
LN9 6NR,14,6,8,5
LN9 6NS,2,1,1,1
LN9 6NT,31,12,19,16
LN9 6NU,5,1,4,2
LN9 6NX,4,3,1,3
LN9 6PA,6,4,2,2
LN9 6PB,21,12,9,9
LN9 6PE,24,10,14,11
LN9 6PF,12,6,6,6
LN9 6PG,19,7,12,9
LN9 6PJ,46,21,25,28
LN9 6PL,72,34,38,42
LN9 6PN,119,54,65,61
LN9 6PQ,88,45,43,36
LN9 6PR,53,22,31,17
LN9 6PS,10,6,4,1
LN9 6PT,7,3,4,2
LN9 6PU,19,8,11,9
LN9 6PX,30,11,19,16
LN9 6PY,28,11,17,14
LN9 6PZ,22,10,12,14
LN9 6QB,105,43,62,42
LN9 6QD,9,3,6,4
LN9 6QE,7,3,4,6
LN9 6QF,25,14,11,9
LN9 6QG,9,6,3,3
LN9 6QH,76,38,38,29
LN9 6QJ,9,5,4,6
LN9 6QL,20,12,8,9
LN9 6QN,4,3,1,1
LN9 6QP,18,9,9,12
LN9 6QQ,68,33,35,26
LN9 6QR,11,8,3,6
LN9 6QS,6,3,3,2
LN9 6QT,10,5,5,3
LN9 6QU,39,18,21,16
LN9 6QX,78,36,42,29
LN9 6QZ,8,2,6,2
LN9 6RA,7,4,3,3
LN9 6RD,14,8,6,8
LN9 6RE,112,53,59,48
LN9 6RF,56,24,32,22
LN9 6RG,9,4,5,4
LN9 6RH,56,27,29,29
LN9 6RJ,70,33,37,29
LN9 6RQ,54,22,32,19
LN9 6RR,50,26,24,22
LN9 6RX,94,49,45,35
LN9 6RY,73,28,45,30
LN9 6RZ,94,44,50,37
LN9 6SF,28,13,15,18
LS1 2DR,4,3,1,4
LS1 2DS,7,4,3,4
LS1 2EE,30,13,17,19
LS1 2EU,42,20,22,36
LS1 2EX,36,17,19,21
LS1 2EZ,4,3,1,3
LS1 2HA,2,2,0,1
LS1 2LF,1,0,1,1
LS1 2NP,9,4,5,6
LS1 2QH,3,2,1,2
LS1 2RA,1,1,0,1
LS1 2RL,13,7,6,10
LS1 2SP,38,22,16,26
LS1 2TE,10,8,2,6
LS1 3AF,62,32,30,5
LS1 3BB,13,9,4,9
LS1 3BE,7,5,2,4
LS1 3BR,25,20,5,2
LS1 3BY,3,1,2,2
LS1 3DA,30,20,10,19
LS1 3DL,121,67,54,86
LS1 3EX,6,1,5,0
LS1 3HJ,25,13,12,14
LS1 3HL,12,5,7,8
LS1 3LA,65,35,30,40
LS1 4AE,2,2,0,0
LS1 4AG,1,1,0,1
LS1 4AL,21,15,6,15
LS1 4AW,67,40,27,44
LS1 4BU,95,45,50,57
LS1 4BW,104,58,46,64
LS1 4DJ,19,11,8,13
LS1 4EA,106,55,51,62
LS1 4ED,91,52,39,57
LS1 4EE,299,196,103,175
LS1 4ES,114,73,41,78
LS1 4GH,87,53,34,57
LS1 4GJ,44,22,22,26
LS1 4GN,70,38,32,46
LS1 4GQ,59,31,28,38
LS1 4JF,29,18,11,17
LS1 4JJ,128,82,46,91
LS1 4JL,144,82,62,86
LS1 4JN,82,45,37,46
LS1 4JT,89,52,37,55
LS1 4JU,100,54,46,60
LS1 4JX,7,2,5,6
LS1 4LA,447,156,291,0
LS1 4LJ,3,1,2,2
LS1 4NE,65,34,31,24
LS1 4PF,70,30,40,31
LS1 4PG,73,34,39,48
LS1 4PQ,66,32,34,48
LS1 5AD,19,10,9,14
LS1 5BA,4,1,3,3
LS1 5DL,6,3,3,3
LS1 5HA,31,21,10,16
LS1 5HB,97,55,42,70
LS1 5HU,46,29,17,30
LS1 5JW,4,3,1,2
LS1 5PQ,35,17,18,20
LS1 5PY,11,6,5,9
LS1 5PZ,48,25,23,32
LS1 5RB,2,1,1,2
LS1 5RL,15,12,3,10
LS1 5RW,25,13,12,18
LS1 6BA,2,1,1,1
LS1 6BE,1,1,0,1
LS1 6BN,2,1,1,1
LS1 6BR,16,5,11,9
LS1 6BW,1,0,1,1
LS1 6DE,54,32,22,32
LS1 6DL,2,1,1,1
LS1 6DP,1,1,0,1
LS1 6DS,1,1,0,1
LS1 6DT,17,11,6,12
LS1 6HB,2,1,1,1
LS1 6HW,5,3,2,2
LS1 6JB,1,0,1,1
LS1 6JS,13,7,6,9
LS1 6LG,17,9,8,13
LS1 6LL,4,2,2,1
LS1 6LN,4,2,2,1
LS1 6LR,24,13,11,17
LS1 6LY,5,3,2,4
LS1 6LZ,121,65,56,87
LS1 6ND,52,28,24,45
LS1 6NJ,1,1,0,1
LS1 6NU,12,7,5,6
LS1 6PQ,7,4,3,5
LS1 6PT,20,10,10,13
LS1 7BT,1,1,0,1
LS1 7BU,61,33,28,40
LS1 7HG,16,12,4,9
LS1 7JH,30,15,15,17
LS101AB,1,1,0,1
LS101BJ,39,17,22,14
LS101BN,1,0,1,1
LS101BW,41,21,20,18
LS101BZ,57,28,29,26
LS101DA,12,8,4,5
LS101DB,19,13,6,11
LS101DD,2,1,1,2
LS101DF,4,2,2,1
LS101DH,79,43,36,39
LS101DY,2,1,1,1
LS101EA,120,53,67,57
LS101EB,20,8,12,8
LS101ED,104,54,50,53
LS101EP,1,1,0,1
LS101ET,6,4,2,3
LS101GH,5,3,2,5
LS101GL,22,10,12,14
LS101GY,122,69,53,78
LS101GZ,75,47,28,53
LS101HF,62,42,20,42
LS101HG,93,52,41,61
LS101HN,115,53,62,79
LS101HP,52,33,19,31
LS101HQ,67,37,30,40
LS101HR,86,47,39,52
LS101HY,79,41,38,58
LS101JA,75,36,39,55
LS101JE,122,63,59,68
LS101JF,53,30,23,36
LS101JG,129,82,47,75
LS101JH,61,41,20,45
LS101JJ,91,53,38,63
LS101JL,1,1,0,1
LS101JP,42,18,24,29
LS101JT,84,52,32,55
LS101JX,1,1,0,0
LS101LE,2,1,1,1
LS101LG,160,92,68,95
LS101LH,90,63,27,59
LS101LL,84,46,38,56
LS101LP,127,66,61,74
LS101LQ,101,63,38,70
LS101LR,75,45,30,46
LS101LU,488,194,294,2
LS101NA,70,44,26,43
LS101NB,71,32,39,40
LS101NG,101,55,46,64
LS101NH,99,55,44,71
LS101NJ,3,3,0,3
LS101NW,102,62,40,63
LS101PJ,86,53,33,53
LS101PT,97,58,39,59
LS101PU,96,58,38,61
LS101QN,54,32,22,42
LS101RP,3,1,2,1
LS101SF,1,1,0,1
LS101SU,63,29,34,40
LS101SX,87,42,45,38
LS101SY,52,30,22,27
LS101SZ,59,30,29,28
LS102AB,9,4,5,3
LS102AD,65,36,29,11
LS102AE,59,24,35,26
LS102AF,13,9,4,13
LS102AH,7,2,5,7
LS102AY,142,51,91,3
LS102BG,3,1,2,1
LS102DF,16,10,6,3
LS102DH,18,9,9,9
LS102DJ,2,1,1,1
LS102DN,21,7,14,11
LS102DP,22,11,11,17
LS102DQ,31,15,16,13
LS102DR,11,5,6,7
LS102DT,23,9,14,10
LS102DW,37,19,18,17
LS102EF,82,36,46,46
LS102EG,54,22,32,25
LS102EH,42,16,26,21
LS102EJ,44,22,22,16
LS102EP,58,28,30,24
LS102EQ,25,9,16,9
LS102ER,56,26,30,21
LS102ET,48,25,23,24
LS102EX,26,14,12,13
LS102EY,35,21,14,17
LS102EZ,63,29,34,36
LS102HA,36,20,16,13
LS102HB,29,15,14,13
LS102HD,34,16,18,15
LS102HE,90,46,44,33
LS102HF,20,10,10,10
LS102HL,32,15,17,26
LS102HN,5,1,4,4
LS102HP,91,52,39,48
LS102HR,45,19,26,25
LS102HS,43,19,24,26
LS102HT,39,14,25,21
LS102HX,25,12,13,14
LS102JG,22,9,13,15
LS102JH,1,1,0,1
LS102JJ,36,19,17,20
LS102JL,23,15,8,17
LS102JQ,31,15,16,16
LS102LA,19,9,10,12
LS102LB,71,34,37,39
LS102LD,75,34,41,29
LS102LE,59,28,31,34
LS102LF,2,1,1,1
LS102LJ,142,67,75,58
LS102LN,35,13,22,15
LS102LR,134,65,69,63
LS102LS,9,8,1,8
LS102LT,40,17,23,19
LS102LU,5,3,2,3
LS102LW,24,13,11,21
LS102LY,67,36,31,29
LS102NA,33,24,9,28
LS102NB,13,7,6,6
LS102ND,121,55,66,58
LS102NE,72,35,37,40
LS102NF,76,44,32,47
LS102NG,65,36,29,32
LS102PE,29,13,16,23
LS102PF,27,11,16,12
LS102PG,144,64,80,47
LS102PQ,22,8,14,11
LS102PR,18,7,11,13
LS102PX,64,33,31,27
LS102PY,69,40,29,38
LS102PZ,18,7,11,4
LS102QA,93,35,58,41
LS102QB,19,10,9,5
LS102QD,90,43,47,35
LS102QE,11,6,5,4
LS102QG,65,31,34,29
LS102QH,56,31,25,21
LS102QJ,58,25,33,29
LS102QR,30,14,16,14
LS102QT,15,5,10,7
LS102QY,6,5,1,3
LS102RE,60,31,29,32
LS102RF,38,20,18,16
LS102RJ,1,1,0,1
LS102RN,114,49,65,51
LS102RP,47,22,25,20
LS102RR,21,6,15,10
LS102RS,82,43,39,33
LS102RW,43,21,22,20
LS102TJ,25,13,12,14
LS102TL,28,11,17,13
LS103AA,83,31,52,39
LS103AB,80,30,50,35
LS103AD,44,25,19,28
LS103AE,21,8,13,20
LS103AF,60,36,24,39
LS103AG,79,40,39,28
LS103AH,9,5,4,2
LS103AJ,87,41,46,46
LS103AL,130,64,66,57
LS103AN,197,97,100,88
LS103AP,83,46,37,42
LS103AQ,60,35,25,20
LS103AR,62,28,34,32
LS103AS,15,10,5,8
LS103AT,85,41,44,34
LS103AU,28,11,17,10
LS103AW,82,37,45,30
LS103AX,5,2,3,2
LS103AY,116,53,63,56
LS103AZ,59,30,29,25
LS103BA,67,29,38,25
LS103BB,109,51,58,43
LS103BD,37,16,21,15
LS103BE,71,31,40,35
LS103BG,11,5,6,8
LS103BH,51,23,28,23
LS103BJ,54,22,32,24
LS103BL,63,25,38,27
LS103BN,14,7,7,6
LS103BQ,20,9,11,16
LS103BR,45,24,21,18
LS103BS,59,28,31,28
LS103BW,18,8,10,10
LS103BX,60,38,22,28
LS103BZ,49,25,24,27
LS103DA,35,21,14,23
LS103DB,32,14,18,20
LS103DD,4,3,1,4
LS103DE,97,48,49,39
LS103DF,5,4,1,4
LS103DG,15,4,11,6
LS103DH,18,8,10,9
LS103DL,10,7,3,9
LS103DN,65,29,36,26
LS103DP,91,41,50,29
LS103DR,64,26,38,22
LS103DS,53,24,29,26
LS103DT,115,62,53,33
LS103DU,36,20,16,33
LS103DW,54,23,31,23
LS103DX,73,41,32,48
LS103DY,50,27,23,20
LS103EA,85,39,46,37
LS103EB,75,38,37,22
LS103ED,45,21,24,29
LS103EE,75,37,38,34
LS103EF,43,20,23,13
LS103EG,121,47,74,44
LS103EH,69,31,38,27
LS103EJ,77,27,50,24
LS103EL,61,28,33,24
LS103EN,57,31,26,22
LS103EP,12,6,6,5
LS103EQ,153,67,86,56
LS103ER,23,11,12,5
LS103ES,50,29,21,23
LS103EU,23,12,11,11
LS103EW,16,12,4,6
LS103EX,11,6,5,5
LS103EY,65,30,35,32
LS103HA,41,19,22,17
LS103HB,47,23,24,19
LS103HD,50,26,24,26
LS103HE,40,23,17,16
LS103HF,21,13,8,8
LS103HG,72,22,50,21
LS103HJ,45,22,23,15
LS103HL,43,20,23,13
LS103HN,78,35,43,22
LS103HP,50,21,29,32
LS103HR,133,52,81,37
LS103HS,12,6,6,8
LS103HT,23,12,11,17
LS103HU,20,5,15,6
LS103HW,17,9,8,15
LS103HX,85,47,38,37
LS103HY,17,9,8,6
LS103HZ,28,12,16,11
LS103JB,26,14,12,13
LS103JD,16,8,8,6
LS103JE,43,22,21,21
LS103JF,88,43,45,39
LS103JG,35,21,14,16
LS103JH,133,57,76,47
LS103JJ,9,5,4,4
LS103JL,84,37,47,29
LS103JN,66,38,28,26
LS103JP,91,42,49,27
LS103JQ,53,33,20,22
LS103JR,25,11,14,8
LS103JS,26,12,14,8
LS103JT,163,81,82,55
LS103JU,66,31,35,25
LS103JW,90,45,45,33
LS103JX,46,20,26,17
LS103JY,46,21,25,19
LS103JZ,40,18,22,11
LS103LA,57,27,30,23
LS103LB,40,15,25,17
LS103LD,9,3,6,3
LS103LE,65,31,34,26
LS103LF,64,30,34,24
LS103LG,91,40,51,26
LS103LH,97,49,48,33
LS103LJ,55,22,33,20
LS103LL,18,9,9,10
LS103LN,52,22,30,26
LS103LP,7,3,4,5
LS103LQ,12,9,3,6
LS103LR,104,38,66,58
LS103LS,72,35,37,31
LS103LT,26,13,13,9
LS103LU,67,32,35,32
LS103LW,46,22,24,25
LS103LX,12,6,6,7
LS103LY,5,3,2,2
LS103LZ,2,1,1,2
LS103NA,17,8,9,10
LS103NB,80,42,38,28
LS103NG,54,24,30,20
LS103NL,24,10,14,10
LS103NN,84,46,38,41
LS103NP,26,10,16,10
LS103NQ,28,12,16,11
LS103NR,63,33,30,22
LS103NS,17,5,12,10
LS103NT,49,23,26,14
LS103NU,18,8,10,6
LS103NW,23,13,10,16
LS103NX,62,32,30,26
LS103NY,14,9,5,6
LS103NZ,51,25,26,22
LS103PA,15,6,9,12
LS103PB,6,2,4,2
LS103PD,35,17,18,18
LS103PE,60,34,26,31
LS103PF,76,33,43,31
LS103PG,34,15,19,17
LS103PH,79,41,38,27
LS103PJ,47,19,28,22
LS103PL,34,16,18,23
LS103PN,22,8,14,11
LS103PP,19,11,8,10
LS103PQ,22,10,12,10
LS103PR,46,25,21,17
LS103PS,34,21,13,18
LS103PT,21,10,11,11
LS103PU,26,10,16,16
LS103PW,14,6,8,5
LS103PX,129,68,61,55
LS103PY,23,14,9,13
LS103PZ,71,38,33,37
LS103QA,59,30,29,33
LS103QB,25,12,13,11
LS103QD,43,18,25,16
LS103QE,87,50,37,51
LS103QF,41,21,20,26
LS103QG,85,38,47,34
LS103QH,19,11,8,10
LS103QJ,9,4,5,4
LS103QL,57,26,31,24
LS103QN,88,45,43,30
LS103QP,33,17,16,20
LS103QQ,58,24,34,34
LS103QR,29,11,18,14
LS103QS,17,9,8,8
LS103QT,12,6,6,8
LS103QU,46,21,25,20
LS103QW,74,34,40,34
LS103QX,26,11,15,12
LS103QY,87,44,43,48
LS103QZ,98,42,56,34
LS103RA,102,51,51,40
LS103RB,166,86,80,68
LS103RD,130,62,68,50
LS103RE,83,33,50,27
LS103RF,20,9,11,8
LS103RG,18,9,9,10
LS103RH,48,24,24,19
LS103RJ,15,9,6,6
LS103RL,94,48,46,35
LS103RN,93,46,47,38
LS103RP,26,12,14,15
LS103RQ,70,36,34,30
LS103RR,35,16,19,13
LS103RS,15,9,6,5
LS103RT,47,23,24,28
LS103RU,18,10,8,7
LS103RW,76,35,41,29
LS103RX,40,24,16,19
LS103RY,14,8,6,5
LS103RZ,27,16,11,13
LS103SA,60,30,30,25
LS103SB,13,7,6,5
LS103SD,67,29,38,29
LS103SE,80,38,42,32
LS103SF,13,7,6,7
LS103SG,44,24,20,22
LS103SH,7,4,3,4
LS103SJ,29,14,15,13
LS103SL,10,6,4,5
LS103SN,25,12,13,12
LS103SP,47,25,22,29
LS103SQ,60,22,38,35
LS103SR,47,23,24,23
LS103SS,104,42,62,48
LS103ST,39,25,14,11
LS103SU,33,15,18,14
LS103SW,37,16,21,19
LS103SY,51,23,28,21
LS103SZ,45,24,21,22
LS103TA,49,26,23,19
LS103TB,92,44,48,41
LS103TD,45,18,27,19
LS103TE,58,34,24,33
LS103TF,57,28,29,24
LS103TH,54,33,21,31
LS103TJ,21,12,9,14
LS103TL,13,5,8,8
LS103TQ,16,11,5,8
LS103TR,33,19,14,10
LS103UA,10,2,8,6
LS103UB,31,14,17,12
LS103UD,38,21,17,22
LS103UE,48,28,20,29
LS103UF,42,20,22,20
LS103UG,23,13,10,11
LS103UH,57,21,36,24
LS103UJ,57,27,30,22
LS103UL,16,7,9,8
LS103UN,37,20,17,16
LS103UP,33,20,13,18
LS103UQ,82,39,43,29
LS103UR,63,31,32,32
LS103UT,21,8,13,10
LS103UU,196,93,103,69
LS103UW,39,20,19,18
LS103UX,41,17,24,15
LS103UY,56,24,32,21
LS103UZ,50,23,27,23
LS103XE,13,6,7,6
LS103XF,16,9,7,7
LS103XG,16,5,11,11
LS103XH,45,20,25,22
LS103XJ,25,14,11,10
LS103XQ,14,7,7,6
LS104AA,18,9,9,9
LS104AB,23,10,13,16
LS104AD,94,44,50,49
LS104AE,126,59,67,52
LS104AF,156,68,88,76
LS104AG,46,25,21,19
LS104AH,89,45,44,40
LS104AJ,20,6,14,10
LS104AL,105,55,50,46
LS104AN,181,81,100,76
LS104AP,124,60,64,53
LS104AQ,156,71,85,75
LS104AR,28,13,15,14
LS104AS,23,11,12,11
LS104AT,17,7,10,10
LS104AW,57,25,32,22
LS104AX,68,30,38,33
LS104AY,116,58,58,47
LS104AZ,50,29,21,22
LS104BA,52,29,23,23
LS104BB,62,37,25,24
LS104BD,94,41,53,33
LS104BE,67,33,34,32
LS104BF,17,10,7,4
LS104BG,54,26,28,24
LS104BN,56,29,27,24
LS104BQ,80,34,46,35
LS104BR,31,15,16,17
LS104BS,40,19,21,14
LS104BT,44,20,24,16
LS104BW,83,42,41,37
LS104DD,9,4,5,5
LS104DE,40,16,24,12
LS104DF,20,13,7,8
LS104DG,16,7,9,9
LS104DJ,90,47,43,40
LS104DN,1,0,1,1
LS104DQ,61,35,26,18
LS104DT,54,18,36,21
LS104DU,22,9,13,9
LS104DW,24,7,17,11
LS104DX,100,50,50,30
LS104DY,42,19,23,16
LS104DZ,72,27,45,26
LS104EA,39,17,22,12
LS104EB,22,13,9,6
LS104ED,46,14,32,10
LS104EF,31,19,12,11
LS104EG,32,17,15,14
LS104EH,20,11,9,7
LS104EJ,28,10,18,9
LS104EL,36,19,17,10
LS104EN,34,10,24,9
LS104EP,62,28,34,28
LS104EQ,32,17,15,13
LS104ER,56,23,33,25
LS104ES,111,49,62,47
LS104ET,2,0,2,1
LS104EU,26,9,17,12
LS104EW,32,14,18,12
LS104EX,31,15,16,14
LS104EY,86,46,40,42
LS104EZ,29,18,11,12
LS104FD,10,4,6,6
LS104FF,23,10,13,17
LS104FG,81,44,37,25
LS104FH,74,33,41,46
LS104FJ,10,6,4,5
LS104FL,16,8,8,6
LS104FN,78,34,44,31
LS104FP,47,24,23,18
LS104FQ,56,30,26,22
LS104FR,47,23,24,19
LS104GA,23,12,11,16
LS104GE,42,19,23,23
LS104GF,26,10,16,11
LS104GG,157,85,72,57
LS104GH,177,85,92,94
LS104GJ,20,10,10,10
LS104GL,35,20,15,12
LS104GN,65,33,32,20
LS104GP,42,21,21,18
LS104GQ,43,23,20,22
LS104GS,61,30,31,22
LS104GT,109,52,57,43
LS104GU,33,18,15,14
LS104GW,75,38,37,35
LS104GY,35,20,15,15
LS104GZ,117,50,67,52
LS104HD,36,19,17,15
LS104HE,108,47,61,38
LS104HF,92,53,39,29
LS104HG,30,13,17,14
LS104HH,72,34,38,31
LS104HJ,97,44,53,32
LS104HL,83,38,45,35
LS104HN,68,29,39,27
LS104HP,85,39,46,33
LS104HQ,30,14,16,10
LS104HR,47,25,22,19
LS104HS,33,13,20,10
LS104HT,51,25,26,18
LS104HW,71,37,34,31
LS104HX,18,7,11,0
LS104HZ,3,2,1,1
LS104JA,4,2,2,2
LS104JB,36,9,27,30
LS104JD,51,26,25,17
LS104JE,90,49,41,39
LS104JF,37,17,20,14
LS104JG,194,95,99,81
LS104JH,95,39,56,40
LS104JJ,78,34,44,36
LS104JL,19,11,8,9
LS104JN,26,9,17,10
LS104JP,23,11,12,11
LS104JQ,44,10,34,39
LS104JR,30,14,16,12
LS104JS,2,1,1,1
LS104JT,100,49,51,42
LS104JU,96,47,49,46
LS104JW,38,22,16,15
LS104JX,12,8,4,12
LS104JY,49,24,25,18
LS104JZ,30,16,14,12
LS104LA,138,71,67,49
LS104LB,22,5,17,10
LS104LD,55,29,26,21
LS104LE,44,21,23,17
LS104LF,15,5,10,8
LS104LG,94,38,56,36
LS104LH,111,48,63,44
LS104LJ,52,29,23,18
LS104LL,100,51,49,42
LS104LN,78,27,51,38
LS104LP,180,85,95,68
LS104LQ,93,41,52,40
LS104LR,24,15,9,10
LS104LS,10,7,3,5
LS104LT,15,7,8,4
LS104LU,9,5,4,4
LS104LW,148,70,78,60
LS104LX,13,7,6,5
LS104LZ,49,24,25,28
LS104NA,10,5,5,4
LS104NB,163,64,99,70
LS104ND,78,42,36,28
LS104NE,46,23,23,20
LS104NF,118,57,61,55
LS104NG,161,80,81,66
LS104NH,2,1,1,1
LS104NJ,27,13,14,10
LS104NL,19,10,9,7
LS104NN,38,21,17,17
LS104NP,70,30,40,32
LS104NQ,26,14,12,14
LS104NR,21,9,12,6
LS104NS,19,6,13,11
LS104NT,76,40,36,57
LS104NU,12,7,5,6
LS104NW,81,41,40,26
LS104NX,40,22,18,18
LS104NY,43,19,24,21
LS104NZ,21,10,11,8
LS104PA,106,59,47,38
LS104PB,63,31,32,37
LS104PD,80,38,42,36
LS104PE,16,9,7,5
LS104PF,58,30,28,29
LS104PG,39,22,17,15
LS104PH,46,19,27,20
LS104PL,64,31,33,24
LS104PN,38,17,21,16
LS104PP,19,9,10,11
LS104PQ,11,7,4,4
LS104PR,99,43,56,46
LS104PS,51,25,26,19
LS104PT,132,56,76,53
LS104PU,141,70,71,53
LS104PW,16,7,9,8
LS104PX,23,13,10,17
LS104PY,7,3,4,6
LS104PZ,39,18,21,13
LS104QA,22,8,14,15
LS104QB,88,35,53,32
LS104QD,48,23,25,18
LS104QE,1,1,0,1
LS104QF,34,12,22,13
LS104QG,62,23,39,28
LS104QH,40,13,27,26
LS104QJ,70,33,37,31
LS104QL,68,31,37,32
LS104QN,35,16,19,16
LS104QP,41,21,20,22
LS104QQ,8,2,6,6
LS104QR,42,19,23,22
LS104QS,15,7,8,9
LS104QT,28,14,14,12
LS104QU,87,45,42,39
LS104QW,32,17,15,14
LS104QY,69,32,37,32
LS104QZ,128,64,64,56
LS104RA,41,27,14,30
LS104RB,35,17,18,20
LS104RD,28,17,11,21
LS104RF,26,12,14,9
LS104RG,40,23,17,18
LS104RH,34,16,18,21
LS104RJ,32,17,15,17
LS104RL,41,21,20,18
LS104RN,48,28,20,28
LS104RP,41,20,21,20
LS104RQ,44,22,22,22
LS104RR,56,24,32,28
LS104RS,2,1,1,1
LS104RT,29,13,16,16
LS104RU,43,19,24,18
LS104RW,40,21,19,22
LS104RX,46,23,23,20
LS104RY,30,12,18,13
LS104RZ,44,24,20,20
LS104SA,56,32,24,36
LS104SB,22,13,9,18
LS104SD,53,28,25,31
LS104SE,72,39,33,36
LS104SF,36,16,20,16
LS104SG,28,13,15,11
LS104SH,20,10,10,8
LS104SJ,25,14,11,11
LS104SN,106,46,60,43
LS104SP,112,51,61,54
LS104SQ,36,17,19,19
LS104SR,22,9,13,15
LS104SS,90,39,51,39
LS104ST,44,21,23,15
LS104SU,147,75,72,48
LS104SW,2,1,1,2
LS104SX,26,12,14,12
LS104SY,26,7,19,13
LS104SZ,97,47,50,37
LS104TA,10,6,4,4
LS104TB,77,39,38,32
LS104TD,120,59,61,44
LS104TE,19,7,12,7
LS104TF,52,26,26,19
LS104TG,87,46,41,38
LS104TH,55,20,35,21
LS104TJ,109,47,62,35
LS104TL,13,8,5,10
LS104TN,33,18,15,14
LS104TP,28,11,17,11
LS104TR,32,16,16,11
LS104TS,91,40,51,31
LS104TU,34,14,20,15
LS104TW,14,7,7,7
LS104TX,133,63,70,50
LS104TY,24,12,12,7
LS104TZ,25,12,13,14
LS104UB,12,7,5,0
LS104UD,16,5,11,15
LS104UE,17,9,8,7
LS104UF,49,24,25,27
LS104UG,100,44,56,48
LS104UH,43,20,23,17
LS104UJ,76,41,35,26
LS104UL,79,42,37,32
LS104UN,80,45,35,32
LS104UP,128,66,62,59
LS104UQ,91,49,42,35
LS104UR,28,16,12,11
LS104UT,78,35,43,27
LS104UW,77,40,37,22
LS110AD,5,3,2,3
LS110AE,29,16,13,17
LS110AF,3,2,1,2
LS110AG,9,6,3,7
LS110AH,25,14,11,13
LS110AJ,43,26,17,27
LS110AL,48,28,20,24
LS110AN,81,50,31,45
LS110AP,105,53,52,49
LS110AQ,11,9,2,10
LS110AR,60,39,21,40
LS110AS,60,36,24,38
LS110AT,49,25,24,24
LS110AU,24,12,12,13
LS110AW,105,64,41,55
LS110AX,46,26,20,39
LS110AY,11,6,5,8
LS110BH,8,3,5,5
LS110BP,18,9,9,8
LS110BR,16,9,7,11
LS110BS,9,5,4,6
LS110BU,16,12,4,10
LS110BW,43,25,18,24
LS110BX,21,14,7,15
LS110BY,28,13,15,16
LS110BZ,38,22,16,17
LS110DA,29,14,15,19
LS110DB,47,29,18,25
LS110DD,82,43,39,34
LS110DE,86,38,48,32
LS110DF,71,25,46,30
LS110DG,94,46,48,37
LS110DQ,93,40,53,27
LS110DS,1,1,0,1
LS110EW,1,1,0,1
LS110HH,36,16,20,15
LS110HL,41,23,18,29
LS110HP,17,12,5,17
LS110HQ,184,80,104,75
LS110HT,24,12,12,13
LS110HW,5,3,2,2
LS110HX,170,81,89,75
LS110HZ,125,53,72,49
LS110JA,115,54,61,42
LS110JB,59,25,34,29
LS110JD,82,32,50,29
LS110JG,31,16,15,13
LS110JH,102,62,40,71
LS110JJ,97,57,40,71
LS110JL,102,64,38,73
LS110JN,95,65,30,71
LS110JP,141,67,74,58
LS110JR,28,16,12,13
LS110JS,56,28,28,21
LS110JT,117,53,64,45
LS110JU,43,19,24,13
LS110JX,40,19,21,15
LS110JZ,55,21,34,21
LS110LA,52,20,32,19
LS110LB,111,53,58,39
LS110LD,118,49,69,41
LS110LE,12,5,7,5
LS110LF,116,48,68,43
LS110LG,18,9,9,10
LS110LH,73,34,39,28
LS110LJ,121,55,66,52
LS110LL,57,25,32,21
LS110LN,84,49,35,40
LS110LP,26,8,18,14
LS110LQ,18,7,11,8
LS115BF,88,47,41,38
LS115BJ,3,1,2,1
LS115BP,1,1,0,1
LS115BW,18,10,8,11
LS115DA,11,5,6,4
LS115DT,18,10,8,6
LS115DU,34,11,23,26
LS115DX,34,14,20,17
LS115EG,44,26,18,11
LS115EH,8,6,2,3
LS115EL,35,20,15,19
LS115EN,84,39,45,41
LS115EP,77,30,47,40
LS115EQ,2,1,1,1
LS115ES,78,42,36,41
LS115ET,117,57,60,66
LS115EU,53,27,26,26
LS115EW,77,38,39,37
LS115EY,47,22,25,26
LS115HA,166,90,76,76
LS115HD,76,38,38,44
LS115HE,76,38,38,42
LS115HF,74,37,37,42
LS115HH,2,1,1,1
LS115HJ,69,36,33,28
LS115HN,5,5,0,4
LS115HP,92,45,47,45
LS115HQ,81,44,37,30
LS115HR,6,3,3,6
LS115HS,46,28,18,25
LS115HU,20,12,8,10
LS115HX,34,19,15,15
LS115HY,16,6,10,8
LS115HZ,15,10,5,11
LS115JE,14,4,10,8
LS115JF,13,9,4,8
LS115JH,15,8,7,7
LS115JR,21,10,11,10
LS115JS,12,5,7,7
LS115JT,6,3,3,4
LS115JU,16,6,10,7
LS115JX,91,42,49,38
LS115LD,4,3,1,1
LS115LE,110,48,62,38
LS115LF,48,21,27,21
LS115LG,7,5,2,4
LS115LR,3,1,2,1
LS115LZ,9,4,5,4
LS115NG,69,38,31,31
LS115NN,24,13,11,12
LS115NQ,2,1,1,1
LS115NR,54,23,31,48
LS115NS,21,11,10,16
LS115NW,4,1,3,2
LS115NY,54,21,33,22
LS115PA,9,4,5,7
LS115PB,26,13,13,14
LS115PD,19,10,9,12
LS115PE,15,5,10,9
LS115PG,18,12,6,10
LS115PL,229,138,91,177
LS115PQ,30,17,13,13
LS115PS,3,1,2,2
LS115QX,6,3,3,3
LS115QY,39,23,16,18
LS115QZ,74,38,36,29
LS115RA,72,31,41,21
LS115RB,128,59,69,44
LS115RD,66,30,36,25
LS115RE,25,12,13,16
LS115RF,19,7,12,6
LS115RG,8,4,4,3
LS115RH,66,29,37,37
LS115RJ,46,24,22,21
LS115RL,44,24,20,18
LS115RN,108,50,58,50
LS115RP,20,8,12,8
LS115RQ,80,40,40,44
LS115RR,94,44,50,40
LS115RS,79,46,33,30
LS115RT,47,28,19,23
LS115RW,25,12,13,11
LS115RX,96,44,52,44
LS115RY,123,64,59,49
LS115RZ,29,14,15,10
LS115SA,26,12,14,11
LS115SB,14,6,8,7
LS115SD,27,12,15,14
LS115SG,82,46,36,36
LS115SH,14,8,6,7
LS115SJ,29,16,13,12
LS115SL,38,20,18,16
LS115SQ,96,46,50,45
LS115TP,41,20,21,17
LS115TR,79,33,46,42
LS115TS,50,28,22,28
LS115TT,5,2,3,3
LS115TU,2,1,1,1
LS115TW,101,45,56,47
LS115TZ,3,2,1,2
LS115UL,92,44,48,56
LS115UN,58,22,36,48
LS115UP,67,34,33,51
LS115UR,62,40,22,48
LS115UT,20,13,7,12
LS115UW,66,35,31,47
LS115WF,93,46,47,62
LS115WG,8,5,3,4
LS115WH,4,4,0,4
LS115XG,83,41,42,26
LS115XH,18,10,8,8
LS115XJ,25,10,15,11
LS115XL,78,38,40,31
LS115XQ,52,27,25,21
LS116AB,17,11,6,3
LS116AD,92,64,28,60
LS116AE,71,46,25,39
LS116AF,71,31,40,27
LS116AG,57,33,24,28
LS116AL,48,28,20,19
LS116AN,8,4,4,2
LS116AP,53,32,21,35
LS116AQ,21,13,8,7
LS116AR,8,5,3,5
LS116AS,2,1,1,1
LS116AU,78,41,37,23
LS116AW,39,17,22,18
LS116AZ,57,33,24,14
LS116BA,27,18,9,8
LS116BB,30,13,17,13
LS116BD,39,20,19,19
LS116BE,7,3,4,4
LS116BG,4,2,2,2
LS116BH,18,13,5,6
LS116BJ,7,6,1,5
LS116BQ,5,2,3,1
LS116BT,72,34,38,30
LS116BU,48,24,24,21
LS116BX,42,15,27,19
LS116BY,19,9,10,10
LS116BZ,39,20,19,10
LS116DA,37,22,15,13
LS116DB,46,23,23,16
LS116DD,20,11,9,8
LS116DE,94,45,49,27
LS116DF,21,7,14,10
LS116DG,38,15,23,16
LS116DH,42,12,30,13
LS116DJ,29,15,14,10
LS116DP,9,6,3,6
LS116DQ,50,27,23,20
LS116DS,2,2,0,1
LS116DW,51,29,22,21
LS116DX,8,4,4,2
LS116DY,27,13,14,12
LS116DZ,35,19,16,13
LS116EA,4,3,1,4
LS116EB,61,33,28,15
LS116ED,9,4,5,6
LS116EE,64,36,28,24
LS116EF,72,32,40,16
LS116EG,130,69,61,26
LS116EH,45,29,16,24
LS116EJ,37,26,11,19
LS116EL,37,20,17,20
LS116EN,67,39,28,40
LS116EP,34,14,20,17
LS116EQ,37,24,13,16
LS116ER,44,30,14,25
LS116ES,3,2,1,1
LS116EU,20,12,8,6
LS116EW,54,30,24,23
LS116EX,29,14,15,20
LS116EY,84,45,39,22
LS116EZ,33,20,13,12
LS116HA,115,60,55,38
LS116HB,35,19,16,18
LS116HD,17,11,6,7
LS116HE,16,9,7,8
LS116HF,41,21,20,24
LS116HG,15,8,7,4
LS116HH,40,21,19,15
LS116HL,119,68,51,40
LS116HN,3,2,1,2
LS116HP,34,14,20,7
LS116HR,69,37,32,29
LS116HS,48,19,29,15
LS116HT,76,41,35,27
LS116HU,45,29,16,27
LS116HW,33,23,10,23
LS116HX,43,26,17,24
LS116HY,53,25,28,25
LS116HZ,18,7,11,11
LS116JA,19,13,6,13
LS116JB,19,8,11,11
LS116JD,23,12,11,10
LS116JE,249,135,114,75
LS116JF,75,34,41,30
LS116JG,190,95,95,58
LS116JH,38,20,18,11
LS116JJ,5,3,2,1
LS116JN,134,69,65,40
LS116JP,116,53,63,25
LS116JQ,8,5,3,4
LS116JR,32,19,13,17
LS116JS,27,14,13,9
LS116JT,11,4,7,2
LS116JU,44,26,18,15
LS116JX,43,20,23,23
LS116JY,43,23,20,27
LS116JZ,16,7,9,11
LS116LA,4,2,2,2
LS116LD,11,4,7,10
LS116LE,45,25,20,20
LS116LF,62,29,33,36
LS116LG,69,38,31,39
LS116LH,42,22,20,20
LS116LJ,21,10,11,8
LS116LL,3,2,1,3
LS116LN,75,33,42,22
LS116LP,125,69,56,35
LS116LQ,49,26,23,17
LS116LU,13,7,6,6
LS116LX,12,5,7,7
LS116LY,31,18,13,14
LS116LZ,51,35,16,27
LS116NA,45,24,21,23
LS116NB,27,14,13,13
LS116NF,40,18,22,21
LS116NH,96,41,55,46
LS116NJ,58,26,32,33
LS116NL,46,25,21,37
LS116NN,113,62,51,53
LS116NR,30,15,15,8
LS116NS,69,30,39,32
LS116NT,76,37,39,30
LS116QY,21,13,8,7
LS116QZ,50,31,19,34
LS116RA,28,13,15,11
LS116RB,33,15,18,20
LS116RD,67,37,30,35
LS116RX,2,1,1,1
LS116TA,97,47,50,41
LS116TB,30,19,11,21
LS116TD,5,4,1,5
LS116TE,85,37,48,27
LS116TF,38,17,21,15
LS116TL,12,6,6,10
LS116TN,38,18,20,22
LS116TR,37,15,22,13
LS116TS,45,20,25,18
LS116TT,37,16,21,0
LS116TW,74,38,36,24
LS116TY,129,71,58,59
LS117AA,1,1,0,1
LS117AB,85,46,39,32
LS117AD,33,17,16,15
LS117AE,116,61,55,43
LS117AF,34,20,14,16
LS117AG,58,29,29,20
LS117AH,13,3,10,5
LS117AJ,25,11,14,10
LS117AL,24,11,13,14
LS117AN,96,67,29,45
LS117AP,79,50,29,23
LS117AQ,127,67,60,42
LS117AR,86,50,36,36
LS117AS,95,49,46,28
LS117AW,157,84,73,65
LS117AX,127,79,48,42
LS117AY,58,35,23,14
LS117AZ,17,11,6,9
LS117BA,64,39,25,27
LS117BD,4,2,2,1
LS117BE,100,54,46,32
LS117BG,104,60,44,48
LS117BH,86,47,39,27
LS117BJ,35,16,19,19
LS117BL,83,38,45,25
LS117BN,86,50,36,27
LS117BP,9,4,5,5
LS117BQ,106,56,50,46
LS117BR,82,40,42,34
LS117BS,99,51,48,28
LS117BT,149,71,78,56
LS117BU,37,18,19,18
LS117BW,104,54,50,39
LS117BX,10,7,3,6
LS117BY,14,7,7,6
LS117BZ,24,12,12,9
LS117DA,20,9,11,10
LS117DB,77,30,47,26
LS117DG,204,107,97,76
LS117DH,151,85,66,46
LS117DJ,15,9,6,11
LS117DL,91,47,44,23
LS117DN,116,72,44,44
LS117DP,81,38,43,28
LS117DQ,39,24,15,21
LS117DR,60,28,32,32
LS117DS,138,76,62,40
LS117DT,58,33,25,25
LS117DU,23,10,13,7
LS117DW,22,8,14,9
LS117DX,132,67,65,42
LS117DY,18,6,12,11
LS117DZ,41,22,19,23
LS117EA,50,35,15,26
LS117EB,89,49,40,42
LS117ED,75,42,33,26
LS117EE,36,16,20,9
LS117EF,13,9,4,9
LS117EG,73,34,39,21
LS117EH,99,56,43,34
LS117EJ,61,34,27,19
LS117EL,84,43,41,32
LS117EN,89,45,44,29
LS117EQ,140,77,63,65
LS117ES,87,43,44,34
LS117ET,93,43,50,38
LS117EU,115,62,53,43
LS117EX,92,44,48,37
LS117EY,38,17,21,16
LS117EZ,24,11,13,6
LS117HA,30,14,16,13
LS117HB,38,21,17,14
LS117HD,38,22,16,21
LS117HE,26,11,15,8
LS117HF,14,6,8,6
LS117HG,90,43,47,39
LS117HH,30,15,15,13
LS117HJ,32,18,14,19
LS117HL,1,0,1,1
LS117HP,49,22,27,22
LS117HQ,30,14,16,12
LS117HR,92,35,57,34
LS117HS,61,29,32,22
LS117HT,73,38,35,28
LS117HU,78,39,39,29
LS117HW,40,21,19,11
LS117HX,1,1,0,1
LS117HY,115,57,58,39
LS117HZ,45,18,27,21
LS117JA,134,59,75,59
LS117JB,73,36,37,33
LS117JD,33,16,17,13
LS117JE,35,20,15,16
LS117JF,55,24,31,23
LS117JG,23,11,12,9
LS117JH,8,3,5,5
LS117JJ,175,79,96,81
LS117JL,80,35,45,37
LS117JN,190,106,84,84
LS117JP,51,23,28,22
LS117JQ,42,25,17,15
LS117JR,99,60,39,37
LS117JS,84,44,40,29
LS117JT,49,23,26,23
LS117JW,73,35,38,34
LS117JX,23,13,10,9
LS117LA,54,25,29,19
LS117LB,40,25,15,19
LS117LD,27,13,14,10
LS117LE,63,29,34,26
LS117LF,3,1,2,2
LS117LG,21,9,12,10
LS117LH,26,12,14,12
LS117LJ,5,3,2,4
LS117LL,81,40,41,27
LS117LN,62,31,31,20
LS117LP,3,1,2,2
LS117LQ,26,14,12,12
LS117LR,12,7,5,7
LS117LS,74,43,31,44
LS117LT,108,57,51,59
LS117LU,71,38,33,30
LS117LW,73,34,39,28
LS117LX,11,8,3,3
LS117LY,12,6,6,8
LS117LZ,16,9,7,10
LS117ND,96,52,44,36
LS117NE,74,39,35,36
LS117NF,12,8,4,4
LS117NG,22,12,10,8
LS117NH,35,22,13,16
LS117NJ,20,10,10,5
LS117NL,47,18,29,26
LS117NN,45,23,22,26
LS117NP,52,23,29,25
LS117NQ,78,34,44,38
LS117NR,46,22,24,24
LS117NS,42,17,25,12
LS117NT,64,27,37,37
LS117NU,42,19,23,18
LS117NW,50,21,29,24
LS117NZ,41,21,20,22
LS117PA,92,42,50,38
LS117PB,98,45,53,42
LS117PD,124,67,57,47
LS117PF,4,3,1,2
LS117PG,49,22,27,9
LS117PQ,17,7,10,10
LS118AA,35,18,17,12
LS118AB,19,9,10,8
LS118AD,32,19,13,16
LS118AE,23,14,9,8
LS118AF,37,18,19,14
LS118AG,87,33,54,31
LS118AH,146,68,78,59
LS118AJ,20,11,9,8
LS118AL,24,11,13,11
LS118AQ,20,11,9,7
LS118AR,98,45,53,55
LS118AS,5,5,0,1
LS118AT,15,6,9,5
LS118AX,3,2,1,2
LS118BB,3,2,1,1
LS118BD,93,60,33,35
LS118BE,54,37,17,35
LS118BG,19,13,6,10
LS118BX,12,5,7,6
LS118BZ,6,2,4,2
LS118DG,36,12,24,18
LS118DH,35,15,20,23
LS118DJ,73,38,35,37
LS118DL,23,14,9,10
LS118DN,23,12,11,8
LS118DP,33,15,18,12
LS118DQ,20,9,11,7
LS118DR,29,14,15,11
LS118DS,6,3,3,5
LS118DU,65,33,32,23
LS118DW,14,6,8,8
LS118DX,54,20,34,26
LS118DY,140,72,68,86
LS118DZ,13,8,5,6
LS118EA,2,2,0,2
LS118EL,3,1,2,1
LS118EN,35,17,18,17
LS118EP,42,24,18,15
LS118ER,23,12,11,13
LS118ES,42,18,24,16
LS118ET,124,62,62,57
LS118EU,67,32,35,28
LS118EW,88,43,45,36
LS118EX,32,19,13,16
LS118EY,38,22,16,12
LS118EZ,82,40,42,30
LS118HB,57,30,27,31
LS118HD,40,18,22,15
LS118HE,64,31,33,25
LS118HF,77,43,34,30
LS118HG,127,61,66,56
LS118HH,104,46,58,46
LS118HJ,30,13,17,11
LS118HL,75,36,39,38
LS118HP,12,8,4,7
LS118HQ,77,34,43,29
LS118HR,127,69,58,37
LS118HS,134,59,75,60
LS118HT,99,44,55,38
LS118HU,24,10,14,8
LS118HW,7,3,4,2
LS118HX,55,29,26,26
LS118HY,84,33,51,38
LS118HZ,6,2,4,4
LS118JA,76,36,40,27
LS118JB,90,54,36,49
LS118JE,45,24,21,23
LS118JH,115,56,59,52
LS118JL,42,20,22,17
LS118JN,8,5,3,6
LS118JP,47,23,24,20
LS118JQ,56,27,29,19
LS118JR,8,5,3,2
LS118JW,50,26,24,20
LS118LA,94,48,46,37
LS118LB,20,14,6,6
LS118LD,180,81,99,63
LS118LE,177,87,90,62
LS118LF,39,21,18,12
LS118LJ,37,18,19,11
LS118LL,1,1,0,1
LS118LN,31,13,18,16
LS118LR,14,7,7,9
LS118NY,47,22,25,25
LS118NZ,20,8,12,11
LS118PA,79,45,34,32
LS118PB,81,45,36,39
LS118PD,19,9,10,10
LS118PE,27,13,14,7
LS118PF,83,35,48,24
LS118PH,70,31,39,30
LS118PN,45,23,22,19
LS118PW,49,19,30,46
LS118QA,14,5,9,13
LS118QB,73,24,49,0
LS118QD,18,10,8,6
LS118QE,129,67,62,58
LS118QF,45,28,17,17
LS118QG,24,13,11,10
LS118QH,32,20,12,20
LS118QJ,37,22,15,17
LS118QL,40,26,14,23
LS118QP,36,16,20,20
LS118QQ,50,29,21,22
LS118QR,41,22,19,23
LS118QS,37,27,10,24
LS118QU,98,55,43,39
LS118QW,54,29,25,30
LS118QX,58,29,29,23
LS118QY,101,49,52,37
LS118RA,123,64,59,47
LS118RB,88,39,49,36
LS118RD,23,11,12,11
LS118RE,25,10,15,14
LS118RF,66,29,37,33
LS118RG,33,13,20,15
LS118RP,1,0,1,1
LS118RQ,2,1,1,2
LS118RS,72,32,40,59
LS118RT,24,14,10,24
LS118RW,138,67,71,51
LS118SB,24,13,11,12
LS118SG,14,6,8,6
LS118SQ,48,24,24,26
LS118ST,8,6,2,5
LS118SU,132,71,61,47
LS118SX,25,11,14,10
LS118SY,64,36,28,37
LS118TH,19,9,10,11
LS118TL,61,27,34,36
LS118TN,34,18,16,17
LS118TP,57,26,31,22
LS118TR,24,12,12,8
LS118TS,10,6,4,2
LS118TT,11,8,3,7
LS118TU,26,11,15,11
LS118TW,53,27,26,26
LS118TY,62,28,34,26
LS118TZ,30,10,20,12
LS118UA,63,31,32,24
LS118UB,37,16,21,17
LS118UD,101,40,61,41
LS118UE,24,10,14,13
LS118UF,15,7,8,9
LS118UG,31,14,17,16
LS118UH,81,42,39,26
LS118UJ,81,40,41,31
LS118UL,41,20,21,18
LS118UN,40,19,21,17
LS118UQ,108,49,59,42
LS118UR,66,29,37,27
LS118UT,44,21,23,28
LS119AB,32,16,16,18
LS119AW,1,1,0,1
LS119BE,88,53,35,55
LS119BF,98,55,43,62
LS119BG,128,78,50,74
LS119BJ,71,42,29,42
LS119BN,102,65,37,77
LS119BR,96,60,36,68
LS119BT,125,73,52,85
LS119BU,13,7,6,8
LS119LA,16,9,7,9
LS119LB,52,28,24,29
LS119LD,112,61,51,55
LS119LF,104,58,46,56
LS119LG,37,19,18,21
LS119LH,5,3,2,1
LS119LJ,38,19,19,19
LS119LL,37,20,17,19
LS119LP,3,3,0,2
LS119LQ,70,42,28,35
LS119LR,31,17,14,18
LS119LS,10,4,6,6
LS119LT,51,30,21,22
LS119LU,34,18,16,19
LS119LX,44,26,18,23
LS119LY,1,1,0,1
LS119LZ,53,24,29,24
LS119NA,9,5,4,4
LS119NB,16,4,12,13
LS119NJ,46,30,16,21
LS119NR,5,3,2,2
LS119NT,4,3,1,3
LS119NU,27,14,13,14
LS119NX,22,14,8,8
LS119PF,67,35,32,26
LS119PG,21,12,9,15
LS119PN,12,5,7,8
LS119PX,72,40,32,46
LS119PY,87,49,38,55
LS119PZ,12,7,5,5
LS119QA,58,29,29,31
LS119QB,22,8,14,12
LS119QF,126,71,55,60
LS119QH,44,16,28,25
LS119QJ,50,26,24,19
LS119QQ,24,11,13,12
LS119QU,50,21,29,20
LS119QX,2,2,0,2
LS119QY,28,13,15,10
LS119RE,56,27,29,21
LS119RH,26,14,12,8
LS119RQ,40,22,18,11
LS119SA,56,25,31,32
LS119SB,45,21,24,21
LS119SD,26,10,16,17
LS119SE,62,35,27,29
LS119SG,13,12,1,7
LS119SR,7,5,2,3
LS119UA,2,1,1,1
LS121AB,36,21,15,24
LS121AU,33,12,21,19
LS121BS,19,19,0,0
LS121DD,41,29,12,26
LS121DE,86,52,34,57
LS121DF,148,78,70,85
LS121DH,89,50,39,57
LS121DJ,54,32,22,34
LS121DL,55,34,21,36
LS121DN,58,38,20,41
LS121DP,155,95,60,88
LS121DQ,57,36,21,36
LS121DW,119,71,48,68
LS121DX,22,11,11,8
LS121EJ,27,12,15,11
LS121HA,58,35,23,37
LS121HG,1,1,0,1
LS121HH,22,14,8,9
LS121HJ,49,30,19,22
LS121HL,71,33,38,30
LS121HN,23,10,13,9
LS121HP,69,32,37,42
LS121HQ,51,31,20,21
LS121HS,39,19,20,32
LS121HU,7,3,4,3
LS121HW,14,7,7,9
LS121JF,58,40,18,45
LS121JG,68,47,21,51
LS121JH,77,47,30,48
LS121JQ,64,45,19,44
LS121JZ,51,13,38,1
LS121LA,102,44,58,53
LS121LB,131,53,78,56
LS121LD,172,79,93,68
LS121LX,36,19,17,10
LS121LY,39,19,20,16
LS121LZ,18,9,9,7
LS121NF,66,39,27,37
LS121NG,4,2,2,2
LS121NH,42,28,14,23
LS121NJ,47,30,17,17
LS121NQ,14,8,6,8
LS121NR,107,50,57,38
LS121NW,4,2,2,3
LS121PL,32,11,21,12
LS121PN,13,8,5,4
LS121PQ,18,9,9,11
LS121PS,5,1,4,3
LS121PT,84,31,53,40
LS121PU,52,23,29,28
LS121PW,1,1,0,1
LS121QB,25,14,11,7
LS121QG,76,35,41,29
LS121QJ,32,16,16,10
LS121QN,21,9,12,10
LS121QR,66,26,40,30
LS121QS,40,16,24,27
LS121QT,16,5,11,11
LS121QU,35,18,17,20
LS121QW,8,5,3,7
LS121QX,34,20,14,11
LS121RR,21,12,9,7
LS121SH,15,5,10,8
LS121SJ,10,6,4,9
LS121SL,129,69,60,46
LS121SN,6,3,3,3
LS121SQ,34,14,20,13
LS121SR,4,3,1,1
LS121ST,20,12,8,9
LS121SW,1,0,1,1
LS121SY,62,33,29,32
LS121TE,1,0,1,1
LS121TG,12,5,7,4
LS121TJ,55,25,30,21
LS121TN,38,17,21,17
LS121TP,36,16,20,16
LS121TQ,26,14,12,14
LS121TR,21,9,12,11
LS121TS,37,18,19,14
LS121TT,14,6,8,6
LS121TU,24,11,13,13
LS121TW,54,28,26,19
LS121TX,15,5,10,9
LS121TZ,8,3,5,7
LS121UA,44,20,24,15
LS121UD,64,33,31,24
LS121UE,9,4,5,2
LS121UH,48,28,20,24
LS121UJ,14,6,8,5
LS121UL,55,26,29,42
LS121UN,107,60,47,36
LS121UP,34,17,17,12
LS121UR,18,10,8,7
LS121UT,4,0,4,2
LS121UU,25,13,12,15
LS121UW,19,11,8,7
LS121UX,1,0,1,1
LS121UZ,17,7,10,6
LS121XB,8,4,4,3
LS121XD,14,6,8,8
LS121XE,26,14,12,11
LS121XG,108,54,54,40
LS121XH,31,19,12,17
LS121XN,71,49,22,54
LS121XP,71,51,20,47
LS121XQ,69,33,36,27
LS121XR,73,44,29,44
LS121XW,90,62,28,49
LS121XX,46,21,25,18
LS121XY,49,19,30,20
LS121XZ,33,14,19,12
LS121YA,46,23,23,24
LS121YB,18,7,11,10
LS121YD,42,24,18,18
LS121YE,47,20,27,16
LS121YF,32,18,14,11
LS121YG,24,13,11,11
LS121YH,32,23,9,16
LS121YJ,60,26,34,30
LS121YL,17,9,8,8
LS121YN,15,9,6,6
LS121YQ,32,10,22,13
LS121YW,34,17,17,28
LS122AB,1,1,0,1
LS122AD,7,4,3,3
LS122AL,20,8,12,10
LS122AP,28,16,12,19
LS122AR,96,52,44,34
LS122AS,53,33,20,18
LS122AT,106,53,53,50
LS122AU,88,43,45,27
LS122AW,52,26,26,21
LS122AY,48,30,18,20
LS122AZ,38,20,18,14
LS122BA,31,15,16,16
LS122BB,35,14,21,16
LS122BD,35,16,19,16
LS122BE,13,6,7,7
LS122BG,7,3,4,4
LS122BH,93,46,47,44
LS122BL,3,1,2,3
LS122BN,96,53,43,37
LS122BP,113,65,48,37
LS122BQ,7,1,6,5
LS122BR,11,4,7,5
LS122BS,72,31,41,34
LS122BT,62,29,33,30
LS122BU,77,42,35,39
LS122BW,102,53,49,39
LS122BX,28,13,15,14
LS122BY,4,2,2,1
LS122BZ,40,30,10,12
LS122DA,30,13,17,9
LS122DB,50,26,24,24
LS122DD,49,25,24,15
LS122DE,17,12,5,4
LS122DF,72,36,36,35
LS122DG,21,11,10,11
LS122DH,45,21,24,22
LS122DP,3,0,3,1
LS122DQ,67,34,33,31
LS122DS,3,0,3,1
LS122HE,9,7,2,0
LS122HH,52,23,29,21
LS122HJ,15,7,8,8
LS122HL,94,57,37,30
LS122HN,154,75,79,56
LS122HS,73,34,39,25
LS122HT,31,16,15,20
LS122HU,52,27,25,26
LS122HX,46,20,26,20
LS122HY,25,9,16,10
LS122HZ,17,8,9,5
LS122JA,33,15,18,17
LS122JB,126,58,68,45
LS122JD,142,62,80,49
LS122JE,71,34,37,27
LS122JG,51,24,27,18
LS122JH,19,9,10,7
LS122JJ,88,43,45,33
LS122JN,109,56,53,42
LS122JP,21,10,11,10
LS122JQ,42,21,21,18
LS122JR,44,24,20,20
LS122JS,19,6,13,11
LS122JT,27,13,14,14
LS122JU,22,14,8,12
LS122JW,16,9,7,5
LS122JX,72,35,37,31
LS122JY,13,6,7,7
LS122JZ,72,44,28,39
LS122LD,5,4,1,4
LS122LJ,15,6,9,5
LS122LL,10,4,6,6
LS122LN,56,37,19,45
LS122LW,67,40,27,45
LS122LX,12,7,5,9
LS122LY,1,1,0,1
LS122NG,5,2,3,2
LS122NH,33,14,19,15
LS122NJ,16,9,7,13
LS122NL,26,16,10,14
LS122NN,7,6,1,5
LS122NP,64,28,36,30
LS122NQ,32,14,18,17
LS122NR,11,7,4,9
LS122NS,50,28,22,17
LS122NT,16,12,4,8
LS122NU,67,35,32,44
LS122NW,9,7,2,8
LS122NX,54,27,27,34
LS122NY,49,29,20,28
LS122NZ,66,38,28,33
LS122PA,51,25,26,35
LS122PB,45,24,21,31
LS122PD,31,11,20,20
LS122PE,3,0,3,3
LS122PF,22,13,9,11
LS122PG,29,14,15,12
LS122PH,28,14,14,17
LS122PJ,32,19,13,18
LS122PQ,29,14,15,16
LS122QS,51,25,26,24
LS122QT,36,21,15,14
LS122QU,8,4,4,5
LS122QX,3,2,1,1
LS122QY,67,38,29,29
LS122QZ,27,13,14,15
LS122RD,72,36,36,43
LS122RE,64,33,31,27
LS122RF,24,12,12,17
LS122RG,52,28,24,27
LS122RH,43,22,21,21
LS122RJ,26,13,13,12
LS122RL,98,47,51,38
LS122RN,28,16,12,22
LS122RP,89,43,46,36
LS122RQ,85,43,42,33
LS122RR,108,53,55,43
LS122RT,52,19,33,18
LS122RU,76,38,38,25
LS122RW,107,52,55,45
LS122RX,71,36,35,29
LS122RY,117,59,58,37
LS122RZ,33,15,18,12
LS122SA,23,6,17,11
LS122SB,60,32,28,25
LS122SD,23,13,10,7
LS122SE,10,5,5,6
LS122SF,104,52,52,34
LS122SG,41,19,22,14
LS122SP,15,6,9,5
LS122SR,13,5,8,12
LS122SS,8,4,4,6
LS122ST,17,9,8,8
LS122SU,42,24,18,25
LS122SX,12,3,9,7
LS122SY,16,8,8,7
LS122SZ,53,21,32,21
LS122TB,54,24,30,18
LS122TE,28,14,14,9
LS122TF,43,27,16,29
LS122TH,26,13,13,10
LS122TJ,480,479,1,1
LS122TQ,38,16,22,14
LS122UB,45,19,26,16
LS122UD,46,21,25,21
LS123AA,17,9,8,8
LS123AB,1,1,0,1
LS123AG,17,8,9,8
LS123AH,5,3,2,1
LS123AJ,20,13,7,6
LS123AQ,8,4,4,2
LS123AX,28,15,13,16
LS123AY,4,3,1,3
LS123AZ,2,1,1,1
LS123BA,23,14,9,16
LS123BG,13,10,3,11
LS123BH,2,2,0,1
LS123BN,35,21,14,29
LS123BW,71,42,29,50
LS123BX,29,11,18,12
LS123DA,1,0,1,1
LS123DE,3,1,2,3
LS123DF,30,15,15,12
LS123DH,89,39,50,52
LS123DJ,1,1,0,1
LS123DR,23,10,13,9
LS123DS,23,11,12,15
LS123DU,70,38,32,32
LS123DX,142,91,51,74
LS123DY,35,17,18,19
LS123DZ,51,27,24,30
LS123EA,36,23,13,19
LS123EB,48,24,24,21
LS123ED,75,35,40,34
LS123EE,56,31,25,28
LS123EF,40,22,18,26
LS123EG,28,15,13,21
LS123EH,38,19,19,21
LS123EQ,66,36,30,26
LS123EY,17,9,8,10
LS123EZ,33,16,17,21
LS123GZ,1,0,1,1
LS123HA,11,4,7,7
LS123HB,12,7,5,7
LS123HD,18,8,10,11
LS123HE,25,14,11,16
LS123HG,15,5,10,6
LS123HH,32,13,19,30
LS123HJ,6,2,4,4
LS123HL,10,6,4,4
LS123HN,6,3,3,5
LS123HP,5,4,1,1
LS123HR,12,7,5,6
LS123HT,31,21,10,11
LS123HU,12,5,7,9
LS123HW,29,16,13,24
LS123HZ,14,5,9,9
LS123JA,6,4,2,4
LS123JB,25,14,11,15
LS123JD,43,18,25,16
LS123JE,68,33,35,33
LS123JF,24,14,10,10
LS123JG,34,20,14,15
LS123JH,22,13,9,13
LS123JJ,14,9,5,8
LS123JL,27,16,11,11
LS123JN,13,6,7,6
LS123JP,39,17,22,14
LS123JR,63,33,30,19
LS123JS,19,10,9,9
LS123JT,11,8,3,7
LS123JU,10,5,5,8
LS123JW,21,12,9,14
LS123JX,8,6,2,3
LS123JY,11,6,5,6
LS123JZ,15,8,7,10
LS123LA,16,10,6,8
LS123LB,36,20,16,17
LS123LD,11,7,4,6
LS123LF,67,29,38,23
LS123LG,73,43,30,47
LS123LH,59,29,30,46
LS123LJ,70,37,33,50
LS123LN,10,5,5,7
LS123LP,101,52,49,35
LS123LQ,73,39,34,50
LS123LT,36,18,18,11
LS123LU,30,10,20,8
LS123LX,18,9,9,5
LS123NA,36,24,12,20
LS123NB,73,37,36,36
LS123ND,4,2,2,2
LS123NE,48,24,24,22
LS123NF,33,19,14,14
LS123NG,33,17,16,14
LS123NH,29,15,14,13
LS123NJ,9,5,4,4
LS123NL,57,30,27,25
LS123NN,55,27,28,28
LS123NP,121,69,52,61
LS123NQ,9,4,5,7
LS123NR,36,20,16,19
LS123NS,6,4,2,2
LS123NT,22,12,10,10
LS123NU,2,1,1,1
LS123NW,87,51,36,37
LS123NX,53,25,28,44
LS123NY,72,35,37,54
LS123NZ,30,16,14,8
LS123PA,49,20,29,22
LS123PB,43,23,20,15
LS123PD,38,18,20,12
LS123PE,30,16,14,12
LS123PF,24,12,12,9
LS123PG,19,8,11,6
LS123PH,7,3,4,4
LS123PJ,64,32,32,26
LS123PL,57,29,28,25
LS123PN,5,2,3,2
LS123PP,12,6,6,6
LS123PQ,48,25,23,17
LS123PR,37,21,16,13
LS123PT,11,5,6,6
LS123PU,7,3,4,4
LS123PW,107,55,52,45
LS123PY,5,2,3,3
LS123PZ,31,18,13,20
LS123QA,84,45,39,27
LS123QB,95,42,53,47
LS123QD,20,11,9,11
LS123QF,17,7,10,4
LS123QH,103,43,60,36
LS123QJ,43,18,25,24
LS123QL,88,39,49,34
LS123QN,178,87,91,61
LS123QP,73,34,39,32
LS123QQ,34,14,20,16
LS123QT,51,27,24,25
LS123QU,10,6,4,6
LS123QW,63,34,29,31
LS123QX,55,27,28,23
LS123QY,68,33,35,23
LS123QZ,25,12,13,13
LS123RA,9,4,5,5
LS123RB,29,16,13,14
LS123RD,65,31,34,31
LS123RE,61,25,36,31
LS123RF,33,18,15,14
LS123RG,35,23,12,16
LS123RH,36,21,15,19
LS123RL,66,42,24,32
LS123RN,29,14,15,14
LS123RP,88,43,45,43
LS123RQ,31,16,15,19
LS123RR,70,34,36,31
LS123RS,18,11,7,8
LS123RU,19,9,10,7
LS123RW,117,67,50,51
LS123RX,9,3,6,6
LS123RY,34,15,19,17
LS123RZ,41,22,19,22
LS123SA,11,6,5,6
LS123SB,82,48,34,33
LS123SD,19,10,9,9
LS123SE,1,0,1,1
LS123SF,22,11,11,8
LS123SG,51,19,32,10
LS123SH,3,1,2,1
LS123SJ,30,14,16,11
LS123SL,34,14,20,12
LS123SN,201,89,112,76
LS123SP,28,14,14,11
LS123SQ,33,17,16,17
LS123SR,16,7,9,6
LS123SS,127,62,65,48
LS123ST,39,13,26,15
LS123SU,78,42,36,34
LS123SW,18,6,12,8
LS123SX,20,8,12,8
LS123SY,89,44,45,36
LS123SZ,137,69,68,67
LS123TA,54,28,26,19
LS123TB,142,76,66,47
LS123TD,27,16,11,18
LS123TE,53,22,31,22
LS123TF,97,47,50,44
LS123TG,129,67,62,59
LS123TH,27,9,18,17
LS123TJ,112,50,62,48
LS123TL,36,14,22,15
LS123TN,3,2,1,2
LS123TQ,81,42,39,39
LS123TS,32,16,16,16
LS123TT,76,43,33,60
LS123TU,24,15,9,13
LS123TW,10,6,4,7
LS123TX,21,10,11,9
LS123TY,73,53,20,59
LS123TZ,52,26,26,20
LS123UA,54,12,42,8
LS123UD,2,1,1,1
LS123UF,1,1,0,1
LS123UP,5,1,4,3
LS123UQ,28,15,13,16
LS123UR,39,20,19,17
LS123UT,57,24,33,19
LS123UU,94,47,47,34
LS123UX,21,11,10,7
LS123UY,54,29,25,17
LS123UZ,153,80,73,56
LS123XH,38,17,21,32
LS124AA,67,37,30,27
LS124AB,61,30,31,25
LS124AD,38,21,17,19
LS124AE,38,18,20,12
LS124AF,10,3,7,6
LS124AG,14,7,7,7
LS124AH,47,23,24,18
LS124AJ,16,8,8,7
LS124AL,27,11,16,11
LS124AN,43,24,19,19
LS124AP,55,35,20,24
LS124AQ,63,28,35,28
LS124AR,115,51,64,52
LS124AS,80,36,44,33
LS124AT,141,68,73,56
LS124AU,19,7,12,8
LS124AW,42,21,21,18
LS124AX,16,8,8,6
LS124AY,48,23,25,22
LS124AZ,20,11,9,12
LS124BA,49,25,24,23
LS124BB,136,67,69,66
LS124BD,1,1,0,1
LS124BE,33,7,26,0
LS124BG,85,40,45,41
LS124BH,15,7,8,8
LS124BJ,1,1,0,1
LS124BL,23,10,13,12
LS124BN,28,8,20,22
LS124BP,7,4,3,5
LS124BS,16,10,6,7
LS124BU,104,50,54,60
LS124BW,21,10,11,12
LS124BX,66,32,34,35
LS124BY,50,25,25,28
LS124BZ,58,26,32,29
LS124DA,65,36,29,34
LS124DD,110,52,58,55
LS124DE,10,2,8,5
LS124DF,19,12,7,6
LS124DG,23,8,15,9
LS124DJ,67,39,28,33
LS124DL,26,12,14,12
LS124DN,18,9,9,8
LS124DP,2,1,1,1
LS124DQ,47,25,22,21
LS124DR,36,12,24,14
LS124DS,30,15,15,24
LS124DT,11,4,7,4
LS124DU,54,25,29,20
LS124DW,23,12,11,13
LS124DX,25,16,9,6
LS124DY,52,25,27,28
LS124DZ,67,32,35,39
LS124EA,48,23,25,23
LS124EB,28,10,18,17
LS124EE,40,19,21,18
LS124EF,39,18,21,17
LS124EG,6,2,4,4
LS124EH,37,19,18,16
LS124EJ,29,10,19,22
LS124EL,9,5,4,5
LS124EN,10,4,6,5
LS124EP,23,14,9,15
LS124EQ,38,17,21,15
LS124ET,2,1,1,1
LS124EU,2,1,1,1
LS124EX,29,15,14,13
LS124EY,130,65,65,54
LS124EZ,86,32,54,21
LS124HA,76,36,40,29
LS124HB,116,64,52,45
LS124HD,35,15,20,15
LS124HE,57,29,28,25
LS124HF,98,50,48,36
LS124HG,46,21,25,21
LS124HH,171,78,93,78
LS124HJ,103,52,51,52
LS124HL,55,27,28,24
LS124HN,52,28,24,23
LS124HQ,108,50,58,41
LS124HU,33,17,16,14
LS124HY,55,34,21,18
LS124JN,24,14,10,14
LS124JP,27,12,15,13
LS124JQ,14,7,7,6
LS124JR,9,6,3,8
LS124JS,11,5,6,4
LS124JX,63,31,32,23
LS124JZ,102,53,49,41
LS124LA,121,61,60,48
LS124LB,20,8,12,12
LS124LE,9,5,4,3
LS124LF,6,3,3,0
LS124LH,8,2,6,3
LS124LJ,35,12,23,29
LS124LL,160,39,121,20
LS124LN,95,47,48,43
LS124LP,44,20,24,25
LS124LQ,87,44,43,36
LS124LR,8,3,5,4
LS124LS,9,3,6,6
LS124LT,69,36,33,27
LS124LU,4,1,3,2
LS124LW,42,24,18,18
LS124LY,58,32,26,26
LS124NA,42,19,23,23
LS124NB,132,68,64,47
LS124ND,94,47,47,39
LS124NE,58,23,35,26
LS124NF,33,14,19,14
LS124NQ,3,1,2,2
LS124NS,32,18,14,10
LS124NT,42,23,19,17
LS124NU,7,2,5,4
LS124NX,64,30,34,26
LS124NY,31,17,14,14
LS124NZ,44,21,23,32
LS124PA,106,45,61,53
LS124PB,145,65,80,61
LS124PD,63,30,33,28
LS124PE,18,9,9,8
LS124PF,3,2,1,1
LS124PG,63,35,28,22
LS124PH,23,9,14,12
LS124PP,26,14,12,9
LS124PQ,15,6,9,8
LS124PR,37,20,17,17
LS124PS,32,16,16,15
LS124PU,16,8,8,10
LS124PZ,10,6,4,7
LS124QA,3,1,2,3
LS124QB,13,6,7,6
LS124QG,33,18,15,16
LS124QQ,78,45,33,31
LS124QS,89,42,47,35
LS124QT,23,10,13,9
LS124QU,36,17,19,18
LS124QX,27,12,15,12
LS124QZ,32,14,18,18
LS124RA,19,7,12,17
LS124RB,55,24,31,22
LS124RD,48,27,21,24
LS124RE,50,24,26,25
LS124RG,8,4,4,3
LS124RN,10,6,4,3
LS124RP,20,11,9,7
LS124RR,57,31,26,28
LS124RS,10,6,4,4
LS124RT,82,38,44,36
LS124RU,18,12,6,13
LS124RX,24,12,12,17
LS124RY,7,3,4,3
LS124SA,119,55,64,49
LS124SB,68,30,38,33
LS124SD,23,14,9,13
LS124SE,6,3,3,3
LS124SF,61,32,29,28
LS124SG,84,43,41,35
LS124SH,48,21,27,20
LS124SJ,65,30,35,31
LS124SL,11,6,5,4
LS124SN,81,42,39,31
LS124SP,21,9,12,11
LS124SQ,65,32,33,24
LS124SR,2,1,1,1
LS124ST,59,25,34,26
LS124SU,11,7,4,10
LS124SW,42,22,20,18
LS124SX,17,12,5,9
LS124SZ,25,12,13,15
LS124TA,15,7,8,4
LS124TB,74,34,40,28
LS124TD,31,14,17,12
LS124TE,32,14,18,18
LS124TG,5,2,3,2
LS124TJ,1,0,1,1
LS124TL,28,8,20,12
LS124TN,21,9,12,8
LS124TP,93,48,45,33
LS124TQ,88,40,48,37
LS124TR,6,2,4,4
LS124TS,52,26,26,35
LS124TT,43,25,18,22
LS124TW,79,31,48,34
LS124TZ,51,26,25,29
LS124UA,22,8,14,12
LS124UB,18,9,9,11
LS124UE,11,6,5,4
LS124UJ,20,9,11,17
LS124UL,27,14,13,6
LS124UN,66,30,36,26
LS124UP,62,35,27,25
LS124UQ,22,10,12,9
LS124UW,82,42,40,34
LS124UX,19,10,9,8
LS124UZ,28,15,13,11
LS124WA,50,27,23,22
LS124WB,65,33,32,28
LS124WD,42,22,20,21
LS124XA,78,38,40,34
LS124XB,80,41,39,33
LS124XD,42,24,18,15
LS124XE,36,20,16,13
LS124XF,65,34,31,29
LS124XG,80,38,42,35
LS124XQ,41,20,21,14
LS125AA,36,23,13,18
LS125AB,8,3,5,4
LS125AD,14,6,8,4
LS125AE,140,64,76,61
LS125AF,4,2,2,2
LS125AG,4,2,2,3
LS125AH,44,22,22,15
LS125AL,30,16,14,11
LS125AN,48,20,28,24
LS125AP,90,40,50,47
LS125AQ,27,15,12,11
LS125AR,10,5,5,4
LS125AS,45,25,20,20
LS125AT,54,28,26,24
LS125AU,33,15,18,15
LS125AW,131,57,74,64
LS125AX,50,25,25,22
LS125AY,44,22,22,19
LS125AZ,32,16,16,14
LS125BA,83,34,49,35
LS125BB,44,19,25,19
LS125BD,5,4,1,3
LS125BE,40,21,19,20
LS125BG,44,22,22,15
LS125BH,58,24,34,20
LS125BJ,47,22,25,20
LS125BL,19,9,10,10
LS125BN,70,32,38,28
LS125BP,12,6,6,4
LS125BQ,26,15,11,10
LS125BR,166,77,89,58
LS125BS,39,19,20,14
LS125BT,45,17,28,17
LS125BU,107,50,57,39
LS125BW,22,11,11,8
LS125BX,24,12,12,9
LS125BY,25,15,10,10
LS125BZ,156,74,82,58
LS125DA,68,32,36,30
LS125DB,39,17,22,15
LS125DD,48,22,26,24
LS125DE,9,5,4,3
LS125DF,9,3,6,4
LS125DH,7,4,3,4
LS125DJ,25,12,13,8
LS125DL,8,3,5,5
LS125DN,40,17,23,16
LS125DP,82,37,45,31
LS125DQ,4,2,2,2
LS125DU,38,21,17,17
LS125DX,108,48,60,46
LS125DY,43,16,27,26
LS125DZ,20,9,11,14
LS125EA,75,33,42,35
LS125EB,97,50,47,40
LS125ED,19,10,9,8
LS125EE,6,1,5,2
LS125EF,76,28,48,42
LS125EG,47,22,25,28
LS125EH,26,14,12,10
LS125EJ,44,22,22,16
LS125EL,77,33,44,33
LS125EN,31,12,19,16
LS125ES,8,5,3,4
LS125EW,8,3,5,4
LS125EX,9,5,4,3
LS125HA,31,16,15,4
LS125HB,18,8,10,9
LS125HD,4,2,2,1
LS125HE,49,27,22,29
LS125HF,9,6,3,4
LS125HG,7,3,4,2
LS125HH,6,3,3,2
LS125HJ,9,4,5,3
LS125HL,5,3,2,2
LS125HN,56,27,29,20
LS125HP,17,8,9,5
LS125HQ,35,7,28,34
LS125HR,10,5,5,4
LS125HS,8,5,3,3
LS125HT,1,0,1,1
LS125HU,10,5,5,5
LS125HW,6,3,3,4
LS125HX,32,15,17,15
LS125HY,20,10,10,9
LS125HZ,23,8,15,10
LS125JA,12,7,5,5
LS125JD,57,27,30,26
LS125JE,35,17,18,15
LS125JF,83,42,41,41
LS125JG,11,4,7,6
LS125JH,59,32,27,25
LS125JJ,63,32,31,48
LS125JL,74,29,45,33
LS125JN,32,17,15,18
LS125JP,37,15,22,24
LS125JQ,16,6,10,10
LS125JR,51,21,30,21
LS125JS,29,15,14,14
LS125JT,65,29,36,37
LS125JU,26,12,14,8
LS125JW,44,23,21,22
LS125JX,41,23,18,20
LS125JY,102,42,60,43
LS125JZ,80,33,47,42
LS125LA,50,26,24,18
LS125LB,48,21,27,22
LS125LD,12,7,5,7
LS125LE,54,21,33,24
LS125LF,29,15,14,11
LS125LG,12,4,8,7
LS125LH,50,23,27,23
LS125LJ,15,6,9,7
LS125LL,2,1,1,1
LS125LN,2,1,1,1
LS125LP,108,52,56,47
LS125LQ,23,9,14,12
LS125LR,94,44,50,39
LS125LS,70,33,37,29
LS125LT,82,41,41,50
LS125LU,123,61,62,57
LS125LW,46,26,20,29
LS125LX,116,61,55,53
LS125LY,10,6,4,6
LS125LZ,80,36,44,35
LS125NA,56,22,34,21
LS125NB,76,42,34,42
LS125ND,117,51,66,42
LS125NE,96,49,47,45
LS125NF,68,32,36,32
LS125NG,38,26,12,22
LS125NJ,79,39,40,44
LS125NN,132,61,71,61
LS125NP,73,34,39,43
LS125NQ,11,5,6,8
LS125NR,74,35,39,34
LS125NS,42,20,22,20
LS125NT,19,8,11,17
LS125NU,109,55,54,46
LS125NX,16,6,10,8
LS125NY,29,12,17,12
LS125NZ,17,8,9,13
LS125PA,34,16,18,21
LS125PB,39,19,20,19
LS125PD,78,49,29,30
LS125PE,37,22,15,15
LS125PF,21,10,11,11
LS125PG,8,3,5,4
LS125PH,7,4,3,4
LS125PJ,20,9,11,10
LS125PL,20,10,10,13
LS125PN,22,11,11,12
LS125PP,35,22,13,16
LS125PQ,2,1,1,1
LS125PR,23,12,11,12
LS125PS,24,10,14,10
LS125PT,62,29,33,30
LS125PU,1,1,0,1
LS125PW,19,12,7,14
LS125QB,101,46,55,46
LS125QD,42,21,21,18
LS125QF,29,12,17,13
LS125QG,38,18,20,12
LS125QH,88,40,48,37
LS125QJ,34,17,17,14
LS125QL,138,69,69,48
LS125QN,142,56,86,46
LS125QP,32,13,19,11
LS125QQ,16,6,10,8
LS125QR,35,17,18,13
LS125QS,170,81,89,75
LS125QT,72,40,32,33
LS125QU,67,31,36,26
LS125QW,16,8,8,8
LS125QX,17,8,9,6
LS125QY,14,5,9,6
LS125QZ,43,25,18,12
LS125RA,31,12,19,10
LS125RB,131,63,68,72
LS125RD,23,11,12,20
LS125RE,31,12,19,16
LS125RF,56,28,28,23
LS125RG,49,25,24,26
LS125RH,24,10,14,13
LS125RJ,54,24,30,20
LS125RL,69,30,39,24
LS125RN,39,24,15,15
LS125RP,31,13,18,10
LS125RQ,46,23,23,27
LS125RR,62,31,31,30
LS125RS,7,3,4,4
LS125RT,45,24,21,21
LS125RU,86,42,44,30
LS125RW,35,18,17,13
LS125RX,32,18,14,11
LS125RY,18,8,10,7
LS125RZ,17,7,10,8
LS125SE,42,21,21,16
LS125ST,73,38,35,26
LS125SU,127,66,61,45
LS125SX,101,49,52,40
LS125SY,28,14,14,12
LS125SZ,46,22,24,23
LS125TN,54,28,26,18
LS125TP,38,18,20,15
LS125TR,21,8,13,8
LS125TS,8,4,4,4
LS125TW,19,11,8,7
LS125TY,48,29,19,16
LS125TZ,32,15,17,11
LS125UA,48,20,28,20
LS126AN,7,3,4,3
LS126AP,118,60,58,50
LS126AQ,5,5,0,2
LS126AR,118,58,60,47
LS126AS,87,49,38,37
LS126AT,71,35,36,30
LS126AU,65,29,36,30
LS126AW,59,32,27,24
LS126AX,54,27,27,26
LS126AY,147,74,73,58
LS126AZ,87,44,43,38
LS126BA,79,43,36,33
LS126DJ,3,1,2,2
LS126DL,4,2,2,2
LS126DP,1,0,1,1
LS126EW,32,15,17,13
LS126HA,18,10,8,9
LS126HB,81,38,43,37
LS126HP,22,10,12,7
LS126JA,48,23,25,21
LS126JB,61,27,34,32
LS126JH,15,7,8,5
LS126JL,17,9,8,6
LS126JN,21,13,8,11
LS126JP,6,3,3,2
LS126JR,7,2,5,2
LS126JS,14,6,8,5
LS126JT,3,2,1,2
LS126JU,10,5,5,4
LS126JX,34,18,16,15
LS126JZ,1,0,1,1
LS126LA,21,11,10,8
LS126LB,60,33,27,33
LS126LD,40,19,21,14
LS126LE,155,83,72,69
LS126LF,47,22,25,17
LS126LH,62,27,35,21
LS126LJ,41,25,16,19
LS126LP,40,20,20,15
LS126LQ,36,30,6,26
LS131AA,5,3,2,2
LS131AB,16,8,8,6
LS131AD,17,11,6,6
LS131AE,21,8,13,11
LS131AF,6,3,3,2
LS131AG,106,51,55,40
LS131AJ,118,62,56,41
LS131AL,122,62,60,55
LS131AN,108,56,52,41
LS131AP,15,8,7,11
LS131AQ,48,14,34,20
LS131AR,48,27,21,20
LS131AS,87,44,43,28
LS131AT,20,8,12,8
LS131AU,112,53,59,47
LS131AW,84,39,45,45
LS131AX,83,39,44,36
LS131AY,84,37,47,46
LS131AZ,23,12,11,15
LS131BA,39,12,27,15
LS131BB,37,20,17,20
LS131BD,43,19,24,15
LS131BE,18,10,8,10
LS131BG,16,7,9,10
LS131BH,14,7,7,7
LS131BJ,42,22,20,17
LS131BL,26,15,11,15
LS131BN,43,23,20,18
LS131BP,34,16,18,12
LS131BR,35,20,15,19
LS131BS,66,28,38,32
LS131BT,83,42,41,35
LS131BU,73,39,34,40
LS131BW,72,37,35,26
LS131BX,57,28,29,24
LS131BY,101,52,49,38
LS131BZ,93,47,46,40
LS131DA,12,6,6,4
LS131DB,75,42,33,27
LS131DD,38,17,21,17
LS131DE,22,10,12,8
LS131DF,44,19,25,15
LS131DG,38,22,16,15
LS131DJ,16,6,10,9
LS131DL,8,3,5,3
LS131DN,102,53,49,36
LS131DP,59,31,28,24
LS131DR,159,70,89,75
LS131DS,10,5,5,4
LS131DT,5,2,3,2
LS131DU,10,6,4,4
LS131DW,10,6,4,5
LS131DX,41,23,18,18
LS131DZ,5,2,3,3
LS131EA,21,12,9,8
LS131EB,3,1,2,2
LS131ED,115,61,54,64
LS131EE,48,23,25,20
LS131EF,13,5,8,5
LS131EG,51,20,31,32
LS131EJ,79,40,39,50
LS131EN,19,11,8,9
LS131EP,21,8,13,9
LS131EQ,5,3,2,2
LS131ER,13,6,7,6
LS131ES,26,13,13,10
LS131ET,58,33,25,30
LS131EU,64,35,29,30
LS131EW,60,31,29,24
LS131EX,12,5,7,5
LS131EY,13,5,8,6
LS131EZ,42,20,22,18
LS131FD,19,11,8,13
LS131FL,16,9,7,12
LS131GA,22,10,12,8
LS131GD,17,12,5,6
LS131GE,55,32,23,29
LS131GH,20,8,12,9
LS131HA,35,14,21,19
LS131HB,49,21,28,20
LS131HE,54,28,26,18
LS131HF,103,47,56,42
LS131HG,36,16,20,15
LS131HH,30,18,12,14
LS131HL,4,4,0,1
LS131HP,73,36,37,36
LS131HR,8,3,5,2
LS131HT,16,8,8,7
LS131HW,41,21,20,24
LS131HX,7,3,4,4
LS131HY,6,4,2,3
LS131JA,48,22,26,20
LS131JD,22,12,10,10
LS131JE,56,27,29,25
LS131JG,74,35,39,31
LS131JH,24,11,13,12
LS131JJ,20,11,9,9
LS131JL,14,4,10,7
LS131JN,60,30,30,30
LS131JP,39,22,17,25
LS131JQ,5,4,1,3
LS131JR,50,27,23,31
LS131JS,92,48,44,53
LS131JT,64,34,30,35
LS131JU,31,12,19,16
LS131JW,25,13,12,12
LS131JX,135,67,68,61
LS131JY,35,19,16,16
LS131LB,56,29,27,26
LS131LD,23,10,13,13
LS131LE,15,8,7,8
LS131LF,40,19,21,17
LS131LH,76,35,41,39
LS131LJ,18,10,8,9
LS131LL,17,9,8,8
LS131LN,9,4,5,4
LS131LP,11,6,5,5
LS131LQ,3,1,2,3
LS131LR,10,4,6,5
LS131LS,79,38,41,36
LS131LT,12,5,7,8
LS131LU,28,14,14,13
LS131LW,8,2,6,2
LS131LX,41,19,22,19
LS131LY,12,7,5,7
LS131LZ,35,18,17,17
LS131NA,82,42,40,34
LS131NB,86,43,43,37
LS131ND,13,8,5,9
LS131NF,16,7,9,8
LS131NG,55,34,21,29
LS131NH,84,43,41,39
LS131NJ,47,26,21,21
LS131NL,78,40,38,33
LS131NN,100,49,51,38
LS131NP,1,0,1,1
LS131NT,27,12,15,12
LS131NU,13,7,6,5
LS131NW,7,3,4,4
LS131NY,22,13,9,12
LS131NZ,37,20,17,21
LS131PA,1,1,0,1
LS131PB,114,59,55,48
LS131PD,51,22,29,23
LS131PE,19,11,8,6
LS131PF,40,23,17,14
LS131PG,25,13,12,10
LS131PH,47,23,24,18
LS131PJ,53,27,26,19
LS131PL,16,6,10,11
LS131PN,10,7,3,10
LS131PP,52,29,23,19
LS131PQ,9,5,4,4
LS131PR,25,9,16,13
LS131PS,74,37,37,35
LS131PT,33,20,13,14
LS131PU,63,31,32,26
LS131PX,22,11,11,16
LS131PY,33,14,19,21
LS131PZ,65,30,35,32
LS131QD,17,7,10,13
LS131RA,57,29,28,22
LS131RB,11,5,6,5
LS131RD,35,17,18,15
LS131RE,111,56,55,62
LS131RF,15,8,7,8
LS131RG,23,11,12,14
LS131RH,12,7,5,8
LS131RJ,48,21,27,31
LS132AA,4,2,2,3
LS132AB,10,4,6,9
LS132AD,77,43,34,33
LS132AE,42,16,26,24
LS132AF,2,1,1,1
LS132AG,61,37,24,25
LS132AH,17,12,5,6
LS132AJ,39,19,20,16
LS132AL,22,11,11,9
LS132AN,93,46,47,41
LS132AP,27,13,14,11
LS132AQ,25,14,11,16
LS132AR,31,15,16,18
LS132AS,27,13,14,13
LS132AT,12,6,6,5
LS132AW,69,38,31,29
LS132AX,12,5,7,7
LS132AZ,21,9,12,12
LS132BA,33,17,16,12
LS132BB,77,36,41,30
LS132BD,20,7,13,8
LS132BH,56,23,33,28
LS132BJ,89,42,47,36
LS132BL,59,28,31,24
LS132BS,2,1,1,1
LS132BT,65,32,33,26
LS132BU,35,20,15,14
LS132BW,21,10,11,11
LS132BX,67,34,33,22
LS132BY,4,3,1,2
LS132BZ,39,15,24,13
LS132DA,77,40,37,30
LS132DB,66,34,32,27
LS132DE,59,25,34,25
LS132DF,75,37,38,25
LS132DG,32,15,17,12
LS132DH,75,39,36,30
LS132DJ,38,16,22,14
LS132DL,22,10,12,14
LS132DQ,56,30,26,23
LS132DS,61,30,31,33
LS132DT,31,15,16,13
LS132DX,79,41,38,25
LS132DY,76,44,32,35
LS132DZ,78,39,39,38
LS132EB,40,14,26,19
LS132EE,17,2,15,13
LS132EG,35,9,26,31
LS132EN,1,1,0,1
LS132EQ,27,12,15,16
LS132ER,26,13,13,17
LS132ES,10,6,4,3
LS132EW,51,21,30,25
LS132EX,10,3,7,7
LS132EY,7,3,4,3
LS132EZ,9,4,5,3
LS132HA,29,16,13,9
LS132HB,29,11,18,16
LS132HD,45,19,26,21
LS132HF,27,12,15,11
LS132HG,43,23,20,18
LS132HH,20,11,9,9
LS132HJ,16,9,7,5
LS132HL,15,9,6,5
LS132HN,68,27,41,27
LS132HP,35,16,19,15
LS132HQ,85,40,45,30
LS132HS,9,3,6,4
LS132HT,33,20,13,13
LS132HU,48,26,22,19
LS132HW,27,15,12,9
LS132HX,38,18,20,17
LS132HY,5,1,4,3
LS132HZ,59,30,29,27
LS132JA,91,43,48,57
LS132JB,8,3,5,4
LS132JD,82,41,41,33
LS132JE,57,25,32,24
LS132JF,39,19,20,17
LS132JG,8,5,3,3
LS132JH,70,33,37,29
LS132JJ,84,34,50,15
LS132JL,78,37,41,43
LS132JN,57,29,28,29
LS132JQ,53,23,30,31
LS132JR,5,1,4,3
LS132JS,134,63,71,60
LS132JT,67,34,33,24
LS132JU,84,45,39,32
LS132JW,71,30,41,26
LS132JX,76,38,38,31
LS132JY,47,25,22,20
LS132JZ,66,35,31,25
LS132LA,24,14,10,11
LS132LB,21,11,10,8
LS132LD,43,20,23,18
LS132LE,86,38,48,39
LS132LF,14,8,6,5
LS132LG,29,13,16,17
LS132LH,57,28,29,31
LS132LJ,43,19,24,22
LS132LL,21,6,15,7
LS132LN,21,8,13,9
LS132LP,90,45,45,35
LS132LQ,34,16,18,17
LS132LR,53,28,25,22
LS132LS,54,25,29,24
LS132LT,59,32,27,30
LS132LU,18,8,10,9
LS132LX,21,7,14,7
LS132LY,53,27,26,24
LS132LZ,15,7,8,5
LS132NB,7,4,3,4
LS132ND,51,26,25,21
LS132NE,45,23,22,24
LS132NF,63,30,33,23
LS132NH,58,25,33,28
LS132NJ,41,15,26,14
LS132NL,21,9,12,9
LS132NN,39,16,23,13
LS132NQ,14,7,7,8
LS132NR,62,32,30,22
LS132NS,41,17,24,19
LS132NT,13,5,8,5
LS132NU,19,12,7,6
LS132NW,34,18,16,11
LS132NX,98,44,54,47
LS132NY,26,13,13,8
LS132NZ,16,7,9,6
LS132PA,9,4,5,4
LS132PB,119,57,62,66
LS132PD,6,1,5,4
LS132PE,64,30,34,24
LS132PF,87,36,51,32
LS132PG,60,22,38,33
LS132PH,6,4,2,4
LS132PJ,49,28,21,31
LS132PL,65,27,38,39
LS132PP,32,13,19,10
LS132PQ,92,42,50,45
LS132PS,29,11,18,12
LS132PT,38,18,20,15
LS132PU,4,1,3,1
LS132PW,46,29,17,20
LS132PX,14,6,8,4
LS132PY,10,4,6,4
LS132PZ,62,30,32,30
LS132QA,3,0,3,3
LS132QB,68,43,25,50
LS132QD,73,47,26,51
LS132QE,108,58,50,48
LS132QF,15,4,11,8
LS132QG,140,59,81,58
LS132QH,12,6,6,5
LS132QJ,57,24,33,20
LS132QL,57,32,25,27
LS132QN,93,44,49,40
LS132QP,56,24,32,30
LS132QQ,87,39,48,40
LS132QR,36,11,25,28
LS132QS,14,6,8,4
LS132QT,76,38,38,45
LS132QU,91,41,50,47
LS132QW,40,20,20,17
LS132QX,101,42,59,35
LS132QY,74,31,43,27
LS132QZ,126,54,72,42
LS132RA,47,28,19,20
LS132RB,26,13,13,10
LS132RD,94,37,57,34
LS132RE,6,3,3,3
LS132RF,13,5,8,5
LS132RG,50,25,25,23
LS132RH,20,10,10,7
LS132RJ,34,15,19,15
LS132RL,70,34,36,27
LS132RN,61,34,27,23
LS132RP,24,10,14,13
LS132RQ,33,14,19,16
LS132RR,27,12,15,14
LS132RS,62,25,37,29
LS132RT,28,14,14,11
LS132RU,12,7,5,5
LS132RW,53,28,25,20
LS132RY,27,12,15,11
LS132RZ,95,41,54,22
LS132SA,64,29,35,20
LS132SB,65,35,30,34
LS132SD,101,41,60,29
LS132SE,13,7,6,4
LS132SF,27,12,15,14
LS132SG,99,53,46,49
LS132SH,38,15,23,15
LS132SJ,100,55,45,46
LS132SL,20,12,8,7
LS132SN,9,5,4,4
LS132SP,28,10,18,13
LS132SQ,133,66,67,52
LS132SR,21,9,12,14
LS132SS,160,69,91,46
LS132ST,59,31,28,26
LS132SU,62,32,30,26
LS132SW,70,29,41,25
LS132SX,40,14,26,15
LS132SY,40,20,20,15
LS132SZ,92,40,52,31
LS132TA,85,46,39,29
LS132TB,33,21,12,20
LS132TH,20,11,9,9
LS132TJ,26,10,16,11
LS132TL,41,17,24,19
LS132TN,70,33,37,30
LS132TP,30,13,17,17
LS132TR,22,7,15,9
LS132TS,16,6,10,11
LS132TT,13,5,8,5
LS132TU,71,32,39,28
LS132TW,60,20,40,34
LS132TX,61,27,34,35
LS132TY,51,29,22,27
LS132UD,106,57,49,41
LS132UE,13,4,9,7
LS132UF,65,31,34,34
LS132UG,90,44,46,47
LS132UH,19,12,7,9
LS132UJ,94,38,56,37
LS132UL,41,22,19,15
LS132UN,6,4,2,3
LS132UQ,45,27,18,31
LS132UW,81,42,39,39
LS132UX,18,6,12,6
LS132UY,12,3,9,4
LS133AA,12,4,8,7
LS133AB,2,1,1,2
LS133AD,4,2,2,2
LS133AE,32,18,14,18
LS133AF,43,23,20,17
LS133AG,50,24,26,32
LS133AH,24,10,14,14
LS133AJ,23,12,11,16
LS133AL,18,9,9,7
LS133AN,16,7,9,8
LS133AP,12,6,6,6
LS133AQ,58,31,27,25
LS133AR,10,6,4,5
LS133AT,5,3,2,2
LS133AW,9,4,5,6
LS133AZ,11,5,6,5
LS133BD,29,14,15,16
LS133BE,39,16,23,17
LS133BH,32,14,18,23
LS133BL,16,11,5,11
LS133BP,25,15,10,12
LS133BQ,39,21,18,18
LS133BS,12,8,4,8
LS133BU,35,17,18,17
LS133BX,6,3,3,4
LS133BY,26,15,11,13
LS133BZ,3,1,2,2
LS133DA,22,9,13,10
LS133DB,75,34,41,31
LS133DD,4,2,2,2
LS133DE,41,21,20,16
LS133DF,65,34,31,25
LS133DG,18,9,9,9
LS133DH,88,40,48,30
LS133DJ,198,98,100,52
LS133DL,17,5,12,5
LS133DN,17,8,9,6
LS133DP,159,76,83,48
LS133DQ,213,97,116,66
LS133DR,54,29,25,22
LS133DS,92,49,43,36
LS133DT,40,22,18,12
LS133DU,93,44,49,28
LS133DW,15,8,7,5
LS133DX,111,50,61,33
LS133DY,76,30,46,28
LS133DZ,58,20,38,17
LS133EA,49,19,30,20
LS133EB,105,41,64,34
LS133ED,74,35,39,43
LS133EE,16,9,7,6
LS133EF,36,15,21,16
LS133EG,9,5,4,3
LS133EH,65,30,35,29
LS133EL,64,34,30,33
LS133EN,3,1,2,2
LS133EP,16,6,10,8
LS133EQ,52,28,24,23
LS133ER,34,15,19,18
LS133ES,35,19,16,18
LS133ET,50,24,26,24
LS133EU,10,4,6,7
LS133EW,5,2,3,3
LS133HB,18,7,11,10
LS133HD,16,9,7,10
LS133HE,28,18,10,16
LS133HF,128,59,69,49
LS133HH,28,14,14,15
LS133HJ,31,19,12,14
LS133HN,40,16,24,21
LS133HP,10,6,4,8
LS133HQ,9,5,4,5
LS133HR,11,5,6,9
LS133HS,50,23,27,24
LS133HT,126,62,64,63
LS133HU,6,3,3,3
LS133HW,51,23,28,20
LS133HX,2,1,1,1
LS133HY,83,38,45,35
LS133HZ,57,26,31,30
LS133JB,20,9,11,8
LS133JE,42,20,22,21
LS133JF,52,21,31,40
LS133JG,26,13,13,11
LS133JJ,26,14,12,12
LS133JP,8,5,3,6
LS133JQ,66,34,32,25
LS133JR,14,8,6,6
LS133JS,58,25,33,31
LS133JT,5,3,2,3
LS133JW,17,9,8,7
LS133JX,35,17,18,22
LS133JZ,29,14,15,14
LS133LA,2,2,0,1
LS133LB,66,30,36,24
LS133LD,95,53,42,41
LS133LE,50,25,25,21
LS133LF,16,7,9,7
LS133LG,15,7,8,4
LS133LH,20,9,11,9
LS133LJ,101,46,55,50
LS133LL,33,13,20,11
LS133LN,60,27,33,27
LS133LP,56,30,26,24
LS133LQ,17,9,8,10
LS133LR,32,14,18,14
LS133LT,80,39,41,35
LS133LW,53,24,29,20
LS133NA,2,2,0,1
LS133NE,5,3,2,2
LS133NF,71,35,36,27
LS133NG,9,4,5,6
LS133NH,3,2,1,3
LS133NJ,14,9,5,8
LS133NL,37,22,15,21
LS133NN,31,13,18,11
LS133NP,34,19,15,14
LS133NQ,1,1,0,1
LS133NR,39,16,23,20
LS133NS,55,25,30,30
LS133NU,81,41,40,32
LS133NW,20,11,9,7
LS133NX,21,9,12,9
LS133NY,56,27,29,25
LS133NZ,50,27,23,28
LS133PA,41,14,27,19
LS133PB,102,55,47,46
LS133PD,13,7,6,4
LS133PG,86,41,45,40
LS133PH,21,8,13,7
LS133PJ,31,13,18,13
LS133PL,17,8,9,9
LS133PN,23,10,13,14
LS133PP,25,13,12,13
LS133PQ,18,9,9,8
LS133PS,91,46,45,36
LS133PT,74,32,42,29
LS133PU,66,29,37,25
LS133PW,37,19,18,19
LS133PX,30,18,12,11
LS133PY,10,7,3,4
LS133PZ,16,7,9,8
LS133QA,13,7,6,6
LS133QB,11,4,7,7
LS133QD,14,7,7,8
LS133QE,19,11,8,12
LS133QF,19,6,13,10
LS133QG,9,5,4,8
LS133QH,10,6,4,6
LS133QJ,15,7,8,8
LS133QL,20,10,10,10
LS133QN,13,6,7,5
LS133QP,43,25,18,24
LS133QR,30,14,16,13
LS133QS,16,8,8,7
LS133QT,12,4,8,5
LS133QU,12,6,6,6
LS133QW,21,13,8,6
LS133QX,52,23,29,27
LS133QY,1,1,0,1
LS133QZ,11,6,5,5
LS133RD,12,7,5,4
LS133RE,44,11,33,42
LS133RF,35,19,16,17
LS133RG,107,61,46,52
LS133RH,22,10,12,12
LS133RJ,24,8,16,10
LS133RL,17,4,13,11
LS133RN,51,25,26,21
LS133RP,56,22,34,24
LS133RQ,13,6,7,7
LS133RR,45,17,28,18
LS133RS,26,13,13,7
LS133RT,38,18,20,14
LS133RU,30,15,15,12
LS133RW,29,16,13,14
LS133RX,23,10,13,17
LS133RY,42,22,20,16
LS133RZ,31,14,17,14
LS133SB,25,11,14,21
LS133SD,49,22,27,25
LS133SE,52,22,30,27
LS133SF,61,30,31,25
LS133SG,38,21,17,21
LS133SH,21,12,9,10
LS133SJ,14,4,10,9
LS133SL,2,1,1,1
LS133SN,99,47,52,46
LS133SP,83,36,47,39
LS133SQ,37,16,21,19
LS133SR,23,7,16,16
LS133ST,57,23,34,24
LS133SW,14,6,8,3
LS133TG,24,9,15,24
LS134AA,16,7,9,8
LS134AG,14,5,9,7
LS134AJ,26,12,14,12
LS134AL,75,37,38,28
LS134AN,71,33,38,29
LS134AQ,11,4,7,4
LS134AU,1,0,1,1
LS134AW,65,30,35,25
LS134BD,13,8,5,8
LS134BG,15,8,7,11
LS134BH,17,7,10,10
LS134BJ,1,0,1,1
LS134BL,14,7,7,7
LS134BN,58,28,30,39
LS134BP,61,32,29,26
LS134BQ,7,3,4,4
LS134BU,83,39,44,40
LS134BX,50,24,26,21
LS134BY,41,22,19,22
LS134DB,25,12,13,7
LS134DD,18,10,8,9
LS134DE,20,7,13,13
LS134DN,12,6,6,8
LS134DR,3,2,1,1
LS134DS,141,74,67,51
LS134DT,80,40,40,33
LS134DU,30,17,13,13
LS134DX,40,21,19,18
LS134DY,76,37,39,39
LS134DZ,109,48,61,38
LS134EA,26,14,12,11
LS134EB,11,6,5,4
LS134ED,92,42,50,37
LS134EE,127,59,68,39
LS134EF,109,52,57,42
LS134EG,114,59,55,50
LS134EH,65,30,35,25
LS134EJ,108,49,59,44
LS134EQ,43,22,21,12
LS134EU,7,4,3,3
LS134EY,37,15,22,14
LS134EZ,5,2,3,1
LS134HA,34,16,18,12
LS134HB,8,3,5,3
LS134HD,14,7,7,9
LS134HE,67,37,30,23
LS134HF,33,15,18,13
LS134HG,38,21,17,13
LS134HH,19,9,10,6
LS134HJ,34,13,21,14
LS134HL,168,75,93,60
LS134HP,71,38,33,33
LS134HQ,17,7,10,8
LS134HR,6,4,2,3
LS134HS,8,6,2,3
LS134HU,5,2,3,4
LS134HW,13,7,6,7
LS134HX,45,19,26,21
LS134HY,36,16,20,19
LS134HZ,10,5,5,6
LS134JA,43,25,18,19
LS134JB,76,44,32,33
LS134JE,8,3,5,3
LS134JF,1,1,0,1
LS134JG,1,1,0,1
LS134JH,28,13,15,12
LS134JJ,85,35,50,40
LS134JL,120,56,64,44
LS134JN,15,9,6,6
LS134JP,41,19,22,17
LS134JQ,36,14,22,15
LS134JR,84,49,35,30
LS134JS,27,15,12,10
LS134JT,51,31,20,22
LS134JU,14,7,7,6
LS134JW,20,11,9,10
LS134JX,82,41,41,35
LS134JY,62,29,33,20
LS134JZ,97,49,48,38
LS134LA,64,29,35,21
LS134LB,20,10,10,11
LS134LD,109,53,56,70
LS134LE,32,16,16,18
LS134LF,22,9,13,12
LS134LG,4,2,2,2
LS134LH,4,1,3,2
LS134LJ,19,7,12,9
LS134LL,70,35,35,30
LS134LN,27,12,15,14
LS134LP,48,22,26,9
LS134LR,70,36,34,32
LS134LS,8,3,5,4
LS134LT,69,28,41,20
LS134LU,71,35,36,26
LS134LW,35,14,21,17
LS134NF,137,75,62,70
LS134NH,57,39,18,46
LS134NJ,79,37,42,31
LS134NL,77,43,34,30
LS134NN,22,11,11,8
LS134NP,49,23,26,34
LS134NQ,19,6,13,6
LS134NR,10,5,5,8
LS134NS,66,30,36,25
LS134NT,83,46,37,29
LS134NU,22,12,10,16
LS134NW,46,22,24,16
LS134NX,60,30,30,23
LS134NY,86,38,48,37
LS134NZ,19,9,10,9
LS134PA,42,23,19,14
LS134PD,55,22,33,43
LS134PE,51,35,16,43
LS134PF,59,31,28,45
LS134PG,22,8,14,15
LS134PH,114,49,65,48
LS134PJ,45,24,21,26
LS134PL,40,21,19,18
LS134PP,11,5,6,6
LS134PQ,195,94,101,72
LS134PR,102,39,63,34
LS134PS,38,17,21,12
LS134PU,80,34,46,28
LS134PW,21,14,7,18
LS134PX,46,21,25,19
LS134PY,15,10,5,8
LS134PZ,23,11,12,16
LS134QA,17,7,10,10
LS134QB,89,44,45,47
LS134QD,59,30,29,25
LS134QF,39,21,18,15
LS134QH,43,21,22,13
LS134QJ,39,20,19,21
LS134QL,47,20,27,24
LS134QN,81,40,41,29
LS134QQ,25,14,11,8
LS134QR,38,18,20,13
LS134QS,1,1,0,1
LS134QT,11,6,5,4
LS134QU,81,48,33,47
LS134QW,51,23,28,19
LS134QX,51,21,30,20
LS134QY,86,40,46,39
LS134QZ,96,38,58,43
LS134RA,28,12,16,12
LS134RB,50,15,35,30
LS134RD,41,19,22,16
LS134RE,98,46,52,44
LS134RF,20,8,12,10
LS134RG,6,3,3,4
LS134RH,4,2,2,1
LS134RL,49,27,22,28
LS134RN,58,29,29,26
LS134RP,41,20,21,20
LS134RQ,4,2,2,2
LS134RR,61,28,33,31
LS134RS,39,16,23,20
LS134RT,72,35,37,34
LS134RU,36,17,19,17
LS134RW,30,14,16,15
LS134RX,114,57,57,48
LS134RY,73,38,35,31
LS134RZ,96,51,45,36
LS134SA,57,27,30,20
LS134SB,94,47,47,36
LS134SD,60,30,30,22
LS134SE,60,29,31,22
LS134SF,67,32,35,26
LS134SG,72,36,36,27
LS134SH,37,19,18,13
LS134SJ,33,14,19,16
LS134SL,33,15,18,15
LS134SN,38,16,22,13
LS134SP,27,14,13,10
LS134SQ,106,55,51,42
LS134SR,69,39,30,46
LS134SS,61,42,19,46
LS134ST,68,44,24,47
LS134SU,80,43,37,32
LS134SW,60,39,21,46
LS134SX,45,17,28,18
LS134SY,56,25,31,25
LS134SZ,6,2,4,2
LS134TB,35,18,17,13
LS134TD,46,26,20,18
LS134TE,60,32,28,40
LS134TF,57,34,23,41
LS134TG,59,38,21,43
LS134TH,32,16,16,9
LS134TJ,16,7,9,7
LS134TL,13,6,7,6
LS134TN,31,10,21,10
LS134TP,15,9,6,9
LS134TQ,58,38,20,43
LS134TR,16,7,9,7
LS134TS,7,4,3,4
LS134TT,69,30,39,31
LS134TU,47,18,29,12
LS134TW,79,39,40,32
LS134TX,40,21,19,15
LS134UA,7,2,5,5
LS134UB,46,22,24,36
LS134UG,54,23,31,17
LS134UH,20,10,10,6
LS134UL,9,6,3,4
LS134UQ,41,18,23,17
LS134UW,69,40,29,29
LS141AD,17,8,9,11
LS141AE,12,8,4,0
LS141AF,95,50,45,33
LS141AG,14,8,6,6
LS141AH,35,16,19,15
LS141AJ,112,47,65,39
LS141AL,18,8,10,8
LS141AN,97,51,46,35
LS141AP,60,22,38,24
LS141AQ,23,11,12,9
LS141AR,47,28,19,19
LS141AS,15,7,8,8
LS141AT,63,34,29,25
LS141AU,33,16,17,14
LS141AW,33,18,15,13
LS141AX,23,12,11,9
LS141AY,58,32,26,22
LS141AZ,24,11,13,13
LS141BA,59,32,27,27
LS141BB,49,21,28,23
LS141BD,67,34,33,32
LS141BE,57,32,25,24
LS141BG,58,27,31,29
LS141BH,51,26,25,18
LS141BJ,61,27,34,29
LS141BL,84,33,51,35
LS141BN,34,14,20,10
LS141BP,79,35,44,33
LS141BQ,88,42,46,32
LS141BR,56,21,35,26
LS141BS,91,33,58,37
LS141BT,34,16,18,18
LS141BU,46,23,23,16
LS141BW,73,33,40,32
LS141BX,19,8,11,10
LS141BY,45,20,25,17
LS141BZ,70,26,44,22
LS141DA,56,26,30,23
LS141DD,32,17,15,14
LS141DE,37,17,20,16
LS141DF,78,42,36,25
LS141DG,84,36,48,27
LS141DH,95,43,52,53
LS141DJ,15,9,6,8
LS141DL,22,10,12,12
LS141DN,39,20,19,14
LS141DP,48,23,25,26
LS141DQ,92,48,44,40
LS141DR,160,75,85,53
LS141DS,80,41,39,37
LS141DT,37,17,20,20
LS141DU,6,4,2,4
LS141DW,52,26,26,28
LS141DX,4,1,3,4
LS141DY,49,25,24,22
LS141DZ,62,27,35,28
LS141EA,30,18,12,14
LS141EB,20,8,12,11
LS141ED,20,10,10,10
LS141EE,30,16,14,11
LS141EF,55,27,28,28
LS141EG,57,24,33,22
LS141EH,11,5,6,6
LS141EJ,74,36,38,38
LS141EL,40,22,18,14
LS141EP,75,38,37,45
LS141EQ,47,25,22,24
LS141ER,42,15,27,15
LS141ES,22,10,12,13
LS141ET,28,16,12,10
LS141EU,20,8,12,10
LS141EW,57,24,33,20
LS141EX,64,30,34,28
LS141EY,17,8,9,8
LS141EZ,6,3,3,2
LS141HA,48,22,26,22
LS141HB,72,47,25,58
LS141HD,94,47,47,37
LS141HE,73,34,39,29
LS141HF,63,30,33,19
LS141HG,117,65,52,51
LS141HH,58,27,31,25
LS141HJ,61,28,33,26
LS141HL,28,15,13,18
LS141HN,38,16,22,18
LS141HP,58,24,34,43
LS141HQ,44,21,23,15
LS141HR,53,15,38,43
LS141HS,57,27,30,47
LS141HT,62,29,33,46
LS141HU,158,79,79,66
LS141HX,1,1,0,1
LS141JA,5,3,2,2
LS141JB,35,16,19,13
LS141JD,109,50,59,45
LS141JE,8,5,3,4
LS141JF,133,67,66,53
LS141JG,26,16,10,12
LS141JH,8,2,6,4
LS141JL,68,34,34,25
LS141JP,80,33,47,33
LS141JR,141,66,75,42
LS141JS,75,38,37,33
LS141JT,51,28,23,19
LS141JU,52,26,26,17
LS141JW,65,27,38,26
LS141JX,58,23,35,28
LS141JY,51,31,20,30
LS141JZ,91,45,46,36
LS141LA,89,42,47,35
LS141LB,19,8,11,7
LS141LD,75,33,42,29
LS141LE,37,21,16,25
LS141LF,115,57,58,49
LS141LG,33,15,18,14
LS141LH,5,2,3,2
LS141LJ,81,39,42,38
LS141LL,5,1,4,2
LS141LN,79,35,44,29
LS141LP,46,24,22,16
LS141LQ,65,29,36,24
LS141LS,10,4,6,3
LS141LT,64,25,39,27
LS141LZ,13,5,8,7
LS141ND,5,3,2,3
LS141NE,4,1,3,3
LS141NG,1,0,1,1
LS141NJ,37,17,20,15
LS141NL,9,3,6,5
LS141NN,122,58,64,48
LS141NP,12,6,6,4
LS141NR,83,45,38,37
LS141NS,127,57,70,52
LS141NT,52,26,26,22
LS141NU,8,1,7,4
LS141NW,157,72,85,61
LS141NX,125,63,62,48
LS141PA,30,14,16,12
LS141PB,9,3,6,6
LS141PD,21,7,14,8
LS141PE,104,47,57,43
LS141PF,40,22,18,19
LS141PG,101,53,48,40
LS141PH,98,45,53,38
LS141PJ,49,20,29,19
LS141PL,76,33,43,30
LS141PP,34,9,25,0
LS141PR,8,4,4,6
LS141PU,8,4,4,4
LS141PY,5,3,2,5
LS142AA,27,20,7,9
LS142AB,6,3,3,2
LS142AD,3,2,1,1
LS142AF,79,37,42,34
LS142AG,9,6,3,4
LS142AS,60,37,23,41
LS142AT,47,24,23,26
LS142AU,18,11,7,5
LS142AX,70,41,29,29
LS142AY,18,9,9,7
LS142AZ,77,32,45,29
LS142BA,66,42,24,25
LS142BB,58,24,34,28
LS142BD,22,9,13,10
LS142BE,67,34,33,28
LS142BG,42,14,28,17
LS142BH,67,27,40,28
LS142BJ,65,35,30,31
LS142BN,28,10,18,16
LS142BP,73,31,42,29
LS142BQ,87,40,47,41
LS142BR,66,31,35,28
LS142BS,14,7,7,5
LS142BT,11,6,5,6
LS142BU,25,13,12,11
LS142BW,64,32,32,24
LS142BX,17,6,11,6
LS142BY,17,8,9,6
LS142BZ,58,29,29,21
LS142DA,74,36,38,26
LS142DB,99,47,52,40
LS142DD,118,60,58,45
LS142DE,96,48,48,33
LS142DF,47,19,28,27
LS142DG,19,8,11,7
LS142DH,50,24,26,19
LS142DJ,136,75,61,55
LS142DL,96,49,47,38
LS142DN,74,35,39,27
LS142DP,39,18,21,15
LS142DQ,77,38,39,31
LS142DR,37,16,21,16
LS142DS,31,15,16,16
LS142DT,69,33,36,29
LS142DU,26,10,16,9
LS142DW,41,19,22,13
LS142DX,26,17,9,11
LS142DY,72,36,36,29
LS142DZ,30,10,20,18
LS142EA,80,41,39,53
LS142EB,70,32,38,24
LS142ED,75,32,43,52
LS142EE,48,23,25,19
LS142EF,24,12,12,11
LS142EH,60,29,31,26
LS142EJ,42,21,21,20
LS142EL,18,4,14,14
LS142EN,45,20,25,21
LS142EP,31,14,17,12
LS142EQ,38,15,23,31
LS142ER,73,33,40,30
LS142ES,36,13,23,31
LS142EU,47,18,29,37
LS142EW,72,34,38,32
LS142HA,47,22,25,15
LS142HB,62,30,32,25
LS142HD,34,20,14,10
LS142HE,43,28,15,19
LS142HF,30,14,16,12
LS142HG,44,24,20,19
LS142HH,47,20,27,17
LS142HJ,41,24,17,14
LS142HL,28,10,18,11
LS142HN,18,7,11,8
LS142HP,139,69,70,60
LS142HQ,36,20,16,15
LS142HR,81,43,38,35
LS142HS,25,10,15,12
LS142HT,113,60,53,34
LS142HU,99,50,49,45
LS142HW,142,63,79,65
LS142HX,81,38,43,34
LS142HY,85,38,47,33
LS142HZ,65,34,31,21
LS142JA,30,13,17,10
LS142JB,11,6,5,6
LS142JD,27,12,15,13
LS142JE,17,7,10,9
LS142JF,12,4,8,7
LS143AA,7,3,4,3
LS143AB,26,11,15,18
LS143AD,17,10,7,5
LS143AE,22,11,11,8
LS143AF,6,4,2,2
LS143AG,24,12,12,9
LS143AH,27,12,15,9
LS143AJ,2,1,1,1
LS143AL,7,3,4,3
LS143AN,2,1,1,1
LS143AQ,12,4,8,4
LS143AR,26,12,14,11
LS143AS,24,11,13,12
LS143AT,4,3,1,1
LS143AU,31,13,18,10
LS143AW,41,22,19,18
LS143AX,35,14,21,21
LS143AY,22,10,12,11
LS143AZ,20,10,10,9
LS143BA,12,7,5,4
LS143BB,21,10,11,7
LS143BD,57,30,27,21
LS143BE,28,12,16,9
LS143BG,36,20,16,13
LS143BH,26,13,13,12
LS143BJ,12,5,7,7
LS143BL,36,16,20,18
LS143BN,11,3,8,6
LS143BP,15,7,8,7
LS143BQ,41,20,21,14
LS143BR,9,6,3,3
LS143BS,108,54,54,40
LS143BU,89,42,47,37
LS143BW,29,15,14,13
LS143BX,6,3,3,4
LS143BY,10,3,7,7
LS143BZ,45,18,27,17
LS143DA,32,13,19,12
LS143DB,6,2,4,5
LS143DD,13,7,6,4
LS143DE,26,14,12,10
LS143DF,28,15,13,12
LS143DG,7,4,3,4
LS143DH,16,7,9,5
LS143DJ,6,3,3,2
LS143DL,1,1,0,1
LS143DN,23,11,12,8
LS143DP,10,6,4,2
LS143DQ,17,8,9,6
LS143DR,1,0,1,1
LS143DS,12,6,6,5
LS143DU,22,9,13,12
LS143DW,14,6,8,4
LS143DX,125,62,63,52
LS143DY,13,7,6,6
LS143DZ,12,6,6,10
LS143EA,40,20,20,29
LS143EB,11,5,6,3
LS143ED,50,32,18,22
LS143EE,51,25,26,18
LS143EF,19,11,8,9
LS143EG,41,17,24,11
LS143EH,27,12,15,11
LS143EJ,42,17,25,18
LS143EL,97,52,45,34
LS143EN,30,13,17,14
LS143EP,117,62,55,61
LS143EQ,24,12,12,10
LS143ER,8,5,3,2
LS143ES,2,1,1,1
LS143ET,4,2,2,1
LS143EU,41,18,23,20
LS143EW,55,28,27,25
LS143EX,52,30,22,17
LS143EY,19,11,8,8
LS143EZ,4,1,3,2
LS143HA,26,12,14,12
LS143HB,34,18,16,25
LS143HD,13,4,9,5
LS143HE,3,2,1,1
LS143HF,33,16,17,11
LS143HG,17,8,9,6
LS143HH,4,2,2,2
LS143HJ,35,12,23,15
LS143HL,5,3,2,2
LS143HN,13,6,7,6
LS143HP,8,4,4,4
LS143HQ,6,3,3,2
LS143HT,36,18,18,14
LS143HU,21,11,10,8
LS143HW,5,3,2,3
LS143HX,62,27,35,22
LS143HY,59,30,29,18
LS143HZ,92,44,48,33
LS143JA,4,3,1,1
LS143JB,18,8,10,10
LS143JD,30,15,15,12
LS143JE,33,16,17,14
LS143JF,23,10,13,11
LS143JG,36,16,20,14
LS143JH,52,23,29,20
LS143JJ,49,24,25,17
LS143JL,33,16,17,12
LS143JN,11,5,6,4
LS143JP,33,20,13,10
LS143JQ,22,11,11,8
LS143JR,9,2,7,7
LS143JS,9,5,4,3
LS143JT,12,5,7,6
LS143JU,40,23,17,11
LS143JW,11,4,7,3
LS143LA,31,14,17,8
LS143LB,48,20,28,23
LS143LD,67,32,35,23
LS143LE,12,3,9,1
LS143LF,12,5,7,5
LS145AA,10,7,3,5
LS145AD,10,4,6,2
LS145AF,79,40,39,35
LS145AG,40,18,22,13
LS145AJ,90,41,49,32
LS145AL,26,12,14,10
LS145AN,28,13,15,10
LS145AP,28,12,16,10
LS145AQ,16,7,9,5
LS145AR,68,29,39,28
LS145AS,43,22,21,18
LS145AT,65,34,31,28
LS145AU,26,8,18,11
LS145AW,4,2,2,2
LS145AZ,63,29,34,28
LS145BA,35,16,19,14
LS145BB,56,24,32,18
LS145BD,38,10,28,11
LS145BH,56,29,27,24
LS145BJ,33,14,19,22
LS145BL,60,25,35,28
LS145BN,94,48,46,33
LS145BP,24,11,13,9
LS145BQ,125,61,64,42
LS145BR,34,10,24,15
LS145BS,49,27,22,25
LS145BT,9,4,5,5
LS145BU,34,16,18,17
LS145BW,27,13,14,11
LS145BX,14,8,6,4
LS145BY,1,1,0,1
LS145BZ,56,24,32,31
LS145DA,72,32,40,27
LS145DB,49,20,29,22
LS145DD,32,17,15,9
LS145DE,24,13,11,10
LS145DF,14,7,7,5
LS145DG,66,35,31,42
LS145DH,23,7,16,11
LS145DJ,46,22,24,16
LS145DL,53,28,25,28
LS145DN,28,13,15,8
LS145DP,13,8,5,8
LS145DQ,51,29,22,42
LS145DR,54,23,31,24
LS145DS,66,28,38,23
LS145DT,9,4,5,4
LS145DU,12,6,6,7
LS145DW,44,23,21,12
LS145DX,23,12,11,8
LS145DY,51,21,30,20
LS145EA,54,21,33,28
LS145EB,44,17,27,18
LS145ED,90,37,53,34
LS145EE,30,12,18,11
LS145EF,73,32,41,23
LS145EG,47,23,24,18
LS145EJ,42,17,25,19
LS145EL,26,10,16,10
LS145EN,57,29,28,20
LS145EP,49,25,24,20
LS145ER,84,42,42,26
LS145ES,44,24,20,19
LS145ET,13,4,9,6
LS145EW,17,10,7,5
LS145EY,9,4,5,5
LS145EZ,50,29,21,19
LS145GL,49,22,27,29
LS145HA,45,25,20,19
LS145HB,38,22,16,14
LS145HD,29,17,12,13
LS145HE,6,2,4,1
LS145HF,37,15,22,20
LS145HG,64,28,36,33
LS145HH,21,10,11,10
LS145HJ,64,29,35,35
LS145HL,42,21,21,19
LS145HN,100,50,50,43
LS145HQ,13,4,9,6
LS145HR,17,7,10,6
LS145HS,71,35,36,28
LS145HT,56,29,27,22
LS145HU,57,24,33,22
LS145HW,53,30,23,21
LS145HZ,12,5,7,8
LS145JA,33,15,18,14
LS145JB,81,36,45,37
LS145JD,34,13,21,18
LS145JE,29,16,13,17
LS145JF,43,16,27,17
LS145JG,24,12,12,16
LS145JH,77,37,40,30
LS145JJ,82,38,44,38
LS145JL,71,36,35,28
LS145JN,34,16,18,23
LS145JP,58,28,30,24
LS145JQ,29,17,12,12
LS145JR,63,33,30,29
LS145JS,5,2,3,3
LS145JT,116,58,58,57
LS145JU,42,15,27,22
LS145JW,53,25,28,22
LS145JX,82,38,44,32
LS145JY,40,18,22,16
LS145JZ,53,28,25,32
LS145LA,46,20,26,22
LS145LB,32,18,14,16
LS145LD,97,51,46,40
LS145LE,120,61,59,46
LS145LF,68,32,36,37
LS145LH,70,35,35,31
LS145LJ,49,28,21,35
LS145LN,6,3,3,3
LS145LP,39,22,17,17
LS145LQ,10,6,4,4
LS145LR,20,9,11,6
LS145LS,65,32,33,24
LS145LT,92,42,50,38
LS145LU,32,17,15,15
LS145LW,4,2,2,2
LS145LX,51,25,26,20
LS145LZ,25,11,14,18
LS145NF,21,6,15,7
LS145NG,38,15,23,16
LS145NH,16,8,8,7
LS145NJ,47,18,29,13
LS145NP,53,24,29,19
LS145NQ,34,19,15,18
LS145NR,30,16,14,12
LS145NS,45,21,24,19
LS145NT,70,33,37,26
LS145NU,36,14,22,16
LS145NX,57,24,33,19
LS145NZ,64,29,35,41
LS145PA,14,7,7,9
LS145PB,39,16,23,23
LS145PD,20,9,11,10
LS145PE,31,13,18,19
LS145PG,48,24,24,27
LS145PH,8,5,3,3
LS145PJ,13,6,7,5
LS145PL,74,34,40,27
LS145PN,36,15,21,10
LS145PP,51,28,23,22
LS145PQ,28,17,11,10
LS145PR,33,18,15,10
LS145PS,48,23,25,20
LS145PT,46,19,27,23
LS145PU,47,25,22,18
LS145PW,82,35,47,29
LS145PX,51,22,29,23
LS145PY,66,31,35,31
LS145PZ,29,19,10,12
LS145QA,23,11,12,10
LS145QB,10,3,7,4
LS145QD,162,80,82,70
LS145QE,25,11,14,11
LS145QG,54,20,34,45
LS145QH,52,21,31,42
LS145QL,19,9,10,10
LS145QN,30,11,19,13
LS145QP,24,13,11,7
LS145QQ,21,11,10,9
LS145QR,10,5,5,5
LS145QS,2,1,1,1
LS145QU,67,34,33,32
LS146AA,36,16,20,12
LS146AB,1,1,0,1
LS146AD,75,34,41,32
LS146AE,62,21,41,31
LS146AF,55,27,28,22
LS146AG,35,16,19,12
LS146AH,39,18,21,17
LS146AJ,22,9,13,8
LS146AL,59,21,38,24
LS146AN,24,7,17,12
LS146AP,39,17,22,20
LS146AQ,76,26,50,34
LS146AR,36,15,21,12
LS146AS,79,41,38,59
LS146AT,75,41,34,59
LS146AW,57,28,29,26
LS146AX,5,2,3,2
LS146AY,92,43,49,38
LS146AZ,69,36,33,33
LS146BA,63,33,30,25
LS146BB,102,50,52,38
LS146BD,13,4,9,5
LS146BE,73,36,37,29
LS146BG,108,60,48,42
LS146BH,57,31,26,26
LS146BJ,5,3,2,4
LS146BL,71,32,39,30
LS146BN,37,16,21,16
LS146BP,67,29,38,19
LS146BQ,17,11,6,8
LS146BR,51,25,26,13
LS146BS,24,13,11,9
LS146BT,49,23,26,13
LS146BU,47,27,20,14
LS146BW,48,17,31,16
LS146BX,91,42,49,26
LS146BY,119,58,61,40
LS146BZ,80,33,47,26
LS146DA,39,19,20,13
LS146DB,53,28,25,20
LS146DD,60,21,39,14
LS146DE,53,25,28,15
LS146DF,58,29,29,16
LS146DG,57,25,32,18
LS146DJ,69,31,38,23
LS146DL,51,20,31,16
LS146DN,38,15,23,12
LS146DP,56,23,33,20
LS146DQ,10,5,5,3
LS146DR,43,20,23,12
LS146DS,36,14,22,12
LS146DT,29,14,15,17
LS146DU,57,26,31,23
LS146DW,3,0,3,2
LS146DX,9,3,6,4
LS146DY,80,41,39,35
LS146DZ,40,21,19,18
LS146EA,58,34,24,34
LS146EB,72,28,44,22
LS146ED,151,58,93,50
LS146EE,41,15,26,14
LS146EF,11,5,6,4
LS146EG,19,9,10,10
LS146EJ,2,1,1,1
LS146EN,11,6,5,5
LS146EQ,48,23,25,14
LS146ER,25,12,13,15
LS146ET,18,10,8,13
LS146EU,20,9,11,8
LS146EW,1,1,0,1
LS146EX,55,24,31,29
LS146EY,82,35,47,33
LS146EZ,15,7,8,6
LS146FA,18,6,12,9
LS146FB,48,19,29,14
LS146FG,25,12,13,8
LS146FH,19,8,11,6
LS146FJ,45,22,23,14
LS146FL,18,10,8,9
LS146FP,7,2,5,4
LS146GH,102,51,51,62
LS146GJ,45,21,24,12
LS146GL,57,27,30,31
LS146GN,16,6,10,6
LS146GP,14,10,4,4
LS146GQ,124,69,55,49
LS146GR,13,9,4,7
LS146GT,15,10,5,7
LS146GX,13,7,6,6
LS146HA,72,38,34,30
LS146HD,36,17,19,12
LS146HE,102,45,57,38
LS146HF,6,3,3,4
LS146HG,57,31,26,40
LS146HH,107,53,54,51
LS146HJ,35,20,15,10
LS146HL,62,33,29,24
LS146HN,14,9,5,4
LS146HP,5,2,3,4
LS146HQ,43,26,17,26
LS146HS,32,15,17,14
LS146HT,46,18,28,29
LS146HU,121,58,63,53
LS146HW,51,24,27,22
LS146HX,6,4,2,4
LS146HZ,5,1,4,5
LS146JA,42,20,22,20
LS146JB,23,13,10,14
LS146JE,56,27,29,20
LS146JF,20,9,11,8
LS146JG,7,3,4,4
LS146JH,60,25,35,23
LS146JJ,66,30,36,24
LS146JL,61,16,45,16
LS146JN,16,6,10,8
LS146JQ,9,4,5,3
LS146JS,43,19,24,25
LS146JT,20,9,11,11
LS146JU,10,6,4,4
LS146JW,17,7,10,12
LS146JX,18,9,9,8
LS146JZ,12,7,5,5
LS146LA,51,29,22,19
LS146LB,28,15,13,13
LS146LD,18,8,10,7
LS146LE,80,35,45,46
LS146LF,64,27,37,25
LS146LG,20,9,11,10
LS146LH,23,9,14,13
LS146LJ,22,8,14,11
LS146LL,7,2,5,3
LS146LN,67,34,33,24
LS146LP,53,22,31,35
LS146LQ,54,18,36,33
LS146LR,42,24,18,18
LS146LS,26,11,15,9
LS146LT,72,33,39,29
LS146LW,71,44,27,59
LS146LY,44,23,21,28
LS146NF,94,49,45,61
LS146NW,35,5,30,1
LS146PD,21,9,12,8
LS146PG,13,8,5,7
LS146PH,48,22,26,36
LS146PJ,70,44,26,57
LS146PL,70,38,32,59
LS146PN,6,3,3,2
LS146PP,35,18,17,15
LS146PQ,66,25,41,52
LS146PR,16,8,8,6
LS146PS,67,29,38,37
LS146PT,33,15,18,16
LS146PU,74,38,36,59
LS146PX,31,16,15,10
LS146PY,50,28,22,25
LS146PZ,68,30,38,30
LS146QA,129,57,72,46
LS146QB,48,21,27,19
LS146QD,24,9,15,11
LS146QE,36,20,16,17
LS146QF,29,9,20,8
LS146QG,84,50,34,37
LS146QH,93,42,51,43
LS146QJ,25,13,12,12
LS146QL,38,21,17,13
LS146QN,63,31,32,34
LS146QP,45,18,27,20
LS146QQ,65,32,33,24
LS146QR,40,22,18,16
LS146QS,2,1,1,1
LS146QW,62,31,31,28
LS146QX,78,46,32,53
LS146QY,54,27,27,21
LS146QZ,8,4,4,2
LS146RA,47,22,25,25
LS146RB,33,16,17,19
LS146RE,35,14,21,30
LS146RF,79,35,44,29
LS146RG,41,24,17,22
LS146RH,66,36,30,24
LS146RJ,65,25,40,24
LS146RL,82,42,40,32
LS146RN,37,19,18,17
LS146RP,51,24,27,18
LS146RQ,28,14,14,19
LS146RR,17,3,14,8
LS146RS,4,3,1,3
LS146RT,9,5,4,4
LS146RU,35,20,15,15
LS146RW,53,28,25,22
LS146RX,60,25,35,21
LS146RY,48,21,27,20
LS146RZ,26,14,12,14
LS146SB,78,37,41,30
LS146SD,39,18,21,16
LS146SE,54,24,30,18
LS146SF,27,13,14,8
LS146SG,17,10,7,7
LS146SH,31,17,14,9
LS146SJ,26,8,18,9
LS146SL,25,10,15,10
LS146SN,52,28,24,21
LS146SQ,125,53,72,44
LS146ST,40,16,24,24
LS146SU,82,40,42,35
LS146SX,71,37,34,30
LS146SY,86,35,51,33
LS146SZ,13,6,7,5
LS146TA,9,4,5,4
LS146TB,4,3,1,2
LS146TD,76,37,39,22
LS146TE,89,37,52,24
LS146TF,23,10,13,8
LS146TG,102,50,52,38
LS146TH,59,31,28,21
LS146TJ,16,10,6,6
LS146TL,53,22,31,21
LS146TN,44,19,25,12
LS146TP,51,24,27,24
LS146TQ,102,42,60,33
LS146TR,3,0,3,2
LS146TS,61,29,32,21
LS146TT,72,37,35,26
LS146TU,42,16,26,12
LS146TW,147,66,81,51
LS146TX,1,0,1,1
LS146TY,53,22,31,17
LS146TZ,14,5,9,6
LS146UA,25,13,12,10
LS146UB,39,18,21,31
LS146UD,44,13,31,33
LS146UG,37,20,17,30
LS146UL,30,11,19,26
LS146UN,37,19,18,14
LS146UP,58,35,23,43
LS146UR,46,37,9,42
LS146US,16,7,9,14
LS146UT,69,42,27,45
LS146UU,61,35,26,43
LS146UX,65,50,15,48
LS146UY,59,48,11,46
LS146WA,23,9,14,16
LS146WH,4,4,0,1
LS146WN,23,10,13,13
LS146WX,15,8,7,5
LS146XQ,86,46,40,40
LS150AA,9,6,3,3
LS150AB,14,6,8,5
LS150AD,2,2,0,2
LS150AH,42,19,23,16
LS150AJ,100,47,53,35
LS150AL,50,22,28,22
LS150AN,131,57,74,39
LS150AP,87,41,46,42
LS150AR,68,41,27,46
LS150AS,35,15,20,17
LS150AT,28,14,14,14
LS150AU,22,11,11,13
LS150AW,59,28,31,18
LS150AX,36,18,18,14
LS150AY,43,20,23,23
LS150AZ,221,110,111,67
LS150BA,135,58,77,36
LS150BB,82,39,43,29
LS150BE,44,20,24,12
LS150BG,2,1,1,1
LS150BL,59,24,35,24
LS150BN,44,17,27,15
LS150BP,44,17,27,16
LS150BR,48,22,26,19
LS150BS,103,43,60,32
LS150BT,73,35,38,21
LS150BU,51,21,30,16
LS150BW,29,12,17,9
LS150BX,45,24,21,23
LS150BY,69,31,38,55
LS150DB,74,40,34,40
LS150DD,39,18,21,14
LS150DF,65,32,33,19
LS150DJ,6,4,2,3
LS150DP,34,15,19,23
LS150DQ,5,1,4,1
LS150DR,41,20,21,14
LS150DS,42,21,21,16
LS150DT,40,18,22,21
LS150DU,102,47,55,55
LS150DW,19,10,9,14
LS150DX,67,33,34,23
LS150DY,68,30,38,32
LS150EA,90,41,49,46
LS150EB,76,39,37,47
LS150ED,57,26,31,26
LS150EE,145,62,83,62
LS150EF,30,12,18,14
LS150EG,23,13,10,10
LS150EH,41,17,24,17
LS150EJ,89,39,50,40
LS150EL,19,9,10,9
LS150EN,54,26,28,18
LS150EP,16,7,9,6
LS150EQ,94,48,46,46
LS150ER,7,2,5,6
LS150ES,7,4,3,5
LS150EU,47,23,24,26
LS150EW,51,19,32,23
LS150EX,3,1,2,1
LS150EY,33,18,15,16
LS150EZ,32,14,18,18
LS150HA,43,20,23,25
LS150HB,32,14,18,20
LS150HD,56,25,31,29
LS150HE,52,29,23,24
LS150HF,77,37,40,37
LS150HG,62,32,30,32
LS150HH,49,22,27,26
LS150HJ,40,19,21,19
LS150HL,55,23,32,19
LS150HQ,69,32,37,38
LS150HS,21,9,12,12
LS150HT,60,27,33,30
LS150HU,43,21,22,18
LS150HX,40,18,22,18
LS150HY,22,12,10,10
LS150HZ,48,24,24,20
LS150JA,52,28,24,18
LS150JB,39,20,19,17
LS150JD,13,6,7,8
LS150JE,14,8,6,4
LS150JF,20,8,12,12
LS150JG,33,13,20,21
LS150JH,54,26,28,25
LS150JJ,38,16,22,13
LS150JL,1,1,0,1
LS150JN,28,15,13,13
LS150JP,43,19,24,21
LS150JQ,37,17,20,17
LS150JR,66,30,36,27
LS150JS,76,46,30,33
LS150JT,41,22,19,19
LS150JU,57,28,29,28
LS150JW,36,21,15,14
LS150JX,77,38,39,25
LS150JY,34,17,17,18
LS150LB,40,17,23,22
LS150LF,1,0,1,1
LS150LG,35,17,18,17
LS150LH,40,20,20,14
LS150LJ,12,5,7,6
LS150LL,61,33,28,25
LS150LQ,59,31,28,19
LS150LR,60,29,31,23
LS150LS,68,31,37,33
LS150LT,68,30,38,35
LS150LU,89,46,43,35
LS150LW,35,18,17,13
LS150LX,89,47,42,34
LS150LY,41,19,22,21
LS150LZ,23,11,12,7
LS150NA,8,5,3,6
LS150NE,28,10,18,15
LS150NG,9,4,5,7
LS150NH,71,40,31,42
LS150NJ,14,4,10,6
LS150NN,59,29,30,26
LS150NQ,31,14,17,20
LS150NS,118,53,65,32
LS150NT,35,16,19,16
LS150NU,75,36,39,32
LS150NX,43,18,25,14
LS150NY,141,70,71,46
LS150NZ,85,40,45,32
LS150PA,86,46,40,29
LS150PB,23,12,11,10
LS150PD,61,29,32,21
LS150PE,69,38,31,23
LS150PF,1,1,0,1
LS150PG,45,19,26,18
LS150PH,68,34,34,29
LS150PJ,116,51,65,65
LS150PL,75,39,36,30
LS150PN,59,27,32,30
LS150PP,55,27,28,24
LS150PQ,61,28,33,28
LS150PR,58,30,28,21
LS150PS,39,19,20,19
LS150PU,84,38,46,30
LS150PW,48,22,26,23
LS150PX,46,22,24,28
LS150PY,49,23,26,19
LS150PZ,67,29,38,33
LS150QA,13,5,8,6
LS150QB,23,12,11,10
LS150QD,17,9,8,6
LS150QE,60,28,32,29
LS150QF,20,10,10,14
LS150QG,23,11,12,14
LS150QH,35,16,19,19
LS150QJ,18,8,10,11
LS150QL,10,7,3,9
LS150QN,117,60,57,54
LS150QP,26,14,12,19
LS150QQ,78,43,35,34
LS150QW,2,1,1,1
LS154AA,65,25,40,34
LS154AB,39,16,23,22
LS154AD,62,25,37,37
LS154AE,28,16,12,13
LS154AF,20,8,12,12
LS154AG,38,18,20,19
LS154AH,11,6,5,5
LS154AJ,36,17,19,18
LS154AL,60,30,30,21
LS154AN,91,44,47,31
LS154AP,20,9,11,10
LS154AQ,35,18,17,15
LS154AR,63,28,35,26
LS154AS,62,30,32,27
LS154AT,26,12,14,10
LS154AU,80,41,39,37
LS154AW,87,40,47,40
LS154AX,94,51,43,41
LS154AY,4,2,2,1
LS154BA,18,8,10,5
LS154BE,25,11,14,9
LS154BG,59,34,25,25
LS154BH,18,8,10,9
LS154BJ,4,1,3,1
LS154BL,74,36,38,37
LS154BN,31,15,16,12
LS154BP,113,61,52,42
LS154BQ,17,7,10,9
LS154BR,68,30,38,34
LS154BS,96,44,52,42
LS154BT,28,10,18,7
LS154BU,7,3,4,2
LS154BW,73,38,35,27
LS154BX,22,11,11,12
LS154BY,75,41,34,25
LS154BZ,14,8,6,6
LS154DA,135,64,71,54
LS154DB,18,10,8,6
LS154DD,7,4,3,3
LS154DE,7,3,4,2
LS154DF,38,21,17,13
LS154DG,36,22,14,12
LS154DH,45,21,24,19
LS154DJ,29,11,18,11
LS154DL,20,6,14,7
LS154DN,9,5,4,6
LS154DP,51,26,25,26
LS154DQ,48,25,23,19
LS154DR,39,18,21,15
LS154DS,54,28,26,22
LS154DT,10,4,6,5
LS154DU,44,21,23,17
LS154DW,29,13,16,15
LS154DX,7,3,4,3
LS154DY,17,7,10,8
LS154DZ,40,17,23,16
LS154EA,8,3,5,5
LS154EB,30,14,16,9
LS154ED,2,1,1,1
LS154EE,36,15,21,16
LS154EF,2,1,1,1
LS154EG,36,17,19,16
LS154EH,23,11,12,8
LS154EJ,37,13,24,17
LS154EL,48,25,23,16
LS154EP,21,9,12,12
LS154EQ,28,16,12,11
LS154ER,40,20,20,23
LS154ES,7,3,4,3
LS154ET,105,55,50,46
LS154EU,26,12,14,13
LS154EW,14,8,6,7
LS154EX,19,10,9,7
LS154EY,7,3,4,4
LS154EZ,49,22,27,22
LS154HA,12,5,7,4
LS154HB,35,16,19,18
LS154HD,20,10,10,8
LS154HE,40,16,24,17
LS154HF,50,28,22,23
LS154HG,7,4,3,4
LS154HH,22,8,14,13
LS154HJ,23,12,11,13
LS154HN,7,2,5,3
LS154HP,9,4,5,4
LS154HQ,18,7,11,9
LS154HR,6,3,3,2
LS154HS,56,31,25,25
LS154HT,3,2,1,2
LS154HU,1,1,0,1
LS154HX,10,5,5,5
LS154HY,43,21,22,17
LS154HZ,45,17,28,23
LS154JA,38,15,23,20
LS154JB,73,36,37,32
LS154JD,34,16,18,14
LS154JE,30,13,17,12
LS154JF,15,8,7,8
LS154JG,43,22,21,13
LS154JH,31,11,20,18
LS154JJ,10,6,4,4
LS154JL,22,12,10,12
LS154JN,49,30,19,30
LS154JP,34,16,18,15
LS154JQ,46,25,21,22
LS154JR,7,3,4,1
LS154JS,8,4,4,4
LS154JT,49,23,26,29
LS154JU,28,10,18,15
LS154JX,64,32,32,29
LS154JZ,5,1,4,2
LS154LA,34,19,15,11
LS154LB,7,4,3,3
LS154LD,56,26,30,28
LS154LE,1,1,0,1
LS154LF,14,8,6,6
LS154LG,35,19,16,16
LS154LH,45,23,22,22
LS154LJ,56,22,34,28
LS154LL,64,30,34,32
LS154LN,18,9,9,10
LS154LP,65,30,35,35
LS154LR,73,33,40,30
LS154LS,20,9,11,10
LS154LT,20,8,12,10
LS154LU,12,8,4,8
LS154LW,58,29,29,26
LS154LX,8,3,5,2
LS154LY,10,6,4,3
LS154LZ,18,9,9,7
LS154NA,6,1,5,2
LS154NE,16,8,8,5
LS154NF,2,1,1,1
LS154NG,12,7,5,3
LS154NH,1,1,0,1
LS154NJ,3,2,1,1
LS154NL,5,3,2,3
LS154NN,24,10,14,9
LS154NP,2,1,1,1
LS154NQ,3,2,1,2
LS154NR,4,2,2,2
LS154NS,4,2,2,2
LS154NT,21,11,10,7
LS154NU,1,1,0,1
LS154NW,3,1,2,1
LS154NX,5,2,3,3
LS154NY,16,6,10,11
LS154NZ,28,13,15,12
LS154PA,85,40,45,32
LS154PB,137,65,72,62
LS154PD,4,2,2,3
LS154PE,30,15,15,14
LS154PF,35,14,21,13
LS154PG,8,5,3,6
LS154PH,8,4,4,5
LS154PQ,9,4,5,5
LS154SY,1,1,0,1
LS155LJ,11,5,6,4
LS155LL,14,2,12,6
LS157AA,47,24,23,18
LS157AB,48,20,28,21
LS157AD,5,4,1,2
LS157AE,33,12,21,19
LS157AF,40,19,21,15
LS157AG,58,35,23,34
LS157AH,34,14,20,13
LS157AJ,25,15,10,10
LS157AL,26,12,14,10
LS157AN,118,56,62,46
LS157AP,58,27,31,25
LS157AQ,14,9,5,9
LS157AR,68,34,34,20
LS157AS,47,23,24,20
LS157AT,44,23,21,19
LS157AU,28,13,15,11
LS157AW,96,49,47,32
LS157AX,93,45,48,36
LS157AY,9,2,7,3
LS157BA,31,16,15,20
LS157BD,74,41,33,34
LS157BE,23,12,11,7
LS157BG,45,25,20,21
LS157BJ,67,31,36,22
LS157BL,74,32,42,30
LS157BN,45,18,27,19
LS157BP,77,39,38,27
LS157BR,40,19,21,15
LS157BS,21,11,10,8
LS157BT,28,16,12,11
LS157BU,66,32,34,25
LS157BW,84,42,42,30
LS157BX,63,32,31,22
LS157BY,29,15,14,10
LS157DA,59,28,31,25
LS157DB,34,18,16,11
LS157DD,56,29,27,20
LS157DE,22,10,12,8
LS157DF,67,33,34,26
LS157DG,51,25,26,23
LS157DH,34,18,16,10
LS157DJ,36,16,20,14
LS157DL,36,21,15,13
LS157DN,68,35,33,26
LS157DP,24,10,14,11
LS157DQ,31,15,16,12
LS157DR,28,14,14,12
LS157DS,12,5,7,5
LS157DT,34,18,16,12
LS157DU,12,5,7,9
LS157DW,39,19,20,16
LS157DX,92,44,48,33
LS157DY,37,16,21,14
LS157DZ,15,6,9,7
LS157EA,10,6,4,5
LS157EB,42,21,21,12
LS157ED,21,11,10,10
LS157EE,66,32,34,25
LS157EF,61,27,34,24
LS157EG,16,9,7,8
LS157EH,70,38,32,23
LS157EJ,61,26,35,23
LS157EL,15,7,8,6
LS157EN,7,4,3,4
LS157EP,116,57,59,37
LS157EQ,21,12,9,9
LS157ER,13,8,5,5
LS157ES,91,45,46,38
LS157ET,18,7,11,8
LS157EW,18,10,8,8
LS157HA,116,56,60,41
LS157HB,21,13,8,10
LS157HD,85,36,49,34
LS157HE,76,33,43,28
LS157HF,57,21,36,20
LS157HG,61,28,33,26
LS157HQ,25,11,14,10
LS157HR,4,1,3,1
LS157HS,11,5,6,5
LS157HT,41,21,20,15
LS157HU,45,20,25,18
LS157HW,6,3,3,4
LS157HY,27,13,14,21
LS157HZ,81,43,38,38
LS157JA,61,32,29,19
LS157JB,21,11,10,9
LS157JG,47,24,23,24
LS157JH,11,9,2,9
LS157JJ,54,23,31,19
LS157JL,13,6,7,8
LS157JN,81,36,45,28
LS157JP,4,3,1,3
LS157JQ,44,22,22,19
LS157JS,13,7,6,5
LS157JT,22,7,15,16
LS157JU,15,6,9,6
LS157JX,14,7,7,5
LS157JY,34,19,15,24
LS157LA,43,22,21,17
LS157LB,10,3,7,9
LS157LD,13,6,7,6
LS157LE,23,13,10,10
LS157LF,73,35,38,23
LS157LJ,51,11,40,45
LS157LN,21,5,16,8
LS157LP,20,10,10,8
LS157LR,35,15,20,12
LS157LS,35,16,19,16
LS157LT,39,16,23,12
LS157LU,60,27,33,26
LS157LW,44,20,24,18
LS157LX,18,7,11,6
LS157LY,17,6,11,6
LS157LZ,34,13,21,14
LS157NA,66,32,34,22
LS157NB,127,58,69,47
LS157ND,6,3,3,3
LS157NE,19,8,11,10
LS157NF,50,25,25,20
LS157NG,3,1,2,1
LS157NH,38,17,21,13
LS157NJ,7,5,2,5
LS157NL,10,3,7,6
LS157NR,70,38,32,26
LS157NS,45,19,26,21
LS157NT,56,28,28,22
LS157NU,30,14,16,12
LS157NX,50,19,31,22
LS157NY,39,18,21,15
LS157NZ,33,16,17,13
LS157PA,55,27,28,21
LS157PD,7,5,2,6
LS157PF,52,25,27,24
LS157PG,62,30,32,24
LS157PH,37,18,19,15
LS157PJ,44,20,24,16
LS157PL,53,26,27,21
LS157PN,99,52,47,36
LS157PP,45,17,28,17
LS157PQ,20,9,11,8
LS157PR,47,24,23,19
LS157PS,69,36,33,25
LS157PT,47,23,24,16
LS157PU,39,18,21,15
LS157PW,27,12,15,11
LS157PX,52,23,29,23
LS157PY,85,40,45,31
LS157PZ,58,31,27,22
LS157QA,22,12,10,10
LS157QB,62,24,38,22
LS157QD,12,6,6,3
LS157QE,85,47,38,31
LS157QF,132,63,69,51
LS157QG,6,4,2,4
LS157QH,5,4,1,1
LS157QJ,65,31,34,26
LS157QL,50,18,32,19
LS157QN,12,6,6,6
LS157QP,105,58,47,40
LS157QQ,117,66,51,48
LS157QR,37,20,17,10
LS157QS,22,12,10,7
LS157QT,34,23,11,14
LS157QU,10,5,5,2
LS157QW,69,36,33,23
LS157QX,50,23,27,21
LS157QY,53,23,30,22
LS157QZ,3,1,2,1
LS157RA,12,8,4,7
LS157RB,71,38,33,27
LS157RD,14,8,6,7
LS157RE,11,6,5,7
LS157RF,26,13,13,15
LS157RG,26,14,12,15
LS157RH,5,3,2,4
LS157RJ,28,13,15,14
LS157RL,43,20,23,21
LS157RN,14,9,5,6
LS157RP,3,2,1,1
LS157RR,31,15,16,14
LS157RS,23,10,13,9
LS157RT,39,16,23,17
LS157RU,7,4,3,2
LS157RW,26,11,15,12
LS157RX,30,16,14,15
LS157RY,39,18,21,29
LS157RZ,7,7,0,0
LS157SA,55,27,28,25
LS157SB,64,34,30,40
LS157SD,70,33,37,25
LS157SE,79,37,42,30
LS157SF,72,31,41,27
LS157SG,52,22,30,23
LS157SH,37,19,18,12
LS157SJ,24,14,10,11
LS157SL,57,30,27,21
LS157SN,11,6,5,6
LS157SP,81,40,41,32
LS157SQ,54,26,28,22
LS157SR,11,7,4,5
LS157SS,11,6,5,8
LS157ST,11,7,4,6
LS157SU,65,27,38,36
LS157SW,73,33,40,27
LS157SX,81,44,37,28
LS157SY,26,12,14,8
LS157SZ,35,16,19,10
LS157TA,38,15,23,27
LS157TB,24,11,13,12
LS157TD,12,7,5,5
LS157TN,15,6,9,6
LS157TP,30,16,14,16
LS157TS,16,7,9,11
LS157TT,12,5,7,11
LS157TU,104,51,53,43
LS157TX,16,6,10,9
LS157TY,28,14,14,11
LS157TZ,28,13,15,12
LS157UA,6,2,4,5
LS157UB,34,13,21,13
LS157UD,67,33,34,32
LS157UE,13,8,5,7
LS157UF,9,3,6,4
LS157UG,1,0,1,1
LS157UU,20,9,11,7
LS157UX,35,17,18,14
LS157UY,48,27,21,25
LS157UZ,73,24,49,48
LS158AB,1,1,0,1
LS158AD,10,5,5,4
LS158AE,8,3,5,3
LS158AG,13,6,7,6
LS158AP,1,1,0,1
LS158AS,6,2,4,4
LS158AT,17,9,8,8
LS158AU,14,6,8,7
LS158AW,1,1,0,1
LS158AX,10,6,4,5
LS158AY,14,6,8,7
LS158AZ,21,7,14,10
LS158BA,18,12,6,9
LS158BB,45,23,22,18
LS158BD,76,33,43,34
LS158BE,16,7,9,11
LS158BG,4,3,1,3
LS158BH,40,20,20,17
LS158BJ,23,8,15,11
LS158BL,39,17,22,11
LS158BN,88,36,52,40
LS158BP,82,40,42,35
LS158BQ,43,21,22,20
LS158BR,60,28,32,26
LS158BS,54,25,29,26
LS158BT,77,38,39,33
LS158BW,20,7,13,10
LS158BY,8,3,5,5
LS158BZ,5,4,1,1
LS158DX,16,10,6,6
LS158DY,88,46,42,44
LS158DZ,47,27,20,30
LS158EA,122,51,71,42
LS158EB,41,24,17,23
LS158ED,93,49,44,41
LS158EE,76,36,40,34
LS158EF,42,22,20,19
LS158EG,22,11,11,14
LS158EH,2,2,0,1
LS158EJ,75,39,36,35
LS158EN,44,21,23,25
LS158EP,77,37,40,27
LS158EQ,22,10,12,10
LS158ER,65,32,33,24
LS158ES,16,8,8,11
LS158EW,57,31,26,20
LS158EX,21,10,11,7
LS158EY,63,30,33,21
LS158EZ,18,10,8,12
LS158GB,4,2,2,2
LS158GW,61,31,30,24
LS158HA,23,13,10,10
LS158HB,14,10,4,5
LS158HD,25,11,14,9
LS158HE,26,12,14,10
LS158HF,32,14,18,16
LS158HG,37,16,21,16
LS158HH,29,14,15,14
LS158HJ,59,32,27,31
LS158HL,48,19,29,29
LS158HN,60,28,32,26
LS158HP,61,30,31,26
LS158HQ,31,13,18,14
LS158HR,54,26,28,26
LS158HS,48,22,26,27
LS158HT,21,8,13,8
LS158HU,94,45,49,38
LS158HX,135,70,65,51
LS158HY,8,4,4,5
LS158HZ,36,18,18,17
LS158JA,23,12,11,15
LS158JB,4,2,2,1
LS158JD,32,17,15,14
LS158JE,26,10,16,5
LS158JF,4,2,2,4
LS158JG,14,5,9,7
LS158JH,21,11,10,10
LS158JJ,111,50,61,40
LS158JL,66,32,34,31
LS158JN,60,25,35,25
LS158JP,84,37,47,31
LS158JQ,21,11,10,9
LS158JR,47,24,23,18
LS158JS,4,2,2,2
LS158JT,70,38,32,35
LS158JU,51,23,28,25
LS158JW,32,13,19,14
LS158JX,9,4,5,3
LS158JY,76,36,40,33
LS158JZ,8,4,4,3
LS158LA,15,6,9,9
LS158LB,36,19,17,19
LS158LD,68,38,30,27
LS158LF,2,1,1,2
LS158LG,85,38,47,33
LS158LH,7,3,4,5
LS158LJ,22,11,11,15
LS158LL,3,1,2,2
LS158LN,75,34,41,43
LS158LP,13,6,7,7
LS158LQ,40,10,30,33
LS158LR,7,4,3,3
LS158LS,49,24,25,24
LS158LT,9,4,5,5
LS158LU,2,1,1,1
LS158LW,83,40,43,52
LS158LX,46,24,22,18
LS158LY,5,3,2,2
LS158LZ,34,15,19,18
LS158NA,38,19,19,19
LS158NB,25,11,14,14
LS158ND,46,20,26,18
LS158NE,52,21,31,29
LS158NF,15,6,9,10
LS158NG,12,6,6,8
LS158NH,18,9,9,9
LS158NJ,30,11,19,20
LS158NL,49,23,26,21
LS158NN,26,10,16,12
LS158NQ,28,12,16,17
LS158NR,27,12,15,13
LS158NS,67,29,38,27
LS158NT,4,3,1,2
LS158NU,73,40,33,26
LS158NX,76,39,37,28
LS158NZ,51,28,23,22
LS158PA,112,61,51,41
LS158PB,40,18,22,17
LS158PD,44,18,26,20
LS158PE,48,25,23,26
LS158PF,49,21,28,22
LS158PG,37,18,19,19
LS158PH,25,13,12,14
LS158PJ,48,21,27,18
LS158PL,56,29,27,25
LS158PN,15,6,9,9
LS158PP,42,23,19,15
LS158PQ,17,7,10,9
LS158PR,55,30,25,23
LS158PS,20,9,11,11
LS158PT,39,21,18,16
LS158PU,7,3,4,3
LS158PX,27,13,14,11
LS158PY,53,31,22,19
LS158PZ,11,7,4,5
LS158QA,85,43,42,30
LS158QB,4,3,1,2
LS158QD,56,28,28,21
LS158QE,34,17,17,13
LS158QF,47,20,27,18
LS158QG,56,28,28,24
LS158QH,14,6,8,6
LS158QJ,45,22,23,17
LS158QL,15,7,8,8
LS158QN,18,9,9,9
LS158QP,3,2,1,1
LS158QQ,33,15,18,15
LS158QU,20,12,8,7
LS158QW,2,1,1,1
LS158QX,74,29,45,40
LS158QY,81,43,38,34
LS158QZ,102,52,50,43
LS158RA,7,3,4,4
LS158RB,36,17,19,12
LS158RD,54,25,29,22
LS158RE,38,19,19,16
LS158RF,86,42,44,34
LS158RG,11,4,7,4
LS158RH,20,8,12,13
LS158RJ,27,14,13,17
LS158RL,41,20,21,25
LS158RN,15,6,9,6
LS158RP,14,8,6,9
LS158RR,2,1,1,1
LS158RS,80,38,42,49
LS158RT,69,33,36,38
LS158RU,52,25,27,28
LS158RW,5,2,3,4
LS158RX,21,8,13,10
LS158RY,47,20,27,26
LS158RZ,58,26,32,36
LS158SA,81,32,49,37
LS158SB,51,26,25,27
LS158SD,80,39,41,32
LS158SE,35,9,26,1
LS158SF,54,26,28,25
LS158SG,13,6,7,5
LS158SH,26,12,14,9
LS158SJ,45,24,21,29
LS158SL,7,4,3,2
LS158SN,10,6,4,5
LS158SP,54,25,29,20
LS158SQ,64,29,35,32
LS158SR,11,4,7,5
LS158SW,39,19,20,17
LS158TE,27,12,15,12
LS158TF,12,8,4,7
LS158TH,17,11,6,6
LS158TJ,27,10,17,15
LS158TN,88,34,54,48
LS158TP,2,1,1,1
LS158TT,55,31,24,21
LS158TW,37,15,22,19
LS158TX,27,14,13,10
LS158TY,36,18,18,15
LS158TZ,10,5,5,4
LS158UA,87,41,46,28
LS158UB,28,11,17,11
LS158UD,60,26,34,20
LS158UE,33,15,18,14
LS158UF,57,23,34,23
LS158UG,29,17,12,12
LS158UH,44,24,20,24
LS158UJ,25,12,13,17
LS158UL,43,19,24,27
LS158UN,24,10,14,14
LS158UP,88,45,43,33
LS158UQ,40,17,23,22
LS158UT,36,20,16,20
LS158UU,26,13,13,14
LS158UW,46,23,23,15
LS158UX,67,31,36,43
LS158UY,30,16,14,19
LS158XA,9,4,5,4
LS158XB,44,25,19,18
LS158XD,108,55,53,69
LS158XE,107,49,58,54
LS158XF,34,17,17,14
LS158XG,9,5,4,9
LS158XH,20,10,10,6
LS158XJ,32,14,18,15
LS158XL,11,5,6,5
LS158XQ,28,13,15,14
LS158ZB,2,2,0,2
LS159AA,33,17,16,15
LS159AB,15,10,5,9
LS159AD,5,2,3,2
LS159AF,5,2,3,3
LS159AG,14,6,8,8
LS159AH,11,3,8,4
LS159AJ,41,21,20,19
LS159AL,29,13,16,8
LS159AN,61,29,32,26
LS159AP,31,17,14,15
LS159AQ,33,15,18,13
LS159AR,21,10,11,11
LS159AS,38,17,21,15
LS159AT,90,42,48,35
LS159AU,7,3,4,6
LS159AW,65,31,34,29
LS159AX,48,26,22,24
LS159AY,100,44,56,39
LS159AZ,19,9,10,9
LS159BA,26,10,16,8
LS159BB,20,11,9,8
LS159BD,39,21,18,15
LS159BE,53,32,21,21
LS159BG,40,19,21,15
LS159BJ,14,8,6,8
LS159BL,31,16,15,11
LS159BN,19,11,8,4
LS159BP,26,14,12,11
LS159BQ,20,9,11,10
LS159BW,19,8,11,10
LS159BY,15,7,8,5
LS159BZ,14,5,9,3
LS159DA,75,36,39,41
LS159DB,23,8,15,15
LS159DD,37,20,17,17
LS159DE,3,1,2,2
LS159DF,16,8,8,9
LS159DG,38,16,22,23
LS159DH,7,4,3,4
LS159DJ,35,18,17,17
LS159DL,29,14,15,12
LS159DN,15,8,7,9
LS159DQ,76,34,42,32
LS159DR,60,27,33,23
LS159DT,36,16,20,15
LS159DW,44,19,25,25
LS159DX,131,69,62,46
LS159DY,77,40,37,27
LS159DZ,20,10,10,8
LS159EA,9,4,5,4
LS159EB,8,4,4,2
LS159ED,69,36,33,31
LS159EE,48,24,24,24
LS159EF,19,9,10,8
LS159EG,19,11,8,10
LS159EH,19,9,10,9
LS159EJ,38,23,15,20
LS159EL,21,10,11,9
LS159EN,31,13,18,18
LS159EP,65,34,31,26
LS159EQ,54,26,28,19
LS159ER,11,7,4,4
LS159ES,26,10,16,12
LS159ET,34,14,20,15
LS159EU,35,18,17,15
LS159EW,150,79,71,52
LS159EX,64,33,31,25
LS159EY,56,31,25,26
LS159HA,21,6,15,12
LS159HB,63,33,30,24
LS159HD,18,7,11,7
LS159HE,36,18,18,15
LS159HF,38,19,19,17
LS159HG,61,33,28,24
LS159HH,79,34,45,21
LS159HL,13,6,7,4
LS159HN,9,3,6,3
LS159HP,13,6,7,4
LS159HR,64,24,40,30
LS159HS,6,2,4,4
LS159HU,21,10,11,9
LS159HW,17,9,8,5
LS159HX,30,17,13,11
LS159HY,50,23,27,18
LS159HZ,104,58,46,36
LS159JD,84,42,42,34
LS159JE,66,30,36,31
LS159JF,24,10,14,10
LS159JG,6,4,2,5
LS159JH,6,4,2,3
LS159JN,3,2,1,1
LS159JP,120,60,60,38
LS159JR,84,48,36,34
LS159JS,82,41,41,39
LS159JT,18,7,11,10
LS159LA,7,4,3,2
LS159LB,33,14,19,10
LS159LD,53,30,23,18
LS165AB,42,23,19,32
LS165AD,27,11,16,13
LS165AE,11,8,3,6
LS165AF,48,29,19,35
LS165AH,36,16,20,13
LS165AJ,37,21,16,11
LS165AL,25,13,12,12
LS165AN,9,3,6,5
LS165AP,54,27,27,26
LS165AQ,7,3,4,3
LS165AR,63,30,33,18
LS165AS,12,6,6,5
LS165AT,20,9,11,9
LS165AW,12,5,7,8
LS165AX,47,23,24,19
LS165AY,86,46,40,29
LS165AZ,33,17,16,10
LS165BA,15,9,6,6
LS165BB,15,9,6,6
LS165BD,32,15,17,14
LS165BF,11,8,3,8
LS165BG,32,16,16,12
LS165BH,54,26,28,23
LS165BJ,56,25,31,20
LS165BL,53,29,24,27
LS165BN,72,41,31,22
LS165BP,44,19,25,16
LS165BR,36,19,17,13
LS165BS,49,23,26,11
LS165BT,18,8,10,7
LS165BW,38,18,20,12
LS165BZ,16,6,10,6
LS165DA,12,4,8,4
LS165DB,98,46,52,75
LS165DD,32,14,18,15
LS165DE,99,46,53,52
LS165DF,54,26,28,24
LS165DG,24,9,15,11
LS165DH,33,14,19,15
LS165DJ,88,38,50,44
LS165DL,125,57,68,47
LS165DN,64,32,32,29
LS165DP,8,4,4,4
LS165DQ,27,13,14,19
LS165DR,86,37,49,47
LS165DS,18,9,9,8
LS165DT,107,53,54,43
LS165DU,30,14,16,11
LS165DW,33,18,15,13
LS165DX,38,14,24,22
LS165DY,99,51,48,45
LS165DZ,48,24,24,18
LS165EA,34,21,13,14
LS165EB,74,47,27,57
LS165ED,25,13,12,13
LS165EE,72,35,37,47
LS165EF,32,9,23,17
LS165EG,86,41,45,36
LS165EH,100,56,44,60
LS165EL,49,33,16,34
LS165EN,7,4,3,3
LS165EP,47,21,26,21
LS165EQ,85,52,33,56
LS165ER,79,53,26,58
LS165ES,47,18,29,19
LS165ET,36,18,18,21
LS165EU,71,33,38,35
LS165EW,136,60,76,60
LS165EX,21,12,9,12
LS165EY,35,19,16,23
LS165EZ,66,32,34,27
LS165HA,62,28,34,28
LS165HB,65,32,33,28
LS165HD,69,35,34,34
LS165HE,18,8,10,6
LS165HF,91,40,51,40
LS165HG,52,25,27,30
LS165HH,94,47,47,33
LS165HJ,63,27,36,27
LS165HL,44,21,23,15
LS165HN,25,16,9,9
LS165HP,14,5,9,6
LS165HQ,12,8,4,5
LS165HR,19,7,12,7
LS165HS,16,9,7,7
LS165HT,45,20,25,22
LS165HU,15,7,8,6
LS165HW,51,24,27,20
LS165HX,46,21,25,19
LS165HY,44,20,24,19
LS165JA,55,27,28,21
LS165JB,23,10,13,9
LS165JD,23,12,11,7
LS165JE,72,36,36,44
LS165JF,27,12,15,19
LS165JG,5,2,3,3
LS165JJ,3,1,2,1
LS165JN,1,1,0,1
LS165JS,20,12,8,5
LS165JX,138,74,64,64
LS165JY,23,14,9,6
LS165JZ,104,54,50,36
LS165LB,38,21,17,16
LS165LD,5,2,3,3
LS165LE,5,2,3,1
LS165LF,88,53,35,29
LS165LG,39,22,17,29
LS165LH,2,1,1,1
LS165LJ,3,2,1,1
LS165LL,3,2,1,1
LS165LN,43,17,26,12
LS165LP,43,24,19,14
LS165LQ,46,29,17,18
LS165LR,8,4,4,3
LS165LS,2,1,1,1
LS165LT,4,0,4,1
LS165LU,10,5,5,7
LS165LY,6,4,2,4
LS165LZ,84,52,32,47
LS165NA,19,9,10,9
LS165NB,59,26,33,35
LS165ND,59,28,31,25
LS165NE,81,37,44,44
LS165NF,72,33,39,24
LS165NG,28,14,14,11
LS165NH,32,14,18,13
LS165NJ,21,12,9,10
LS165NL,47,23,24,17
LS165NP,34,16,18,18
LS165NQ,34,16,18,10
LS165NR,19,9,10,7
LS165NS,34,15,19,12
LS165NT,73,39,34,29
LS165NU,25,10,15,11
LS165NW,34,17,17,13
LS165NX,3,1,2,2
LS165NY,29,15,14,10
LS165NZ,6,3,3,1
LS165PA,5,3,2,2
LS165PB,26,13,13,8
LS165PD,87,40,47,34
LS165PE,13,8,5,5
LS165PG,48,23,25,17
LS165PH,5,3,2,1
LS165PJ,21,10,11,7
LS165PL,61,26,35,32
LS165PN,47,27,20,27
LS165PQ,17,9,8,8
LS165PT,1187,534,653,52
LS165PW,19,8,11,5
LS165QB,16,7,9,12
LS165QD,10,6,4,5
LS165QE,28,10,18,13
LS165QL,3,2,1,1
LS165QN,13,7,6,9
LS165QP,18,10,8,10
LS165QS,42,12,30,37
LS165QU,16,11,5,12
LS165QX,69,20,49,57
LS165QZ,16,9,7,5
LS165RN,49,31,18,16
LS165RP,76,41,35,23
LS165RQ,141,79,62,66
LS165RR,40,21,19,23
LS165RS,31,14,17,11
LS165RT,81,43,38,34
LS165RU,148,95,53,73
LS165RW,68,32,36,32
LS165RX,92,52,40,44
LS165TX,21,10,11,6
LS165TY,15,8,7,8
LS165TZ,13,6,7,6
LS166AA,71,32,39,28
LS166AB,73,38,35,28
LS166AD,41,19,22,16
LS166AE,56,26,30,24
LS166AF,65,32,33,25
LS166AG,81,41,40,30
LS166AJ,45,28,17,15
LS166AL,46,21,25,25
LS166AN,47,23,24,30
LS166AP,21,7,14,16
LS166AQ,81,44,37,35
LS166AR,2,1,1,1
LS166AS,37,16,21,22
LS166AT,35,20,15,22
LS166AU,64,32,32,36
LS166AW,25,11,14,14
LS166AX,54,24,30,37
LS166AY,44,19,25,27
LS166AZ,9,4,5,6
LS166BA,18,8,10,9
LS166BB,29,10,19,16
LS166BD,44,17,27,25
LS166BE,29,17,12,13
LS166BG,78,39,39,28
LS166BH,11,3,8,6
LS166BJ,20,12,8,8
LS166BL,24,10,14,14
LS166BN,43,19,24,19
LS166BP,117,56,61,57
LS166BQ,89,42,47,37
LS166BR,95,46,49,37
LS166BS,103,52,51,39
LS166BT,49,21,28,22
LS166BU,65,31,34,28
LS166BW,57,28,29,24
LS166BX,27,13,14,14
LS166BY,55,27,28,30
LS166BZ,90,38,52,48
LS166DA,38,18,20,17
LS166DB,29,14,15,14
LS166DD,33,17,16,14
LS166DE,31,15,16,15
LS166DF,74,39,35,23
LS166DG,25,14,11,12
LS166DH,44,20,24,28
LS166DJ,58,27,31,28
LS166DL,23,10,13,16
LS166DN,115,51,64,41
LS166DP,127,58,69,52
LS166DQ,23,9,14,10
LS166DR,37,18,19,14
LS166DS,39,19,20,17
LS166DT,37,19,18,12
LS166DU,15,6,9,8
LS166DW,54,26,28,19
LS166DX,58,27,31,30
LS166DY,7,2,5,4
LS166DZ,32,17,15,19
LS166EA,129,63,66,53
LS166ED,23,11,12,16
LS166EE,80,36,44,34
LS166EF,13,5,8,8
LS166EG,20,7,13,6
LS166EH,41,20,21,18
LS166EJ,56,27,29,20
LS166EL,53,28,25,16
LS166EN,96,50,46,48
LS166EP,6,4,2,4
LS166EQ,39,20,19,13
LS166ER,16,6,10,8
LS166ES,50,22,28,24
LS166ET,69,31,38,20
LS166EU,54,24,30,16
LS166EW,27,14,13,14
LS166EX,67,35,32,29
LS166EY,29,13,16,13
LS166EZ,43,23,20,30
LS166FD,11,1,10,11
LS166FE,16,9,7,4
LS166HA,35,19,16,16
LS166HB,35,17,18,14
LS166HD,24,12,12,10
LS166HE,11,4,7,4
LS166HF,12,5,7,5
LS166HG,59,31,28,21
LS166HH,60,31,29,24
LS166HJ,16,8,8,7
LS166HL,23,14,9,11
LS166HN,12,5,7,8
LS166HQ,1,1,0,1
LS166HR,27,11,16,9
LS166HS,44,21,23,18
LS166HT,62,29,33,20
LS166HU,59,32,27,22
LS166HW,23,12,11,9
LS166HX,75,39,36,32
LS166HY,62,27,35,25
LS166HZ,70,34,36,25
LS166JA,74,34,40,31
LS166JB,19,12,7,8
LS166JD,56,26,30,20
LS166JE,43,21,22,19
LS166JF,58,28,30,23
LS166JG,30,18,12,13
LS166JH,61,32,29,20
LS166JJ,12,4,8,4
LS166JL,29,15,14,13
LS166JN,52,25,27,21
LS166JP,19,10,9,8
LS166JQ,13,6,7,4
LS166JR,15,8,7,8
LS166JS,31,16,15,18
LS166JT,15,7,8,8
LS166JU,87,40,47,35
LS166JW,77,39,38,29
LS166JX,71,32,39,37
LS166JY,23,11,12,16
LS166JZ,10,5,5,3
LS166LA,19,11,8,7
LS166LB,2,1,1,1
LS166LD,32,13,19,17
LS166LE,26,9,17,10
LS166LF,69,38,31,23
LS166LG,27,11,16,13
LS166LH,49,21,28,15
LS166LL,16,6,10,6
LS166LN,100,47,53,44
LS166LP,10,4,6,5
LS166LQ,26,14,12,12
LS166LR,25,9,16,13
LS166LS,16,7,9,8
LS166LT,39,17,22,14
LS166LU,99,47,52,38
LS166LW,27,13,14,13
LS166LX,19,7,12,8
LS166LY,27,15,12,12
LS166LZ,25,17,8,12
LS166NA,25,12,13,21
LS166NB,41,6,35,0
LS166ND,44,21,23,32
LS166NF,1,1,0,1
LS166NG,65,34,31,33
LS166NH,29,12,17,12
LS166NJ,55,28,27,26
LS166NL,63,27,36,31
LS166NN,74,30,44,35
LS166NP,25,11,14,11
LS166NQ,77,47,30,35
LS166NR,40,17,23,17
LS166NS,48,21,27,18
LS166NT,105,55,50,34
LS166NU,89,42,47,34
LS166NW,32,13,19,8
LS166NX,84,54,30,59
LS166NY,69,32,37,39
LS166NZ,71,33,38,23
LS166PA,68,28,40,23
LS166PB,79,39,40,33
LS166PD,34,17,17,17
LS166PE,33,14,19,15
LS166PF,97,47,50,45
LS166PG,59,26,33,24
LS166PH,62,29,33,25
LS166PJ,31,16,15,15
LS166PL,46,23,23,18
LS166PN,19,9,10,11
LS166PP,63,29,34,25
LS166PQ,35,15,20,17
LS166PR,37,20,17,17
LS166PS,69,33,36,22
LS166PT,100,50,50,39
LS166PU,120,55,65,54
LS166PW,77,32,45,33
LS166PX,46,26,20,22
LS166PY,25,13,12,9
LS166PZ,84,40,44,32
LS166QJ,64,22,42,54
LS166QP,7,2,5,4
LS166QR,16,12,4,8
LS166QZ,1,0,1,1
LS166RF,1,0,1,1
LS166RN,29,11,18,13
LS166RP,90,42,48,35
LS166RR,124,64,60,61
LS166RS,38,18,20,16
LS166RT,132,61,71,44
LS166RU,20,11,9,7
LS166RX,34,19,15,27
LS166SA,20,13,7,7
LS166SB,21,7,14,11
LS166SD,44,22,22,15
LS166SE,176,85,91,81
LS166SF,26,10,16,18
LS166SG,215,103,112,89
LS166SH,22,11,11,8
LS166SJ,21,9,12,7
LS166SL,18,6,12,11
LS166SN,39,17,22,18
LS166SP,43,19,24,19
LS166SQ,10,4,6,4
LS166SR,13,6,7,6
LS166SU,58,29,29,21
LS166SW,24,11,13,11
LS166SX,21,9,12,18
LS166SY,38,19,19,18
LS166SZ,77,27,50,60
LS167AA,40,19,21,19
LS167AB,42,21,21,18
LS167AD,58,32,26,21
LS167AE,39,18,21,19
LS167AF,17,10,7,7
LS167AG,7,4,3,2
LS167AH,22,13,9,17
LS167AJ,4,2,2,2
LS167AL,4,1,3,1
LS167AN,2,1,1,2
LS167AP,14,7,7,7
LS167AQ,2,1,1,1
LS167AR,16,9,7,7
LS167AS,51,20,31,33
LS167AT,67,33,34,31
LS167AU,50,18,32,26
LS167AX,56,33,23,33
LS167AY,47,20,27,18
LS167AZ,121,55,66,47
LS167BA,53,26,27,26
LS167BB,21,13,8,10
LS167BD,88,48,40,42
LS167BE,81,31,50,48
LS167BG,64,33,31,25
LS167BH,15,7,8,5
LS167BJ,11,5,6,5
LS167BL,42,21,21,21
LS167BN,33,16,17,16
LS167BP,21,9,12,7
LS167BQ,6,3,3,3
LS167BR,45,24,21,12
LS167BS,21,8,13,11
LS167BT,24,13,11,16
LS167BU,33,16,17,14
LS167BW,65,34,31,22
LS167BX,110,59,51,43
LS167BY,32,15,17,13
LS167BZ,96,45,51,43
LS167DA,39,18,21,17
LS167DB,82,42,40,38
LS167DD,66,31,35,25
LS167DE,21,11,10,11
LS167DF,86,46,40,34
LS167DG,8,3,5,2
LS167DH,28,16,12,14
LS167DJ,119,59,60,53
LS167DL,138,71,67,53
LS167DN,84,40,44,38
LS167DP,20,11,9,8
LS167DQ,101,43,58,37
LS167DR,35,20,15,18
LS167DS,19,8,11,8
LS167DU,65,33,32,30
LS167DW,60,31,29,26
LS167DX,8,4,4,4
LS167DY,59,22,37,24
LS167DZ,47,18,29,17
LS167EA,73,35,38,37
LS167EB,24,12,12,10
LS167ED,33,16,17,12
LS167EE,23,12,11,14
LS167EF,47,21,26,26
LS167EG,33,18,15,17
LS167EH,16,6,10,10
LS167EJ,22,11,11,11
LS167EL,11,5,6,4
LS167EN,53,20,33,30
LS167EP,66,37,29,23
LS167EQ,50,24,26,29
LS167ER,43,21,22,16
LS167ES,32,17,15,13
LS167ET,32,17,15,15
LS167EU,56,28,28,25
LS167EW,103,48,55,39
LS167EX,64,34,30,27
LS167EZ,21,10,11,10
LS167HA,64,30,34,25
LS167HB,69,30,39,30
LS167HD,123,62,61,58
LS167HE,36,16,20,14
LS167HF,59,24,35,29
LS167HG,106,54,52,47
LS167HH,77,29,48,51
LS167HJ,98,52,46,33
LS167HL,86,37,49,36
LS167HN,50,26,24,22
LS167HP,51,25,26,18
LS167HQ,46,16,30,29
LS167HR,89,47,42,34
LS167HS,45,24,21,19
LS167HT,18,10,8,8
LS167HU,52,27,25,21
LS167HW,39,20,19,14
LS167HX,56,22,34,19
LS167HY,17,8,9,8
LS167HZ,11,4,7,2
LS167JA,16,9,7,4
LS167JB,54,27,27,26
LS167JD,49,23,26,23
LS167JE,54,26,28,24
LS167JF,34,17,17,19
LS167JH,35,14,21,18
LS167JJ,79,37,42,36
LS167JL,49,24,25,24
LS167JP,22,9,13,14
LS167JQ,21,9,12,12
LS167JR,95,46,49,41
LS167JS,54,24,30,29
LS167JT,24,10,14,15
LS167JU,28,14,14,13
LS167JW,34,15,19,30
LS167JX,32,18,14,11
LS167JY,70,36,34,31
LS167JZ,37,17,20,15
LS167LA,22,14,8,9
LS167LB,70,39,31,28
LS167LD,59,29,30,27
LS167LE,65,31,34,26
LS167LG,4,1,3,1
LS167LH,17,8,9,7
LS167LJ,60,27,33,26
LS167LL,85,46,39,32
LS167LN,10,3,7,4
LS167LP,58,28,30,22
LS167LQ,52,26,26,19
LS167LR,29,18,11,11
LS167LS,38,17,21,18
LS167LT,53,26,27,17
LS167LU,77,36,41,42
LS167LW,74,34,40,26
LS167LX,29,12,17,11
LS167LY,21,10,11,10
LS167LZ,47,23,24,31
LS167NA,83,46,37,35
LS167NB,7,4,3,3
LS167ND,7,3,4,3
LS167NE,68,32,36,22
LS167NG,23,11,12,8
LS167NH,3,1,2,2
LS167NJ,13,6,7,8
LS167NN,5,3,2,1
LS167NR,4,2,2,2
LS167NS,33,18,15,13
LS167NT,14,8,6,6
LS167NU,9,4,5,4
LS167NW,6,1,5,4
LS167NX,6,4,2,3
LS167NY,46,23,23,26
LS167NZ,33,17,16,14
LS167PA,70,35,35,28
LS167PB,48,26,22,22
LS167PD,20,8,12,9
LS167PE,65,32,33,26
LS167PF,64,35,29,27
LS167PG,54,22,32,23
LS167PH,61,31,30,21
LS167PJ,22,10,12,8
LS167PL,34,16,18,16
LS167PN,30,11,19,15
LS167PP,103,51,52,42
LS167PQ,55,25,30,24
LS167PR,51,27,24,20
LS167PS,79,44,35,32
LS167PT,100,54,46,38
LS167PU,125,62,63,53
LS167PW,59,29,30,22
LS167PX,11,6,5,4
LS167PY,33,19,14,12
LS167PZ,34,19,15,11
LS167QA,15,8,7,8
LS167QB,54,24,30,14
LS167QD,21,8,13,6
LS167QE,34,17,17,18
LS167QF,19,11,8,7
LS167QG,31,12,19,10
LS167QH,44,22,22,18
LS167QJ,13,7,6,5
LS167QL,10,6,4,4
LS167QN,13,7,6,4
LS167QP,36,15,21,15
LS167QQ,44,24,20,19
LS167QR,22,12,10,7
LS167QS,62,29,33,25
LS167QT,45,20,25,20
LS167QU,28,12,16,11
LS167QW,31,9,22,16
LS167QX,25,14,11,8
LS167QY,23,12,11,8
LS167QZ,29,16,13,11
LS167RA,48,20,28,17
LS167RB,44,21,23,14
LS167RD,40,20,20,13
LS167RE,30,14,16,10
LS167RF,14,8,6,5
LS167RG,30,15,15,9
LS167RH,116,51,65,44
LS167RJ,84,40,44,50
LS167RL,90,48,42,44
LS167RN,118,53,65,57
LS167RP,88,39,49,43
LS167RQ,34,19,15,12
LS167RR,63,29,34,35
LS167RS,45,21,24,26
LS167RT,89,49,40,42
LS167RU,74,36,38,33
LS167RW,77,39,38,45
LS167RX,2,1,1,1
LS167RZ,107,54,53,53
LS167SA,40,20,20,25
LS167SB,81,43,38,61
LS167SD,56,18,38,30
LS167SE,120,67,53,85
LS167SF,124,60,64,63
LS167SG,78,34,44,35
LS167SH,104,48,56,53
LS167SJ,126,60,66,58
LS167SL,96,49,47,42
LS167SN,47,20,27,21
LS167SP,14,6,8,6
LS167SQ,91,44,47,41
LS167SR,1,1,0,1
LS167SU,4,3,1,1
LS167SW,26,14,12,11
LS167SY,14,7,7,6
LS167TL,55,19,36,20
LS167TN,54,19,35,18
LS167TP,28,15,13,10
LS167TR,22,11,11,12
LS167TU,17,8,9,11
LS168AB,42,16,26,14
LS168AD,37,17,20,15
LS168AE,71,37,34,24
LS168AF,8,3,5,4
LS168AG,2,2,0,0
LS168AH,7,4,3,2
LS168AJ,8,4,4,4
LS168AL,2,1,1,1
LS168AP,4,2,2,2
LS168AQ,2,1,1,1
LS168AR,3,2,1,2
LS168AS,5,2,3,2
LS168AT,3,1,2,1
LS168AU,1,0,1,1
LS168AW,5,3,2,3
LS168AX,1,0,1,1
LS168BA,4,2,2,1
LS168BB,2,1,1,1
LS168BD,5,2,3,2
LS168BF,29,16,13,14
LS168BG,1,0,1,1
LS168BH,71,36,35,25
LS168BJ,21,9,12,8
LS168BL,8,3,5,5
LS168BN,54,24,30,20
LS168BP,7,4,3,3
LS168BQ,4,3,1,1
LS168BR,28,10,18,11
LS168BS,30,13,17,15
LS168BT,54,25,29,24
LS168BU,2,1,1,1
LS168BW,26,13,13,11
LS168BX,42,19,23,14
LS168BY,78,40,38,26
LS168BZ,12,8,4,2
LS168DA,27,13,14,11
LS168DB,23,9,14,9
LS168DE,40,19,21,16
LS168DF,4,2,2,2
LS168DG,7,3,4,3
LS168DH,24,11,13,11
LS168DJ,30,14,16,13
LS168DL,31,17,14,12
LS168DN,18,8,10,12
LS168DQ,14,7,7,8
LS168DR,4,2,2,1
LS168DS,19,8,11,11
LS168DT,2,1,1,1
LS168DU,9,4,5,4
LS168DW,8,2,6,4
LS168DX,26,13,13,9
LS168DY,3,2,1,2
LS168DZ,16,10,6,6
LS168EA,15,5,10,6
LS168ED,4,2,2,2
LS168EE,5,1,4,2
LS168EF,25,12,13,10
LS168EG,2,2,0,2
LS168EH,65,32,33,26
LS168EJ,29,15,14,13
LS168EL,23,12,11,9
LS168EN,32,19,13,14
LS168EQ,25,13,12,11
LS168ER,60,31,29,26
LS168ES,52,25,27,22
LS168ET,14,6,8,7
LS168EU,2,1,1,1
LS168EX,18,8,10,9
LS168EY,2,2,0,2
LS168EZ,16,7,9,5
LS168FD,6,3,3,2
LS168FH,6,4,2,2
LS168HA,46,19,27,28
LS168HB,33,14,19,10
LS168HD,4,2,2,2
LS168HF,15,10,5,5
LS168HH,7,3,4,3
LS168HJ,6,3,3,2
LS168HL,370,130,240,3
LS168HP,21,11,10,11
LS168HR,26,15,11,8
LS168HS,11,7,4,4
LS168HT,32,19,13,12
LS168HU,22,8,14,14
LS168HW,10,4,6,4
LS168HX,55,26,29,9
LS168HY,67,35,32,50
LS168HZ,12,6,6,8
LS168JA,5,2,3,2
LS168JB,7,4,3,3
LS168JD,54,30,24,22
LS168JE,29,16,13,11
LS168JF,93,40,53,49
LS168JG,36,12,24,16
LS168JH,17,7,10,9
LS168JJ,43,16,27,21
LS168JL,30,16,14,14
LS168JN,49,29,20,24
LS168JQ,31,16,15,13
LS168JR,29,16,13,12
LS168JS,12,7,5,5
LS168JT,63,30,33,29
LS168JU,14,6,8,5
LS168JX,105,54,51,40
LS168JY,23,13,10,7
LS168JZ,15,7,8,6
LS168LA,50,23,27,33
LS168LB,68,32,36,27
LS168LD,36,16,20,16
LS168LE,17,6,11,6
LS168LF,33,15,18,17
LS168LG,89,42,47,30
LS168LH,40,21,19,14
LS168LJ,23,9,14,15
LS168LL,59,30,29,24
LS168LN,11,5,6,8
LS168LP,69,35,34,31
LS168LQ,33,18,15,14
LS168LR,26,15,11,10
LS168LS,62,24,38,36
LS168LT,23,11,12,9
LS168LU,23,9,14,9
LS168LW,41,18,23,20
LS168LX,44,21,23,21
LS168LY,22,14,8,20
LS168LZ,2,1,1,1
LS168NB,26,12,14,11
LS168NL,22,9,13,9
LS168NN,14,6,8,7
LS168NP,34,19,15,12
LS168NR,105,51,54,30
LS168NS,20,11,9,8
LS168NT,22,10,12,17
LS168NU,6,3,3,2
LS168NW,29,15,14,10
LS168NX,37,21,16,12
LS168NY,57,31,26,20
LS168NZ,39,23,16,17
LS168PA,35,16,19,11
LS168PB,3,1,2,1
LS169AA,7,3,4,5
LS169AB,7,3,4,4
LS169AD,86,36,50,41
LS169AE,64,31,33,27
LS169AF,13,7,6,9
LS169AG,58,27,31,26
LS169AH,58,18,40,23
LS169AJ,77,39,38,28
LS169AL,35,18,17,14
LS169AN,26,9,17,10
LS169AP,28,10,18,11
LS169AQ,39,16,23,16
LS169AR,16,6,10,10
LS169AS,19,9,10,5
LS169AT,12,6,6,5
LS169AU,5,2,3,4
LS169AW,20,12,8,6
LS169AX,9,4,5,7
LS169AY,33,17,16,13
LS169AZ,66,33,33,26
LS169BA,50,25,25,22
LS169BB,6,5,1,4
LS169BD,16,8,8,8
LS169BE,39,19,20,14
LS169BF,15,8,7,8
LS169BG,10,5,5,4
LS169BH,22,12,10,8
LS169BJ,9,4,5,4
LS169BL,38,17,21,11
LS169BN,37,14,23,20
LS169BP,13,7,6,7
LS169BQ,96,32,64,24
LS169BR,65,30,35,27
LS169BS,69,38,31,25
LS169BT,17,9,8,10
LS169BU,60,29,31,26
LS169BW,17,8,9,8
LS169BX,9,4,5,4
LS169BY,11,5,6,4
LS169BZ,21,12,9,9
LS169DA,25,14,11,9
LS169DB,24,11,13,11
LS169DD,36,18,18,15
LS169DE,53,27,26,20
LS169DF,14,5,9,8
LS169DG,34,18,16,14
LS169DH,33,14,19,17
LS169DL,112,50,62,50
LS169DN,46,20,26,23
LS169DP,99,45,54,47
LS169DQ,53,27,26,24
LS169DR,23,12,11,9
LS169DS,51,25,26,23
LS169DT,16,4,12,11
LS169DU,47,25,22,19
LS169DW,41,22,19,19
LS169DX,8,4,4,5
LS169DY,40,18,22,13
LS169DZ,98,47,51,49
LS169EA,59,24,35,32
LS169EB,2,1,1,1
LS169ED,6,3,3,2
LS169EE,2,0,2,2
LS169EG,3,0,3,3
LS169EH,24,12,12,10
LS169EJ,28,15,13,11
LS169EL,25,12,13,11
LS169EN,26,15,11,11
LS169EP,29,15,14,12
LS169EQ,9,5,4,4
LS169ER,4,2,2,1
LS169ES,27,13,14,12
LS169ET,21,11,10,9
LS169EU,95,45,50,32
LS169EW,30,17,13,12
LS169EX,20,11,9,9
LS169EY,35,15,20,12
LS169EZ,25,9,16,9
LS169FL,5,3,2,2
LS169HA,10,5,5,3
LS169HD,18,9,9,13
LS169HG,14,6,8,4
LS169HH,36,19,17,12
LS169HJ,63,37,26,29
LS169HL,2,1,1,1
LS169HN,8,5,3,1
LS169HQ,34,15,19,14
LS169HR,4,2,2,2
LS169HS,14,6,8,4
LS169HT,4,2,2,1
LS169HW,64,35,29,23
LS169HX,14,7,7,6
LS169HY,5,3,2,2
LS169JA,3,1,2,1
LS169JB,6,3,3,2
LS169JD,20,9,11,8
LS169JE,73,39,34,24
LS169JF,62,35,27,22
LS169JG,104,49,55,46
LS169JH,4,2,2,2
LS169JN,90,47,43,29
LS169JP,23,9,14,8
LS169JQ,22,11,11,10
LS169JR,70,33,37,23
LS169JS,1,0,1,1
LS169JT,12,5,7,6
LS169JU,11,6,5,4
LS169JW,31,15,16,12
LS169JX,15,9,6,5
LS169JY,7,4,3,2
LS169JZ,19,10,9,8
LS169LA,22,9,13,11
LS169LB,16,7,9,12
LS169LD,7,3,4,3
LS169LE,98,51,47,35
LS169LF,24,13,11,6
LS169LG,38,16,22,14
LS169LH,5,3,2,3
LS169LQ,16,8,8,6
LS170AA,9,4,5,3
LS170AB,4,2,2,1
LS170AD,43,19,24,21
LS170AE,11,5,6,3
LS170AF,3,2,1,1
LS170AG,5,2,3,3
LS170AH,23,13,10,8
LS170AJ,19,8,11,9
LS170AL,95,49,46,50
LS170AN,52,22,30,21
LS170AP,16,7,9,6
LS170AQ,10,5,5,3
LS170AS,5,4,1,2
LS170AT,11,5,6,7
LS170AU,4,1,3,2
LS170AW,24,11,13,7
LS170AX,2,1,1,1
LS170AY,54,28,26,18
LS170AZ,6,2,4,3
LS170BA,2,1,1,1
LS170BB,15,10,5,6
LS170BD,5,3,2,2
LS170BE,10,5,5,4
LS170BG,7,4,3,2
LS170BH,2,1,1,1
LS170BJ,2,0,2,1
LS170BL,6,3,3,2
LS170BN,9,5,4,4
LS170BP,16,10,6,5
LS170BQ,1,1,0,1
LS170BR,11,7,4,4
LS170BS,8,5,3,3
LS170BT,82,39,43,32
LS170BU,7,3,4,2
LS170BW,59,27,32,21
LS170BX,3,1,2,2
LS170BY,12,7,5,4
LS170BZ,7,3,4,4
LS170DA,19,11,8,5
LS170DB,3,1,2,2
LS170DD,12,4,8,6
LS170DE,36,23,13,14
LS170DF,27,16,11,7
LS170DG,46,22,24,23
LS170DH,2,1,1,1
LS170DJ,40,19,21,26
LS170DL,2,1,1,1
LS170DN,11,6,5,3
LS170DR,6,3,3,2
LS170DS,3,1,2,1
LS170DW,22,13,9,8
LS170DX,2,1,1,1
LS170DY,6,3,3,2
LS170DZ,9,4,5,2
LS170EA,74,35,39,31
LS170EB,7,4,3,3
LS170ED,33,16,17,16
LS170EE,47,23,24,15
LS170EF,17,8,9,7
LS170EG,23,10,13,8
LS170EJ,26,14,12,11
LS170EL,1,1,0,1
LS170EN,14,7,7,8
LS170EP,4,2,2,2
LS170EQ,16,6,10,6
LS170ER,9,5,4,4
LS170ES,8,3,5,3
LS170ET,7,3,4,2
LS170EU,4,2,2,2
LS170EW,6,3,3,2
LS170EX,11,5,6,4
LS170EY,5,3,2,2
LS170EZ,18,11,7,7
LS170HA,31,16,15,12
LS170HB,24,11,13,8
LS170HD,37,17,20,14
LS170HE,18,9,9,5
LS170HF,3,2,1,2
LS170HG,8,4,4,4
LS175AA,30,14,16,10
LS175AB,95,52,43,29
LS175AD,43,23,20,16
LS175AE,49,26,23,17
LS175AF,37,16,21,13
LS175AG,63,31,32,22
LS175AH,80,32,48,25
LS175AJ,53,29,24,17
LS175AL,57,29,28,20
LS175AN,89,41,48,30
LS175AP,106,53,53,33
LS175AQ,88,42,46,31
LS175AR,38,18,20,12
LS175AS,22,13,9,10
LS175AT,78,35,43,25
LS175AU,84,46,38,32
LS175AW,83,42,41,28
LS175AX,47,26,21,18
LS175AY,43,22,21,17
LS175AZ,53,25,28,16
LS175BA,60,32,28,22
LS175BB,10,5,5,4
LS175BD,7,3,4,4
LS175BE,34,12,22,20
LS175BF,17,6,11,11
LS175BG,26,13,13,11
LS175BH,12,5,7,5
LS175BJ,108,52,56,31
LS175BL,48,19,29,20
LS175BN,123,63,60,29
LS175BP,8,5,3,5
LS175BQ,45,23,22,22
LS175BR,85,45,40,61
LS175BS,58,29,29,35
LS175BT,28,13,15,18
LS175BU,15,7,8,7
LS175BW,60,31,29,19
LS175BX,52,24,28,18
LS175BY,59,25,34,28
LS175BZ,46,22,24,22
LS175DA,37,19,18,16
LS175DB,41,18,23,17
LS175DD,72,33,39,38
LS175DE,28,12,16,12
LS175DF,68,37,31,33
LS175DG,74,33,41,26
LS175DH,17,7,10,5
LS175DJ,14,6,8,6
LS175DL,76,41,35,26
LS175DN,70,31,39,27
LS175DP,24,8,16,16
LS175DQ,29,16,13,10
LS175DR,37,8,29,31
LS175DS,40,16,24,17
LS175DT,84,46,38,52
LS175DU,15,7,8,6
LS175DW,53,23,30,26
LS175DX,27,13,14,18
LS175DY,33,12,21,13
LS175DZ,41,23,18,14
LS175EA,25,8,17,12
LS175EB,31,14,17,14
LS175ED,42,20,22,19
LS175EE,11,5,6,4
LS175EF,12,6,6,5
LS175EG,104,55,49,31
LS175EH,49,25,24,20
LS175EJ,28,12,16,9
LS175EL,3,2,1,1
LS175EN,6,4,2,3
LS175EP,33,16,17,12
LS175EQ,42,16,26,27
LS175ER,27,14,13,10
LS175ES,4,2,2,2
LS175ET,38,18,20,23
LS175EU,10,4,6,8
LS175EW,1,0,1,1
LS175EX,16,6,10,7
LS175EY,1,0,1,1
LS175EZ,45,24,21,20
LS175HA,31,14,17,16
LS175HB,33,15,18,10
LS175HD,34,13,21,13
LS175HE,28,12,16,12
LS175HF,41,24,17,19
LS175HG,64,33,31,23
LS175HH,42,21,21,16
LS175HJ,34,15,19,12
LS175HL,38,18,20,17
LS175HN,74,32,42,29
LS175HP,48,22,26,30
LS175HQ,11,5,6,4
LS175HR,22,13,9,8
LS175HS,38,19,19,15
LS175HT,49,18,31,18
LS175HU,34,17,17,17
LS175HW,55,24,31,24
LS175HY,74,39,35,27
LS175HZ,27,14,13,10
LS175JA,58,28,30,26
LS175JB,24,13,11,18
LS175JD,6,3,3,3
LS175JE,23,12,11,8
LS175JF,15,7,8,4
LS175JG,32,14,18,12
LS175JH,41,15,26,16
LS175JJ,23,11,12,12
LS175JL,21,8,13,8
LS175JN,20,8,12,9
LS175JP,23,11,12,11
LS175JQ,32,12,20,12
LS175JR,17,6,11,7
LS175JS,47,19,28,12
LS175JT,27,15,12,18
LS175JU,39,18,21,13
LS175JW,18,7,11,7
LS175JX,50,28,22,20
LS175JY,38,20,18,15
LS175JZ,30,17,13,18
LS175LA,30,16,14,19
LS175LB,32,12,20,11
LS175LD,37,16,21,18
LS175LE,34,17,17,22
LS175LF,59,24,35,23
LS175LG,64,32,32,28
LS175LH,80,36,44,32
LS175LJ,108,52,56,38
LS175LL,19,8,11,8
LS175LN,27,17,10,26
LS175LP,49,23,26,19
LS175LQ,19,9,10,4
LS175LR,65,36,29,25
LS175LS,75,43,32,57
LS175LT,78,55,23,60
LS175LU,74,45,29,56
LS175LW,16,6,10,8
LS175LX,25,12,13,12
LS175LY,28,13,15,11
LS175LZ,25,11,14,15
LS175NA,66,29,37,28
LS175NB,39,21,18,18
LS175ND,19,11,8,7
LS175NE,16,5,11,6
LS175NF,34,12,22,15
LS175NG,41,18,23,14
LS175NH,56,31,25,25
LS175NJ,26,16,10,8
LS175NL,28,17,11,21
LS175NN,26,17,9,20
LS175NP,21,10,11,14
LS175NQ,34,15,19,14
LS175NR,31,16,15,26
LS175NS,99,53,46,39
LS175NT,14,7,7,6
LS175NU,45,24,21,17
LS175NW,105,46,59,45
LS175NX,11,7,4,6
LS175NZ,53,26,27,20
LS175PA,10,4,6,4
LS175PB,51,26,25,17
LS175PD,45,25,20,15
LS175PE,98,51,47,36
LS175PF,47,24,23,17
LS175PG,102,42,60,42
LS175PH,16,9,7,12
LS175PJ,15,10,5,11
LS175PL,15,7,8,12
LS175PN,11,7,4,6
LS175PP,40,20,20,12
LS175PQ,84,40,44,29
LS175PS,11,6,5,4
LS175PT,50,20,30,43
LS175PU,16,3,13,16
LS175PW,24,13,11,19
LS175PX,23,11,12,4
LS176AA,73,35,38,26
LS176AB,17,7,10,6
LS176AD,45,20,25,20
LS176AE,30,14,16,13
LS176AF,50,24,26,20
LS176AG,9,6,3,4
LS176AH,28,17,11,15
LS176AJ,22,9,13,7
LS176AN,48,15,33,41
LS176AP,14,7,7,4
LS176AR,5,3,2,3
LS176AS,7,5,2,2
LS176AU,3,1,2,2
LS176AX,26,11,15,12
LS176AY,12,7,5,7
LS176BA,9,5,4,3
LS176BB,27,16,11,23
LS176BD,26,15,11,10
LS176BE,60,34,26,34
LS176BF,42,15,27,35
LS176BG,111,65,46,62
LS176BH,42,21,21,28
LS176BJ,59,29,30,26
LS176BL,29,12,17,20
LS176BN,32,16,16,20
LS176BP,121,62,59,44
LS176BQ,77,37,40,34
LS176BR,35,15,20,16
LS176BS,50,19,31,29
LS176BT,55,27,28,24
LS176BU,28,13,15,14
LS176BW,27,13,14,18
LS176BX,21,9,12,10
LS176BY,5,3,2,3
LS176BZ,60,27,33,32
LS176DA,75,31,44,42
LS176DB,17,11,6,3
LS176DD,29,13,16,18
LS176DE,69,31,38,30
LS176DF,66,27,39,27
LS176DG,18,10,8,5
LS176DH,54,28,26,21
LS176DJ,1,1,0,1
LS176DL,13,6,7,6
LS176DN,57,33,24,30
LS176DP,60,23,37,36
LS176DQ,28,12,16,13
LS176DR,3,1,2,1
LS176DS,47,27,20,23
LS176DT,28,14,14,20
LS176DU,58,27,31,36
LS176DW,29,16,13,8
LS176DX,48,21,27,30
LS176DY,23,9,14,13
LS176DZ,98,40,58,46
LS176EA,13,5,8,8
LS176EB,40,15,25,25
LS176EE,40,17,23,26
LS176EF,9,4,5,3
LS176EG,100,50,50,40
LS176EH,18,8,10,8
LS176EJ,67,36,31,24
LS176EL,57,23,34,24
LS176EN,47,21,26,20
LS176EP,42,21,21,19
LS176EQ,77,43,34,27
LS176ER,32,18,14,14
LS176ES,74,34,40,35
LS176ET,26,14,12,15
LS176EU,50,23,27,18
LS176EW,73,31,42,31
LS176EX,48,26,22,13
LS176EY,46,19,27,12
LS176EZ,21,8,13,7
LS176FD,44,19,25,35
LS176HA,71,33,38,19
LS176HB,109,51,58,38
LS176HD,39,20,19,18
LS176HE,11,9,2,5
LS176HF,29,13,16,6
LS176HG,2,1,1,1
LS176HH,71,35,36,18
LS176HJ,55,24,31,18
LS176HL,64,28,36,24
LS176HN,80,29,51,57
LS176HP,9,2,7,8
LS176HQ,57,28,29,19
LS176HR,59,29,30,27
LS176HS,79,34,45,32
LS176HT,9,5,4,3
LS176HU,57,30,27,21
LS176HW,70,30,40,21
LS176HX,34,15,19,12
LS176HY,49,24,25,22
LS176HZ,47,22,25,19
LS176JA,75,36,39,19
LS176JB,50,27,23,27
LS176JD,20,8,12,10
LS176JE,40,21,19,28
LS176JF,11,4,7,4
LS176JG,72,33,39,30
LS176JH,9,5,4,4
LS176JJ,43,21,22,15
LS176JL,43,18,25,14
LS176JN,13,7,6,4
LS176JP,99,47,52,37
LS176JQ,53,23,30,19
LS176JR,21,10,11,17
LS176JS,19,9,10,6
LS176JT,22,11,11,8
LS176JU,17,8,9,7
LS176JW,73,38,35,21
LS176JX,12,5,7,4
LS176JY,5,4,1,1
LS176JZ,53,28,25,17
LS176LA,67,30,37,26
LS176LB,20,9,11,6
LS176LE,27,15,12,16
LS176LF,22,8,14,13
LS176LG,46,24,22,21
LS176LH,107,52,55,40
LS176LJ,76,37,39,25
LS176LL,85,46,39,34
LS176LN,95,51,44,40
LS176LP,73,38,35,27
LS176LQ,15,9,6,8
LS176LR,54,21,33,23
LS176LS,52,25,27,20
LS176LT,52,28,24,18
LS176LU,24,9,15,16
LS176LW,96,43,53,36
LS176LX,26,10,16,18
LS176LY,34,12,22,13
LS176LZ,10,4,6,4
LS176NA,7,4,3,4
LS176NB,36,19,17,15
LS176ND,33,15,18,16
LS176NE,66,32,34,26
LS176NF,27,11,16,11
LS176NG,69,34,35,26
LS176NH,44,24,20,15
LS176NJ,16,7,9,7
LS176NL,38,23,15,16
LS176NN,43,21,22,16
LS176NP,45,19,26,16
LS176NQ,20,10,10,7
LS176NR,40,20,20,15
LS176NS,119,59,60,39
LS176NT,25,12,13,11
LS176NU,42,23,19,14
LS176NW,34,15,19,12
LS176NX,83,41,42,33
LS176NY,49,27,22,15
LS176NZ,46,24,22,15
LS176PA,91,48,43,57
LS176PB,74,40,34,26
LS176PD,85,41,44,30
LS176PE,40,21,19,15
LS176PF,76,39,37,28
LS176PG,24,11,13,10
LS176PH,79,41,38,28
LS176PJ,45,24,21,18
LS176PL,2,1,1,1
LS176PN,45,21,24,20
LS176PP,24,12,12,6
LS176PQ,61,32,29,22
LS176PR,83,44,39,31
LS176PS,79,41,38,23
LS176PT,41,22,19,16
LS176PW,28,16,12,11
LS176PY,12,5,7,7
LS176PZ,13,7,6,6
LS176QB,24,11,13,8
LS176QE,39,20,19,29
LS176QF,48,21,27,16
LS176QG,7,3,4,4
LS176QH,35,19,16,10
LS176QJ,65,32,33,21
LS176QL,57,27,30,18
LS176QN,47,19,28,18
LS176QQ,15,7,8,7
LS176QR,13,9,4,7
LS176QS,63,36,27,24
LS176QT,14,7,7,7
LS176QU,18,11,7,6
LS176QW,40,18,22,13
LS176QX,117,59,58,35
LS176QY,4,1,3,2
LS176RA,25,15,10,14
LS176RB,50,27,23,18
LS176RD,29,15,14,8
LS176RE,20,11,9,4
LS176RF,34,17,17,12
LS176RH,1,0,1,1
LS176RJ,5,1,4,1
LS176RL,33,11,22,16
LS176RN,25,10,15,8
LS176RP,22,11,11,8
LS176RQ,26,12,14,10
LS176RR,8,4,4,3
LS176RS,6,3,3,3
LS176RT,46,25,21,27
LS176RU,19,9,10,8
LS176RW,35,20,15,7
LS176RX,30,14,16,8
LS176RY,52,25,27,21
LS176RZ,80,41,39,24
LS176SA,26,12,14,7
LS176SB,33,16,17,13
LS176SD,85,41,44,22
LS176SE,34,16,18,10
LS176SF,42,21,21,13
LS176SG,45,25,20,16
LS176SH,100,54,46,38
LS176SJ,34,17,17,19
LS176SL,38,17,21,24
LS176SN,6,2,4,5
LS176SP,122,62,60,51
LS176SQ,40,21,19,12
LS176SR,37,20,17,36
LS176SS,59,23,36,36
LS176ST,26,8,18,16
LS176SU,25,15,10,22
LS176SW,10,3,7,6
LS176SY,36,22,14,29
LS176SZ,30,15,15,25
LS176TH,25,12,13,25
LS176TQ,40,10,30,37
LS176TT,15,5,10,14
LS176TU,48,24,24,23
LS176UZ,31,18,13,18
LS176WB,21,10,11,17
LS176WD,65,34,31,31
LS176WE,62,33,29,35
LS177AA,43,19,24,29
LS177AB,15,6,9,5
LS177AD,31,17,14,8
LS177AE,9,4,5,4
LS177AJ,10,7,3,3
LS177AL,53,24,29,18
LS177AN,83,42,41,32
LS177AP,22,12,10,10
LS177AQ,24,14,10,9
LS177AR,35,14,21,10
LS177AS,35,18,17,11
LS177AT,13,7,6,5
LS177AU,17,9,8,5
LS177AW,6,2,4,5
LS177AX,23,12,11,9
LS177AY,17,11,6,6
LS177AZ,4,1,3,3
LS177BB,12,9,3,8
LS177BD,50,25,25,15
LS177BE,20,7,13,8
LS177BG,30,15,15,12
LS177BH,37,19,18,15
LS177BJ,42,18,24,16
LS177BL,15,9,6,8
LS177BN,50,27,23,18
LS177BP,29,12,17,11
LS177BQ,51,24,27,20
LS177BR,29,12,17,16
LS177BS,45,23,22,17
LS177BT,34,17,17,13
LS177BU,23,7,16,7
LS177BW,37,18,19,13
LS177BX,22,10,12,11
LS177BY,7,4,3,2
LS177DB,2,1,1,1
LS177DD,1,0,1,1
LS177DE,17,9,8,9
LS177DF,57,28,29,18
LS177DG,51,23,28,18
LS177DH,35,17,18,11
LS177DJ,19,9,10,9
LS177DL,6,1,5,3
LS177DN,24,12,12,11
LS177DR,25,12,13,19
LS177DT,42,19,23,28
LS177DU,16,6,10,6
LS177DW,68,37,31,20
LS177DX,6,3,3,2
LS177DY,8,5,3,4
LS177DZ,42,25,17,12
LS177EA,124,66,58,57
LS177EB,28,12,16,10
LS177ED,103,48,55,49
LS177EE,48,20,28,19
LS177EF,51,23,28,20
LS177EG,68,31,37,34
LS177EH,33,17,16,13
LS177EJ,58,31,27,21
LS177EL,10,5,5,5
LS177EN,56,27,29,20
LS177EP,64,25,39,23
LS177EQ,58,29,29,25
LS177ER,60,23,37,29
LS177ES,30,12,18,14
LS177ET,36,13,23,13
LS177EU,27,10,17,13
LS177EW,61,26,35,20
LS177EX,26,11,15,12
LS177EY,58,23,35,29
LS177EZ,55,23,32,21
LS177FD,11,4,7,6
LS177FH,14,6,8,8
LS177HA,79,32,47,35
LS177HD,56,33,23,34
LS177HE,22,10,12,6
LS177HF,11,6,5,3
LS177HG,13,5,8,4
LS177HH,51,25,26,24
LS177HJ,45,21,24,22
LS177HL,73,33,40,35
LS177HN,80,42,38,39
LS177HP,14,7,7,6
LS177HQ,28,13,15,17
LS177HR,109,54,55,44
LS177HS,60,30,30,17
LS177HT,28,15,13,9
LS177HU,28,15,13,11
LS177HX,76,42,34,25
LS177HY,80,39,41,31
LS177HZ,49,24,25,17
LS177JA,43,22,21,17
LS177JB,22,11,11,14
LS177JD,39,21,18,14
LS177JE,38,20,18,16
LS177JF,59,24,35,25
LS177JG,6,3,3,3
LS177JH,40,19,21,18
LS177JJ,31,14,17,8
LS177JL,28,17,11,11
LS177JN,14,8,6,6
LS177JP,18,10,8,7
LS177JQ,49,20,29,19
LS177JR,16,8,8,6
LS177JS,27,11,16,9
LS177JT,40,20,20,14
LS177JU,15,6,9,6
LS177JX,18,9,9,5
LS177JY,49,20,29,33
LS177JZ,79,41,38,35
LS177LA,25,10,15,9
LS177LB,56,25,31,22
LS177LD,25,15,10,9
LS177LE,18,8,10,8
LS177LF,25,9,16,15
LS177LG,16,7,9,9
LS177LH,15,7,8,8
LS177LJ,8,3,5,3
LS177LL,41,23,18,15
LS177LN,19,7,12,10
LS177LP,77,39,38,31
LS177LQ,24,8,16,9
LS177LR,109,55,54,42
LS177LS,52,22,30,22
LS177LT,32,13,19,13
LS177LU,13,7,6,4
LS177LW,9,4,5,4
LS177LX,20,11,9,7
LS177LY,21,8,13,11
LS177LZ,14,10,4,7
LS177NA,29,16,13,12
LS177NB,21,10,11,9
LS177ND,43,17,26,20
LS177NE,15,6,9,7
LS177NF,22,13,9,9
LS177NG,34,18,16,11
LS177NH,78,38,40,29
LS177NJ,21,8,13,10
LS177NL,68,39,29,24
LS177NN,46,20,26,18
LS177NP,17,8,9,8
LS177NQ,21,12,9,8
LS177NR,35,18,17,15
LS177NS,29,15,14,9
LS177NU,30,11,19,9
LS177NW,36,19,17,11
LS177NX,27,10,17,10
LS177NY,27,13,14,12
LS177NZ,27,14,13,9
LS177PA,41,25,16,17
LS177PB,44,22,22,17
LS177PD,30,15,15,13
LS177PE,25,13,12,13
LS177PF,35,21,14,12
LS177PG,37,16,21,14
LS177PH,13,7,6,4
LS177PJ,28,12,16,10
LS177PL,18,9,9,7
LS177PN,78,44,34,23
LS177PP,35,18,17,15
LS177PQ,13,7,6,5
LS177PR,30,14,16,13
LS177PS,29,14,15,8
LS177PT,55,27,28,18
LS177PU,96,50,46,29
LS177PW,19,12,7,8
LS177PX,44,18,26,17
LS177PY,2,1,1,1
LS177PZ,7,5,2,2
LS177QA,33,15,18,15
LS177QB,49,26,23,19
LS177QD,42,19,23,13
LS177QE,14,6,8,4
LS177QF,25,10,15,9
LS177QG,41,16,25,20
LS177QH,12,9,3,8
LS177QJ,22,10,12,8
LS177QL,23,11,12,10
LS177QN,39,18,21,15
LS177QP,21,9,12,8
LS177QQ,34,17,17,12
LS177QR,39,20,19,15
LS177QS,4,2,2,2
LS177QT,22,12,10,6
LS177QU,40,18,22,17
LS177QW,62,32,30,20
LS177QX,88,43,45,32
LS177QY,29,20,9,12
LS177QZ,63,32,31,22
LS177RA,41,19,22,18
LS177RB,25,14,11,11
LS177RD,55,28,27,21
LS177RE,30,14,16,11
LS177RF,23,9,14,7
LS177RG,45,22,23,17
LS177RH,44,21,23,21
LS177RJ,11,7,4,7
LS177RL,36,22,14,19
LS177RN,7,6,1,3
LS177RP,18,7,11,12
LS177RQ,89,42,47,30
LS177RR,23,10,13,16
LS177RS,78,42,36,50
LS177RT,42,21,21,27
LS177RU,137,60,77,62
LS177RW,2,1,1,1
LS177RY,10,4,6,4
LS177RZ,33,17,16,11
LS177SA,29,13,16,17
LS177SB,51,20,31,30
LS177SD,42,20,22,18
LS177SE,73,33,40,30
LS177SF,33,16,17,12
LS177SG,34,16,18,12
LS177SH,51,26,25,25
LS177SJ,15,7,8,6
LS177SL,30,12,18,12
LS177SN,16,9,7,6
LS177SP,48,27,21,19
LS177SQ,43,18,25,17
LS177SR,31,14,17,12
LS177SS,40,18,22,16
LS177ST,9,4,5,9
LS177SU,45,22,23,19
LS177SW,32,12,20,12
LS177SX,60,25,35,27
LS177SY,21,10,11,10
LS177SZ,85,42,43,36
LS177TA,26,10,16,8
LS177TB,15,6,9,10
LS177TD,41,19,22,21
LS177TE,20,11,9,9
LS177TF,56,24,32,26
LS177TG,64,29,35,24
LS177TH,25,11,14,10
LS177TJ,80,39,41,35
LS177TL,73,40,33,34
LS177TN,113,59,54,41
LS177TP,38,18,20,16
LS177TQ,19,10,9,14
LS177TR,19,11,8,10
LS177TS,26,14,12,11
LS177TW,101,49,52,36
LS177TX,63,33,30,19
LS177TY,27,16,11,9
LS177TZ,17,7,10,7
LS177US,14,7,7,5
LS177UT,34,15,19,9
LS177UY,60,17,43,48
LS177UZ,91,48,43,29
LS177WA,96,47,49,29
LS177WB,17,8,9,7
LS178AA,5,2,3,4
LS178AB,73,42,31,51
LS178AD,33,22,11,12
LS178AE,7,4,3,5
LS178AF,40,16,24,19
LS178AH,12,6,6,6
LS178AJ,27,14,13,11
LS178AL,28,16,12,18
LS178AP,43,19,24,20
LS178AQ,39,19,20,14
LS178AR,12,6,6,5
LS178AS,1,1,0,1
LS178AT,33,18,15,16
LS178AU,5,3,2,3
LS178AW,18,11,7,9
LS178AX,2,1,1,1
LS178AY,29,16,13,19
LS178AZ,2,1,1,1
LS178BA,20,8,12,8
LS178BB,51,25,26,30
LS178BD,77,38,39,46
LS178BE,46,22,24,34
LS178BG,47,22,25,25
LS178BH,93,47,46,45
LS178BJ,12,6,6,4
LS178BL,21,12,9,15
LS178BN,34,15,19,9
LS178BP,10,5,5,5
LS178BQ,115,41,74,60
LS178BR,21,8,13,8
LS178BS,15,9,6,6
LS178BT,32,15,17,10
LS178BU,39,18,21,13
LS178BW,33,16,17,12
LS178BX,45,23,22,25
LS178BY,53,19,34,31
LS178BZ,32,15,17,19
LS178DA,53,24,29,31
LS178DB,51,22,29,26
LS178DD,50,25,25,28
LS178DE,67,31,36,31
LS178DF,80,38,42,40
LS178DG,46,18,28,23
LS178DH,20,7,13,14
LS178DJ,62,28,34,25
LS178DL,28,10,18,15
LS178DN,56,25,31,19
LS178DP,27,8,19,3
LS178DQ,64,26,38,27
LS178DR,48,25,23,15
LS178DS,9,3,6,2
LS178DT,3,1,2,1
LS178DU,49,25,24,16
LS178DW,4,2,2,1
LS178DX,31,16,15,10
LS178DY,36,16,20,14
LS178DZ,66,36,30,22
LS178EA,69,39,30,26
LS178EB,52,28,24,20
LS178ED,20,9,11,9
LS178EE,51,27,24,18
LS178EF,68,32,36,21
LS178EG,38,22,16,14
LS178EH,4,2,2,1
LS178EJ,61,3,58,59
LS178EL,13,6,7,4
LS178EN,54,23,31,37
LS178EP,10,5,5,4
LS178EQ,39,20,19,17
LS178ER,28,12,16,19
LS178ES,10,7,3,2
LS178ET,12,6,6,6
LS178EU,35,17,18,19
LS178EX,5,3,2,1
LS178EY,22,12,10,9
LS178EZ,7,4,3,3
LS178FB,39,18,21,11
LS178FF,40,19,21,12
LS178FG,63,30,33,15
LS178FH,41,18,23,13
LS178FJ,53,30,23,16
LS178FL,23,11,12,11
LS178FN,79,44,35,50
LS178FP,31,11,20,23
LS178FQ,6,2,4,0
LS178FR,4,1,3,3
LS178GA,12,5,7,5
LS178GB,24,9,15,16
LS178GD,53,21,32,22
LS178GJ,14,8,6,4
LS178HA,53,30,23,24
LS178HB,3,2,1,1
LS178HD,33,15,18,16
LS178HE,21,8,13,10
LS178HF,11,7,4,4
LS178HG,10,5,5,4
LS178HH,1,1,0,1
LS178HJ,26,15,11,17
LS178HN,69,32,37,32
LS178HP,11,5,6,5
LS178HQ,12,8,4,7
LS178HR,24,11,13,9
LS178HS,4,2,2,2
LS178HT,4,2,2,2
LS178HU,54,28,26,20
LS178HW,7,3,4,4
LS178HX,8,6,2,4
LS178HZ,22,12,10,6
LS178JA,12,7,5,6
LS178JB,27,14,13,17
LS178JD,10,5,5,3
LS178JE,24,12,12,12
LS178JF,2,1,1,1
LS178JG,40,16,24,19
LS178JH,5,2,3,3
LS178JJ,2,1,1,1
LS178JL,31,16,15,14
LS178JN,32,12,20,15
LS178JP,34,16,18,19
LS178JQ,13,7,6,6
LS178JR,74,36,38,31
LS178JS,21,10,11,9
LS178JT,71,29,42,25
LS178JU,64,27,37,25
LS178JW,65,32,33,30
LS178JX,33,16,17,12
LS178JY,38,19,19,16
LS178JZ,35,20,15,14
LS178LA,31,16,15,18
LS178LB,9,2,7,5
LS178LD,24,9,15,11
LS178LE,62,28,34,35
LS178LF,4,3,1,2
LS178LG,6,3,3,3
LS178LH,24,16,8,13
LS178LJ,46,25,21,17
LS178LL,7,4,3,3
LS178LN,9,4,5,4
LS178LQ,2,1,1,1
LS178LR,4,2,2,2
LS178LS,6,4,2,1
LS178LT,3,1,2,1
LS178LU,15,6,9,6
LS178LW,39,22,17,11
LS178LX,12,6,6,4
LS178LY,20,10,10,8
LS178NA,2,1,1,1
LS178NB,2,1,1,1
LS178ND,50,24,26,15
LS178NE,68,34,34,18
LS178NF,155,75,80,52
LS178NG,26,11,15,12
LS178NH,6,3,3,3
LS178NJ,35,17,18,14
LS178NL,51,21,30,23
LS178NN,2,1,1,1
LS178NP,30,14,16,10
LS178NQ,77,41,36,30
LS178NR,44,21,23,18
LS178NS,63,32,31,25
LS178NT,54,25,29,22
LS178NU,7,3,4,4
LS178NW,58,27,31,32
LS178NX,10,5,5,6
LS178NY,33,16,17,14
LS178NZ,47,24,23,20
LS178PA,16,11,5,8
LS178PB,47,27,20,19
LS178PD,38,16,22,17
LS178PE,46,25,21,15
LS178PF,7,5,2,2
LS178PG,50,25,25,18
LS178PH,26,11,15,10
LS178PJ,34,16,18,14
LS178PL,46,21,25,20
LS178PN,26,13,13,12
LS178PP,10,3,7,7
LS178PQ,22,11,11,12
LS178PR,24,12,12,13
LS178PS,49,24,25,19
LS178PT,33,14,19,17
LS178PU,72,28,44,30
LS178PW,12,6,6,3
LS178PX,51,24,27,16
LS178PY,62,28,34,24
LS178PZ,71,38,33,31
LS178QA,38,17,21,18
LS178QB,51,22,29,22
LS178QD,50,25,25,18
LS178QE,10,4,6,3
LS178QF,21,10,11,8
LS178QG,33,15,18,15
LS178QH,49,21,28,20
LS178QJ,34,17,17,12
LS178QL,47,24,23,22
LS178QN,48,22,26,20
LS178QQ,40,14,26,17
LS178QR,66,33,33,22
LS178QS,2,1,1,1
LS178QT,24,12,12,10
LS178QU,14,5,9,5
LS178QW,117,53,64,42
LS178QX,10,3,7,3
LS178QY,19,11,8,8
LS178QZ,66,33,33,25
LS178RA,70,33,37,27
LS178RB,13,6,7,9
LS178RD,46,22,24,25
LS178RE,63,28,35,34
LS178RF,6,3,3,4
LS178RG,60,27,33,24
LS178RH,52,27,25,29
LS178RJ,53,24,29,23
LS178RL,7,3,4,4
LS178RN,64,34,30,27
LS178RP,15,8,7,5
LS178RQ,47,23,24,26
LS178RR,9,4,5,3
LS178RS,83,42,41,32
LS178RT,41,17,24,16
LS178RU,97,39,58,52
LS178RW,61,30,31,24
LS178RX,70,39,31,25
LS178RY,8,4,4,5
LS178RZ,119,59,60,38
LS178SA,12,2,10,7
LS178SB,5,2,3,4
LS178SD,58,26,32,18
LS178SE,43,19,24,15
LS178SF,12,2,10,5
LS178SG,91,46,45,28
LS178SH,115,56,59,44
LS178SJ,83,46,37,25
LS178SL,10,5,5,5
LS178SN,53,18,35,28
LS178SP,36,17,19,15
LS178SR,97,49,48,36
LS178SS,8,3,5,3
LS178ST,56,29,27,24
LS178SU,109,48,61,39
LS178SW,18,9,9,8
LS178SX,121,60,61,51
LS178SY,14,5,9,6
LS178SZ,65,34,31,26
LS178TA,21,11,10,8
LS178TB,135,69,66,54
LS178TD,15,8,7,7
LS178TE,30,14,16,14
LS178TF,29,13,16,12
LS178TG,35,17,18,13
LS178TH,26,12,14,12
LS178TJ,10,5,5,7
LS178TL,58,32,26,23
LS178TN,39,17,22,12
LS178TP,105,52,53,67
LS178TQ,27,13,14,8
LS178TR,31,16,15,14
LS178TS,63,29,34,22
LS178TT,86,39,47,25
LS178TU,44,20,24,16
LS178TW,15,8,7,3
LS178TY,74,30,44,36
LS178TZ,31,16,15,23
LS178UA,49,21,28,30
LS178UB,93,39,54,43
LS178UD,20,9,11,10
LS178UE,14,7,7,7
LS178UF,16,8,8,7
LS178UG,13,4,9,8
LS178UH,93,40,53,29
LS178UJ,55,26,29,36
LS178UQ,71,36,35,32
LS178WA,61,25,36,38
LS178WB,6,3,3,2
LS178WD,64,31,33,21
LS178WE,41,20,21,15
LS178XA,85,32,53,56
LS178XB,14,8,6,10
LS178XD,28,15,13,18
LS178XE,28,13,15,13
LS178XF,55,26,29,32
LS178XG,20,10,10,9
LS178XH,28,14,14,14
LS178XJ,19,9,10,10
LS178XL,19,10,9,16
LS178XN,54,21,33,28
LS178XP,15,6,9,7
LS178XQ,26,15,11,12
LS178XR,89,44,45,42
LS178XS,41,18,23,22
LS178XT,45,16,29,29
LS178XU,30,15,15,16
LS178XW,88,44,44,45
LS178XX,5,2,3,4
LS179AA,33,18,15,13
LS179AB,100,40,60,49
LS179AD,31,15,16,12
LS179AE,62,24,38,26
LS179AF,62,32,30,28
LS179AG,17,7,10,7
LS179AH,15,4,11,6
LS179AJ,2,1,1,1
LS179AL,12,7,5,4
LS179AN,75,39,36,29
LS179AP,75,37,38,29
LS179AQ,19,11,8,9
LS179AR,23,13,10,10
LS179AS,24,12,12,10
LS179AT,61,28,33,23
LS179AU,38,22,16,15
LS179AW,20,11,9,7
LS179AX,47,26,21,24
LS179AY,14,7,7,8
LS179AZ,17,9,8,7
LS179BB,50,24,26,18
LS179BD,11,5,6,5
LS179BE,67,33,34,27
LS179BG,97,45,52,44
LS179BH,36,18,18,17
LS179BJ,30,11,19,14
LS179BL,32,16,16,17
LS179BN,23,12,11,11
LS179BP,41,19,22,19
LS179BQ,61,33,28,19
LS179BR,24,13,11,8
LS179BS,19,7,12,10
LS179BT,14,6,8,8
LS179BU,31,13,18,13
LS179BW,12,7,5,6
LS179BX,39,19,20,11
LS179BY,8,5,3,3
LS179DA,30,18,12,13
LS179DB,37,13,24,19
LS179DD,27,13,14,9
LS179DF,15,9,6,5
LS179DG,6,2,4,3
LS179DH,50,28,22,18
LS179DJ,30,15,15,10
LS179DL,21,10,11,11
LS179DN,50,31,19,28
LS179DP,9,5,4,2
LS179DQ,83,41,42,34
LS179DR,17,6,11,5
LS179DS,16,8,8,8
LS179DT,4,2,2,2
LS179DU,13,7,6,5
LS179DW,52,22,30,22
LS179DX,25,14,11,12
LS179DY,123,59,64,49
LS179DZ,207,102,105,75
LS179EA,11,6,5,4
LS179EB,26,13,13,10
LS179ED,2,1,1,1
LS179EE,14,3,11,3
LS179EF,17,9,8,6
LS179EG,20,12,8,9
LS179EH,17,8,9,6
LS179EJ,47,24,23,19
LS179EL,23,8,15,11
LS179EN,58,26,32,27
LS179EP,110,55,55,46
LS179EQ,90,43,47,35
LS179ER,36,17,19,14
LS179ES,54,27,27,26
LS179ET,15,7,8,7
LS179EU,36,19,17,14
LS179EW,10,3,7,5
LS179EX,61,33,28,24
LS179EY,52,28,24,29
LS179EZ,20,9,11,6
LS179HA,3,1,2,2
LS179HB,68,36,32,27
LS179HD,23,13,10,8
LS179HE,78,42,36,25
LS179HF,6,2,4,3
LS179HG,11,5,6,5
LS179HH,1,1,0,1
LS179HJ,4,1,3,1
LS179HL,21,8,13,5
LS179HN,17,8,9,7
LS179HP,9,6,3,3
LS179HQ,2,1,1,1
LS179HR,59,28,31,26
LS179HS,22,8,14,9
LS179HT,11,4,7,6
LS179HU,12,7,5,4
LS179HY,15,8,7,8
LS179HZ,5,1,4,2
LS179JB,15,10,5,6
LS179JD,40,19,21,14
LS179JE,4,2,2,1
LS179JF,7,4,3,4
LS179JG,5,3,2,2
LS179JH,34,17,17,15
LS179JJ,6,3,3,3
LS179JL,10,6,4,4
LS179JN,4,2,2,2
LS179JP,4,2,2,3
LS179JQ,7,5,2,3
LS179JR,4,2,2,1
LS179JS,8,4,4,5
LS179JT,15,7,8,7
LS179JU,25,14,11,14
LS179JX,2,1,1,1
LS179JY,2,1,1,1
LS179JZ,4,2,2,2
LS179LA,14,5,9,4
LS179LB,7,4,3,3
LS179LD,87,34,53,36
LS179LE,7,3,4,5
LS179LF,28,14,14,10
LS179LG,5,2,3,3
LS179LH,48,14,34,25
LS179LJ,19,11,8,9
LS179LL,26,13,13,11
LS179LN,43,18,25,28
LS179LP,40,18,22,15
LS179LQ,26,10,16,9
LS179LR,13,6,7,6
LS179LS,24,11,13,13
LS179LT,4,3,1,2
LS179LU,8,4,4,4
LS179LW,65,31,34,32
LS179LX,8,3,5,7
LS179LY,60,28,32,32
LS179LZ,12,6,6,5
LS179NA,5,4,1,3
LS179NB,13,8,5,4
LS179ND,6,4,2,3
LS179NE,4,2,2,2
LS179NF,3,2,1,1
LS179NJ,7,4,3,3
LS179NL,120,57,63,46
LS179NN,96,55,41,29
LS179NP,50,25,25,20
LS179NR,51,27,24,14
LS179NS,34,17,17,9
LS179NT,14,7,7,6
LS179NU,36,20,16,11
LS179NW,32,15,17,11
LS179NX,16,7,9,5
LS179PB,8,3,5,3
LS179PD,7,2,5,4
LS179PE,3,2,1,2
LS179PF,5,2,3,2
LS184AA,1,1,0,1
LS184AB,46,22,24,18
LS184AD,6,4,2,2
LS184AE,15,6,9,7
LS184AF,2,2,0,2
LS184AG,83,44,39,38
LS184AH,17,11,6,11
LS184AJ,10,6,4,5
LS184AN,8,2,6,3
LS184AP,12,7,5,7
LS184AQ,26,11,15,18
LS184AS,6,3,3,5
LS184AT,6,4,2,3
LS184AU,37,17,20,24
LS184AW,24,11,13,15
LS184AY,28,12,16,10
LS184AZ,7,3,4,3
LS184BA,26,11,15,21
LS184BB,53,26,27,27
LS184BD,109,48,61,46
LS184BE,133,68,65,47
LS184BG,140,70,70,52
LS184BH,17,8,9,9
LS184BL,16,7,9,10
LS184BN,37,15,22,14
LS184BP,6,2,4,3
LS184BQ,25,13,12,10
LS184BR,117,61,56,49
LS184BS,83,37,46,31
LS184BT,9,3,6,6
LS184BU,17,8,9,7
LS184BW,11,6,5,6
LS184BX,10,2,8,5
LS184BY,34,15,19,15
LS184BZ,2,1,1,1
LS184DA,26,11,15,15
LS184DB,28,12,16,17
LS184DD,32,15,17,12
LS184DE,29,14,15,13
LS184DF,29,14,15,14
LS184DG,42,19,23,23
LS184DH,41,21,20,19
LS184DJ,27,14,13,15
LS184DL,25,13,12,10
LS184DN,9,4,5,5
LS184DP,61,27,34,33
LS184DQ,13,6,7,4
LS184DR,39,20,19,24
LS184DS,5,2,3,2
LS184DT,46,24,22,19
LS184DX,25,3,22,0
LS184DZ,26,9,17,11
LS184EA,8,6,2,2
LS184EB,20,9,11,7
LS184ED,14,7,7,6
LS184EE,3,1,2,2
LS184EF,1,1,0,1
LS184EJ,49,17,32,18
LS184EL,4,3,1,2
LS184EN,4,0,4,4
LS184EP,40,16,24,21
LS184EQ,14,7,7,4
LS184ES,108,58,50,42
LS184ET,49,23,26,21
LS184EU,134,79,55,45
LS184EX,54,24,30,30
LS184EY,13,4,9,6
LS184EZ,76,34,42,28
LS184GA,2,0,2,1
LS184GN,13,7,6,7
LS184HA,71,37,34,31
LS184HB,85,45,40,39
LS184HD,50,20,30,25
LS184HE,65,32,33,25
LS184HF,135,71,64,52
LS184HG,89,42,47,32
LS184HH,43,23,20,17
LS184HJ,30,15,15,10
LS184HL,114,55,59,54
LS184HN,13,6,7,6
LS184HP,13,5,8,6
LS184HQ,122,58,64,54
LS184HR,47,21,26,28
LS184HS,79,33,46,37
LS184HT,43,21,22,20
LS184HU,92,56,36,31
LS184HW,36,19,17,14
LS184HX,38,15,23,16
LS184HY,76,33,43,41
LS184HZ,28,10,18,19
LS184JA,70,29,41,47
LS184JB,45,21,24,15
LS184JF,60,28,32,31
LS184JG,48,23,25,18
LS184JH,38,18,20,18
LS184JJ,169,79,90,74
LS184JL,5,2,3,3
LS184JN,19,11,8,6
LS184JP,87,43,44,36
LS184JQ,17,11,6,7
LS184JS,29,16,13,13
LS184JT,21,11,10,9
LS184JU,96,44,52,45
LS184JW,26,10,16,10
LS184JX,41,20,21,24
LS184JZ,9,4,5,5
LS184LA,15,9,6,5
LS184LB,54,31,23,25
LS184LD,13,6,7,4
LS184LE,85,42,43,36
LS184LF,21,9,12,6
LS184LG,132,63,69,59
LS184LH,70,31,39,29
LS184LL,37,20,17,18
LS184LN,52,28,24,19
LS184LP,2,1,1,1
LS184LQ,112,54,58,42
LS184LR,7,3,4,4
LS184LS,14,8,6,11
LS184LT,36,16,20,14
LS184LU,89,41,48,38
LS184LW,73,34,39,38
LS184LX,88,42,46,35
LS184LY,62,35,27,24
LS184LZ,64,39,25,23
LS184NA,2,1,1,1
LS184NB,49,24,25,25
LS184NE,7,3,4,5
LS184NG,7,5,2,5
LS184NH,26,11,15,18
LS184NJ,39,20,19,19
LS184NL,27,8,19,16
LS184NN,67,27,40,45
LS184NP,58,28,30,23
LS184NQ,25,11,14,18
LS184NR,56,24,32,29
LS184NS,31,13,18,11
LS184NT,23,15,8,11
LS184NU,8,3,5,5
LS184NW,23,11,12,13
LS184NX,6,4,2,2
LS184NY,21,11,10,11
LS184NZ,4,2,2,2
LS184PA,53,26,27,17
LS184PE,26,14,12,8
LS184PF,13,6,7,9
LS184PG,32,11,21,16
LS184PH,145,80,65,51
LS184PJ,94,46,48,40
LS184PL,56,29,27,22
LS184PN,61,30,31,32
LS184PP,98,51,47,37
LS184PQ,14,8,6,6
LS184PR,49,25,24,20
LS184PS,97,47,50,40
LS184PT,96,44,52,36
LS184PU,109,55,54,41
LS184PW,78,38,40,30
LS184PX,97,45,52,42
LS184PY,20,11,9,6
LS184PZ,115,54,61,45
LS184QA,116,59,57,53
LS184QD,6,3,3,4
LS184QE,129,55,74,67
LS184QF,11,5,6,6
LS184QH,52,21,31,27
LS184QJ,26,9,17,11
LS184QL,48,22,26,20
LS184QN,15,4,11,11
LS184QR,34,16,18,22
LS184QS,50,24,26,24
LS184QT,30,16,14,16
LS184QU,36,14,22,15
LS184QW,35,16,19,21
LS184QX,35,15,20,21
LS184QY,4,2,2,1
LS184QZ,15,8,7,8
LS184RA,34,17,17,16
LS184RB,39,20,19,20
LS184RD,29,16,13,14
LS184RE,1,0,1,1
LS184RF,84,43,41,48
LS184RG,14,5,9,6
LS184RH,5,3,2,3
LS184RJ,3,3,0,2
LS184RL,41,20,21,18
LS184RN,25,12,13,14
LS184RQ,2,2,0,2
LS184RR,71,32,39,29
LS184RU,4,3,1,1
LS184RW,71,36,35,29
LS184RX,9,4,5,5
LS184RZ,40,18,22,18
LS184SA,84,43,41,32
LS184SE,1,1,0,1
LS184SG,14,7,7,4
LS184SH,109,45,64,53
LS184SL,45,23,22,22
LS184SN,2,1,1,1
LS184SR,24,15,9,11
LS184SS,18,8,10,4
LS184ST,94,48,46,40
LS184SU,36,18,18,13
LS184SW,15,8,7,8
LS184SX,75,35,40,32
LS184SY,106,51,55,43
LS184TA,32,18,14,10
LS184TB,23,7,16,21
LS184TD,17,10,7,9
LS184TE,34,10,24,22
LS184TF,86,42,44,35
LS184TG,102,50,52,45
LS184TL,22,8,14,20
LS184TQ,13,5,8,9
LS184TR,31,16,15,22
LS184TT,46,11,35,32
LS184UR,19,10,9,4
LS184UW,32,15,17,11
LS184ZD,1,0,1,1
LS185AA,73,44,29,40
LS185AB,18,11,7,8
LS185AD,12,6,6,4
LS185AE,25,14,11,10
LS185AF,20,10,10,8
LS185AG,10,5,5,6
LS185AH,1,1,0,1
LS185AJ,9,5,4,4
LS185AL,8,4,4,4
LS185AN,23,11,12,11
LS185AP,31,16,15,14
LS185AQ,12,7,5,7
LS185AR,61,31,30,21
LS185AS,13,5,8,7
LS185AT,58,27,31,22
LS185AU,14,7,7,11
LS185AW,36,21,15,12
LS185AX,20,9,11,10
LS185AY,11,5,6,5
LS185AZ,15,9,6,9
LS185BA,2,1,1,1
LS185BB,24,15,9,8
LS185BD,80,36,44,28
LS185BE,38,23,15,15
LS185BG,72,34,38,30
LS185BH,64,30,34,29
LS185BL,45,23,22,21
LS185BP,12,6,6,6
LS185BQ,38,16,22,20
LS185BR,21,7,14,5
LS185BS,58,22,36,32
LS185BT,8,2,6,6
LS185BU,9,2,7,5
LS185BW,5,2,3,3
LS185BX,6,4,2,4
LS185BY,17,10,7,9
LS185BZ,17,11,6,8
LS185DA,19,11,8,10
LS185DB,10,6,4,7
LS185DD,15,7,8,7
LS185DE,35,19,16,18
LS185DF,9,9,0,4
LS185DG,40,19,21,22
LS185DH,15,8,7,5
LS185DJ,4,2,2,1
LS185DN,25,9,16,13
LS185DP,58,28,30,34
LS185DQ,21,9,12,10
LS185DR,72,33,39,33
LS185DS,84,43,41,39
LS185DT,57,30,27,27
LS185DU,86,45,41,39
LS185DW,65,31,34,26
LS185DX,7,2,5,4
LS185DY,42,13,29,35
LS185DZ,35,16,19,12
LS185EA,30,13,17,14
LS185EB,78,35,43,32
LS185ED,102,51,51,34
LS185EE,36,19,17,15
LS185EF,40,18,22,14
LS185EG,101,41,60,40
LS185EH,6,2,4,3
LS185EL,20,7,13,10
LS185EN,6,4,2,2
LS185EP,36,17,19,13
LS185EQ,4,2,2,2
LS185ER,36,19,17,15
LS185ES,3,2,1,1
LS185ET,25,12,13,8
LS185EU,16,8,8,5
LS185EW,78,41,37,29
LS185EX,7,3,4,4
LS185EY,9,4,5,3
LS185EZ,12,6,6,3
LS185GN,9,5,4,7
LS185GT,15,7,8,8
LS185GU,3,2,1,2
LS185GW,4,2,2,2
LS185GX,74,32,42,73
LS185GY,9,5,4,6
LS185HA,5,3,2,2
LS185HB,6,4,2,1
LS185HD,218,108,110,5
LS185HE,13,6,7,4
LS185HF,11,5,6,4
LS185HG,51,28,23,18
LS185HH,9,4,5,4
LS185HJ,2,1,1,1
LS185HL,2,1,1,1
LS185HP,24,11,13,8
LS185HR,8,5,3,3
LS185HS,8,5,3,2
LS185HU,41,20,21,13
LS185HW,18,8,10,8
LS185HX,21,13,8,11
LS185HY,18,11,7,11
LS185HZ,82,44,38,45
LS185JD,2,2,0,2
LS185JE,4,2,2,1
LS185JF,66,37,29,26
LS185JG,39,19,20,16
LS185JH,15,7,8,7
LS185JJ,92,41,51,39
LS185JL,114,58,56,41
LS185JN,78,46,32,23
LS185JP,141,72,69,53
LS185JQ,8,4,4,5
LS185JR,130,55,75,55
LS185JS,42,20,22,24
LS185JT,55,29,26,20
LS185JU,128,64,64,56
LS185JW,68,34,34,22
LS185JX,110,52,58,45
LS185JZ,101,51,50,39
LS185LA,16,9,7,8
LS185LB,15,8,7,8
LS185LD,55,28,27,30
LS185LE,48,26,22,20
LS185LF,38,16,22,15
LS185LG,31,15,16,9
LS185LH,40,18,22,21
LS185LJ,23,16,7,13
LS185LN,81,42,39,36
LS185LP,10,6,4,4
LS185LQ,6,3,3,3
LS185LR,58,28,30,24
LS185LS,57,27,30,22
LS185LT,55,27,28,21
LS185LU,82,35,47,40
LS185LW,64,22,42,30
LS185LX,16,9,7,7
LS185LY,60,30,30,29
LS185LZ,8,4,4,3
LS185NA,63,29,34,20
LS185NB,98,40,58,40
LS185ND,116,50,66,44
LS185NE,17,8,9,7
LS185NF,85,34,51,38
LS185NG,110,50,60,69
LS185NH,15,6,9,8
LS185NJ,85,45,40,51
LS185NN,67,33,34,31
LS185NP,121,60,61,58
LS185NQ,44,26,18,26
LS185NR,14,4,10,10
LS185NT,2,0,2,2
LS185NW,10,6,4,5
LS185PA,27,18,9,16
LS185PB,32,16,16,12
LS185PE,10,5,5,4
LS185PG,85,41,44,30
LS185PH,10,6,4,4
LS185PJ,4,3,1,3
LS185PN,83,43,40,30
LS185PP,97,48,49,35
LS185PQ,64,32,32,30
LS185PR,2,0,2,1
LS185PS,30,12,18,15
LS185PT,55,26,29,26
LS185PW,72,37,35,28
LS185PX,80,41,39,46
LS185PY,98,46,52,41
LS185PZ,123,64,59,48
LS185QA,92,44,48,51
LS185QB,79,40,39,34
LS185QD,74,29,45,28
LS185QE,39,21,18,27
LS185QF,26,13,13,12
LS185QG,45,25,20,21
LS185QH,29,13,16,15
LS185QJ,35,16,19,19
LS185QL,84,44,40,38
LS185QP,31,14,17,13
LS185QQ,45,19,26,22
LS185QR,40,17,23,22
LS185QS,9,3,6,7
LS185QT,96,47,49,41
LS185QU,46,21,25,25
LS185QW,52,26,26,24
LS185QX,63,34,29,31
LS185QY,50,20,30,34
LS185QZ,53,20,33,23
LS185RA,18,7,11,10
LS185RB,109,55,54,53
LS185RE,60,30,30,21
LS185RF,68,34,34,26
LS185RG,23,11,12,8
LS185RH,2,1,1,1
LS185RJ,62,34,28,22
LS185RL,4,2,2,2
LS185RN,95,44,51,41
LS185RP,51,22,29,18
LS185RQ,35,16,19,15
LS185RR,10,5,5,6
LS185RS,71,34,37,30
LS185RT,19,10,9,10
LS185RU,71,37,34,27
LS185RW,57,30,27,25
LS185RX,44,20,24,24
LS185RY,74,36,38,21
LS185RZ,37,15,22,25
LS185SA,49,22,27,19
LS185SB,86,46,40,28
LS185SD,53,20,33,25
LS185SE,24,11,13,9
LS185SF,54,25,29,18
LS185SG,35,15,20,12
LS185SH,63,31,32,21
LS185SJ,30,16,14,16
LS185SL,75,33,42,31
LS185SN,45,25,20,17
LS185SP,43,22,21,13
LS185SQ,115,59,56,44
LS185SR,34,12,22,28
LS185SS,18,10,8,8
LS185SU,42,19,23,16
LS185SW,92,46,46,38
LS185SX,52,24,28,21
LS185SZ,30,15,15,10
LS185TA,46,22,24,25
LS185TD,9,4,5,6
LS185TE,9,5,4,4
LS185TF,7,2,5,6
LS185TL,36,12,24,18
LS185TQ,24,9,15,23
LS185TR,56,25,31,28
LS185TZ,7,4,3,4
LS185UN,98,46,52,30
LS185US,48,26,22,15
LS185WN,35,17,18,21
LS196AA,15,10,5,5
LS196AB,20,12,8,7
LS196AD,73,38,35,37
LS196AF,17,3,14,14
LS196AG,34,15,19,20
LS196AH,60,28,32,24
LS196AJ,18,7,11,14
LS196AL,79,36,43,32
LS196AN,81,38,43,31
LS196AP,75,32,43,32
LS196AQ,38,20,18,20
LS196AR,64,28,36,32
LS196AS,3,3,0,1
LS196AT,14,6,8,7
LS196AU,5,4,1,4
LS196AW,42,23,19,15
LS196AX,12,7,5,4
LS196AY,13,6,7,4
LS196AZ,106,51,55,39
LS196BA,39,21,18,13
LS196BB,26,14,12,11
LS196BD,9,4,5,2
LS196BE,23,12,11,12
LS196BF,8,4,4,5
LS196BG,33,17,16,14
LS196BH,37,21,16,14
LS196BJ,19,8,11,10
LS196BL,15,9,6,5
LS196BN,18,9,9,6
LS196BP,21,12,9,8
LS196BQ,5,2,3,4
LS196BR,30,14,16,12
LS196BS,18,13,5,10
LS196BT,22,8,14,12
LS196BU,44,22,22,17
LS196BW,46,20,26,21
LS196BX,6,3,3,2
LS196BY,14,7,7,5
LS196BZ,30,14,16,13
LS196DA,21,9,12,8
LS196DB,6,3,3,3
LS196DD,63,33,30,26
LS196DE,22,10,12,9
LS196DG,66,31,35,26
LS196DJ,14,7,7,7
LS196DL,8,3,5,7
LS196DN,27,15,12,11
LS196DP,18,10,8,12
LS196DQ,41,21,20,15
LS196DR,8,3,5,3
LS196DS,7,3,4,2
LS196DT,27,14,13,8
LS196DU,32,14,18,12
LS196DW,18,9,9,5
LS196DX,30,12,18,17
LS196DY,9,5,4,4
LS196DZ,90,48,42,36
LS196EB,28,5,23,24
LS196ED,22,13,9,9
LS196EE,26,13,13,14
LS196EF,61,29,32,26
LS196EG,9,4,5,4
LS196EH,40,17,23,14
LS196EJ,21,12,9,6
LS196EL,65,28,37,24
LS196EN,97,49,48,43
LS196EP,39,14,25,18
LS196EQ,78,43,35,29
LS196ER,7,4,3,4
LS196ES,42,22,20,17
LS196ET,15,7,8,5
LS196EU,79,37,42,31
LS196EW,10,3,7,6
LS196EX,10,5,5,6
LS196EY,13,7,6,5
LS196GA,2,1,1,1
LS196GW,7,5,2,4
LS196HA,9,5,4,4
LS196HB,35,18,17,11
LS196HD,28,15,13,10
LS196HE,4,1,3,1
LS196HF,22,12,10,9
LS196HG,4,2,2,2
LS196HH,46,24,22,19
LS196HJ,24,11,13,15
LS196HL,5,2,3,2
LS196HN,22,11,11,9
LS196HQ,18,11,7,5
LS196HR,6,1,5,3
LS196HS,14,5,9,7
LS196HT,6,2,4,3
LS196HU,28,14,14,11
LS196HW,15,5,10,7
LS196HX,22,7,15,9
LS196HY,21,9,12,10
LS196HZ,52,21,31,26
LS196JA,29,9,20,17
LS196JB,59,27,32,29
LS196JD,5,2,3,3
LS196JE,38,19,19,22
LS196JF,21,10,11,11
LS196JG,13,7,6,3
LS196JH,12,5,7,5
LS196JJ,27,11,16,9
LS196JL,19,7,12,6
LS196JN,51,28,23,18
LS196JQ,32,16,16,15
LS196JS,15,8,7,6
LS196JT,9,5,4,2
LS196JW,30,13,17,14
LS196JX,20,9,11,9
LS196JZ,87,39,48,29
LS196LA,29,15,14,13
LS196LB,2,1,1,1
LS196LD,5,3,2,1
LS196LF,31,14,17,14
LS196LG,21,8,13,7
LS196LH,8,4,4,5
LS196LJ,1,0,1,1
LS196LL,36,14,22,13
LS196LN,11,4,7,4
LS196LP,34,16,18,16
LS196LR,101,53,48,50
LS196LS,49,25,24,19
LS196LT,79,41,38,29
LS196LU,89,46,43,33
LS196LW,18,8,10,5
LS196LX,4,3,1,1
LS196LY,23,9,14,8
LS196LZ,22,11,11,8
LS196NA,63,30,33,23
LS196NB,56,26,30,21
LS196ND,47,23,24,20
LS196NE,119,59,60,50
LS196NF,102,53,49,37
LS196NG,119,61,58,40
LS196NH,63,30,33,27
LS196NJ,40,18,22,14
LS196NL,5,3,2,2
LS196NN,9,4,5,4
LS196NP,35,17,18,13
LS196NQ,98,47,51,35
LS196NR,54,26,28,20
LS196NS,2,1,1,1
LS196NT,77,32,45,29
LS196NW,23,13,10,9
LS196NX,30,14,16,11
LS196NY,2,1,1,1
LS196NZ,13,8,5,5
LS196PA,32,15,17,13
LS196PB,10,5,5,3
LS196PD,76,38,38,23
LS196PE,24,13,11,9
LS196PF,28,15,13,14
LS196PG,41,19,22,17
LS196PH,76,40,36,35
LS196PJ,40,19,21,18
LS196PL,73,36,37,32
LS196PN,55,30,25,27
LS196PP,16,10,6,6
LS196PQ,34,15,19,14
LS196PR,64,26,38,43
LS196PS,27,12,15,10
LS196PT,22,10,12,15
LS196PU,66,30,36,23
LS196PW,13,7,6,8
LS196PX,4,3,1,3
LS196PY,19,10,9,8
LS196PZ,30,14,16,12
LS196QA,23,10,13,13
LS196QB,42,24,18,16
LS196QD,23,11,12,9
LS196QE,7,4,3,3
LS196QF,10,3,7,3
LS196QG,7,3,4,3
LS196QJ,8,5,3,3
LS196QL,6,3,3,4
LS196QN,7,3,4,3
LS196QP,9,5,4,3
LS196QQ,85,43,42,34
LS196QR,22,8,14,9
LS196QS,10,5,5,3
LS196QT,2,2,0,1
LS196QU,15,8,7,7
LS196QW,17,5,12,7
LS196QX,25,16,9,14
LS196QY,17,10,7,7
LS196QZ,6,2,4,4
LS196RA,17,9,8,6
LS196RB,16,7,9,6
LS196RD,15,8,7,5
LS196RE,40,19,21,15
LS196RF,34,19,15,15
LS196RG,76,36,40,28
LS196RH,11,7,4,4
LS196RJ,13,8,5,6
LS196RL,56,28,28,29
LS196RN,59,30,29,22
LS196RP,9,5,4,4
LS196RQ,79,43,36,27
LS196RR,2,1,1,1
LS196RS,57,28,29,25
LS196RT,50,28,22,19
LS196RU,97,49,48,35
LS196RW,23,9,14,13
LS196RX,19,8,11,8
LS196RY,9,3,6,6
LS196SB,9,4,5,4
LS196SD,33,18,15,15
LS196SE,24,12,12,11
LS196SF,7,4,3,4
LS196SG,57,25,32,24
LS196SZ,31,12,19,11
LS197AA,34,18,16,17
LS197AB,72,28,44,38
LS197AD,100,47,53,49
LS197AE,11,5,6,6
LS197AF,12,6,6,8
LS197AG,19,10,9,11
LS197AH,29,14,15,11
LS197AJ,13,8,5,5
LS197AL,34,13,21,20
LS197AN,15,7,8,6
LS197AP,9,5,4,5
LS197AQ,48,24,24,25
LS197AR,70,38,32,36
LS197AS,27,15,12,14
LS197AT,15,6,9,5
LS197AU,52,21,31,27
LS197AW,15,8,7,5
LS197AX,10,7,3,4
LS197AY,210,100,110,83
LS197AZ,97,49,48,43
LS197BE,16,8,8,6
LS197BG,59,29,30,23
LS197BH,56,28,28,26
LS197BJ,61,26,35,21
LS197BL,50,20,30,25
LS197BP,47,19,28,24
LS197BQ,13,8,5,4
LS197BR,13,6,7,4
LS197BS,10,4,6,4
LS197BT,22,11,11,13
LS197BU,27,14,13,13
LS197BX,16,10,6,7
LS197DA,11,3,8,4
LS197DD,11,6,5,4
LS197DE,21,11,10,6
LS197DF,26,8,18,10
LS197DG,5,2,3,3
LS197DH,12,9,3,3
LS197DJ,7,5,2,3
LS197DL,7,3,4,3
LS197DN,19,8,11,7
LS197DR,5,2,3,1
LS197DS,131,63,68,55
LS197DU,14,8,6,6
LS197DW,8,2,6,6
LS197DX,28,13,15,15
LS197DY,21,10,11,9
LS197DZ,131,60,71,69
LS197EB,26,13,13,10
LS197ED,7,3,4,6
LS197EE,106,58,48,35
LS197EF,48,21,27,20
LS197EG,11,5,6,6
LS197EJ,15,6,9,11
LS197EL,11,4,7,5
LS197EN,2,0,2,0
LS197EQ,28,18,10,15
LS197ES,3,2,1,2
LS197ET,80,39,41,30
LS197EU,41,15,26,19
LS197EW,5,5,0,4
LS197EX,95,40,55,44
LS197EY,16,7,9,7
LS197EZ,57,33,24,28
LS197FJ,31,16,15,10
LS197FL,22,9,13,17
LS197FN,65,28,37,44
LS197FR,55,27,28,34
LS197FS,24,10,14,12
LS197FW,18,10,8,8
LS197GA,8,4,4,4
LS197GB,18,10,8,13
LS197GG,12,9,3,3
LS197GN,26,12,14,14
LS197HA,15,8,7,8
LS197HB,3,2,1,1
LS197HD,15,6,9,7
LS197HE,55,25,30,25
LS197HF,28,15,13,16
LS197HG,10,5,5,7
LS197HH,9,5,4,5
LS197HJ,12,7,5,4
LS197HL,33,16,17,15
LS197HN,1,0,1,1
LS197HQ,59,32,27,22
LS197HR,8,3,5,2
LS197HS,12,5,7,3
LS197HT,9,3,6,4
LS197HU,63,30,33,27
LS197HW,5,4,1,2
LS197HX,46,23,23,16
LS197HY,8,7,1,4
LS197HZ,32,16,16,23
LS197JA,171,81,90,60
LS197JB,25,15,10,12
LS197JD,54,26,28,22
LS197JF,24,8,16,8
LS197JG,30,16,14,12
LS197JH,123,57,66,43
LS197JJ,40,20,20,14
LS197JL,56,31,25,20
LS197JN,34,14,20,2
LS197JP,2,0,2,1
LS197JQ,56,27,29,19
LS197JR,15,8,7,11
LS197JS,114,59,55,48
LS197JT,47,25,22,31
LS197JU,129,60,69,67
LS197JW,26,12,14,12
LS197JX,104,52,52,49
LS197JY,144,71,73,66
LS197JZ,5,3,2,2
LS197LA,129,63,66,48
LS197LB,89,50,39,59
LS197LD,46,23,23,18
LS197LE,75,31,44,36
LS197LF,85,44,41,34
LS197LG,97,48,49,41
LS197LH,118,49,69,53
LS197LJ,7,3,4,4
LS197LL,39,17,22,22
LS197LN,42,21,21,18
LS197LP,44,23,21,19
LS197LQ,86,45,41,34
LS197LR,40,17,23,17
LS197LS,36,17,19,14
LS197LT,66,29,37,22
LS197LU,37,20,17,15
LS197LW,28,14,14,12
LS197LX,69,27,42,36
LS197LY,62,26,36,27
LS197LZ,40,18,22,17
LS197NA,32,15,17,12
LS197NB,70,31,39,33
LS197ND,26,13,13,14
LS197NE,45,15,30,37
LS197NF,7,3,4,4
LS197NG,76,37,39,33
LS197NH,19,6,13,5
LS197NJ,44,21,23,18
LS197NL,53,28,25,27
LS197NN,40,16,24,20
LS197NP,80,42,38,34
LS197NQ,18,10,8,7
LS197NR,93,44,49,40
LS197NS,10,5,5,3
LS197NT,59,27,32,24
LS197NU,89,47,42,30
LS197NW,10,6,4,6
LS197NX,42,14,28,32
LS197NY,10,5,5,5
LS197NZ,40,22,18,21
LS197PA,78,35,43,39
LS197PB,72,40,32,27
LS197PD,14,7,7,8
LS197PE,17,11,6,11
LS197PF,136,67,69,61
LS197PG,104,50,54,37
LS197PH,26,13,13,10
LS197PJ,34,18,16,28
LS197PL,76,43,33,31
LS197PN,44,19,25,21
LS197PP,22,15,7,12
LS197PQ,46,26,20,21
LS197PT,7,2,5,5
LS197PU,28,13,15,14
LS197PW,21,8,13,13
LS197PX,8,4,4,4
LS197PY,8,3,5,6
LS197PZ,23,12,11,13
LS197QA,82,48,34,38
LS197QB,10,5,5,5
LS197QD,18,10,8,10
LS197QE,18,12,6,7
LS197QF,115,53,62,52
LS197QG,9,6,3,7
LS197QH,3,1,2,1
LS197QJ,8,5,3,4
LS197QL,78,40,38,38
LS197QN,19,11,8,9
LS197QP,4,2,2,2
LS197QQ,14,7,7,9
LS197QR,174,92,82,68
LS197QS,5,3,2,3
LS197QT,39,19,20,13
LS197QU,15,9,6,9
LS197QW,14,7,7,8
LS197QX,26,13,13,10
LS197QY,50,25,25,20
LS197QZ,91,45,46,35
LS197RA,15,7,8,7
LS197RB,45,26,19,31
LS197RD,29,6,23,1
LS197RE,13,6,7,7
LS197RF,32,13,19,13
LS197RG,1,1,0,1
LS197RH,99,46,53,42
LS197RJ,34,18,16,18
LS197RL,32,11,21,15
LS197RN,31,20,11,18
LS197RP,28,12,16,15
LS197RR,48,12,36,7
LS197RS,89,49,40,35
LS197RT,29,17,12,12
LS197RU,27,14,13,12
LS197RW,134,70,64,60
LS197RX,33,16,17,13
LS197RY,126,63,63,44
LS197RZ,24,11,13,13
LS197SA,25,14,11,10
LS197SB,104,50,54,50
LS197SD,35,18,17,20
LS197SE,29,15,14,9
LS197SF,5,3,2,2
LS197SG,29,14,15,15
LS197SH,115,53,62,44
LS197SJ,65,34,31,29
LS197SL,146,62,84,59
LS197SN,91,40,51,36
LS197SP,18,11,7,9
LS197SQ,5,2,3,3
LS197SR,7,4,3,3
LS197SS,44,22,22,28
LS197ST,23,12,11,10
LS197SU,3,1,2,1
LS197SW,85,47,38,54
LS197SY,14,8,6,5
LS197SZ,42,18,24,27
LS197TA,48,27,21,27
LS197TB,19,8,11,9
LS197TD,33,16,17,11
LS197TE,64,30,34,28
LS197TF,54,24,30,20
LS197TG,15,6,9,7
LS197TH,8,3,5,5
LS197TJ,6,3,3,5
LS197TL,77,34,43,30
LS197TN,52,24,28,22
LS197TP,150,68,82,62
LS197TQ,102,49,53,40
LS197TR,79,37,42,28
LS197TS,84,36,48,28
LS197TT,27,14,13,17
LS197TW,104,53,51,34
LS197TY,115,53,62,52
LS197UF,57,29,28,25
LS197UH,103,51,52,39
LS197UJ,123,61,62,53
LS197UL,18,11,7,8
LS197UN,15,7,8,7
LS197UP,3,1,2,2
LS197UQ,23,9,14,17
LS197UR,42,19,23,16
LS197US,4,0,4,0
LS197UT,136,63,73,61
LS197UU,56,26,30,19
LS197UW,25,11,14,12
LS197UX,15,4,11,10
LS197UY,9,3,6,8
LS197UZ,32,14,18,14
LS197WA,71,31,40,24
LS197WB,94,46,48,41
LS197WD,28,16,12,13
LS197WE,192,102,90,57
LS197WF,50,22,28,15
LS197WG,44,17,27,29
LS197XA,82,33,49,35
LS197XB,89,45,44,37
LS197XD,66,31,35,32
LS197XE,79,38,41,34
LS197XF,58,27,31,24
LS197XG,68,36,32,25
LS197XH,72,36,36,29
LS197XJ,13,6,7,6
LS197XL,63,31,32,32
LS197XN,54,25,29,23
LS197XQ,51,26,25,18
LS197XR,32,15,17,14
LS197XW,77,38,39,46
LS197XZ,46,23,23,18
LS197YB,29,16,13,12
LS197YE,6,4,2,2
LS197YG,20,10,10,11
LS197YH,126,58,68,69
LS197YJ,37,12,25,27
LS197YS,124,60,64,55
LS197YT,128,62,66,50
LS197YX,43,15,28,36
LS197YZ,10,4,6,6
LS197ZB,14,6,8,5
LS197ZD,23,7,16,19
LS2 3AP,1,0,1,1
LS2 3AR,5,3,2,2
LS2 3ED,1,1,0,1
LS2 7AD,25,17,8,18
LS2 7AL,29,15,14,21
LS2 7BF,17,13,4,12
LS2 7DA,89,61,28,53
LS2 7DB,13,7,6,10
LS2 7DF,63,35,28,40
LS2 7DJ,3,1,2,2
LS2 7DR,32,14,18,24
LS2 7DT,50,29,21,1
LS2 7EA,12,6,6,8
LS2 7ED,19,9,10,12
LS2 7EE,114,66,48,71
LS2 7EF,101,55,46,61
LS2 7EJ,105,60,45,73
LS2 7ES,5,5,0,1
LS2 7EW,35,16,19,25
LS2 7EZ,110,60,50,82
LS2 7HA,33,20,13,24
LS2 7HB,7,3,4,5
LS2 7HD,2,1,1,1
LS2 7HL,1,1,0,1
LS2 7HW,1,1,0,1
LS2 7JL,5,2,3,3
LS2 7JP,91,48,43,59
LS2 7JQ,84,58,26,74
LS2 7JS,76,46,30,58
LS2 7JT,45,24,21,35
LS2 7LB,79,38,41,42
LS2 7LU,17,9,8,11
LS2 7NA,40,20,20,24
LS2 7PA,174,145,29,0
LS2 7PN,73,42,31,41
LS2 7PP,7,5,2,4
LS2 7PQ,26,16,10,16
LS2 7PS,24,12,12,12
LS2 7PU,4,2,2,2
LS2 7QA,3,1,2,2
LS2 7QB,140,94,46,85
LS2 7QN,5,3,2,4
LS2 7QP,66,33,33,43
LS2 7QQ,66,33,33,38
LS2 7QS,115,79,36,74
LS2 7QX,59,42,17,23
LS2 8AF,4,2,2,3
LS2 8AJ,1,1,0,1
LS2 8AR,1184,519,665,2
LS2 8BE,3,3,0,1
LS2 8BR,461,198,263,0
LS2 8BS,37,17,20,26
LS2 8DA,34,18,16,31
LS2 8EN,3,2,1,2
LS2 8ES,110,64,46,76
LS2 8JD,3,3,0,2
LS2 8JE,2,1,1,1
LS2 8JS,1,1,0,1
LS2 8JW,1,1,0,1
LS2 8NG,1,0,1,1
LS2 8WE,75,46,29,38
LS2 8WF,153,87,66,74
LS2 8WG,137,75,62,71
LS2 8WH,97,57,40,55
LS2 9AA,182,80,102,56
LS2 9AD,58,18,40,26
LS2 9AF,38,17,21,12
LS2 9AG,10,8,2,4
LS2 9AH,32,16,16,21
LS2 9AJ,45,32,13,26
LS2 9AL,59,32,27,24
LS2 9AN,43,18,25,14
LS2 9AP,40,21,19,6
LS2 9AQ,6,3,3,3
LS2 9AR,125,59,66,59
LS2 9AS,57,28,29,15
LS2 9AT,51,22,29,13
LS2 9AU,84,41,43,28
LS2 9AW,26,9,17,14
LS2 9AX,49,23,26,21
LS2 9AY,15,10,5,6
LS2 9AZ,50,22,28,13
LS2 9BA,402,160,242,19
LS2 9BB,22,9,13,6
LS2 9BD,46,23,23,16
LS2 9BE,23,9,14,8
LS2 9BG,2,1,1,1
LS2 9BN,6,4,2,1
LS2 9BR,73,36,37,42
LS2 9BS,63,36,27,39
LS2 9BW,12,8,4,8
LS2 9DR,13,6,7,6
LS2 9DS,17,5,12,6
LS2 9DU,157,88,69,78
LS2 9DX,8,4,4,3
LS2 9DY,41,21,20,11
LS2 9DZ,2,0,2,2
LS2 9EA,1,1,0,1
LS2 9EB,62,34,28,48
LS2 9ED,20,4,16,18
LS2 9EG,5,4,1,1
LS2 9EH,5,3,2,2
LS2 9EJ,5,3,2,1
LS2 9EL,182,124,58,0
LS2 9EN,1,1,0,1
LS2 9EP,30,9,21,12
LS2 9EQ,117,52,65,7
LS2 9ET,8,5,3,4
LS2 9EY,15,6,9,9
LS2 9HB,9,2,7,4
LS2 9HD,25,16,9,17
LS2 9JF,6,3,3,2
LS2 9JG,26,18,8,8
LS2 9JN,6,1,5,3
LS2 9JP,2,1,1,1
LS2 9JQ,7,4,3,3
LS2 9JR,504,222,282,0
LS2 9JU,9,2,7,5
LS2 9JW,108,55,53,0
LS2 9JX,4,3,1,2
LS2 9JY,77,50,27,22
LS2 9LA,7,2,5,2
LS2 9LB,40,9,31,8
LS2 9LF,8,6,2,3
LS2 9LG,272,117,155,0
LS2 9LN,108,65,43,43
LS2 9LQ,99,50,49,0
LS2 9LS,4,2,2,2
LS2 9LX,17,9,8,0
LS2 9LY,20,9,11,5
LS2 9LZ,98,49,49,59
LS2 9NA,76,35,41,23
LS2 9ND,18,9,9,13
LS2 9NG,133,65,68,8
LS2 9NN,14,6,8,9
LS2 9NQ,27,14,13,9
LS2 9NY,36,15,21,9
LS2 9NZ,151,54,97,70
LS2 9PD,213,94,119,0
LS2 9PJ,32,17,15,12
LS2 9PQ,30,17,13,22
LS2 9PR,220,117,103,115
LS2 9PS,138,62,76,43
LS2 9PT,29,7,22,15
LS2 9PW,1,1,0,1
LS2 9QA,87,38,49,40
LS2 9QB,49,27,22,20
LS208AB,6,4,2,3
LS208AG,13,6,7,9
LS208AH,33,24,9,22
LS208AL,12,8,4,6
LS208AQ,15,5,10,5
LS208AR,16,8,8,8
LS208AS,119,54,65,56
LS208AT,31,14,17,13
LS208AU,47,26,21,20
LS208AW,7,4,3,3
LS208AX,30,16,14,13
LS208AY,84,45,39,32
LS208AZ,90,45,45,32
LS208BA,26,14,12,10
LS208BB,26,13,13,10
LS208BD,86,45,41,39
LS208BE,233,119,114,87
LS208BF,5,4,1,3
LS208BG,52,29,23,21
LS208BH,14,7,7,7
LS208BL,13,8,5,3
LS208BP,14,9,5,4
LS208BQ,45,23,22,16
LS208BU,38,18,20,23
LS208BW,21,12,9,7
LS208BX,2,1,1,1
LS208BZ,50,26,24,23
LS208DA,143,66,77,56
LS208DB,43,21,22,22
LS208DD,35,17,18,17
LS208DE,44,12,32,38
LS208DF,15,5,10,8
LS208DG,17,11,6,7
LS208DH,33,16,17,13
LS208DJ,17,7,10,11
LS208DL,17,7,10,5
LS208DN,59,28,31,26
LS208DP,37,18,19,13
LS208DQ,20,10,10,9
LS208DR,36,15,21,18
LS208DS,26,13,13,14
LS208DT,82,43,39,38
LS208DU,150,65,85,59
LS208DW,65,30,35,28
LS208DX,79,41,38,31
LS208DY,27,13,14,11
LS208DZ,70,31,39,30
LS208EA,61,34,27,23
LS208EB,72,38,34,33
LS208ED,19,12,7,7
LS208EE,83,37,46,37
LS208EG,11,6,5,8
LS208EH,54,26,28,25
LS208EJ,82,38,44,32
LS208EL,31,18,13,9
LS208EN,110,56,54,39
LS208EP,91,41,50,34
LS208ER,37,16,21,20
LS208ES,51,27,24,24
LS208ET,64,27,37,33
LS208EU,13,7,6,8
LS208EW,67,31,36,27
LS208FD,28,14,14,17
LS208FG,54,25,29,23
LS208FH,31,20,11,24
LS208FJ,31,18,13,16
LS208FL,27,12,15,8
LS208HA,41,20,21,17
LS208HB,26,13,13,11
LS208HD,55,26,29,18
LS208HE,80,35,45,30
LS208HF,17,8,9,8
LS208HG,64,34,30,22
LS208HH,90,41,49,33
LS208HJ,49,25,24,17
LS208HL,80,40,40,26
LS208HN,42,20,22,16
LS208HP,22,12,10,6
LS208HQ,25,10,15,10
LS208HR,17,8,9,7
LS208HS,1,0,1,1
LS208HT,32,14,18,11
LS208HU,47,26,21,15
LS208HX,60,31,29,24
LS208HZ,22,10,12,7
LS208JA,116,56,60,49
LS208JB,64,29,35,22
LS208JD,39,18,21,13
LS208JE,53,25,28,17
LS208JF,17,7,10,7
LS208JG,19,8,11,7
LS208JH,20,10,10,10
LS208JJ,49,24,25,17
LS208JL,30,14,16,12
LS208JN,89,43,46,31
LS208JP,38,16,22,16
LS208JQ,60,28,32,24
LS208JR,114,60,54,36
LS208JS,15,6,9,8
LS208JT,99,50,49,35
LS208JU,45,20,25,20
LS208JX,70,35,35,26
LS208JY,18,8,10,7
LS208JZ,50,23,27,19
LS208LA,12,7,5,5
LS208LB,58,27,31,22
LS208LD,91,41,50,30
LS208LE,26,14,12,10
LS208LF,18,8,10,7
LS208LG,1,1,0,1
LS208LH,18,7,11,5
LS208LJ,8,3,5,4
LS208LQ,34,18,16,16
LS208LS,17,8,9,6
LS208LT,42,19,23,19
LS208LU,33,17,16,11
LS208LW,30,11,19,19
LS208LX,40,22,18,23
LS208LY,43,26,17,22
LS208LZ,77,42,35,29
LS208NA,18,12,6,5
LS208NF,14,3,11,11
LS208NG,9,4,5,5
LS208NH,64,37,27,30
LS208NJ,22,12,10,10
LS208NL,79,39,40,31
LS208NN,2,1,1,1
LS208NP,1,1,0,1
LS208NQ,52,26,26,20
LS208NR,12,9,3,6
LS208NS,14,8,6,5
LS208NU,3,1,2,2
LS208NW,4,2,2,1
LS208NX,61,32,29,37
LS208NY,20,9,11,12
LS208NZ,24,11,13,7
LS208PB,2,1,1,1
LS208PD,33,19,14,13
LS208PE,21,9,12,9
LS208PF,1,1,0,1
LS208PG,3,2,1,2
LS208PH,6,2,4,2
LS208PJ,6,3,3,3
LS208PL,8,3,5,2
LS208PN,4,2,2,2
LS208PQ,133,76,57,80
LS208PT,6,3,3,3
LS208PU,35,15,20,12
LS208PW,7,4,3,2
LS208PX,77,39,38,30
LS208PY,17,9,8,7
LS208PZ,18,9,9,7
LS208QA,71,31,40,33
LS208QB,13,5,8,9
LS208QD,21,11,10,9
LS208QE,23,8,15,13
LS208QF,17,8,9,10
LS208QG,15,6,9,6
LS208QJ,93,51,42,32
LS208QL,13,8,5,5
LS208QN,72,31,41,32
LS208QP,28,11,17,8
LS208QQ,121,67,54,42
LS208QR,99,48,51,38
LS208QS,58,30,28,19
LS208RA,22,10,12,8
LS209AA,38,18,20,23
LS209AB,22,13,9,7
LS209AD,28,15,13,8
LS209AE,47,24,23,18
LS209AF,7,3,4,4
LS209AG,26,13,13,9
LS209AH,23,13,10,7
LS209AJ,10,4,6,7
LS209AL,21,9,12,10
LS209AN,43,24,19,17
LS209AP,41,21,20,15
LS209AQ,16,8,8,6
LS209AR,14,8,6,6
LS209AS,56,31,25,27
LS209AT,8,3,5,6
LS209AU,34,18,16,18
LS209AW,23,11,12,7
LS209AX,9,4,5,4
LS209AY,32,20,12,14
LS209AZ,18,7,11,14
LS209BA,7,3,4,4
LS209BB,24,12,12,8
LS209BD,21,9,12,12
LS209BE,13,9,4,4
LS209BG,42,20,22,18
LS209BH,73,39,34,22
LS209BJ,45,17,28,34
LS209BN,32,15,17,15
LS209BP,5,1,4,5
LS209BQ,92,43,49,38
LS209BR,49,21,28,34
LS209BS,17,7,10,6
LS209BU,26,15,11,19
LS209BW,46,13,33,37
LS209BX,107,53,54,43
LS209BY,83,39,44,37
LS209BZ,25,13,12,8
LS209DB,97,43,54,46
LS209DD,20,8,12,8
LS209DE,34,18,16,12
LS209DF,39,18,21,11
LS209DG,59,30,29,24
LS209DH,108,52,56,49
LS209DJ,37,16,21,14
LS209DL,12,2,10,3
LS209DN,126,62,64,47
LS209DQ,71,38,33,34
LS209DT,80,39,41,39
LS209DU,14,6,8,5
LS209DX,38,18,20,18
LS209DY,44,23,21,18
LS209DZ,18,8,10,7
LS209EA,15,6,9,6
LS209EB,57,31,26,23
LS209ED,4,2,2,2
LS209EE,9,4,5,3
LS209EF,113,46,67,57
LS209EG,39,17,22,20
LS209EH,34,16,18,16
LS209EJ,38,16,22,16
LS209EL,30,14,16,14
LS209EN,47,24,23,26
LS209EP,39,10,29,10
LS209EQ,46,23,23,19
LS209ER,59,29,30,22
LS209ES,29,16,13,14
LS209ET,15,9,6,5
LS209EU,33,15,18,13
LS209EW,70,28,42,29
LS209EX,40,16,24,13
LS209EY,36,9,27,27
LS209EZ,28,13,15,11
LS209HB,24,13,11,12
LS209HD,10,4,6,8
LS209HE,27,16,11,10
LS209HG,18,8,10,8
LS209HH,35,14,21,13
LS209HJ,22,13,9,10
LS209HL,44,20,24,16
LS209HN,46,23,23,18
LS209HP,11,5,6,5
LS209HQ,8,3,5,4
LS209HR,6,3,3,3
LS209HS,15,8,7,5
LS209HT,30,15,15,8
LS209HU,14,6,8,7
LS209HW,30,12,18,12
LS209HX,4,1,3,4
LS209HY,9,2,7,8
LS209HZ,21,7,14,16
LS209JA,15,11,4,9
LS209JE,7,4,3,5
LS209JG,16,9,7,7
LS209JH,48,25,23,22
LS209JJ,3,2,1,1
LS209JL,57,27,30,24
LS209JN,33,15,18,12
LS209JP,103,53,50,42
LS209JQ,76,40,36,28
LS209JR,30,12,18,14
LS209JS,63,31,32,28
LS209JT,70,40,30,28
LS209JU,101,44,57,36
LS209JW,45,22,23,25
LS209JX,9,4,5,5
LS209LA,75,44,31,27
LS209LB,80,37,43,28
LS209LD,11,6,5,4
LS209LE,96,48,48,37
LS209LF,97,46,51,39
LS209LG,36,18,18,14
LS209LH,45,24,21,16
LS209LJ,74,30,44,35
LS209LL,58,30,28,23
LS209LN,66,32,34,31
LS209LP,114,58,56,46
LS209LQ,63,31,32,23
LS209LS,15,4,11,15
LS209LT,104,35,69,10
LS209LW,108,54,54,49
LS209LX,34,19,15,14
LS209LY,12,4,8,8
LS209NA,10,2,8,5
LS209NF,9,4,5,5
LS209NG,20,11,9,7
LS209NH,28,16,12,11
LS209NJ,12,6,6,4
LS209NL,12,6,6,3
LS209NN,3,1,2,1
LS209NP,5,1,4,3
LS209NQ,13,7,6,5
LS209NR,3,1,2,2
LS209NS,9,4,5,3
LS209NU,2,1,1,1
LS209NW,21,12,9,9
LS209NX,4,3,1,1
LS209NY,9,4,5,3
LS209PE,4,3,1,3
LS209PF,125,62,63,52
LS209PG,37,17,20,11
LS209PH,10,5,5,6
LS209PJ,20,11,9,8
LS209PL,5,1,4,2
LS209PN,10,5,5,7
LS209PQ,30,15,15,17
LS209PT,31,15,16,12
LS209PW,23,11,12,13
LS211AA,6,2,4,5
LS211AD,11,6,5,6
LS211AE,26,14,12,11
LS211AG,19,10,9,10
LS211AH,53,27,26,22
LS211AJ,57,27,30,23
LS211AL,23,13,10,9
LS211AN,77,33,44,31
LS211AP,25,10,15,8
LS211AQ,3,2,1,2
LS211AS,8,4,4,4
LS211AT,5,1,4,4
LS211AU,9,6,3,4
LS211AW,54,29,25,20
LS211AX,127,63,64,54
LS211AY,4,1,3,1
LS211AZ,14,7,7,8
LS211BA,61,32,29,30
LS211BJ,6,4,2,4
LS211BL,10,4,6,4
LS211BN,23,11,12,9
LS211BP,2,1,1,1
LS211BQ,12,4,8,8
LS211BR,35,18,17,21
LS211BS,4,2,2,3
LS211BT,55,22,33,29
LS211BU,37,22,15,18
LS211BW,1,1,0,1
LS211BX,65,29,36,27
LS211BY,48,23,25,23
LS211BZ,119,60,59,64
LS211DA,39,16,23,20
LS211DB,53,25,28,25
LS211DD,163,77,86,74
LS211DE,148,69,79,60
LS211DF,29,14,15,12
LS211DG,52,30,22,20
LS211DH,77,39,38,33
LS211DJ,43,22,21,20
LS211DL,58,25,33,30
LS211DN,11,4,7,5
LS211DP,7,4,3,2
LS211DQ,68,35,33,27
LS211DS,86,38,48,39
LS211DT,4,2,2,2
LS211DU,9,5,4,4
LS211DW,14,8,6,6
LS211DX,10,4,6,4
LS211DY,2,1,1,1
LS211DZ,100,52,48,35
LS211ED,1,1,0,1
LS211EE,14,8,6,6
LS211EG,30,16,14,13
LS211EH,40,25,15,12
LS211EJ,28,15,13,10
LS211EL,12,5,7,6
LS211EN,4,2,2,2
LS211EP,15,8,7,7
LS211EQ,21,9,12,8
LS211ER,4,3,1,4
LS211ES,11,6,5,6
LS211EU,40,23,17,15
LS211EW,5,3,2,3
LS211EX,4,2,2,2
LS211EY,18,10,8,6
LS211FD,36,22,14,13
LS211FL,10,7,3,7
LS211HB,29,14,15,14
LS211HD,41,20,21,20
LS211HE,58,25,33,30
LS211HF,25,15,10,20
LS211HG,26,14,12,10
LS211HH,21,11,10,9
LS211HJ,27,14,13,9
LS211HL,96,54,42,46
LS211HN,20,9,11,10
LS211HP,32,13,19,16
LS211HQ,18,10,8,10
LS211HS,28,14,14,10
LS211HT,23,12,11,9
LS211HU,65,37,28,29
LS211HW,5,2,3,4
LS211HY,9,3,6,6
LS211HZ,18,7,11,9
LS211JA,23,13,10,10
LS211JB,61,29,32,20
LS211JD,40,21,19,17
LS211JE,18,6,12,15
LS211JF,1,1,0,1
LS211JG,27,16,11,8
LS211JH,89,32,57,18
LS211JJ,92,47,45,41
LS211JL,4,3,1,2
LS211JN,58,34,24,19
LS211JP,63,32,31,31
LS211JQ,15,7,8,5
LS211JR,9,5,4,4
LS211JS,51,28,23,19
LS211JT,17,9,8,8
LS211JU,105,52,53,50
LS211JW,25,12,13,22
LS211JX,28,15,13,15
LS211JY,11,6,5,4
LS211JZ,87,47,40,28
LS211LA,15,6,9,7
LS211LB,26,14,12,14
LS211LD,33,15,18,12
LS211LE,21,10,11,13
LS211LF,25,12,13,14
LS211LG,22,10,12,9
LS211LH,48,26,22,24
LS211LJ,7,4,3,3
LS211LL,12,7,5,6
LS211LN,131,60,71,51
LS211LP,13,7,6,6
LS211LQ,16,4,12,8
LS211LR,36,18,18,15
LS211LS,24,9,15,19
LS211LT,121,67,54,43
LS211LU,54,31,23,21
LS211LW,50,22,28,23
LS211LX,7,4,3,4
LS211LY,4,1,3,3
LS211LZ,13,5,8,7
LS211NA,5,2,3,3
LS211NB,30,15,15,14
LS211ND,56,29,27,25
LS211NE,13,8,5,5
LS211NF,23,12,11,10
LS211NG,6,3,3,1
LS211NH,20,7,13,6
LS211NJ,2,1,1,1
LS211NL,7,3,4,2
LS211NN,11,5,6,6
LS211NP,13,6,7,4
LS211NQ,20,9,11,9
LS211NR,10,3,7,4
LS211NS,7,4,3,5
LS211NT,2,1,1,1
LS211NU,6,3,3,3
LS211NW,19,10,9,7
LS211NX,3,1,2,1
LS211NY,6,5,1,2
LS211NZ,5,3,2,2
LS211PB,30,13,17,13
LS211PD,2,1,1,1
LS211PE,1,0,1,1
LS211PF,5,2,3,2
LS211PG,7,4,3,4
LS211PH,10,5,5,5
LS211PJ,24,15,9,9
LS211PL,5,2,3,2
LS211PN,1,1,0,1
LS211PP,2,1,1,1
LS211PQ,12,6,6,8
LS211PR,2,1,1,1
LS211PS,8,4,4,3
LS211PT,7,4,3,4
LS211PU,4,2,2,1
LS211PW,4,2,2,2
LS211PX,3,1,2,1
LS211PY,6,4,2,3
LS211QA,2,1,1,1
LS211QB,9,4,5,3
LS211QD,17,8,9,9
LS211QG,30,9,21,23
LS211QN,21,10,11,12
LS211QS,1,0,1,1
LS211QT,17,9,8,8
LS211QU,34,16,18,16
LS211QW,44,20,24,16
LS211QY,47,16,31,22
LS211RA,20,8,12,11
LS211RB,37,15,22,16
LS211RF,12,6,6,4
LS211RG,19,10,9,8
LS211RH,13,7,6,8
LS211RJ,25,9,16,18
LS211RL,25,7,18,25
LS211RQ,28,10,18,16
LS211RR,63,31,32,21
LS211RS,129,63,66,50
LS211RU,14,9,5,6
LS211RW,13,7,6,3
LS211RX,58,28,30,25
LS211RY,22,13,9,10
LS211RZ,27,9,18,14
LS211SL,14,8,6,4
LS211SN,21,10,11,9
LS211SR,26,10,16,19
LS211SS,34,15,19,18
LS211SU,28,12,16,16
LS211SW,8,3,5,5
LS211SX,28,13,15,14
LS211SY,19,10,9,10
LS211SZ,45,23,22,15
LS211TB,14,9,5,5
LS211TL,34,17,17,9
LS211TN,20,14,6,5
LS211TP,18,11,7,9
LS211TR,27,13,14,10
LS211TS,13,5,8,6
LS211TW,46,20,26,20
LS211TX,28,16,12,8
LS211TY,149,78,71,50
LS212AA,53,20,33,29
LS212AB,46,22,24,22
LS212AE,32,15,17,13
LS212AF,68,34,34,26
LS212AG,123,65,58,54
LS212AH,89,45,44,39
LS212AJ,24,10,14,10
LS212AL,133,64,69,57
LS212AN,50,22,28,25
LS212AP,131,59,72,46
LS212AQ,36,20,16,15
LS212AR,100,44,56,38
LS212AS,76,31,45,33
LS212AU,62,31,31,25
LS212AW,161,78,83,72
LS212AX,49,23,26,21
LS212AY,95,39,56,41
LS212AZ,112,58,54,39
LS212BA,5,3,2,3
LS212BD,3,1,2,1
LS212BE,97,41,56,40
LS212BF,25,11,14,13
LS212BG,55,28,27,26
LS212BH,74,37,37,30
LS212BJ,71,35,36,26
LS212BL,44,19,25,17
LS212BN,78,34,44,35
LS212BP,138,65,73,58
LS212BQ,50,27,23,19
LS212BR,94,48,46,35
LS212BS,84,41,43,34
LS212BT,42,20,22,19
LS212BU,33,16,17,18
LS212BW,30,15,15,17
LS212BX,12,5,7,3
LS212BY,106,50,56,42
LS212BZ,53,26,27,22
LS212DA,89,45,44,32
LS212DB,127,63,64,53
LS212DD,9,5,4,2
LS212DE,56,26,30,27
LS212DF,61,29,32,26
LS212DG,56,26,30,43
LS212DH,84,40,44,28
LS212DJ,114,55,59,43
LS212DL,50,24,26,19
LS212DN,63,31,32,27
LS212DP,65,32,33,23
LS212DQ,30,20,10,9
LS212DR,36,12,24,17
LS212DS,44,21,23,21
LS212DT,70,39,31,29
LS212DU,129,62,67,50
LS212DW,58,26,32,23
LS212DX,13,4,9,7
LS212DY,28,13,15,11
LS212DZ,38,18,20,15
LS212EA,71,35,36,29
LS212EB,44,20,24,18
LS212ED,108,55,53,43
LS212EE,114,59,55,47
LS212EF,91,48,43,35
LS212EG,38,17,21,13
LS212EH,85,40,45,40
LS212EJ,92,41,51,37
LS212EL,81,40,41,29
LS212EN,43,21,22,14
LS212EP,20,9,11,10
LS212EQ,98,43,55,42
LS212ER,109,55,54,44
LS212ES,5,1,4,3
LS212ET,4,1,3,4
LS212EU,21,9,12,9
LS212EW,48,21,27,38
LS212EX,14,5,9,7
LS212EY,6,3,3,3
LS212EZ,8,5,3,4
LS212FL,71,31,40,24
LS212FN,49,25,24,19
LS212HA,5,2,3,2
LS212HB,2,1,1,1
LS212HD,20,9,11,7
LS212HE,50,26,24,19
LS212HF,6,3,3,3
LS212HH,7,3,4,3
LS212HJ,5,1,4,1
LS212HL,2,1,1,1
LS212HN,2,1,1,1
LS212HP,11,9,2,4
LS212HQ,29,14,15,12
LS212HR,5,1,4,3
LS212HS,15,6,9,6
LS212HT,2,1,1,1
LS212HU,7,2,5,3
LS212HW,3,2,1,2
LS212HX,45,19,26,20
LS212HY,10,6,4,7
LS212HZ,6,3,3,3
LS212JA,3,1,2,1
LS212JB,24,10,14,8
LS212JD,14,8,6,6
LS212JE,7,3,4,2
LS212JF,9,3,6,4
LS212JG,12,6,6,5
LS212JH,4,4,0,4
LS212JJ,5,1,4,2
LS212JL,8,5,3,2
LS212JN,3,2,1,2
LS212JP,2,1,1,1
LS212JQ,34,18,16,15
LS212JR,8,5,3,3
LS212JS,4,1,3,3
LS212JT,2,2,0,1
LS212JU,21,9,12,8
LS212JX,5,2,3,2
LS212JY,25,10,15,13
LS212JZ,5,1,4,1
LS212LA,7,3,4,3
LS212LD,4,1,3,4
LS212LE,2,1,1,2
LS212LF,11,4,7,4
LS212LG,6,3,3,3
LS212LH,2,1,1,1
LS212LJ,8,4,4,4
LS212LL,8,3,5,3
LS212LN,3,2,1,1
LS212LP,1,1,0,1
LS212LQ,1,0,1,1
LS212LR,8,3,5,3
LS212LS,9,3,6,4
LS212LT,5,2,3,2
LS212LU,6,4,2,2
LS212LW,26,11,15,10
LS212LX,6,3,3,2
LS212LZ,3,1,2,1
LS212NA,21,12,9,7
LS212NB,11,5,6,3
LS212ND,2,1,1,1
LS212NE,3,3,0,2
LS212NF,10,6,4,3
LS212NG,10,6,4,2
LS212NH,3,2,1,1
LS212NJ,17,8,9,6
LS212NL,3,2,1,1
LS212NN,60,33,27,24
LS212NP,17,10,7,7
LS212NQ,9,4,5,4
LS212NR,2,1,1,1
LS212NS,12,6,6,5
LS212NT,1,1,0,1
LS212NU,15,6,9,7
LS212NW,4,3,1,1
LS212NX,4,3,1,3
LS212NY,2,1,1,2
LS212PA,5,2,3,1
LS212PB,4,1,3,1
LS212PD,11,5,6,4
LS212PE,2,1,1,1
LS212PF,7,3,4,2
LS212PG,4,1,3,2
LS212PJ,42,20,22,16
LS212PL,2,1,1,1
LS212PN,3,2,1,1
LS212PP,3,3,0,2
LS212PQ,11,5,6,5
LS212PR,8,5,3,2
LS212PS,22,12,10,10
LS212PT,10,6,4,5
LS212PW,9,5,4,4
LS212PX,13,8,5,5
LS212PY,42,23,19,17
LS212PZ,4,1,3,1
LS212QA,11,6,5,3
LS212QB,36,19,17,15
LS212QD,2,1,1,1
LS212QE,14,7,7,5
LS212QF,17,8,9,7
LS212QG,16,9,7,8
LS212QH,21,8,13,9
LS212QJ,7,3,4,3
LS212QL,2,1,1,1
LS212QN,18,10,8,9
LS212QP,31,18,13,12
LS212QQ,13,6,7,3
LS212QR,2,2,0,1
LS212QS,4,2,2,2
LS212QT,4,2,2,2
LS212QU,20,11,9,8
LS212QW,5,2,3,2
LS212QX,4,3,1,2
LS212QY,26,11,15,9
LS212QZ,4,3,1,1
LS212RA,23,9,14,12
LS212RB,11,7,4,3
LS212RD,83,45,38,36
LS212RE,69,33,36,29
LS212RF,26,14,12,9
LS212RG,37,19,18,19
LS212RH,63,21,42,54
LS212RJ,61,27,34,28
LS212RL,60,34,26,44
LS212RN,22,12,10,9
LS212RQ,79,40,39,33
LS212RR,128,64,64,48
LS212RS,46,24,22,22
LS212RT,27,13,14,14
LS212RU,51,26,25,19
LS212RW,98,50,48,42
LS212RX,61,21,40,47
LS212SD,9,6,3,2
LS212SE,38,19,19,19
LS212SF,12,4,8,5
LS212ST,10,5,5,5
LS213AA,5,3,2,2
LS213AB,30,19,11,21
LS213AE,19,11,8,11
LS213AF,8,7,1,5
LS213AG,1,1,0,1
LS213AL,7,6,1,6
LS213AN,19,11,8,8
LS213AP,12,9,3,7
LS213AQ,4,2,2,3
LS213AS,26,14,12,14
LS213AT,37,17,20,17
LS213AY,4,3,1,3
LS213AZ,26,10,16,22
LS213BB,30,17,13,18
LS213BD,32,16,16,15
LS213BE,20,11,9,9
LS213BH,13,5,8,5
LS213BJ,14,5,9,6
LS213BL,15,8,7,6
LS213BN,14,9,5,4
LS213BP,4,3,1,2
LS213BQ,12,8,4,6
LS213BR,24,14,10,10
LS213BS,26,15,11,12
LS213BT,20,9,11,12
LS213BU,45,22,23,19
LS213BW,38,18,20,15
LS213BX,52,30,22,23
LS213BY,21,11,10,7
LS213BZ,11,6,5,8
LS213DB,16,8,8,6
LS213DD,10,6,4,4
LS213DE,6,2,4,3
LS213DF,5,4,1,1
LS213DG,13,7,6,6
LS213DH,4,2,2,2
LS213DJ,26,13,13,8
LS213DL,14,6,8,7
LS213DN,21,12,9,7
LS213DP,8,5,3,2
LS213DQ,3,2,1,2
LS213DS,98,52,46,43
LS213DT,11,5,6,6
LS213DU,9,3,6,5
LS213DW,22,13,9,7
LS213DX,60,29,31,31
LS213DY,76,38,38,33
LS213DZ,18,7,11,11
LS213EA,27,12,15,13
LS213EB,42,20,22,22
LS213EF,17,8,9,12
LS213EG,45,18,27,18
LS213EH,22,9,13,14
LS213EJ,32,14,18,13
LS213EL,44,20,24,19
LS213EN,11,5,6,4
LS213EP,34,15,19,22
LS213EQ,35,16,19,15
LS213ER,21,12,9,11
LS213ES,6,3,3,3
LS213ET,17,7,10,6
LS213EU,18,10,8,6
LS213EW,21,7,14,10
LS213EX,8,4,4,4
LS213EY,16,7,9,7
LS213EZ,2,1,1,1
LS213GY,22,11,11,16
LS213HA,25,11,14,8
LS213HB,28,15,13,11
LS213HE,1,0,1,1
LS213HF,8,4,4,4
LS213HG,24,14,10,14
LS213HH,29,16,13,23
LS213HJ,10,6,4,2
LS213HN,41,24,17,23
LS213HP,2,1,1,1
LS213HR,16,7,9,8
LS213HS,6,3,3,3
LS213HT,13,7,6,6
LS213HU,8,4,4,7
LS213HW,1,1,0,1
LS213HX,67,33,34,26
LS213HY,36,15,21,16
LS213JA,33,12,21,26
LS213JB,19,10,9,9
LS213JD,33,17,16,15
LS213JE,93,43,50,33
LS213JF,35,15,20,24
LS213JG,51,18,33,36
LS213JH,18,6,12,10
LS213JJ,18,9,9,9
LS213JN,4,2,2,3
LS213JP,1,1,0,1
LS213JQ,6,3,3,3
LS213JR,60,29,31,29
LS213JS,9,4,5,3
LS213JT,50,21,29,34
LS213JU,28,16,12,14
LS213JW,23,10,13,16
LS213JX,32,15,17,17
LS213JY,7,3,4,4
LS213JZ,4,2,2,2
LS213LA,8,4,4,3
LS213LB,34,16,18,14
LS213LD,58,27,31,26
LS213LE,153,82,71,73
LS213LF,5,2,3,3
LS213LG,55,29,26,22
LS213LH,63,31,32,25
LS213LJ,125,51,74,40
LS213LL,118,59,59,43
LS213LN,61,31,30,27
LS213LP,87,40,47,44
LS213LQ,8,4,4,3
LS213LR,23,11,12,14
LS213LS,68,28,40,28
LS213LT,160,84,76,65
LS213LU,77,32,45,33
LS213LW,77,31,46,32
LS213LX,130,63,67,44
LS213LY,171,90,81,64
LS213NA,84,42,42,24
LS213NB,42,19,23,19
LS213ND,97,41,56,43
LS213NE,94,43,51,44
LS213NF,35,19,16,13
LS213NJ,41,14,27,30
LS213NP,12,6,6,6
LS213NQ,13,2,11,12
LS213NR,87,44,43,37
LS213NS,74,38,36,34
LS213NT,30,9,21,22
LS213NU,3,2,1,0
LS213NW,44,19,25,40
LS213NY,54,28,26,22
LS213NZ,81,37,44,38
LS213PA,9,4,5,6
LS213PD,12,6,6,8
LS213PE,25,13,12,14
LS213PN,40,22,18,18
LS224AE,3,1,2,2
LS224AF,25,13,12,15
LS224AG,5,4,1,2
LS224AL,4,1,3,3
LS224AN,8,5,3,4
LS224AP,10,5,5,4
LS224AQ,15,9,6,4
LS224AR,7,5,2,3
LS224AS,7,4,3,3
LS224AT,21,12,9,9
LS224AU,31,14,17,13
LS224AW,26,13,13,10
LS224AX,8,2,6,5
LS224AZ,33,13,20,13
LS224BB,7,4,3,3
LS224BD,87,43,44,33
LS224BF,23,10,13,8
LS224BG,10,0,10,0
LS224BH,5,3,2,2
LS224BJ,11,2,9,3
LS224BL,2,1,1,1
LS224BN,3,2,1,1
LS224BP,9,4,5,5
LS224BQ,29,14,15,12
LS224BR,22,10,12,7
LS224BS,14,6,8,7
LS224BT,2,1,1,1
LS224BU,23,11,12,12
LS224BW,5,4,1,2
LS224BX,3,3,0,2
LS224BY,6,4,2,2
LS224BZ,15,7,8,6
LS224DA,50,24,26,28
LS224DB,1,0,1,1
LS224DD,8,3,5,3
LS224DP,4,2,2,1
LS224DS,25,10,15,12
LS224DT,55,30,25,20
LS224DX,8,4,4,2
LS224DY,7,3,4,5
LS224DZ,49,22,27,21
LS224EA,26,16,10,13
LS224EB,49,22,27,22
LS224ED,11,8,3,4
LS224EE,8,4,4,3
LS224EF,25,11,14,11
LS224EG,4,2,2,3
LS224EH,40,21,19,19
LS224EJ,13,7,6,4
LS224EL,20,9,11,9
LS224EN,36,16,20,15
LS224EP,26,11,15,10
LS224EQ,6,3,3,3
LS224ER,7,4,3,3
LS224ES,15,8,7,7
LS224ET,80,35,45,40
LS224EU,14,6,8,5
LS224EW,20,12,8,6
LS224EX,29,13,16,12
LS224EY,4,2,2,1
LS224EZ,12,5,7,6
LS224FH,5,3,2,2
LS224HH,36,16,20,14
LS224HJ,42,19,23,21
LS224HL,27,15,12,12
LS224HN,24,12,12,8
LS224HP,30,16,14,12
LS224HQ,16,8,8,6
LS224HR,44,19,25,15
LS224HS,51,27,24,18
LS224HT,69,31,38,26
LS224HU,8,4,4,2
LS224HW,33,16,17,13
LS224HX,32,17,15,13
LS224HY,18,7,11,11
LS224HZ,40,14,26,6
LS224JB,34,16,18,13
LS224JD,52,26,26,19
LS224JE,7,3,4,3
LS224JF,2,1,1,1
LS224LB,2,1,1,1
LS224TU,6,2,4,4
LS224UA,1,0,1,1
LS224UB,30,16,14,10
LS224UD,11,4,7,5
LS224US,16,11,5,4
LS224UZ,20,10,10,8
LS225AA,38,19,19,14
LS225AB,104,50,54,41
LS225AD,29,16,13,11
LS225AE,10,5,5,6
LS225AF,26,12,14,13
LS225AG,97,48,49,38
LS225AH,29,14,15,14
LS225AJ,74,34,40,27
LS225AL,93,51,42,41
LS225AN,67,30,37,32
LS225AQ,20,11,9,6
LS225AR,2,1,1,1
LS225AS,29,15,14,14
LS225AT,7,4,3,3
LS225AU,54,27,27,24
LS225AW,6,3,3,2
LS225AX,6,3,3,4
LS225AY,25,11,14,10
LS225AZ,12,6,6,5
LS225BA,34,15,19,18
LS225BB,16,6,10,8
LS225BD,45,21,24,16
LS225BE,60,22,38,26
LS225BG,30,15,15,14
LS225BH,86,38,48,44
LS225BJ,36,15,21,20
LS225BL,25,12,13,9
LS225BN,15,8,7,6
LS225BP,9,3,6,5
LS225BQ,44,20,24,21
LS225BS,21,11,10,8
LS225BT,12,5,7,4
LS225BU,85,41,44,33
LS225BW,57,28,29,37
LS225BX,45,25,20,15
LS225BY,87,45,42,29
LS225BZ,59,32,27,24
LS225DD,41,26,15,12
LS225DE,8,4,4,4
LS225DF,26,17,9,9
LS225DG,18,11,7,5
LS225DH,40,24,16,11
LS225DJ,27,15,12,9
LS225DL,27,14,13,10
LS225DN,66,32,34,24
LS225DP,15,7,8,6
LS225DQ,37,22,15,14
LS225DR,2,1,1,1
LS225DS,8,4,4,3
LS225DT,9,5,4,3
LS225DW,17,8,9,7
LS225DX,7,2,5,2
LS225DY,1,1,0,1
LS225DZ,5,3,2,2
LS225EA,5,4,1,2
LS225EB,36,20,16,18
LS225ED,206,203,3,2
LS225EF,4,2,2,1
LS225EG,2,1,1,1
LS225EH,19,12,7,11
LS225EL,1,0,1,1
LS225EN,8,4,4,3
LS225EP,22,11,11,9
LS225EQ,12,7,5,6
LS225ER,97,49,48,33
LS225ES,30,17,13,13
LS225ET,5,1,4,1
LS225EU,15,6,9,6
LS225EW,3,1,2,2
LS225EY,88,45,43,36
LS225EZ,11,7,4,6
LS225FD,8,4,4,4
LS225GZ,7,5,2,4
LS225HA,32,18,14,17
LS225HB,16,8,8,9
LS225HD,7,3,4,3
LS225HE,4,4,0,0
LS225HF,3,1,2,1
LS225HG,1,1,0,1
LS225HH,16,8,8,6
LS225HJ,7,3,4,2
LS225HL,26,17,9,9
LS225HN,11,7,4,5
LS225HP,2,1,1,1
LS225HQ,1,1,0,1
LS225HR,15,8,7,7
LS225HT,32,13,19,13
LS225HU,8,5,3,3
LS225HW,5,2,3,2
LS225HX,4,2,2,2
LS225HY,82,39,43,40
LS225JA,8,4,4,4
LS225JB,11,6,5,5
LS225JD,8,4,4,4
LS225JE,3,2,1,1
LS225JF,3,1,2,1
LS225JH,10,7,3,2
LS225JJ,3,1,2,1
LS225JL,8,3,5,4
LS225JN,34,17,17,16
LS225JP,52,27,25,22
LS225JQ,2,1,1,1
LS225JR,33,16,17,14
LS225JS,16,7,9,11
LS225JT,10,5,5,4
LS225JW,48,27,21,16
LS225JZ,23,6,17,21
LS225LA,102,45,57,52
LS225LB,23,13,10,10
LS225LD,52,25,27,25
LS225LG,22,10,12,6
LS225LH,21,12,9,10
LS225LL,38,19,19,16
LS225LP,84,40,44,35
LS225LQ,11,4,7,3
LS225LR,15,7,8,4
LS225LS,31,18,13,15
LS225LT,33,13,20,13
LS225LU,11,5,6,8
LS225LX,59,28,31,22
LS225LY,33,16,17,13
LS225LZ,46,24,22,16
LS225NA,16,8,8,6
LS225ND,27,12,15,14
LS225NE,12,6,6,6
LS225NF,13,6,7,4
LS225NH,14,4,10,4
LS225NQ,8,4,4,3
LS225NZ,12,5,7,7
LS225PA,10,3,7,5
LS225PB,26,13,13,13
LS225PX,3,2,1,1
LS225PY,23,11,12,11
LS225PZ,19,9,10,7
LS225RA,51,29,22,15
LS225RB,29,14,15,8
LS225RD,53,27,26,20
LS225RE,59,30,29,18
LS225RF,30,10,20,24
LS226AA,37,15,22,15
LS226AB,29,14,15,10
LS226AD,86,40,46,38
LS226AE,28,15,13,16
LS226AF,6,3,3,5
LS226AG,1,0,1,1
LS226AH,5,3,2,2
LS226AJ,3,1,2,1
LS226DP,34,16,18,15
LS226DZ,40,10,30,32
LS226FE,32,14,18,15
LS226FF,8,3,5,4
LS226FG,20,10,10,6
LS226FQ,24,12,12,10
LS226FZ,20,10,10,10
LS226GN,35,15,20,16
LS226GP,47,21,26,31
LS226GQ,12,6,6,6
LS226GR,7,4,3,3
LS226GS,65,29,36,32
LS226GT,90,45,45,31
LS226GX,48,26,22,19
LS226HA,22,11,11,9
LS226HB,40,20,20,15
LS226HD,5,2,3,3
LS226HE,9,5,4,3
LS226HF,15,7,8,8
LS226HG,10,5,5,3
LS226HH,30,16,14,10
LS226HX,20,6,14,12
LS226HY,19,9,10,9
LS226JA,22,12,10,19
LS226JD,5,4,1,5
LS226JG,9,4,5,3
LS226JJ,40,17,23,23
LS226JL,82,41,41,29
LS226JN,81,51,30,33
LS226JP,123,56,67,46
LS226JR,117,48,69,56
LS226JS,7,3,4,3
LS226JT,49,22,27,25
LS226JW,43,20,23,18
LS226JX,155,66,89,63
LS226JY,131,63,68,66
LS226JZ,75,39,36,26
LS226LA,48,24,24,22
LS226LH,27,10,17,21
LS226LL,4,3,1,2
LS226LN,2,2,0,2
LS226LP,4,1,3,3
LS226LQ,4,2,2,2
LS226LR,5,2,3,4
LS226LT,12,9,3,6
LS226NB,30,12,18,20
LS226NE,2,1,1,1
LS226NG,1,1,0,1
LS226NH,76,36,40,40
LS226NJ,29,15,14,15
LS226NN,1,1,0,1
LS226NP,53,26,27,22
LS226NQ,3,2,1,3
LS226NR,13,8,5,8
LS226NU,38,22,16,16
LS226NW,42,17,25,18
LS226NX,28,17,11,11
LS226NY,33,13,20,21
LS226NZ,17,8,9,6
LS226PA,11,5,6,10
LS226PB,14,7,7,10
LS226PD,16,8,8,9
LS226PE,13,6,7,10
LS226PF,10,3,7,4
LS226PG,72,32,40,37
LS226PH,15,9,6,8
LS226PJ,21,9,12,11
LS226PL,25,13,12,7
LS226PN,64,37,27,25
LS226PP,113,57,56,42
LS226PQ,13,4,9,9
LS226PR,41,22,19,20
LS226PS,79,36,43,27
LS226PT,9,4,5,6
LS226PU,31,17,14,14
LS226PW,41,16,25,16
LS226RE,40,17,23,18
LS226RF,7,3,4,3
LS226RG,7,2,5,5
LS226RH,35,14,21,22
LS226RJ,22,7,15,17
LS226RL,35,14,21,24
LS226RN,100,51,49,52
LS226RP,15,8,7,7
LS226RQ,52,18,34,33
LS226RR,67,34,33,30
LS226RS,96,50,46,48
LS226RT,16,9,7,7
LS226RU,20,12,8,7
LS226RW,26,12,14,12
LS226RX,17,11,6,7
LS226RY,32,17,15,12
LS226RZ,8,3,5,5
LS226SA,32,17,15,11
LS226SD,23,12,11,13
LS226SE,87,45,42,34
LS226SF,90,44,46,35
LS226SG,46,24,22,19
LS226SH,20,8,12,9
LS226SJ,4,1,3,1
LS226SL,40,17,23,28
LS226SN,134,62,72,53
LS226SP,119,59,60,47
LS226SQ,37,17,20,16
LS226SS,71,31,40,30
LS226ST,41,22,19,12
LS226SU,6,3,3,2
LS226SW,73,33,40,34
LS226SX,13,9,4,10
LS226SY,13,6,7,9
LS226TA,40,15,25,27
LS226TB,66,33,33,29
LS226TD,43,20,23,18
LS226TE,50,16,34,39
LS226TP,59,20,39,40
LS226TR,20,9,11,14
LS226TT,44,19,25,19
LS226TY,45,22,23,28
LS226TZ,47,22,25,17
LS226UD,16,7,9,7
LS226WA,3,2,1,1
LS226WB,19,10,9,8
LS226WD,69,34,35,23
LS226WE,39,18,21,13
LS226WF,109,49,60,38
LS226WG,114,59,55,43
LS226WH,30,15,15,11
LS226WJ,20,12,8,8
LS226WL,30,13,17,15
LS226WN,25,12,13,11
LS226WQ,24,14,10,9
LS226WW,13,6,7,7
LS226XA,26,12,14,11
LS226XD,49,22,27,24
LS226XE,18,8,10,10
LS226XF,15,7,8,10
LS226XG,14,10,4,10
LS226XH,46,24,22,18
LS226XJ,8,3,5,5
LS226XQ,42,21,21,18
LS226XY,31,15,16,12
LS226XZ,72,33,39,34
LS226YA,60,26,34,28
LS226YE,46,24,22,18
LS226YF,85,46,39,36
LS226YN,11,4,7,6
LS226YP,43,17,26,16
LS226YR,15,5,10,11
LS226YT,101,45,56,44
LS226YU,29,14,15,15
LS226YW,61,29,32,31
LS226YZ,53,24,29,20
LS227AD,12,9,3,3
LS227BB,28,13,15,16
LS227DN,4,2,2,1
LS227FB,90,42,48,37
LS227FD,5,3,2,1
LS227FE,32,12,20,19
LS227FJ,126,61,65,52
LS227FL,12,5,7,12
LS227FP,20,10,10,7
LS227FR,45,20,25,18
LS227FS,36,16,20,16
LS227FT,64,30,34,42
LS227FU,71,31,40,43
LS227FW,27,15,12,10
LS227FX,61,33,28,33
LS227FY,99,50,49,40
LS227FZ,29,15,14,11
LS227GA,45,19,26,22
LS227GB,34,15,19,28
LS227GD,29,14,15,11
LS227GE,32,16,16,17
LS227GF,20,9,11,8
LS227PT,83,44,39,33
LS227PU,116,54,62,53
LS227PX,30,13,17,12
LS227PY,27,13,14,14
LS227PZ,28,14,14,14
LS227QA,25,11,14,11
LS227QB,2,1,1,1
LS227QD,23,13,10,9
LS227QE,47,20,27,21
LS227QF,27,16,11,8
LS227QG,31,16,15,15
LS227QH,13,6,7,5
LS227QJ,47,24,23,20
LS227QL,5,1,4,4
LS227QN,43,20,23,20
LS227QP,57,28,29,18
LS227QQ,31,15,16,8
LS227QR,90,45,45,36
LS227QS,111,54,57,50
LS227QT,89,49,40,33
LS227QU,66,34,32,27
LS227QW,46,17,29,22
LS227QX,32,18,14,13
LS227QY,119,60,59,53
LS227QZ,45,21,24,17
LS227RA,98,47,51,48
LS227RB,51,26,25,17
LS227TE,79,29,50,63
LS227TF,68,17,51,10
LS227TG,97,45,52,43
LS227TH,45,21,24,18
LS227TJ,22,12,10,11
LS227TL,5,3,2,2
LS227TN,7,4,3,3
LS227TQ,16,8,8,8
LS227TS,1,0,1,1
LS227TW,4,1,3,3
LS227UD,53,26,27,17
LS227UE,103,47,56,47
LS227UF,22,10,12,9
LS227UG,23,9,14,10
LS227UH,28,15,13,9
LS227UJ,101,48,53,50
LS227UL,38,18,20,15
LS227UN,35,15,20,13
LS227UP,74,37,37,28
LS227UQ,16,9,7,6
LS227UR,68,38,30,26
LS227UW,24,10,14,13
LS227UY,10,5,5,4
LS227XL,2,1,1,1
LS227XN,134,62,72,54
LS227XP,58,32,26,17
LS227XR,88,47,41,39
LS227XS,41,19,22,14
LS227XT,115,55,60,50
LS227XU,34,17,17,13
LS227XW,41,18,23,15
LS227XX,56,27,29,27
LS227YB,21,10,11,10
LS227YG,22,10,12,8
LS227YH,28,14,14,10
LS227YJ,10,5,5,5
LS227YL,38,20,18,13
LS227YQ,19,10,9,12
LS227YX,14,6,8,8
LS236AA,24,12,12,12
LS236AD,28,13,15,13
LS236AG,23,11,12,12
LS236AH,20,10,10,7
LS236AJ,69,34,35,30
LS236AL,71,30,41,27
LS236AN,6,4,2,3
LS236AP,85,38,47,44
LS236AQ,15,5,10,6
LS236AR,10,3,7,3
LS236AS,21,11,10,14
LS236AT,52,24,28,18
LS236AU,4,1,3,4
LS236AW,5,3,2,2
LS236AX,118,61,57,51
LS236AY,80,41,39,32
LS236AZ,17,9,8,8
LS236BA,62,31,31,30
LS236BB,6,4,2,4
LS236BD,14,8,6,7
LS236BE,46,18,28,12
LS236BF,11,5,6,5
LS236BG,17,11,6,12
LS236BH,13,5,8,6
LS236BJ,19,7,12,12
LS236BL,50,23,27,20
LS236BN,13,6,7,4
LS236BP,34,18,16,19
LS236BQ,19,9,10,10
LS236BR,11,4,7,5
LS236BS,17,9,8,12
LS236BT,10,4,6,5
LS236BU,16,9,7,9
LS236BW,29,13,16,16
LS236BX,24,10,14,10
LS236BY,15,6,9,7
LS236BZ,34,16,18,14
LS236DA,20,6,14,8
LS236DB,42,20,22,14
LS236DD,19,11,8,8
LS236DG,28,13,15,10
LS236DH,25,14,11,12
LS236DJ,2,1,1,1
LS236DL,25,16,9,9
LS236DN,54,26,28,30
LS236DP,18,9,9,6
LS236DQ,68,34,34,29
LS236DR,44,20,24,18
LS236DS,15,9,6,6
LS236DT,27,7,20,22
LS236DU,19,10,9,8
LS236DW,23,13,10,11
LS236DX,89,35,54,21
LS236DY,29,17,12,13
LS236DZ,25,14,11,17
LS236EA,60,29,31,21
LS236EB,23,9,14,14
LS236ED,17,7,10,8
LS236EE,32,14,18,11
LS236EF,42,21,21,18
LS236EG,40,21,19,14
LS236EJ,95,45,50,52
LS236EL,30,16,14,16
LS236EN,88,40,48,46
LS236EP,12,5,7,5
LS236EQ,13,6,7,6
LS236ER,62,30,32,22
LS236ES,13,7,6,5
LS236ET,2,1,1,1
LS236EU,6,2,4,4
LS236EW,1,0,1,1
LS236EX,22,12,10,8
LS236EY,28,16,12,10
LS236EZ,28,16,12,13
LS236FH,7,4,3,2
LS236GH,3,2,1,2
LS236GX,4,2,2,2
LS236GY,6,3,3,2
LS236GZ,6,4,2,3
LS236HA,47,21,26,19
LS236HB,21,7,14,9
LS236HD,10,4,6,6
LS236HE,16,8,8,9
LS236HF,39,19,20,16
LS236HG,53,24,29,23
LS236HJ,58,26,32,25
LS236HL,48,24,24,20
LS236HN,12,6,6,4
LS236HP,11,7,4,5
LS236HQ,31,12,19,14
LS236HR,50,27,23,22
LS236HS,8,3,5,3
LS236HT,24,11,13,10
LS236HU,22,11,11,13
LS236HW,19,8,11,11
LS236HX,24,9,15,10
LS236HY,82,43,39,46
LS236HZ,33,19,14,14
LS236JA,11,3,8,4
LS236JB,70,38,32,28
LS236JD,14,5,9,6
LS236JE,7,1,6,6
LS236JF,56,28,28,26
LS236JG,17,9,8,8
LS236JH,24,10,14,9
LS236JJ,27,12,15,13
LS236JL,8,4,4,2
LS236JN,61,28,33,30
LS236JP,2,1,1,1
LS236JQ,42,20,22,17
LS236JR,3,1,2,2
LS236JS,16,9,7,7
LS236JT,36,20,16,14
LS236JU,13,7,6,6
LS236JW,2,2,0,2
LS236JX,63,31,32,23
LS236JY,36,20,16,15
LS236JZ,81,39,42,46
LS236LA,53,23,30,31
LS236LB,29,12,17,17
LS236LD,28,12,16,11
LS236LE,62,27,35,24
LS236LF,2,1,1,1
LS236LG,7,4,3,2
LS236LH,2,1,1,1
LS236LJ,4,3,1,1
LS236LL,3,1,2,2
LS236LN,2,1,1,1
LS236LQ,12,7,5,3
LS236LR,9,2,7,5
LS236LS,9,6,3,5
LS236LT,16,8,8,8
LS236LU,3,2,1,1
LS236LW,6,4,2,2
LS236LX,16,7,9,4
LS236LY,9,4,5,4
LS236LZ,2,1,1,1
LS236NA,4,2,2,2
LS236NB,2,1,1,1
LS236ND,1,1,0,1
LS236NE,105,53,52,37
LS236NF,2,1,1,2
LS236NG,85,39,46,40
LS236NH,49,24,25,21
LS236NJ,101,42,59,49
LS236NL,31,17,14,12
LS236NN,28,13,15,12
LS236NP,19,7,12,11
LS236NQ,68,36,32,22
LS236NR,76,33,43,31
LS236NS,33,17,16,15
LS236NT,54,18,36,27
LS236NU,61,31,30,27
LS236NW,32,15,17,10
LS236NX,27,12,15,12
LS236NY,10,6,4,4
LS236NZ,5,3,2,1
LS236PA,27,13,14,11
LS236PB,164,80,84,64
LS236PD,78,40,38,35
LS236PE,57,29,28,17
LS236PF,3,1,2,2
LS236PG,41,18,23,26
LS236PH,20,10,10,12
LS236PJ,38,17,21,23
LS236PL,40,18,22,23
LS236PN,57,27,30,28
LS236PP,26,11,15,14
LS236PQ,23,10,13,16
LS236PR,25,10,15,9
LS236PS,30,15,15,12
LS236PT,27,14,13,16
LS236PU,27,10,17,14
LS236PW,13,8,5,5
LS236PX,63,29,34,29
LS236PZ,58,29,29,19
LS236QA,26,10,16,10
LS236QB,12,6,6,7
LS236QD,7,3,4,3
LS236QF,3,2,1,2
LS236QG,25,10,15,9
LS236QH,5,2,3,2
LS236QJ,7,2,5,3
LS236QN,25,13,12,14
LS236QP,22,13,9,9
LS236QQ,53,23,30,25
LS236QR,15,8,7,6
LS236QS,6,3,3,3
LS236QT,38,20,18,21
LS236QU,21,8,13,8
LS236QW,3,2,1,2
LS236QX,18,10,8,6
LS236QY,18,11,7,9
LS236QZ,25,13,12,13
LS236RA,5,3,2,3
LS236RB,30,10,20,17
LS236RD,29,13,16,17
LS236RE,41,22,19,13
LS236RF,26,13,13,9
LS236RG,98,44,54,42
LS236RH,110,46,64,60
LS236RJ,97,43,54,43
LS236RL,38,20,18,14
LS236RN,75,34,41,36
LS236RP,15,7,8,7
LS236RQ,50,21,29,16
LS236RR,6,3,3,3
LS236RS,23,13,10,9
LS236RT,11,7,4,4
LS236RU,23,11,12,13
LS236RX,41,16,25,22
LS236RY,14,7,7,6
LS236RZ,45,19,26,19
LS236SA,46,21,25,16
LS236SB,22,8,14,8
LS236SD,9,4,5,3
LS236SE,36,11,25,32
LS236SF,15,7,8,5
LS236SG,26,13,13,11
LS236SH,4,2,2,3
LS236SL,64,34,30,23
LS236SN,19,9,10,5
LS236SP,20,9,11,7
LS236SQ,19,10,9,8
LS236SR,41,21,20,17
LS236SS,8,3,5,5
LS236ST,23,12,11,9
LS236SU,22,9,13,11
LS236SW,17,8,9,8
LS236SX,9,5,4,3
LS236SY,16,8,8,4
LS236SZ,19,6,13,15
LS236TA,64,31,33,37
LS236TB,11,4,7,4
LS236TD,17,8,9,4
LS236TE,10,5,5,6
LS236TF,11,4,7,4
LS236TG,43,23,20,19
LS236TH,23,13,10,6
LS236TL,34,17,17,12
LS236TN,14,8,6,5
LS236TP,9,3,6,3
LS236TQ,51,19,32,18
LS236TR,11,5,6,9
LS236TT,13,5,8,4
LS236TW,4,2,2,2
LS236UW,15,7,8,4
LS236WB,15,8,7,5
LS236WD,9,5,4,3
LS236WH,42,24,18,14
LS236ZA,5,2,3,2
LS237AA,11,6,5,3
LS237AB,29,14,15,17
LS237AD,3,2,1,1
LS237AE,32,17,15,11
LS237AF,13,5,8,5
LS237AG,47,22,25,18
LS237AH,4,3,1,1
LS237AJ,8,4,4,2
LS237AL,3,2,1,1
LS237AN,72,33,39,29
LS237AP,46,24,22,14
LS237AR,26,14,12,13
LS237AS,11,5,6,4
LS237AW,14,6,8,5
LS237AZ,813,808,5,0
LS237BA,14,6,8,6
LS237BB,48,23,25,22
LS237BE,27,13,14,10
LS237BG,9,4,5,5
LS237BL,74,34,40,22
LS237BN,27,11,16,8
LS237BP,27,14,13,13
LS237DA,35,22,13,12
LS237DE,2,1,1,1
LS237DF,9,4,5,3
LS237DH,6,4,2,2
LS237DJ,70,30,40,29
LS237DL,15,8,7,6
LS237DN,2,1,1,1
LS237DP,8,3,5,2
LS237DQ,53,28,25,27
LS237DR,13,8,5,6
LS237DS,7,3,4,3
LS237DW,10,5,5,6
LS237DX,22,10,12,12
LS237DZ,21,9,12,16
LS237ED,12,5,7,5
LS237EJ,45,23,22,21
LS237RA,110,55,55,50
LS237RB,8,4,4,5
LS248AA,14,7,7,8
LS248AB,2,0,2,2
LS248AD,34,15,19,18
LS248AE,33,18,15,15
LS248AF,68,35,33,29
LS248AG,87,41,46,33
LS248AH,55,30,25,26
LS248AJ,18,11,7,8
LS248AL,75,39,36,26
LS248AN,87,46,41,38
LS248AP,30,15,15,14
LS248AQ,76,36,40,32
LS248AR,54,28,26,26
LS248AS,25,11,14,13
LS248AT,57,26,31,21
LS248AU,72,35,37,29
LS248AW,79,42,37,32
LS248AX,93,44,49,38
LS248AY,103,53,50,40
LS248AZ,50,26,24,19
LS248BA,69,34,35,38
LS248BB,48,25,23,22
LS248BD,61,29,32,24
LS248BE,2,1,1,2
LS248BF,9,4,5,3
LS248BG,90,44,46,35
LS248BH,2,1,1,1
LS248BJ,10,6,4,3
LS248BL,3,1,2,1
LS248BN,5,2,3,3
LS248BP,9,5,4,4
LS248BQ,63,29,34,28
LS248BS,16,10,6,5
LS248BT,3,1,2,1
LS248BU,6,3,3,2
LS248BW,14,9,5,7
LS248BX,8,4,4,3
LS248BY,3,2,1,2
LS248BZ,5,3,2,1
LS248DA,5,1,4,2
LS248DB,32,17,15,15
LS248DD,5,2,3,2
LS248DE,9,5,4,2
LS248DF,20,11,9,8
LS248DG,9,4,5,4
LS248DH,30,16,14,11
LS248DJ,1,0,1,1
LS248DN,24,14,10,16
LS248DP,65,33,32,27
LS248DQ,3,2,1,2
LS248DU,13,6,7,4
LS248DW,106,51,55,52
LS248DX,11,5,6,3
LS248DY,14,7,7,4
LS248DZ,6,3,3,4
LS248EA,4,2,2,1
LS248EB,4,2,2,2
LS248ED,6,4,2,2
LS248EE,3,1,2,2
LS248EF,3,2,1,1
LS248EG,21,13,8,3
LS248EH,2,1,1,1
LS248EJ,11,4,7,4
LS248EL,4,1,3,1
LS248EN,8,4,4,3
LS248EP,95,49,46,41
LS248EQ,16,10,6,5
LS248ER,8,5,3,2
LS248ES,1,0,1,1
LS248ET,24,11,13,6
LS248EU,19,9,10,7
LS248EW,7,3,4,2
LS248EX,43,16,27,21
LS248EY,50,25,25,24
LS248EZ,82,39,43,33
LS248HA,8,4,4,4
LS248HB,3,1,2,1
LS248HD,2,2,0,1
LS248HE,52,29,23,22
LS248HG,13,7,6,5
LS248HJ,60,27,33,24
LS248HL,19,10,9,9
LS248HP,82,38,44,36
LS248HQ,8,5,3,2
LS248HR,66,32,34,28
LS248HS,15,8,7,5
LS248HT,50,20,30,31
LS248HU,50,23,27,27
LS248HW,88,44,44,36
LS248HY,32,17,15,14
LS248HZ,16,8,8,6
LS248JA,11,5,6,6
LS248JD,31,18,13,12
LS248JE,13,6,7,5
LS248JF,135,60,75,59
LS248JJ,10,5,5,3
LS248JQ,11,6,5,4
LS248JS,36,19,17,12
LS248JT,24,11,13,9
LS248JU,42,21,21,16
LS248JX,76,40,36,27
LS248LA,2,1,1,1
LS248LX,5,3,2,2
LS248LY,37,21,16,14
LS248LZ,9,6,3,3
LS248NA,39,18,21,16
LS249AB,15,8,7,5
LS249AD,8,4,4,5
LS249AE,3,2,1,1
LS249AL,3,3,0,3
LS249AQ,3,1,2,2
LS249AR,3,1,2,2
LS249AS,26,15,11,17
LS249AT,6,3,3,4
LS249AW,2,1,1,1
LS249AY,13,5,8,6
LS249BA,13,9,4,5
LS249BB,40,14,26,14
LS249BD,16,11,5,4
LS249BE,5,2,3,1
LS249BF,3,1,2,1
LS249BH,18,9,9,7
LS249BJ,90,46,44,33
LS249BL,15,7,8,6
LS249BN,14,8,6,5
LS249BP,12,7,5,9
LS249BQ,10,5,5,4
LS249BR,55,28,27,22
LS249BS,19,8,11,9
LS249BT,39,17,22,16
LS249BU,7,3,4,3
LS249BW,31,17,14,13
LS249BX,2,1,1,1
LS249BY,9,4,5,3
LS249DA,1,1,0,1
LS249DB,44,19,25,22
LS249DD,75,32,43,25
LS249DE,13,7,6,6
LS249DF,4,2,2,1
LS249DG,7,5,2,3
LS249DH,21,12,9,9
LS249DJ,23,10,13,9
LS249DL,53,29,24,19
LS249DP,49,24,25,20
LS249DQ,11,5,6,4
LS249DR,3,2,1,2
LS249DS,3,2,1,2
LS249DT,11,6,5,8
LS249DU,122,56,66,40
LS249DW,92,50,42,37
LS249DY,26,13,13,9
LS249DZ,21,11,10,8
LS249EA,2,1,1,1
LS249EB,6,2,4,1
LS249ED,1,1,0,1
LS249EE,67,33,34,28
LS249EF,11,5,6,6
LS249EG,69,38,31,24
LS249EH,4,3,1,1
LS249EJ,4,2,2,1
LS249EL,4,3,1,1
LS249EN,2,1,1,1
LS249EP,3,0,3,2
LS249EQ,5,2,3,2
LS249ER,15,8,7,5
LS249ES,5,2,3,3
LS249ET,19,8,11,11
LS249EU,2,2,0,1
LS249EX,20,10,10,6
LS249EY,7,3,4,3
LS249FD,35,19,16,22
LS249GZ,101,56,45,47
LS249HA,35,17,18,15
LS249HB,38,18,20,16
LS249HD,40,22,18,22
LS249HE,148,81,67,60
LS249HF,56,24,32,24
LS249HG,58,28,30,24
LS249HH,115,61,54,40
LS249HJ,103,47,56,59
LS249HL,70,33,37,29
LS249HN,7,3,4,4
LS249HP,60,25,35,35
LS249HR,34,16,18,18
LS249HS,61,26,35,33
LS249HT,17,9,8,11
LS249HU,99,52,47,54
LS249HW,89,33,56,45
LS249HX,21,9,12,13
LS249HY,67,26,41,46
LS249HZ,22,7,15,17
LS249JB,16,6,10,9
LS249JD,5,2,3,4
LS249JE,34,16,18,10
LS249JG,34,14,20,12
LS249JH,94,43,51,34
LS249JJ,31,15,16,14
LS249JL,72,39,33,26
LS249JN,51,27,24,22
LS249JP,52,28,24,20
LS249JQ,83,43,40,35
LS249JR,62,30,32,19
LS249JS,32,18,14,12
LS249JT,9,4,5,4
LS249JU,128,60,68,47
LS249JW,22,13,9,9
LS249JX,89,53,36,30
LS249JY,63,27,36,25
LS249JZ,9,4,5,0
LS249LA,96,53,43,34
LS249LB,64,33,31,26
LS249LD,85,42,43,33
LS249LE,80,35,45,42
LS249LF,22,11,11,8
LS249LG,116,56,60,44
LS249LH,38,21,17,14
LS249LJ,68,33,35,33
LS249LL,48,20,28,25
LS249LN,86,41,45,37
LS249LP,34,17,17,11
LS249LQ,32,15,17,16
LS249LR,25,13,12,10
LS249LS,89,44,45,31
LS249LT,53,27,26,22
LS249LW,30,13,17,23
LS249LX,86,44,42,35
LS249LY,25,11,14,6
LS249LZ,6,3,3,1
LS249NA,6,3,3,2
LS249ND,40,19,21,12
LS249NE,22,11,11,8
LS249NF,41,17,24,13
LS249NG,21,10,11,9
LS249NH,27,17,10,10
LS249NJ,18,11,7,8
LS249NL,2,1,1,1
LS249NN,2,1,1,1
LS249NP,6,3,3,4
LS249NQ,17,7,10,5
LS249NR,8,4,4,3
LS249NS,3,2,1,1
LS249NT,13,9,4,8
LS249NU,18,10,8,5
LS249NW,2,1,1,1
LS249NX,54,32,22,35
LS249NY,114,49,65,67
LS249NZ,39,22,17,15
LS249PB,61,30,31,29
LS249PD,54,30,24,16
LS249PE,3,1,2,1
LS249PF,11,4,7,5
LS249PG,77,32,45,18
LS249PH,77,37,40,36
LS249PJ,32,18,14,17
LS249PL,47,15,32,18
LS249PN,34,17,17,12
LS249PP,2,1,1,1
LS249PQ,35,18,17,16
LS249PR,65,34,31,27
LS249PS,12,5,7,4
LS249PT,12,4,8,6
LS249PU,2,1,1,1
LS249PW,5,2,3,2
LS249PX,57,29,28,20
LS249PY,50,24,26,25
LS249PZ,13,6,7,4
LS249QA,8,5,3,3
LS249QB,5,1,4,2
LS249QD,49,24,25,19
LS249QE,27,14,13,11
LS249QF,29,14,15,10
LS249QG,17,7,10,7
LS249QH,16,9,7,5
LS249QJ,3,2,1,1
LS249QL,13,8,5,7
LS249QP,29,13,16,11
LS249QQ,1,1,0,1
LS249QR,46,22,24,17
LS249QS,28,14,14,13
LS249QT,16,5,11,6
LS249QU,18,9,9,8
LS249QW,71,37,34,26
LS249QX,2,0,2,1
LS249QY,9,4,5,4
LS249QZ,2,0,2,2
LS249RA,89,46,43,33
LS249RB,83,35,48,33
LS249RD,56,29,27,26
LS249RF,101,46,55,37
LS249RG,18,8,10,7
LS249RH,25,13,12,11
LS249RJ,34,15,19,11
LS249RL,80,37,43,39
LS249RN,16,8,8,9
LS249RP,12,4,8,6
LS249RQ,46,18,28,17
LS249RR,36,22,14,11
LS249RS,22,11,11,6
LS249RT,16,7,9,7
LS249RU,105,53,52,43
LS249RW,19,10,9,6
LS249RX,31,14,17,10
LS249RY,93,43,50,28
LS249RZ,43,23,20,15
LS249SA,2,0,2,1
LS249SB,2,1,1,1
LS249SF,24,10,14,9
LS249SJ,84,36,48,41
LS249SN,70,34,36,40
LS249SP,72,31,41,48
LS249SR,41,18,23,25
LS249SS,61,32,29,23
LS249ST,2,1,1,1
LS249SU,45,25,20,15
LS249SW,74,37,37,41
LS249SX,13,6,7,5
LS249SY,9,5,4,3
LS249SZ,10,6,4,5
LS249TA,25,13,12,8
LS249TB,24,13,11,9
LS249TD,6,3,3,3
LS249TF,9,5,4,3
LS249TH,38,23,15,13
LS249TJ,36,18,18,14
LS249TL,54,25,29,20
LS249TN,8,5,3,2
LS249TP,44,25,19,13
LS249TQ,21,11,10,7
LS249TS,4,1,3,1
LS249TT,9,5,4,4
LS249TU,3,2,1,2
LS249TW,20,10,10,6
LS249TX,6,3,3,3
LS249TY,16,8,8,6
LS249TZ,4,3,1,1
LS249UA,23,9,14,13
LS249UB,19,8,11,11
LS249UD,22,10,12,11
LS249UE,25,11,14,8
LS249UF,8,4,4,3
LS249UG,84,39,45,30
LS249UH,31,15,16,12
LS249UJ,8,3,5,2
LS249UL,8,5,3,2
LS249UN,18,11,7,6
LS249UQ,6,4,2,3
LS249US,227,103,124,79
LS249UT,43,21,22,15
LS249UW,10,5,5,7
LS249WA,59,27,32,23
LS249WD,51,23,28,20
LS249WE,12,6,6,4
LS249WF,17,9,8,5
LS251AA,2,1,1,2
LS251AD,153,76,77,61
LS251AF,22,4,18,11
LS251AG,4,2,2,2
LS251AH,13,5,8,8
LS251AJ,11,6,5,6
LS251AL,26,13,13,11
LS251AN,61,27,34,27
LS251AP,54,26,28,25
LS251AQ,2,0,2,2
LS251AR,72,35,37,27
LS251AS,14,8,6,4
LS251AT,88,42,46,32
LS251AU,102,52,50,41
LS251AW,34,16,18,18
LS251AX,84,41,43,32
LS251AY,16,6,10,8
LS251AZ,86,44,42,36
LS251BD,8,3,5,3
LS251BE,122,54,68,50
LS251BF,124,56,68,57
LS251BG,99,50,49,44
LS251BH,51,23,28,26
LS251BJ,52,25,27,23
LS251BL,32,14,18,20
LS251BN,36,16,20,23
LS251BP,77,37,40,31
LS251BQ,11,5,6,4
LS251BR,72,35,37,40
LS251BS,27,13,14,20
LS251BT,63,27,36,28
LS251BU,46,20,26,25
LS251BW,46,19,27,25
LS251BX,95,46,49,43
LS251BY,78,35,43,35
LS251BZ,82,41,41,37
LS251DA,78,37,41,32
LS251DB,67,32,35,30
LS251DD,61,33,28,28
LS251DE,42,20,22,20
LS251DF,27,10,17,11
LS251DG,56,28,28,23
LS251DH,82,37,45,37
LS251DJ,51,24,27,20
LS251DL,62,29,33,27
LS251DN,63,30,33,27
LS251DP,6,3,3,3
LS251DQ,53,15,38,21
LS251DS,2,2,0,2
LS251DW,13,7,6,6
LS251DX,61,33,28,20
LS251DY,84,36,48,39
LS251DZ,165,75,90,77
LS251EA,9,3,6,4
LS251EB,18,6,12,9
LS251ED,83,45,38,41
LS251EE,126,61,65,68
LS251EF,120,60,60,40
LS251EG,90,45,45,38
LS251EH,48,21,27,14
LS251EJ,49,27,22,19
LS251EL,18,8,10,8
LS251EN,144,70,74,62
LS251EP,39,13,26,10
LS251EQ,64,22,42,19
LS251ES,39,20,19,16
LS251ET,58,24,34,49
LS251EU,56,34,22,34
LS251EW,97,49,48,41
LS251EZ,2,1,1,1
LS251HA,42,18,24,16
LS251HB,19,9,10,7
LS251HD,88,46,42,37
LS251HE,15,8,7,6
LS251HF,80,45,35,33
LS251HG,55,13,42,28
LS251HH,24,11,13,7
LS251HJ,33,16,17,15
LS251HL,12,8,4,5
LS251HN,121,64,57,61
LS251HP,59,25,34,29
LS251HQ,47,27,20,18
LS251HR,29,16,13,15
LS251HS,53,24,29,24
LS251HT,53,23,30,22
LS251HU,21,7,14,10
LS251HW,8,3,5,2
LS251HX,39,21,18,14
LS251HY,52,23,29,25
LS251HZ,23,12,11,11
LS251JA,14,6,8,8
LS251JB,47,19,28,37
LS251JD,65,30,35,28
LS251JE,19,7,12,10
LS251JF,27,16,11,14
LS251JG,34,13,21,18
LS251JH,5,2,3,3
LS251JJ,56,26,30,26
LS251JL,28,12,16,17
LS251JN,25,12,13,9
LS251JP,15,6,9,8
LS251JQ,59,23,36,32
LS251JR,18,9,9,8
LS251JS,13,6,7,4
LS251JT,33,13,20,17
LS251JU,35,19,16,15
LS251JW,89,43,46,44
LS251JX,35,16,19,18
LS251JY,64,25,39,23
LS251JZ,79,37,42,30
LS251LA,54,28,26,28
LS251LB,24,13,11,9
LS251LD,40,19,21,20
LS251LE,31,11,20,20
LS251LF,15,8,7,6
LS251LG,33,12,21,19
LS251LH,1,1,0,0
LS251LJ,4,3,1,2
LS251LL,72,27,45,27
LS251LN,6,3,3,3
LS251LP,35,21,14,12
LS251LQ,29,7,22,25
LS251LR,67,33,34,25
LS251LS,46,27,19,19
LS251LT,25,14,11,9
LS251LW,18,10,8,8
LS251LZ,19,8,11,9
LS251NA,1,1,0,1
LS251NB,5,2,3,2
LS251ND,44,21,23,14
LS251NE,52,20,32,18
LS251NF,2,1,1,2
LS251NG,45,21,24,18
LS251NH,28,15,13,12
LS251NJ,27,9,18,17
LS251NL,16,9,7,10
LS251NP,11,4,7,4
LS251NQ,2,1,1,1
LS251NR,24,11,13,6
LS251NS,66,33,33,25
LS251NT,23,14,9,6
LS251NU,26,14,12,13
LS251NW,88,34,54,20
LS251PB,20,14,6,13
LS251PD,13,7,6,5
LS251PE,26,14,12,13
LS251PF,103,44,59,44
LS251PG,12,5,7,9
LS251PH,31,12,19,13
LS251PJ,29,17,12,14
LS251PL,48,22,26,20
LS251PN,72,37,35,30
LS251PP,28,12,16,11
LS251PQ,60,31,29,25
LS251PR,78,39,39,32
LS251PS,49,23,26,20
LS251PT,17,5,12,9
LS251PU,72,24,48,31
LS251PW,79,41,38,35
LS251PX,7,3,4,2
LS251PY,16,11,5,6
LS251PZ,38,16,22,16
LS251QB,5,1,4,4
LS251QD,30,13,17,16
LS251QF,1,1,0,1
LS251QG,15,7,8,10
LS251QJ,36,17,19,16
LS251QL,26,15,11,9
LS251QN,18,8,10,7
LS251QT,50,26,24,24
LS252AA,4,2,2,2
LS252AB,9,5,4,3
LS252AF,22,10,12,6
LS252AG,6,3,3,3
LS252AH,5,3,2,2
LS252AJ,21,10,11,13
LS252AN,43,21,22,22
LS252AP,98,42,56,41
LS252AQ,16,11,5,6
LS252AR,154,78,76,61
LS252AS,55,27,28,22
LS252AT,82,40,42,33
LS252AU,59,29,30,24
LS252AW,96,52,44,38
LS252AX,47,21,26,20
LS252AY,88,41,47,30
LS252AZ,76,40,36,30
LS252BA,59,26,33,23
LS252BB,91,45,46,36
LS252BD,107,42,65,38
LS252BE,24,12,12,8
LS252BG,21,8,13,9
LS252BH,92,45,47,35
LS252BJ,119,60,59,41
LS252BL,42,21,21,20
LS252BN,63,27,36,25
LS252BP,89,38,51,31
LS252BQ,110,58,52,39
LS252BR,96,48,48,39
LS252BS,60,33,27,26
LS252BT,16,7,9,7
LS252BU,49,22,27,20
LS252BW,33,15,18,16
LS252BX,25,10,15,12
LS252BY,41,21,20,17
LS252BZ,63,30,33,27
LS252DA,37,17,20,15
LS252DB,29,15,14,12
LS252DD,92,44,48,42
LS252DE,19,10,9,10
LS252DG,11,5,6,4
LS252DH,8,5,3,3
LS252DJ,6,4,2,1
LS252DL,9,5,4,4
LS252DN,12,7,5,6
LS252DQ,14,8,6,5
LS252DR,2,0,2,1
LS252DS,3,1,2,1
LS252DT,4,1,3,1
LS252DU,9,6,3,4
LS252DW,4,1,3,1
LS252DY,3,1,2,1
LS252EA,21,10,11,9
LS252EB,1,1,0,1
LS252ED,81,35,46,28
LS252EE,53,22,31,23
LS252EF,56,27,29,23
LS252EG,17,7,10,7
LS252EH,89,41,48,38
LS252EJ,61,33,28,24
LS252EL,28,15,13,10
LS252EN,190,93,97,67
LS252EP,70,37,33,27
LS252EQ,18,9,9,6
LS252ER,80,36,44,31
LS252EU,140,57,83,69
LS252EW,23,12,11,8
LS252EX,52,23,29,27
LS252EY,49,21,28,25
LS252EZ,47,20,27,23
LS252GH,5,1,4,2
LS252HA,55,21,34,32
LS252HD,71,36,35,24
LS252HE,16,7,9,7
LS252HF,4,3,1,1
LS252HJ,4,1,3,1
LS252HL,15,10,5,7
LS252HN,15,10,5,8
LS252HQ,1,1,0,1
LS252HS,19,11,8,9
LS252HT,16,8,8,6
LS252HU,15,8,7,8
LS252HW,3,2,1,1
LS252HX,7,2,5,3
LS252HY,12,5,7,6
LS252HZ,60,29,31,21
LS252JA,26,16,10,10
LS252JB,33,15,18,12
LS252JD,79,40,39,35
LS252JE,102,55,47,34
LS252JF,93,42,51,34
LS252JG,57,31,26,24
LS252JH,17,8,9,6
LS252JJ,77,44,33,28
LS252JL,31,17,14,11
LS252JN,61,29,32,27
LS252JP,61,33,28,22
LS252JQ,102,53,49,34
LS252JR,79,46,33,26
LS252JS,60,32,28,22
LS252JT,52,24,28,22
LS252JU,18,10,8,7
LS252JW,41,19,22,13
LS252JX,1,1,0,1
LS252JY,4,2,2,1
LS252JZ,55,27,28,22
LS252LA,92,45,47,33
LS252LB,50,25,25,17
LS252LE,54,24,30,20
LS252LF,43,24,19,16
LS252LG,23,10,13,10
LS252LH,37,21,16,13
LS252LJ,91,39,52,36
LS252LL,4,3,1,1
LS252LN,66,35,31,21
LS252LP,37,14,23,14
LS252LQ,101,49,52,35
LS252LR,40,23,17,14
LS252LS,44,16,28,16
LS252LT,35,14,21,17
LS252LU,59,29,30,25
LS252LW,61,30,31,23
LS252LX,22,12,10,10
LS252LY,126,59,67,53
LS252LZ,51,26,25,22
LS252NB,40,20,20,15
LS252ND,57,30,27,27
LS252NE,59,27,32,30
LS252NF,48,26,22,20
LS252NG,57,26,31,23
LS252NH,128,61,67,47
LS252NJ,98,48,50,34
LS252NL,44,19,25,17
LS252NN,63,35,28,23
LS252NP,74,34,40,30
LS252NQ,55,19,36,25
LS252NR,23,12,11,9
LS252NS,32,16,16,11
LS252NT,127,63,64,42
LS252NU,78,38,40,31
LS252NW,32,14,18,13
LS252NX,34,18,16,11
LS252NY,4,2,2,1
LS252PA,56,27,29,37
LS252PB,40,13,27,28
LS252PD,7,2,5,5
LS252PE,48,24,24,15
LS252PF,42,24,18,14
LS252PG,40,21,19,12
LS252PH,21,11,10,6
LS252PJ,31,16,15,9
LS252PL,31,14,17,8
LS252PN,87,46,41,21
LS252PQ,16,9,7,5
LS252PS,118,58,60,42
LS252PT,26,14,12,8
LS252QQ,26,11,15,20
LS253AA,34,15,19,14
LS253AB,15,9,6,7
LS253AD,6,4,2,3
LS253AE,50,24,26,18
LS253AF,18,7,11,9
LS253AH,81,42,39,32
LS253AJ,5,2,3,3
LS253AL,11,7,4,3
LS253AN,61,30,31,25
LS253AP,78,42,36,28
LS253AR,66,32,34,27
LS253AS,36,18,18,13
LS253AT,45,23,22,18
LS253AU,11,6,5,7
LS253AW,43,18,25,19
LS253AX,21,10,11,14
LS253AY,68,32,36,27
LS253AZ,83,41,42,30
LS253BA,8,4,4,5
LS253BB,1,0,1,1
LS253BD,16,7,9,7
LS253BE,1,1,0,1
LS253BH,53,28,25,20
LS253BL,5,3,2,2
LS253BN,5,2,3,2
LS253BP,22,9,13,11
LS253BQ,25,14,11,10
LS253BR,5,3,2,3
LS253BS,39,19,20,13
LS253BT,4,3,1,3
LS253BU,14,6,8,6
LS253BW,30,15,15,20
LS253BX,41,17,24,29
LS253DA,82,41,41,32
LS253DB,7,2,5,2
LS253DD,53,27,26,17
LS253DE,19,8,11,10
LS253DG,5,2,3,3
LS253DH,2,1,1,1
LS253DJ,1,0,1,1
LS253DL,8,4,4,3
LS253DN,9,3,6,3
LS253DP,32,15,17,15
LS253DQ,2,1,1,1
LS253DR,7,4,3,3
LS253DS,13,7,6,4
LS253DT,4,1,3,1
LS253DX,2,1,1,1
LS253DY,6,4,2,3
LS253DZ,3,1,2,2
LS253EB,16,9,7,6
LS253ED,8,2,6,2
LS253EE,23,11,12,10
LS253EF,12,8,4,4
LS253EG,7,4,3,3
LS253EH,5,2,3,2
LS253EJ,8,4,4,5
LS253EL,2,1,1,1
LS253EN,51,24,27,20
LS253EP,71,37,34,36
LS253EQ,5,2,3,2
LS253ER,13,5,8,4
LS253ES,11,6,5,4
LS253EW,25,11,14,12
LS254AA,2,1,1,1
LS254AB,166,85,81,58
LS254AD,233,110,123,81
LS254AE,6,3,3,3
LS254AF,38,20,18,16
LS254AG,69,38,31,36
LS254AH,8,3,5,2
LS254AJ,9,5,4,4
LS254AL,9,6,3,2
LS254AN,2,1,1,1
LS254AP,111,56,55,43
LS254AQ,47,22,25,17
LS254AR,58,34,24,24
LS254AS,35,15,20,14
LS254AT,46,23,23,18
LS254AU,64,35,29,26
LS254AW,82,40,42,45
LS254AX,60,29,31,31
LS254AY,27,15,12,14
LS254AZ,64,30,34,35
LS254BA,2,1,1,1
LS254BB,2,1,1,1
LS254BD,1,0,1,1
LS254BE,6,3,3,4
LS254BF,10,4,6,6
LS254BG,6,3,3,2
LS254BH,8,5,3,5
LS254BJ,4,2,2,3
LS254BL,9,6,3,3
LS254BN,3,1,2,1
LS254BP,6,4,2,2
LS254BQ,3,2,1,2
LS254BR,5,3,2,2
LS254BS,3,2,1,2
LS254BT,9,3,6,3
LS254BU,2,1,1,1
LS254BW,3,2,1,2
LS254BX,10,5,5,5
LS254BY,9,4,5,3
LS254BZ,47,19,28,34
LS254DB,94,48,46,45
LS254DD,2,1,1,1
LS254DE,47,23,24,25
LS254DF,64,34,30,29
LS254DG,37,16,21,18
LS254DJ,42,20,22,21
LS254DL,5,2,3,1
LS254DP,83,40,43,30
LS254DQ,73,40,33,27
LS254DR,55,28,27,23
LS254DS,55,34,21,22
LS254DT,36,18,18,13
LS254DU,6,4,2,3
LS254DX,26,14,12,16
LS254DZ,2,1,1,1
LS254EA,14,9,5,8
LS254ED,5,1,4,3
LS254EE,5,3,2,2
LS255AA,65,30,35,32
LS255AB,17,7,10,9
LS255AD,19,9,10,12
LS255AF,53,24,29,21
LS255AG,2,1,1,1
LS255AH,20,13,7,6
LS255AJ,18,10,8,5
LS255AL,13,8,5,5
LS255AN,21,9,12,10
LS255AP,81,40,41,30
LS255AQ,117,58,59,54
LS255AR,62,23,39,23
LS255AS,68,32,36,28
LS255AU,118,52,66,49
LS255AW,73,40,33,32
LS255AX,79,40,39,38
LS255AY,60,29,31,25
LS255AZ,34,14,20,25
LS255BA,45,20,25,19
LS255BB,47,23,24,14
LS255BD,13,6,7,7
LS255BE,12,5,7,5
LS255BF,49,30,19,21
LS255BG,11,4,7,4
LS255BH,28,14,14,15
LS255BJ,39,21,18,15
LS255BL,7,3,4,3
LS255BN,20,9,11,8
LS255BP,51,27,24,20
LS255BQ,34,19,15,12
LS255BR,6,3,3,4
LS255BS,4,3,1,3
LS255BT,46,25,21,21
LS255BU,48,24,24,25
LS255BW,8,4,4,4
LS255BX,8,5,3,3
LS255BY,13,6,7,7
LS255BZ,3,2,1,1
LS255DA,23,9,14,13
LS255DD,7,5,2,3
LS255DE,8,5,3,4
LS255DF,9,5,4,4
LS255DG,16,8,8,7
LS255DH,13,7,6,3
LS255DN,11,6,5,6
LS255DP,12,5,7,6
LS255DQ,4,2,2,2
LS255DR,4,2,2,2
LS255DS,21,11,10,8
LS255DT,3,0,3,2
LS255DU,97,52,45,44
LS255DW,4,2,2,2
LS255DX,10,3,7,3
LS255DY,33,13,20,15
LS255DZ,28,13,15,11
LS255EA,21,10,11,10
LS255EB,68,32,36,25
LS255ED,115,54,61,53
LS255EE,7,3,4,4
LS255EF,58,28,30,20
LS255EG,47,25,22,20
LS255EH,8,4,4,2
LS255EJ,8,3,5,3
LS255EL,15,8,7,4
LS255EP,6,5,1,2
LS255EQ,24,11,13,8
LS255ER,32,12,20,13
LS255ES,11,6,5,4
LS255ET,7,4,3,3
LS255EU,19,10,9,9
LS255EW,4,2,2,1
LS255EX,40,18,22,19
LS255EY,29,15,14,11
LS255EZ,84,39,45,32
LS255FE,9,3,6,3
LS255GA,14,7,7,4
LS255GB,64,29,35,26
LS255GD,27,16,11,12
LS255GE,98,47,51,40
LS255GF,24,10,14,10
LS255GG,52,23,29,17
LS255GZ,19,11,8,8
LS255HA,23,12,11,8
LS255HB,21,9,12,9
LS255HD,31,14,17,14
LS255HE,29,15,14,11
LS255HF,11,5,6,4
LS255HG,28,17,11,11
LS255HH,66,33,33,24
LS255HJ,35,20,15,14
LS255HL,55,30,25,21
LS255HN,19,10,9,6
LS255HP,80,37,43,33
LS255HQ,15,9,6,6
LS255HR,10,6,4,4
LS255HS,18,10,8,6
LS255HT,4,2,2,1
LS255HU,21,14,7,9
LS255HW,17,13,4,6
LS255HX,3,1,2,2
LS255HY,6,3,3,3
LS255HZ,72,35,37,24
LS255JA,116,52,64,50
LS255JB,1,1,0,1
LS255JD,4,2,2,2
LS255JE,16,9,7,5
LS255JF,24,11,13,9
LS255JG,2,1,1,1
LS255JH,5,2,3,3
LS255JJ,1,1,0,1
LS255JL,8,4,4,4
LS255JN,5,3,2,3
LS255JP,7,3,4,3
LS255JQ,17,7,10,7
LS255JR,34,20,14,20
LS255JS,49,20,29,19
LS255JT,26,11,15,15
LS255JU,30,17,13,14
LS255JW,26,15,11,11
LS255JX,32,13,19,10
LS255JY,54,26,28,24
LS255LD,6,2,4,4
LS255LE,4,1,3,3
LS255LF,5,3,2,0
LS255LG,6,3,3,2
LS255LH,5,3,2,3
LS255LJ,13,4,9,4
LS255LL,17,9,8,9
LS255LN,13,2,11,11
LS255LP,40,22,18,15
LS255LQ,11,3,8,5
LS255LR,22,12,10,8
LS255LS,7,3,4,3
LS255LT,5,3,2,3
LS255LU,1,1,0,1
LS255LW,21,11,10,8
LS255LZ,26,15,11,10
LS255NA,36,20,16,14
LS255NB,13,6,7,4
LS255ND,28,15,13,16
LS255NE,28,13,15,14
LS255NF,28,15,13,16
LS255NG,45,21,24,20
LS255NH,46,23,23,14
LS255NL,15,8,7,4
LS255NN,59,30,29,26
LS255NP,40,20,20,18
LS255NQ,5,3,2,3
LS255NR,30,15,15,9
LS255NS,21,11,10,10
LS255NT,48,23,25,22
LS255NU,11,5,6,3
LS255NW,12,5,7,5
LS255NX,5,2,3,2
LS255NY,16,7,9,4
LS255NZ,11,4,7,4
LS255PA,20,7,13,15
LS255PB,63,29,34,22
LS255PD,24,12,12,9
LS255PF,10,6,4,2
LS255PG,33,16,17,14
LS255PJ,28,13,15,11
LS255PL,7,3,4,4
LS255PN,84,44,40,25
LS255PR,5,2,3,2
LS255PZ,42,18,24,16
LS255RA,13,5,8,4
LS256AA,39,17,22,17
LS256AD,9,5,4,3
LS256AE,23,12,11,9
LS256AF,41,20,21,18
LS256AG,106,51,55,40
LS256AH,12,6,6,4
LS256AJ,191,94,97,61
LS256AL,29,18,11,20
LS256AN,11,6,5,4
LS256AP,22,10,12,7
LS256AQ,78,42,36,36
LS256AR,94,54,40,40
LS256AT,61,29,32,18
LS256AU,52,24,28,20
LS256AW,90,43,47,37
LS256AX,98,53,45,40
LS256AY,30,16,14,14
LS256AZ,14,7,7,6
LS256BA,44,24,20,21
LS256BB,72,40,32,28
LS256BD,45,20,25,15
LS256BE,22,12,10,10
LS256BF,36,17,19,12
LS256BG,13,4,9,6
LS256BH,82,42,40,30
LS256BJ,8,4,4,3
LS256BL,73,36,37,27
LS256BN,27,13,14,14
LS256BP,123,61,62,49
LS256BQ,4,2,2,3
LS256BR,54,25,29,25
LS256BS,26,12,14,12
LS256BT,106,52,54,37
LS256BU,79,38,41,28
LS256BW,45,22,23,20
LS256BX,13,9,4,11
LS256BY,118,72,46,59
LS256BZ,81,37,44,35
LS256DA,59,25,34,21
LS256DB,60,25,35,30
LS256DD,20,7,13,15
LS256DE,80,32,48,34
LS256DF,56,27,29,23
LS256DG,58,33,25,20
LS256DH,168,86,82,64
LS256DJ,16,9,7,7
LS256DL,89,39,50,40
LS256DN,103,52,51,39
LS256DP,108,54,54,48
LS256DQ,57,35,22,22
LS256DR,103,47,56,43
LS256DS,10,5,5,7
LS256DT,11,7,4,5
LS256DU,5,3,2,3
LS256DW,24,12,12,11
LS256DX,74,32,42,30
LS256DY,31,15,16,14
LS256DZ,132,72,60,60
LS256EA,39,18,21,21
LS256EB,50,9,41,9
LS256ED,40,16,24,29
LS256EE,44,26,18,22
LS256EF,178,89,89,68
LS256EG,83,40,43,29
LS256EH,137,66,71,56
LS256EJ,5,2,3,3
LS256EL,12,6,6,5
LS256EN,11,7,4,4
LS256EP,7,5,2,2
LS256EQ,100,46,54,40
LS256ER,15,8,7,5
LS256ES,5,3,2,2
LS256EU,32,16,16,13
LS256EW,6,4,2,2
LS256EX,9,4,5,3
LS256EZ,7,4,3,3
LS256FD,8,5,3,5
LS256FE,4,2,2,3
LS256FH,6,4,2,3
LS256FL,13,7,6,7
LS256FN,84,43,41,33
LS256GB,1,0,1,1
LS256HA,12,8,4,4
LS256HB,2,1,1,1
LS256HD,25,12,13,9
LS256HE,2,1,1,1
LS256HF,33,19,14,15
LS256HG,5,4,1,2
LS256HH,12,6,6,7
LS256HJ,103,50,53,39
LS256HN,2,1,1,2
LS256HP,1,1,0,1
LS256HQ,16,6,10,6
LS256HR,6,3,3,2
LS256HS,6,4,2,1
LS256HT,35,14,21,22
LS256HU,57,24,33,27
LS256HW,2,1,1,1
LS256HX,86,44,42,43
LS256HY,27,13,14,13
LS256HZ,99,42,57,60
LS256JE,14,7,7,6
LS256JF,4,2,2,2
LS256JG,18,10,8,6
LS256JJ,4,2,2,2
LS256JL,13,8,5,6
LS256JN,35,13,22,13
LS256JP,4,2,2,1
LS256JR,18,13,5,6
LS256JS,8,4,4,5
LS256JT,10,6,4,3
LS256JU,2,1,1,1
LS256JW,6,4,2,2
LS256JX,4,2,2,3
LS256JY,2,1,1,1
LS256JZ,5,3,2,1
LS256LA,175,86,89,69
LS256LB,20,9,11,6
LS256LD,23,9,14,14
LS256LE,171,90,81,70
LS256LF,64,33,31,26
LS256LG,160,81,79,47
LS256LJ,108,49,59,41
LS256LL,41,19,22,20
LS256LN,107,50,57,40
LS256LP,57,29,28,25
LS256LQ,139,77,62,50
LS256LR,9,4,5,8
LS256LS,18,9,9,10
LS256LT,43,26,17,14
LS256LU,8,4,4,4
LS256LW,29,16,13,13
LS256LX,26,12,14,12
LS256LY,78,46,32,24
LS256LZ,97,49,48,33
LS256ND,11,5,6,4
LS256NF,2,1,1,1
LS256NH,40,20,20,14
LS256NJ,29,13,16,8
LS256NL,27,13,14,14
LS256NN,17,8,9,9
LS256NP,123,66,57,45
LS256NQ,36,19,17,16
LS256NR,4,2,2,2
LS256NT,32,13,19,11
LS256NU,17,6,11,7
LS256NX,12,6,6,7
LS256NY,19,11,8,5
LS256PE,21,8,13,4
LS256PF,52,22,30,22
LS256PG,10,5,5,4
LS256PH,14,6,8,8
LS256PN,47,25,22,23
LS256PP,53,22,31,19
LS256PQ,27,11,16,10
LS256PR,13,6,7,6
LS257AB,30,15,15,17
LS257AD,68,41,27,24
LS257AE,12,6,6,5
LS257AF,17,12,5,8
LS257AG,9,6,3,3
LS257AH,34,14,20,17
LS257AJ,3,1,2,2
LS257AL,10,6,4,5
LS257AN,4,2,2,2
LS257AP,50,23,27,18
LS257AQ,50,24,26,21
LS257AR,119,46,73,67
LS257AS,4,3,1,3
LS257AT,10,4,6,3
LS257AU,19,9,10,6
LS257AW,6,4,2,2
LS257AX,20,9,11,9
LS257AZ,25,11,14,13
LS257BA,28,12,16,18
LS257BB,75,27,48,36
LS257BD,62,32,30,32
LS257BE,62,27,35,30
LS257BG,90,41,49,33
LS257BH,113,58,55,42
LS257BJ,73,36,37,25
LS257BL,9,2,7,8
LS257BN,100,58,42,39
LS257BP,42,16,26,15
LS257BQ,98,51,47,39
LS257BR,1,1,0,1
LS257BT,5,1,4,2
LS257BU,56,26,30,20
LS257BX,102,55,47,43
LS257BY,3,1,2,1
LS257BZ,10,7,3,8
LS257DA,63,33,30,24
LS257DB,46,23,23,24
LS257DD,64,30,34,32
LS257DE,48,25,23,17
LS257DF,89,44,45,28
LS257DG,55,22,33,20
LS257DH,62,27,35,28
LS257DJ,57,28,29,28
LS257DL,50,25,25,24
LS257DN,60,25,35,26
LS257DP,27,15,12,11
LS257DQ,25,13,12,12
LS257DR,48,17,31,24
LS257DS,41,19,22,23
LS257DT,27,10,17,19
LS257DU,98,49,49,36
LS257DW,71,33,38,27
LS257DX,54,27,27,23
LS257DY,59,30,29,21
LS257DZ,77,40,37,34
LS257EA,24,14,10,11
LS257EB,37,19,18,15
LS257ED,33,14,19,13
LS257EE,3,1,2,1
LS257EF,4,2,2,1
LS257EG,39,20,19,14
LS257EH,15,10,5,6
LS257EJ,26,17,9,11
LS257EL,53,27,26,18
LS257EN,61,30,31,34
LS257EP,69,39,30,25
LS257EQ,16,9,7,7
LS257ER,6,4,2,4
LS257ES,21,12,9,8
LS257ET,187,94,93,77
LS257EU,30,15,15,12
LS257EW,1,0,1,1
LS257EX,83,35,48,27
LS257EY,108,52,56,44
LS257EZ,63,36,27,19
LS257FB,4,2,2,2
LS257FD,68,35,33,23
LS257HA,23,11,12,12
LS257HB,45,25,20,27
LS257HD,55,25,30,27
LS257HE,15,8,7,8
LS257HF,6,3,3,2
LS257HG,111,55,56,47
LS257HH,64,34,30,24
LS257HJ,72,32,40,33
LS257HL,3,1,2,2
LS257HN,59,31,28,20
LS257HP,39,22,17,18
LS257HQ,53,27,26,25
LS257HR,83,41,42,31
LS257HS,100,56,44,37
LS257HT,60,26,34,25
LS257HU,76,36,40,29
LS257HW,31,16,15,11
LS257HX,25,11,14,13
LS257HY,18,8,10,8
LS257HZ,20,10,10,10
LS257JA,90,43,47,38
LS257JB,26,15,11,10
LS257JD,101,47,54,42
LS257JE,45,20,25,20
LS257JF,34,17,17,10
LS257JG,61,30,31,21
LS257JH,47,23,24,22
LS257JJ,21,7,14,12
LS257JL,44,22,22,23
LS257JN,115,47,68,44
LS257JP,2,1,1,1
LS257JQ,92,46,46,37
LS257JR,47,25,22,26
LS257JS,57,30,27,18
LS257JT,64,27,37,54
LS257JU,34,14,20,15
LS257JW,39,24,15,10
LS257JX,50,26,24,17
LS257JY,47,23,24,25
LS257JZ,47,18,29,22
LS257LA,66,34,32,25
LS257LB,63,27,36,29
LS257LD,39,21,18,15
LS257LE,157,75,82,68
LS257LF,45,21,24,17
LS257LG,55,27,28,21
LS257LH,103,44,59,43
LS257LJ,10,5,5,4
LS257LL,74,40,34,30
LS257LN,61,34,27,27
LS257LP,34,16,18,14
LS257LQ,24,11,13,13
LS257LR,10,6,4,4
LS257LS,57,28,29,20
LS257LT,2,1,1,1
LS257LU,43,20,23,21
LS257LX,14,9,5,3
LS257LY,50,24,26,20
LS257LZ,11,4,7,8
LS257NA,88,41,47,35
LS257NB,22,15,7,10
LS257ND,45,21,24,17
LS257NE,76,40,36,32
LS257NF,13,5,8,6
LS257NG,65,33,32,21
LS257NH,58,30,28,23
LS257NJ,44,26,18,20
LS257NL,51,28,23,22
LS257NN,37,18,19,17
LS257NP,69,33,36,24
LS257NQ,93,40,53,41
LS257NR,20,10,10,10
LS257NS,38,18,20,20
LS257NT,37,17,20,16
LS257NU,33,15,18,14
LS257NW,9,5,4,4
LS257NX,36,19,17,14
LS257NY,27,14,13,12
LS257NZ,27,10,17,14
LS257PA,120,56,64,54
LS257PB,24,11,13,13
LS257PD,50,24,26,23
LS257PE,17,9,8,8
LS257PF,21,9,12,8
LS257PG,66,35,31,27
LS257PH,13,7,6,6
LS257PJ,11,5,6,6
LS257PL,36,18,18,16
LS257PN,41,22,19,22
LS257PP,55,25,30,26
LS257PQ,34,17,17,17
LS257PR,56,25,31,22
LS257PS,63,35,28,27
LS257PT,20,8,12,8
LS257PU,29,13,16,12
LS257PW,28,12,16,14
LS257PX,42,19,23,19
LS257PY,55,27,28,22
LS257PZ,26,14,12,8
LS257QA,63,30,33,24
LS257QB,2,1,1,1
LS257QD,39,19,20,18
LS257QE,73,37,36,32
LS257QF,78,35,43,33
LS257QG,38,17,21,14
LS257QJ,34,18,16,13
LS257QL,25,14,11,12
LS257QP,52,26,26,21
LS257QQ,175,87,88,78
LS257QR,95,50,45,41
LS257QS,62,34,28,26
LS257QT,38,19,19,17
LS257QU,14,7,7,9
LS257QW,70,36,34,39
LS257QX,32,17,15,19
LS257QY,147,69,78,65
LS257QZ,78,33,45,26
LS257RA,96,46,50,30
LS257RB,75,41,34,28
LS257RD,34,17,17,14
LS257RE,8,4,4,4
LS257RF,51,28,23,22
LS257RG,12,6,6,5
LS257RJ,18,8,10,4
LS257RL,36,11,25,28
LS257RN,46,23,23,17
LS257RP,24,12,12,14
LS257RQ,10,6,4,4
LS257RR,40,16,24,19
LS257RS,77,40,37,25
LS257RT,34,19,15,13
LS257RW,69,32,37,26
LS257RX,13,7,6,4
LS257SA,18,5,13,6
LS257SB,128,66,62,41
LS257SD,32,14,18,14
LS257SE,39,18,21,12
LS257SF,64,27,37,24
LS260AA,8,4,4,4
LS260AB,14,7,7,12
LS260AE,6,4,2,2
LS260AG,28,15,13,10
LS260AH,8,3,5,4
LS260AJ,41,20,21,19
LS260AL,6,3,3,4
LS260AP,1,1,0,1
LS260AQ,26,8,18,15
LS260AT,9,5,4,5
LS260AU,7,2,5,5
LS260AX,17,9,8,8
LS260AY,28,14,14,14
LS260AZ,19,11,8,11
LS260BA,21,12,9,11
LS260BB,2,1,1,1
LS260BD,63,31,32,28
LS260BE,29,20,9,13
LS260BF,12,7,5,6
LS260BG,5,2,3,3
LS260BH,40,21,19,18
LS260BJ,31,13,18,16
LS260BL,66,30,36,29
LS260BN,55,24,31,28
LS260BP,59,15,44,20
LS260BQ,5,1,4,2
LS260BR,12,5,7,7
LS260BS,10,4,6,4
LS260BT,8,4,4,2
LS260BU,49,22,27,24
LS260BW,111,58,53,46
LS260BX,32,14,18,11
LS260BY,4,3,1,1
LS260DA,1,0,1,1
LS260DB,4,0,4,1
LS260DE,14,6,8,3
LS260DG,29,15,14,16
LS260DH,48,29,19,22
LS260DJ,55,29,26,24
LS260DL,33,13,20,14
LS260DN,52,27,25,22
LS260DP,40,19,21,29
LS260DQ,1,1,0,1
LS260DR,12,5,7,6
LS260DS,16,5,11,7
LS260DW,24,10,14,10
LS260DX,7,3,4,2
LS260DY,16,8,8,7
LS260EA,20,6,14,7
LS260EE,116,55,61,54
LS260EF,15,7,8,4
LS260EG,40,19,21,20
LS260EH,31,18,13,13
LS260EJ,107,60,47,41
LS260EL,66,32,34,28
LS260EN,22,8,14,10
LS260EP,56,25,31,20
LS260EQ,41,21,20,17
LS260ER,180,87,93,73
LS260ES,19,12,7,8
LS260ET,2,1,1,1
LS260EU,31,19,12,14
LS260EW,20,9,11,10
LS260EX,70,34,36,34
LS260EY,81,39,42,27
LS260EZ,35,18,17,16
LS260FL,11,5,6,5
LS260GA,47,22,25,20
LS260GB,33,19,14,12
LS260GD,39,20,19,13
LS260GE,28,12,16,12
LS260GF,63,34,29,23
LS260GG,9,3,6,3
LS260GH,65,31,34,22
LS260GJ,10,4,6,4
LS260GL,25,11,14,10
LS260GN,207,106,101,72
LS260GP,42,21,21,14
LS260GQ,38,22,16,12
LS260GW,50,22,28,26
LS260HB,26,16,10,12
LS260HD,48,23,25,20
LS260HE,49,25,24,18
LS260HF,12,6,6,4
LS260HG,60,23,37,24
LS260HH,7,3,4,5
LS260HJ,12,7,5,5
LS260HL,48,25,23,23
LS260HN,35,12,23,21
LS260HP,91,46,45,46
LS260HR,39,20,19,24
LS260HS,58,27,31,30
LS260HT,64,29,35,24
LS260HU,78,40,38,31
LS260HW,80,40,40,32
LS260HX,32,15,17,15
LS260HY,18,7,11,11
LS260HZ,8,5,3,5
LS260JD,93,44,49,39
LS260JF,31,14,17,10
LS260JG,9,5,4,6
LS260JH,34,16,18,14
LS260JJ,116,51,65,37
LS260JL,108,51,57,34
LS260JN,97,42,55,35
LS260JP,25,12,13,10
LS260JQ,18,8,10,10
LS260JR,107,53,54,40
LS260JS,3,2,1,2
LS260JT,52,25,27,20
LS260JU,86,42,44,31
LS260JW,109,45,64,32
LS260JX,52,26,26,24
LS260JY,14,6,8,5
LS260LB,2,1,1,1
LS260LD,1,1,0,1
LS260LE,14,6,8,8
LS260LF,68,34,34,28
LS260LG,64,30,34,39
LS260LH,21,11,10,11
LS260LJ,20,10,10,8
LS260LL,103,54,49,39
LS260LN,89,40,49,44
LS260LQ,64,31,33,34
LS260LR,33,15,18,16
LS260LS,57,30,27,18
LS260LT,60,29,31,25
LS260LU,72,32,40,34
LS260LW,114,58,56,46
LS260LX,42,19,23,19
LS260LY,91,41,50,44
LS260NA,75,37,38,36
LS260NB,98,38,60,47
LS260ND,82,38,44,38
LS260NE,19,9,10,12
LS260NF,107,44,63,48
LS260NG,102,50,52,46
LS260NH,80,34,46,33
LS260NJ,17,7,10,10
LS260NL,123,62,61,51
LS260NN,104,52,52,39
LS260NP,18,10,8,7
LS260NQ,60,26,34,22
LS260NR,64,30,34,25
LS260NS,61,28,33,31
LS260NT,46,18,28,22
LS260NW,78,40,38,38
LS260NY,60,33,27,27
LS260NZ,19,9,10,14
LS260PA,20,8,12,9
LS260PB,5,2,3,3
LS260PD,81,34,47,33
LS260PE,37,21,16,14
LS260PF,58,25,33,22
LS260PG,34,19,15,14
LS260PH,63,24,39,22
LS260PJ,53,28,25,25
LS260PL,60,35,25,35
LS260PN,89,42,47,43
LS260PP,150,67,83,59
LS260PQ,61,26,35,33
LS260PR,89,40,49,34
LS260PS,59,27,32,23
LS260PT,65,29,36,33
LS260PU,58,22,36,28
LS260PW,87,41,46,36
LS260PX,53,24,29,22
LS260PY,9,6,3,6
LS260PZ,48,22,26,25
LS260QD,12,8,4,6
LS260QJ,2,1,1,1
LS260QL,5,2,3,2
LS260QN,11,7,4,7
LS260QP,87,37,50,32
LS260QQ,4,2,2,1
LS260QR,29,14,15,14
LS260QS,143,73,70,73
LS260QT,78,43,35,31
LS260QU,160,77,83,61
LS260QW,46,19,27,30
LS260QX,35,18,17,14
LS260QY,51,26,25,20
LS260QZ,157,71,86,60
LS260RA,133,58,75,57
LS260RB,28,12,16,11
LS260RD,177,73,104,76
LS260RE,29,14,15,13
LS260RF,42,20,22,20
LS260RG,36,16,20,22
LS260RH,120,57,63,52
LS260RJ,19,9,10,10
LS260RL,64,29,35,23
LS260RN,40,22,18,14
LS260RQ,4,2,2,1
LS260RS,2,1,1,1
LS260RT,35,16,19,22
LS260RX,34,15,19,13
LS260RY,34,14,20,17
LS260RZ,7,3,4,3
LS260SA,4,3,1,3
LS260SB,1,1,0,1
LS260SD,41,19,22,18
LS260SE,100,53,47,40
LS260SF,90,50,40,33
LS260SG,36,19,17,19
LS260SH,36,16,20,17
LS260SJ,34,19,15,15
LS260SL,111,47,64,61
LS260SN,133,70,63,46
LS260SP,13,8,5,7
LS260SR,88,41,47,39
LS260SS,25,15,10,14
LS260ST,3,2,1,1
LS260SU,27,14,13,13
LS260SW,113,59,54,39
LS260SX,1,1,0,1
LS260SY,50,22,28,36
LS260SZ,6,3,3,4
LS260TA,34,13,21,25
LS260TB,48,25,23,21
LS260TD,11,4,7,7
LS260TE,44,20,24,18
LS260TF,47,22,25,21
LS260TH,10,4,6,9
LS260TJ,25,12,13,19
LS260TL,23,10,13,8
LS260TN,39,23,16,14
LS260TP,19,9,10,8
LS260TQ,16,6,10,14
LS260TR,24,11,13,9
LS260TS,5,3,2,2
LS260TT,30,15,15,10
LS260TU,18,8,10,8
LS260TW,47,24,23,17
LS260TX,8,3,5,4
LS260TY,43,20,23,17
LS260TZ,30,15,15,15
LS260UA,104,49,55,35
LS260UB,6,3,3,3
LS260UD,164,75,89,52
LS260UE,150,77,73,56
LS260UF,52,26,26,23
LS260UG,119,64,55,50
LS260UH,130,61,69,57
LS260UJ,36,14,22,24
LS260UL,30,13,17,12
LS260UN,26,14,12,12
LS260UP,36,13,23,20
LS260UQ,12,7,5,5
LS260UR,98,51,47,40
LS260UT,7,3,4,3
LS260UU,19,9,10,7
LS260UW,25,13,12,11
LS260UX,15,8,7,6
LS260UZ,35,10,25,28
LS260WB,75,44,31,26
LS260WD,29,14,15,10
LS260WE,38,18,20,11
LS260WF,23,9,14,8
LS260WG,17,9,8,11
LS260WL,29,12,17,9
LS260WN,11,5,6,4
LS260WR,96,51,45,35
LS260XA,31,14,17,8
LS260XB,77,37,40,42
LS260XD,8,4,4,3
LS260XE,128,49,79,75
LS260XG,86,42,44,39
LS260XP,17,7,10,7
LS260XR,89,49,40,36
LS260XS,25,11,14,13
LS260XT,15,5,10,10
LS260XU,36,19,17,16
LS260XX,74,40,34,29
LS260XY,25,11,14,14
LS260XZ,71,33,38,24
LS260YA,37,17,20,15
LS260YB,100,51,49,29
LS260YD,67,28,39,38
LS260YE,80,34,46,38
LS260ZD,198,99,99,84
LS260ZE,32,18,14,11
LS260ZF,102,37,65,39
LS260ZG,44,22,22,29
LS260ZH,87,40,47,29
LS260ZJ,60,28,32,32
LS260ZL,123,62,61,55
LS268AB,11,4,7,4
LS268AD,45,22,23,16
LS268AF,4,1,3,3
LS268AG,26,14,12,10
LS268AP,2,1,1,1
LS268AS,12,5,7,5
LS268AT,24,14,10,7
LS268AU,58,25,33,26
LS268AW,5,3,2,2
LS268AX,8,3,5,4
LS268AY,62,31,31,29
LS268AZ,42,21,21,19
LS268BA,31,17,14,11
LS268BB,43,21,22,16
LS268BD,59,25,34,26
LS268BE,15,7,8,9
LS268BG,33,13,20,16
LS268BH,23,11,12,14
LS268BJ,97,44,53,39
LS268BL,63,32,31,29
LS268BN,92,41,51,42
LS268BP,84,42,42,36
LS268BQ,19,8,11,10
LS268BR,3,0,3,3
LS268BT,4,1,3,1
LS268BU,2,1,1,1
LS268BW,48,26,22,23
LS268BX,40,17,23,14
LS268BY,9,5,4,3
LS268BZ,29,16,13,10
LS268DA,3,0,3,2
LS268DD,49,27,22,17
LS268DE,7,4,3,2
LS268DF,20,11,9,10
LS268DG,10,5,5,5
LS268DH,8,5,3,3
LS268DJ,136,64,72,58
LS268DL,72,39,33,42
LS268DN,79,41,38,29
LS268DP,32,15,17,12
LS268DQ,28,15,13,19
LS268DR,30,17,13,16
LS268DS,54,26,28,20
LS268DT,53,26,27,21
LS268DU,34,19,15,16
LS268DW,22,9,13,12
LS268DX,49,27,22,26
LS268DY,111,57,54,45
LS268DZ,27,10,17,20
LS268EA,58,25,33,24
LS268EB,38,17,21,26
LS268ED,58,31,27,21
LS268EE,127,67,60,54
LS268EF,1,0,1,1
LS268EG,70,41,29,30
LS268EH,33,17,16,14
LS268EJ,4,1,3,1
LS268EL,43,21,22,18
LS268EN,87,39,48,35
LS268EP,122,58,64,60
LS268EQ,15,4,11,12
LS268ER,161,86,75,52
LS268ET,24,11,13,8
LS268EU,1,1,0,1
LS268EW,52,29,23,32
LS268EY,7,3,4,2
LS268EZ,16,6,10,7
LS268FD,7,1,6,4
LS268FE,6,3,3,5
LS268FF,7,3,4,5
LS268GA,42,20,22,15
LS268GB,12,6,6,6
LS268GL,9,4,5,3
LS268GN,43,22,21,17
LS268GP,11,4,7,6
LS268GY,18,10,8,10
LS268HA,2,1,1,1
LS268HB,6,3,3,3
LS268HE,20,12,8,7
LS268HF,2,1,1,1
LS268HH,5,2,3,2
LS268HJ,3,2,1,2
LS268HL,31,16,15,13
LS268HP,30,13,17,15
LS268HQ,11,5,6,1
LS268HS,11,6,5,5
LS268HT,41,18,23,20
LS268HU,16,8,8,9
LS268HW,12,6,6,7
LS268HX,43,18,25,17
LS268HY,7,4,3,4
LS268HZ,10,5,5,4
LS268JA,3,1,2,2
LS268JB,2,1,1,1
LS268JD,22,15,7,7
LS268JE,20,11,9,8
LS268JF,7,3,4,6
LS268JG,1,0,1,1
LS268JH,9,4,5,6
LS268JJ,9,5,4,3
LS268JL,7,3,4,4
LS268JN,4,2,2,2
LS268JP,41,19,22,20
LS268JQ,19,10,9,10
LS268JR,31,14,17,13
LS268JS,1,1,0,1
LS268JT,16,8,8,7
LS268JU,12,7,5,7
LS268JW,10,6,4,4
LS268JX,4,2,2,2
LS268JY,75,36,39,32
LS268JZ,10,5,5,6
LS268LA,11,6,5,4
LS268LB,17,9,8,7
LS268LD,16,7,9,7
LS268LE,6,2,4,4
LS268LF,32,16,16,17
LS268LG,64,37,27,29
LS268LH,89,46,43,43
LS268LJ,103,56,47,47
LS268LL,66,34,32,25
LS268LN,33,17,16,15
LS268LP,16,8,8,6
LS268LQ,112,51,61,45
LS268LR,27,14,13,12
LS268LS,12,8,4,6
LS268LT,17,8,9,11
LS268LU,23,9,14,12
LS268LW,45,22,23,17
LS268LX,30,15,15,15
LS268LY,111,59,52,45
LS268LZ,71,38,33,38
LS268NA,43,18,25,21
LS268NB,76,34,42,30
LS268ND,56,29,27,25
LS268NE,45,20,25,19
LS268NF,77,41,36,29
LS268NG,59,30,29,22
LS268NH,30,17,13,19
LS268NJ,30,8,22,17
LS268NL,93,48,45,38
LS268NN,44,26,18,16
LS268NP,95,50,45,42
LS268NQ,9,4,5,5
LS268NR,26,13,13,19
LS268NS,84,42,42,35
LS268NT,85,42,43,31
LS268NU,16,8,8,5
LS268NW,9,6,3,4
LS268NX,5,2,3,1
LS268NY,20,8,12,14
LS268NZ,24,14,10,6
LS268PA,10,3,7,4
LS268PB,14,9,5,4
LS268PD,128,64,64,47
LS268PE,35,16,19,17
LS268PF,59,24,35,21
LS268PG,26,15,11,11
LS268PH,8,4,4,6
LS268PJ,7,3,4,3
LS268PL,8,4,4,4
LS268PN,82,44,38,35
LS268PP,44,22,22,20
LS268PQ,64,33,31,28
LS268PR,14,8,6,4
LS268PS,37,19,18,16
LS268PT,62,33,29,25
LS268PU,109,52,57,49
LS268PW,2,1,1,1
LS268PZ,3,1,2,2
LS268QA,5,3,2,2
LS268QB,4,2,2,2
LS268QD,2,1,1,1
LS268QE,28,17,11,13
LS268QF,104,53,51,39
LS268QG,104,53,51,42
LS268QH,121,59,62,48
LS268QJ,31,8,23,23
LS268QL,109,49,60,32
LS268QN,116,54,62,49
LS268QP,87,41,46,35
LS268QQ,68,35,33,27
LS268QR,114,56,58,51
LS268QS,23,10,13,12
LS268QT,30,14,16,17
LS268QU,11,7,4,5
LS268QW,49,25,24,23
LS268QX,7,3,4,3
LS268QY,37,16,21,13
LS268RA,13,5,8,5
LS268RB,2,2,0,2
LS268RD,22,11,11,9
LS268RE,50,30,20,29
LS268RF,18,9,9,9
LS268RG,35,18,17,13
LS268RH,13,6,7,8
LS268RJ,33,15,18,15
LS268RL,70,38,32,28
LS268RN,59,33,26,21
LS268RP,82,38,44,35
LS268RQ,27,13,14,9
LS268RR,97,50,47,35
LS268RS,124,58,66,46
LS268RT,15,9,6,7
LS268RU,42,17,25,17
LS268RW,41,20,21,19
LS268RX,50,26,24,22
LS268RY,49,25,24,22
LS268RZ,17,10,7,9
LS268SA,28,13,15,14
LS268SB,51,25,26,20
LS268SD,29,16,13,2
LS268SE,30,14,16,15
LS268SF,79,37,42,28
LS268SG,115,56,59,51
LS268SH,13,5,8,11
LS268SJ,90,39,51,40
LS268SL,6,2,4,4
LS268SN,23,12,11,14
LS268SP,20,3,17,19
LS268SQ,83,37,46,37
LS268SR,6,4,2,4
LS268SS,61,31,30,29
LS268ST,8,2,6,6
LS268SU,2,1,1,2
LS268SW,22,8,14,12
LS268SX,24,11,13,10
LS268SY,29,13,16,14
LS268TA,48,24,24,16
LS268TB,44,23,21,20
LS268TD,55,23,32,19
LS268TE,97,51,46,31
LS268TF,12,6,6,9
LS268TG,29,11,18,18
LS268TH,59,26,33,27
LS268TJ,33,14,19,17
LS268TL,18,6,12,9
LS268TN,37,21,16,12
LS268TP,113,54,59,50
LS268TQ,129,59,70,53
LS268TR,22,10,12,10
LS268TS,21,10,11,11
LS268TT,42,23,19,20
LS268TU,11,5,6,5
LS268TW,98,48,50,47
LS268TX,48,23,25,19
LS268TY,35,18,17,17
LS268TZ,31,14,17,13
LS268UA,4,1,3,1
LS268UB,91,44,47,31
LS268UD,47,22,25,21
LS268UE,84,38,46,34
LS268UF,74,32,42,28
LS268UG,81,39,42,34
LS268UH,34,19,15,14
LS268UJ,16,7,9,6
LS268UN,62,29,33,31
LS268UP,30,13,17,18
LS268UQ,83,46,37,29
LS268UR,26,13,13,11
LS268UT,84,44,40,33
LS268UU,15,7,8,7
LS268UW,11,7,4,8
LS268UX,78,40,38,34
LS268UY,18,9,9,7
LS268WA,120,54,66,40
LS268WB,32,20,12,9
LS268WD,61,29,32,20
LS268WE,49,18,31,17
LS268WF,27,16,11,7
LS268WG,48,25,23,14
LS268WH,70,35,35,22
LS268WJ,42,20,22,14
LS268WL,48,24,24,18
LS268WN,80,35,45,34
LS268WP,67,32,35,21
LS268WQ,84,40,44,30
LS268WR,47,23,24,16
LS268WS,37,15,22,15
LS268WT,19,11,8,10
LS268WU,86,43,43,28
LS268WW,32,18,14,9
LS268WX,40,18,22,12
LS268WY,56,27,29,23
LS268WZ,22,10,12,7
LS268XD,50,25,25,18
LS268XE,31,11,20,12
LS268XF,129,63,66,54
LS268XG,24,10,14,14
LS268XH,67,33,34,31
LS268XJ,83,32,51,35
LS268XL,73,39,34,23
LS268XN,36,21,15,12
LS268XP,75,32,43,34
LS268XQ,59,23,36,40
LS268XW,25,9,16,16
LS269AA,113,52,61,39
LS269AB,89,45,44,25
LS269AD,30,15,15,14
LS269AE,84,42,42,30
LS269AF,64,32,32,30
LS269AG,15,9,6,6
LS269AL,3,2,1,1
LS269AN,83,36,47,42
LS269AP,41,17,24,20
LS269AR,13,6,7,4
LS269AS,20,12,8,8
LS269AT,42,17,25,16
LS269AU,40,24,16,18
LS269AW,84,48,36,32
LS269AX,22,12,10,10
LS269BA,135,65,70,52
LS269BB,30,15,15,16
LS269BD,40,21,19,18
LS269BE,65,36,29,32
LS269BG,14,9,5,5
LS269BH,33,8,25,3
LS269BJ,3,1,2,1
LS269BL,33,15,18,9
LS269BN,47,22,25,14
LS269BP,62,33,29,17
LS269BQ,77,37,40,26
LS269BS,143,69,74,44
LS269BT,4,3,1,2
LS269BU,17,8,9,8
LS269BX,34,19,15,16
LS269BY,11,6,5,7
LS269BZ,167,76,91,68
LS269DA,146,73,73,63
LS269DB,23,11,12,10
LS269DD,11,6,5,4
LS269DF,5,2,3,2
LS269DG,11,6,5,3
LS269DH,5,2,3,2
LS269DJ,19,10,9,7
LS269DL,2,1,1,1
LS269DN,53,21,32,25
LS269DP,10,4,6,7
LS269DQ,6,2,4,3
LS269DR,6,3,3,2
LS269DS,2,1,1,1
LS269DT,10,4,6,3
LS269DU,4,2,2,1
LS269DW,2,1,1,1
LS269DX,2,1,1,1
LS269DZ,8,3,5,4
LS269EA,6,4,2,4
LS269EB,42,21,21,14
LS269ED,28,13,15,9
LS269EE,22,14,8,7
LS269EF,49,23,26,21
LS269EG,27,15,12,15
LS269EH,2,1,1,1
LS269EJ,171,76,95,65
LS269EL,68,37,31,27
LS269EN,8,2,6,5
LS269EP,17,7,10,11
LS269EQ,28,16,12,12
LS269ER,63,32,31,31
LS269ES,9,4,5,6
LS269ET,4,2,2,2
LS269EU,9,5,4,4
LS269EW,8,4,4,4
LS269EX,9,6,3,4
LS269EY,8,4,4,4
LS269EZ,10,5,5,4
LS269HA,2,1,1,1
LS269HB,18,6,12,8
LS269HD,2,1,1,1
LS269HE,21,12,9,8
LS269HH,4,2,2,2
LS269HL,123,59,64,43
LS269HN,104,52,52,40
LS269HP,24,7,17,17
LS269HQ,13,7,6,5
LS269HR,26,9,17,23
LS269HS,42,22,20,21
LS269HT,64,29,35,24
LS269HU,78,39,39,36
LS269HW,38,18,20,15
LS269HX,52,23,29,21
LS269HY,22,6,16,9
LS269HZ,76,34,42,35
LS269JA,3,1,2,1
LS269JB,4,2,2,2
LS269JD,15,9,6,4
LS269JE,110,52,58,36
LS269JF,35,20,15,15
LS269JG,35,11,24,18
LS269JH,90,46,44,36
LS269JJ,9,5,4,5
LS269JL,30,14,16,10
LS269JN,3,1,2,2
LS269JQ,22,12,10,12
LS269JR,39,20,19,16
LS269JS,21,11,10,10
LS269JT,83,39,44,35
LS269JU,24,14,10,8
LS269JX,2,2,0,1
LS269JY,31,17,14,14
LS269JZ,25,10,15,11
LS269LA,10,5,5,5
LS269LB,30,12,18,18
LS269LD,134,62,72,45
LS269LE,114,67,47,34
LS269LF,61,34,27,23
LS269LG,37,16,21,12
LS269LH,7,4,3,2
LS269LJ,38,20,18,12
LS270AA,44,22,22,24
LS270AB,60,32,28,27
LS270AE,47,25,22,21
LS270AF,27,13,14,12
LS270AG,32,17,15,14
LS270AH,92,41,51,36
LS270AJ,67,33,34,28
LS270AL,98,42,56,59
LS270AN,5,3,2,2
LS270AP,9,4,5,5
LS270AQ,34,15,19,19
LS270AR,109,52,57,58
LS270AT,19,10,9,12
LS270AU,13,7,6,5
LS270AW,76,39,37,41
LS270AX,32,15,17,11
LS270AZ,6,3,3,3
LS270BA,8,5,3,6
LS270BB,19,11,8,10
LS270BD,83,44,39,35
LS270BE,18,10,8,8
LS270BF,101,44,57,39
LS270BH,38,20,18,18
LS270BJ,90,44,46,42
LS270BL,2,1,1,1
LS270BQ,101,46,55,44
LS270BU,38,16,22,14
LS270BX,4,2,2,1
LS270BY,20,11,9,10
LS270DA,39,21,18,18
LS270DB,8,3,5,3
LS270DD,2,2,0,2
LS270DE,63,31,32,23
LS270DF,14,4,10,9
LS270DG,20,11,9,8
LS270DH,17,7,10,8
LS270DJ,55,25,30,19
LS270DL,39,12,27,27
LS270DN,34,17,17,11
LS270DP,70,31,39,40
LS270DR,39,18,21,16
LS270DS,6,4,2,4
LS270DT,6,4,2,4
LS270DU,17,8,9,6
LS270DW,31,11,20,6
LS270DX,80,31,49,39
LS270DY,45,21,24,20
LS270DZ,49,18,31,23
LS270EA,78,35,43,27
LS270EB,68,37,31,25
LS270ED,94,46,48,26
LS270EE,49,18,31,43
LS270EF,31,14,17,11
LS270EG,75,37,38,25
LS270EH,30,15,15,25
LS270EJ,16,8,8,6
LS270EP,72,36,36,47
LS270EQ,25,9,16,12
LS270ER,29,13,16,18
LS270ES,21,12,9,10
LS270ET,10,4,6,5
LS270EU,10,5,5,7
LS270EW,6,3,3,4
LS270EX,34,15,19,12
LS270EY,96,45,51,53
LS270EZ,6,4,2,3
LS270HA,22,9,13,8
LS270HB,49,25,24,18
LS270HE,13,4,9,4
LS270HF,19,10,9,7
LS270HG,1,0,1,1
LS270HL,108,60,48,39
LS270HP,27,13,14,16
LS270HR,10,5,5,4
LS270HS,12,8,4,5
LS270HT,28,14,14,9
LS270HU,16,11,5,8
LS270HX,16,7,9,8
LS270HY,4,1,3,2
LS270HZ,47,25,22,21
LS270JA,49,22,27,19
LS270JD,7,2,5,3
LS270JE,16,7,9,5
LS270JF,7,2,5,3
LS270JH,35,16,19,16
LS270JJ,32,15,17,15
LS270JL,20,11,9,12
LS270JN,10,4,6,4
LS270JP,26,14,12,12
LS270JR,71,35,36,34
LS270JS,37,17,20,18
LS270JT,37,22,15,14
LS270JU,20,11,9,7
LS270JW,11,7,4,3
LS270JX,3,1,2,1
LS270JY,7,3,4,5
LS270JZ,44,20,24,16
LS270LA,39,22,17,15
LS270LB,71,36,35,30
LS270LG,92,45,47,41
LS270LJ,30,19,11,19
LS270LN,24,13,11,14
LS270LP,36,19,17,14
LS270LQ,19,12,7,9
LS270LR,34,21,13,20
LS270LS,32,17,15,20
LS270LU,27,12,15,11
LS270LW,9,5,4,4
LS270LX,10,5,5,4
LS270LY,1,1,0,1
LS270NE,18,9,9,7
LS270NF,135,69,66,51
LS270NG,53,32,21,21
LS270NP,20,11,9,12
LS270NQ,3,2,1,1
LS270NR,110,49,61,41
LS270NS,28,13,15,15
LS270NT,25,10,15,15
LS270NU,58,24,34,24
LS270NW,1,0,1,1
LS270NX,4,1,3,3
LS270NY,41,18,23,22
LS270NZ,47,26,21,19
LS270PA,2,1,1,1
LS270PD,37,19,18,29
LS270PE,34,18,16,19
LS270PF,38,21,17,17
LS270PG,33,18,15,11
LS270PH,15,9,6,12
LS270PJ,70,40,30,33
LS270PL,20,12,8,8
LS270PN,9,6,3,4
LS270PP,47,21,26,25
LS270PQ,42,21,21,22
LS270PR,16,8,8,7
LS270PS,34,18,16,21
LS270PT,72,37,35,30
LS270PU,45,19,26,26
LS270PW,52,26,26,33
LS270PX,51,27,24,25
LS270PY,11,6,5,4
LS270QA,47,24,23,24
LS270QB,60,31,29,21
LS270QD,37,19,18,16
LS270QE,51,24,27,25
LS270QF,32,13,19,13
LS270QG,21,10,11,10
LS270QL,65,38,27,22
LS270QQ,9,2,7,7
LS270QU,51,22,29,19
LS270QW,24,11,13,9
LS270QX,28,18,10,9
LS270QY,15,9,6,7
LS270QZ,22,9,13,7
LS270RA,45,22,23,25
LS270RB,14,10,4,11
LS270RD,46,19,27,22
LS270RE,52,25,27,18
LS270RF,46,24,22,18
LS270RG,60,33,27,30
LS270RH,37,18,19,17
LS270RJ,3,1,2,1
LS270RL,21,10,11,9
LS270RN,61,30,31,29
LS270RP,71,33,38,37
LS270RQ,19,8,11,12
LS270RR,42,22,20,18
LS270RS,100,54,46,55
LS270RT,14,10,4,11
LS270RU,91,45,46,35
LS270RW,8,5,3,3
LS270RY,1,1,0,1
LS270SA,80,43,37,36
LS270SB,40,23,17,18
LS270SD,57,32,25,39
LS270SE,39,20,19,20
LS270SF,86,41,45,36
LS270SG,36,18,18,15
LS270SH,24,14,10,20
LS270SN,121,57,64,48
LS270SP,22,10,12,9
LS270SQ,15,8,7,10
LS270ST,119,56,63,51
LS270TB,23,9,14,7
LS270TE,14,6,8,4
LS270UA,54,24,30,28
LS270UB,55,25,30,31
LS270UD,10,1,9,10
LS277AA,51,23,28,25
LS277AB,27,11,16,12
LS277AD,86,41,45,50
LS277AE,45,23,22,15
LS277AF,6,2,4,4
LS277AG,109,51,58,49
LS277AH,61,32,29,30
LS277AJ,15,5,10,10
LS277AL,56,27,29,27
LS277AN,27,13,14,13
LS277AP,11,6,5,3
LS277AQ,18,9,9,6
LS277AR,8,6,2,3
LS277AS,52,24,28,27
LS277AT,44,21,23,15
LS277AU,34,18,16,17
LS277AW,44,22,22,16
LS277AX,5,3,2,2
LS277AY,15,5,10,6
LS277AZ,3,1,2,2
LS277BA,10,5,5,5
LS277BB,6,2,4,3
LS277BD,48,29,19,16
LS277BE,6,4,2,2
LS277BG,20,11,9,8
LS277BH,2,1,1,1
LS277BJ,4,2,2,2
LS277BL,2,1,1,1
LS277BN,1,0,1,1
LS277BP,13,9,4,5
LS277BQ,5,3,2,2
LS277BS,79,35,44,34
LS277BT,73,35,38,33
LS277BU,108,46,62,54
LS277BW,119,55,64,47
LS277BX,76,37,39,39
LS277BY,100,46,54,39
LS277BZ,61,34,27,29
LS277DA,48,23,25,22
LS277DB,20,10,10,10
LS277DD,17,8,9,8
LS277DE,17,8,9,9
LS277DF,107,59,48,51
LS277DG,71,35,36,31
LS277DH,41,19,22,22
LS277DJ,154,76,78,67
LS277DL,132,72,60,60
LS277DN,81,39,42,36
LS277DP,24,13,11,10
LS277DQ,55,22,33,19
LS277DR,31,15,16,14
LS277DS,80,33,47,37
LS277DT,81,33,48,37
LS277DU,33,19,14,10
LS277DW,114,57,57,53
LS277DX,69,34,35,34
LS277DY,53,22,31,26
LS277DZ,25,11,14,12
LS277EA,31,13,18,20
LS277EB,33,4,29,32
LS277ED,12,4,8,8
LS277EE,56,30,26,28
LS277EF,77,36,41,32
LS277EG,41,19,22,19
LS277EH,46,22,24,24
LS277EJ,93,45,48,35
LS277EL,8,4,4,2
LS277EN,4,2,2,4
LS277EP,20,10,10,10
LS277EQ,38,13,25,16
LS277ER,56,32,24,17
LS277ES,1,1,0,1
LS277ET,43,22,21,19
LS277EU,49,24,25,21
LS277EW,30,17,13,12
LS277EX,18,8,10,9
LS277EY,21,12,9,8
LS277EZ,23,13,10,12
LS277GA,10,6,4,4
LS277GB,68,36,32,28
LS277GD,104,46,58,43
LS277GE,136,60,76,48
LS277GF,87,41,46,28
LS277GG,23,8,15,10
LS277GH,9,4,5,3
LS277GJ,70,32,38,23
LS277GL,20,11,9,9
LS277GN,56,26,30,22
LS277GP,12,5,7,7
LS277GQ,123,57,66,43
LS277GS,20,11,9,7
LS277GZ,9,5,4,2
LS277HA,93,46,47,40
LS277HB,12,4,8,5
LS277HD,2,0,2,2
LS277HF,2,1,1,1
LS277HG,54,33,21,23
LS277HH,53,27,26,27
LS277HJ,13,6,7,4
LS277HN,35,19,16,12
LS277HP,97,44,53,45
LS277HQ,8,5,3,4
LS277HR,52,18,34,8
LS277HS,50,20,30,27
LS277HT,12,5,7,6
LS277HU,62,29,33,28
LS277HW,14,8,6,8
LS277HX,51,28,23,26
LS277HY,65,32,33,25
LS277HZ,19,9,10,6
LS277JA,4,2,2,2
LS277JB,52,25,27,21
LS277JD,80,36,44,31
LS277JE,49,24,25,20
LS277JF,75,37,38,36
LS277JG,37,18,19,16
LS277JH,7,4,3,3
LS277LA,10,3,7,3
LS277LD,59,32,27,25
LS277LE,1,0,1,1
LS277LG,2,1,1,1
LS277LH,18,8,10,6
LS277LJ,56,32,24,17
LS277LL,1,0,1,1
LS277LN,55,30,25,24
LS277LP,47,24,23,27
LS277LR,8,3,5,4
LS277LS,18,10,8,8
LS277LT,132,67,65,53
LS277LU,15,8,7,7
LS277LW,9,6,3,6
LS277LX,39,21,18,19
LS277LY,3,2,1,1
LS277LZ,33,18,15,20
LS277NB,5,2,3,1
LS277ND,2,1,1,2
LS277NE,36,16,20,13
LS277NG,6,5,1,2
LS277NH,6,2,4,2
LS277NL,5,2,3,2
LS277NN,5,3,2,2
LS277NQ,8,2,6,2
LS277NS,109,47,62,35
LS277NU,11,5,6,6
LS277NY,10,8,2,6
LS277PA,21,10,11,7
LS277PB,19,9,10,11
LS277PD,25,13,12,8
LS277PE,9,6,3,6
LS277PF,15,7,8,9
LS277PG,83,40,43,30
LS277PH,11,7,4,8
LS277PJ,7,5,2,7
LS277PL,12,7,5,5
LS277PN,11,6,5,5
LS277PP,20,8,12,6
LS277PQ,15,7,8,8
LS277PR,13,5,8,6
LS277PS,15,7,8,7
LS277PT,1,0,1,1
LS277PU,3,1,2,2
LS277PW,13,9,4,5
LS277PX,9,4,5,5
LS277PY,11,5,6,4
LS277PZ,79,36,43,26
LS277QA,27,12,15,12
LS277QB,34,16,18,17
LS277QD,57,30,27,22
LS277QE,57,19,38,33
LS277QF,5,4,1,4
LS277QG,29,13,16,12
LS277QH,28,13,15,14
LS277QJ,113,60,53,45
LS277QL,119,63,56,45
LS277QN,76,42,34,29
LS277QP,74,34,40,28
LS277QQ,67,28,39,35
LS277QR,34,16,18,13
LS277QS,21,7,14,6
LS277QT,9,2,7,7
LS277QU,23,12,11,13
LS277QW,118,65,53,53
LS277QX,43,22,21,18
LS277QY,3,1,2,1
LS277QZ,8,4,4,4
LS277RA,14,6,8,6
LS277RB,3,1,2,2
LS277RD,43,19,24,23
LS277RE,91,48,43,34
LS277RF,18,7,11,5
LS277RG,23,12,11,9
LS277RH,84,44,40,37
LS277RJ,68,42,26,40
LS277RL,51,18,33,24
LS277RN,52,23,29,24
LS277RP,69,33,36,39
LS277RQ,8,5,3,5
LS277RR,18,9,9,8
LS277RS,25,10,15,12
LS277RT,41,15,26,18
LS277RU,88,48,40,46
LS277RW,24,12,12,12
LS277RY,238,121,117,85
LS277SA,12,6,6,9
LS277SB,9,4,5,6
LS277SD,2,1,1,1
LS277SE,7,3,4,2
LS277SF,9,4,5,4
LS277SG,1,1,0,1
LS277SH,21,13,8,7
LS277SJ,36,16,20,18
LS277SL,5,3,2,2
LS277SN,163,89,74,71
LS277SP,8,5,3,4
LS277SQ,41,19,22,19
LS277SR,13,6,7,7
LS277SS,29,18,11,12
LS277ST,11,4,7,5
LS277SU,11,5,6,5
LS277SW,2,1,1,1
LS277SX,34,16,18,9
LS277SY,25,12,13,13
LS277SZ,11,5,6,5
LS277TA,13,8,5,4
LS277TB,16,9,7,10
LS277TE,57,26,31,28
LS277TF,10,7,3,4
LS277TG,9,4,5,4
LS277TH,1,1,0,1
LS277TJ,17,7,10,6
LS277TP,45,23,22,20
LS277TQ,55,30,25,20
LS277TR,110,53,57,43
LS277TS,81,41,40,33
LS277TT,98,46,52,36
LS277TU,40,20,20,14
LS277TX,19,9,10,9
LS277TY,7,2,5,3
LS277TZ,67,34,33,27
LS277UE,78,39,39,31
LS277UH,19,9,10,10
LS277UJ,29,14,15,9
LS277UL,62,33,29,19
LS277UN,104,48,56,49
LS277UP,12,7,5,7
LS277UQ,69,34,35,22
LS277UR,102,43,59,43
LS277US,23,11,12,9
LS277UT,84,40,44,34
LS277UU,18,6,12,8
LS277UW,48,23,25,21
LS277UX,23,9,14,10
LS277UZ,47,19,28,15
LS277WA,71,38,33,26
LS277WB,100,51,49,32
LS277WD,24,13,11,8
LS277WE,36,20,16,12
LS277WL,26,9,17,18
LS277WN,25,15,10,8
LS277WP,24,12,12,15
LS277WQ,62,29,33,25
LS277YH,11,6,5,5
LS277YJ,53,27,26,17
LS277YL,53,25,28,15
LS277YN,15,9,6,4
LS277YQ,10,5,5,4
LS278AA,6,4,2,2
LS278AB,27,14,13,13
LS278AF,16,10,6,9
LS278AG,58,31,27,40
LS278AH,6,2,4,4
LS278AJ,71,28,43,38
LS278AL,13,5,8,7
LS278AN,47,22,25,29
LS278AP,30,15,15,19
LS278AR,12,8,4,6
LS278AS,22,10,12,15
LS278AT,64,35,29,30
LS278AU,9,3,6,7
LS278AW,19,8,11,15
LS278AX,15,5,10,6
LS278AZ,27,15,12,21
LS278BE,16,6,10,10
LS278BF,46,26,20,15
LS278BG,13,8,5,9
LS278BH,22,12,10,14
LS278BJ,100,61,39,72
LS278BL,40,17,23,23
LS278BN,6,2,4,3
LS278BP,23,12,11,19
LS278BQ,12,6,6,7
LS278BR,6,3,3,3
LS278BS,20,10,10,8
LS278BT,103,47,56,47
LS278BU,84,42,42,40
LS278BW,8,2,6,4
LS278BX,28,10,18,13
LS278BY,52,27,25,28
LS278BZ,57,29,28,27
LS278DA,21,10,11,6
LS278DB,55,21,34,26
LS278DD,36,14,22,18
LS278DE,13,7,6,7
LS278DF,3,1,2,1
LS278DG,79,38,41,35
LS278DH,151,79,72,57
LS278DJ,89,44,45,27
LS278DL,27,12,15,10
LS278DN,12,5,7,5
LS278DP,12,8,4,10
LS278DQ,157,72,85,61
LS278DR,32,15,17,9
LS278DS,1,1,0,1
LS278DT,2,2,0,1
LS278DW,4,2,2,1
LS278DX,44,25,19,27
LS278DY,1,1,0,1
LS278EB,15,8,7,12
LS278EE,6,4,2,3
LS278EG,14,10,4,12
LS278EP,43,21,22,22
LS278EQ,11,4,7,4
LS278ER,18,8,10,10
LS278ET,26,12,14,10
LS278EU,20,10,10,8
LS278EY,43,21,22,15
LS278GA,19,8,11,12
LS278GB,67,37,30,25
LS278GE,33,20,13,11
LS278GF,12,9,3,10
LS278GG,42,17,25,23
LS278GH,60,31,29,26
LS278GL,52,28,24,22
LS278GN,70,36,34,24
LS278GP,49,21,28,16
LS278GQ,70,35,35,25
LS278GR,26,15,11,12
LS278GS,27,10,17,12
LS278GT,67,33,34,26
LS278GU,46,23,23,17
LS278GW,38,17,21,14
LS278GX,56,27,29,20
LS278GY,80,34,46,32
LS278GZ,64,29,35,22
LS278HB,5,2,3,2
LS278HD,11,6,5,7
LS278HE,26,15,11,15
LS278HH,44,18,26,14
LS278HL,22,13,9,14
LS278HP,13,6,7,6
LS278HR,45,18,27,39
LS278HS,9,4,5,5
LS278HT,32,14,18,22
LS278HU,65,32,33,25
LS278HW,65,33,32,21
LS278HX,2,1,1,1
LS278JA,16,7,9,12
LS278JB,103,46,57,55
LS278JD,113,50,63,55
LS278JE,8,5,3,6
LS278JF,65,29,36,28
LS278JG,52,26,26,27
LS278JH,33,11,22,14
LS278JJ,4,1,3,3
LS278JN,5,2,3,3
LS278JP,16,10,6,11
LS278JR,13,9,4,8
LS278JT,31,24,7,18
LS278JU,1,1,0,1
LS278JW,4,2,2,2
LS278JX,100,49,51,34
LS278JY,16,9,7,7
LS278JZ,10,5,5,5
LS278LA,35,17,18,18
LS278LB,1,0,1,1
LS278LD,44,25,19,31
LS278LE,6,4,2,1
LS278LG,1,1,0,1
LS278LH,73,38,35,28
LS278LJ,84,42,42,33
LS278LL,34,18,16,18
LS278LN,5,3,2,2
LS278LP,18,8,10,6
LS278LQ,19,9,10,16
LS278LR,12,4,8,6
LS278LS,15,8,7,7
LS278LT,13,8,5,8
LS278LU,36,21,15,20
LS278LW,52,26,26,28
LS278LX,38,17,21,23
LS278LY,13,6,7,8
LS278LZ,21,11,10,13
LS278NA,126,62,64,62
LS278NB,9,6,3,7
LS278NE,5,3,2,3
LS278NF,119,55,64,46
LS278NG,14,8,6,5
LS278NH,13,7,6,4
LS278NJ,59,29,30,32
LS278NL,50,26,24,23
LS278NN,6,3,3,4
LS278NP,36,17,19,17
LS278NQ,14,7,7,8
LS278NR,34,15,19,18
LS278NS,54,23,31,29
LS278NT,119,58,61,64
LS278NU,65,32,33,33
LS278NW,46,23,23,23
LS278NX,30,13,17,18
LS278NY,70,32,38,34
LS278NZ,18,10,8,9
LS278PA,47,24,23,29
LS278PB,64,30,34,36
LS278PD,21,9,12,14
LS278PE,6,3,3,2
LS278PJ,3,1,2,1
LS278PL,6,3,3,3
LS278PQ,18,7,11,10
LS278PT,77,40,37,48
LS278QA,59,26,33,35
LS278QB,52,20,32,34
LS278QE,22,12,10,18
LS278QG,1,0,1,1
LS278QH,5,2,3,2
LS278QJ,21,9,12,15
LS278QL,4,3,1,3
LS278QN,15,7,8,11
LS278QP,57,20,37,16
LS278QQ,50,26,24,22
LS278QR,46,25,21,25
LS278QS,29,14,15,13
LS278QT,10,6,4,4
LS278QU,15,10,5,5
LS278QW,23,12,11,13
LS278QX,34,14,20,20
LS278QY,17,9,8,12
LS278QZ,47,23,24,30
LS278RA,5,3,2,4
LS278RB,25,13,12,15
LS278RD,19,10,9,11
LS278RE,34,20,14,17
LS278RG,42,22,20,20
LS278RH,72,39,33,31
LS278RJ,15,9,6,8
LS278RL,10,3,7,7
LS278RN,55,34,21,18
LS278RP,44,20,24,20
LS278RQ,4,2,2,3
LS278RR,77,42,35,38
LS278RS,126,57,69,46
LS278RT,63,26,37,25
LS278RU,6,3,3,4
LS278RW,37,21,16,20
LS278RY,38,16,22,20
LS278RZ,16,9,7,6
LS278SA,151,70,81,47
LS278SB,132,60,72,49
LS278SD,11,7,4,4
LS278SE,51,23,28,23
LS278SF,70,33,37,28
LS278SG,106,48,58,53
LS278SH,3,1,2,1
LS278SJ,126,60,66,52
LS278SL,145,71,74,60
LS278SN,57,24,33,34
LS278SP,74,38,36,39
LS278SQ,73,38,35,41
LS278SR,60,33,27,22
LS278SS,52,26,26,27
LS278ST,43,22,21,16
LS278SU,52,26,26,26
LS278SW,67,33,34,26
LS278SX,82,48,34,31
LS278SY,5,3,2,3
LS278SZ,31,16,15,20
LS278TA,17,8,9,7
LS278TD,87,44,43,36
LS278TE,25,12,13,10
LS278TF,21,9,12,9
LS278TG,64,32,32,31
LS278TJ,13,7,6,8
LS278TP,7,3,4,3
LS278TS,71,37,34,33
LS278TU,12,8,4,3
LS278TX,31,17,14,11
LS278TY,30,13,17,16
LS278TZ,32,15,17,14
LS278UA,67,28,39,38
LS278UB,49,22,27,27
LS278UD,20,11,9,10
LS278UE,48,20,28,20
LS278UG,63,33,30,24
LS278UH,46,21,25,18
LS278UJ,59,28,31,22
LS278UL,76,29,47,30
LS278UP,22,12,10,11
LS278UR,43,20,23,15
LS278US,46,17,29,15
LS278UT,29,16,13,10
LS278UU,25,10,15,13
LS278UW,75,32,43,35
LS278UX,16,7,9,6
LS278UY,52,28,24,25
LS278UZ,19,11,8,6
LS278WA,124,55,69,50
LS278WB,49,21,28,16
LS278WD,73,34,39,27
LS278WE,39,15,24,17
LS278WF,28,16,12,10
LS278WG,61,32,29,19
LS278WH,23,10,13,12
LS278WJ,8,5,3,5
LS278WL,5,2,3,3
LS278WN,4,2,2,2
LS278WP,16,6,10,9
LS278WQ,33,20,13,20
LS278WR,23,10,13,10
LS279AA,24,11,13,16
LS279AB,155,77,78,58
LS279AE,18,10,8,9
LS279AF,72,32,40,54
LS279AG,65,29,36,41
LS279AH,20,7,13,12
LS279AL,21,8,13,13
LS279AN,6,1,5,3
LS279AP,11,4,7,6
LS279AR,3,2,1,3
LS279AT,87,39,48,41
LS279AU,18,11,7,9
LS279AW,33,19,14,20
LS279AY,34,16,18,16
LS279AZ,34,17,17,20
LS279BA,13,7,6,5
LS279BB,14,6,8,5
LS279BE,42,15,27,19
LS279BH,38,12,26,11
LS279BJ,30,16,14,13
LS279BN,47,21,26,46
LS279BQ,42,16,26,37
LS279BR,3,1,2,1
LS279BT,10,5,5,4
LS279DA,25,16,9,20
LS279DD,53,16,37,37
LS279DE,28,8,20,15
LS279DF,2,2,0,1
LS279DG,1,1,0,1
LS279DJ,39,25,14,28
LS279DL,36,12,24,3
LS279DN,4,3,1,1
LS279DP,10,4,6,6
LS279DQ,3,1,2,3
LS279DR,25,13,12,9
LS279DS,62,32,30,27
LS279DT,35,16,19,17
LS279DU,124,62,62,47
LS279DW,35,21,14,17
LS279DX,17,10,7,9
LS279EB,36,24,12,23
LS279ED,37,18,19,21
LS279EE,44,15,29,8
LS279EF,47,27,20,22
LS279EH,1,0,1,1
LS279EJ,54,26,28,24
LS279EN,2,1,1,1
LS279EP,11,6,5,4
LS279EQ,39,13,26,19
LS279ER,22,11,11,9
LS279ES,83,40,43,41
LS279EU,16,6,10,5
LS279EW,18,13,5,10
LS279EY,29,15,14,24
LS279EZ,54,25,29,20
LS279HB,45,21,24,20
LS279HD,41,21,20,17
LS279HE,66,27,39,32
LS279HF,56,28,28,34
LS279HG,39,22,17,22
LS279HH,95,46,49,46
LS279HJ,43,21,22,19
LS279HL,46,21,25,16
LS279HP,35,14,21,9
LS279HQ,56,27,29,30
LS279HR,27,13,14,11
LS279HS,29,15,14,20
LS279HT,20,8,12,9
LS279HU,56,26,30,24
LS279HW,72,36,36,25
LS279HX,26,11,15,11
LS279HY,8,5,3,3
LS279HZ,25,11,14,10
LS279JA,67,31,36,27
LS279JB,37,16,21,19
LS279JD,72,37,35,47
LS279JG,5,3,2,4
LS279JJ,57,15,42,9
LS279JL,76,39,37,42
LS279JN,96,44,52,46
LS279JQ,24,11,13,11
LS279JR,62,35,27,22
LS279JS,12,7,5,1
LS279JT,8,4,4,5
LS279JU,33,17,16,16
LS279JW,82,42,40,34
LS279JX,25,9,16,15
LS279JY,48,24,24,20
LS279JZ,13,6,7,5
LS279LA,39,18,21,17
LS279LB,34,18,16,11
LS279LD,20,11,9,8
LS279LE,43,23,20,16
LS279LF,89,41,48,47
LS279LG,53,23,30,22
LS279LH,49,24,25,21
LS279LJ,5,3,2,2
LS279LL,18,10,8,6
LS279LN,37,18,19,15
LS279LP,64,32,32,26
LS279LQ,48,25,23,20
LS279LS,41,17,24,23
LS279LT,73,35,38,30
LS279LU,55,25,30,27
LS279LW,48,23,25,17
LS279LX,25,11,14,16
LS279LY,48,23,25,25
LS279LZ,48,23,25,19
LS279NA,58,25,33,30
LS279NB,8,4,4,3
LS279ND,32,15,17,13
LS279NF,43,22,21,23
LS279NG,3,2,1,1
LS279NH,22,12,10,11
LS279NJ,26,14,12,12
LS279NL,91,50,41,34
LS279NN,28,11,17,12
LS279NP,80,33,47,26
LS279NQ,47,25,22,19
LS279NR,72,36,36,29
LS279NS,150,77,73,50
LS279NT,118,60,58,37
LS279NU,22,14,8,11
LS279NW,18,9,9,10
LS279NX,7,2,5,3
LS279NY,18,6,12,14
LS279NZ,3,0,3,3
LS279PA,72,36,36,29
LS279PB,90,49,41,37
LS279PD,19,10,9,7
LS279PE,14,7,7,6
LS279PF,21,11,10,9
LS279PG,15,7,8,8
LS279PH,82,38,44,45
LS279PJ,28,13,15,8
LS279PL,94,47,47,38
LS279PN,148,72,76,73
LS279PP,111,60,51,53
LS279PQ,12,6,6,8
LS279PR,79,43,36,32
LS279PS,63,34,29,25
LS279PU,28,13,15,15
LS279PW,159,76,83,55
LS279PX,12,6,6,6
LS279PY,11,7,4,5
LS279PZ,41,18,23,19
LS279QA,47,26,21,18
LS279QB,13,7,6,6
LS279QD,18,8,10,6
LS279QE,55,28,27,22
LS279QF,3,2,1,2
LS279QG,84,38,46,59
LS279QH,13,6,7,11
LS279QJ,12,7,5,7
LS279QL,54,20,34,26
LS279QN,30,14,16,17
LS279QP,86,38,48,36
LS279QQ,48,21,27,34
LS279QS,30,15,15,14
LS279QU,10,3,7,4
LS279QW,65,29,36,27
LS279QX,4,3,1,1
LS279QY,112,60,52,59
LS279QZ,112,56,56,44
LS279RA,107,45,62,60
LS279RB,7,5,2,2
LS279RD,122,54,68,61
LS279RF,9,4,5,4
LS279RG,42,13,29,35
LS279RN,38,19,19,10
LS279RP,22,12,10,10
LS279RR,30,15,15,8
LS279RW,58,33,25,20
LS279RX,28,12,16,12
LS279RY,50,26,24,22
LS279RZ,42,22,20,18
LS279SA,101,46,55,50
LS279SB,34,16,18,16
LS279SD,22,10,12,11
LS279SE,1,1,0,1
LS279SF,46,20,26,18
LS279SG,32,12,20,14
LS279SH,44,23,21,21
LS279SJ,6,3,3,5
LS279SL,1,0,1,1
LS279SQ,18,6,12,11
LS279SY,16,4,12,14
LS279SZ,15,3,12,12
LS279TA,194,107,87,59
LS279TB,50,26,24,20
LS279TD,39,20,19,16
LS279TE,98,49,49,32
LS279TF,51,26,25,17
LS279TG,35,16,19,11
LS279TH,51,27,24,16
LS279TJ,43,21,22,14
LS279TL,26,9,17,8
LS279TP,15,7,8,4
LS279TQ,33,20,13,10
LS285AA,79,40,39,24
LS285AB,47,25,22,16
LS285AD,89,43,46,33
LS285AE,53,22,31,22
LS285AF,29,14,15,12
LS285AG,9,5,4,4
LS285AH,13,5,8,7
LS285AJ,11,7,4,6
LS285AL,22,10,12,15
LS285AN,20,9,11,13
LS285AP,5,3,2,3
LS285AR,21,13,8,11
LS285AS,20,6,14,11
LS285AT,32,14,18,10
LS285AU,6,2,4,5
LS285AW,16,9,7,13
LS285AX,43,18,25,24
LS285AY,30,15,15,19
LS285AZ,35,13,22,22
LS285BA,10,4,6,6
LS285BB,149,67,82,62
LS285BD,4,2,2,4
LS285BE,102,50,52,47
LS285BF,48,14,34,17
LS285BG,153,74,79,45
LS285BJ,23,11,12,11
LS285BL,30,14,16,13
LS285BN,19,9,10,9
LS285BP,32,15,17,15
LS285BQ,7,2,5,6
LS285BR,64,35,29,23
LS285BS,64,33,31,27
LS285BT,33,18,15,14
LS285BU,30,11,19,13
LS285BW,24,12,12,10
LS285BX,51,20,31,29
LS285BY,82,37,45,36
LS285BZ,28,15,13,16
LS285DA,28,12,16,13
LS285DB,1,0,1,1
LS285DD,12,4,8,9
LS285DE,12,4,8,9
LS285DF,11,5,6,9
LS285DG,16,4,12,9
LS285DJ,43,24,19,22
LS285DN,21,12,9,9
LS285DP,16,8,8,13
LS285DQ,8,5,3,6
LS285DR,25,11,14,16
LS285DS,17,7,10,9
LS285DT,66,31,35,25
LS285DU,68,31,37,24
LS285DW,5,1,4,4
LS285DX,104,51,53,39
LS285DY,108,49,59,41
LS285DZ,79,30,49,33
LS285EA,14,5,9,8
LS285EB,73,40,33,28
LS285ED,61,32,29,19
LS285EE,82,41,41,35
LS285EF,29,17,12,12
LS285EG,34,17,17,14
LS285EH,18,10,8,7
LS285EJ,84,37,47,36
LS285EL,7,4,3,2
LS285EN,12,7,5,8
LS285EP,12,5,7,7
LS285EQ,68,31,37,30
LS285ER,53,21,32,33
LS285ES,18,8,10,9
LS285ET,67,29,38,40
LS285EU,50,21,29,26
LS285EW,130,66,64,51
LS285EX,8,7,1,6
LS285EY,9,5,4,3
LS285FB,37,19,18,11
LS285FD,18,10,8,6
LS285FE,9,4,5,4
LS285FG,30,15,15,18
LS285FH,5,1,4,2
LS285FL,17,7,10,10
LS285GL,12,5,7,8
LS285GN,50,24,26,23
LS285GP,20,9,11,16
LS285GQ,5,3,2,3
LS285GR,142,67,75,83
LS285GS,60,34,26,25
LS285GT,39,19,20,16
LS285GU,13,6,7,4
LS285GW,8,5,3,4
LS285HA,61,35,26,28
LS285HB,24,10,14,12
LS285HD,61,27,34,23
LS285HE,55,24,31,17
LS285HF,21,12,9,9
LS285HG,40,16,24,16
LS285HH,52,27,25,20
LS285HJ,129,64,65,45
LS285HL,75,36,39,31
LS285HN,25,11,14,10
LS285HP,32,15,17,12
LS285HQ,52,26,26,20
LS285HR,44,22,22,16
LS285HS,77,40,37,29
LS285HT,35,20,15,16
LS285HU,132,57,75,52
LS285HW,39,20,19,28
LS285HX,21,8,13,12
LS285HY,21,9,12,7
LS285HZ,47,21,26,24
LS285JA,46,19,27,27
LS285JB,10,6,4,4
LS285JD,18,8,10,12
LS285JE,58,26,32,26
LS285JF,60,30,30,28
LS285JG,9,3,6,5
LS285JH,19,8,11,8
LS285JJ,48,24,24,19
LS285JL,11,6,5,8
LS285JP,85,38,47,44
LS285JQ,12,6,6,6
LS285JR,66,27,39,33
LS285JS,47,22,25,23
LS285JT,22,10,12,12
LS285JU,32,17,15,12
LS285JW,8,2,6,4
LS285JX,81,40,41,38
LS285JY,45,22,23,21
LS285JZ,94,40,54,38
LS285LA,26,14,12,12
LS285LB,33,14,19,11
LS285LD,6,4,2,4
LS285LE,57,22,35,25
LS285LF,10,4,6,5
LS285LH,41,18,23,17
LS285LJ,47,22,25,25
LS285LL,40,20,20,18
LS285LN,4,4,0,2
LS285LP,49,30,19,19
LS285LQ,2,1,1,1
LS285LR,77,35,42,31
LS285LS,83,43,40,38
LS285LT,37,19,18,16
LS285LU,62,32,30,25
LS285LW,119,53,66,47
LS285LX,55,28,27,24
LS285LY,69,34,35,36
LS285LZ,4,1,3,4
LS285NA,89,47,42,37
LS285NE,28,12,16,13
LS285NF,35,14,21,14
LS285NG,8,4,4,4
LS285NH,86,45,41,37
LS285NJ,33,16,17,18
LS285NL,56,28,28,26
LS285NN,16,9,7,7
LS285NP,18,9,9,10
LS285NQ,43,23,20,22
LS285NR,72,39,33,23
LS285NS,95,45,50,38
LS285NT,47,24,23,21
LS285NU,65,28,37,29
LS285NW,36,16,20,16
LS285NX,50,21,29,35
LS285NY,24,13,11,8
LS285NZ,3,2,1,2
LS285PA,20,7,13,5
LS285PB,46,22,24,22
LS285PD,113,52,61,56
LS285PE,10,6,4,7
LS285PF,41,19,22,22
LS285PG,35,16,19,17
LS285PH,45,20,25,22
LS285PJ,157,76,81,51
LS285PL,146,77,69,49
LS285PN,80,38,42,28
LS285PP,101,51,50,38
LS285PQ,15,6,9,7
LS285PR,84,43,41,36
LS285PS,45,22,23,17
LS285PT,19,9,10,12
LS285PU,69,37,32,31
LS285PW,87,44,43,35
LS285PX,54,26,28,25
LS285PY,128,60,68,56
LS285PZ,122,60,62,51
LS285QA,112,60,52,49
LS285QB,96,49,47,40
LS285QD,16,8,8,7
LS285QE,16,7,9,6
LS285QF,24,13,11,8
LS285QG,134,66,68,53
LS285QH,23,12,11,6
LS285QJ,2,1,1,1
LS285QN,3,1,2,2
LS285QP,118,63,55,37
LS285QQ,14,7,7,7
LS285QR,8,5,3,3
LS285QT,14,8,6,6
LS285QX,11,5,6,7
LS285QY,41,19,22,22
LS285QZ,3,2,1,2
LS285RA,2,1,1,2
LS285RB,4,2,2,2
LS285RD,22,11,11,8
LS285RE,17,8,9,7
LS285RF,9,5,4,2
LS285RG,21,11,10,7
LS285RH,103,55,48,41
LS285RJ,41,19,22,16
LS285RL,25,15,10,12
LS285RN,38,21,17,18
LS285RP,9,4,5,6
LS285RQ,20,11,9,8
LS285RS,4,1,3,1
LS285RT,128,62,66,51
LS285RU,22,11,11,9
LS285RW,32,15,17,12
LS285RX,17,9,8,5
LS285RZ,96,43,53,35
LS285SA,106,54,52,44
LS285SB,78,35,43,37
LS285SD,10,4,6,6
LS285SF,5,3,2,3
LS285SG,1,1,0,1
LS285SH,89,28,61,71
LS285SJ,23,15,8,19
LS285SL,12,6,6,9
LS285SN,27,12,15,20
LS285SP,25,14,11,13
LS285SR,83,40,43,38
LS285SU,31,13,18,12
LS285SW,7,6,1,5
LS285SX,30,17,13,12
LS285SY,84,44,40,35
LS285SZ,59,30,29,22
LS285TA,102,41,61,64
LS285TD,100,52,48,36
LS285TE,110,51,59,41
LS285TF,74,34,40,27
LS285TG,22,9,13,11
LS285TH,28,16,12,11
LS285TJ,34,16,18,16
LS285TL,3,1,2,2
LS285TN,34,18,16,10
LS285TP,162,79,83,62
LS285TQ,56,31,25,19
LS285TR,91,42,49,48
LS285TS,21,10,11,11
LS285TT,77,38,39,32
LS285TU,29,9,20,13
LS285TW,20,11,9,7
LS285TX,75,40,35,28
LS285TY,88,42,46,45
LS285TZ,41,23,18,20
LS285UA,62,28,34,30
LS285UB,29,12,17,12
LS285UD,69,36,33,23
LS285UE,31,12,19,13
LS285UF,21,9,12,15
LS285UG,24,10,14,19
LS285UL,14,6,8,7
LS285UN,8,3,5,4
LS285UP,32,16,16,22
LS285UQ,33,13,20,19
LS285UR,29,17,12,23
LS285UT,30,16,14,17
LS285UW,22,12,10,13
LS285UX,65,28,37,20
LS285UY,41,21,20,21
LS285UZ,16,8,8,7
LS285WA,5,3,2,3
LS285WD,31,15,16,10
LS285ZG,57,26,31,31
LS286AA,14,8,6,6
LS286AB,22,9,13,10
LS286AE,12,6,6,6
LS286AF,47,24,23,21
LS286AG,15,8,7,8
LS286AH,14,8,6,7
LS286AL,2,0,2,1
LS286AN,23,9,14,11
LS286AQ,24,15,9,8
LS286AS,4,3,1,2
LS286AX,38,20,18,17
LS286AZ,23,9,14,14
LS286BB,23,13,10,14
LS286BD,12,7,5,7
LS286BE,20,10,10,11
LS286BG,73,34,39,29
LS286BH,27,11,16,9
LS286BJ,31,12,19,12
LS286BL,46,21,25,19
LS286BN,2,2,0,2
LS286BP,8,4,4,3
LS286BQ,84,41,43,29
LS286BS,4,2,2,2
LS286BW,22,12,10,11
LS286BY,15,7,8,7
LS286DA,1,1,0,1
LS286DD,20,13,7,7
LS286DE,69,40,29,31
LS286DG,3,2,1,2
LS286DJ,40,20,20,20
LS286DL,4,2,2,2
LS286DP,2,1,1,1
LS286DQ,13,6,7,8
LS286DR,65,36,29,30
LS286DS,60,31,29,22
LS286DT,18,9,9,7
LS286DU,13,9,4,5
LS286DW,5,3,2,4
LS286DX,9,4,5,5
LS286DY,6,3,3,2
LS286EA,1,1,0,1
LS286EB,6,3,3,3
LS286ED,11,4,7,4
LS286EE,6,3,3,4
LS286EF,5,3,2,2
LS286EG,25,10,15,16
LS286EH,40,19,21,16
LS286EJ,72,29,43,27
LS286EL,77,39,38,34
LS286EN,31,13,18,14
LS286EP,3,0,3,0
LS286EQ,7,4,3,4
LS286ER,31,18,13,22
LS286EU,2,1,1,1
LS286EW,17,7,10,7
LS286EX,32,17,15,14
LS286EZ,11,8,3,8
LS286HD,20,7,13,9
LS286HN,2,1,1,1
LS286HP,45,23,22,22
LS286HR,43,23,20,18
LS286HS,27,8,19,14
LS286HT,7,3,4,2
LS286HU,3,1,2,1
LS286HX,27,14,13,10
LS286HY,15,6,9,9
LS286HZ,7,4,3,4
LS286JA,12,6,6,6
LS286JD,31,14,17,14
LS286JF,8,3,5,2
LS286JG,3,1,2,2
LS286JJ,13,5,8,6
LS286JL,4,2,2,3
LS286JX,44,21,23,17
LS286JY,27,13,14,10
LS286LA,20,10,10,13
LS286LB,39,17,22,22
LS286LD,49,24,25,20
LS286LH,46,23,23,20
LS286LL,15,10,5,8
LS286LP,55,26,29,27
LS286LS,30,14,16,17
LS286LT,12,5,7,6
LS286LW,36,14,22,22
LS286NA,44,23,21,19
LS286NB,40,14,26,19
LS286ND,18,7,11,11
LS286NE,43,21,22,23
LS286NF,8,3,5,5
LS286NG,154,78,76,68
LS286NH,55,27,28,25
LS286NJ,62,29,33,22
LS286NL,85,46,39,44
LS286NQ,16,6,10,8
LS286NR,57,29,28,25
LS286NS,53,22,31,30
LS286NT,28,10,18,26
LS286NY,13,6,7,6
LS286NZ,69,35,34,31
LS286PA,2,1,1,1
LS286PD,33,16,17,12
LS286PE,37,23,14,18
LS286PF,7,4,3,4
LS286PH,32,17,15,15
LS286PL,30,17,13,14
LS286PN,38,21,17,23
LS286PS,12,6,6,8
LS286PU,3,1,2,3
LS286PZ,21,11,10,8
LS286QB,51,27,24,27
LS286QD,73,34,39,33
LS286QE,40,25,15,15
LS286QH,69,38,31,25
LS286QQ,44,18,26,18
LS286RH,26,12,14,11
LS286RT,2,2,0,1
LS286UR,27,12,15,15
LS287AA,18,10,8,11
LS287AE,4,1,3,2
LS287AF,21,9,12,8
LS287AH,11,7,4,9
LS287AJ,12,6,6,7
LS287AL,8,5,3,2
LS287AN,28,15,13,12
LS287AP,17,7,10,6
LS287AQ,79,35,44,39
LS287AR,20,9,11,7
LS287AS,15,6,9,4
LS287AT,24,10,14,11
LS287AU,9,5,4,5
LS287AW,46,22,24,22
LS287AX,6,1,5,4
LS287AY,24,7,17,8
LS287AZ,14,9,5,3
LS287BA,2,1,1,2
LS287BB,70,31,39,29
LS287BD,3,3,0,3
LS287BE,5,2,3,2
LS287BF,8,4,4,6
LS287BG,2,1,1,1
LS287BN,4,2,2,3
LS287BP,7,3,4,3
LS287BQ,18,11,7,10
LS287BR,13,6,7,5
LS287BS,6,1,5,5
LS287BT,82,38,44,32
LS287BU,34,19,15,16
LS287BW,40,6,34,1
LS287BX,33,13,20,16
LS287BY,18,7,11,9
LS287BZ,33,15,18,13
LS287DA,23,13,10,11
LS287DB,29,14,15,10
LS287DD,86,43,43,41
LS287DF,40,19,21,19
LS287DG,25,11,14,11
LS287DH,70,34,36,34
LS287DJ,85,33,52,58
LS287DL,106,41,65,77
LS287DQ,35,19,16,14
LS287DR,9,6,3,7
LS287DS,8,3,5,4
LS287DT,20,6,14,4
LS287DU,17,6,11,12
LS287DW,14,10,4,4
LS287DX,8,6,2,5
LS287DY,24,15,9,7
LS287DZ,9,3,6,6
LS287EA,3,2,1,2
LS287EB,1,1,0,1
LS287ED,19,9,10,13
LS287EE,14,6,8,12
LS287EF,45,19,26,22
LS287EG,18,8,10,5
LS287EL,20,11,9,9
LS287EN,24,12,12,14
LS287EP,46,25,21,21
LS287ER,39,18,21,20
LS287ES,10,5,5,6
LS287ET,7,4,3,5
LS287EU,16,5,11,10
LS287EW,6,3,3,2
LS287EX,8,4,4,4
LS287EY,35,18,17,13
LS287EZ,56,31,25,18
LS287FB,4,2,2,1
LS287FD,6,3,3,3
LS287FH,2,1,1,1
LS287HA,10,4,6,4
LS287HB,85,37,48,26
LS287HD,26,12,14,5
LS287HE,66,32,34,18
LS287HF,112,52,60,41
LS287HG,56,22,34,23
LS287HH,4,2,2,2
LS287HJ,81,50,31,33
LS287HL,32,9,23,25
LS287HN,37,19,18,16
LS287HQ,74,36,38,24
LS287HR,17,7,10,14
LS287HS,89,39,50,40
LS287HT,79,44,35,30
LS287HU,51,29,22,22
LS287HW,26,11,15,11
LS287HX,7,4,3,3
LS287HY,14,8,6,12
LS287HZ,94,49,45,44
LS287JA,16,7,9,8
LS287JB,25,11,14,18
LS287JD,60,26,34,29
LS287JE,104,49,55,44
LS287JF,47,22,25,22
LS287JG,48,23,25,18
LS287JH,41,18,23,17
LS287JJ,44,27,17,18
LS287JL,37,16,21,14
LS287JN,53,20,33,23
LS287JP,12,5,7,7
LS287JQ,72,29,43,26
LS287JR,15,7,8,7
LS287JS,21,9,12,10
LS287JT,4,3,1,3
LS287JU,1,1,0,1
LS287JW,81,40,41,35
LS287JX,43,22,21,24
LS287JY,57,30,27,25
LS287JZ,14,6,8,7
LS287LD,4,2,2,3
LS287LE,21,6,15,18
LS287LJ,6,3,3,3
LS287LL,24,11,13,18
LS287LN,116,57,59,47
LS287LP,6,1,5,6
LS287LQ,17,7,10,10
LS287LR,63,26,37,26
LS287LS,71,36,35,35
LS287LU,7,3,4,4
LS287LW,73,39,34,34
LS287LX,10,5,5,5
LS287LY,31,14,17,15
LS287LZ,29,11,18,14
LS287NA,130,69,61,57
LS287NB,38,24,14,17
LS287NE,119,52,67,54
LS287NF,40,20,20,16
LS287NG,102,47,55,48
LS287NH,59,28,31,21
LS287NJ,26,11,15,14
LS287NL,17,8,9,7
LS287NN,20,11,9,10
LS287NP,38,18,20,13
LS287NQ,39,19,20,15
LS287NR,25,10,15,10
LS287NS,25,10,15,10
LS287NT,105,47,58,43
LS287NU,5,3,2,4
LS287NW,76,31,45,29
LS287NX,15,9,6,9
LS287NY,24,13,11,12
LS287NZ,20,13,7,10
LS287PA,27,11,16,10
LS287PB,28,13,15,13
LS287PD,70,36,34,28
LS287PE,28,14,14,16
LS287PF,63,28,35,23
LS287PG,55,25,30,23
LS287PH,39,16,23,18
LS287PJ,52,28,24,26
LS287PL,61,29,32,25
LS287PN,62,29,33,24
LS287PP,70,37,33,29
LS287PQ,38,18,20,15
LS287PR,123,59,64,43
LS287PS,24,7,17,11
LS287PT,42,21,21,12
LS287PU,32,19,13,11
LS287PW,6,2,4,4
LS287PX,41,20,21,17
LS287PZ,84,42,42,32
LS287QA,26,10,16,21
LS287QD,67,35,32,25
LS287QE,23,12,11,13
LS287QF,32,21,11,12
LS287QG,12,5,7,6
LS287QH,43,22,21,21
LS287QJ,55,28,27,23
LS287QL,164,79,85,63
LS287QN,57,24,33,20
LS287QP,68,34,34,28
LS287QQ,22,7,15,14
LS287QR,29,13,16,9
LS287QS,29,14,15,15
LS287QT,10,4,6,4
LS287QU,142,75,67,48
LS287QW,63,30,33,19
LS287QX,26,14,12,11
LS287QY,122,58,64,49
LS287QZ,67,31,36,20
LS287RA,18,8,10,7
LS287RB,77,38,39,26
LS287RD,92,46,46,38
LS287RE,57,27,30,31
LS287RF,61,19,42,10
LS287RH,12,9,3,8
LS287RJ,11,5,6,7
LS287RL,11,6,5,5
LS287RN,11,3,8,4
LS287RP,9,4,5,5
LS287RR,32,17,15,14
LS287RS,1,0,1,1
LS287RT,10,3,7,7
LS287RW,9,4,5,3
LS287RX,27,16,11,14
LS287RY,13,7,6,8
LS287RZ,68,31,37,26
LS287SA,14,5,9,10
LS287SB,13,5,8,8
LS287SD,29,13,16,4
LS287SG,64,33,31,26
LS287SH,21,11,10,9
LS287SJ,17,9,8,8
LS287SL,47,24,23,40
LS287SN,106,49,57,42
LS287SP,26,12,14,8
LS287SQ,32,13,19,16
LS287SR,64,30,34,20
LS287SS,110,49,61,52
LS287ST,43,20,23,19
LS287SU,64,34,30,20
LS287SW,22,13,9,10
LS287SX,41,18,23,20
LS287SY,5,2,3,4
LS287SZ,4,2,2,3
LS287TA,12,7,5,5
LS287TB,20,9,11,7
LS287TD,18,4,14,14
LS287TE,11,4,7,5
LS287TF,46,26,20,20
LS287TG,60,29,31,28
LS287TH,73,33,40,22
LS287TJ,38,16,22,13
LS287TL,32,16,16,13
LS287TN,76,34,42,28
LS287TQ,159,82,77,42
LS287TR,9,3,6,5
LS287TT,70,32,38,22
LS287TU,89,45,44,30
LS287TW,13,7,6,7
LS287TX,30,13,17,17
LS287UB,66,31,35,16
LS287UD,27,12,15,14
LS287UE,7,4,3,3
LS287UF,11,6,5,5
LS287UG,88,52,36,28
LS287UH,15,8,7,5
LS287UJ,22,10,12,9
LS287UL,6,4,2,5
LS287UN,7,1,6,4
LS287UQ,22,9,13,12
LS287UW,13,6,7,6
LS287UZ,21,10,11,13
LS287WA,9,3,6,7
LS287WB,8,3,5,7
LS287WD,10,6,4,7
LS287WE,18,9,9,13
LS287WF,3,1,2,3
LS287WG,19,8,11,9
LS287WH,32,15,17,22
LS287WL,8,5,3,6
LS287WN,21,10,11,11
LS287XQ,29,16,13,6
LS288AA,9,6,3,6
LS288AB,23,9,14,10
LS288AE,11,4,7,7
LS288AF,11,5,6,6
LS288AG,8,4,4,3
LS288AH,24,13,11,12
LS288AN,15,7,8,5
LS288AP,55,26,29,27
LS288AQ,48,21,27,20
LS288AR,107,46,61,43
LS288AS,101,43,58,41
LS288AT,72,33,39,40
LS288AU,15,8,7,6
LS288AW,12,6,6,6
LS288AX,154,71,83,61
LS288AY,12,5,7,4
LS288AZ,6,2,4,2
LS288BA,71,29,42,29
LS288BB,15,7,8,6
LS288BD,15,5,10,9
LS288BE,56,29,27,21
LS288BF,39,20,19,23
LS288BG,39,12,27,10
LS288BH,26,12,14,12
LS288BL,19,8,11,10
LS288BN,44,20,24,20
LS288BP,24,12,12,12
LS288BQ,12,7,5,4
LS288BR,73,38,35,28
LS288BT,25,13,12,11
LS288BU,54,28,26,24
LS288BW,64,36,28,23
LS288BX,73,40,33,28
LS288BY,78,38,40,35
LS288BZ,54,21,33,23
LS288DA,14,5,9,6
LS288DF,91,45,46,40
LS288DG,91,43,48,41
LS288DL,7,4,3,3
LS288DP,22,12,10,9
LS288DS,56,34,22,0
LS288DU,24,10,14,12
LS288DW,6,3,3,3
LS288DX,18,10,8,8
LS288DY,6,2,4,2
LS288DZ,2,1,1,1
LS288EA,10,5,5,4
LS288EB,12,6,6,5
LS288ED,86,34,52,24
LS288EE,4,4,0,1
LS288EF,91,42,49,33
LS288EG,68,38,30,32
LS288EH,74,33,41,30
LS288EJ,90,41,49,39
LS288EL,157,82,75,60
LS288EN,93,49,44,31
LS288EP,82,44,38,30
LS288EQ,102,46,56,33
LS288ER,82,41,41,29
LS288ES,7,3,4,3
LS288EU,38,21,17,12
LS288EW,38,18,20,18
LS288EX,72,34,38,23
LS288EY,22,10,12,9
LS288EZ,77,28,49,57
LS288HA,140,72,68,57
LS288HB,85,39,46,36
LS288HD,50,24,26,22
LS288HE,58,28,30,27
LS288HF,59,28,31,25
LS288HG,22,10,12,8
LS288HL,87,40,47,37
LS288HN,23,10,13,15
LS288HP,85,40,45,38
LS288HQ,4,2,2,1
LS288HR,27,12,15,12
LS288HS,17,9,8,9
LS288HT,9,3,6,5
LS288HU,68,35,33,30
LS288HX,89,49,40,38
LS288HY,9,4,5,5
LS288HZ,30,16,14,15
LS288JA,43,23,20,19
LS288JB,48,22,26,22
LS288JD,45,24,21,17
LS288JE,41,20,21,18
LS288JF,28,13,15,12
LS288JG,31,14,17,14
LS288JH,45,19,26,24
LS288JJ,31,17,14,13
LS288JL,15,4,11,6
LS288JP,27,11,16,15
LS288JQ,68,33,35,34
LS288JR,55,26,29,19
LS288JS,86,42,44,28
LS288JT,22,10,12,6
LS288JU,34,16,18,11
LS288JW,60,28,32,27
LS288JX,115,53,62,42
LS288JY,52,26,26,21
LS288JZ,95,49,46,38
LS288LA,46,19,27,21
LS288LB,61,30,31,30
LS288LD,51,21,30,24
LS288LE,12,5,7,7
LS288LF,8,4,4,4
LS288LG,6,2,4,4
LS288LH,33,11,22,12
LS288LJ,21,9,12,8
LS288LL,4,2,2,3
LS288LP,71,31,40,32
LS288LQ,30,15,15,16
LS288LR,3,1,2,2
LS288LS,9,3,6,4
LS288LT,62,31,31,29
LS288LU,51,27,24,27
LS288LW,26,10,16,10
LS288LX,79,42,37,34
LS288LY,35,17,18,13
LS288LZ,14,8,6,7
LS288NA,6,3,3,3
LS288NB,14,8,6,6
LS288ND,51,27,24,21
LS288NE,17,7,10,8
LS288NF,18,8,10,9
LS288NG,15,7,8,8
LS288NH,78,34,44,34
LS288NJ,1,0,1,1
LS288NL,6,5,1,3
LS288NN,26,15,11,16
LS288NP,33,14,19,14
LS288NQ,7,4,3,5
LS288NR,52,23,29,22
LS288NS,65,33,32,26
LS288NT,78,38,40,45
LS288NU,37,17,20,11
LS288NW,13,10,3,9
LS288NX,84,42,42,27
LS288NY,25,12,13,14
LS288NZ,103,45,58,42
LS288PA,47,22,25,18
LS288PB,42,24,18,16
LS288PD,6,4,2,2
LS288PE,67,34,33,30
LS288PF,25,12,13,19
LS288PG,14,7,7,7
LS288PH,47,12,35,37
LS288PJ,2,2,0,0
LS288PL,34,15,19,20
LS288PN,87,45,42,36
LS288PP,41,19,22,15
LS288PQ,4,2,2,1
LS288PR,42,16,26,19
LS288PS,71,34,37,29
LS288PT,18,9,9,8
LS288PU,58,26,32,35
LS288PW,52,28,24,21
LS288PX,14,6,8,7
LS288PY,7,3,4,5
LS288PZ,42,19,23,25
LS288QA,14,6,8,3
LS288QB,15,8,7,10
LS288QD,19,6,13,13
LS288QE,41,19,22,15
LS288QF,8,4,4,5
LS288QG,25,13,12,12
LS288QJ,4,0,4,4
LS288QN,20,11,9,9
LS288QP,36,11,25,27
LS288QQ,10,7,3,6
LS288QR,4,1,3,1
LS288QT,37,18,19,14
LS288QX,56,27,29,19
LS288QY,65,33,32,27
LS288QZ,100,49,51,36
LS288RA,33,15,18,22
LS288RD,52,25,27,21
LS288RE,23,8,15,9
LS288RF,27,14,13,9
LS288RG,12,6,6,5
LS288RH,10,4,6,3
LS288SA,48,25,23,16
LS288SB,41,18,23,19
LS289AA,33,16,17,13
LS289AB,55,27,28,22
LS289AD,58,34,24,29
LS289AE,11,6,5,3
LS289AH,10,5,5,6
LS289AJ,81,36,45,35
LS289AL,12,2,10,11
LS289AN,59,18,41,50
LS289AP,56,24,32,15
LS289AQ,79,40,39,35
LS289AR,20,9,11,7
LS289AS,44,21,23,33
LS289AT,8,5,3,3
LS289AU,2,1,1,1
LS289AW,160,75,85,60
LS289AY,8,6,2,6
LS289AZ,27,10,17,16
LS289BA,21,10,11,8
LS289BB,38,18,20,10
LS289BD,13,7,6,7
LS289BE,19,7,12,12
LS289BG,14,6,8,7
LS289BH,41,22,19,21
LS289BJ,11,5,6,4
LS289BL,26,11,15,11
LS289BP,134,65,69,49
LS289BQ,28,15,13,15
LS289BR,36,15,21,21
LS289BS,52,23,29,21
LS289BT,22,8,14,8
LS289BU,11,6,5,5
LS289BW,14,7,7,7
LS289BX,20,11,9,9
LS289BY,16,7,9,8
LS289BZ,38,19,19,22
LS289DA,14,6,8,5
LS289DD,50,21,29,21
LS289DE,48,23,25,19
LS289DG,22,12,10,8
LS289DH,79,43,36,27
LS289DJ,27,9,18,17
LS289DL,40,18,22,29
LS289DN,56,28,28,28
LS289DP,15,8,7,8
LS289DQ,23,11,12,9
LS289DS,1,1,0,1
LS289DT,68,31,37,38
LS289DU,15,6,9,8
LS289DW,22,10,12,12
LS289DX,8,3,5,3
LS289DY,156,73,83,53
LS289DZ,118,53,65,49
LS289EA,88,44,44,32
LS289EB,116,61,55,51
LS289ED,29,14,15,12
LS289EE,29,12,17,16
LS289EF,41,17,24,16
LS289EG,39,22,17,13
LS289EH,79,45,34,39
LS289EJ,2,0,2,2
LS289EL,55,29,26,23
LS289EN,68,32,36,31
LS289EP,7,2,5,4
LS289EQ,80,39,41,42
LS289ER,58,24,34,23
LS289ES,14,6,8,8
LS289ET,39,16,23,14
LS289EU,117,54,63,50
LS289EW,61,29,32,27
LS289EX,23,11,12,11
LS289EY,103,51,52,40
LS289EZ,13,3,10,8
LS289FD,13,7,6,7
LS289FE,10,4,6,5
LS289GA,53,24,29,31
LS289GB,81,35,46,26
LS289GD,49,25,24,31
LS289GE,36,21,15,22
LS289GF,30,15,15,20
LS289GG,2,2,0,1
LS289GH,13,7,6,12
LS289GW,53,28,25,15
LS289GY,45,23,22,15
LS289HA,63,30,33,29
LS289HB,37,19,18,18
LS289HD,14,6,8,6
LS289HE,19,10,9,13
LS289HF,43,19,24,18
LS289HG,62,32,30,25
LS289HJ,19,8,11,6
LS289HL,22,11,11,8
LS289HN,23,8,15,8
LS289HP,31,17,14,12
LS289HQ,58,25,33,18
LS289HR,13,6,7,4
LS289HS,3,0,3,2
LS289HT,59,27,32,26
LS289HW,97,52,45,40
LS289HX,36,18,18,14
LS289HY,3,1,2,3
LS289HZ,23,12,11,13
LS289JA,10,5,5,4
LS289JB,5,2,3,2
LS289JD,35,18,17,12
LS289JE,20,10,10,8
LS289JF,62,29,33,32
LS289JG,26,13,13,10
LS289JH,73,38,35,28
LS289JJ,57,24,33,22
LS289JL,27,12,15,15
LS289JN,2,1,1,1
LS289JP,16,7,9,4
LS289JQ,21,8,13,10
LS289JS,56,30,26,18
LS289JT,2,0,2,2
LS289JU,5,3,2,2
LS289JW,4,2,2,2
LS289JX,12,6,6,4
LS289JY,39,20,19,17
LS289JZ,63,29,34,27
LS289LA,36,18,18,13
LS289LB,11,6,5,10
LS289LD,17,9,8,6
LS289LE,37,20,17,23
LS289LF,69,36,33,29
LS289LG,47,25,22,17
LS289LH,9,4,5,5
LS289LJ,19,12,7,9
LS289LL,6,2,4,4
LS289LN,8,3,5,2
LS289LP,9,4,5,6
LS289LQ,2,1,1,1
LS289LR,2,1,1,2
LS289LU,8,2,6,3
LS289LW,98,50,48,36
LS289LX,70,37,33,31
LS289LZ,114,51,63,37
LS289NA,71,35,36,32
LS289NB,55,23,32,24
LS289ND,65,34,31,27
LS289NE,26,13,13,12
LS289NG,31,15,16,18
LS289NH,38,18,20,16
LS289NJ,35,13,22,18
LS289NL,60,29,31,31
LS289NN,67,33,34,25
LS289NP,38,16,22,14
LS289NQ,144,59,85,64
LS289NR,27,14,13,13
LS289NS,45,22,23,23
LS289NT,72,31,41,35
LS289NU,91,47,44,29
LS289NW,21,13,8,9
LS289NX,32,16,16,12
LS289NY,22,9,13,9
LS289NZ,45,20,25,13
LS289PA,14,7,7,8
LS289PB,15,5,10,4
LS290AA,73,36,37,33
LS290AB,9,6,3,3
LS290AD,31,11,20,17
LS290AE,28,12,16,12
LS290AG,18,9,9,9
LS290AH,7,4,3,3
LS290AJ,8,4,4,3
LS290AL,28,13,15,9
LS290AN,15,8,7,7
LS290AP,44,24,20,17
LS290AQ,68,31,37,28
LS290AR,33,14,19,10
LS290AS,26,13,13,9
LS290AT,25,14,11,12
LS290AU,80,40,40,34
LS290AW,16,6,10,8
LS290AY,72,37,35,25
LS290AZ,6,2,4,2
LS290BA,54,24,30,22
LS290BB,8,5,3,6
LS290BD,11,6,5,4
LS290BE,11,4,7,4
LS290BF,6,2,4,3
LS290BG,108,53,55,44
LS290BH,4,2,2,1
LS290BJ,11,5,6,5
LS290BL,5,2,3,2
LS290BN,8,5,3,3
LS290BP,2,1,1,1
LS290BQ,2,1,1,1
LS290BS,27,16,11,11
LS290BT,6,3,3,4
LS290BU,5,2,3,2
LS290BW,7,5,2,4
LS290BX,15,8,7,4
LS290BY,22,10,12,13
LS290DA,3,2,1,1
LS290DB,13,6,7,8
LS290DD,13,5,8,4
LS290DE,3,1,2,1
LS290DF,9,5,4,4
LS290DH,5,3,2,2
LS290DL,2,1,1,1
LS290DN,6,3,3,3
LS290DP,26,12,14,11
LS290DQ,44,26,18,14
LS290DR,5,2,3,2
LS290DS,47,23,24,18
LS290DT,41,23,18,16
LS290DU,13,6,7,7
LS290DW,6,3,3,3
LS290DX,17,10,7,5
LS290DY,1,0,1,1
LS290DZ,3,2,1,1
LS290EA,2,1,1,1
LS290EB,10,4,6,4
LS290ED,10,3,7,4
LS290EE,2,1,1,1
LS290EF,6,3,3,1
LS290EG,16,7,9,6
LS290EH,6,2,4,2
LS290EJ,4,3,1,2
LS290EL,1,1,0,1
LS290EN,12,5,7,3
LS290EP,12,5,7,5
LS290EQ,13,6,7,5
LS290ER,20,10,10,5
LS290ES,6,3,3,2
LS290ET,11,5,6,2
LS290EU,13,5,8,5
LS290EW,17,9,8,6
LS290EX,11,6,5,2
LS290EY,12,5,7,5
LS290EZ,16,8,8,7
LS290HA,28,13,15,14
LS290HD,3,1,2,2
LS290HE,7,4,3,2
LS290HF,7,3,4,3
LS290HG,12,5,7,3
LS290HH,13,6,7,3
LS290HJ,3,2,1,2
LS290HL,7,4,3,2
LS290HN,7,4,3,2
LS290HP,4,3,1,2
LS290HQ,9,4,5,6
LS290HR,3,1,2,3
LS290HS,4,3,1,2
LS290HT,9,3,6,4
LS290HU,5,2,3,1
LS290HW,18,10,8,9
LS290HX,3,1,2,2
LS290HY,8,4,4,3
LS290HZ,8,4,4,3
LS290JA,17,8,9,8
LS290JB,40,23,17,15
LS290JD,1,0,1,1
LS290JE,4,2,2,2
LS290JF,57,26,31,23
LS290JG,16,7,9,8
LS290JH,58,28,30,30
LS290JJ,27,14,13,16
LS290JL,5,3,2,2
LS290JN,34,17,17,14
LS290JP,19,7,12,10
LS290JQ,65,34,31,24
LS290JR,2,1,1,1
LS290JS,5,2,3,3
LS290JT,8,5,3,3
LS290JU,5,3,2,1
LS290JW,2,1,1,1
LS290JX,11,6,5,5
LS290JY,6,3,3,3
LS290JZ,18,10,8,4
LS290LA,12,9,3,4
LS290LB,5,3,2,2
LS290LD,2,1,1,1
LS290LE,15,8,7,6
LS290LF,2,1,1,1
LS290LG,3,2,1,1
LS290LH,5,1,4,2
LS290LJ,7,3,4,3
LS290LL,18,9,9,8
LS290LN,20,11,9,8
LS290LP,26,12,14,12
LS290LQ,13,8,5,8
LS290LR,25,11,14,13
LS290LS,10,5,5,5
LS290LT,22,11,11,9
LS290LU,17,10,7,6
LS290LW,23,10,13,13
LS290LX,27,13,14,12
LS290LY,34,16,18,14
LS290LZ,32,12,20,15
LS290NB,8,4,4,3
LS290ND,23,12,11,15
LS290NE,29,13,16,11
LS290NF,43,21,22,16
LS290NG,10,4,6,5
LS290NJ,19,9,10,5
LS290NL,28,9,19,22
LS290NN,15,5,10,8
LS290NP,12,6,6,8
LS290NQ,11,6,5,6
LS290NR,20,11,9,9
LS290NS,45,21,24,26
LS290NT,2,1,1,1
LS290NW,28,12,16,13
LS290NX,6,2,4,3
LS290NY,32,15,17,16
LS290NZ,66,32,34,44
LS290PA,49,20,29,26
LS290PB,8,4,4,5
LS290PD,76,35,41,36
LS290PE,8,3,5,4
LS290PF,8,3,5,3
LS290PG,3,2,1,1
LS290PH,9,3,6,7
LS290PJ,32,16,16,22
LS290PL,40,22,18,18
LS290PN,9,6,3,4
LS290PP,7,5,2,2
LS290PQ,45,22,23,18
LS290PR,81,36,45,37
LS290PS,69,35,34,27
LS290PT,67,30,37,37
LS290PU,75,38,37,38
LS290PW,4,2,2,2
LS290PX,34,16,18,21
LS290PY,9,4,5,6
LS290PZ,2,1,1,1
LS290QA,14,6,8,8
LS290QB,37,19,18,17
LS290QD,54,22,32,26
LS290QE,17,8,9,8
LS290QF,46,19,27,23
LS290QG,16,8,8,5
LS290QH,3,1,2,1
LS290QJ,1,0,1,1
LS290QL,11,5,6,6
LS290QN,14,6,8,6
LS290QP,26,10,16,13
LS290QQ,30,18,12,10
LS290QR,3,1,2,1
LS290QS,22,12,10,16
LS290QT,24,11,13,14
LS290QU,7,3,4,4
LS290QW,8,3,5,3
LS290QX,22,10,12,10
LS290QY,29,15,14,15
LS290QZ,47,19,28,28
LS290RA,51,26,25,22
LS290RB,26,12,14,15
LS290RD,11,5,6,5
LS290RE,20,8,12,13
LS290RF,32,17,15,12
LS290RH,1,1,0,1
LS290RJ,34,15,19,13
LS290RL,46,25,21,20
LS290RN,46,19,27,19
LS290RP,28,18,10,24
LS290RQ,27,16,11,12
LS290RR,3,2,1,1
LS290RS,22,11,11,8
LS290RT,5,1,4,5
LS290RU,9,3,6,6
LS290RW,26,14,12,9
LS290RX,19,8,11,13
LS290RY,19,9,10,8
LS290RZ,14,6,8,7
LS290SA,49,25,24,27
LS290SB,11,5,6,7
LS290SD,14,8,6,5
LS290SE,25,10,15,13
LS290SF,6,2,4,4
LS290SH,65,32,33,22
LS290SJ,44,18,26,29
LS290SN,5,2,3,2
LS290SP,49,24,25,20
LS290SQ,39,14,25,21
LS290SR,7,4,3,3
LS290SS,28,12,16,8
LS290ST,29,16,13,12
LS290SW,9,4,5,4
LS290SY,135,68,67,57
LS290SZ,6,4,2,2
LS290TA,67,34,33,29
LS290TB,21,10,11,12
LS290TD,50,24,26,16
LS290TE,22,10,12,12
LS290TF,41,19,22,21
LS290TG,26,13,13,9
LS290TH,30,15,15,9
LS290TJ,61,32,29,23
LS290TL,6,2,4,5
LS290TN,43,23,20,18
LS290TP,14,7,7,6
LS290TQ,44,24,20,24
LS290TR,9,6,3,3
LS290TS,10,5,5,5
LS290TW,25,11,14,7
LS296AE,61,30,31,25
LS296AF,110,53,57,41
LS296AH,46,25,21,14
LS296AJ,96,53,43,55
LS296AN,13,7,6,6
LS296AP,6,2,4,4
LS296AR,15,4,11,9
LS296AS,19,9,10,8
LS296AT,6,3,3,3
LS296AU,14,6,8,5
LS296AW,13,7,6,5
LS296AX,6,3,3,2
LS296AY,2,2,0,2
LS296AZ,2,1,1,1
LS296BA,7,5,2,1
LS296BB,4,2,2,3
LS296BD,5,3,2,3
LS296BE,14,8,6,6
LS296BF,29,14,15,9
LS296BG,25,13,12,10
LS296BH,7,3,4,3
LS296BJ,25,13,12,11
LS296BL,40,20,20,24
LS296BN,12,5,7,6
LS296BP,9,3,6,3
LS296BQ,17,9,8,7
LS296BS,24,10,14,14
LS296BT,41,24,17,17
LS296BU,29,17,12,13
LS296BW,2,1,1,1
LS296BX,43,21,22,26
LS296BY,39,18,21,26
LS296BZ,1,1,0,1
LS296DA,6,2,4,4
LS296DB,21,10,11,6
LS296DD,15,8,7,10
LS296DF,59,29,30,29
LS296DG,15,6,9,8
LS296DH,88,46,42,36
LS296DJ,18,8,10,10
LS296DL,40,21,19,17
LS296DN,23,10,13,11
LS296DP,40,21,19,15
LS296DQ,38,16,22,12
LS296DR,41,21,20,11
LS296DS,4,2,2,2
LS296DT,49,25,24,29
LS296DU,22,15,7,6
LS296DW,13,6,7,6
LS296DX,3,1,2,1
LS296DY,11,6,5,6
LS296EA,6,3,3,3
LS296EB,1,1,0,1
LS296ED,17,8,9,6
LS296EE,40,19,21,16
LS296EF,4,2,2,2
LS296EG,1,0,1,1
LS296EH,34,16,18,15
LS296EJ,7,4,3,2
LS296EL,44,19,25,16
LS296EN,24,13,11,10
LS296EP,13,6,7,8
LS296EQ,31,14,17,14
LS296ER,28,15,13,10
LS296ES,64,31,33,23
LS296ET,24,10,14,12
LS296EU,12,6,6,6
LS296EW,41,21,20,19
LS296EX,14,7,7,6
LS296EY,46,21,25,18
LS296EZ,6,4,2,3
LS296FB,48,25,23,35
LS296FD,9,4,5,5
LS296FE,49,29,20,35
LS296FF,20,8,12,10
LS296FH,6,3,3,2
LS296FS,31,17,14,21
LS296FY,5,1,4,2
LS296GB,7,4,3,2
LS296HA,9,4,5,3
LS296HB,63,33,30,24
LS296HD,15,4,11,7
LS296HE,46,18,28,18
LS296HF,90,47,43,38
LS296HG,22,6,16,14
LS296HH,6,3,3,2
LS296HJ,14,7,7,6
LS296HL,12,4,8,8
LS296HN,40,24,16,14
LS296HP,80,31,49,32
LS296HQ,38,19,19,19
LS296HR,16,6,10,7
LS296HS,5,2,3,3
LS296HT,33,15,18,9
LS296HU,33,16,17,11
LS296HW,36,15,21,17
LS296HX,14,8,6,7
LS296HY,33,15,18,12
LS296HZ,27,14,13,12
LS296JA,30,17,13,13
LS296JB,26,13,13,12
LS296JD,35,16,19,17
LS296JE,36,22,14,14
LS296JF,8,4,4,4
LS296JG,28,12,16,13
LS296JH,31,14,17,12
LS296JJ,17,8,9,9
LS296JL,20,9,11,5
LS296JN,71,35,36,26
LS296JP,4,1,3,3
LS296JQ,103,46,57,51
LS296JS,13,8,5,5
LS296JT,20,11,9,9
LS296JU,13,7,6,7
LS296JW,25,14,11,10
LS296JX,24,10,14,13
LS296JY,30,13,17,14
LS296JZ,10,4,6,5
LS296LA,33,14,19,19
LS296LB,18,6,12,13
LS296LD,11,3,8,8
LS296LE,20,12,8,11
LS296LF,29,11,18,12
LS296LH,12,6,6,8
LS296LJ,32,13,19,17
LS296LL,33,15,18,12
LS296LN,32,14,18,15
LS296LP,18,10,8,9
LS296LQ,8,2,6,5
LS296LR,31,16,15,12
LS296LS,17,8,9,6
LS296LT,82,45,37,33
LS296LU,36,16,20,16
LS296LW,9,3,6,5
LS296LX,27,11,16,14
LS296LY,39,19,20,18
LS296LZ,7,4,3,3
LS296NA,36,18,18,20
LS296NB,17,8,9,10
LS296ND,70,35,35,27
LS296NE,38,19,19,22
LS296NF,40,19,21,17
LS296NG,22,12,10,8
LS296NH,43,19,24,13
LS296NJ,81,37,44,29
LS296NL,11,6,5,5
LS296NN,47,22,25,19
LS296NP,14,8,6,6
LS296NQ,59,31,28,25
LS296NR,31,13,18,10
LS296NS,4,2,2,2
LS296NT,85,42,43,33
LS296NU,11,6,5,5
LS296NW,8,3,5,5
LS296NX,9,4,5,3
LS296NY,31,11,20,22
LS296NZ,12,6,6,4
LS296PA,15,7,8,12
LS296PB,61,29,32,22
LS296PD,44,25,19,14
LS296PE,69,31,38,24
LS296PF,13,8,5,4
LS296PG,75,35,40,29
LS296PH,7,3,4,4
LS296PJ,91,43,48,42
LS296PL,89,40,49,34
LS296PN,23,10,13,8
LS296PP,27,13,14,15
LS296PQ,8,5,3,3
LS296PR,5,2,3,2
LS296PT,3,1,2,2
LS296PU,20,12,8,10
LS296PW,21,11,10,8
LS296PX,18,7,11,12
LS296PY,7,4,3,2
LS296PZ,14,9,5,4
LS296QA,102,51,51,37
LS296QB,75,36,39,23
LS296QD,18,9,9,9
LS296QE,10,4,6,5
LS296QF,7,2,5,2
LS296QG,16,8,8,6
LS296QH,2,1,1,1
LS296QJ,79,35,44,53
LS296QL,95,51,44,34
LS296QN,71,37,34,29
LS296QP,54,28,26,25
LS296QQ,30,18,12,7
LS296QR,8,3,5,3
LS296QS,24,8,16,6
LS296QT,9,5,4,6
LS296QU,28,13,15,11
LS296QW,35,19,16,25
LS296QX,20,7,13,12
LS296RR,2,1,1,1
LS297AA,11,6,5,4
LS297AB,28,15,13,10
LS297AD,3,2,1,1
LS297AE,3,2,1,1
LS297AF,40,20,20,15
LS297AH,4,2,2,2
LS297AQ,9,5,4,3
LS297AR,12,7,5,5
LS297AS,33,18,15,12
LS297AT,15,7,8,7
LS297AU,11,5,6,6
LS297AW,2,1,1,1
LS297AX,20,10,10,8
LS297AY,16,6,10,5
LS297AZ,21,10,11,9
LS297BA,9,4,5,3
LS297BB,2,1,1,1
LS297BE,33,15,18,14
LS297BF,9,4,5,3
LS297BG,7,4,3,3
LS297BH,9,4,5,4
LS297BJ,5,2,3,2
LS297BL,13,7,6,4
LS297BN,40,18,22,10
LS297BP,12,7,5,4
LS297BQ,6,4,2,3
LS297BT,8,4,4,3
LS297BU,21,13,8,10
LS297BW,6,3,3,3
LS297BY,7,2,5,4
LS297BZ,41,22,19,16
LS297DA,23,8,15,13
LS297DB,13,6,7,4
LS297DD,35,13,22,13
LS297DF,24,12,12,14
LS297DG,4,2,2,2
LS297DH,4,1,3,3
LS297DJ,5,3,2,4
LS297DL,9,2,7,4
LS297DN,7,3,4,3
LS297DP,53,14,39,6
LS297DQ,12,5,7,8
LS297DR,2,1,1,1
LS297DT,48,14,34,30
LS297DU,1,0,1,1
LS297DW,12,6,6,4
LS297DX,39,14,25,29
LS297DY,24,10,14,8
LS297DZ,4,2,2,2
LS297EB,4,2,2,3
LS297ED,5,3,2,2
LS297EE,7,4,3,3
LS297EG,77,32,45,44
LS297EH,26,11,15,12
LS297EJ,27,15,12,12
LS297EL,29,9,20,17
LS297EN,44,20,24,22
LS297EP,12,4,8,8
LS297EQ,19,12,7,8
LS297ER,19,9,10,7
LS297ES,10,5,5,5
LS297ET,113,51,62,51
LS297EU,34,17,17,19
LS297EW,41,18,23,24
LS297EX,78,37,41,35
LS297EY,50,24,26,23
LS297EZ,4,2,2,2
LS297HA,139,67,72,57
LS297HB,5,3,2,3
LS297HD,34,15,19,20
LS297HE,15,8,7,8
LS297HH,53,29,24,19
LS297HJ,66,32,34,27
LS297HL,8,4,4,2
LS297HN,6,2,4,1
LS297HP,23,14,9,11
LS297HQ,3,0,3,2
LS297HR,10,3,7,3
LS297HS,53,28,25,26
LS297HT,19,10,9,7
LS297HU,5,2,3,3
LS297HW,1,1,0,1
LS297HX,9,5,4,5
LS297HY,40,25,15,19
LS297HZ,65,29,36,27
LS297JA,12,3,9,7
LS297JB,42,19,23,22
LS297JD,20,6,14,11
LS297JF,28,12,16,16
LS297JG,30,13,17,18
LS297JH,8,4,4,2
LS297JJ,12,5,7,9
LS297JL,30,13,17,19
LS297JN,33,16,17,18
LS297JP,27,16,11,12
LS297JQ,12,7,5,3
LS297JR,71,34,37,31
LS297JS,73,38,35,34
LS297JT,40,18,22,14
LS297JU,42,18,24,17
LS297JW,11,8,3,3
LS297JX,39,16,23,18
LS297JY,82,38,44,30
LS297JZ,25,12,13,20
LS297LA,39,16,23,14
LS297LB,135,63,72,42
LS297LD,56,29,27,18
LS297LE,25,15,10,8
LS297LF,95,46,49,47
LS297LG,49,25,24,17
LS297LH,66,37,29,30
LS297LJ,8,3,5,3
LS297LL,23,10,13,12
LS297LN,13,9,4,5
LS297LP,40,18,22,20
LS297LQ,75,33,42,29
LS297LR,42,18,24,19
LS297LS,72,40,32,34
LS297LT,19,11,8,8
LS297LU,8,4,4,3
LS297LW,19,9,10,5
LS297LX,6,3,3,4
LS297LY,32,15,17,11
LS297LZ,63,29,34,24
LS297ND,3,1,2,2
LS297NE,15,9,6,8
LS297NF,34,18,16,10
LS297NG,57,29,28,16
LS297NH,89,50,39,37
LS297NJ,47,24,23,18
LS297NL,123,52,71,43
LS297NN,61,27,34,30
LS297NP,22,9,13,8
LS297NQ,20,8,12,7
LS297NR,9,3,6,4
LS297NS,44,23,21,15
LS297NT,5,3,2,3
LS297NU,19,8,11,7
LS297NW,26,14,12,20
LS297NX,33,8,25,31
LS297NY,7,5,2,3
LS297NZ,6,4,2,2
LS297PA,45,21,24,17
LS297PB,66,35,31,32
LS297PD,13,5,8,6
LS297PE,3,2,1,2
LS297PF,7,3,4,3
LS297PG,11,6,5,3
LS297PH,29,11,18,10
LS297PJ,18,10,8,6
LS297PL,36,18,18,14
LS297PN,112,55,57,42
LS297PP,108,55,53,42
LS297PQ,59,33,26,23
LS297PR,34,16,18,15
LS297PS,8,3,5,3
LS297PT,25,13,12,9
LS297PU,26,14,12,8
LS297PW,48,24,24,24
LS297PX,8,5,3,3
LS297PY,2,1,1,1
LS297PZ,9,6,3,3
LS297QA,13,6,7,6
LS297QB,54,23,31,21
LS297QD,67,38,29,24
LS297QE,58,28,30,21
LS297QF,48,25,23,19
LS297QG,75,34,41,31
LS297QH,60,30,30,27
LS297QJ,27,13,14,12
LS297QL,7,3,4,4
LS297QN,7,4,3,3
LS297QP,4,3,1,1
LS297QQ,41,23,18,15
LS297QR,18,10,8,9
LS297QS,9,5,4,3
LS297QT,13,7,6,6
LS297QU,8,4,4,4
LS297QW,4,2,2,2
LS297QX,14,7,7,5
LS297QY,95,46,49,28
LS297RA,58,31,27,21
LS297RB,56,30,26,20
LS297RD,27,14,13,9
LS297RE,56,27,29,19
LS297RF,57,32,25,21
LS297RG,143,75,68,54
LS297RH,57,30,27,22
LS297RJ,3,1,2,2
LS297RL,61,31,30,22
LS297RN,30,15,15,11
LS297RP,36,19,17,10
LS297RQ,123,66,57,46
LS297RR,84,36,48,29
LS297RS,85,43,42,26
LS297RT,102,52,50,29
LS297RU,60,30,30,18
LS297RW,30,19,11,10
LS297RX,73,35,38,30
LS297RY,96,45,51,32
LS297RZ,15,9,6,4
LS297SA,10,7,3,3
LS297SD,11,6,5,4
LS297SE,11,5,6,4
LS297SF,13,6,7,6
LS297SG,43,21,22,11
LS297SH,4,2,2,1
LS297SJ,31,14,17,16
LS297SL,35,16,19,21
LS297SN,18,8,10,7
LS297SP,110,52,58,39
LS297SQ,61,31,30,26
LS297SR,27,14,13,11
LS297SS,18,10,8,5
LS297ST,108,56,52,36
LS297SW,15,7,8,4
LS297SX,67,33,34,26
LS297SY,16,8,8,4
LS297SZ,22,9,13,11
LS298AF,5,2,3,1
LS298AG,13,10,3,6
LS298AH,15,7,8,8
LS298AJ,12,6,6,7
LS298AN,2,1,1,1
LS298AQ,5,2,3,4
LS298AT,5,4,1,5
LS298AX,26,10,16,15
LS298AY,40,22,18,15
LS298AZ,27,15,12,12
LS298BA,27,13,14,11
LS298BB,8,4,4,3
LS298BD,55,26,29,25
LS298BE,18,10,8,7
LS298BF,6,3,3,3
LS298BG,32,18,14,9
LS298BH,1,0,1,1
LS298BL,102,41,61,29
LS298BN,45,21,24,15
LS298BP,8,4,4,1
LS298BQ,7,4,3,4
LS298BT,21,11,10,6
LS298BU,23,13,10,9
LS298BW,82,42,40,28
LS298BX,8,5,3,3
LS298DF,16,5,11,14
LS298DH,4,3,1,2
LS298DJ,6,4,2,3
LS298DL,16,8,8,9
LS298DN,19,11,8,11
LS298DP,16,10,6,10
LS298DQ,3,0,3,1
LS298DS,25,12,13,12
LS298DT,46,19,27,28
LS298DU,37,15,22,13
LS298DW,31,17,14,19
LS298DX,26,15,11,9
LS298DY,57,28,29,25
LS298EA,6,3,3,4
LS298ED,34,18,16,12
LS298EG,57,26,31,26
LS298EH,82,46,36,31
LS298EJ,45,21,24,30
LS298EL,8,3,5,1
LS298EN,24,11,13,15
LS298EP,106,51,55,50
LS298EQ,25,13,12,13
LS298ER,18,9,9,9
LS298ES,7,4,3,5
LS298EW,42,21,21,13
LS298EX,7,5,2,3
LS298EY,15,9,6,3
LS298EZ,3,2,1,1
LS298HA,7,2,5,4
LS298HH,87,38,49,37
LS298HJ,32,13,19,15
LS298HL,47,24,23,20
LS298HN,67,30,37,29
LS298HP,9,4,5,5
LS298HQ,4,3,1,2
LS298HR,118,62,56,50
LS298HS,35,14,21,20
LS298HT,19,8,11,7
LS298HU,56,30,26,26
LS298JA,85,44,41,43
LS298JD,74,33,41,32
LS298JE,5,2,3,2
LS298JF,39,18,21,19
LS298JG,22,8,14,10
LS298JH,61,30,31,23
LS298JJ,22,13,9,10
LS298JL,51,21,30,19
LS298JN,44,26,18,23
LS298JP,119,56,63,48
LS298JQ,22,9,13,11
LS298JR,61,29,32,32
LS298JS,8,4,4,3
LS298JT,18,9,9,8
LS298JU,17,6,11,9
LS298JW,57,21,36,28
LS298JX,30,17,13,9
LS298LA,67,37,30,32
LS298LB,61,26,35,19
LS298LD,58,34,24,22
LS298LE,64,31,33,26
LS298LF,96,44,52,36
LS298LG,17,5,12,16
LS298LH,9,6,3,5
LS298LJ,24,13,11,12
LS298LL,59,36,23,22
LS298LN,17,6,11,8
LS298LP,62,30,32,24
LS298LQ,9,4,5,5
LS298LR,36,15,21,14
LS298LS,88,42,46,41
LS298LT,56,21,35,26
LS298LU,146,72,74,47
LS298LW,8,4,4,4
LS298LX,66,32,34,26
LS298LY,5,2,3,2
LS298LZ,22,8,14,11
LS298NA,22,13,9,13
LS298ND,153,71,82,58
LS298NE,47,21,26,23
LS298NF,47,25,22,18
LS298NG,30,12,18,12
LS298NH,27,6,21,15
LS298NJ,58,26,32,34
LS298NL,90,36,54,37
LS298NN,58,26,32,24
LS298NP,46,20,26,26
LS298NQ,34,9,25,25
LS298NR,31,14,17,14
LS298NS,44,22,22,19
LS298NT,8,6,2,4
LS298NU,53,22,31,23
LS298NW,73,30,43,34
LS298NX,51,28,23,22
LS298NY,10,3,7,5
LS298NZ,43,16,27,31
LS298PA,93,49,44,33
LS298PD,11,7,4,4
LS298PE,55,27,28,21
LS298PF,17,5,12,16
LS298PG,52,23,29,21
LS298PH,72,32,40,30
LS298PJ,5,2,3,2
LS298PL,5,2,3,3
LS298PN,92,45,47,42
LS298PP,15,10,5,6
LS298PQ,49,19,30,17
LS298PS,40,20,20,19
LS298PT,109,55,54,38
LS298PU,31,13,18,17
LS298PW,16,9,7,7
LS298PX,6,3,3,3
LS298QA,58,26,32,25
LS298QB,48,19,29,16
LS298QD,37,18,19,15
LS298QE,18,9,9,6
LS298QF,87,41,46,36
LS298QG,60,29,31,24
LS298QH,30,15,15,9
LS298QJ,32,14,18,11
LS298QL,26,10,16,9
LS298QN,13,6,7,5
LS298QP,77,38,39,30
LS298QQ,48,26,22,19
LS298QR,17,7,10,7
LS298QS,21,10,11,9
LS298QT,101,41,60,37
LS298QU,89,43,46,36
LS298QW,15,5,10,6
LS298QY,52,28,24,19
LS298QZ,54,30,24,20
LS298RB,12,6,6,5
LS298RD,15,7,8,5
LS298RF,27,13,14,9
LS298RH,14,7,7,6
LS298RJ,22,12,10,10
LS298RL,74,31,43,32
LS298RN,47,23,24,19
LS298RP,23,13,10,13
LS298RQ,43,19,24,15
LS298RR,6,2,4,2
LS298RS,31,17,14,12
LS298RT,38,21,17,15
LS298RU,16,6,10,6
LS298RW,53,26,27,21
LS298RX,37,15,22,15
LS298RY,27,12,15,11
LS298RZ,19,8,11,6
LS298SA,55,29,26,19
LS298SB,51,24,27,20
LS298SD,17,9,8,6
LS298SE,21,10,11,8
LS298SF,25,13,12,10
LS298SG,13,7,6,4
LS298SH,31,17,14,20
LS298SL,18,9,9,8
LS298SN,57,16,41,48
LS298SQ,34,18,16,15
LS298SR,5,3,2,4
LS298SS,18,8,10,8
LS298ST,42,21,21,15
LS298SU,97,55,42,52
LS298SW,58,23,35,42
LS298SX,39,18,21,16
LS298SY,42,22,20,14
LS298SZ,101,52,49,38
LS298TA,30,13,17,16
LS298TB,15,5,10,8
LS298TD,8,3,5,3
LS298TE,29,15,14,13
LS298TF,24,7,17,16
LS298TH,11,7,4,3
LS298TJ,60,30,30,25
LS298TL,16,10,6,9
LS298TN,21,11,10,16
LS298TR,2,1,1,1
LS298TS,65,31,34,24
LS298TT,48,18,30,16
LS298TU,43,18,25,19
LS298TW,53,34,19,25
LS298TX,10,5,5,5
LS298TY,9,4,5,4
LS298UD,9,5,4,4
LS298UE,17,10,7,10
LS298UF,8,4,4,4
LS298UN,59,30,29,21
LS298UP,26,12,14,15
LS298UR,15,8,7,11
LS298US,22,8,14,12
LS298UT,18,10,8,12
LS299AA,66,29,37,37
LS299AB,4,2,2,2
LS299AD,9,3,6,3
LS299AE,26,11,15,15
LS299AF,25,10,15,9
LS299AG,32,16,16,15
LS299AH,61,30,31,21
LS299AJ,10,5,5,4
LS299AL,15,6,9,10
LS299AN,42,22,20,19
LS299AP,6,4,2,2
LS299AQ,51,28,23,17
LS299AR,18,8,10,13
LS299AT,45,16,29,9
LS299AW,36,17,19,25
LS299AX,15,7,8,7
LS299AY,6,3,3,2
LS299AZ,30,10,20,6
LS299BA,36,15,21,18
LS299BB,36,18,18,12
LS299BD,26,13,13,11
LS299BE,19,9,10,9
LS299BF,60,10,50,41
LS299BG,64,25,39,10
LS299BH,17,10,7,5
LS299BJ,45,17,28,13
LS299BL,57,25,32,25
LS299BN,40,18,22,16
LS299BP,111,50,61,37
LS299BQ,50,22,28,20
LS299BS,12,6,6,3
LS299BT,11,6,5,4
LS299BU,26,15,11,11
LS299BW,61,21,40,11
LS299BX,9,4,5,4
LS299BY,11,5,6,6
LS299BZ,109,52,57,42
LS299DA,15,8,7,6
LS299DB,106,53,53,38
LS299DD,7,3,4,5
LS299DE,8,5,3,4
LS299DG,18,11,7,7
LS299DH,6,4,2,2
LS299DJ,36,15,21,21
LS299DL,23,11,12,9
LS299DQ,11,6,5,5
LS299DR,7,5,2,4
LS299DS,2,1,1,1
LS299DT,3,1,2,2
LS299DU,2,2,0,2
LS299DX,5,1,4,2
LS299DZ,65,29,36,48
LS299EA,58,24,34,37
LS299EE,5,3,2,4
LS299EG,1,1,0,1
LS299EJ,8,4,4,4
LS299EL,14,5,9,5
LS299EP,45,25,20,16
LS299EQ,15,7,8,7
LS299ER,111,51,60,35
LS299ES,26,12,14,10
LS299ET,92,47,45,33
LS299EU,36,15,21,16
LS299EW,26,9,17,23
LS299EX,119,56,63,40
LS299EZ,46,23,23,20
LS299HA,20,10,10,8
LS299HB,10,4,6,5
LS299HD,8,4,4,4
LS299HE,56,28,28,29
LS299HF,10,6,4,6
LS299HH,57,21,36,40
LS299HJ,4,0,4,4
LS299HL,12,5,7,7
LS299HN,24,13,11,8
LS299HP,14,6,8,6
LS299HQ,27,12,15,19
LS299HR,15,9,6,8
LS299HT,28,9,19,19
LS299HU,23,12,11,12
LS299HX,2,1,1,1
LS299HY,22,9,13,10
LS299JA,29,16,13,10
LS299JB,2,1,1,1
LS299JD,12,7,5,7
LS299JE,28,12,16,16
LS299JF,4,1,3,1
LS299JG,33,15,18,20
LS299JH,15,6,9,4
LS299JJ,10,3,7,5
LS299JL,21,11,10,12
LS299JN,64,32,32,28
LS299JP,93,39,54,17
LS299JR,43,22,21,20
LS299JS,2,1,1,1
LS299JT,18,6,12,15
LS299JU,30,14,16,7
LS299JW,1,0,1,1
LS299JX,28,16,12,9
LS299JY,20,9,11,8
LS299LB,1,1,0,1
LS299LD,76,31,45,43
LS299LF,5,0,5,5
LS299LG,27,14,13,20
LS299LH,81,38,43,36
LS299LQ,10,3,7,5
LS299LU,35,15,20,18
LS299LW,4,1,3,2
LS299LZ,34,18,16,16
LS299NA,25,12,13,11
LS299ND,50,19,31,26
LS299NE,79,34,45,46
LS299NG,65,35,30,27
LS299NJ,2,1,1,1
LS299NN,45,21,24,18
LS299NP,31,17,14,11
LS299NQ,19,6,13,15
LS299NR,53,25,28,22
LS299NS,16,8,8,5
LS299NT,11,6,5,6
LS299NU,5,0,5,5
LS299NW,60,30,30,18
LS299NX,5,2,3,3
LS299NZ,51,25,26,14
LS299PA,13,9,4,10
LS299PB,22,7,15,14
LS299PD,38,19,19,12
LS299PE,34,17,17,13
LS299PF,22,11,11,10
LS299PG,43,25,18,15
LS299PH,51,9,42,2
LS299PJ,24,11,13,9
LS299PL,28,13,15,8
LS299PN,22,11,11,9
LS299PP,25,13,12,10
LS299PQ,32,16,16,13
LS299PR,119,53,66,38
LS299PS,10,6,4,4
LS299PT,27,13,14,16
LS299PU,76,33,43,24
LS299PW,29,13,16,13
LS299PX,21,8,13,10
LS299PY,130,69,61,46
LS299PZ,5,2,3,3
LS299QA,9,3,6,3
LS299QB,10,5,5,3
LS299QD,11,6,5,4
LS299QE,78,25,53,16
LS299QF,30,15,15,13
LS299QG,10,4,6,6
LS299QH,72,28,44,18
LS299QJ,82,42,40,49
LS299QL,56,27,29,15
LS299QN,18,9,9,7
LS299QP,56,30,26,24
LS299QQ,18,10,8,6
LS299QS,58,31,27,27
LS299QU,17,8,9,6
LS299QW,71,36,35,26
LS299QX,38,17,21,15
LS299QZ,25,13,12,9
LS299RA,47,23,24,17
LS299RB,1,1,0,1
LS299RE,32,16,16,14
LS299RF,2,1,1,1
LS299RG,16,2,14,14
LS299RH,44,17,27,29
LS299RJ,28,16,12,10
LS299RN,9,5,4,3
LS299RP,10,5,5,4
LS299RQ,26,11,15,13
LS299RS,10,5,5,5
LS299RT,11,6,5,4
LS299RU,15,9,6,9
LS299RW,9,5,4,2
LS299SH,13,5,8,8
LS299SJ,11,5,6,6
LS299SL,12,4,8,8
LS299SN,66,31,35,21
LS299SP,38,15,23,23
LS299SQ,8,4,4,4
LS299SW,48,26,22,18
LS299SY,9,5,4,3
LS299SZ,15,7,8,9
LS299TB,20,11,9,6
LS299TD,16,7,9,5
LS299TE,27,13,14,20
LS299TF,23,12,11,16
LS299TG,11,6,5,7
LS299TH,21,12,9,7
LS299TJ,14,3,11,13
LS299TX,39,22,17,13
LS299TY,73,39,34,25
LS299TZ,20,11,9,11
LS3 1AD,19,11,8,13
LS3 1AF,432,159,273,0
LS3 1AH,3,2,1,2
LS3 1AJ,8,0,8,2
LS3 1AP,124,45,79,43
LS3 1AS,53,30,23,27
LS3 1AT,71,34,37,18
LS3 1AU,12,3,9,4
LS3 1AW,20,10,10,9
LS3 1AX,36,19,17,12
LS3 1AY,51,23,28,13
LS3 1BJ,27,18,9,24
LS3 1BQ,104,64,40,46
LS3 1BS,1,0,1,1
LS3 1BT,18,8,10,9
LS3 1BW,56,34,22,27
LS3 1BX,164,82,82,88
LS3 1DA,71,25,46,36
LS3 1DE,27,13,14,15
LS3 1DF,48,20,28,19
LS3 1DJ,9,5,4,3
LS3 1DL,68,44,24,40
LS3 1DN,300,146,154,0
LS3 1DP,68,33,35,36
LS3 1DT,55,39,16,23
LS3 1DU,87,44,43,26
LS3 1DX,11,4,7,5
LS3 1DY,130,74,56,73
LS3 1EA,26,10,16,17
LS3 1ER,20,8,12,9
LS3 1ET,50,26,24,19
LS3 1EU,50,30,20,36
LS3 1EX,34,19,15,21
LS3 1EZ,57,26,31,21
LS3 1HA,88,46,42,31
LS3 1HB,22,11,11,16
LS3 1HE,42,28,14,25
LS3 1HG,304,163,141,129
LS3 1HN,82,38,44,34
LS3 1HX,1,1,0,1
LS3 1HY,1,1,0,1
LS3 1JP,227,117,110,36
LS3 1JR,1,1,0,1
LS3 1LB,3,2,1,1
LS3 1LD,151,64,87,1
LS3 1LN,2,1,1,1
LS3 1LW,4,2,2,1
LS3 1LX,1,1,0,1
LS3 1LY,4,1,3,1
LS3 1NA,1428,651,777,9
LS3 1NP,42,25,17,21
LS3 1NQ,1,1,0,1
LS3 1NR,41,22,19,29
LS3 1NS,33,16,17,13
LS3 1NT,69,38,31,21
LS3 1NU,28,16,12,15
LS3 1NW,13,6,7,5
LS3 1NX,70,38,32,24
LS4 2AB,73,32,41,35
LS4 2AL,26,16,10,14
LS4 2DG,1,1,0,1
LS4 2DU,68,32,36,35
LS4 2DZ,59,29,30,40
LS4 2EA,14,10,4,11
LS4 2ED,87,41,46,38
LS4 2EE,34,17,17,28
LS4 2EL,2,1,1,1
LS4 2EN,22,14,8,14
LS4 2ET,7,4,3,1
LS4 2EU,169,78,91,47
LS4 2EZ,1,1,0,1
LS4 2HD,7,3,4,5
LS4 2HE,38,23,15,12
LS4 2HF,60,28,32,22
LS4 2HG,74,37,37,25
LS4 2HL,43,8,35,16
LS4 2HN,20,7,13,13
LS4 2HQ,60,36,24,33
LS4 2HS,11,10,1,10
LS4 2HY,12,4,8,5
LS4 2JA,35,16,19,11
LS4 2JB,32,15,17,20
LS4 2JD,39,19,20,23
LS4 2JE,83,49,34,29
LS4 2JF,90,52,38,38
LS4 2JG,10,7,3,5
LS4 2JH,56,33,23,21
LS4 2JJ,2,2,0,2
LS4 2JL,29,15,14,19
LS4 2JN,4,2,2,3
LS4 2JP,25,14,11,10
LS4 2JQ,35,18,17,16
LS4 2JR,19,10,9,10
LS4 2JS,16,8,8,9
LS4 2JU,78,40,38,36
LS4 2JW,40,22,18,19
LS4 2JY,108,53,55,39
LS4 2JZ,79,47,32,46
LS4 2LA,98,55,43,56
LS4 2LB,46,27,19,17
LS4 2LD,3,2,1,2
LS4 2LE,5,4,1,3
LS4 2LG,20,9,11,9
LS4 2LH,131,74,57,47
LS4 2LJ,15,8,7,7
LS4 2LL,47,22,25,18
LS4 2LN,78,48,30,30
LS4 2LP,197,105,92,62
LS4 2LQ,55,29,26,27
LS4 2LR,52,30,22,16
LS4 2LS,11,10,1,2
LS4 2LT,32,13,19,10
LS4 2LU,15,14,1,5
LS4 2LW,22,13,9,11
LS4 2LX,22,11,11,12
LS4 2LY,21,19,2,9
LS4 2LZ,24,11,13,10
LS4 2NA,29,14,15,11
LS4 2NB,27,19,8,11
LS4 2ND,18,12,6,12
LS4 2NE,31,23,8,13
LS4 2NF,39,27,12,14
LS4 2NG,192,113,79,60
LS4 2NH,77,43,34,35
LS4 2NJ,25,13,12,9
LS4 2NL,19,12,7,9
LS4 2NN,21,8,13,10
LS4 2NP,20,10,10,10
LS4 2NQ,168,76,92,67
LS4 2NR,19,8,11,10
LS4 2NS,13,9,4,6
LS4 2NT,50,28,22,16
LS4 2NU,19,13,6,9
LS4 2NW,16,11,5,10
LS4 2NX,2,2,0,2
LS4 2NY,11,7,4,6
LS4 2NZ,83,45,38,28
LS4 2PA,46,26,20,20
LS4 2PB,131,64,67,39
LS4 2PD,29,14,15,16
LS4 2PE,13,9,4,4
LS4 2PF,30,21,9,9
LS4 2PG,18,13,5,8
LS4 2PH,89,45,44,32
LS4 2PJ,69,51,18,26
LS4 2PL,14,8,6,5
LS4 2PN,24,9,15,11
LS4 2PP,54,28,26,25
LS4 2PQ,24,9,15,11
LS4 2PR,77,36,41,25
LS4 2PT,1,1,0,1
LS4 2PW,13,10,3,8
LS4 2QD,108,55,53,47
LS4 2QF,68,35,33,30
LS4 2QG,64,38,26,22
LS4 2QH,57,27,30,27
LS4 2QJ,71,36,35,38
LS4 2QL,39,20,19,22
LS4 2QN,77,34,43,31
LS4 2QP,16,8,8,6
LS4 2QQ,91,45,46,45
LS4 2QR,53,28,25,17
LS4 2QS,67,30,37,39
LS4 2QT,51,23,28,31
LS4 2QU,118,65,53,56
LS4 2QW,6,2,4,4
LS4 2QX,143,69,74,62
LS4 2QY,95,51,44,48
LS4 2RA,72,37,35,43
LS4 2RB,85,42,43,51
LS4 2RD,123,72,51,60
LS4 2RE,89,46,43,45
LS4 2RF,14,7,7,8
LS4 2RG,30,16,14,10
LS4 2RH,65,31,34,28
LS4 2RJ,107,50,57,53
LS4 2RL,10,4,6,5
LS4 2RN,43,22,21,20
LS4 2RP,29,20,9,11
LS4 2RQ,53,26,27,23
LS4 2RR,84,48,36,30
LS4 2RS,106,43,63,30
LS4 2RT,1,1,0,1
LS4 2RU,122,58,64,34
LS4 2RW,54,27,27,23
LS4 2RX,7,1,6,2
LS4 2RY,88,45,43,30
LS4 2RZ,124,64,60,44
LS4 2SA,58,15,43,20
LS4 2SB,33,15,18,15
LS4 2SD,28,14,14,13
LS4 2SE,105,71,34,42
LS4 2SF,19,11,8,10
LS4 2SG,32,17,15,14
LS4 2SH,3,3,0,3
LS4 2SN,46,29,17,16
LS4 2SP,29,19,10,11
LS4 2SQ,108,46,62,67
LS4 2SR,37,17,20,14
LS4 2SS,74,34,40,24
LS4 2ST,54,28,26,21
LS4 2SU,105,50,55,40
LS4 2SW,67,39,28,29
LS4 2SX,69,35,34,29
LS4 2SY,52,28,24,20
LS4 2SZ,151,72,79,55
LS4 2TA,18,6,12,9
LS4 2TB,26,15,11,10
LS4 2TD,145,64,81,53
LS4 2TE,26,12,14,12
LS4 2TG,75,33,42,28
LS4 2TH,42,20,22,18
LS4 2TJ,25,11,14,15
LS4 2TL,51,24,27,19
LS4 2TN,54,27,27,27
LS4 2TP,48,25,23,18
LS4 2TQ,53,24,29,24
LS4 2TR,70,39,31,37
LS4 2TS,126,62,64,53
LS4 2TT,16,11,5,4
LS4 2TU,26,7,19,10
LS4 2TW,65,33,32,29
LS4 2TX,62,33,29,25
LS4 2TY,204,103,101,64
LS4 2TZ,44,23,21,15
LS4 2UA,50,24,26,17
LS4 2UB,95,67,28,68
LS4 2UD,62,33,29,0
LS4 2UF,47,27,20,42
LS5 2AB,29,12,17,12
LS5 3AL,5,3,2,4
LS5 3AS,2,1,1,2
LS5 3AT,6,2,4,5
LS5 3AU,5,2,3,1
LS5 3AW,4,2,2,1
LS5 3AY,48,30,18,35
LS5 3AZ,72,33,39,33
LS5 3BA,52,24,28,23
LS5 3BE,24,6,18,10
LS5 3BU,28,15,13,9
LS5 3BX,53,26,27,30
LS5 3BZ,6,3,3,5
LS5 3DD,46,21,25,13
LS5 3DE,14,7,7,5
LS5 3DG,67,38,29,24
LS5 3DH,32,17,15,14
LS5 3DJ,36,18,18,16
LS5 3DL,32,15,17,13
LS5 3DN,46,30,16,23
LS5 3DP,31,16,15,15
LS5 3DQ,7,3,4,4
LS5 3DR,15,7,8,13
LS5 3DS,27,13,14,12
LS5 3DT,30,16,14,13
LS5 3DU,39,18,21,15
LS5 3DW,130,55,75,53
LS5 3DY,27,12,15,12
LS5 3DZ,59,31,28,29
LS5 3EA,33,16,17,19
LS5 3ED,58,12,46,0
LS5 3EF,22,11,11,18
LS5 3EG,6,2,4,3
LS5 3EJ,17,7,10,0
LS5 3EL,80,37,43,49
LS5 3EN,46,27,19,16
LS5 3EP,28,17,11,14
LS5 3ER,24,14,10,18
LS5 3ES,10,5,5,6
LS5 3ET,45,24,21,21
LS5 3EU,56,29,27,16
LS5 3EW,11,7,4,5
LS5 3EX,21,10,11,10
LS5 3EY,44,22,22,22
LS5 3EZ,64,40,24,28
LS5 3GY,7,4,3,4
LS5 3GZ,36,17,19,20
LS5 3HA,2,0,2,2
LS5 3HB,4,2,2,1
LS5 3HE,75,49,26,49
LS5 3HF,27,9,18,17
LS5 3HG,57,32,25,22
LS5 3HH,40,20,20,22
LS5 3HJ,35,20,15,17
LS5 3HL,34,17,17,14
LS5 3HN,41,20,21,18
LS5 3HP,4,2,2,2
LS5 3HQ,58,35,23,28
LS5 3HR,36,17,19,20
LS5 3HS,6,4,2,3
LS5 3HU,9,4,5,3
LS5 3HW,40,18,22,18
LS5 3HX,12,7,5,5
LS5 3HY,12,7,5,5
LS5 3HZ,36,17,19,14
LS5 3JA,17,8,9,6
LS5 3JB,40,21,19,15
LS5 3JD,83,43,40,44
LS5 3JF,71,37,34,26
LS5 3JH,59,30,29,27
LS5 3JJ,61,33,28,30
LS5 3JL,80,40,40,35
LS5 3JN,32,17,15,16
LS5 3JP,20,8,12,13
LS5 3JQ,72,37,35,30
LS5 3JR,24,10,14,13
LS5 3JS,13,10,3,6
LS5 3JT,16,7,9,6
LS5 3JU,17,7,10,7
LS5 3JW,9,3,6,5
LS5 3JY,9,6,3,5
LS5 3JZ,25,14,11,16
LS5 3LA,12,7,5,3
LS5 3LB,4,3,1,2
LS5 3LD,3,2,1,1
LS5 3LE,35,10,25,30
LS5 3LF,99,45,54,52
LS5 3LG,62,33,29,27
LS5 3LH,39,19,20,17
LS5 3LJ,62,32,30,23
LS5 3LL,69,31,38,28
LS5 3LN,105,54,51,48
LS5 3LP,25,13,12,12
LS5 3LQ,48,22,26,25
LS5 3LR,46,21,25,17
LS5 3LS,50,19,31,17
LS5 3LT,34,13,21,13
LS5 3LU,9,4,5,4
LS5 3LW,58,31,27,28
LS5 3LX,147,82,65,52
LS5 3LY,41,24,17,14
LS5 3LZ,22,6,16,8
LS5 3NA,72,32,40,40
LS5 3NB,78,44,34,36
LS5 3NE,6,3,3,2
LS5 3NG,21,12,9,10
LS5 3NH,66,29,37,30
LS5 3NJ,60,30,30,22
LS5 3NL,87,34,53,38
LS5 3NN,77,39,38,29
LS5 3NP,122,60,62,47
LS5 3NQ,130,69,61,51
LS5 3NR,94,43,51,36
LS5 3NS,39,14,25,28
LS5 3NT,61,27,34,25
LS5 3NU,84,39,45,48
LS5 3NW,49,23,26,24
LS5 3NX,70,33,37,29
LS5 3NZ,22,13,9,8
LS5 3PA,27,12,15,8
LS5 3PB,42,21,21,16
LS5 3PD,67,39,28,26
LS5 3PE,23,12,11,10
LS5 3PF,77,36,41,33
LS5 3PG,53,25,28,20
LS5 3PH,73,37,36,22
LS5 3PJ,9,5,4,4
LS5 3PL,31,15,16,10
LS5 3PN,32,18,14,13
LS5 3PP,20,9,11,8
LS5 3PQ,51,26,25,20
LS5 3PR,79,43,36,29
LS5 3PS,74,32,42,26
LS5 3PT,86,39,47,33
LS5 3PU,68,35,33,25
LS5 3PW,54,20,34,19
LS5 3PX,15,6,9,8
LS5 3PY,88,50,38,38
LS5 3PZ,19,12,7,11
LS5 3QA,8,4,4,3
LS5 3QB,68,26,42,46
LS5 3QD,31,14,17,20
LS5 3QE,20,9,11,8
LS5 3QF,58,24,34,24
LS5 3QG,95,48,47,47
LS5 3QH,69,31,38,25
LS5 3QJ,81,41,40,34
LS5 3QL,44,25,19,26
LS5 3QN,118,55,63,47
LS5 3QP,38,17,21,18
LS5 3QQ,30,17,13,12
LS5 3QR,34,17,17,14
LS5 3QS,77,38,39,36
LS5 3QT,53,25,28,24
LS5 3QU,88,48,40,25
LS5 3QW,99,43,56,39
LS5 3QX,18,11,7,6
LS5 3QY,18,10,8,7
LS5 3QZ,18,9,9,9
LS5 3RA,37,19,18,20
LS5 3RB,23,10,13,12
LS5 3RD,30,14,16,15
LS5 3RE,61,27,34,43
LS5 3RF,109,48,61,46
LS5 3RG,71,34,37,36
LS5 3RH,4,3,1,2
LS5 3RJ,64,33,31,42
LS5 3RL,54,25,29,27
LS5 3RN,48,20,28,8
LS5 3RQ,77,38,39,41
LS5 3RR,49,23,26,32
LS5 3RT,82,51,31,23
LS5 3RU,110,50,60,31
LS5 3RW,14,9,5,6
LS5 3RX,941,507,434,0
LS5 3RY,27,15,12,15
LS5 3SA,12,6,6,5
LS5 3SB,25,10,15,17
LS6 1AA,77,49,28,38
LS6 1AB,113,46,67,37
LS6 1AD,65,31,34,39
LS6 1AF,3,3,0,1
LS6 1AG,124,61,63,44
LS6 1AH,211,115,96,86
LS6 1AJ,207,109,98,67
LS6 1AL,204,113,91,126
LS6 1AP,165,104,61,54
LS6 1AQ,21,11,10,12
LS6 1AS,143,71,72,36
LS6 1AT,1,1,0,1
LS6 1AU,209,89,120,45
LS6 1AW,4,3,1,3
LS6 1AX,188,85,103,42
LS6 1AY,124,57,67,42
LS6 1AZ,143,72,71,26
LS6 1BA,151,66,85,35
LS6 1BB,20,10,10,6
LS6 1BD,59,31,28,36
LS6 1BE,203,105,98,54
LS6 1BG,23,11,12,11
LS6 1BH,6,3,3,4
LS6 1BJ,192,75,117,48
LS6 1BL,16,8,8,10
LS6 1BP,41,26,15,13
LS6 1BQ,128,67,61,48
LS6 1BR,4,3,1,3
LS6 1BS,19,7,12,9
LS6 1BT,51,22,29,24
LS6 1BU,184,97,87,54
LS6 1BW,9,7,2,5
LS6 1BX,85,49,36,35
LS6 1BY,46,22,24,28
LS6 1BZ,124,67,57,32
LS6 1DA,51,30,21,13
LS6 1DB,127,65,62,24
LS6 1DD,194,122,72,45
LS6 1DE,179,86,93,33
LS6 1DF,135,64,71,32
LS6 1DG,159,72,87,30
LS6 1DH,17,11,6,6
LS6 1DJ,51,27,24,17
LS6 1DL,134,76,58,60
LS6 1DN,68,27,41,13
LS6 1DQ,17,6,11,7
LS6 1DR,114,76,38,37
LS6 1DS,44,25,19,20
LS6 1DT,61,28,33,17
LS6 1DU,109,63,46,55
LS6 1DW,91,46,45,52
LS6 1DX,107,47,60,25
LS6 1DY,100,47,53,26
LS6 1DZ,137,81,56,30
LS6 1EA,144,62,82,38
LS6 1EB,114,72,42,52
LS6 1ED,29,15,14,10
LS6 1EE,94,42,52,30
LS6 1EF,147,69,78,37
LS6 1EG,46,28,18,12
LS6 1EH,48,13,35,24
LS6 1EJ,39,20,19,11
LS6 1EL,13,9,4,4
LS6 1EN,45,18,27,14
LS6 1EP,146,61,85,33
LS6 1EQ,144,71,73,34
LS6 1ER,149,69,80,31
LS6 1ES,125,54,71,46
LS6 1ET,168,87,81,46
LS6 1EU,103,28,75,18
LS6 1EW,92,35,57,27
LS6 1EX,116,62,54,45
LS6 1EY,124,68,56,36
LS6 1EZ,183,81,102,48
LS6 1HA,152,64,88,39
LS6 1HB,16,10,6,5
LS6 1HD,185,74,111,35
LS6 1HE,30,19,11,8
LS6 1HG,70,30,40,18
LS6 1HH,71,30,41,18
LS6 1HJ,46,22,24,14
LS6 1HL,53,27,26,16
LS6 1HN,46,24,22,13
LS6 1HP,88,17,71,15
LS6 1HQ,68,30,38,21
LS6 1HR,52,27,25,25
LS6 1HS,146,81,65,32
LS6 1HT,176,78,98,36
LS6 1HU,144,83,61,30
LS6 1HW,27,15,12,7
LS6 1HY,22,11,11,10
LS6 1HZ,87,36,51,25
LS6 1JA,17,6,11,7
LS6 1JB,41,25,16,13
LS6 1JD,167,71,96,35
LS6 1JE,45,18,27,12
LS6 1JF,31,13,18,14
LS6 1JG,49,21,28,16
LS6 1JH,60,37,23,13
LS6 1JJ,231,132,99,41
LS6 1JL,22,17,5,10
LS6 1JN,12,4,8,7
LS6 1JP,14,9,5,9
LS6 1JQ,75,28,47,21
LS6 1JR,22,14,8,8
LS6 1JS,34,19,15,17
LS6 1JT,31,15,16,16
LS6 1JU,33,17,16,18
LS6 1JW,20,7,13,10
LS6 1JX,30,11,19,15
LS6 1JY,80,44,36,21
LS6 1JZ,24,12,12,10
LS6 1LA,31,11,20,11
LS6 1LB,53,29,24,15
LS6 1LD,39,20,19,13
LS6 1LF,5,0,5,1
LS6 1LJ,44,23,21,14
LS6 1LP,28,11,17,7
LS6 1LR,67,37,30,18
LS6 1LS,171,89,82,53
LS6 1LT,52,22,30,12
LS6 1LU,87,43,44,25
LS6 1LX,97,26,71,25
LS6 1LY,98,63,35,25
LS6 1LZ,95,37,58,25
LS6 1NA,54,33,21,14
LS6 1NB,70,38,32,20
LS6 1ND,87,42,45,25
LS6 1NE,80,37,43,23
LS6 1NF,115,52,63,31
LS6 1NG,218,109,109,52
LS6 1NH,4,2,2,2
LS6 1NJ,9,4,5,6
LS6 1NL,23,16,7,9
LS6 1NP,117,58,59,33
LS6 1NQ,120,55,65,38
LS6 1NR,64,26,38,21
LS6 1NS,73,30,43,23
LS6 1NT,80,44,36,32
LS6 1NU,61,26,35,22
LS6 1NW,24,19,5,7
LS6 1NY,15,8,7,5
LS6 1NZ,49,27,22,27
LS6 1PA,18,11,7,11
LS6 1PB,91,50,41,22
LS6 1PD,17,9,8,7
LS6 1PE,47,18,29,19
LS6 1PG,98,49,49,37
LS6 1PH,103,63,40,48
LS6 1PL,98,61,37,44
LS6 1PN,18,8,10,6
LS6 1PP,86,50,36,35
LS6 1PQ,109,55,54,50
LS6 1PR,74,46,28,36
LS6 1PS,77,44,33,31
LS6 1PT,26,17,9,11
LS6 1PW,97,45,52,41
LS6 1PX,36,21,15,17
LS6 1PY,27,16,11,13
LS6 1QA,126,71,55,47
LS6 1QB,7,3,4,2
LS6 1QD,135,62,73,47
LS6 1QE,11,7,4,4
LS6 1QF,120,69,51,35
LS6 1QG,27,16,11,10
LS6 1QH,44,19,25,17
LS6 1QJ,77,47,30,26
LS6 1QL,169,90,79,48
LS6 1QP,199,102,97,60
LS6 1QQ,77,29,48,41
LS6 1QR,23,16,7,9
LS6 1QS,42,20,22,21
LS6 1QW,37,15,22,13
LS6 1QX,48,29,19,31
LS6 1QY,62,41,21,26
LS6 1QZ,67,35,32,28
LS6 1RA,44,29,15,24
LS6 1RB,41,27,14,23
LS6 1RD,59,32,27,30
LS6 1RE,53,33,20,31
LS6 1RF,28,13,15,13
LS6 1RG,35,17,18,10
LS6 1RH,71,40,31,31
LS6 1RJ,71,30,41,35
LS6 1RL,58,32,26,29
LS6 1RN,80,48,32,31
LS6 1RP,61,33,28,21
LS6 1RQ,28,12,16,8
LS6 1RR,39,15,24,12
LS6 1RT,2,0,2,1
LS6 1RW,41,21,20,15
LS6 1RX,34,19,15,15
LS6 1RY,18,3,15,0
LS6 1SB,61,27,34,19
LS6 1SD,55,24,31,18
LS6 1SE,117,71,46,42
LS6 1SF,139,67,72,51
LS6 1SH,77,31,46,24
LS6 1SJ,33,21,12,24
LS6 1SP,15,10,5,4
LS6 1WD,39,17,22,20
LS6 2AB,30,17,13,18
LS6 2AD,8,4,4,3
LS6 2AE,115,68,47,65
LS6 2AF,8,1,7,3
LS6 2AH,45,19,26,22
LS6 2AJ,31,17,14,26
LS6 2AL,6,3,3,2
LS6 2AP,77,41,36,29
LS6 2AQ,36,19,17,15
LS6 2AS,7,6,1,7
LS6 2AT,6,2,4,4
LS6 2AU,95,38,57,24
LS6 2AW,11,5,6,6
LS6 2AX,205,103,102,66
LS6 2AY,90,53,37,34
LS6 2AZ,83,39,44,31
LS6 2BA,14,7,7,6
LS6 2BB,70,45,25,25
LS6 2BD,39,23,16,21
LS6 2BE,32,20,12,13
LS6 2BF,32,17,15,25
LS6 2BG,3,1,2,2
LS6 2BH,22,11,11,12
LS6 2BJ,24,12,12,12
LS6 2BL,35,20,15,14
LS6 2BP,7,5,2,2
LS6 2BQ,21,12,9,16
LS6 2BR,137,70,67,64
LS6 2BS,42,23,19,16
LS6 2BT,47,25,22,28
LS6 2BU,8,5,3,3
LS6 2BW,34,16,18,20
LS6 2BX,1,1,0,0
LS6 2BY,37,23,14,16
LS6 2BZ,72,34,38,37
LS6 2DA,54,25,29,22
LS6 2DB,37,14,23,21
LS6 2DD,113,44,69,45
LS6 2DE,146,63,83,40
LS6 2DG,4,1,3,1
LS6 2DH,6,6,0,1
LS6 2DJ,14,7,7,8
LS6 2DR,4,2,2,2
LS6 2DS,36,16,20,14
LS6 2DU,7,7,0,2
LS6 2DX,35,19,16,12
LS6 2DY,17,8,9,9
LS6 2DZ,92,50,42,40
LS6 2EB,49,24,25,24
LS6 2ED,44,23,21,18
LS6 2EE,11,5,6,4
LS6 2EF,81,43,38,37
LS6 2EG,26,11,15,11
LS6 2EH,15,7,8,9
LS6 2EJ,46,24,22,16
LS6 2EL,11,4,7,2
LS6 2EN,148,66,82,56
LS6 2EP,23,6,17,17
LS6 2EQ,461,195,266,0
LS6 2ER,586,243,343,1
LS6 2ET,128,65,63,55
LS6 2EW,29,12,17,12
LS6 2EX,53,28,25,27
LS6 2EY,47,24,23,22
LS6 2EZ,78,32,46,24
LS6 2HA,29,10,19,13
LS6 2HB,7,7,0,7
LS6 2HD,20,8,12,7
LS6 2HE,12,6,6,6
LS6 2HF,29,17,12,11
LS6 2HL,31,13,18,18
LS6 2HN,119,56,63,55
LS6 2HP,182,73,109,48
LS6 2HQ,120,64,56,28
LS6 2HR,19,9,10,4
LS6 2HS,190,108,82,53
LS6 2HT,57,28,29,20
LS6 2HU,45,28,17,13
LS6 2HW,19,12,7,9
LS6 2HX,16,9,7,5
LS6 2HY,21,12,9,7
LS6 2HZ,39,29,10,11
LS6 2JA,112,53,59,27
LS6 2JB,54,21,33,11
LS6 2JD,58,32,26,15
LS6 2JE,15,8,7,6
LS6 2JF,11,8,3,5
LS6 2JG,77,39,38,19
LS6 2JJ,17,7,10,8
LS6 2JL,35,17,18,15
LS6 2JN,2,2,0,1
LS6 2JP,55,28,27,25
LS6 2JQ,16,7,9,6
LS6 2JR,2,2,0,0
LS6 2JS,48,26,22,21
LS6 2JT,58,34,24,23
LS6 2JU,73,32,41,34
LS6 2JW,7,3,4,3
LS6 2JX,71,41,30,31
LS6 2JY,10,5,5,4
LS6 2JZ,11,4,7,4
LS6 2LA,15,9,6,7
LS6 2LB,45,24,21,14
LS6 2LD,96,57,39,28
LS6 2LE,68,43,25,25
LS6 2LF,43,24,19,17
LS6 2LH,3,2,1,2
LS6 2LJ,8,5,3,3
LS6 2LL,121,53,68,35
LS6 2LN,108,55,53,26
LS6 2LP,123,74,49,41
LS6 2LQ,3,1,2,2
LS6 2LR,33,19,14,10
LS6 2LW,103,58,45,31
LS6 2LZ,70,37,33,28
LS6 2NA,38,22,16,17
LS6 2ND,23,8,15,13
LS6 2NE,41,17,24,16
LS6 2NF,78,38,40,21
LS6 2NG,51,18,33,17
LS6 2NH,11,7,4,4
LS6 2NJ,8,3,5,3
LS6 2NL,19,10,9,9
LS6 2NN,11,5,6,4
LS6 2NQ,61,25,36,28
LS6 2NU,7,2,5,2
LS6 2NW,48,25,23,18
LS6 2NY,22,13,9,9
LS6 2NZ,1,0,1,1
LS6 2PB,15,9,6,8
LS6 2PD,68,31,37,31
LS6 2PE,15,5,10,8
LS6 2PF,42,16,26,38
LS6 2PG,544,196,348,0
LS6 2PL,61,40,21,40
LS6 2PN,18,11,7,13
LS6 2PP,8,2,6,4
LS6 2PQ,55,23,32,43
LS6 2PR,1,1,0,1
LS6 2PS,4,3,1,3
LS6 2PT,14,10,4,4
LS6 2PY,27,16,11,9
LS6 2PZ,84,44,40,25
LS6 2QA,121,59,62,34
LS6 2QB,71,44,27,44
LS6 2QD,76,42,34,51
LS6 2QF,456,198,258,2
LS6 2QJ,88,32,56,78
LS6 2QL,32,13,19,14
LS6 2QP,112,58,54,51
LS6 2QT,42,25,17,24
LS6 2QU,29,5,24,28
LS6 2RA,50,21,29,22
LS6 2RB,50,23,27,18
LS6 2RD,69,31,38,31
LS6 2RE,58,29,29,34
LS6 2RF,60,27,33,32
LS6 2RW,17,8,9,8
LS6 2SA,63,35,28,27
LS6 2SB,41,23,18,15
LS6 2SD,52,21,31,21
LS6 2SE,19,9,10,11
LS6 2SG,20,12,8,8
LS6 2SJ,31,17,14,12
LS6 2SL,117,62,55,47
LS6 2SN,20,12,8,9
LS6 2SQ,19,8,11,8
LS6 2TH,10,7,3,4
LS6 2TL,570,267,303,24
LS6 2TP,37,14,23,28
LS6 2TQ,78,36,42,26
LS6 2TR,65,36,29,36
LS6 2TS,34,16,18,12
LS6 2TT,13,9,4,4
LS6 2TU,56,26,30,31
LS6 2TX,67,36,31,33
LS6 2TY,24,12,12,11
LS6 2TZ,52,20,32,23
LS6 2UB,53,28,25,32
LS6 2UD,15,8,7,10
LS6 2UU,1,1,0,1
LS6 2UZ,17,10,7,15
LS6 2WA,17,10,7,9
LS6 2WB,37,23,14,17
LS6 2WF,22,12,10,12
LS6 3AA,6,2,4,2
LS6 3AB,5,1,4,2
LS6 3AD,166,86,80,57
LS6 3AE,193,110,83,80
LS6 3AF,48,24,24,8
LS6 3AG,183,90,93,73
LS6 3AH,22,9,13,14
LS6 3AL,110,33,77,28
LS6 3AN,16,4,12,4
LS6 3AP,25,11,14,20
LS6 3AQ,22,11,11,6
LS6 3AR,6,2,4,3
LS6 3AS,47,18,29,12
LS6 3AT,26,11,15,11
LS6 3AU,5,5,0,3
LS6 3AW,35,17,18,14
LS6 3AY,13,4,9,7
LS6 3AZ,10,4,6,5
LS6 3BA,34,16,18,16
LS6 3BB,82,31,51,26
LS6 3BD,49,10,39,15
LS6 3BE,76,22,54,21
LS6 3BG,175,89,86,48
LS6 3BH,3,3,0,1
LS6 3BJ,139,81,58,39
LS6 3BN,55,42,13,45
LS6 3BQ,133,65,68,29
LS6 3BR,109,63,46,28
LS6 3BS,25,18,7,24
LS6 3BT,6,1,5,1
LS6 3BW,179,103,76,75
LS6 3BX,212,123,89,57
LS6 3BY,26,17,9,11
LS6 3BZ,36,20,16,13
LS6 3DA,92,40,52,20
LS6 3DB,56,35,21,15
LS6 3DD,164,77,87,83
LS6 3DE,49,23,26,20
LS6 3DF,108,63,45,28
LS6 3DG,27,13,14,15
LS6 3DH,23,14,9,7
LS6 3DJ,44,23,21,15
LS6 3DL,39,17,22,16
LS6 3DN,26,12,14,18
LS6 3DP,24,17,7,5
LS6 3DQ,57,26,31,18
LS6 3DR,58,36,22,30
LS6 3DS,69,37,32,39
LS6 3DT,143,82,61,43
LS6 3DU,80,39,41,23
LS6 3DX,30,19,11,10
LS6 3DY,114,65,49,23
LS6 3DZ,21,4,17,5
LS6 3EA,4,1,3,2
LS6 3EB,63,28,35,24
LS6 3ED,30,10,20,13
LS6 3EE,55,32,23,45
LS6 3EF,17,9,8,10
LS6 3EG,59,25,34,44
LS6 3EH,47,16,31,12
LS6 3EJ,156,92,64,53
LS6 3EL,204,115,89,44
LS6 3EN,92,43,49,32
LS6 3EP,168,73,95,37
LS6 3EQ,25,12,13,13
LS6 3ER,275,122,153,55
LS6 3ES,200,124,76,51
LS6 3ET,204,90,114,49
LS6 3EU,6,1,5,1
LS6 3EW,176,77,99,48
LS6 3EX,189,106,83,38
LS6 3EY,113,63,50,29
LS6 3EZ,75,51,24,18
LS6 3GZ,15,8,7,12
LS6 3HA,150,54,96,41
LS6 3HB,115,49,66,37
LS6 3HD,255,147,108,92
LS6 3HE,15,5,10,7
LS6 3HG,4,4,0,1
LS6 3HN,118,53,65,47
LS6 3HQ,2,1,1,1
LS6 3HR,7,5,2,4
LS6 3HS,17,9,8,7
LS6 3HT,1,1,0,1
LS6 3HW,11,8,3,6
LS6 3HY,11,1,10,4
LS6 3HZ,32,9,23,17
LS6 3JA,8,1,7,4
LS6 3JB,2,1,1,1
LS6 3JD,49,25,24,17
LS6 3JE,26,8,18,8
LS6 3JG,7,4,3,1
LS6 3JH,31,14,17,8
LS6 3JJ,63,21,42,14
LS6 3JL,110,61,49,28
LS6 3JN,84,40,44,25
LS6 3JP,65,28,37,25
LS6 3JQ,64,35,29,17
LS6 3JR,42,27,15,14
LS6 3JS,140,63,77,33
LS6 3JT,74,35,39,16
LS6 3JU,95,48,47,26
LS6 3JW,40,22,18,17
LS6 3JX,41,15,26,10
LS6 3JY,32,19,13,10
LS6 3JZ,67,43,24,12
LS6 3LA,160,72,88,32
LS6 3LB,12,4,8,9
LS6 3LD,50,26,24,15
LS6 3LE,89,52,37,26
LS6 3LF,17,10,7,3
LS6 3LG,44,23,21,18
LS6 3LH,28,14,14,23
LS6 3LJ,110,44,66,45
LS6 3LL,57,19,38,33
LS6 3LN,97,45,52,50
LS6 3LP,32,9,23,13
LS6 3LQ,10,4,6,4
LS6 3LR,47,22,25,20
LS6 3LS,104,50,54,46
LS6 3LT,113,53,60,56
LS6 3LU,160,74,86,62
LS6 3LW,67,32,35,38
LS6 3LX,82,31,51,42
LS6 3LY,86,36,50,32
LS6 3LZ,53,28,25,24
LS6 3NA,63,28,35,30
LS6 3NB,44,18,26,18
LS6 3ND,40,18,22,16
LS6 3NE,27,14,13,20
LS6 3NF,12,7,5,8
LS6 3NG,76,39,37,46
LS6 3NH,29,15,14,9
LS6 3NJ,68,33,35,30
LS6 3NL,85,40,45,33
LS6 3NN,54,22,32,24
LS6 3NP,17,7,10,8
LS6 3NQ,24,10,14,18
LS6 3NR,55,31,24,16
LS6 3NS,85,40,45,32
LS6 3NT,15,6,9,7
LS6 3NU,38,19,19,18
LS6 3NW,70,37,33,34
LS6 3NX,67,32,35,22
LS6 3NY,89,42,47,25
LS6 3NZ,79,36,43,23
LS6 3PA,43,17,26,17
LS6 3PB,93,56,37,29
LS6 3PD,78,30,48,23
LS6 3PE,74,34,40,20
LS6 3PF,65,36,29,21
LS6 3PG,17,6,11,6
LS6 3PH,154,85,69,38
LS6 3PJ,94,30,64,27
LS6 3PL,91,52,39,29
LS6 3PN,24,12,12,10
LS6 3PP,18,13,5,10
LS6 3PQ,79,28,51,25
LS6 3PR,1,1,0,1
LS6 3PS,23,17,6,7
LS6 3PT,17,10,7,10
LS6 3PU,90,56,34,25
LS6 3PW,40,23,17,14
LS6 3PX,57,29,28,21
LS6 3PY,24,15,9,6
LS6 3PZ,97,55,42,30
LS6 3QA,25,9,16,13
LS6 3QB,58,23,35,22
LS6 3QD,31,14,17,13
LS6 3QE,60,32,28,24
LS6 3QF,119,59,60,39
LS6 3QG,78,39,39,22
LS6 3QS,437,224,213,0
LS6 3RE,27,13,14,7
LS6 3RG,28,15,13,8
LS6 3RL,1,1,0,1
LS6 3RY,67,33,34,6
LS6 4AA,12,8,4,9
LS6 4AB,14,6,8,5
LS6 4AD,14,4,10,7
LS6 4AE,45,21,24,34
LS6 4AF,37,21,16,13
LS6 4AG,23,15,8,10
LS6 4AJ,174,81,93,66
LS6 4AL,27,12,15,12
LS6 4AN,18,10,8,9
LS6 4AP,4,2,2,1
LS6 4AQ,70,39,31,40
LS6 4AR,29,11,18,12
LS6 4AS,30,16,14,17
LS6 4AT,103,60,43,44
LS6 4AU,21,8,13,11
LS6 4AW,102,55,47,35
LS6 4AX,29,14,15,13
LS6 4AY,30,17,13,18
LS6 4AZ,35,16,19,19
LS6 4BA,21,14,7,8
LS6 4BB,17,8,9,8
LS6 4BD,14,6,8,8
LS6 4BE,23,12,11,8
LS6 4BF,3,2,1,2
LS6 4BG,30,17,13,15
LS6 4BJ,43,19,24,22
LS6 4BL,12,7,5,6
LS6 4BN,7,0,7,7
LS6 4BQ,3,1,2,1
LS6 4BR,9,5,4,6
LS6 4BS,132,60,72,64
LS6 4BT,60,34,26,19
LS6 4BU,24,11,13,9
LS6 4BW,7,4,3,3
LS6 4BX,47,26,21,18
LS6 4BY,67,34,33,26
LS6 4BZ,92,48,44,40
LS6 4DA,16,8,8,7
LS6 4DD,68,36,32,35
LS6 4DE,70,44,26,33
LS6 4DF,3,2,1,2
LS6 4DG,12,5,7,6
LS6 4DH,57,30,27,26
LS6 4DJ,67,49,18,29
LS6 4DL,41,17,24,20
LS6 4DN,125,72,53,51
LS6 4DP,25,14,11,12
LS6 4DQ,8,4,4,5
LS6 4DR,20,5,15,10
LS6 4DT,52,27,25,35
LS6 4DU,26,11,15,13
LS6 4DX,43,22,21,25
LS6 4DZ,36,13,23,11
LS6 4EA,6,3,3,3
LS6 4EB,54,30,24,28
LS6 4ED,67,39,28,24
LS6 4EE,6,2,4,2
LS6 4EF,10,4,6,6
LS6 4EG,52,19,33,15
LS6 4EH,52,29,23,15
LS6 4EJ,99,53,46,41
LS6 4EL,28,12,16,15
LS6 4EN,18,10,8,10
LS6 4EQ,44,22,22,18
LS6 4ER,19,8,11,14
LS6 4ES,82,42,40,37
LS6 4ET,136,58,78,60
LS6 4EU,17,11,6,8
LS6 4EX,78,39,39,43
LS6 4EY,27,17,10,12
LS6 4EZ,43,23,20,29
LS6 4FG,37,14,23,20
LS6 4HA,28,15,13,15
LS6 4HB,7,2,5,4
LS6 4HD,47,24,23,23
LS6 4HE,6,3,3,2
LS6 4HF,34,18,16,20
LS6 4HG,9,3,6,5
LS6 4HH,17,8,9,10
LS6 4HJ,41,17,24,19
LS6 4HL,32,21,11,16
LS6 4HN,30,17,13,15
LS6 4HP,19,9,10,12
LS6 4HQ,62,35,27,38
LS6 4HR,23,9,14,13
LS6 4HS,9,5,4,6
LS6 4HT,17,9,8,7
LS6 4HU,51,27,24,21
LS6 4HW,35,16,19,13
LS6 4HX,48,33,15,21
LS6 4HY,14,4,10,6
LS6 4HZ,81,38,43,33
LS6 4JD,54,24,30,21
LS6 4JE,41,19,22,15
LS6 4JF,25,15,10,10
LS6 4JG,17,11,6,8
LS6 4JH,7,4,3,3
LS6 4JJ,48,16,32,24
LS6 4JL,32,17,15,20
LS6 4JP,32,19,13,18
LS6 4JQ,78,39,39,32
LS6 4JR,1,0,1,1
LS6 4JS,114,52,62,45
LS6 4JT,102,50,52,42
LS6 4JU,118,58,60,38
LS6 4JX,121,63,58,45
LS6 4JY,53,27,26,25
LS6 4JZ,50,22,28,17
LS6 4LA,38,21,17,16
LS6 4LB,50,21,29,37
LS6 4LD,16,7,9,12
LS6 4LE,93,43,50,51
LS6 4LF,53,26,27,49
LS6 4LG,153,73,80,69
LS6 4LH,42,18,24,22
LS6 4LJ,20,10,10,10
LS6 4LL,19,6,13,12
LS6 4LN,17,7,10,11
LS6 4LP,82,34,48,32
LS6 4LR,14,6,8,8
LS6 4LS,56,23,33,38
LS6 4LT,31,15,16,15
LS6 4LU,43,21,22,25
LS6 4LW,59,28,31,32
LS6 4LX,6,3,3,3
LS6 4LY,63,27,36,28
LS6 4LZ,91,46,45,44
LS6 4NA,61,30,31,31
LS6 4NB,8,3,5,4
LS6 4ND,13,6,7,6
LS6 4NF,146,70,76,65
LS6 4NG,10,4,6,5
LS6 4NH,65,28,37,31
LS6 4NJ,97,48,49,40
LS6 4NL,46,19,27,18
LS6 4NN,24,12,12,11
LS6 4NP,84,43,41,45
LS6 4NQ,14,4,10,6
LS6 4NR,110,51,59,40
LS6 4NS,72,34,38,33
LS6 4NU,19,10,9,8
LS6 4NW,29,13,16,13
LS6 4NX,73,39,34,27
LS6 4NY,34,15,19,13
LS6 4NZ,106,43,63,52
LS6 4PA,2,1,1,1
LS6 4PB,24,11,13,9
LS6 4PD,19,5,14,10
LS6 4PG,96,44,52,43
LS6 4PH,66,29,37,31
LS6 4PJ,75,33,42,35
LS6 4PL,23,12,11,16
LS6 4PN,51,17,34,30
LS6 4PP,125,61,64,55
LS6 4PQ,52,25,27,22
LS6 4PR,121,60,61,49
LS6 4PS,131,67,64,60
LS6 4PT,79,37,42,36
LS6 4PU,56,25,31,27
LS6 4PW,69,32,37,30
LS6 4PX,111,47,64,55
LS6 4PY,40,18,22,23
LS6 4PZ,25,13,12,16
LS6 4QA,4,3,1,3
LS6 4QD,9,4,5,4
LS6 4QG,24,14,10,13
LS6 4QH,25,11,14,14
LS6 4QJ,1,1,0,1
LS6 4QL,12,6,6,6
LS6 4QN,12,7,5,5
LS6 4QP,7,4,3,1
LS6 4QQ,7,4,3,3
LS6 4QR,26,13,13,7
LS6 4QS,48,17,31,21
LS6 4QT,30,18,12,11
LS6 4QU,70,36,34,22
LS6 4QX,50,23,27,19
LS6 4QY,29,16,13,8
LS6 4QZ,43,21,22,12
LS6 4RA,34,15,19,6
LS6 4RB,11,6,5,5
LS6 4RD,26,13,13,14
LS6 4RE,3,1,2,2
LS6 4RF,22,16,6,8
LS6 4RG,30,13,17,15
LS6 4RH,26,15,11,9
LS6 4RQ,86,47,39,57
LS6 4RS,16,9,7,7
LS6 4RT,26,11,15,17
LS6 4RU,27,13,14,15
LS6 4RW,39,19,20,24
LS6 4RX,10,3,7,6
LS6 4RY,16,9,7,10
LS6 4RZ,14,6,8,5
LS6 4SA,18,8,10,7
LS6 4SB,25,15,10,8
LS6 4SD,10,5,5,4
LS6 4SE,91,46,45,30
LS6 4SF,38,19,19,15
LS6 4SG,71,35,36,22
LS6 4SH,69,36,33,23
LS6 4SJ,51,25,26,17
LS6 4SL,36,15,21,19
LS6 4SN,17,7,10,5
LS6 4SP,39,12,27,28
LS6 4SQ,94,45,49,34
LS6 4SR,19,10,9,8
LS6 4SS,54,27,27,17
LS6 4ST,41,21,20,14
LS6 4SU,15,7,8,6
LS6 4SW,24,11,13,15
LS6 4SX,122,60,62,51
LS6 4SY,17,9,8,7
LS6 4UQ,6,3,3,3
LS7 1AF,5,3,2,2
LS7 1AR,142,80,62,82
LS7 1BB,103,59,44,72
LS7 1BD,84,46,38,57
LS7 1BE,89,44,45,57
LS7 1BF,79,46,33,48
LS7 1BH,52,24,28,32
LS7 1DA,75,29,46,33
LS7 1DB,5,4,1,4
LS7 1DE,36,18,18,32
LS7 1DF,106,47,59,48
LS7 1DG,13,4,9,7
LS7 1DH,2,1,1,1
LS7 1DP,84,49,35,49
LS7 1DR,79,53,26,51
LS7 1DS,84,46,38,51
LS7 1DT,76,47,29,47
LS7 1DU,82,51,31,52
LS7 1DW,74,46,28,47
LS7 1DX,42,21,21,25
LS7 1DZ,6,5,1,3
LS7 1EU,19,13,6,10
LS7 1EZ,5,3,2,3
LS7 1HE,3,2,1,3
LS7 1HF,48,20,28,41
LS7 1HG,45,25,20,17
LS7 1HH,59,29,30,32
LS7 1HJ,71,46,25,46
LS7 1HL,66,36,30,47
LS7 1HQ,27,15,12,12
LS7 1HT,99,73,26,53
LS7 1HW,38,21,17,25
LS7 1HX,27,14,13,14
LS7 1HY,23,6,17,12
LS7 1JA,225,114,111,0
LS7 1JB,51,25,26,15
LS7 1JD,15,9,6,9
LS7 1JE,10,8,2,3
LS7 1JR,44,21,23,16
LS7 1JT,45,28,17,31
LS7 1JW,1,1,0,1
LS7 1LG,101,40,61,37
LS7 1LH,57,26,31,24
LS7 1LJ,46,21,25,22
LS7 1LL,49,17,32,26
LS7 1LN,15,3,12,3
LS7 1NB,5,5,0,5
LS7 1NL,34,14,20,22
LS7 1NN,150,65,85,51
LS7 1NP,37,18,19,22
LS7 1NR,67,23,44,27
LS7 1NS,113,53,60,35
LS7 1NT,20,11,9,12
LS7 1NU,76,40,36,35
LS7 1NW,99,45,54,38
LS7 1NX,72,36,36,37
LS7 1SA,99,62,37,57
LS7 1SB,68,51,17,48
LS7 1SD,87,55,32,55
LS7 1SE,79,47,32,47
LS7 1SF,46,20,26,17
LS7 1SG,91,54,37,57
LS7 1SH,22,12,10,9
LS7 1SJ,73,35,38,30
LS7 1SL,74,35,39,31
LS7 1SN,82,41,41,36
LS7 1SQ,94,56,38,48
LS7 1SW,116,56,60,41
LS7 2AR,2,2,0,2
LS7 2AS,16,8,8,6
LS7 2AW,1,1,0,1
LS7 2DD,49,23,26,29
LS7 2DG,197,108,89,0
LS7 2DH,83,49,34,56
LS7 2DJ,215,112,103,0
LS7 2DL,33,20,13,28
LS7 2DN,42,21,21,21
LS7 2DP,43,19,24,14
LS7 2DR,107,54,53,38
LS7 2DS,26,11,15,11
LS7 2DT,70,32,38,29
LS7 2DU,69,36,33,29
LS7 2DW,20,9,11,9
LS7 2DX,80,31,49,36
LS7 2DY,88,46,42,38
LS7 2DZ,14,7,7,4
LS7 2EA,66,29,37,28
LS7 2EB,41,18,23,18
LS7 2ED,24,10,14,10
LS7 2EE,12,6,6,6
LS7 2EF,52,27,25,20
LS7 2EG,45,23,22,16
LS7 2EH,55,23,32,22
LS7 2EJ,96,47,49,33
LS7 2EL,102,42,60,37
LS7 2EN,13,6,7,6
LS7 2EP,42,19,23,16
LS7 2EQ,131,65,66,45
LS7 2ER,17,8,9,8
LS7 2ES,76,34,42,29
LS7 2ET,63,27,36,33
LS7 2EU,76,31,45,36
LS7 2EW,66,31,35,24
LS7 2EX,23,11,12,11
LS7 2EY,24,13,11,10
LS7 2EZ,73,31,42,36
LS7 2FJ,11,5,6,8
LS7 2FN,16,2,14,10
LS7 2HA,5,3,2,3
LS7 2HB,30,15,15,14
LS7 2HD,31,15,16,16
LS7 2HE,32,17,15,16
LS7 2HF,24,10,14,11
LS7 2HH,142,60,82,59
LS7 2HJ,148,67,81,62
LS7 2HL,105,37,68,41
LS7 2HN,28,12,16,15
LS7 2HP,23,15,8,20
LS7 2HR,3,1,2,3
LS7 2HZ,2,1,1,1
LS7 2JB,2,1,1,1
LS7 2JF,72,37,35,24
LS7 2JT,73,30,43,44
LS7 2LE,12,7,5,8
LS7 2LF,14,7,7,7
LS7 2LG,30,14,16,15
LS7 2LH,32,13,19,15
LS7 2LJ,10,5,5,7
LS7 2LL,69,29,40,29
LS7 2LN,34,17,17,15
LS7 2LP,84,45,39,40
LS7 2LQ,33,18,15,17
LS7 2LR,51,25,26,24
LS7 2LS,105,44,61,45
LS7 2LT,64,32,32,26
LS7 2LU,83,40,43,34
LS7 2LX,98,52,46,35
LS7 2LY,40,22,18,13
LS7 2LZ,53,29,24,22
LS7 2NA,54,27,27,20
LS7 2NB,15,6,9,8
LS7 2ND,88,43,45,38
LS7 2NE,46,20,26,19
LS7 2NF,47,24,23,17
LS7 2NG,83,38,45,33
LS7 2NH,45,21,24,21
LS7 2NJ,85,49,36,37
LS7 2NL,58,23,35,23
LS7 2NN,65,30,35,27
LS7 2NP,28,14,14,16
LS7 2NQ,48,21,27,16
LS7 2NR,53,26,27,24
LS7 2NW,50,28,22,23
LS7 2PA,10,7,3,4
LS7 2PP,54,26,28,23
LS7 2PQ,26,13,13,24
LS7 2PR,56,29,27,24
LS7 2PS,120,58,62,50
LS7 2PT,93,47,46,37
LS7 2PU,95,47,48,36
LS7 2PW,76,32,44,28
LS7 2PX,18,9,9,8
LS7 2PY,64,27,37,28
LS7 2QA,21,10,11,9
LS7 2QB,84,35,49,32
LS7 2QD,7,3,4,4
LS7 2QE,138,68,70,47
LS7 2QF,107,47,60,37
LS7 2QG,94,43,51,44
LS7 2QQ,11,5,6,5
LS7 2QR,44,26,18,28
LS7 2QU,99,44,55,34
LS7 2QY,44,17,27,16
LS7 2RF,59,23,36,26
LS7 2RG,85,48,37,43
LS7 2RH,89,42,47,45
LS7 2RJ,47,22,25,32
LS7 2RL,34,15,19,17
LS7 2RN,68,40,28,38
LS7 2RP,38,16,22,34
LS7 2RQ,45,15,30,22
LS7 2RU,29,10,19,13
LS7 2RW,104,49,55,41
LS7 2RX,79,40,39,35
LS7 2RY,94,54,40,48
LS7 2RZ,91,40,51,35
LS7 2SA,134,58,76,42
LS7 2SB,4,3,1,3
LS7 2SD,1,1,0,1
LS7 2SE,82,40,42,27
LS7 2SF,35,16,19,20
LS7 2SG,22,7,15,8
LS7 2SH,70,36,34,34
LS7 2SJ,43,16,27,21
LS7 2SL,66,34,32,36
LS7 2SN,25,11,14,10
LS7 2SP,20,10,10,7
LS7 2SQ,68,32,36,25
LS7 2SR,36,20,16,16
LS7 2ST,30,11,19,8
LS7 2SW,31,20,11,21
LS7 2TA,76,31,45,24
LS7 2TB,72,27,45,27
LS7 2TD,52,25,27,22
LS7 2TE,4,0,4,2
LS7 2TF,49,25,24,13
LS7 2TG,40,14,26,15
LS7 2TH,50,20,30,19
LS7 2TJ,92,51,41,35
LS7 2TL,28,18,10,8
LS7 2TN,50,26,24,17
LS7 2TP,19,8,11,9
LS7 2TQ,27,9,18,18
LS7 2TW,35,16,19,12
LS7 2UH,67,37,30,36
LS7 2UL,134,64,70,63
LS7 2UN,22,11,11,8
LS7 2UP,26,9,17,9
LS7 2UR,19,9,10,7
LS7 3AG,6,3,3,4
LS7 3AH,26,18,8,12
LS7 3AQ,5,3,2,4
LS7 3BA,12,7,5,10
LS7 3DA,38,22,16,32
LS7 3DD,54,29,25,44
LS7 3DE,53,34,19,43
LS7 3DF,44,26,18,16
LS7 3DG,17,9,8,15
LS7 3DH,24,16,8,14
LS7 3DJ,18,8,10,7
LS7 3DL,40,20,20,26
LS7 3DN,18,10,8,8
LS7 3DP,92,42,50,35
LS7 3DQ,81,46,35,41
LS7 3DR,16,5,11,6
LS7 3DS,12,8,4,11
LS7 3DU,9,8,1,8
LS7 3DW,122,60,62,59
LS7 3DX,24,14,10,13
LS7 3DY,7,2,5,4
LS7 3DZ,108,50,58,49
LS7 3EA,106,45,61,36
LS7 3EB,103,47,56,42
LS7 3ED,95,39,56,38
LS7 3EF,149,83,66,43
LS7 3EH,116,56,60,38
LS7 3EJ,73,28,45,26
LS7 3EL,171,79,92,36
LS7 3EN,120,58,62,33
LS7 3EP,114,61,53,31
LS7 3EQ,113,50,63,35
LS7 3ER,104,51,53,30
LS7 3ES,120,62,58,25
LS7 3ET,76,37,39,24
LS7 3EW,101,53,48,30
LS7 3EY,35,9,26,14
LS7 3EZ,65,28,37,25
LS7 3HA,29,11,18,15
LS7 3HB,120,64,56,69
LS7 3HD,118,65,53,88
LS7 3HE,15,7,8,8
LS7 3HF,79,36,43,31
LS7 3HG,93,48,45,38
LS7 3HH,25,11,14,11
LS7 3HJ,129,62,67,43
LS7 3HL,73,27,46,32
LS7 3HN,85,29,56,26
LS7 3HP,25,15,10,8
LS7 3HQ,146,65,81,46
LS7 3HR,30,14,16,8
LS7 3HS,16,7,9,14
LS7 3HT,93,41,52,38
LS7 3HU,36,21,15,14
LS7 3HW,16,7,9,6
LS7 3HY,4,1,3,1
LS7 3HZ,12,5,7,5
LS7 3JE,148,72,76,61
LS7 3JF,38,14,24,10
LS7 3JG,33,12,21,14
LS7 3JH,95,42,53,37
LS7 3JJ,20,5,15,14
LS7 3JL,103,39,64,39
LS7 3JP,100,48,52,45
LS7 3JQ,61,28,33,22
LS7 3JR,120,54,66,47
LS7 3JS,119,48,71,49
LS7 3JT,26,12,14,14
LS7 3JU,95,57,38,48
LS7 3JW,25,15,10,10
LS7 3JX,66,32,34,49
LS7 3JY,23,12,11,15
LS7 3JZ,2,1,1,1
LS7 3LA,55,23,32,16
LS7 3LB,77,31,46,29
LS7 3LD,81,41,40,29
LS7 3LE,108,58,50,44
LS7 3LF,56,23,33,21
LS7 3LG,63,30,33,24
LS7 3LH,71,31,40,25
LS7 3LJ,93,47,46,43
LS7 3LL,20,11,9,7
LS7 3LN,4,1,3,3
LS7 3LP,23,9,14,22
LS7 3LQ,93,43,50,33
LS7 3LR,31,10,21,14
LS7 3LS,86,42,44,45
LS7 3LT,11,5,6,5
LS7 3LU,75,40,35,35
LS7 3LW,131,72,59,49
LS7 3LX,111,55,56,36
LS7 3LY,48,27,21,15
LS7 3LZ,38,19,19,13
LS7 3NB,2,1,1,1
LS7 3ND,12,2,10,7
LS7 3NE,111,56,55,42
LS7 3NF,27,9,18,14
LS7 3NG,65,29,36,25
LS7 3NH,34,15,19,18
LS7 3NJ,25,17,8,18
LS7 3NL,59,22,37,29
LS7 3NN,92,39,53,37
LS7 3NP,43,16,27,15
LS7 3NQ,16,9,7,10
LS7 3NR,35,17,18,16
LS7 3NS,102,47,55,43
LS7 3NT,51,24,27,22
LS7 3NU,49,24,25,19
LS7 3NW,88,45,43,33
LS7 3NX,88,43,45,47
LS7 3NY,38,16,22,15
LS7 3NZ,34,16,18,23
LS7 3PA,61,26,35,31
LS7 3PB,11,7,4,3
LS7 3PE,16,8,8,9
LS7 3PF,3,2,1,2
LS7 3PH,28,12,16,14
LS7 3PJ,69,39,30,42
LS7 3PL,10,4,6,5
LS7 3PN,32,18,14,22
LS7 3PP,49,21,28,22
LS7 3PR,30,15,15,13
LS7 3PS,56,25,31,32
LS7 3PT,24,15,9,8
LS7 3PU,30,16,14,10
LS7 3PW,9,5,4,4
LS7 3PZ,22,9,13,16
LS7 3QA,10,4,6,5
LS7 3QB,35,15,20,12
LS7 3QD,25,14,11,11
LS7 3QE,36,19,17,27
LS7 3QF,57,31,26,33
LS7 3QG,108,63,45,65
LS7 3QH,37,16,21,18
LS7 3QJ,21,12,9,8
LS7 3QL,47,26,21,18
LS7 3QN,31,14,17,12
LS7 3QP,84,40,44,28
LS7 3QR,23,8,15,15
LS7 3QS,68,34,34,17
LS7 3QT,23,13,10,8
LS7 3QW,91,47,44,40
LS7 3QX,52,23,29,25
LS7 3QZ,15,7,8,7
LS7 3RA,28,16,12,7
LS7 3RB,30,13,17,15
LS7 3RD,47,24,23,18
LS7 3RE,53,24,29,21
LS7 3RF,17,9,8,10
LS7 3RG,2,1,1,1
LS7 3RJ,35,18,17,30
LS7 3RN,24,17,7,23
LS7 3RP,21,13,8,20
LS7 3RS,26,11,15,17
LS7 3RT,50,28,22,29
LS7 3RW,22,11,11,20
LS7 3RY,19,10,9,10
LS7 3RZ,35,17,18,14
LS7 3SA,28,16,12,20
LS7 3SB,36,20,16,29
LS7 3SD,6,3,3,1
LS7 3SG,18,11,7,8
LS7 3SH,5,2,3,4
LS7 4AD,51,25,26,25
LS7 4AN,2,1,1,1
LS7 4AP,18,8,10,4
LS7 4AW,40,18,22,20
LS7 4AY,36,15,21,20
LS7 4AZ,77,38,39,34
LS7 4BA,9,2,7,6
LS7 4BD,5,5,0,4
LS7 4BJ,73,23,50,37
LS7 4BL,35,16,19,18
LS7 4BN,44,21,23,21
LS7 4BP,101,50,51,60
LS7 4BQ,29,19,10,20
LS7 4BR,30,16,14,12
LS7 4BT,77,31,46,45
LS7 4BU,33,16,17,15
LS7 4BW,28,9,19,13
LS7 4BX,7,3,4,4
LS7 4BY,101,47,54,43
LS7 4BZ,17,5,12,7
LS7 4DA,75,35,40,41
LS7 4DB,79,29,50,38
LS7 4DE,22,9,13,9
LS7 4DF,8,7,1,7
LS7 4DH,77,43,34,26
LS7 4DJ,12,4,8,4
LS7 4DL,14,5,9,11
LS7 4DQ,106,56,50,46
LS7 4DR,151,71,80,76
LS7 4DS,107,50,57,48
LS7 4DT,143,77,66,46
LS7 4DU,90,42,48,28
LS7 4DW,65,27,38,21
LS7 4DX,89,47,42,29
LS7 4DZ,39,13,26,17
LS7 4EA,54,24,30,20
LS7 4EB,89,37,52,33
LS7 4ED,240,119,121,81
LS7 4EE,46,22,24,21
LS7 4EF,79,46,33,44
LS7 4EG,86,42,44,41
LS7 4EJ,83,38,45,32
LS7 4EL,62,31,31,24
LS7 4EN,125,61,64,61
LS7 4EP,53,30,23,23
LS7 4EQ,79,43,36,28
LS7 4ER,65,31,34,31
LS7 4ES,88,49,39,29
LS7 4ET,54,27,27,34
LS7 4EU,128,64,64,58
LS7 4EW,7,2,5,5
LS7 4EX,24,12,12,8
LS7 4EY,11,7,4,6
LS7 4HA,53,25,28,25
LS7 4HB,4,1,3,2
LS7 4HD,43,24,19,30
LS7 4HE,19,8,11,11
LS7 4HF,32,14,18,12
LS7 4HG,49,30,19,33
LS7 4HH,43,23,20,19
LS7 4HJ,49,31,18,30
LS7 4HN,87,44,43,35
LS7 4HW,44,23,21,27
LS7 4HZ,48,25,23,33
LS7 4JA,1,0,1,1
LS7 4JB,56,29,27,30
LS7 4JD,15,5,10,8
LS7 4JF,82,36,46,40
LS7 4JG,23,11,12,9
LS7 4JH,111,57,54,53
LS7 4JJ,88,41,47,44
LS7 4JL,59,27,32,29
LS7 4JN,71,33,38,27
LS7 4JP,72,35,37,31
LS7 4JQ,52,22,30,23
LS7 4JR,92,47,45,40
LS7 4JS,24,12,12,10
LS7 4JT,99,45,54,33
LS7 4JU,57,28,29,20
LS7 4JW,114,48,66,48
LS7 4JX,61,26,35,23
LS7 4JY,59,26,33,20
LS7 4JZ,45,24,21,21
LS7 4LA,17,11,6,11
LS7 4LE,15,8,7,7
LS7 4LF,31,13,18,5
LS7 4LG,13,8,5,6
LS7 4LH,79,36,43,25
LS7 4LJ,71,31,40,26
LS7 4LL,42,21,21,14
LS7 4LN,41,19,22,17
LS7 4LP,15,8,7,6
LS7 4LQ,35,15,20,12
LS7 4LR,69,33,36,27
LS7 4LS,18,8,10,8
LS7 4LT,39,16,23,18
LS7 4LU,15,8,7,5
LS7 4LW,59,29,30,23
LS7 4LX,61,23,38,25
LS7 4LY,62,26,36,43
LS7 4LZ,55,22,33,13
LS7 4NB,23,9,14,14
LS7 4ND,153,82,71,82
LS7 4NE,53,19,34,35
LS7 4NH,16,9,7,8
LS7 4NJ,50,17,33,31
LS7 4NL,32,12,20,22
LS7 4NN,70,32,38,31
LS7 4NP,36,14,22,24
LS7 4NQ,76,34,42,39
LS7 4NR,19,8,11,8
LS7 4NS,33,14,19,20
LS7 4NT,33,13,20,13
LS7 4NW,43,24,19,19
LS7 4NX,36,17,19,16
LS7 4NZ,53,23,30,22
LS7 4PA,50,20,30,26
LS7 4PB,39,19,20,20
LS7 4PD,47,21,26,16
LS7 4PE,32,15,17,20
LS7 4PF,4,0,4,2
LS7 4PH,9,6,3,4
LS7 4PJ,29,16,13,12
LS7 4PL,80,37,43,30
LS7 4PN,54,26,28,23
LS7 4PP,81,40,41,37
LS7 4PQ,1,1,0,1
LS7 4PR,3,2,1,1
LS7 4PS,14,4,10,6
LS7 4PT,47,23,24,22
LS7 4PU,45,25,20,20
LS7 4PW,36,19,17,16
LS7 4PX,5,3,2,2
LS7 4PZ,18,10,8,8
LS7 4QA,31,15,16,15
LS7 4QB,31,14,17,18
LS7 4QD,39,23,16,19
LS7 4QE,28,14,14,10
LS7 4QG,91,39,52,53
LS7 4QH,95,46,49,43
LS7 4QJ,50,25,25,24
LS7 4QL,12,7,5,8
LS7 4QN,46,22,24,23
LS7 4QP,55,24,31,24
LS7 4QQ,78,27,51,35
LS7 4QR,36,12,24,19
LS7 4QS,31,13,18,18
LS7 4QT,28,15,13,17
LS7 4QU,25,11,14,15
LS7 4QW,29,12,17,16
LS7 4QX,15,8,7,8
LS7 4QY,1,0,1,1
LS7 4QZ,18,8,10,17
LS7 4RA,38,12,26,20
LS7 4RD,71,31,40,52
LS7 4RE,9,5,4,9
LS7 4RG,57,33,24,48
LS7 4RH,40,23,17,15
LS7 4RJ,19,12,7,8
LS7 4RL,29,10,19,23
LS7 4RN,45,20,25,18
LS7 4RP,27,13,14,15
LS7 4RX,69,37,32,35
LS7 4SF,11,5,6,9
LS7 4SP,33,19,14,21
LS7 4SS,29,14,15,17
LS7 4ST,114,64,50,60
LS7 4SW,27,10,17,16
LS7 4SX,55,30,25,22
LS7 4SY,22,11,11,15
LS7 4SZ,26,14,12,12
LS8 1AA,61,32,29,20
LS8 1AB,88,39,49,33
LS8 1AD,41,19,22,15
LS8 1AE,21,11,10,7
LS8 1AG,126,66,60,46
LS8 1AH,51,26,25,26
LS8 1AJ,100,56,44,36
LS8 1AL,177,85,92,50
LS8 1AP,10,8,2,5
LS8 1AQ,96,46,50,31
LS8 1AU,71,33,38,29
LS8 1AX,18,10,8,7
LS8 1AY,46,11,35,13
LS8 1AZ,46,28,18,19
LS8 1BA,10,4,6,5
LS8 1BB,56,31,25,20
LS8 1BD,9,5,4,6
LS8 1BE,61,35,26,20
LS8 1BF,51,20,31,23
LS8 1BG,8,6,2,1
LS8 1BH,50,26,24,14
LS8 1BJ,52,27,25,20
LS8 1BL,28,14,14,17
LS8 1BP,72,34,38,32
LS8 1BQ,30,15,15,11
LS8 1BR,7,4,3,2
LS8 1BS,32,14,18,18
LS8 1BT,14,8,6,5
LS8 1BU,39,23,16,14
LS8 1BW,102,44,58,62
LS8 1BX,22,11,11,10
LS8 1BY,72,38,34,32
LS8 1BZ,70,31,39,27
LS8 1DA,7,3,4,3
LS8 1DB,17,7,10,11
LS8 1DD,42,16,26,28
LS8 1DF,18,10,8,5
LS8 1DG,15,8,7,6
LS8 1DH,131,43,88,70
LS8 1DJ,2,1,1,1
LS8 1DL,48,22,26,32
LS8 1DN,52,25,27,19
LS8 1DP,13,6,7,5
LS8 1DQ,7,2,5,2
LS8 1DR,122,63,59,35
LS8 1DS,46,21,25,22
LS8 1DT,94,50,44,38
LS8 1DW,21,14,7,12
LS8 1DX,12,4,8,8
LS8 1DY,16,10,6,7
LS8 1DZ,67,39,28,44
LS8 1EA,21,9,12,15
LS8 1EB,53,21,32,33
LS8 1ED,98,43,55,73
LS8 1EE,32,18,14,10
LS8 1EF,13,6,7,7
LS8 1EG,24,11,13,8
LS8 1EH,32,16,16,15
LS8 1EJ,34,12,22,12
LS8 1EL,28,17,11,7
LS8 1EN,37,18,19,17
LS8 1EP,15,6,9,5
LS8 1EQ,32,15,17,13
LS8 1ES,9,5,4,4
LS8 1ET,8,6,2,4
LS8 1EU,66,30,36,24
LS8 1EW,47,23,24,16
LS8 1EX,37,18,19,14
LS8 1EY,20,12,8,7
LS8 1EZ,35,12,23,32
LS8 1HA,23,11,12,9
LS8 1HB,23,13,10,10
LS8 1HD,8,5,3,2
LS8 1HE,30,16,14,11
LS8 1HF,7,2,5,4
LS8 1HG,33,16,17,14
LS8 1HH,17,10,7,9
LS8 1HJ,26,12,14,10
LS8 1HL,20,10,10,7
LS8 1HN,25,13,12,10
LS8 1HP,75,34,41,31
LS8 1HQ,58,31,27,22
LS8 1HR,8,7,1,6
LS8 1HS,45,24,21,24
LS8 1HU,64,33,31,23
LS8 1HW,55,27,28,24
LS8 1HX,13,6,7,10
LS8 1JA,58,29,29,34
LS8 1JB,73,37,36,37
LS8 1JD,54,26,28,19
LS8 1JE,35,16,19,12
LS8 1JF,68,36,32,23
LS8 1JG,85,43,42,32
LS8 1JH,58,29,29,23
LS8 1JJ,67,33,34,24
LS8 1JL,25,10,15,11
LS8 1JN,67,32,35,27
LS8 1JP,18,11,7,7
LS8 1JQ,62,34,28,23
LS8 1JR,12,4,8,5
LS8 1JS,33,16,17,12
LS8 1JT,38,17,21,7
LS8 1JU,21,11,10,12
LS8 1JW,104,50,54,36
LS8 1JX,38,16,22,13
LS8 1JY,85,46,39,29
LS8 1JZ,85,45,40,30
LS8 1LA,16,7,9,14
LS8 1LB,8,1,7,5
LS8 1LD,48,25,23,18
LS8 1LE,191,91,100,65
LS8 1LF,7,3,4,2
LS8 1LG,111,49,62,43
LS8 1LH,20,10,10,8
LS8 1LJ,37,18,19,13
LS8 1LL,13,6,7,6
LS8 1LN,24,12,12,10
LS8 1LP,54,33,21,20
LS8 1LQ,15,7,8,5
LS8 1LR,43,20,23,22
LS8 1LS,69,25,44,23
LS8 1LT,91,48,43,30
LS8 1LU,59,33,26,18
LS8 1LW,66,37,29,25
LS8 1LX,27,13,14,8
LS8 1NE,30,14,16,12
LS8 1NF,138,69,69,42
LS8 1NG,69,31,38,26
LS8 1NH,43,31,12,16
LS8 1NJ,52,31,21,22
LS8 1NL,57,35,22,16
LS8 1NN,30,11,19,11
LS8 1NP,64,30,34,21
LS8 1NQ,12,5,7,5
LS8 1NR,18,11,7,6
LS8 1NS,47,23,24,16
LS8 1NU,65,27,38,20
LS8 1NW,7,3,4,3
LS8 1NX,74,35,39,28
LS8 1NY,117,58,59,48
LS8 1NZ,106,51,55,42
LS8 1PA,43,20,23,18
LS8 1PB,7,3,4,4
LS8 1PD,24,12,12,12
LS8 1PE,69,37,32,29
LS8 1PF,58,27,31,20
LS8 1PG,49,23,26,27
LS8 1PH,68,35,33,27
LS8 1PJ,29,11,18,14
LS8 1PL,65,36,29,28
LS8 1PN,88,44,44,57
LS8 1PQ,54,24,30,23
LS8 1PR,20,10,10,10
LS8 1PS,110,50,60,64
LS8 1PT,91,38,53,52
LS8 1PU,21,6,15,11
LS8 1PX,63,31,32,27
LS8 1PY,75,31,44,49
LS8 1PZ,42,19,23,20
LS8 1QA,85,37,48,46
LS8 1QB,54,27,27,28
LS8 1QD,26,11,15,13
LS8 1QE,33,18,15,13
LS8 1QG,107,45,62,46
LS8 1QH,65,29,36,36
LS8 1QJ,63,35,28,52
LS8 1QL,107,51,56,52
LS8 1QQ,86,41,45,45
LS8 1QR,40,25,15,17
LS8 1QS,66,30,36,25
LS8 1QT,66,31,35,31
LS8 1QU,73,36,37,26
LS8 1QX,100,47,53,40
LS8 1QY,41,21,20,15
LS8 1QZ,62,38,24,28
LS8 1RA,57,30,27,19
LS8 1RB,50,22,28,21
LS8 1RD,49,23,26,24
LS8 1RE,48,22,26,27
LS8 1RF,82,51,31,61
LS8 1RG,77,39,38,41
LS8 1RH,49,23,26,29
LS8 1RJ,85,39,46,33
LS8 1RL,39,16,23,22
LS8 1RN,70,31,39,41
LS8 1RP,68,30,38,22
LS8 1RQ,15,7,8,4
LS8 1RR,35,16,19,12
LS8 1RS,56,26,30,18
LS8 1RT,42,16,26,17
LS8 1RU,24,12,12,9
LS8 1RW,42,24,18,12
LS8 1RX,55,25,30,21
LS8 1RY,35,12,23,13
LS8 1RZ,36,15,21,18
LS8 1SA,71,37,34,27
LS8 1SB,19,7,12,7
LS8 1SD,12,8,4,5
LS8 1SE,12,8,4,3
LS8 1SF,48,16,32,11
LS8 1SG,31,17,14,20
LS8 1SH,16,8,8,12
LS8 1SQ,34,15,19,19
LS8 2AA,45,23,22,16
LS8 2AD,21,12,9,7
LS8 2AE,100,46,54,31
LS8 2AF,42,22,20,12
LS8 2AG,38,21,17,12
LS8 2AH,65,31,34,23
LS8 2AJ,66,32,34,29
LS8 2AL,35,14,21,20
LS8 2AN,152,78,74,56
LS8 2AP,93,53,40,41
LS8 2AQ,95,46,49,35
LS8 2AS,37,16,21,12
LS8 2AT,44,25,19,17
LS8 2AU,37,14,23,14
LS8 2AW,36,25,11,16
LS8 2AX,81,41,40,31
LS8 2AY,47,20,27,16
LS8 2AZ,61,33,28,23
LS8 2BA,80,38,42,31
LS8 2BB,22,11,11,8
LS8 2BD,119,62,57,39
LS8 2BE,68,39,29,23
LS8 2BF,12,7,5,5
LS8 2BG,124,65,59,45
LS8 2BH,56,28,28,21
LS8 2BJ,40,17,23,15
LS8 2BL,45,17,28,32
LS8 2BN,10,4,6,5
LS8 2BP,20,11,9,6
LS8 2BQ,78,39,39,29
LS8 2BR,45,23,22,17
LS8 2BS,123,57,66,44
LS8 2BT,77,47,30,26
LS8 2BU,64,37,27,21
LS8 2BW,23,13,10,9
LS8 2BX,47,24,23,19
LS8 2BY,50,22,28,21
LS8 2BZ,43,21,22,16
LS8 2DA,99,43,56,36
LS8 2DB,53,27,26,20
LS8 2DD,87,42,45,34
LS8 2DE,77,44,33,23
LS8 2DF,13,7,6,4
LS8 2DG,7,3,4,2
LS8 2DL,24,15,9,7
LS8 2DP,6,3,3,3
LS8 2DQ,3,2,1,2
LS8 2DR,60,28,32,25
LS8 2DS,109,53,56,48
LS8 2DT,82,38,44,36
LS8 2DU,54,21,33,27
LS8 2DW,39,22,17,21
LS8 2DX,49,20,29,24
LS8 2DY,71,30,41,39
LS8 2DZ,7,4,3,4
LS8 2EA,5,3,2,2
LS8 2EB,81,40,41,28
LS8 2ED,83,36,47,43
LS8 2EE,96,48,48,47
LS8 2EF,98,49,49,59
LS8 2EG,5,3,2,4
LS8 2EH,35,14,21,15
LS8 2EL,37,18,19,16
LS8 2EN,25,13,12,10
LS8 2EP,4,1,3,1
LS8 2EQ,27,12,15,9
LS8 2ES,70,26,44,20
LS8 2ET,76,36,40,31
LS8 2EU,18,10,8,6
LS8 2EX,48,21,27,15
LS8 2EY,34,17,17,14
LS8 2EZ,55,27,28,21
LS8 2FD,23,10,13,14
LS8 2HA,43,23,20,16
LS8 2HB,44,23,21,20
LS8 2HD,9,2,7,4
LS8 2HE,22,10,12,13
LS8 2HF,25,14,11,11
LS8 2HG,40,20,20,16
LS8 2HL,2,1,1,1
LS8 2HQ,47,26,21,17
LS8 2HT,21,13,8,12
LS8 2HU,31,15,16,21
LS8 2HZ,163,90,73,114
LS8 2JA,4,2,2,2
LS8 2JB,92,43,49,36
LS8 2JD,9,7,2,3
LS8 2JE,14,7,7,6
LS8 2JF,50,23,27,29
LS8 2JG,17,8,9,9
LS8 2JH,161,59,102,37
LS8 2JJ,28,16,12,12
LS8 2JN,12,5,7,5
LS8 2JP,58,34,24,36
LS8 2JQ,28,15,13,10
LS8 2JR,34,18,16,9
LS8 2JS,13,9,4,3
LS8 2JT,15,6,9,9
LS8 2JU,158,57,101,66
LS8 2JW,11,7,4,6
LS8 2JX,24,12,12,11
LS8 2JY,60,27,33,21
LS8 2JZ,21,9,12,10
LS8 2LA,101,44,57,44
LS8 2LB,48,26,22,19
LS8 2LD,44,18,26,16
LS8 2LE,21,10,11,11
LS8 2LF,9,3,6,5
LS8 2LH,2,1,1,1
LS8 2LJ,2,1,1,1
LS8 2LL,6,3,3,4
LS8 2LN,11,6,5,8
LS8 2LP,94,46,48,43
LS8 2LU,28,13,15,10
LS8 2LW,5,2,3,2
LS8 2LX,68,27,41,32
LS8 2LY,35,19,16,15
LS8 2LZ,42,21,21,20
LS8 2NA,44,33,11,43
LS8 2NB,61,29,32,22
LS8 2ND,39,21,18,27
LS8 2NE,86,39,47,41
LS8 2NF,4,1,3,4
LS8 2NG,2,1,1,2
LS8 2NH,22,11,11,10
LS8 2NJ,44,20,24,19
LS8 2NL,106,43,63,36
LS8 2NN,101,51,50,43
LS8 2NP,62,35,27,33
LS8 2NQ,11,7,4,6
LS8 2NR,23,13,10,9
LS8 2NS,53,32,21,20
LS8 2NT,142,62,80,63
LS8 2NU,66,29,37,34
LS8 2NW,44,27,17,16
LS8 2NY,21,12,9,7
LS8 2NZ,2,1,1,1
LS8 2PA,72,26,46,18
LS8 2PB,63,35,28,28
LS8 2PD,55,31,24,20
LS8 2PE,96,43,53,25
LS8 2PF,48,27,21,13
LS8 2PG,51,25,26,25
LS8 2PH,76,37,39,48
LS8 2PJ,52,18,34,18
LS8 2PL,33,15,18,17
LS8 2PN,11,6,5,6
LS8 2PP,107,54,53,35
LS8 2PQ,25,10,15,14
LS8 2PR,42,20,22,19
LS8 2PS,29,15,14,11
LS8 2PT,37,20,17,15
LS8 2PU,5,3,2,2
LS8 2PW,61,28,33,22
LS8 2PX,20,9,11,10
LS8 2PY,7,4,3,4
LS8 2PZ,16,9,7,9
LS8 2QA,57,24,33,28
LS8 2QB,9,4,5,5
LS8 2QD,57,32,25,25
LS8 2QE,11,4,7,7
LS8 2QF,78,33,45,42
LS8 2QG,28,18,10,10
LS8 2QH,11,3,8,5
LS8 2QJ,41,19,22,15
LS8 2QL,13,5,8,9
LS8 2QN,61,33,28,18
LS8 2QP,26,13,13,17
LS8 2QQ,21,13,8,9
LS8 2QR,76,36,40,28
LS8 2QU,82,33,49,19
LS8 2QW,49,21,28,22
LS8 2QX,30,15,15,10
LS8 2QY,45,22,23,15
LS8 2QZ,33,18,15,13
LS8 2RA,58,25,33,16
LS8 2RB,54,28,26,13
LS8 2RD,95,46,49,34
LS8 2RE,44,22,22,17
LS8 2RF,49,26,23,19
LS8 2RG,52,30,22,19
LS8 2RH,21,11,10,9
LS8 2RJ,86,46,40,27
LS8 2RL,69,34,35,21
LS8 2RN,26,15,11,11
LS8 2RP,12,4,8,5
LS8 2RQ,67,24,43,23
LS8 2RS,78,36,42,26
LS8 2RT,108,52,56,35
LS8 2RU,141,66,75,53
LS8 2RW,66,29,37,24
LS8 2RX,129,60,69,46
LS8 2RY,12,5,7,5
LS8 2RZ,74,38,36,26
LS8 2SA,82,39,43,21
LS8 2SB,119,62,57,38
LS8 2SD,77,40,37,22
LS8 2SE,82,40,42,27
LS8 2SF,167,76,91,40
LS8 2SG,141,66,75,41
LS8 2SN,5,1,4,2
LS8 2SP,232,110,122,56
LS8 2SQ,93,46,47,25
LS8 2SR,35,19,16,15
LS8 2SS,35,20,15,8
LS8 2ST,145,72,73,29
LS8 2SU,15,6,9,5
LS8 2SW,16,6,10,9
LS8 2SX,174,84,90,49
LS8 2SY,93,46,47,30
LS8 2SZ,71,30,41,24
LS8 2TA,90,45,45,27
LS8 2TB,203,103,100,55
LS8 2TD,127,60,67,37
LS8 2TE,58,32,26,23
LS8 2TF,107,56,51,32
LS8 2TG,34,19,15,9
LS8 2TJ,58,29,29,15
LS8 2TN,58,31,27,16
LS8 2TP,57,32,25,21
LS8 2TQ,58,32,26,18
LS8 2TR,80,38,42,30
LS8 2TS,29,15,14,13
LS8 2TT,40,20,20,24
LS8 2TW,98,45,53,26
LS8 2TX,27,12,15,18
LS8 2UN,5,3,2,2
LS8 2WE,16,8,8,8
LS8 2WF,27,15,12,16
LS8 3AA,97,43,54,21
LS8 3AB,63,26,37,14
LS8 3AD,81,42,39,21
LS8 3AE,102,52,50,36
LS8 3AF,125,65,60,41
LS8 3AG,18,9,9,7
LS8 3AH,74,37,37,28
LS8 3AJ,85,39,46,26
LS8 3AL,138,72,66,41
LS8 3AN,137,64,73,37
LS8 3AQ,142,69,73,45
LS8 3AS,6,4,2,3
LS8 3AT,57,27,30,20
LS8 3AU,55,27,28,22
LS8 3AX,17,6,11,8
LS8 3AY,49,24,25,22
LS8 3AZ,43,13,30,38
LS8 3BA,56,31,25,21
LS8 3BB,69,34,35,27
LS8 3BD,90,46,44,32
LS8 3BE,51,20,31,21
LS8 3BG,49,22,27,14
LS8 3BH,39,22,17,14
LS8 3BJ,53,26,27,22
LS8 3BL,35,17,18,11
LS8 3BN,41,15,26,13
LS8 3BP,35,16,19,14
LS8 3BQ,35,18,17,13
LS8 3BR,39,16,23,14
LS8 3BS,43,21,22,14
LS8 3BT,41,22,19,15
LS8 3BU,36,17,19,13
LS8 3BW,22,9,13,12
LS8 3BX,63,36,27,22
LS8 3BY,53,17,36,23
LS8 3DB,23,11,12,9
LS8 3DD,8,4,4,3
LS8 3DE,27,13,14,19
LS8 3DF,42,18,24,19
LS8 3DG,58,29,29,20
LS8 3DH,44,26,18,23
LS8 3DJ,63,33,30,23
LS8 3DL,48,27,21,21
LS8 3DN,17,8,9,7
LS8 3DP,76,36,40,32
LS8 3DQ,14,7,7,8
LS8 3DR,59,33,26,18
LS8 3DS,61,25,36,21
LS8 3DT,63,31,32,28
LS8 3DU,47,26,21,20
LS8 3DW,44,22,22,17
LS8 3DX,51,24,27,20
LS8 3DY,76,36,40,26
LS8 3DZ,79,33,46,38
LS8 3EA,81,36,45,44
LS8 3EB,16,9,7,5
LS8 3ED,44,24,20,17
LS8 3EE,21,12,9,9
LS8 3EF,13,5,8,4
LS8 3EP,16,8,8,8
LS8 3ER,43,21,22,14
LS8 3ES,28,22,6,20
LS8 3ET,60,28,32,17
LS8 3EU,44,16,28,16
LS8 3EX,68,31,37,27
LS8 3EZ,3,2,1,1
LS8 3HA,51,24,27,20
LS8 3HB,53,25,28,21
LS8 3HD,96,40,56,30
LS8 3HE,116,59,57,40
LS8 3HF,42,17,25,14
LS8 3HG,84,39,45,42
LS8 3HH,77,38,39,37
LS8 3HJ,42,20,22,14
LS8 3HL,50,22,28,27
LS8 3HN,74,35,39,28
LS8 3HQ,73,34,39,26
LS8 3HS,93,46,47,38
LS8 3HT,107,44,63,47
LS8 3HU,110,49,61,44
LS8 3HX,78,36,42,32
LS8 3HY,32,17,15,12
LS8 3HZ,55,31,24,17
LS8 3JA,52,25,27,17
LS8 3JB,118,56,62,38
LS8 3JD,56,26,30,17
LS8 3JE,145,68,77,47
LS8 3JF,25,10,15,10
LS8 3JG,33,14,19,15
LS8 3JH,65,31,34,21
LS8 3JJ,72,37,35,21
LS8 3JL,58,28,30,16
LS8 3JN,33,14,19,11
LS8 3JP,18,9,9,10
LS8 3JQ,42,18,24,15
LS8 3JR,48,20,28,17
LS8 3JS,35,18,17,12
LS8 3JT,65,39,26,18
LS8 3JU,32,12,20,14
LS8 3JW,73,35,38,25
LS8 3LA,78,33,45,25
LS8 3LB,67,28,39,25
LS8 3LD,34,15,19,14
LS8 3LE,45,19,26,19
LS8 3LF,104,53,51,38
LS8 3LG,96,46,50,45
LS8 3LJ,66,34,32,22
LS8 3LN,24,10,14,10
LS8 3LP,26,12,14,6
LS8 3LR,64,29,35,15
LS8 3LS,5,3,2,2
LS8 3LT,37,16,21,14
LS8 3LU,142,60,82,46
LS8 3LX,28,14,14,13
LS8 3LY,133,62,71,42
LS8 3LZ,85,41,44,22
LS8 3NA,31,15,16,11
LS8 3NB,63,30,33,23
LS8 3NE,71,38,33,44
LS8 3NF,66,38,28,45
LS8 3NH,49,24,25,23
LS8 3NP,46,21,25,16
LS8 3NQ,70,35,35,23
LS8 3NR,64,28,36,20
LS8 3NS,13,5,8,12
LS8 3NT,13,4,9,3
LS8 3PA,92,44,48,31
LS8 3PB,78,38,40,20
LS8 3PD,117,55,62,38
LS8 3PE,124,64,60,38
LS8 3PF,176,84,92,52
LS8 3PH,151,65,86,61
LS8 3PJ,211,102,109,61
LS8 3PP,31,14,17,10
LS8 3PQ,35,18,17,17
LS8 3PR,26,13,13,10
LS8 3PS,49,21,28,19
LS8 3PT,196,93,103,58
LS8 3PU,27,15,12,7
LS8 3PW,177,83,94,58
LS8 3PX,66,29,37,33
LS8 3PY,36,14,22,13
LS8 3PZ,165,89,76,66
LS8 3QA,43,18,25,18
LS8 3QB,58,23,35,21
LS8 3QE,14,5,9,4
LS8 3QF,58,29,29,18
LS8 3QH,76,40,36,20
LS8 3QJ,73,36,37,25
LS8 3QL,189,95,94,58
LS8 3QN,241,115,126,52
LS8 3QP,177,96,81,46
LS8 3QR,157,82,75,45
LS8 3QS,106,52,54,45
LS8 3QT,138,79,59,48
LS8 3QU,42,25,17,16
LS8 3QW,186,92,94,51
LS8 3QX,225,114,111,49
LS8 3QY,40,17,23,9
LS8 3QZ,88,42,46,22
LS8 3RA,115,64,51,24
LS8 3RB,67,43,24,23
LS8 3RF,8,1,7,5
LS8 3RG,18,13,5,9
LS8 3RH,74,37,37,32
LS8 3RJ,38,18,20,25
LS8 3RL,71,38,33,26
LS8 3RN,46,22,24,23
LS8 3RP,19,11,8,9
LS8 3RQ,153,81,72,39
LS8 3RR,68,29,39,24
LS8 3RS,1,1,0,1
LS8 3RW,53,26,27,24
LS8 3RX,15,9,6,12
LS8 3RY,25,12,13,4
LS8 3TD,29,16,13,12
LS8 3TE,65,38,27,24
LS8 3TG,23,11,12,7
LS8 3TH,32,17,15,12
LS8 3TJ,65,28,37,20
LS8 3TL,24,11,13,6
LS8 3TN,8,5,3,5
LS8 3TR,46,19,27,14
LS8 3TS,19,7,12,8
LS8 3TU,30,14,16,12
LS8 4AB,16,4,12,6
LS8 4AD,77,34,43,22
LS8 4AE,19,12,7,9
LS8 4AF,99,41,58,33
LS8 4AG,57,26,31,21
LS8 4AH,19,9,10,6
LS8 4AJ,61,28,33,27
LS8 4AL,117,54,63,39
LS8 4AP,27,5,22,22
LS8 4AQ,57,25,32,22
LS8 4AR,3,2,1,1
LS8 4AS,19,10,9,11
LS8 4AT,18,6,12,8
LS8 4AU,41,16,25,18
LS8 4AW,10,5,5,4
LS8 4AX,20,8,12,10
LS8 4BA,9,5,4,5
LS8 4BP,93,49,44,28
LS8 4BR,27,15,12,7
LS8 4BS,92,46,46,34
LS8 4BT,30,13,17,10
LS8 4BU,23,9,14,6
LS8 4BW,12,6,6,5
LS8 4BX,47,26,21,14
LS8 4BY,62,26,36,27
LS8 4BZ,71,36,35,29
LS8 4DA,21,11,10,11
LS8 4DB,12,5,7,7
LS8 4DD,81,40,41,29
LS8 4DE,18,10,8,12
LS8 4DF,101,50,51,39
LS8 4DG,74,31,43,19
LS8 4DH,63,29,34,14
LS8 4DL,24,14,10,15
LS8 4DN,9,8,1,8
LS8 4DP,95,53,42,41
LS8 4DQ,46,23,23,14
LS8 4DR,52,19,33,28
LS8 4DS,73,36,37,28
LS8 4DT,93,37,56,40
LS8 4DU,81,39,42,38
LS8 4DW,140,75,65,65
LS8 4DX,77,49,28,39
LS8 4DY,73,44,29,39
LS8 4DZ,56,29,27,19
LS8 4EA,1,1,0,1
LS8 4EB,31,16,15,15
LS8 4ED,12,7,5,4
LS8 4EE,85,44,41,33
LS8 4EF,31,14,17,12
LS8 4EG,75,31,44,24
LS8 4EH,45,20,25,30
LS8 4EJ,22,9,13,7
LS8 4EL,109,50,59,33
LS8 4EP,21,12,9,6
LS8 4EQ,25,14,11,9
LS8 4ER,101,45,56,19
LS8 4ES,73,31,42,16
LS8 4ET,82,38,44,36
LS8 4EU,92,52,40,29
LS8 4EW,138,75,63,29
LS8 4EX,173,95,78,60
LS8 4EY,57,31,26,24
LS8 4EZ,45,21,24,20
LS8 4HA,95,41,54,38
LS8 4HB,84,44,40,25
LS8 4HD,133,66,67,52
LS8 4HE,53,24,29,22
LS8 4HF,24,9,15,7
LS8 4HS,30,26,4,18
LS8 4HT,46,27,19,26
LS8 4HU,44,20,24,17
LS8 4HX,39,19,20,23
LS8 4HY,78,46,32,40
LS8 4HZ,29,21,8,14
LS8 4JA,8,4,4,5
LS8 4JB,186,87,99,41
LS8 4JD,99,45,54,26
LS8 4JE,7,3,4,2
LS8 4JF,22,13,9,11
LS8 4JG,10,7,3,5
LS8 4JH,70,34,36,13
LS8 4JJ,117,56,61,27
LS8 4JL,151,79,72,34
LS8 4JN,118,63,55,32
LS8 4JQ,61,25,36,22
LS8 4JR,33,19,14,7
LS8 4JS,111,53,58,22
LS8 4JT,55,29,26,9
LS8 4JU,54,31,23,16
LS8 4JX,8,5,3,1
LS8 4JY,111,59,52,27
LS8 4JZ,53,30,23,11
LS8 4LA,71,37,34,15
LS8 4LB,37,25,12,7
LS8 4LD,48,23,25,11
LS8 4LE,68,34,34,14
LS8 4LG,7,3,4,3
LS8 4LH,44,24,20,13
LS8 4LJ,75,44,31,25
LS8 4LL,9,5,4,3
LS8 4LN,42,26,16,17
LS8 4LP,32,17,15,12
LS8 4LQ,40,20,20,11
LS8 4LR,44,18,26,12
LS8 4LT,23,13,10,17
LS8 4LU,19,9,10,12
LS8 4LW,65,33,32,15
LS8 4LX,1,1,0,1
LS8 4NA,6,3,3,2
LS8 5AA,12,10,2,9
LS8 5AD,45,15,30,24
LS8 5AF,3,2,1,3
LS8 5AG,5,1,4,1
LS8 5AJ,96,48,48,62
LS8 5AN,48,21,27,33
LS8 5AP,22,10,12,9
LS8 5AQ,3,3,0,2
LS8 5AS,57,27,30,15
LS8 5AT,75,34,41,17
LS8 5AU,46,22,24,11
LS8 5AW,53,30,23,14
LS8 5AX,27,14,13,11
LS8 5AY,23,10,13,5
LS8 5AZ,49,27,22,14
LS8 5BA,35,14,21,14
LS8 5BD,127,67,60,32
LS8 5BG,3,1,2,1
LS8 5BH,16,6,10,4
LS8 5BJ,57,36,21,17
LS8 5BL,112,64,48,22
LS8 5BP,43,26,17,18
LS8 5BQ,168,88,80,48
LS8 5BR,60,33,27,31
LS8 5BS,70,32,38,32
LS8 5BT,72,40,32,28
LS8 5BU,77,42,35,41
LS8 5BW,5,3,2,3
LS8 5BX,77,35,42,37
LS8 5BY,89,51,38,38
LS8 5BZ,55,30,25,22
LS8 5DA,88,47,41,35
LS8 5DB,56,26,30,29
LS8 5DD,67,36,31,33
LS8 5DE,24,13,11,9
LS8 5DF,52,28,24,26
LS8 5DG,91,45,46,36
LS8 5DH,53,27,26,20
LS8 5DJ,11,6,5,4
LS8 5DP,38,22,16,30
LS8 5DQ,28,13,15,14
LS8 5DZ,22,12,10,10
LS8 5EB,30,12,18,13
LS8 5EG,50,29,21,23
LS8 5EH,31,14,17,15
LS8 5EJ,55,36,19,27
LS8 5EL,66,32,34,30
LS8 5EN,34,15,19,15
LS8 5EP,14,9,5,11
LS8 5EQ,35,18,17,16
LS8 5ER,10,7,3,6
LS8 5EW,50,26,24,27
LS8 5EY,72,35,37,31
LS8 5EZ,198,100,98,50
LS8 5HP,23,12,11,16
LS8 5HR,14,9,5,9
LS8 5HS,28,15,13,9
LS8 5HT,81,33,48,33
LS8 5HX,93,40,53,40
LS8 5HY,85,46,39,41
LS8 5HZ,75,39,36,26
LS8 5JA,36,19,17,16
LS8 5JB,38,21,17,32
LS8 5JE,41,23,18,18
LS8 5JF,105,55,50,33
LS8 5JG,129,59,70,47
LS8 5JH,52,28,24,20
LS8 5JJ,5,3,2,2
LS8 5JL,63,34,29,14
LS8 5JN,3,1,2,2
LS8 5JP,4,1,3,3
LS8 5JQ,43,22,21,14
LS8 5JR,96,50,46,35
LS8 5JS,89,46,43,23
LS8 5JT,92,56,36,30
LS8 5JU,99,54,45,27
LS8 5JW,15,6,9,6
LS8 5JX,95,45,50,34
LS8 5JY,47,18,29,19
LS8 5JZ,25,9,16,8
LS8 5LA,109,54,55,43
LS8 5LE,6,3,3,1
LS8 5LF,92,46,46,47
LS8 5LH,72,29,43,30
LS8 5LL,86,48,38,36
LS8 5LN,123,60,63,54
LS8 5LP,96,46,50,40
LS8 5LQ,1,1,0,1
LS8 5LR,58,24,34,26
LS8 5LS,151,76,75,66
LS8 5LT,78,43,35,29
LS8 5LU,70,35,35,36
LS8 5LW,124,60,64,59
LS8 5LX,30,9,21,30
LS8 5LY,15,7,8,14
LS8 5NA,21,12,9,12
LS8 5NF,27,13,14,15
LS8 5NG,27,17,10,15
LS8 5NH,14,9,5,8
LS8 5NJ,16,8,8,13
LS8 5NL,25,12,13,15
LS8 5NN,14,8,6,8
LS8 5NP,21,12,9,9
LS8 5NQ,12,9,3,11
LS8 5NR,41,24,17,20
LS8 5NT,79,40,39,28
LS8 5NU,4,2,2,2
LS8 5NW,66,30,36,25
LS8 5NX,108,57,51,53
LS8 5NY,29,14,15,10
LS8 5NZ,107,52,55,50
LS8 5PA,8,5,3,5
LS8 5PB,18,6,12,3
LS8 5PD,4,1,3,3
LS8 5PE,25,15,10,9
LS8 5PF,27,14,13,13
LS8 5PG,63,34,29,19
LS8 5PH,50,26,24,22
LS8 5PJ,58,30,28,25
LS8 5PN,124,60,64,35
LS8 5PP,44,20,24,17
LS8 5PQ,28,15,13,16
LS8 5PR,12,6,6,4
LS8 5PS,7,3,4,5
LS8 5PT,6,4,2,3
LS8 5PU,55,24,31,16
LS8 5PW,16,8,8,6
LS8 5PX,67,37,30,18
LS8 5PY,51,22,29,13
LS8 5PZ,80,45,35,22
LS8 5QB,81,41,40,24
LS8 5QD,93,46,47,29
LS8 5QE,204,106,98,50
LS8 5QF,93,54,39,33
LS8 5QG,66,39,27,26
LS8 5QL,105,59,46,40
LS8 5QN,94,44,50,41
LS8 5QQ,86,38,48,37
LS8 5RB,31,13,18,6
LS8 5RU,40,17,23,35
LS9 0AB,1,1,0,1
LS9 0AE,61,31,30,30
LS9 0AF,62,28,34,27
LS9 0AG,43,16,27,39
LS9 0AH,13,6,7,7
LS9 0AJ,33,20,13,16
LS9 0AL,95,52,43,36
LS9 0AQ,22,13,9,9
LS9 0AT,4,2,2,1
LS9 0AZ,2,1,1,1
LS9 0BA,40,28,12,21
LS9 0BD,35,21,14,19
LS9 0BE,7,6,1,7
LS9 0BG,48,22,26,22
LS9 0BH,1,1,0,1
LS9 0BJ,80,41,39,31
LS9 0BL,10,7,3,5
LS9 0BN,50,25,25,25
LS9 0BP,9,3,6,5
LS9 0BQ,107,53,54,55
LS9 0BR,26,12,14,12
LS9 0BS,19,10,9,13
LS9 0BT,35,20,15,24
LS9 0BU,4,2,2,2
LS9 0BW,28,15,13,13
LS9 0BX,49,28,21,33
LS9 0BY,52,28,24,26
LS9 0BZ,20,11,9,11
LS9 0DB,3,1,2,2
LS9 0DD,49,25,24,25
LS9 0DE,35,26,9,26
LS9 0DG,65,41,24,33
LS9 0DH,3,0,3,1
LS9 0DQ,4,3,1,2
LS9 0EA,43,18,25,18
LS9 0EB,92,39,53,36
LS9 0ED,71,35,36,28
LS9 0EE,54,33,21,26
LS9 0EF,87,46,41,34
LS9 0EG,54,29,25,25
LS9 0EH,63,22,41,23
LS9 0EJ,46,20,26,17
LS9 0EL,88,46,42,34
LS9 0EN,53,22,31,23
LS9 0EQ,27,17,10,10
LS9 0ER,36,18,18,18
LS9 0ES,18,10,8,7
LS9 0ET,40,16,24,17
LS9 0EU,17,10,7,9
LS9 0EW,13,10,3,9
LS9 0EX,93,47,46,35
LS9 0EY,87,42,45,39
LS9 0EZ,46,25,21,19
LS9 0HB,111,60,51,50
LS9 0HD,6,3,3,2
LS9 0HH,139,78,61,56
LS9 0HJ,50,27,23,17
LS9 0HL,6,2,4,2
LS9 0HN,97,39,58,38
LS9 0HP,33,17,16,11
LS9 0HR,51,25,26,20
LS9 0HS,56,23,33,25
LS9 0HT,27,14,13,14
LS9 0HU,27,11,16,12
LS9 0HW,87,36,51,36
LS9 0HX,49,28,21,21
LS9 0HY,133,53,80,54
LS9 0HZ,17,9,8,7
LS9 0JA,125,61,64,61
LS9 0JB,20,9,11,8
LS9 0JE,31,12,19,16
LS9 0JF,39,16,23,15
LS9 0JG,68,31,37,28
LS9 0JH,28,11,17,14
LS9 0JJ,34,14,20,16
LS9 0JL,17,11,6,6
LS9 0JN,93,44,49,38
LS9 0JP,20,8,12,9
LS9 0JQ,166,89,77,63
LS9 0JR,130,56,74,35
LS9 0JS,31,14,17,10
LS9 0JT,60,28,32,22
LS9 0JW,51,21,30,15
LS9 0JX,89,44,45,38
LS9 0JY,82,46,36,28
LS9 0JZ,103,47,56,36
LS9 0LA,45,20,25,18
LS9 0LB,16,6,10,8
LS9 0LD,72,35,37,29
LS9 0LE,42,19,23,20
LS9 0LF,33,14,19,15
LS9 0LG,46,21,25,21
LS9 0LH,117,51,66,36
LS9 0LJ,55,32,23,20
LS9 0LL,84,41,43,40
LS9 0LN,77,32,45,39
LS9 0LP,30,15,15,10
LS9 0LQ,62,30,32,23
LS9 0LR,90,43,47,36
LS9 0LS,19,8,11,7
LS9 0LT,11,3,8,4
LS9 0LU,19,10,9,10
LS9 0LW,51,23,28,24
LS9 0LX,67,26,41,28
LS9 0LY,77,29,48,30
LS9 0NB,35,12,23,14
LS9 0ND,28,13,15,10
LS9 0NE,124,57,67,54
LS9 0NF,37,21,16,18
LS9 0NG,53,28,25,20
LS9 0NH,59,27,32,27
LS9 0NJ,77,34,43,33
LS9 0NL,86,41,45,34
LS9 0NN,119,58,61,44
LS9 0NQ,66,29,37,30
LS9 0NT,20,8,12,9
LS9 0NW,108,48,60,45
LS9 0PT,2,1,1,1
LS9 0RD,36,15,21,21
LS9 0RE,35,20,15,18
LS9 0RF,11,6,5,8
LS9 0SE,1,0,1,1
LS9 0SR,1,0,1,1
LS9 0ST,1,0,1,1
LS9 0SY,17,11,6,12
LS9 0SZ,17,9,8,8
LS9 0TJ,23,17,6,16
LS9 0TL,145,61,84,47
LS9 0TW,7,5,2,2
LS9 6AA,7,5,2,5
LS9 6AB,69,30,39,28
LS9 6AD,27,12,15,10
LS9 6AE,117,53,64,36
LS9 6AF,103,48,55,32
LS9 6AG,54,24,30,24
LS9 6AH,115,55,60,49
LS9 6AJ,89,50,39,44
LS9 6AL,49,29,20,27
LS9 6AN,48,23,25,26
LS9 6AP,18,9,9,5
LS9 6AQ,51,28,23,24
LS9 6AR,89,50,39,40
LS9 6AS,8,4,4,3
LS9 6AT,93,51,42,39
LS9 6AU,59,27,32,21
LS9 6AW,40,21,19,35
LS9 6AX,5,4,1,3
LS9 6AY,108,44,64,52
LS9 6AZ,84,46,38,40
LS9 6BA,96,44,52,44
LS9 6BB,5,3,2,3
LS9 6BD,86,46,40,33
LS9 6BE,68,33,35,29
LS9 6BG,55,28,27,29
LS9 6BH,81,41,40,24
LS9 6BJ,51,20,31,16
LS9 6BL,9,5,4,3
LS9 6BN,33,18,15,14
LS9 6BP,37,17,20,15
LS9 6BQ,36,17,19,13
LS9 6BR,41,22,19,19
LS9 6BS,14,7,7,6
LS9 6BT,71,42,29,33
LS9 6BU,125,66,59,48
LS9 6BW,11,5,6,5
LS9 6BX,139,69,70,58
LS9 6BY,40,22,18,22
LS9 6BZ,72,51,21,54
LS9 6DA,89,40,49,27
LS9 6DD,4,2,2,3
LS9 6DF,44,19,25,22
LS9 6DG,50,23,27,20
LS9 6DH,96,45,51,46
LS9 6DL,88,47,41,42
LS9 6DN,82,35,47,40
LS9 6DP,90,45,45,43
LS9 6DQ,81,39,42,39
LS9 6DR,94,41,53,45
LS9 6DS,63,25,38,35
LS9 6DT,11,5,6,7
LS9 6DU,56,25,31,30
LS9 6DW,62,30,32,37
LS9 6DX,105,53,52,44
LS9 6DY,100,45,55,44
LS9 6EA,56,28,28,27
LS9 6EB,85,43,42,45
LS9 6EE,68,25,43,30
LS9 6EF,36,22,14,22
LS9 6EH,1,1,0,1
LS9 6EJ,11,5,6,7
LS9 6EL,15,5,10,11
LS9 6EN,33,14,19,12
LS9 6EP,101,53,48,47
LS9 6EQ,5,3,2,5
LS9 6ER,47,25,22,29
LS9 6ES,54,29,25,22
LS9 6ET,79,34,45,44
LS9 6EU,83,42,41,44
LS9 6EW,90,44,46,37
LS9 6EX,67,40,27,33
LS9 6EZ,30,16,14,26
LS9 6FG,29,14,15,10
LS9 6FH,27,13,14,8
LS9 6HB,22,10,12,7
LS9 6HD,45,22,23,22
LS9 6HE,7,3,4,5
LS9 6HF,4,2,2,2
LS9 6HG,28,15,13,16
LS9 6HJ,7,5,2,2
LS9 6HL,36,19,17,24
LS9 6HN,99,63,36,38
LS9 6HP,46,27,19,19
LS9 6HQ,90,46,44,41
LS9 6HR,16,9,7,6
LS9 6HS,61,28,33,24
LS9 6HT,140,66,74,61
LS9 6HU,8,3,5,5
LS9 6HW,82,36,46,30
LS9 6HX,139,73,66,55
LS9 6HY,44,24,20,26
LS9 6HZ,95,43,52,46
LS9 6JA,37,17,20,18
LS9 6JB,111,49,62,48
LS9 6JD,57,31,26,30
LS9 6JE,19,10,9,10
LS9 6JF,3,0,3,1
LS9 6JG,77,38,39,27
LS9 6JH,40,16,24,16
LS9 6JJ,48,25,23,15
LS9 6JL,2,1,1,2
LS9 6JN,105,45,60,47
LS9 6JP,97,47,50,34
LS9 6JQ,25,9,16,9
LS9 6JR,15,6,9,6
LS9 6JS,104,44,60,33
LS9 6JT,86,35,51,35
LS9 6JW,11,7,4,6
LS9 6JX,48,25,23,19
LS9 6JY,109,48,61,39
LS9 6JZ,40,19,21,17
LS9 6LA,101,48,53,39
LS9 6LB,45,18,27,18
LS9 6LD,21,11,10,9
LS9 6LE,50,25,25,11
LS9 6LF,43,19,24,24
LS9 6LG,33,17,16,17
LS9 6LH,67,32,35,37
LS9 6LL,112,45,67,46
LS9 6LN,55,29,26,23
LS9 6LP,53,20,33,21
LS9 6LQ,57,24,33,23
LS9 6LR,26,8,18,18
LS9 6LS,33,18,15,15
LS9 6LT,22,13,9,14
LS9 6LU,39,20,19,15
LS9 6LX,78,41,37,21
LS9 6LY,11,5,6,7
LS9 6LZ,38,14,24,20
LS9 6NA,70,40,30,27
LS9 6NB,113,54,59,40
LS9 6ND,79,35,44,37
LS9 6NE,2,1,1,1
LS9 6NH,38,20,18,13
LS9 6NJ,65,36,29,37
LS9 6NL,30,16,14,12
LS9 6NN,147,64,83,51
LS9 6NP,81,45,36,28
LS9 6NQ,26,18,8,19
LS9 6NR,64,38,26,36
LS9 6NS,138,63,75,51
LS9 6NT,43,18,25,18
LS9 6NU,135,55,80,46
LS9 6NW,74,42,32,31
LS9 6NY,59,32,27,28
LS9 6NZ,115,56,59,38
LS9 6PA,47,17,30,19
LS9 6PB,73,38,35,39
LS9 6PD,16,5,11,6
LS9 6PE,60,35,25,25
LS9 6PF,32,16,16,11
LS9 6PG,46,20,26,16
LS9 6PH,68,29,39,22
LS9 6PL,20,9,11,6
LS9 6PP,70,36,34,26
LS9 6PQ,64,35,29,27
LS9 6PR,67,32,35,32
LS9 6PS,53,28,25,20
LS9 6PT,10,5,5,4
LS9 6PW,4,4,0,1
LS9 6QA,54,25,29,20
LS9 6QB,12,6,6,7
LS9 6QD,89,42,47,39
LS9 6QE,9,4,5,3
LS9 6QF,19,10,9,11
LS9 6QG,77,37,40,24
LS9 6QH,37,18,19,18
LS9 6QJ,55,28,27,17
LS9 6QL,52,25,27,28
LS9 6QN,62,27,35,24
LS9 6QP,63,27,36,31
LS9 6QQ,6,3,3,3
LS9 6QR,98,45,53,34
LS9 6QT,47,23,24,19
LS9 6QU,53,27,26,26
LS9 6QW,86,38,48,28
LS9 6QX,102,48,54,31
LS9 6QY,4,3,1,4
LS9 6QZ,57,24,33,31
LS9 6RA,20,7,13,6
LS9 6RE,115,60,55,41
LS9 6RF,87,42,45,37
LS9 6RG,67,32,35,24
LS9 6RH,68,35,33,48
LS9 6RJ,67,30,37,45
LS9 6RL,74,35,39,45
LS9 6RN,61,30,31,45
LS9 6RP,102,51,51,43
LS9 6RQ,74,31,43,46
LS9 6RS,23,11,12,11
LS9 6RT,57,20,37,16
LS9 6RU,36,16,20,17
LS9 6RW,60,28,32,45
LS9 6RX,75,35,40,33
LS9 6RY,91,34,57,37
LS9 6RZ,72,31,41,26
LS9 6SA,16,6,10,9
LS9 6SB,56,26,30,30
LS9 6SD,56,29,27,22
LS9 6SE,114,51,63,33
LS9 6SF,42,22,20,17
LS9 6SG,34,17,17,16
LS9 6SH,26,10,16,10
LS9 6SJ,51,23,28,18
LS9 6SL,5,2,3,3
LS9 6SP,5,2,3,2
LS9 6SQ,28,14,14,8
LS9 6SR,88,34,54,27
LS9 6SS,75,45,30,48
LS9 6ST,62,33,29,25
LS9 6SU,84,61,23,63
LS9 6SW,43,21,22,18
LS9 6SX,20,14,6,20
LS9 6SY,40,16,24,15
LS9 6TW,93,43,50,54
LS9 7AA,9,4,5,2
LS9 7AB,38,22,16,9
LS9 7AE,18,7,11,7
LS9 7AF,56,28,28,15
LS9 7AG,54,26,28,19
LS9 7AL,27,15,12,17
LS9 7AN,40,22,18,19
LS9 7AP,33,20,13,19
LS9 7AQ,16,12,4,8
LS9 7AT,21,8,13,11
LS9 7AU,42,22,20,19
LS9 7AW,20,11,9,8
LS9 7AY,53,25,28,19
LS9 7AZ,30,13,17,19
LS9 7BA,45,23,22,23
LS9 7BB,52,32,20,30
LS9 7BD,6,2,4,4
LS9 7BE,2,2,0,0
LS9 7BG,5,4,1,5
LS9 7BH,55,33,22,23
LS9 7BJ,11,6,5,6
LS9 7BN,22,12,10,13
LS9 7BP,15,7,8,5
LS9 7BU,3,1,2,2
LS9 7BW,26,10,16,14
LS9 7BY,50,26,24,23
LS9 7BZ,46,21,25,24
LS9 7DB,6,6,0,4
LS9 7DE,9,5,4,7
LS9 7DG,134,62,72,43
LS9 7DH,96,53,43,30
LS9 7DJ,121,65,56,39
LS9 7DP,21,19,2,1
LS9 7DQ,53,23,30,13
LS9 7DR,29,21,8,17
LS9 7DT,3,0,3,1
LS9 7DW,13,10,3,10
LS9 7EH,7,4,3,5
LS9 7EP,64,36,28,43
LS9 7ER,75,47,28,55
LS9 7ES,61,34,27,45
LS9 7ET,77,41,36,54
LS9 7EU,77,42,35,49
LS9 7EX,77,43,34,55
LS9 7EY,34,15,19,10
LS9 7EZ,46,22,24,25
LS9 7HA,58,28,30,21
LS9 7HB,95,48,47,47
LS9 7HH,8,6,2,6
LS9 7HT,42,25,17,33
LS9 7HU,36,17,19,19
LS9 7HW,41,18,23,18
LS9 7HX,33,13,20,28
LS9 7JA,27,11,16,11
LS9 7JB,92,40,52,33
LS9 7JD,27,14,13,8
LS9 7JH,92,49,43,43
LS9 7JJ,113,54,59,63
LS9 7JT,41,18,23,20
LS9 7JU,36,16,20,17
LS9 7JX,3,1,2,1
LS9 7LP,75,36,39,25
LS9 7LR,123,78,45,60
LS9 7LS,24,10,14,8
LS9 7LT,38,13,25,17
LS9 7LW,115,56,59,38
LS9 7LX,102,67,35,64
LS9 7LY,6,1,5,2
LS9 7NP,36,19,17,17
LS9 7NR,93,70,23,64
LS9 7NX,21,12,9,9
LS9 7PA,99,57,42,59
LS9 7PB,84,52,32,58
LS9 7PD,109,70,39,64
LS9 7PE,79,58,21,60
LS9 7PF,101,75,26,60
LS9 7PH,68,38,30,20
LS9 7PJ,16,10,6,11
LS9 7PL,79,42,37,31
LS9 7PN,51,23,28,20
LS9 7PP,23,13,10,8
LS9 7PQ,108,59,49,65
LS9 7PS,86,39,47,31
LS9 7PT,111,59,52,43
LS9 7PU,182,94,88,77
LS9 7PW,49,26,23,20
LS9 7PX,48,21,27,14
LS9 7PY,106,39,67,43
LS9 7PZ,55,23,32,18
LS9 7QA,22,10,12,7
LS9 7QB,23,12,11,12
LS9 7QD,27,9,18,24
LS9 7QE,46,20,26,22
LS9 7QL,28,14,14,11
LS9 7QN,39,21,18,17
LS9 7QP,166,81,85,57
LS9 7QR,42,22,20,19
LS9 7QS,50,26,24,24
LS9 7QT,22,13,9,10
LS9 7QW,59,34,25,18
LS9 7QX,39,15,24,13
LS9 7QY,12,9,3,8
LS9 7QZ,12,8,4,8
LS9 7RA,10,6,4,8
LS9 7RB,8,3,5,4
LS9 7RD,11,4,7,6
LS9 7RE,61,28,33,29
LS9 7RF,100,47,53,33
LS9 7RL,94,63,31,61
LS9 7RN,90,61,29,59
LS9 7RP,56,30,26,26
LS9 7RR,103,67,36,60
LS9 7RS,88,57,31,56
LS9 7RT,101,60,41,64
LS9 7RU,102,60,42,60
LS9 7RW,31,18,13,13
LS9 7RX,60,30,30,27
LS9 7SE,14,8,6,10
LS9 7SG,9,4,5,6
LS9 7SH,91,54,37,58
LS9 7SJ,89,56,33,59
LS9 7SQ,96,62,34,61
LS9 7SR,4,3,1,2
LS9 7SS,2,1,1,1
LS9 7ST,19,11,8,6
LS9 7SU,57,38,19,36
LS9 7SX,73,35,38,26
LS9 7SY,33,13,20,15
LS9 7SZ,24,11,13,9
LS9 7TB,1,1,0,1
LS9 7TD,72,35,37,43
LS9 7TE,67,38,29,54
LS9 7TF,42,21,21,18
LS9 7TU,1,0,1,1
LS9 7TW,13,7,6,6
LS9 7UA,70,40,30,52
LS9 7UB,64,39,25,48
LS9 7UD,68,38,30,50
LS9 7UE,67,36,31,47
LS9 7UF,74,39,35,52
LS9 7UG,65,37,28,45
LS9 7UH,65,30,35,20
LS9 7UJ,41,24,17,17
LS9 7UL,87,40,47,39
LS9 7UQ,62,31,31,31
LS9 7UY,35,15,20,13
LS9 7UZ,32,15,17,9
LS9 8AD,3,3,0,3
LS9 8AE,106,59,47,63
LS9 8AF,59,38,21,40
LS9 8AN,15,8,7,10
LS9 8AP,15,6,9,8
LS9 8AQ,32,27,5,8
LS9 8AR,30,18,12,23
LS9 8AT,40,34,6,1
LS9 8AU,123,64,59,80
LS9 8AY,124,69,55,82
LS9 8AZ,26,17,9,15
LS9 8BA,93,52,41,60
LS9 8BB,87,43,44,53
LS9 8BD,119,64,55,79
LS9 8BE,39,23,16,26
LS9 8BN,67,37,30,49
LS9 8BT,81,44,37,51
LS9 8BX,157,88,69,96
LS9 8BY,67,43,24,44
LS9 8DR,67,36,31,40
LS9 8DS,40,25,15,28
LS9 8DT,113,62,51,75
LS9 8DW,130,80,50,84
LS9 8DX,40,24,16,30
LS9 8DZ,111,70,41,69
LS9 8EU,29,20,9,19
LS9 8FG,102,58,44,70
LS9 8FH,72,46,26,51
LS9 8FL,70,46,24,47
LS9 8FR,40,27,13,30
LS9 8FS,41,24,17,26
LS9 8FT,31,19,12,22
LS9 8FW,46,24,22,38
LS9 8FY,51,31,20,39
LS9 8HF,48,22,26,29
LS9 8HG,68,33,35,49
LS9 8HP,71,37,34,43
LS9 8HQ,106,48,58,66
LS9 8HW,92,45,47,54
LS9 8JA,12,6,6,4
LS9 8JB,3,3,0,3
LS9 8JD,20,10,10,8
LS9 8JS,30,15,15,24
LS9 8JU,59,26,33,30
LS9 8JX,24,11,13,16
LS9 8JY,28,16,12,23
LS9 8JZ,56,26,30,24
LS9 8LB,171,99,72,99
LS9 8LD,6,3,3,2
LS9 8LJ,12,7,5,6
LS9 8NA,436,225,211,14
LS9 8NB,15,10,5,6
LS9 8NG,56,25,31,0
LS9 8NH,42,20,22,34
LS9 8NJ,63,30,33,22
LS9 8NL,56,22,34,25
LS9 8NN,90,39,51,41
LS9 8NQ,77,48,29,58
LS9 8NR,80,47,33,53
LS9 8NW,54,24,30,25
LS9 8PA,84,49,35,45
LS9 8PD,71,29,42,22
LS9 8PF,15,8,7,6
LS9 8PH,144,73,71,59
LS9 8PL,96,44,52,40
LS9 8PN,55,29,26,15
LS9 8PQ,76,38,38,30
LS9 8QB,29,15,14,12
LS9 8QD,27,17,10,15
LS9 8QE,2,2,0,2
LS9 8QF,28,11,17,14
LS9 8QG,27,14,13,14
LS9 8QH,22,13,9,11
LS9 8QJ,25,14,11,12
LS9 8QL,61,31,30,26
LS9 8QN,14,8,6,8
LS9 8QQ,34,16,18,20
LS9 8QR,3,2,1,2
LS9 8QS,12,5,7,3
LS9 8QW,55,25,30,24
LS9 8QX,26,22,4,25
LS9 8RP,36,14,22,21
LS9 8RR,85,40,45,32
LS9 8RS,54,25,29,34
LS9 8RT,3,3,0,2
LS9 8RZ,2,1,1,1
LS9 8SE,2,1,1,1
LS9 8SF,74,32,42,27
LS9 8SG,45,24,21,32
LS9 8TJ,7,6,1,3
LS9 9AD,1,1,0,1
LS9 9AE,2,2,0,1
LS9 9AL,106,51,55,42
LS9 9AN,47,20,27,20
LS9 9AP,18,8,10,8
LS9 9BA,11,5,6,5
LS9 9BB,16,7,9,6
LS9 9BD,46,23,23,21
LS9 9BE,111,61,50,42
LS9 9BG,87,45,42,36
LS9 9BH,109,58,51,50
LS9 9BJ,22,8,14,11
LS9 9BN,1,1,0,1
LS9 9BP,16,9,7,8
LS9 9BQ,71,35,36,36
LS9 9BR,39,20,19,21
LS9 9BS,78,31,47,34
LS9 9BT,41,17,24,21
LS9 9BU,23,7,16,14
LS9 9BX,19,9,10,9
LS9 9BY,44,22,22,19
LS9 9BZ,78,35,43,32
LS9 9DA,47,23,24,21
LS9 9DB,45,21,24,22
LS9 9DD,37,16,21,13
LS9 9DE,56,24,32,21
LS9 9DF,84,35,49,37
LS9 9DG,92,47,45,39
LS9 9DH,10,7,3,4
LS9 9DJ,35,17,18,18
LS9 9DL,76,34,42,30
LS9 9DN,99,53,46,35
LS9 9DP,85,43,42,38
LS9 9DQ,16,7,9,7
LS9 9DR,59,34,25,27
LS9 9DS,119,56,63,53
LS9 9DT,114,54,60,51
LS9 9DU,46,25,21,24
LS9 9DW,126,70,56,59
LS9 9DX,27,11,16,11
LS9 9DY,41,20,21,18
LS9 9DZ,99,53,46,46
LS9 9EA,3,1,2,1
LS9 9ED,7,4,3,3
LS9 9EF,66,30,36,26
LS9 9EG,66,32,34,26
LS9 9EH,68,32,36,26
LS9 9EN,60,30,30,26
LS9 9EP,125,58,67,45
LS9 9EQ,2,1,1,1
LS9 9ER,47,24,23,22
LS9 9ES,136,69,67,54
LS9 9ET,30,13,17,12
LS9 9EU,9,4,5,4
LS9 9EX,5,3,2,2
LS9 9EY,31,14,17,13
LS9 9EZ,23,8,15,8
LS9 9HA,26,13,13,11
LS9 9HB,111,49,62,47
LS9 9HD,55,24,31,23
LS9 9HE,137,68,69,56
LS9 9HF,21,13,8,10
LS9 9HH,86,39,47,38
LS9 9HJ,43,26,17,25
LS9 9HN,21,7,14,10
LS9 9HQ,37,18,19,19
LS9 9HW,28,13,15,9
LS9 9JB,83,41,42,54
LS9 9JD,38,19,19,22
LS9 9JE,67,36,31,36
LS9 9JF,75,37,38,29
LS9 9JG,41,20,21,24
LS9 9JH,25,12,13,12
LS9 9JJ,53,31,22,25
LS9 9JL,117,52,65,56
LS9 9JN,73,37,36,40
LS9 9JP,98,51,47,44
LS9 9JQ,35,21,14,15
LS9 9JT,14,7,7,7
LS9 9JU,67,38,29,33
LS9 9JW,88,47,41,40
LS9 9JX,24,14,10,15
LS9 9JY,31,16,15,16
LS9 9JZ,42,17,25,23
LS9 9LA,26,16,10,14
LS9 9LB,61,28,33,27
LS9 9LD,69,36,33,28
LS9 9LH,78,39,39,39
LS9 9LJ,41,19,22,22
LS9 9LN,6,4,2,3
LS9 9LP,74,38,36,31
LS9 9LR,34,11,23,16
LS9 9LS,17,10,7,10
LS9 9LT,28,11,17,17
LS9 9LU,47,22,25,24
LS9 9LW,82,38,44,41
LS9 9LX,20,9,11,8
LS9 9LY,58,27,31,33
LS9 9LZ,67,32,35,35
LS9 9NA,44,23,21,22
LS9 9NB,31,12,19,14
LS9 9ND,22,12,10,9
LS9 9NE,100,41,59,32
LS9 9NF,13,8,5,6
LS9 9NG,3,2,1,1
LS9 9NH,30,15,15,9
LS9 9NJ,47,16,31,17
LS9 9NL,89,53,36,33
LS9 9NN,61,32,29,25
LS9 9NP,74,39,35,32
LS9 9NQ,32,15,17,14
LS9 9NR,117,51,66,44
LS9 9NS,40,20,20,22
LS9 9NT,1,1,0,1
LS9 9NU,23,8,15,12
LS9 9NW,39,16,23,17
LS9 9NX,33,17,16,16
LU1 1AR,180,89,91,37
LU1 1BE,25,10,15,0
LU1 1BT,8,3,5,2
LU1 1BW,34,29,5,11
LU1 1BX,56,35,21,32
LU1 1BY,28,17,11,14
LU1 1DD,11,6,5,3
LU1 1DF,124,78,46,40
LU1 1DG,297,151,146,71
LU1 1DJ,257,148,109,52
LU1 1DL,174,91,83,38
LU1 1DN,182,95,87,41
LU1 1DP,159,90,69,40
LU1 1DQ,235,121,114,49
LU1 1DT,10,7,3,6
LU1 1DW,175,97,78,39
LU1 1DX,14,4,10,5
LU1 1DY,18,6,12,6
LU1 1EL,33,16,17,13
LU1 1EN,21,10,11,9
LU1 1EW,44,37,7,17
LU1 1EZ,37,12,25,13
LU1 1HA,120,65,55,39
LU1 1HB,147,76,71,37
LU1 1HD,118,72,46,33
LU1 1HE,65,39,26,22
LU1 1HG,76,47,29,20
LU1 1HP,83,46,37,25
LU1 1HX,149,74,75,42
LU1 1HZ,169,87,82,52
LU1 1JB,45,27,18,26
LU1 1JD,62,31,31,31
LU1 1JF,25,15,10,23
LU1 1JJ,142,74,68,53
LU1 1JN,188,109,79,78
LU1 1JP,32,20,12,10
LU1 1JR,70,41,29,39
LU1 1JS,44,21,23,11
LU1 1JT,35,17,18,8
LU1 1JU,50,38,12,17
LU1 1JW,180,112,68,48
LU1 1JX,68,44,24,20
LU1 1JY,19,9,10,9
LU1 1JZ,8,4,4,3
LU1 1LA,19,11,8,5
LU1 1LB,119,61,58,47
LU1 1LD,111,57,54,38
LU1 1LE,131,73,58,36
LU1 1LF,124,72,52,36
LU1 1LG,110,56,54,35
LU1 1LH,240,117,123,74
LU1 1LJ,221,130,91,61
LU1 1LL,251,136,115,68
LU1 1LN,230,132,98,63
LU1 1LQ,134,72,62,36
LU1 1LY,147,82,65,42
LU1 1LZ,94,53,41,20
LU1 1ND,45,36,9,18
LU1 1NE,30,20,10,13
LU1 1NF,43,26,17,11
LU1 1NG,37,23,14,9
LU1 1NH,36,19,17,7
LU1 1NJ,55,36,19,22
LU1 1NL,57,30,27,24
LU1 1NN,26,15,11,8
LU1 1NP,63,37,26,17
LU1 1NQ,46,24,22,13
LU1 1NR,33,17,16,10
LU1 1NS,12,4,8,4
LU1 1NT,14,7,7,10
LU1 1NU,12,6,6,7
LU1 1NW,42,24,18,13
LU1 1NX,38,20,18,7
LU1 1NY,212,105,107,49
LU1 1NZ,184,97,87,41
LU1 1PA,120,59,61,32
LU1 1PB,150,75,75,44
LU1 1PD,244,137,107,62
LU1 1PE,105,57,48,39
LU1 1PF,110,60,50,32
LU1 1PG,106,44,62,40
LU1 1PH,18,10,8,5
LU1 1PP,168,87,81,86
LU1 1PQ,143,79,64,50
LU1 1QA,41,20,21,31
LU1 1QD,2,1,1,1
LU1 1QE,91,48,43,37
LU1 1QF,137,74,63,48
LU1 1QH,86,40,46,48
LU1 1QJ,124,67,57,57
LU1 1QL,44,24,20,15
LU1 1QN,63,39,24,27
LU1 1QP,160,99,61,91
LU1 1QQ,46,28,18,21
LU1 1QR,215,129,86,94
LU1 1QU,27,13,14,22
LU1 1QW,15,9,6,10
LU1 1QZ,70,38,32,41
LU1 1RB,15,7,8,11
LU1 1RE,158,96,62,78
LU1 1RF,132,86,46,55
LU1 1RG,18,14,4,4
LU1 1RJ,7,5,2,5
LU1 1RN,13,8,5,6
LU1 1RP,93,49,44,41
LU1 1RR,155,81,74,60
LU1 1RS,104,57,47,43
LU1 1RT,41,24,17,18
LU1 1RW,71,45,26,35
LU1 1RX,5,1,4,2
LU1 1RY,33,16,17,29
LU1 1SA,3,3,0,3
LU1 1SE,78,34,44,34
LU1 1SF,12,10,2,3
LU1 1SH,21,10,11,6
LU1 1SQ,6,3,3,2
LU1 1ST,42,20,22,36
LU1 1SZ,5,3,2,2
LU1 1TA,72,40,32,19
LU1 1TD,98,55,43,33
LU1 1TE,23,14,9,14
LU1 1TF,178,92,86,45
LU1 1TG,80,46,34,19
LU1 1TH,121,53,68,35
LU1 1TJ,186,100,86,50
LU1 1TL,215,116,99,51
LU1 1TN,273,114,159,63
LU1 1TP,335,177,158,94
LU1 1TQ,36,25,11,21
LU1 1TS,194,95,99,40
LU1 1TT,137,74,63,36
LU1 1TU,146,78,68,40
LU1 1TX,261,139,122,67
LU1 1TY,112,57,55,45
LU1 1TZ,139,68,71,31
LU1 1UA,228,112,116,57
LU1 1UB,94,42,52,37
LU1 1UD,171,91,80,54
LU1 1UE,151,68,83,38
LU1 1UF,21,8,13,6
LU1 1UG,23,10,13,2
LU1 1UH,180,101,79,47
LU1 1UJ,172,86,86,43
LU1 1UL,135,71,64,54
LU1 1UN,41,23,18,13
LU1 1UP,31,16,15,7
LU1 1UQ,43,21,22,11
LU1 1UW,53,29,24,20
LU1 1XN,29,17,12,17
LU1 1XP,16,12,4,11
LU1 1XQ,35,18,17,18
LU1 1XW,83,47,36,48
LU1 1XX,8,6,2,5
LU1 2AA,2,1,1,1
LU1 2AF,2,1,1,1
LU1 2BQ,4,2,2,1
LU1 2DP,4,4,0,4
LU1 2DW,12,7,5,6
LU1 2EF,60,29,31,27
LU1 2EP,38,23,15,16
LU1 2EY,11,9,2,3
LU1 2GS,42,26,16,0
LU1 2HN,57,36,21,35
LU1 2HZ,2,1,1,1
LU1 2JE,63,27,36,26
LU1 2JQ,58,34,24,38
LU1 2JX,28,22,6,15
LU1 2NA,15,8,7,8
LU1 2NL,43,27,16,15
LU1 2NQ,96,55,41,46
LU1 2NR,6,2,4,3
LU1 2NW,11,6,5,7
LU1 2PA,74,41,33,21
LU1 2PL,5,2,3,2
LU1 2QH,68,36,32,40
LU1 2QP,7,5,2,5
LU1 2QR,5,5,0,2
LU1 2QT,49,34,15,33
LU1 2QX,7,2,5,4
LU1 2RD,11,6,5,6
LU1 2SE,67,49,18,28
LU1 2SG,2,1,1,1
LU1 2TD,1,1,0,1
LU1 2TH,1,1,0,1
LU1 2TL,2,1,1,1
LU1 2TR,1,0,1,0
LU1 2WA,33,18,15,3
LU1 2WB,28,16,12,0
LU1 2WD,27,17,10,0
LU1 2WE,26,11,15,0
LU1 2WF,24,15,9,0
LU1 2WG,32,17,15,0
LU1 2WH,32,11,21,0
LU1 2WJ,31,14,17,0
LU1 2WL,24,17,7,0
LU1 2WN,44,25,19,2
LU1 3AA,6,4,2,3
LU1 3AG,55,32,23,24
LU1 3AJ,31,20,11,16
LU1 3AL,8,4,4,5
LU1 3AN,36,26,10,10
LU1 3AR,34,22,12,25
LU1 3AT,30,26,4,8
LU1 3BE,26,17,9,11
LU1 3BJ,28,13,15,23
LU1 3BU,62,30,32,39
LU1 3BX,71,39,32,24
LU1 3BZ,37,17,20,20
LU1 3DD,174,87,87,74
LU1 3DF,61,35,26,25
LU1 3DJ,21,8,13,14
LU1 3DL,10,3,7,9
LU1 3DP,112,76,36,37
LU1 3DQ,140,79,61,66
LU1 3DR,110,58,52,55
LU1 3DS,112,46,66,55
LU1 3DT,114,66,48,57
LU1 3DU,114,63,51,54
LU1 3DW,72,45,27,39
LU1 3DX,100,49,51,58
LU1 3DY,104,55,49,55
LU1 3ED,66,40,26,26
LU1 3EF,22,12,10,8
LU1 3EG,102,54,48,57
LU1 3EH,47,22,25,22
LU1 3EJ,136,63,73,59
LU1 3EL,49,36,13,48
LU1 3EN,45,19,26,2
LU1 3EQ,31,18,13,20
LU1 3ES,86,41,45,18
LU1 3ET,53,30,23,22
LU1 3EU,29,22,7,10
LU1 3EY,8,4,4,3
LU1 3EZ,7,5,2,4
LU1 3FD,64,34,30,24
LU1 3HA,14,11,3,14
LU1 3HB,67,38,29,22
LU1 3HD,73,47,26,21
LU1 3HE,9,4,5,8
LU1 3HF,8,2,6,3
LU1 3HG,26,19,7,9
LU1 3HH,104,52,52,36
LU1 3HJ,37,25,12,16
LU1 3HN,27,17,10,20
LU1 3HP,81,51,30,37
LU1 3HQ,89,52,37,27
LU1 3HU,34,13,21,29
LU1 3JX,7,4,3,3
LU1 3LP,18,12,6,7
LU1 3LY,91,42,49,37
LU1 3LZ,65,31,34,21
LU1 3NA,64,29,35,24
LU1 3NB,107,56,51,36
LU1 3ND,20,11,9,5
LU1 3NE,77,41,36,25
LU1 3NF,161,81,80,57
LU1 3NG,88,42,46,34
LU1 3NJ,78,33,45,30
LU1 3NL,130,70,60,50
LU1 3NN,8,5,3,3
LU1 3NP,23,11,12,15
LU1 3NQ,94,47,47,32
LU1 3NR,28,17,11,9
LU1 3NS,152,91,61,53
LU1 3NU,35,20,15,15
LU1 3NW,83,43,40,34
LU1 3NX,25,12,13,13
LU1 3NY,55,26,29,18
LU1 3NZ,130,79,51,39
LU1 3PB,33,22,11,30
LU1 3PD,31,14,17,11
LU1 3PF,34,22,12,20
LU1 3PN,57,27,30,17
LU1 3PS,8,4,4,3
LU1 3PT,73,39,34,24
LU1 3PX,111,56,55,41
LU1 3PY,39,20,19,18
LU1 3PZ,40,22,18,16
LU1 3QA,51,29,22,18
LU1 3QB,89,51,38,27
LU1 3QD,21,13,8,14
LU1 3QE,166,83,83,68
LU1 3QF,5,2,3,1
LU1 3QG,62,33,29,24
LU1 3QH,116,57,59,50
LU1 3QJ,123,62,61,48
LU1 3QL,107,54,53,42
LU1 3QN,114,53,61,41
LU1 3QP,45,26,19,16
LU1 3QQ,109,61,48,33
LU1 3QR,83,43,40,27
LU1 3QS,64,34,30,26
LU1 3QT,100,48,52,38
LU1 3QU,107,56,51,39
LU1 3QW,125,64,61,46
LU1 3QX,91,47,44,36
LU1 3QY,90,54,36,37
LU1 3QZ,31,18,13,18
LU1 3RF,12,5,7,5
LU1 3RG,45,22,23,19
LU1 3RH,6,4,2,3
LU1 3RJ,23,10,13,8
LU1 3RL,30,12,18,8
LU1 3RN,2,1,1,1
LU1 3RP,160,81,79,46
LU1 3RQ,12,8,4,5
LU1 3RR,101,64,37,35
LU1 3RS,124,78,46,42
LU1 3RT,42,25,17,19
LU1 3RU,101,52,49,37
LU1 3RW,154,84,70,53
LU1 3RX,87,43,44,32
LU1 3RY,17,10,7,6
LU1 3RZ,81,44,37,29
LU1 3SA,12,6,6,6
LU1 3SD,108,46,62,42
LU1 3SE,139,80,59,53
LU1 3SF,47,25,22,16
LU1 3SG,157,78,79,46
LU1 3SH,29,14,15,12
LU1 3SJ,90,46,44,44
LU1 3SL,31,17,14,10
LU1 3SN,65,40,25,29
LU1 3SP,92,48,44,38
LU1 3SQ,123,67,56,54
LU1 3SR,42,18,24,14
LU1 3SS,210,127,83,107
LU1 3ST,36,16,20,18
LU1 3SU,78,43,35,25
LU1 3SX,19,10,9,8
LU1 3SY,41,21,20,16
LU1 3SZ,48,22,26,23
LU1 3TA,22,11,11,8
LU1 3TF,4,2,2,2
LU1 3TG,7,4,3,2
LU1 3TJ,6,3,3,2
LU1 3TL,10,4,6,7
LU1 3TP,6,3,3,3
LU1 3TQ,44,26,18,7
LU1 3TS,23,9,14,6
LU1 3TU,25,14,11,8
LU1 3TW,5,3,2,3
LU1 3TY,11,5,6,7
LU1 3UA,1,1,0,1
LU1 3UB,1,1,0,1
LU1 3UD,55,36,19,23
LU1 3UE,80,39,41,33
LU1 3UG,49,36,13,22
LU1 3UH,10,6,4,5
LU1 3UN,80,43,37,43
LU1 3UP,67,32,35,27
LU1 3UQ,32,16,16,17
LU1 3UR,72,34,38,29
LU1 3UT,122,63,59,53
LU1 3UU,96,46,50,43
LU1 3UX,43,25,18,17
LU1 3UY,31,13,18,25
LU1 3XB,74,38,36,45
LU1 3XD,8,6,2,2
LU1 3XE,2,1,1,2
LU1 3XH,29,14,15,13
LU1 3XL,60,42,18,21
LU1 3XW,2,1,1,1
LU1 4AA,3,2,1,2
LU1 4AB,20,8,12,6
LU1 4AD,26,14,12,10
LU1 4AE,23,8,15,20
LU1 4AF,29,12,17,17
LU1 4AH,81,36,45,50
LU1 4AL,83,38,45,31
LU1 4AN,41,20,21,18
LU1 4AP,9,4,5,2
LU1 4AQ,57,28,29,18
LU1 4AR,14,7,7,7
LU1 4AS,138,66,72,58
LU1 4AT,27,12,15,14
LU1 4AW,5,2,3,3
LU1 4AX,39,21,18,14
LU1 4AY,31,22,9,25
LU1 4AZ,22,12,10,14
LU1 4BB,13,7,6,4
LU1 4BD,15,6,9,7
LU1 4BE,20,10,10,11
LU1 4BG,133,60,73,58
LU1 4BH,11,3,8,5
LU1 4BJ,58,24,34,27
LU1 4BL,86,45,41,35
LU1 4BN,105,51,54,43
LU1 4BP,87,40,47,45
LU1 4BQ,9,4,5,2
LU1 4BS,109,52,57,41
LU1 4BT,109,61,48,46
LU1 4BU,46,23,23,18
LU1 4BW,9,3,6,5
LU1 4BX,106,56,50,43
LU1 4BZ,1,1,0,1
LU1 4DA,6,2,4,4
LU1 4DB,6,4,2,4
LU1 4DD,120,58,62,46
LU1 4DE,91,45,46,36
LU1 4DG,30,15,15,12
LU1 4DH,3,1,2,2
LU1 4DJ,76,35,41,30
LU1 4DL,30,15,15,13
LU1 4DN,30,16,14,13
LU1 4DP,31,18,13,23
LU1 4DQ,30,13,17,10
LU1 4DR,146,72,74,58
LU1 4DS,65,33,32,20
LU1 4DT,8,3,5,2
LU1 4DU,115,58,57,45
LU1 4DW,8,6,2,2
LU1 4DY,25,11,14,15
LU1 4EA,11,6,5,4
LU1 4EB,22,9,13,11
LU1 4ED,57,27,30,30
LU1 4EE,73,41,32,30
LU1 4EF,31,17,14,11
LU1 4EH,78,41,37,31
LU1 4EJ,47,25,22,19
LU1 4EL,98,53,45,47
LU1 4EN,35,20,15,17
LU1 4EP,142,69,73,47
LU1 4EQ,79,39,40,34
LU1 4ER,140,75,65,48
LU1 4ES,23,11,12,10
LU1 4ET,106,52,54,41
LU1 4EU,14,6,8,6
LU1 4EW,7,3,4,3
LU1 4EX,48,22,26,20
LU1 4EY,6,3,3,4
LU1 4EZ,37,18,19,16
LU1 4FD,19,10,9,5
LU1 4HA,31,17,14,12
LU1 4HB,44,23,21,15
LU1 4HD,82,35,47,33
LU1 4HE,99,45,54,38
LU1 4HF,37,16,21,20
LU1 4HG,44,24,20,20
LU1 4HH,20,9,11,11
LU1 4HJ,59,33,26,22
LU1 4HL,18,12,6,6
LU1 4HN,12,6,6,6
LU1 4HP,20,11,9,7
LU1 4HQ,18,9,9,9
LU1 4HS,90,41,49,41
LU1 4HT,148,76,72,60
LU1 4HU,30,15,15,12
LU1 4HW,13,6,7,8
LU1 4HX,59,29,30,28
LU1 4HY,27,13,14,13
LU1 4HZ,84,37,47,40
LU1 4JA,54,23,31,25
LU1 4JB,12,5,7,5
LU1 4JD,123,51,72,55
LU1 4JE,51,21,30,22
LU1 4JF,88,38,50,39
LU1 4JG,155,78,77,62
LU1 4JH,12,6,6,7
LU1 4JJ,40,15,25,18
LU1 4JN,41,18,23,12
LU1 4JQ,4,2,2,2
LU1 4JW,40,23,17,14
LU1 4LA,11,5,6,5
LU1 4LE,9,6,3,6
LU1 4LF,9,4,5,5
LU1 4LG,22,10,12,12
LU1 4LH,12,6,6,4
LU1 4LJ,13,6,7,6
LU1 4LL,28,13,15,15
LU1 4LP,57,28,29,39
LU1 4LQ,17,10,7,5
LU1 4LR,76,38,38,52
LU1 4LS,75,40,35,47
LU1 4LT,3,1,2,1
LU1 4LU,34,14,20,15
LU1 4LW,109,51,58,67
LU1 4LX,3,1,2,1
LU1 4NA,9,1,8,5
LU1 4NE,39,18,21,16
LU1 5AA,22,13,9,11
LU1 5AD,11,5,6,5
LU1 5AE,15,12,3,11
LU1 5AF,120,57,63,35
LU1 5AG,23,15,8,12
LU1 5AH,146,84,62,75
LU1 5AL,106,49,57,50
LU1 5AN,86,49,37,34
LU1 5AP,75,36,39,37
LU1 5AR,109,46,63,41
LU1 5AS,10,5,5,7
LU1 5AT,162,94,68,75
LU1 5AY,20,9,11,14
LU1 5AZ,46,31,15,42
LU1 5BB,37,21,16,23
LU1 5BE,44,27,17,22
LU1 5BG,20,10,10,14
LU1 5BH,55,36,19,22
LU1 5BN,52,30,22,25
LU1 5BP,13,5,8,6
LU1 5BS,24,17,7,10
LU1 5BU,87,48,39,35
LU1 5DA,71,34,37,40
LU1 5DD,21,11,10,10
LU1 5DN,75,47,28,35
LU1 5DR,35,19,16,15
LU1 5DT,179,108,71,91
LU1 5DY,18,8,10,14
LU1 5EA,81,50,31,35
LU1 5EB,121,62,59,56
LU1 5ED,40,25,15,13
LU1 5EE,16,10,6,12
LU1 5EG,79,36,43,31
LU1 5EH,15,6,9,6
LU1 5EJ,26,9,17,12
LU1 5EL,10,2,8,4
LU1 5EN,77,52,25,51
LU1 5EQ,37,17,20,13
LU1 5ER,11,10,1,9
LU1 5ES,52,34,18,19
LU1 5ET,133,88,45,55
LU1 5EU,49,31,18,21
LU1 5EX,88,45,43,36
LU1 5EY,166,107,59,51
LU1 5EZ,6,3,3,2
LU1 5FA,25,10,15,0
LU1 5FD,54,34,20,28
LU1 5HA,37,21,16,12
LU1 5HB,199,103,96,52
LU1 5HD,57,24,33,16
LU1 5HE,69,37,32,25
LU1 5HF,95,50,45,35
LU1 5HG,133,67,66,50
LU1 5HH,15,6,9,8
LU1 5HJ,20,10,10,10
LU1 5HL,8,4,4,3
LU1 5HN,78,40,38,29
LU1 5HP,118,55,63,42
LU1 5HQ,104,51,53,42
LU1 5HR,122,61,61,40
LU1 5HS,25,11,14,11
LU1 5HU,14,9,5,7
LU1 5HW,151,65,86,49
LU1 5HY,1,0,1,1
LU1 5HZ,72,40,32,30
LU1 5JA,175,87,88,53
LU1 5JB,155,83,72,54
LU1 5JD,200,96,104,61
LU1 5JE,143,65,78,36
LU1 5JF,127,67,60,36
LU1 5JG,53,26,27,16
LU1 5JH,150,80,70,62
LU1 5JJ,52,22,30,17
LU1 5JL,85,40,45,29
LU1 5JN,78,36,42,28
LU1 5JP,35,22,13,15
LU1 5JQ,96,46,50,28
LU1 5JR,133,68,65,50
LU1 5JS,77,41,36,27
LU1 5JT,123,54,69,48
LU1 5JU,100,50,50,39
LU1 5JW,41,17,24,20
LU1 5JX,86,43,43,33
LU1 5JY,115,52,63,48
LU1 5JZ,86,42,44,30
LU1 5LA,10,5,5,5
LU1 5LB,74,35,39,23
LU1 5LD,71,34,37,18
LU1 5LE,76,37,39,25
LU1 5LF,58,29,29,26
LU1 5LG,39,20,19,15
LU1 5LH,73,41,32,23
LU1 5LJ,65,29,36,26
LU1 5LL,11,6,5,4
LU1 5LN,8,4,4,8
LU1 5LP,17,6,11,8
LU1 5LQ,74,41,33,26
LU1 5LR,30,16,14,12
LU1 5LS,42,21,21,16
LU1 5LT,12,7,5,4
LU1 5LU,25,11,14,12
LU1 5LW,57,30,27,16
LU1 5LX,44,16,28,37
LU1 5LY,58,33,25,15
LU1 5LZ,16,8,8,8
LU1 5NA,58,27,31,20
LU1 5NB,11,6,5,4
LU1 5ND,167,80,87,56
LU1 5NE,47,19,28,16
LU1 5NF,20,6,14,12
LU1 5NG,95,47,48,34
LU1 5NH,32,15,17,12
LU1 5NQ,45,27,18,16
LU1 5NR,99,47,52,32
LU1 5NS,12,7,5,9
LU1 5NT,12,4,8,10
LU1 5NU,90,48,42,27
LU1 5NX,7,5,2,2
LU1 5NY,10,5,5,4
LU1 5NZ,11,8,3,2
LU1 5PA,88,41,47,30
LU1 5PB,95,46,49,30
LU1 5PD,109,53,56,37
LU1 5PE,80,37,43,26
LU1 5PF,12,4,8,7
LU1 5PG,25,12,13,8
LU1 5PH,33,13,20,8
LU1 5PJ,90,46,44,24
LU1 5PL,50,28,22,16
LU1 5PN,144,75,69,44
LU1 5PP,6,4,2,3
LU1 5PQ,18,6,12,12
LU1 5PR,47,20,27,15
LU1 5PS,14,8,6,6
LU1 5PT,21,12,9,12
LU1 5PU,102,47,55,26
LU1 5PW,11,6,5,4
LU1 5PX,114,55,59,30
LU1 5PY,79,39,40,22
LU1 5PZ,29,11,18,24
LU1 5QA,126,63,63,51
LU1 5QD,181,78,103,61
LU1 5QF,101,48,53,32
LU1 5QG,8,5,3,4
LU1 5QH,21,12,9,9
LU1 5QJ,78,37,41,23
LU1 5QL,145,67,78,43
LU1 5QN,99,47,52,26
LU1 5QP,11,7,4,8
LU1 5QQ,232,110,122,64
LU1 5QR,27,12,15,7
LU1 5QS,31,14,17,12
LU1 5QT,10,6,4,3
LU1 5QU,40,17,23,12
LU1 5QW,21,10,11,8
LU1 5QX,65,32,33,42
LU1 5QY,73,26,47,19
LU1 5RA,94,50,44,51
LU1 5RB,100,58,42,64
LU1 5RD,70,33,37,22
LU1 5RE,39,20,19,24
LU1 5RF,7,4,3,6
LU1 5RH,21,11,10,6
LU1 5RJ,158,75,83,46
LU1 5RL,74,29,45,21
LU1 5RN,11,5,6,4
LU1 5RP,16,8,8,4
LU1 5RR,17,9,8,6
LU1 5RS,58,29,29,20
LU1 5RT,48,21,27,18
LU1 5RU,11,4,7,3
LU1 5RW,83,39,44,28
LU1 5RX,130,61,69,40
LU1 5RY,55,24,31,19
LU1 5RZ,151,72,79,50
LU1 5SA,31,17,14,18
LU1 5SD,63,28,35,23
LU1 5SE,8,6,2,8
LU1 5SF,25,11,14,8
LU1 5SG,111,59,52,31
LU1 5SH,54,24,30,22
LU1 5SJ,39,18,21,13
LU1 5SL,11,7,4,8
LU1 5SN,62,24,38,21
LU1 5SP,44,23,21,15
LU1 5SQ,119,62,57,35
LU1 5SR,88,38,50,35
LU1 5SS,189,96,93,93
LU1 5ST,45,22,23,18
LU1 5SU,35,21,14,29
LU1 5SW,39,8,31,35
LU2 0AB,30,19,11,9
LU2 0AE,44,30,14,24
LU2 0AF,40,25,15,18
LU2 0AH,11,9,2,4
LU2 0AL,79,46,33,42
LU2 0AN,32,17,15,22
LU2 0AP,18,9,9,8
LU2 0AT,62,38,24,23
LU2 0AU,45,25,20,18
LU2 0AW,14,9,5,7
LU2 0AX,119,64,55,74
LU2 0AY,35,20,15,20
LU2 0AZ,46,24,22,16
LU2 0BA,89,46,43,27
LU2 0BB,2,2,0,1
LU2 0BE,11,7,4,5
LU2 0BH,22,15,7,14
LU2 0BJ,66,34,32,27
LU2 0BL,160,97,63,74
LU2 0BN,24,9,15,7
LU2 0BP,17,7,10,9
LU2 0BW,116,64,52,56
LU2 0BX,49,24,25,21
LU2 0BZ,201,112,89,91
LU2 0DB,34,21,13,20
LU2 0DD,8,7,1,5
LU2 0DE,34,22,12,13
LU2 0DF,13,6,7,6
LU2 0DG,19,13,6,6
LU2 0DH,56,26,30,20
LU2 0DL,60,28,32,23
LU2 0DN,82,51,31,36
LU2 0DP,4,2,2,4
LU2 0DQ,21,11,10,9
LU2 0DS,4,2,2,2
LU2 0DT,10,6,4,6
LU2 0DZ,27,12,15,12
LU2 0EA,107,49,58,43
LU2 0EB,75,41,34,23
LU2 0EL,3,1,2,1
LU2 0EN,5,3,2,5
LU2 0EP,100,47,53,34
LU2 0EQ,13,6,7,6
LU2 0ER,10,8,2,6
LU2 0ES,60,33,27,30
LU2 0EU,99,59,40,43
LU2 0EW,83,50,33,39
LU2 0EX,7,6,1,4
LU2 0FB,86,46,40,44
LU2 0FD,110,58,52,63
LU2 0FG,14,7,7,3
LU2 0FJ,10,5,5,7
LU2 0HD,1,1,0,1
LU2 0HH,3,2,1,1
LU2 0HS,1,1,0,1
LU2 0HX,143,75,68,59
LU2 0HY,161,74,87,71
LU2 0JA,3,2,1,3
LU2 0JB,97,51,46,67
LU2 0JF,105,47,58,35
LU2 0JG,167,87,80,56
LU2 0JH,128,72,56,50
LU2 0JJ,176,89,87,66
LU2 0JL,151,76,75,64
LU2 0JN,41,26,15,14
LU2 0JP,116,54,62,32
LU2 0JQ,151,79,72,36
LU2 0JR,120,56,64,39
LU2 0JS,144,74,70,47
LU2 0JT,154,64,90,60
LU2 0JU,72,35,37,23
LU2 0JW,59,24,35,19
LU2 0JZ,49,27,22,27
LU2 0LE,121,64,57,45
LU2 0LF,18,8,10,7
LU2 0LG,115,61,54,35
LU2 0LH,82,36,46,34
LU2 0LJ,115,50,65,42
LU2 0LL,53,28,25,20
LU2 0LN,73,36,37,27
LU2 0LP,87,48,39,30
LU2 0LQ,152,72,80,45
LU2 0LR,134,60,74,39
LU2 0LS,104,54,50,34
LU2 0LT,76,31,45,28
LU2 0LU,151,68,83,50
LU2 0LW,13,6,7,8
LU2 0LX,23,9,14,6
LU2 0LY,10,7,3,8
LU2 0LZ,15,9,6,10
LU2 0NF,87,37,50,33
LU2 0NG,41,20,21,20
LU2 0NH,18,9,9,11
LU2 0NL,31,15,16,26
LU2 0NN,28,16,12,13
LU2 0NP,25,15,10,12
LU2 0NQ,8,3,5,4
LU2 0PA,16,8,8,5
LU2 0PD,22,14,8,9
LU2 0PH,124,66,58,55
LU2 0PJ,146,73,73,45
LU2 0PL,102,50,52,36
LU2 0PN,92,47,45,36
LU2 0PP,104,46,58,41
LU2 0PR,97,47,50,37
LU2 0PS,80,34,46,25
LU2 0PT,20,9,11,7
LU2 0PU,65,26,39,24
LU2 0PW,117,56,61,47
LU2 0PX,17,7,10,9
LU2 0PY,149,78,71,58
LU2 0PZ,113,62,51,39
LU2 0QA,91,41,50,34
LU2 0QB,139,69,70,50
LU2 0QD,7,5,2,3
LU2 0QF,90,46,44,38
LU2 0QG,68,32,36,29
LU2 0QH,11,4,7,7
LU2 0QJ,79,46,33,29
LU2 0QL,87,42,45,31
LU2 0QN,64,32,32,21
LU2 0QQ,43,21,22,18
LU2 0QT,10,4,6,4
LU2 0QU,47,28,19,16
LU2 0QW,66,35,31,30
LU2 0QX,48,24,24,22
LU2 0QY,33,16,17,11
LU2 0QZ,40,28,12,28
LU2 0RA,39,15,24,17
LU2 0RB,51,27,24,18
LU2 0RD,184,93,91,56
LU2 0RE,148,74,74,49
LU2 0RF,40,21,19,19
LU2 0RG,157,83,74,50
LU2 0RH,133,63,70,52
LU2 0RJ,19,11,8,13
LU2 0RL,149,67,82,65
LU2 0RN,136,69,67,55
LU2 0RP,101,53,48,38
LU2 0RQ,157,76,81,67
LU2 0RR,104,59,45,44
LU2 0RS,8,4,4,4
LU2 0RT,102,52,50,42
LU2 0RU,132,66,66,50
LU2 0RW,81,37,44,36
LU2 0RX,70,40,30,26
LU2 0RY,117,57,60,42
LU2 0RZ,89,48,41,30
LU2 0SA,16,4,12,10
LU2 0SH,68,37,31,25
LU2 0SJ,73,33,40,28
LU2 0SL,26,14,12,9
LU2 0SN,196,106,90,64
LU2 0SP,32,18,14,11
LU2 0SQ,94,47,47,48
LU2 0SR,14,7,7,10
LU2 0SW,180,85,95,61
LU2 0SX,12,8,4,4
LU2 0TG,114,52,62,44
LU2 0TJ,37,20,17,18
LU2 0TL,63,28,35,31
LU2 0TP,129,68,61,53
LU2 0TQ,108,60,48,52
LU2 0TR,105,58,47,42
LU2 0TS,151,79,72,68
LU2 0TT,12,5,7,3
LU2 0TW,13,5,8,6
LU2 7AA,67,31,36,28
LU2 7AB,66,27,39,28
LU2 7AD,18,10,8,8
LU2 7AE,89,44,45,34
LU2 7AF,87,38,49,36
LU2 7AG,14,5,9,7
LU2 7AH,26,11,15,10
LU2 7AJ,30,14,16,10
LU2 7AL,131,55,76,43
LU2 7AN,37,17,20,14
LU2 7AP,52,27,25,19
LU2 7AQ,17,9,8,8
LU2 7AR,51,26,25,19
LU2 7AS,74,41,33,31
LU2 7AT,43,22,21,17
LU2 7AU,2,1,1,1
LU2 7AW,62,31,31,22
LU2 7AX,27,11,16,9
LU2 7AY,100,51,49,38
LU2 7AZ,72,38,34,24
LU2 7BA,61,34,27,24
LU2 7BB,70,37,33,27
LU2 7BD,113,58,55,40
LU2 7BE,4,2,2,1
LU2 7BG,171,79,92,59
LU2 7BH,17,5,12,6
LU2 7BJ,41,23,18,15
LU2 7BL,88,45,43,31
LU2 7BN,65,27,38,20
LU2 7BP,43,23,20,11
LU2 7BQ,70,38,32,18
LU2 7BS,84,44,40,24
LU2 7BT,7,2,5,3
LU2 7BU,172,90,82,53
LU2 7BW,68,34,34,19
LU2 7BX,81,37,44,31
LU2 7BY,93,44,49,37
LU2 7BZ,79,38,41,26
LU2 7DA,33,15,18,15
LU2 7DB,72,36,36,36
LU2 7DD,28,15,13,7
LU2 7DE,31,17,14,9
LU2 7DF,33,18,15,11
LU2 7DG,21,11,10,8
LU2 7DH,59,26,33,22
LU2 7DJ,155,76,79,46
LU2 7DL,71,34,37,27
LU2 7DN,45,22,23,16
LU2 7DP,59,31,28,17
LU2 7DQ,41,20,21,13
LU2 7DR,41,18,23,15
LU2 7DS,76,36,40,27
LU2 7DT,64,33,31,19
LU2 7DU,159,76,83,54
LU2 7DW,55,27,28,17
LU2 7DX,47,20,27,18
LU2 7DY,47,23,24,18
LU2 7DZ,37,21,16,28
LU2 7EA,40,24,16,13
LU2 7ED,35,16,19,11
LU2 7EE,189,97,92,68
LU2 7EF,16,6,10,4
LU2 7EG,38,21,17,9
LU2 7EH,78,36,42,26
LU2 7EJ,94,46,48,24
LU2 7EL,124,60,64,36
LU2 7EP,90,43,47,33
LU2 7EQ,84,43,41,27
LU2 7ER,127,62,65,45
LU2 7ES,45,22,23,14
LU2 7ET,38,21,17,16
LU2 7EU,120,54,66,45
LU2 7EX,13,6,7,6
LU2 7EY,82,45,37,55
LU2 7EZ,3,2,1,1
LU2 7FA,4,1,3,3
LU2 7FB,56,31,25,28
LU2 7FD,16,8,8,7
LU2 7FE,70,34,36,26
LU2 7FF,91,41,50,39
LU2 7FG,123,55,68,51
LU2 7FH,132,60,72,53
LU2 7FJ,56,28,28,14
LU2 7FQ,132,64,68,51
LU2 7GA,162,79,83,65
LU2 7GB,91,43,48,33
LU2 7GD,41,18,23,17
LU2 7GE,112,49,63,46
LU2 7GF,52,26,26,14
LU2 7GG,22,10,12,7
LU2 7GJ,71,35,36,24
LU2 7GL,49,14,35,40
LU2 7GP,52,13,39,0
LU2 7GQ,120,58,62,42
LU2 7GS,5,2,3,2
LU2 7GY,46,8,38,39
LU2 7HB,142,63,79,49
LU2 7HD,111,50,61,39
LU2 7HF,54,26,28,26
LU2 7HG,11,4,7,3
LU2 7HH,49,22,27,12
LU2 7HL,1,1,0,1
LU2 7HN,38,19,19,12
LU2 7HP,53,21,32,15
LU2 7HR,32,19,13,8
LU2 7HT,123,56,67,39
LU2 7HU,117,54,63,41
LU2 7HW,49,24,25,19
LU2 7HX,118,56,62,45
LU2 7HY,101,49,52,36
LU2 7HZ,51,26,25,16
LU2 7JA,81,41,40,32
LU2 7JB,55,31,24,29
LU2 7JD,75,34,41,27
LU2 7JE,92,48,44,52
LU2 7JF,45,20,25,12
LU2 7JG,149,75,74,56
LU2 7JH,92,52,40,41
LU2 7JJ,42,25,17,23
LU2 7JL,173,83,90,63
LU2 7JN,119,53,66,42
LU2 7JP,124,63,61,37
LU2 7JQ,166,77,89,63
LU2 7JR,10,5,5,4
LU2 7JS,168,86,82,54
LU2 7JT,205,109,96,63
LU2 7JU,94,43,51,29
LU2 7JW,7,3,4,3
LU2 7JX,26,14,12,13
LU2 7JY,129,59,70,46
LU2 7JZ,47,26,21,18
LU2 7LA,45,21,24,24
LU2 7LB,93,52,41,33
LU2 7LD,48,22,26,34
LU2 7LE,105,50,55,40
LU2 7LF,132,69,63,50
LU2 7LG,51,24,27,30
LU2 7LH,120,60,60,45
LU2 7LJ,64,33,31,26
LU2 7LL,27,14,13,18
LU2 7LN,48,28,20,32
LU2 7LP,84,38,46,40
LU2 7LQ,199,102,97,70
LU2 7LR,47,23,24,16
LU2 7LS,26,14,12,13
LU2 7LT,43,20,23,12
LU2 7LU,11,6,5,3
LU2 7LW,101,47,54,31
LU2 7LX,21,10,11,6
LU2 7LZ,156,72,84,64
LU2 7NA,16,7,9,8
LU2 7NB,56,21,35,17
LU2 7ND,82,45,37,37
LU2 7NE,31,18,13,13
LU2 7NF,70,40,30,28
LU2 7NG,32,14,18,13
LU2 7NH,42,20,22,13
LU2 7NJ,73,34,39,26
LU2 7NL,102,49,53,40
LU2 7NN,104,50,54,36
LU2 7NP,17,10,7,13
LU2 7NQ,20,9,11,12
LU2 7NS,24,11,13,18
LU2 7NT,41,22,19,29
LU2 7NU,16,14,2,15
LU2 7NW,102,47,55,37
LU2 7NX,67,39,28,28
LU2 7NZ,38,18,20,10
LU2 7PA,10,9,1,5
LU2 7PB,20,14,6,13
LU2 7PD,102,66,36,48
LU2 7PE,19,10,9,8
LU2 7PF,53,31,22,19
LU2 7PH,15,7,8,9
LU2 7PJ,197,97,100,74
LU2 7PL,18,8,10,10
LU2 7PN,118,60,58,43
LU2 7PP,61,29,32,18
LU2 7PQ,149,82,67,84
LU2 7PR,59,30,29,24
LU2 7PS,52,26,26,14
LU2 7PT,12,8,4,7
LU2 7PU,16,10,6,8
LU2 7PW,103,54,49,36
LU2 7PX,145,71,74,70
LU2 7PY,73,50,23,36
LU2 7PZ,8,5,3,6
LU2 7QA,100,62,38,46
LU2 7QB,59,34,25,27
LU2 7QD,1,1,0,1
LU2 7QE,24,11,13,7
LU2 7QF,84,41,43,40
LU2 7QG,22,14,8,9
LU2 7QH,135,74,61,59
LU2 7QJ,16,9,7,9
LU2 7QN,54,30,24,24
LU2 7QP,3,3,0,2
LU2 7QS,104,55,49,43
LU2 7QU,155,104,51,52
LU2 7QW,74,48,26,33
LU2 7QZ,242,145,97,94
LU2 7RB,123,54,69,49
LU2 7RE,20,11,9,7
LU2 7RF,51,30,21,19
LU2 7RH,2,1,1,1
LU2 7RJ,108,58,50,50
LU2 7RL,170,82,88,62
LU2 7RN,120,59,61,42
LU2 7RP,103,53,50,38
LU2 7RR,115,64,51,43
LU2 7RS,85,44,41,43
LU2 7RT,123,62,61,41
LU2 7RU,125,62,63,50
LU2 7RW,130,60,70,52
LU2 7RX,139,76,63,48
LU2 7RY,37,17,20,15
LU2 7RZ,108,58,50,41
LU2 7SA,105,58,47,44
LU2 7SB,122,55,67,51
LU2 7SD,8,2,6,5
LU2 7SE,26,10,16,15
LU2 7SF,16,10,6,9
LU2 7SG,42,26,16,32
LU2 7SH,19,8,11,10
LU2 7SJ,47,20,27,18
LU2 7SL,150,89,61,52
LU2 7SP,82,41,41,34
LU2 7SQ,94,48,46,39
LU2 7SR,21,10,11,11
LU2 7SS,35,18,17,13
LU2 7ST,160,83,77,54
LU2 7SU,121,54,67,60
LU2 7SW,29,20,9,16
LU2 7SX,124,65,59,47
LU2 7SY,136,63,73,52
LU2 7SZ,76,35,41,32
LU2 7TA,84,40,44,33
LU2 7TB,23,11,12,11
LU2 7TD,14,6,8,6
LU2 7TE,125,63,62,59
LU2 7TF,96,51,45,42
LU2 7TG,12,6,6,9
LU2 7TH,44,23,21,23
LU2 7TJ,48,24,24,22
LU2 7TL,62,26,36,34
LU2 7TN,64,32,32,24
LU2 7TP,57,24,33,32
LU2 7TQ,80,31,49,54
LU2 7TR,25,17,8,14
LU2 7TS,48,23,25,20
LU2 7TT,78,40,38,39
LU2 7TU,138,70,68,57
LU2 7TW,102,57,45,55
LU2 7TX,146,64,82,74
LU2 7TY,84,38,46,42
LU2 7TZ,6,3,3,4
LU2 7UA,14,6,8,7
LU2 7UB,105,50,55,52
LU2 7UD,41,15,26,18
LU2 7UE,43,22,21,15
LU2 7UF,37,19,18,15
LU2 7UG,41,25,16,17
LU2 7UH,45,21,24,22
LU2 7UJ,67,32,35,24
LU2 7UL,60,28,32,25
LU2 7UN,6,2,4,2
LU2 7UP,28,14,14,16
LU2 7US,42,21,21,30
LU2 7UT,32,15,17,12
LU2 7UU,48,22,26,24
LU2 7UW,17,9,8,11
LU2 7UX,64,37,27,28
LU2 7UY,52,29,23,23
LU2 7WB,14,6,8,7
LU2 7XA,20,8,12,14
LU2 7XB,148,75,73,67
LU2 7XD,39,21,18,17
LU2 7XF,38,17,21,22
LU2 7XH,2,1,1,1
LU2 7XR,20,11,9,9
LU2 7XS,8,3,5,6
LU2 7XT,152,72,80,50
LU2 7XX,43,22,21,14
LU2 7XY,31,15,16,12
LU2 7XZ,56,28,28,21
LU2 7YD,26,19,7,17
LU2 7YE,64,31,33,37
LU2 7YF,110,51,59,46
LU2 7YJ,65,32,33,28
LU2 7YL,76,35,41,24
LU2 7YN,122,64,58,40
LU2 7YP,135,65,70,48
LU2 7YR,86,36,50,21
LU2 7YS,62,28,34,24
LU2 7YT,33,16,17,17
LU2 7YU,81,32,49,30
LU2 8AA,52,28,24,24
LU2 8AB,82,38,44,33
LU2 8AD,90,43,47,29
LU2 8AE,48,20,28,30
LU2 8AF,88,45,43,41
LU2 8AG,6,4,2,5
LU2 8AH,4,3,1,1
LU2 8AJ,79,42,37,25
LU2 8AN,79,39,40,33
LU2 8AP,95,47,48,39
LU2 8AQ,12,4,8,4
LU2 8AR,171,84,87,66
LU2 8AS,59,29,30,28
LU2 8AT,91,41,50,34
LU2 8AU,70,37,33,30
LU2 8AW,78,37,41,35
LU2 8AX,127,67,60,50
LU2 8AY,124,59,65,50
LU2 8AZ,85,44,41,42
LU2 8BA,113,56,57,47
LU2 8BB,85,46,39,40
LU2 8BD,88,45,43,38
LU2 8BE,156,77,79,69
LU2 8BH,8,4,4,4
LU2 8BJ,201,97,104,62
LU2 8BL,93,51,42,35
LU2 8BN,58,23,35,24
LU2 8BP,96,48,48,43
LU2 8BQ,50,24,26,13
LU2 8BS,43,22,21,18
LU2 8BT,56,27,29,23
LU2 8BU,135,61,74,47
LU2 8BW,155,74,81,56
LU2 8BX,47,18,29,18
LU2 8BY,47,21,26,17
LU2 8DD,14,8,6,6
LU2 8DE,10,7,3,5
LU2 8DF,18,10,8,8
LU2 8DG,7,3,4,3
LU2 8DN,89,30,59,70
LU2 8DP,132,74,58,60
LU2 8DQ,8,4,4,2
LU2 8DR,81,41,40,39
LU2 8DS,153,82,71,60
LU2 8DT,137,68,69,55
LU2 8DU,37,17,20,18
LU2 8DX,70,32,38,28
LU2 8DY,91,45,46,32
LU2 8DZ,81,35,46,32
LU2 8EA,95,50,45,33
LU2 8EB,57,31,26,25
LU2 8ED,13,6,7,6
LU2 8EE,104,43,61,36
LU2 8EH,135,63,72,56
LU2 8EJ,169,88,81,63
LU2 8EL,54,33,21,18
LU2 8EN,57,31,26,19
LU2 8EP,68,31,37,29
LU2 8ER,134,74,60,55
LU2 8ES,37,18,19,13
LU2 8EW,90,42,48,37
LU2 8EX,102,49,53,44
LU2 8EY,66,31,35,24
LU2 8EZ,50,26,24,23
LU2 8HD,10,4,6,7
LU2 8HG,163,78,85,62
LU2 8HH,12,6,6,5
LU2 8HJ,121,59,62,45
LU2 8HL,80,39,41,25
LU2 8HN,57,29,28,24
LU2 8HP,1,0,1,1
LU2 8HQ,91,51,40,35
LU2 8HR,51,26,25,22
LU2 8HS,36,19,17,15
LU2 8HT,33,20,13,12
LU2 8HU,19,10,9,10
LU2 8HW,35,16,19,12
LU2 8HX,21,11,10,10
LU2 8HY,36,17,19,14
LU2 8HZ,47,25,22,21
LU2 8JA,82,37,45,36
LU2 8JD,66,26,40,43
LU2 8JE,42,23,19,27
LU2 8JF,194,104,90,64
LU2 8JG,80,45,35,29
LU2 8JH,82,41,41,29
LU2 8JJ,63,44,19,43
LU2 8JL,64,33,31,31
LU2 8JN,134,65,69,55
LU2 8JP,22,10,12,8
LU2 8JQ,58,30,28,19
LU2 8JR,131,66,65,51
LU2 8JS,62,24,38,23
LU2 8JT,60,30,30,24
LU2 8JU,65,30,35,24
LU2 8JW,144,70,74,44
LU2 8JX,147,69,78,59
LU2 8JY,64,37,27,52
LU2 8JZ,65,36,29,40
LU2 8LA,17,9,8,6
LU2 8LB,5,3,2,3
LU2 8LD,12,6,6,5
LU2 8LF,4,3,1,1
LU2 8LH,73,38,35,25
LU2 8LJ,4,2,2,2
LU2 8LL,6,2,4,3
LU2 8LN,31,15,16,15
LU2 8LP,8,7,1,1
LU2 8LQ,1,0,1,1
LU2 8LR,83,36,47,30
LU2 8LS,35,18,17,11
LU2 8LT,5,4,1,1
LU2 8LU,16,8,8,8
LU2 8LW,42,24,18,26
LU2 8LX,6,3,3,2
LU2 8LY,36,17,19,14
LU2 8LZ,6,3,3,2
LU2 8NA,18,7,11,5
LU2 8NB,5,2,3,2
LU2 8ND,11,6,5,4
LU2 8NE,6,4,2,2
LU2 8NF,2,1,1,1
LU2 8NH,20,9,11,8
LU2 8NJ,4,2,2,2
LU2 8NL,6,3,3,3
LU2 8NN,30,16,14,13
LU2 8NQ,2,1,1,1
LU2 8NS,4,2,2,2
LU2 8NX,9,7,2,4
LU2 8NZ,2,1,1,1
LU2 8PA,5,3,2,2
LU2 8PB,5,3,2,1
LU2 8PE,8,4,4,4
LU2 8PF,4,3,1,2
LU2 8PG,4,3,1,1
LU2 8PH,11,8,3,4
LU2 8PJ,2,1,1,1
LU2 8PP,28,15,13,12
LU2 8PQ,2,1,1,1
LU2 8PS,43,24,19,16
LU2 8PT,9,3,6,5
LU2 8PU,2,1,1,1
LU2 8PW,12,7,5,4
LU2 8PX,2,1,1,1
LU2 8PY,24,10,14,9
LU2 8PZ,38,16,22,12
LU2 8QA,87,42,45,30
LU2 8QB,9,4,5,7
LU2 8QD,77,41,36,29
LU2 8QE,41,23,18,17
LU2 8QF,8,6,2,4
LU2 8QG,23,9,14,6
LU2 8QH,64,27,37,39
LU2 8QJ,129,59,70,45
LU2 8QL,68,37,31,26
LU2 8QN,78,42,36,25
LU2 8QP,165,78,87,60
LU2 8QQ,37,10,27,32
LU2 8QR,142,75,67,57
LU2 8QS,93,48,45,39
LU2 8QT,11,6,5,7
LU2 8QU,13,7,6,8
LU2 8QW,95,53,42,35
LU2 8QX,11,4,7,8
LU2 8QY,69,32,37,44
LU2 8QZ,65,29,36,23
LU2 8RA,65,30,35,26
LU2 8RB,23,9,14,10
LU2 8RJ,113,55,58,42
LU2 8RL,78,47,31,32
LU2 8RP,29,13,16,11
LU2 8RR,57,24,33,29
LU2 8RS,35,18,17,11
LU2 8RT,18,6,12,8
LU2 8RU,66,33,33,23
LU2 8RX,43,20,23,16
LU2 8SJ,80,43,37,39
LU2 8SL,44,20,24,18
LU2 8SN,124,64,60,51
LU2 8SP,14,6,8,6
LU2 8SR,104,54,50,48
LU2 8SS,38,18,20,15
LU2 8ST,52,26,26,19
LU2 8SU,41,19,22,23
LU2 8SW,131,65,66,51
LU2 8SX,73,39,34,33
LU2 8SY,110,45,65,55
LU2 8SZ,24,14,10,8
LU2 8TA,100,51,49,45
LU2 8TB,78,38,40,41
LU2 8TD,61,29,32,26
LU2 8TH,39,21,18,18
LU2 8TJ,29,12,17,10
LU2 8TL,44,22,22,23
LU2 8TN,25,9,16,16
LU2 8TP,31,14,17,12
LU2 8TR,23,11,12,15
LU2 8TS,23,14,9,9
LU2 8TT,61,28,33,23
LU2 8TU,37,18,19,16
LU2 8TX,22,10,12,8
LU2 8TZ,186,92,94,60
LU2 8UA,69,29,40,37
LU2 8UB,46,27,19,18
LU2 8UD,26,12,14,13
LU2 8UE,76,35,41,28
LU2 8UF,52,21,31,24
LU2 8UH,165,84,81,51
LU2 8UJ,64,33,31,22
LU2 8UL,76,34,42,38
LU2 8UN,200,85,115,67
LU2 8UP,101,49,52,38
LU2 8UQ,110,46,64,32
LU2 8UR,6,4,2,3
LU2 8UT,37,16,21,19
LU2 8UU,36,16,20,20
LU2 8UX,179,99,80,64
LU2 8UY,3,1,2,1
LU2 9AA,143,72,71,51
LU2 9AB,112,59,53,38
LU2 9AE,109,55,54,44
LU2 9AF,82,43,39,33
LU2 9AG,13,6,7,6
LU2 9AH,108,57,51,42
LU2 9AJ,189,93,96,66
LU2 9AL,62,28,34,30
LU2 9AN,82,38,44,28
LU2 9AP,81,44,37,31
LU2 9AQ,55,21,34,29
LU2 9AR,85,43,42,39
LU2 9AS,119,58,61,35
LU2 9AT,8,3,5,4
LU2 9AU,120,68,52,46
LU2 9AW,41,22,19,16
LU2 9AX,121,65,56,56
LU2 9AY,115,59,56,48
LU2 9BB,48,26,22,17
LU2 9BG,115,51,64,50
LU2 9BH,68,33,35,30
LU2 9BJ,62,30,32,26
LU2 9BL,50,22,28,19
LU2 9BN,51,24,27,18
LU2 9BP,66,29,37,24
LU2 9BQ,93,44,49,30
LU2 9BS,66,37,29,24
LU2 9BT,156,68,88,60
LU2 9BU,130,69,61,53
LU2 9BW,94,40,54,39
LU2 9BX,80,42,38,28
LU2 9BY,47,21,26,16
LU2 9BZ,26,13,13,9
LU2 9DA,83,38,45,27
LU2 9DB,53,27,26,24
LU2 9DD,100,47,53,39
LU2 9DE,46,25,21,14
LU2 9DF,11,4,7,7
LU2 9DG,22,10,12,18
LU2 9DN,140,66,74,49
LU2 9DP,72,30,42,33
LU2 9DW,52,23,29,22
LU2 9DX,114,58,56,34
LU2 9DY,82,42,40,26
LU2 9DZ,118,60,58,40
LU2 9EA,124,56,68,39
LU2 9EB,102,50,52,39
LU2 9ED,129,63,66,48
LU2 9EE,94,43,51,25
LU2 9EF,71,33,38,22
LU2 9EG,4,2,2,4
LU2 9EH,127,58,69,40
LU2 9EJ,141,54,87,41
LU2 9EP,111,57,54,38
LU2 9EQ,50,23,27,14
LU2 9ER,119,63,56,38
LU2 9ES,188,88,100,66
LU2 9ET,160,77,83,63
LU2 9GP,1,1,0,1
LU2 9HB,18,8,10,6
LU2 9HE,52,25,27,22
LU2 9HF,21,13,8,12
LU2 9HG,160,75,85,58
LU2 9HH,103,55,48,50
LU2 9HJ,34,17,17,14
LU2 9HL,99,46,53,43
LU2 9HN,79,46,33,35
LU2 9HP,62,30,32,26
LU2 9HQ,187,85,102,68
LU2 9HR,55,28,27,24
LU2 9HS,60,27,33,25
LU2 9HT,42,19,23,14
LU2 9HU,39,18,21,17
LU2 9HW,46,28,18,17
LU2 9JD,118,67,51,47
LU2 9JE,32,12,20,21
LU2 9JF,7,5,2,4
LU2 9JG,74,34,40,34
LU2 9JH,84,45,39,39
LU2 9JJ,39,21,18,16
LU2 9JL,40,26,14,17
LU2 9JN,50,23,27,22
LU2 9JP,52,23,29,26
LU2 9JQ,92,39,53,34
LU2 9JR,21,7,14,7
LU2 9JS,75,37,38,31
LU2 9JT,57,28,29,35
LU2 9JU,80,38,42,36
LU2 9JW,51,27,24,25
LU2 9JX,28,16,12,10
LU2 9JY,90,41,49,31
LU2 9JZ,37,19,18,16
LU2 9LB,25,13,12,7
LU2 9LG,45,25,20,17
LU2 9LH,141,71,70,61
LU2 9LJ,57,26,31,25
LU2 9LL,116,58,58,49
LU2 9LN,55,29,26,26
LU2 9LQ,128,67,61,48
LU2 9NQ,1,1,0,1
LU2 9NZ,4,1,3,0
LU2 9PA,7,3,4,2
LU2 9PH,7,4,3,4
LU2 9PJ,25,11,14,8
LU2 9PL,9,4,5,5
LU2 9PN,4,1,3,2
LU2 9PP,8,4,4,4
LU2 9PR,31,14,17,10
LU2 9PS,16,8,8,6
LU2 9PT,5,2,3,1
LU2 9PU,8,4,4,4
LU2 9PW,38,20,18,13
LU2 9PX,5,2,3,1
LU2 9PY,19,11,8,8
LU2 9PZ,20,10,10,6
LU2 9QA,26,13,13,12
LU2 9QB,18,10,8,8
LU2 9QD,13,6,7,5
LU2 9QF,20,7,13,5
LU2 9QJ,2,0,2,2
LU2 9QL,26,13,13,8
LU2 9QP,3,1,2,2
LU2 9QR,15,8,7,7
LU2 9QS,10,6,4,3
LU2 9QW,13,7,6,6
LU2 9RA,141,63,78,53
LU2 9RB,148,76,72,56
LU2 9RD,111,57,54,33
LU2 9RE,116,54,62,44
LU2 9RG,28,15,13,11
LU2 9RH,43,25,18,13
LU2 9RJ,42,26,16,15
LU2 9RL,75,42,33,25
LU2 9RN,69,37,32,25
LU2 9RQ,35,16,19,15
LU2 9RT,39,20,19,17
LU2 9RZ,123,61,62,51
LU2 9SA,22,12,10,9
LU2 9SD,24,13,11,11
LU2 9SE,39,18,21,13
LU2 9SF,45,20,25,13
LU2 9SG,122,67,55,46
LU2 9SH,79,37,42,29
LU2 9SJ,28,16,12,10
LU2 9SL,41,18,23,12
LU2 9SN,37,21,16,13
LU2 9SP,67,30,37,27
LU2 9SQ,19,8,11,8
LU2 9SR,101,53,48,47
LU2 9SS,22,8,14,14
LU2 9ST,17,10,7,11
LU2 9SU,32,18,14,19
LU2 9SW,32,13,19,13
LU2 9SY,131,72,59,54
LU2 9SZ,25,13,12,13
LU2 9TB,33,16,17,20
LU2 9TD,65,35,30,38
LU2 9TF,66,28,38,21
LU2 9TG,116,60,56,41
LU2 9TH,15,9,6,4
LU2 9TJ,96,42,54,37
LU2 9TP,26,13,13,10
LU2 9TQ,96,45,51,31
LU2 9TR,23,12,11,10
LU2 9TS,52,27,25,20
LU2 9TT,64,33,31,28
LU2 9TU,118,61,57,50
LU2 9TW,46,13,33,34
LU2 9TX,45,19,26,23
LU2 9TY,38,16,22,13
LU2 9TZ,98,55,43,29
LU2 9UA,62,32,30,26
LU2 9UB,36,19,17,19
LU2 9UD,59,29,30,29
LU2 9UE,37,16,21,18
LU2 9UF,57,30,27,25
LU2 9UH,59,28,31,22
LU2 9UJ,13,7,6,5
LU2 9UL,60,33,27,23
LU2 9UP,86,38,48,35
LU2 9UR,59,27,32,17
LU2 9UT,27,10,17,15
LU2 9UU,6,2,4,5
LU3 1AB,61,26,35,26
LU3 1AD,215,121,94,56
LU3 1AE,215,121,94,64
LU3 1AG,25,10,15,14
LU3 1AH,266,149,117,77
LU3 1AJ,53,24,29,12
LU3 1AN,111,52,59,28
LU3 1AP,82,38,44,22
LU3 1AQ,21,12,9,8
LU3 1AR,32,14,18,10
LU3 1AT,21,9,12,9
LU3 1AU,93,48,45,17
LU3 1AW,20,10,10,7
LU3 1AX,169,85,84,40
LU3 1AY,144,79,65,37
LU3 1AZ,47,27,20,14
LU3 1BB,233,98,135,76
LU3 1BD,124,70,54,33
LU3 1BE,68,42,26,30
LU3 1BG,79,35,44,24
LU3 1BH,118,66,52,27
LU3 1BN,29,18,11,14
LU3 1BQ,215,102,113,53
LU3 1BS,2,1,1,2
LU3 1BU,22,14,8,16
LU3 1BX,24,15,9,17
LU3 1BY,179,94,85,79
LU3 1DE,7,3,4,3
LU3 1DF,25,11,14,9
LU3 1DH,43,22,21,8
LU3 1DJ,30,19,11,11
LU3 1DL,39,24,15,23
LU3 1DN,175,91,84,54
LU3 1DP,158,90,68,47
LU3 1DQ,41,24,17,10
LU3 1DR,42,22,20,15
LU3 1DS,198,93,105,81
LU3 1DT,24,8,16,11
LU3 1DU,31,18,13,17
LU3 1DX,14,5,9,4
LU3 1DY,32,19,13,15
LU3 1DZ,168,77,91,54
LU3 1EA,132,71,61,59
LU3 1EB,32,14,18,21
LU3 1ED,16,5,11,6
LU3 1EE,231,102,129,44
LU3 1EF,201,109,92,49
LU3 1EG,180,103,77,39
LU3 1EH,152,79,73,35
LU3 1EJ,164,76,88,39
LU3 1EL,3,1,2,2
LU3 1EN,260,130,130,59
LU3 1EP,152,73,79,36
LU3 1EQ,150,73,77,34
LU3 1ER,66,39,27,15
LU3 1ES,9,4,5,3
LU3 1EU,87,40,47,45
LU3 1EW,171,79,92,43
LU3 1EX,49,19,30,18
LU3 1EY,160,81,79,48
LU3 1EZ,57,27,30,15
LU3 1FD,61,33,28,27
LU3 1FE,24,14,10,6
LU3 1FF,32,13,19,15
LU3 1FG,48,23,25,13
LU3 1GQ,203,98,105,95
LU3 1HA,117,61,56,26
LU3 1HB,96,49,47,29
LU3 1HD,138,75,63,31
LU3 1HE,129,71,58,39
LU3 1HG,81,42,39,22
LU3 1HH,51,27,24,15
LU3 1HJ,117,62,55,33
LU3 1HL,33,13,20,8
LU3 1HN,24,12,12,6
LU3 1HP,162,95,67,41
LU3 1HQ,120,55,65,31
LU3 1HR,99,50,49,29
LU3 1HS,110,57,53,28
LU3 1HT,117,61,56,29
LU3 1HU,21,11,10,11
LU3 1HW,64,31,33,18
LU3 1HZ,64,37,27,11
LU3 1JB,15,4,11,5
LU3 1JD,80,56,24,24
LU3 1JE,50,31,19,11
LU3 1JG,111,60,51,24
LU3 1JH,97,52,45,20
LU3 1JJ,174,87,87,36
LU3 1JL,215,108,107,50
LU3 1JN,169,86,83,40
LU3 1JP,164,78,86,48
LU3 1JQ,96,47,49,24
LU3 1JR,199,97,102,48
LU3 1JS,138,72,66,40
LU3 1JT,186,98,88,45
LU3 1JU,172,88,84,46
LU3 1JW,168,78,90,47
LU3 1JX,210,89,121,57
LU3 1JY,170,82,88,55
LU3 1LE,16,11,5,5
LU3 1LF,51,23,28,18
LU3 1LH,43,15,28,24
LU3 1LJ,61,33,28,19
LU3 1LL,40,21,19,9
LU3 1LN,26,11,15,9
LU3 1LP,3,2,1,1
LU3 1LS,146,74,72,46
LU3 1LT,127,65,62,39
LU3 1LU,95,43,52,29
LU3 1LW,61,33,28,22
LU3 1LX,80,33,47,31
LU3 1LY,19,10,9,4
LU3 1LZ,123,64,59,31
LU3 1NA,144,71,73,51
LU3 1NB,38,23,15,22
LU3 1ND,52,21,31,32
LU3 1NE,40,13,27,33
LU3 1NF,122,75,47,40
LU3 1NG,90,46,44,30
LU3 1NH,45,26,19,16
LU3 1NP,109,62,47,25
LU3 1NQ,185,89,96,58
LU3 1NR,157,85,72,33
LU3 1NT,92,42,50,23
LU3 1NU,176,92,84,32
LU3 1NX,14,6,8,4
LU3 1NY,73,35,38,22
LU3 1NZ,51,23,28,13
LU3 1PA,147,71,76,44
LU3 1PB,130,67,63,34
LU3 1PD,36,18,18,14
LU3 1PE,66,37,29,26
LU3 1PF,38,16,22,22
LU3 1PG,87,42,45,22
LU3 1PH,61,34,27,17
LU3 1PJ,133,67,66,40
LU3 1PL,20,12,8,17
LU3 1PN,156,86,70,54
LU3 1PP,21,13,8,8
LU3 1PQ,265,137,128,63
LU3 1PW,31,15,16,11
LU3 1PX,101,51,50,26
LU3 1PY,235,113,122,57
LU3 1PZ,103,52,51,27
LU3 1QA,34,15,19,9
LU3 1QB,104,50,54,29
LU3 1QD,126,67,59,37
LU3 1QE,67,41,26,16
LU3 1QF,43,19,24,13
LU3 1QG,144,72,72,42
LU3 1QH,165,77,88,37
LU3 1QJ,168,88,80,37
LU3 1QP,179,96,83,37
LU3 1QQ,168,84,84,47
LU3 1QR,171,71,100,35
LU3 1QS,270,129,141,60
LU3 1QT,263,137,126,64
LU3 1QW,120,63,57,28
LU3 1RB,55,31,24,10
LU3 1RD,105,58,47,25
LU3 1RE,29,12,17,6
LU3 1RF,40,16,24,12
LU3 1RG,98,67,31,27
LU3 1RH,133,68,65,36
LU3 1RN,138,73,65,36
LU3 1RQ,64,28,36,12
LU3 1RR,186,92,94,41
LU3 1RS,224,103,121,47
LU3 1RT,226,121,105,58
LU3 1RU,60,29,31,16
LU3 1RW,133,66,67,31
LU3 1RX,209,101,108,48
LU3 1RY,173,84,89,39
LU3 1RZ,14,5,9,8
LU3 1SB,12,5,7,3
LU3 1SG,132,70,62,42
LU3 1SH,74,41,33,21
LU3 1SP,155,75,80,43
LU3 1SR,66,34,32,16
LU3 1SS,27,12,15,12
LU3 1ST,69,38,31,24
LU3 1SW,124,66,58,37
LU3 1SX,118,53,65,37
LU3 1SY,93,45,48,26
LU3 1SZ,172,86,86,50
LU3 1TA,129,62,67,41
LU3 1TD,31,22,9,12
LU3 1TF,30,24,6,24
LU3 1TG,199,107,92,50
LU3 1TH,137,73,64,35
LU3 1TJ,163,85,78,45
LU3 1TL,153,73,80,48
LU3 1TN,22,9,13,6
LU3 1TP,58,30,28,22
LU3 1TQ,127,59,68,35
LU3 1TR,36,19,17,10
LU3 1TS,27,11,16,12
LU3 1TT,6,2,4,4
LU3 1TU,132,65,67,43
LU3 1TW,23,10,13,7
LU3 1TX,16,7,9,5
LU3 1TY,100,53,47,33
LU3 1TZ,151,69,82,53
LU3 1UA,180,95,85,46
LU3 1UB,65,31,34,22
LU3 1UD,23,12,11,7
LU3 1UE,36,18,18,11
LU3 1UF,13,6,7,7
LU3 1UG,90,41,49,32
LU3 1UH,45,18,27,26
LU3 1UJ,32,13,19,7
LU3 1UL,131,68,63,42
LU3 1UN,72,37,35,22
LU3 1UQ,86,38,48,46
LU3 1UR,7,3,4,5
LU3 1UU,110,57,53,44
LU3 1UX,28,14,14,12
LU3 1UY,53,25,28,20
LU3 1UZ,51,24,27,12
LU3 1XA,125,61,64,33
LU3 1XB,72,37,35,24
LU3 1XD,109,46,63,37
LU3 1XH,89,38,51,28
LU3 1XJ,70,39,31,24
LU3 1XL,108,50,58,44
LU3 1XP,70,34,36,25
LU3 1XR,132,65,67,44
LU3 1XS,20,6,14,7
LU3 1XT,65,34,31,34
LU3 1YD,46,19,27,12
LU3 2AA,17,10,7,4
LU3 2AB,86,42,44,31
LU3 2AD,46,24,22,17
LU3 2AE,28,19,9,7
LU3 2AF,56,32,24,15
LU3 2AG,78,39,39,25
LU3 2AJ,21,11,10,7
LU3 2AL,6,3,3,3
LU3 2AP,125,61,64,46
LU3 2AQ,3,2,1,1
LU3 2AR,120,57,63,40
LU3 2AS,102,51,51,29
LU3 2AT,112,52,60,44
LU3 2AU,98,44,54,35
LU3 2AW,7,4,3,5
LU3 2AX,9,3,6,5
LU3 2AY,19,6,13,11
LU3 2BA,71,34,37,23
LU3 2BB,173,76,97,45
LU3 2BD,32,16,16,9
LU3 2BE,55,29,26,20
LU3 2BL,49,24,25,12
LU3 2BN,86,41,45,28
LU3 2BP,76,36,40,42
LU3 2BS,64,31,33,23
LU3 2BT,75,38,37,26
LU3 2BU,31,13,18,16
LU3 2BW,23,10,13,14
LU3 2BX,52,24,28,25
LU3 2BY,14,5,9,7
LU3 2DA,26,8,18,8
LU3 2DB,13,7,6,6
LU3 2DE,7,4,3,3
LU3 2DG,55,30,25,18
LU3 2DH,51,22,29,18
LU3 2DJ,49,23,26,17
LU3 2DL,62,29,33,20
LU3 2DN,24,9,15,2
LU3 2DP,49,29,20,25
LU3 2DQ,38,14,24,16
LU3 2DR,48,22,26,25
LU3 2DS,19,10,9,9
LU3 2DT,121,53,68,34
LU3 2DU,63,31,32,38
LU3 2DW,58,28,30,33
LU3 2DX,84,38,46,48
LU3 2DY,69,33,36,36
LU3 2DZ,36,15,21,20
LU3 2EB,19,9,10,12
LU3 2EG,236,118,118,68
LU3 2EH,149,74,75,46
LU3 2EJ,69,28,41,34
LU3 2EL,102,48,54,45
LU3 2EN,91,45,46,26
LU3 2ER,113,48,65,40
LU3 2ES,51,27,24,19
LU3 2ET,72,28,44,31
LU3 2EU,40,19,21,24
LU3 2EW,42,17,25,14
LU3 2EX,72,34,38,27
LU3 2EY,151,76,75,53
LU3 2EZ,110,56,54,50
LU3 2HA,22,7,15,11
LU3 2HB,45,18,27,16
LU3 2HD,54,27,27,20
LU3 2HE,60,31,29,28
LU3 2HF,107,45,62,55
LU3 2HG,80,40,40,38
LU3 2HH,179,81,98,78
LU3 2HJ,101,57,44,51
LU3 2HL,72,40,32,31
LU3 2HN,94,49,45,43
LU3 2HP,30,15,15,15
LU3 2HQ,100,45,55,45
LU3 2HR,105,49,56,47
LU3 2HS,48,22,26,23
LU3 2HT,107,51,56,53
LU3 2HU,54,27,27,18
LU3 2HW,58,26,32,27
LU3 2HX,28,17,11,9
LU3 2HY,79,43,36,24
LU3 2HZ,136,71,65,61
LU3 2JA,63,32,31,32
LU3 2JB,4,3,1,1
LU3 2JG,135,73,62,51
LU3 2JH,8,5,3,3
LU3 2JJ,73,37,36,29
LU3 2JL,29,14,15,13
LU3 2JQ,38,17,21,11
LU3 2JR,6,2,4,3
LU3 2JS,46,23,23,23
LU3 2JT,43,24,19,16
LU3 2JU,28,14,14,10
LU3 2JX,13,6,7,7
LU3 2JY,32,14,18,13
LU3 2JZ,101,50,51,41
LU3 2LA,42,17,25,21
LU3 2LB,33,14,19,13
LU3 2LD,96,45,51,36
LU3 2LE,31,16,15,13
LU3 2LF,77,36,41,42
LU3 2LG,64,27,37,28
LU3 2LJ,48,21,27,21
LU3 2LL,117,59,58,61
LU3 2LN,97,45,52,27
LU3 2LP,31,14,17,12
LU3 2LR,88,44,44,34
LU3 2LS,147,68,79,47
LU3 2LT,88,35,53,29
LU3 2LU,123,61,62,39
LU3 2LW,68,33,35,19
LU3 2LX,168,87,81,50
LU3 2LY,79,36,43,33
LU3 2LZ,40,18,22,17
LU3 2NA,35,14,21,14
LU3 2NB,151,86,65,48
LU3 2ND,40,20,20,16
LU3 2NE,21,8,13,10
LU3 2NF,11,7,4,8
LU3 2NG,22,12,10,12
LU3 2NH,55,28,27,21
LU3 2NJ,71,39,32,28
LU3 2NL,24,13,11,10
LU3 2NP,102,46,56,38
LU3 2NR,123,57,66,41
LU3 2NS,81,39,42,33
LU3 2NT,139,63,76,48
LU3 2NU,122,66,56,41
LU3 2NW,48,24,24,17
LU3 2NX,178,80,98,58
LU3 2NY,96,51,45,33
LU3 2PA,128,71,57,50
LU3 2PD,31,14,17,13
LU3 2PE,37,19,18,18
LU3 2PG,58,28,30,36
LU3 2PH,42,24,18,14
LU3 2PJ,156,84,72,41
LU3 2PL,120,59,61,42
LU3 2PN,110,54,56,44
LU3 2PP,45,23,22,16
LU3 2PR,163,84,79,55
LU3 2PS,101,50,51,34
LU3 2PT,167,93,74,49
LU3 2PU,108,50,58,48
LU3 2PW,36,17,19,11
LU3 2PX,59,23,36,26
LU3 2PY,51,26,25,25
LU3 2PZ,8,3,5,6
LU3 2QD,38,15,23,27
LU3 2QE,11,6,5,6
LU3 2QF,133,70,63,38
LU3 2QG,90,47,43,12
LU3 2QH,7,4,3,4
LU3 2QL,19,9,10,8
LU3 2QP,16,9,7,7
LU3 2QQ,5,3,2,2
LU3 2QS,15,8,7,5
LU3 2QU,29,13,16,10
LU3 2QW,4,3,1,2
LU3 2QY,59,29,30,30
LU3 2RA,48,26,22,31
LU3 2RB,37,16,21,21
LU3 2RE,32,17,15,16
LU3 2RF,57,31,26,26
LU3 2RG,9,3,6,4
LU3 2RH,20,13,7,8
LU3 2RJ,147,77,70,59
LU3 2RL,61,33,28,43
LU3 2RN,11,5,6,6
LU3 2RP,55,27,28,22
LU3 2RQ,65,42,23,53
LU3 2RR,74,37,37,37
LU3 2RT,68,41,27,30
LU3 2RU,32,15,17,12
LU3 2RW,8,1,7,4
LU3 2RX,28,13,15,13
LU3 2SA,136,70,66,44
LU3 2SB,64,30,34,34
LU3 2SD,186,93,93,62
LU3 2SE,160,72,88,55
LU3 2SF,122,52,70,47
LU3 2SG,85,45,40,31
LU3 2SH,36,16,20,12
LU3 2SL,85,53,32,27
LU3 2SQ,122,61,61,40
LU3 2ST,7,4,3,6
LU3 2SW,97,49,48,32
LU3 2SX,48,25,23,18
LU3 2SY,77,37,40,30
LU3 2SZ,55,29,26,21
LU3 2TA,37,18,19,16
LU3 2TB,69,36,33,27
LU3 2TD,75,37,38,35
LU3 2TE,17,7,10,8
LU3 2TF,140,58,82,29
LU3 2TG,60,29,31,29
LU3 2TH,43,23,20,15
LU3 2TJ,122,59,63,47
LU3 2TL,34,17,17,17
LU3 2TN,141,69,72,57
LU3 2TP,29,11,18,16
LU3 2TQ,48,23,25,22
LU3 2TR,142,67,75,49
LU3 2TS,91,47,44,34
LU3 2TT,44,18,26,20
LU3 2TW,30,13,17,15
LU3 2UA,110,56,54,33
LU3 2UB,120,57,63,46
LU3 2UD,97,50,47,33
LU3 2UE,60,30,30,25
LU3 2UF,19,10,9,9
LU3 2UG,104,50,54,42
LU3 2UH,70,34,36,34
LU3 2UJ,61,30,31,23
LU3 2UL,90,47,43,35
LU3 2UN,56,25,31,24
LU3 2UP,20,10,10,12
LU3 2UQ,35,15,20,13
LU3 2UR,21,13,8,12
LU3 2UT,20,7,13,4
LU3 2XS,44,18,26,23
LU3 3AA,105,60,45,40
LU3 3AD,109,54,55,34
LU3 3AE,6,4,2,4
LU3 3AF,93,50,43,35
LU3 3AG,86,41,45,29
LU3 3AH,18,9,9,8
LU3 3AL,15,9,6,6
LU3 3AP,83,38,45,30
LU3 3AQ,100,50,50,43
LU3 3AR,80,43,37,27
LU3 3AS,53,28,25,18
LU3 3AT,87,42,45,41
LU3 3AU,28,12,16,14
LU3 3AW,21,11,10,8
LU3 3AX,35,18,17,14
LU3 3AY,15,5,10,5
LU3 3BA,47,22,25,17
LU3 3BH,18,9,9,11
LU3 3BJ,18,8,10,10
LU3 3BS,84,48,36,41
LU3 3BT,87,46,41,41
LU3 3BU,80,40,40,41
LU3 3BX,53,26,27,18
LU3 3BY,65,26,39,29
LU3 3BZ,63,33,30,31
LU3 3DA,54,25,29,24
LU3 3DB,39,16,23,17
LU3 3DD,154,71,83,58
LU3 3DE,98,55,43,41
LU3 3DF,135,68,67,55
LU3 3DG,53,25,28,23
LU3 3DH,25,16,9,10
LU3 3DJ,45,20,25,20
LU3 3DL,39,19,20,19
LU3 3DN,13,9,4,3
LU3 3DP,83,38,45,31
LU3 3DQ,93,40,53,38
LU3 3DR,27,14,13,10
LU3 3DS,7,4,3,6
LU3 3DW,67,36,31,27
LU3 3DY,15,10,5,7
LU3 3DZ,21,9,12,9
LU3 3EA,23,12,11,11
LU3 3EB,32,19,13,14
LU3 3ED,26,13,13,10
LU3 3EE,97,58,39,37
LU3 3EF,35,17,18,13
LU3 3EG,23,12,11,10
LU3 3EH,122,55,67,53
LU3 3EJ,123,65,58,53
LU3 3EL,25,19,6,4
LU3 3EN,116,56,60,46
LU3 3EP,51,29,22,16
LU3 3EQ,29,12,17,11
LU3 3ER,101,50,51,55
LU3 3ES,122,71,51,57
LU3 3EW,83,40,43,37
LU3 3EX,184,88,96,88
LU3 3EZ,172,74,98,51
LU3 3FA,101,43,58,29
LU3 3FD,47,22,25,12
LU3 3FE,22,11,11,5
LU3 3FG,17,7,10,4
LU3 3HA,107,59,48,34
LU3 3HB,117,60,57,39
LU3 3HD,58,30,28,24
LU3 3HE,55,24,31,20
LU3 3HF,95,46,49,34
LU3 3HG,59,34,25,20
LU3 3HH,159,73,86,62
LU3 3HJ,140,70,70,55
LU3 3HQ,32,12,20,11
LU3 3HR,27,10,17,8
LU3 3HS,68,33,35,28
LU3 3HT,28,12,16,14
LU3 3HU,21,10,11,11
LU3 3HX,26,10,16,12
LU3 3HY,49,27,22,19
LU3 3HZ,33,18,15,12
LU3 3JA,58,32,26,21
LU3 3JB,41,20,21,17
LU3 3JD,19,9,10,10
LU3 3JE,65,31,34,26
LU3 3JF,41,21,20,18
LU3 3JG,54,27,27,23
LU3 3JH,43,22,21,16
LU3 3JJ,157,74,83,57
LU3 3JL,111,62,49,40
LU3 3JQ,34,17,17,12
LU3 3JR,10,6,4,4
LU3 3JS,114,60,54,40
LU3 3JT,83,44,39,32
LU3 3JU,54,27,27,21
LU3 3JX,69,32,37,31
LU3 3JY,86,42,44,32
LU3 3JZ,117,65,52,41
LU3 3LA,71,37,34,26
LU3 3LB,66,32,34,24
LU3 3LD,48,20,28,18
LU3 3LE,10,3,7,3
LU3 3LF,41,23,18,13
LU3 3LH,125,58,67,55
LU3 3LJ,121,59,62,56
LU3 3LL,118,57,61,56
LU3 3LN,130,59,71,56
LU3 3LP,139,73,66,56
LU3 3LQ,6,3,3,5
LU3 3LR,217,97,120,68
LU3 3LS,196,86,110,58
LU3 3LT,201,103,98,66
LU3 3LU,112,56,56,31
LU3 3LW,139,66,73,56
LU3 3LX,190,82,108,58
LU3 3LY,122,57,65,36
LU3 3NA,35,16,19,14
LU3 3NB,46,20,26,17
LU3 3ND,84,40,44,29
LU3 3NE,127,61,66,35
LU3 3NF,116,52,64,53
LU3 3NG,72,33,39,31
LU3 3NH,79,38,41,26
LU3 3NJ,6,4,2,3
LU3 3NP,3,2,1,2
LU3 3NQ,59,29,30,22
LU3 3NS,8,5,3,2
LU3 3PA,27,12,15,9
LU3 3PB,88,53,35,38
LU3 3PD,73,41,32,35
LU3 3PE,108,54,54,45
LU3 3PF,37,18,19,15
LU3 3PG,32,18,14,18
LU3 3PH,20,11,9,7
LU3 3PJ,22,10,12,9
LU3 3PL,43,22,21,11
LU3 3PN,28,13,15,15
LU3 3PP,93,47,46,38
LU3 3PQ,82,46,36,36
LU3 3PR,35,15,20,15
LU3 3PS,106,58,48,33
LU3 3PT,8,4,4,4
LU3 3PU,5,1,4,1
LU3 3PW,76,33,43,33
LU3 3PX,9,3,6,3
LU3 3PY,13,7,6,6
LU3 3PZ,12,8,4,9
LU3 3QA,35,19,16,12
LU3 3QG,60,27,33,22
LU3 3QH,118,58,60,44
LU3 3QJ,74,35,39,28
LU3 3QL,81,44,37,27
LU3 3QN,151,78,73,61
LU3 3QP,100,57,43,41
LU3 3QQ,53,31,22,23
LU3 3QR,131,64,67,47
LU3 3QS,118,64,54,48
LU3 3QT,115,59,56,45
LU3 3QU,111,55,56,50
LU3 3QW,41,17,24,18
LU3 3QX,72,33,39,38
LU3 3QY,63,37,26,41
LU3 3RA,147,77,70,58
LU3 3RB,109,51,58,45
LU3 3RD,101,48,53,39
LU3 3RE,129,66,63,50
LU3 3RF,135,71,64,58
LU3 3RG,126,63,63,43
LU3 3RP,72,35,37,42
LU3 3RQ,95,45,50,37
LU3 3RR,162,84,78,57
LU3 3RS,126,55,71,38
LU3 3RT,26,13,13,10
LU3 3RU,95,42,53,35
LU3 3RX,130,68,62,43
LU3 3RY,98,45,53,37
LU3 3RZ,167,78,89,65
LU3 3SA,127,62,65,39
LU3 3SD,14,8,6,5
LU3 3SE,96,53,43,31
LU3 3SF,123,58,65,40
LU3 3SG,109,53,56,37
LU3 3SH,57,27,30,21
LU3 3SJ,138,76,62,51
LU3 3SL,98,43,55,35
LU3 3SN,59,30,29,24
LU3 3SQ,57,28,29,27
LU3 3SR,32,13,19,19
LU3 3SS,4,2,2,1
LU3 3ST,31,22,9,26
LU3 3SU,114,53,61,44
LU3 3SW,152,79,73,52
LU3 3SX,80,37,43,31
LU3 3SY,131,60,71,50
LU3 3SZ,47,19,28,21
LU3 3TA,74,38,36,24
LU3 3TD,154,72,82,50
LU3 3TE,123,62,61,48
LU3 3TF,157,66,91,44
LU3 3TG,99,44,55,38
LU3 3TH,128,61,67,50
LU3 3TJ,124,50,74,51
LU3 3TP,106,53,53,48
LU3 3TQ,117,52,65,46
LU3 3TR,152,64,88,60
LU3 3TS,155,73,82,54
LU3 3TT,159,74,85,55
LU3 3TU,156,78,78,45
LU3 3TW,42,22,20,32
LU3 3TX,174,84,90,61
LU3 3TY,82,40,42,35
LU3 3TZ,114,64,50,37
LU3 3UA,91,41,50,32
LU3 3UB,75,35,40,25
LU3 3UD,180,86,94,62
LU3 3UE,163,72,91,51
LU3 3UF,112,51,61,37
LU3 3UG,90,45,45,35
LU3 3UH,51,26,25,21
LU3 3UL,110,56,54,66
LU3 3UP,110,53,57,65
LU3 3UQ,103,53,50,50
LU3 3UR,25,10,15,15
LU3 3UT,43,16,27,22
LU3 3UU,38,15,23,19
LU3 3UW,217,102,115,72
LU3 3UZ,40,15,25,34
LU3 3XA,127,62,65,39
LU3 3XB,93,53,40,34
LU3 3XD,65,33,32,25
LU3 3XE,84,37,47,30
LU3 3XF,46,17,29,10
LU3 3XG,37,20,17,17
LU3 3XH,52,29,23,15
LU3 3XJ,51,26,25,22
LU3 3XL,41,23,18,12
LU3 3XP,80,37,43,35
LU3 3XQ,51,26,25,22
LU3 3XS,82,48,34,45
LU3 3XT,32,15,17,15
LU3 3XU,45,24,21,15
LU3 3XX,63,31,32,23
LU3 4AE,70,38,32,43
LU3 4AF,53,25,28,31
LU3 4AG,57,29,28,38
LU3 4AH,32,14,18,14
LU3 4AJ,110,52,58,42
LU3 4AL,72,38,34,30
LU3 4AN,32,16,16,12
LU3 4AP,100,39,61,49
LU3 4AQ,93,46,47,34
LU3 4AR,40,16,24,23
LU3 4AS,99,47,52,40
LU3 4AT,114,57,57,44
LU3 4AU,33,20,13,15
LU3 4AW,109,53,56,37
LU3 4AX,59,34,25,24
LU3 4AY,72,35,37,28
LU3 4AZ,94,35,59,35
LU3 4BA,95,42,53,52
LU3 4BB,31,16,15,15
LU3 4BD,21,11,10,15
LU3 4BE,46,21,25,25
LU3 4BF,117,59,58,38
LU3 4BG,80,33,47,41
LU3 4BH,108,50,58,48
LU3 4BJ,121,63,58,38
LU3 4BN,34,11,23,26
LU3 4BQ,95,51,44,37
LU3 4BS,97,42,55,42
LU3 4BT,65,35,30,27
LU3 4BX,99,46,53,38
LU3 4BY,69,33,36,24
LU3 4DA,84,39,45,40
LU3 4DB,47,22,25,19
LU3 4DD,77,33,44,53
LU3 4DE,27,14,13,11
LU3 4DG,91,46,45,36
LU3 4DH,28,14,14,9
LU3 4DJ,46,22,24,14
LU3 4DL,77,38,39,36
LU3 4DN,111,55,56,40
LU3 4DP,100,51,49,40
LU3 4DQ,96,49,47,39
LU3 4DR,87,46,41,39
LU3 4DS,151,78,73,45
LU3 4DT,74,30,44,42
LU3 4DU,83,42,41,31
LU3 4DW,95,48,47,53
LU3 4DX,83,46,37,37
LU3 4DY,103,58,45,49
LU3 4EA,25,13,12,8
LU3 4EB,33,19,14,9
LU3 4ED,27,14,13,8
LU3 4EE,65,30,35,35
LU3 4EF,59,33,26,19
LU3 4EG,63,25,38,35
LU3 4EH,92,45,47,30
LU3 4EJ,127,70,57,38
LU3 4EN,23,9,14,9
LU3 4EP,49,27,22,19
LU3 4EQ,82,42,40,25
LU3 4ER,31,9,22,25
LU3 4ES,44,11,33,36
LU3 4ET,66,38,28,25
LU3 4EU,33,16,17,10
LU3 4EW,75,35,40,34
LU3 4EX,54,29,25,24
LU3 4EY,21,10,11,10
LU3 4EZ,187,98,89,64
LU3 4HD,125,63,62,39
LU3 4HE,62,32,30,25
LU3 4HF,41,18,23,19
LU3 4HG,64,39,25,24
LU4 0AB,20,9,11,5
LU4 0AR,125,67,58,41
LU4 0AS,39,19,20,13
LU4 0AT,72,34,38,38
LU4 0AU,79,38,41,38
LU4 0AX,56,27,29,16
LU4 0AY,70,43,27,32
LU4 0AZ,50,29,21,21
LU4 0BH,47,22,25,20
LU4 0BJ,88,48,40,35
LU4 0BL,17,7,10,7
LU4 0BN,26,14,12,10
LU4 0BP,39,18,21,24
LU4 0BS,19,9,10,6
LU4 0BT,61,24,37,22
LU4 0BU,127,62,65,40
LU4 0BW,21,10,11,9
LU4 0BX,27,12,15,14
LU4 0BY,45,21,24,14
LU4 0BZ,51,25,26,20
LU4 0DA,193,94,99,54
LU4 0DB,153,78,75,55
LU4 0DD,121,61,60,54
LU4 0DE,53,31,22,18
LU4 0DF,59,24,35,18
LU4 0DG,77,36,41,33
LU4 0DH,59,25,34,24
LU4 0DQ,52,26,26,24
LU4 0DS,12,6,6,6
LU4 0DT,32,17,15,10
LU4 0DU,32,12,20,15
LU4 0DX,9,4,5,3
LU4 0EA,15,7,8,6
LU4 0EB,98,46,52,43
LU4 0ED,61,26,35,25
LU4 0EE,133,63,70,50
LU4 0EF,90,42,48,31
LU4 0EG,45,24,21,18
LU4 0EH,98,52,46,38
LU4 0EJ,57,23,34,23
LU4 0EL,34,15,19,11
LU4 0EN,109,52,57,35
LU4 0EP,52,29,23,17
LU4 0EQ,22,11,11,12
LU4 0ER,31,15,16,12
LU4 0ET,43,14,29,15
LU4 0EW,13,7,6,3
LU4 0EZ,39,15,24,34
LU4 0FB,8,8,0,0
LU4 0FE,47,21,26,14
LU4 0FF,70,26,44,60
LU4 0FG,37,19,18,28
LU4 0FH,48,23,25,33
LU4 0GG,20,7,13,7
LU4 0GQ,23,11,12,6
LU4 0HA,167,84,83,51
LU4 0HB,84,43,41,29
LU4 0HD,73,41,32,26
LU4 0HE,37,21,16,8
LU4 0HF,66,32,34,42
LU4 0HG,39,18,21,11
LU4 0HH,45,26,19,18
LU4 0HJ,31,15,16,12
LU4 0HL,148,82,66,49
LU4 0HN,20,14,6,11
LU4 0HP,71,41,30,16
LU4 0HQ,14,5,9,6
LU4 0HR,81,40,41,25
LU4 0HS,146,69,77,53
LU4 0HT,104,48,56,39
LU4 0HU,21,8,13,12
LU4 0HW,67,40,27,25
LU4 0HX,141,79,62,51
LU4 0HY,91,38,53,45
LU4 0HZ,158,84,74,55
LU4 0JA,147,79,68,51
LU4 0JB,18,9,9,10
LU4 0JE,11,6,5,3
LU4 0JH,15,7,8,8
LU4 0JX,94,43,51,41
LU4 0JY,48,21,27,23
LU4 0LA,143,74,69,53
LU4 0LB,77,37,40,30
LU4 0LD,71,36,35,29
LU4 0LE,132,63,69,48
LU4 0LF,128,61,67,44
LU4 0LG,58,27,31,33
LU4 0LH,98,46,52,36
LU4 0LJ,153,75,78,50
LU4 0LN,127,60,67,50
LU4 0LP,101,51,50,54
LU4 0LQ,72,36,36,42
LU4 0LR,37,19,18,17
LU4 0LS,51,22,29,14
LU4 0LU,2,1,1,1
LU4 0LW,49,29,20,27
LU4 0NA,75,31,44,28
LU4 0NB,26,16,10,12
LU4 0ND,43,14,29,27
LU4 0NF,44,22,22,16
LU4 0NG,53,27,26,19
LU4 0NH,42,14,28,14
LU4 0NJ,40,20,20,24
LU4 0NL,76,39,37,30
LU4 0NN,68,28,40,41
LU4 0NP,45,22,23,24
LU4 0NQ,23,8,15,7
LU4 0NR,87,38,49,37
LU4 0NS,39,24,15,16
LU4 0NT,29,15,14,14
LU4 0NU,71,35,36,48
LU4 0NW,16,7,9,9
LU4 0NX,37,15,22,12
LU4 0NY,37,21,16,15
LU4 0PA,4,2,2,2
LU4 0PB,5,2,3,5
LU4 0PE,170,85,85,57
LU4 0PF,10,5,5,2
LU4 0PG,73,38,35,27
LU4 0PH,63,31,32,34
LU4 0PJ,80,39,41,27
LU4 0PL,59,30,29,22
LU4 0PN,73,31,42,33
LU4 0PP,40,22,18,20
LU4 0PQ,89,39,50,33
LU4 0PR,74,38,36,20
LU4 0PS,175,87,88,57
LU4 0PT,18,9,9,16
LU4 0PU,84,42,42,41
LU4 0PW,42,23,19,21
LU4 0PX,65,32,33,25
LU4 0PY,64,31,33,18
LU4 0PZ,17,6,11,11
LU4 0QA,36,18,18,16
LU4 0QB,57,29,28,19
LU4 0QD,13,7,6,10
LU4 0QE,16,7,9,12
LU4 0QH,50,27,23,20
LU4 0QJ,17,7,10,9
LU4 0QL,112,52,60,37
LU4 0QN,56,25,31,15
LU4 0QR,68,32,36,25
LU4 0QS,188,89,99,63
LU4 0QT,59,29,30,23
LU4 0QU,66,32,34,31
LU4 0QW,61,31,30,24
LU4 0QX,67,36,31,21
LU4 0QY,73,38,35,31
LU4 0QZ,139,66,73,44
LU4 0RA,105,46,59,42
LU4 0RB,54,28,26,27
LU4 0RD,86,42,44,35
LU4 0RE,64,36,28,26
LU4 0RG,122,55,67,40
LU4 0RH,109,48,61,37
LU4 0RJ,36,13,23,34
LU4 0RN,90,49,41,32
LU4 0RP,53,25,28,21
LU4 0RR,70,38,32,27
LU4 0RS,45,22,23,16
LU4 0RT,33,12,21,13
LU4 0RU,52,23,29,17
LU4 0RW,22,8,14,8
LU4 0RX,126,65,61,42
LU4 0RY,110,57,53,43
LU4 0RZ,21,10,11,8
LU4 0SA,37,20,17,21
LU4 0SD,79,38,41,25
LU4 0SF,50,24,26,16
LU4 0SG,26,15,11,16
LU4 0SH,174,79,95,56
LU4 0SJ,102,43,59,38
LU4 0SL,84,34,50,32
LU4 0SN,45,24,21,18
LU4 0SP,29,11,18,10
LU4 0SQ,31,15,16,11
LU4 0SR,41,14,27,20
LU4 0SS,52,24,28,18
LU4 0ST,64,29,35,20
LU4 0SU,58,26,32,21
LU4 0SW,16,7,9,6
LU4 0SX,28,19,9,10
LU4 0SY,45,16,29,37
LU4 0SZ,20,8,12,8
LU4 0TA,37,16,21,12
LU4 0TB,15,8,7,4
LU4 0TD,74,33,41,40
LU4 0TE,23,12,11,8
LU4 0TF,14,7,7,10
LU4 0TG,21,10,11,8
LU4 0TH,59,25,34,22
LU4 0TJ,59,35,24,23
LU4 0TL,76,33,43,28
LU4 0TN,122,57,65,48
LU4 0TP,59,32,27,24
LU4 0TQ,62,31,31,29
LU4 0TR,70,33,37,28
LU4 0TS,11,4,7,4
LU4 0TT,79,43,36,32
LU4 0TU,54,22,32,22
LU4 0TW,127,69,58,58
LU4 0TX,45,21,24,20
LU4 0TY,145,64,81,50
LU4 0TZ,136,62,74,45
LU4 0UA,72,34,38,41
LU4 0UB,24,14,10,8
LU4 0UD,76,37,39,34
LU4 0UE,67,28,39,23
LU4 0UF,100,48,52,49
LU4 0UG,159,86,73,56
LU4 0UH,143,67,76,49
LU4 0UJ,86,39,47,40
LU4 0UL,31,13,18,11
LU4 0UN,51,30,21,16
LU4 0UP,59,22,37,52
LU4 0UQ,91,47,44,27
LU4 0UR,33,19,14,10
LU4 0US,8,4,4,3
LU4 0UU,81,33,48,35
LU4 0UX,158,75,83,52
LU4 0UY,107,58,49,40
LU4 0UZ,55,25,30,27
LU4 0XA,51,20,31,18
LU4 0XB,140,75,65,52
LU4 0XD,77,39,38,31
LU4 0XE,57,32,25,20
LU4 0XF,43,19,24,18
LU4 0XG,57,33,24,24
LU4 0XJ,45,22,23,17
LU4 0XL,52,21,31,19
LU4 0XN,108,57,51,41
LU4 0XP,42,19,23,21
LU4 0XQ,96,45,51,38
LU4 0XS,77,33,44,32
LU4 0XT,54,23,31,26
LU4 0XU,42,24,18,12
LU4 0XW,124,57,67,45
LU4 0XX,48,27,21,23
LU4 0XZ,36,18,18,14
LU4 0YA,88,41,47,33
LU4 0YB,76,44,32,22
LU4 0YD,49,27,22,18
LU4 0YF,125,57,68,40
LU4 0YG,45,20,25,16
LU4 0YH,38,15,23,9
LU4 0YJ,136,59,77,49
LU4 0YL,26,11,15,11
LU4 0YN,124,57,67,35
LU4 0YP,158,75,83,61
LU4 0YQ,8,5,3,4
LU4 0YR,119,57,62,55
LU4 0YS,31,17,14,9
LU4 0YW,67,28,39,21
LU4 8AA,241,127,114,63
LU4 8AD,218,107,111,61
LU4 8AG,232,121,111,56
LU4 8AH,2,1,1,1
LU4 8AJ,4,1,3,1
LU4 8AL,171,91,80,48
LU4 8AN,33,29,4,28
LU4 8AP,172,85,87,42
LU4 8AQ,160,83,77,57
LU4 8AR,192,85,107,52
LU4 8AS,264,141,123,57
LU4 8AT,153,89,64,34
LU4 8AX,114,58,56,26
LU4 8AY,111,57,54,34
LU4 8AZ,250,124,126,58
LU4 8BA,190,91,99,37
LU4 8BB,124,61,63,26
LU4 8BD,112,60,52,24
LU4 8BE,93,42,51,25
LU4 8BG,31,16,15,9
LU4 8BH,53,28,25,18
LU4 8BJ,208,106,102,52
LU4 8BL,36,16,20,26
LU4 8BN,6,4,2,4
LU4 8BP,43,19,24,11
LU4 8BQ,196,103,93,51
LU4 8BS,36,21,15,7
LU4 8BT,37,16,21,8
LU4 8BU,35,19,16,10
LU4 8BW,18,8,10,9
LU4 8BX,46,25,21,10
LU4 8BY,28,16,12,8
LU4 8DA,58,33,25,19
LU4 8DB,37,22,15,16
LU4 8DD,41,21,20,13
LU4 8DE,45,20,25,9
LU4 8DG,23,11,12,5
LU4 8DH,1,1,0,1
LU4 8DJ,51,23,28,13
LU4 8DL,49,22,27,16
LU4 8DP,96,46,50,24
LU4 8DT,77,38,39,31
LU4 8DY,285,144,141,74
LU4 8EA,253,114,139,60
LU4 8EB,261,142,119,52
LU4 8ED,74,29,45,26
LU4 8EE,30,12,18,8
LU4 8EG,53,27,26,14
LU4 8EH,140,74,66,40
LU4 8EJ,43,20,23,8
LU4 8EP,184,105,79,54
LU4 8ER,186,102,84,57
LU4 8ES,259,128,131,62
LU4 8ET,246,123,123,63
LU4 8EU,185,92,93,53
LU4 8EX,232,111,121,64
LU4 8EY,215,120,95,59
LU4 8EZ,34,17,17,10
LU4 8FA,110,41,69,42
LU4 8FG,12,8,4,8
LU4 8FH,14,5,9,8
LU4 8FJ,26,14,12,11
LU4 8FL,22,8,14,8
LU4 8HD,162,80,82,37
LU4 8HE,126,62,64,36
LU4 8HT,132,89,43,35
LU4 8HX,20,15,5,8
LU4 8HZ,48,31,17,16
LU4 8JA,237,119,118,52
LU4 8JB,172,85,87,30
LU4 8JD,313,155,158,59
LU4 8JF,34,15,19,14
LU4 8JJ,20,9,11,6
LU4 8JL,160,92,68,49
LU4 8JN,33,21,12,4
LU4 8JP,30,14,16,6
LU4 8JS,28,12,16,7
LU4 8JT,71,37,34,15
LU4 8JU,26,14,12,10
LU4 8JW,48,34,14,34
LU4 8JX,114,63,51,29
LU4 8JY,126,57,69,31
LU4 8JZ,186,95,91,36
LU4 8LA,139,77,62,26
LU4 8LB,73,34,39,18
LU4 8LD,163,85,78,38
LU4 8LE,133,72,61,26
LU4 8LF,110,57,53,22
LU4 8LG,203,105,98,38
LU4 8LH,47,25,22,20
LU4 8LP,232,113,119,56
LU4 8LQ,184,99,85,37
LU4 8LR,192,83,109,52
LU4 8LS,95,51,44,25
LU4 8LT,240,112,128,53
LU4 8LU,241,122,119,52
LU4 8LX,98,53,45,25
LU4 8LY,191,91,100,39
LU4 8LZ,188,108,80,39
LU4 8NA,141,71,70,31
LU4 8NB,211,96,115,41
LU4 8ND,163,84,79,33
LU4 8NE,171,98,73,42
LU4 8NF,143,70,73,29
LU4 8NG,148,74,74,40
LU4 8NH,10,5,5,2
LU4 8NP,4,3,1,2
LU4 8NQ,4,2,2,2
LU4 8NU,37,20,17,16
LU4 8PF,28,19,9,7
LU4 8PH,73,40,33,28
LU4 8PP,86,48,38,26
LU4 8PR,21,7,14,7
LU4 8PX,56,25,31,19
LU4 8PY,75,30,45,18
LU4 8QN,25,15,10,6
LU4 8QP,57,26,31,20
LU4 8QR,15,10,5,8
LU4 8QS,195,105,90,50
LU4 8QT,134,68,66,43
LU4 8QU,150,90,60,43
LU4 8QW,66,35,31,21
LU4 8QX,165,77,88,45
LU4 8QY,183,100,83,47
LU4 8QZ,145,70,75,44
LU4 8RA,156,81,75,44
LU4 8RB,143,67,76,37
LU4 8RD,18,12,6,4
LU4 8RE,34,15,19,12
LU4 8RF,49,29,20,20
LU4 8RG,50,30,20,21
LU4 8RP,125,63,62,35
LU4 8RR,110,55,55,33
LU4 8RT,53,25,28,20
LU4 8RU,10,6,4,7
LU4 8RX,13,6,7,8
LU4 8SA,107,55,52,46
LU4 8SE,74,37,37,23
LU4 8SF,121,66,55,31
LU4 8SG,15,9,6,8
LU4 8SH,43,25,18,11
LU4 8SJ,148,77,71,37
LU4 8SL,267,138,129,61
LU4 8SN,125,65,60,29
LU4 8SQ,40,20,20,12
LU4 8SW,87,43,44,20
LU4 9AA,34,16,18,14
LU4 9AB,30,14,16,13
LU4 9AE,22,11,11,9
LU4 9AF,54,23,31,25
LU4 9AG,49,25,24,19
LU4 9AH,68,41,27,30
LU4 9AJ,93,45,48,41
LU4 9AL,81,39,42,38
LU4 9AN,80,41,39,39
LU4 9AP,14,7,7,10
LU4 9AQ,27,12,15,13
LU4 9AR,53,24,29,23
LU4 9AS,119,51,68,64
LU4 9AT,55,25,30,21
LU4 9AU,32,16,16,13
LU4 9AW,19,10,9,10
LU4 9AX,71,35,36,24
LU4 9AY,17,9,8,6
LU4 9AZ,147,58,89,29
LU4 9BB,41,24,17,22
LU4 9BD,56,27,29,33
LU4 9BE,76,32,44,39
LU4 9BG,24,14,10,8
LU4 9BH,225,120,105,65
LU4 9BJ,124,64,60,29
LU4 9BL,212,112,100,68
LU4 9BN,166,88,78,51
LU4 9BP,116,48,68,42
LU4 9BQ,29,11,18,24
LU4 9BS,149,83,66,47
LU4 9BT,50,22,28,17
LU4 9BU,102,48,54,35
LU4 9BW,172,83,89,60
LU4 9BX,142,75,67,51
LU4 9BY,41,16,25,14
LU4 9BZ,33,18,15,9
LU4 9DA,8,4,4,6
LU4 9DB,90,43,47,37
LU4 9DD,25,13,12,5
LU4 9DF,71,28,43,32
LU4 9DG,31,14,17,12
LU4 9DJ,17,4,13,4
LU4 9DL,163,66,97,66
LU4 9DN,102,47,55,38
LU4 9DP,144,76,68,36
LU4 9DR,30,12,18,9
LU4 9DU,69,37,32,24
LU4 9DW,161,83,78,45
LU4 9DX,31,16,15,17
LU4 9DY,130,58,72,56
LU4 9DZ,37,21,16,15
LU4 9EA,87,41,46,34
LU4 9EB,73,34,39,23
LU4 9ED,20,9,11,10
LU4 9EF,113,47,66,44
LU4 9EG,53,28,25,25
LU4 9EH,180,90,90,71
LU4 9EJ,76,40,36,30
LU4 9EL,54,31,23,19
LU4 9EN,66,27,39,20
LU4 9EP,17,7,10,6
LU4 9EQ,66,35,31,25
LU4 9ER,82,33,49,26
LU4 9ES,61,28,33,20
LU4 9ET,83,41,42,28
LU4 9EU,119,48,71,43
LU4 9EW,157,89,68,57
LU4 9EX,88,47,41,34
LU4 9EY,133,63,70,45
LU4 9EZ,177,91,86,62
LU4 9FA,54,30,24,16
LU4 9FF,38,13,25,13
LU4 9FH,68,31,37,28
LU4 9FJ,41,14,27,15
LU4 9FL,63,27,36,19
LU4 9FN,187,84,103,48
LU4 9FP,58,31,27,25
LU4 9FR,210,106,104,82
LU4 9FS,92,48,44,29
LU4 9FW,23,13,10,9
LU4 9FZ,15,5,10,7
LU4 9GD,125,55,70,40
LU4 9GF,204,100,104,55
LU4 9GG,16,8,8,7
LU4 9GH,25,10,15,10
LU4 9GJ,63,35,28,21
LU4 9GL,162,85,77,71
LU4 9GN,235,120,115,70
LU4 9GQ,10,3,7,4
LU4 9GR,131,38,93,0
LU4 9HA,55,26,29,18
LU4 9HB,53,26,27,17
LU4 9HD,60,33,27,18
LU4 9HE,55,27,28,21
LU4 9HF,77,39,38,29
LU4 9HG,61,29,32,24
LU4 9HH,109,64,45,45
LU4 9HJ,74,39,35,21
LU4 9HN,49,22,27,19
LU4 9HP,82,37,45,38
LU4 9HQ,37,16,21,13
LU4 9HR,110,46,64,42
LU4 9HS,57,20,37,50
LU4 9HT,44,20,24,18
LU4 9HU,46,23,23,15
LU4 9HW,95,45,50,37
LU4 9HX,99,44,55,35
LU4 9HY,77,41,36,28
LU4 9HZ,64,29,35,22
LU4 9JA,58,32,26,22
LU4 9JB,76,33,43,31
LU4 9JD,58,33,25,46
LU4 9JE,60,30,30,46
LU4 9JF,27,13,14,7
LU4 9JG,170,79,91,67
LU4 9JH,184,86,98,63
LU4 9JL,94,48,46,41
LU4 9JN,94,42,52,39
LU4 9JP,80,36,44,37
LU4 9JQ,46,26,20,13
LU4 9JR,69,34,35,34
LU4 9JS,22,10,12,15
LU4 9JU,15,7,8,7
LU4 9JY,9,6,3,6
LU4 9JZ,41,17,24,6
LU4 9LA,15,7,8,7
LU4 9LD,19,8,11,9
LU4 9LE,44,20,24,20
LU4 9LF,90,48,42,30
LU4 9LJ,9,4,5,6
LU4 9LL,91,44,47,39
LU4 9LN,85,42,43,32
LU4 9LP,26,12,14,8
LU4 9LQ,41,20,21,16
LU4 9LR,29,14,15,9
LU4 9LS,86,38,48,31
LU4 9LT,77,34,43,26
LU4 9LU,60,27,33,22
LU4 9LX,8,3,5,5
LU4 9LZ,86,45,41,34
LU4 9NA,54,25,29,28
LU4 9NB,95,43,52,45
LU4 9ND,10,4,6,3
LU4 9NE,156,81,75,52
LU4 9NF,57,27,30,22
LU4 9NG,78,35,43,26
LU4 9NH,38,20,18,13
LU4 9NJ,167,80,87,53
LU4 9NL,44,22,22,13
LU4 9NN,43,17,26,16
LU4 9NP,129,64,65,46
LU4 9NQ,58,27,31,21
LU4 9NR,107,56,51,41
LU4 9NU,85,40,45,34
LU4 9NX,125,59,66,43
LU4 9NZ,48,24,24,14
LU4 9PA,66,29,37,28
LU4 9PB,43,19,24,24
LU4 9PD,35,16,19,15
LU4 9PE,87,46,41,30
LU4 9PG,53,26,27,15
LU4 9PJ,99,48,51,50
LU4 9PL,137,66,71,63
LU4 9PN,7,4,3,3
LU4 9PP,53,31,22,29
LU4 9PT,88,42,46,24
LU4 9PU,134,66,68,40
LU4 9PW,39,16,23,11
LU4 9PX,64,33,31,13
LU4 9PY,8,4,4,4
LU4 9PZ,93,42,51,29
LU4 9QA,13,7,6,5
LU4 9QD,103,47,56,39
LU4 9QJ,54,25,29,20
LU4 9QL,93,51,42,31
LU4 9QN,83,33,50,21
LU4 9QP,25,14,11,9
LU4 9QS,31,9,22,12
LU4 9QT,11,8,3,3
LU4 9QW,60,32,28,24
LU4 9QX,62,36,26,19
LU4 9QZ,207,96,111,68
LU4 9RA,118,64,54,31
LU4 9RB,29,13,16,10
LU4 9RD,106,58,48,27
LU4 9RE,90,49,41,31
LU4 9RF,63,27,36,26
LU4 9RG,59,27,32,22
LU4 9RH,13,8,5,3
LU4 9RL,54,24,30,27
LU4 9RP,117,60,57,37
LU4 9RR,196,101,95,62
LU4 9RS,101,54,47,26
LU4 9RU,1,1,0,0
LU4 9RX,175,86,89,43
LU4 9RY,117,60,57,36
LU4 9RZ,96,45,51,27
LU4 9SA,74,45,29,24
LU4 9SD,146,73,73,52
LU4 9SE,28,12,16,14
LU4 9SF,154,80,74,41
LU4 9SH,202,108,94,54
LU4 9SJ,67,32,35,18
LU4 9SL,87,44,43,30
LU4 9SP,144,80,64,35
LU4 9SQ,215,112,103,63
LU4 9SR,127,67,60,41
LU4 9SS,98,50,48,30
LU4 9ST,47,29,18,26
LU4 9SU,28,8,20,15
LU4 9SX,16,9,7,6
LU4 9SZ,173,84,89,54
LU4 9TA,134,66,68,55
LU4 9TB,50,21,29,21
LU4 9TD,49,25,24,22
LU4 9TE,73,38,35,34
LU4 9TF,22,13,9,9
LU4 9TG,195,98,97,64
LU4 9TH,43,21,22,20
LU4 9TL,35,16,19,15
LU4 9TP,111,58,53,68
LU4 9TQ,28,12,16,8
LU4 9TS,4,2,2,2
LU4 9TU,9,5,4,3
LU4 9TW,35,19,16,16
LU4 9TX,2,1,1,1
LU4 9TZ,37,15,22,30
LU4 9UA,49,24,25,18
LU4 9UB,8,5,3,2
LU4 9UD,29,15,14,12
LU4 9UE,29,15,14,14
LU4 9UF,203,103,100,74
LU4 9UG,67,37,30,23
LU4 9UH,6,4,2,3
LU4 9UJ,45,21,24,20
LU4 9UL,9,5,4,6
LU4 9UN,23,12,11,9
LU4 9UT,55,27,28,17
LU4 9WT,2,1,1,0
LU4 9XA,141,67,74,57
LU4 9XB,87,43,44,51
LU4 9XD,75,30,45,37
LU4 9XG,52,26,26,37
LU4 9XH,44,24,20,23
LU4 9XP,42,21,21,17
LU4 9XQ,44,21,23,24
LU4 9XR,14,9,5,7
LU4 9XS,86,40,46,32
LU4 9XT,66,28,38,25
LU4 9XU,12,5,7,5
LU4 9XZ,98,44,54,27
LU4 9YA,108,49,59,31
LU4 9YB,54,19,35,20
LU4 9YD,69,30,39,20
LU4 9YF,96,44,52,25
LU4 9YH,33,15,18,11
LU5 4AA,106,48,58,45
LU5 4AB,143,73,70,55
LU5 4AD,61,28,33,24
LU5 4AE,23,13,10,14
LU5 4AG,88,41,47,38
LU5 4AH,125,64,61,40
LU5 4AJ,125,58,67,57
LU5 4AL,98,51,47,48
LU5 4AN,4,3,1,4
LU5 4AP,76,37,39,36
LU5 4AQ,108,46,62,44
LU5 4AR,103,41,62,35
LU5 4AS,57,27,30,19
LU5 4AT,21,13,8,14
LU5 4AU,54,24,30,22
LU5 4AW,38,14,24,26
LU5 4AX,118,54,64,52
LU5 4BA,8,4,4,2
LU5 4BB,3,2,1,3
LU5 4BD,9,6,3,8
LU5 4BG,103,48,55,45
LU5 4BH,49,23,26,17
LU5 4BJ,166,82,84,66
LU5 4BL,32,15,17,25
LU5 4BN,94,49,45,36
LU5 4BP,55,28,27,23
LU5 4BQ,29,14,15,12
LU5 4BT,89,47,42,35
LU5 4BW,93,48,45,35
LU5 4BX,21,9,12,11
LU5 4BY,82,40,42,37
LU5 4BZ,55,31,24,21
LU5 4DA,83,36,47,35
LU5 4DB,48,26,22,22
LU5 4DD,124,60,64,48
LU5 4DE,55,25,30,22
LU5 4DF,33,20,13,12
LU5 4DG,108,58,50,47
LU5 4DJ,13,5,8,10
LU5 4DL,15,7,8,14
LU5 4DQ,11,2,9,11
LU5 4DR,18,11,7,8
LU5 4DS,105,48,57,43
LU5 4DT,114,60,54,41
LU5 4EA,87,42,45,41
LU5 4EB,58,33,25,28
LU5 4ED,90,45,45,37
LU5 4EE,29,13,16,14
LU5 4EF,105,50,55,44
LU5 4EG,91,44,47,33
LU5 4EH,99,47,52,40
LU5 4EJ,159,72,87,61
LU5 4EL,156,80,76,59
LU5 4EN,92,41,51,47
LU5 4EP,57,33,24,19
LU5 4EQ,107,55,52,42
LU5 4ER,134,60,74,44
LU5 4ES,18,9,9,13
LU5 4EW,78,31,47,27
LU5 4EY,120,53,67,56
LU5 4GA,91,47,44,51
LU5 4GB,90,41,49,38
LU5 4GD,101,52,49,47
LU5 4GE,19,10,9,7
LU5 4GU,104,58,46,57
LU5 4GW,157,80,77,84
LU5 4GX,14,7,7,6
LU5 4GY,124,63,61,66
LU5 4GZ,82,36,46,37
LU5 4HD,88,48,40,25
LU5 4HE,76,40,36,28
LU5 4HG,1,1,0,1
LU5 4HH,73,35,38,36
LU5 4HJ,57,26,31,28
LU5 4HL,29,15,14,15
LU5 4HN,15,4,11,14
LU5 4HP,53,29,24,27
LU5 4HQ,114,57,57,41
LU5 4HR,98,50,48,30
LU5 4HS,22,9,13,11
LU5 4HT,32,16,16,13
LU5 4HW,60,36,24,43
LU5 4HX,36,18,18,17
LU5 4HY,139,62,77,62
LU5 4HZ,93,44,49,41
LU5 4JA,76,34,42,33
LU5 4JB,12,6,6,6
LU5 4JF,11,5,6,10
LU5 4JN,24,13,11,7
LU5 4JP,108,55,53,42
LU5 4JQ,16,8,8,14
LU5 4JR,37,16,21,14
LU5 4JS,108,55,53,43
LU5 4JT,113,59,54,52
LU5 4JW,47,22,25,18
LU5 4LB,20,13,7,11
LU5 4LE,96,55,41,33
LU5 4LF,119,61,58,44
LU5 4LG,44,20,24,18
LU5 4LL,2,1,1,0
LU5 4LP,87,48,39,35
LU5 4LR,97,47,50,38
LU5 4LW,110,51,59,35
LU5 4NA,18,6,12,12
LU5 4NB,20,12,8,12
LU5 4ND,32,12,20,24
LU5 4NF,13,8,5,11
LU5 4NG,103,51,52,39
LU5 4NH,17,7,10,5
LU5 4NJ,53,22,31,19
LU5 4NL,65,33,32,22
LU5 4NN,35,16,19,16
LU5 4NP,29,15,14,13
LU5 4NQ,159,84,75,55
LU5 4NR,18,9,9,6
LU5 4NS,25,12,13,8
LU5 4NT,70,37,33,25
LU5 4NU,82,37,45,30
LU5 4NW,14,5,9,10
LU5 4NX,123,62,61,48
LU5 4NY,83,40,43,36
LU5 4NZ,79,36,43,32
LU5 4PA,56,25,31,22
LU5 4PB,43,19,24,14
LU5 4PD,118,61,57,42
LU5 4PE,144,72,72,50
LU5 4PF,68,33,35,35
LU5 4PJ,23,13,10,9
LU5 4PL,120,57,63,52
LU5 4PN,22,11,11,10
LU5 4PP,126,69,57,48
LU5 4PQ,33,16,17,16
LU5 4PR,147,72,75,58
LU5 4PS,127,59,68,49
LU5 4PT,54,22,32,18
LU5 4PU,138,65,73,43
LU5 4PW,107,56,51,41
LU5 4PX,116,56,60,48
LU5 4PY,55,30,25,22
LU5 4PZ,48,22,26,19
LU5 4QA,139,69,70,51
LU5 4QB,77,37,40,28
LU5 4QD,60,30,30,24
LU5 4QE,50,27,23,24
LU5 4QH,37,20,17,14
LU5 4QJ,18,9,9,2
LU5 4QL,77,36,41,35
LU5 4QN,63,34,29,34
LU5 4QQ,60,29,31,16
LU5 4QR,33,14,19,12
LU5 4QS,34,16,18,15
LU5 4QT,105,50,55,41
LU5 4QU,117,58,59,49
LU5 4QW,106,51,55,44
LU5 4QX,74,35,39,32
LU5 4QY,37,19,18,18
LU5 4QZ,87,42,45,37
LU5 4RA,97,50,47,38
LU5 4RB,158,79,79,60
LU5 4RD,29,13,16,18
LU5 4RE,56,11,45,0
LU5 4RG,30,13,17,11
LU5 4RH,3,1,2,2
LU5 4RJ,18,9,9,6
LU5 4RQ,96,49,47,56
LU5 4RU,12,8,4,7
LU5 4RW,2,1,1,1
LU5 4SG,106,62,44,35
LU5 4SH,94,49,45,34
LU5 4SJ,76,37,39,23
LU5 4SL,19,12,7,5
LU5 4SP,143,67,76,55
LU5 4SQ,109,59,50,36
LU5 4SR,9,4,5,2
LU5 4SS,139,72,67,51
LU5 4ST,110,58,52,39
LU5 4SU,73,36,37,33
LU5 4SW,127,68,59,50
LU5 4SY,55,28,27,26
LU5 4SZ,37,18,19,16
LU5 4TA,76,35,41,42
LU5 4UJ,27,12,15,10
LU5 4UL,56,26,30,21
LU5 4UN,159,80,79,60
LU5 4UW,95,43,52,39
LU5 4XP,10,4,6,6
LU5 5AA,23,10,13,11
LU5 5AB,98,49,49,34
LU5 5AD,126,73,53,44
LU5 5AE,49,31,18,16
LU5 5AF,94,45,49,36
LU5 5AG,122,62,60,53
LU5 5AH,51,28,23,21
LU5 5AJ,99,53,46,37
LU5 5AL,148,67,81,53
LU5 5AN,118,57,61,46
LU5 5AP,18,7,11,5
LU5 5AQ,21,8,13,15
LU5 5AS,127,63,64,48
LU5 5AT,152,76,76,54
LU5 5BB,40,22,18,11
LU5 5BD,99,47,52,35
LU5 5BE,3,1,2,2
LU5 5BF,3,1,2,0
LU5 5BG,20,8,12,8
LU5 5BH,35,11,24,32
LU5 5BJ,38,16,22,10
LU5 5BP,7,3,4,4
LU5 5BS,45,20,25,17
LU5 5BT,21,13,8,6
LU5 5BU,62,32,30,28
LU5 5BW,76,34,42,29
LU5 5BX,148,76,72,55
LU5 5BY,4,2,2,3
LU5 5BZ,44,21,23,22
LU5 5DA,79,36,43,36
LU5 5DB,79,37,42,32
LU5 5DE,205,94,111,82
LU5 5DF,135,65,70,58
LU5 5DG,20,10,10,13
LU5 5DH,71,34,37,28
LU5 5DJ,59,31,28,20
LU5 5DL,19,9,10,9
LU5 5DN,101,45,56,38
LU5 5DP,96,47,49,48
LU5 5DQ,28,14,14,8
LU5 5DR,67,34,33,32
LU5 5DT,3,2,1,1
LU5 5DU,39,17,22,25
LU5 5DW,103,51,52,35
LU5 5DX,42,23,19,17
LU5 5DY,12,7,5,5
LU5 5EA,111,54,57,36
LU5 5EB,14,6,8,5
LU5 5ED,167,80,87,60
LU5 5EE,49,24,25,26
LU5 5EF,82,44,38,32
LU5 5EG,27,13,14,11
LU5 5EH,89,48,41,31
LU5 5EJ,55,29,26,20
LU5 5EN,114,55,59,48
LU5 5EP,131,57,74,58
LU5 5EQ,48,25,23,20
LU5 5ER,53,24,29,28
LU5 5ES,22,9,13,11
LU5 5ET,11,8,3,6
LU5 5EW,5,2,3,2
LU5 5EY,32,15,17,10
LU5 5FA,34,14,20,11
LU5 5FB,10,6,4,3
LU5 5FF,76,40,36,29
LU5 5FG,58,28,30,23
LU5 5FH,61,30,31,21
LU5 5FP,101,51,50,36
LU5 5FW,31,17,14,10
LU5 5FX,42,18,24,18
LU5 5FZ,36,14,22,8
LU5 5GA,16,5,11,11
LU5 5GL,22,12,10,12
LU5 5GZ,65,27,38,22
LU5 5HA,102,47,55,40
LU5 5HB,108,52,56,43
LU5 5HD,101,49,52,34
LU5 5HE,75,36,39,29
LU5 5HF,59,34,25,18
LU5 5HG,69,34,35,26
LU5 5HH,17,5,12,5
LU5 5HJ,41,19,22,13
LU5 5HL,104,56,48,43
LU5 5HN,108,54,54,38
LU5 5HP,49,21,28,20
LU5 5HQ,61,29,32,19
LU5 5HR,34,14,20,13
LU5 5HS,37,15,22,14
LU5 5HT,20,8,12,7
LU5 5HU,124,70,54,49
LU5 5HW,125,69,56,45
LU5 5HX,69,37,32,46
LU5 5HY,108,53,55,55
LU5 5HZ,107,52,55,41
LU5 5JA,11,4,7,10
LU5 5JB,102,50,52,34
LU5 5JD,136,63,73,49
LU5 5JE,43,26,17,12
LU5 5JF,187,87,100,63
LU5 5JG,135,60,75,50
LU5 5JH,110,49,61,46
LU5 5JJ,40,16,24,15
LU5 5JL,15,8,7,5
LU5 5JN,44,20,24,16
LU5 5JP,150,69,81,57
LU5 5JQ,105,51,54,31
LU5 5JR,50,24,26,16
LU5 5JS,51,26,25,23
LU5 5JT,34,14,20,9
LU5 5JU,18,9,9,7
LU5 5JW,149,72,77,58
LU5 5LA,10,6,4,4
LU5 5LB,16,8,8,8
LU5 5LD,33,10,23,4
LU5 5LE,13,7,6,4
LU5 5LJ,112,58,54,45
LU5 5LL,30,16,14,14
LU5 5LN,54,26,28,20
LU5 5LR,6,4,2,2
LU5 5LT,88,42,46,36
LU5 5LU,96,44,52,44
LU5 5LW,15,12,3,8
LU5 5LX,139,73,66,57
LU5 5LY,19,9,10,12
LU5 5LZ,15,8,7,5
LU5 5NA,7,3,4,2
LU5 5NB,15,8,7,6
LU5 5NG,30,17,13,8
LU5 5NH,20,12,8,7
LU5 5NJ,18,10,8,7
LU5 5NL,50,28,22,19
LU5 5NN,26,13,13,12
LU5 5NP,17,6,11,6
LU5 5NQ,194,92,102,60
LU5 5NR,18,6,12,7
LU5 5NS,40,23,17,14
LU5 5NT,41,20,21,14
LU5 5NU,65,25,40,25
LU5 5NW,22,12,10,8
LU5 5NX,121,65,56,43
LU5 5NY,50,21,29,18
LU5 5NZ,149,74,75,53
LU5 5PA,110,56,54,41
LU5 5PB,18,10,8,8
LU5 5PD,125,66,59,49
LU5 5PE,77,35,42,30
LU5 5PF,116,59,57,46
LU5 5PG,136,67,69,52
LU5 5PH,197,101,96,63
LU5 5PJ,102,45,57,30
LU5 5PL,128,62,66,42
LU5 5PN,213,101,112,67
LU5 5PP,56,31,25,19
LU5 5PQ,32,13,19,8
LU5 5PR,137,77,60,52
LU5 5PS,90,40,50,36
LU5 5PT,105,50,55,37
LU5 5PU,43,23,20,15
LU5 5PW,177,85,92,59
LU5 5PX,5,3,2,2
LU5 5PZ,138,72,66,50
LU5 5QA,72,40,32,24
LU5 5QB,84,43,41,30
LU5 5QD,33,19,14,11
LU5 5QE,129,56,73,53
LU5 5QF,136,72,64,50
LU5 5QG,194,98,96,57
LU5 5QN,8,4,4,1
LU5 5QP,60,30,30,28
LU5 5QQ,188,92,96,58
LU5 5QR,50,24,26,22
LU5 5QS,26,18,8,15
LU5 5QX,127,61,66,58
LU5 5QY,99,54,45,39
LU5 5QZ,12,9,3,8
LU5 5RA,53,25,28,21
LU5 5RB,92,45,47,33
LU5 5RD,20,10,10,10
LU5 5RE,109,49,60,50
LU5 5RF,50,25,25,23
LU5 5RG,163,84,79,63
LU5 5RH,148,68,80,58
LU5 5RJ,166,78,88,62
LU5 5RL,173,88,85,68
LU5 5RN,194,90,104,58
LU5 5RP,83,37,46,41
LU5 5RQ,62,23,39,46
LU5 5RR,44,22,22,23
LU5 5RS,9,5,4,3
LU5 5RT,151,72,79,57
LU5 5RU,100,51,49,49
LU5 5RW,172,89,83,62
LU5 5RX,20,11,9,6
LU5 5RY,88,47,41,36
LU5 5RZ,41,22,19,29
LU5 5SA,58,33,25,23
LU5 5SB,75,40,35,37
LU5 5SD,105,55,50,52
LU5 5SE,83,45,38,38
LU5 5SF,94,49,45,47
LU5 5SG,119,65,54,50
LU5 5SH,140,80,60,65
LU5 5SJ,80,35,45,42
LU5 5SL,39,19,20,15
LU5 5SN,37,19,18,15
LU5 5SP,78,43,35,27
LU5 5SQ,26,15,11,9
LU5 5SR,86,42,44,35
LU5 5SS,54,29,25,30
LU5 5ST,91,40,51,43
LU5 5SU,63,29,34,29
LU5 5SW,21,9,12,9
LU5 5SX,61,31,30,28
LU5 5SY,41,18,23,19
LU5 5SZ,10,5,5,8
LU5 5TB,115,43,72,42
LU5 5TE,90,46,44,43
LU5 5TF,108,50,58,48
LU5 5TH,47,19,28,24
LU5 5TJ,118,47,71,43
LU5 5TN,61,25,36,22
LU5 5TP,16,8,8,12
LU5 5TR,98,43,55,40
LU5 5TS,67,35,32,33
LU5 5TT,41,18,23,0
LU5 5TU,7,3,4,3
LU5 5TZ,55,26,29,30
LU5 5UB,36,12,24,11
LU5 5UD,11,5,6,6
LU5 5UE,187,95,92,66
LU5 5UF,96,44,52,51
LU5 5UG,113,59,54,62
LU5 5UH,19,5,14,8
LU5 5UN,180,94,86,64
LU5 5UP,54,25,29,21
LU5 5UQ,142,69,73,54
LU5 5US,151,79,72,67
LU5 5UT,141,66,75,50
LU5 5XB,4,2,2,2
LU5 6AA,19,5,14,13
LU5 6AB,100,50,50,41
LU5 6AE,15,8,7,6
LU5 6AF,41,19,22,10
LU5 6AG,27,15,12,10
LU5 6AH,130,73,57,53
LU5 6AJ,82,43,39,34
LU5 6AL,87,44,43,36
LU5 6AN,46,23,23,26
LU5 6AQ,36,21,15,14
LU5 6AR,34,18,16,12
LU5 6AS,6,2,4,2
LU5 6AT,76,36,40,26
LU5 6AW,47,23,24,20
LU5 6AX,48,28,20,22
LU5 6AY,45,22,23,25
LU5 6AZ,46,22,24,26
LU5 6BA,10,3,7,3
LU5 6BB,75,34,41,30
LU5 6BD,88,46,42,35
LU5 6BE,31,19,12,12
LU5 6BG,53,23,30,20
LU5 6BH,67,29,38,22
LU5 6BJ,54,26,28,17
LU5 6BL,24,9,15,8
LU5 6BN,94,51,43,50
LU5 6BP,24,13,11,10
LU5 6BQ,37,15,22,14
LU5 6BS,33,18,15,12
LU5 6BT,68,34,34,29
LU5 6BU,28,14,14,15
LU5 6BX,52,24,28,26
LU5 6BY,78,41,37,40
LU5 6BZ,69,33,36,29
LU5 6DA,77,39,38,36
LU5 6DB,116,60,56,47
LU5 6DD,5,3,2,2
LU5 6DE,74,33,41,32
LU5 6DF,46,23,23,21
LU5 6DG,89,46,43,36
LU5 6DH,23,10,13,8
LU5 6DJ,43,23,20,17
LU5 6DL,5,2,3,2
LU5 6DN,43,18,25,14
LU5 6DP,43,21,22,13
LU5 6DQ,16,8,8,5
LU5 6DR,109,50,59,50
LU5 6DS,59,28,31,19
LU5 6DT,18,12,6,7
LU5 6DU,21,10,11,6
LU5 6DX,9,4,5,3
LU5 6DY,23,10,13,19
LU5 6DZ,48,29,19,22
LU5 6EA,10,3,7,7
LU5 6EB,16,7,9,6
LU5 6ED,133,67,66,55
LU5 6EE,46,23,23,16
LU5 6EF,169,88,81,57
LU5 6EG,111,57,54,36
LU5 6EH,74,36,38,24
LU5 6EJ,7,4,3,3
LU5 6EL,75,36,39,35
LU5 6EN,77,41,36,28
LU5 6EP,32,14,18,12
LU5 6EQ,169,77,92,55
LU5 6ER,47,26,21,18
LU5 6ET,6,3,3,6
LU5 6EU,10,5,5,5
LU5 6EW,5,1,4,4
LU5 6EX,88,42,46,36
LU5 6EY,45,20,25,25
LU5 6EZ,8,4,4,3
LU5 6FB,59,29,30,21
LU5 6FD,82,37,45,40
LU5 6FE,128,59,69,53
LU5 6FL,8,4,4,5
LU5 6FP,2,1,1,1
LU5 6HA,37,19,18,15
LU5 6HB,26,13,13,12
LU5 6HD,40,19,21,19
LU5 6HE,12,7,5,4
LU5 6HF,17,11,6,3
LU5 6HG,20,12,8,8
LU5 6HH,22,14,8,7
LU5 6HJ,16,8,8,7
LU5 6HL,2,1,1,1
LU5 6HN,25,13,12,11
LU5 6HP,5,3,2,3
LU5 6HQ,22,11,11,9
LU5 6HS,10,5,5,4
LU5 6HT,35,17,18,14
LU5 6HU,7,5,2,3
LU5 6HZ,17,6,11,6
LU5 6JA,24,14,10,8
LU5 6JB,36,15,21,13
LU5 6JD,30,16,14,16
LU5 6JE,114,51,63,44
LU5 6JF,35,15,20,12
LU5 6JH,10,6,4,6
LU5 6JJ,11,7,4,4
LU5 6JL,6,3,3,2
LU5 6JN,5,2,3,3
LU5 6JP,39,21,18,16
LU5 6JQ,1,0,1,1
LU5 6JR,12,5,7,6
LU5 6JS,17,8,9,7
LU5 6JT,14,8,6,4
LU5 6JU,35,21,14,14
LU5 6JX,37,16,21,15
LU5 6JY,53,26,27,22
LU5 6JZ,148,65,83,65
LU5 6LA,10,5,5,3
LU5 6LB,3,1,2,1
LU5 6LD,31,16,15,12
LU5 6LE,53,28,25,22
LU5 6LF,14,8,6,3
LU5 6LG,133,75,58,53
LU5 6LJ,16,9,7,5
LU5 6LL,5,2,3,3
LU5 6LN,1,0,1,1
LU5 6LP,40,19,21,17
LU5 6LQ,9,6,3,3
LU5 6LR,76,38,38,30
LU5 6LS,98,53,45,34
LU5 6LT,37,19,18,13
LU5 6LU,22,13,9,10
LU5 6LW,9,4,5,5
LU5 6LX,151,74,77,51
LU5 6LY,100,44,56,36
LU5 6LZ,73,38,35,27
LU5 6NA,7,4,3,5
LU5 6NB,20,8,12,9
LU5 6ND,16,8,8,8
LU5 6NE,50,22,28,19
LU5 6NF,42,21,21,16
LU5 6NG,55,26,29,24
LU5 6NH,147,73,74,56
LU5 6NJ,106,49,57,40
LU5 6NL,69,32,37,29
LU5 6NN,31,18,13,15
LU5 6NP,34,19,15,12
LU5 6NQ,78,38,40,32
LU5 6NR,26,13,13,10
LU5 6NS,33,18,15,21
LU5 6NT,76,39,37,36
LU5 6NU,10,4,6,4
LU5 6NW,30,12,18,18
LU5 6NX,34,18,16,20
LU5 6NY,12,7,5,5
LU5 6NZ,34,17,17,10
LU5 6PA,51,26,25,19
LU5 6PB,62,33,29,32
LU5 6PD,99,46,53,36
LU5 6PE,95,48,47,34
LU5 6PF,38,22,16,13
LU5 6PG,12,6,6,4
LU5 6PH,6,3,3,3
LU5 6PL,20,3,17,17
LU5 6PP,46,28,18,15
LU5 6PQ,34,18,16,15
LU5 6QB,20,11,9,5
LU5 6QE,46,25,21,19
LU5 6QF,87,45,42,30
LU5 6QP,13,7,6,4
LU6 1AD,61,31,30,32
LU6 1AE,65,33,32,22
LU6 1AF,33,18,15,14
LU6 1AG,16,10,6,11
LU6 1AH,109,47,62,36
LU6 1AJ,202,97,105,67
LU6 1AL,90,47,43,39
LU6 1AN,35,17,18,18
LU6 1AP,8,3,5,2
LU6 1AQ,120,60,60,40
LU6 1AR,67,34,33,24
LU6 1AS,126,60,66,54
LU6 1AT,21,11,10,13
LU6 1AU,17,7,10,7
LU6 1AW,110,50,60,49
LU6 1AX,19,6,13,11
LU6 1BE,98,46,52,34
LU6 1BG,100,53,47,44
LU6 1BH,69,36,33,28
LU6 1BN,131,70,61,50
LU6 1BP,29,11,18,11
LU6 1BQ,89,44,45,30
LU6 1BS,50,24,26,22
LU6 1BT,170,92,78,65
LU6 1BU,90,41,49,32
LU6 1BW,134,75,59,51
LU6 1BX,86,41,45,30
LU6 1BZ,22,13,9,9
LU6 1DB,25,13,12,11
LU6 1DD,18,10,8,8
LU6 1DE,37,20,17,15
LU6 1DF,31,15,16,16
LU6 1DH,99,54,45,41
LU6 1DJ,60,33,27,30
LU6 1DL,14,6,8,9
LU6 1DN,116,53,63,42
LU6 1DP,51,29,22,17
LU6 1DR,47,20,27,18
LU6 1DS,70,36,34,20
LU6 1DT,30,8,22,10
LU6 1DU,56,24,32,24
LU6 1DX,18,5,13,8
LU6 1DY,114,52,62,51
LU6 1DZ,98,43,55,34
LU6 1EA,68,37,31,30
LU6 1EB,120,62,58,38
LU6 1ED,71,31,40,23
LU6 1EE,129,65,64,48
LU6 1EF,114,53,61,37
LU6 1EG,76,33,43,41
LU6 1EH,60,31,29,26
LU6 1EJ,9,5,4,5
LU6 1EL,128,66,62,61
LU6 1EN,110,55,55,52
LU6 1EP,68,40,28,39
LU6 1EQ,19,10,9,8
LU6 1ER,88,43,45,39
LU6 1ES,72,39,33,34
LU6 1ET,91,46,45,34
LU6 1EU,109,58,51,53
LU6 1EW,105,55,50,47
LU6 1EY,137,71,66,69
LU6 1FA,33,17,16,20
LU6 1FB,16,3,13,5
LU6 1FD,53,26,27,15
LU6 1FE,41,18,23,19
LU6 1FG,54,23,31,19
LU6 1GL,10,5,5,6
LU6 1HA,95,44,51,41
LU6 1HB,103,59,44,45
LU6 1HD,50,24,26,19
LU6 1HE,78,44,34,43
LU6 1HF,95,44,51,49
LU6 1HG,16,8,8,9
LU6 1HH,14,7,7,10
LU6 1HJ,6,4,2,4
LU6 1HL,51,17,34,22
LU6 1HN,45,22,23,19
LU6 1HP,21,8,13,7
LU6 1HR,13,5,8,13
LU6 1HS,8,5,3,4
LU6 1HW,68,30,38,28
LU6 1HX,13,7,6,6
LU6 1JA,11,7,4,5
LU6 1JE,4,3,1,4
LU6 1JF,8,6,2,6
LU6 1JJ,8,5,3,3
LU6 1JL,23,13,10,12
LU6 1JN,12,6,6,7
LU6 1JP,11,8,3,8
LU6 1JS,61,29,32,31
LU6 1JW,14,9,5,6
LU6 1JX,27,11,16,23
LU6 1LA,15,9,6,5
LU6 1LB,3,2,1,2
LU6 1LD,33,15,18,23
LU6 1LH,7,4,3,5
LU6 1LN,73,42,31,27
LU6 1LP,45,24,21,15
LU6 1LS,87,48,39,48
LU6 1LT,48,23,25,19
LU6 1LU,100,49,51,34
LU6 1LX,91,46,45,37
LU6 1LY,128,60,68,50
LU6 1LZ,141,69,72,59
LU6 1ND,15,6,9,8
LU6 1NJ,31,14,17,19
LU6 1NL,74,34,40,31
LU6 1NN,80,36,44,37
LU6 1NP,51,12,39,9
LU6 1NQ,21,13,8,15
LU6 1NT,119,60,59,58
LU6 1NX,129,65,64,44
LU6 1NY,3,3,0,1
LU6 1NZ,16,6,10,10
LU6 1PA,70,38,32,34
LU6 1PD,34,20,14,11
LU6 1PG,19,9,10,11
LU6 1PH,110,49,61,42
LU6 1PJ,73,36,37,28
LU6 1PL,75,38,37,26
LU6 1PN,78,46,32,35
LU6 1PP,67,25,42,24
LU6 1PR,37,18,19,23
LU6 1PS,16,11,5,9
LU6 1PW,70,36,34,34
LU6 1PZ,19,7,12,10
LU6 1QA,107,55,52,46
LU6 1QD,87,44,43,47
LU6 1QF,121,59,62,50
LU6 1QG,135,59,76,49
LU6 1QH,46,28,18,35
LU6 1QJ,47,19,28,20
LU6 1QL,44,20,24,21
LU6 1QP,49,23,26,21
LU6 1QQ,50,20,30,22
LU6 1QR,30,13,17,15
LU6 1QS,67,29,38,34
LU6 1QT,65,33,32,28
LU6 1QU,8,4,4,4
LU6 1QX,10,5,5,5
LU6 1QY,10,6,4,4
LU6 1QZ,18,8,10,4
LU6 1RB,103,51,52,43
LU6 1RE,60,31,29,31
LU6 1RF,62,25,37,31
LU6 1RG,49,25,24,23
LU6 1RH,6,3,3,3
LU6 1RJ,5,2,3,4
LU6 1RL,6,4,2,3
LU6 1RP,36,20,16,15
LU6 1RQ,108,59,49,40
LU6 1RS,12,7,5,6
LU6 1RT,22,11,11,9
LU6 1RU,2,1,1,1
LU6 1SA,16,9,7,11
LU6 1SB,35,7,28,31
LU6 1SD,25,11,14,10
LU6 1SE,9,4,5,7
LU6 1SG,54,22,32,19
LU6 1SH,12,7,5,7
LU6 1SL,3,2,1,2
LU6 1SQ,28,15,13,14
LU6 1ST,7,3,4,4
LU6 1SW,9,3,6,7
LU6 1SX,2,2,0,1
LU6 1TA,17,12,5,8
LU6 1TD,1,1,0,1
LU6 1TG,19,12,7,7
LU6 1TH,71,28,43,35
LU6 1TJ,100,50,50,44
LU6 1TL,46,20,26,18
LU6 1TN,60,28,32,25
LU6 1TP,88,48,40,34
LU6 1TR,96,46,50,53
LU6 1TS,159,79,80,66
LU6 1TT,60,30,30,23
LU6 1TU,71,36,35,29
LU6 1TW,112,54,58,43
LU6 1TX,10,6,4,4
LU6 1TY,36,15,21,13
LU6 1TZ,18,10,8,6
LU6 1UA,16,9,7,5
LU6 1UB,26,12,14,9
LU6 1UD,33,17,16,13
LU6 1UE,16,9,7,6
LU6 1UF,32,15,17,15
LU6 1UG,98,54,44,39
LU6 1UH,70,36,34,23
LU6 1UJ,83,44,39,39
LU6 1UP,56,29,27,37
LU6 1UQ,93,50,43,36
LU6 1UR,186,91,95,66
LU6 1UU,35,16,19,0
LU6 1UW,41,21,20,19
LU6 1XG,30,9,21,13
LU6 1XQ,9,6,3,5
LU6 2AA,67,27,40,29
LU6 2AD,112,55,57,46
LU6 2AE,169,78,91,65
LU6 2AF,52,26,26,21
LU6 2AG,50,25,25,18
LU6 2AH,117,49,68,53
LU6 2AJ,44,25,19,12
LU6 2AL,44,23,21,15
LU6 2AN,26,12,14,10
LU6 2AP,69,32,37,29
LU6 2AQ,39,19,20,16
LU6 2AR,17,11,6,5
LU6 2AS,17,8,9,8
LU6 2AU,19,10,9,10
LU6 2AW,76,39,37,25
LU6 2AX,112,60,52,51
LU6 2AY,31,17,14,15
LU6 2AZ,19,7,12,11
LU6 2BA,18,11,7,5
LU6 2BB,41,22,19,18
LU6 2BD,77,40,37,28
LU6 2BE,7,4,3,3
LU6 2BF,181,92,89,59
LU6 2BG,70,32,38,28
LU6 2BH,15,6,9,6
LU6 2BJ,5,3,2,2
LU6 2BL,28,13,15,9
LU6 2BN,2,1,1,1
LU6 2BQ,102,46,56,34
LU6 2BS,8,3,5,4
LU6 2BT,59,33,26,24
LU6 2BW,26,10,16,14
LU6 2BX,11,7,4,5
LU6 2BY,24,15,9,10
LU6 2BZ,8,3,5,3
LU6 2DA,11,4,7,5
LU6 2DB,48,22,26,34
LU6 2DD,106,53,53,48
LU6 2DE,42,18,24,25
LU6 2DF,116,56,60,43
LU6 2DG,5,1,4,3
LU6 2DH,41,19,22,16
LU6 2DJ,88,45,43,44
LU6 2DL,11,8,3,5
LU6 2DN,66,34,32,29
LU6 2DP,128,59,69,53
LU6 2DQ,97,48,49,38
LU6 2DR,20,6,14,13
LU6 2DS,95,45,50,44
LU6 2DT,106,48,58,37
LU6 2DU,18,9,9,8
LU6 2DW,43,21,22,16
LU6 2DX,47,22,25,26
LU6 2DY,21,10,11,7
LU6 2DZ,24,12,12,8
LU6 2EA,64,31,33,30
LU6 2EB,73,34,39,29
LU6 2ED,58,25,33,24
LU6 2EE,8,5,3,3
LU6 2EF,18,7,11,8
LU6 2EG,2,1,1,1
LU6 2EH,13,6,7,8
LU6 2EJ,24,14,10,7
LU6 2EL,19,9,10,8
LU6 2EN,3,3,0,2
LU6 2EP,66,36,30,23
LU6 2EQ,52,32,20,19
LU6 2ER,32,12,20,10
LU6 2ES,23,13,10,11
LU6 2ET,10,5,5,6
LU6 2EU,52,23,29,20
LU6 2EW,2,1,1,1
LU6 2EX,51,24,27,20
LU6 2EY,10,5,5,4
LU6 2EZ,66,33,33,24
LU6 2FA,17,8,9,8
LU6 2FB,17,7,10,10
LU6 2FD,10,4,6,8
LU6 2FE,31,16,15,22
LU6 2FG,2,1,1,1
LU6 2FH,94,51,43,35
LU6 2GA,10,5,5,6
LU6 2HA,95,49,46,39
LU6 2HB,60,35,25,20
LU6 2HD,28,14,14,8
LU6 2HE,6,3,3,2
LU6 2HF,33,18,15,11
LU6 2HG,11,5,6,5
LU6 2HJ,23,10,13,11
LU6 2HL,124,62,62,54
LU6 2HN,137,74,63,57
LU6 2HP,43,21,22,20
LU6 2HQ,24,17,7,17
LU6 2HR,122,60,62,56
LU6 2HS,64,30,34,29
LU6 2HT,23,11,12,7
LU6 2HU,28,10,18,10
LU6 2HW,8,4,4,4
LU6 2HX,12,7,5,5
LU6 2HY,86,47,39,33
LU6 2HZ,110,53,57,51
LU6 2JB,1,0,1,1
LU6 2JD,38,14,24,15
LU6 2JE,51,27,24,20
LU6 2JF,89,44,45,31
LU6 2JG,30,15,15,13
LU6 2JH,11,5,6,4
LU6 2JJ,5,2,3,3
LU6 2JL,8,3,5,4
LU6 2JN,28,14,14,11
LU6 2JQ,61,34,27,36
LU6 2JR,5,2,3,3
LU6 2JS,12,5,7,5
LU6 2JT,45,23,22,10
LU6 2JU,27,15,12,12
LU6 2JX,18,8,10,6
LU6 2JY,22,10,12,9
LU6 2LA,2,1,1,1
LU6 2LD,11,6,5,5
LU6 2LE,16,7,9,8
LU6 2LG,43,23,20,19
LU6 2LH,8,4,4,4
LU6 2LJ,25,13,12,8
LU6 2LL,25,13,12,11
LU6 2LN,12,6,6,4
LU6 2LP,70,37,33,47
LU6 2LQ,14,7,7,6
LU6 2LW,73,38,35,46
LU6 2LZ,14,6,8,10
LU6 2NB,3,2,1,2
LU6 2ND,47,23,24,16
LU6 2NE,63,34,29,26
LU6 2NF,62,31,31,24
LU6 2NG,24,13,11,9
LU6 2NH,5,2,3,2
LU6 2NJ,5,2,3,2
LU6 2NL,3,1,2,2
LU6 2NN,18,8,10,9
LU6 2NQ,58,29,29,21
LU6 2NS,11,6,5,4
LU6 2NT,115,56,59,47
LU6 2NU,4,2,2,3
LU6 2NW,3,1,2,1
LU6 2NZ,8,4,4,4
LU6 2PA,125,63,62,54
LU6 2PB,22,11,11,10
LU6 2PD,99,54,45,39
LU6 2PE,94,48,46,38
LU6 2PF,132,70,62,53
LU6 2PG,2,1,1,1
LU6 2PH,78,40,38,34
LU6 2PJ,117,64,53,50
LU6 2PL,3,1,2,2
LU6 2PN,70,35,35,35
LU6 2PP,20,10,10,7
LU6 2PQ,34,16,18,15
LU6 2PS,26,10,16,20
LU6 2PT,73,36,37,26
LU6 2PU,18,7,11,12
LU6 2PW,73,34,39,33
LU6 2PX,113,59,54,43
LU6 2PY,53,22,31,31
LU6 2PZ,3,1,2,1
LU6 2QA,96,45,51,35
LU6 2QB,49,25,24,25
LU6 2QD,34,19,15,15
LU6 2QE,52,25,27,21
LU6 2QF,28,16,12,11
LU6 2QG,46,21,25,24
LU6 2QH,10,5,5,6
LU6 2QJ,99,41,58,30
LU6 2QL,26,14,12,10
LU6 2QN,17,8,9,9
LU6 2QQ,6,2,4,2
LU6 2QS,12,6,6,4
LU6 2QW,15,9,6,8
LU6 2RB,57,29,28,21
LU6 2RD,55,26,29,19
LU6 2RE,16,9,7,7
LU6 2RF,51,27,24,23
LU6 2RG,36,13,23,26
LU6 2RH,14,8,6,4
LU6 2RJ,21,9,12,9
LU6 2RL,9,4,5,4
LU6 2RN,9,3,6,6
LU6 2RP,84,39,45,35
LU6 2RQ,25,13,12,8
LU6 2RR,59,25,34,22
LU6 2RS,14,9,5,4
LU6 2RU,6,1,5,6
LU6 2RW,23,12,11,9
LU6 2SP,26,14,12,8
LU6 2SR,25,13,12,10
LU6 2ST,16,7,9,4
LU6 2SU,6,3,3,3
LU6 2UT,88,46,42,32
LU6 3AB,12,6,6,7
LU6 3AD,68,35,33,37
LU6 3AE,9,7,2,9
LU6 3AG,113,59,54,42
LU6 3AH,24,11,13,10
LU6 3AJ,71,35,36,26
LU6 3AL,106,49,57,35
LU6 3AN,74,38,36,25
LU6 3AP,38,20,18,18
LU6 3AQ,9,3,6,8
LU6 3AR,68,33,35,26
LU6 3AS,110,52,58,43
LU6 3AU,8,4,4,6
LU6 3AW,61,30,31,22
LU6 3AX,115,54,61,43
LU6 3AZ,141,55,86,67
LU6 3BA,125,60,65,57
LU6 3BB,103,52,51,44
LU6 3BD,20,13,7,16
LU6 3BE,6,0,6,6
LU6 3BF,57,29,28,17
LU6 3BH,64,30,34,22
LU6 3BJ,90,42,48,30
LU6 3BL,62,31,31,22
LU6 3BN,89,39,50,61
LU6 3BP,62,30,32,26
LU6 3BS,15,9,6,8
LU6 3BT,57,26,31,28
LU6 3BW,51,22,29,23
LU6 3BX,72,33,39,32
LU6 3BY,100,49,51,33
LU6 3BZ,17,6,11,6
LU6 3DA,55,27,28,16
LU6 3DB,147,75,72,57
LU6 3DD,45,20,25,16
LU6 3DE,21,7,14,18
LU6 3DF,44,19,25,22
LU6 3DH,4,3,1,3
LU6 3DS,56,21,35,43
LU6 3DX,119,69,50,45
LU6 3EA,10,6,4,4
LU6 3ED,22,10,12,8
LU6 3EE,69,34,35,26
LU6 3EF,35,17,18,16
LU6 3EG,89,42,47,33
LU6 3EH,159,64,95,68
LU6 3EJ,33,12,21,16
LU6 3EL,51,25,26,25
LU6 3EN,52,27,25,20
LU6 3EQ,150,63,87,59
LU6 3ER,126,63,63,48
LU6 3ES,57,23,34,21
LU6 3EU,90,48,42,33
LU6 3EX,74,40,34,26
LU6 3EZ,3,2,1,1
LU6 3FD,207,98,109,84
LU6 3FE,115,48,67,55
LU6 3FF,1,0,1,1
LU6 3FG,52,23,29,17
LU6 3FH,47,22,25,22
LU6 3FN,43,20,23,22
LU6 3GA,19,10,9,12
LU6 3HA,11,6,5,4
LU6 3HJ,7,4,3,2
LU6 3HP,85,63,22,51
LU6 3HR,12,6,6,7
LU6 3HS,13,6,7,4
LU6 3HW,84,58,26,53
LU6 3HY,61,40,21,27
LU6 3HZ,64,32,32,28
LU6 3JA,56,27,29,26
LU6 3JB,84,42,42,31
LU6 3JD,187,84,103,62
LU6 3JE,198,98,100,67
LU6 3JF,184,96,88,68
LU6 3JG,65,29,36,26
LU6 3JH,140,76,64,50
LU6 3JJ,89,49,40,34
LU6 3JL,113,62,51,44
LU6 3JP,6,4,2,2
LU6 3JQ,120,50,70,46
LU6 3JR,35,16,19,28
LU6 3JS,53,28,25,17
LU6 3JT,129,55,74,52
LU6 3JU,142,69,73,52
LU6 3JW,59,27,32,22
LU6 3JX,140,60,80,53
LU6 3JZ,165,83,82,67
LU6 3LA,61,27,34,30
LU6 3LB,19,12,7,13
LU6 3LD,38,20,18,14
LU6 3LE,77,41,36,44
LU6 3LF,71,42,29,40
LU6 3LG,12,3,9,3
LU6 3LH,16,9,7,5
LU6 3LJ,37,17,20,17
LU6 3LL,70,38,32,27
LU6 3LN,58,28,30,18
LU6 3LP,48,25,23,17
LU6 3LQ,59,30,29,22
LU6 3LR,57,27,30,20
LU6 3LS,90,44,46,43
LU6 3LT,42,20,22,15
LU6 3LU,171,79,92,58
LU6 3LW,18,7,11,9
LU6 3LX,63,33,30,20
LU6 3LY,19,10,9,7
LU6 3LZ,45,25,20,16
LU6 3NB,120,58,62,39
LU6 3ND,14,6,8,5
LU6 3NE,119,70,49,41
LU6 3NF,96,51,45,31
LU6 3NG,39,22,17,13
LU6 3NH,72,36,36,30
LU6 3NL,41,25,16,26
LU6 3NN,77,39,38,31
LU6 3NP,112,54,58,49
LU6 3NQ,46,21,25,16
LU6 3NR,61,29,32,28
LU6 3NS,123,57,66,49
LU6 3NT,18,9,9,9
LU6 3NU,33,18,15,16
LU6 3NW,78,36,42,29
LU6 3NX,52,21,31,20
LU6 3NY,17,7,10,8
LU6 3NZ,21,8,13,12
LU6 3PA,81,44,37,29
LU6 3PB,128,69,59,57
LU6 3PD,50,24,26,22
LU6 3PE,63,30,33,24
LU6 3PF,32,17,15,15
LU6 3PG,49,26,23,18
LU6 3PH,62,29,33,24
LU6 3PJ,96,55,41,57
LU6 3PN,118,66,52,43
LU6 3PP,63,31,32,25
LU6 3PQ,56,30,26,25
LU6 3PR,59,29,30,27
LU6 3PS,29,16,13,11
LU6 3PT,130,63,67,48
LU6 3PW,133,66,67,43
LU6 3PX,78,40,38,25
LU6 3PY,83,41,42,30
LU6 3PZ,110,53,57,41
LU6 3QB,32,14,18,13
LU6 3QD,91,46,45,42
LU6 3QE,61,33,28,22
LU6 3QF,65,33,32,28
LU6 3QP,4,3,1,3
LU6 3QQ,112,55,57,50
LU6 3QS,4,2,2,2
LU6 3QT,16,8,8,8
LU6 3QU,11,3,8,5
LU6 3QY,12,6,6,8
LU6 3QZ,32,18,14,12
LU6 3RA,25,15,10,8
LU6 3RB,7,4,3,2
LU6 3RD,16,7,9,6
LU6 3RE,4,3,1,3
LU6 3RF,31,15,16,13
LU6 3RG,134,80,54,54
LU6 3RH,52,21,31,23
LU6 3RJ,129,64,65,53
LU6 3RL,129,64,65,54
LU6 3RN,13,7,6,5
LU6 3RP,48,23,25,20
LU6 3RQ,8,5,3,4
LU6 3RR,33,12,21,9
LU6 3RS,112,53,59,39
LU6 3RT,65,30,35,29
LU6 3RU,41,16,25,19
LU6 3RW,112,50,62,51
LU6 3RZ,19,12,7,13
LU6 3SD,19,17,2,0
LU6 3SE,23,10,13,17
LU6 3SF,47,23,24,23
LU6 3SH,17,7,10,8
LU6 3SJ,7,5,2,5
LU6 3SL,23,12,11,12
LU6 3SP,36,14,22,28
LU6 3SQ,45,25,20,19
LU6 3SR,27,12,15,10
LU6 3SZ,22,7,15,20
LU6 3TA,33,15,18,12
LU6 3TB,55,24,31,22
LU6 3TE,19,10,9,7
LU6 3TF,136,61,75,53
LU6 3TT,63,29,34,21
LU6 3TU,48,23,25,16
LU6 3TZ,31,13,18,27
LU6 3UF,31,13,18,10
LU7 0AA,43,24,19,24
LU7 0AB,23,13,10,9
LU7 0AD,4,1,3,2
LU7 0AE,109,57,52,48
LU7 0AF,13,9,4,4
LU7 0AG,31,16,15,13
LU7 0AH,69,36,33,26
LU7 0AJ,51,23,28,20
LU7 0AL,63,35,28,23
LU7 0AN,87,46,41,37
LU7 0AP,56,30,26,24
LU7 0AQ,56,24,32,20
LU7 0AR,55,27,28,21
LU7 0AS,49,25,24,16
LU7 0AT,70,31,39,34
LU7 0AU,53,26,27,22
LU7 0AW,16,8,8,7
LU7 0AX,65,30,35,36
LU7 0AY,8,2,6,6
LU7 0BA,29,16,13,10
LU7 0BB,41,19,22,15
LU7 0BD,7,5,2,2
LU7 0BE,5,3,2,2
LU7 0BG,16,7,9,7
LU7 0BH,50,26,24,19
LU7 0BJ,58,32,26,26
LU7 0BL,70,37,33,32
LU7 0BN,11,8,3,4
LU7 0BP,24,14,10,7
LU7 0BQ,30,16,14,13
LU7 0BT,80,38,42,34
LU7 0BU,24,14,10,8
LU7 0BW,7,2,5,6
LU7 0BX,18,9,9,7
LU7 0BY,3,1,2,2
LU7 0BZ,26,13,13,14
LU7 0DA,9,4,5,5
LU7 0DB,33,18,15,16
LU7 0DD,64,30,34,25
LU7 0DE,40,19,21,14
LU7 0DF,22,11,11,8
LU7 0DH,17,9,8,8
LU7 0DJ,3,2,1,2
LU7 0DL,17,9,8,5
LU7 0DN,54,25,29,19
LU7 0DP,2,1,1,1
LU7 0DQ,24,12,12,12
LU7 0DR,19,8,11,7
LU7 0DS,12,6,6,7
LU7 0DT,19,9,10,8
LU7 0DU,33,18,15,14
LU7 0DX,18,7,11,6
LU7 0DZ,16,9,7,6
LU7 0EA,1,0,1,1
LU7 0EB,12,8,4,4
LU7 0ED,2,1,1,1
LU7 0EE,27,15,12,8
LU7 0EF,1,1,0,1
LU7 0EG,9,4,5,6
LU7 0EH,15,8,7,5
LU7 0EJ,10,5,5,7
LU7 0EL,26,16,10,7
LU7 0EN,51,25,26,22
LU7 0EP,90,45,45,37
LU7 0EQ,17,8,9,6
LU7 0ER,29,16,13,11
LU7 0ES,10,7,3,3
LU7 0ET,51,28,23,20
LU7 0EU,26,15,11,9
LU7 0EW,83,44,39,31
LU7 0EX,158,76,82,60
LU7 0EY,39,19,20,25
LU7 0EZ,98,51,47,37
LU7 0FD,28,16,12,9
LU7 0FE,5,2,3,2
LU7 0FF,5,2,3,1
LU7 0FL,26,11,15,17
LU7 0FN,13,6,7,6
LU7 0FP,23,11,12,12
LU7 0GE,6,3,3,3
LU7 0GF,14,7,7,6
LU7 0GJ,8,5,3,3
LU7 0GY,23,12,11,14
LU7 0GZ,50,23,27,18
LU7 0HA,23,14,9,12
LU7 0HB,18,9,9,11
LU7 0HD,23,12,11,9
LU7 0HE,19,8,11,10
LU7 0HF,25,15,10,8
LU7 0HG,21,11,10,7
LU7 0HH,31,13,18,10
LU7 0HJ,18,8,10,6
LU7 0HL,16,9,7,8
LU7 0HN,13,6,7,7
LU7 0HP,39,18,21,19
LU7 0HQ,7,2,5,4
LU7 0HR,110,51,59,37
LU7 0HS,44,20,24,17
LU7 0HT,144,68,76,53
LU7 0HU,66,30,36,30
LU7 0HW,19,7,12,6
LU7 0HX,3,1,2,1
LU7 0HY,44,20,24,16
LU7 0HZ,59,30,29,20
LU7 0JA,6,3,3,3
LU7 0JB,35,19,16,16
LU7 0JD,21,10,11,7
LU7 0JE,36,16,20,15
LU7 0JF,42,21,21,14
LU7 0JG,33,19,14,10
LU7 0JH,2,1,1,1
LU7 0JJ,4,2,2,2
LU7 0JL,9,4,5,6
LU7 0JN,6,3,3,1
LU7 0JP,13,7,6,3
LU7 0JR,26,13,13,10
LU7 0JS,52,25,27,25
LU7 0JT,12,7,5,5
LU7 0JU,35,19,16,12
LU7 0JW,24,10,14,8
LU7 0JX,118,58,60,46
LU7 0JY,2,1,1,1
LU7 0JZ,2,2,0,2
LU7 0LB,32,17,15,14
LU7 0LD,14,8,6,6
LU7 0LE,29,14,15,8
LU7 0LF,32,17,15,13
LU7 0LG,16,9,7,6
LU7 0LH,38,17,21,19
LU7 0LJ,48,25,23,21
LU7 0LL,9,4,5,3
LU7 0LN,3,2,1,2
LU7 0LP,23,12,11,8
LU7 0LQ,21,10,11,9
LU7 0LR,14,6,8,5
LU7 0LS,9,4,5,4
LU7 0LT,3,1,2,1
LU7 0LU,26,15,11,9
LU7 0LW,53,25,28,21
LU7 0LX,4,1,3,3
LU7 0LY,14,5,9,5
LU7 0LZ,13,6,7,4
LU7 0NA,10,4,6,4
LU7 0NB,8,3,5,4
LU7 0ND,30,12,18,11
LU7 0NE,49,28,21,20
LU7 0NF,92,45,47,32
LU7 0NG,94,47,47,35
LU7 0NH,73,43,30,38
LU7 0NJ,42,22,20,20
LU7 0NL,73,33,40,32
LU7 0NN,22,9,13,12
LU7 0NP,31,15,16,15
LU7 0NQ,69,34,35,27
LU7 0NR,57,28,29,27
LU7 0NS,65,31,34,29
LU7 0NT,96,48,48,40
LU7 0NU,49,29,20,18
LU7 0NW,77,34,43,30
LU7 0NX,7,3,4,3
LU7 0NY,168,68,100,42
LU7 0NZ,51,24,27,25
LU7 0PA,27,13,14,18
LU7 0PB,25,14,11,12
LU7 0PD,55,26,29,23
LU7 0PE,14,5,9,6
LU7 0PF,14,8,6,5
LU7 0PG,18,9,9,8
LU7 0PH,14,6,8,5
LU7 0PJ,57,30,27,33
LU7 0PL,14,7,7,4
LU7 0PN,1,0,1,1
LU7 0PP,17,7,10,9
LU7 0PQ,26,12,14,11
LU7 0PR,10,6,4,6
LU7 0PS,17,8,9,5
LU7 0PT,5,3,2,1
LU7 0PU,33,17,16,9
LU7 0PW,20,9,11,7
LU7 0PX,40,26,14,16
LU7 0PY,5,1,4,4
LU7 0PZ,5,2,3,3
LU7 0QA,7,3,4,4
LU7 0QB,13,7,6,6
LU7 0QD,26,13,13,9
LU7 0QE,13,6,7,6
LU7 0QF,44,25,19,22
LU7 0QG,59,30,29,24
LU7 0QJ,35,19,16,11
LU7 0QL,67,38,29,23
LU7 0QN,9,6,3,4
LU7 0QP,11,5,6,6
LU7 0QQ,12,6,6,3
LU7 0QR,43,21,22,15
LU7 0QS,4,2,2,1
LU7 0QT,4,2,2,2
LU7 0QU,23,11,12,13
LU7 0QW,10,7,3,5
LU7 0RA,2,1,1,1
LU7 0RB,26,10,16,8
LU7 0RD,80,41,39,31
LU7 0RE,9,5,4,4
LU7 0RG,72,35,37,28
LU7 0RH,17,7,10,8
LU7 0RJ,38,18,20,14
LU7 0RL,93,40,53,37
LU7 0RN,100,49,51,39
LU7 0RP,8,4,4,4
LU7 0RQ,63,27,36,26
LU7 0RR,10,4,6,6
LU7 0RS,13,8,5,5
LU7 0RT,44,19,25,33
LU7 0RU,87,42,45,39
LU7 0RW,46,20,26,14
LU7 0RX,8,3,5,6
LU7 0RY,107,48,59,42
LU7 0RZ,29,14,15,11
LU7 0SA,19,7,12,8
LU7 0SB,13,6,7,5
LU7 0SD,44,23,21,21
LU7 0SE,10,4,6,5
LU7 0SF,7,3,4,4
LU7 0SG,66,34,32,24
LU7 0SH,4,3,1,1
LU7 0SJ,38,22,16,16
LU7 0SL,35,18,17,14
LU7 0SN,34,13,21,12
LU7 0SP,67,36,31,26
LU7 0SQ,6,4,2,4
LU7 0SR,197,100,97,69
LU7 0SS,92,44,48,41
LU7 0ST,19,9,10,7
LU7 0SU,23,10,13,10
LU7 0SX,143,75,68,60
LU7 0SY,95,52,43,35
LU7 0SZ,6,2,4,3
LU7 0TA,100,51,49,39
LU7 0TB,12,6,6,5
LU7 0TD,37,15,22,13
LU7 0TE,23,11,12,10
LU7 0TF,96,45,51,38
LU7 0TG,10,4,6,5
LU7 0TH,49,22,27,18
LU7 0TJ,79,41,38,32
LU7 0TL,49,24,25,26
LU7 0TN,59,28,31,21
LU7 0TP,9,5,4,4
LU7 0TQ,49,24,25,17
LU7 0TR,7,5,2,2
LU7 0TT,20,11,9,6
LU7 0TW,125,69,56,42
LU7 0TY,27,11,16,14
LU7 0TZ,30,15,15,18
LU7 0UE,17,10,7,8
LU7 0UF,10,5,5,5
LU7 0UG,6,5,1,3
LU7 0UN,19,10,9,5
LU7 0UP,12,6,6,4
LU7 0UR,4,1,3,3
LU7 0US,4,2,2,2
LU7 0UT,13,6,7,4
LU7 0WA,13,7,6,5
LU7 0XE,23,12,11,9
LU7 0XH,23,12,11,6
LU7 0XJ,10,6,4,3
LU7 0XZ,8,3,5,4
LU7 0YA,8,3,5,3
LU7 1AB,21,12,9,9
LU7 1AD,50,23,27,23
LU7 1AE,13,8,5,4
LU7 1AF,41,13,28,14
LU7 1AG,81,44,37,32
LU7 1AH,15,7,8,10
LU7 1AL,13,8,5,5
LU7 1AN,9,3,6,5
LU7 1AP,134,64,70,60
LU7 1AQ,65,22,43,54
LU7 1AR,50,29,21,22
LU7 1AS,80,40,40,31
LU7 1AT,21,15,6,0
LU7 1AU,71,30,41,36
LU7 1AX,31,15,16,12
LU7 1AY,23,8,15,11
LU7 1AZ,14,6,8,10
LU7 1BB,18,9,9,13
LU7 1BD,76,31,45,36
LU7 1BE,79,35,44,36
LU7 1BF,27,3,24,26
LU7 1BG,154,81,73,66
LU7 1BH,24,13,11,8
LU7 1BL,72,33,39,45
LU7 1BN,76,38,38,28
LU7 1BP,49,21,28,23
LU7 1BR,25,10,15,20
LU7 1BS,52,24,28,25
LU7 1BT,69,36,33,36
LU7 1BU,8,3,5,6
LU7 1BW,16,7,9,8
LU7 1BX,52,26,26,24
LU7 1BY,58,30,28,25
LU7 1BZ,88,47,41,35
LU7 1DB,43,20,23,13
LU7 1DE,12,5,7,8
LU7 1DF,91,38,53,33
LU7 1DH,1,1,0,1
LU7 1DJ,120,51,69,38
LU7 1DL,67,16,51,61
LU7 1DN,14,11,3,9
LU7 1DS,110,49,61,49
LU7 1DU,17,8,9,11
LU7 1DZ,10,6,4,7
LU7 1EA,5,3,2,3
LU7 1EF,14,7,7,5
LU7 1EH,8,3,5,5
LU7 1EJ,8,6,2,0
LU7 1EL,5,3,2,4
LU7 1EN,16,9,7,7
LU7 1EQ,41,16,25,30
LU7 1ES,4,1,3,3
LU7 1ET,4,2,2,4
LU7 1EU,9,5,4,4
LU7 1EY,15,12,3,13
LU7 1EZ,82,38,44,46
LU7 1FD,14,6,8,9
LU7 1FF,4,1,3,4
LU7 1FL,8,4,4,4
LU7 1FN,13,6,7,8
LU7 1FP,6,3,3,3
LU7 1FQ,211,87,124,78
LU7 1FR,35,17,18,18
LU7 1FS,9,5,4,5
LU7 1FW,78,37,41,52
LU7 1GA,11,6,5,8
LU7 1GD,9,6,3,8
LU7 1HE,1,0,1,1
LU7 1HG,4,3,1,2
LU7 1HH,5,3,2,4
LU7 1HJ,50,33,17,29
LU7 1HN,10,5,5,5
LU7 1HR,8,5,3,7
LU7 1HS,17,7,10,7
LU7 1HT,88,46,42,38
LU7 1HU,85,39,46,46
LU7 1HW,33,17,16,27
LU7 1HX,130,67,63,39
LU7 1HY,71,31,40,28
LU7 1HZ,73,34,39,36
LU7 1JA,16,8,8,9
LU7 1JB,78,40,38,37
LU7 1JD,6,3,3,4
LU7 1JE,56,28,28,37
LU7 1JF,61,10,51,52
LU7 1JH,4,3,1,1
LU7 1JQ,15,7,8,6
LU7 1LD,12,7,5,7
LU7 1LE,108,56,52,67
LU7 1LF,13,7,6,6
LU7 1NE,5,2,3,2
LU7 1NF,8,6,2,6
LU7 1NG,3,1,2,2
LU7 1NP,94,52,42,37
LU7 1NQ,4,1,3,3
LU7 1NR,73,36,37,34
LU7 1NS,117,58,59,44
LU7 1RS,5,3,2,2
LU7 1RT,5,3,2,2
LU7 1RU,17,6,11,10
LU7 1RW,19,10,9,12
LU7 1RX,14,7,7,7
LU7 1SA,5,4,1,4
LU7 1SB,4,2,2,3
LU7 1SD,25,11,14,8
LU7 1SE,125,61,64,60
LU7 1SF,124,63,61,49
LU7 1SG,28,14,14,14
LU7 1SH,16,8,8,6
LU7 1ST,9,7,2,6
LU7 1TQ,6,5,1,5
LU7 1TS,126,69,57,51
LU7 1WB,98,55,43,58
LU7 1YU,10,3,7,8
LU7 1YX,22,9,13,9
LU7 1YY,16,8,8,7
LU7 1ZX,44,23,21,25
LU7 2AD,16,9,7,7
LU7 2AE,8,3,5,2
LU7 2AJ,151,75,76,85
LU7 2AL,19,11,8,10
LU7 2AN,4,1,3,2
LU7 2AP,16,7,9,9
LU7 2AQ,9,4,5,6
LU7 2FF,8,3,5,7
LU7 2FG,17,7,10,13
LU7 2JU,22,10,12,12
LU7 2LA,129,70,59,73
LU7 2LD,91,45,46,42
LU7 2LE,146,71,75,57
LU7 2LL,28,15,13,10
LU7 2LN,38,20,18,25
LU7 2LP,15,6,9,6
LU7 2LQ,11,7,4,5
LU7 2LR,98,53,45,48
LU7 2LS,73,40,33,39
LU7 2LT,88,40,48,33
LU7 2LU,11,8,3,4
LU7 2LW,48,27,21,25
LU7 2LX,90,41,49,36
LU7 2LZ,15,7,8,8
LU7 2NA,29,14,15,13
LU7 2NE,52,14,38,19
LU7 2NF,21,13,8,14
LU7 2NG,48,22,26,20
LU7 2NH,125,62,63,58
LU7 2NJ,26,14,12,13
LU7 2NL,46,20,26,22
LU7 2NN,76,37,39,32
LU7 2NP,11,9,2,10
LU7 2NQ,3,2,1,1
LU7 2NR,42,22,20,19
LU7 2NS,51,27,24,20
LU7 2NT,43,27,16,16
LU7 2NW,18,10,8,12
LU7 2NY,51,26,25,20
LU7 2NZ,120,57,63,48
LU7 2PB,78,40,38,30
LU7 2PD,77,35,42,35
LU7 2PE,102,57,45,36
LU7 2PF,77,36,41,39
LU7 2PH,162,79,83,60
LU7 2PJ,46,23,23,13
LU7 2PL,112,59,53,41
LU7 2PN,77,41,36,25
LU7 2PP,91,52,39,35
LU7 2PQ,30,13,17,14
LU7 2PR,28,13,15,14
LU7 2PS,45,21,24,23
LU7 2PT,106,51,55,37
LU7 2PU,132,69,63,46
LU7 2PW,114,62,52,43
LU7 2PX,4,1,3,2
LU7 2PY,118,54,64,57
LU7 2PZ,58,30,28,18
LU7 2QA,113,60,53,42
LU7 2QB,117,56,61,53
LU7 2QD,134,67,67,57
LU7 2QE,27,13,14,18
LU7 2QF,65,36,29,24
LU7 2QG,20,8,12,10
LU7 2QH,141,74,67,49
LU7 2QJ,82,33,49,56
LU7 2QL,80,44,36,42
LU7 2QN,92,47,45,52
LU7 2QP,23,11,12,13
LU7 2QQ,119,52,67,48
LU7 2QR,32,18,14,17
LU7 2QS,140,68,72,56
LU7 2QT,31,14,17,17
LU7 2QU,59,31,28,23
LU7 2QW,89,40,49,33
LU7 2QX,11,7,4,6
LU7 2QY,161,83,78,65
LU7 2QZ,42,24,18,18
LU7 2RA,80,44,36,27
LU7 2RB,63,39,24,38
LU7 2RD,16,5,11,8
LU7 2RE,73,38,35,49
LU7 2RH,105,60,45,53
LU7 2RJ,60,29,31,32
LU7 2RL,29,13,16,18
LU7 2RN,26,14,12,10
LU7 2RP,7,4,3,6
LU7 2RQ,155,75,80,56
LU7 2RR,6,3,3,2
LU7 2RT,10,5,5,4
LU7 2RU,43,16,27,36
LU7 2RW,172,86,86,60
LU7 2RX,65,30,35,36
LU7 2RY,67,33,34,24
LU7 2RZ,14,10,4,7
LU7 2SA,60,27,33,23
LU7 2SB,20,12,8,9
LU7 2SD,29,15,14,12
LU7 2SE,121,54,67,40
LU7 2SF,56,28,28,20
LU7 2SG,40,20,20,22
LU7 2SH,158,78,80,56
LU7 2SJ,124,65,59,52
LU7 2SL,104,51,53,42
LU7 2SN,7,3,4,7
LU7 2SP,113,62,51,38
LU7 2SQ,29,11,18,15
LU7 2SR,12,8,4,4
LU7 2SS,74,41,33,32
LU7 2ST,51,26,25,24
LU7 2SU,91,48,43,38
LU7 2SW,127,54,73,31
LU7 2SX,127,63,64,55
LU7 2SY,141,74,67,52
LU7 2SZ,13,4,9,9
LU7 2TA,5,4,1,2
LU7 2TB,11,7,4,5
LU7 2TD,54,35,19,23
LU7 2TE,22,11,11,10
LU7 2TF,1,1,0,1
LU7 2TG,26,12,14,11
LU7 2TH,139,69,70,61
LU7 2TJ,113,51,62,47
LU7 2TL,148,70,78,54
LU7 2TN,53,23,30,32
LU7 2TP,5,2,3,4
LU7 2TQ,62,31,31,26
LU7 2TR,98,54,44,42
LU7 2TS,167,85,82,62
LU7 2TT,101,46,55,39
LU7 2TU,97,48,49,37
LU7 2TW,28,13,15,14
LU7 2TX,178,91,87,65
LU7 2TY,164,80,84,58
LU7 2TZ,133,65,68,52
LU7 2UA,70,32,38,26
LU7 2UB,78,39,39,31
LU7 2UD,98,48,50,34
LU7 2UE,29,15,14,10
LU7 2UF,99,53,46,40
LU7 2UG,33,16,17,20
LU7 2UH,76,34,42,30
LU7 2UJ,24,13,11,11
LU7 2UL,15,5,10,8
LU7 2UN,76,41,35,29
LU7 2UP,133,73,60,51
LU7 2UQ,67,32,35,27
LU7 2UR,43,25,18,17
LU7 2UT,42,21,21,19
LU7 2UW,114,57,57,47
LU7 2UY,18,7,11,11
LU7 2UZ,9,4,5,6
LU7 2WE,31,14,17,19
LU7 2XA,41,20,21,16
LU7 2XB,35,20,15,11
LU7 2XD,26,12,14,12
LU7 2XE,33,16,17,12
LU7 2XF,32,14,18,13
LU7 2XG,25,11,14,10
LU7 2XH,189,94,95,69
LU7 2XJ,103,52,51,38
LU7 2XL,29,15,14,10
LU7 2XN,127,64,63,52
LU7 2XP,56,27,29,31
LU7 2XQ,27,15,12,12
LU7 2XS,54,27,27,21
LU7 2XT,111,55,56,44
LU7 2XW,83,37,46,29
LU7 2XX,87,43,44,32
LU7 2XY,77,34,43,31
LU7 2YG,82,42,40,46
LU7 2YJ,34,16,18,12
LU7 2YP,23,10,13,13
LU7 2YQ,43,23,20,16
LU7 2YR,32,17,15,9
LU7 3AA,13,6,7,9
LU7 3AB,122,64,58,52
LU7 3AD,112,56,56,45
LU7 3AE,41,20,21,22
LU7 3AF,107,47,60,41
LU7 3AG,80,42,38,27
LU7 3AH,39,16,23,16
LU7 3AL,15,7,8,6
LU7 3AN,4,2,2,2
LU7 3AP,40,20,20,16
LU7 3AQ,9,6,3,8
LU7 3AR,11,6,5,8
LU7 3AT,43,21,22,18
LU7 3AU,2,0,2,1
LU7 3AX,18,8,10,9
LU7 3AY,18,10,8,9
LU7 3AZ,19,9,10,11
LU7 3BB,77,35,42,30
LU7 3BD,40,19,21,17
LU7 3BE,61,28,33,28
LU7 3BF,56,28,28,22
LU7 3BJ,10,4,6,6
LU7 3BL,83,42,41,34
LU7 3BN,6,2,4,3
LU7 3BP,1,0,1,1
LU7 3BQ,3,2,1,1
LU7 3BR,21,11,10,9
LU7 3BS,77,37,40,46
LU7 3BT,74,38,36,33
LU7 3BU,80,35,45,26
LU7 3BW,22,11,11,7
LU7 3BY,37,18,19,15
LU7 3BZ,44,25,19,15
LU7 3DA,39,14,25,22
LU7 3DB,29,11,18,17
LU7 3DD,41,20,21,19
LU7 3DE,49,29,20,20
LU7 3DF,66,32,34,33
LU7 3DG,10,5,5,5
LU7 3DH,14,9,5,5
LU7 3DJ,113,57,56,45
LU7 3DL,57,27,30,24
LU7 3DN,161,86,75,61
LU7 3DP,60,30,30,24
LU7 3DQ,8,4,4,4
LU7 3DR,8,4,4,4
LU7 3DS,134,63,71,52
LU7 3DT,47,24,23,20
LU7 3DU,8,4,4,4
LU7 3DY,6,4,2,4
LU7 3DZ,2,2,0,1
LU7 3EA,54,24,30,22
LU7 3EB,75,37,38,31
LU7 3ED,45,23,22,18
LU7 3EE,155,77,78,51
LU7 3EF,82,39,43,32
LU7 3EG,187,82,105,63
LU7 3EH,21,15,6,18
LU7 3EJ,81,44,37,33
LU7 3EL,84,44,40,30
LU7 3EN,173,81,92,63
LU7 3EP,111,53,58,46
LU7 3EQ,14,4,10,10
LU7 3ES,120,63,57,43
LU7 3ET,25,13,12,14
LU7 3EU,57,20,37,35
LU7 3EX,84,38,46,37
LU7 3FE,75,41,34,39
LU7 3FF,62,30,32,34
LU7 3FH,94,45,49,36
LU7 3FL,73,35,38,25
LU7 3FN,111,60,51,49
LU7 3FP,15,8,7,12
LU7 3FS,118,60,58,38
LU7 3FW,32,21,11,15
LU7 3FX,7,4,3,4
LU7 3HA,43,20,23,22
LU7 3HB,61,27,34,18
LU7 3HD,45,22,23,16
LU7 3HG,104,54,50,41
LU7 3HH,96,51,45,43
LU7 3HJ,137,69,68,54
LU7 3HL,83,42,41,32
LU7 3HQ,162,67,95,52
LU7 3HR,131,68,63,55
LU7 3HS,99,52,47,34
LU7 3HT,97,52,45,37
LU7 3HU,66,21,45,9
LU7 3HW,44,21,23,16
LU7 3HX,146,74,72,55
LU7 3HY,50,28,22,17
LU7 3HZ,20,9,11,9
LU7 3JB,3,2,1,2
LU7 3JD,92,43,49,38
LU7 3JE,60,13,47,3
LU7 3JG,31,19,12,12
LU7 3JL,40,22,18,15
LU7 3JN,111,54,57,48
LU7 3JQ,15,7,8,6
LU7 3JR,123,61,62,50
LU7 3JS,51,27,24,21
LU7 3JT,173,91,82,62
LU7 3JU,76,38,38,29
LU7 3JW,22,11,11,8
LU7 3JX,121,60,61,47
LU7 3JY,119,60,59,43
LU7 3JZ,93,44,49,42
LU7 3LA,124,69,55,42
LU7 3LB,50,26,24,18
LU7 3LD,130,68,62,48
LU7 3LE,113,55,58,47
LU7 3LF,41,21,20,20
LU7 3LG,79,35,44,46
LU7 3LH,29,16,13,10
LU7 3LJ,23,12,11,12
LU7 3LN,26,8,18,18
LU7 3LP,17,8,9,12
LU7 3LQ,27,14,13,12
LU7 3LR,76,34,42,21
LU7 3LS,85,44,41,27
LU7 3LT,76,37,39,27
LU7 3LU,93,46,47,43
LU7 3LW,9,3,6,7
LU7 3LX,36,15,21,18
LU7 3LY,126,68,58,55
LU7 3LZ,157,81,76,62
LU7 3NA,26,10,16,9
LU7 3NB,22,12,10,10
LU7 3ND,44,24,20,19
LU7 3NE,55,25,30,24
LU7 3NF,120,57,63,51
LU7 3NG,80,40,40,33
LU7 3NH,99,50,49,38
LU7 3NJ,125,64,61,46
LU7 3NL,89,39,50,35
LU7 3NN,23,12,11,11
LU7 3NQ,48,26,22,19
LU7 3NS,14,8,6,5
LU7 3NT,110,52,58,46
LU7 3NU,172,86,86,68
LU7 3NW,27,13,14,13
LU7 3NY,36,17,19,17
LU7 3PA,100,47,53,39
LU7 3PB,43,20,23,16
LU7 3PD,87,39,48,42
LU7 3PE,126,55,71,54
LU7 3PG,69,36,33,23
LU7 3PH,97,44,53,38
LU7 3PJ,85,50,35,30
LU7 3PL,63,34,29,25
LU7 3PN,32,19,13,10
LU7 3PP,54,30,24,18
LU7 3PQ,111,55,56,42
LU7 3PR,54,27,27,24
LU7 3PS,86,44,42,44
LU7 3PT,109,59,50,60
LU7 3PW,26,13,13,10
LU7 3PY,14,7,7,6
LU7 3QX,81,41,40,34
LU7 3TT,21,11,10,9
LU7 3UD,124,66,58,44
LU7 3UE,105,54,51,41
LU7 3UJ,128,54,74,67
LU7 3UL,142,69,73,56
LU7 3UN,108,52,56,41
LU7 3UP,106,52,54,44
LU7 3UR,146,71,75,57
LU7 3UT,106,55,51,44
LU7 3UU,101,52,49,41
LU7 3UW,52,28,24,21
LU7 3UY,44,25,19,24
LU7 3UZ,97,53,44,37
LU7 3WJ,90,44,46,51
LU7 3WL,40,13,27,34
LU7 3XA,133,65,68,50
LU7 3XB,31,14,17,12
LU7 3XD,56,25,31,23
LU7 3XE,76,39,37,34
LU7 3XF,185,90,95,67
LU7 3XG,95,51,44,35
LU7 3XH,36,15,21,14
LU7 3XJ,144,73,71,56
LU7 3XL,104,52,52,28
LU7 3XN,160,79,81,49
LU7 3XP,142,61,81,49
LU7 3XQ,99,50,49,41
LU7 3XR,26,12,14,12
LU7 3XS,129,65,64,46
LU7 3XT,106,58,48,36
LU7 3XW,6,3,3,3
LU7 3XX,19,10,9,6
LU7 3XY,17,7,10,6
LU7 3XZ,52,27,25,20
LU7 3YA,7,4,3,4
LU7 3YB,8,4,4,5
LU7 3YD,45,23,22,13
LU7 3YE,17,9,8,7
LU7 3YF,58,23,35,17
LU7 3YG,86,31,55,41
LU7 3YN,109,56,53,36
LU7 3YQ,79,41,38,30
LU7 3YR,40,20,20,21
LU7 3YS,20,9,11,6
LU7 3YW,64,34,30,22
LU7 4AJ,1,1,0,1
LU7 4AR,44,22,22,15
LU7 4AU,55,27,28,18
LU7 4AW,133,66,67,50
LU7 4AX,49,25,24,16
LU7 4BQ,173,92,81,64
LU7 4BS,117,55,62,47
LU7 4FB,12,6,6,5
LU7 4FE,32,17,15,13
LU7 4FG,5,1,4,3
LU7 4FH,11,5,6,5
LU7 4FN,9,6,3,3
LU7 4FP,11,7,4,4
LU7 4FS,23,12,11,13
LU7 4FW,5,2,3,3
LU7 4GB,14,7,7,5
LU7 4HE,26,12,14,11
LU7 4HF,28,15,13,12
LU7 4HG,39,19,20,13
LU7 4HH,46,25,21,17
LU7 4HJ,24,12,12,8
LU7 4HP,22,12,10,7
LU7 4HQ,95,47,48,35
LU7 4HS,34,18,16,14
LU7 4HT,67,32,35,23
LU7 4HU,56,31,25,21
LU7 4HY,98,49,49,38
LU7 4JG,77,42,35,29
LU7 4JT,36,17,19,25
LU7 4NR,18,7,11,8
LU7 4NS,17,7,10,5
LU7 4NT,60,33,27,23
LU7 4NU,143,64,79,49
LU7 4NX,68,33,35,26
LU7 4NY,62,32,30,28
LU7 4NZ,101,52,49,41
LU7 4PX,57,29,28,24
LU7 4PY,8,5,3,4
LU7 4PZ,27,7,20,13
LU7 4QA,146,75,71,52
LU7 4QD,117,54,63,47
LU7 4QF,18,6,12,6
LU7 4QJ,125,66,59,50
LU7 4QN,80,46,34,29
LU7 4QR,207,87,120,65
LU7 4QS,26,16,10,12
LU7 4QU,49,26,23,17
LU7 4QW,58,27,31,22
LU7 4QX,99,56,43,57
LU7 4QY,66,37,29,28
LU7 4QZ,149,68,81,54
LU7 4RA,71,36,35,28
LU7 4RB,47,16,31,26
LU7 4RD,71,27,44,45
LU7 4RE,73,32,41,26
LU7 4RF,137,70,67,48
LU7 4RG,42,21,21,13
LU7 4RH,16,7,9,4
LU7 4RJ,42,26,16,13
LU7 4RL,36,16,20,15
LU7 4RN,10,4,6,6
LU7 4RP,136,66,70,57
LU7 4RQ,21,13,8,6
LU7 4RS,122,58,64,47
LU7 4RT,105,54,51,37
LU7 4RX,98,49,49,46
LU7 4RY,117,52,65,50
LU7 4RZ,162,83,79,55
LU7 4SB,17,10,7,14
LU7 4SG,97,47,50,38
LU7 4SH,3,1,2,1
LU7 4SJ,21,14,7,12
LU7 4SQ,33,17,16,13
LU7 4SS,219,113,106,89
LU7 4ST,35,19,16,15
LU7 4SU,59,32,27,23
LU7 4SW,5,2,3,3
LU7 4SX,33,15,18,19
LU7 4SY,11,5,6,6
LU7 4TF,7,3,4,2
LU7 4TG,111,64,47,49
LU7 4TH,68,36,32,31
LU7 4TJ,10,5,5,4
LU7 4TN,20,11,9,5
LU7 4TP,101,51,50,39
LU7 4TQ,71,33,38,33
LU7 4TR,44,26,18,19
LU7 4TT,45,29,16,22
LU7 4TW,75,41,34,34
LU7 4TY,43,24,19,15
LU7 4UD,97,43,54,30
LU7 4UE,34,15,19,17
LU7 4UF,110,54,56,37
LU7 4UG,114,56,58,38
LU7 4UJ,61,28,33,24
LU7 4UL,61,30,31,25
LU7 4UN,52,30,22,24
LU7 4UP,52,28,24,27
LU7 4UQ,159,74,85,59
LU7 4UR,73,38,35,25
LU7 4US,15,6,9,8
LU7 4UT,24,14,10,12
LU7 4UU,72,37,35,31
LU7 4UW,45,18,27,15
LU7 4UY,272,131,141,94
LU7 4WB,34,14,20,12
LU7 4WH,105,52,53,43
LU7 4WJ,71,41,30,30
LU7 4WL,102,51,51,39
LU7 4WN,109,53,56,55
LU7 4WY,44,25,19,15
LU7 4YH,10,5,5,5
LU7 4YL,66,31,35,32
LU7 4YU,40,23,17,14
LU7 4YX,30,13,17,12
LU7 9AA,7,4,3,3
LU7 9AB,6,3,3,3
LU7 9AD,21,13,8,7
LU7 9AE,33,16,17,12
LU7 9AF,33,17,16,10
LU7 9AG,99,45,54,36
LU7 9AH,9,6,3,5
LU7 9AJ,4,2,2,4
LU7 9AL,138,63,75,53
LU7 9AN,8,4,4,4
LU7 9AP,6,3,3,2
LU7 9AQ,73,36,37,34
LU7 9AR,15,9,6,4
LU7 9AS,43,22,21,19
LU7 9AT,19,9,10,9
LU7 9AU,70,35,35,25
LU7 9AW,65,33,32,25
LU7 9AX,31,15,16,16
LU7 9AY,155,82,73,64
LU7 9AZ,171,84,87,68
LU7 9BA,30,13,17,13
LU7 9BB,10,5,5,5
LU7 9BD,161,81,80,55
LU7 9BE,44,20,24,32
LU7 9BG,141,73,68,51
LU7 9BH,52,27,25,23
LU7 9BJ,45,24,21,15
LU7 9BL,20,10,10,9
LU7 9BN,6,3,3,1
LU7 9BP,46,24,22,20
LU7 9BQ,27,12,15,10
LU7 9BS,8,4,4,3
LU7 9BT,86,45,41,33
LU7 9BU,8,6,2,2
LU7 9BW,44,20,24,21
LU7 9BX,93,50,43,41
LU7 9BY,14,6,8,10
LU7 9BZ,74,42,32,27
LU7 9DA,14,6,8,9
LU7 9DB,87,47,40,37
LU7 9DD,7,4,3,3
LU7 9DE,7,4,3,2
LU7 9DF,45,22,23,15
LU7 9DG,44,26,18,21
LU7 9DH,17,9,8,7
LU7 9DJ,1,0,1,1
LU7 9DL,14,6,8,7
LU7 9DN,25,11,14,10
LU7 9DP,60,29,31,28
LU7 9DQ,7,3,4,4
LU7 9DR,3,2,1,2
LU7 9DS,37,19,18,15
LU7 9DU,14,6,8,7
LU7 9DW,12,6,6,7
LU7 9DX,44,22,22,14
LU7 9DY,26,14,12,10
LU7 9DZ,29,16,13,12
LU7 9EA,27,12,15,8
LU7 9EB,83,36,47,31
LU7 9ED,110,54,56,45
LU7 9EE,55,26,29,21
LU7 9EF,84,50,34,35
LU7 9EG,3,2,1,2
LU7 9EH,37,15,22,16
LU7 9EJ,7,5,2,4
LU7 9EL,37,18,19,8
LU7 9EN,1,1,0,1
LU7 9EP,65,34,31,23
LU7 9EQ,30,13,17,15
LU7 9ER,6,3,3,4
LU7 9ES,8,4,4,5
LU7 9ET,9,5,4,4
LU7 9EU,14,8,6,5
LU7 9EW,32,16,16,11
LU7 9EX,39,19,20,15
LU7 9EY,139,66,73,56
LU7 9EZ,3,1,2,2
LU7 9FA,51,25,26,16
LU7 9FB,30,13,17,11
LU7 9FD,42,16,26,13
LU7 9FE,77,41,36,22
LU7 9FF,37,24,13,11
LU7 9FG,31,15,16,12
LU7 9FH,53,26,27,17
LU7 9FJ,19,8,11,5
LU7 9FL,14,9,5,5
LU7 9FN,11,6,5,7
LU7 9FP,13,7,6,4
LU7 9FR,15,6,9,6
LU7 9FX,23,12,11,8
LU7 9FY,31,17,14,10
LU7 9GA,36,17,19,11
LU7 9GB,50,25,25,22
LU7 9GD,41,22,19,22
LU7 9GF,73,31,42,29
LU7 9GG,172,80,92,57
LU7 9GH,20,11,9,8
LU7 9HA,48,21,27,21
LU7 9HB,20,12,8,7
LU7 9HD,4,2,2,2
LU7 9HE,10,5,5,6
LU7 9HF,3,2,1,1
LU7 9HG,4,2,2,2
LU7 9HH,21,10,11,8
LU7 9HJ,2,1,1,1
LU7 9HL,9,2,7,5
LU7 9HN,8,4,4,4
LU7 9HP,4,1,3,2
LU7 9HQ,17,9,8,5
LU7 9HR,6,3,3,2
LU7 9HS,8,4,4,3
LU7 9HT,35,19,16,16
LU7 9HU,13,6,7,6
LU7 9HW,9,2,7,4
LU7 9HX,41,20,21,21
LU7 9HY,62,31,31,27
LU7 9HZ,20,10,10,9
LU7 9JA,29,18,11,12
LU7 9JB,40,17,23,14
LU7 9JD,103,51,52,44
LU7 9JE,88,44,44,38
LU7 9JF,123,69,54,49
LU7 9JG,15,8,7,7
LU7 9JH,46,22,24,15
LU7 9JJ,20,10,10,7
LU7 9JL,33,18,15,13
LU7 9JP,21,11,10,8
LU7 9JQ,14,4,10,10
LU7 9JZ,15,6,9,6
LU7 9LA,22,10,12,7
LU7 9LD,10,5,5,4
LU7 9LE,3,2,1,1
LU7 9LF,6,3,3,4
LU7 9LG,2,1,1,1
LU7 9LH,9,6,3,3
LU7 9LJ,9,4,5,4
LU7 9LL,29,14,15,15
LU7 9LN,14,6,8,5
LU7 9LP,14,11,3,5
LU7 9LQ,5,3,2,2
LU7 9LR,7,4,3,3
LU7 9LT,123,61,62,49
LU7 9LU,91,48,43,34
LU7 9LW,104,53,51,42
LU7 9LX,22,10,12,12
LU7 9LY,27,16,11,13
LU7 9NA,2,1,1,1
LU7 9NB,60,27,33,28
LU7 9ND,11,3,8,4
LU7 9NE,6,4,2,1
LU7 9NF,28,14,14,10
LU7 9NG,22,8,14,13
LU7 9NH,24,12,12,7
LU7 9NJ,2,1,1,1
LU7 9NL,18,11,7,5
LU7 9NN,56,30,26,22
LU7 9NP,39,21,18,22
LU7 9NQ,31,17,14,10
LU7 9NR,8,2,6,5
LU7 9NS,67,29,38,35
LU7 9NT,8,4,4,4
LU7 9NU,4,2,2,3
LU7 9NW,1,0,1,1
LU7 9NX,15,8,7,6
LU7 9NY,5,3,2,2
LU7 9NZ,8,4,4,4
LU7 9PA,6,4,2,1
LU7 9PB,20,7,13,7
LU7 9PD,52,25,27,26
LU7 9PE,37,22,15,12
LU7 9PF,39,23,16,16
LU7 9PG,5,1,4,4
LU7 9PH,6,2,4,2
LU7 9PL,6,4,2,4
LU7 9PN,29,9,20,1
LU7 9PP,3,1,2,3
LU7 9PQ,70,27,43,18
LU7 9PR,62,27,35,31
LU7 9PS,7,4,3,3
LU7 9PT,54,28,26,23
LU7 9PU,108,52,56,45
LU7 9PW,36,19,17,21
LU7 9PX,26,12,14,13
LU7 9PY,7,3,4,3
LU7 9PZ,5,2,3,2
LU7 9QA,50,26,24,20
LU7 9QB,71,38,33,31
LU7 9QD,82,44,38,35
LU7 9QE,2,1,1,1
LU7 9QF,21,10,11,14
LU7 9QG,8,3,5,3
LU7 9QH,58,30,28,28
LU7 9QJ,18,7,11,7
LU7 9QL,18,9,9,6
LU7 9QN,17,9,8,8
LU7 9QQ,83,39,44,33
LU7 9QR,33,18,15,10
LU7 9QS,56,31,25,26
LU7 9QU,13,9,4,5
LU7 9QX,157,84,73,52
LU7 9QZ,2,1,1,1
LU7 9RA,25,13,12,10
LU7 9RB,33,17,16,13
LU7 9RD,135,65,70,59
LU7 9RG,17,10,7,5
LU7 9RH,18,8,10,7